num_task_per_taskset=6
num_taskset=500
//ID,Priority,Offset,Period,Execution Time
[1]
T1,0,0,146,2
T2,1,1,149,4
T3,2,1,200,5
T4,3,1,50,2
T5,4,1,66,2
T6,5,1,55,4
[2]
T1,0,1,133,10
T2,1,1,50,2
T3,2,1,182,7
T4,3,1,200,2
T5,4,1,60,2
T6,5,0,133,2
[3]
T1,0,1,86,1
T2,1,0,105,1
T3,2,0,140,2
T4,3,1,200,24
T5,4,0,192,3
T6,5,1,36,2
[4]
T1,0,0,120,5
T2,1,1,120,2
T3,2,1,139,5
T4,3,1,49,4
T5,4,0,154,2
T6,5,1,200,2
[5]
T1,0,1,140,2
T2,1,0,129,2
T3,2,1,64,4
T4,3,1,156,7
T5,4,1,200,7
T6,5,1,30,2
[6]
T1,0,0,60,1
T2,1,0,66,1
T3,2,1,200,18
T4,3,1,45,1
T5,4,1,168,2
T6,5,0,105,2
[7]
T1,0,1,87,4
T2,1,1,99,2
T3,2,0,116,1
T4,3,1,200,2
T5,4,1,180,5
T6,5,1,26,1
[8]
T1,0,1,115,9
T2,1,0,195,2
T3,2,0,105,7
T4,3,0,200,1
T5,4,1,60,1
T6,5,1,40,2
[9]
T1,0,0,85,2
T2,1,1,161,2
T3,2,0,119,3
T4,3,1,89,1
T5,4,1,28,2
T6,5,1,200,15
[10]
T1,0,1,144,1
T2,1,0,108,1
T3,2,1,200,15
T4,3,1,150,1
T5,4,1,114,7
T6,5,0,22,2
[11]
T1,0,1,22,1
T2,1,1,135,6
T3,2,0,96,1
T4,3,0,105,6
T5,4,0,200,2
T6,5,1,198,2
[12]
T1,0,0,28,2
T2,1,1,109,2
T3,2,1,160,6
T4,3,1,200,2
T5,4,1,94,5
T6,5,1,75,4
[13]
T1,0,1,112,3
T2,1,1,35,1
T3,2,0,94,2
T4,3,0,200,1
T5,4,1,108,4
T6,5,0,195,8
[14]
T1,0,1,200,1
T2,1,0,123,4
T3,2,1,155,3
T4,3,0,100,5
T5,4,1,62,2
T6,5,1,40,2
[15]
T1,0,0,66,1
T2,1,0,200,6
T3,2,0,28,1
T4,3,1,189,13
T5,4,0,114,1
T6,5,1,70,1
[16]
T1,0,1,130,2
T2,1,0,200,4
T3,2,0,78,4
T4,3,1,111,3
T5,4,0,26,2
T6,5,0,164,2
[17]
T1,0,1,200,6
T2,1,1,100,6
T3,2,0,153,6
T4,3,1,120,2
T5,4,1,100,5
T6,5,1,22,2
[18]
T1,0,1,130,5
T2,1,0,89,2
T3,2,0,74,1
T4,3,0,200,1
T5,4,0,37,1
T6,5,0,175,13
[19]
T1,0,1,182,9
T2,1,0,145,7
T3,2,0,56,2
T4,3,0,65,4
T5,4,0,38,2
T6,5,1,200,2
[20]
T1,0,0,60,2
T2,1,0,38,2
T3,2,0,162,12
T4,3,0,144,3
T5,4,0,200,2
T6,5,0,69,3
[21]
T1,0,1,32,1
T2,1,1,189,2
T3,2,0,101,1
T4,3,0,81,5
T5,4,0,80,2
T6,5,0,200,9
[22]
T1,0,1,150,1
T2,1,0,96,1
T3,2,1,200,3
T4,3,0,50,3
T5,4,1,91,5
T6,5,0,119,3
[23]
T1,0,0,48,2
T2,1,1,82,2
T3,2,1,128,1
T4,3,1,54,2
T5,4,1,192,26
T6,5,1,200,7
[24]
T1,0,0,87,2
T2,1,1,100,2
T3,2,0,200,9
T4,3,1,26,2
T5,4,0,63,5
T6,5,1,175,5
[25]
T1,0,1,78,2
T2,1,1,22,2
T3,2,1,121,4
T4,3,1,195,2
T5,4,0,104,8
T6,5,0,200,7
[26]
T1,0,1,182,10
T2,1,0,60,2
T3,2,1,200,4
T4,3,1,91,2
T5,4,0,40,2
T6,5,1,111,5
[27]
T1,0,1,200,3
T2,1,1,125,3
T3,2,0,136,2
T4,3,1,162,2
T5,4,1,70,4
T6,5,0,27,2
[28]
T1,0,1,22,2
T2,1,0,121,11
T3,2,0,75,1
T4,3,0,200,9
T5,4,0,105,2
T6,5,0,150,2
[29]
T1,0,1,200,9
T2,1,0,90,9
T3,2,0,169,3
T4,3,0,65,2
T5,4,0,145,1
T6,5,1,50,2
[30]
T1,0,0,51,2
T2,1,1,200,1
T3,2,1,175,15
T4,3,1,60,2
T5,4,1,54,1
T6,5,1,126,3
[31]
T1,0,1,200,5
T2,1,1,38,1
T3,2,0,190,8
T4,3,1,144,1
T5,4,1,90,1
T6,5,0,102,4
[32]
T1,0,0,120,1
T2,1,1,102,1
T3,2,0,50,1
T4,3,1,200,17
T5,4,1,66,2
T6,5,1,174,6
[33]
T1,0,0,20,2
T2,1,0,146,11
T3,2,0,84,2
T4,3,0,200,3
T5,4,1,74,3
T6,5,1,185,6
[34]
T1,0,1,30,2
T2,1,1,200,6
T3,2,1,165,13
T4,3,1,132,2
T5,4,1,107,2
T6,5,0,121,2
[35]
T1,0,1,175,1
T2,1,1,20,1
T3,2,0,90,2
T4,3,1,54,1
T5,4,0,138,10
T6,5,1,200,1
[36]
T1,0,1,39,2
T2,1,1,142,4
T3,2,1,90,1
T4,3,1,165,12
T5,4,0,200,5
T6,5,1,75,4
[37]
T1,0,0,126,15
T2,1,0,23,2
T3,2,0,60,2
T4,3,1,115,2
T5,4,0,176,6
T6,5,1,200,2
[38]
T1,0,1,200,4
T2,1,0,60,2
T3,2,0,151,7
T4,3,1,140,9
T5,4,0,88,1
T6,5,1,20,2
[39]
T1,0,0,200,1
T2,1,1,156,1
T3,2,1,48,1
T4,3,0,87,5
T5,4,1,78,2
T6,5,0,78,3
[40]
T1,0,0,97,1
T2,1,1,42,1
T3,2,0,120,1
T4,3,0,200,4
T5,4,0,82,4
T6,5,1,180,8
[41]
T1,0,0,154,2
T2,1,0,127,4
T3,2,1,21,2
T4,3,0,200,2
T5,4,1,100,11
T6,5,1,128,3
[42]
T1,0,0,32,1
T2,1,0,96,2
T3,2,0,64,3
T4,3,0,200,3
T5,4,1,190,2
T6,5,1,80,3
[43]
T1,0,0,150,2
T2,1,1,200,3
T3,2,0,34,1
T4,3,1,135,6
T5,4,0,81,3
T6,5,0,64,1
[44]
T1,0,1,20,2
T2,1,1,84,3
T3,2,1,127,1
T4,3,0,200,10
T5,4,1,72,3
T6,5,1,150,1
[45]
T1,0,0,54,2
T2,1,0,200,1
T3,2,0,152,6
T4,3,1,108,1
T5,4,1,74,1
T6,5,0,20,1
[46]
T1,0,0,104,7
T2,1,0,200,1
T3,2,0,175,3
T4,3,1,32,2
T5,4,0,123,2
T6,5,0,84,2
[47]
T1,0,0,189,7
T2,1,1,69,2
T3,2,0,105,7
T4,3,0,46,2
T5,4,1,145,6
T6,5,0,200,2
[48]
T1,0,0,28,2
T2,1,0,135,2
T3,2,1,180,4
T4,3,0,102,10
T5,4,0,200,4
T6,5,0,91,1
[49]
T1,0,0,136,7
T2,1,1,200,11
T3,2,0,84,2
T4,3,0,35,2
T5,4,0,170,3
T6,5,0,130,5
[50]
T1,0,0,37,2
T2,1,0,60,3
T3,2,1,126,2
T4,3,0,200,9
T5,4,0,192,6
T6,5,0,125,6
[51]
T1,0,1,90,2
T2,1,0,200,2
T3,2,1,195,8
T4,3,1,72,7
T5,4,0,85,2
T6,5,0,32,2
[52]
T1,0,1,96,2
T2,1,1,200,9
T3,2,1,133,2
T4,3,1,90,9
T5,4,0,35,2
T6,5,0,160,2
[53]
T1,0,0,51,2
T2,1,1,200,3
T3,2,1,150,5
T4,3,1,54,2
T5,4,1,65,2
T6,5,0,84,7
[54]
T1,0,0,114,1
T2,1,0,48,2
T3,2,0,120,5
T4,3,1,110,9
T5,4,1,200,10
T6,5,1,196,2
[55]
T1,0,0,200,16
T2,1,0,132,6
T3,2,1,29,2
T4,3,1,160,2
T5,4,0,60,1
T6,5,1,78,1
[56]
T1,0,0,58,1
T2,1,0,84,2
T3,2,0,21,2
T4,3,1,200,1
T5,4,0,175,2
T6,5,0,74,3
[57]
T1,0,0,55,3
T2,1,1,40,2
T3,2,1,184,3
T4,3,0,115,3
T5,4,0,200,11
T6,5,0,100,2
[58]
T1,0,0,175,6
T2,1,0,45,2
T3,2,0,82,2
T4,3,0,77,2
T5,4,0,200,6
T6,5,1,90,3
[59]
T1,0,1,200,14
T2,1,0,125,1
T3,2,1,80,1
T4,3,1,97,2
T5,4,0,147,7
T6,5,1,49,2
[60]
T1,0,0,128,4
T2,1,0,25,2
T3,2,0,133,18
T4,3,0,190,2
T5,4,1,66,2
T6,5,1,200,2
[61]
T1,0,0,68,7
T2,1,0,88,2
T3,2,0,200,2
T4,3,0,170,4
T5,4,1,36,1
T6,5,1,56,1
[62]
T1,0,0,70,2
T2,1,0,45,3
T3,2,0,56,2
T4,3,0,79,2
T5,4,0,200,8
T6,5,1,175,4
[63]
T1,0,1,59,2
T2,1,1,95,3
T3,2,1,152,8
T4,3,0,20,1
T5,4,1,200,2
T6,5,1,125,2
[64]
T1,0,0,88,1
T2,1,1,120,11
T3,2,0,200,2
T4,3,0,58,2
T5,4,1,50,2
T6,5,0,195,2
[65]
T1,0,0,60,3
T2,1,0,48,2
T3,2,0,156,2
T4,3,0,200,15
T5,4,1,123,2
T6,5,0,59,2
[66]
T1,0,1,96,2
T2,1,1,139,14
T3,2,1,20,1
T4,3,0,200,5
T5,4,0,175,2
T6,5,0,76,2
[67]
T1,0,1,200,4
T2,1,0,48,2
T3,2,1,60,2
T4,3,1,105,3
T5,4,1,170,2
T6,5,0,95,11
[68]
T1,0,0,96,1
T2,1,1,88,3
T3,2,1,76,5
T4,3,0,20,2
T5,4,1,200,5
T6,5,1,190,2
[69]
T1,0,0,156,12
T2,1,1,35,2
T3,2,0,55,1
T4,3,1,200,8
T5,4,1,104,1
T6,5,1,100,4
[70]
T1,0,0,31,1
T2,1,0,200,2
T3,2,0,75,5
T4,3,1,150,6
T5,4,1,116,4
T6,5,1,140,2
[71]
T1,0,0,150,2
T2,1,1,133,3
T3,2,0,200,5
T4,3,0,113,6
T5,4,1,24,1
T6,5,1,105,2
[72]
T1,0,0,115,1
T2,1,0,121,2
T3,2,1,200,16
T4,3,1,184,14
T5,4,1,121,2
T6,5,1,23,2
[73]
T1,0,1,126,10
T2,1,0,65,2
T3,2,0,200,7
T4,3,1,42,1
T5,4,1,106,2
T6,5,0,180,5
[74]
T1,0,1,111,10
T2,1,1,200,6
T3,2,1,70,2
T4,3,1,194,1
T5,4,0,32,1
T6,5,1,112,1
[75]
T1,0,0,96,2
T2,1,0,186,3
T3,2,0,97,8
T4,3,0,60,2
T5,4,0,200,8
T6,5,1,31,1
[76]
T1,0,1,200,3
T2,1,1,180,1
T3,2,0,95,2
T4,3,0,68,5
T5,4,1,20,1
T6,5,1,99,1
[77]
T1,0,0,187,6
T2,1,0,33,1
T3,2,1,58,2
T4,3,0,90,1
T5,4,0,200,1
T6,5,0,85,3
[78]
T1,0,0,104,3
T2,1,1,169,2
T3,2,1,52,6
T4,3,0,130,1
T5,4,1,200,3
T6,5,1,116,1
[79]
T1,0,0,156,5
T2,1,0,103,2
T3,2,0,103,9
T4,3,1,59,1
T5,4,1,200,3
T6,5,0,30,2
[80]
T1,0,0,175,2
T2,1,0,130,3
T3,2,1,63,3
T4,3,0,200,5
T5,4,0,141,1
T6,5,0,47,3
[81]
T1,0,0,160,5
T2,1,1,40,3
T3,2,0,135,2
T4,3,0,200,2
T5,4,1,78,4
T6,5,1,60,2
[82]
T1,0,0,67,6
T2,1,1,200,1
T3,2,1,50,1
T4,3,1,160,3
T5,4,0,69,1
T6,5,0,56,1
[83]
T1,0,1,70,2
T2,1,0,200,3
T3,2,0,24,2
T4,3,0,61,3
T5,4,0,80,2
T6,5,0,180,11
[84]
T1,0,0,200,4
T2,1,0,83,6
T3,2,0,150,1
T4,3,1,36,2
T5,4,1,130,2
T6,5,1,76,6
[85]
T1,0,0,111,2
T2,1,0,200,1
T3,2,0,175,2
T4,3,1,126,3
T5,4,1,143,2
T6,5,0,25,3
[86]
T1,0,1,175,6
T2,1,0,133,2
T3,2,1,200,18
T4,3,1,98,1
T5,4,0,132,7
T6,5,1,28,2
[87]
T1,0,1,140,11
T2,1,1,159,2
T3,2,0,20,2
T4,3,1,105,5
T5,4,0,200,2
T6,5,0,70,2
[88]
T1,0,0,126,1
T2,1,1,50,3
T3,2,1,77,4
T4,3,1,200,4
T5,4,1,135,2
T6,5,0,175,1
[89]
T1,0,1,154,2
T2,1,0,126,5
T3,2,0,200,19
T4,3,1,63,2
T5,4,0,42,2
T6,5,1,140,5
[90]
T1,0,1,60,2
T2,1,0,200,3
T3,2,0,27,2
T4,3,1,73,2
T5,4,1,160,3
T6,5,1,74,2
[91]
T1,0,0,95,2
T2,1,0,55,2
T3,2,1,171,13
T4,3,1,56,2
T5,4,0,200,10
T6,5,1,36,2
[92]
T1,0,1,143,2
T2,1,0,195,2
T3,2,0,52,5
T4,3,0,200,3
T5,4,1,55,2
T6,5,1,135,1
[93]
T1,0,1,135,1
T2,1,0,27,2
T3,2,1,200,6
T4,3,1,88,7
T5,4,0,56,2
T6,5,0,198,9
[94]
T1,0,0,72,2
T2,1,0,72,1
T3,2,0,20,2
T4,3,1,200,10
T5,4,1,173,12
T6,5,0,104,2
[95]
T1,0,0,200,9
T2,1,0,94,5
T3,2,1,115,5
T4,3,1,141,2
T5,4,0,25,2
T6,5,1,160,2
[96]
T1,0,1,152,4
T2,1,1,100,2
T3,2,0,200,27
T4,3,0,69,2
T5,4,1,24,2
T6,5,0,100,1
[97]
T1,0,0,135,3
T2,1,1,86,2
T3,2,0,132,2
T4,3,0,198,6
T5,4,1,39,1
T6,5,0,200,13
[98]
T1,0,1,150,3
T2,1,0,60,4
T3,2,1,54,1
T4,3,0,200,5
T5,4,1,95,4
T6,5,1,25,2
[99]
T1,0,0,90,2
T2,1,1,200,13
T3,2,0,139,2
T4,3,0,130,2
T5,4,1,20,1
T6,5,1,195,7
[100]
T1,0,1,200,8
T2,1,1,160,3
T3,2,1,104,2
T4,3,1,65,1
T5,4,0,120,6
T6,5,0,22,2
[101]
T1,0,1,110,1
T2,1,0,22,2
T3,2,0,200,7
T4,3,1,75,6
T5,4,0,170,6
T6,5,0,105,2
[102]
T1,0,0,102,1
T2,1,0,28,1
T3,2,1,200,11
T4,3,0,180,6
T5,4,0,88,2
T6,5,1,144,2
[103]
T1,0,0,188,2
T2,1,1,92,2
T3,2,0,81,2
T4,3,1,25,2
T5,4,0,94,12
T6,5,0,200,2
[104]
T1,0,0,127,4
T2,1,1,200,3
T3,2,0,168,2
T4,3,1,118,1
T5,4,1,127,15
T6,5,1,35,2
[105]
T1,0,0,171,2
T2,1,1,57,5
T3,2,1,38,2
T4,3,1,92,2
T5,4,0,66,3
T6,5,0,200,4
[106]
T1,0,1,200,8
T2,1,1,93,2
T3,2,1,132,2
T4,3,1,38,3
T5,4,0,56,1
T6,5,1,154,1
[107]
T1,0,0,200,2
T2,1,0,125,2
T3,2,1,21,2
T4,3,1,132,2
T5,4,1,120,13
T6,5,1,195,12
[108]
T1,0,1,60,5
T2,1,0,92,2
T3,2,1,25,2
T4,3,1,101,3
T5,4,1,200,7
T6,5,1,162,2
[109]
T1,0,1,69,2
T2,1,1,23,1
T3,2,1,200,2
T4,3,1,118,1
T5,4,1,81,8
T6,5,1,177,3
[110]
T1,0,0,109,1
T2,1,0,24,2
T3,2,0,200,6
T4,3,0,168,1
T5,4,0,66,2
T6,5,1,130,8
[111]
T1,0,0,55,2
T2,1,0,176,3
T3,2,0,21,2
T4,3,1,73,2
T5,4,0,200,4
T6,5,1,55,4
[112]
T1,0,1,44,4
T2,1,1,86,2
T3,2,0,56,1
T4,3,1,164,1
T5,4,0,200,4
T6,5,0,110,3
[113]
T1,0,1,200,2
T2,1,0,74,6
T3,2,0,72,2
T4,3,0,156,5
T5,4,1,26,2
T6,5,1,116,2
[114]
T1,0,1,198,3
T2,1,0,40,2
T3,2,1,200,4
T4,3,1,146,2
T5,4,1,72,2
T6,5,1,105,11
[115]
T1,0,0,56,2
T2,1,0,35,2
T3,2,0,150,1
T4,3,0,111,10
T5,4,0,200,13
T6,5,0,73,1
[116]
T1,0,0,200,15
T2,1,1,195,2
T3,2,0,32,1
T4,3,0,115,2
T5,4,1,70,4
T6,5,0,65,2
[117]
T1,0,0,195,2
T2,1,1,33,2
T3,2,0,200,10
T4,3,0,110,7
T5,4,0,80,2
T6,5,0,75,1
[118]
T1,0,0,72,7
T2,1,1,200,1
T3,2,1,28,2
T4,3,0,121,5
T5,4,1,175,1
T6,5,0,110,2
[119]
T1,0,0,63,5
T2,1,1,28,2
T3,2,1,100,1
T4,3,0,196,2
T5,4,0,200,9
T6,5,0,120,2
[120]
T1,0,1,101,6
T2,1,1,66,2
T3,2,0,35,2
T4,3,0,200,12
T5,4,1,63,1
T6,5,1,189,2
[121]
T1,0,0,135,5
T2,1,0,58,3
T3,2,0,30,2
T4,3,1,200,2
T5,4,1,190,6
T6,5,1,76,3
[122]
T1,0,1,200,7
T2,1,1,103,5
T3,2,0,170,3
T4,3,1,56,2
T5,4,0,103,2
T6,5,0,50,2
[123]
T1,0,1,200,2
T2,1,1,152,9
T3,2,0,70,1
T4,3,0,61,2
T5,4,1,76,2
T6,5,0,44,2
[124]
T1,0,0,34,2
T2,1,0,200,11
T3,2,0,91,2
T4,3,1,84,4
T5,4,1,67,2
T6,5,0,175,12
[125]
T1,0,1,123,4
T2,1,0,27,2
T3,2,1,70,2
T4,3,1,200,2
T5,4,0,150,7
T6,5,1,91,4
[126]
T1,0,0,170,1
T2,1,1,121,2
T3,2,1,88,1
T4,3,1,200,3
T5,4,0,72,1
T6,5,1,22,2
[127]
T1,0,0,110,1
T2,1,1,50,3
T3,2,0,200,7
T4,3,1,154,2
T5,4,0,131,1
T6,5,0,90,4
[128]
T1,0,0,106,1
T2,1,0,117,3
T3,2,0,36,2
T4,3,1,200,11
T5,4,1,84,2
T6,5,0,160,2
[129]
T1,0,0,200,2
T2,1,0,27,2
T3,2,1,108,10
T4,3,1,72,2
T5,4,1,149,5
T6,5,1,96,2
[130]
T1,0,1,100,7
T2,1,1,152,8
T3,2,0,81,2
T4,3,0,103,2
T5,4,1,200,1
T6,5,1,50,2
[131]
T1,0,0,192,1
T2,1,1,200,3
T3,2,1,125,2
T4,3,1,64,7
T5,4,1,96,1
T6,5,1,41,2
[132]
T1,0,0,51,2
T2,1,1,60,2
T3,2,1,125,5
T4,3,0,200,8
T5,4,1,187,2
T6,5,1,110,5
[133]
T1,0,0,130,4
T2,1,0,90,2
T3,2,1,45,1
T4,3,1,200,2
T5,4,0,190,25
T6,5,0,116,2
[134]
T1,0,0,100,6
T2,1,0,49,2
T3,2,0,200,1
T4,3,1,112,1
T5,4,1,190,2
T6,5,1,107,6
[135]
T1,0,0,98,4
T2,1,0,20,2
T3,2,0,200,6
T4,3,0,152,3
T5,4,1,68,2
T6,5,1,133,5
[136]
T1,0,1,60,2
T2,1,0,30,2
T3,2,1,200,4
T4,3,1,125,5
T5,4,1,128,2
T6,5,1,194,16
[137]
T1,0,1,200,14
T2,1,0,192,2
T3,2,0,120,5
T4,3,0,113,3
T5,4,1,100,3
T6,5,0,28,2
[138]
T1,0,1,100,3
T2,1,0,182,2
T3,2,0,200,9
T4,3,0,52,3
T5,4,1,102,2
T6,5,1,106,2
[139]
T1,0,1,200,2
T2,1,0,170,5
T3,2,0,48,1
T4,3,0,60,2
T5,4,0,132,6
T6,5,1,56,2
[140]
T1,0,1,200,2
T2,1,1,30,2
T3,2,0,136,3
T4,3,0,114,5
T5,4,1,171,15
T6,5,1,74,1
[141]
T1,0,0,65,2
T2,1,1,76,3
T3,2,1,182,17
T4,3,1,22,2
T5,4,0,200,7
T6,5,1,140,2
[142]
T1,0,1,81,1
T2,1,0,25,2
T3,2,1,200,2
T4,3,0,145,3
T5,4,0,165,14
T6,5,0,66,2
[143]
T1,0,0,96,2
T2,1,1,200,14
T3,2,0,99,5
T4,3,1,125,2
T5,4,0,20,2
T6,5,0,164,2
[144]
T1,0,0,164,6
T2,1,1,200,8
T3,2,0,66,3
T4,3,1,90,4
T5,4,0,65,2
T6,5,1,30,2
[145]
T1,0,0,56,2
T2,1,0,36,2
T3,2,0,135,11
T4,3,0,175,2
T5,4,1,84,3
T6,5,1,200,1
[146]
T1,0,0,118,4
T2,1,1,80,2
T3,2,0,168,2
T4,3,0,42,3
T5,4,0,117,1
T6,5,1,200,6
[147]
T1,0,0,39,2
T2,1,0,200,2
T3,2,1,150,5
T4,3,1,72,2
T5,4,1,112,2
T6,5,1,68,6
[148]
T1,0,0,36,1
T2,1,0,140,2
T3,2,1,147,3
T4,3,1,140,1
T5,4,0,168,14
T6,5,0,200,5
[149]
T1,0,1,200,13
T2,1,0,136,4
T3,2,1,154,6
T4,3,1,25,2
T5,4,1,118,4
T6,5,1,70,2
[150]
T1,0,0,178,1
T2,1,1,92,2
T3,2,0,92,2
T4,3,0,40,1
T5,4,1,200,24
T6,5,0,111,1
[151]
T1,0,0,144,5
T2,1,0,200,2
T3,2,0,63,2
T4,3,0,180,1
T5,4,0,37,3
T6,5,0,79,2
[152]
T1,0,1,200,2
T2,1,1,146,19
T3,2,1,25,2
T4,3,1,126,2
T5,4,0,180,5
T6,5,0,79,2
[153]
T1,0,0,140,2
T2,1,1,66,2
T3,2,1,130,2
T4,3,0,34,1
T5,4,0,154,3
T6,5,0,200,14
[154]
T1,0,1,200,6
T2,1,1,78,6
T3,2,0,59,2
T4,3,0,35,1
T5,4,1,154,2
T6,5,1,132,3
[155]
T1,0,1,22,1
T2,1,0,100,5
T3,2,0,111,3
T4,3,0,198,5
T5,4,1,200,3
T6,5,0,135,2
[156]
T1,0,0,200,2
T2,1,1,104,1
T3,2,0,34,2
T4,3,1,169,1
T5,4,0,85,2
T6,5,0,143,16
[157]
T1,0,0,126,2
T2,1,0,121,2
T3,2,1,42,4
T4,3,0,84,5
T5,4,1,174,1
T6,5,1,200,2
[158]
T1,0,1,130,2
T2,1,0,110,1
T3,2,1,200,10
T4,3,1,195,16
T5,4,1,24,2
T6,5,1,144,4
[159]
T1,0,1,122,7
T2,1,1,200,5
T3,2,1,100,2
T4,3,1,119,2
T5,4,1,50,2
T6,5,0,164,11
[160]
T1,0,0,200,7
T2,1,0,158,3
T3,2,0,20,2
T4,3,0,55,2
T5,4,0,56,2
T6,5,1,80,7
[161]
T1,0,0,58,1
T2,1,1,50,4
T3,2,1,68,1
T4,3,0,110,5
T5,4,0,200,2
T6,5,1,192,2
[162]
T1,0,1,143,17
T2,1,1,41,2
T3,2,0,90,3
T4,3,0,164,2
T5,4,1,200,7
T6,5,0,78,2
[163]
T1,0,1,60,2
T2,1,0,111,3
T3,2,0,42,1
T4,3,0,200,7
T5,4,0,150,8
T6,5,1,140,3
[164]
T1,0,0,101,2
T2,1,0,40,2
T3,2,1,155,2
T4,3,1,56,3
T5,4,1,124,3
T6,5,0,200,7
[165]
T1,0,0,78,2
T2,1,1,23,2
T3,2,1,135,5
T4,3,0,195,7
T5,4,0,60,4
T6,5,0,200,5
[166]
T1,0,0,106,4
T2,1,0,200,7
T3,2,1,72,2
T4,3,0,30,1
T5,4,0,195,2
T6,5,0,78,3
[167]
T1,0,1,200,6
T2,1,0,72,2
T3,2,1,75,2
T4,3,0,137,13
T5,4,0,176,5
T6,5,1,44,2
[168]
T1,0,1,24,2
T2,1,0,100,5
T3,2,0,72,2
T4,3,1,195,9
T5,4,0,200,3
T6,5,0,128,3
[169]
T1,0,0,75,7
T2,1,1,20,2
T3,2,0,152,2
T4,3,1,65,1
T5,4,0,200,1
T6,5,0,106,3
[170]
T1,0,0,170,2
T2,1,1,200,13
T3,2,1,115,5
T4,3,0,77,1
T5,4,0,115,2
T6,5,1,36,2
[171]
T1,0,0,40,2
T2,1,0,112,1
T3,2,1,77,1
T4,3,1,200,20
T5,4,0,91,1
T6,5,1,150,6
[172]
T1,0,0,25,2
T2,1,0,168,2
T3,2,0,60,2
T4,3,0,112,10
T5,4,0,200,1
T6,5,0,94,2
[173]
T1,0,1,45,1
T2,1,1,55,1
T3,2,1,70,5
T4,3,1,156,6
T5,4,0,200,1
T6,5,0,100,1
[174]
T1,0,1,112,4
T2,1,1,156,2
T3,2,0,69,1
T4,3,0,200,2
T5,4,1,140,10
T6,5,0,39,2
[175]
T1,0,0,54,2
T2,1,1,120,5
T3,2,1,134,1
T4,3,1,189,9
T5,4,1,200,13
T6,5,1,33,2
[176]
T1,0,1,60,4
T2,1,0,79,3
T3,2,0,24,2
T4,3,0,168,3
T5,4,1,200,3
T6,5,0,131,4
[177]
T1,0,0,99,1
T2,1,1,52,3
T3,2,1,99,3
T4,3,1,200,4
T5,4,0,111,5
T6,5,1,156,2
[178]
T1,0,0,27,2
T2,1,1,192,9
T3,2,0,144,2
T4,3,0,115,8
T5,4,0,92,3
T6,5,1,200,5
[179]
T1,0,1,32,1
T2,1,1,200,7
T3,2,0,180,1
T4,3,0,104,1
T5,4,1,70,5
T6,5,1,117,1
[180]
T1,0,1,200,2
T2,1,0,39,2
T3,2,1,186,1
T4,3,1,120,2
T5,4,1,96,3
T6,5,0,72,10
[181]
T1,0,1,24,2
T2,1,1,71,2
T3,2,0,170,6
T4,3,0,200,2
T5,4,0,61,4
T6,5,0,71,2
[182]
T1,0,0,176,4
T2,1,0,58,1
T3,2,1,75,2
T4,3,0,98,3
T5,4,1,48,3
T6,5,1,200,3
[183]
T1,0,1,200,9
T2,1,1,135,2
T3,2,0,50,2
T4,3,1,108,7
T5,4,1,171,2
T6,5,0,132,2
[184]
T1,0,1,185,9
T2,1,1,32,2
T3,2,1,128,4
T4,3,1,200,2
T5,4,1,115,1
T6,5,1,80,1
[185]
T1,0,1,140,5
T2,1,0,150,9
T3,2,0,55,2
T4,3,1,126,1
T5,4,1,38,2
T6,5,0,200,7
[186]
T1,0,0,45,2
T2,1,1,175,11
T3,2,1,200,9
T4,3,1,94,1
T5,4,0,95,3
T6,5,1,114,2
[187]
T1,0,1,72,2
T2,1,0,80,4
T3,2,0,174,4
T4,3,1,30,2
T5,4,1,200,16
T6,5,0,90,2
[188]
T1,0,0,38,1
T2,1,0,200,10
T3,2,0,80,3
T4,3,0,135,3
T5,4,0,95,3
T6,5,1,172,2
[189]
T1,0,0,200,2
T2,1,0,139,2
T3,2,0,195,13
T4,3,1,63,2
T5,4,1,54,1
T6,5,0,24,2
[190]
T1,0,1,48,4
T2,1,1,200,2
T3,2,1,168,6
T4,3,0,130,1
T5,4,1,84,1
T6,5,1,89,2
[191]
T1,0,0,105,4
T2,1,0,200,6
T3,2,0,104,1
T4,3,1,72,2
T5,4,1,170,17
T6,5,0,40,2
[192]
T1,0,1,77,3
T2,1,1,63,2
T3,2,1,44,2
T4,3,0,56,4
T5,4,0,200,3
T6,5,1,160,4
[193]
T1,0,1,150,1
T2,1,1,141,6
T3,2,1,90,1
T4,3,1,117,2
T5,4,1,28,1
T6,5,0,200,11
[194]
T1,0,0,147,10
T2,1,1,114,2
T3,2,1,192,1
T4,3,0,45,1
T5,4,0,200,4
T6,5,0,120,8
[195]
T1,0,0,35,2
T2,1,1,94,7
T3,2,1,155,6
T4,3,0,200,2
T5,4,1,133,8
T6,5,0,70,2
[196]
T1,0,0,37,2
T2,1,1,144,2
T3,2,0,74,2
T4,3,1,200,24
T5,4,0,82,2
T6,5,1,160,1
[197]
T1,0,1,200,5
T2,1,1,136,4
T3,2,1,170,2
T4,3,1,115,13
T5,4,1,131,2
T6,5,1,32,2
[198]
T1,0,0,200,2
T2,1,1,66,1
T3,2,1,108,10
T4,3,0,189,9
T5,4,1,20,2
T6,5,0,68,2
[199]
T1,0,1,105,5
T2,1,1,22,2
T3,2,0,99,2
T4,3,1,189,4
T5,4,1,200,8
T6,5,1,59,2
[200]
T1,0,1,160,2
T2,1,0,93,2
T3,2,1,200,5
T4,3,0,69,2
T5,4,1,70,9
T6,5,1,23,2
[201]
T1,0,0,61,2
T2,1,1,141,8
T3,2,1,200,3
T4,3,1,156,8
T5,4,0,100,2
T6,5,1,26,1
[202]
T1,0,1,59,6
T2,1,1,96,1
T3,2,1,186,7
T4,3,1,200,2
T5,4,0,70,2
T6,5,0,30,2
[203]
T1,0,1,120,1
T2,1,0,94,4
T3,2,1,102,7
T4,3,0,22,2
T5,4,1,192,8
T6,5,0,200,5
[204]
T1,0,0,108,12
T2,1,1,131,7
T3,2,0,21,2
T4,3,0,140,2
T5,4,1,200,2
T6,5,0,168,3
[205]
T1,0,0,45,4
T2,1,0,200,11
T3,2,1,147,2
T4,3,1,70,2
T5,4,0,160,2
T6,5,1,63,1
[206]
T1,0,1,20,2
T2,1,0,138,11
T3,2,0,143,7
T4,3,0,192,7
T5,4,1,200,2
T6,5,1,120,2
[207]
T1,0,1,78,2
T2,1,0,200,7
T3,2,1,162,9
T4,3,0,24,2
T5,4,1,72,2
T6,5,1,61,1
[208]
T1,0,1,60,2
T2,1,0,46,3
T3,2,0,115,2
T4,3,0,93,1
T5,4,1,148,2
T6,5,1,200,14
[209]
T1,0,1,101,3
T2,1,0,152,5
T3,2,1,200,1
T4,3,0,133,8
T5,4,0,130,7
T6,5,0,50,2
[210]
T1,0,1,60,2
T2,1,0,70,3
T3,2,1,200,11
T4,3,1,150,2
T5,4,1,109,8
T6,5,0,42,2
[211]
T1,0,1,200,11
T2,1,0,33,2
T3,2,1,102,5
T4,3,0,198,2
T5,4,1,115,2
T6,5,0,132,9
[212]
T1,0,0,82,4
T2,1,0,52,3
T3,2,0,72,3
T4,3,0,70,2
T5,4,1,164,2
T6,5,1,200,4
[213]
T1,0,1,88,8
T2,1,0,142,6
T3,2,0,90,4
T4,3,1,150,2
T5,4,1,200,2
T6,5,0,22,2
[214]
T1,0,1,99,5
T2,1,0,192,5
T3,2,0,200,5
T4,3,0,45,2
T5,4,1,73,5
T6,5,1,135,1
[215]
T1,0,1,124,6
T2,1,0,45,2
T3,2,0,200,10
T4,3,1,54,2
T5,4,1,76,1
T6,5,1,150,2
[216]
T1,0,1,200,3
T2,1,0,195,5
T3,2,1,82,2
T4,3,0,65,1
T5,4,0,29,2
T6,5,0,87,9
[217]
T1,0,0,26,2
T2,1,1,156,5
T3,2,1,100,7
T4,3,1,142,4
T5,4,0,200,5
T6,5,1,70,1
[218]
T1,0,0,22,2
T2,1,0,200,5
T3,2,1,176,3
T4,3,0,115,6
T5,4,0,128,8
T6,5,0,55,2
[219]
T1,0,1,115,14
T2,1,0,175,5
T3,2,0,147,3
T4,3,0,200,2
T5,4,1,81,2
T6,5,1,50,2
[220]
T1,0,0,34,2
T2,1,0,119,12
T3,2,1,92,2
T4,3,0,184,2
T5,4,1,200,2
T6,5,1,126,5
[221]
T1,0,0,122,2
T2,1,0,152,1
T3,2,0,95,5
T4,3,1,22,2
T5,4,0,80,2
T6,5,1,200,16
[222]
T1,0,1,98,1
T2,1,1,175,12
T3,2,1,60,1
T4,3,1,200,5
T5,4,1,48,2
T6,5,1,105,4
[223]
T1,0,0,36,1
T2,1,1,104,2
T3,2,1,195,6
T4,3,0,93,2
T5,4,1,200,5
T6,5,0,99,9
[224]
T1,0,1,28,2
T2,1,0,61,1
T3,2,0,200,8
T4,3,0,80,2
T5,4,1,184,4
T6,5,0,84,6
[225]
T1,0,0,54,2
T2,1,1,48,2
T3,2,0,129,4
T4,3,1,160,4
T5,4,1,130,2
T6,5,0,200,19
[226]
T1,0,0,150,2
T2,1,1,27,2
T3,2,1,54,3
T4,3,0,97,6
T5,4,1,200,4
T6,5,1,125,3
[227]
T1,0,0,68,1
T2,1,0,133,2
T3,2,0,200,24
T4,3,1,175,4
T5,4,1,20,2
T6,5,1,125,2
[228]
T1,0,0,36,2
T2,1,1,67,1
T3,2,1,112,4
T4,3,0,77,4
T5,4,0,168,3
T6,5,0,200,1
[229]
T1,0,1,120,6
T2,1,0,141,5
T3,2,1,127,6
T4,3,1,192,2
T5,4,0,200,8
T6,5,0,24,2
[230]
T1,0,1,39,2
T2,1,0,93,4
T3,2,1,150,2
T4,3,0,72,2
T5,4,0,125,11
T6,5,0,200,1
[231]
T1,0,0,51,4
T2,1,0,90,2
T3,2,1,200,8
T4,3,1,76,1
T5,4,0,190,6
T6,5,0,57,2
[232]
T1,0,1,130,7
T2,1,0,77,2
T3,2,1,105,4
T4,3,1,169,2
T5,4,0,42,1
T6,5,0,200,7
[233]
T1,0,0,24,2
T2,1,0,88,1
T3,2,0,64,2
T4,3,1,165,5
T5,4,1,200,8
T6,5,1,132,2
[234]
T1,0,0,60,1
T2,1,0,55,2
T3,2,0,106,1
T4,3,0,175,2
T5,4,1,28,2
T6,5,1,200,11
[235]
T1,0,0,189,11
T2,1,0,200,2
T3,2,1,100,9
T4,3,1,102,1
T5,4,0,25,2
T6,5,0,85,2
[236]
T1,0,1,96,6
T2,1,1,160,2
T3,2,0,200,9
T4,3,0,110,1
T5,4,1,82,2
T6,5,1,25,2
[237]
T1,0,0,65,6
T2,1,0,78,3
T3,2,1,200,7
T4,3,1,189,2
T5,4,0,120,2
T6,5,1,26,2
[238]
T1,0,0,174,6
T2,1,0,60,2
T3,2,0,65,1
T4,3,0,76,4
T5,4,1,48,1
T6,5,1,200,7
[239]
T1,0,1,144,1
T2,1,1,160,4
T3,2,1,200,20
T4,3,1,80,1
T5,4,0,138,4
T6,5,1,38,2
[240]
T1,0,0,93,2
T2,1,1,200,13
T3,2,1,70,2
T4,3,0,50,1
T5,4,0,111,5
T6,5,1,155,1
[241]
T1,0,1,200,2
T2,1,1,137,10
T3,2,0,176,8
T4,3,0,56,2
T5,4,1,45,1
T6,5,1,70,2
[242]
T1,0,0,62,2
T2,1,1,200,5
T3,2,1,150,4
T4,3,0,82,5
T5,4,0,30,2
T6,5,1,72,2
[243]
T1,0,0,84,2
T2,1,0,198,8
T3,2,1,72,2
T4,3,0,200,4
T5,4,1,28,1
T6,5,0,103,9
[244]
T1,0,1,200,6
T2,1,0,91,2
T3,2,1,32,1
T4,3,0,140,3
T5,4,1,57,3
T6,5,0,175,2
[245]
T1,0,1,105,2
T2,1,1,192,2
T3,2,1,54,5
T4,3,1,63,2
T5,4,1,200,1
T6,5,0,50,1
[246]
T1,0,1,88,2
T2,1,1,169,2
T3,2,0,104,1
T4,3,1,128,9
T5,4,0,200,6
T6,5,0,22,1
[247]
T1,0,1,136,2
T2,1,0,76,3
T3,2,0,200,3
T4,3,0,50,5
T5,4,0,185,4
T6,5,0,56,2
[248]
T1,0,1,186,7
T2,1,0,88,2
T3,2,1,62,1
T4,3,0,200,11
T5,4,1,31,2
T6,5,0,75,2
[249]
T1,0,1,156,1
T2,1,1,104,6
T3,2,0,24,1
T4,3,0,64,2
T5,4,1,116,3
T6,5,1,200,8
[250]
T1,0,0,141,5
T2,1,1,200,9
T3,2,1,85,2
T4,3,0,180,5
T5,4,0,56,1
T6,5,0,27,1
[251]
T1,0,1,136,8
T2,1,0,126,4
T3,2,0,189,6
T4,3,1,200,6
T5,4,1,50,2
T6,5,1,64,2
[252]
T1,0,1,36,2
T2,1,1,108,11
T3,2,0,99,3
T4,3,0,180,2
T5,4,0,94,3
T6,5,0,200,1
[253]
T1,0,1,50,2
T2,1,0,154,3
T3,2,1,88,3
T4,3,1,87,2
T5,4,0,59,2
T6,5,0,200,5
[254]
T1,0,1,140,14
T2,1,0,35,2
T3,2,0,138,4
T4,3,1,183,3
T5,4,1,200,2
T6,5,1,56,1
[255]
T1,0,0,187,2
T2,1,1,83,6
T3,2,1,136,5
T4,3,1,200,11
T5,4,1,50,2
T6,5,1,100,2
[256]
T1,0,1,30,2
T2,1,1,200,20
T3,2,0,78,2
T4,3,0,195,3
T5,4,1,138,2
T6,5,0,65,2
[257]
T1,0,0,126,2
T2,1,0,38,2
T3,2,1,129,2
T4,3,1,152,9
T5,4,0,200,19
T6,5,0,114,1
[258]
T1,0,1,56,5
T2,1,0,63,2
T3,2,0,190,5
T4,3,0,200,1
T5,4,0,49,2
T6,5,1,56,1
[259]
T1,0,0,96,2
T2,1,1,112,2
T3,2,0,200,3
T4,3,1,57,2
T5,4,0,21,1
T6,5,1,192,3
[260]
T1,0,1,73,10
T2,1,1,148,2
T3,2,1,146,1
T4,3,1,100,3
T5,4,0,40,2
T6,5,1,200,1
[261]
T1,0,1,200,4
T2,1,0,150,3
T3,2,1,76,2
T4,3,0,121,5
T5,4,1,25,1
T6,5,1,56,2
[262]
T1,0,1,110,2
T2,1,1,200,1
T3,2,1,33,1
T4,3,0,189,2
T5,4,1,112,15
T6,5,1,139,2
[263]
T1,0,0,96,2
T2,1,0,106,5
T3,2,0,180,1
T4,3,1,75,3
T5,4,1,200,5
T6,5,1,43,2
[264]
T1,0,0,113,4
T2,1,1,200,14
T3,2,0,112,2
T4,3,1,150,4
T5,4,0,24,2
T6,5,1,98,1
[265]
T1,0,1,147,20
T2,1,0,146,1
T3,2,1,154,2
T4,3,1,105,2
T5,4,1,33,2
T6,5,0,200,3
[266]
T1,0,1,80,1
T2,1,0,55,4
T3,2,0,89,2
T4,3,0,24,1
T5,4,1,159,1
T6,5,1,200,4
[267]
T1,0,0,65,7
T2,1,1,175,4
T3,2,1,96,1
T4,3,0,200,2
T5,4,0,40,2
T6,5,1,95,3
[268]
T1,0,1,141,12
T2,1,0,200,2
T3,2,1,112,5
T4,3,0,24,2
T5,4,0,165,4
T6,5,1,66,2
[269]
T1,0,1,135,2
T2,1,1,28,2
T3,2,1,138,11
T4,3,0,150,2
T5,4,1,200,3
T6,5,0,70,5
[270]
T1,0,1,95,2
T2,1,0,200,1
T3,2,0,76,2
T4,3,0,76,3
T5,4,1,25,2
T6,5,1,150,13
[271]
T1,0,0,95,2
T2,1,0,75,3
T3,2,1,159,1
T4,3,0,96,10
T5,4,1,48,2
T6,5,0,200,3
[272]
T1,0,0,136,1
T2,1,1,34,1
T3,2,1,200,2
T4,3,0,117,2
T5,4,1,119,9
T6,5,1,187,7
[273]
T1,0,0,140,7
T2,1,1,180,5
T3,2,0,146,1
T4,3,0,200,11
T5,4,1,21,2
T6,5,0,138,4
[274]
T1,0,0,190,6
T2,1,1,110,5
T3,2,1,50,2
T4,3,1,200,2
T5,4,0,55,3
T6,5,0,64,1
[275]
T1,0,1,125,2
T2,1,1,96,4
T3,2,0,154,4
T4,3,1,70,2
T5,4,0,200,3
T6,5,0,48,3
[276]
T1,0,1,30,2
T2,1,0,200,7
T3,2,0,142,4
T4,3,0,74,1
T5,4,0,170,8
T6,5,1,120,7
[277]
T1,0,0,125,2
T2,1,1,71,3
T3,2,1,200,16
T4,3,0,168,4
T5,4,1,35,2
T6,5,1,117,2
[278]
T1,0,1,200,3
T2,1,0,92,2
T3,2,1,114,6
T4,3,1,21,2
T5,4,1,55,2
T6,5,0,175,14
[279]
T1,0,1,110,2
T2,1,0,135,2
T3,2,1,110,4
T4,3,0,28,2
T5,4,1,200,19
T6,5,0,168,1
[280]
T1,0,0,187,10
T2,1,0,35,2
T3,2,1,100,2
T4,3,1,200,2
T5,4,1,98,2
T6,5,1,110,3
[281]
T1,0,1,91,8
T2,1,1,20,2
T3,2,0,104,2
T4,3,0,156,1
T5,4,0,140,3
T6,5,0,200,2
[282]
T1,0,0,131,1
T2,1,0,160,2
T3,2,1,58,5
T4,3,1,92,5
T5,4,0,200,4
T6,5,1,29,2
[283]
T1,0,0,200,7
T2,1,0,63,4
T3,2,1,183,13
T4,3,1,35,2
T5,4,1,137,2
T6,5,1,63,2
[284]
T1,0,1,130,8
T2,1,1,104,4
T3,2,1,104,4
T4,3,0,33,2
T5,4,0,200,1
T6,5,1,156,4
[285]
T1,0,0,50,2
T2,1,0,120,2
T3,2,1,121,16
T4,3,0,156,4
T5,4,0,200,3
T6,5,1,74,2
[286]
T1,0,0,105,1
T2,1,0,90,1
T3,2,1,25,1
T4,3,1,164,5
T5,4,0,89,5
T6,5,1,200,4
[287]
T1,0,1,185,2
T2,1,1,20,2
T3,2,0,88,2
T4,3,1,132,14
T5,4,1,79,2
T6,5,1,200,1
[288]
T1,0,1,200,3
T2,1,0,30,2
T3,2,1,113,6
T4,3,1,70,2
T5,4,0,150,3
T6,5,1,69,5
[289]
T1,0,1,200,2
T2,1,0,20,1
T3,2,0,152,6
T4,3,0,120,3
T5,4,0,100,2
T6,5,0,129,5
[290]
T1,0,1,142,15
T2,1,0,150,1
T3,2,1,76,2
T4,3,1,200,12
T5,4,1,132,2
T6,5,0,24,2
[291]
T1,0,1,104,7
T2,1,1,200,5
T3,2,1,68,1
T4,3,0,50,2
T5,4,1,145,2
T6,5,0,175,2
[292]
T1,0,0,200,4
T2,1,0,68,2
T3,2,1,150,8
T4,3,1,22,2
T5,4,1,60,1
T6,5,0,72,3
[293]
T1,0,1,78,6
T2,1,0,184,1
T3,2,1,78,1
T4,3,1,200,15
T5,4,0,30,2
T6,5,1,103,2
[294]
T1,0,1,200,17
T2,1,0,174,2
T3,2,0,63,2
T4,3,0,64,1
T5,4,0,29,2
T6,5,1,105,2
[295]
T1,0,1,67,2
T2,1,0,192,5
T3,2,1,98,2
T4,3,1,50,2
T5,4,1,63,2
T6,5,0,200,25
[296]
T1,0,0,90,4
T2,1,1,50,1
T3,2,0,104,2
T4,3,0,200,8
T5,4,1,100,3
T6,5,0,189,2
[297]
T1,0,0,63,1
T2,1,0,97,5
T3,2,0,40,2
T4,3,1,70,2
T5,4,1,165,2
T6,5,1,200,6
[298]
T1,0,1,24,2
T2,1,1,143,5
T3,2,0,200,7
T4,3,0,159,1
T5,4,0,75,7
T6,5,0,87,1
[299]
T1,0,1,171,8
T2,1,0,112,5
T3,2,0,104,5
T4,3,0,200,1
T5,4,0,140,4
T6,5,1,40,2
[300]
T1,0,1,60,1
T2,1,1,189,2
T3,2,1,132,4
T4,3,0,200,4
T5,4,1,93,9
T6,5,0,33,2
[301]
T1,0,0,105,2
T2,1,0,200,2
T3,2,0,36,2
T4,3,0,85,2
T5,4,0,63,4
T6,5,1,184,7
[302]
T1,0,0,113,2
T2,1,0,54,2
T3,2,0,68,1
T4,3,1,150,9
T5,4,1,200,13
T6,5,0,25,2
[303]
T1,0,0,198,12
T2,1,1,33,1
T3,2,0,106,3
T4,3,0,200,6
T5,4,1,130,2
T6,5,0,90,1
[304]
T1,0,0,200,6
T2,1,0,168,2
T3,2,1,104,2
T4,3,0,117,14
T5,4,0,42,2
T6,5,1,84,2
[305]
T1,0,0,44,2
T2,1,0,200,14
T3,2,0,55,3
T4,3,0,183,7
T5,4,0,60,2
T6,5,1,70,2
[306]
T1,0,0,77,2
T2,1,1,113,3
T3,2,0,200,14
T4,3,0,26,2
T5,4,1,154,8
T6,5,1,60,2
[307]
T1,0,1,136,7
T2,1,0,48,5
T3,2,0,195,2
T4,3,1,200,2
T5,4,0,143,2
T6,5,1,144,2
[308]
T1,0,1,200,6
T2,1,1,90,2
T3,2,1,100,7
T4,3,0,58,2
T5,4,0,153,2
T6,5,1,45,2
[309]
T1,0,1,140,2
T2,1,1,130,7
T3,2,0,200,1
T4,3,1,140,7
T5,4,0,28,1
T6,5,1,160,4
[310]
T1,0,0,160,11
T2,1,0,20,2
T3,2,1,200,3
T4,3,1,112,3
T5,4,0,137,4
T6,5,0,58,2
[311]
T1,0,1,70,1
T2,1,1,44,2
T3,2,1,200,2
T4,3,1,144,3
T5,4,0,195,4
T6,5,0,77,5
[312]
T1,0,0,152,7
T2,1,0,133,8
T3,2,1,65,3
T4,3,1,200,1
T5,4,1,112,1
T6,5,1,22,2
[313]
T1,0,0,108,4
T2,1,1,30,2
T3,2,1,175,10
T4,3,0,200,10
T5,4,1,62,2
T6,5,0,99,2
[314]
T1,0,1,196,5
T2,1,1,20,1
T3,2,0,144,3
T4,3,1,126,2
T5,4,1,90,5
T6,5,1,200,4
[315]
T1,0,1,112,2
T2,1,1,160,2
T3,2,0,49,6
T4,3,1,118,1
T5,4,0,200,2
T6,5,0,133,1
[316]
T1,0,1,60,2
T2,1,1,91,1
T3,2,1,162,2
T4,3,1,60,2
T5,4,0,38,2
T6,5,0,200,29
[317]
T1,0,1,178,5
T2,1,0,78,1
T3,2,1,20,2
T4,3,1,144,5
T5,4,1,72,2
T6,5,1,200,10
[318]
T1,0,1,200,10
T2,1,0,126,2
T3,2,0,122,7
T4,3,1,92,2
T5,4,0,189,13
T6,5,0,21,2
[319]
T1,0,1,200,2
T2,1,1,70,1
T3,2,1,30,2
T4,3,0,127,5
T5,4,1,120,4
T6,5,0,167,2
[320]
T1,0,1,127,2
T2,1,1,85,2
T3,2,1,176,9
T4,3,0,200,11
T5,4,0,24,1
T6,5,1,85,2
[321]
T1,0,0,200,4
T2,1,0,177,1
T3,2,0,132,12
T4,3,0,113,2
T5,4,1,110,1
T6,5,0,25,2
[322]
T1,0,0,52,2
T2,1,1,200,16
T3,2,1,140,2
T4,3,1,65,4
T5,4,1,154,2
T6,5,0,110,2
[323]
T1,0,1,94,2
T2,1,1,200,5
T3,2,1,80,3
T4,3,1,107,3
T5,4,1,192,3
T6,5,0,32,2
[324]
T1,0,1,200,2
T2,1,0,96,2
T3,2,1,177,27
T4,3,0,128,2
T5,4,1,25,2
T6,5,0,75,1
[325]
T1,0,1,200,11
T2,1,0,182,9
T3,2,1,38,2
T4,3,0,91,2
T5,4,1,100,7
T6,5,0,70,2
[326]
T1,0,1,63,3
T2,1,1,184,8
T3,2,1,200,2
T4,3,0,60,1
T5,4,0,64,2
T6,5,0,46,2
[327]
T1,0,1,176,13
T2,1,1,39,1
T3,2,1,143,1
T4,3,1,200,5
T5,4,1,62,1
T6,5,1,60,1
[328]
T1,0,1,200,3
T2,1,0,64,3
T3,2,0,185,2
T4,3,1,75,1
T5,4,1,28,1
T6,5,0,75,3
[329]
T1,0,0,150,2
T2,1,1,90,2
T3,2,1,125,2
T4,3,0,20,1
T5,4,1,91,5
T6,5,1,200,7
[330]
T1,0,1,190,9
T2,1,0,88,2
T3,2,0,35,3
T4,3,1,119,2
T5,4,0,200,2
T6,5,1,133,3
[331]
T1,0,0,177,1
T2,1,0,72,5
T3,2,1,147,3
T4,3,0,125,2
T5,4,1,45,2
T6,5,0,200,1
[332]
T1,0,0,34,1
T2,1,0,100,1
T3,2,0,122,2
T4,3,1,170,11
T5,4,1,129,2
T6,5,1,200,6
[333]
T1,0,1,81,5
T2,1,1,21,2
T3,2,1,84,5
T4,3,0,200,1
T5,4,1,147,4
T6,5,1,174,3
[334]
T1,0,1,168,9
T2,1,1,80,2
T3,2,0,72,2
T4,3,1,200,2
T5,4,1,56,1
T6,5,0,21,1
[335]
T1,0,1,150,9
T2,1,0,200,7
T3,2,1,45,2
T4,3,1,54,1
T5,4,1,74,2
T6,5,1,113,2
[336]
T1,0,0,161,1
T2,1,0,98,2
T3,2,0,54,2
T4,3,1,92,4
T5,4,0,200,4
T6,5,0,115,7
[337]
T1,0,1,30,2
T2,1,0,58,2
T3,2,1,156,2
T4,3,0,55,2
T5,4,1,100,10
T6,5,1,200,7
[338]
T1,0,1,90,2
T2,1,0,200,2
T3,2,1,25,1
T4,3,0,160,2
T5,4,1,65,6
T6,5,0,58,2
[339]
T1,0,1,60,2
T2,1,0,156,12
T3,2,0,115,3
T4,3,1,200,9
T5,4,1,138,3
T6,5,0,40,2
[340]
T1,0,1,20,1
T2,1,1,135,1
T3,2,0,200,4
T4,3,1,75,3
T5,4,0,185,4
T6,5,0,57,1
[341]
T1,0,1,39,2
T2,1,1,114,1
T3,2,0,85,5
T4,3,0,150,4
T5,4,1,200,2
T6,5,1,136,10
[342]
T1,0,1,104,6
T2,1,0,200,2
T3,2,1,132,9
T4,3,0,169,1
T5,4,0,25,2
T6,5,1,75,1
[343]
T1,0,0,122,7
T2,1,0,120,1
T3,2,0,200,5
T4,3,0,190,15
T5,4,0,45,2
T6,5,0,88,2
[344]
T1,0,0,200,10
T2,1,1,84,7
T3,2,0,170,3
T4,3,1,30,2
T5,4,0,105,2
T6,5,1,84,2
[345]
T1,0,1,84,1
T2,1,1,64,4
T3,2,0,200,4
T4,3,1,148,1
T5,4,0,130,9
T6,5,0,50,2
[346]
T1,0,1,200,1
T2,1,1,69,2
T3,2,1,144,8
T4,3,1,70,2
T5,4,0,176,2
T6,5,0,36,2
[347]
T1,0,0,200,2
T2,1,0,74,2
T3,2,0,63,1
T4,3,0,195,7
T5,4,1,26,2
T6,5,1,54,5
[348]
T1,0,0,80,5
T2,1,0,189,1
T3,2,1,200,8
T4,3,1,25,2
T5,4,1,63,2
T6,5,1,88,3
[349]
T1,0,0,32,1
T2,1,1,186,13
T3,2,1,75,1
T4,3,0,80,2
T5,4,0,78,1
T6,5,1,200,4
[350]
T1,0,0,200,10
T2,1,1,147,1
T3,2,1,79,2
T4,3,1,26,1
T5,4,1,120,8
T6,5,0,175,2
[351]
T1,0,1,200,9
T2,1,1,192,4
T3,2,0,100,4
T4,3,1,68,3
T5,4,0,32,2
T6,5,0,115,2
[352]
T1,0,1,189,11
T2,1,1,117,6
T3,2,0,105,1
T4,3,0,75,1
T5,4,1,39,1
T6,5,1,200,2
[353]
T1,0,1,144,13
T2,1,0,200,6
T3,2,1,123,2
T4,3,1,190,6
T5,4,1,25,2
T6,5,1,78,2
[354]
T1,0,1,72,3
T2,1,1,98,3
T3,2,1,200,7
T4,3,0,184,5
T5,4,1,50,2
T6,5,1,65,2
[355]
T1,0,1,195,2
T2,1,1,126,6
T3,2,1,200,7
T4,3,0,105,1
T5,4,0,26,2
T6,5,1,83,6
[356]
T1,0,0,126,3
T2,1,1,114,2
T3,2,1,175,1
T4,3,1,130,3
T5,4,1,200,19
T6,5,1,25,2
[357]
T1,0,0,73,2
T2,1,1,156,2
T3,2,1,130,1
T4,3,1,200,7
T5,4,0,69,5
T6,5,0,45,1
[358]
T1,0,0,200,10
T2,1,1,154,2
T3,2,1,70,2
T4,3,1,99,2
T5,4,0,30,1
T6,5,1,98,3
[359]
T1,0,0,112,2
T2,1,1,25,1
T3,2,0,180,1
T4,3,1,200,5
T5,4,0,65,2
T6,5,1,99,8
[360]
T1,0,0,200,3
T2,1,1,32,1
T3,2,0,62,2
T4,3,0,180,8
T5,4,0,135,1
T6,5,0,124,4
[361]
T1,0,0,100,4
T2,1,1,25,2
T3,2,1,80,3
T4,3,1,200,4
T5,4,1,153,4
T6,5,0,145,6
[362]
T1,0,1,22,2
T2,1,0,137,3
T3,2,1,132,2
T4,3,1,143,2
T5,4,1,192,23
T6,5,1,200,2
[363]
T1,0,1,120,5
T2,1,0,200,8
T3,2,0,189,10
T4,3,0,131,2
T5,4,0,90,2
T6,5,0,27,1
[364]
T1,0,0,154,2
T2,1,0,55,2
T3,2,1,200,2
T4,3,0,56,2
T5,4,1,99,6
T6,5,0,44,4
[365]
T1,0,0,200,3
T2,1,1,111,8
T3,2,0,56,2
T4,3,1,50,2
T5,4,0,180,3
T6,5,1,95,6
[366]
T1,0,0,168,2
T2,1,1,135,3
T3,2,1,39,2
T4,3,1,91,9
T5,4,0,143,3
T6,5,1,200,6
[367]
T1,0,1,50,2
T2,1,0,172,2
T3,2,0,97,1
T4,3,0,134,2
T5,4,1,200,15
T6,5,0,97,6
[368]
T1,0,1,21,2
T2,1,1,70,2
T3,2,0,120,8
T4,3,0,200,2
T5,4,1,118,6
T6,5,0,191,5
[369]
T1,0,0,200,8
T2,1,0,114,1
T3,2,0,133,3
T4,3,1,180,5
T5,4,0,28,2
T6,5,1,69,2
[370]
T1,0,0,70,1
T2,1,0,165,2
T3,2,0,98,8
T4,3,1,132,3
T5,4,0,21,2
T6,5,1,200,2
[371]
T1,0,1,200,3
T2,1,0,40,1
T3,2,0,176,15
T4,3,1,70,1
T5,4,0,128,2
T6,5,1,54,2
[372]
T1,0,0,82,2
T2,1,0,65,5
T3,2,0,180,2
T4,3,1,200,1
T5,4,0,110,3
T6,5,0,36,2
[373]
T1,0,1,63,2
T2,1,0,147,10
T3,2,0,96,2
T4,3,1,50,2
T5,4,1,200,5
T6,5,0,74,5
[374]
T1,0,0,118,2
T2,1,1,200,2
T3,2,1,172,17
T4,3,0,76,2
T5,4,1,95,3
T6,5,1,50,2
[375]
T1,0,1,160,6
T2,1,1,100,2
T3,2,0,128,3
T4,3,0,43,2
T5,4,0,57,4
T6,5,1,200,2
[376]
T1,0,1,195,2
T2,1,0,107,2
T3,2,1,200,2
T4,3,0,135,11
T5,4,1,78,5
T6,5,0,48,1
[377]
T1,0,1,84,2
T2,1,0,151,4
T3,2,0,200,3
T4,3,1,56,4
T5,4,0,25,1
T6,5,0,121,1
[378]
T1,0,0,72,1
T2,1,0,26,2
T3,2,1,70,2
T4,3,0,63,3
T5,4,0,150,9
T6,5,1,200,2
[379]
T1,0,0,25,2
T2,1,0,85,1
T3,2,1,200,22
T4,3,0,80,2
T5,4,1,178,7
T6,5,1,141,2
[380]
T1,0,0,52,2
T2,1,0,200,8
T3,2,0,95,4
T4,3,1,112,2
T5,4,1,135,2
T6,5,1,175,13
[381]
T1,0,0,30,2
T2,1,0,150,1
T3,2,0,200,24
T4,3,1,118,2
T5,4,0,78,1
T6,5,0,63,1
[382]
T1,0,0,200,11
T2,1,1,60,2
T3,2,0,60,2
T4,3,1,126,1
T5,4,0,42,1
T6,5,0,165,8
[383]
T1,0,1,121,5
T2,1,0,115,4
T3,2,0,200,2
T4,3,0,48,4
T5,4,1,192,4
T6,5,1,140,2
[384]
T1,0,1,162,8
T2,1,1,200,1
T3,2,0,135,1
T4,3,1,36,3
T5,4,1,106,2
T6,5,0,120,2
[385]
T1,0,0,39,1
T2,1,1,200,3
T3,2,1,138,8
T4,3,1,75,2
T5,4,1,130,2
T6,5,0,168,1
[386]
T1,0,1,200,2
T2,1,0,57,1
T3,2,1,55,3
T4,3,0,120,4
T5,4,0,45,1
T6,5,1,189,5
[387]
T1,0,1,200,7
T2,1,0,135,16
T3,2,1,168,2
T4,3,0,112,3
T5,4,1,32,2
T6,5,0,135,2
[388]
T1,0,1,48,2
T2,1,1,200,4
T3,2,0,60,3
T4,3,0,90,2
T5,4,0,107,2
T6,5,1,150,2
[389]
T1,0,0,61,1
T2,1,1,180,6
T3,2,1,90,1
T4,3,1,200,20
T5,4,0,128,2
T6,5,1,20,2
[390]
T1,0,0,50,1
T2,1,1,120,9
T3,2,1,200,3
T4,3,0,113,2
T5,4,0,140,2
T6,5,1,158,4
[391]
T1,0,0,32,1
T2,1,1,200,7
T3,2,0,154,1
T4,3,1,111,3
T5,4,0,96,2
T6,5,1,80,6
[392]
T1,0,0,150,2
T2,1,1,28,2
T3,2,0,200,8
T4,3,1,146,1
T5,4,1,63,5
T6,5,1,71,3
[393]
T1,0,1,65,2
T2,1,1,91,9
T3,2,1,200,11
T4,3,0,90,2
T5,4,0,169,2
T6,5,1,52,2
[394]
T1,0,1,187,6
T2,1,1,28,2
T3,2,1,77,3
T4,3,0,105,6
T5,4,0,200,2
T6,5,0,137,3
[395]
T1,0,1,126,1
T2,1,1,115,9
T3,2,0,135,1
T4,3,0,200,10
T5,4,1,20,2
T6,5,0,175,4
[396]
T1,0,0,86,6
T2,1,0,200,2
T3,2,0,175,1
T4,3,0,42,1
T5,4,1,88,1
T6,5,0,63,3
[397]
T1,0,1,101,2
T2,1,0,200,10
T3,2,0,150,1
T4,3,0,140,9
T5,4,1,27,2
T6,5,0,60,2
[398]
T1,0,1,45,2
T2,1,0,108,1
T3,2,0,90,2
T4,3,0,147,1
T5,4,1,200,28
T6,5,1,154,3
[399]
T1,0,1,78,2
T2,1,1,200,2
T3,2,1,35,2
T4,3,0,88,2
T5,4,0,112,9
T6,5,0,155,5
[400]
T1,0,1,200,12
T2,1,0,80,2
T3,2,0,39,2
T4,3,1,137,6
T5,4,0,65,2
T6,5,0,185,3
[401]
T1,0,0,42,1
T2,1,0,174,2
T3,2,0,145,7
T4,3,1,200,3
T5,4,1,105,2
T6,5,0,80,6
[402]
T1,0,1,150,13
T2,1,1,87,3
T3,2,0,38,2
T4,3,0,114,1
T5,4,0,78,2
T6,5,1,200,10
[403]
T1,0,0,102,7
T2,1,0,200,8
T3,2,0,50,2
T4,3,0,154,1
T5,4,0,105,6
T6,5,0,78,2
[404]
T1,0,0,182,12
T2,1,0,69,2
T3,2,1,200,2
T4,3,0,20,1
T5,4,0,68,2
T6,5,1,84,2
[405]
T1,0,0,59,2
T2,1,1,200,2
T3,2,1,60,3
T4,3,0,107,2
T5,4,0,40,1
T6,5,0,162,8
[406]
T1,0,1,112,2
T2,1,0,153,2
T3,2,0,30,1
T4,3,1,75,2
T5,4,0,76,7
T6,5,0,200,5
[407]
T1,0,0,146,6
T2,1,1,100,4
T3,2,1,25,2
T4,3,1,180,9
T5,4,1,127,4
T6,5,1,200,2
[408]
T1,0,0,56,1
T2,1,0,63,2
T3,2,1,200,7
T4,3,0,24,2
T5,4,0,96,6
T6,5,1,195,1
[409]
T1,0,0,27,1
T2,1,0,96,2
T3,2,1,104,1
T4,3,1,192,5
T5,4,0,200,2
T6,5,0,64,2
[410]
T1,0,1,64,1
T2,1,1,120,2
T3,2,0,200,13
T4,3,0,175,2
T5,4,0,39,2
T6,5,1,59,6
[411]
T1,0,0,110,1
T2,1,1,192,11
T3,2,1,25,1
T4,3,1,118,7
T5,4,0,100,2
T6,5,0,200,2
[412]
T1,0,0,107,2
T2,1,1,150,3
T3,2,0,100,1
T4,3,1,57,5
T5,4,0,42,2
T6,5,1,200,10
[413]
T1,0,1,180,1
T2,1,0,127,7
T3,2,0,200,2
T4,3,0,68,6
T5,4,1,66,2
T6,5,1,30,2
[414]
T1,0,1,192,13
T2,1,1,200,4
T3,2,0,33,2
T4,3,0,76,1
T5,4,0,102,4
T6,5,1,85,3
[415]
T1,0,0,54,2
T2,1,1,108,13
T3,2,1,180,2
T4,3,1,93,3
T5,4,0,200,2
T6,5,0,48,2
[416]
T1,0,0,70,3
T2,1,1,107,5
T3,2,0,152,6
T4,3,1,28,2
T5,4,1,200,9
T6,5,1,145,1
[417]
T1,0,0,44,3
T2,1,1,88,1
T3,2,0,73,2
T4,3,1,200,6
T5,4,1,129,3
T6,5,1,165,2
[418]
T1,0,1,200,24
T2,1,0,52,1
T3,2,1,195,5
T4,3,1,78,2
T5,4,0,130,2
T6,5,1,96,2
[419]
T1,0,1,27,2
T2,1,0,84,4
T3,2,0,150,12
T4,3,0,200,5
T5,4,1,117,1
T6,5,0,83,1
[420]
T1,0,0,50,5
T2,1,0,95,2
T3,2,1,198,5
T4,3,0,144,1
T5,4,0,200,5
T6,5,0,107,2
[421]
T1,0,1,114,1
T2,1,0,200,5
T3,2,0,36,2
T4,3,0,55,6
T5,4,0,165,4
T6,5,0,85,2
[422]
T1,0,0,100,4
T2,1,1,98,7
T3,2,0,200,1
T4,3,0,30,2
T5,4,0,74,1
T6,5,0,184,8
[423]
T1,0,0,196,5
T2,1,1,35,1
T3,2,0,106,2
T4,3,1,200,13
T5,4,0,74,4
T6,5,0,140,2
[424]
T1,0,0,182,4
T2,1,1,100,2
T3,2,0,52,1
T4,3,1,200,2
T5,4,1,135,7
T6,5,1,132,9
[425]
T1,0,1,105,4
T2,1,0,30,2
T3,2,1,199,1
T4,3,0,84,5
T5,4,1,56,2
T6,5,0,200,6
[426]
T1,0,1,44,1
T2,1,0,200,18
T3,2,0,116,2
T4,3,0,59,1
T5,4,1,154,1
T6,5,0,100,3
[427]
T1,0,0,172,5
T2,1,0,48,1
T3,2,0,66,1
T4,3,0,56,2
T5,4,0,96,4
T6,5,0,200,9
[428]
T1,0,1,170,8
T2,1,0,200,6
T3,2,1,102,5
T4,3,0,87,1
T5,4,1,72,1
T6,5,0,30,2
[429]
T1,0,0,105,2
T2,1,1,200,7
T3,2,0,98,2
T4,3,0,155,1
T5,4,0,42,1
T6,5,0,115,7
[430]
T1,0,0,154,7
T2,1,1,91,4
T3,2,1,147,2
T4,3,1,63,2
T5,4,0,30,1
T6,5,0,200,4
[431]
T1,0,1,126,1
T2,1,1,30,1
T3,2,1,132,4
T4,3,0,200,3
T5,4,0,176,16
T6,5,0,77,2
[432]
T1,0,1,114,4
T2,1,1,200,2
T3,2,1,92,6
T4,3,1,28,2
T5,4,1,165,6
T6,5,0,105,1
[433]
T1,0,1,101,6
T2,1,0,150,3
T3,2,0,45,2
T4,3,0,106,5
T5,4,0,200,1
T6,5,0,90,4
[434]
T1,0,1,73,3
T2,1,0,137,10
T3,2,0,36,2
T4,3,1,120,5
T5,4,1,180,4
T6,5,1,200,2
[435]
T1,0,1,117,6
T2,1,0,200,3
T3,2,1,90,5
T4,3,1,66,2
T5,4,1,180,1
T6,5,0,40,2
[436]
T1,0,0,20,2
T2,1,1,200,3
T3,2,0,100,2
T4,3,0,57,3
T5,4,1,65,5
T6,5,1,180,3
[437]
T1,0,1,38,2
T2,1,0,200,3
T3,2,0,78,3
T4,3,1,112,3
T5,4,1,190,10
T6,5,0,95,3
[438]
T1,0,1,96,9
T2,1,1,61,2
T3,2,1,200,6
T4,3,1,55,1
T5,4,1,37,2
T6,5,0,185,6
[439]
T1,0,0,43,2
T2,1,0,80,1
T3,2,1,108,1
T4,3,0,150,15
T5,4,1,82,2
T6,5,1,200,1
[440]
T1,0,1,26,2
T2,1,0,124,3
T3,2,1,132,1
T4,3,0,200,20
T5,4,1,195,2
T6,5,1,56,2
[441]
T1,0,1,80,2
T2,1,1,30,1
T3,2,1,200,6
T4,3,0,95,1
T5,4,0,152,2
T6,5,0,77,2
[442]
T1,0,1,54,2
T2,1,0,70,1
T3,2,0,152,3
T4,3,0,98,1
T5,4,1,200,6
T6,5,1,50,3
[443]
T1,0,0,30,2
T2,1,0,200,12
T3,2,1,154,2
T4,3,1,60,5
T5,4,1,132,2
T6,5,0,130,2
[444]
T1,0,1,40,2
T2,1,0,56,2
T3,2,1,200,3
T4,3,0,105,1
T5,4,1,190,15
T6,5,1,84,2
[445]
T1,0,0,24,1
T2,1,1,72,1
T3,2,0,88,2
T4,3,0,180,3
T5,4,0,121,9
T6,5,0,200,1
[446]
T1,0,0,98,6
T2,1,1,200,6
T3,2,0,56,1
T4,3,0,154,4
T5,4,1,70,2
T6,5,1,50,1
[447]
T1,0,0,200,1
T2,1,0,70,2
T3,2,1,158,8
T4,3,0,36,2
T5,4,0,139,4
T6,5,0,90,2
[448]
T1,0,1,161,16
T2,1,1,147,6
T3,2,1,42,2
T4,3,1,129,2
T5,4,0,200,2
T6,5,0,138,2
[449]
T1,0,0,112,1
T2,1,1,21,1
T3,2,1,136,5
T4,3,0,76,1
T5,4,1,200,2
T6,5,0,168,8
[450]
T1,0,0,88,1
T2,1,0,200,2
T3,2,1,30,3
T4,3,0,70,2
T5,4,0,84,3
T6,5,1,159,3
[451]
T1,0,1,33,1
T2,1,0,200,1
T3,2,1,81,6
T4,3,1,162,2
T5,4,0,125,4
T6,5,0,122,2
[452]
T1,0,1,200,4
T2,1,1,190,3
T3,2,0,110,2
T4,3,0,55,3
T5,4,0,44,2
T6,5,0,69,4
[453]
T1,0,1,106,6
T2,1,0,68,2
T3,2,0,160,2
T4,3,0,46,2
T5,4,1,64,2
T6,5,1,200,6
[454]
T1,0,0,200,2
T2,1,0,81,2
T3,2,0,185,1
T4,3,0,60,1
T5,4,0,128,11
T6,5,0,50,4
[455]
T1,0,0,200,2
T2,1,0,105,10
T3,2,0,50,1
T4,3,1,75,2
T5,4,0,187,2
T6,5,0,84,5
[456]
T1,0,0,165,2
T2,1,1,75,2
T3,2,1,200,3
T4,3,1,68,1
T5,4,0,30,2
T6,5,1,62,1
[457]
T1,0,0,84,2
T2,1,0,123,2
T3,2,1,162,18
T4,3,1,90,3
T5,4,1,27,2
T6,5,0,200,5
[458]
T1,0,1,73,3
T2,1,1,130,1
T3,2,1,61,4
T4,3,1,150,5
T5,4,0,200,2
T6,5,0,48,2
[459]
T1,0,1,189,3
T2,1,0,200,12
T3,2,0,122,1
T4,3,0,36,2
T5,4,1,70,3
T6,5,0,104,5
[460]
T1,0,1,48,2
T2,1,1,130,2
T3,2,0,200,7
T4,3,1,144,7
T5,4,0,90,7
T6,5,0,180,2
[461]
T1,0,0,45,2
T2,1,1,101,2
T3,2,1,80,2
T4,3,0,189,7
T5,4,0,200,15
T6,5,0,104,1
[462]
T1,0,0,200,14
T2,1,0,88,1
T3,2,0,160,2
T4,3,1,130,2
T5,4,0,100,2
T6,5,1,33,3
[463]
T1,0,1,90,8
T2,1,1,114,2
T3,2,0,20,2
T4,3,1,135,10
T5,4,0,200,2
T6,5,0,153,2
[464]
T1,0,1,41,1
T2,1,0,84,1
T3,2,1,82,4
T4,3,1,60,1
T5,4,1,175,10
T6,5,1,200,2
[465]
T1,0,1,27,2
T2,1,1,115,6
T3,2,1,70,1
T4,3,1,184,3
T5,4,1,105,9
T6,5,1,200,1
[466]
T1,0,0,60,1
T2,1,1,168,8
T3,2,1,42,2
T4,3,0,87,2
T5,4,1,62,1
T6,5,0,200,4
[467]
T1,0,0,56,3
T2,1,1,48,1
T3,2,0,200,13
T4,3,1,128,1
T5,4,0,150,2
T6,5,0,60,1
[468]
T1,0,1,139,1
T2,1,0,200,5
T3,2,0,186,6
T4,3,1,50,2
T5,4,0,98,12
T6,5,0,84,2
[469]
T1,0,1,45,2
T2,1,0,155,9
T3,2,0,100,4
T4,3,0,88,2
T5,4,1,200,4
T6,5,1,143,7
[470]
T1,0,1,187,4
T2,1,1,134,2
T3,2,1,88,1
T4,3,1,75,1
T5,4,1,22,2
T6,5,1,200,18
[471]
T1,0,0,35,1
T2,1,0,102,2
T3,2,1,173,4
T4,3,1,200,6
T5,4,0,60,3
T6,5,1,75,2
[472]
T1,0,0,81,2
T2,1,1,144,1
T3,2,1,60,2
T4,3,1,200,14
T5,4,0,35,1
T6,5,1,192,9
[473]
T1,0,0,123,2
T2,1,1,160,6
T3,2,1,200,6
T4,3,0,20,1
T5,4,1,66,1
T6,5,1,121,4
[474]
T1,0,1,32,1
T2,1,1,195,8
T3,2,1,115,2
T4,3,0,120,12
T5,4,1,95,2
T6,5,0,200,2
[475]
T1,0,0,200,4
T2,1,0,171,5
T3,2,1,28,2
T4,3,0,91,6
T5,4,1,108,1
T6,5,1,133,7
[476]
T1,0,1,32,1
T2,1,0,168,2
T3,2,0,112,4
T4,3,1,90,1
T5,4,1,200,2
T6,5,1,72,4
[477]
T1,0,1,150,1
T2,1,0,200,2
T3,2,1,79,1
T4,3,0,25,2
T5,4,1,86,4
T6,5,1,76,2
[478]
T1,0,1,80,5
T2,1,1,200,7
T3,2,0,175,2
T4,3,1,146,5
T5,4,1,48,1
T6,5,0,62,1
[479]
T1,0,0,147,10
T2,1,1,50,2
T3,2,0,195,9
T4,3,1,200,13
T5,4,1,88,2
T6,5,1,120,2
[480]
T1,0,0,99,2
T2,1,0,30,2
T3,2,1,170,1
T4,3,1,60,2
T5,4,1,74,5
T6,5,1,200,9
[481]
T1,0,1,95,4
T2,1,1,120,7
T3,2,1,200,2
T4,3,0,61,3
T5,4,0,150,1
T6,5,0,26,2
[482]
T1,0,0,200,3
T2,1,1,176,4
T3,2,1,78,2
T4,3,0,103,2
T5,4,0,100,4
T6,5,0,22,2
[483]
T1,0,0,170,1
T2,1,0,70,1
T3,2,0,200,17
T4,3,1,40,2
T5,4,1,147,2
T6,5,0,56,2
[484]
T1,0,1,80,3
T2,1,1,79,5
T3,2,0,120,3
T4,3,1,200,2
T5,4,1,168,2
T6,5,1,48,2
[485]
T1,0,0,152,9
T2,1,1,40,1
T3,2,1,112,1
T4,3,0,200,1
T5,4,1,123,3
T6,5,0,88,4
[486]
T1,0,0,200,3
T2,1,0,150,4
T3,2,0,99,5
T4,3,1,36,2
T5,4,0,140,7
T6,5,0,66,2
[487]
T1,0,0,88,2
T2,1,0,121,6
T3,2,1,156,2
T4,3,1,50,2
T5,4,1,200,22
T6,5,0,137,3
[488]
T1,0,0,78,4
T2,1,0,200,6
T3,2,0,195,2
T4,3,1,51,2
T5,4,1,114,6
T6,5,0,78,1
[489]
T1,0,0,25,1
T2,1,1,67,2
T3,2,1,77,2
T4,3,0,100,2
T5,4,0,200,6
T6,5,1,182,12
[490]
T1,0,1,200,6
T2,1,1,64,2
T3,2,1,55,1
T4,3,1,129,9
T5,4,1,168,2
T6,5,0,42,1
[491]
T1,0,0,200,2
T2,1,1,67,1
T3,2,1,96,6
T4,3,0,84,6
T5,4,1,42,2
T6,5,1,164,4
[492]
T1,0,1,76,2
T2,1,0,185,3
T3,2,0,117,1
T4,3,1,95,9
T5,4,1,50,2
T6,5,0,200,3
[493]
T1,0,1,95,2
T2,1,1,195,19
T3,2,1,57,2
T4,3,1,200,1
T5,4,0,65,1
T6,5,0,40,2
[494]
T1,0,1,62,1
T2,1,0,130,3
T3,2,1,200,3
T4,3,0,29,2
T5,4,1,160,6
T6,5,0,100,6
[495]
T1,0,1,200,9
T2,1,0,82,2
T3,2,1,56,2
T4,3,1,168,2
T5,4,0,84,11
T6,5,0,36,2
[496]
T1,0,1,185,5
T2,1,1,52,2
T3,2,0,200,2
T4,3,1,56,3
T5,4,1,70,2
T6,5,0,96,5
[497]
T1,0,0,138,2
T2,1,0,150,2
T3,2,1,80,3
T4,3,0,200,5
T5,4,0,126,6
T6,5,0,32,1
[498]
T1,0,1,174,2
T2,1,1,70,1
T3,2,1,135,2
T4,3,0,63,3
T5,4,1,29,2
T6,5,0,200,3
[499]
T1,0,1,148,4
T2,1,0,109,5
T3,2,0,200,2
T4,3,1,105,6
T5,4,1,50,2
T6,5,1,70,1
[500]
T1,0,0,200,5
T2,1,1,66,1
T3,2,0,99,3
T4,3,1,132,2
T5,4,0,45,3
T6,5,1,189,6
