num_task_per_taskset=6
num_taskset=500
//ID,Priority,Offset,Period,Execution Time
[1]
T1,0,0,120,8
T2,1,1,30,2
T3,2,1,189,3
T4,3,1,73,4
T5,4,0,200,4
T6,5,0,64,1
[2]
T1,0,0,144,1
T2,1,0,200,11
T3,2,1,122,2
T4,3,0,93,4
T5,4,1,160,10
T6,5,0,31,2
[3]
T1,0,0,200,2
T2,1,1,25,2
T3,2,0,96,2
T4,3,1,72,5
T5,4,0,189,10
T6,5,0,128,5
[4]
T1,0,0,24,2
T2,1,1,136,3
T3,2,0,75,2
T4,3,0,200,6
T5,4,1,183,14
T6,5,0,144,5
[5]
T1,0,1,140,2
T2,1,0,43,2
T3,2,1,57,2
T4,3,1,168,8
T5,4,0,84,2
T6,5,0,200,2
[6]
T1,0,0,39,1
T2,1,0,198,2
T3,2,0,76,5
T4,3,1,135,1
T5,4,1,200,12
T6,5,0,54,1
[7]
T1,0,0,65,1
T2,1,1,200,9
T3,2,1,95,2
T4,3,0,38,2
T5,4,1,171,8
T6,5,0,135,4
[8]
T1,0,1,200,15
T2,1,1,33,2
T3,2,1,112,2
T4,3,0,165,11
T5,4,0,125,1
T6,5,1,58,2
[9]
T1,0,1,34,2
T2,1,1,56,2
T3,2,1,184,22
T4,3,0,104,2
T5,4,1,200,7
T6,5,1,136,2
[10]
T1,0,0,95,2
T2,1,0,40,1
T3,2,0,110,2
T4,3,1,180,5
T5,4,1,145,3
T6,5,1,200,12
[11]
T1,0,0,37,2
T2,1,0,78,5
T3,2,0,130,12
T4,3,1,60,1
T5,4,0,200,2
T6,5,1,148,1
[12]
T1,0,0,103,4
T2,1,0,200,2
T3,2,1,80,2
T4,3,0,161,3
T5,4,0,70,5
T6,5,1,26,1
[13]
T1,0,0,175,5
T2,1,1,200,4
T3,2,0,112,3
T4,3,0,69,1
T5,4,1,89,3
T6,5,1,50,2
[14]
T1,0,1,74,6
T2,1,1,165,9
T3,2,0,136,3
T4,3,1,33,2
T5,4,0,200,2
T6,5,1,72,1
[15]
T1,0,0,200,3
T2,1,1,190,3
T3,2,1,144,3
T4,3,1,38,2
T5,4,1,108,3
T6,5,0,77,3
[16]
T1,0,0,126,9
T2,1,0,26,2
T3,2,1,116,1
T4,3,1,200,11
T5,4,0,125,2
T6,5,1,195,2
[17]
T1,0,0,21,2
T2,1,0,136,4
T3,2,0,102,9
T4,3,0,200,1
T5,4,0,175,3
T6,5,1,62,1
[18]
T1,0,1,200,7
T2,1,0,160,1
T3,2,0,93,4
T4,3,0,50,1
T5,4,0,105,6
T6,5,1,71,2
[19]
T1,0,1,34,2
T2,1,1,102,2
T3,2,1,69,5
T4,3,0,200,11
T5,4,1,55,2
T6,5,1,187,6
[20]
T1,0,0,135,2
T2,1,0,99,2
T3,2,1,190,15
T4,3,1,36,2
T5,4,1,200,2
T6,5,0,55,4
[21]
T1,0,0,105,2
T2,1,1,60,3
T3,2,0,200,2
T4,3,1,131,5
T5,4,0,172,10
T6,5,1,21,2
[22]
T1,0,0,200,1
T2,1,0,120,2
T3,2,0,56,2
T4,3,0,20,1
T5,4,0,122,7
T6,5,1,166,7
[23]
T1,0,1,49,1
T2,1,1,130,1
T3,2,0,189,2
T4,3,0,144,10
T5,4,0,112,2
T6,5,1,200,11
[24]
T1,0,1,195,11
T2,1,1,118,1
T3,2,0,106,2
T4,3,1,60,2
T5,4,0,200,18
T6,5,0,40,2
[25]
T1,0,0,160,2
T2,1,1,80,2
T3,2,1,200,5
T4,3,1,90,4
T5,4,0,135,12
T6,5,0,21,2
[26]
T1,0,1,121,7
T2,1,1,100,2
T3,2,1,125,2
T4,3,0,162,3
T5,4,0,200,18
T6,5,0,22,2
[27]
T1,0,0,51,2
T2,1,0,84,3
T3,2,0,189,1
T4,3,0,200,20
T5,4,0,136,2
T6,5,1,125,4
[28]
T1,0,0,38,1
T2,1,1,75,3
T3,2,0,141,2
T4,3,0,57,2
T5,4,0,156,10
T6,5,1,200,3
[29]
T1,0,1,23,2
T2,1,0,60,4
T3,2,0,200,6
T4,3,1,115,3
T5,4,0,164,3
T6,5,1,140,5
[30]
T1,0,0,128,5
T2,1,0,152,2
T3,2,0,136,17
T4,3,0,200,2
T5,4,1,55,2
T6,5,1,20,2
[31]
T1,0,0,34,2
T2,1,0,200,2
T3,2,1,56,2
T4,3,0,85,3
T5,4,1,190,8
T6,5,0,112,3
[32]
T1,0,1,200,18
T2,1,0,78,2
T3,2,1,182,1
T4,3,0,117,1
T5,4,1,83,4
T6,5,1,27,2
[33]
T1,0,0,60,2
T2,1,1,200,4
T3,2,0,190,4
T4,3,0,108,4
T5,4,1,38,1
T6,5,1,131,3
[34]
T1,0,1,200,7
T2,1,0,60,2
T3,2,0,184,10
T4,3,1,127,3
T5,4,1,95,3
T6,5,1,48,2
[35]
T1,0,0,100,2
T2,1,0,33,2
T3,2,1,84,2
T4,3,1,200,9
T5,4,1,175,9
T6,5,0,110,7
[36]
T1,0,1,176,11
T2,1,1,200,4
T3,2,0,126,2
T4,3,1,34,2
T5,4,0,132,1
T6,5,1,68,5
[37]
T1,0,0,150,2
T2,1,1,112,3
T3,2,0,91,4
T4,3,0,200,11
T5,4,1,100,4
T6,5,1,31,2
[38]
T1,0,1,25,2
T2,1,0,94,3
T3,2,1,112,1
T4,3,1,168,9
T5,4,1,200,4
T6,5,0,69,3
[39]
T1,0,1,140,3
T2,1,0,35,1
T3,2,0,140,5
T4,3,0,186,2
T5,4,1,75,1
T6,5,1,200,10
[40]
T1,0,0,56,2
T2,1,0,188,4
T3,2,1,140,2
T4,3,1,107,7
T5,4,1,42,2
T6,5,0,200,7
[41]
T1,0,0,134,1
T2,1,0,67,2
T3,2,0,30,2
T4,3,0,67,2
T5,4,1,176,2
T6,5,0,200,15
[42]
T1,0,0,60,1
T2,1,0,94,2
T3,2,1,48,1
T4,3,0,200,12
T5,4,1,144,9
T6,5,1,174,2
[43]
T1,0,1,126,10
T2,1,1,100,5
T3,2,1,76,1
T4,3,0,180,2
T5,4,0,200,2
T6,5,1,38,1
[44]
T1,0,0,85,5
T2,1,1,24,2
T3,2,0,200,4
T4,3,0,160,3
T5,4,0,136,7
T6,5,1,95,2
[45]
T1,0,0,200,10
T2,1,0,89,1
T3,2,0,180,1
T4,3,1,89,2
T5,4,0,90,6
T6,5,0,30,1
[46]
T1,0,1,164,3
T2,1,1,200,2
T3,2,0,105,2
T4,3,0,105,10
T5,4,0,41,1
T6,5,1,138,1
[47]
T1,0,1,164,2
T2,1,0,114,2
T3,2,1,40,3
T4,3,0,124,2
T5,4,0,120,9
T6,5,0,200,2
[48]
T1,0,0,200,5
T2,1,1,72,2
T3,2,1,35,1
T4,3,1,98,2
T5,4,1,84,2
T6,5,1,156,12
[49]
T1,0,0,200,12
T2,1,1,190,2
T3,2,0,27,2
T4,3,0,55,2
T5,4,1,133,2
T6,5,1,84,1
[50]
T1,0,1,165,6
T2,1,1,77,2
T3,2,1,58,2
T4,3,0,200,5
T5,4,0,84,9
T6,5,0,42,2
[51]
T1,0,1,200,1
T2,1,0,99,5
T3,2,1,152,4
T4,3,0,71,3
T5,4,1,71,2
T6,5,0,24,2
[52]
T1,0,0,200,10
T2,1,0,144,2
T3,2,1,64,2
T4,3,0,100,6
T5,4,1,190,7
T6,5,1,33,2
[53]
T1,0,0,126,1
T2,1,0,184,7
T3,2,0,200,1
T4,3,0,99,7
T5,4,1,45,2
T6,5,1,100,2
[54]
T1,0,1,180,3
T2,1,0,56,2
T3,2,1,49,2
T4,3,1,144,9
T5,4,0,100,2
T6,5,1,200,13
[55]
T1,0,1,35,2
T2,1,1,70,1
T3,2,0,129,7
T4,3,0,75,2
T5,4,0,185,9
T6,5,1,200,11
[56]
T1,0,0,124,1
T2,1,1,200,13
T3,2,1,55,2
T4,3,0,85,1
T5,4,0,180,5
T6,5,1,33,2
[57]
T1,0,1,60,2
T2,1,1,200,2
T3,2,0,112,6
T4,3,0,66,4
T5,4,0,35,2
T6,5,1,160,1
[58]
T1,0,1,170,10
T2,1,0,66,3
T3,2,1,40,1
T4,3,1,200,2
T5,4,1,126,1
T6,5,0,126,2
[59]
T1,0,0,90,2
T2,1,1,105,2
T3,2,1,36,1
T4,3,1,161,4
T5,4,0,121,3
T6,5,1,200,10
[60]
T1,0,1,190,2
T2,1,0,132,9
T3,2,1,132,2
T4,3,1,129,8
T5,4,0,32,2
T6,5,1,200,3
[61]
T1,0,1,200,4
T2,1,0,52,3
T3,2,1,168,5
T4,3,1,60,1
T5,4,0,70,1
T6,5,1,55,1
[62]
T1,0,1,165,7
T2,1,0,59,2
T3,2,0,140,3
T4,3,1,200,4
T5,4,1,48,4
T6,5,0,135,2
[63]
T1,0,1,160,3
T2,1,0,35,2
T3,2,0,87,6
T4,3,0,94,2
T5,4,0,70,2
T6,5,0,200,8
[64]
T1,0,0,63,2
T2,1,1,200,4
T3,2,0,21,2
T4,3,0,119,11
T5,4,1,96,1
T6,5,0,160,4
[65]
T1,0,0,200,4
T2,1,0,175,2
T3,2,1,106,3
T4,3,0,75,4
T5,4,1,55,1
T6,5,0,51,2
[66]
T1,0,1,200,18
T2,1,0,138,2
T3,2,0,55,2
T4,3,1,160,10
T5,4,1,44,2
T6,5,0,145,4
[67]
T1,0,0,88,6
T2,1,0,60,2
T3,2,0,48,2
T4,3,0,200,4
T5,4,1,188,8
T6,5,0,140,1
[68]
T1,0,0,60,2
T2,1,0,139,4
T3,2,0,160,2
T4,3,1,147,2
T5,4,1,32,3
T6,5,0,200,4
[69]
T1,0,1,20,2
T2,1,1,200,4
T3,2,0,90,2
T4,3,1,70,4
T5,4,0,58,1
T6,5,0,180,10
[70]
T1,0,0,143,3
T2,1,0,43,1
T3,2,0,172,1
T4,3,1,200,6
T5,4,0,85,8
T6,5,0,120,1
[71]
T1,0,1,30,2
T2,1,0,77,1
T3,2,1,70,3
T4,3,0,167,6
T5,4,0,200,1
T6,5,0,105,2
[72]
T1,0,1,57,2
T2,1,0,114,2
T3,2,0,100,4
T4,3,1,196,4
T5,4,0,200,13
T6,5,1,35,1
[73]
T1,0,0,78,5
T2,1,1,100,3
T3,2,0,195,2
T4,3,0,30,2
T5,4,1,200,1
T6,5,1,55,3
[74]
T1,0,0,87,4
T2,1,0,108,7
T3,2,0,188,4
T4,3,1,47,1
T5,4,0,120,1
T6,5,0,200,1
[75]
T1,0,0,96,4
T2,1,0,153,2
T3,2,0,25,2
T4,3,1,80,4
T5,4,0,200,5
T6,5,0,74,3
[76]
T1,0,1,180,4
T2,1,1,140,3
T3,2,1,146,1
T4,3,0,200,22
T5,4,0,73,1
T6,5,0,45,2
[77]
T1,0,1,133,2
T2,1,1,42,1
T3,2,1,104,2
T4,3,1,200,6
T5,4,1,105,2
T6,5,1,195,21
[78]
T1,0,0,56,2
T2,1,0,129,5
T3,2,0,200,9
T4,3,0,195,8
T5,4,0,104,2
T6,5,1,26,1
[79]
T1,0,0,200,14
T2,1,0,36,2
T3,2,1,120,1
T4,3,1,180,2
T5,4,1,63,2
T6,5,1,63,4
[80]
T1,0,1,88,2
T2,1,0,200,4
T3,2,1,105,2
T4,3,0,57,7
T5,4,1,52,2
T6,5,1,182,1
[81]
T1,0,1,200,1
T2,1,0,162,7
T3,2,1,34,2
T4,3,1,108,11
T5,4,1,85,1
T6,5,0,108,2
[82]
T1,0,0,76,5
T2,1,1,200,2
T3,2,1,159,1
T4,3,1,80,2
T5,4,1,75,5
T6,5,1,35,2
[83]
T1,0,0,155,6
T2,1,1,93,3
T3,2,1,91,2
T4,3,0,200,2
T5,4,0,31,3
T6,5,0,68,1
[84]
T1,0,0,50,1
T2,1,0,106,2
T3,2,1,191,9
T4,3,0,200,14
T5,4,1,55,1
T6,5,0,80,2
[85]
T1,0,1,154,1
T2,1,1,75,1
T3,2,0,200,1
T4,3,1,84,2
T5,4,1,55,2
T6,5,0,36,4
[86]
T1,0,1,200,8
T2,1,1,170,9
T3,2,1,126,2
T4,3,0,35,1
T5,4,1,60,2
T6,5,1,142,7
[87]
T1,0,1,75,2
T2,1,1,64,2
T3,2,0,84,1
T4,3,0,162,9
T5,4,1,24,2
T6,5,0,200,10
[88]
T1,0,1,152,9
T2,1,1,84,2
T3,2,0,134,2
T4,3,0,100,6
T5,4,0,45,2
T6,5,1,200,11
[89]
T1,0,0,154,2
T2,1,0,84,2
T3,2,0,84,6
T4,3,1,102,1
T5,4,0,200,10
T6,5,1,33,2
[90]
T1,0,0,108,3
T2,1,0,92,1
T3,2,0,48,1
T4,3,1,200,22
T5,4,0,168,2
T6,5,1,112,2
[91]
T1,0,0,100,6
T2,1,0,154,3
T3,2,1,144,4
T4,3,1,20,2
T5,4,0,124,6
T6,5,1,200,1
[92]
T1,0,1,37,1
T2,1,1,90,6
T3,2,1,175,3
T4,3,0,200,5
T5,4,1,90,3
T6,5,1,70,2
[93]
T1,0,1,192,3
T2,1,1,82,2
T3,2,1,200,3
T4,3,1,146,1
T5,4,1,96,4
T6,5,1,40,2
[94]
T1,0,1,106,6
T2,1,1,200,8
T3,2,1,75,1
T4,3,1,48,1
T5,4,1,144,5
T6,5,1,195,2
[95]
T1,0,0,168,8
T2,1,0,200,3
T3,2,1,122,6
T4,3,1,121,5
T5,4,1,44,2
T6,5,0,84,1
[96]
T1,0,0,54,2
T2,1,0,126,5
T3,2,0,91,3
T4,3,1,39,1
T5,4,1,189,4
T6,5,0,200,8
[97]
T1,0,0,104,5
T2,1,1,200,3
T3,2,0,183,4
T4,3,1,63,2
T5,4,0,40,2
T6,5,1,61,2
[98]
T1,0,0,200,11
T2,1,1,133,2
T3,2,1,101,1
T4,3,1,148,11
T5,4,1,100,2
T6,5,1,35,2
[99]
T1,0,0,119,3
T2,1,1,56,2
T3,2,0,76,2
T4,3,1,200,5
T5,4,0,152,9
T6,5,1,23,1
[100]
T1,0,1,90,2
T2,1,1,200,21
T3,2,0,75,1
T4,3,0,44,2
T5,4,0,175,2
T6,5,0,144,5
[101]
T1,0,0,69,4
T2,1,0,128,2
T3,2,1,200,4
T4,3,1,132,5
T5,4,1,165,6
T6,5,1,24,2
[102]
T1,0,1,180,1
T2,1,1,114,11
T3,2,0,99,2
T4,3,0,50,1
T5,4,1,200,8
T6,5,0,97,2
[103]
T1,0,0,100,3
T2,1,1,176,10
T3,2,1,77,2
T4,3,0,200,3
T5,4,0,40,1
T6,5,0,59,1
[104]
T1,0,0,120,1
T2,1,0,150,10
T3,2,1,52,3
T4,3,0,84,1
T5,4,1,101,2
T6,5,1,200,2
[105]
T1,0,0,48,2
T2,1,1,140,2
T3,2,1,125,6
T4,3,1,134,6
T5,4,0,200,1
T6,5,0,176,12
[106]
T1,0,1,162,2
T2,1,0,200,14
T3,2,0,70,4
T4,3,1,50,2
T5,4,0,124,2
T6,5,0,81,3
[107]
T1,0,0,34,1
T2,1,1,86,1
T3,2,1,200,3
T4,3,1,108,5
T5,4,0,162,2
T6,5,1,135,11
[108]
T1,0,1,154,2
T2,1,0,200,4
T3,2,0,22,1
T4,3,1,105,1
T5,4,1,66,5
T6,5,0,133,2
[109]
T1,0,1,75,2
T2,1,0,35,2
T3,2,0,132,1
T4,3,1,170,13
T5,4,1,74,2
T6,5,1,200,2
[110]
T1,0,0,200,5
T2,1,0,146,4
T3,2,0,150,4
T4,3,0,68,3
T5,4,1,30,1
T6,5,0,112,3
[111]
T1,0,1,75,7
T2,1,0,200,2
T3,2,0,24,2
T4,3,1,64,1
T5,4,0,171,2
T6,5,1,122,4
[112]
T1,0,1,200,5
T2,1,0,58,3
T3,2,1,66,1
T4,3,1,48,3
T5,4,0,176,2
T6,5,1,113,2
[113]
T1,0,1,200,2
T2,1,1,128,9
T3,2,1,26,2
T4,3,0,175,3
T5,4,0,60,2
T6,5,0,104,2
[114]
T1,0,1,118,2
T2,1,1,105,4
T3,2,0,142,2
T4,3,1,48,2
T5,4,0,168,6
T6,5,1,200,16
[115]
T1,0,1,177,8
T2,1,0,30,1
T3,2,0,97,2
T4,3,1,64,2
T5,4,0,200,2
T6,5,0,64,2
[116]
T1,0,1,153,2
T2,1,1,119,2
T3,2,0,34,2
T4,3,1,200,7
T5,4,0,88,9
T6,5,0,70,2
[117]
T1,0,0,68,1
T2,1,1,109,2
T3,2,1,88,4
T4,3,0,50,2
T5,4,0,200,11
T6,5,1,184,2
[118]
T1,0,0,162,2
T2,1,0,66,4
T3,2,1,60,1
T4,3,0,108,4
T5,4,0,50,2
T6,5,0,200,5
[119]
T1,0,0,115,2
T2,1,1,150,2
T3,2,1,62,2
T4,3,0,110,9
T5,4,1,33,2
T6,5,1,200,3
[120]
T1,0,0,176,2
T2,1,1,100,8
T3,2,1,54,3
T4,3,1,103,2
T5,4,0,200,1
T6,5,1,27,2
[121]
T1,0,1,42,6
T2,1,0,65,2
T3,2,0,120,2
T4,3,1,84,2
T5,4,0,182,4
T6,5,0,200,2
[122]
T1,0,0,84,4
T2,1,1,200,2
T3,2,1,175,4
T4,3,0,79,2
T5,4,1,44,1
T6,5,0,75,4
[123]
T1,0,0,200,1
T2,1,0,190,26
T3,2,1,78,2
T4,3,1,100,1
T5,4,1,44,1
T6,5,1,114,2
[124]
T1,0,0,128,4
T2,1,1,156,1
T3,2,0,125,3
T4,3,1,30,1
T5,4,0,200,9
T6,5,1,68,1
[125]
T1,0,0,60,2
T2,1,1,200,1
T3,2,1,20,2
T4,3,1,129,2
T5,4,1,165,2
T6,5,1,138,18
[126]
T1,0,0,200,5
T2,1,1,27,2
T3,2,0,95,8
T4,3,0,57,2
T5,4,1,192,8
T6,5,1,60,1
[127]
T1,0,1,139,3
T2,1,0,85,2
T3,2,1,60,3
T4,3,0,200,11
T5,4,1,20,2
T6,5,0,160,6
[128]
T1,0,0,168,5
T2,1,1,72,2
T3,2,1,200,4
T4,3,1,100,6
T5,4,1,112,3
T6,5,1,34,1
[129]
T1,0,1,144,4
T2,1,0,27,1
T3,2,0,98,1
T4,3,1,150,4
T5,4,1,93,2
T6,5,1,200,9
[130]
T1,0,1,189,4
T2,1,0,70,4
T3,2,0,200,6
T4,3,0,24,1
T5,4,1,124,3
T6,5,1,75,2
[131]
T1,0,1,200,6
T2,1,1,44,2
T3,2,0,55,2
T4,3,0,78,3
T5,4,1,94,2
T6,5,1,182,11
[132]
T1,0,0,120,11
T2,1,0,80,1
T3,2,1,200,1
T4,3,0,154,2
T5,4,1,145,4
T6,5,1,49,2
[133]
T1,0,0,99,2
T2,1,0,80,1
T3,2,0,80,4
T4,3,1,200,2
T5,4,0,161,2
T6,5,0,22,1
[134]
T1,0,0,42,1
T2,1,0,175,13
T3,2,0,97,1
T4,3,1,140,2
T5,4,1,74,1
T6,5,0,200,6
[135]
T1,0,0,142,2
T2,1,1,200,2
T3,2,1,136,2
T4,3,0,175,21
T5,4,1,96,5
T6,5,0,28,2
[136]
T1,0,1,30,2
T2,1,1,64,2
T3,2,1,168,4
T4,3,1,200,7
T5,4,1,110,10
T6,5,1,76,2
[137]
T1,0,1,44,2
T2,1,0,95,2
T3,2,0,150,15
T4,3,1,129,3
T5,4,0,56,2
T6,5,0,200,2
[138]
T1,0,0,116,5
T2,1,1,79,3
T3,2,0,120,1
T4,3,1,186,1
T5,4,0,29,1
T6,5,1,200,6
[139]
T1,0,0,200,10
T2,1,1,67,6
T3,2,0,192,2
T4,3,1,57,2
T5,4,0,105,2
T6,5,1,32,1
[140]
T1,0,1,96,7
T2,1,0,100,9
T3,2,0,40,2
T4,3,1,92,2
T5,4,1,200,2
T6,5,1,165,1
[141]
T1,0,1,74,2
T2,1,0,125,4
T3,2,0,48,1
T4,3,0,200,4
T5,4,1,54,2
T6,5,1,192,10
[142]
T1,0,1,55,3
T2,1,0,90,1
T3,2,1,30,2
T4,3,1,144,2
T5,4,0,200,12
T6,5,0,171,2
[143]
T1,0,1,200,1
T2,1,1,22,2
T3,2,1,150,2
T4,3,0,69,9
T5,4,0,103,2
T6,5,1,103,1
[144]
T1,0,0,24,2
T2,1,1,184,2
T3,2,0,102,4
T4,3,0,112,1
T5,4,0,200,21
T6,5,1,92,1
[145]
T1,0,0,134,6
T2,1,0,78,2
T3,2,1,63,2
T4,3,0,200,1
T5,4,0,195,7
T6,5,1,36,2
[146]
T1,0,1,75,1
T2,1,0,191,2
T3,2,1,84,2
T4,3,1,200,15
T5,4,1,144,11
T6,5,0,30,2
[147]
T1,0,1,52,2
T2,1,1,83,2
T3,2,0,83,13
T4,3,0,166,2
T5,4,0,135,2
T6,5,1,200,1
[148]
T1,0,0,79,1
T2,1,0,200,3
T3,2,0,50,1
T4,3,0,130,4
T5,4,0,156,1
T6,5,1,82,8
[149]
T1,0,0,72,2
T2,1,1,170,21
T3,2,0,200,6
T4,3,0,72,1
T5,4,1,20,2
T6,5,0,66,2
[150]
T1,0,1,182,2
T2,1,0,97,6
T3,2,1,200,7
T4,3,0,98,2
T5,4,1,80,4
T6,5,0,26,2
[151]
T1,0,0,148,6
T2,1,1,83,2
T3,2,0,125,9
T4,3,1,125,1
T5,4,0,20,2
T6,5,1,200,5
[152]
T1,0,0,73,3
T2,1,1,176,4
T3,2,0,145,3
T4,3,0,24,1
T5,4,0,132,2
T6,5,0,200,4
[153]
T1,0,0,50,1
T2,1,1,200,2
T3,2,0,125,2
T4,3,1,82,4
T5,4,0,143,12
T6,5,1,192,4
[154]
T1,0,1,72,2
T2,1,0,91,2
T3,2,0,27,2
T4,3,1,112,1
T5,4,0,182,24
T6,5,1,200,3
[155]
T1,0,0,200,1
T2,1,1,68,1
T3,2,0,30,2
T4,3,0,168,2
T5,4,0,111,11
T6,5,1,66,2
[156]
T1,0,1,112,3
T2,1,0,192,1
T3,2,1,50,1
T4,3,1,200,10
T5,4,0,133,9
T6,5,0,88,1
[157]
T1,0,1,108,3
T2,1,0,60,1
T3,2,1,156,6
T4,3,0,200,2
T5,4,1,30,2
T6,5,0,60,4
[158]
T1,0,0,73,2
T2,1,0,99,1
T3,2,1,90,1
T4,3,0,200,18
T5,4,0,22,2
T6,5,0,155,3
[159]
T1,0,1,200,3
T2,1,0,85,4
T3,2,1,186,2
T4,3,1,87,2
T5,4,1,62,5
T6,5,0,48,1
[160]
T1,0,1,46,3
T2,1,0,138,3
T3,2,1,115,1
T4,3,0,110,5
T5,4,1,184,5
T6,5,0,200,1
[161]
T1,0,1,48,2
T2,1,1,200,2
T3,2,1,90,1
T4,3,1,95,2
T5,4,0,185,6
T6,5,0,126,8
[162]
T1,0,1,26,2
T2,1,1,130,18
T3,2,1,65,2
T4,3,0,200,2
T5,4,1,195,1
T6,5,0,144,2
[163]
T1,0,0,87,2
T2,1,0,45,1
T3,2,0,90,1
T4,3,0,200,2
T5,4,0,168,25
T6,5,1,137,1
[164]
T1,0,1,99,9
T2,1,0,136,2
T3,2,1,65,2
T4,3,0,165,2
T5,4,1,33,1
T6,5,1,200,10
[165]
T1,0,0,54,4
T2,1,1,135,1
T3,2,0,40,2
T4,3,1,200,3
T5,4,0,59,2
T6,5,0,156,1
[166]
T1,0,0,48,1
T2,1,1,63,2
T3,2,1,112,10
T4,3,0,60,2
T5,4,1,200,6
T6,5,0,175,2
[167]
T1,0,1,140,1
T2,1,1,86,1
T3,2,1,52,2
T4,3,0,99,3
T5,4,0,182,2
T6,5,0,200,16
[168]
T1,0,0,200,7
T2,1,0,30,2
T3,2,1,68,1
T4,3,1,150,3
T5,4,1,134,5
T6,5,1,118,7
[169]
T1,0,1,112,2
T2,1,0,122,1
T3,2,0,122,2
T4,3,0,200,7
T5,4,0,30,1
T6,5,0,170,15
[170]
T1,0,0,80,4
T2,1,1,84,7
T3,2,0,77,2
T4,3,0,200,4
T5,4,0,176,2
T6,5,0,35,2
[171]
T1,0,1,154,6
T2,1,1,90,2
T3,2,1,28,2
T4,3,1,200,5
T5,4,0,67,3
T6,5,1,90,4
[172]
T1,0,0,20,2
T2,1,1,63,4
T3,2,0,188,2
T4,3,1,62,5
T5,4,0,90,1
T6,5,1,200,1
[173]
T1,0,1,200,2
T2,1,1,152,2
T3,2,0,116,3
T4,3,0,95,6
T5,4,1,50,2
T6,5,1,126,4
[174]
T1,0,1,50,3
T2,1,0,80,2
T3,2,0,200,9
T4,3,0,161,1
T5,4,1,128,5
T6,5,1,89,1
[175]
T1,0,1,76,3
T2,1,0,200,5
T3,2,1,114,8
T4,3,0,64,2
T5,4,1,180,7
T6,5,1,25,2
[176]
T1,0,1,98,3
T2,1,1,200,6
T3,2,1,185,3
T4,3,0,60,5
T5,4,0,36,2
T6,5,1,72,2
[177]
T1,0,0,127,2
T2,1,1,200,12
T3,2,1,75,2
T4,3,1,20,2
T5,4,0,147,1
T6,5,1,114,6
[178]
T1,0,0,87,4
T2,1,0,72,1
T3,2,1,200,1
T4,3,0,28,2
T5,4,0,140,4
T6,5,1,180,9
[179]
T1,0,1,200,15
T2,1,1,176,7
T3,2,0,119,3
T4,3,0,36,1
T5,4,1,120,1
T6,5,1,75,2
[180]
T1,0,1,107,3
T2,1,1,94,8
T3,2,0,152,2
T4,3,0,95,2
T5,4,0,30,2
T6,5,1,200,12
[181]
T1,0,0,164,2
T2,1,1,144,2
T3,2,0,90,12
T4,3,1,75,1
T5,4,0,200,2
T6,5,1,50,2
[182]
T1,0,1,175,10
T2,1,1,200,1
T3,2,0,100,6
T4,3,1,32,2
T5,4,0,102,3
T6,5,1,119,1
[183]
T1,0,0,56,2
T2,1,0,56,2
T3,2,0,150,2
T4,3,1,110,3
T5,4,1,200,9
T6,5,1,48,3
[184]
T1,0,0,140,2
T2,1,1,200,6
T3,2,1,80,1
T4,3,1,116,10
T5,4,0,198,7
T6,5,0,20,2
[185]
T1,0,1,120,4
T2,1,0,200,22
T3,2,0,65,1
T4,3,1,123,1
T5,4,1,48,2
T6,5,0,169,2
[186]
T1,0,1,55,2
T2,1,0,170,6
T3,2,0,200,12
T4,3,1,45,2
T5,4,0,64,1
T6,5,0,132,4
[187]
T1,0,1,165,9
T2,1,0,200,2
T3,2,0,138,2
T4,3,1,125,5
T5,4,0,33,2
T6,5,1,84,2
[188]
T1,0,1,39,1
T2,1,1,108,2
T3,2,1,195,6
T4,3,0,200,5
T5,4,1,59,2
T6,5,0,140,4
[189]
T1,0,1,101,1
T2,1,1,200,13
T3,2,0,48,2
T4,3,1,128,4
T5,4,0,160,4
T6,5,0,135,2
[190]
T1,0,1,200,14
T2,1,1,182,4
T3,2,0,49,2
T4,3,0,58,1
T5,4,0,75,1
T6,5,1,65,2
[191]
T1,0,0,144,2
T2,1,1,69,1
T3,2,1,60,1
T4,3,1,51,1
T5,4,0,175,2
T6,5,0,200,19
[192]
T1,0,0,76,1
T2,1,1,170,3
T3,2,1,200,19
T4,3,0,85,2
T5,4,0,68,2
T6,5,0,38,2
[193]
T1,0,1,25,1
T2,1,0,96,2
T3,2,1,116,4
T4,3,1,196,2
T5,4,0,200,5
T6,5,0,128,6
[194]
T1,0,1,200,3
T2,1,1,22,2
T3,2,0,99,1
T4,3,0,110,2
T5,4,1,168,3
T6,5,1,132,2
[195]
T1,0,0,124,12
T2,1,0,126,2
T3,2,1,25,2
T4,3,1,200,4
T5,4,0,111,4
T6,5,0,185,2
[196]
T1,0,0,126,8
T2,1,1,147,2
T3,2,1,198,3
T4,3,1,200,4
T5,4,1,121,7
T6,5,0,33,2
[197]
T1,0,1,200,6
T2,1,1,64,2
T3,2,1,170,3
T4,3,1,29,2
T5,4,0,80,1
T6,5,1,64,1
[198]
T1,0,0,124,3
T2,1,1,200,19
T3,2,0,45,1
T4,3,0,110,3
T5,4,1,192,1
T6,5,0,90,2
[199]
T1,0,1,156,2
T2,1,0,64,2
T3,2,0,68,2
T4,3,0,200,1
T5,4,1,26,2
T6,5,1,68,2
[200]
T1,0,1,51,2
T2,1,0,160,1
T3,2,1,110,2
T4,3,1,200,10
T5,4,0,66,8
T6,5,0,110,2
[201]
T1,0,1,138,2
T2,1,1,176,5
T3,2,1,143,7
T4,3,1,39,2
T5,4,0,117,1
T6,5,1,200,15
[202]
T1,0,1,50,4
T2,1,1,71,2
T3,2,1,200,6
T4,3,1,183,2
T5,4,0,65,2
T6,5,0,80,2
[203]
T1,0,0,60,2
T2,1,1,200,3
T3,2,1,93,2
T4,3,0,27,1
T5,4,0,170,2
T6,5,1,135,15
[204]
T1,0,0,195,7
T2,1,0,69,3
T3,2,0,72,1
T4,3,0,200,2
T5,4,1,101,8
T6,5,0,45,2
[205]
T1,0,0,200,1
T2,1,1,112,2
T3,2,0,96,8
T4,3,1,77,3
T5,4,1,25,2
T6,5,1,198,2
[206]
T1,0,0,138,7
T2,1,1,160,8
T3,2,0,115,5
T4,3,1,200,4
T5,4,1,52,2
T6,5,1,54,1
[207]
T1,0,1,112,2
T2,1,0,88,2
T3,2,1,147,2
T4,3,0,200,2
T5,4,0,54,2
T6,5,1,35,5
[208]
T1,0,0,80,2
T2,1,0,200,3
T3,2,1,40,2
T4,3,1,164,2
T5,4,1,144,9
T6,5,1,115,6
[209]
T1,0,0,104,1
T2,1,0,44,1
T3,2,1,150,3
T4,3,0,111,3
T5,4,1,200,2
T6,5,0,75,6
[210]
T1,0,1,25,2
T2,1,0,180,2
T3,2,0,74,6
T4,3,1,117,2
T5,4,0,112,6
T6,5,1,200,4
[211]
T1,0,1,72,2
T2,1,0,200,2
T3,2,1,176,4
T4,3,0,36,3
T5,4,1,130,2
T6,5,1,96,2
[212]
T1,0,1,175,10
T2,1,0,200,8
T3,2,1,44,2
T4,3,0,126,1
T5,4,0,96,2
T6,5,1,124,6
[213]
T1,0,0,60,3
T2,1,0,105,2
T3,2,0,200,6
T4,3,1,28,1
T5,4,0,111,3
T6,5,0,153,2
[214]
T1,0,0,195,2
T2,1,1,200,2
T3,2,1,32,2
T4,3,0,84,2
T5,4,0,87,1
T6,5,0,80,7
[215]
T1,0,1,200,4
T2,1,1,150,3
T3,2,0,21,1
T4,3,1,72,4
T5,4,0,79,2
T6,5,0,97,2
[216]
T1,0,0,112,10
T2,1,1,96,2
T3,2,1,188,4
T4,3,1,200,12
T5,4,1,20,2
T6,5,1,57,2
[217]
T1,0,1,200,7
T2,1,0,190,1
T3,2,0,56,1
T4,3,1,90,8
T5,4,1,36,1
T6,5,1,99,2
[218]
T1,0,0,36,2
T2,1,0,105,6
T3,2,0,88,2
T4,3,0,198,6
T5,4,0,80,1
T6,5,1,200,11
[219]
T1,0,0,44,1
T2,1,0,136,4
T3,2,1,187,6
T4,3,0,200,2
T5,4,0,103,1
T6,5,1,130,9
[220]
T1,0,1,20,2
T2,1,0,143,3
T3,2,0,200,10
T4,3,1,81,2
T5,4,1,182,16
T6,5,1,143,1
[221]
T1,0,1,96,3
T2,1,1,88,1
T3,2,0,35,1
T4,3,0,64,3
T5,4,1,200,1
T6,5,0,160,5
[222]
T1,0,1,200,2
T2,1,1,25,2
T3,2,0,110,2
T4,3,0,60,2
T5,4,1,188,4
T6,5,0,71,4
[223]
T1,0,0,144,8
T2,1,1,200,9
T3,2,1,171,7
T4,3,0,24,2
T5,4,1,92,1
T6,5,1,80,1
[224]
T1,0,1,150,2
T2,1,1,200,2
T3,2,0,136,2
T4,3,0,38,4
T5,4,0,95,3
T6,5,0,75,1
[225]
T1,0,1,68,2
T2,1,1,182,7
T3,2,1,110,3
T4,3,1,130,5
T5,4,1,200,2
T6,5,0,21,2
[226]
T1,0,0,66,2
T2,1,0,96,2
T3,2,0,160,11
T4,3,0,200,2
T5,4,0,45,2
T6,5,1,128,7
[227]
T1,0,1,122,1
T2,1,0,100,2
T3,2,0,156,2
T4,3,1,200,8
T5,4,1,130,8
T6,5,1,48,2
[228]
T1,0,1,174,13
T2,1,0,69,1
T3,2,0,80,1
T4,3,0,200,2
T5,4,1,125,5
T6,5,1,20,2
[229]
T1,0,0,80,3
T2,1,0,200,5
T3,2,0,63,1
T4,3,0,175,8
T5,4,1,50,1
T6,5,1,103,4
[230]
T1,0,1,200,21
T2,1,1,81,1
T3,2,1,30,2
T4,3,0,98,2
T5,4,0,196,2
T6,5,1,110,3
[231]
T1,0,0,170,2
T2,1,0,200,1
T3,2,1,72,1
T4,3,0,128,7
T5,4,0,40,1
T6,5,0,66,5
[232]
T1,0,0,90,5
T2,1,0,188,2
T3,2,0,44,2
T4,3,1,200,2
T5,4,1,60,4
T6,5,0,105,2
[233]
T1,0,0,182,4
T2,1,1,200,2
T3,2,1,50,2
T4,3,1,132,1
T5,4,1,104,2
T6,5,0,120,10
[234]
T1,0,0,200,6
T2,1,0,131,1
T3,2,1,110,5
T4,3,0,150,9
T5,4,1,22,2
T6,5,1,138,3
[235]
T1,0,1,58,1
T2,1,1,94,2
T3,2,0,45,1
T4,3,0,200,16
T5,4,1,110,3
T6,5,1,150,2
[236]
T1,0,1,60,2
T2,1,0,99,11
T3,2,0,195,2
T4,3,0,200,5
T5,4,0,58,2
T6,5,0,44,2
[237]
T1,0,0,200,2
T2,1,1,110,11
T3,2,0,44,2
T4,3,0,168,1
T5,4,0,120,2
T6,5,1,64,3
[238]
T1,0,1,96,2
T2,1,0,25,2
T3,2,0,106,1
T4,3,1,189,7
T5,4,0,200,15
T6,5,0,63,2
[239]
T1,0,1,99,4
T2,1,0,200,8
T3,2,1,165,2
T4,3,1,34,2
T5,4,0,102,6
T6,5,1,130,2
[240]
T1,0,1,119,6
T2,1,1,200,13
T3,2,0,78,2
T4,3,1,175,4
T5,4,1,142,4
T6,5,1,25,2
[241]
T1,0,0,180,3
T2,1,1,131,6
T3,2,0,105,2
T4,3,0,46,2
T5,4,0,200,12
T6,5,1,72,2
[242]
T1,0,1,25,2
T2,1,1,120,2
T3,2,0,195,7
T4,3,1,200,13
T5,4,1,141,3
T6,5,0,141,6
[243]
T1,0,0,147,3
T2,1,0,112,1
T3,2,1,200,7
T4,3,1,58,2
T5,4,0,140,10
T6,5,0,50,1
[244]
T1,0,0,116,1
T2,1,1,75,11
T3,2,0,34,2
T4,3,1,141,2
T5,4,1,200,2
T6,5,1,153,2
[245]
T1,0,1,86,4
T2,1,0,133,9
T3,2,1,84,2
T4,3,1,33,2
T5,4,1,175,8
T6,5,1,200,3
[246]
T1,0,1,73,1
T2,1,1,72,7
T3,2,1,96,1
T4,3,1,200,9
T5,4,1,192,3
T6,5,1,33,2
[247]
T1,0,1,108,4
T2,1,0,200,2
T3,2,0,72,5
T4,3,0,57,1
T5,4,1,170,8
T6,5,1,30,2
[248]
T1,0,1,200,17
T2,1,1,129,3
T3,2,0,80,2
T4,3,1,69,2
T5,4,0,36,2
T6,5,0,150,3
[249]
T1,0,1,131,4
T2,1,1,187,1
T3,2,0,68,2
T4,3,1,42,1
T5,4,1,200,8
T6,5,1,66,3
[250]
T1,0,1,200,6
T2,1,0,150,1
T3,2,1,88,2
T4,3,1,73,3
T5,4,0,116,1
T6,5,0,22,1
[251]
T1,0,0,132,5
T2,1,1,153,3
T3,2,1,78,1
T4,3,0,200,1
T5,4,0,102,6
T6,5,0,25,1
[252]
T1,0,0,71,4
T2,1,1,126,2
T3,2,0,200,14
T4,3,0,153,3
T5,4,0,72,1
T6,5,0,45,2
[253]
T1,0,1,186,6
T2,1,0,31,1
T3,2,1,66,4
T4,3,0,62,2
T5,4,0,200,2
T6,5,0,90,1
[254]
T1,0,0,200,2
T2,1,0,183,20
T3,2,1,70,2
T4,3,1,100,2
T5,4,1,45,2
T6,5,1,147,5
[255]
T1,0,1,106,2
T2,1,0,160,5
T3,2,0,112,3
T4,3,1,200,5
T5,4,1,42,1
T6,5,0,139,5
[256]
T1,0,1,64,1
T2,1,0,21,2
T3,2,0,168,13
T4,3,0,98,3
T5,4,1,200,4
T6,5,1,55,2
[257]
T1,0,1,120,3
T2,1,0,116,1
T3,2,1,200,4
T4,3,0,172,2
T5,4,0,139,12
T6,5,1,20,2
[258]
T1,0,0,140,9
T2,1,1,77,2
T3,2,0,200,11
T4,3,1,54,2
T5,4,1,34,1
T6,5,1,170,3
[259]
T1,0,1,28,2
T2,1,0,100,2
T3,2,0,100,2
T4,3,1,83,5
T5,4,0,200,5
T6,5,0,161,9
[260]
T1,0,0,130,4
T2,1,0,90,4
T3,2,1,85,2
T4,3,1,200,4
T5,4,1,153,2
T6,5,0,34,2
[261]
T1,0,0,200,14
T2,1,0,85,1
T3,2,1,141,1
T4,3,0,30,2
T5,4,1,150,2
T6,5,1,117,1
[262]
T1,0,1,143,3
T2,1,0,135,1
T3,2,1,168,2
T4,3,1,21,2
T5,4,1,56,2
T6,5,0,200,13
[263]
T1,0,0,200,17
T2,1,0,24,2
T3,2,0,58,1
T4,3,1,126,1
T5,4,0,136,2
T6,5,0,160,6
[264]
T1,0,1,125,2
T2,1,0,87,2
T3,2,0,50,4
T4,3,1,104,3
T5,4,0,200,3
T6,5,1,155,1
[265]
T1,0,1,125,10
T2,1,0,133,1
T3,2,1,144,5
T4,3,1,48,2
T5,4,0,171,2
T6,5,0,200,2
[266]
T1,0,1,73,2
T2,1,0,150,1
T3,2,1,120,7
T4,3,0,88,7
T5,4,1,36,2
T6,5,1,200,2
[267]
T1,0,0,200,18
T2,1,1,168,2
T3,2,1,80,2
T4,3,1,45,3
T5,4,1,62,2
T6,5,0,147,2
[268]
T1,0,1,58,2
T2,1,0,72,2
T3,2,1,73,4
T4,3,1,29,2
T5,4,0,180,5
T6,5,0,200,8
[269]
T1,0,1,93,2
T2,1,0,174,6
T3,2,0,200,10
T4,3,1,135,2
T5,4,1,144,7
T6,5,1,20,2
[270]
T1,0,0,143,3
T2,1,0,117,2
T3,2,0,21,1
T4,3,1,200,13
T5,4,1,77,1
T6,5,0,195,1
[271]
T1,0,1,65,2
T2,1,0,144,2
T3,2,0,200,7
T4,3,0,156,1
T5,4,1,48,3
T6,5,1,99,3
[272]
T1,0,1,150,15
T2,1,1,92,4
T3,2,1,32,2
T4,3,1,200,3
T5,4,1,130,2
T6,5,0,80,2
[273]
T1,0,0,114,3
T2,1,0,100,2
T3,2,1,65,1
T4,3,1,200,2
T5,4,0,150,5
T6,5,0,23,1
[274]
T1,0,1,100,8
T2,1,1,96,2
T3,2,1,196,2
T4,3,0,50,2
T5,4,1,90,3
T6,5,1,200,3
[275]
T1,0,0,200,2
T2,1,1,67,1
T3,2,0,48,2
T4,3,1,103,1
T5,4,0,140,21
T6,5,1,150,2
[276]
T1,0,1,186,15
T2,1,1,42,2
T3,2,0,200,8
T4,3,1,63,1
T5,4,0,93,2
T6,5,0,124,5
[277]
T1,0,1,200,3
T2,1,1,105,3
T3,2,1,99,4
T4,3,0,66,2
T5,4,0,50,2
T6,5,1,176,10
[278]
T1,0,0,38,1
T2,1,0,200,18
T3,2,1,76,1
T4,3,1,92,3
T5,4,0,171,2
T6,5,1,122,2
[279]
T1,0,0,90,3
T2,1,0,174,3
T3,2,1,96,2
T4,3,1,38,2
T5,4,1,60,2
T6,5,0,200,2
[280]
T1,0,1,85,3
T2,1,0,88,2
T3,2,0,77,7
T4,3,0,200,4
T5,4,0,192,1
T6,5,1,34,2
[281]
T1,0,0,60,2
T2,1,1,114,7
T3,2,0,150,2
T4,3,1,44,2
T5,4,0,120,6
T6,5,1,200,1
[282]
T1,0,0,125,2
T2,1,1,26,2
T3,2,0,74,1
T4,3,0,69,2
T5,4,1,195,6
T6,5,1,200,4
[283]
T1,0,0,48,1
T2,1,1,98,10
T3,2,0,176,2
T4,3,0,200,5
T5,4,0,71,2
T6,5,1,147,5
[284]
T1,0,0,25,2
T2,1,0,171,12
T3,2,0,93,3
T4,3,0,200,9
T5,4,0,130,1
T6,5,0,120,2
[285]
T1,0,0,66,3
T2,1,0,119,2
T3,2,1,168,1
T4,3,1,200,17
T5,4,1,89,2
T6,5,1,30,2
[286]
T1,0,0,117,3
T2,1,1,168,13
T3,2,0,200,5
T4,3,1,50,2
T5,4,1,131,3
T6,5,0,105,1
[287]
T1,0,1,53,2
T2,1,1,140,4
T3,2,1,200,1
T4,3,1,62,4
T5,4,0,160,12
T6,5,0,80,2
[288]
T1,0,0,79,1
T2,1,1,150,3
T3,2,1,65,2
T4,3,1,200,3
T5,4,1,112,2
T6,5,1,30,3
[289]
T1,0,0,200,3
T2,1,0,25,1
T3,2,1,144,2
T4,3,0,134,9
T5,4,1,190,7
T6,5,0,80,2
[290]
T1,0,1,72,2
T2,1,0,105,3
T3,2,1,175,9
T4,3,1,200,5
T5,4,1,32,2
T6,5,1,135,4
[291]
T1,0,0,123,2
T2,1,0,200,10
T3,2,1,91,5
T4,3,1,21,2
T5,4,0,85,4
T6,5,1,170,3
[292]
T1,0,1,156,1
T2,1,0,117,6
T3,2,1,200,4
T4,3,1,69,2
T5,4,1,102,8
T6,5,0,26,2
[293]
T1,0,0,32,2
T2,1,0,87,5
T3,2,1,150,1
T4,3,1,122,2
T5,4,0,54,2
T6,5,1,200,7
[294]
T1,0,1,73,3
T2,1,0,23,2
T3,2,1,184,2
T4,3,0,70,2
T5,4,0,200,1
T6,5,0,55,1
[295]
T1,0,1,96,1
T2,1,0,200,23
T3,2,1,156,2
T4,3,0,34,1
T5,4,1,102,1
T6,5,1,55,2
[296]
T1,0,0,70,1
T2,1,0,200,5
T3,2,0,35,2
T4,3,1,103,6
T5,4,1,124,6
T6,5,1,170,2
[297]
T1,0,1,200,2
T2,1,1,25,2
T3,2,1,72,4
T4,3,0,74,1
T5,4,0,188,2
T6,5,0,60,5
[298]
T1,0,0,200,10
T2,1,1,82,3
T3,2,0,100,2
T4,3,0,30,2
T5,4,1,86,1
T6,5,1,190,7
[299]
T1,0,1,98,4
T2,1,0,24,2
T3,2,0,68,4
T4,3,1,135,2
T5,4,1,162,2
T6,5,1,200,11
[300]
T1,0,0,50,1
T2,1,0,110,2
T3,2,1,64,3
T4,3,0,200,4
T5,4,1,190,9
T6,5,1,88,2
[301]
T1,0,1,200,2
T2,1,1,20,1
T3,2,1,178,5
T4,3,1,60,1
T5,4,1,99,2
T6,5,0,56,3
[302]
T1,0,1,200,2
T2,1,1,140,2
T3,2,1,63,1
T4,3,1,29,2
T5,4,0,112,7
T6,5,1,180,10
[303]
T1,0,1,21,2
T2,1,0,184,3
T3,2,1,75,5
T4,3,0,129,9
T5,4,0,112,2
T6,5,0,200,6
[304]
T1,0,1,35,1
T2,1,0,67,6
T3,2,1,84,2
T4,3,1,171,2
T5,4,1,60,3
T6,5,1,200,2
[305]
T1,0,0,175,2
T2,1,0,200,18
T3,2,1,130,2
T4,3,0,95,3
T5,4,1,54,2
T6,5,1,72,2
[306]
T1,0,0,83,2
T2,1,1,86,1
T3,2,1,175,13
T4,3,0,20,2
T5,4,0,200,3
T6,5,1,80,4
[307]
T1,0,1,75,2
T2,1,1,81,2
T3,2,0,165,5
T4,3,1,200,6
T5,4,1,30,2
T6,5,1,108,3
[308]
T1,0,0,73,1
T2,1,0,72,4
T3,2,1,200,2
T4,3,0,92,5
T5,4,1,192,10
T6,5,0,36,2
[309]
T1,0,1,120,8
T2,1,1,170,2
T3,2,1,200,12
T4,3,0,70,2
T5,4,1,33,2
T6,5,1,81,2
[310]
T1,0,1,88,1
T2,1,1,200,17
T3,2,1,154,5
T4,3,1,85,2
T5,4,1,95,2
T6,5,0,25,2
[311]
T1,0,1,98,2
T2,1,1,200,10
T3,2,1,96,1
T4,3,1,170,3
T5,4,1,25,2
T6,5,0,105,10
[312]
T1,0,1,170,2
T2,1,0,90,2
T3,2,1,132,3
T4,3,0,200,19
T5,4,1,40,2
T6,5,0,85,3
[313]
T1,0,1,48,2
T2,1,1,96,2
T3,2,1,103,3
T4,3,0,200,11
T5,4,1,129,1
T6,5,0,192,11
[314]
T1,0,1,33,2
T2,1,1,108,5
T3,2,1,200,1
T4,3,1,100,1
T5,4,0,120,2
T6,5,0,177,15
[315]
T1,0,0,150,6
T2,1,0,90,3
T3,2,1,200,12
T4,3,1,126,2
T5,4,0,51,1
T6,5,1,64,1
[316]
T1,0,0,200,1
T2,1,0,142,5
T3,2,1,34,2
T4,3,1,85,7
T5,4,0,160,2
T6,5,1,93,4
[317]
T1,0,0,160,3
T2,1,1,200,2
T3,2,1,68,6
T4,3,1,29,2
T5,4,0,80,1
T6,5,0,84,1
[318]
T1,0,0,198,2
T2,1,0,30,2
T3,2,1,92,6
T4,3,1,72,5
T5,4,1,129,2
T6,5,0,200,2
[319]
T1,0,1,135,8
T2,1,0,102,2
T3,2,1,78,1
T4,3,1,30,1
T5,4,0,200,5
T6,5,0,165,6
[320]
T1,0,1,200,5
T2,1,1,68,2
T3,2,0,100,1
T4,3,0,40,2
T5,4,0,157,3
T6,5,1,110,13
[321]
T1,0,0,40,2
T2,1,1,124,5
T3,2,0,150,11
T4,3,1,87,2
T5,4,0,68,1
T6,5,1,200,1
[322]
T1,0,0,94,9
T2,1,0,64,3
T3,2,1,31,2
T4,3,0,68,2
T5,4,1,200,2
T6,5,1,155,3
[323]
T1,0,0,184,5
T2,1,0,200,2
T3,2,0,88,2
T4,3,1,92,3
T5,4,1,99,2
T6,5,0,36,3
[324]
T1,0,1,56,5
T2,1,0,68,2
T3,2,0,200,1
T4,3,1,150,7
T5,4,1,39,2
T6,5,1,103,3
[325]
T1,0,1,101,5
T2,1,0,200,2
T3,2,0,160,2
T4,3,0,46,3
T5,4,0,90,5
T6,5,1,138,2
[326]
T1,0,1,94,2
T2,1,0,124,9
T3,2,1,45,3
T4,3,0,60,2
T5,4,0,156,4
T6,5,0,200,1
[327]
T1,0,0,100,2
T2,1,1,200,5
T3,2,1,64,2
T4,3,1,38,2
T5,4,1,144,7
T6,5,1,171,15
[328]
T1,0,0,200,10
T2,1,1,105,2
T3,2,0,145,1
T4,3,1,145,5
T5,4,1,28,1
T6,5,1,174,5
[329]
T1,0,0,105,4
T2,1,1,99,1
T3,2,1,126,1
T4,3,1,30,2
T5,4,0,196,2
T6,5,1,200,20
[330]
T1,0,1,75,2
T2,1,1,93,3
T3,2,0,200,2
T4,3,1,28,2
T5,4,0,150,2
T6,5,0,56,4
[331]
T1,0,1,154,1
T2,1,1,125,2
T3,2,1,109,1
T4,3,0,70,3
T5,4,0,32,2
T6,5,0,200,19
[332]
T1,0,1,160,1
T2,1,1,72,8
T3,2,1,200,2
T4,3,0,71,2
T5,4,0,68,3
T6,5,0,50,2
[333]
T1,0,1,30,2
T2,1,0,110,8
T3,2,1,200,10
T4,3,1,110,2
T5,4,0,129,2
T6,5,1,160,4
[334]
T1,0,0,24,2
T2,1,1,84,4
T3,2,0,161,2
T4,3,1,124,4
T5,4,0,90,4
T6,5,0,200,4
[335]
T1,0,1,120,2
T2,1,0,80,1
T3,2,1,126,6
T4,3,0,200,2
T5,4,0,28,1
T6,5,1,174,9
[336]
T1,0,1,146,2
T2,1,0,153,3
T3,2,1,60,4
T4,3,0,40,2
T5,4,0,130,2
T6,5,0,200,1
[337]
T1,0,0,184,3
T2,1,0,200,16
T3,2,0,72,2
T4,3,0,28,2
T5,4,0,66,1
T6,5,1,75,3
[338]
T1,0,0,25,1
T2,1,1,166,1
T3,2,1,108,5
T4,3,0,200,7
T5,4,1,145,4
T6,5,0,100,2
[339]
T1,0,0,200,7
T2,1,0,20,1
T3,2,0,109,3
T4,3,0,145,2
T5,4,0,132,2
T6,5,1,174,5
[340]
T1,0,0,200,12
T2,1,0,167,4
T3,2,0,101,3
T4,3,0,120,2
T5,4,1,70,4
T6,5,1,35,2
[341]
T1,0,1,140,2
T2,1,1,39,2
T3,2,0,91,4
T4,3,1,75,4
T5,4,0,165,2
T6,5,0,200,1
[342]
T1,0,0,21,2
T2,1,0,200,11
T3,2,0,92,1
T4,3,1,168,3
T5,4,0,64,4
T6,5,1,105,2
[343]
T1,0,1,145,6
T2,1,0,152,10
T3,2,1,50,2
T4,3,1,76,2
T5,4,0,122,6
T6,5,1,200,3
[344]
T1,0,0,175,20
T2,1,0,200,1
T3,2,1,138,6
T4,3,1,59,1
T5,4,1,21,2
T6,5,0,60,2
[345]
T1,0,1,77,2
T2,1,1,144,2
T3,2,0,171,1
T4,3,0,200,17
T5,4,1,50,2
T6,5,1,140,6
[346]
T1,0,0,98,6
T2,1,1,184,2
T3,2,0,200,2
T4,3,0,138,6
T5,4,0,50,1
T6,5,1,86,3
[347]
T1,0,0,56,1
T2,1,1,111,9
T3,2,0,24,2
T4,3,0,200,2
T5,4,0,160,1
T6,5,1,134,5
[348]
T1,0,1,56,2
T2,1,0,145,4
T3,2,0,105,12
T4,3,0,200,3
T5,4,0,20,2
T6,5,0,166,3
[349]
T1,0,1,140,6
T2,1,1,200,8
T3,2,0,75,4
T4,3,1,56,2
T5,4,0,158,8
T6,5,0,40,2
[350]
T1,0,0,80,1
T2,1,1,25,2
T3,2,1,105,10
T4,3,1,200,2
T5,4,1,179,1
T6,5,1,80,3
[351]
T1,0,1,160,2
T2,1,0,111,8
T3,2,1,32,2
T4,3,1,140,1
T5,4,1,106,2
T6,5,1,200,12
[352]
T1,0,0,54,1
T2,1,0,200,2
T3,2,1,162,5
T4,3,1,86,1
T5,4,1,131,2
T6,5,1,40,4
[353]
T1,0,0,141,2
T2,1,0,36,2
T3,2,1,57,3
T4,3,1,200,1
T5,4,0,75,2
T6,5,0,165,15
[354]
T1,0,1,92,2
T2,1,1,200,4
T3,2,1,69,4
T4,3,1,73,6
T5,4,1,170,2
T6,5,1,24,2
[355]
T1,0,1,200,2
T2,1,1,188,11
T3,2,1,120,6
T4,3,0,90,2
T5,4,0,25,2
T6,5,1,138,3
[356]
T1,0,0,200,10
T2,1,1,168,9
T3,2,1,92,3
T4,3,0,139,2
T5,4,1,35,2
T6,5,1,72,1
[357]
T1,0,1,140,4
T2,1,0,35,2
T3,2,1,96,2
T4,3,0,195,8
T5,4,1,200,6
T6,5,0,75,1
[358]
T1,0,0,80,1
T2,1,1,200,26
T3,2,1,35,2
T4,3,1,124,2
T5,4,1,175,3
T6,5,0,121,1
[359]
T1,0,1,90,2
T2,1,1,175,2
T3,2,0,53,3
T4,3,0,60,4
T5,4,0,200,2
T6,5,0,77,2
[360]
T1,0,0,180,6
T2,1,0,28,2
T3,2,1,125,2
T4,3,1,200,2
T5,4,0,135,2
T6,5,0,88,8
[361]
T1,0,0,36,1
T2,1,1,120,9
T3,2,1,200,2
T4,3,0,81,2
T5,4,0,148,1
T6,5,0,104,3
[362]
T1,0,1,120,2
T2,1,0,36,1
T3,2,1,108,2
T4,3,1,200,17
T5,4,1,161,4
T6,5,0,69,2
[363]
T1,0,0,200,3
T2,1,1,22,2
T3,2,0,91,5
T4,3,1,165,6
T5,4,0,66,4
T6,5,1,97,2
[364]
T1,0,0,39,4
T2,1,1,195,2
T3,2,1,91,2
T4,3,1,200,8
T5,4,0,104,2
T6,5,1,136,2
[365]
T1,0,1,58,2
T2,1,0,174,2
T3,2,0,200,3
T4,3,1,106,9
T5,4,1,25,2
T6,5,1,147,5
[366]
T1,0,1,200,4
T2,1,1,84,2
T3,2,1,176,5
T4,3,0,30,1
T5,4,0,70,2
T6,5,0,99,9
[367]
T1,0,0,188,3
T2,1,1,133,2
T3,2,1,200,14
T4,3,1,57,2
T5,4,1,95,2
T6,5,1,38,2
[368]
T1,0,0,60,3
T2,1,1,200,8
T3,2,1,108,3
T4,3,0,176,1
T5,4,0,48,1
T6,5,0,109,3
[369]
T1,0,0,114,2
T2,1,1,95,3
T3,2,1,200,3
T4,3,0,105,4
T5,4,1,168,10
T6,5,0,42,1
[370]
T1,0,0,93,2
T2,1,1,70,5
T3,2,1,102,2
T4,3,0,34,1
T5,4,1,196,7
T6,5,1,200,9
[371]
T1,0,0,25,1
T2,1,1,145,7
T3,2,1,109,2
T4,3,0,200,1
T5,4,0,115,4
T6,5,0,184,5
[372]
T1,0,1,200,2
T2,1,1,24,2
T3,2,0,121,2
T4,3,1,75,7
T5,4,1,82,2
T6,5,1,175,9
[373]
T1,0,0,175,2
T2,1,1,200,12
T3,2,0,60,4
T4,3,0,115,1
T5,4,0,56,2
T6,5,0,21,2
[374]
T1,0,0,35,2
T2,1,1,75,2
T3,2,0,131,5
T4,3,1,61,2
T5,4,1,200,8
T6,5,1,175,13
[375]
T1,0,1,48,1
T2,1,0,79,2
T3,2,1,140,5
T4,3,0,200,15
T5,4,0,138,2
T6,5,1,168,6
[376]
T1,0,0,112,9
T2,1,0,56,2
T3,2,0,82,1
T4,3,0,50,2
T5,4,1,193,2
T6,5,0,200,17
[377]
T1,0,1,200,2
T2,1,0,189,3
T3,2,1,84,5
T4,3,0,42,2
T5,4,0,94,7
T6,5,0,88,3
[378]
T1,0,1,105,1
T2,1,0,132,4
T3,2,0,175,9
T4,3,0,25,1
T5,4,0,143,7
T6,5,0,200,2
[379]
T1,0,1,200,2
T2,1,0,105,15
T3,2,1,51,2
T4,3,1,105,2
T5,4,1,55,2
T6,5,0,165,3
[380]
T1,0,0,36,2
T2,1,1,185,18
T3,2,1,75,3
T4,3,0,135,2
T5,4,0,200,7
T6,5,0,100,2
[381]
T1,0,0,54,1
T2,1,1,75,2
T3,2,1,200,2
T4,3,0,186,5
T5,4,1,30,2
T6,5,0,115,1
[382]
T1,0,0,40,1
T2,1,1,148,1
T3,2,0,72,2
T4,3,0,100,1
T5,4,1,200,11
T6,5,1,123,7
[383]
T1,0,0,24,2
T2,1,1,135,2
T3,2,0,178,1
T4,3,0,80,1
T5,4,0,200,14
T6,5,1,118,7
[384]
T1,0,0,200,5
T2,1,1,48,2
T3,2,1,60,2
T4,3,1,172,7
T5,4,1,91,6
T6,5,1,144,4
[385]
T1,0,0,162,4
T2,1,1,200,2
T3,2,0,48,1
T4,3,0,112,5
T5,4,1,72,3
T6,5,0,138,5
[386]
T1,0,1,60,1
T2,1,0,91,4
T3,2,0,200,2
T4,3,0,40,1
T5,4,1,198,13
T6,5,1,135,2
[387]
T1,0,1,100,1
T2,1,1,162,6
T3,2,1,55,3
T4,3,1,200,1
T5,4,1,27,2
T6,5,1,132,5
[388]
T1,0,1,90,2
T2,1,1,20,1
T3,2,1,200,2
T4,3,1,139,5
T5,4,1,64,2
T6,5,1,152,7
[389]
T1,0,1,48,1
T2,1,1,168,9
T3,2,0,200,6
T4,3,0,120,5
T5,4,0,61,2
T6,5,0,86,1
[390]
T1,0,1,200,10
T2,1,1,20,2
T3,2,0,144,3
T4,3,1,123,9
T5,4,0,166,1
T6,5,1,108,1
[391]
T1,0,1,114,2
T2,1,1,200,2
T3,2,1,150,2
T4,3,1,84,8
T5,4,1,91,1
T6,5,1,51,2
[392]
T1,0,0,64,2
T2,1,0,200,18
T3,2,1,104,3
T4,3,0,35,2
T5,4,0,145,1
T6,5,0,192,4
[393]
T1,0,1,64,2
T2,1,1,186,5
T3,2,0,40,1
T4,3,1,125,6
T5,4,0,200,5
T6,5,0,64,2
[394]
T1,0,1,50,2
T2,1,0,175,9
T3,2,1,83,1
T4,3,1,130,4
T5,4,0,70,3
T6,5,0,200,7
[395]
T1,0,0,63,3
T2,1,1,40,2
T3,2,1,175,2
T4,3,1,200,6
T5,4,1,75,2
T6,5,0,147,9
[396]
T1,0,1,100,11
T2,1,1,88,2
T3,2,1,200,4
T4,3,1,50,2
T5,4,1,156,4
T6,5,1,121,1
[397]
T1,0,1,125,2
T2,1,1,200,12
T3,2,0,120,9
T4,3,0,55,2
T5,4,0,24,2
T6,5,1,175,5
[398]
T1,0,0,125,3
T2,1,0,73,2
T3,2,0,200,16
T4,3,0,175,10
T5,4,1,55,2
T6,5,1,35,2
[399]
T1,0,1,72,3
T2,1,0,200,2
T3,2,0,22,2
T4,3,0,80,1
T5,4,0,162,2
T6,5,0,86,5
[400]
T1,0,0,36,2
T2,1,0,120,9
T3,2,1,120,7
T4,3,1,165,2
T5,4,1,200,4
T6,5,0,75,1
[401]
T1,0,0,200,1
T2,1,0,42,1
T3,2,0,140,11
T4,3,1,192,14
T5,4,1,74,2
T6,5,1,81,2
[402]
T1,0,1,21,2
T2,1,1,73,2
T3,2,1,184,1
T4,3,0,200,21
T5,4,1,120,1
T6,5,0,96,1
[403]
T1,0,0,73,2
T2,1,0,200,3
T3,2,0,144,7
T4,3,0,20,2
T5,4,0,160,2
T6,5,0,92,6
[404]
T1,0,0,135,5
T2,1,0,54,2
T3,2,1,41,2
T4,3,1,160,5
T5,4,1,200,1
T6,5,1,121,6
[405]
T1,0,0,36,2
T2,1,0,184,6
T3,2,0,88,2
T4,3,0,137,6
T5,4,1,200,18
T6,5,0,99,1
[406]
T1,0,0,86,5
T2,1,1,95,2
T3,2,0,80,2
T4,3,1,152,7
T5,4,1,22,2
T6,5,0,200,5
[407]
T1,0,0,50,5
T2,1,0,200,1
T3,2,1,100,3
T4,3,0,64,1
T5,4,1,117,2
T6,5,1,171,3
[408]
T1,0,0,61,2
T2,1,1,40,1
T3,2,0,176,11
T4,3,1,200,6
T5,4,0,90,4
T6,5,0,104,2
[409]
T1,0,0,134,15
T2,1,1,60,1
T3,2,0,27,2
T4,3,1,200,2
T5,4,1,198,2
T6,5,1,60,2
[410]
T1,0,1,200,6
T2,1,1,28,3
T3,2,0,98,2
T4,3,1,176,5
T5,4,0,145,2
T6,5,1,132,2
[411]
T1,0,0,170,8
T2,1,1,22,2
T3,2,1,102,2
T4,3,0,68,2
T5,4,0,108,12
T6,5,0,200,3
[412]
T1,0,1,74,1
T2,1,1,74,1
T3,2,0,200,4
T4,3,0,182,8
T5,4,1,56,1
T6,5,1,35,2
[413]
T1,0,1,75,2
T2,1,1,200,12
T3,2,0,148,4
T4,3,1,60,2
T5,4,0,84,2
T6,5,1,51,2
[414]
T1,0,1,200,5
T2,1,1,45,2
T3,2,0,136,4
T4,3,0,170,2
T5,4,1,138,3
T6,5,1,145,8
[415]
T1,0,1,54,3
T2,1,0,35,2
T3,2,1,96,5
T4,3,0,147,2
T5,4,0,200,1
T6,5,0,192,8
[416]
T1,0,0,60,2
T2,1,1,135,4
T3,2,0,200,9
T4,3,0,175,4
T5,4,1,96,3
T6,5,0,29,2
[417]
T1,0,0,75,2
T2,1,1,26,2
T3,2,1,135,8
T4,3,1,120,14
T5,4,0,200,2
T6,5,1,189,1
[418]
T1,0,1,116,6
T2,1,0,171,12
T3,2,0,60,1
T4,3,0,50,2
T5,4,0,200,1
T6,5,0,64,1
[419]
T1,0,1,67,1
T2,1,0,50,1
T3,2,0,128,2
T4,3,1,192,12
T5,4,0,200,5
T6,5,0,70,3
[420]
T1,0,1,145,2
T2,1,1,200,12
T3,2,1,49,2
T4,3,0,70,4
T5,4,1,195,12
T6,5,1,65,2
[421]
T1,0,0,30,2
T2,1,0,200,2
T3,2,0,86,2
T4,3,1,198,6
T5,4,1,122,13
T6,5,1,100,3
[422]
T1,0,1,156,13
T2,1,1,76,2
T3,2,1,200,1
T4,3,0,32,2
T5,4,0,104,6
T6,5,0,123,4
[423]
T1,0,1,109,12
T2,1,1,200,2
T3,2,0,75,1
T4,3,1,120,2
T5,4,1,190,4
T6,5,0,45,2
[424]
T1,0,1,200,5
T2,1,1,176,2
T3,2,0,98,1
T4,3,0,25,2
T5,4,1,70,7
T6,5,0,117,4
[425]
T1,0,0,96,2
T2,1,1,101,3
T3,2,1,200,2
T4,3,1,150,3
T5,4,1,88,6
T6,5,1,48,2
[426]
T1,0,1,113,1
T2,1,0,98,2
T3,2,0,33,2
T4,3,1,165,11
T5,4,1,55,1
T6,5,1,200,11
[427]
T1,0,1,66,2
T2,1,0,144,5
T3,2,1,66,3
T4,3,0,153,5
T5,4,1,33,2
T6,5,1,200,13
[428]
T1,0,1,68,4
T2,1,1,153,1
T3,2,0,104,1
T4,3,0,200,2
T5,4,1,26,1
T6,5,0,105,4
[429]
T1,0,1,67,2
T2,1,1,72,2
T3,2,0,200,25
T4,3,0,30,2
T5,4,0,192,3
T6,5,1,82,2
[430]
T1,0,1,69,2
T2,1,0,200,1
T3,2,0,72,1
T4,3,1,36,2
T5,4,0,56,1
T6,5,0,183,16
[431]
T1,0,1,200,4
T2,1,1,150,2
T3,2,1,68,7
T4,3,0,119,2
T5,4,1,49,2
T6,5,0,101,1
[432]
T1,0,1,141,3
T2,1,0,162,3
T3,2,0,200,9
T4,3,0,81,2
T5,4,0,120,2
T6,5,0,45,2
[433]
T1,0,0,132,6
T2,1,0,52,1
T3,2,1,165,10
T4,3,1,92,1
T5,4,0,200,8
T6,5,0,60,2
[434]
T1,0,0,36,2
T2,1,0,61,4
T3,2,1,200,3
T4,3,0,72,4
T5,4,1,176,1
T6,5,1,125,2
[435]
T1,0,1,200,11
T2,1,1,30,1
T3,2,1,146,1
T4,3,1,88,4
T5,4,1,66,1
T6,5,0,150,3
[436]
T1,0,0,52,2
T2,1,0,127,1
T3,2,0,154,8
T4,3,0,88,2
T5,4,1,60,2
T6,5,1,200,18
[437]
T1,0,1,141,2
T2,1,1,72,5
T3,2,0,158,4
T4,3,1,200,10
T5,4,1,21,2
T6,5,1,84,3
[438]
T1,0,1,198,2
T2,1,1,96,4
T3,2,0,79,6
T4,3,1,200,11
T5,4,1,55,2
T6,5,1,21,2
[439]
T1,0,1,147,4
T2,1,0,200,8
T3,2,0,100,1
T4,3,0,22,2
T5,4,0,88,6
T6,5,1,145,2
[440]
T1,0,0,110,1
T2,1,1,110,5
T3,2,0,200,5
T4,3,1,49,2
T5,4,1,75,5
T6,5,0,168,2
[441]
T1,0,0,120,5
T2,1,1,114,2
T3,2,1,96,2
T4,3,0,200,11
T5,4,0,181,1
T6,5,1,25,1
[442]
T1,0,1,160,2
T2,1,0,44,2
T3,2,0,63,2
T4,3,0,140,2
T5,4,1,96,8
T6,5,1,200,3
[443]
T1,0,0,29,1
T2,1,1,200,3
T3,2,0,100,2
T4,3,1,133,1
T5,4,1,166,2
T6,5,1,80,8
[444]
T1,0,0,175,2
T2,1,0,35,1
T3,2,1,138,4
T4,3,0,200,5
T5,4,1,60,2
T6,5,1,97,4
[445]
T1,0,0,26,2
T2,1,1,170,7
T3,2,1,85,1
T4,3,0,117,2
T5,4,1,123,5
T6,5,1,200,14
[446]
T1,0,0,92,2
T2,1,0,40,1
T3,2,0,139,3
T4,3,0,175,1
T5,4,0,200,7
T6,5,0,126,9
[447]
T1,0,0,151,3
T2,1,0,54,1
T3,2,1,132,1
T4,3,0,60,4
T5,4,0,200,10
T6,5,0,44,2
[448]
T1,0,1,143,10
T2,1,1,189,6
T3,2,0,200,1
T4,3,1,22,2
T5,4,0,132,2
T6,5,1,77,4
[449]
T1,0,1,48,2
T2,1,1,176,10
T3,2,1,104,2
T4,3,0,108,2
T5,4,0,144,7
T6,5,1,200,3
[450]
T1,0,0,116,2
T2,1,0,192,2
T3,2,0,32,2
T4,3,1,200,15
T5,4,0,145,9
T6,5,1,80,2
[451]
T1,0,1,200,9
T2,1,1,75,2
T3,2,1,60,3
T4,3,1,172,2
T5,4,1,88,2
T6,5,0,27,2
[452]
T1,0,1,200,6
T2,1,0,24,2
T3,2,0,120,2
T4,3,1,135,1
T5,4,0,171,3
T6,5,0,120,3
[453]
T1,0,1,138,3
T2,1,1,95,2
T3,2,0,125,9
T4,3,0,48,1
T5,4,1,152,2
T6,5,1,200,11
[454]
T1,0,0,138,1
T2,1,0,200,2
T3,2,0,160,10
T4,3,1,84,3
T5,4,1,106,1
T6,5,0,30,2
[455]
T1,0,0,35,2
T2,1,1,196,10
T3,2,1,200,4
T4,3,1,106,2
T5,4,1,105,5
T6,5,1,64,2
[456]
T1,0,1,110,4
T2,1,0,50,3
T3,2,0,88,2
T4,3,1,151,2
T5,4,0,200,8
T6,5,1,101,2
[457]
T1,0,1,78,2
T2,1,1,182,10
T3,2,1,200,5
T4,3,0,32,1
T5,4,1,90,2
T6,5,1,100,1
[458]
T1,0,0,175,8
T2,1,1,125,3
T3,2,0,23,2
T4,3,1,79,7
T5,4,0,200,1
T6,5,0,60,2
[459]
T1,0,1,121,2
T2,1,0,50,2
T3,2,1,200,21
T4,3,1,59,2
T5,4,0,156,3
T6,5,0,78,2
[460]
T1,0,0,66,3
T2,1,0,165,1
T3,2,0,200,11
T4,3,0,55,2
T5,4,1,49,1
T6,5,1,110,3
[461]
T1,0,0,55,3
T2,1,1,99,5
T3,2,1,40,1
T4,3,0,200,2
T5,4,1,162,3
T6,5,1,99,3
[462]
T1,0,0,60,5
T2,1,0,25,2
T3,2,1,200,8
T4,3,1,180,2
T5,4,0,74,1
T6,5,0,74,1
[463]
T1,0,0,20,1
T2,1,0,190,2
T3,2,1,200,14
T4,3,1,89,1
T5,4,1,114,3
T6,5,0,136,2
[464]
T1,0,0,200,4
T2,1,0,156,3
T3,2,0,141,5
T4,3,1,66,4
T5,4,0,30,1
T6,5,1,91,1
[465]
T1,0,0,64,1
T2,1,1,144,2
T3,2,0,180,13
T4,3,1,58,2
T5,4,1,200,2
T6,5,0,38,1
[466]
T1,0,0,64,3
T2,1,1,180,1
T3,2,0,64,1
T4,3,1,200,15
T5,4,0,38,2
T6,5,1,119,2
[467]
T1,0,0,77,1
T2,1,1,30,2
T3,2,0,200,2
T4,3,0,175,11
T5,4,0,67,2
T6,5,1,100,2
[468]
T1,0,0,83,3
T2,1,0,200,9
T3,2,1,62,2
T4,3,0,130,1
T5,4,1,195,10
T6,5,0,30,2
[469]
T1,0,0,106,2
T2,1,1,96,2
T3,2,1,153,16
T4,3,1,63,2
T5,4,0,200,2
T6,5,0,50,1
[470]
T1,0,0,78,2
T2,1,1,200,12
T3,2,1,164,5
T4,3,1,40,2
T5,4,1,123,3
T6,5,1,125,1
[471]
T1,0,0,132,4
T2,1,0,99,7
T3,2,0,200,5
T4,3,1,195,2
T5,4,1,102,1
T6,5,1,22,2
[472]
T1,0,0,140,4
T2,1,0,84,2
T3,2,1,28,2
T4,3,0,179,6
T5,4,0,200,2
T6,5,0,128,2
[473]
T1,0,0,27,2
T2,1,1,72,3
T3,2,1,200,1
T4,3,1,162,6
T5,4,0,88,2
T6,5,0,111,2
[474]
T1,0,0,158,9
T2,1,1,136,2
T3,2,1,60,2
T4,3,0,24,2
T5,4,0,142,7
T6,5,0,200,13
[475]
T1,0,0,72,1
T2,1,0,200,6
T3,2,1,59,1
T4,3,1,32,3
T5,4,0,192,1
T6,5,0,106,1
[476]
T1,0,1,129,8
T2,1,0,68,2
T3,2,0,167,3
T4,3,1,136,4
T5,4,1,200,3
T6,5,1,50,2
[477]
T1,0,1,200,12
T2,1,1,120,3
T3,2,0,91,3
T4,3,0,177,6
T5,4,0,75,2
T6,5,1,34,2
[478]
T1,0,0,92,2
T2,1,1,70,5
T3,2,0,200,2
T4,3,1,170,4
T5,4,0,21,1
T6,5,0,64,2
[479]
T1,0,1,24,1
T2,1,0,125,10
T3,2,0,124,2
T4,3,0,150,3
T5,4,1,107,2
T6,5,0,200,2
[480]
T1,0,1,136,4
T2,1,0,67,3
T3,2,0,160,4
T4,3,1,144,9
T5,4,0,34,2
T6,5,1,200,4
[481]
T1,0,0,136,4
T2,1,1,200,2
T3,2,0,30,1
T4,3,0,120,9
T5,4,1,131,2
T6,5,1,196,3
[482]
T1,0,0,200,7
T2,1,1,28,2
T3,2,0,84,1
T4,3,0,156,4
T5,4,1,108,7
T6,5,0,116,5
[483]
T1,0,1,72,2
T2,1,1,166,6
T3,2,1,200,2
T4,3,0,50,4
T5,4,0,80,1
T6,5,1,71,2
[484]
T1,0,0,200,10
T2,1,0,120,6
T3,2,1,61,2
T4,3,0,115,1
T5,4,0,148,8
T6,5,1,24,2
[485]
T1,0,0,200,4
T2,1,0,40,2
T3,2,0,150,2
T4,3,1,68,2
T5,4,0,145,3
T6,5,0,96,6
[486]
T1,0,1,200,4
T2,1,1,48,1
T3,2,1,170,2
T4,3,0,87,7
T5,4,0,105,4
T6,5,1,105,2
[487]
T1,0,0,200,10
T2,1,0,92,2
T3,2,1,69,2
T4,3,1,76,3
T5,4,1,198,11
T6,5,0,50,2
[488]
T1,0,0,76,5
T2,1,1,175,2
T3,2,0,200,10
T4,3,0,35,2
T5,4,1,131,5
T6,5,0,105,1
[489]
T1,0,1,108,7
T2,1,0,64,2
T3,2,0,198,4
T4,3,0,200,8
T5,4,1,147,3
T6,5,1,36,2
[490]
T1,0,0,153,11
T2,1,1,90,2
T3,2,1,50,3
T4,3,0,108,1
T5,4,0,100,1
T6,5,1,200,2
[491]
T1,0,1,74,2
T2,1,0,60,2
T3,2,0,200,10
T4,3,0,56,2
T5,4,0,44,2
T6,5,0,168,10
[492]
T1,0,0,75,3
T2,1,0,168,10
T3,2,1,200,4
T4,3,1,79,2
T5,4,1,28,2
T6,5,0,114,2
[493]
T1,0,0,200,9
T2,1,1,184,2
T3,2,0,90,2
T4,3,1,75,2
T5,4,0,126,5
T6,5,1,22,1
[494]
T1,0,0,112,3
T2,1,0,200,3
T3,2,0,180,2
T4,3,1,62,2
T5,4,1,55,2
T6,5,1,30,1
[495]
T1,0,1,69,1
T2,1,1,101,12
T3,2,0,200,6
T4,3,0,69,1
T5,4,0,20,2
T6,5,0,148,2
[496]
T1,0,1,100,2
T2,1,1,44,2
T3,2,1,68,3
T4,3,1,164,7
T5,4,1,60,2
T6,5,0,200,10
[497]
T1,0,1,116,1
T2,1,1,44,2
T3,2,1,93,4
T4,3,1,200,5
T5,4,1,75,1
T6,5,1,160,5
[498]
T1,0,0,145,9
T2,1,0,148,1
T3,2,0,140,1
T4,3,0,44,1
T5,4,1,200,13
T6,5,1,110,2
[499]
T1,0,1,145,3
T2,1,1,61,4
T3,2,1,200,13
T4,3,1,145,1
T5,4,0,185,2
T6,5,0,30,2
[500]
T1,0,1,79,2
T2,1,1,64,2
T3,2,1,200,5
T4,3,0,56,2
T5,4,1,25,2
T6,5,1,155,7
