num_task_per_taskset=6
num_taskset=500
//ID,Priority,Offset,Period,Execution Time
[1]
T1,0,0,175,13
T2,1,1,59,2
T3,2,0,43,3
T4,3,0,90,3
T5,4,1,200,2
T6,5,0,105,8
[2]
T1,0,1,82,6
T2,1,0,200,2
T3,2,1,33,2
T4,3,1,55,8
T5,4,0,131,2
T6,5,0,150,3
[3]
T1,0,1,86,2
T2,1,1,200,5
T3,2,1,57,4
T4,3,1,192,10
T5,4,0,45,3
T6,5,1,72,1
[4]
T1,0,1,55,8
T2,1,0,200,2
T3,2,0,120,2
T4,3,1,32,1
T5,4,1,119,8
T6,5,1,160,2
[5]
T1,0,0,105,4
T2,1,0,36,2
T3,2,0,168,8
T4,3,0,200,38
T5,4,0,70,2
T6,5,1,129,2
[6]
T1,0,0,56,1
T2,1,1,200,7
T3,2,1,161,2
T4,3,0,124,6
T5,4,1,46,4
T6,5,1,98,8
[7]
T1,0,1,75,5
T2,1,0,200,10
T3,2,1,25,1
T4,3,0,92,2
T5,4,0,87,6
T6,5,0,189,5
[8]
T1,0,0,94,2
T2,1,1,32,3
T3,2,1,140,2
T4,3,0,118,11
T5,4,0,200,2
T6,5,1,150,10
[9]
T1,0,1,200,27
T2,1,1,96,10
T3,2,0,77,2
T4,3,1,175,4
T5,4,1,24,2
T6,5,1,75,2
[10]
T1,0,1,116,2
T2,1,0,116,9
T3,2,1,200,9
T4,3,1,104,3
T5,4,0,174,8
T6,5,0,32,2
[11]
T1,0,0,69,7
T2,1,0,79,1
T3,2,1,44,3
T4,3,1,150,2
T5,4,0,100,7
T6,5,1,200,2
[12]
T1,0,1,75,8
T2,1,0,28,2
T3,2,1,167,2
T4,3,0,60,1
T5,4,0,200,9
T6,5,1,144,11
[13]
T1,0,0,200,15
T2,1,1,131,2
T3,2,1,132,5
T4,3,1,64,2
T5,4,1,150,3
T6,5,0,30,2
[14]
T1,0,1,200,25
T2,1,0,175,2
T3,2,1,65,2
T4,3,0,103,7
T5,4,1,26,2
T6,5,1,64,2
[15]
T1,0,1,131,12
T2,1,0,55,4
T3,2,1,165,4
T4,3,1,200,18
T5,4,0,30,2
T6,5,1,72,2
[16]
T1,0,0,200,4
T2,1,0,128,10
T3,2,0,48,2
T4,3,0,104,7
T5,4,1,100,2
T6,5,1,169,12
[17]
T1,0,0,75,5
T2,1,1,25,2
T3,2,0,200,8
T4,3,1,175,10
T5,4,1,126,4
T6,5,0,81,6
[18]
T1,0,0,100,4
T2,1,0,142,14
T3,2,1,200,15
T4,3,0,76,1
T5,4,0,172,4
T6,5,1,50,1
[19]
T1,0,1,147,5
T2,1,1,49,2
T3,2,1,200,19
T4,3,1,55,4
T5,4,1,112,2
T6,5,0,176,13
[20]
T1,0,0,27,2
T2,1,0,200,12
T3,2,0,150,2
T4,3,0,116,1
T5,4,0,71,7
T6,5,0,90,2
[21]
T1,0,1,90,8
T2,1,1,183,14
T3,2,1,21,2
T4,3,0,200,4
T5,4,1,120,4
T6,5,1,129,4
[22]
T1,0,0,121,11
T2,1,0,78,4
T3,2,0,104,5
T4,3,1,32,2
T5,4,1,200,8
T6,5,1,170,5
[23]
T1,0,1,62,2
T2,1,0,105,3
T3,2,0,75,2
T4,3,0,52,2
T5,4,0,189,24
T6,5,0,200,16
[24]
T1,0,1,200,8
T2,1,0,63,3
T3,2,1,30,2
T4,3,0,153,10
T5,4,1,68,3
T6,5,0,84,4
[25]
T1,0,1,81,2
T2,1,1,64,6
T3,2,1,24,2
T4,3,1,189,21
T5,4,0,200,13
T6,5,1,147,2
[26]
T1,0,0,30,2
T2,1,1,200,13
T3,2,1,123,7
T4,3,0,117,4
T5,4,0,70,1
T6,5,0,180,15
[27]
T1,0,0,52,1
T2,1,0,90,1
T3,2,1,180,30
T4,3,0,200,13
T5,4,0,93,2
T6,5,0,55,2
[28]
T1,0,0,30,5
T2,1,0,86,2
T3,2,0,200,2
T4,3,1,125,2
T5,4,0,160,3
T6,5,1,100,3
[29]
T1,0,0,150,7
T2,1,0,200,12
T3,2,0,122,5
T4,3,1,100,5
T5,4,1,118,2
T6,5,1,28,1
[30]
T1,0,1,135,8
T2,1,0,200,2
T3,2,0,85,7
T4,3,0,30,2
T5,4,1,150,10
T6,5,1,103,4
[31]
T1,0,1,150,6
T2,1,0,38,2
T3,2,0,66,3
T4,3,0,105,4
T5,4,1,91,1
T6,5,0,200,24
[32]
T1,0,1,200,3
T2,1,1,69,2
T3,2,1,116,9
T4,3,1,100,8
T5,4,1,185,2
T6,5,1,50,4
[33]
T1,0,0,200,21
T2,1,1,57,2
T3,2,0,31,2
T4,3,1,152,7
T5,4,1,125,16
T6,5,1,57,2
[34]
T1,0,0,24,2
T2,1,0,66,2
T3,2,1,166,17
T4,3,0,200,4
T5,4,1,135,4
T6,5,0,60,4
[35]
T1,0,0,51,2
T2,1,1,88,1
T3,2,1,96,17
T4,3,1,200,5
T5,4,1,170,2
T6,5,1,75,4
[36]
T1,0,1,40,4
T2,1,1,98,4
T3,2,0,96,4
T4,3,0,200,15
T5,4,0,89,2
T6,5,1,160,4
[37]
T1,0,1,150,11
T2,1,1,105,2
T3,2,1,200,13
T4,3,1,111,5
T5,4,0,50,2
T6,5,0,61,1
[38]
T1,0,0,35,2
T2,1,0,112,8
T3,2,0,176,10
T4,3,1,200,15
T5,4,0,98,2
T6,5,1,66,2
[39]
T1,0,1,135,18
T2,1,0,45,2
T3,2,1,91,3
T4,3,0,141,4
T5,4,0,180,16
T6,5,1,200,2
[40]
T1,0,0,77,3
T2,1,1,147,11
T3,2,0,155,4
T4,3,0,200,24
T5,4,1,42,1
T6,5,0,60,2
[41]
T1,0,0,200,3
T2,1,1,24,3
T3,2,0,63,2
T4,3,0,180,1
T5,4,1,107,3
T6,5,0,123,6
[42]
T1,0,1,200,3
T2,1,1,148,24
T3,2,0,126,1
T4,3,1,60,5
T5,4,0,135,2
T6,5,1,40,2
[43]
T1,0,0,140,15
T2,1,0,192,22
T3,2,1,98,4
T4,3,0,200,2
T5,4,1,35,2
T6,5,0,115,2
[44]
T1,0,0,200,6
T2,1,1,65,8
T3,2,1,81,3
T4,3,0,119,1
T5,4,0,26,1
T6,5,1,195,5
[45]
T1,0,0,66,6
T2,1,1,120,3
T3,2,1,154,6
T4,3,0,91,9
T5,4,0,25,2
T6,5,0,200,3
[46]
T1,0,0,75,1
T2,1,1,77,7
T3,2,0,42,1
T4,3,0,200,13
T5,4,1,176,7
T6,5,0,72,2
[47]
T1,0,1,69,2
T2,1,0,87,6
T3,2,1,153,19
T4,3,1,45,1
T5,4,0,68,1
T6,5,0,200,7
[48]
T1,0,1,200,2
T2,1,1,26,1
T3,2,1,108,9
T4,3,0,130,2
T5,4,0,73,3
T6,5,1,160,10
[49]
T1,0,1,60,2
T2,1,0,80,2
T3,2,0,176,14
T4,3,1,200,2
T5,4,0,52,2
T6,5,1,115,17
[50]
T1,0,0,35,2
T2,1,1,127,15
T3,2,0,200,3
T4,3,1,189,11
T5,4,0,135,9
T6,5,0,81,2
[51]
T1,0,0,138,5
T2,1,1,99,2
T3,2,0,22,1
T4,3,0,146,23
T5,4,1,176,4
T6,5,1,200,4
[52]
T1,0,0,162,11
T2,1,1,61,4
T3,2,0,132,3
T4,3,1,55,3
T5,4,0,44,2
T6,5,0,200,9
[53]
T1,0,1,84,2
T2,1,0,200,6
T3,2,0,95,15
T4,3,1,90,2
T5,4,1,28,1
T6,5,1,196,6
[54]
T1,0,1,90,3
T2,1,1,130,14
T3,2,1,200,3
T4,3,1,156,2
T5,4,1,84,1
T6,5,0,31,3
[55]
T1,0,0,65,11
T2,1,0,60,2
T3,2,0,26,1
T4,3,1,200,5
T5,4,0,156,4
T6,5,0,125,1
[56]
T1,0,1,122,5
T2,1,0,200,1
T3,2,1,55,2
T4,3,1,44,2
T5,4,0,97,11
T6,5,1,183,2
[57]
T1,0,0,200,14
T2,1,1,25,1
T3,2,1,112,1
T4,3,0,168,17
T5,4,0,115,3
T6,5,1,129,2
[58]
T1,0,0,56,2
T2,1,1,152,1
T3,2,1,141,2
T4,3,0,200,21
T5,4,0,60,5
T6,5,1,30,2
[59]
T1,0,0,200,23
T2,1,1,140,19
T3,2,0,198,6
T4,3,1,110,2
T5,4,1,90,2
T6,5,0,32,2
[60]
T1,0,1,80,5
T2,1,0,200,13
T3,2,1,44,2
T4,3,1,78,2
T5,4,0,145,6
T6,5,1,165,10
[61]
T1,0,0,171,1
T2,1,1,105,10
T3,2,0,35,2
T4,3,0,140,13
T5,4,0,96,4
T6,5,1,200,6
[62]
T1,0,0,35,3
T2,1,1,154,5
T3,2,0,112,2
T4,3,0,80,7
T5,4,1,200,5
T6,5,1,108,2
[63]
T1,0,1,68,2
T2,1,1,39,1
T3,2,1,56,2
T4,3,0,200,16
T5,4,0,150,14
T6,5,0,140,8
[64]
T1,0,0,200,8
T2,1,1,69,2
T3,2,0,92,15
T4,3,0,35,2
T5,4,1,107,2
T6,5,0,180,5
[65]
T1,0,0,195,33
T2,1,0,65,2
T3,2,0,136,6
T4,3,0,50,2
T5,4,0,200,5
T6,5,1,71,2
[66]
T1,0,1,48,1
T2,1,0,170,3
T3,2,1,200,5
T4,3,0,137,2
T5,4,1,68,2
T6,5,1,128,21
[67]
T1,0,1,158,2
T2,1,0,80,6
T3,2,1,90,2
T4,3,1,89,9
T5,4,0,27,1
T6,5,1,200,2
[68]
T1,0,1,98,2
T2,1,1,49,2
T3,2,0,64,4
T4,3,0,200,11
T5,4,0,100,6
T6,5,0,176,8
[69]
T1,0,0,180,2
T2,1,0,200,8
T3,2,1,118,1
T4,3,0,79,1
T5,4,0,56,5
T6,5,1,36,4
[70]
T1,0,1,124,7
T2,1,0,134,5
T3,2,0,30,2
T4,3,1,200,6
T5,4,1,168,6
T6,5,0,63,7
[71]
T1,0,1,186,2
T2,1,0,200,23
T3,2,0,109,1
T4,3,0,58,2
T5,4,0,58,7
T6,5,1,40,2
[72]
T1,0,0,169,2
T2,1,1,130,3
T3,2,0,75,2
T4,3,1,200,8
T5,4,0,23,1
T6,5,1,100,14
[73]
T1,0,0,20,1
T2,1,1,137,3
T3,2,1,81,2
T4,3,1,160,7
T5,4,1,200,12
T6,5,0,90,5
[74]
T1,0,1,87,1
T2,1,0,200,6
T3,2,0,102,2
T4,3,0,30,3
T5,4,1,100,7
T6,5,1,170,9
[75]
T1,0,1,85,2
T2,1,0,172,6
T3,2,1,200,4
T4,3,0,129,14
T5,4,0,87,7
T6,5,0,25,2
[76]
T1,0,1,168,19
T2,1,0,107,2
T3,2,1,200,1
T4,3,1,76,10
T5,4,0,28,2
T6,5,0,140,2
[77]
T1,0,0,77,4
T2,1,1,147,13
T3,2,1,99,2
T4,3,0,40,2
T5,4,1,200,6
T6,5,0,198,8
[78]
T1,0,1,50,4
T2,1,1,120,2
T3,2,0,58,3
T4,3,1,63,1
T5,4,1,200,19
T6,5,1,185,3
[79]
T1,0,1,172,10
T2,1,1,25,1
T3,2,0,76,2
T4,3,0,200,14
T5,4,1,100,9
T6,5,1,72,2
[80]
T1,0,1,55,4
T2,1,1,90,3
T3,2,1,20,2
T4,3,0,170,23
T5,4,1,200,2
T6,5,0,143,1
[81]
T1,0,0,200,14
T2,1,1,58,1
T3,2,1,30,2
T4,3,0,147,3
T5,4,0,72,3
T6,5,1,96,11
[82]
T1,0,0,200,12
T2,1,0,159,12
T3,2,0,118,1
T4,3,1,132,2
T5,4,0,55,4
T6,5,0,44,2
[83]
T1,0,1,142,5
T2,1,0,78,2
T3,2,1,24,2
T4,3,1,125,6
T5,4,0,200,4
T6,5,1,180,24
[84]
T1,0,0,110,9
T2,1,0,200,10
T3,2,0,64,5
T4,3,1,198,3
T5,4,0,137,3
T6,5,0,50,2
[85]
T1,0,1,200,1
T2,1,1,36,2
T3,2,1,57,2
T4,3,0,72,7
T5,4,1,140,5
T6,5,1,175,10
[86]
T1,0,0,189,8
T2,1,1,30,2
T3,2,0,140,2
T4,3,1,130,11
T5,4,0,66,7
T6,5,1,200,9
[87]
T1,0,1,74,7
T2,1,0,28,2
T3,2,1,200,18
T4,3,1,92,5
T5,4,0,135,2
T6,5,0,180,5
[88]
T1,0,1,54,2
T2,1,0,200,26
T3,2,0,27,2
T4,3,1,82,7
T5,4,0,157,4
T6,5,0,135,2
[89]
T1,0,1,87,2
T2,1,1,116,2
T3,2,1,40,3
T4,3,1,184,26
T5,4,1,200,9
T6,5,1,80,2
[90]
T1,0,1,25,1
T2,1,1,200,13
T3,2,0,73,3
T4,3,0,100,3
T5,4,0,93,6
T6,5,1,160,4
[91]
T1,0,0,63,5
T2,1,0,150,2
T3,2,0,25,1
T4,3,1,94,2
T5,4,0,121,8
T6,5,1,200,13
[92]
T1,0,0,64,7
T2,1,1,56,1
T3,2,0,200,6
T4,3,1,162,4
T5,4,0,105,3
T6,5,0,35,2
[93]
T1,0,0,115,1
T2,1,1,64,3
T3,2,1,175,16
T4,3,0,22,2
T5,4,0,100,5
T6,5,0,200,9
[94]
T1,0,1,200,26
T2,1,1,162,1
T3,2,1,82,2
T4,3,1,28,2
T5,4,0,60,1
T6,5,1,105,3
[95]
T1,0,1,76,4
T2,1,0,130,17
T3,2,1,187,2
T4,3,1,44,1
T5,4,1,200,2
T6,5,0,110,8
[96]
T1,0,1,121,3
T2,1,1,174,2
T3,2,1,87,8
T4,3,0,200,15
T5,4,0,56,3
T6,5,0,28,2
[97]
T1,0,1,160,14
T2,1,1,88,6
T3,2,0,59,2
T4,3,0,65,4
T5,4,0,200,3
T6,5,1,35,2
[98]
T1,0,0,60,2
T2,1,1,35,1
T3,2,1,144,3
T4,3,0,68,5
T5,4,0,200,2
T6,5,1,195,21
[99]
T1,0,0,200,8
T2,1,1,44,2
T3,2,0,190,11
T4,3,0,105,12
T5,4,1,140,2
T6,5,0,133,2
[100]
T1,0,0,176,3
T2,1,0,40,2
T3,2,0,200,2
T4,3,1,80,2
T5,4,1,77,6
T6,5,0,106,12
[101]
T1,0,0,200,13
T2,1,0,27,2
T3,2,0,102,3
T4,3,0,126,2
T5,4,1,67,6
T6,5,1,153,4
[102]
T1,0,0,180,9
T2,1,1,200,5
T3,2,0,126,6
T4,3,0,27,2
T5,4,1,72,4
T6,5,0,105,8
[103]
T1,0,1,56,1
T2,1,0,36,3
T3,2,1,168,11
T4,3,1,200,15
T5,4,0,58,1
T6,5,0,139,2
[104]
T1,0,1,63,10
T2,1,0,172,2
T3,2,0,45,2
T4,3,0,105,3
T5,4,0,200,1
T6,5,1,85,5
[105]
T1,0,0,59,2
T2,1,0,200,4
T3,2,1,110,7
T4,3,0,36,2
T5,4,1,189,23
T6,5,0,75,5
[106]
T1,0,1,24,1
T2,1,1,200,5
T3,2,1,125,6
T4,3,1,90,9
T5,4,1,170,3
T6,5,0,55,1
[107]
T1,0,0,160,3
T2,1,1,64,2
T3,2,1,99,3
T4,3,0,45,2
T5,4,0,200,5
T6,5,0,131,26
[108]
T1,0,0,94,1
T2,1,1,44,2
T3,2,1,200,15
T4,3,1,160,6
T5,4,0,91,12
T6,5,1,64,1
[109]
T1,0,0,168,5
T2,1,1,72,4
T3,2,0,20,2
T4,3,0,125,5
T5,4,0,200,12
T6,5,1,61,4
[110]
T1,0,1,55,7
T2,1,1,88,2
T3,2,0,45,1
T4,3,1,154,2
T5,4,0,120,2
T6,5,1,200,21
[111]
T1,0,0,51,1
T2,1,0,176,1
T3,2,1,100,3
T4,3,1,200,17
T5,4,1,120,5
T6,5,1,136,11
[112]
T1,0,1,180,4
T2,1,0,118,4
T3,2,1,112,7
T4,3,0,30,2
T5,4,1,80,6
T6,5,1,200,2
[113]
T1,0,0,150,10
T2,1,0,200,13
T3,2,0,75,2
T4,3,0,87,1
T5,4,0,147,13
T6,5,1,25,2
[114]
T1,0,0,48,3
T2,1,1,160,4
T3,2,0,105,2
T4,3,0,200,3
T5,4,0,130,14
T6,5,1,145,10
[115]
T1,0,0,180,27
T2,1,1,61,2
T3,2,1,200,4
T4,3,0,28,1
T5,4,1,124,2
T6,5,0,56,1
[116]
T1,0,1,56,2
T2,1,0,200,4
T3,2,1,51,4
T4,3,1,175,18
T5,4,0,63,1
T6,5,0,121,5
[117]
T1,0,1,154,1
T2,1,1,200,17
T3,2,0,77,2
T4,3,0,91,3
T5,4,0,54,2
T6,5,0,135,15
[118]
T1,0,1,200,7
T2,1,0,100,8
T3,2,0,81,8
T4,3,0,165,4
T5,4,0,33,2
T6,5,0,114,4
[119]
T1,0,0,41,2
T2,1,0,100,4
T3,2,0,176,2
T4,3,1,80,6
T5,4,1,200,28
T6,5,0,55,1
[120]
T1,0,0,97,2
T2,1,1,84,2
T3,2,0,161,5
T4,3,0,200,2
T5,4,1,70,9
T6,5,0,50,4
[121]
T1,0,0,54,1
T2,1,0,157,3
T3,2,1,200,2
T4,3,1,72,1
T5,4,1,90,14
T6,5,1,24,1
[122]
T1,0,0,62,2
T2,1,0,200,1
T3,2,0,130,8
T4,3,1,56,4
T5,4,1,176,16
T6,5,1,31,1
[123]
T1,0,1,200,16
T2,1,1,156,14
T3,2,0,143,4
T4,3,1,20,2
T5,4,0,59,2
T6,5,0,60,4
[124]
T1,0,0,72,9
T2,1,0,200,2
T3,2,1,129,8
T4,3,0,21,2
T5,4,1,168,7
T6,5,1,80,2
[125]
T1,0,0,28,1
T2,1,0,99,7
T3,2,1,125,4
T4,3,1,200,3
T5,4,0,75,7
T6,5,1,189,4
[126]
T1,0,0,104,2
T2,1,0,76,2
T3,2,1,190,7
T4,3,0,200,4
T5,4,1,48,5
T6,5,1,141,15
[127]
T1,0,1,30,2
T2,1,0,107,10
T3,2,0,125,1
T4,3,0,114,5
T5,4,0,180,3
T6,5,0,200,5
[128]
T1,0,0,133,11
T2,1,0,200,11
T3,2,0,96,2
T4,3,0,45,2
T5,4,1,180,1
T6,5,1,120,14
[129]
T1,0,1,120,10
T2,1,0,189,6
T3,2,0,200,10
T4,3,1,54,1
T5,4,0,78,2
T6,5,1,30,3
[130]
T1,0,0,74,2
T2,1,1,200,11
T3,2,1,28,4
T4,3,0,104,2
T5,4,1,175,2
T6,5,0,76,2
[131]
T1,0,0,62,4
T2,1,0,85,3
T3,2,1,180,5
T4,3,1,54,6
T5,4,1,40,2
T6,5,1,200,4
[132]
T1,0,0,44,6
T2,1,0,95,1
T3,2,0,164,3
T4,3,1,200,3
T5,4,0,110,2
T6,5,1,77,7
[133]
T1,0,1,196,6
T2,1,0,200,4
T3,2,0,66,2
T4,3,1,126,2
T5,4,1,28,3
T6,5,1,126,11
[134]
T1,0,0,60,2
T2,1,0,190,2
T3,2,0,36,1
T4,3,1,128,22
T5,4,0,75,2
T6,5,1,200,2
[135]
T1,0,0,24,1
T2,1,0,120,2
T3,2,1,81,4
T4,3,1,113,2
T5,4,1,200,22
T6,5,1,165,4
[136]
T1,0,0,69,2
T2,1,0,44,1
T3,2,0,200,9
T4,3,0,184,27
T5,4,0,92,1
T6,5,1,105,1
[137]
T1,0,1,135,18
T2,1,0,105,2
T3,2,1,48,3
T4,3,0,160,2
T5,4,0,102,3
T6,5,1,200,4
[138]
T1,0,0,150,6
T2,1,1,96,5
T3,2,0,25,2
T4,3,1,200,9
T5,4,1,135,10
T6,5,0,132,9
[139]
T1,0,1,200,14
T2,1,0,52,1
T3,2,0,78,6
T4,3,1,60,3
T5,4,0,150,4
T6,5,0,132,3
[140]
T1,0,0,70,2
T2,1,0,28,2
T3,2,0,165,16
T4,3,0,64,2
T5,4,0,129,2
T6,5,1,200,22
[141]
T1,0,0,134,2
T2,1,0,152,15
T3,2,1,52,3
T4,3,0,130,9
T5,4,1,200,2
T6,5,1,90,3
[142]
T1,0,1,62,2
T2,1,0,158,3
T3,2,0,100,11
T4,3,1,20,2
T5,4,0,74,8
T6,5,1,200,1
[143]
T1,0,0,75,1
T2,1,1,72,3
T3,2,1,120,19
T4,3,1,44,1
T5,4,0,186,5
T6,5,0,200,1
[144]
T1,0,1,83,5
T2,1,0,123,2
T3,2,0,24,3
T4,3,0,200,5
T5,4,1,100,2
T6,5,1,165,6
[145]
T1,0,1,200,12
T2,1,1,100,2
T3,2,1,50,2
T4,3,1,86,2
T5,4,1,149,16
T6,5,1,112,10
[146]
T1,0,1,128,10
T2,1,1,67,3
T3,2,0,24,2
T4,3,1,200,9
T5,4,1,176,12
T6,5,1,134,2
[147]
T1,0,1,102,13
T2,1,1,20,2
T3,2,0,200,7
T4,3,1,86,1
T5,4,1,57,2
T6,5,1,152,14
[148]
T1,0,0,142,5
T2,1,0,121,4
T3,2,1,51,2
T4,3,1,71,3
T5,4,1,200,28
T6,5,0,150,4
[149]
T1,0,0,200,1
T2,1,0,99,10
T3,2,0,28,2
T4,3,0,84,4
T5,4,0,134,11
T6,5,0,189,6
[150]
T1,0,0,195,13
T2,1,0,90,3
T3,2,0,200,25
T4,3,1,29,2
T5,4,0,82,2
T6,5,1,116,2
[151]
T1,0,1,115,6
T2,1,0,175,6
T3,2,0,89,4
T4,3,1,200,3
T5,4,1,70,1
T6,5,1,21,2
[152]
T1,0,1,88,1
T2,1,0,170,12
T3,2,0,80,6
T4,3,0,34,1
T5,4,0,200,11
T6,5,1,146,4
[153]
T1,0,0,120,6
T2,1,0,36,5
T3,2,0,93,2
T4,3,1,151,7
T5,4,1,120,2
T6,5,0,200,1
[154]
T1,0,0,111,2
T2,1,1,93,2
T3,2,0,120,21
T4,3,1,156,4
T5,4,0,200,14
T6,5,0,31,2
[155]
T1,0,1,100,7
T2,1,1,46,1
T3,2,1,200,4
T4,3,1,177,10
T5,4,1,120,5
T6,5,1,85,6
[156]
T1,0,0,200,8
T2,1,1,130,18
T3,2,0,182,6
T4,3,1,142,4
T5,4,0,23,2
T6,5,1,100,4
[157]
T1,0,0,200,22
T2,1,1,22,1
T3,2,0,121,7
T4,3,1,62,2
T5,4,0,110,3
T6,5,1,198,2
[158]
T1,0,0,92,1
T2,1,1,200,22
T3,2,0,165,5
T4,3,0,140,4
T5,4,0,98,8
T6,5,1,48,2
[159]
T1,0,1,180,2
T2,1,0,45,4
T3,2,1,96,6
T4,3,0,66,3
T5,4,0,200,4
T6,5,1,136,7
[160]
T1,0,1,189,3
T2,1,0,98,4
T3,2,0,20,2
T4,3,1,75,4
T5,4,0,111,2
T6,5,0,200,28
[161]
T1,0,0,164,7
T2,1,0,87,2
T3,2,1,82,2
T4,3,0,50,5
T5,4,1,200,1
T6,5,1,145,14
[162]
T1,0,1,79,1
T2,1,0,52,1
T3,2,0,200,3
T4,3,1,66,2
T5,4,1,65,9
T6,5,1,195,16
[163]
T1,0,1,72,3
T2,1,1,81,2
T3,2,0,168,12
T4,3,1,30,1
T5,4,1,200,10
T6,5,1,99,6
[164]
T1,0,1,200,9
T2,1,0,182,12
T3,2,0,123,13
T4,3,0,126,2
T5,4,0,25,2
T6,5,1,90,4
[165]
T1,0,1,27,2
T2,1,0,54,2
T3,2,1,153,9
T4,3,0,105,14
T5,4,1,200,5
T6,5,1,129,2
[166]
T1,0,1,55,2
T2,1,1,68,7
T3,2,1,200,5
T4,3,0,120,1
T5,4,1,22,2
T6,5,1,160,4
[167]
T1,0,0,174,12
T2,1,0,72,6
T3,2,1,200,1
T4,3,1,87,2
T5,4,1,20,1
T6,5,0,111,2
[168]
T1,0,1,98,2
T2,1,0,80,4
T3,2,0,189,5
T4,3,1,200,36
T5,4,1,21,2
T6,5,0,120,1
[169]
T1,0,0,25,2
T2,1,0,188,32
T3,2,0,200,1
T4,3,0,82,1
T5,4,1,70,5
T6,5,1,112,1
[170]
T1,0,1,200,8
T2,1,1,75,1
T3,2,1,62,3
T4,3,0,66,1
T5,4,0,40,2
T6,5,0,187,17
[171]
T1,0,0,61,1
T2,1,0,100,11
T3,2,1,30,2
T4,3,0,183,11
T5,4,1,72,1
T6,5,0,200,2
[172]
T1,0,0,200,2
T2,1,0,198,8
T3,2,1,33,2
T4,3,0,82,4
T5,4,0,88,1
T6,5,0,144,24
[173]
T1,0,0,126,10
T2,1,1,70,4
T3,2,1,200,2
T4,3,1,195,5
T5,4,0,28,1
T6,5,0,110,7
[174]
T1,0,1,56,2
T2,1,0,200,3
T3,2,1,160,9
T4,3,0,138,3
T5,4,1,20,2
T6,5,1,106,17
[175]
T1,0,0,92,2
T2,1,0,77,13
T3,2,0,132,2
T4,3,0,200,2
T5,4,0,187,12
T6,5,1,22,2
[176]
T1,0,0,200,6
T2,1,1,90,5
T3,2,0,63,5
T4,3,1,156,15
T5,4,1,25,2
T6,5,1,93,1
[177]
T1,0,0,166,8
T2,1,0,35,1
T3,2,1,200,4
T4,3,1,60,2
T5,4,1,120,21
T6,5,1,84,2
[178]
T1,0,1,200,13
T2,1,1,102,1
T3,2,0,71,7
T4,3,1,175,7
T5,4,0,49,2
T6,5,1,84,4
[179]
T1,0,0,144,20
T2,1,1,48,2
T3,2,0,196,1
T4,3,0,200,1
T5,4,1,118,3
T6,5,1,84,9
[180]
T1,0,0,104,3
T2,1,0,80,2
T3,2,0,26,3
T4,3,0,200,3
T5,4,1,75,6
T6,5,0,183,3
[181]
T1,0,1,72,1
T2,1,1,87,7
T3,2,1,195,3
T4,3,1,96,9
T5,4,0,200,6
T6,5,1,30,1
[182]
T1,0,1,27,2
T2,1,1,200,14
T3,2,1,54,1
T4,3,0,70,11
T5,4,1,57,2
T6,5,1,152,2
[183]
T1,0,1,108,3
T2,1,1,135,2
T3,2,0,177,5
T4,3,0,50,8
T5,4,0,200,3
T6,5,1,79,2
[184]
T1,0,0,88,6
T2,1,0,138,3
T3,2,1,189,1
T4,3,1,120,13
T5,4,1,200,2
T6,5,0,21,1
[185]
T1,0,1,25,2
T2,1,0,63,1
T3,2,0,200,10
T4,3,1,198,4
T5,4,0,62,7
T6,5,0,62,4
[186]
T1,0,1,135,7
T2,1,0,136,2
T3,2,0,36,3
T4,3,0,143,8
T5,4,1,180,12
T6,5,0,200,5
[187]
T1,0,0,196,27
T2,1,1,50,2
T3,2,0,116,5
T4,3,0,58,2
T5,4,1,71,1
T6,5,1,200,8
[188]
T1,0,0,200,5
T2,1,0,102,4
T3,2,0,140,18
T4,3,0,26,2
T5,4,0,66,4
T6,5,0,150,1
[189]
T1,0,0,150,2
T2,1,1,30,2
T3,2,0,200,14
T4,3,0,120,19
T5,4,0,71,2
T6,5,1,111,3
[190]
T1,0,1,200,4
T2,1,1,50,3
T3,2,1,165,8
T4,3,1,104,4
T5,4,0,66,6
T6,5,0,55,2
[191]
T1,0,0,94,2
T2,1,1,200,27
T3,2,0,124,2
T4,3,1,40,2
T5,4,1,80,4
T6,5,1,154,12
[192]
T1,0,1,110,3
T2,1,0,24,1
T3,2,1,115,2
T4,3,1,160,2
T5,4,0,200,2
T6,5,0,114,20
[193]
T1,0,1,142,1
T2,1,0,45,2
T3,2,0,104,6
T4,3,1,84,2
T5,4,0,195,16
T6,5,0,200,14
[194]
T1,0,0,132,6
T2,1,0,20,2
T3,2,0,90,2
T4,3,1,200,17
T5,4,0,75,3
T6,5,0,172,18
[195]
T1,0,1,88,4
T2,1,1,33,3
T3,2,1,135,5
T4,3,1,88,1
T5,4,1,200,1
T6,5,0,178,12
[196]
T1,0,1,51,2
T2,1,1,70,2
T3,2,0,81,2
T4,3,0,162,15
T5,4,0,200,21
T6,5,1,102,2
[197]
T1,0,1,35,3
T2,1,0,63,3
T3,2,0,111,5
T4,3,0,200,13
T5,4,1,168,2
T6,5,1,69,2
[198]
T1,0,0,136,10
T2,1,0,90,5
T3,2,1,200,6
T4,3,0,77,2
T5,4,0,156,14
T6,5,1,50,2
[199]
T1,0,1,115,1
T2,1,0,180,17
T3,2,1,60,8
T4,3,0,135,2
T5,4,0,200,9
T6,5,0,34,2
[200]
T1,0,0,64,1
T2,1,1,101,2
T3,2,0,180,16
T4,3,1,200,3
T5,4,0,90,2
T6,5,0,26,3
[201]
T1,0,1,161,1
T2,1,0,83,2
T3,2,1,200,13
T4,3,1,112,1
T5,4,1,32,2
T6,5,1,115,23
[202]
T1,0,1,200,14
T2,1,0,52,2
T3,2,0,78,2
T4,3,0,165,5
T5,4,1,104,13
T6,5,1,140,6
[203]
T1,0,1,152,9
T2,1,0,30,1
T3,2,1,100,6
T4,3,1,200,2
T5,4,1,93,8
T6,5,1,146,2
[204]
T1,0,1,88,1
T2,1,1,200,25
T3,2,1,80,2
T4,3,1,156,3
T5,4,1,44,2
T6,5,0,130,6
[205]
T1,0,0,22,3
T2,1,0,100,5
T3,2,1,102,1
T4,3,0,108,4
T5,4,1,175,2
T6,5,1,200,11
[206]
T1,0,0,140,14
T2,1,0,200,6
T3,2,0,25,1
T4,3,1,108,1
T5,4,1,152,14
T6,5,0,130,1
[207]
T1,0,0,136,9
T2,1,0,23,3
T3,2,0,200,2
T4,3,0,60,1
T5,4,1,180,2
T6,5,1,59,2
[208]
T1,0,1,58,2
T2,1,1,24,2
T3,2,1,160,13
T4,3,1,200,6
T5,4,1,55,1
T6,5,0,84,1
[209]
T1,0,0,175,4
T2,1,0,140,2
T3,2,0,62,2
T4,3,0,20,2
T5,4,1,200,29
T6,5,1,131,15
[210]
T1,0,1,200,10
T2,1,1,176,4
T3,2,1,66,6
T4,3,0,63,4
T5,4,1,28,2
T6,5,1,114,4
[211]
T1,0,0,171,2
T2,1,1,133,23
T3,2,0,200,9
T4,3,0,58,2
T5,4,1,70,2
T6,5,0,42,1
[212]
T1,0,1,60,2
T2,1,1,77,2
T3,2,1,25,1
T4,3,0,200,30
T5,4,0,168,3
T6,5,1,98,5
[213]
T1,0,0,200,4
T2,1,0,25,2
T3,2,0,60,7
T4,3,0,156,3
T5,4,0,119,2
T6,5,0,73,7
[214]
T1,0,0,153,2
T2,1,0,144,12
T3,2,1,146,13
T4,3,0,32,2
T5,4,0,125,3
T6,5,1,200,13
[215]
T1,0,1,200,4
T2,1,1,60,2
T3,2,1,68,1
T4,3,0,174,12
T5,4,0,29,3
T6,5,0,121,6
[216]
T1,0,0,183,13
T2,1,1,70,2
T3,2,1,50,2
T4,3,0,141,4
T5,4,1,140,4
T6,5,0,200,31
[217]
T1,0,0,176,22
T2,1,0,200,6
T3,2,0,124,7
T4,3,0,24,2
T5,4,1,71,1
T6,5,0,60,2
[218]
T1,0,0,85,2
T2,1,1,150,13
T3,2,1,71,7
T4,3,1,54,1
T5,4,0,108,2
T6,5,1,200,8
[219]
T1,0,1,30,2
T2,1,0,134,18
T3,2,0,200,13
T4,3,0,60,2
T5,4,0,159,10
T6,5,1,125,2
[220]
T1,0,0,200,5
T2,1,1,107,26
T3,2,0,112,2
T4,3,1,77,2
T5,4,1,168,2
T6,5,1,20,2
[221]
T1,0,1,60,2
T2,1,0,162,26
T3,2,1,200,8
T4,3,0,29,2
T5,4,0,131,9
T6,5,0,72,2
[222]
T1,0,0,83,3
T2,1,0,104,13
T3,2,1,117,4
T4,3,1,200,1
T5,4,1,148,4
T6,5,0,52,2
[223]
T1,0,1,200,7
T2,1,1,185,13
T3,2,1,128,1
T4,3,1,30,1
T5,4,0,112,11
T6,5,1,70,2
[224]
T1,0,0,198,11
T2,1,1,102,2
T3,2,1,200,12
T4,3,1,140,3
T5,4,1,24,1
T6,5,1,60,4
[225]
T1,0,1,200,14
T2,1,0,51,1
T3,2,1,78,2
T4,3,0,135,14
T5,4,0,168,9
T6,5,1,119,3
[226]
T1,0,0,170,2
T2,1,0,92,10
T3,2,0,22,2
T4,3,0,200,1
T5,4,1,102,3
T6,5,1,56,1
[227]
T1,0,1,20,2
T2,1,1,200,2
T3,2,0,86,8
T4,3,1,168,7
T5,4,1,76,7
T6,5,0,80,2
[228]
T1,0,1,200,15
T2,1,0,141,1
T3,2,0,160,10
T4,3,0,144,2
T5,4,1,105,7
T6,5,0,40,2
[229]
T1,0,0,28,1
T2,1,0,168,21
T3,2,0,73,3
T4,3,0,110,4
T5,4,1,56,2
T6,5,0,200,2
[230]
T1,0,1,45,2
T2,1,0,65,3
T3,2,1,200,30
T4,3,1,155,2
T5,4,0,77,4
T6,5,0,124,2
[231]
T1,0,1,85,2
T2,1,1,200,30
T3,2,1,156,3
T4,3,0,55,3
T5,4,0,60,1
T6,5,1,35,2
[232]
T1,0,1,48,4
T2,1,0,78,2
T3,2,1,57,2
T4,3,0,100,5
T5,4,1,169,4
T6,5,0,200,19
[233]
T1,0,1,36,2
T2,1,0,80,4
T3,2,1,96,1
T4,3,0,182,17
T5,4,1,69,3
T6,5,1,200,15
[234]
T1,0,0,81,3
T2,1,0,103,7
T3,2,1,200,2
T4,3,1,20,2
T5,4,1,100,8
T6,5,1,155,12
[235]
T1,0,1,200,5
T2,1,1,147,2
T3,2,0,60,3
T4,3,0,67,4
T5,4,0,84,7
T6,5,1,25,1
[236]
T1,0,1,50,2
T2,1,0,75,5
T3,2,1,200,7
T4,3,1,72,7
T5,4,0,184,12
T6,5,1,72,2
[237]
T1,0,0,75,2
T2,1,1,200,24
T3,2,1,87,2
T4,3,0,31,1
T5,4,1,186,17
T6,5,0,78,2
[238]
T1,0,0,143,8
T2,1,0,165,7
T3,2,1,140,10
T4,3,0,20,2
T5,4,0,200,2
T6,5,1,54,4
[239]
T1,0,1,131,2
T2,1,1,200,32
T3,2,0,128,5
T4,3,0,117,4
T5,4,1,180,2
T6,5,1,39,2
[240]
T1,0,0,159,20
T2,1,1,66,2
T3,2,0,55,1
T4,3,0,200,8
T5,4,1,133,5
T6,5,1,22,1
[241]
T1,0,0,175,4
T2,1,1,130,8
T3,2,1,132,4
T4,3,1,50,4
T5,4,1,200,13
T6,5,1,128,2
[242]
T1,0,1,190,5
T2,1,0,90,2
T3,2,1,66,5
T4,3,0,200,5
T5,4,1,133,12
T6,5,1,42,2
[243]
T1,0,1,186,19
T2,1,1,116,2
T3,2,1,120,5
T4,3,1,136,8
T5,4,1,200,10
T6,5,1,40,1
[244]
T1,0,1,75,12
T2,1,1,48,2
T3,2,0,132,2
T4,3,0,74,2
T5,4,0,185,9
T6,5,0,200,1
[245]
T1,0,1,138,7
T2,1,0,78,13
T3,2,0,130,2
T4,3,0,189,6
T5,4,1,200,1
T6,5,1,27,2
[246]
T1,0,1,22,2
T2,1,1,148,4
T3,2,0,122,5
T4,3,1,60,2
T5,4,0,200,8
T6,5,1,90,2
[247]
T1,0,0,90,4
T2,1,1,200,20
T3,2,0,27,1
T4,3,0,128,2
T5,4,1,162,5
T6,5,0,135,6
[248]
T1,0,0,119,4
T2,1,1,200,11
T3,2,0,49,2
T4,3,0,180,9
T5,4,1,63,5
T6,5,0,90,2
[249]
T1,0,0,200,19
T2,1,0,70,6
T3,2,1,23,2
T4,3,0,161,10
T5,4,0,62,2
T6,5,1,89,2
[250]
T1,0,1,110,2
T2,1,1,200,11
T3,2,1,97,6
T4,3,0,120,2
T5,4,1,38,1
T6,5,1,165,18
[251]
T1,0,0,200,10
T2,1,1,57,3
T3,2,1,75,1
T4,3,1,164,3
T5,4,1,30,2
T6,5,1,129,7
[252]
T1,0,0,75,2
T2,1,0,90,14
T3,2,1,40,2
T4,3,0,200,6
T5,4,0,196,7
T6,5,1,130,3
[253]
T1,0,0,20,1
T2,1,1,192,11
T3,2,1,64,6
T4,3,1,200,1
T5,4,1,96,4
T6,5,1,62,2
[254]
T1,0,1,140,11
T2,1,0,56,2
T3,2,1,101,3
T4,3,0,32,2
T5,4,1,200,16
T6,5,0,171,2
[255]
T1,0,1,85,2
T2,1,1,119,5
T3,2,0,168,28
T4,3,0,128,3
T5,4,0,200,1
T6,5,0,34,2
[256]
T1,0,0,200,29
T2,1,0,90,1
T3,2,1,190,3
T4,3,0,115,2
T5,4,0,20,2
T6,5,0,78,5
[257]
T1,0,0,34,1
T2,1,1,136,12
T3,2,0,63,4
T4,3,1,200,1
T5,4,0,196,2
T6,5,1,119,10
[258]
T1,0,1,78,2
T2,1,0,91,9
T3,2,1,182,2
T4,3,1,102,1
T5,4,1,200,26
T6,5,0,26,1
[259]
T1,0,0,44,2
T2,1,0,200,29
T3,2,1,93,2
T4,3,1,78,2
T5,4,1,70,2
T6,5,1,182,7
[260]
T1,0,1,84,8
T2,1,1,138,1
T3,2,0,200,19
T4,3,0,24,2
T5,4,0,150,2
T6,5,0,100,3
[261]
T1,0,0,110,2
T2,1,1,187,5
T3,2,1,74,2
T4,3,0,200,2
T5,4,1,30,2
T6,5,1,77,18
[262]
T1,0,0,26,2
T2,1,1,200,2
T3,2,1,106,1
T4,3,1,150,4
T5,4,1,60,13
T6,5,0,95,1
[263]
T1,0,0,49,6
T2,1,1,196,14
T3,2,1,138,3
T4,3,0,64,1
T5,4,0,200,1
T6,5,0,64,2
[264]
T1,0,1,83,3
T2,1,0,200,6
T3,2,1,40,1
T4,3,1,165,12
T5,4,1,66,2
T6,5,0,88,5
[265]
T1,0,1,200,7
T2,1,0,114,2
T3,2,0,80,12
T4,3,0,100,2
T5,4,1,192,10
T6,5,1,46,1
[266]
T1,0,1,200,4
T2,1,1,180,8
T3,2,0,26,1
T4,3,1,96,2
T5,4,1,89,9
T6,5,1,117,4
[267]
T1,0,1,150,2
T2,1,1,96,1
T3,2,1,115,5
T4,3,1,58,5
T5,4,1,200,6
T6,5,1,27,2
[268]
T1,0,0,68,4
T2,1,1,135,8
T3,2,1,44,2
T4,3,1,200,1
T5,4,0,176,27
T6,5,0,88,1
[269]
T1,0,0,200,14
T2,1,0,81,2
T3,2,1,105,2
T4,3,1,50,5
T5,4,1,93,4
T6,5,0,180,7
[270]
T1,0,0,135,3
T2,1,1,180,9
T3,2,0,96,5
T4,3,0,42,2
T5,4,1,200,22
T6,5,0,117,4
[271]
T1,0,1,200,2
T2,1,1,40,1
T3,2,1,88,4
T4,3,1,130,3
T5,4,1,190,25
T6,5,0,60,2
[272]
T1,0,0,200,1
T2,1,0,50,4
T3,2,1,144,11
T4,3,1,58,3
T5,4,0,160,2
T6,5,1,72,2
[273]
T1,0,1,102,2
T2,1,0,170,2
T3,2,1,56,1
T4,3,0,200,6
T5,4,0,50,5
T6,5,1,100,9
[274]
T1,0,1,119,9
T2,1,1,62,2
T3,2,1,136,8
T4,3,1,200,4
T5,4,1,28,1
T6,5,0,153,8
[275]
T1,0,1,102,3
T2,1,1,200,11
T3,2,1,65,2
T4,3,1,48,2
T5,4,0,195,17
T6,5,1,142,4
[276]
T1,0,1,200,5
T2,1,1,40,4
T3,2,1,172,10
T4,3,1,86,4
T5,4,1,140,2
T6,5,1,139,5
[277]
T1,0,0,200,2
T2,1,1,45,2
T3,2,1,140,14
T4,3,0,98,5
T5,4,1,76,2
T6,5,1,154,12
[278]
T1,0,0,125,4
T2,1,0,182,3
T3,2,0,75,4
T4,3,1,200,3
T5,4,0,99,2
T6,5,1,52,8
[279]
T1,0,0,128,10
T2,1,1,200,3
T3,2,1,36,4
T4,3,0,189,2
T5,4,0,70,2
T6,5,1,133,9
[280]
T1,0,1,98,2
T2,1,1,66,2
T3,2,0,200,9
T4,3,0,35,2
T5,4,1,89,8
T6,5,1,150,16
[281]
T1,0,1,200,19
T2,1,0,93,4
T3,2,0,41,1
T4,3,1,96,2
T5,4,1,100,2
T6,5,1,164,10
[282]
T1,0,1,162,3
T2,1,0,98,2
T3,2,1,108,2
T4,3,0,200,4
T5,4,1,70,2
T6,5,0,48,10
[283]
T1,0,0,186,16
T2,1,0,31,1
T3,2,0,74,2
T4,3,1,200,8
T5,4,1,60,1
T6,5,0,128,6
[284]
T1,0,1,119,12
T2,1,0,91,2
T3,2,0,20,1
T4,3,1,140,2
T5,4,1,200,9
T6,5,0,189,10
[285]
T1,0,1,200,15
T2,1,1,93,4
T3,2,0,102,2
T4,3,0,51,5
T5,4,0,170,7
T6,5,1,66,2
[286]
T1,0,1,200,3
T2,1,1,60,4
T3,2,0,176,8
T4,3,1,146,2
T5,4,0,48,6
T6,5,0,103,2
[287]
T1,0,1,165,6
T2,1,1,35,2
T3,2,1,88,4
T4,3,0,99,12
T5,4,0,200,6
T6,5,0,114,5
[288]
T1,0,0,48,2
T2,1,1,150,1
T3,2,0,135,17
T4,3,0,66,2
T5,4,0,200,20
T6,5,1,116,2
[289]
T1,0,0,40,5
T2,1,0,200,4
T3,2,1,100,6
T4,3,0,173,1
T5,4,1,92,3
T6,5,0,100,3
[290]
T1,0,1,176,5
T2,1,1,60,2
T3,2,0,50,1
T4,3,1,200,2
T5,4,1,111,13
T6,5,1,136,8
[291]
T1,0,0,200,2
T2,1,1,98,3
T3,2,0,130,5
T4,3,0,196,3
T5,4,1,136,4
T6,5,0,30,4
[292]
T1,0,0,57,2
T2,1,0,80,1
T3,2,0,200,2
T4,3,1,190,20
T5,4,0,85,3
T6,5,1,38,4
[293]
T1,0,1,51,2
T2,1,1,85,10
T3,2,0,200,1
T4,3,0,155,11
T5,4,0,142,7
T6,5,0,68,2
[294]
T1,0,0,105,4
T2,1,1,22,1
T3,2,0,135,2
T4,3,1,200,2
T5,4,0,192,15
T6,5,0,90,8
[295]
T1,0,0,175,2
T2,1,1,200,21
T3,2,1,50,2
T4,3,1,133,15
T5,4,1,62,3
T6,5,1,125,1
[296]
T1,0,1,60,2
T2,1,1,76,3
T3,2,0,101,11
T4,3,0,150,10
T5,4,0,47,2
T6,5,1,200,11
[297]
T1,0,0,200,24
T2,1,1,34,2
T3,2,1,95,7
T4,3,1,74,3
T5,4,1,160,2
T6,5,0,64,2
[298]
T1,0,1,61,2
T2,1,1,200,16
T3,2,1,105,3
T4,3,1,171,6
T5,4,1,40,1
T6,5,1,57,6
[299]
T1,0,1,200,3
T2,1,1,75,1
T3,2,1,66,1
T4,3,0,67,2
T5,4,0,152,12
T6,5,0,22,3
[300]
T1,0,1,200,5
T2,1,1,33,4
T3,2,0,55,2
T4,3,0,168,1
T5,4,1,60,5
T6,5,1,69,2
[301]
T1,0,1,20,2
T2,1,0,200,11
T3,2,1,190,30
T4,3,1,60,2
T5,4,1,57,2
T6,5,1,55,1
[302]
T1,0,1,30,3
T2,1,0,155,15
T3,2,0,79,2
T4,3,0,93,2
T5,4,1,102,4
T6,5,0,200,2
[303]
T1,0,1,200,7
T2,1,0,120,1
T3,2,1,152,17
T4,3,0,97,8
T5,4,0,50,2
T6,5,0,95,3
[304]
T1,0,0,182,13
T2,1,0,91,1
T3,2,0,200,3
T4,3,0,123,4
T5,4,0,32,1
T6,5,0,77,7
[305]
T1,0,0,80,1
T2,1,0,200,5
T3,2,0,126,7
T4,3,1,107,9
T5,4,0,48,2
T6,5,0,150,14
[306]
T1,0,1,103,9
T2,1,0,200,7
T3,2,1,37,3
T4,3,0,128,4
T5,4,1,75,2
T6,5,0,148,3
[307]
T1,0,1,84,2
T2,1,1,187,19
T3,2,1,42,2
T4,3,1,200,14
T5,4,0,128,3
T6,5,1,77,1
[308]
T1,0,1,200,1
T2,1,0,30,3
T3,2,1,140,13
T4,3,0,180,4
T5,4,0,87,1
T6,5,1,94,4
[309]
T1,0,1,138,12
T2,1,0,141,3
T3,2,1,200,20
T4,3,1,160,7
T5,4,0,94,1
T6,5,1,35,2
[310]
T1,0,0,63,4
T2,1,0,160,7
T3,2,0,64,3
T4,3,0,42,3
T5,4,0,200,7
T6,5,0,126,2
[311]
T1,0,0,100,3
T2,1,1,99,2
T3,2,0,144,12
T4,3,0,200,11
T5,4,0,165,10
T6,5,0,32,1
[312]
T1,0,1,200,42
T2,1,1,136,2
T3,2,0,31,1
T4,3,0,150,2
T5,4,1,139,2
T6,5,0,100,1
[313]
T1,0,1,200,37
T2,1,1,90,2
T3,2,0,45,2
T4,3,0,57,2
T5,4,0,174,5
T6,5,0,138,1
[314]
T1,0,1,166,27
T2,1,0,200,2
T3,2,0,36,2
T4,3,0,60,1
T5,4,1,108,2
T6,5,0,79,1
[315]
T1,0,1,85,1
T2,1,0,22,2
T3,2,1,200,11
T4,3,1,134,15
T5,4,0,187,6
T6,5,0,125,8
[316]
T1,0,0,54,2
T2,1,0,75,2
T3,2,1,149,11
T4,3,0,200,17
T5,4,0,20,2
T6,5,1,57,5
[317]
T1,0,0,200,21
T2,1,1,108,1
T3,2,1,185,9
T4,3,0,25,2
T5,4,0,72,1
T6,5,1,115,7
[318]
T1,0,1,200,2
T2,1,1,56,4
T3,2,0,80,2
T4,3,0,162,14
T5,4,0,35,1
T6,5,1,141,10
[319]
T1,0,1,90,1
T2,1,1,193,3
T3,2,0,100,6
T4,3,1,200,12
T5,4,1,80,8
T6,5,0,24,2
[320]
T1,0,1,57,2
T2,1,0,105,14
T3,2,0,200,15
T4,3,0,145,2
T5,4,1,196,1
T6,5,1,25,2
[321]
T1,0,0,108,3
T2,1,1,74,2
T3,2,0,138,25
T4,3,0,200,2
T5,4,1,28,2
T6,5,1,180,5
[322]
T1,0,1,200,11
T2,1,0,138,14
T3,2,0,140,2
T4,3,1,116,8
T5,4,1,25,2
T6,5,1,150,3
[323]
T1,0,0,165,6
T2,1,1,35,5
T3,2,1,200,12
T4,3,0,55,2
T5,4,0,133,2
T6,5,1,135,2
[324]
T1,0,1,25,1
T2,1,1,200,9
T3,2,0,80,5
T4,3,0,117,10
T5,4,1,175,1
T6,5,1,123,5
[325]
T1,0,1,63,2
T2,1,0,83,3
T3,2,0,84,7
T4,3,0,195,2
T5,4,0,20,2
T6,5,0,200,22
[326]
T1,0,0,55,2
T2,1,1,165,11
T3,2,0,55,5
T4,3,0,87,1
T5,4,0,200,1
T6,5,0,20,1
[327]
T1,0,0,200,4
T2,1,0,26,1
T3,2,1,150,7
T4,3,0,97,13
T5,4,1,129,3
T6,5,1,129,2
[328]
T1,0,0,78,3
T2,1,1,175,6
T3,2,1,32,2
T4,3,0,200,21
T5,4,1,60,2
T6,5,1,115,5
[329]
T1,0,1,119,4
T2,1,0,104,6
T3,2,1,63,1
T4,3,1,200,14
T5,4,1,150,12
T6,5,0,24,2
[330]
T1,0,1,30,3
T2,1,0,84,7
T3,2,0,125,4
T4,3,1,200,2
T5,4,0,168,1
T6,5,1,142,8
[331]
T1,0,1,200,19
T2,1,0,35,2
T3,2,1,125,6
T4,3,1,100,1
T5,4,1,67,2
T6,5,1,180,5
[332]
T1,0,0,200,14
T2,1,1,125,4
T3,2,1,155,3
T4,3,1,100,12
T5,4,0,98,2
T6,5,0,52,2
[333]
T1,0,1,200,18
T2,1,1,135,10
T3,2,0,60,3
T4,3,1,81,2
T5,4,1,28,2
T6,5,1,175,2
[334]
T1,0,0,27,2
T2,1,1,172,12
T3,2,1,56,4
T4,3,0,129,2
T5,4,1,200,17
T6,5,1,60,1
[335]
T1,0,1,116,14
T2,1,1,25,2
T3,2,1,150,3
T4,3,1,133,2
T5,4,0,105,1
T6,5,0,200,6
[336]
T1,0,0,50,2
T2,1,1,140,9
T3,2,1,65,2
T4,3,0,178,6
T5,4,1,200,18
T6,5,1,75,7
[337]
T1,0,1,95,2
T2,1,0,150,7
T3,2,0,38,2
T4,3,0,67,3
T5,4,1,200,31
T6,5,0,133,2
[338]
T1,0,1,188,27
T2,1,1,84,3
T3,2,0,200,7
T4,3,1,24,2
T5,4,1,114,6
T6,5,1,112,2
[339]
T1,0,1,138,2
T2,1,1,39,2
T3,2,1,91,8
T4,3,1,63,1
T5,4,1,189,31
T6,5,0,200,2
[340]
T1,0,0,113,1
T2,1,0,65,2
T3,2,1,111,18
T4,3,1,200,8
T5,4,1,52,2
T6,5,1,150,8
[341]
T1,0,0,40,3
T2,1,1,160,3
T3,2,0,200,4
T4,3,1,61,3
T5,4,0,80,7
T6,5,0,79,2
[342]
T1,0,1,115,2
T2,1,1,68,2
T3,2,1,200,17
T4,3,0,90,4
T5,4,1,22,2
T6,5,1,198,5
[343]
T1,0,0,27,2
T2,1,1,85,14
T3,2,0,84,1
T4,3,0,152,6
T5,4,0,200,1
T6,5,1,76,2
[344]
T1,0,0,40,4
T2,1,1,69,4
T3,2,1,200,16
T4,3,0,81,2
T5,4,0,125,1
T6,5,0,180,4
[345]
T1,0,0,46,1
T2,1,0,88,3
T3,2,0,138,3
T4,3,1,81,1
T5,4,0,200,35
T6,5,1,180,2
[346]
T1,0,0,82,8
T2,1,1,195,1
T3,2,1,70,5
T4,3,0,200,10
T5,4,1,80,1
T6,5,1,20,2
[347]
T1,0,1,20,2
T2,1,0,153,7
T3,2,1,130,5
T4,3,1,116,17
T5,4,1,80,2
T6,5,1,200,1
[348]
T1,0,0,146,20
T2,1,0,58,4
T3,2,0,50,2
T4,3,0,160,4
T5,4,0,200,4
T6,5,1,130,1
[349]
T1,0,0,102,7
T2,1,1,185,6
T3,2,0,200,21
T4,3,1,74,1
T5,4,0,99,2
T6,5,1,24,1
[350]
T1,0,1,95,5
T2,1,1,190,5
T3,2,1,200,3
T4,3,0,32,3
T5,4,1,100,2
T6,5,0,61,3
[351]
T1,0,0,160,24
T2,1,0,112,2
T3,2,0,63,2
T4,3,0,200,7
T5,4,0,122,1
T6,5,0,52,1
[352]
T1,0,1,60,8
T2,1,1,33,1
T3,2,1,55,2
T4,3,1,200,5
T5,4,0,85,3
T6,5,1,149,5
[353]
T1,0,0,94,2
T2,1,1,150,8
T3,2,0,20,1
T4,3,0,136,7
T5,4,1,135,4
T6,5,1,200,18
[354]
T1,0,0,107,9
T2,1,0,192,2
T3,2,0,64,3
T4,3,1,39,2
T5,4,1,200,18
T6,5,0,96,1
[355]
T1,0,1,200,2
T2,1,0,55,7
T3,2,0,66,5
T4,3,1,93,2
T5,4,0,33,2
T6,5,1,156,10
[356]
T1,0,0,95,7
T2,1,0,117,2
T3,2,1,122,3
T4,3,0,20,1
T5,4,1,180,17
T6,5,1,200,1
[357]
T1,0,0,80,2
T2,1,1,112,8
T3,2,1,75,1
T4,3,1,52,2
T5,4,1,192,2
T6,5,0,200,18
[358]
T1,0,0,125,25
T2,1,1,112,1
T3,2,0,80,1
T4,3,1,168,1
T5,4,0,24,1
T6,5,1,200,2
[359]
T1,0,0,36,1
T2,1,1,87,1
T3,2,1,175,13
T4,3,1,75,2
T5,4,1,200,7
T6,5,0,130,13
[360]
T1,0,0,162,2
T2,1,0,200,24
T3,2,0,45,2
T4,3,0,124,7
T5,4,1,93,2
T6,5,0,63,5
[361]
T1,0,1,110,7
T2,1,0,200,4
T3,2,1,135,2
T4,3,1,28,2
T5,4,0,162,13
T6,5,1,98,9
[362]
T1,0,0,95,2
T2,1,1,160,7
T3,2,1,200,6
T4,3,0,141,19
T5,4,0,42,2
T6,5,1,120,8
[363]
T1,0,0,176,10
T2,1,1,200,6
T3,2,1,132,4
T4,3,1,86,2
T5,4,0,144,9
T6,5,0,50,4
[364]
T1,0,0,102,4
T2,1,0,66,3
T3,2,0,200,1
T4,3,0,168,9
T5,4,0,48,4
T6,5,0,140,7
[365]
T1,0,0,105,5
T2,1,0,144,3
T3,2,0,103,17
T4,3,0,32,1
T5,4,1,200,1
T6,5,1,182,2
[366]
T1,0,0,140,3
T2,1,0,100,2
T3,2,0,25,1
T4,3,0,176,12
T5,4,0,93,4
T6,5,1,200,17
[367]
T1,0,0,200,12
T2,1,0,155,21
T3,2,0,84,2
T4,3,1,96,3
T5,4,1,81,2
T6,5,0,30,1
[368]
T1,0,1,46,3
T2,1,0,82,11
T3,2,1,200,2
T4,3,1,64,2
T5,4,0,184,2
T6,5,0,115,2
[369]
T1,0,0,124,4
T2,1,1,44,5
T3,2,1,200,2
T4,3,1,80,5
T5,4,0,59,1
T6,5,1,155,4
[370]
T1,0,1,200,9
T2,1,1,54,2
T3,2,1,81,2
T4,3,0,53,3
T5,4,0,120,9
T6,5,0,180,5
[371]
T1,0,0,160,10
T2,1,1,75,1
T3,2,0,103,2
T4,3,0,200,28
T5,4,0,69,2
T6,5,1,24,2
[372]
T1,0,0,81,4
T2,1,0,143,2
T3,2,1,144,10
T4,3,1,165,16
T5,4,0,22,2
T6,5,0,200,7
[373]
T1,0,0,24,2
T2,1,1,117,13
T3,2,1,135,2
T4,3,1,162,15
T5,4,1,200,8
T6,5,0,104,2
[374]
T1,0,0,147,4
T2,1,0,120,2
T3,2,1,77,10
T4,3,1,200,13
T5,4,1,25,2
T6,5,0,126,1
[375]
T1,0,1,184,14
T2,1,1,144,1
T3,2,1,127,6
T4,3,0,115,10
T5,4,0,200,2
T6,5,0,20,1
[376]
T1,0,0,200,7
T2,1,0,104,2
T3,2,0,69,4
T4,3,1,23,2
T5,4,0,180,1
T6,5,1,99,17
[377]
T1,0,1,63,1
T2,1,0,25,2
T3,2,0,200,11
T4,3,1,110,1
T5,4,1,196,11
T6,5,1,55,5
[378]
T1,0,0,200,1
T2,1,0,130,3
T3,2,0,136,2
T4,3,1,117,24
T5,4,0,45,2
T6,5,0,168,5
[379]
T1,0,0,99,4
T2,1,1,200,4
T3,2,1,143,2
T4,3,1,198,5
T5,4,1,20,2
T6,5,1,132,7
[380]
T1,0,0,50,3
T2,1,0,200,2
T3,2,0,154,9
T4,3,1,77,2
T5,4,0,120,1
T6,5,1,70,10
[381]
T1,0,1,60,2
T2,1,0,91,2
T3,2,0,80,2
T4,3,0,200,17
T5,4,0,187,28
T6,5,0,50,2
[382]
T1,0,1,68,2
T2,1,1,189,1
T3,2,1,24,2
T4,3,1,96,3
T5,4,0,136,1
T6,5,0,200,33
[383]
T1,0,1,130,5
T2,1,0,28,2
T3,2,0,102,5
T4,3,1,160,17
T5,4,0,90,4
T6,5,1,200,6
[384]
T1,0,0,176,11
T2,1,0,118,6
T3,2,0,25,2
T4,3,1,143,2
T5,4,0,99,4
T6,5,0,200,22
[385]
T1,0,1,50,5
T2,1,1,180,5
T3,2,1,100,2
T4,3,1,125,2
T5,4,1,200,24
T6,5,1,71,1
[386]
T1,0,1,120,2
T2,1,1,27,1
T3,2,0,164,3
T4,3,0,200,30
T5,4,0,75,2
T6,5,0,74,5
[387]
T1,0,0,200,2
T2,1,1,141,13
T3,2,0,87,1
T4,3,0,150,1
T5,4,0,85,9
T6,5,0,20,1
[388]
T1,0,0,200,1
T2,1,0,25,2
T3,2,0,56,6
T4,3,0,190,21
T5,4,1,90,2
T6,5,1,65,1
[389]
T1,0,1,200,9
T2,1,0,187,15
T3,2,0,120,1
T4,3,0,110,7
T5,4,0,76,2
T6,5,0,33,2
[390]
T1,0,0,108,1
T2,1,0,45,4
T3,2,1,150,5
T4,3,1,200,3
T5,4,0,113,12
T6,5,1,93,1
[391]
T1,0,1,108,15
T2,1,1,196,4
T3,2,1,73,6
T4,3,1,200,3
T5,4,0,70,1
T6,5,1,27,2
[392]
T1,0,0,40,2
T2,1,1,133,11
T3,2,0,200,1
T4,3,0,117,2
T5,4,1,110,17
T6,5,0,175,5
[393]
T1,0,1,128,4
T2,1,1,34,4
T3,2,1,170,2
T4,3,0,105,3
T5,4,1,66,2
T6,5,0,200,17
[394]
T1,0,1,192,1
T2,1,0,200,3
T3,2,1,135,2
T4,3,0,127,25
T5,4,0,32,2
T6,5,1,66,3
[395]
T1,0,0,110,2
T2,1,1,77,1
T3,2,0,200,13
T4,3,0,47,2
T5,4,0,64,7
T6,5,1,188,13
[396]
T1,0,1,200,17
T2,1,0,196,15
T3,2,1,125,1
T4,3,1,55,2
T5,4,1,21,1
T6,5,1,112,1
[397]
T1,0,0,200,3
T2,1,1,143,2
T3,2,1,22,2
T4,3,0,75,1
T5,4,0,165,14
T6,5,0,66,11
[398]
T1,0,1,132,3
T2,1,1,184,2
T3,2,0,80,7
T4,3,1,44,6
T5,4,1,200,1
T6,5,1,94,2
[399]
T1,0,0,156,27
T2,1,1,145,6
T3,2,1,32,2
T4,3,1,96,2
T5,4,0,96,1
T6,5,0,200,4
[400]
T1,0,1,84,3
T2,1,1,120,12
T3,2,1,200,8
T4,3,0,132,2
T5,4,1,35,2
T6,5,1,161,3
[401]
T1,0,0,200,17
T2,1,1,117,5
T3,2,0,50,1
T4,3,0,64,1
T5,4,1,160,2
T6,5,1,62,5
[402]
T1,0,0,28,2
T2,1,1,148,4
T3,2,0,142,20
T4,3,1,140,1
T5,4,0,200,4
T6,5,0,140,9
[403]
T1,0,0,129,3
T2,1,0,48,2
T3,2,0,67,1
T4,3,1,200,7
T5,4,0,125,8
T6,5,0,150,19
[404]
T1,0,1,63,3
T2,1,0,175,15
T3,2,1,50,1
T4,3,0,55,1
T5,4,1,59,3
T6,5,0,200,8
[405]
T1,0,0,200,12
T2,1,1,116,2
T3,2,1,63,6
T4,3,1,185,11
T5,4,0,40,1
T6,5,0,116,2
[406]
T1,0,1,200,12
T2,1,1,174,3
T3,2,1,78,1
T4,3,0,84,1
T5,4,0,25,2
T6,5,1,78,7
[407]
T1,0,1,98,5
T2,1,1,75,4
T3,2,1,55,2
T4,3,1,200,15
T5,4,1,183,4
T6,5,1,48,3
[408]
T1,0,1,72,4
T2,1,0,175,10
T3,2,0,112,2
T4,3,0,82,2
T5,4,1,200,27
T6,5,1,33,2
[409]
T1,0,0,81,12
T2,1,0,180,6
T3,2,0,108,4
T4,3,1,144,3
T5,4,1,200,2
T6,5,0,22,2
[410]
T1,0,0,48,5
T2,1,0,66,1
T3,2,1,144,2
T4,3,0,200,2
T5,4,1,162,2
T6,5,0,90,12
[411]
T1,0,1,200,21
T2,1,0,65,2
T3,2,1,175,9
T4,3,1,133,2
T5,4,1,20,1
T6,5,0,114,3
[412]
T1,0,1,35,2
T2,1,0,140,3
T3,2,1,90,5
T4,3,0,74,7
T5,4,0,150,4
T6,5,1,200,12
[413]
T1,0,0,117,2
T2,1,1,200,21
T3,2,0,117,8
T4,3,0,20,2
T5,4,0,160,9
T6,5,0,102,2
[414]
T1,0,0,22,2
T2,1,0,60,1
T3,2,1,150,1
T4,3,1,200,2
T5,4,0,137,11
T6,5,1,70,9
[415]
T1,0,1,46,1
T2,1,0,200,17
T3,2,1,69,2
T4,3,1,62,3
T5,4,1,155,2
T6,5,0,133,8
[416]
T1,0,1,189,15
T2,1,0,200,3
T3,2,0,131,3
T4,3,0,38,1
T5,4,1,140,11
T6,5,1,63,3
[417]
T1,0,1,76,2
T2,1,0,95,2
T3,2,0,188,14
T4,3,0,47,2
T5,4,0,82,7
T6,5,0,200,15
[418]
T1,0,1,200,4
T2,1,0,132,8
T3,2,1,90,8
T4,3,1,184,10
T5,4,0,24,2
T6,5,0,125,5
[419]
T1,0,1,174,12
T2,1,0,45,2
T3,2,1,130,2
T4,3,1,200,11
T5,4,0,130,14
T6,5,1,72,2
[420]
T1,0,1,200,11
T2,1,0,50,2
T3,2,0,74,1
T4,3,1,154,15
T5,4,0,63,1
T6,5,0,84,6
[421]
T1,0,0,125,1
T2,1,1,45,5
T3,2,0,183,22
T4,3,0,94,1
T5,4,0,120,2
T6,5,1,200,3
[422]
T1,0,0,35,5
T2,1,1,56,2
T3,2,1,88,1
T4,3,1,75,3
T5,4,0,200,2
T6,5,1,187,10
[423]
T1,0,0,176,4
T2,1,1,79,5
T3,2,1,200,12
T4,3,1,140,7
T5,4,1,85,2
T6,5,1,28,1
[424]
T1,0,1,110,1
T2,1,1,162,16
T3,2,0,80,1
T4,3,1,25,2
T5,4,1,200,14
T6,5,1,136,8
[425]
T1,0,1,90,5
T2,1,0,171,10
T3,2,0,200,13
T4,3,1,100,4
T5,4,1,125,1
T6,5,0,45,1
[426]
T1,0,0,124,11
T2,1,0,125,1
T3,2,0,175,12
T4,3,1,42,2
T5,4,1,200,18
T6,5,1,108,2
[427]
T1,0,0,131,5
T2,1,1,200,17
T3,2,0,27,1
T4,3,0,135,7
T5,4,0,152,8
T6,5,0,125,2
[428]
T1,0,0,38,2
T2,1,1,147,5
T3,2,1,61,2
T4,3,0,95,6
T5,4,0,160,20
T6,5,0,200,5
[429]
T1,0,1,82,2
T2,1,1,200,32
T3,2,0,22,2
T4,3,0,160,2
T5,4,1,72,2
T6,5,0,90,2
[430]
T1,0,1,130,28
T2,1,1,71,2
T3,2,1,26,2
T4,3,0,101,2
T5,4,1,200,1
T6,5,1,160,1
[431]
T1,0,1,130,4
T2,1,0,112,2
T3,2,0,104,7
T4,3,0,185,16
T5,4,1,35,2
T6,5,1,200,20
[432]
T1,0,1,30,1
T2,1,1,100,18
T3,2,1,63,1
T4,3,1,200,4
T5,4,1,144,2
T6,5,1,189,2
[433]
T1,0,1,200,14
T2,1,0,62,2
T3,2,0,138,1
T4,3,0,184,7
T5,4,0,31,4
T6,5,1,116,4
[434]
T1,0,1,126,5
T2,1,1,200,17
T3,2,0,185,1
T4,3,0,105,13
T5,4,1,81,1
T6,5,1,37,2
[435]
T1,0,1,36,2
T2,1,0,109,7
T3,2,1,200,2
T4,3,1,138,8
T5,4,0,109,2
T6,5,0,160,19
[436]
T1,0,0,100,12
T2,1,0,52,2
T3,2,1,156,11
T4,3,0,127,2
T5,4,0,200,5
T6,5,1,62,3
[437]
T1,0,1,200,27
T2,1,1,98,2
T3,2,1,105,5
T4,3,1,180,1
T5,4,1,49,2
T6,5,0,75,7
[438]
T1,0,1,63,2
T2,1,0,132,23
T3,2,0,41,2
T4,3,1,200,2
T5,4,1,180,16
T6,5,0,90,1
[439]
T1,0,1,52,1
T2,1,1,96,1
T3,2,1,200,6
T4,3,0,140,16
T5,4,0,75,1
T6,5,0,176,14
[440]
T1,0,1,200,8
T2,1,0,175,18
T3,2,0,124,2
T4,3,1,69,4
T5,4,0,48,2
T6,5,1,60,5
[441]
T1,0,1,102,1
T2,1,0,200,12
T3,2,0,70,3
T4,3,1,150,11
T5,4,1,27,1
T6,5,0,143,2
[442]
T1,0,1,200,6
T2,1,1,140,2
T3,2,1,150,32
T4,3,1,48,2
T5,4,1,78,1
T6,5,0,136,1
[443]
T1,0,1,100,2
T2,1,1,94,1
T3,2,1,78,2
T4,3,0,53,3
T5,4,0,200,26
T6,5,0,156,11
[444]
T1,0,0,127,10
T2,1,0,111,2
T3,2,0,200,10
T4,3,0,74,4
T5,4,0,38,1
T6,5,1,190,9
[445]
T1,0,1,135,1
T2,1,0,86,8
T3,2,1,192,11
T4,3,0,40,3
T5,4,0,200,3
T6,5,1,108,2
[446]
T1,0,0,188,10
T2,1,1,56,1
T3,2,0,200,23
T4,3,1,50,2
T5,4,1,90,2
T6,5,0,60,1
[447]
T1,0,1,45,2
T2,1,1,150,16
T3,2,1,200,17
T4,3,1,82,6
T5,4,0,132,3
T6,5,1,103,2
[448]
T1,0,0,30,4
T2,1,0,160,2
T3,2,0,200,14
T4,3,1,75,2
T5,4,1,81,1
T6,5,1,137,2
[449]
T1,0,1,200,21
T2,1,1,140,15
T3,2,0,93,1
T4,3,1,49,2
T5,4,0,92,1
T6,5,1,155,6
[450]
T1,0,1,150,1
T2,1,1,106,1
T3,2,1,81,4
T4,3,1,200,18
T5,4,1,75,7
T6,5,0,30,2
[451]
T1,0,1,63,3
T2,1,1,200,7
T3,2,1,182,10
T4,3,1,127,16
T5,4,0,84,1
T6,5,1,52,2
[452]
T1,0,1,181,16
T2,1,1,70,2
T3,2,1,75,6
T4,3,0,119,3
T5,4,0,200,4
T6,5,1,25,2
[453]
T1,0,1,40,2
T2,1,0,160,5
T3,2,1,110,17
T4,3,1,115,6
T5,4,1,200,2
T6,5,1,54,1
[454]
T1,0,1,195,7
T2,1,0,84,2
T3,2,1,56,2
T4,3,1,45,2
T5,4,0,200,13
T6,5,1,81,10
[455]
T1,0,0,162,28
T2,1,0,45,2
T3,2,1,200,7
T4,3,0,126,2
T5,4,0,80,1
T6,5,0,68,3
[456]
T1,0,1,110,2
T2,1,0,200,19
T3,2,0,154,10
T4,3,0,132,2
T5,4,1,89,8
T6,5,1,39,1
[457]
T1,0,0,120,2
T2,1,1,200,7
T3,2,1,69,1
T4,3,0,67,14
T5,4,1,185,2
T6,5,1,20,2
[458]
T1,0,0,125,2
T2,1,0,150,5
T3,2,1,22,1
T4,3,0,59,6
T5,4,0,200,10
T6,5,0,59,1
[459]
T1,0,1,192,1
T2,1,0,27,2
T3,2,0,78,8
T4,3,1,200,10
T5,4,0,60,2
T6,5,1,95,9
[460]
T1,0,0,24,2
T2,1,0,100,11
T3,2,1,125,12
T4,3,1,78,1
T5,4,1,159,2
T6,5,1,200,8
[461]
T1,0,1,64,2
T2,1,1,200,20
T3,2,1,50,2
T4,3,1,110,12
T5,4,1,63,2
T6,5,0,175,10
[462]
T1,0,1,28,2
T2,1,1,131,10
T3,2,0,200,27
T4,3,0,64,2
T5,4,1,182,2
T6,5,0,75,3
[463]
T1,0,1,42,4
T2,1,1,150,2
T3,2,1,129,2
T4,3,0,200,2
T5,4,1,78,2
T6,5,0,125,19
[464]
T1,0,1,45,2
T2,1,0,75,3
T3,2,0,78,4
T4,3,0,200,11
T5,4,1,162,9
T6,5,1,96,6
[465]
T1,0,1,90,2
T2,1,0,24,2
T3,2,1,120,6
T4,3,1,200,7
T5,4,1,135,5
T6,5,0,169,12
[466]
T1,0,0,70,8
T2,1,0,108,1
T3,2,1,142,4
T4,3,0,200,10
T5,4,1,165,9
T6,5,0,22,2
[467]
T1,0,0,99,5
T2,1,1,86,1
T3,2,1,33,2
T4,3,1,200,4
T5,4,1,150,15
T6,5,1,81,3
[468]
T1,0,1,124,1
T2,1,1,45,2
T3,2,1,89,18
T4,3,1,93,2
T5,4,0,200,3
T6,5,0,165,4
[469]
T1,0,0,117,7
T2,1,0,40,2
T3,2,1,150,6
T4,3,1,97,2
T5,4,0,200,2
T6,5,0,132,20
[470]
T1,0,0,102,2
T2,1,0,62,3
T3,2,0,51,2
T4,3,0,155,11
T5,4,1,102,9
T6,5,1,200,14
[471]
T1,0,1,60,2
T2,1,1,63,4
T3,2,1,171,4
T4,3,0,81,5
T5,4,0,200,19
T6,5,1,24,2
[472]
T1,0,1,116,3
T2,1,0,192,8
T3,2,0,35,2
T4,3,0,200,16
T5,4,1,84,1
T6,5,0,78,8
[473]
T1,0,0,44,2
T2,1,1,88,3
T3,2,0,54,4
T4,3,0,169,8
T5,4,0,200,1
T6,5,0,143,9
[474]
T1,0,0,139,1
T2,1,0,170,7
T3,2,1,70,9
T4,3,0,50,1
T5,4,1,124,4
T6,5,0,200,7
[475]
T1,0,0,200,1
T2,1,0,31,2
T3,2,1,80,16
T4,3,0,100,1
T5,4,0,105,1
T6,5,1,170,9
[476]
T1,0,1,51,2
T2,1,0,92,4
T3,2,1,200,16
T4,3,0,100,2
T5,4,1,71,10
T6,5,1,170,3
[477]
T1,0,1,124,3
T2,1,1,200,7
T3,2,0,165,2
T4,3,0,80,12
T5,4,1,64,2
T6,5,0,24,1
[478]
T1,0,1,98,2
T2,1,0,200,6
T3,2,1,147,5
T4,3,1,119,6
T5,4,1,79,8
T6,5,1,28,1
[479]
T1,0,1,72,2
T2,1,1,200,1
T3,2,1,113,13
T4,3,1,51,1
T5,4,0,105,2
T6,5,1,175,23
[480]
T1,0,1,200,13
T2,1,1,183,10
T3,2,0,30,3
T4,3,1,135,2
T5,4,0,65,3
T6,5,1,61,2
[481]
T1,0,1,96,7
T2,1,0,134,2
T3,2,0,30,1
T4,3,0,84,2
T5,4,1,177,3
T6,5,0,200,24
[482]
T1,0,1,195,10
T2,1,1,200,3
T3,2,0,80,7
T4,3,1,48,5
T5,4,0,65,2
T6,5,0,105,2
[483]
T1,0,1,75,5
T2,1,1,175,1
T3,2,1,38,3
T4,3,1,144,11
T5,4,0,200,2
T6,5,0,72,2
[484]
T1,0,1,126,7
T2,1,0,195,5
T3,2,1,200,7
T4,3,1,65,1
T5,4,0,21,2
T6,5,0,102,14
[485]
T1,0,1,200,5
T2,1,0,74,2
T3,2,0,180,5
T4,3,1,35,2
T5,4,1,62,5
T6,5,0,90,12
[486]
T1,0,1,56,3
T2,1,0,200,12
T3,2,0,160,6
T4,3,1,30,2
T5,4,0,81,3
T6,5,0,92,1
[487]
T1,0,1,100,11
T2,1,1,75,7
T3,2,0,121,2
T4,3,0,25,2
T5,4,1,150,4
T6,5,1,200,1
[488]
T1,0,1,152,9
T2,1,1,115,12
T3,2,0,136,3
T4,3,0,57,3
T5,4,1,20,2
T6,5,1,200,7
[489]
T1,0,1,115,6
T2,1,1,200,27
T3,2,0,170,4
T4,3,0,100,1
T5,4,0,46,1
T6,5,0,125,3
[490]
T1,0,1,36,2
T2,1,1,131,11
T3,2,0,200,2
T4,3,1,69,2
T5,4,0,117,2
T6,5,1,180,20
[491]
T1,0,1,200,2
T2,1,0,143,12
T3,2,1,170,4
T4,3,0,66,2
T5,4,0,80,5
T6,5,0,25,1
[492]
T1,0,0,68,1
T2,1,1,103,2
T3,2,1,195,25
T4,3,1,65,2
T5,4,1,200,6
T6,5,1,52,3
[493]
T1,0,0,189,14
T2,1,0,103,3
T3,2,0,117,4
T4,3,0,200,10
T5,4,0,54,3
T6,5,1,36,1
[494]
T1,0,0,200,11
T2,1,0,79,8
T3,2,0,25,2
T4,3,1,79,4
T5,4,1,99,3
T6,5,0,192,5
[495]
T1,0,1,110,19
T2,1,0,28,2
T3,2,1,200,2
T4,3,1,98,2
T5,4,1,110,2
T6,5,1,154,4
[496]
T1,0,0,72,2
T2,1,1,200,4
T3,2,1,54,3
T4,3,0,100,6
T5,4,0,120,7
T6,5,0,174,12
[497]
T1,0,0,200,2
T2,1,1,27,1
T3,2,0,85,7
T4,3,0,139,6
T5,4,0,170,7
T6,5,0,108,4
[498]
T1,0,1,81,2
T2,1,1,180,1
T3,2,0,80,1
T4,3,0,111,7
T5,4,0,25,2
T6,5,1,200,25
[499]
T1,0,1,32,2
T2,1,0,108,2
T3,2,0,90,2
T4,3,0,189,11
T5,4,0,200,7
T6,5,1,90,9
[500]
T1,0,0,180,5
T2,1,0,110,1
T3,2,0,99,1
T4,3,0,34,2
T5,4,1,200,5
T6,5,1,90,13
