num_task_per_taskset=6
num_taskset=500
//ID,Priority,Offset,Period,Execution Time
[1]
T1,0,1,86,2
T2,1,0,135,9
T3,2,1,180,14
T4,3,1,200,22
T5,4,0,30,2
T6,5,1,123,1
[2]
T1,0,1,128,6
T2,1,0,170,8
T3,2,1,200,8
T4,3,0,32,3
T5,4,1,81,2
T6,5,1,65,2
[3]
T1,0,0,200,12
T2,1,0,159,2
T3,2,1,67,11
T4,3,0,50,2
T5,4,0,75,1
T6,5,0,57,1
[4]
T1,0,0,200,15
T2,1,1,107,1
T3,2,1,58,2
T4,3,0,150,4
T5,4,1,116,7
T6,5,0,41,4
[5]
T1,0,1,102,10
T2,1,0,184,9
T3,2,1,136,3
T4,3,1,65,2
T5,4,0,200,5
T6,5,0,24,1
[6]
T1,0,1,200,5
T2,1,0,79,1
T3,2,0,150,4
T4,3,1,42,7
T5,4,0,118,1
T6,5,0,72,1
[7]
T1,0,0,190,25
T2,1,0,68,2
T3,2,0,76,2
T4,3,0,30,2
T5,4,1,83,4
T6,5,0,200,3
[8]
T1,0,1,190,15
T2,1,1,105,2
T3,2,1,32,2
T4,3,0,96,10
T5,4,0,200,2
T6,5,1,104,1
[9]
T1,0,0,152,2
T2,1,0,200,31
T3,2,0,128,3
T4,3,1,20,2
T5,4,1,100,2
T6,5,0,140,8
[10]
T1,0,1,180,8
T2,1,1,136,10
T3,2,1,200,1
T4,3,0,127,12
T5,4,1,88,2
T6,5,0,50,3
[11]
T1,0,0,200,2
T2,1,0,151,6
T3,2,0,55,6
T4,3,0,20,2
T5,4,1,132,10
T6,5,1,125,3
[12]
T1,0,1,154,3
T2,1,1,33,2
T3,2,0,200,3
T4,3,1,104,2
T5,4,1,145,6
T6,5,1,60,10
[13]
T1,0,0,144,22
T2,1,0,171,2
T3,2,1,76,1
T4,3,0,200,9
T5,4,0,115,2
T6,5,1,52,3
[14]
T1,0,1,41,1
T2,1,1,200,8
T3,2,0,150,8
T4,3,0,112,6
T5,4,0,56,5
T6,5,0,140,3
[15]
T1,0,0,200,8
T2,1,1,27,2
T3,2,1,150,4
T4,3,0,60,5
T5,4,0,140,11
T6,5,0,57,2
[16]
T1,0,1,160,6
T2,1,0,79,1
T3,2,0,108,2
T4,3,0,44,6
T5,4,0,200,7
T6,5,1,135,2
[17]
T1,0,0,200,2
T2,1,0,20,2
T3,2,1,185,30
T4,3,1,114,1
T5,4,0,130,2
T6,5,0,76,4
[18]
T1,0,1,50,2
T2,1,1,135,7
T3,2,1,144,16
T4,3,0,200,3
T5,4,0,63,5
T6,5,0,162,3
[19]
T1,0,1,200,1
T2,1,1,128,3
T3,2,0,198,11
T4,3,1,25,3
T5,4,0,60,2
T6,5,1,132,6
[20]
T1,0,0,46,3
T2,1,0,126,11
T3,2,1,92,3
T4,3,0,97,3
T5,4,1,180,6
T6,5,1,200,5
[21]
T1,0,0,200,10
T2,1,1,48,4
T3,2,1,128,7
T4,3,1,83,1
T5,4,1,135,6
T6,5,1,192,5
[22]
T1,0,1,32,3
T2,1,0,77,1
T3,2,0,200,3
T4,3,1,180,12
T5,4,1,144,6
T6,5,1,126,6
[23]
T1,0,0,30,1
T2,1,0,102,2
T3,2,1,188,2
T4,3,1,75,1
T5,4,0,142,22
T6,5,1,200,12
[24]
T1,0,1,75,3
T2,1,1,80,2
T3,2,0,200,17
T4,3,1,194,7
T5,4,0,97,3
T6,5,0,23,2
[25]
T1,0,0,200,2
T2,1,0,114,1
T3,2,1,152,7
T4,3,1,82,5
T5,4,0,112,11
T6,5,0,45,2
[26]
T1,0,1,160,2
T2,1,0,80,2
T3,2,1,140,8
T4,3,0,118,3
T5,4,1,200,33
T6,5,0,24,2
[27]
T1,0,1,99,2
T2,1,0,84,10
T3,2,1,200,5
T4,3,0,33,3
T5,4,1,196,1
T6,5,1,91,2
[28]
T1,0,0,24,2
T2,1,0,104,1
T3,2,0,180,24
T4,3,1,114,6
T5,4,0,115,2
T6,5,0,200,10
[29]
T1,0,1,196,16
T2,1,0,200,2
T3,2,1,125,3
T4,3,0,105,11
T5,4,0,35,2
T6,5,1,114,6
[30]
T1,0,1,143,5
T2,1,1,200,15
T3,2,1,160,9
T4,3,1,98,4
T5,4,1,20,1
T6,5,1,72,2
[31]
T1,0,0,108,3
T2,1,1,35,1
T3,2,1,200,15
T4,3,0,182,6
T5,4,1,119,4
T6,5,0,80,6
[32]
T1,0,1,171,16
T2,1,0,66,2
T3,2,0,90,4
T4,3,1,55,1
T5,4,1,38,2
T6,5,0,200,11
[33]
T1,0,0,85,2
T2,1,0,65,1
T3,2,0,131,7
T4,3,0,200,13
T5,4,0,160,17
T6,5,0,34,2
[34]
T1,0,1,200,8
T2,1,0,102,5
T3,2,0,190,18
T4,3,1,72,1
T5,4,1,25,2
T6,5,1,126,2
[35]
T1,0,0,200,14
T2,1,1,190,6
T3,2,0,144,1
T4,3,1,114,8
T5,4,0,39,2
T6,5,0,114,5
[36]
T1,0,0,180,5
T2,1,0,113,12
T3,2,1,135,10
T4,3,1,32,2
T5,4,1,200,9
T6,5,0,136,2
[37]
T1,0,0,200,4
T2,1,0,49,5
T3,2,1,70,2
T4,3,0,150,9
T5,4,1,102,1
T6,5,0,130,4
[38]
T1,0,1,80,3
T2,1,1,160,19
T3,2,1,45,2
T4,3,0,81,1
T5,4,1,68,4
T6,5,0,200,2
[39]
T1,0,1,200,2
T2,1,1,20,2
T3,2,1,106,6
T4,3,0,138,13
T5,4,1,176,12
T6,5,0,75,2
[40]
T1,0,0,76,6
T2,1,0,84,2
T3,2,0,150,1
T4,3,0,200,1
T5,4,1,115,11
T6,5,0,20,1
[41]
T1,0,1,45,1
T2,1,1,144,1
T3,2,0,68,9
T4,3,0,100,5
T5,4,1,200,3
T6,5,1,150,5
[42]
T1,0,1,39,2
T2,1,0,150,15
T3,2,0,107,2
T4,3,0,123,2
T5,4,1,200,22
T6,5,0,120,3
[43]
T1,0,0,165,2
T2,1,1,60,1
T3,2,1,200,5
T4,3,0,93,14
T5,4,0,27,2
T6,5,0,55,3
[44]
T1,0,0,87,2
T2,1,1,152,8
T3,2,1,114,12
T4,3,1,200,10
T5,4,1,24,1
T6,5,0,111,2
[45]
T1,0,1,180,9
T2,1,0,114,9
T3,2,1,90,6
T4,3,0,200,1
T5,4,1,24,1
T6,5,1,119,2
[46]
T1,0,0,39,1
T2,1,1,82,2
T3,2,0,200,7
T4,3,1,78,10
T5,4,0,180,5
T6,5,1,63,2
[47]
T1,0,0,100,1
T2,1,1,163,4
T3,2,0,200,31
T4,3,0,36,2
T5,4,1,128,4
T6,5,0,120,7
[48]
T1,0,0,145,9
T2,1,1,152,7
T3,2,1,61,2
T4,3,0,20,2
T5,4,0,64,3
T6,5,0,200,17
[49]
T1,0,0,40,3
T2,1,0,129,4
T3,2,0,59,2
T4,3,0,200,8
T5,4,1,100,1
T6,5,0,160,19
[50]
T1,0,1,20,2
T2,1,1,140,1
T3,2,0,76,6
T4,3,0,125,2
T5,4,0,150,3
T6,5,0,200,35
[51]
T1,0,1,65,1
T2,1,1,174,32
T3,2,1,116,1
T4,3,0,200,4
T5,4,1,45,1
T6,5,0,76,1
[52]
T1,0,1,92,1
T2,1,0,140,10
T3,2,0,20,2
T4,3,0,180,5
T5,4,0,200,2
T6,5,0,98,11
[53]
T1,0,1,50,3
T2,1,1,112,5
T3,2,0,80,5
T4,3,1,195,13
T5,4,1,120,2
T6,5,0,200,2
[54]
T1,0,0,64,2
T2,1,1,60,6
T3,2,0,200,1
T4,3,1,78,1
T5,4,1,184,1
T6,5,1,48,5
[55]
T1,0,0,184,8
T2,1,1,103,2
T3,2,1,67,7
T4,3,0,100,7
T5,4,0,200,3
T6,5,1,24,1
[56]
T1,0,1,56,4
T2,1,0,39,3
T3,2,0,192,1
T4,3,0,115,3
T5,4,1,200,15
T6,5,1,75,2
[57]
T1,0,0,25,1
T2,1,1,200,11
T3,2,1,80,1
T4,3,1,122,10
T5,4,0,192,5
T6,5,1,134,6
[58]
T1,0,0,166,19
T2,1,0,87,4
T3,2,0,72,1
T4,3,0,50,2
T5,4,1,120,7
T6,5,0,200,6
[59]
T1,0,1,135,15
T2,1,0,176,1
T3,2,0,44,1
T4,3,1,200,2
T5,4,1,99,12
T6,5,0,54,2
[60]
T1,0,0,123,2
T2,1,1,105,7
T3,2,0,200,36
T4,3,1,20,2
T5,4,0,180,6
T6,5,1,144,1
[61]
T1,0,1,82,11
T2,1,0,135,3
T3,2,0,41,2
T4,3,0,56,2
T5,4,1,200,16
T6,5,0,150,4
[62]
T1,0,0,140,1
T2,1,0,94,6
T3,2,0,75,3
T4,3,0,200,3
T5,4,0,44,4
T6,5,0,198,11
[63]
T1,0,0,192,5
T2,1,1,48,5
T3,2,0,200,2
T4,3,0,96,10
T5,4,0,67,2
T6,5,0,94,1
[64]
T1,0,1,200,3
T2,1,0,176,2
T3,2,0,99,6
T4,3,1,111,10
T5,4,1,100,9
T6,5,0,40,1
[65]
T1,0,0,82,2
T2,1,1,160,11
T3,2,1,42,2
T4,3,1,140,7
T5,4,1,100,9
T6,5,1,200,4
[66]
T1,0,1,164,2
T2,1,1,64,2
T3,2,0,200,10
T4,3,1,137,17
T5,4,1,41,1
T6,5,0,123,8
[67]
T1,0,0,24,2
T2,1,1,126,3
T3,2,0,188,2
T4,3,0,200,20
T5,4,1,123,2
T6,5,1,100,14
[68]
T1,0,0,60,2
T2,1,1,67,3
T3,2,0,25,2
T4,3,1,168,9
T5,4,1,200,3
T6,5,1,101,13
[69]
T1,0,0,180,15
T2,1,0,90,3
T3,2,0,200,18
T4,3,1,72,5
T5,4,0,44,2
T6,5,0,128,1
[70]
T1,0,1,120,6
T2,1,1,200,6
T3,2,1,81,7
T4,3,0,104,6
T5,4,1,36,1
T6,5,1,165,5
[71]
T1,0,0,112,2
T2,1,0,152,13
T3,2,0,200,14
T4,3,1,55,1
T5,4,1,60,1
T6,5,1,33,2
[72]
T1,0,0,170,3
T2,1,0,102,3
T3,2,1,60,2
T4,3,1,30,2
T5,4,0,200,27
T6,5,1,129,10
[73]
T1,0,1,135,2
T2,1,0,200,4
T3,2,0,24,2
T4,3,1,155,11
T5,4,0,91,10
T6,5,1,108,7
[74]
T1,0,1,200,4
T2,1,1,147,2
T3,2,1,180,28
T4,3,0,102,8
T5,4,1,25,2
T6,5,1,104,2
[75]
T1,0,1,150,2
T2,1,0,125,22
T3,2,0,200,1
T4,3,0,36,1
T5,4,1,75,2
T6,5,1,116,5
[76]
T1,0,1,78,10
T2,1,1,60,2
T3,2,0,200,2
T4,3,1,32,2
T5,4,0,168,3
T6,5,1,62,2
[77]
T1,0,0,79,4
T2,1,0,200,7
T3,2,1,126,4
T4,3,1,70,6
T5,4,1,36,2
T6,5,0,182,1
[78]
T1,0,0,70,2
T2,1,0,200,2
T3,2,0,97,2
T4,3,1,196,16
T5,4,0,32,1
T6,5,0,56,6
[79]
T1,0,1,27,3
T2,1,0,102,3
T3,2,0,200,3
T4,3,0,59,1
T5,4,0,68,2
T6,5,0,189,11
[80]
T1,0,0,154,2
T2,1,1,131,2
T3,2,0,20,2
T4,3,1,57,4
T5,4,1,56,8
T6,5,0,200,3
[81]
T1,0,0,25,1
T2,1,1,89,2
T3,2,0,200,6
T4,3,0,75,2
T5,4,1,189,17
T6,5,0,68,7
[82]
T1,0,0,200,2
T2,1,1,32,2
T3,2,1,130,13
T4,3,0,59,3
T5,4,0,169,3
T6,5,1,56,5
[83]
T1,0,0,152,1
T2,1,0,140,12
T3,2,0,29,2
T4,3,0,200,4
T5,4,0,140,19
T6,5,0,127,1
[84]
T1,0,0,200,3
T2,1,0,44,2
T3,2,1,107,2
T4,3,1,175,4
T5,4,1,65,7
T6,5,0,112,12
[85]
T1,0,1,55,2
T2,1,0,55,1
T3,2,1,200,28
T4,3,0,83,1
T5,4,0,31,2
T6,5,0,155,11
[86]
T1,0,0,46,2
T2,1,0,180,8
T3,2,0,138,3
T4,3,1,124,5
T5,4,0,128,2
T6,5,1,200,21
[87]
T1,0,0,20,1
T2,1,1,144,4
T3,2,0,65,2
T4,3,1,111,1
T5,4,1,192,15
T6,5,1,200,17
[88]
T1,0,1,72,3
T2,1,1,147,1
T3,2,0,125,7
T4,3,0,200,10
T5,4,1,33,1
T6,5,1,175,15
[89]
T1,0,0,143,6
T2,1,1,49,4
T3,2,1,200,5
T4,3,1,64,7
T5,4,0,150,2
T6,5,1,96,2
[90]
T1,0,1,56,7
T2,1,0,72,1
T3,2,0,21,1
T4,3,1,200,5
T5,4,1,150,6
T6,5,1,113,2
[91]
T1,0,0,90,2
T2,1,1,20,2
T3,2,0,130,3
T4,3,0,200,17
T5,4,0,192,1
T6,5,0,72,3
[92]
T1,0,1,80,7
T2,1,0,130,2
T3,2,1,190,7
T4,3,1,59,2
T5,4,1,200,2
T6,5,0,50,5
[93]
T1,0,1,70,8
T2,1,1,137,5
T3,2,1,189,6
T4,3,1,200,1
T5,4,0,30,1
T6,5,1,138,4
[94]
T1,0,0,34,1
T2,1,1,74,4
T3,2,0,184,4
T4,3,1,56,3
T5,4,1,200,8
T6,5,0,68,4
[95]
T1,0,0,200,2
T2,1,1,175,1
T3,2,1,45,2
T4,3,0,143,4
T5,4,1,140,19
T6,5,0,84,9
[96]
T1,0,1,27,2
T2,1,0,129,2
T3,2,1,196,17
T4,3,1,84,4
T5,4,1,200,29
T6,5,1,56,2
[97]
T1,0,0,93,2
T2,1,0,141,1
T3,2,0,200,3
T4,3,1,25,1
T5,4,0,160,5
T6,5,0,105,14
[98]
T1,0,1,200,6
T2,1,0,48,1
T3,2,1,75,3
T4,3,0,145,24
T5,4,0,150,1
T6,5,0,96,1
[99]
T1,0,0,72,2
T2,1,0,63,9
T3,2,0,100,1
T4,3,0,200,2
T5,4,0,176,13
T6,5,0,33,2
[100]
T1,0,1,58,4
T2,1,0,200,10
T3,2,0,72,1
T4,3,1,152,4
T5,4,1,42,2
T6,5,0,105,11
[101]
T1,0,1,71,2
T2,1,0,80,5
T3,2,0,192,2
T4,3,0,85,8
T5,4,1,28,1
T6,5,0,200,6
[102]
T1,0,0,168,7
T2,1,0,70,2
T3,2,1,63,5
T4,3,1,200,18
T5,4,0,25,2
T6,5,1,59,2
[103]
T1,0,0,35,2
T2,1,0,195,1
T3,2,1,117,19
T4,3,0,55,4
T5,4,1,66,2
T6,5,0,200,5
[104]
T1,0,1,130,9
T2,1,1,120,2
T3,2,1,32,1
T4,3,1,100,9
T5,4,0,200,7
T6,5,0,186,6
[105]
T1,0,1,72,3
T2,1,0,200,9
T3,2,0,144,4
T4,3,0,25,2
T5,4,0,188,3
T6,5,0,123,5
[106]
T1,0,1,54,2
T2,1,0,75,3
T3,2,0,150,32
T4,3,1,58,2
T5,4,0,200,3
T6,5,0,51,2
[107]
T1,0,1,45,2
T2,1,0,71,2
T3,2,0,62,8
T4,3,1,90,4
T5,4,0,200,10
T6,5,1,180,1
[108]
T1,0,0,40,2
T2,1,0,112,4
T3,2,0,200,7
T4,3,0,180,12
T5,4,0,141,8
T6,5,0,54,4
[109]
T1,0,0,120,2
T2,1,1,26,2
T3,2,1,126,8
T4,3,0,195,13
T5,4,1,57,2
T6,5,1,200,6
[110]
T1,0,0,126,25
T2,1,0,36,1
T3,2,0,72,1
T4,3,0,129,4
T5,4,0,180,1
T6,5,1,200,1
[111]
T1,0,1,110,2
T2,1,1,96,10
T3,2,1,39,2
T4,3,0,125,5
T5,4,0,180,2
T6,5,0,200,14
[112]
T1,0,0,39,2
T2,1,1,200,11
T3,2,1,114,2
T4,3,0,110,8
T5,4,1,75,2
T6,5,0,160,12
[113]
T1,0,0,54,1
T2,1,1,80,6
T3,2,0,48,1
T4,3,0,83,6
T5,4,0,186,7
T6,5,1,200,5
[114]
T1,0,1,61,1
T2,1,1,70,3
T3,2,0,161,13
T4,3,0,35,1
T5,4,1,200,8
T6,5,0,56,2
[115]
T1,0,0,92,4
T2,1,1,50,2
T3,2,0,55,8
T4,3,1,135,2
T5,4,1,160,5
T6,5,0,200,8
[116]
T1,0,0,180,4
T2,1,1,64,1
T3,2,0,116,2
T4,3,0,88,14
T5,4,1,24,2
T6,5,1,200,12
[117]
T1,0,1,195,6
T2,1,1,200,11
T3,2,0,39,2
T4,3,1,60,3
T5,4,1,121,9
T6,5,0,65,2
[118]
T1,0,1,57,2
T2,1,1,200,6
T3,2,0,180,3
T4,3,1,88,9
T5,4,1,32,4
T6,5,0,90,2
[119]
T1,0,0,160,2
T2,1,1,50,3
T3,2,1,63,1
T4,3,0,54,2
T5,4,1,200,23
T6,5,0,74,4
[120]
T1,0,1,100,4
T2,1,1,72,2
T3,2,0,36,1
T4,3,1,165,7
T5,4,0,200,24
T6,5,0,75,2
[121]
T1,0,1,188,3
T2,1,0,200,8
T3,2,0,118,5
T4,3,1,85,5
T5,4,0,50,4
T6,5,0,85,3
[122]
T1,0,1,90,3
T2,1,1,200,18
T3,2,1,189,4
T4,3,1,133,1
T5,4,0,22,1
T6,5,1,77,5
[123]
T1,0,0,81,3
T2,1,0,174,12
T3,2,0,131,5
T4,3,0,24,1
T5,4,0,200,2
T6,5,0,145,8
[124]
T1,0,0,200,18
T2,1,1,159,7
T3,2,1,76,3
T4,3,1,84,3
T5,4,0,40,2
T6,5,1,100,6
[125]
T1,0,1,30,2
T2,1,1,88,2
T3,2,1,200,4
T4,3,1,58,13
T5,4,1,106,1
T6,5,0,165,3
[126]
T1,0,0,134,14
T2,1,1,180,8
T3,2,0,40,2
T4,3,1,200,14
T5,4,1,66,1
T6,5,1,104,5
[127]
T1,0,0,140,2
T2,1,0,48,11
T3,2,0,120,3
T4,3,1,168,3
T5,4,0,200,2
T6,5,0,142,1
[128]
T1,0,1,200,4
T2,1,1,30,2
T3,2,0,80,3
T4,3,0,195,6
T5,4,0,68,5
T6,5,1,103,2
[129]
T1,0,0,147,2
T2,1,1,84,6
T3,2,0,95,7
T4,3,0,200,1
T5,4,0,84,6
T6,5,0,35,2
[130]
T1,0,1,79,1
T2,1,0,20,2
T3,2,1,135,2
T4,3,1,200,4
T5,4,1,102,5
T6,5,0,162,25
[131]
T1,0,1,145,3
T2,1,1,73,5
T3,2,1,200,9
T4,3,0,29,2
T5,4,0,120,5
T6,5,0,172,15
[132]
T1,0,0,200,2
T2,1,1,97,1
T3,2,1,60,4
T4,3,1,76,10
T5,4,0,148,7
T6,5,0,38,1
[133]
T1,0,1,200,6
T2,1,0,185,1
T3,2,1,28,1
T4,3,0,75,5
T5,4,1,60,2
T6,5,1,76,8
[134]
T1,0,1,200,1
T2,1,0,50,1
T3,2,1,132,4
T4,3,0,84,1
T5,4,1,110,13
T6,5,1,156,15
[135]
T1,0,0,60,4
T2,1,0,60,3
T3,2,1,20,2
T4,3,1,200,2
T5,4,0,187,17
T6,5,0,100,4
[136]
T1,0,1,125,1
T2,1,1,60,9
T3,2,1,200,9
T4,3,1,165,1
T5,4,0,63,2
T6,5,1,54,3
[137]
T1,0,0,128,17
T2,1,0,200,2
T3,2,1,176,5
T4,3,0,132,3
T5,4,0,38,1
T6,5,1,88,4
[138]
T1,0,0,101,1
T2,1,1,198,1
T3,2,0,29,3
T4,3,0,60,1
T5,4,1,200,27
T6,5,1,100,2
[139]
T1,0,0,111,3
T2,1,0,84,2
T3,2,0,200,7
T4,3,0,150,7
T5,4,0,83,4
T6,5,1,28,2
[140]
T1,0,1,148,6
T2,1,1,200,16
T3,2,0,121,2
T4,3,1,44,2
T5,4,0,122,2
T6,5,1,110,9
[141]
T1,0,1,24,1
T2,1,1,74,4
T3,2,1,135,5
T4,3,1,200,9
T5,4,0,111,10
T6,5,1,168,1
[142]
T1,0,0,64,4
T2,1,1,55,7
T3,2,1,86,2
T4,3,1,200,1
T5,4,0,192,6
T6,5,1,32,2
[143]
T1,0,1,174,10
T2,1,0,60,2
T3,2,0,80,6
T4,3,1,200,17
T5,4,0,26,2
T6,5,0,136,2
[144]
T1,0,1,133,1
T2,1,0,100,4
T3,2,1,70,5
T4,3,1,200,8
T5,4,1,165,7
T6,5,1,22,1
[145]
T1,0,1,70,8
T2,1,1,200,5
T3,2,1,20,2
T4,3,1,168,19
T5,4,1,81,2
T6,5,1,132,2
[146]
T1,0,1,132,2
T2,1,1,170,7
T3,2,1,24,3
T4,3,0,142,10
T5,4,0,200,2
T6,5,1,136,2
[147]
T1,0,0,168,3
T2,1,0,146,26
T3,2,0,132,2
T4,3,1,40,2
T5,4,1,200,8
T6,5,0,120,4
[148]
T1,0,0,170,27
T2,1,0,144,8
T3,2,1,75,2
T4,3,1,200,2
T5,4,0,25,1
T6,5,0,135,2
[149]
T1,0,0,30,1
T2,1,0,165,9
T3,2,1,200,10
T4,3,1,97,2
T5,4,1,110,7
T6,5,1,69,2
[150]
T1,0,1,97,7
T2,1,1,92,2
T3,2,0,168,8
T4,3,0,20,2
T5,4,1,200,8
T6,5,0,56,5
[151]
T1,0,0,110,1
T2,1,1,70,1
T3,2,1,200,19
T4,3,1,49,1
T5,4,1,57,4
T6,5,1,198,11
[152]
T1,0,1,116,4
T2,1,0,20,1
T3,2,1,184,15
T4,3,0,200,2
T5,4,0,60,2
T6,5,0,81,6
[153]
T1,0,0,77,1
T2,1,1,100,7
T3,2,1,51,3
T4,3,0,175,10
T5,4,0,200,6
T6,5,1,84,4
[154]
T1,0,1,88,2
T2,1,1,69,1
T3,2,0,31,2
T4,3,1,56,2
T5,4,0,154,9
T6,5,1,200,25
[155]
T1,0,0,86,2
T2,1,1,96,1
T3,2,0,168,1
T4,3,1,145,32
T5,4,1,200,6
T6,5,1,35,2
[156]
T1,0,0,78,5
T2,1,0,190,11
T3,2,0,200,9
T4,3,0,105,1
T5,4,0,32,2
T6,5,0,64,5
[157]
T1,0,1,164,6
T2,1,1,80,9
T3,2,0,53,2
T4,3,0,200,2
T5,4,0,80,5
T6,5,1,76,1
[158]
T1,0,0,124,4
T2,1,0,135,2
T3,2,0,200,6
T4,3,0,164,20
T5,4,0,60,1
T6,5,0,50,3
[159]
T1,0,0,168,8
T2,1,0,65,4
T3,2,0,104,4
T4,3,1,52,3
T5,4,0,119,2
T6,5,0,200,13
[160]
T1,0,0,84,2
T2,1,0,50,3
T3,2,1,144,4
T4,3,0,82,5
T5,4,1,200,8
T6,5,1,155,8
[161]
T1,0,1,41,2
T2,1,0,200,23
T3,2,1,60,2
T4,3,1,156,12
T5,4,0,100,6
T6,5,0,121,2
[162]
T1,0,1,165,1
T2,1,1,80,4
T3,2,0,200,6
T4,3,1,20,2
T5,4,0,92,4
T6,5,1,98,14
[163]
T1,0,0,150,8
T2,1,0,66,1
T3,2,1,22,2
T4,3,0,101,10
T5,4,0,137,7
T6,5,0,200,6
[164]
T1,0,1,107,4
T2,1,0,55,1
T3,2,0,200,5
T4,3,1,25,2
T5,4,0,93,1
T6,5,0,186,10
[165]
T1,0,0,119,2
T2,1,1,48,5
T3,2,1,147,7
T4,3,1,80,7
T5,4,0,200,1
T6,5,1,196,5
[166]
T1,0,0,66,4
T2,1,1,20,2
T3,2,0,144,12
T4,3,0,153,2
T5,4,0,81,5
T6,5,1,200,7
[167]
T1,0,0,200,6
T2,1,1,77,4
T3,2,1,27,2
T4,3,0,139,2
T5,4,1,66,3
T6,5,1,154,9
[168]
T1,0,1,84,2
T2,1,0,200,9
T3,2,0,128,7
T4,3,0,21,2
T5,4,0,175,3
T6,5,1,136,17
[169]
T1,0,1,64,3
T2,1,0,32,2
T3,2,1,197,25
T4,3,0,128,5
T5,4,0,132,2
T6,5,1,200,7
[170]
T1,0,1,90,7
T2,1,0,35,2
T3,2,0,143,2
T4,3,1,77,5
T5,4,0,154,11
T6,5,0,200,11
[171]
T1,0,0,142,1
T2,1,1,176,5
T3,2,0,44,3
T4,3,1,77,4
T5,4,1,126,7
T6,5,0,200,8
[172]
T1,0,0,66,1
T2,1,0,142,9
T3,2,0,38,1
T4,3,1,198,16
T5,4,0,200,16
T6,5,0,95,2
[173]
T1,0,0,200,8
T2,1,1,55,2
T3,2,1,195,9
T4,3,1,52,3
T5,4,1,136,10
T6,5,0,121,7
[174]
T1,0,1,90,16
T2,1,1,55,1
T3,2,1,150,4
T4,3,1,37,2
T5,4,1,200,11
T6,5,1,54,2
[175]
T1,0,1,45,2
T2,1,0,168,2
T3,2,0,108,13
T4,3,0,98,2
T5,4,1,200,10
T6,5,1,109,10
[176]
T1,0,0,75,2
T2,1,1,173,2
T3,2,1,72,7
T4,3,1,45,2
T5,4,0,72,5
T6,5,0,200,21
[177]
T1,0,0,195,8
T2,1,0,65,2
T3,2,0,20,3
T4,3,1,200,10
T5,4,0,100,1
T6,5,0,72,2
[178]
T1,0,1,118,2
T2,1,1,80,1
T3,2,0,200,14
T4,3,0,41,1
T5,4,1,140,13
T6,5,0,164,10
[179]
T1,0,0,48,2
T2,1,1,140,31
T3,2,0,140,2
T4,3,0,182,6
T5,4,0,65,1
T6,5,1,200,2
[180]
T1,0,1,150,2
T2,1,1,70,1
T3,2,1,200,34
T4,3,0,61,1
T5,4,0,130,3
T6,5,0,21,2
[181]
T1,0,0,21,2
T2,1,1,63,2
T3,2,0,56,4
T4,3,1,200,7
T5,4,0,196,19
T6,5,1,75,3
[182]
T1,0,0,135,1
T2,1,1,33,2
T3,2,0,180,26
T4,3,1,125,9
T5,4,1,200,6
T6,5,1,75,1
[183]
T1,0,1,30,1
T2,1,0,174,5
T3,2,1,121,5
T4,3,1,132,16
T5,4,0,90,4
T6,5,1,200,2
[184]
T1,0,0,200,10
T2,1,0,99,3
T3,2,1,28,2
T4,3,1,189,29
T5,4,0,87,1
T6,5,0,140,4
[185]
T1,0,0,60,1
T2,1,1,96,2
T3,2,1,52,3
T4,3,1,170,3
T5,4,1,200,15
T6,5,0,122,11
[186]
T1,0,0,50,2
T2,1,1,119,1
T3,2,1,57,2
T4,3,0,183,20
T5,4,0,60,4
T6,5,0,200,7
[187]
T1,0,1,168,8
T2,1,1,200,8
T3,2,0,135,13
T4,3,0,138,4
T5,4,0,144,10
T6,5,1,33,2
[188]
T1,0,0,200,6
T2,1,0,175,2
T3,2,0,40,1
T4,3,1,88,1
T5,4,1,94,8
T6,5,0,88,9
[189]
T1,0,0,59,4
T2,1,0,20,2
T3,2,0,80,4
T4,3,0,200,5
T5,4,0,110,4
T6,5,0,150,13
[190]
T1,0,1,200,8
T2,1,0,196,5
T3,2,1,102,6
T4,3,1,21,2
T5,4,0,110,2
T6,5,1,56,1
[191]
T1,0,1,143,11
T2,1,1,200,6
T3,2,1,60,2
T4,3,1,156,9
T5,4,0,25,1
T6,5,1,64,4
[192]
T1,0,0,50,3
T2,1,1,94,4
T3,2,0,200,10
T4,3,0,160,1
T5,4,1,68,8
T6,5,0,56,2
[193]
T1,0,0,80,13
T2,1,0,100,2
T3,2,0,168,6
T4,3,0,200,5
T5,4,1,34,2
T6,5,1,104,2
[194]
T1,0,1,132,15
T2,1,0,142,5
T3,2,0,44,1
T4,3,0,101,2
T5,4,0,165,2
T6,5,1,200,19
[195]
T1,0,1,200,9
T2,1,0,115,2
T3,2,1,134,5
T4,3,1,190,2
T5,4,0,134,5
T6,5,1,30,5
[196]
T1,0,0,200,2
T2,1,0,94,12
T3,2,1,30,2
T4,3,0,120,1
T5,4,1,71,4
T6,5,1,175,7
[197]
T1,0,0,75,3
T2,1,0,28,3
T3,2,1,93,6
T4,3,1,98,2
T5,4,1,200,4
T6,5,1,180,6
[198]
T1,0,0,200,11
T2,1,0,44,2
T3,2,0,87,1
T4,3,0,101,2
T5,4,0,150,13
T6,5,1,110,12
[199]
T1,0,1,74,2
T2,1,0,175,6
T3,2,1,200,9
T4,3,1,38,3
T5,4,0,130,9
T6,5,0,80,2
[200]
T1,0,0,200,5
T2,1,0,130,4
T3,2,1,54,6
T4,3,1,50,1
T5,4,1,165,7
T6,5,0,146,7
[201]
T1,0,0,168,3
T2,1,1,80,3
T3,2,0,45,1
T4,3,0,200,10
T5,4,0,96,4
T6,5,0,141,14
[202]
T1,0,0,48,3
T2,1,0,84,2
T3,2,0,200,14
T4,3,0,160,4
T5,4,0,81,8
T6,5,0,103,2
[203]
T1,0,0,90,10
T2,1,0,105,2
T3,2,1,67,2
T4,3,0,42,2
T5,4,1,198,27
T6,5,0,200,1
[204]
T1,0,0,110,2
T2,1,1,200,7
T3,2,1,140,10
T4,3,0,98,3
T5,4,0,50,5
T6,5,0,150,7
[205]
T1,0,0,91,6
T2,1,1,154,7
T3,2,0,77,3
T4,3,0,96,8
T5,4,1,200,4
T6,5,1,33,2
[206]
T1,0,0,175,1
T2,1,0,136,5
T3,2,0,48,2
T4,3,0,200,32
T5,4,1,91,1
T6,5,1,120,7
[207]
T1,0,1,182,2
T2,1,0,35,2
T3,2,1,200,12
T4,3,0,56,6
T5,4,0,64,3
T6,5,1,86,4
[208]
T1,0,1,92,5
T2,1,0,185,2
T3,2,0,111,9
T4,3,0,20,2
T5,4,0,200,5
T6,5,0,64,7
[209]
T1,0,0,34,5
T2,1,1,200,2
T3,2,0,188,1
T4,3,1,102,1
T5,4,1,60,2
T6,5,0,65,3
[210]
T1,0,1,141,5
T2,1,1,200,3
T3,2,1,149,16
T4,3,0,85,6
T5,4,1,34,2
T6,5,0,85,4
[211]
T1,0,1,200,37
T2,1,0,84,2
T3,2,1,49,2
T4,3,1,165,2
T5,4,1,98,3
T6,5,0,91,3
[212]
T1,0,0,24,2
T2,1,0,114,13
T3,2,1,90,2
T4,3,1,198,4
T5,4,1,90,2
T6,5,0,200,4
[213]
T1,0,0,25,2
T2,1,1,143,5
T3,2,0,68,2
T4,3,0,200,8
T5,4,1,153,3
T6,5,1,84,4
[214]
T1,0,0,200,28
T2,1,1,56,2
T3,2,1,91,1
T4,3,1,73,3
T5,4,0,180,5
T6,5,0,20,2
[215]
T1,0,0,77,2
T2,1,0,200,8
T3,2,0,52,2
T4,3,0,175,6
T5,4,1,130,16
T6,5,1,117,6
[216]
T1,0,0,99,7
T2,1,0,192,1
T3,2,0,93,3
T4,3,0,25,3
T5,4,1,200,10
T6,5,1,124,1
[217]
T1,0,0,200,14
T2,1,0,52,2
T3,2,1,91,7
T4,3,1,75,5
T5,4,0,192,4
T6,5,1,92,3
[218]
T1,0,0,139,11
T2,1,1,155,7
T3,2,0,25,2
T4,3,1,200,20
T5,4,1,122,2
T6,5,1,61,1
[219]
T1,0,1,109,2
T2,1,1,70,4
T3,2,0,70,4
T4,3,1,200,7
T5,4,1,37,2
T6,5,1,175,22
[220]
T1,0,1,100,2
T2,1,1,98,10
T3,2,0,200,8
T4,3,1,42,2
T5,4,1,184,15
T6,5,1,146,5
[221]
T1,0,0,70,4
T2,1,1,50,2
T3,2,0,136,2
T4,3,1,200,9
T5,4,1,110,2
T6,5,0,170,18
[222]
T1,0,0,30,1
T2,1,0,180,4
T3,2,1,85,4
T4,3,0,200,13
T5,4,0,110,3
T6,5,1,82,6
[223]
T1,0,1,92,6
T2,1,0,24,2
T3,2,0,89,2
T4,3,0,138,2
T5,4,1,188,5
T6,5,0,200,14
[224]
T1,0,0,50,2
T2,1,1,183,6
T3,2,0,120,10
T4,3,1,132,11
T5,4,0,200,3
T6,5,0,85,6
[225]
T1,0,0,150,5
T2,1,1,105,2
T3,2,1,108,5
T4,3,0,40,1
T5,4,0,200,23
T6,5,1,80,2
[226]
T1,0,1,84,1
T2,1,0,42,2
T3,2,0,128,14
T4,3,1,200,10
T5,4,0,192,1
T6,5,1,105,5
[227]
T1,0,1,125,4
T2,1,0,76,5
T3,2,0,24,2
T4,3,1,165,2
T5,4,0,69,10
T6,5,0,200,2
[228]
T1,0,1,84,2
T2,1,0,64,2
T3,2,1,79,8
T4,3,1,200,10
T5,4,0,48,4
T6,5,0,160,5
[229]
T1,0,0,132,5
T2,1,1,90,7
T3,2,0,59,1
T4,3,0,24,2
T5,4,0,200,11
T6,5,1,174,12
[230]
T1,0,0,123,6
T2,1,0,200,6
T3,2,0,74,2
T4,3,0,112,14
T5,4,0,28,2
T6,5,0,150,8
[231]
T1,0,1,160,8
T2,1,1,75,5
T3,2,1,200,14
T4,3,0,105,2
T5,4,0,37,1
T6,5,0,128,6
[232]
T1,0,0,72,1
T2,1,0,36,1
T3,2,1,156,12
T4,3,1,200,3
T5,4,1,110,2
T6,5,0,104,14
[233]
T1,0,0,88,2
T2,1,1,21,2
T3,2,1,90,4
T4,3,1,125,1
T5,4,1,200,23
T6,5,1,160,2
[234]
T1,0,1,70,3
T2,1,1,35,1
T3,2,1,107,3
T4,3,1,200,2
T5,4,1,80,5
T6,5,0,168,18
[235]
T1,0,0,198,3
T2,1,1,108,2
T3,2,0,48,1
T4,3,1,110,2
T5,4,1,64,3
T6,5,0,200,27
[236]
T1,0,0,200,13
T2,1,0,101,1
T3,2,1,160,17
T4,3,1,55,2
T5,4,1,24,1
T6,5,1,111,6
[237]
T1,0,1,108,10
T2,1,1,164,1
T3,2,0,144,16
T4,3,1,82,2
T5,4,1,200,2
T6,5,1,20,2
[238]
T1,0,0,200,11
T2,1,1,75,2
T3,2,1,192,3
T4,3,0,128,2
T5,4,1,39,2
T6,5,0,80,15
[239]
T1,0,0,54,4
T2,1,1,45,2
T3,2,0,64,3
T4,3,1,54,1
T5,4,1,200,12
T6,5,0,160,3
[240]
T1,0,1,36,2
T2,1,0,92,4
T3,2,0,166,7
T4,3,1,200,23
T5,4,1,96,1
T6,5,0,120,7
[241]
T1,0,0,111,1
T2,1,0,50,1
T3,2,1,172,7
T4,3,1,108,9
T5,4,1,72,5
T6,5,1,200,10
[242]
T1,0,0,30,3
T2,1,1,55,3
T3,2,0,195,2
T4,3,0,200,11
T5,4,0,116,1
T6,5,0,78,2
[243]
T1,0,0,99,1
T2,1,0,200,3
T3,2,1,25,1
T4,3,0,198,25
T5,4,0,111,1
T6,5,0,105,5
[244]
T1,0,0,96,1
T2,1,0,168,15
T3,2,0,22,2
T4,3,0,128,2
T5,4,1,64,5
T6,5,0,200,16
[245]
T1,0,1,120,14
T2,1,0,79,2
T3,2,0,200,12
T4,3,1,195,4
T5,4,1,50,1
T6,5,0,138,7
[246]
T1,0,0,143,7
T2,1,0,132,7
T3,2,0,180,20
T4,3,0,72,2
T5,4,1,42,1
T6,5,1,200,7
[247]
T1,0,0,200,9
T2,1,0,80,6
T3,2,0,110,2
T4,3,0,44,2
T5,4,1,156,3
T6,5,1,138,12
[248]
T1,0,0,135,8
T2,1,0,200,12
T3,2,0,45,1
T4,3,0,125,2
T5,4,0,102,6
T6,5,1,150,8
[249]
T1,0,0,200,11
T2,1,0,128,3
T3,2,1,48,2
T4,3,0,153,7
T5,4,1,136,3
T6,5,0,102,9
[250]
T1,0,1,92,2
T2,1,1,200,2
T3,2,0,30,1
T4,3,0,186,2
T5,4,1,144,24
T6,5,0,80,4
[251]
T1,0,0,99,2
T2,1,0,200,10
T3,2,0,21,2
T4,3,1,70,2
T5,4,0,189,18
T6,5,1,115,2
[252]
T1,0,1,126,1
T2,1,1,200,2
T3,2,0,107,12
T4,3,0,110,4
T5,4,0,165,4
T6,5,0,20,1
[253]
T1,0,1,120,2
T2,1,0,40,2
T3,2,1,144,6
T4,3,1,200,25
T5,4,0,189,2
T6,5,1,130,14
[254]
T1,0,1,192,7
T2,1,1,77,3
T3,2,1,42,2
T4,3,0,200,2
T5,4,1,59,8
T6,5,1,112,1
[255]
T1,0,1,200,7
T2,1,0,152,13
T3,2,0,144,2
T4,3,1,133,12
T5,4,1,38,2
T6,5,0,60,4
[256]
T1,0,1,200,1
T2,1,1,81,4
T3,2,1,36,3
T4,3,0,55,2
T5,4,0,168,20
T6,5,1,77,2
[257]
T1,0,0,63,2
T2,1,1,60,2
T3,2,0,200,17
T4,3,0,43,2
T5,4,0,86,6
T6,5,0,168,8
[258]
T1,0,1,200,2
T2,1,0,119,9
T3,2,1,30,2
T4,3,1,91,10
T5,4,1,168,2
T6,5,0,137,11
[259]
T1,0,1,140,14
T2,1,1,200,2
T3,2,1,160,6
T4,3,1,122,3
T5,4,1,33,1
T6,5,1,84,5
[260]
T1,0,1,200,7
T2,1,0,155,22
T3,2,0,104,4
T4,3,1,115,3
T5,4,1,92,2
T6,5,0,25,1
[261]
T1,0,0,200,5
T2,1,0,161,13
T3,2,0,115,5
T4,3,1,56,4
T5,4,0,113,2
T6,5,1,29,1
[262]
T1,0,0,52,2
T2,1,1,55,5
T3,2,0,150,1
T4,3,1,97,2
T5,4,1,200,10
T6,5,0,60,5
[263]
T1,0,1,119,7
T2,1,0,164,14
T3,2,1,200,2
T4,3,1,146,5
T5,4,0,25,1
T6,5,1,119,7
[264]
T1,0,0,96,1
T2,1,1,160,14
T3,2,1,75,2
T4,3,1,145,5
T5,4,1,49,2
T6,5,0,200,14
[265]
T1,0,1,112,13
T2,1,0,80,1
T3,2,1,25,1
T4,3,0,134,4
T5,4,1,200,2
T6,5,0,195,14
[266]
T1,0,1,55,3
T2,1,0,200,6
T3,2,1,33,1
T4,3,0,153,8
T5,4,1,105,12
T6,5,1,68,2
[267]
T1,0,1,121,6
T2,1,0,200,17
T3,2,1,20,2
T4,3,0,80,2
T5,4,0,75,2
T6,5,0,160,11
[268]
T1,0,0,196,5
T2,1,0,132,5
T3,2,0,33,2
T4,3,1,100,7
T5,4,0,121,4
T6,5,0,200,19
[269]
T1,0,0,80,8
T2,1,0,42,2
T3,2,0,110,13
T4,3,1,112,2
T5,4,1,168,4
T6,5,0,200,5
[270]
T1,0,1,90,9
T2,1,1,21,2
T3,2,1,129,2
T4,3,1,150,4
T5,4,0,115,2
T6,5,1,200,2
[271]
T1,0,0,138,2
T2,1,0,200,21
T3,2,1,23,1
T4,3,1,84,5
T5,4,0,55,2
T6,5,0,161,7
[272]
T1,0,0,100,2
T2,1,1,92,2
T3,2,0,116,2
T4,3,1,45,2
T5,4,0,200,29
T6,5,1,198,20
[273]
T1,0,0,51,2
T2,1,0,138,24
T3,2,1,154,5
T4,3,0,75,3
T5,4,1,200,2
T6,5,0,68,1
[274]
T1,0,1,32,1
T2,1,1,93,1
T3,2,1,200,1
T4,3,0,175,16
T5,4,0,68,1
T6,5,1,102,11
[275]
T1,0,0,104,2
T2,1,1,200,14
T3,2,1,27,2
T4,3,0,169,27
T5,4,0,108,3
T6,5,1,146,2
[276]
T1,0,0,200,19
T2,1,1,70,2
T3,2,1,25,2
T4,3,1,113,14
T5,4,1,70,2
T6,5,0,181,3
[277]
T1,0,0,141,5
T2,1,0,93,15
T3,2,0,39,2
T4,3,1,150,2
T5,4,1,200,9
T6,5,0,117,3
[278]
T1,0,0,200,6
T2,1,0,142,2
T3,2,1,56,2
T4,3,0,48,5
T5,4,0,183,13
T6,5,1,140,2
[279]
T1,0,0,62,3
T2,1,0,200,2
T3,2,0,121,15
T4,3,0,185,2
T5,4,0,93,2
T6,5,0,25,2
[280]
T1,0,0,57,2
T2,1,1,192,21
T3,2,1,91,8
T4,3,0,130,2
T5,4,1,32,2
T6,5,1,200,4
[281]
T1,0,1,50,4
T2,1,1,125,4
T3,2,1,114,17
T4,3,1,200,1
T5,4,1,108,1
T6,5,1,148,2
[282]
T1,0,0,130,12
T2,1,1,200,14
T3,2,1,150,2
T4,3,1,109,2
T5,4,0,45,3
T6,5,1,135,5
[283]
T1,0,0,140,2
T2,1,1,59,9
T3,2,0,50,1
T4,3,0,55,1
T5,4,0,200,12
T6,5,0,160,1
[284]
T1,0,1,80,2
T2,1,0,90,2
T3,2,0,78,2
T4,3,1,25,3
T5,4,1,200,8
T6,5,1,170,14
[285]
T1,0,1,200,7
T2,1,0,105,3
T3,2,1,50,5
T4,3,1,195,2
T5,4,1,54,3
T6,5,1,96,5
[286]
T1,0,0,107,3
T2,1,0,200,3
T3,2,0,114,2
T4,3,0,168,8
T5,4,1,114,15
T6,5,0,21,2
[287]
T1,0,1,200,15
T2,1,1,32,2
T3,2,1,118,1
T4,3,1,105,2
T5,4,0,88,9
T6,5,0,154,12
[288]
T1,0,0,80,1
T2,1,1,170,6
T3,2,0,200,2
T4,3,0,24,2
T5,4,1,72,2
T6,5,0,128,10
[289]
T1,0,1,25,2
T2,1,0,156,19
T3,2,0,200,13
T4,3,0,75,1
T5,4,1,144,2
T6,5,0,97,7
[290]
T1,0,1,175,10
T2,1,0,62,2
T3,2,0,24,2
T4,3,0,60,2
T5,4,0,200,4
T6,5,0,61,9
[291]
T1,0,0,31,2
T2,1,0,108,12
T3,2,1,200,5
T4,3,0,100,2
T5,4,0,155,12
T6,5,1,66,3
[292]
T1,0,0,115,13
T2,1,1,200,13
T3,2,0,152,3
T4,3,0,90,1
T5,4,0,25,2
T6,5,1,135,3
[293]
T1,0,1,120,8
T2,1,0,29,3
T3,2,1,64,2
T4,3,1,165,1
T5,4,0,72,2
T6,5,0,200,10
[294]
T1,0,0,137,2
T2,1,0,51,2
T3,2,0,72,2
T4,3,0,174,23
T5,4,0,200,18
T6,5,0,75,1
[295]
T1,0,0,30,1
T2,1,0,110,4
T3,2,0,200,1
T4,3,0,198,8
T5,4,1,105,15
T6,5,0,82,1
[296]
T1,0,1,125,20
T2,1,1,180,7
T3,2,1,200,7
T4,3,1,130,3
T5,4,1,36,2
T6,5,1,76,1
[297]
T1,0,0,170,8
T2,1,1,100,12
T3,2,1,54,4
T4,3,0,200,2
T5,4,0,30,1
T6,5,0,140,2
[298]
T1,0,1,200,1
T2,1,0,40,2
T3,2,0,160,12
T4,3,1,118,9
T5,4,0,70,4
T6,5,1,79,5
[299]
T1,0,1,200,10
T2,1,0,73,6
T3,2,1,104,2
T4,3,1,144,3
T5,4,0,20,2
T6,5,0,175,21
[300]
T1,0,0,111,17
T2,1,0,52,5
T3,2,1,148,2
T4,3,0,200,2
T5,4,0,75,1
T6,5,1,115,1
[301]
T1,0,1,189,7
T2,1,0,84,5
T3,2,0,36,2
T4,3,0,81,1
T5,4,0,66,1
T6,5,1,200,14
[302]
T1,0,0,145,4
T2,1,0,40,1
T3,2,0,62,2
T4,3,1,200,2
T5,4,0,72,8
T6,5,1,195,13
[303]
T1,0,1,33,2
T2,1,0,168,1
T3,2,0,145,5
T4,3,1,200,6
T5,4,1,91,13
T6,5,1,60,4
[304]
T1,0,1,40,1
T2,1,1,99,2
T3,2,1,200,6
T4,3,1,55,3
T5,4,1,141,2
T6,5,0,180,23
[305]
T1,0,0,22,2
T2,1,1,62,4
T3,2,1,110,7
T4,3,0,154,2
T5,4,0,85,6
T6,5,1,200,6
[306]
T1,0,0,200,12
T2,1,0,50,3
T3,2,0,90,1
T4,3,1,58,1
T5,4,1,190,13
T6,5,1,55,2
[307]
T1,0,1,92,5
T2,1,1,116,1
T3,2,1,71,5
T4,3,1,200,5
T5,4,0,30,3
T6,5,1,184,1
[308]
T1,0,1,198,16
T2,1,1,84,2
T3,2,1,28,1
T4,3,0,90,4
T5,4,1,96,6
T6,5,0,200,7
[309]
T1,0,1,171,7
T2,1,1,200,9
T3,2,0,75,1
T4,3,0,33,3
T5,4,0,83,3
T6,5,0,110,4
[310]
T1,0,0,161,12
T2,1,0,105,6
T3,2,1,200,16
T4,3,0,132,1
T5,4,1,40,2
T6,5,0,112,6
[311]
T1,0,0,101,1
T2,1,0,170,2
T3,2,0,200,18
T4,3,1,75,5
T5,4,0,88,2
T6,5,1,25,2
[312]
T1,0,0,200,5
T2,1,0,51,3
T3,2,1,175,8
T4,3,1,135,1
T5,4,0,142,15
T6,5,0,75,3
[313]
T1,0,1,200,5
T2,1,1,60,1
T3,2,1,27,1
T4,3,0,60,2
T5,4,0,81,12
T6,5,1,148,3
[314]
T1,0,1,74,1
T2,1,0,111,6
T3,2,1,200,2
T4,3,0,42,2
T5,4,0,185,26
T6,5,0,74,3
[315]
T1,0,0,96,7
T2,1,1,144,4
T3,2,0,200,7
T4,3,1,52,3
T5,4,1,117,2
T6,5,1,160,12
[316]
T1,0,0,62,8
T2,1,0,35,2
T3,2,0,200,11
T4,3,0,75,1
T5,4,0,186,6
T6,5,0,98,2
[317]
T1,0,1,121,1
T2,1,0,133,9
T3,2,0,63,4
T4,3,1,38,2
T5,4,1,200,5
T6,5,0,190,19
[318]
T1,0,0,171,2
T2,1,1,57,4
T3,2,0,87,8
T4,3,0,30,1
T5,4,0,200,4
T6,5,0,88,4
[319]
T1,0,0,127,5
T2,1,1,100,4
T3,2,0,158,9
T4,3,1,200,15
T5,4,0,54,2
T6,5,1,20,1
[320]
T1,0,0,72,2
T2,1,0,111,2
T3,2,1,200,21
T4,3,1,63,2
T5,4,1,195,20
T6,5,1,42,2
[321]
T1,0,1,72,5
T2,1,0,128,14
T3,2,0,105,2
T4,3,0,176,8
T5,4,0,200,2
T6,5,0,22,1
[322]
T1,0,1,80,3
T2,1,0,200,34
T3,2,1,20,2
T4,3,1,161,4
T5,4,1,75,1
T6,5,1,147,3
[323]
T1,0,0,200,2
T2,1,1,42,1
T3,2,0,63,8
T4,3,1,180,1
T5,4,0,115,1
T6,5,0,82,7
[324]
T1,0,0,62,2
T2,1,1,80,3
T3,2,0,27,2
T4,3,0,200,41
T5,4,0,186,2
T6,5,1,60,2
[325]
T1,0,1,40,2
T2,1,1,78,2
T3,2,0,90,3
T4,3,0,200,6
T5,4,1,120,5
T6,5,1,188,20
[326]
T1,0,1,105,9
T2,1,1,91,5
T3,2,0,28,2
T4,3,0,100,4
T5,4,0,200,4
T6,5,1,165,11
[327]
T1,0,1,200,22
T2,1,1,79,2
T3,2,1,192,3
T4,3,1,140,6
T5,4,1,60,1
T6,5,1,24,1
[328]
T1,0,1,60,2
T2,1,0,90,2
T3,2,1,64,2
T4,3,1,200,19
T5,4,0,32,1
T6,5,0,158,18
[329]
T1,0,0,133,1
T2,1,0,94,3
T3,2,0,175,1
T4,3,0,200,4
T5,4,0,24,2
T6,5,0,100,19
[330]
T1,0,1,31,2
T2,1,0,62,2
T3,2,1,66,2
T4,3,0,200,2
T5,4,0,85,15
T6,5,0,160,4
[331]
T1,0,0,96,5
T2,1,1,200,9
T3,2,1,35,2
T4,3,0,96,3
T5,4,1,165,7
T6,5,0,119,5
[332]
T1,0,0,66,1
T2,1,1,200,21
T3,2,0,182,1
T4,3,1,39,2
T5,4,0,64,2
T6,5,0,80,8
[333]
T1,0,1,61,1
T2,1,0,30,4
T3,2,1,165,5
T4,3,0,200,9
T5,4,0,88,2
T6,5,1,133,2
[334]
T1,0,0,115,5
T2,1,1,69,2
T3,2,1,93,8
T4,3,0,26,2
T5,4,1,150,14
T6,5,1,200,3
[335]
T1,0,1,144,7
T2,1,1,36,2
T3,2,0,59,2
T4,3,0,190,8
T5,4,1,76,6
T6,5,0,200,8
[336]
T1,0,0,200,19
T2,1,0,150,7
T3,2,1,89,8
T4,3,1,79,2
T5,4,1,120,3
T6,5,1,45,2
[337]
T1,0,1,24,2
T2,1,0,140,2
T3,2,0,116,2
T4,3,0,80,4
T5,4,1,150,16
T6,5,1,200,12
[338]
T1,0,0,200,5
T2,1,1,32,4
T3,2,1,86,2
T4,3,1,160,4
T5,4,0,104,7
T6,5,0,124,2
[339]
T1,0,0,42,4
T2,1,1,130,3
T3,2,0,87,5
T4,3,0,200,8
T5,4,0,91,4
T6,5,0,160,2
[340]
T1,0,0,200,2
T2,1,0,87,1
T3,2,1,52,1
T4,3,0,140,20
T5,4,0,175,14
T6,5,1,62,2
[341]
T1,0,0,162,18
T2,1,0,200,2
T3,2,1,95,8
T4,3,1,73,3
T5,4,1,144,2
T6,5,0,30,2
[342]
T1,0,0,114,4
T2,1,1,192,6
T3,2,1,112,5
T4,3,0,200,21
T5,4,0,112,7
T6,5,0,30,2
[343]
T1,0,0,35,2
T2,1,0,99,2
T3,2,0,115,1
T4,3,1,184,12
T5,4,0,200,23
T6,5,1,65,2
[344]
T1,0,0,82,4
T2,1,1,81,2
T3,2,0,200,36
T4,3,1,72,1
T5,4,1,36,2
T6,5,0,165,5
[345]
T1,0,0,138,7
T2,1,1,77,4
T3,2,0,200,2
T4,3,1,119,13
T5,4,1,20,1
T6,5,0,154,1
[346]
T1,0,1,105,1
T2,1,0,200,3
T3,2,1,55,6
T4,3,1,20,2
T5,4,0,141,4
T6,5,1,189,21
[347]
T1,0,1,100,12
T2,1,1,85,1
T3,2,1,200,4
T4,3,1,24,1
T5,4,1,81,2
T6,5,1,188,10
[348]
T1,0,0,135,3
T2,1,0,39,2
T3,2,1,119,11
T4,3,1,200,23
T5,4,1,156,2
T6,5,0,100,3
[349]
T1,0,1,115,1
T2,1,1,85,2
T3,2,1,175,5
T4,3,0,24,1
T5,4,1,200,22
T6,5,1,135,7
[350]
T1,0,0,60,2
T2,1,0,145,4
T3,2,1,200,25
T4,3,1,50,4
T5,4,0,192,8
T6,5,0,104,1
[351]
T1,0,1,56,1
T2,1,1,80,5
T3,2,1,182,5
T4,3,1,22,1
T5,4,1,143,1
T6,5,0,200,22
[352]
T1,0,0,25,2
T2,1,0,150,19
T3,2,0,100,4
T4,3,0,200,3
T5,4,0,115,7
T6,5,1,105,2
[353]
T1,0,0,85,2
T2,1,0,135,4
T3,2,1,28,2
T4,3,1,153,10
T5,4,0,200,12
T6,5,0,80,2
[354]
T1,0,1,64,1
T2,1,1,192,21
T3,2,0,20,2
T4,3,0,121,8
T5,4,1,144,7
T6,5,1,200,1
[355]
T1,0,0,72,4
T2,1,1,77,3
T3,2,0,45,1
T4,3,0,200,24
T5,4,0,96,2
T6,5,1,160,7
[356]
T1,0,0,150,4
T2,1,1,115,14
T3,2,1,113,2
T4,3,0,200,3
T5,4,1,80,5
T6,5,1,54,3
[357]
T1,0,0,162,22
T2,1,1,45,1
T3,2,0,120,7
T4,3,1,125,1
T5,4,0,200,9
T6,5,1,88,2
[358]
T1,0,1,45,2
T2,1,0,108,5
T3,2,1,162,2
T4,3,1,200,9
T5,4,0,70,6
T6,5,1,78,4
[359]
T1,0,1,30,2
T2,1,0,200,1
T3,2,0,60,3
T4,3,0,124,7
T5,4,1,100,11
T6,5,1,185,4
[360]
T1,0,1,198,17
T2,1,1,109,2
T3,2,1,49,4
T4,3,0,55,4
T5,4,0,55,1
T6,5,0,200,1
[361]
T1,0,1,200,11
T2,1,1,78,2
T3,2,0,50,3
T4,3,0,138,2
T5,4,0,180,10
T6,5,1,66,5
[362]
T1,0,1,200,2
T2,1,1,96,6
T3,2,0,68,7
T4,3,0,44,2
T5,4,1,56,3
T6,5,1,170,6
[363]
T1,0,1,80,2
T2,1,1,186,6
T3,2,1,40,1
T4,3,1,80,5
T5,4,0,60,7
T6,5,0,200,2
[364]
T1,0,1,196,10
T2,1,1,143,8
T3,2,0,130,15
T4,3,1,200,2
T5,4,1,91,2
T6,5,1,30,1
[365]
T1,0,1,188,3
T2,1,1,72,2
T3,2,0,75,2
T4,3,1,44,2
T5,4,0,94,2
T6,5,0,200,35
[366]
T1,0,0,75,2
T2,1,0,107,8
T3,2,1,169,8
T4,3,0,200,6
T5,4,0,24,1
T6,5,0,140,8
[367]
T1,0,1,145,2
T2,1,1,140,5
T3,2,1,174,17
T4,3,1,200,9
T5,4,0,86,2
T6,5,1,42,2
[368]
T1,0,0,200,5
T2,1,1,60,2
T3,2,0,110,4
T4,3,0,192,16
T5,4,0,78,2
T6,5,1,34,4
[369]
T1,0,1,124,2
T2,1,1,70,2
T3,2,1,190,8
T4,3,0,86,6
T5,4,1,200,8
T6,5,1,25,3
[370]
T1,0,0,40,1
T2,1,0,180,10
T3,2,1,200,13
T4,3,1,65,4
T5,4,1,85,2
T6,5,1,84,3
[371]
T1,0,0,48,2
T2,1,1,59,9
T3,2,1,180,4
T4,3,0,200,4
T5,4,1,57,2
T6,5,0,132,2
[372]
T1,0,0,200,7
T2,1,0,162,2
T3,2,0,54,2
T4,3,1,60,7
T5,4,1,36,1
T6,5,1,99,3
[373]
T1,0,1,200,21
T2,1,1,76,10
T3,2,0,171,1
T4,3,1,66,2
T5,4,0,32,1
T6,5,1,84,2
[374]
T1,0,0,182,20
T2,1,0,200,6
T3,2,1,109,2
T4,3,1,32,2
T5,4,1,78,5
T6,5,1,65,3
[375]
T1,0,1,88,15
T2,1,0,200,1
T3,2,0,24,1
T4,3,1,190,2
T5,4,1,140,7
T6,5,0,74,1
[376]
T1,0,1,200,6
T2,1,1,92,8
T3,2,0,25,2
T4,3,1,60,2
T5,4,0,125,8
T6,5,0,148,2
[377]
T1,0,1,80,7
T2,1,0,89,10
T3,2,0,200,5
T4,3,0,164,1
T5,4,0,128,5
T6,5,1,30,2
[378]
T1,0,0,85,1
T2,1,1,56,2
T3,2,0,180,15
T4,3,1,200,2
T5,4,1,35,4
T6,5,0,124,7
[379]
T1,0,1,162,3
T2,1,1,69,2
T3,2,0,120,10
T4,3,0,200,15
T5,4,1,33,2
T6,5,0,75,2
[380]
T1,0,0,137,10
T2,1,1,112,1
T3,2,1,200,2
T4,3,0,34,2
T5,4,1,98,14
T6,5,0,170,7
[381]
T1,0,0,35,1
T2,1,1,200,2
T3,2,1,70,2
T4,3,0,161,9
T5,4,0,90,6
T6,5,0,130,16
[382]
T1,0,1,75,2
T2,1,0,200,1
T3,2,0,197,2
T4,3,0,56,5
T5,4,1,55,1
T6,5,1,28,4
[383]
T1,0,0,200,8
T2,1,0,192,8
T3,2,0,136,4
T4,3,0,100,11
T5,4,0,44,2
T6,5,1,69,1
[384]
T1,0,0,104,7
T2,1,0,200,5
T3,2,1,60,2
T4,3,1,105,10
T5,4,0,182,7
T6,5,0,44,2
[385]
T1,0,0,56,7
T2,1,0,200,2
T3,2,0,160,12
T4,3,1,113,4
T5,4,0,112,1
T6,5,1,31,2
[386]
T1,0,1,20,2
T2,1,1,124,23
T3,2,0,94,2
T4,3,1,200,2
T5,4,0,115,5
T6,5,0,150,4
[387]
T1,0,0,21,2
T2,1,0,189,7
T3,2,1,200,13
T4,3,1,59,4
T5,4,0,104,1
T6,5,1,63,5
[388]
T1,0,1,200,2
T2,1,0,25,2
T3,2,0,106,2
T4,3,0,121,16
T5,4,1,69,3
T6,5,0,184,2
[389]
T1,0,0,80,2
T2,1,1,107,1
T3,2,0,25,2
T4,3,0,190,8
T5,4,0,114,5
T6,5,1,200,23
[390]
T1,0,1,188,2
T2,1,1,25,1
T3,2,1,72,12
T4,3,1,200,2
T5,4,0,90,2
T6,5,1,66,2
[391]
T1,0,0,192,2
T2,1,1,75,1
T3,2,0,200,2
T4,3,0,54,2
T5,4,1,86,11
T6,5,0,40,3
[392]
T1,0,0,145,2
T2,1,1,131,1
T3,2,1,35,3
T4,3,0,174,3
T5,4,1,200,9
T6,5,1,100,10
[393]
T1,0,0,100,2
T2,1,0,66,1
T3,2,0,57,2
T4,3,1,200,18
T5,4,1,33,4
T6,5,0,155,2
[394]
T1,0,0,104,1
T2,1,0,133,2
T3,2,1,200,36
T4,3,1,120,4
T5,4,0,35,2
T6,5,1,189,6
[395]
T1,0,0,20,2
T2,1,0,56,1
T3,2,0,116,7
T4,3,1,200,27
T5,4,1,160,3
T6,5,1,100,1
[396]
T1,0,1,60,3
T2,1,0,174,15
T3,2,1,82,7
T4,3,1,200,8
T5,4,1,86,1
T6,5,0,20,2
[397]
T1,0,1,148,2
T2,1,0,115,10
T3,2,1,140,4
T4,3,0,50,4
T5,4,0,100,1
T6,5,1,200,11
[398]
T1,0,0,175,7
T2,1,0,200,25
T3,2,1,99,3
T4,3,1,132,2
T5,4,1,110,1
T6,5,1,26,1
[399]
T1,0,1,200,1
T2,1,1,169,10
T3,2,0,68,4
T4,3,1,50,3
T5,4,1,65,3
T6,5,1,63,2
[400]
T1,0,0,200,6
T2,1,1,141,6
T3,2,0,30,1
T4,3,1,75,2
T5,4,1,55,4
T6,5,1,148,9
[401]
T1,0,0,200,4
T2,1,0,40,3
T3,2,1,148,9
T4,3,0,65,2
T5,4,1,62,6
T6,5,0,93,2
[402]
T1,0,0,97,9
T2,1,1,80,2
T3,2,1,50,2
T4,3,0,92,6
T5,4,1,190,2
T6,5,0,200,12
[403]
T1,0,1,20,2
T2,1,0,200,30
T3,2,0,160,5
T4,3,1,120,4
T5,4,1,79,2
T6,5,1,144,6
[404]
T1,0,1,91,1
T2,1,1,156,4
T3,2,1,200,3
T4,3,0,33,3
T5,4,0,140,10
T6,5,0,74,4
[405]
T1,0,1,138,9
T2,1,0,48,2
T3,2,0,100,2
T4,3,1,95,7
T5,4,1,200,1
T6,5,1,150,11
[406]
T1,0,1,60,5
T2,1,1,200,10
T3,2,0,29,2
T4,3,1,186,21
T5,4,1,131,1
T6,5,0,145,2
[407]
T1,0,0,200,5
T2,1,0,62,6
T3,2,1,20,2
T4,3,1,135,5
T5,4,0,178,1
T6,5,0,124,10
[408]
T1,0,0,21,1
T2,1,0,103,10
T3,2,0,110,13
T4,3,0,170,2
T5,4,1,200,2
T6,5,0,88,2
[409]
T1,0,0,200,13
T2,1,1,128,2
T3,2,0,42,5
T4,3,0,113,3
T5,4,0,180,9
T6,5,0,108,2
[410]
T1,0,0,152,17
T2,1,1,63,2
T3,2,0,132,2
T4,3,0,40,2
T5,4,1,200,16
T6,5,0,108,8
[411]
T1,0,1,54,2
T2,1,1,24,1
T3,2,0,186,5
T4,3,1,200,30
T5,4,0,76,2
T6,5,1,75,1
[412]
T1,0,0,21,1
T2,1,0,168,11
T3,2,0,55,2
T4,3,1,200,6
T5,4,0,125,4
T6,5,0,135,9
[413]
T1,0,1,51,2
T2,1,1,133,12
T3,2,1,115,13
T4,3,0,72,2
T5,4,1,200,4
T6,5,1,150,2
[414]
T1,0,1,32,1
T2,1,0,120,9
T3,2,0,104,3
T4,3,0,64,2
T5,4,1,200,13
T6,5,0,182,14
[415]
T1,0,0,172,7
T2,1,1,112,1
T3,2,0,30,4
T4,3,1,200,5
T5,4,1,80,2
T6,5,0,131,5
[416]
T1,0,0,70,1
T2,1,1,200,10
T3,2,0,120,2
T4,3,1,67,8
T5,4,1,189,11
T6,5,0,34,1
[417]
T1,0,1,175,2
T2,1,1,77,2
T3,2,0,112,8
T4,3,0,73,7
T5,4,1,200,1
T6,5,1,21,1
[418]
T1,0,1,69,4
T2,1,0,40,2
T3,2,0,200,10
T4,3,0,112,4
T5,4,1,72,3
T6,5,1,176,14
[419]
T1,0,1,110,1
T2,1,0,150,3
T3,2,0,39,2
T4,3,0,108,3
T5,4,1,143,13
T6,5,0,200,26
[420]
T1,0,1,200,1
T2,1,1,128,3
T3,2,1,102,5
T4,3,0,20,1
T5,4,0,180,23
T6,5,1,75,2
[421]
T1,0,1,132,4
T2,1,1,42,2
T3,2,1,200,3
T4,3,0,154,26
T5,4,0,136,3
T6,5,1,100,3
[422]
T1,0,0,103,2
T2,1,1,96,1
T3,2,1,108,1
T4,3,1,200,21
T5,4,0,48,3
T6,5,1,175,10
[423]
T1,0,1,199,2
T2,1,0,133,4
T3,2,1,40,3
T4,3,1,200,10
T5,4,1,112,12
T6,5,1,140,3
[424]
T1,0,0,200,8
T2,1,0,58,1
T3,2,0,130,2
T4,3,1,180,6
T5,4,1,28,3
T6,5,0,80,2
[425]
T1,0,1,145,14
T2,1,0,29,2
T3,2,0,135,12
T4,3,1,153,7
T5,4,0,200,4
T6,5,1,72,2
[426]
T1,0,1,200,9
T2,1,1,48,2
T3,2,0,98,14
T4,3,0,196,2
T5,4,0,78,2
T6,5,1,100,3
[427]
T1,0,0,64,1
T2,1,1,114,6
T3,2,1,150,2
T4,3,0,27,1
T5,4,1,200,23
T6,5,1,114,5
[428]
T1,0,1,134,9
T2,1,0,200,3
T3,2,1,30,3
T4,3,0,73,1
T5,4,0,134,2
T6,5,1,176,12
[429]
T1,0,1,200,29
T2,1,1,89,4
T3,2,1,120,2
T4,3,1,51,1
T5,4,0,119,1
T6,5,0,182,7
[430]
T1,0,1,110,3
T2,1,1,200,7
T3,2,0,156,4
T4,3,1,70,2
T5,4,0,20,2
T6,5,0,132,6
[431]
T1,0,1,107,5
T2,1,1,124,8
T3,2,1,90,9
T4,3,0,20,2
T5,4,0,155,3
T6,5,0,200,6
[432]
T1,0,1,36,4
T2,1,1,103,3
T3,2,0,76,1
T4,3,0,200,9
T5,4,1,75,3
T6,5,1,189,2
[433]
T1,0,0,20,1
T2,1,1,108,2
T3,2,0,80,2
T4,3,0,182,33
T5,4,0,200,2
T6,5,1,116,4
[434]
T1,0,1,56,9
T2,1,1,59,1
T3,2,0,45,2
T4,3,1,200,2
T5,4,1,176,4
T6,5,0,110,3
[435]
T1,0,0,79,2
T2,1,0,75,3
T3,2,0,24,4
T4,3,0,198,5
T5,4,1,200,8
T6,5,1,104,1
[436]
T1,0,0,88,2
T2,1,0,25,2
T3,2,0,200,3
T4,3,0,55,2
T5,4,0,195,25
T6,5,1,63,7
[437]
T1,0,1,57,1
T2,1,0,108,13
T3,2,0,160,11
T4,3,0,22,1
T5,4,1,96,2
T6,5,1,200,2
[438]
T1,0,0,115,5
T2,1,1,70,3
T3,2,1,94,8
T4,3,0,182,2
T5,4,1,25,1
T6,5,0,200,4
[439]
T1,0,0,200,2
T2,1,0,100,1
T3,2,0,79,3
T4,3,0,60,2
T5,4,0,40,4
T6,5,0,175,12
[440]
T1,0,1,124,4
T2,1,0,186,13
T3,2,1,56,2
T4,3,0,35,1
T5,4,1,105,4
T6,5,1,200,15
[441]
T1,0,0,198,5
T2,1,1,82,2
T3,2,1,140,4
T4,3,0,77,6
T5,4,1,30,3
T6,5,1,200,7
[442]
T1,0,1,83,5
T2,1,0,150,14
T3,2,1,200,8
T4,3,0,35,2
T5,4,0,105,3
T6,5,1,90,5
[443]
T1,0,0,50,6
T2,1,1,123,6
T3,2,0,119,2
T4,3,1,200,4
T5,4,1,126,8
T6,5,0,170,2
[444]
T1,0,0,136,5
T2,1,0,24,2
T3,2,1,152,7
T4,3,1,200,22
T5,4,0,114,4
T6,5,1,66,3
[445]
T1,0,1,200,4
T2,1,0,119,15
T3,2,1,96,4
T4,3,0,112,2
T5,4,1,21,1
T6,5,1,153,2
[446]
T1,0,1,45,1
T2,1,0,178,13
T3,2,0,200,11
T4,3,1,100,5
T5,4,0,80,3
T6,5,1,77,3
[447]
T1,0,1,60,2
T2,1,0,66,1
T3,2,1,165,11
T4,3,1,200,2
T5,4,0,23,4
T6,5,0,83,2
[448]
T1,0,0,62,2
T2,1,0,30,4
T3,2,1,78,2
T4,3,1,90,2
T5,4,0,182,14
T6,5,0,200,1
[449]
T1,0,1,56,1
T2,1,1,29,1
T3,2,0,123,6
T4,3,1,120,1
T5,4,1,175,6
T6,5,0,200,21
[450]
T1,0,1,45,2
T2,1,0,128,1
T3,2,1,192,24
T4,3,1,65,4
T5,4,1,118,5
T6,5,1,200,2
[451]
T1,0,1,85,1
T2,1,0,120,7
T3,2,0,30,4
T4,3,1,200,6
T5,4,0,190,9
T6,5,1,127,2
[452]
T1,0,1,144,9
T2,1,1,112,15
T3,2,1,37,2
T4,3,1,185,6
T5,4,1,63,2
T6,5,0,200,3
[453]
T1,0,1,192,20
T2,1,0,90,2
T3,2,1,26,2
T4,3,1,80,6
T5,4,0,200,9
T6,5,0,90,3
[454]
T1,0,1,36,1
T2,1,1,200,8
T3,2,0,127,5
T4,3,0,68,1
T5,4,0,144,3
T6,5,1,195,23
[455]
T1,0,1,200,2
T2,1,1,81,9
T3,2,1,100,2
T4,3,0,126,12
T5,4,0,156,4
T6,5,0,30,2
[456]
T1,0,1,175,7
T2,1,1,78,2
T3,2,0,57,2
T4,3,1,200,14
T5,4,1,105,9
T6,5,0,24,2
[457]
T1,0,0,200,29
T2,1,1,154,2
T3,2,0,139,1
T4,3,0,28,1
T5,4,0,108,1
T6,5,1,105,6
[458]
T1,0,0,200,29
T2,1,0,35,2
T3,2,1,87,5
T4,3,1,153,2
T5,4,1,120,1
T6,5,1,102,2
[459]
T1,0,0,58,4
T2,1,0,175,10
T3,2,0,100,5
T4,3,1,142,9
T5,4,0,23,2
T6,5,0,200,7
[460]
T1,0,0,79,1
T2,1,1,68,3
T3,2,1,72,3
T4,3,0,32,2
T5,4,1,200,29
T6,5,0,175,4
[461]
T1,0,0,168,2
T2,1,0,200,20
T3,2,1,44,1
T4,3,0,76,5
T5,4,0,133,1
T6,5,0,133,7
[462]
T1,0,1,57,8
T2,1,0,67,3
T3,2,1,150,4
T4,3,1,200,9
T5,4,1,90,1
T6,5,0,24,2
[463]
T1,0,1,22,2
T2,1,0,200,18
T3,2,1,170,22
T4,3,1,90,2
T5,4,1,68,2
T6,5,1,99,1
[464]
T1,0,1,170,2
T2,1,0,136,2
T3,2,0,200,21
T4,3,1,51,4
T5,4,0,57,2
T6,5,1,103,7
[465]
T1,0,0,24,2
T2,1,1,160,6
T3,2,1,200,25
T4,3,1,144,2
T5,4,1,98,7
T6,5,0,138,5
[466]
T1,0,0,121,4
T2,1,1,20,2
T3,2,0,85,2
T4,3,1,168,10
T5,4,1,200,24
T6,5,0,100,4
[467]
T1,0,0,180,24
T2,1,1,200,5
T3,2,0,104,2
T4,3,1,85,8
T5,4,1,39,2
T6,5,1,117,1
[468]
T1,0,1,60,4
T2,1,0,139,10
T3,2,0,200,3
T4,3,1,25,2
T5,4,1,104,5
T6,5,0,188,11
[469]
T1,0,0,189,1
T2,1,0,91,15
T3,2,0,200,4
T4,3,1,91,2
T5,4,1,124,2
T6,5,1,35,2
[470]
T1,0,0,24,2
T2,1,1,70,11
T3,2,1,200,2
T4,3,1,95,1
T5,4,1,160,1
T6,5,0,96,6
[471]
T1,0,0,108,1
T2,1,1,80,5
T3,2,1,198,2
T4,3,0,90,2
T5,4,0,30,2
T6,5,1,200,28
[472]
T1,0,0,163,10
T2,1,0,30,1
T3,2,1,200,6
T4,3,1,100,2
T5,4,1,108,10
T6,5,0,75,3
[473]
T1,0,0,198,20
T2,1,0,51,2
T3,2,1,131,1
T4,3,1,85,2
T5,4,0,200,22
T6,5,1,110,6
[474]
T1,0,1,200,2
T2,1,0,30,2
T3,2,0,190,12
T4,3,1,117,9
T5,4,1,74,7
T6,5,1,60,2
[475]
T1,0,1,129,10
T2,1,0,200,5
T3,2,0,175,5
T4,3,0,24,2
T5,4,0,144,2
T6,5,1,136,3
[476]
T1,0,1,96,2
T2,1,1,74,2
T3,2,0,200,2
T4,3,0,21,2
T5,4,1,124,1
T6,5,1,148,33
[477]
T1,0,0,65,2
T2,1,0,200,2
T3,2,0,72,2
T4,3,0,24,2
T5,4,1,180,24
T6,5,1,64,2
[478]
T1,0,1,123,5
T2,1,0,22,1
T3,2,1,82,1
T4,3,1,150,2
T5,4,0,200,12
T6,5,0,75,8
[479]
T1,0,0,65,1
T2,1,1,28,2
T3,2,1,200,16
T4,3,1,80,4
T5,4,0,150,2
T6,5,0,74,8
[480]
T1,0,1,25,2
T2,1,1,200,21
T3,2,1,137,1
T4,3,0,87,2
T5,4,0,78,1
T6,5,1,150,16
[481]
T1,0,1,152,9
T2,1,0,61,2
T3,2,0,85,2
T4,3,1,95,5
T5,4,1,200,19
T6,5,0,45,3
[482]
T1,0,0,75,2
T2,1,1,142,1
T3,2,0,167,5
T4,3,1,28,1
T5,4,0,200,5
T6,5,0,75,12
[483]
T1,0,0,64,7
T2,1,0,200,2
T3,2,0,93,3
T4,3,1,196,7
T5,4,1,84,1
T6,5,0,30,2
[484]
T1,0,1,200,6
T2,1,1,130,9
T3,2,0,33,2
T4,3,1,87,3
T5,4,0,55,1
T6,5,0,198,22
[485]
T1,0,0,160,4
T2,1,1,56,2
T3,2,0,137,1
T4,3,0,36,6
T5,4,1,200,3
T6,5,0,98,2
[486]
T1,0,0,96,1
T2,1,1,48,5
T3,2,1,200,2
T4,3,0,112,5
T5,4,0,116,12
T6,5,0,180,2
[487]
T1,0,0,155,6
T2,1,1,200,17
T3,2,1,69,1
T4,3,0,138,13
T5,4,1,105,1
T6,5,1,50,1
[488]
T1,0,0,25,2
T2,1,0,84,5
T3,2,0,192,11
T4,3,0,55,1
T5,4,0,123,4
T6,5,0,200,18
[489]
T1,0,0,200,7
T2,1,0,38,1
T3,2,1,140,6
T4,3,1,80,7
T5,4,0,76,3
T6,5,0,180,7
[490]
T1,0,1,77,2
T2,1,1,110,14
T3,2,1,196,2
T4,3,0,32,2
T5,4,1,200,8
T6,5,0,102,1
[491]
T1,0,0,136,7
T2,1,0,200,30
T3,2,1,57,3
T4,3,1,150,2
T5,4,0,31,2
T6,5,1,80,2
[492]
T1,0,1,136,4
T2,1,0,32,2
T3,2,1,144,6
T4,3,1,195,15
T5,4,0,200,2
T6,5,1,78,4
[493]
T1,0,0,108,3
T2,1,1,59,6
T3,2,0,156,1
T4,3,0,200,12
T5,4,0,45,3
T6,5,1,64,1
[494]
T1,0,1,165,2
T2,1,1,200,2
T3,2,1,65,3
T4,3,1,21,2
T5,4,0,99,2
T6,5,0,54,6
[495]
T1,0,0,28,2
T2,1,0,80,4
T3,2,0,200,1
T4,3,1,95,2
T5,4,0,160,10
T6,5,1,123,13
[496]
T1,0,0,200,8
T2,1,0,65,1
T3,2,0,163,12
T4,3,1,104,12
T5,4,1,40,1
T6,5,1,122,1
[497]
T1,0,1,183,8
T2,1,1,200,2
T3,2,0,120,5
T4,3,0,45,6
T5,4,0,74,2
T6,5,0,63,2
[498]
T1,0,1,192,19
T2,1,1,74,7
T3,2,1,92,2
T4,3,0,50,1
T5,4,0,80,2
T6,5,0,200,5
[499]
T1,0,1,104,15
T2,1,1,72,3
T3,2,1,25,2
T4,3,0,156,3
T5,4,1,200,2
T6,5,0,106,4
[500]
T1,0,1,96,5
T2,1,1,28,2
T3,2,0,200,25
T4,3,1,175,2
T5,4,0,86,3
T6,5,0,105,7
