num_task_per_taskset=6
num_taskset=500
//ID,Priority,Offset,Period,Execution Time
[1]
T1,0,1,104,11
T2,1,0,92,2
T3,2,1,104,5
T4,3,0,200,23
T5,4,0,171,7
T6,5,1,36,2
[2]
T1,0,1,200,13
T2,1,0,112,4
T3,2,0,75,4
T4,3,0,27,2
T5,4,1,75,8
T6,5,0,156,5
[3]
T1,0,0,28,1
T2,1,1,200,3
T3,2,0,131,14
T4,3,0,140,23
T5,4,0,175,1
T6,5,0,100,5
[4]
T1,0,1,63,6
T2,1,1,112,10
T3,2,0,45,3
T4,3,0,63,2
T5,4,0,168,2
T6,5,0,200,17
[5]
T1,0,0,60,4
T2,1,1,117,5
T3,2,1,150,10
T4,3,0,200,9
T5,4,0,54,8
T6,5,1,39,2
[6]
T1,0,0,118,9
T2,1,0,96,2
T3,2,1,200,17
T4,3,0,52,7
T5,4,0,184,2
T6,5,1,130,9
[7]
T1,0,1,61,2
T2,1,1,196,28
T3,2,0,98,11
T4,3,1,57,2
T5,4,1,200,1
T6,5,0,42,1
[8]
T1,0,0,160,20
T2,1,0,125,9
T3,2,0,78,2
T4,3,0,71,4
T5,4,0,40,1
T6,5,1,200,13
[9]
T1,0,0,41,7
T2,1,0,87,1
T3,2,0,200,2
T4,3,0,147,5
T5,4,0,116,6
T6,5,1,150,15
[10]
T1,0,1,125,9
T2,1,1,104,12
T3,2,1,166,7
T4,3,1,200,24
T5,4,0,64,2
T6,5,0,40,1
[11]
T1,0,0,124,6
T2,1,1,200,11
T3,2,1,98,4
T4,3,0,168,4
T5,4,1,24,5
T6,5,0,133,2
[12]
T1,0,0,50,2
T2,1,0,136,17
T3,2,1,111,24
T4,3,1,170,3
T5,4,1,92,1
T6,5,1,200,3
[13]
T1,0,1,122,22
T2,1,0,192,4
T3,2,1,36,2
T4,3,0,122,2
T5,4,1,200,8
T6,5,0,142,18
[14]
T1,0,0,200,31
T2,1,0,91,6
T3,2,0,156,6
T4,3,0,127,1
T5,4,1,44,1
T6,5,0,140,12
[15]
T1,0,1,56,4
T2,1,0,60,2
T3,2,1,200,13
T4,3,1,77,10
T5,4,1,21,2
T6,5,1,171,11
[16]
T1,0,1,176,24
T2,1,1,200,3
T3,2,0,94,10
T4,3,1,58,5
T5,4,0,25,2
T6,5,0,132,4
[17]
T1,0,0,72,1
T2,1,1,159,20
T3,2,1,63,11
T4,3,0,45,2
T5,4,1,113,6
T6,5,0,200,1
[18]
T1,0,0,72,2
T2,1,0,49,6
T3,2,0,200,9
T4,3,1,140,4
T5,4,1,69,2
T6,5,0,180,31
[19]
T1,0,1,100,5
T2,1,1,20,2
T3,2,0,188,16
T4,3,1,134,8
T5,4,1,200,2
T6,5,0,82,14
[20]
T1,0,0,110,8
T2,1,0,35,2
T3,2,0,64,2
T4,3,0,192,10
T5,4,0,200,2
T6,5,1,127,18
[21]
T1,0,0,161,7
T2,1,1,20,3
T3,2,1,200,7
T4,3,1,62,1
T5,4,1,88,4
T6,5,1,92,3
[22]
T1,0,0,101,11
T2,1,0,168,4
T3,2,1,120,11
T4,3,0,21,1
T5,4,0,91,4
T6,5,1,200,11
[23]
T1,0,0,96,7
T2,1,1,160,2
T3,2,0,200,1
T4,3,0,84,2
T5,4,1,22,2
T6,5,0,134,31
[24]
T1,0,1,95,2
T2,1,0,101,29
T3,2,0,200,2
T4,3,1,175,6
T5,4,1,147,4
T6,5,1,30,2
[25]
T1,0,0,52,5
T2,1,0,64,2
T3,2,0,130,3
T4,3,0,192,20
T5,4,0,200,24
T6,5,0,96,2
[26]
T1,0,1,96,17
T2,1,0,24,2
T3,2,0,78,7
T4,3,1,128,2
T5,4,1,200,2
T6,5,1,156,14
[27]
T1,0,0,88,18
T2,1,1,24,2
T3,2,1,200,11
T4,3,0,150,2
T5,4,1,91,2
T6,5,0,91,5
[28]
T1,0,1,144,4
T2,1,0,200,37
T3,2,1,33,1
T4,3,1,66,3
T5,4,0,57,2
T6,5,0,160,5
[29]
T1,0,1,68,1
T2,1,0,150,4
T3,2,1,130,13
T4,3,0,36,6
T5,4,0,200,6
T6,5,0,138,3
[30]
T1,0,0,60,5
T2,1,0,56,1
T3,2,0,90,4
T4,3,1,200,15
T5,4,0,27,2
T6,5,1,198,21
[31]
T1,0,1,159,2
T2,1,0,90,5
T3,2,1,81,6
T4,3,1,99,6
T5,4,0,200,9
T6,5,0,24,3
[32]
T1,0,1,74,8
T2,1,1,148,2
T3,2,0,37,4
T4,3,1,200,11
T5,4,1,83,2
T6,5,1,91,6
[33]
T1,0,1,160,2
T2,1,1,116,1
T3,2,0,200,12
T4,3,0,88,13
T5,4,1,30,3
T6,5,1,73,2
[34]
T1,0,1,106,15
T2,1,0,106,6
T3,2,1,50,2
T4,3,0,107,2
T5,4,0,200,19
T6,5,1,188,4
[35]
T1,0,1,200,3
T2,1,1,28,5
T3,2,1,75,6
T4,3,1,196,12
T5,4,0,62,1
T6,5,0,95,1
[36]
T1,0,0,140,5
T2,1,0,120,1
T3,2,0,175,6
T4,3,0,33,5
T5,4,1,200,25
T6,5,0,93,2
[37]
T1,0,1,94,13
T2,1,1,80,2
T3,2,1,200,12
T4,3,1,106,2
T5,4,0,30,1
T6,5,1,175,18
[38]
T1,0,0,156,3
T2,1,1,78,7
T3,2,0,137,12
T4,3,0,200,35
T5,4,0,96,1
T6,5,1,26,2
[39]
T1,0,1,116,2
T2,1,0,78,5
T3,2,0,200,18
T4,3,0,170,2
T5,4,0,102,13
T6,5,1,20,1
[40]
T1,0,1,60,1
T2,1,1,44,11
T3,2,1,57,2
T4,3,1,129,2
T5,4,1,175,7
T6,5,1,200,10
[41]
T1,0,1,200,4
T2,1,1,192,18
T3,2,1,109,7
T4,3,0,48,5
T5,4,1,75,5
T6,5,1,67,1
[42]
T1,0,0,137,1
T2,1,0,168,9
T3,2,0,200,36
T4,3,0,52,6
T5,4,1,105,1
T6,5,0,70,1
[43]
T1,0,1,100,2
T2,1,1,135,20
T3,2,0,200,19
T4,3,0,116,7
T5,4,0,162,2
T6,5,1,53,3
[44]
T1,0,1,140,2
T2,1,1,92,1
T3,2,0,174,5
T4,3,1,112,25
T5,4,1,30,2
T6,5,0,200,5
[45]
T1,0,1,96,6
T2,1,0,30,2
T3,2,1,97,5
T4,3,0,165,1
T5,4,0,200,12
T6,5,0,81,9
[46]
T1,0,1,108,13
T2,1,1,120,4
T3,2,0,180,6
T4,3,0,200,2
T5,4,0,36,1
T6,5,1,62,9
[47]
T1,0,0,200,2
T2,1,1,45,10
T3,2,0,190,26
T4,3,0,114,2
T5,4,1,117,1
T6,5,1,120,2
[48]
T1,0,0,182,9
T2,1,0,35,4
T3,2,0,136,4
T4,3,1,200,27
T5,4,0,120,3
T6,5,0,129,2
[49]
T1,0,1,200,37
T2,1,1,40,1
T3,2,0,125,13
T4,3,1,114,3
T5,4,0,138,2
T6,5,1,175,1
[50]
T1,0,1,200,16
T2,1,0,144,5
T3,2,1,45,1
T4,3,1,58,10
T5,4,1,175,10
T6,5,1,90,1
[51]
T1,0,1,200,15
T2,1,1,180,27
T3,2,0,93,1
T4,3,1,24,2
T5,4,0,75,1
T6,5,1,89,2
[52]
T1,0,0,72,7
T2,1,1,200,2
T3,2,0,144,2
T4,3,1,30,2
T5,4,1,179,31
T6,5,0,120,3
[53]
T1,0,1,175,7
T2,1,0,88,5
T3,2,1,200,1
T4,3,0,35,7
T5,4,1,128,4
T6,5,0,94,3
[54]
T1,0,0,93,8
T2,1,1,20,2
T3,2,1,72,4
T4,3,1,200,16
T5,4,0,121,6
T6,5,0,192,20
[55]
T1,0,0,50,1
T2,1,1,70,2
T3,2,0,91,4
T4,3,1,200,11
T5,4,0,76,11
T6,5,1,170,12
[56]
T1,0,1,200,11
T2,1,0,133,31
T3,2,0,154,2
T4,3,1,136,3
T5,4,0,55,1
T6,5,1,51,2
[57]
T1,0,1,150,4
T2,1,1,64,7
T3,2,1,35,1
T4,3,1,108,7
T5,4,1,93,10
T6,5,1,200,4
[58]
T1,0,1,110,12
T2,1,1,120,2
T3,2,0,196,23
T4,3,0,36,2
T5,4,0,200,26
T6,5,1,139,1
[59]
T1,0,0,195,7
T2,1,1,200,44
T3,2,0,50,2
T4,3,0,114,2
T5,4,1,140,5
T6,5,0,125,9
[60]
T1,0,1,32,1
T2,1,0,72,16
T3,2,0,64,4
T4,3,0,168,4
T5,4,1,200,7
T6,5,0,65,2
[61]
T1,0,1,116,5
T2,1,0,119,1
T3,2,0,110,5
T4,3,1,44,5
T5,4,1,176,27
T6,5,1,200,2
[62]
T1,0,0,200,3
T2,1,1,25,1
T3,2,1,90,1
T4,3,0,168,22
T5,4,0,115,9
T6,5,1,116,12
[63]
T1,0,1,75,1
T2,1,0,126,4
T3,2,1,200,5
T4,3,0,46,2
T5,4,1,183,16
T6,5,1,100,21
[64]
T1,0,0,92,2
T2,1,1,88,8
T3,2,0,200,5
T4,3,1,180,8
T5,4,0,42,2
T6,5,0,90,15
[65]
T1,0,1,120,4
T2,1,1,95,2
T3,2,0,159,4
T4,3,1,200,22
T5,4,0,144,15
T6,5,0,25,2
[66]
T1,0,0,40,2
T2,1,0,175,2
T3,2,0,112,17
T4,3,0,72,6
T5,4,0,200,5
T6,5,1,99,5
[67]
T1,0,1,48,2
T2,1,1,124,9
T3,2,1,200,5
T4,3,0,165,11
T5,4,1,61,2
T6,5,1,66,13
[68]
T1,0,1,200,18
T2,1,0,198,1
T3,2,1,20,2
T4,3,1,125,5
T5,4,0,116,3
T6,5,1,96,10
[69]
T1,0,0,174,2
T2,1,1,142,1
T3,2,0,25,1
T4,3,0,80,7
T5,4,1,200,41
T6,5,1,54,2
[70]
T1,0,0,176,2
T2,1,1,110,1
T3,2,1,25,2
T4,3,1,200,35
T5,4,1,112,2
T6,5,1,123,12
[71]
T1,0,1,161,30
T2,1,1,119,15
T3,2,1,200,6
T4,3,1,85,1
T5,4,1,23,2
T6,5,0,146,2
[72]
T1,0,1,35,2
T2,1,1,175,23
T3,2,0,88,3
T4,3,0,121,11
T5,4,0,88,3
T6,5,0,200,3
[73]
T1,0,1,28,1
T2,1,0,106,1
T3,2,0,200,9
T4,3,0,66,1
T5,4,0,55,3
T6,5,0,156,33
[74]
T1,0,1,67,3
T2,1,1,108,8
T3,2,1,200,10
T4,3,0,154,25
T5,4,1,45,2
T6,5,0,135,6
[75]
T1,0,1,66,1
T2,1,0,84,5
T3,2,0,152,14
T4,3,1,200,22
T5,4,1,60,1
T6,5,0,28,1
[76]
T1,0,0,126,10
T2,1,1,39,3
T3,2,0,65,8
T4,3,0,120,3
T5,4,0,200,6
T6,5,1,169,8
[77]
T1,0,1,58,4
T2,1,0,200,11
T3,2,0,60,9
T4,3,1,80,8
T5,4,0,189,2
T6,5,0,25,2
[78]
T1,0,1,100,2
T2,1,1,168,21
T3,2,0,200,11
T4,3,1,120,5
T5,4,0,35,3
T6,5,0,90,7
[79]
T1,0,0,139,13
T2,1,0,168,7
T3,2,1,200,35
T4,3,0,74,4
T5,4,0,30,2
T6,5,0,84,1
[80]
T1,0,1,200,30
T2,1,0,95,1
T3,2,0,25,2
T4,3,0,135,7
T5,4,0,150,4
T6,5,1,66,3
[81]
T1,0,1,55,9
T2,1,0,135,14
T3,2,1,180,7
T4,3,1,200,5
T5,4,0,65,1
T6,5,1,52,1
[82]
T1,0,0,200,22
T2,1,1,40,2
T3,2,1,144,2
T4,3,0,165,5
T5,4,0,135,15
T6,5,1,70,5
[83]
T1,0,0,99,4
T2,1,1,44,6
T3,2,1,131,3
T4,3,1,200,10
T5,4,1,150,16
T6,5,0,144,4
[84]
T1,0,0,36,2
T2,1,1,72,5
T3,2,1,200,3
T4,3,1,102,2
T5,4,0,198,15
T6,5,0,84,12
[85]
T1,0,0,144,2
T2,1,1,150,5
T3,2,0,200,2
T4,3,0,24,3
T5,4,0,87,15
T6,5,0,99,2
[86]
T1,0,1,153,1
T2,1,1,48,7
T3,2,0,200,15
T4,3,0,97,3
T5,4,0,144,1
T6,5,1,75,7
[87]
T1,0,1,34,2
T2,1,0,154,8
T3,2,0,54,8
T4,3,1,200,15
T5,4,1,55,3
T6,5,1,100,1
[88]
T1,0,0,120,11
T2,1,0,94,2
T3,2,1,98,6
T4,3,0,180,21
T5,4,1,32,1
T6,5,0,200,8
[89]
T1,0,1,56,3
T2,1,0,88,9
T3,2,1,200,7
T4,3,0,126,2
T5,4,1,20,2
T6,5,0,176,26
[90]
T1,0,1,52,2
T2,1,1,200,18
T3,2,1,152,1
T4,3,0,97,17
T5,4,0,95,7
T6,5,0,133,4
[91]
T1,0,1,196,16
T2,1,0,30,2
T3,2,0,138,12
T4,3,1,115,5
T5,4,0,200,14
T6,5,1,124,8
[92]
T1,0,1,147,19
T2,1,1,70,2
T3,2,0,24,2
T4,3,0,130,6
T5,4,0,200,13
T6,5,1,186,19
[93]
T1,0,0,66,2
T2,1,0,101,1
T3,2,1,176,11
T4,3,0,200,16
T5,4,0,115,9
T6,5,1,40,5
[94]
T1,0,0,150,11
T2,1,0,60,4
T3,2,0,200,23
T4,3,1,87,2
T5,4,1,99,1
T6,5,1,36,3
[95]
T1,0,1,170,11
T2,1,1,200,11
T3,2,0,30,1
T4,3,1,80,9
T5,4,1,95,4
T6,5,0,66,4
[96]
T1,0,0,93,18
T2,1,0,50,2
T3,2,0,200,16
T4,3,0,148,2
T5,4,1,100,10
T6,5,0,116,2
[97]
T1,0,0,100,3
T2,1,0,180,5
T3,2,0,200,27
T4,3,1,51,1
T5,4,0,86,3
T6,5,0,90,12
[98]
T1,0,0,200,2
T2,1,0,192,8
T3,2,1,45,1
T4,3,1,80,1
T5,4,1,123,28
T6,5,0,86,6
[99]
T1,0,0,200,13
T2,1,0,120,2
T3,2,0,25,2
T4,3,1,99,1
T5,4,1,160,19
T6,5,0,89,12
[100]
T1,0,0,200,23
T2,1,1,120,21
T3,2,1,57,2
T4,3,1,30,2
T5,4,1,133,5
T6,5,1,183,1
[101]
T1,0,1,198,23
T2,1,1,33,2
T3,2,1,200,2
T4,3,1,126,7
T5,4,0,58,4
T6,5,1,108,7
[102]
T1,0,1,80,10
T2,1,1,152,10
T3,2,1,61,2
T4,3,1,200,20
T5,4,1,40,3
T6,5,1,138,2
[103]
T1,0,1,85,1
T2,1,0,60,8
T3,2,0,172,2
T4,3,1,200,5
T5,4,1,80,13
T6,5,0,45,2
[104]
T1,0,0,159,1
T2,1,1,200,41
T3,2,0,84,6
T4,3,1,120,5
T5,4,1,36,1
T6,5,1,130,2
[105]
T1,0,1,176,10
T2,1,1,55,5
T3,2,1,60,4
T4,3,0,133,3
T5,4,0,52,1
T6,5,0,200,22
[106]
T1,0,1,89,4
T2,1,1,200,16
T3,2,0,70,8
T4,3,0,174,9
T5,4,1,145,12
T6,5,1,50,2
[107]
T1,0,1,200,6
T2,1,0,143,2
T3,2,0,94,7
T4,3,0,25,3
T5,4,0,88,9
T6,5,0,165,4
[108]
T1,0,1,200,34
T2,1,1,94,5
T3,2,0,92,5
T4,3,1,23,2
T5,4,0,123,7
T6,5,1,164,2
[109]
T1,0,1,144,13
T2,1,1,110,4
T3,2,0,200,2
T4,3,1,35,1
T5,4,1,58,4
T6,5,0,168,24
[110]
T1,0,1,40,5
T2,1,0,55,8
T3,2,1,86,3
T4,3,1,112,1
T5,4,0,165,4
T6,5,1,200,5
[111]
T1,0,0,80,1
T2,1,0,200,12
T3,2,1,24,2
T4,3,1,57,10
T5,4,0,140,7
T6,5,1,161,9
[112]
T1,0,0,90,23
T2,1,1,156,7
T3,2,0,36,1
T4,3,1,80,2
T5,4,0,62,2
T6,5,1,200,1
[113]
T1,0,0,51,4
T2,1,1,68,12
T3,2,1,195,2
T4,3,1,89,1
T5,4,0,72,3
T6,5,0,200,11
[114]
T1,0,0,78,2
T2,1,1,81,1
T3,2,0,112,2
T4,3,0,200,1
T5,4,0,192,25
T6,5,1,39,7
[115]
T1,0,1,128,5
T2,1,1,126,16
T3,2,1,25,2
T4,3,0,148,2
T5,4,1,200,24
T6,5,1,72,5
[116]
T1,0,0,102,17
T2,1,1,125,2
T3,2,0,84,6
T4,3,1,200,17
T5,4,1,170,8
T6,5,1,26,2
[117]
T1,0,0,20,3
T2,1,0,185,12
T3,2,0,96,3
T4,3,1,80,6
T5,4,0,62,2
T6,5,0,200,9
[118]
T1,0,0,105,1
T2,1,1,118,21
T3,2,0,45,2
T4,3,1,175,10
T5,4,0,200,20
T6,5,0,140,2
[119]
T1,0,0,200,1
T2,1,0,177,13
T3,2,0,100,2
T4,3,1,59,2
T5,4,1,85,22
T6,5,0,52,2
[120]
T1,0,1,90,10
T2,1,0,72,2
T3,2,0,200,27
T4,3,1,45,2
T5,4,1,150,6
T6,5,0,97,3
[121]
T1,0,0,81,1
T2,1,0,70,2
T3,2,1,200,11
T4,3,0,72,6
T5,4,1,24,1
T6,5,0,148,21
[122]
T1,0,0,60,2
T2,1,1,21,2
T3,2,1,200,16
T4,3,0,173,23
T5,4,0,140,9
T6,5,0,119,8
[123]
T1,0,1,132,5
T2,1,0,150,9
T3,2,0,42,2
T4,3,0,121,20
T5,4,1,200,6
T6,5,0,75,6
[124]
T1,0,0,110,20
T2,1,1,200,5
T3,2,1,132,16
T4,3,0,22,2
T5,4,0,69,1
T6,5,0,180,4
[125]
T1,0,1,156,15
T2,1,1,200,26
T3,2,0,101,1
T4,3,1,90,5
T5,4,1,30,1
T6,5,0,84,4
[126]
T1,0,0,82,2
T2,1,1,88,3
T3,2,1,195,8
T4,3,1,100,9
T5,4,0,200,8
T6,5,1,21,3
[127]
T1,0,1,99,7
T2,1,1,87,5
T3,2,0,29,1
T4,3,1,200,17
T5,4,1,156,19
T6,5,0,58,2
[128]
T1,0,0,88,5
T2,1,0,25,1
T3,2,0,65,4
T4,3,0,116,9
T5,4,0,200,1
T6,5,1,156,20
[129]
T1,0,0,175,4
T2,1,0,73,4
T3,2,1,72,14
T4,3,1,200,10
T5,4,0,50,1
T6,5,1,106,3
[130]
T1,0,1,28,1
T2,1,1,56,2
T3,2,1,165,14
T4,3,0,70,6
T5,4,0,200,23
T6,5,1,91,4
[131]
T1,0,0,120,4
T2,1,1,88,18
T3,2,0,25,1
T4,3,1,198,6
T5,4,1,76,2
T6,5,1,200,9
[132]
T1,0,1,75,2
T2,1,0,87,15
T3,2,0,200,19
T4,3,0,180,1
T5,4,0,80,4
T6,5,0,36,2
[133]
T1,0,1,115,27
T2,1,0,184,7
T3,2,0,200,1
T4,3,0,78,4
T5,4,1,135,4
T6,5,1,25,2
[134]
T1,0,0,135,15
T2,1,1,108,5
T3,2,1,60,6
T4,3,1,153,3
T5,4,1,36,1
T6,5,0,200,13
[135]
T1,0,1,95,2
T2,1,0,160,7
T3,2,1,200,9
T4,3,0,30,3
T5,4,0,62,5
T6,5,1,136,11
[136]
T1,0,0,60,4
T2,1,0,73,3
T3,2,0,200,4
T4,3,1,155,30
T5,4,0,49,2
T6,5,0,62,2
[137]
T1,0,0,122,4
T2,1,1,128,9
T3,2,1,78,5
T4,3,0,160,1
T5,4,1,200,3
T6,5,1,52,9
[138]
T1,0,1,152,2
T2,1,1,25,1
T3,2,1,200,5
T4,3,0,61,10
T5,4,0,65,2
T6,5,0,56,5
[139]
T1,0,0,145,10
T2,1,0,200,1
T3,2,0,180,28
T4,3,1,100,5
T5,4,1,22,1
T6,5,1,116,6
[140]
T1,0,1,190,2
T2,1,1,125,6
T3,2,0,200,12
T4,3,1,62,11
T5,4,1,97,3
T6,5,1,20,1
[141]
T1,0,1,200,19
T2,1,1,25,2
T3,2,0,120,6
T4,3,1,67,1
T5,4,0,77,15
T6,5,1,175,1
[142]
T1,0,1,176,2
T2,1,0,104,6
T3,2,1,200,37
T4,3,0,54,2
T5,4,1,140,10
T6,5,0,25,1
[143]
T1,0,0,172,5
T2,1,0,43,5
T3,2,0,84,1
T4,3,1,100,10
T5,4,1,200,1
T6,5,1,63,6
[144]
T1,0,0,168,2
T2,1,0,200,4
T3,2,0,54,8
T4,3,1,39,5
T5,4,0,117,2
T6,5,1,100,7
[145]
T1,0,1,122,3
T2,1,1,77,5
T3,2,1,54,4
T4,3,0,200,25
T5,4,0,122,2
T6,5,1,183,16
[146]
T1,0,1,99,2
T2,1,1,30,2
T3,2,0,70,1
T4,3,1,200,8
T5,4,1,102,23
T6,5,1,160,9
[147]
T1,0,0,29,2
T2,1,1,144,16
T3,2,1,100,1
T4,3,0,200,2
T5,4,1,131,13
T6,5,1,175,11
[148]
T1,0,1,188,2
T2,1,0,84,4
T3,2,1,63,1
T4,3,1,73,2
T5,4,1,45,3
T6,5,0,200,44
[149]
T1,0,1,200,10
T2,1,0,96,7
T3,2,1,77,6
T4,3,0,30,2
T5,4,1,139,16
T6,5,1,168,11
[150]
T1,0,0,161,8
T2,1,0,112,4
T3,2,0,200,3
T4,3,0,144,1
T5,4,1,147,30
T6,5,0,36,2
[151]
T1,0,1,30,1
T2,1,0,84,13
T3,2,1,200,2
T4,3,0,74,2
T5,4,0,185,25
T6,5,1,142,2
[152]
T1,0,1,160,6
T2,1,0,50,5
T3,2,0,85,1
T4,3,1,200,5
T5,4,1,128,2
T6,5,1,106,19
[153]
T1,0,0,49,1
T2,1,1,111,1
T3,2,1,198,4
T4,3,0,200,2
T5,4,1,84,23
T6,5,0,98,5
[154]
T1,0,1,125,7
T2,1,1,124,18
T3,2,1,28,1
T4,3,0,200,1
T5,4,1,186,17
T6,5,1,128,3
[155]
T1,0,1,162,17
T2,1,1,72,4
T3,2,0,63,4
T4,3,1,200,25
T5,4,1,28,2
T6,5,0,117,3
[156]
T1,0,1,130,2
T2,1,0,130,3
T3,2,0,36,2
T4,3,1,62,11
T5,4,0,200,10
T6,5,1,150,20
[157]
T1,0,0,175,2
T2,1,0,50,3
T3,2,0,80,5
T4,3,0,126,12
T5,4,1,200,29
T6,5,0,98,2
[158]
T1,0,1,200,9
T2,1,1,96,11
T3,2,1,50,4
T4,3,1,175,5
T5,4,0,136,10
T6,5,1,111,4
[159]
T1,0,1,33,2
T2,1,0,200,6
T3,2,0,76,1
T4,3,1,180,3
T5,4,0,132,10
T6,5,0,120,30
[160]
T1,0,1,200,3
T2,1,0,80,2
T3,2,1,195,43
T4,3,1,63,6
T5,4,1,42,1
T6,5,1,139,1
[161]
T1,0,0,178,7
T2,1,1,75,5
T3,2,1,100,9
T4,3,1,113,2
T5,4,0,48,7
T6,5,1,200,5
[162]
T1,0,0,200,3
T2,1,0,65,2
T3,2,0,39,2
T4,3,0,80,2
T5,4,0,72,14
T6,5,0,165,10
[163]
T1,0,1,85,2
T2,1,1,198,6
T3,2,0,44,8
T4,3,0,200,19
T5,4,1,100,4
T6,5,1,84,1
[164]
T1,0,1,60,2
T2,1,0,184,5
T3,2,0,57,4
T4,3,1,200,6
T5,4,1,24,3
T6,5,0,56,5
[165]
T1,0,1,200,40
T2,1,0,72,9
T3,2,0,96,2
T4,3,0,182,8
T5,4,0,30,2
T6,5,1,92,2
[166]
T1,0,1,57,3
T2,1,0,118,6
T3,2,0,200,21
T4,3,0,38,1
T5,4,1,99,13
T6,5,1,171,2
[167]
T1,0,0,200,2
T2,1,1,31,2
T3,2,1,112,5
T4,3,0,112,12
T5,4,0,86,2
T6,5,1,154,25
[168]
T1,0,0,150,3
T2,1,0,52,3
T3,2,0,72,2
T4,3,0,200,13
T5,4,0,128,24
T6,5,0,137,5
[169]
T1,0,1,88,13
T2,1,0,126,17
T3,2,1,56,2
T4,3,1,200,4
T5,4,1,188,6
T6,5,0,24,1
[170]
T1,0,1,112,2
T2,1,1,27,3
T3,2,1,200,5
T4,3,0,110,7
T5,4,0,154,4
T6,5,1,108,14
[171]
T1,0,1,132,6
T2,1,0,100,10
T3,2,0,22,3
T4,3,1,200,1
T5,4,1,117,6
T6,5,0,198,2
[172]
T1,0,0,142,13
T2,1,0,200,20
T3,2,1,95,7
T4,3,0,99,9
T5,4,0,48,2
T6,5,1,171,2
[173]
T1,0,1,30,2
T2,1,1,114,2
T3,2,0,200,51
T4,3,0,145,8
T5,4,1,54,2
T6,5,1,174,9
[174]
T1,0,1,60,1
T2,1,1,78,7
T3,2,1,200,16
T4,3,1,20,1
T5,4,0,164,1
T6,5,0,87,10
[175]
T1,0,1,36,2
T2,1,1,143,2
T3,2,0,200,34
T4,3,0,156,2
T5,4,0,109,3
T6,5,0,75,7
[176]
T1,0,1,64,2
T2,1,1,109,2
T3,2,1,60,7
T4,3,1,48,8
T5,4,1,200,7
T6,5,1,185,8
[177]
T1,0,0,24,1
T2,1,1,129,2
T3,2,0,87,2
T4,3,1,190,4
T5,4,1,80,1
T6,5,0,200,52
[178]
T1,0,1,140,14
T2,1,1,130,9
T3,2,0,133,2
T4,3,1,21,1
T5,4,1,192,22
T6,5,0,200,5
[179]
T1,0,0,20,2
T2,1,1,105,3
T3,2,0,120,24
T4,3,0,200,13
T5,4,0,190,13
T6,5,1,100,2
[180]
T1,0,0,200,15
T2,1,0,119,1
T3,2,0,195,28
T4,3,0,140,2
T5,4,1,84,11
T6,5,1,21,2
[181]
T1,0,0,120,4
T2,1,1,102,1
T3,2,0,158,13
T4,3,1,51,6
T5,4,1,200,16
T6,5,0,88,4
[182]
T1,0,1,70,8
T2,1,1,200,28
T3,2,1,147,5
T4,3,1,68,2
T5,4,1,120,5
T6,5,1,25,1
[183]
T1,0,0,84,2
T2,1,0,165,7
T3,2,0,84,9
T4,3,0,25,2
T5,4,1,200,3
T6,5,0,57,9
[184]
T1,0,1,29,2
T2,1,1,63,6
T3,2,1,180,14
T4,3,1,140,2
T5,4,1,200,10
T6,5,1,84,5
[185]
T1,0,1,150,11
T2,1,1,22,1
T3,2,0,120,10
T4,3,1,118,10
T5,4,1,143,3
T6,5,1,200,10
[186]
T1,0,1,68,7
T2,1,0,200,17
T3,2,1,192,10
T4,3,0,89,4
T5,4,1,45,1
T6,5,0,75,3
[187]
T1,0,1,200,2
T2,1,0,30,2
T3,2,0,171,3
T4,3,1,121,2
T5,4,0,92,17
T6,5,0,60,11
[188]
T1,0,1,45,2
T2,1,0,200,5
T3,2,0,84,11
T4,3,1,112,2
T5,4,1,198,5
T6,5,0,133,22
[189]
T1,0,0,48,2
T2,1,1,200,18
T3,2,1,113,7
T4,3,0,108,7
T5,4,1,111,2
T6,5,1,160,17
[190]
T1,0,0,159,2
T2,1,1,40,2
T3,2,1,100,3
T4,3,0,131,22
T5,4,0,200,3
T6,5,1,55,7
[191]
T1,0,1,76,3
T2,1,0,76,2
T3,2,1,37,2
T4,3,1,200,12
T5,4,1,185,7
T6,5,1,74,17
[192]
T1,0,1,141,4
T2,1,1,86,3
T3,2,0,34,2
T4,3,1,85,24
T5,4,0,170,2
T6,5,0,200,2
[193]
T1,0,0,105,26
T2,1,1,200,2
T3,2,0,180,5
T4,3,1,50,2
T5,4,1,81,5
T6,5,1,104,3
[194]
T1,0,1,60,2
T2,1,1,200,27
T3,2,1,88,12
T4,3,0,139,3
T5,4,0,35,2
T6,5,0,154,10
[195]
T1,0,0,90,13
T2,1,0,108,2
T3,2,0,102,5
T4,3,0,33,2
T5,4,1,200,15
T6,5,0,168,17
[196]
T1,0,0,100,7
T2,1,1,200,17
T3,2,1,22,1
T4,3,1,108,11
T5,4,1,162,4
T6,5,1,135,2
[197]
T1,0,1,129,4
T2,1,0,91,6
T3,2,1,156,2
T4,3,1,110,17
T5,4,1,200,11
T6,5,0,40,2
[198]
T1,0,0,105,4
T2,1,1,155,14
T3,2,1,28,1
T4,3,1,80,2
T5,4,0,200,12
T6,5,1,96,11
[199]
T1,0,0,140,11
T2,1,0,24,2
T3,2,0,200,4
T4,3,1,159,10
T5,4,0,111,5
T6,5,1,84,5
[200]
T1,0,0,69,10
T2,1,1,64,2
T3,2,1,116,6
T4,3,1,200,23
T5,4,1,175,4
T6,5,0,28,2
[201]
T1,0,1,200,4
T2,1,0,143,2
T3,2,0,120,12
T4,3,0,192,31
T5,4,1,44,2
T6,5,1,88,3
[202]
T1,0,0,175,1
T2,1,0,200,2
T3,2,1,144,10
T4,3,0,107,9
T5,4,1,36,1
T6,5,1,93,16
[203]
T1,0,0,56,1
T2,1,0,45,5
T3,2,1,106,12
T4,3,1,133,12
T5,4,1,200,2
T6,5,1,175,7
[204]
T1,0,0,104,4
T2,1,0,126,4
T3,2,1,68,11
T4,3,0,200,5
T5,4,0,160,18
T6,5,1,26,2
[205]
T1,0,1,136,1
T2,1,1,25,2
T3,2,0,118,2
T4,3,0,175,31
T5,4,0,125,8
T6,5,0,200,1
[206]
T1,0,0,33,2
T2,1,1,129,2
T3,2,0,68,2
T4,3,0,200,24
T5,4,0,55,5
T6,5,1,180,16
[207]
T1,0,0,150,2
T2,1,0,200,8
T3,2,1,144,3
T4,3,0,39,5
T5,4,1,104,11
T6,5,0,130,9
[208]
T1,0,0,100,2
T2,1,1,115,9
T3,2,0,200,11
T4,3,0,113,20
T5,4,0,175,1
T6,5,1,48,1
[209]
T1,0,0,64,10
T2,1,0,63,3
T3,2,0,36,2
T4,3,0,200,10
T5,4,0,152,8
T6,5,0,72,3
[210]
T1,0,0,110,2
T2,1,0,47,4
T3,2,0,80,3
T4,3,0,200,8
T5,4,0,94,17
T6,5,0,170,4
[211]
T1,0,1,200,2
T2,1,1,100,10
T3,2,1,189,9
T4,3,1,123,9
T5,4,0,42,2
T6,5,1,136,12
[212]
T1,0,1,200,1
T2,1,0,37,2
T3,2,1,185,28
T4,3,1,76,3
T5,4,1,105,16
T6,5,0,60,1
[213]
T1,0,1,180,16
T2,1,0,200,4
T3,2,1,88,8
T4,3,1,108,2
T5,4,1,45,3
T6,5,1,129,13
[214]
T1,0,1,100,2
T2,1,0,111,21
T3,2,0,24,1
T4,3,1,135,2
T5,4,1,195,8
T6,5,0,200,17
[215]
T1,0,0,168,28
T2,1,0,200,2
T3,2,0,42,2
T4,3,1,130,10
T5,4,1,104,3
T6,5,0,102,10
[216]
T1,0,0,168,19
T2,1,1,30,1
T3,2,0,200,6
T4,3,0,68,10
T5,4,0,87,3
T6,5,1,91,2
[217]
T1,0,1,115,2
T2,1,1,192,16
T3,2,1,200,1
T4,3,1,32,3
T5,4,1,141,10
T6,5,0,90,8
[218]
T1,0,0,102,2
T2,1,1,124,1
T3,2,0,56,11
T4,3,1,175,27
T5,4,1,200,2
T6,5,0,45,1
[219]
T1,0,0,200,2
T2,1,1,93,1
T3,2,1,82,1
T4,3,1,20,2
T5,4,1,186,58
T6,5,0,66,1
[220]
T1,0,0,91,3
T2,1,1,45,4
T3,2,1,144,10
T4,3,1,160,27
T5,4,0,99,1
T6,5,0,200,4
[221]
T1,0,1,102,8
T2,1,0,24,2
T3,2,0,54,2
T4,3,0,57,2
T5,4,0,200,55
T6,5,0,171,1
[222]
T1,0,0,156,4
T2,1,1,50,1
T3,2,0,136,5
T4,3,0,200,11
T5,4,1,75,6
T6,5,1,72,10
[223]
T1,0,0,25,1
T2,1,1,140,9
T3,2,1,200,2
T4,3,0,71,7
T5,4,0,150,14
T6,5,0,79,4
[224]
T1,0,0,84,3
T2,1,0,42,2
T3,2,0,200,2
T4,3,0,69,8
T5,4,0,175,14
T6,5,0,57,7
[225]
T1,0,1,20,2
T2,1,1,62,5
T3,2,0,200,10
T4,3,1,99,4
T5,4,0,62,4
T6,5,0,162,17
[226]
T1,0,1,90,2
T2,1,1,42,5
T3,2,1,134,6
T4,3,1,189,2
T5,4,1,200,16
T6,5,0,108,12
[227]
T1,0,1,69,2
T2,1,0,68,12
T3,2,1,149,11
T4,3,1,25,1
T5,4,0,200,2
T6,5,1,136,8
[228]
T1,0,1,196,3
T2,1,1,200,6
T3,2,1,25,2
T4,3,0,89,14
T5,4,1,67,4
T6,5,1,100,3
[229]
T1,0,1,60,5
T2,1,0,60,3
T3,2,0,175,2
T4,3,1,83,8
T5,4,0,37,1
T6,5,0,200,18
[230]
T1,0,0,75,3
T2,1,1,25,1
T3,2,0,79,2
T4,3,0,100,3
T5,4,1,156,29
T6,5,0,200,11
[231]
T1,0,1,79,3
T2,1,1,132,4
T3,2,0,200,46
T4,3,1,165,2
T5,4,1,24,1
T6,5,0,140,5
[232]
T1,0,1,84,9
T2,1,0,40,2
T3,2,0,200,11
T4,3,0,103,5
T5,4,1,155,23
T6,5,1,75,2
[233]
T1,0,1,78,2
T2,1,0,200,3
T3,2,0,42,3
T4,3,0,90,2
T5,4,1,150,5
T6,5,0,105,20
[234]
T1,0,1,55,14
T2,1,0,175,2
T3,2,0,55,1
T4,3,1,200,9
T5,4,0,35,2
T6,5,0,126,3
[235]
T1,0,1,200,7
T2,1,1,140,2
T3,2,1,81,6
T4,3,1,28,3
T5,4,0,175,26
T6,5,1,142,3
[236]
T1,0,0,84,16
T2,1,0,110,10
T3,2,0,182,2
T4,3,1,200,3
T5,4,1,86,2
T6,5,0,42,1
[237]
T1,0,0,135,3
T2,1,1,200,3
T3,2,0,77,1
T4,3,1,22,2
T5,4,0,165,2
T6,5,1,60,18
[238]
T1,0,1,80,10
T2,1,0,20,2
T3,2,0,200,4
T4,3,1,182,3
T5,4,0,102,9
T6,5,1,78,10
[239]
T1,0,1,170,15
T2,1,0,90,5
T3,2,0,200,5
T4,3,1,54,4
T5,4,1,133,1
T6,5,0,21,2
[240]
T1,0,1,89,3
T2,1,0,200,20
T3,2,0,56,3
T4,3,1,42,5
T5,4,1,168,7
T6,5,0,107,1
[241]
T1,0,0,200,1
T2,1,0,55,9
T3,2,1,104,5
T4,3,1,27,2
T5,4,0,165,28
T6,5,1,80,2
[242]
T1,0,1,36,1
T2,1,1,174,41
T3,2,1,200,18
T4,3,1,55,2
T5,4,0,138,2
T6,5,1,72,2
[243]
T1,0,0,168,1
T2,1,0,143,5
T3,2,1,200,7
T4,3,1,20,2
T5,4,1,140,17
T6,5,1,69,10
[244]
T1,0,1,40,2
T2,1,1,200,12
T3,2,1,94,6
T4,3,0,178,11
T5,4,1,94,2
T6,5,0,54,8
[245]
T1,0,1,132,2
T2,1,1,176,15
T3,2,1,200,24
T4,3,1,36,2
T5,4,1,140,13
T6,5,0,77,1
[246]
T1,0,1,200,3
T2,1,1,64,4
T3,2,1,70,3
T4,3,0,51,8
T5,4,0,168,7
T6,5,1,57,2
[247]
T1,0,0,150,9
T2,1,1,200,9
T3,2,0,98,5
T4,3,1,28,2
T5,4,0,136,18
T6,5,0,92,1
[248]
T1,0,0,21,2
T2,1,1,156,20
T3,2,0,200,4
T4,3,1,105,1
T5,4,0,140,29
T6,5,1,136,1
[249]
T1,0,1,76,2
T2,1,0,76,13
T3,2,1,200,2
T4,3,1,28,1
T5,4,0,104,1
T6,5,1,165,17
[250]
T1,0,1,95,7
T2,1,1,110,8
T3,2,1,80,2
T4,3,1,48,5
T5,4,1,175,18
T6,5,0,200,6
[251]
T1,0,0,142,28
T2,1,0,200,5
T3,2,1,105,1
T4,3,0,100,13
T5,4,0,35,2
T6,5,0,175,2
[252]
T1,0,1,64,2
T2,1,0,200,2
T3,2,0,160,7
T4,3,1,80,7
T5,4,1,44,8
T6,5,0,143,2
[253]
T1,0,0,60,13
T2,1,0,107,2
T3,2,0,36,3
T4,3,0,88,2
T5,4,1,185,2
T6,5,1,200,4
[254]
T1,0,1,25,2
T2,1,0,165,4
T3,2,1,59,2
T4,3,0,88,15
T5,4,0,200,9
T6,5,1,104,13
[255]
T1,0,0,135,2
T2,1,0,82,2
T3,2,0,141,6
T4,3,0,48,9
T5,4,1,200,5
T6,5,1,180,12
[256]
T1,0,0,115,3
T2,1,0,150,6
T3,2,0,132,10
T4,3,1,91,2
T5,4,1,35,2
T6,5,0,200,29
[257]
T1,0,1,97,11
T2,1,1,77,2
T3,2,0,133,10
T4,3,1,190,13
T5,4,1,21,2
T6,5,1,200,16
[258]
T1,0,1,154,19
T2,1,0,21,1
T3,2,1,60,2
T4,3,0,200,20
T5,4,0,100,5
T6,5,0,94,3
[259]
T1,0,0,93,1
T2,1,0,66,1
T3,2,0,200,30
T4,3,1,26,2
T5,4,1,135,19
T6,5,0,156,9
[260]
T1,0,0,168,6
T2,1,1,126,2
T3,2,1,103,3
T4,3,1,34,4
T5,4,1,200,6
T6,5,0,60,9
[261]
T1,0,1,50,2
T2,1,1,69,4
T3,2,0,55,5
T4,3,1,130,25
T5,4,1,180,3
T6,5,0,200,2
[262]
T1,0,1,160,37
T2,1,0,133,1
T3,2,0,132,6
T4,3,0,132,3
T5,4,0,200,12
T6,5,0,45,2
[263]
T1,0,0,44,2
T2,1,0,150,14
T3,2,1,200,2
T4,3,1,99,10
T5,4,1,55,8
T6,5,0,103,4
[264]
T1,0,0,174,2
T2,1,1,200,3
T3,2,1,115,5
T4,3,0,75,12
T5,4,0,24,1
T6,5,0,142,13
[265]
T1,0,1,127,2
T2,1,0,94,2
T3,2,1,200,2
T4,3,1,168,13
T5,4,1,32,2
T6,5,1,105,24
[266]
T1,0,0,195,26
T2,1,1,200,7
T3,2,1,33,2
T4,3,1,111,8
T5,4,1,88,10
T6,5,0,56,2
[267]
T1,0,0,63,8
T2,1,1,200,14
T3,2,0,132,2
T4,3,0,176,12
T5,4,0,63,4
T6,5,0,44,1
[268]
T1,0,1,160,12
T2,1,1,130,33
T3,2,1,106,1
T4,3,1,29,2
T5,4,1,200,6
T6,5,1,120,2
[269]
T1,0,1,79,12
T2,1,1,164,3
T3,2,0,25,2
T4,3,0,56,4
T5,4,0,80,6
T6,5,1,200,8
[270]
T1,0,0,168,1
T2,1,0,82,3
T3,2,1,97,6
T4,3,0,42,6
T5,4,1,84,6
T6,5,0,200,7
[271]
T1,0,0,143,1
T2,1,0,25,2
T3,2,0,79,2
T4,3,1,79,18
T5,4,1,200,1
T6,5,1,172,2
[272]
T1,0,0,48,7
T2,1,1,195,16
T3,2,0,137,13
T4,3,0,104,2
T5,4,1,140,2
T6,5,1,200,5
[273]
T1,0,0,170,8
T2,1,0,101,2
T3,2,1,120,19
T4,3,1,42,2
T5,4,0,200,15
T6,5,1,100,4
[274]
T1,0,1,36,3
T2,1,0,200,10
T3,2,0,150,6
T4,3,1,132,2
T5,4,1,110,14
T6,5,0,65,2
[275]
T1,0,1,200,6
T2,1,1,33,5
T3,2,0,132,12
T4,3,1,102,2
T5,4,1,90,5
T6,5,0,188,4
[276]
T1,0,1,200,12
T2,1,0,183,15
T3,2,1,60,4
T4,3,0,20,2
T5,4,0,114,2
T6,5,0,63,6
[277]
T1,0,1,135,3
T2,1,1,200,3
T3,2,1,150,31
T4,3,1,39,4
T5,4,1,95,2
T6,5,1,96,2
[278]
T1,0,1,200,29
T2,1,1,122,6
T3,2,1,160,7
T4,3,1,34,1
T5,4,0,62,6
T6,5,1,62,1
[279]
T1,0,1,60,5
T2,1,0,200,17
T3,2,0,20,2
T4,3,0,190,18
T5,4,1,81,4
T6,5,0,132,7
[280]
T1,0,0,65,4
T2,1,0,176,19
T3,2,0,200,1
T4,3,1,72,5
T5,4,1,64,2
T6,5,0,24,3
[281]
T1,0,0,48,4
T2,1,0,80,2
T3,2,1,176,2
T4,3,0,200,8
T5,4,1,105,1
T6,5,0,135,32
[282]
T1,0,1,86,2
T2,1,1,138,6
T3,2,0,46,8
T4,3,0,172,2
T5,4,1,115,15
T6,5,1,200,2
[283]
T1,0,1,165,16
T2,1,1,140,2
T3,2,1,90,6
T4,3,0,25,1
T5,4,0,104,3
T6,5,1,200,26
[284]
T1,0,1,45,9
T2,1,1,86,9
T3,2,1,200,2
T4,3,1,120,1
T5,4,0,142,2
T6,5,0,168,10
[285]
T1,0,0,200,22
T2,1,0,60,9
T3,2,0,145,6
T4,3,1,57,2
T5,4,0,150,1
T6,5,0,25,1
[286]
T1,0,0,99,8
T2,1,0,45,4
T3,2,0,102,3
T4,3,1,192,23
T5,4,0,75,1
T6,5,0,200,7
[287]
T1,0,0,78,9
T2,1,1,200,1
T3,2,1,186,23
T4,3,1,65,1
T5,4,0,125,9
T6,5,0,48,1
[288]
T1,0,0,102,8
T2,1,1,106,1
T3,2,1,200,3
T4,3,0,150,3
T5,4,0,70,15
T6,5,0,30,1
[289]
T1,0,1,170,18
T2,1,0,88,7
T3,2,1,120,12
T4,3,1,45,1
T5,4,1,132,9
T6,5,1,200,1
[290]
T1,0,1,132,1
T2,1,0,176,18
T3,2,1,143,9
T4,3,1,200,34
T5,4,0,105,2
T6,5,0,49,2
[291]
T1,0,1,70,7
T2,1,1,160,2
T3,2,0,79,9
T4,3,1,200,24
T5,4,1,32,2
T6,5,1,89,3
[292]
T1,0,0,39,2
T2,1,1,95,3
T3,2,0,195,4
T4,3,0,133,13
T5,4,1,96,16
T6,5,0,200,9
[293]
T1,0,0,176,18
T2,1,1,80,9
T3,2,0,120,2
T4,3,1,99,1
T5,4,1,200,10
T6,5,1,27,3
[294]
T1,0,1,188,3
T2,1,1,139,1
T3,2,1,200,5
T4,3,1,68,3
T5,4,0,94,19
T6,5,1,50,4
[295]
T1,0,1,200,10
T2,1,0,48,2
T3,2,1,92,1
T4,3,0,184,6
T5,4,1,124,35
T6,5,1,86,2
[296]
T1,0,1,100,6
T2,1,1,160,6
T3,2,0,75,1
T4,3,1,51,2
T5,4,0,200,29
T6,5,0,70,8
[297]
T1,0,0,78,2
T2,1,1,200,18
T3,2,1,195,3
T4,3,0,124,3
T5,4,0,31,1
T6,5,1,102,19
[298]
T1,0,1,116,9
T2,1,1,25,2
T3,2,1,171,3
T4,3,1,200,16
T5,4,0,130,14
T6,5,1,90,7
[299]
T1,0,1,200,35
T2,1,0,100,3
T3,2,0,148,8
T4,3,1,131,4
T5,4,0,50,4
T6,5,1,78,2
[300]
T1,0,1,150,8
T2,1,0,37,1
T3,2,1,88,5
T4,3,0,200,20
T5,4,1,60,1
T6,5,1,77,9
[301]
T1,0,0,50,5
T2,1,1,182,9
T3,2,1,200,1
T4,3,1,72,11
T5,4,0,98,4
T6,5,0,140,3
[302]
T1,0,0,124,2
T2,1,0,81,16
T3,2,0,37,2
T4,3,0,180,1
T5,4,1,200,23
T6,5,1,54,2
[303]
T1,0,1,75,2
T2,1,0,21,2
T3,2,1,193,5
T4,3,1,200,9
T5,4,1,79,11
T6,5,0,70,7
[304]
T1,0,0,200,3
T2,1,1,75,4
T3,2,1,196,27
T4,3,1,55,5
T5,4,1,147,8
T6,5,1,40,2
[305]
T1,0,1,190,16
T2,1,0,58,9
T3,2,1,20,1
T4,3,0,115,2
T5,4,1,57,5
T6,5,0,200,2
[306]
T1,0,0,90,9
T2,1,0,39,1
T3,2,1,195,20
T4,3,0,131,3
T5,4,1,75,5
T6,5,1,200,13
[307]
T1,0,0,44,3
T2,1,0,94,2
T3,2,1,200,13
T4,3,0,86,1
T5,4,0,86,2
T6,5,0,198,40
[308]
T1,0,1,175,11
T2,1,0,21,1
T3,2,0,70,6
T4,3,1,138,7
T5,4,1,200,4
T6,5,1,84,7
[309]
T1,0,0,93,1
T2,1,0,200,20
T3,2,0,24,2
T4,3,1,106,13
T5,4,1,86,3
T6,5,1,155,14
[310]
T1,0,1,160,40
T2,1,0,90,4
T3,2,0,34,2
T4,3,1,144,2
T5,4,0,200,6
T6,5,1,79,3
[311]
T1,0,0,200,2
T2,1,1,185,29
T3,2,0,55,2
T4,3,0,91,3
T5,4,1,25,3
T6,5,0,90,2
[312]
T1,0,1,165,16
T2,1,0,72,2
T3,2,1,74,6
T4,3,0,200,32
T5,4,0,128,2
T6,5,1,40,1
[313]
T1,0,1,180,34
T2,1,1,200,11
T3,2,1,92,1
T4,3,1,39,2
T5,4,0,65,2
T6,5,0,84,5
[314]
T1,0,1,50,3
T2,1,0,92,20
T3,2,1,112,2
T4,3,0,150,2
T5,4,1,120,4
T6,5,1,200,12
[315]
T1,0,1,28,2
T2,1,0,70,8
T3,2,1,200,15
T4,3,0,127,4
T5,4,0,184,6
T6,5,1,130,14
[316]
T1,0,0,60,5
T2,1,0,129,5
T3,2,1,200,5
T4,3,1,186,33
T5,4,0,30,1
T6,5,1,72,1
[317]
T1,0,1,200,7
T2,1,0,45,1
T3,2,0,95,9
T4,3,1,150,2
T5,4,0,144,27
T6,5,1,65,1
[318]
T1,0,0,165,23
T2,1,0,200,1
T3,2,1,72,2
T4,3,1,136,3
T5,4,1,45,4
T6,5,0,105,9
[319]
T1,0,0,123,3
T2,1,1,97,7
T3,2,0,200,45
T4,3,1,160,9
T5,4,1,110,2
T6,5,1,40,2
[320]
T1,0,1,32,3
T2,1,1,90,14
T3,2,0,200,22
T4,3,0,65,2
T5,4,1,128,2
T6,5,1,160,1
[321]
T1,0,0,200,21
T2,1,0,77,9
T3,2,0,42,2
T4,3,0,88,2
T5,4,0,150,4
T6,5,0,64,6
[322]
T1,0,1,180,21
T2,1,1,54,6
T3,2,1,86,2
T4,3,0,200,7
T5,4,1,21,1
T6,5,1,117,4
[323]
T1,0,1,56,7
T2,1,1,75,1
T3,2,0,198,2
T4,3,0,200,2
T5,4,1,60,12
T6,5,0,50,1
[324]
T1,0,1,200,4
T2,1,1,145,5
T3,2,0,156,25
T4,3,1,66,3
T5,4,1,75,8
T6,5,1,21,2
[325]
T1,0,0,165,21
T2,1,1,96,2
T3,2,0,142,15
T4,3,0,200,17
T5,4,0,135,3
T6,5,0,36,2
[326]
T1,0,0,200,1
T2,1,1,86,1
T3,2,0,120,7
T4,3,0,42,3
T5,4,1,171,25
T6,5,1,63,5
[327]
T1,0,0,57,4
T2,1,0,49,2
T3,2,0,87,3
T4,3,1,200,26
T5,4,1,150,3
T6,5,0,116,11
[328]
T1,0,1,122,1
T2,1,0,144,7
T3,2,0,200,31
T4,3,0,48,2
T5,4,0,150,11
T6,5,0,121,5
[329]
T1,0,1,90,11
T2,1,0,186,4
T3,2,0,93,4
T4,3,0,35,4
T5,4,1,200,11
T6,5,0,116,2
[330]
T1,0,1,26,2
T2,1,0,200,2
T3,2,1,120,16
T4,3,0,64,6
T5,4,0,169,5
T6,5,0,105,1
[331]
T1,0,0,80,9
T2,1,1,109,8
T3,2,1,200,6
T4,3,1,64,9
T5,4,1,150,2
T6,5,0,24,2
[332]
T1,0,1,65,4
T2,1,0,180,6
T3,2,0,200,5
T4,3,0,40,6
T5,4,1,94,2
T6,5,0,74,7
[333]
T1,0,1,128,12
T2,1,0,159,1
T3,2,0,50,1
T4,3,1,200,4
T5,4,0,112,9
T6,5,0,75,11
[334]
T1,0,1,200,2
T2,1,0,115,17
T3,2,0,184,13
T4,3,1,25,2
T5,4,0,82,4
T6,5,0,90,2
[335]
T1,0,0,75,2
T2,1,0,200,16
T3,2,0,110,7
T4,3,1,165,14
T5,4,0,35,1
T6,5,1,93,11
[336]
T1,0,0,30,3
T2,1,1,200,34
T3,2,0,139,7
T4,3,0,150,5
T5,4,1,101,1
T6,5,0,112,2
[337]
T1,0,0,81,6
T2,1,1,108,11
T3,2,0,176,10
T4,3,1,72,4
T5,4,0,45,2
T6,5,1,200,5
[338]
T1,0,1,87,6
T2,1,1,165,7
T3,2,1,68,2
T4,3,0,40,6
T5,4,0,110,4
T6,5,1,200,6
[339]
T1,0,0,132,6
T2,1,0,140,12
T3,2,1,30,2
T4,3,1,123,9
T5,4,0,147,23
T6,5,0,200,1
[340]
T1,0,0,122,5
T2,1,1,200,16
T3,2,1,50,2
T4,3,1,160,2
T5,4,1,100,18
T6,5,1,120,2
[341]
T1,0,1,35,2
T2,1,0,108,23
T3,2,0,200,10
T4,3,0,198,4
T5,4,1,61,4
T6,5,0,80,2
[342]
T1,0,1,90,12
T2,1,0,28,4
T3,2,1,66,1
T4,3,0,200,2
T5,4,0,145,2
T6,5,1,154,10
[343]
T1,0,0,190,1
T2,1,1,200,34
T3,2,1,80,2
T4,3,0,66,1
T5,4,0,118,16
T6,5,0,32,1
[344]
T1,0,1,42,5
T2,1,0,154,6
T3,2,0,66,3
T4,3,0,126,3
T5,4,0,112,13
T6,5,1,200,3
[345]
T1,0,1,136,3
T2,1,0,135,7
T3,2,1,200,8
T4,3,1,189,14
T5,4,0,60,8
T6,5,0,20,1
[346]
T1,0,1,56,1
T2,1,0,100,13
T3,2,1,200,15
T4,3,0,50,4
T5,4,1,80,2
T6,5,0,179,10
[347]
T1,0,1,52,3
T2,1,0,72,3
T3,2,1,200,6
T4,3,0,55,5
T5,4,1,186,16
T6,5,0,100,6
[348]
T1,0,1,200,14
T2,1,1,135,19
T3,2,0,27,2
T4,3,0,81,4
T5,4,0,159,8
T6,5,0,71,4
[349]
T1,0,1,150,8
T2,1,0,117,2
T3,2,0,115,18
T4,3,0,40,1
T5,4,1,200,19
T6,5,0,119,3
[350]
T1,0,0,168,11
T2,1,0,55,5
T3,2,1,110,8
T4,3,0,200,14
T5,4,1,96,7
T6,5,1,30,2
[351]
T1,0,0,133,14
T2,1,0,32,5
T3,2,0,108,2
T4,3,1,80,4
T5,4,0,190,10
T6,5,1,200,3
[352]
T1,0,0,168,2
T2,1,1,71,7
T3,2,1,60,7
T4,3,1,200,4
T5,4,1,48,2
T6,5,0,134,11
[353]
T1,0,1,35,2
T2,1,0,200,2
T3,2,1,121,19
T4,3,0,55,2
T5,4,0,126,5
T6,5,0,160,28
[354]
T1,0,1,51,7
T2,1,1,113,2
T3,2,0,90,6
T4,3,0,200,15
T5,4,1,125,9
T6,5,1,180,4
[355]
T1,0,1,84,8
T2,1,1,30,6
T3,2,1,133,2
T4,3,0,200,2
T5,4,0,168,8
T6,5,1,85,2
[356]
T1,0,1,90,2
T2,1,0,25,4
T3,2,0,200,17
T4,3,1,176,3
T5,4,1,117,1
T6,5,1,88,6
[357]
T1,0,0,135,4
T2,1,0,124,2
T3,2,0,116,15
T4,3,1,160,17
T5,4,0,200,24
T6,5,0,25,2
[358]
T1,0,0,200,23
T2,1,0,22,2
T3,2,1,150,2
T4,3,0,63,2
T5,4,0,63,6
T6,5,0,126,13
[359]
T1,0,0,40,2
T2,1,0,54,2
T3,2,1,175,2
T4,3,0,200,46
T5,4,0,96,3
T6,5,1,95,2
[360]
T1,0,0,132,15
T2,1,0,200,27
T3,2,0,20,2
T4,3,0,95,4
T5,4,0,125,2
T6,5,0,156,10
[361]
T1,0,1,200,6
T2,1,0,39,1
T3,2,1,104,12
T4,3,0,198,8
T5,4,1,72,2
T6,5,0,71,9
[362]
T1,0,1,136,18
T2,1,0,200,5
T3,2,0,87,8
T4,3,1,50,2
T5,4,0,136,18
T6,5,1,162,1
[363]
T1,0,1,168,6
T2,1,0,36,3
T3,2,0,104,10
T4,3,1,200,7
T5,4,1,72,3
T6,5,1,96,6
[364]
T1,0,1,78,9
T2,1,1,100,18
T3,2,1,192,12
T4,3,1,200,1
T5,4,0,80,1
T6,5,0,33,2
[365]
T1,0,1,200,11
T2,1,1,108,11
T3,2,1,120,1
T4,3,0,85,4
T5,4,0,175,7
T6,5,1,39,4
[366]
T1,0,1,112,1
T2,1,1,200,24
T3,2,1,84,3
T4,3,1,77,2
T5,4,0,25,4
T6,5,1,178,4
[367]
T1,0,1,67,2
T2,1,1,195,31
T3,2,0,63,2
T4,3,1,42,6
T5,4,1,200,2
T6,5,1,56,1
[368]
T1,0,1,145,1
T2,1,0,200,30
T3,2,0,198,19
T4,3,0,48,5
T5,4,0,57,2
T6,5,0,100,1
[369]
T1,0,1,25,5
T2,1,1,149,1
T3,2,0,200,1
T4,3,0,140,4
T5,4,0,131,9
T6,5,1,84,4
[370]
T1,0,0,77,3
T2,1,1,200,3
T3,2,1,176,11
T4,3,0,23,1
T5,4,0,138,21
T6,5,0,100,3
[371]
T1,0,0,34,2
T2,1,1,200,11
T3,2,1,154,12
T4,3,0,84,3
T5,4,1,110,5
T6,5,0,108,9
[372]
T1,0,1,120,3
T2,1,0,28,2
T3,2,1,198,9
T4,3,1,70,9
T5,4,1,110,9
T6,5,1,200,4
[373]
T1,0,1,74,2
T2,1,0,138,7
T3,2,1,200,7
T4,3,0,150,2
T5,4,0,95,1
T6,5,0,50,13
[374]
T1,0,0,45,1
T2,1,1,74,4
T3,2,0,80,2
T4,3,1,82,15
T5,4,1,200,12
T6,5,0,192,3
[375]
T1,0,1,87,2
T2,1,1,23,3
T3,2,0,140,15
T4,3,1,105,3
T5,4,1,200,3
T6,5,0,189,17
[376]
T1,0,0,189,4
T2,1,0,95,3
T3,2,1,144,1
T4,3,0,200,2
T5,4,1,132,26
T6,5,0,21,2
[377]
T1,0,1,63,9
T2,1,0,86,2
T3,2,1,160,14
T4,3,1,200,2
T5,4,0,38,1
T6,5,0,76,5
[378]
T1,0,0,89,4
T2,1,0,31,2
T3,2,0,180,10
T4,3,0,140,8
T5,4,0,75,4
T6,5,1,200,33
[379]
T1,0,1,171,13
T2,1,1,74,9
T3,2,0,45,3
T4,3,0,104,4
T5,4,0,60,4
T6,5,0,200,2
[380]
T1,0,0,190,4
T2,1,0,200,26
T3,2,0,91,6
T4,3,0,112,3
T5,4,0,111,4
T6,5,1,40,3
[381]
T1,0,0,200,16
T2,1,0,25,2
T3,2,0,90,4
T4,3,1,101,5
T5,4,0,77,8
T6,5,1,160,2
[382]
T1,0,1,152,4
T2,1,0,112,4
T3,2,0,48,6
T4,3,1,84,1
T5,4,0,200,15
T6,5,0,118,12
[383]
T1,0,1,72,3
T2,1,0,171,7
T3,2,1,40,5
T4,3,0,56,7
T5,4,0,145,2
T6,5,0,200,4
[384]
T1,0,0,48,5
T2,1,1,78,6
T3,2,0,60,5
T4,3,0,134,5
T5,4,1,200,5
T6,5,1,152,8
[385]
T1,0,1,110,15
T2,1,0,200,15
T3,2,1,177,8
T4,3,0,50,2
T5,4,1,59,3
T6,5,1,112,7
[386]
T1,0,0,200,18
T2,1,1,23,3
T3,2,0,123,4
T4,3,1,150,8
T5,4,0,142,10
T6,5,1,115,2
[387]
T1,0,0,148,15
T2,1,1,70,8
T3,2,0,200,1
T4,3,0,20,2
T5,4,1,128,6
T6,5,1,82,7
[388]
T1,0,0,51,2
T2,1,1,136,5
T3,2,0,200,2
T4,3,1,186,20
T5,4,0,62,12
T6,5,1,86,2
[389]
T1,0,1,155,2
T2,1,0,124,2
T3,2,0,64,2
T4,3,1,200,22
T5,4,0,26,3
T6,5,0,70,8
[390]
T1,0,1,169,18
T2,1,0,140,7
T3,2,0,40,3
T4,3,1,78,2
T5,4,1,100,4
T6,5,1,200,18
[391]
T1,0,1,94,2
T2,1,0,200,9
T3,2,1,66,10
T4,3,0,168,21
T5,4,1,95,2
T6,5,1,25,2
[392]
T1,0,0,150,1
T2,1,0,86,2
T3,2,1,200,42
T4,3,1,106,7
T5,4,0,23,1
T6,5,0,92,2
[393]
T1,0,0,200,5
T2,1,1,38,6
T3,2,1,154,10
T4,3,1,86,10
T5,4,0,132,1
T6,5,0,70,2
[394]
T1,0,0,21,2
T2,1,1,200,14
T3,2,1,125,20
T4,3,1,160,13
T5,4,0,60,2
T6,5,1,82,4
[395]
T1,0,0,22,1
T2,1,0,88,7
T3,2,1,200,2
T4,3,1,155,24
T5,4,0,120,5
T6,5,1,89,3
[396]
T1,0,1,150,11
T2,1,1,39,2
T3,2,1,200,14
T4,3,0,84,11
T5,4,0,130,3
T6,5,0,147,3
[397]
T1,0,1,38,2
T2,1,0,84,9
T3,2,1,168,15
T4,3,0,92,8
T5,4,1,110,11
T6,5,1,200,1
[398]
T1,0,1,200,22
T2,1,1,52,1
T3,2,1,105,2
T4,3,0,133,5
T5,4,0,70,1
T6,5,1,175,32
[399]
T1,0,1,131,4
T2,1,1,60,12
T3,2,0,80,4
T4,3,1,200,2
T5,4,0,164,4
T6,5,1,36,2
[400]
T1,0,0,110,8
T2,1,1,22,2
T3,2,0,112,12
T4,3,0,68,2
T5,4,1,165,20
T6,5,0,200,4
[401]
T1,0,1,45,2
T2,1,1,111,3
T3,2,0,110,2
T4,3,1,200,7
T5,4,0,75,3
T6,5,1,148,39
[402]
T1,0,1,25,1
T2,1,0,127,1
T3,2,0,176,31
T4,3,0,80,1
T5,4,0,200,10
T6,5,0,88,7
[403]
T1,0,0,21,2
T2,1,1,65,4
T3,2,1,156,20
T4,3,0,200,5
T5,4,1,113,18
T6,5,0,91,2
[404]
T1,0,1,55,3
T2,1,1,156,2
T3,2,1,120,1
T4,3,0,136,29
T5,4,1,20,1
T6,5,1,200,2
[405]
T1,0,1,126,6
T2,1,0,63,10
T3,2,0,141,3
T4,3,1,200,16
T5,4,0,25,1
T6,5,1,160,4
[406]
T1,0,0,60,10
T2,1,0,200,1
T3,2,0,80,9
T4,3,1,175,9
T5,4,0,50,2
T6,5,0,60,2
[407]
T1,0,0,114,7
T2,1,0,200,5
T3,2,0,60,2
T4,3,0,24,4
T5,4,1,75,2
T6,5,0,152,11
[408]
T1,0,0,147,5
T2,1,1,200,26
T3,2,1,182,5
T4,3,1,48,5
T5,4,0,77,2
T6,5,0,60,3
[409]
T1,0,0,99,16
T2,1,0,30,2
T3,2,1,200,14
T4,3,1,132,3
T5,4,1,175,5
T6,5,0,95,8
[410]
T1,0,1,200,2
T2,1,1,55,3
T3,2,1,33,1
T4,3,1,171,36
T5,4,1,72,2
T6,5,1,132,5
[411]
T1,0,0,105,7
T2,1,0,190,21
T3,2,1,25,1
T4,3,0,80,3
T5,4,0,200,2
T6,5,0,72,7
[412]
T1,0,1,88,15
T2,1,1,200,7
T3,2,1,36,2
T4,3,1,140,7
T5,4,0,168,12
T6,5,1,120,4
[413]
T1,0,0,200,19
T2,1,1,30,2
T3,2,1,160,4
T4,3,1,63,4
T5,4,1,118,12
T6,5,1,144,10
[414]
T1,0,0,45,2
T2,1,1,187,39
T3,2,1,100,5
T4,3,0,200,1
T5,4,0,109,5
T6,5,1,85,4
[415]
T1,0,0,87,1
T2,1,0,133,10
T3,2,1,60,3
T4,3,0,180,9
T5,4,0,200,28
T6,5,0,25,1
[416]
T1,0,1,114,7
T2,1,1,200,9
T3,2,1,60,6
T4,3,1,151,20
T5,4,1,44,1
T6,5,0,66,2
[417]
T1,0,1,200,10
T2,1,0,25,1
T3,2,0,102,10
T4,3,1,77,8
T5,4,0,69,3
T6,5,0,160,1
[418]
T1,0,1,70,4
T2,1,1,64,12
T3,2,1,40,2
T4,3,0,168,8
T5,4,0,102,2
T6,5,1,200,7
[419]
T1,0,0,200,2
T2,1,1,68,1
T3,2,0,50,2
T4,3,0,76,7
T5,4,0,75,6
T6,5,1,150,25
[420]
T1,0,0,58,1
T2,1,0,75,2
T3,2,1,200,9
T4,3,0,150,7
T5,4,1,117,9
T6,5,1,38,5
[421]
T1,0,1,119,11
T2,1,1,92,1
T3,2,0,20,2
T4,3,1,112,8
T5,4,0,200,10
T6,5,1,161,26
[422]
T1,0,1,39,1
T2,1,1,78,9
T3,2,0,168,2
T4,3,0,200,7
T5,4,1,78,3
T6,5,0,112,15
[423]
T1,0,0,156,11
T2,1,0,26,3
T3,2,1,93,1
T4,3,1,200,28
T5,4,1,117,5
T6,5,0,124,2
[424]
T1,0,0,33,2
T2,1,1,176,8
T3,2,1,55,2
T4,3,0,93,23
T5,4,0,200,10
T6,5,1,132,3
[425]
T1,0,1,57,2
T2,1,1,186,1
T3,2,1,80,2
T4,3,1,24,2
T5,4,0,200,39
T6,5,1,85,11
[426]
T1,0,0,80,8
T2,1,0,74,1
T3,2,0,40,3
T4,3,1,104,4
T5,4,1,186,3
T6,5,0,200,27
[427]
T1,0,1,168,31
T2,1,0,70,3
T3,2,1,99,2
T4,3,0,200,9
T5,4,0,135,2
T6,5,1,28,1
[428]
T1,0,1,66,16
T2,1,1,200,17
T3,2,0,22,2
T4,3,1,107,1
T5,4,1,79,1
T6,5,0,158,1
[429]
T1,0,0,24,3
T2,1,1,112,2
T3,2,0,200,2
T4,3,1,190,20
T5,4,1,140,15
T6,5,0,82,1
[430]
T1,0,1,174,5
T2,1,1,136,2
T3,2,0,143,19
T4,3,1,200,32
T5,4,0,100,2
T6,5,0,51,3
[431]
T1,0,1,160,2
T2,1,1,67,2
T3,2,1,71,2
T4,3,1,50,8
T5,4,0,70,15
T6,5,1,200,2
[432]
T1,0,1,110,1
T2,1,1,113,5
T3,2,0,150,15
T4,3,0,20,2
T5,4,1,75,11
T6,5,1,200,12
[433]
T1,0,0,95,17
T2,1,0,30,1
T3,2,1,72,5
T4,3,0,54,2
T5,4,1,200,1
T6,5,0,164,5
[434]
T1,0,0,42,2
T2,1,0,200,10
T3,2,0,175,31
T4,3,1,56,5
T5,4,0,68,2
T6,5,1,59,2
[435]
T1,0,1,160,25
T2,1,1,32,2
T3,2,1,99,4
T4,3,1,200,7
T5,4,0,64,1
T6,5,0,95,6
[436]
T1,0,0,85,24
T2,1,1,65,1
T3,2,0,72,1
T4,3,0,200,2
T5,4,0,36,2
T6,5,1,156,8
[437]
T1,0,0,113,8
T2,1,1,72,3
T3,2,0,64,8
T4,3,1,25,2
T5,4,0,186,3
T6,5,0,200,19
[438]
T1,0,0,63,7
T2,1,0,186,20
T3,2,0,63,2
T4,3,0,200,27
T5,4,1,54,1
T6,5,1,31,2
[439]
T1,0,1,25,2
T2,1,0,72,2
T3,2,0,136,6
T4,3,1,81,4
T5,4,0,200,5
T6,5,0,170,38
[440]
T1,0,0,65,4
T2,1,1,85,2
T3,2,0,168,10
T4,3,1,50,5
T5,4,0,200,3
T6,5,1,90,9
[441]
T1,0,0,72,2
T2,1,0,50,7
T3,2,1,168,2
T4,3,1,200,19
T5,4,0,59,2
T6,5,1,124,7
[442]
T1,0,1,52,1
T2,1,0,143,2
T3,2,0,130,28
T4,3,1,155,10
T5,4,1,200,10
T6,5,1,72,2
[443]
T1,0,0,165,8
T2,1,1,119,5
T3,2,0,51,2
T4,3,1,121,19
T5,4,1,84,7
T6,5,1,200,7
[444]
T1,0,0,132,5
T2,1,1,200,12
T3,2,0,74,5
T4,3,1,30,6
T5,4,1,182,1
T6,5,0,91,2
[445]
T1,0,0,168,6
T2,1,1,200,11
T3,2,0,20,3
T4,3,1,147,8
T5,4,0,72,3
T6,5,0,129,2
[446]
T1,0,0,122,13
T2,1,1,130,16
T3,2,0,150,2
T4,3,1,89,5
T5,4,1,200,16
T6,5,0,39,2
[447]
T1,0,1,51,8
T2,1,1,140,12
T3,2,1,66,1
T4,3,1,91,2
T5,4,1,200,13
T6,5,1,182,9
[448]
T1,0,0,48,2
T2,1,1,56,2
T3,2,1,200,16
T4,3,1,63,1
T5,4,1,159,16
T6,5,0,70,11
[449]
T1,0,0,65,3
T2,1,0,135,3
T3,2,1,22,2
T4,3,0,150,15
T5,4,1,200,16
T6,5,0,89,2
[450]
T1,0,0,50,5
T2,1,0,80,7
T3,2,1,200,6
T4,3,1,60,6
T5,4,0,167,2
T6,5,0,65,2
[451]
T1,0,1,50,3
T2,1,0,154,1
T3,2,1,99,2
T4,3,1,85,11
T5,4,0,144,12
T6,5,0,200,14
[452]
T1,0,1,30,1
T2,1,1,70,6
T3,2,0,200,3
T4,3,1,100,2
T5,4,1,175,27
T6,5,1,88,4
[453]
T1,0,1,112,2
T2,1,0,200,3
T3,2,0,159,6
T4,3,0,100,30
T5,4,0,115,2
T6,5,1,53,1
[454]
T1,0,0,200,8
T2,1,1,140,3
T3,2,0,175,31
T4,3,0,140,2
T5,4,0,50,3
T6,5,0,137,8
[455]
T1,0,0,192,8
T2,1,0,36,1
T3,2,1,71,2
T4,3,1,130,4
T5,4,1,200,13
T6,5,1,64,11
[456]
T1,0,0,124,10
T2,1,0,30,2
T3,2,0,57,3
T4,3,0,90,1
T5,4,0,192,14
T6,5,1,200,13
[457]
T1,0,1,104,2
T2,1,0,190,47
T3,2,1,90,3
T4,3,1,120,3
T5,4,0,40,2
T6,5,1,200,2
[458]
T1,0,1,99,16
T2,1,0,132,17
T3,2,1,200,3
T4,3,1,154,4
T5,4,0,80,4
T6,5,1,33,2
[459]
T1,0,0,25,1
T2,1,1,191,7
T3,2,1,70,10
T4,3,1,75,3
T5,4,1,200,8
T6,5,1,131,7
[460]
T1,0,0,174,12
T2,1,1,56,8
T3,2,0,32,1
T4,3,0,200,12
T5,4,1,112,7
T6,5,0,112,2
[461]
T1,0,0,48,4
T2,1,0,65,4
T3,2,1,200,5
T4,3,1,54,3
T5,4,1,123,11
T6,5,1,192,8
[462]
T1,0,0,68,2
T2,1,0,200,20
T3,2,0,76,4
T4,3,1,192,14
T5,4,1,132,10
T6,5,1,25,1
[463]
T1,0,1,74,4
T2,1,1,87,3
T3,2,0,200,10
T4,3,1,150,5
T5,4,0,118,21
T6,5,1,20,2
[464]
T1,0,1,110,3
T2,1,1,152,2
T3,2,1,65,1
T4,3,1,200,10
T5,4,0,143,31
T6,5,0,22,1
[465]
T1,0,0,196,5
T2,1,1,20,5
T3,2,0,92,2
T4,3,1,69,2
T5,4,0,83,2
T6,5,1,200,12
[466]
T1,0,1,150,2
T2,1,0,66,11
T3,2,1,20,2
T4,3,0,68,2
T5,4,0,107,20
T6,5,1,200,2
[467]
T1,0,1,45,8
T2,1,1,74,5
T3,2,1,126,2
T4,3,1,84,4
T5,4,1,164,7
T6,5,0,200,1
[468]
T1,0,0,200,3
T2,1,0,90,3
T3,2,0,78,12
T4,3,0,27,2
T5,4,1,162,19
T6,5,1,57,1
[469]
T1,0,0,40,6
T2,1,0,86,3
T3,2,0,145,4
T4,3,0,200,6
T5,4,1,180,5
T6,5,0,108,12
[470]
T1,0,0,33,6
T2,1,0,56,3
T3,2,0,100,3
T4,3,1,110,5
T5,4,1,168,5
T6,5,1,200,6
[471]
T1,0,1,176,14
T2,1,0,133,6
T3,2,0,22,2
T4,3,0,200,21
T5,4,0,112,4
T6,5,0,77,2
[472]
T1,0,0,128,2
T2,1,1,200,2
T3,2,0,116,3
T4,3,1,151,10
T5,4,0,100,4
T6,5,0,40,9
[473]
T1,0,0,52,3
T2,1,0,144,11
T3,2,1,57,3
T4,3,1,200,8
T5,4,1,75,9
T6,5,0,168,3
[474]
T1,0,1,104,14
T2,1,1,65,4
T3,2,1,24,2
T4,3,1,200,10
T5,4,1,106,11
T6,5,1,156,2
[475]
T1,0,0,35,2
T2,1,0,143,38
T3,2,1,200,7
T4,3,0,154,2
T5,4,1,143,6
T6,5,1,112,1
[476]
T1,0,1,114,2
T2,1,0,162,10
T3,2,0,45,11
T4,3,1,60,1
T5,4,0,200,7
T6,5,1,63,2
[477]
T1,0,1,146,28
T2,1,0,120,9
T3,2,0,164,1
T4,3,0,104,6
T5,4,1,200,8
T6,5,0,41,2
[478]
T1,0,1,63,1
T2,1,1,200,1
T3,2,1,180,13
T4,3,0,68,12
T5,4,1,45,2
T6,5,0,136,4
[479]
T1,0,0,25,5
T2,1,0,102,2
T3,2,1,200,13
T4,3,1,175,14
T5,4,1,67,2
T6,5,0,90,2
[480]
T1,0,0,25,2
T2,1,0,125,3
T3,2,1,104,4
T4,3,0,75,5
T5,4,1,169,25
T6,5,0,200,16
[481]
T1,0,0,160,13
T2,1,1,200,2
T3,2,0,133,6
T4,3,0,30,1
T5,4,1,100,4
T6,5,1,90,14
[482]
T1,0,1,131,2
T2,1,0,189,25
T3,2,0,65,8
T4,3,0,200,3
T5,4,1,42,3
T6,5,0,80,2
[483]
T1,0,1,50,6
T2,1,1,200,2
T3,2,1,105,17
T4,3,1,168,8
T5,4,0,100,3
T6,5,1,79,2
[484]
T1,0,1,104,4
T2,1,1,82,7
T3,2,0,146,9
T4,3,0,39,2
T5,4,1,200,1
T6,5,1,164,23
[485]
T1,0,0,200,7
T2,1,0,67,14
T3,2,0,20,2
T4,3,1,85,5
T5,4,1,170,1
T6,5,1,86,4
[486]
T1,0,1,24,2
T2,1,0,155,19
T3,2,0,200,1
T4,3,0,63,4
T5,4,1,105,2
T6,5,0,112,5
[487]
T1,0,0,200,18
T2,1,0,113,1
T3,2,0,30,1
T4,3,1,105,22
T5,4,0,199,2
T6,5,0,100,2
[488]
T1,0,1,200,2
T2,1,1,140,14
T3,2,0,166,12
T4,3,1,95,3
T5,4,1,38,2
T6,5,1,80,8
[489]
T1,0,1,150,6
T2,1,1,77,1
T3,2,1,120,2
T4,3,1,200,12
T5,4,1,32,2
T6,5,1,70,16
[490]
T1,0,0,57,4
T2,1,1,200,2
T3,2,1,55,8
T4,3,0,144,6
T5,4,0,168,14
T6,5,1,48,1
[491]
T1,0,0,88,15
T2,1,0,64,5
T3,2,1,185,3
T4,3,0,44,2
T5,4,1,90,6
T6,5,0,200,9
[492]
T1,0,1,132,11
T2,1,0,200,1
T3,2,1,176,6
T4,3,0,69,13
T5,4,1,124,3
T6,5,1,50,1
[493]
T1,0,0,175,2
T2,1,0,107,7
T3,2,0,200,27
T4,3,1,147,24
T5,4,1,28,2
T6,5,1,104,2
[494]
T1,0,1,152,2
T2,1,1,200,2
T3,2,0,38,6
T4,3,1,104,13
T5,4,0,100,4
T6,5,0,127,6
[495]
T1,0,1,115,3
T2,1,1,27,5
T3,2,0,200,2
T4,3,1,192,1
T5,4,0,115,3
T6,5,0,91,10
[496]
T1,0,1,31,1
T2,1,1,120,26
T3,2,1,200,17
T4,3,0,195,2
T5,4,0,111,1
T6,5,1,120,1
[497]
T1,0,0,105,1
T2,1,1,115,22
T3,2,1,200,25
T4,3,1,160,6
T5,4,0,130,3
T6,5,0,39,2
[498]
T1,0,1,186,4
T2,1,0,54,14
T3,2,0,72,3
T4,3,0,200,3
T5,4,0,20,2
T6,5,1,130,4
[499]
T1,0,0,40,2
T2,1,1,62,2
T3,2,0,200,9
T4,3,1,124,7
T5,4,1,59,3
T6,5,1,165,30
[500]
T1,0,1,72,2
T2,1,0,150,14
T3,2,0,100,4
T4,3,0,200,20
T5,4,1,99,3
T6,5,1,29,2
