num_task_per_taskset=6
num_taskset=500
//ID,Priority,Offset,Period,Execution Time
[1]
T1,0,1,135,4
T2,1,0,45,2
T3,2,0,168,5
T4,3,1,56,10
T5,4,0,200,5
T6,5,0,72,3
[2]
T1,0,1,108,27
T2,1,1,33,1
T3,2,1,156,4
T4,3,0,200,9
T5,4,1,108,3
T6,5,1,85,2
[3]
T1,0,1,87,5
T2,1,1,184,2
T3,2,0,23,3
T4,3,1,200,6
T5,4,0,81,8
T6,5,1,144,7
[4]
T1,0,1,75,5
T2,1,0,33,3
T3,2,0,184,4
T4,3,1,99,10
T5,4,0,66,2
T6,5,1,200,9
[5]
T1,0,0,200,36
T2,1,1,30,4
T3,2,1,135,5
T4,3,1,138,1
T5,4,1,160,2
T6,5,0,108,2
[6]
T1,0,1,70,12
T2,1,0,55,1
T3,2,1,75,2
T4,3,0,186,2
T5,4,0,200,25
T6,5,0,35,1
[7]
T1,0,0,54,8
T2,1,1,43,1
T3,2,0,200,6
T4,3,0,180,7
T5,4,0,57,4
T6,5,0,96,4
[8]
T1,0,1,100,2
T2,1,1,147,8
T3,2,1,143,6
T4,3,1,200,28
T5,4,1,22,2
T6,5,1,165,20
[9]
T1,0,1,189,5
T2,1,0,22,3
T3,2,0,200,15
T4,3,1,63,4
T5,4,1,79,2
T6,5,0,120,4
[10]
T1,0,1,112,21
T2,1,0,64,2
T3,2,1,24,3
T4,3,1,196,4
T5,4,1,58,2
T6,5,0,200,2
[11]
T1,0,0,30,2
T2,1,1,75,2
T3,2,1,200,4
T4,3,0,101,16
T5,4,0,169,6
T6,5,1,60,5
[12]
T1,0,0,140,4
T2,1,0,161,11
T3,2,0,128,7
T4,3,1,200,25
T5,4,0,20,2
T6,5,1,125,8
[13]
T1,0,0,40,1
T2,1,0,162,2
T3,2,0,129,2
T4,3,0,108,1
T5,4,1,99,30
T6,5,1,200,6
[14]
T1,0,1,54,2
T2,1,0,109,14
T3,2,1,45,6
T4,3,1,200,3
T5,4,1,80,2
T6,5,0,184,4
[15]
T1,0,1,170,2
T2,1,1,68,1
T3,2,1,30,2
T4,3,0,132,12
T5,4,0,200,23
T6,5,1,67,8
[16]
T1,0,0,150,11
T2,1,1,200,18
T3,2,0,60,5
T4,3,1,102,2
T5,4,1,33,2
T6,5,0,111,6
[17]
T1,0,0,63,2
T2,1,1,200,40
T3,2,0,153,5
T4,3,1,32,1
T5,4,1,88,4
T6,5,1,85,4
[18]
T1,0,1,105,6
T2,1,0,200,13
T3,2,0,156,8
T4,3,0,26,4
T5,4,1,55,2
T6,5,1,136,3
[19]
T1,0,1,117,2
T2,1,1,200,1
T3,2,1,65,2
T4,3,1,45,1
T5,4,0,186,52
T6,5,1,143,11
[20]
T1,0,1,150,2
T2,1,0,132,2
T3,2,1,54,2
T4,3,0,125,7
T5,4,0,40,6
T6,5,1,200,21
[21]
T1,0,0,100,2
T2,1,0,61,12
T3,2,0,28,1
T4,3,0,200,2
T5,4,1,180,9
T6,5,0,104,4
[22]
T1,0,0,200,4
T2,1,1,168,13
T3,2,1,117,2
T4,3,1,112,22
T5,4,0,36,1
T6,5,1,70,2
[23]
T1,0,0,21,2
T2,1,1,200,29
T3,2,0,143,8
T4,3,1,80,2
T5,4,1,63,2
T6,5,0,154,27
[24]
T1,0,1,121,4
T2,1,0,182,37
T3,2,0,117,1
T4,3,1,130,3
T5,4,1,200,17
T6,5,0,40,1
[25]
T1,0,1,79,1
T2,1,1,170,2
T3,2,0,75,9
T4,3,0,200,14
T5,4,0,85,8
T6,5,1,35,2
[26]
T1,0,1,126,20
T2,1,0,135,11
T3,2,0,200,25
T4,3,1,60,2
T5,4,1,195,3
T6,5,0,32,2
[27]
T1,0,1,60,5
T2,1,0,103,20
T3,2,1,72,4
T4,3,1,155,2
T5,4,0,200,1
T6,5,1,40,1
[28]
T1,0,1,25,2
T2,1,1,105,8
T3,2,1,200,5
T4,3,1,104,10
T5,4,0,175,14
T6,5,0,145,2
[29]
T1,0,1,20,2
T2,1,0,64,8
T3,2,1,192,2
T4,3,0,79,4
T5,4,1,200,29
T6,5,0,100,2
[30]
T1,0,1,128,5
T2,1,1,30,1
T3,2,0,54,8
T4,3,1,185,9
T5,4,1,80,7
T6,5,0,200,2
[31]
T1,0,0,59,2
T2,1,0,133,1
T3,2,1,200,4
T4,3,1,36,4
T5,4,1,70,2
T6,5,1,175,29
[32]
T1,0,0,39,2
T2,1,1,200,8
T3,2,0,165,15
T4,3,0,80,3
T5,4,0,136,3
T6,5,0,64,8
[33]
T1,0,1,200,6
T2,1,0,120,10
T3,2,0,38,1
T4,3,0,62,4
T5,4,0,63,9
T6,5,1,152,4
[34]
T1,0,1,176,12
T2,1,0,200,1
T3,2,0,102,18
T4,3,1,80,4
T5,4,0,32,2
T6,5,0,88,4
[35]
T1,0,0,188,5
T2,1,1,30,3
T3,2,0,200,2
T4,3,1,112,5
T5,4,0,99,7
T6,5,1,60,7
[36]
T1,0,0,40,2
T2,1,0,76,2
T3,2,1,200,2
T4,3,0,156,10
T5,4,1,143,32
T6,5,1,125,2
[37]
T1,0,1,150,26
T2,1,0,97,1
T3,2,1,84,7
T4,3,1,200,6
T5,4,0,76,6
T6,5,1,21,2
[38]
T1,0,1,200,13
T2,1,0,50,1
T3,2,1,69,8
T4,3,0,96,4
T5,4,0,90,6
T6,5,1,153,11
[39]
T1,0,0,140,4
T2,1,1,133,10
T3,2,0,28,1
T4,3,1,103,2
T5,4,1,200,2
T6,5,0,155,35
[40]
T1,0,1,75,6
T2,1,0,149,17
T3,2,0,42,2
T4,3,1,200,15
T5,4,1,84,8
T6,5,1,103,1
[41]
T1,0,1,100,3
T2,1,0,45,2
T3,2,1,200,5
T4,3,1,175,2
T5,4,0,94,27
T6,5,1,72,2
[42]
T1,0,1,200,13
T2,1,1,69,8
T3,2,0,140,13
T4,3,0,35,2
T5,4,1,84,1
T6,5,0,195,7
[43]
T1,0,0,79,1
T2,1,1,200,14
T3,2,1,195,4
T4,3,1,60,2
T5,4,1,87,20
T6,5,0,40,2
[44]
T1,0,1,190,14
T2,1,0,95,5
T3,2,0,20,2
T4,3,0,200,11
T5,4,1,130,3
T6,5,1,137,23
[45]
T1,0,1,98,7
T2,1,0,63,2
T3,2,0,200,45
T4,3,0,59,1
T5,4,0,42,2
T6,5,1,175,2
[46]
T1,0,1,137,6
T2,1,1,30,2
T3,2,1,175,5
T4,3,0,56,2
T5,4,0,200,20
T6,5,1,105,11
[47]
T1,0,1,99,2
T2,1,0,54,1
T3,2,0,154,5
T4,3,1,48,10
T5,4,0,200,5
T6,5,1,102,9
[48]
T1,0,1,200,24
T2,1,0,72,3
T3,2,0,123,7
T4,3,0,112,1
T5,4,1,42,2
T6,5,1,180,22
[49]
T1,0,1,100,20
T2,1,0,79,1
T3,2,0,21,2
T4,3,1,156,26
T5,4,0,200,1
T6,5,1,147,2
[50]
T1,0,1,90,3
T2,1,1,200,6
T3,2,0,20,2
T4,3,0,140,13
T5,4,0,98,12
T6,5,1,182,14
[51]
T1,0,0,170,3
T2,1,0,41,6
T3,2,1,80,2
T4,3,0,200,2
T5,4,1,88,11
T6,5,1,85,5
[52]
T1,0,1,165,3
T2,1,1,111,7
T3,2,0,121,17
T4,3,1,200,3
T5,4,1,40,4
T6,5,0,96,3
[53]
T1,0,1,153,2
T2,1,0,84,2
T3,2,0,20,2
T4,3,0,144,23
T5,4,1,200,2
T6,5,1,132,29
[54]
T1,0,1,200,3
T2,1,0,62,13
T3,2,0,180,1
T4,3,1,29,2
T5,4,0,140,13
T6,5,0,100,5
[55]
T1,0,0,150,9
T2,1,0,79,11
T3,2,0,200,1
T4,3,1,135,17
T5,4,1,59,1
T6,5,1,45,1
[56]
T1,0,0,146,12
T2,1,1,200,2
T3,2,0,110,9
T4,3,0,86,2
T5,4,1,25,1
T6,5,1,172,27
[57]
T1,0,1,32,3
T2,1,0,200,12
T3,2,0,121,2
T4,3,0,165,9
T5,4,0,64,2
T6,5,1,72,9
[58]
T1,0,0,21,2
T2,1,1,87,9
T3,2,1,180,3
T4,3,0,106,1
T5,4,1,200,27
T6,5,1,87,6
[59]
T1,0,0,84,3
T2,1,0,200,22
T3,2,0,38,1
T4,3,1,103,9
T5,4,1,105,6
T6,5,1,180,8
[60]
T1,0,0,180,2
T2,1,1,200,1
T3,2,0,25,1
T4,3,0,88,3
T5,4,0,114,29
T6,5,1,81,2
[61]
T1,0,0,200,4
T2,1,1,148,3
T3,2,1,105,18
T4,3,0,50,3
T5,4,0,133,5
T6,5,1,56,4
[62]
T1,0,0,104,2
T2,1,1,156,12
T3,2,0,141,19
T4,3,1,200,20
T5,4,0,36,2
T6,5,1,80,2
[63]
T1,0,1,145,17
T2,1,0,50,2
T3,2,0,174,15
T4,3,1,200,11
T5,4,0,62,2
T6,5,1,96,6
[64]
T1,0,1,46,2
T2,1,0,92,3
T3,2,1,90,2
T4,3,1,200,16
T5,4,0,91,10
T6,5,1,176,24
[65]
T1,0,1,21,2
T2,1,0,200,34
T3,2,0,175,2
T4,3,1,118,8
T5,4,0,70,1
T6,5,0,76,9
[66]
T1,0,0,59,16
T2,1,1,200,6
T3,2,0,165,1
T4,3,0,48,2
T5,4,0,110,1
T6,5,0,106,7
[67]
T1,0,1,100,1
T2,1,1,75,9
T3,2,1,35,1
T4,3,1,86,9
T5,4,1,200,2
T6,5,1,160,11
[68]
T1,0,0,59,2
T2,1,1,189,2
T3,2,1,98,4
T4,3,1,200,27
T5,4,0,105,20
T6,5,0,48,2
[69]
T1,0,0,142,2
T2,1,0,180,17
T3,2,1,57,1
T4,3,0,200,20
T5,4,0,110,3
T6,5,1,20,2
[70]
T1,0,0,50,3
T2,1,0,98,13
T3,2,1,159,2
T4,3,0,106,2
T5,4,1,78,2
T6,5,1,200,32
[71]
T1,0,1,124,17
T2,1,0,50,1
T3,2,0,200,6
T4,3,1,70,10
T5,4,1,135,6
T6,5,1,182,2
[72]
T1,0,1,90,4
T2,1,1,192,13
T3,2,0,72,16
T4,3,0,200,7
T5,4,1,70,2
T6,5,0,21,2
[73]
T1,0,1,200,11
T2,1,1,130,11
T3,2,1,192,33
T4,3,0,126,2
T5,4,0,100,5
T6,5,0,52,2
[74]
T1,0,1,20,1
T2,1,1,195,8
T3,2,1,125,8
T4,3,1,134,11
T5,4,1,200,20
T6,5,1,135,7
[75]
T1,0,0,200,10
T2,1,0,160,21
T3,2,0,58,6
T4,3,1,146,9
T5,4,0,29,2
T6,5,1,100,3
[76]
T1,0,0,200,23
T2,1,0,56,4
T3,2,0,144,2
T4,3,0,192,24
T5,4,0,96,4
T6,5,1,22,2
[77]
T1,0,0,90,1
T2,1,0,126,5
T3,2,0,124,8
T4,3,1,33,2
T5,4,1,200,29
T6,5,0,196,9
[78]
T1,0,0,22,2
T2,1,0,96,1
T3,2,0,110,9
T4,3,0,131,10
T5,4,0,200,12
T6,5,1,155,21
[79]
T1,0,0,100,4
T2,1,0,75,4
T3,2,1,98,19
T4,3,0,42,1
T5,4,1,200,1
T6,5,0,195,8
[80]
T1,0,1,20,2
T2,1,0,105,20
T3,2,0,200,4
T4,3,1,150,13
T5,4,0,105,3
T6,5,0,139,5
[81]
T1,0,1,160,15
T2,1,1,78,5
T3,2,1,117,5
T4,3,1,45,1
T5,4,0,88,7
T6,5,1,200,12
[82]
T1,0,0,40,2
T2,1,0,132,19
T3,2,0,154,2
T4,3,0,114,14
T5,4,0,89,3
T6,5,0,200,4
[83]
T1,0,0,35,1
T2,1,1,159,4
T3,2,0,106,2
T4,3,1,59,2
T5,4,0,200,35
T6,5,1,106,9
[84]
T1,0,0,156,14
T2,1,1,96,12
T3,2,1,100,2
T4,3,0,36,3
T5,4,0,200,13
T6,5,0,72,2
[85]
T1,0,1,64,3
T2,1,0,200,4
T3,2,1,60,2
T4,3,0,63,5
T5,4,1,199,22
T6,5,1,30,3
[86]
T1,0,1,120,2
T2,1,1,110,10
T3,2,1,105,5
T4,3,1,200,36
T5,4,0,20,2
T6,5,1,164,11
[87]
T1,0,0,98,2
T2,1,1,35,2
T3,2,0,200,2
T4,3,1,186,20
T5,4,1,120,22
T6,5,0,84,2
[88]
T1,0,1,44,1
T2,1,1,174,21
T3,2,1,72,2
T4,3,0,200,6
T5,4,0,100,13
T6,5,1,125,3
[89]
T1,0,1,200,28
T2,1,0,136,3
T3,2,1,185,5
T4,3,0,112,6
T5,4,1,50,2
T6,5,1,64,8
[90]
T1,0,0,114,4
T2,1,0,32,1
T3,2,0,200,1
T4,3,0,170,2
T5,4,0,127,32
T6,5,0,76,3
[91]
T1,0,1,125,4
T2,1,0,57,8
T3,2,0,192,4
T4,3,1,20,2
T5,4,0,115,2
T6,5,0,200,26
[92]
T1,0,1,185,25
T2,1,1,200,2
T3,2,0,86,1
T4,3,0,20,1
T5,4,1,99,9
T6,5,1,75,2
[93]
T1,0,0,88,3
T2,1,0,140,12
T3,2,0,200,17
T4,3,0,26,1
T5,4,1,64,2
T6,5,1,195,15
[94]
T1,0,0,137,6
T2,1,0,27,2
T3,2,0,104,3
T4,3,0,198,20
T5,4,0,200,9
T6,5,0,143,9
[95]
T1,0,1,25,2
T2,1,1,200,2
T3,2,1,135,3
T4,3,1,162,44
T5,4,1,94,6
T6,5,1,108,2
[96]
T1,0,1,200,4
T2,1,0,75,2
T3,2,1,90,23
T4,3,1,76,3
T5,4,0,195,5
T6,5,0,36,1
[97]
T1,0,1,84,2
T2,1,1,132,26
T3,2,1,180,16
T4,3,1,144,4
T5,4,1,32,1
T6,5,1,200,3
[98]
T1,0,0,33,2
T2,1,0,76,3
T3,2,1,110,2
T4,3,1,200,11
T5,4,1,176,7
T6,5,1,60,9
[99]
T1,0,0,88,8
T2,1,0,40,3
T3,2,1,93,2
T4,3,0,68,7
T5,4,1,190,2
T6,5,1,200,20
[100]
T1,0,0,128,4
T2,1,1,95,7
T3,2,0,155,2
T4,3,0,50,9
T5,4,1,200,18
T6,5,0,56,2
[101]
T1,0,1,121,10
T2,1,0,47,2
T3,2,0,200,31
T4,3,0,175,8
T5,4,0,56,1
T6,5,1,90,7
[102]
T1,0,1,148,21
T2,1,0,37,2
T3,2,0,125,2
T4,3,1,60,6
T5,4,1,76,2
T6,5,0,200,18
[103]
T1,0,0,42,1
T2,1,1,123,8
T3,2,0,168,29
T4,3,1,96,3
T5,4,1,112,2
T6,5,1,200,9
[104]
T1,0,0,200,10
T2,1,0,120,4
T3,2,1,183,25
T4,3,1,50,1
T5,4,1,108,9
T6,5,0,142,6
[105]
T1,0,0,57,2
T2,1,1,168,2
T3,2,1,200,30
T4,3,1,117,15
T5,4,1,80,2
T6,5,1,40,2
[106]
T1,0,1,200,20
T2,1,0,100,1
T3,2,0,38,7
T4,3,0,136,3
T5,4,1,82,2
T6,5,0,180,10
[107]
T1,0,0,155,8
T2,1,1,200,26
T3,2,1,44,3
T4,3,1,132,3
T5,4,1,108,5
T6,5,0,60,3
[108]
T1,0,1,20,2
T2,1,1,200,31
T3,2,0,72,5
T4,3,1,123,1
T5,4,1,153,19
T6,5,0,85,1
[109]
T1,0,0,40,3
T2,1,0,189,19
T3,2,1,200,2
T4,3,0,96,15
T5,4,1,92,2
T6,5,1,75,1
[110]
T1,0,0,81,1
T2,1,0,160,3
T3,2,1,66,3
T4,3,1,200,32
T5,4,1,27,1
T6,5,1,80,8
[111]
T1,0,1,90,14
T2,1,0,105,2
T3,2,0,80,2
T4,3,1,24,2
T5,4,0,200,23
T6,5,1,150,9
[112]
T1,0,0,200,4
T2,1,1,52,7
T3,2,1,96,6
T4,3,0,170,8
T5,4,1,75,2
T6,5,0,140,11
[113]
T1,0,1,138,6
T2,1,0,102,9
T3,2,0,105,8
T4,3,0,200,22
T5,4,1,28,1
T6,5,0,180,2
[114]
T1,0,0,200,2
T2,1,0,48,1
T3,2,1,100,2
T4,3,1,133,23
T5,4,0,183,16
T6,5,1,96,6
[115]
T1,0,1,200,25
T2,1,1,68,4
T3,2,0,70,10
T4,3,1,195,1
T5,4,0,98,2
T6,5,0,25,2
[116]
T1,0,0,101,3
T2,1,0,84,2
T3,2,1,69,6
T4,3,0,46,2
T5,4,1,200,4
T6,5,0,189,34
[117]
T1,0,1,129,3
T2,1,0,80,1
T3,2,1,195,11
T4,3,0,200,8
T5,4,1,108,3
T6,5,1,32,7
[118]
T1,0,1,24,2
T2,1,1,100,8
T3,2,1,200,33
T4,3,0,75,2
T5,4,0,156,5
T6,5,0,143,6
[119]
T1,0,1,40,1
T2,1,1,192,1
T3,2,0,89,9
T4,3,0,200,21
T5,4,0,64,5
T6,5,0,124,8
[120]
T1,0,1,89,4
T2,1,0,198,4
T3,2,1,200,18
T4,3,1,30,4
T5,4,1,102,2
T6,5,0,100,6
[121]
T1,0,1,192,2
T2,1,0,45,2
T3,2,1,136,7
T4,3,1,92,17
T5,4,1,136,1
T6,5,1,200,11
[122]
T1,0,1,100,3
T2,1,0,75,2
T3,2,1,102,2
T4,3,1,180,12
T5,4,1,200,50
T6,5,0,39,2
[123]
T1,0,1,57,1
T2,1,1,105,21
T3,2,1,200,2
T4,3,1,105,3
T5,4,1,29,2
T6,5,1,147,17
[124]
T1,0,0,91,2
T2,1,1,40,2
T3,2,0,200,42
T4,3,1,100,6
T5,4,0,94,2
T6,5,1,156,8
[125]
T1,0,0,92,1
T2,1,0,40,9
T3,2,1,116,4
T4,3,1,200,10
T5,4,0,112,1
T6,5,0,196,10
[126]
T1,0,1,200,21
T2,1,0,113,3
T3,2,1,120,12
T4,3,1,150,5
T5,4,0,21,2
T6,5,1,94,11
[127]
T1,0,1,26,2
T2,1,1,92,12
T3,2,0,100,5
T4,3,1,172,12
T5,4,0,200,2
T6,5,0,60,7
[128]
T1,0,0,33,2
T2,1,1,56,2
T3,2,0,168,7
T4,3,0,97,6
T5,4,0,200,24
T6,5,0,95,11
[129]
T1,0,0,35,1
T2,1,0,187,28
T3,2,1,100,8
T4,3,1,56,1
T5,4,1,104,3
T6,5,1,200,12
[130]
T1,0,0,68,7
T2,1,1,34,2
T3,2,1,74,1
T4,3,0,165,13
T5,4,0,110,1
T6,5,1,200,32
[131]
T1,0,0,200,3
T2,1,1,176,6
T3,2,1,48,7
T4,3,0,99,5
T5,4,0,78,5
T6,5,1,111,7
[132]
T1,0,0,31,1
T2,1,1,155,5
T3,2,1,125,3
T4,3,1,63,8
T5,4,0,200,25
T6,5,1,112,3
[133]
T1,0,0,72,8
T2,1,1,106,2
T3,2,1,26,2
T4,3,0,200,16
T5,4,1,54,1
T6,5,1,180,26
[134]
T1,0,1,41,3
T2,1,0,120,2
T3,2,0,54,2
T4,3,1,200,19
T5,4,0,56,5
T6,5,1,180,10
[135]
T1,0,0,25,2
T2,1,0,75,6
T3,2,1,125,28
T4,3,0,200,2
T5,4,0,153,7
T6,5,0,61,2
[136]
T1,0,1,144,1
T2,1,1,200,29
T3,2,1,102,3
T4,3,1,133,10
T5,4,1,40,1
T6,5,0,162,14
[137]
T1,0,0,102,1
T2,1,1,121,5
T3,2,1,150,4
T4,3,1,200,19
T5,4,0,80,5
T6,5,1,24,3
[138]
T1,0,0,106,3
T2,1,0,200,14
T3,2,1,160,5
T4,3,1,57,2
T5,4,1,24,5
T6,5,1,64,1
[139]
T1,0,0,115,8
T2,1,0,150,6
T3,2,0,55,3
T4,3,1,95,2
T5,4,0,40,4
T6,5,1,200,17
[140]
T1,0,1,200,20
T2,1,0,40,1
T3,2,0,80,3
T4,3,0,139,12
T5,4,1,73,7
T6,5,1,175,3
[141]
T1,0,1,174,2
T2,1,1,100,14
T3,2,1,146,8
T4,3,0,72,6
T5,4,0,200,9
T6,5,0,35,1
[142]
T1,0,1,200,3
T2,1,0,161,17
T3,2,1,92,5
T4,3,1,135,11
T5,4,0,23,2
T6,5,1,87,8
[143]
T1,0,1,131,4
T2,1,1,126,2
T3,2,1,200,36
T4,3,1,184,14
T5,4,0,144,11
T6,5,1,45,1
[144]
T1,0,1,200,22
T2,1,0,58,2
T3,2,1,66,4
T4,3,0,174,21
T5,4,0,60,2
T6,5,1,32,1
[145]
T1,0,0,93,3
T2,1,0,200,12
T3,2,1,72,12
T4,3,0,168,17
T5,4,0,139,1
T6,5,1,35,2
[146]
T1,0,1,76,9
T2,1,1,190,5
T3,2,1,48,3
T4,3,1,60,1
T5,4,1,141,9
T6,5,1,200,19
[147]
T1,0,0,200,19
T2,1,1,62,5
T3,2,1,117,2
T4,3,1,26,1
T5,4,0,162,12
T6,5,1,75,4
[148]
T1,0,1,120,2
T2,1,0,150,5
T3,2,1,115,2
T4,3,0,200,2
T5,4,1,29,3
T6,5,1,85,19
[149]
T1,0,1,104,2
T2,1,1,117,12
T3,2,1,150,26
T4,3,1,100,2
T5,4,1,48,1
T6,5,0,200,10
[150]
T1,0,1,40,6
T2,1,1,100,3
T3,2,1,200,17
T4,3,1,195,3
T5,4,0,120,3
T6,5,1,109,5
[151]
T1,0,0,136,5
T2,1,0,36,2
T3,2,1,180,3
T4,3,0,69,1
T5,4,1,200,13
T6,5,0,75,18
[152]
T1,0,0,82,15
T2,1,0,97,1
T3,2,0,194,4
T4,3,0,200,18
T5,4,1,48,2
T6,5,0,97,7
[153]
T1,0,1,92,2
T2,1,0,89,4
T3,2,0,200,2
T4,3,0,52,9
T5,4,0,78,4
T6,5,0,180,17
[154]
T1,0,0,84,3
T2,1,0,174,8
T3,2,1,25,2
T4,3,1,200,20
T5,4,0,68,5
T6,5,0,120,3
[155]
T1,0,1,135,5
T2,1,1,27,3
T3,2,1,119,3
T4,3,0,110,7
T5,4,0,200,7
T6,5,0,170,18
[156]
T1,0,1,195,18
T2,1,1,140,2
T3,2,1,108,2
T4,3,1,121,17
T5,4,0,200,9
T6,5,1,48,4
[157]
T1,0,1,93,17
T2,1,1,160,14
T3,2,0,200,3
T4,3,1,25,1
T5,4,1,139,3
T6,5,0,132,3
[158]
T1,0,0,70,10
T2,1,1,84,2
T3,2,1,125,23
T4,3,0,200,3
T5,4,1,155,5
T6,5,1,32,2
[159]
T1,0,1,132,37
T2,1,1,27,1
T3,2,0,180,2
T4,3,1,69,1
T5,4,0,75,2
T6,5,0,200,1
[160]
T1,0,0,200,19
T2,1,1,26,1
T3,2,1,102,2
T4,3,0,182,23
T5,4,1,70,7
T6,5,0,123,2
[161]
T1,0,1,50,4
T2,1,0,69,6
T3,2,1,125,13
T4,3,0,69,2
T5,4,0,162,15
T6,5,0,200,2
[162]
T1,0,0,200,20
T2,1,1,66,1
T3,2,0,112,15
T4,3,0,30,1
T5,4,1,75,2
T6,5,1,171,6
[163]
T1,0,0,200,7
T2,1,0,42,2
T3,2,1,60,2
T4,3,1,55,6
T5,4,0,180,2
T6,5,1,108,19
[164]
T1,0,0,196,9
T2,1,1,200,27
T3,2,1,135,15
T4,3,0,56,2
T5,4,1,32,2
T6,5,0,147,1
[165]
T1,0,0,196,1
T2,1,0,200,13
T3,2,0,108,2
T4,3,1,147,42
T5,4,1,21,2
T6,5,0,57,2
[166]
T1,0,1,200,4
T2,1,0,64,6
T3,2,1,25,2
T4,3,1,159,13
T5,4,1,128,2
T6,5,0,111,17
[167]
T1,0,0,67,4
T2,1,0,27,2
T3,2,1,200,14
T4,3,1,100,13
T5,4,0,80,6
T6,5,0,190,7
[168]
T1,0,0,200,2
T2,1,0,117,14
T3,2,0,100,2
T4,3,0,159,3
T5,4,0,40,4
T6,5,1,115,14
[169]
T1,0,0,50,3
T2,1,0,55,2
T3,2,1,141,6
T4,3,1,200,9
T5,4,1,150,11
T6,5,1,58,8
[170]
T1,0,1,126,7
T2,1,1,50,3
T3,2,1,200,9
T4,3,1,115,14
T5,4,0,199,10
T6,5,1,100,5
[171]
T1,0,0,82,5
T2,1,0,32,5
T3,2,0,200,2
T4,3,0,95,1
T5,4,1,164,2
T6,5,1,60,9
[172]
T1,0,0,88,2
T2,1,0,61,4
T3,2,0,60,11
T4,3,1,200,8
T5,4,0,24,1
T6,5,0,180,1
[173]
T1,0,0,200,35
T2,1,1,30,2
T3,2,1,94,7
T4,3,1,80,2
T5,4,1,103,3
T6,5,1,180,1
[174]
T1,0,0,200,42
T2,1,0,82,3
T3,2,1,170,2
T4,3,0,119,4
T5,4,0,44,4
T6,5,1,88,2
[175]
T1,0,0,195,2
T2,1,0,200,31
T3,2,0,44,4
T4,3,0,108,9
T5,4,0,132,3
T6,5,1,132,1
[176]
T1,0,0,162,7
T2,1,1,74,3
T3,2,0,75,2
T4,3,0,30,4
T5,4,0,200,17
T6,5,0,70,5
[177]
T1,0,0,126,4
T2,1,1,45,1
T3,2,0,78,15
T4,3,1,170,1
T5,4,1,200,4
T6,5,0,84,7
[178]
T1,0,0,24,2
T2,1,0,110,15
T3,2,0,108,6
T4,3,1,200,4
T5,4,0,160,23
T6,5,1,76,2
[179]
T1,0,0,175,34
T2,1,0,64,7
T3,2,1,88,2
T4,3,1,44,2
T5,4,0,200,2
T6,5,1,146,5
[180]
T1,0,1,20,2
T2,1,0,200,10
T3,2,0,80,5
T4,3,1,144,2
T5,4,0,81,9
T6,5,0,164,20
[181]
T1,0,1,185,4
T2,1,1,24,2
T3,2,0,57,12
T4,3,1,57,4
T5,4,0,65,3
T6,5,1,200,1
[182]
T1,0,1,20,2
T2,1,0,104,9
T3,2,0,200,26
T4,3,1,171,22
T5,4,0,90,1
T6,5,0,118,1
[183]
T1,0,0,200,5
T2,1,0,180,17
T3,2,0,40,2
T4,3,0,92,4
T5,4,0,130,4
T6,5,1,95,12
[184]
T1,0,1,135,16
T2,1,0,186,5
T3,2,0,50,1
T4,3,0,87,11
T5,4,0,87,2
T6,5,1,200,14
[185]
T1,0,0,148,3
T2,1,1,111,9
T3,2,0,56,1
T4,3,0,200,36
T5,4,0,134,1
T6,5,1,21,1
[186]
T1,0,1,162,11
T2,1,1,20,1
T3,2,1,128,9
T4,3,1,54,1
T5,4,1,115,2
T6,5,1,200,25
[187]
T1,0,1,120,21
T2,1,1,72,5
T3,2,0,110,3
T4,3,0,200,5
T5,4,1,158,10
T6,5,0,20,2
[188]
T1,0,1,130,40
T2,1,0,25,2
T3,2,1,200,4
T4,3,1,195,6
T5,4,1,135,2
T6,5,0,98,1
[189]
T1,0,0,148,3
T2,1,1,200,2
T3,2,0,73,13
T4,3,1,72,2
T5,4,1,28,3
T6,5,1,126,8
[190]
T1,0,1,117,2
T2,1,1,200,13
T3,2,0,35,5
T4,3,1,140,2
T5,4,0,195,10
T6,5,0,88,10
[191]
T1,0,1,113,15
T2,1,1,104,2
T3,2,1,185,13
T4,3,0,80,11
T5,4,1,200,2
T6,5,1,39,2
[192]
T1,0,0,46,2
T2,1,1,171,9
T3,2,1,200,37
T4,3,0,95,1
T5,4,0,57,4
T6,5,1,95,4
[193]
T1,0,1,184,18
T2,1,0,200,19
T3,2,1,82,3
T4,3,0,145,3
T5,4,0,87,6
T6,5,0,50,3
[194]
T1,0,0,85,15
T2,1,1,132,2
T3,2,1,24,2
T4,3,1,160,4
T5,4,1,64,2
T6,5,0,200,31
[195]
T1,0,0,111,2
T2,1,0,86,11
T3,2,0,200,10
T4,3,0,42,2
T5,4,1,70,6
T6,5,0,150,7
[196]
T1,0,1,83,17
T2,1,1,188,9
T3,2,1,120,2
T4,3,1,36,2
T5,4,1,200,7
T6,5,0,90,2
[197]
T1,0,0,126,6
T2,1,1,85,4
T3,2,0,93,3
T4,3,0,200,2
T5,4,1,24,4
T6,5,0,168,12
[198]
T1,0,1,85,8
T2,1,1,28,2
T3,2,1,71,3
T4,3,0,189,5
T5,4,1,72,4
T6,5,0,200,27
[199]
T1,0,1,24,2
T2,1,1,77,2
T3,2,0,168,24
T4,3,0,63,2
T5,4,1,200,18
T6,5,1,76,6
[200]
T1,0,0,153,14
T2,1,1,100,15
T3,2,1,60,1
T4,3,0,60,5
T5,4,1,200,6
T6,5,0,27,2
[201]
T1,0,0,200,11
T2,1,0,85,3
T3,2,0,56,9
T4,3,0,176,6
T5,4,1,133,2
T6,5,1,22,2
[202]
T1,0,0,186,7
T2,1,1,89,3
T3,2,1,200,16
T4,3,1,72,5
T5,4,1,40,3
T6,5,0,84,5
[203]
T1,0,1,200,2
T2,1,0,20,2
T3,2,0,110,2
T4,3,0,133,21
T5,4,0,176,25
T6,5,1,61,4
[204]
T1,0,1,200,9
T2,1,1,25,1
T3,2,1,119,19
T4,3,0,150,2
T5,4,0,134,9
T6,5,0,114,6
[205]
T1,0,1,165,24
T2,1,0,54,1
T3,2,0,95,10
T4,3,1,78,5
T5,4,0,45,2
T6,5,0,200,3
[206]
T1,0,1,75,8
T2,1,1,200,3
T3,2,0,180,4
T4,3,1,25,2
T5,4,1,133,6
T6,5,1,143,25
[207]
T1,0,0,91,5
T2,1,1,100,19
T3,2,1,84,2
T4,3,0,200,4
T5,4,1,40,3
T6,5,0,197,3
[208]
T1,0,0,180,17
T2,1,1,200,17
T3,2,0,23,2
T4,3,1,76,7
T5,4,1,115,3
T6,5,0,134,9
[209]
T1,0,1,173,14
T2,1,0,42,2
T3,2,0,103,8
T4,3,1,200,7
T5,4,1,120,10
T6,5,0,75,3
[210]
T1,0,0,200,18
T2,1,1,93,9
T3,2,1,108,2
T4,3,1,92,6
T5,4,1,54,1
T6,5,0,184,18
[211]
T1,0,1,200,12
T2,1,0,80,1
T3,2,1,76,16
T4,3,0,98,2
T5,4,1,26,1
T6,5,0,160,5
[212]
T1,0,0,198,1
T2,1,0,200,2
T3,2,0,126,18
T4,3,0,135,5
T5,4,1,27,1
T6,5,1,56,6
[213]
T1,0,1,70,7
T2,1,0,27,2
T3,2,0,114,4
T4,3,0,60,1
T5,4,0,200,5
T6,5,1,184,33
[214]
T1,0,0,200,2
T2,1,1,140,7
T3,2,1,77,5
T4,3,1,180,5
T5,4,0,68,9
T6,5,1,22,2
[215]
T1,0,0,110,8
T2,1,1,70,1
T3,2,1,182,31
T4,3,1,81,1
T5,4,1,200,13
T6,5,0,32,1
[216]
T1,0,0,125,11
T2,1,0,200,14
T3,2,0,21,2
T4,3,1,134,20
T5,4,1,80,3
T6,5,1,176,1
[217]
T1,0,0,200,15
T2,1,1,153,9
T3,2,1,100,2
T4,3,0,44,6
T5,4,1,55,1
T6,5,0,90,7
[218]
T1,0,0,87,4
T2,1,1,102,4
T3,2,1,200,7
T4,3,0,90,15
T5,4,0,20,1
T6,5,1,162,4
[219]
T1,0,0,156,8
T2,1,0,200,19
T3,2,1,86,10
T4,3,1,125,3
T5,4,0,56,5
T6,5,1,52,2
[220]
T1,0,1,200,5
T2,1,1,30,1
T3,2,0,137,5
T4,3,0,184,40
T5,4,0,68,2
T6,5,0,115,4
[221]
T1,0,1,200,18
T2,1,1,108,1
T3,2,0,143,20
T4,3,0,183,9
T5,4,0,36,2
T6,5,1,108,8
[222]
T1,0,0,198,50
T2,1,1,40,2
T3,2,0,76,2
T4,3,1,96,4
T5,4,1,114,7
T6,5,0,200,4
[223]
T1,0,0,24,3
T2,1,0,123,3
T3,2,1,200,3
T4,3,1,58,7
T5,4,1,180,7
T6,5,1,64,2
[224]
T1,0,0,156,2
T2,1,1,40,5
T3,2,1,120,6
T4,3,0,200,2
T5,4,0,142,21
T6,5,0,79,3
[225]
T1,0,0,57,2
T2,1,1,198,23
T3,2,0,130,23
T4,3,1,200,2
T5,4,0,36,1
T6,5,1,55,2
[226]
T1,0,0,84,2
T2,1,0,112,15
T3,2,1,42,1
T4,3,1,200,12
T5,4,0,96,9
T6,5,0,156,6
[227]
T1,0,0,200,16
T2,1,0,83,2
T3,2,1,86,7
T4,3,0,65,1
T5,4,1,52,2
T6,5,0,160,31
[228]
T1,0,0,127,3
T2,1,1,141,6
T3,2,1,54,1
T4,3,0,180,29
T5,4,1,48,1
T6,5,1,200,18
[229]
T1,0,0,20,2
T2,1,1,85,9
T3,2,1,89,6
T4,3,0,56,1
T5,4,1,200,7
T6,5,1,164,18
[230]
T1,0,0,66,1
T2,1,0,192,15
T3,2,1,98,2
T4,3,1,42,9
T5,4,0,200,2
T6,5,1,105,5
[231]
T1,0,0,132,19
T2,1,0,200,6
T3,2,0,132,2
T4,3,1,160,15
T5,4,1,25,1
T6,5,0,94,7
[232]
T1,0,0,200,24
T2,1,1,170,4
T3,2,1,20,1
T4,3,0,85,1
T5,4,0,112,14
T6,5,0,86,3
[233]
T1,0,0,30,1
T2,1,0,90,6
T3,2,1,153,12
T4,3,0,87,3
T5,4,1,200,19
T6,5,1,60,3
[234]
T1,0,1,159,2
T2,1,0,20,5
T3,2,1,100,3
T4,3,1,105,3
T5,4,1,200,3
T6,5,1,141,8
[235]
T1,0,1,140,6
T2,1,0,105,1
T3,2,1,180,6
T4,3,1,32,6
T5,4,1,81,3
T6,5,0,200,15
[236]
T1,0,1,144,13
T2,1,1,134,29
T3,2,1,153,6
T4,3,0,48,2
T5,4,0,200,3
T6,5,0,105,1
[237]
T1,0,1,176,29
T2,1,0,45,2
T3,2,0,200,3
T4,3,0,100,5
T5,4,1,84,6
T6,5,0,131,10
[238]
T1,0,1,40,4
T2,1,1,58,2
T3,2,1,69,1
T4,3,0,150,9
T5,4,1,111,17
T6,5,1,200,7
[239]
T1,0,0,69,1
T2,1,0,69,5
T3,2,0,92,1
T4,3,0,188,19
T5,4,1,30,4
T6,5,1,200,9
[240]
T1,0,1,74,6
T2,1,0,200,31
T3,2,1,86,8
T4,3,0,110,3
T5,4,1,40,1
T6,5,1,150,2
[241]
T1,0,0,200,17
T2,1,1,100,7
T3,2,1,175,18
T4,3,0,21,2
T5,4,0,140,11
T6,5,0,67,2
[242]
T1,0,1,60,9
T2,1,1,90,3
T3,2,1,192,8
T4,3,0,46,2
T5,4,1,200,10
T6,5,1,128,11
[243]
T1,0,1,200,8
T2,1,1,80,8
T3,2,0,68,2
T4,3,0,51,5
T5,4,0,196,7
T6,5,0,68,3
[244]
T1,0,1,200,35
T2,1,1,105,2
T3,2,0,22,2
T4,3,0,90,2
T5,4,1,128,2
T6,5,1,160,30
[245]
T1,0,0,30,2
T2,1,0,58,3
T3,2,0,200,6
T4,3,1,60,9
T5,4,0,69,8
T6,5,1,171,3
[246]
T1,0,0,100,3
T2,1,0,200,33
T3,2,1,135,3
T4,3,0,125,18
T5,4,1,194,4
T6,5,1,35,2
[247]
T1,0,1,27,1
T2,1,0,200,10
T3,2,1,108,6
T4,3,0,63,1
T5,4,0,134,19
T6,5,0,156,11
[248]
T1,0,1,130,12
T2,1,0,200,10
T3,2,1,132,7
T4,3,1,65,4
T5,4,1,35,1
T6,5,0,150,12
[249]
T1,0,1,194,22
T2,1,1,105,9
T3,2,0,20,2
T4,3,1,108,11
T5,4,0,200,3
T6,5,1,90,3
[250]
T1,0,0,75,2
T2,1,0,200,51
T3,2,0,156,1
T4,3,0,39,1
T5,4,1,91,2
T6,5,1,79,7
[251]
T1,0,0,126,8
T2,1,1,175,2
T3,2,0,130,3
T4,3,0,26,2
T5,4,1,200,9
T6,5,0,85,13
[252]
T1,0,1,140,1
T2,1,1,30,3
T3,2,1,77,2
T4,3,1,56,2
T5,4,1,200,37
T6,5,0,152,4
[253]
T1,0,1,200,2
T2,1,1,148,4
T3,2,0,80,10
T4,3,0,48,7
T5,4,0,128,6
T6,5,0,84,2
[254]
T1,0,1,140,23
T2,1,1,200,13
T3,2,1,54,4
T4,3,0,189,2
T5,4,0,32,1
T6,5,0,140,4
[255]
T1,0,0,48,5
T2,1,0,200,19
T3,2,0,105,1
T4,3,1,154,13
T5,4,1,125,5
T6,5,0,90,4
[256]
T1,0,0,196,37
T2,1,1,136,1
T3,2,0,200,25
T4,3,0,48,2
T5,4,1,87,4
T6,5,1,100,1
[257]
T1,0,1,62,6
T2,1,1,126,13
T3,2,0,98,2
T4,3,0,20,2
T5,4,0,180,18
T6,5,1,200,2
[258]
T1,0,1,85,9
T2,1,0,200,1
T3,2,1,69,1
T4,3,0,124,23
T5,4,1,160,6
T6,5,0,20,2
[259]
T1,0,1,36,2
T2,1,1,98,2
T3,2,1,66,4
T4,3,1,110,5
T5,4,0,200,34
T6,5,0,155,15
[260]
T1,0,0,64,5
T2,1,0,150,15
T3,2,0,200,8
T4,3,1,99,2
T5,4,1,116,6
T6,5,0,28,2
[261]
T1,0,1,24,2
T2,1,0,152,2
T3,2,0,100,2
T4,3,1,200,3
T5,4,1,90,21
T6,5,1,128,6
[262]
T1,0,0,150,1
T2,1,1,125,8
T3,2,1,40,2
T4,3,1,200,22
T5,4,1,96,2
T6,5,1,64,11
[263]
T1,0,1,200,9
T2,1,1,135,13
T3,2,1,33,2
T4,3,0,131,7
T5,4,0,72,2
T6,5,0,160,30
[264]
T1,0,1,200,2
T2,1,0,99,14
T3,2,1,182,19
T4,3,0,36,2
T5,4,1,100,8
T6,5,1,78,3
[265]
T1,0,1,200,11
T2,1,1,94,3
T3,2,0,188,3
T4,3,1,72,2
T5,4,0,125,25
T6,5,0,42,3
[266]
T1,0,0,200,9
T2,1,1,104,1
T3,2,0,60,2
T4,3,1,21,1
T5,4,0,150,19
T6,5,0,65,8
[267]
T1,0,0,48,1
T2,1,0,59,1
T3,2,1,195,35
T4,3,1,200,11
T5,4,0,59,6
T6,5,0,121,2
[268]
T1,0,1,52,10
T2,1,0,85,1
T3,2,0,75,1
T4,3,0,97,2
T5,4,0,200,22
T6,5,0,175,2
[269]
T1,0,0,120,26
T2,1,1,171,2
T3,2,1,200,12
T4,3,0,122,7
T5,4,1,110,3
T6,5,1,20,2
[270]
T1,0,1,100,3
T2,1,1,173,11
T3,2,0,110,2
T4,3,0,200,11
T5,4,1,20,2
T6,5,0,55,12
[271]
T1,0,0,75,2
T2,1,1,95,9
T3,2,1,76,12
T4,3,0,200,8
T5,4,1,25,1
T6,5,0,150,2
[272]
T1,0,1,200,8
T2,1,0,44,5
T3,2,0,198,10
T4,3,0,72,2
T5,4,1,74,10
T6,5,1,102,1
[273]
T1,0,0,110,1
T2,1,1,170,14
T3,2,0,34,2
T4,3,0,132,2
T5,4,1,130,31
T6,5,1,200,5
[274]
T1,0,1,101,14
T2,1,0,24,1
T3,2,1,192,1
T4,3,0,75,2
T5,4,1,200,9
T6,5,1,67,6
[275]
T1,0,0,200,36
T2,1,0,36,1
T3,2,1,162,15
T4,3,1,96,1
T5,4,0,86,2
T6,5,1,63,3
[276]
T1,0,1,200,6
T2,1,0,136,29
T3,2,1,110,1
T4,3,1,22,2
T5,4,0,83,7
T6,5,1,187,3
[277]
T1,0,1,186,41
T2,1,1,110,1
T3,2,0,104,2
T4,3,1,200,7
T5,4,1,65,3
T6,5,1,25,1
[278]
T1,0,1,159,18
T2,1,0,70,1
T3,2,0,89,8
T4,3,1,21,2
T5,4,0,200,4
T6,5,1,80,1
[279]
T1,0,1,145,13
T2,1,1,32,1
T3,2,0,104,11
T4,3,1,96,2
T5,4,0,200,10
T6,5,1,180,15
[280]
T1,0,1,189,7
T2,1,0,44,2
T3,2,0,200,8
T4,3,1,144,17
T5,4,0,68,1
T6,5,0,112,18
[281]
T1,0,0,111,6
T2,1,0,75,2
T3,2,0,117,7
T4,3,0,148,21
T5,4,0,200,6
T6,5,0,40,3
[282]
T1,0,0,100,3
T2,1,0,75,4
T3,2,0,200,14
T4,3,0,36,2
T5,4,0,156,2
T6,5,0,55,10
[283]
T1,0,1,110,2
T2,1,0,143,27
T3,2,0,200,2
T4,3,0,20,2
T5,4,0,198,18
T6,5,1,105,3
[284]
T1,0,0,75,18
T2,1,1,90,1
T3,2,1,48,1
T4,3,0,173,3
T5,4,0,67,1
T6,5,1,200,11
[285]
T1,0,1,196,39
T2,1,1,200,5
T3,2,1,126,2
T4,3,1,71,1
T5,4,0,99,1
T6,5,1,36,4
[286]
T1,0,0,160,2
T2,1,0,54,1
T3,2,1,144,18
T4,3,1,87,2
T5,4,1,55,5
T6,5,1,200,22
[287]
T1,0,0,195,21
T2,1,1,60,4
T3,2,1,200,1
T4,3,0,142,23
T5,4,1,115,1
T6,5,0,50,1
[288]
T1,0,1,70,1
T2,1,1,40,2
T3,2,1,100,6
T4,3,1,151,1
T5,4,0,200,2
T6,5,0,119,32
[289]
T1,0,1,161,24
T2,1,1,46,1
T3,2,1,117,7
T4,3,0,200,12
T5,4,1,56,2
T6,5,0,130,5
[290]
T1,0,0,115,10
T2,1,0,59,8
T3,2,0,180,15
T4,3,0,72,2
T5,4,1,50,2
T6,5,1,200,5
[291]
T1,0,1,40,7
T2,1,0,185,2
T3,2,1,116,1
T4,3,0,200,1
T5,4,1,111,12
T6,5,0,69,5
[292]
T1,0,0,106,12
T2,1,0,56,4
T3,2,0,40,2
T4,3,1,176,5
T5,4,0,200,14
T6,5,0,110,11
[293]
T1,0,1,200,14
T2,1,1,100,1
T3,2,0,57,7
T4,3,1,96,8
T5,4,0,42,1
T6,5,1,186,12
[294]
T1,0,1,99,12
T2,1,0,86,1
T3,2,1,200,9
T4,3,1,40,6
T5,4,1,192,1
T6,5,1,108,5
[295]
T1,0,1,108,26
T2,1,1,135,8
T3,2,1,189,7
T4,3,0,33,2
T5,4,0,200,4
T6,5,1,114,2
[296]
T1,0,1,105,2
T2,1,0,26,2
T3,2,0,112,14
T4,3,0,200,21
T5,4,1,189,2
T6,5,1,84,10
[297]
T1,0,1,56,1
T2,1,0,165,2
T3,2,0,20,2
T4,3,0,144,2
T5,4,1,200,13
T6,5,1,130,20
[298]
T1,0,0,150,11
T2,1,0,144,3
T3,2,1,112,3
T4,3,0,200,29
T5,4,0,82,7
T6,5,1,24,2
[299]
T1,0,0,190,6
T2,1,0,119,21
T3,2,0,80,2
T4,3,0,57,3
T5,4,0,52,2
T6,5,1,200,18
[300]
T1,0,0,115,16
T2,1,0,93,1
T3,2,1,120,8
T4,3,1,28,4
T5,4,0,200,4
T6,5,1,155,2
[301]
T1,0,1,109,6
T2,1,0,90,6
T3,2,0,177,11
T4,3,1,90,9
T5,4,1,54,2
T6,5,0,200,18
[302]
T1,0,1,26,1
T2,1,0,160,3
T3,2,1,89,11
T4,3,0,100,2
T5,4,1,200,29
T6,5,1,141,4
[303]
T1,0,1,175,2
T2,1,0,200,6
T3,2,0,68,13
T4,3,0,87,7
T5,4,0,21,2
T6,5,0,144,9
[304]
T1,0,0,150,3
T2,1,0,69,2
T3,2,1,87,2
T4,3,1,80,2
T5,4,1,200,10
T6,5,0,48,10
[305]
T1,0,0,111,2
T2,1,1,60,1
T3,2,0,148,14
T4,3,1,56,2
T5,4,1,50,2
T6,5,0,200,40
[306]
T1,0,0,66,5
T2,1,1,88,3
T3,2,0,46,1
T4,3,1,200,3
T5,4,1,165,20
T6,5,0,133,12
[307]
T1,0,1,25,3
T2,1,1,65,2
T3,2,1,200,13
T4,3,0,190,21
T5,4,1,80,3
T6,5,0,97,2
[308]
T1,0,1,63,6
T2,1,1,150,5
T3,2,1,111,5
T4,3,0,92,17
T5,4,1,200,3
T6,5,1,25,2
[309]
T1,0,0,48,3
T2,1,0,165,6
T3,2,0,130,25
T4,3,1,110,2
T5,4,1,200,17
T6,5,0,99,2
[310]
T1,0,1,168,2
T2,1,0,120,8
T3,2,0,105,1
T4,3,0,200,24
T5,4,0,131,23
T6,5,0,34,2
[311]
T1,0,0,200,7
T2,1,1,60,3
T3,2,0,50,2
T4,3,0,112,12
T5,4,1,140,23
T6,5,1,170,5
[312]
T1,0,0,84,4
T2,1,0,78,11
T3,2,0,200,1
T4,3,1,168,11
T5,4,1,99,3
T6,5,1,44,4
[313]
T1,0,0,94,11
T2,1,0,21,1
T3,2,1,200,15
T4,3,0,112,4
T5,4,0,75,6
T6,5,1,159,2
[314]
T1,0,0,71,9
T2,1,1,125,6
T3,2,1,58,3
T4,3,1,29,3
T5,4,1,176,2
T6,5,1,200,8
[315]
T1,0,1,28,5
T2,1,0,137,2
T3,2,1,159,2
T4,3,1,72,4
T5,4,1,126,11
T6,5,1,200,7
[316]
T1,0,0,136,2
T2,1,0,75,14
T3,2,0,51,3
T4,3,1,186,7
T5,4,1,81,2
T6,5,1,200,12
[317]
T1,0,1,84,1
T2,1,0,84,2
T3,2,1,192,22
T4,3,1,44,7
T5,4,1,200,7
T6,5,0,107,6
[318]
T1,0,1,200,14
T2,1,1,75,6
T3,2,1,23,1
T4,3,1,103,13
T5,4,1,64,1
T6,5,1,175,6
[319]
T1,0,1,141,12
T2,1,1,175,11
T3,2,0,200,23
T4,3,1,48,1
T5,4,1,132,8
T6,5,1,141,5
[320]
T1,0,1,132,3
T2,1,1,50,3
T3,2,1,200,4
T4,3,0,154,8
T5,4,0,84,12
T6,5,0,84,6
[321]
T1,0,0,24,1
T2,1,0,85,2
T3,2,0,96,5
T4,3,1,168,19
T5,4,0,132,1
T6,5,1,200,28
[322]
T1,0,0,161,8
T2,1,1,138,5
T3,2,1,200,4
T4,3,1,74,5
T5,4,0,108,7
T6,5,1,35,5
[323]
T1,0,1,91,3
T2,1,1,182,22
T3,2,1,71,1
T4,3,0,200,2
T5,4,1,108,11
T6,5,1,28,2
[324]
T1,0,1,116,18
T2,1,1,60,5
T3,2,1,24,2
T4,3,0,146,4
T5,4,1,200,10
T6,5,1,195,13
[325]
T1,0,1,96,19
T2,1,1,21,1
T3,2,1,77,2
T4,3,0,198,8
T5,4,0,200,4
T6,5,0,121,8
[326]
T1,0,1,183,9
T2,1,1,57,9
T3,2,1,54,5
T4,3,0,38,2
T5,4,1,61,1
T6,5,0,200,9
[327]
T1,0,0,34,2
T2,1,0,84,5
T3,2,1,200,8
T4,3,1,187,8
T5,4,0,106,9
T6,5,1,102,14
[328]
T1,0,1,123,9
T2,1,1,96,2
T3,2,0,200,17
T4,3,0,100,5
T5,4,0,30,3
T6,5,1,172,8
[329]
T1,0,1,80,1
T2,1,1,25,5
T3,2,1,200,6
T4,3,1,152,3
T5,4,1,61,3
T6,5,0,84,2
[330]
T1,0,0,200,18
T2,1,0,97,5
T3,2,1,25,2
T4,3,0,84,4
T5,4,1,175,3
T6,5,1,127,7
[331]
T1,0,1,146,8
T2,1,1,200,8
T3,2,0,98,7
T4,3,1,30,2
T5,4,0,63,6
T6,5,1,160,16
[332]
T1,0,0,28,2
T2,1,0,105,5
T3,2,1,143,4
T4,3,1,200,31
T5,4,0,139,2
T6,5,1,175,10
[333]
T1,0,0,200,2
T2,1,1,135,20
T3,2,1,62,2
T4,3,1,195,30
T5,4,0,26,2
T6,5,1,125,3
[334]
T1,0,0,153,10
T2,1,1,119,1
T3,2,0,103,6
T4,3,1,50,3
T5,4,1,200,2
T6,5,1,85,15
[335]
T1,0,0,58,10
T2,1,0,159,10
T3,2,1,116,6
T4,3,0,20,1
T5,4,0,116,3
T6,5,0,200,3
[336]
T1,0,1,66,3
T2,1,0,70,2
T3,2,0,95,5
T4,3,1,200,27
T5,4,1,30,2
T6,5,1,192,20
[337]
T1,0,1,107,19
T2,1,0,33,1
T3,2,0,168,15
T4,3,0,120,9
T5,4,1,200,1
T6,5,0,95,2
[338]
T1,0,0,90,2
T2,1,0,114,2
T3,2,0,80,8
T4,3,0,195,6
T5,4,0,200,10
T6,5,1,45,6
[339]
T1,0,0,36,3
T2,1,0,96,7
T3,2,1,200,2
T4,3,1,99,3
T5,4,0,84,7
T6,5,0,182,18
[340]
T1,0,1,75,2
T2,1,0,137,8
T3,2,0,165,19
T4,3,1,115,4
T5,4,1,200,19
T6,5,1,30,1
[341]
T1,0,0,185,11
T2,1,0,135,20
T3,2,0,120,1
T4,3,0,200,9
T5,4,0,36,3
T6,5,1,110,2
[342]
T1,0,1,69,1
T2,1,0,200,20
T3,2,0,86,10
T4,3,0,49,2
T5,4,0,161,12
T6,5,1,75,1
[343]
T1,0,0,164,13
T2,1,1,70,3
T3,2,1,200,4
T4,3,1,60,4
T5,4,0,48,4
T6,5,0,72,6
[344]
T1,0,1,131,11
T2,1,1,50,2
T3,2,1,150,7
T4,3,0,140,8
T5,4,1,200,29
T6,5,0,80,3
[345]
T1,0,1,84,2
T2,1,0,200,15
T3,2,0,106,15
T4,3,1,179,18
T5,4,0,100,2
T6,5,0,50,3
[346]
T1,0,0,76,7
T2,1,1,40,3
T3,2,0,200,6
T4,3,0,90,4
T5,4,1,190,9
T6,5,0,139,13
[347]
T1,0,1,200,11
T2,1,1,126,3
T3,2,0,123,2
T4,3,0,162,15
T5,4,1,35,5
T6,5,0,98,5
[348]
T1,0,1,52,3
T2,1,1,105,5
T3,2,1,80,16
T4,3,0,168,2
T5,4,0,200,9
T6,5,0,125,1
[349]
T1,0,0,187,2
T2,1,1,22,2
T3,2,1,104,26
T4,3,1,100,3
T5,4,0,200,13
T6,5,0,128,2
[350]
T1,0,0,96,8
T2,1,1,200,20
T3,2,1,140,2
T4,3,1,32,1
T5,4,0,198,13
T6,5,1,88,7
[351]
T1,0,0,85,4
T2,1,1,27,1
T3,2,1,180,5
T4,3,0,144,10
T5,4,0,200,32
T6,5,0,90,2
[352]
T1,0,1,21,2
T2,1,0,110,5
T3,2,0,200,7
T4,3,1,125,5
T5,4,1,176,23
T6,5,1,117,12
[353]
T1,0,0,60,1
T2,1,1,144,22
T3,2,0,200,10
T4,3,1,50,1
T5,4,1,120,5
T6,5,0,188,16
[354]
T1,0,1,75,2
T2,1,0,50,4
T3,2,0,200,5
T4,3,0,185,4
T5,4,1,108,6
T6,5,1,82,15
[355]
T1,0,0,200,20
T2,1,0,26,1
T3,2,1,98,1
T4,3,1,104,9
T5,4,0,150,5
T6,5,0,114,9
[356]
T1,0,1,184,12
T2,1,1,200,34
T3,2,0,25,2
T4,3,1,147,8
T5,4,1,105,5
T6,5,0,115,5
[357]
T1,0,0,145,3
T2,1,1,40,5
T3,2,0,87,2
T4,3,1,200,18
T5,4,0,81,11
T6,5,1,195,2
[358]
T1,0,1,108,4
T2,1,0,184,2
T3,2,0,36,2
T4,3,0,54,10
T5,4,1,72,10
T6,5,1,200,2
[359]
T1,0,0,200,8
T2,1,0,160,8
T3,2,1,86,13
T4,3,0,30,1
T5,4,1,126,8
T6,5,0,75,2
[360]
T1,0,1,100,4
T2,1,0,168,2
T3,2,0,112,3
T4,3,0,90,11
T5,4,0,32,4
T6,5,0,200,7
[361]
T1,0,1,49,3
T2,1,0,92,6
T3,2,1,200,10
T4,3,1,147,10
T5,4,1,77,2
T6,5,1,70,9
[362]
T1,0,0,58,7
T2,1,1,127,3
T3,2,1,180,23
T4,3,0,200,10
T5,4,0,57,2
T6,5,0,50,2
[363]
T1,0,1,99,1
T2,1,1,200,4
T3,2,0,26,1
T4,3,1,162,29
T5,4,1,117,7
T6,5,0,80,4
[364]
T1,0,0,184,12
T2,1,0,74,11
T3,2,0,80,3
T4,3,1,23,2
T5,4,1,200,10
T6,5,1,100,3
[365]
T1,0,0,72,8
T2,1,1,76,6
T3,2,0,30,3
T4,3,0,96,4
T5,4,0,156,2
T6,5,1,200,2
[366]
T1,0,0,133,2
T2,1,1,146,13
T3,2,1,30,2
T4,3,1,190,8
T5,4,0,66,2
T6,5,1,200,28
[367]
T1,0,0,104,9
T2,1,0,184,6
T3,2,0,63,2
T4,3,0,200,11
T5,4,0,92,15
T6,5,0,36,1
[368]
T1,0,0,90,8
T2,1,1,175,17
T3,2,0,20,2
T4,3,0,200,18
T5,4,0,112,4
T6,5,1,127,4
[369]
T1,0,1,100,1
T2,1,1,86,4
T3,2,1,80,16
T4,3,0,164,5
T5,4,0,200,8
T6,5,1,34,1
[370]
T1,0,0,42,2
T2,1,1,140,13
T3,2,1,115,10
T4,3,0,194,3
T5,4,1,100,5
T6,5,0,200,24
[371]
T1,0,0,77,2
T2,1,0,105,3
T3,2,0,200,33
T4,3,0,45,2
T5,4,1,196,8
T6,5,1,84,8
[372]
T1,0,0,165,1
T2,1,0,38,11
T3,2,0,200,8
T4,3,1,105,3
T5,4,1,100,1
T6,5,0,146,1
[373]
T1,0,0,165,14
T2,1,1,126,2
T3,2,1,63,8
T4,3,1,200,8
T5,4,0,140,3
T6,5,0,20,1
[374]
T1,0,1,85,2
T2,1,1,200,5
T3,2,1,168,23
T4,3,1,27,3
T5,4,1,56,2
T6,5,1,75,2
[375]
T1,0,0,84,16
T2,1,1,150,1
T3,2,1,76,1
T4,3,1,46,4
T5,4,0,200,12
T6,5,1,112,2
[376]
T1,0,0,40,1
T2,1,1,104,8
T3,2,1,180,39
T4,3,1,200,1
T5,4,1,141,5
T6,5,1,128,2
[377]
T1,0,1,99,13
T2,1,0,74,2
T3,2,1,198,3
T4,3,0,200,21
T5,4,0,135,10
T6,5,0,36,2
[378]
T1,0,1,147,5
T2,1,0,50,2
T3,2,0,138,3
T4,3,1,200,7
T5,4,1,80,5
T6,5,0,160,29
[379]
T1,0,1,70,9
T2,1,0,116,3
T3,2,0,165,25
T4,3,0,200,1
T5,4,1,98,2
T6,5,0,22,2
[380]
T1,0,0,190,2
T2,1,0,200,2
T3,2,0,59,12
T4,3,0,95,6
T5,4,1,24,2
T6,5,0,75,7
[381]
T1,0,0,30,2
T2,1,1,200,2
T3,2,0,61,2
T4,3,1,156,12
T5,4,1,72,19
T6,5,0,99,2
[382]
T1,0,0,200,4
T2,1,0,25,2
T3,2,0,65,2
T4,3,1,149,6
T5,4,1,80,8
T6,5,1,63,12
[383]
T1,0,1,84,1
T2,1,0,154,3
T3,2,1,200,4
T4,3,0,125,3
T5,4,1,28,7
T6,5,1,105,3
[384]
T1,0,1,136,15
T2,1,0,88,2
T3,2,0,42,2
T4,3,0,200,33
T5,4,0,187,2
T6,5,1,56,3
[385]
T1,0,1,63,2
T2,1,0,168,21
T3,2,1,125,4
T4,3,1,48,3
T5,4,1,200,21
T6,5,1,110,2
[386]
T1,0,0,55,2
T2,1,0,100,8
T3,2,0,52,8
T4,3,1,200,2
T5,4,1,192,3
T6,5,1,117,7
[387]
T1,0,0,58,5
T2,1,0,168,1
T3,2,0,200,5
T4,3,0,107,24
T5,4,1,21,2
T6,5,1,58,1
[388]
T1,0,0,160,5
T2,1,1,110,1
T3,2,0,80,2
T4,3,0,200,40
T5,4,0,25,2
T6,5,0,140,12
[389]
T1,0,1,133,20
T2,1,0,200,6
T3,2,1,75,2
T4,3,0,113,3
T5,4,0,171,18
T6,5,0,48,1
[390]
T1,0,0,24,4
T2,1,1,62,3
T3,2,1,77,10
T4,3,0,165,2
T5,4,0,200,7
T6,5,0,147,2
[391]
T1,0,1,24,2
T2,1,1,112,2
T3,2,1,156,8
T4,3,0,83,9
T5,4,1,200,18
T6,5,0,63,6
[392]
T1,0,0,25,1
T2,1,1,200,12
T3,2,1,127,12
T4,3,0,100,2
T5,4,1,179,21
T6,5,0,120,3
[393]
T1,0,1,89,5
T2,1,0,150,3
T3,2,1,89,11
T4,3,0,147,8
T5,4,1,35,2
T6,5,1,200,22
[394]
T1,0,0,135,32
T2,1,0,189,5
T3,2,1,200,3
T4,3,0,63,2
T5,4,1,140,10
T6,5,1,26,2
[395]
T1,0,0,122,2
T2,1,0,70,3
T3,2,0,35,2
T4,3,0,184,30
T5,4,0,108,3
T6,5,0,200,15
[396]
T1,0,0,48,2
T2,1,0,180,15
T3,2,1,57,5
T4,3,0,99,6
T5,4,0,200,7
T6,5,0,72,4
[397]
T1,0,1,105,8
T2,1,0,175,28
T3,2,0,85,2
T4,3,0,200,2
T5,4,0,44,4
T6,5,1,109,5
[398]
T1,0,0,175,20
T2,1,1,128,2
T3,2,1,84,12
T4,3,1,75,6
T5,4,1,45,2
T6,5,0,200,2
[399]
T1,0,1,200,8
T2,1,0,160,20
T3,2,0,105,2
T4,3,0,76,9
T5,4,1,50,3
T6,5,1,54,1
[400]
T1,0,1,35,2
T2,1,0,113,10
T3,2,0,100,15
T4,3,1,97,1
T5,4,0,175,5
T6,5,0,200,17
[401]
T1,0,0,95,9
T2,1,0,36,2
T3,2,0,140,28
T4,3,0,200,5
T5,4,1,137,2
T6,5,1,152,3
[402]
T1,0,1,200,8
T2,1,0,97,6
T3,2,1,106,11
T4,3,1,100,3
T5,4,1,32,2
T6,5,1,175,24
[403]
T1,0,1,86,2
T2,1,0,86,10
T3,2,0,154,4
T4,3,0,87,3
T5,4,0,200,10
T6,5,1,22,3
[404]
T1,0,1,200,24
T2,1,0,48,2
T3,2,0,83,3
T4,3,1,103,1
T5,4,0,168,29
T6,5,1,100,3
[405]
T1,0,1,200,12
T2,1,0,40,1
T3,2,1,140,16
T4,3,1,70,5
T5,4,0,165,1
T6,5,0,100,8
[406]
T1,0,1,176,13
T2,1,0,80,4
T3,2,1,25,2
T4,3,0,95,3
T5,4,0,102,5
T6,5,0,200,11
[407]
T1,0,0,90,2
T2,1,1,98,7
T3,2,1,125,15
T4,3,1,200,3
T5,4,1,42,3
T6,5,0,156,10
[408]
T1,0,1,195,20
T2,1,0,200,27
T3,2,1,126,2
T4,3,0,80,3
T5,4,1,25,1
T6,5,0,65,1
[409]
T1,0,0,135,2
T2,1,0,162,15
T3,2,1,90,9
T4,3,1,46,1
T5,4,1,94,1
T6,5,0,200,29
[410]
T1,0,0,131,1
T2,1,1,200,21
T3,2,1,23,2
T4,3,0,70,3
T5,4,0,112,23
T6,5,0,196,1
[411]
T1,0,1,84,1
T2,1,0,36,2
T3,2,0,153,5
T4,3,0,200,30
T5,4,1,144,12
T6,5,0,62,6
[412]
T1,0,1,200,25
T2,1,0,74,2
T3,2,0,60,10
T4,3,1,165,14
T5,4,0,42,2
T6,5,0,136,2
[413]
T1,0,0,200,41
T2,1,0,109,3
T3,2,1,25,2
T4,3,0,70,2
T5,4,0,75,9
T6,5,0,155,1
[414]
T1,0,0,136,5
T2,1,0,92,6
T3,2,0,200,22
T4,3,1,168,7
T5,4,1,105,3
T6,5,1,20,2
[415]
T1,0,1,200,4
T2,1,1,39,1
T3,2,0,56,13
T4,3,0,165,2
T5,4,0,54,1
T6,5,0,100,6
[416]
T1,0,0,129,4
T2,1,0,85,8
T3,2,0,200,6
T4,3,1,189,10
T5,4,1,40,3
T6,5,0,120,9
[417]
T1,0,0,145,24
T2,1,1,175,3
T3,2,0,100,2
T4,3,0,30,2
T5,4,1,104,3
T6,5,1,200,25
[418]
T1,0,1,128,9
T2,1,1,140,16
T3,2,1,100,2
T4,3,1,200,12
T5,4,0,191,12
T6,5,1,32,2
[419]
T1,0,1,150,7
T2,1,0,40,7
T3,2,1,133,10
T4,3,1,132,4
T5,4,0,200,3
T6,5,0,55,2
[420]
T1,0,0,112,5
T2,1,1,21,1
T3,2,1,192,29
T4,3,0,127,3
T5,4,1,76,3
T6,5,0,200,14
[421]
T1,0,0,110,12
T2,1,0,22,2
T3,2,0,200,2
T4,3,1,107,10
T5,4,1,170,4
T6,5,0,105,6
[422]
T1,0,1,100,14
T2,1,1,105,12
T3,2,1,200,1
T4,3,0,131,2
T5,4,1,24,1
T6,5,1,161,9
[423]
T1,0,1,200,14
T2,1,1,99,2
T3,2,1,172,17
T4,3,0,20,1
T5,4,0,86,7
T6,5,0,87,4
[424]
T1,0,0,79,1
T2,1,1,60,10
T3,2,0,45,5
T4,3,0,198,8
T5,4,0,200,6
T6,5,1,77,1
[425]
T1,0,0,180,27
T2,1,1,200,14
T3,2,1,80,10
T4,3,0,80,2
T5,4,0,90,2
T6,5,0,20,2
[426]
T1,0,0,146,2
T2,1,1,160,22
T3,2,0,22,1
T4,3,1,68,2
T5,4,1,128,2
T6,5,0,200,24
[427]
T1,0,0,140,13
T2,1,0,144,2
T3,2,1,70,9
T4,3,0,200,7
T5,4,1,152,2
T6,5,0,38,4
[428]
T1,0,0,90,2
T2,1,0,84,2
T3,2,1,32,5
T4,3,1,107,1
T5,4,1,200,12
T6,5,0,195,22
[429]
T1,0,1,200,5
T2,1,0,30,5
T3,2,0,100,2
T4,3,1,107,4
T5,4,0,72,8
T6,5,1,168,6
[430]
T1,0,1,174,23
T2,1,0,36,2
T3,2,1,90,8
T4,3,0,200,7
T5,4,0,75,3
T6,5,0,72,1
[431]
T1,0,1,105,4
T2,1,1,162,2
T3,2,0,21,2
T4,3,1,98,12
T5,4,1,64,8
T6,5,1,200,13
[432]
T1,0,0,200,15
T2,1,1,140,21
T3,2,0,76,6
T4,3,0,80,3
T5,4,1,51,2
T6,5,0,168,3
[433]
T1,0,0,125,3
T2,1,0,95,7
T3,2,0,200,32
T4,3,1,46,4
T5,4,1,190,2
T6,5,1,80,2
[434]
T1,0,0,72,3
T2,1,0,200,18
T3,2,1,164,35
T4,3,1,41,2
T5,4,1,94,2
T6,5,1,82,1
[435]
T1,0,1,180,28
T2,1,1,49,1
T3,2,1,90,9
T4,3,1,100,4
T5,4,1,132,2
T6,5,1,200,11
[436]
T1,0,0,200,10
T2,1,0,104,2
T3,2,0,55,2
T4,3,0,182,14
T5,4,1,40,2
T6,5,0,147,32
[437]
T1,0,0,200,19
T2,1,1,98,2
T3,2,0,90,3
T4,3,1,21,2
T5,4,1,189,17
T6,5,0,145,4
[438]
T1,0,1,180,8
T2,1,1,68,6
T3,2,0,50,1
T4,3,1,141,6
T5,4,1,55,9
T6,5,0,200,1
[439]
T1,0,1,57,2
T2,1,1,61,1
T3,2,0,53,3
T4,3,1,200,19
T5,4,1,75,1
T6,5,1,190,28
[440]
T1,0,0,162,7
T2,1,0,88,16
T3,2,0,120,1
T4,3,0,50,1
T5,4,1,200,1
T6,5,1,124,14
[441]
T1,0,1,87,13
T2,1,0,192,2
T3,2,0,135,2
T4,3,1,200,18
T5,4,0,54,2
T6,5,0,57,5
[442]
T1,0,0,200,2
T2,1,1,60,2
T3,2,0,56,2
T4,3,1,38,6
T5,4,1,85,1
T6,5,0,171,25
[443]
T1,0,0,30,2
T2,1,0,200,2
T3,2,1,79,13
T4,3,1,170,4
T5,4,0,137,7
T6,5,0,100,4
[444]
T1,0,0,20,2
T2,1,1,129,4
T3,2,0,190,14
T4,3,1,114,6
T5,4,0,200,7
T6,5,1,123,20
[445]
T1,0,0,100,5
T2,1,1,200,19
T3,2,1,47,2
T4,3,1,188,19
T5,4,0,102,12
T6,5,1,81,2
[446]
T1,0,0,85,1
T2,1,1,72,1
T3,2,0,156,27
T4,3,0,200,2
T5,4,1,34,3
T6,5,1,105,6
[447]
T1,0,0,85,2
T2,1,1,114,5
T3,2,1,180,28
T4,3,1,34,3
T5,4,0,200,5
T6,5,1,123,2
[448]
T1,0,0,21,2
T2,1,0,200,16
T3,2,1,180,10
T4,3,1,84,3
T5,4,1,77,8
T6,5,0,86,7
[449]
T1,0,1,64,2
T2,1,0,167,49
T3,2,0,200,10
T4,3,0,64,2
T5,4,0,99,2
T6,5,0,32,1
[450]
T1,0,0,62,2
T2,1,1,164,31
T3,2,0,55,2
T4,3,0,40,5
T5,4,1,56,2
T6,5,1,200,4
[451]
T1,0,1,134,2
T2,1,0,200,13
T3,2,0,141,3
T4,3,1,160,2
T5,4,0,125,33
T6,5,1,30,2
[452]
T1,0,0,170,33
T2,1,1,110,2
T3,2,1,200,18
T4,3,1,107,2
T5,4,1,34,1
T6,5,1,121,4
[453]
T1,0,1,148,30
T2,1,1,90,8
T3,2,1,22,2
T4,3,1,57,2
T5,4,0,200,4
T6,5,1,66,2
[454]
T1,0,1,192,2
T2,1,0,91,4
T3,2,0,124,7
T4,3,0,128,6
T5,4,0,24,3
T6,5,0,200,13
[455]
T1,0,1,183,8
T2,1,0,70,1
T3,2,1,112,6
T4,3,0,35,2
T5,4,0,95,2
T6,5,1,200,38
[456]
T1,0,1,80,5
T2,1,1,200,16
T3,2,0,161,10
T4,3,1,77,3
T5,4,1,144,6
T6,5,0,23,2
[457]
T1,0,1,170,8
T2,1,1,200,44
T3,2,1,52,2
T4,3,0,60,2
T5,4,0,119,8
T6,5,1,80,2
[458]
T1,0,0,65,3
T2,1,1,186,2
T3,2,0,120,15
T4,3,1,31,2
T5,4,0,200,2
T6,5,0,54,7
[459]
T1,0,0,25,1
T2,1,0,200,42
T3,2,1,168,4
T4,3,1,70,1
T5,4,0,125,7
T6,5,1,108,3
[460]
T1,0,0,130,19
T2,1,0,105,3
T3,2,1,200,4
T4,3,0,189,21
T5,4,1,113,8
T6,5,0,52,2
[461]
T1,0,1,200,24
T2,1,1,66,2
T3,2,1,70,2
T4,3,0,168,4
T5,4,0,33,5
T6,5,0,120,4
[462]
T1,0,0,200,20
T2,1,1,60,4
T3,2,1,120,5
T4,3,0,73,8
T5,4,0,163,7
T6,5,0,24,2
[463]
T1,0,0,96,11
T2,1,0,65,1
T3,2,0,200,7
T4,3,1,144,11
T5,4,0,154,15
T6,5,1,42,1
[464]
T1,0,0,63,1
T2,1,0,90,8
T3,2,1,176,28
T4,3,1,110,3
T5,4,0,200,12
T6,5,1,44,1
[465]
T1,0,1,103,2
T2,1,1,72,2
T3,2,1,30,2
T4,3,0,200,13
T5,4,1,184,40
T6,5,0,114,12
[466]
T1,0,1,60,5
T2,1,1,56,1
T3,2,1,56,1
T4,3,0,33,1
T5,4,1,180,22
T6,5,1,200,17
[467]
T1,0,0,37,2
T2,1,1,60,7
T3,2,1,200,5
T4,3,0,72,1
T5,4,0,85,5
T6,5,0,175,15
[468]
T1,0,0,105,5
T2,1,0,180,4
T3,2,1,200,2
T4,3,1,40,5
T5,4,0,135,9
T6,5,1,98,9
[469]
T1,0,1,150,1
T2,1,0,44,1
T3,2,0,127,3
T4,3,1,132,28
T5,4,1,97,7
T6,5,0,200,7
[470]
T1,0,0,72,2
T2,1,0,90,13
T3,2,0,26,2
T4,3,0,200,4
T5,4,0,182,14
T6,5,1,135,11
[471]
T1,0,1,54,5
T2,1,1,140,13
T3,2,1,196,17
T4,3,0,80,2
T5,4,1,200,11
T6,5,0,94,2
[472]
T1,0,1,200,11
T2,1,0,184,3
T3,2,1,117,25
T4,3,1,25,2
T5,4,1,100,5
T6,5,1,81,4
[473]
T1,0,0,90,3
T2,1,0,200,23
T3,2,0,40,2
T4,3,0,105,15
T5,4,1,159,1
T6,5,0,120,2
[474]
T1,0,0,198,8
T2,1,1,84,4
T3,2,0,98,11
T4,3,0,100,10
T5,4,1,200,6
T6,5,0,44,2
[475]
T1,0,0,68,5
T2,1,0,52,7
T3,2,1,200,14
T4,3,0,63,2
T5,4,1,180,9
T6,5,0,136,7
[476]
T1,0,0,100,4
T2,1,1,115,1
T3,2,1,200,15
T4,3,0,180,8
T5,4,0,132,19
T6,5,0,31,2
[477]
T1,0,0,24,2
T2,1,0,121,15
T3,2,0,108,6
T4,3,1,160,17
T5,4,0,200,5
T6,5,0,58,3
[478]
T1,0,1,106,1
T2,1,0,90,10
T3,2,1,160,2
T4,3,0,30,2
T5,4,1,88,19
T6,5,0,200,3
[479]
T1,0,1,23,2
T2,1,0,160,1
T3,2,0,90,5
T4,3,1,200,13
T5,4,1,57,4
T6,5,0,96,14
[480]
T1,0,0,30,2
T2,1,1,147,17
T3,2,0,118,12
T4,3,0,75,2
T5,4,1,195,5
T6,5,1,200,10
[481]
T1,0,1,77,9
T2,1,0,112,7
T3,2,1,200,1
T4,3,0,29,2
T5,4,0,175,12
T6,5,1,95,9
[482]
T1,0,1,51,4
T2,1,0,68,8
T3,2,1,196,2
T4,3,1,147,7
T5,4,0,200,19
T6,5,1,55,2
[483]
T1,0,1,104,6
T2,1,0,200,29
T3,2,0,168,10
T4,3,1,20,1
T5,4,1,128,4
T6,5,0,146,3
[484]
T1,0,1,156,1
T2,1,1,135,7
T3,2,0,78,3
T4,3,1,32,4
T5,4,1,200,9
T6,5,0,78,8
[485]
T1,0,0,136,8
T2,1,0,187,15
T3,2,1,128,10
T4,3,0,22,2
T5,4,0,80,9
T6,5,1,200,3
[486]
T1,0,0,200,14
T2,1,1,31,3
T3,2,0,105,4
T4,3,1,65,1
T5,4,0,60,2
T6,5,0,186,27
[487]
T1,0,1,152,1
T2,1,0,30,2
T3,2,0,138,4
T4,3,0,75,12
T5,4,0,132,17
T6,5,1,200,4
[488]
T1,0,1,63,1
T2,1,0,200,33
T3,2,0,164,6
T4,3,0,123,11
T5,4,1,72,5
T6,5,1,45,2
[489]
T1,0,0,168,2
T2,1,0,200,21
T3,2,1,60,6
T4,3,0,28,2
T5,4,1,90,12
T6,5,1,128,2
[490]
T1,0,0,79,20
T2,1,1,58,2
T3,2,1,112,1
T4,3,0,25,2
T5,4,1,200,19
T6,5,0,158,2
[491]
T1,0,1,200,25
T2,1,1,56,1
T3,2,1,77,9
T4,3,1,56,3
T5,4,0,46,2
T6,5,1,184,9
[492]
T1,0,0,185,2
T2,1,1,42,3
T3,2,0,105,8
T4,3,1,143,10
T5,4,0,200,7
T6,5,1,120,13
[493]
T1,0,0,98,4
T2,1,1,140,16
T3,2,0,200,26
T4,3,1,185,1
T5,4,0,25,2
T6,5,0,70,4
[494]
T1,0,0,90,4
T2,1,0,68,1
T3,2,1,35,2
T4,3,1,200,24
T5,4,1,175,21
T6,5,0,55,4
[495]
T1,0,0,22,1
T2,1,0,200,16
T3,2,0,78,2
T4,3,1,65,5
T5,4,1,55,3
T6,5,1,195,13
[496]
T1,0,0,162,2
T2,1,1,135,26
T3,2,0,105,2
T4,3,0,144,5
T5,4,0,24,2
T6,5,1,200,3
[497]
T1,0,0,200,7
T2,1,1,182,20
T3,2,1,108,3
T4,3,0,135,12
T5,4,1,121,2
T6,5,0,27,3
[498]
T1,0,1,166,17
T2,1,1,114,3
T3,2,1,83,11
T4,3,1,200,15
T5,4,0,24,2
T6,5,1,96,2
[499]
T1,0,1,63,2
T2,1,0,189,6
T3,2,0,21,1
T4,3,0,200,31
T5,4,1,133,17
T6,5,0,93,1
[500]
T1,0,1,150,1
T2,1,1,136,11
T3,2,1,39,2
T4,3,0,89,8
T5,4,0,200,8
T6,5,0,84,9
