num_task_per_taskset=6
num_taskset=500
//ID,Priority,Offset,Period,Execution Time
[1]
T1,0,0,52,16
T2,1,0,65,3
T3,2,1,150,2
T4,3,0,200,10
T5,4,1,72,1
T6,5,1,111,4
[2]
T1,0,1,200,30
T2,1,0,38,3
T3,2,0,126,2
T4,3,1,190,15
T5,4,0,72,1
T6,5,1,75,8
[3]
T1,0,0,25,1
T2,1,1,84,2
T3,2,0,136,16
T4,3,0,195,2
T5,4,0,200,40
T6,5,0,78,7
[4]
T1,0,0,36,2
T2,1,1,116,9
T3,2,0,115,1
T4,3,1,63,2
T5,4,0,180,3
T6,5,1,200,54
[5]
T1,0,0,190,13
T2,1,1,104,3
T3,2,1,200,11
T4,3,1,29,5
T5,4,0,100,12
T6,5,1,90,2
[6]
T1,0,0,200,8
T2,1,1,195,49
T3,2,0,26,2
T4,3,1,66,2
T5,4,0,144,9
T6,5,1,75,2
[7]
T1,0,0,116,16
T2,1,0,45,2
T3,2,0,200,14
T4,3,0,174,37
T5,4,1,55,1
T6,5,1,78,2
[8]
T1,0,1,200,9
T2,1,0,93,11
T3,2,0,90,4
T4,3,1,186,2
T5,4,1,107,2
T6,5,1,52,12
[9]
T1,0,0,114,1
T2,1,0,68,2
T3,2,0,200,14
T4,3,0,32,5
T5,4,1,150,2
T6,5,1,120,24
[10]
T1,0,1,60,15
T2,1,0,67,1
T3,2,1,141,1
T4,3,1,40,2
T5,4,1,160,18
T6,5,1,200,14
[11]
T1,0,1,125,2
T2,1,1,72,10
T3,2,0,200,6
T4,3,1,24,3
T5,4,0,185,29
T6,5,0,71,1
[12]
T1,0,0,92,2
T2,1,1,200,26
T3,2,0,108,1
T4,3,1,162,8
T5,4,1,36,6
T6,5,1,147,13
[13]
T1,0,0,75,5
T2,1,1,76,9
T3,2,1,190,8
T4,3,0,77,7
T5,4,0,24,3
T6,5,1,200,6
[14]
T1,0,1,107,2
T2,1,1,114,6
T3,2,0,38,11
T4,3,1,165,7
T5,4,0,133,7
T6,5,0,200,6
[15]
T1,0,1,80,1
T2,1,1,174,12
T3,2,0,200,4
T4,3,0,138,21
T5,4,0,108,6
T6,5,1,29,4
[16]
T1,0,1,104,2
T2,1,1,72,1
T3,2,1,123,28
T4,3,0,45,1
T5,4,0,200,2
T6,5,0,180,36
[17]
T1,0,1,22,2
T2,1,1,75,1
T3,2,0,200,5
T4,3,1,150,48
T5,4,1,105,9
T6,5,1,65,2
[18]
T1,0,1,80,7
T2,1,0,175,8
T3,2,0,100,9
T4,3,0,200,33
T5,4,0,28,1
T6,5,0,146,8
[19]
T1,0,0,200,41
T2,1,1,100,1
T3,2,0,83,3
T4,3,1,160,2
T5,4,1,28,5
T6,5,0,124,3
[20]
T1,0,0,174,17
T2,1,1,85,2
T3,2,1,63,3
T4,3,0,25,2
T5,4,1,105,24
T6,5,1,200,11
[21]
T1,0,1,54,4
T2,1,0,129,9
T3,2,0,20,2
T4,3,1,198,32
T5,4,0,77,2
T6,5,1,200,21
[22]
T1,0,1,98,12
T2,1,1,85,1
T3,2,0,24,1
T4,3,1,200,24
T5,4,1,175,14
T6,5,0,114,11
[23]
T1,0,0,56,5
T2,1,0,39,3
T3,2,1,138,3
T4,3,0,200,10
T5,4,0,63,5
T6,5,1,189,27
[24]
T1,0,1,130,9
T2,1,1,200,8
T3,2,1,72,2
T4,3,0,162,18
T5,4,0,54,3
T6,5,1,111,20
[25]
T1,0,0,200,8
T2,1,1,156,32
T3,2,1,100,1
T4,3,0,24,3
T5,4,0,122,6
T6,5,1,98,2
[26]
T1,0,0,48,4
T2,1,0,195,2
T3,2,1,125,23
T4,3,1,74,10
T5,4,0,200,5
T6,5,1,65,2
[27]
T1,0,1,95,6
T2,1,0,65,11
T3,2,1,190,2
T4,3,1,200,23
T5,4,1,35,1
T6,5,0,141,14
[28]
T1,0,1,119,2
T2,1,0,100,19
T3,2,0,45,1
T4,3,1,200,11
T5,4,0,185,36
T6,5,1,110,2
[29]
T1,0,0,186,11
T2,1,0,100,17
T3,2,0,69,3
T4,3,1,32,2
T5,4,1,135,11
T6,5,0,200,9
[30]
T1,0,1,146,24
T2,1,1,200,5
T3,2,0,122,4
T4,3,0,165,5
T5,4,0,40,5
T6,5,1,88,8
[31]
T1,0,1,80,2
T2,1,0,106,2
T3,2,1,155,10
T4,3,0,200,28
T5,4,1,31,2
T6,5,0,104,25
[32]
T1,0,0,200,5
T2,1,0,153,14
T3,2,1,80,2
T4,3,1,40,2
T5,4,1,129,5
T6,5,1,64,16
[33]
T1,0,0,30,2
T2,1,1,70,2
T3,2,1,200,9
T4,3,1,129,30
T5,4,0,75,1
T6,5,1,148,14
[34]
T1,0,0,191,19
T2,1,0,144,2
T3,2,0,40,2
T4,3,1,60,2
T5,4,1,200,3
T6,5,0,69,19
[35]
T1,0,1,154,6
T2,1,1,84,11
T3,2,1,28,3
T4,3,0,200,1
T5,4,0,108,5
T6,5,0,120,14
[36]
T1,0,0,81,3
T2,1,1,135,25
T3,2,1,195,15
T4,3,1,200,18
T5,4,1,90,8
T6,5,1,30,2
[37]
T1,0,0,99,4
T2,1,0,80,9
T3,2,1,28,6
T4,3,1,60,1
T5,4,0,200,12
T6,5,1,172,1
[38]
T1,0,0,137,3
T2,1,0,150,25
T3,2,0,60,2
T4,3,1,146,22
T5,4,1,34,4
T6,5,0,200,1
[39]
T1,0,0,125,5
T2,1,0,132,22
T3,2,0,20,1
T4,3,1,137,3
T5,4,1,165,13
T6,5,0,200,25
[40]
T1,0,1,150,10
T2,1,0,105,18
T3,2,0,104,6
T4,3,0,200,3
T5,4,1,39,1
T6,5,0,64,9
[41]
T1,0,0,90,4
T2,1,0,150,1
T3,2,1,23,1
T4,3,0,95,2
T5,4,0,200,19
T6,5,0,90,21
[42]
T1,0,1,152,2
T2,1,0,73,4
T3,2,0,90,1
T4,3,1,200,58
T5,4,1,56,6
T6,5,1,28,2
[43]
T1,0,1,99,3
T2,1,0,200,18
T3,2,1,50,2
T4,3,0,55,2
T5,4,0,72,2
T6,5,1,152,46
[44]
T1,0,0,200,10
T2,1,1,132,2
T3,2,1,65,2
T4,3,1,150,9
T5,4,0,41,7
T6,5,1,100,16
[45]
T1,0,1,56,2
T2,1,0,40,1
T3,2,1,200,2
T4,3,0,135,16
T5,4,1,100,21
T6,5,1,197,19
[46]
T1,0,0,28,5
T2,1,1,54,4
T3,2,1,200,9
T4,3,0,126,10
T5,4,0,161,2
T6,5,0,144,11
[47]
T1,0,1,170,31
T2,1,1,200,1
T3,2,1,124,1
T4,3,0,75,11
T5,4,0,35,1
T6,5,0,140,14
[48]
T1,0,0,50,1
T2,1,0,144,9
T3,2,1,200,12
T4,3,1,55,6
T5,4,1,120,7
T6,5,0,176,25
[49]
T1,0,1,137,3
T2,1,1,33,1
T3,2,1,80,13
T4,3,1,150,6
T5,4,1,200,18
T6,5,0,132,17
[50]
T1,0,0,195,3
T2,1,0,200,11
T3,2,0,84,9
T4,3,0,25,2
T5,4,0,120,2
T6,5,1,144,26
[51]
T1,0,0,112,22
T2,1,1,200,4
T3,2,0,80,2
T4,3,1,75,6
T5,4,1,22,2
T6,5,0,196,31
[52]
T1,0,0,74,9
T2,1,0,64,7
T3,2,1,87,10
T4,3,1,180,9
T5,4,1,20,2
T6,5,0,200,16
[53]
T1,0,0,88,9
T2,1,1,36,3
T3,2,0,132,8
T4,3,0,200,18
T5,4,0,111,2
T6,5,1,162,21
[54]
T1,0,0,77,3
T2,1,0,63,4
T3,2,0,148,7
T4,3,0,40,5
T5,4,1,200,13
T6,5,1,74,10
[55]
T1,0,1,90,10
T2,1,1,115,2
T3,2,0,30,2
T4,3,0,124,2
T5,4,1,186,2
T6,5,1,200,68
[56]
T1,0,0,160,9
T2,1,1,82,8
T3,2,1,200,8
T4,3,1,26,2
T5,4,0,131,5
T6,5,0,130,30
[57]
T1,0,0,200,51
T2,1,1,98,10
T3,2,0,195,17
T4,3,0,102,2
T5,4,1,130,3
T6,5,0,21,2
[58]
T1,0,1,20,2
T2,1,1,200,2
T3,2,1,133,2
T4,3,0,180,2
T5,4,1,106,13
T6,5,1,140,48
[59]
T1,0,1,130,2
T2,1,1,96,2
T3,2,1,200,29
T4,3,1,52,2
T5,4,1,184,39
T6,5,1,98,3
[60]
T1,0,0,103,8
T2,1,1,78,9
T3,2,1,200,12
T4,3,0,156,1
T5,4,1,145,18
T6,5,0,24,2
[61]
T1,0,0,164,10
T2,1,0,200,2
T3,2,1,24,2
T4,3,0,60,15
T5,4,0,88,4
T6,5,0,99,12
[62]
T1,0,0,139,13
T2,1,0,40,2
T3,2,1,130,2
T4,3,0,200,59
T5,4,1,188,8
T6,5,1,120,2
[63]
T1,0,1,67,1
T2,1,0,90,4
T3,2,0,153,25
T4,3,1,24,2
T5,4,1,132,10
T6,5,0,200,12
[64]
T1,0,0,20,1
T2,1,1,80,2
T3,2,0,105,24
T4,3,1,200,29
T5,4,1,135,3
T6,5,0,194,5
[65]
T1,0,0,171,2
T2,1,1,52,2
T3,2,1,200,50
T4,3,0,100,9
T5,4,0,65,3
T6,5,0,143,6
[66]
T1,0,0,200,47
T2,1,1,76,12
T3,2,1,75,2
T4,3,1,76,2
T5,4,1,24,2
T6,5,1,168,5
[67]
T1,0,0,129,8
T2,1,0,200,17
T3,2,0,45,9
T4,3,0,112,2
T5,4,1,144,15
T6,5,1,153,2
[68]
T1,0,1,200,17
T2,1,0,78,5
T3,2,1,56,5
T4,3,0,175,25
T5,4,1,135,4
T6,5,0,23,1
[69]
T1,0,1,176,16
T2,1,0,22,2
T3,2,1,87,2
T4,3,1,116,4
T5,4,0,200,30
T6,5,0,122,22
[70]
T1,0,0,150,3
T2,1,0,100,21
T3,2,1,62,1
T4,3,1,115,11
T5,4,0,200,13
T6,5,1,27,1
[71]
T1,0,0,44,1
T2,1,1,200,4
T3,2,1,99,2
T4,3,1,60,5
T5,4,0,104,11
T6,5,0,164,34
[72]
T1,0,0,134,11
T2,1,1,22,1
T3,2,0,75,4
T4,3,1,72,2
T5,4,0,172,14
T6,5,0,200,31
[73]
T1,0,1,43,2
T2,1,1,65,12
T3,2,1,141,16
T4,3,1,104,7
T5,4,0,200,4
T6,5,1,172,17
[74]
T1,0,1,200,20
T2,1,0,140,4
T3,2,1,91,1
T4,3,1,160,27
T5,4,1,49,5
T6,5,0,136,8
[75]
T1,0,0,144,7
T2,1,0,117,27
T3,2,0,182,7
T4,3,1,67,4
T5,4,0,27,2
T6,5,1,200,1
[76]
T1,0,1,50,1
T2,1,0,114,1
T3,2,0,160,7
T4,3,1,200,7
T5,4,1,130,26
T6,5,0,128,23
[77]
T1,0,1,78,15
T2,1,0,174,2
T3,2,0,72,4
T4,3,0,200,14
T5,4,1,75,2
T6,5,0,40,6
[78]
T1,0,1,126,1
T2,1,0,200,13
T3,2,0,141,28
T4,3,0,150,21
T5,4,0,30,2
T6,5,0,67,2
[79]
T1,0,0,200,21
T2,1,0,94,1
T3,2,0,81,6
T4,3,1,180,5
T5,4,0,54,11
T6,5,1,129,5
[80]
T1,0,0,200,57
T2,1,0,196,7
T3,2,0,70,2
T4,3,0,80,2
T5,4,1,21,1
T6,5,1,125,10
[81]
T1,0,1,146,21
T2,1,0,32,4
T3,2,0,155,14
T4,3,0,200,5
T5,4,1,100,2
T6,5,1,93,7
[82]
T1,0,0,126,12
T2,1,1,72,6
T3,2,0,190,14
T4,3,0,114,4
T5,4,0,20,2
T6,5,0,200,17
[83]
T1,0,0,147,10
T2,1,0,200,1
T3,2,1,70,4
T4,3,1,55,8
T5,4,1,28,1
T6,5,1,115,18
[84]
T1,0,1,200,12
T2,1,0,195,3
T3,2,0,26,2
T4,3,1,71,10
T5,4,1,120,1
T6,5,1,57,13
[85]
T1,0,0,142,17
T2,1,0,43,2
T3,2,0,175,11
T4,3,1,200,17
T5,4,1,125,10
T6,5,0,105,9
[86]
T1,0,0,88,4
T2,1,1,165,42
T3,2,1,23,2
T4,3,0,66,7
T5,4,1,86,2
T6,5,1,200,7
[87]
T1,0,1,58,2
T2,1,1,126,33
T3,2,1,153,12
T4,3,0,200,7
T5,4,0,45,1
T6,5,0,72,5
[88]
T1,0,1,200,6
T2,1,0,60,3
T3,2,1,46,5
T4,3,1,69,4
T5,4,0,168,23
T6,5,1,98,7
[89]
T1,0,0,64,13
T2,1,1,157,2
T3,2,1,200,7
T4,3,0,131,1
T5,4,1,50,9
T6,5,0,75,3
[90]
T1,0,1,60,5
T2,1,1,35,2
T3,2,0,190,35
T4,3,0,56,4
T5,4,0,96,3
T6,5,1,200,14
[91]
T1,0,0,135,41
T2,1,1,200,1
T3,2,1,40,3
T4,3,0,98,5
T5,4,0,100,4
T6,5,0,183,2
[92]
T1,0,1,64,6
T2,1,1,20,2
T3,2,0,56,19
T4,3,1,182,2
T5,4,1,200,2
T6,5,0,125,1
[93]
T1,0,1,130,17
T2,1,1,120,20
T3,2,1,164,12
T4,3,0,200,7
T5,4,0,50,1
T6,5,0,117,6
[94]
T1,0,1,74,1
T2,1,0,200,28
T3,2,0,60,5
T4,3,1,150,11
T5,4,0,32,5
T6,5,0,133,2
[95]
T1,0,0,164,25
T2,1,1,115,2
T3,2,1,119,1
T4,3,1,41,3
T5,4,0,82,15
T6,5,0,200,6
[96]
T1,0,0,164,1
T2,1,0,50,9
T3,2,1,114,10
T4,3,0,121,15
T5,4,1,200,10
T6,5,1,57,1
[97]
T1,0,0,68,4
T2,1,0,45,2
T3,2,0,67,8
T4,3,0,200,14
T5,4,1,100,18
T6,5,0,162,4
[98]
T1,0,0,112,19
T2,1,0,51,4
T3,2,0,102,5
T4,3,1,196,11
T5,4,1,74,2
T6,5,1,200,19
[99]
T1,0,1,126,9
T2,1,0,62,7
T3,2,1,168,15
T4,3,0,42,4
T5,4,0,200,2
T6,5,1,76,7
[100]
T1,0,1,104,3
T2,1,0,100,1
T3,2,0,30,2
T4,3,1,159,29
T5,4,0,200,20
T6,5,0,138,18
[101]
T1,0,0,180,1
T2,1,1,200,14
T3,2,0,88,18
T4,3,0,23,2
T5,4,0,144,23
T6,5,0,120,4
[102]
T1,0,1,30,4
T2,1,0,124,15
T3,2,0,60,1
T4,3,1,200,22
T5,4,0,165,2
T6,5,0,124,7
[103]
T1,0,1,200,2
T2,1,1,20,2
T3,2,0,153,21
T4,3,0,75,16
T5,4,0,84,1
T6,5,1,118,11
[104]
T1,0,1,20,1
T2,1,0,58,8
T3,2,0,200,23
T4,3,1,180,20
T5,4,1,106,2
T6,5,0,80,2
[105]
T1,0,1,77,6
T2,1,0,168,16
T3,2,0,21,2
T4,3,1,67,7
T5,4,1,67,2
T6,5,1,200,32
[106]
T1,0,1,200,14
T2,1,1,129,2
T3,2,1,180,9
T4,3,0,105,10
T5,4,1,56,12
T6,5,1,22,2
[107]
T1,0,1,35,5
T2,1,0,200,10
T3,2,0,55,2
T4,3,0,65,3
T5,4,1,168,31
T6,5,1,120,2
[108]
T1,0,1,20,2
T2,1,1,200,25
T3,2,1,130,2
T4,3,1,74,12
T5,4,1,88,11
T6,5,0,180,5
[109]
T1,0,0,64,4
T2,1,0,21,1
T3,2,0,200,17
T4,3,0,95,6
T5,4,0,175,27
T6,5,1,63,2
[110]
T1,0,0,61,3
T2,1,1,25,3
T3,2,1,150,1
T4,3,1,111,7
T5,4,0,200,39
T6,5,0,136,2
[111]
T1,0,1,200,40
T2,1,1,148,13
T3,2,0,120,1
T4,3,0,21,2
T5,4,0,111,8
T6,5,0,112,2
[112]
T1,0,0,200,4
T2,1,0,56,6
T3,2,0,108,2
T4,3,0,25,2
T5,4,0,91,23
T6,5,0,184,13
[113]
T1,0,0,100,18
T2,1,0,112,2
T3,2,1,33,2
T4,3,0,198,7
T5,4,0,110,16
T6,5,1,200,18
[114]
T1,0,1,59,11
T2,1,1,150,2
T3,2,1,78,2
T4,3,0,56,13
T5,4,0,30,2
T6,5,1,200,8
[115]
T1,0,0,152,27
T2,1,0,200,4
T3,2,1,123,31
T4,3,0,24,2
T5,4,0,100,1
T6,5,0,59,2
[116]
T1,0,0,27,2
T2,1,1,200,29
T3,2,1,65,5
T4,3,0,195,5
T5,4,0,120,4
T6,5,1,96,18
[117]
T1,0,0,100,4
T2,1,1,200,41
T3,2,0,78,8
T4,3,0,164,3
T5,4,1,115,9
T6,5,0,24,2
[118]
T1,0,1,64,3
T2,1,0,76,6
T3,2,1,67,1
T4,3,1,50,4
T5,4,1,168,2
T6,5,1,200,48
[119]
T1,0,0,80,5
T2,1,1,200,19
T3,2,1,168,1
T4,3,1,46,10
T5,4,0,77,5
T6,5,0,138,1
[120]
T1,0,1,24,1
T2,1,0,165,1
T3,2,1,87,7
T4,3,0,55,7
T5,4,1,131,12
T6,5,0,200,20
[121]
T1,0,0,85,4
T2,1,0,124,4
T3,2,1,50,11
T4,3,1,200,15
T5,4,0,186,8
T6,5,0,132,6
[122]
T1,0,1,200,1
T2,1,1,114,26
T3,2,1,45,5
T4,3,0,135,15
T5,4,0,116,3
T6,5,1,190,2
[123]
T1,0,1,141,34
T2,1,1,200,10
T3,2,1,87,4
T4,3,1,50,5
T5,4,1,188,7
T6,5,1,81,2
[124]
T1,0,0,200,9
T2,1,1,117,9
T3,2,0,182,3
T4,3,1,95,1
T5,4,0,27,6
T6,5,1,135,10
[125]
T1,0,0,62,10
T2,1,1,200,2
T3,2,0,80,2
T4,3,1,126,18
T5,4,1,46,3
T6,5,0,175,12
[126]
T1,0,1,200,66
T2,1,0,196,8
T3,2,1,98,2
T4,3,0,56,1
T5,4,0,120,1
T6,5,1,22,1
[127]
T1,0,0,89,5
T2,1,1,170,49
T3,2,0,48,3
T4,3,0,200,11
T5,4,1,90,1
T6,5,0,54,2
[128]
T1,0,1,52,4
T2,1,0,80,5
T3,2,0,175,30
T4,3,0,143,18
T5,4,1,200,4
T6,5,0,78,1
[129]
T1,0,1,120,5
T2,1,0,117,9
T3,2,1,189,17
T4,3,0,200,16
T5,4,1,27,2
T6,5,1,135,14
[130]
T1,0,0,126,2
T2,1,1,101,3
T3,2,1,136,20
T4,3,1,200,2
T5,4,0,175,15
T6,5,1,24,4
[131]
T1,0,0,161,22
T2,1,0,125,1
T3,2,1,200,23
T4,3,1,50,3
T5,4,1,70,11
T6,5,0,63,2
[132]
T1,0,0,175,3
T2,1,0,112,7
T3,2,1,200,37
T4,3,1,78,12
T5,4,1,127,3
T6,5,1,27,1
[133]
T1,0,0,171,14
T2,1,1,81,3
T3,2,1,61,2
T4,3,1,60,6
T5,4,0,24,2
T6,5,0,200,30
[134]
T1,0,1,90,3
T2,1,0,200,30
T3,2,1,174,1
T4,3,0,73,6
T5,4,0,81,5
T6,5,1,24,3
[135]
T1,0,0,120,9
T2,1,1,108,2
T3,2,0,39,2
T4,3,0,168,43
T5,4,0,129,9
T6,5,1,200,13
[136]
T1,0,1,81,2
T2,1,0,36,2
T3,2,0,170,8
T4,3,1,102,3
T5,4,0,120,12
T6,5,0,200,48
[137]
T1,0,1,192,17
T2,1,1,36,3
T3,2,1,88,8
T4,3,0,138,11
T5,4,0,200,23
T6,5,0,128,1
[138]
T1,0,1,113,3
T2,1,0,144,7
T3,2,1,180,23
T4,3,0,200,30
T5,4,0,45,1
T6,5,0,143,12
[139]
T1,0,0,175,13
T2,1,0,200,5
T3,2,0,135,24
T4,3,0,137,16
T5,4,0,32,2
T6,5,0,125,11
[140]
T1,0,0,156,26
T2,1,1,50,3
T3,2,1,82,16
T4,3,1,74,1
T5,4,0,60,2
T6,5,1,200,9
[141]
T1,0,1,54,12
T2,1,1,162,7
T3,2,0,94,3
T4,3,0,50,2
T5,4,1,109,10
T6,5,0,200,9
[142]
T1,0,1,63,2
T2,1,0,200,28
T3,2,1,45,4
T4,3,1,75,6
T5,4,0,128,16
T6,5,1,175,1
[143]
T1,0,1,111,1
T2,1,0,96,24
T3,2,0,36,2
T4,3,1,200,29
T5,4,0,175,6
T6,5,0,63,2
[144]
T1,0,1,115,8
T2,1,0,147,6
T3,2,0,45,6
T4,3,1,140,9
T5,4,0,200,33
T6,5,1,189,1
[145]
T1,0,1,200,8
T2,1,0,161,7
T3,2,1,35,7
T4,3,0,72,5
T5,4,1,75,4
T6,5,1,57,3
[146]
T1,0,1,200,3
T2,1,0,195,44
T3,2,1,45,1
T4,3,1,69,4
T5,4,0,117,1
T6,5,0,55,7
[147]
T1,0,0,69,16
T2,1,0,62,5
T3,2,1,200,2
T4,3,1,155,7
T5,4,1,40,1
T6,5,1,94,8
[148]
T1,0,1,64,1
T2,1,0,160,17
T3,2,0,46,5
T4,3,0,56,3
T5,4,1,108,17
T6,5,1,200,4
[149]
T1,0,1,85,2
T2,1,0,192,16
T3,2,1,25,1
T4,3,1,70,18
T5,4,1,200,4
T6,5,0,124,4
[150]
T1,0,1,149,12
T2,1,0,76,15
T3,2,0,76,4
T4,3,1,25,1
T5,4,0,88,7
T6,5,0,200,2
[151]
T1,0,1,128,13
T2,1,0,155,10
T3,2,0,130,17
T4,3,1,31,2
T5,4,1,96,3
T6,5,0,200,30
[152]
T1,0,0,60,3
T2,1,1,105,18
T3,2,1,32,4
T4,3,0,200,13
T5,4,1,100,4
T6,5,0,165,4
[153]
T1,0,0,200,5
T2,1,0,77,13
T3,2,1,40,2
T4,3,1,118,11
T5,4,0,102,8
T6,5,0,175,17
[154]
T1,0,1,45,3
T2,1,1,153,16
T3,2,0,68,4
T4,3,1,64,2
T5,4,1,90,18
T6,5,0,200,8
[155]
T1,0,1,164,12
T2,1,1,55,2
T3,2,0,200,35
T4,3,0,66,12
T5,4,1,50,2
T6,5,0,93,1
[156]
T1,0,1,65,4
T2,1,0,120,4
T3,2,0,200,23
T4,3,0,48,6
T5,4,0,83,8
T6,5,0,150,6
[157]
T1,0,1,128,11
T2,1,1,190,14
T3,2,0,25,2
T4,3,0,200,28
T5,4,1,100,11
T6,5,1,54,2
[158]
T1,0,0,190,18
T2,1,0,81,3
T3,2,1,55,2
T4,3,1,32,9
T5,4,0,57,1
T6,5,1,200,3
[159]
T1,0,1,26,1
T2,1,0,77,2
T3,2,1,200,44
T4,3,1,184,19
T5,4,1,112,3
T6,5,1,100,5
[160]
T1,0,0,158,38
T2,1,0,200,22
T3,2,1,126,2
T4,3,1,78,2
T5,4,0,78,5
T6,5,0,30,2
[161]
T1,0,0,200,1
T2,1,0,90,9
T3,2,1,90,23
T4,3,1,184,1
T5,4,1,90,2
T6,5,0,32,3
[162]
T1,0,1,146,1
T2,1,1,73,11
T3,2,1,116,23
T4,3,0,48,3
T5,4,0,180,9
T6,5,1,200,1
[163]
T1,0,0,21,2
T2,1,1,168,11
T3,2,0,200,1
T4,3,1,63,5
T5,4,1,79,10
T6,5,0,89,14
[164]
T1,0,0,90,7
T2,1,0,200,27
T3,2,0,168,3
T4,3,1,38,2
T5,4,0,135,3
T6,5,0,106,23
[165]
T1,0,1,200,17
T2,1,0,170,9
T3,2,0,72,2
T4,3,0,75,2
T5,4,0,31,2
T6,5,0,77,25
[166]
T1,0,1,102,2
T2,1,0,200,35
T3,2,0,75,8
T4,3,0,68,3
T5,4,0,180,6
T6,5,0,23,2
[167]
T1,0,1,113,4
T2,1,0,75,3
T3,2,1,200,3
T4,3,1,129,11
T5,4,0,40,4
T6,5,1,180,35
[168]
T1,0,1,34,2
T2,1,0,90,13
T3,2,0,72,7
T4,3,1,82,3
T5,4,0,175,3
T6,5,1,200,32
[169]
T1,0,1,180,29
T2,1,0,63,7
T3,2,0,74,8
T4,3,0,40,1
T5,4,1,200,4
T6,5,1,84,3
[170]
T1,0,1,117,13
T2,1,0,51,8
T3,2,0,195,14
T4,3,1,112,1
T5,4,0,200,23
T6,5,1,120,2
[171]
T1,0,0,64,5
T2,1,1,200,24
T3,2,0,68,7
T4,3,0,192,26
T5,4,1,119,2
T6,5,0,51,1
[172]
T1,0,0,128,15
T2,1,1,90,4
T3,2,0,160,9
T4,3,0,21,3
T5,4,0,91,6
T6,5,1,200,4
[173]
T1,0,0,104,6
T2,1,0,86,11
T3,2,0,175,1
T4,3,0,200,28
T5,4,1,24,2
T6,5,1,135,6
[174]
T1,0,0,115,40
T2,1,0,60,2
T3,2,1,102,1
T4,3,1,46,2
T5,4,1,200,16
T6,5,0,155,3
[175]
T1,0,1,114,14
T2,1,1,30,2
T3,2,0,200,7
T4,3,0,95,16
T5,4,0,160,2
T6,5,1,115,16
[176]
T1,0,0,72,5
T2,1,1,182,2
T3,2,0,127,1
T4,3,0,200,50
T5,4,1,70,2
T6,5,0,52,6
[177]
T1,0,1,63,5
T2,1,1,198,7
T3,2,0,108,3
T4,3,1,36,2
T5,4,0,200,18
T6,5,1,110,25
[178]
T1,0,0,200,23
T2,1,1,60,2
T3,2,0,168,2
T4,3,1,58,7
T5,4,0,32,3
T6,5,1,58,7
[179]
T1,0,1,66,7
T2,1,1,40,2
T3,2,0,116,13
T4,3,1,136,3
T5,4,0,170,11
T6,5,0,200,22
[180]
T1,0,0,200,22
T2,1,0,80,16
T3,2,0,38,2
T4,3,1,121,6
T5,4,0,134,11
T6,5,0,190,4
[181]
T1,0,0,165,6
T2,1,1,75,2
T3,2,0,71,12
T4,3,0,111,8
T5,4,0,22,2
T6,5,1,200,31
[182]
T1,0,1,124,9
T2,1,0,200,7
T3,2,1,44,2
T4,3,1,120,12
T5,4,1,132,21
T6,5,0,158,11
[183]
T1,0,0,126,2
T2,1,0,60,2
T3,2,1,113,8
T4,3,0,200,75
T5,4,0,150,1
T6,5,1,30,2
[184]
T1,0,1,75,13
T2,1,0,60,4
T3,2,1,200,13
T4,3,0,60,6
T5,4,1,42,2
T6,5,1,150,7
[185]
T1,0,1,74,4
T2,1,1,60,1
T3,2,0,59,5
T4,3,0,200,11
T5,4,1,33,2
T6,5,0,150,37
[186]
T1,0,0,200,13
T2,1,1,85,21
T3,2,1,22,2
T4,3,0,88,3
T5,4,0,170,9
T6,5,1,112,5
[187]
T1,0,0,110,16
T2,1,1,91,7
T3,2,1,200,8
T4,3,0,42,2
T5,4,1,175,17
T6,5,0,61,4
[188]
T1,0,1,81,11
T2,1,1,113,9
T3,2,1,100,2
T4,3,1,200,33
T5,4,0,180,5
T6,5,1,40,2
[189]
T1,0,1,59,8
T2,1,1,24,2
T3,2,0,80,16
T4,3,0,96,3
T5,4,1,170,13
T6,5,0,200,3
[190]
T1,0,1,164,1
T2,1,0,200,26
T3,2,1,71,6
T4,3,1,40,4
T5,4,1,142,13
T6,5,0,106,5
[191]
T1,0,0,40,5
T2,1,1,107,7
T3,2,1,100,16
T4,3,0,144,11
T5,4,0,200,2
T6,5,0,158,4
[192]
T1,0,0,21,2
T2,1,0,130,18
T3,2,0,195,26
T4,3,1,123,10
T5,4,1,112,1
T6,5,0,200,2
[193]
T1,0,0,120,7
T2,1,0,198,7
T3,2,1,200,50
T4,3,0,63,2
T5,4,1,21,1
T6,5,0,83,6
[194]
T1,0,1,132,20
T2,1,1,44,1
T3,2,0,75,1
T4,3,1,111,13
T5,4,0,200,23
T6,5,0,186,8
[195]
T1,0,0,195,11
T2,1,1,88,5
T3,2,0,44,12
T4,3,0,104,3
T5,4,1,95,2
T6,5,0,200,11
[196]
T1,0,0,87,3
T2,1,0,60,9
T3,2,1,165,3
T4,3,0,143,5
T5,4,0,200,9
T6,5,0,24,4
[197]
T1,0,0,28,1
T2,1,1,200,35
T3,2,0,90,1
T4,3,1,100,3
T5,4,1,168,25
T6,5,1,136,10
[198]
T1,0,0,72,5
T2,1,0,48,1
T3,2,1,139,6
T4,3,1,200,28
T5,4,1,153,16
T6,5,1,54,5
[199]
T1,0,0,190,24
T2,1,1,80,5
T3,2,0,200,24
T4,3,1,84,1
T5,4,1,72,8
T6,5,0,33,1
[200]
T1,0,0,130,14
T2,1,0,62,7
T3,2,1,102,13
T4,3,1,200,11
T5,4,0,31,2
T6,5,1,150,1
[201]
T1,0,1,84,12
T2,1,0,192,1
T3,2,0,25,2
T4,3,1,92,18
T5,4,1,56,1
T6,5,1,200,19
[202]
T1,0,0,25,2
T2,1,1,91,14
T3,2,0,60,1
T4,3,1,68,2
T5,4,1,200,22
T6,5,1,194,35
[203]
T1,0,1,200,37
T2,1,1,143,14
T3,2,1,103,1
T4,3,1,60,2
T5,4,1,192,25
T6,5,0,52,3
[204]
T1,0,0,200,28
T2,1,1,176,2
T3,2,1,21,2
T4,3,1,120,26
T5,4,0,120,5
T6,5,0,138,10
[205]
T1,0,0,30,2
T2,1,1,105,4
T3,2,0,200,2
T4,3,0,85,30
T5,4,1,188,7
T6,5,1,141,2
[206]
T1,0,0,200,2
T2,1,1,189,14
T3,2,1,142,20
T4,3,0,92,2
T5,4,0,25,6
T6,5,0,84,1
[207]
T1,0,1,40,1
T2,1,1,152,1
T3,2,1,75,12
T4,3,1,58,2
T5,4,1,70,14
T6,5,1,200,11
[208]
T1,0,1,41,1
T2,1,1,92,5
T3,2,0,164,2
T4,3,0,68,2
T5,4,0,82,8
T6,5,0,200,52
[209]
T1,0,1,110,19
T2,1,1,78,14
T3,2,0,200,1
T4,3,0,20,2
T5,4,1,70,2
T6,5,1,154,7
[210]
T1,0,1,200,20
T2,1,0,189,2
T3,2,0,102,7
T4,3,0,27,1
T5,4,0,102,19
T6,5,0,126,11
[211]
T1,0,1,198,29
T2,1,0,65,1
T3,2,0,35,4
T4,3,0,77,3
T5,4,1,200,23
T6,5,0,132,4
[212]
T1,0,0,171,18
T2,1,0,100,22
T3,2,0,135,5
T4,3,1,200,11
T5,4,1,40,1
T6,5,0,64,2
[213]
T1,0,0,190,31
T2,1,0,200,7
T3,2,1,82,2
T4,3,1,95,20
T5,4,0,35,1
T6,5,0,132,5
[214]
T1,0,1,50,5
T2,1,1,200,4
T3,2,1,135,2
T4,3,0,170,8
T5,4,1,144,17
T6,5,0,91,16
[215]
T1,0,1,64,6
T2,1,1,32,2
T3,2,0,200,17
T4,3,0,119,1
T5,4,0,156,22
T6,5,1,88,13
[216]
T1,0,0,200,38
T2,1,1,42,2
T3,2,0,106,25
T4,3,1,168,6
T5,4,1,84,1
T6,5,1,96,2
[217]
T1,0,0,148,12
T2,1,0,26,2
T3,2,0,111,2
T4,3,1,200,3
T5,4,1,127,9
T6,5,0,90,18
[218]
T1,0,0,64,2
T2,1,1,156,40
T3,2,0,45,3
T4,3,1,200,9
T5,4,1,135,3
T6,5,0,72,4
[219]
T1,0,0,25,2
T2,1,1,80,9
T3,2,1,81,4
T4,3,1,94,5
T5,4,0,168,12
T6,5,1,200,20
[220]
T1,0,0,153,7
T2,1,1,138,2
T3,2,1,77,8
T4,3,1,90,21
T5,4,1,51,4
T6,5,0,200,2
[221]
T1,0,0,172,24
T2,1,0,72,2
T3,2,0,60,15
T4,3,0,65,3
T5,4,0,36,2
T6,5,0,200,2
[222]
T1,0,1,200,4
T2,1,1,130,3
T3,2,1,182,44
T4,3,0,65,8
T5,4,1,20,2
T6,5,0,120,8
[223]
T1,0,1,39,10
T2,1,1,200,5
T3,2,1,195,20
T4,3,1,56,1
T5,4,0,131,1
T6,5,0,100,4
[224]
T1,0,0,100,2
T2,1,1,130,39
T3,2,1,75,2
T4,3,0,161,8
T5,4,0,200,2
T6,5,1,35,3
[225]
T1,0,0,68,16
T2,1,0,200,11
T3,2,1,35,1
T4,3,0,150,3
T5,4,1,120,1
T6,5,1,113,14
[226]
T1,0,0,200,8
T2,1,1,150,3
T3,2,1,102,6
T4,3,0,113,22
T5,4,1,130,6
T6,5,0,48,5
[227]
T1,0,0,200,36
T2,1,1,180,2
T3,2,1,124,12
T4,3,0,30,2
T5,4,1,102,6
T6,5,0,100,7
[228]
T1,0,0,150,13
T2,1,0,82,12
T3,2,1,200,2
T4,3,1,75,2
T5,4,1,85,7
T6,5,1,34,4
[229]
T1,0,1,25,2
T2,1,1,78,1
T3,2,0,74,2
T4,3,0,200,1
T5,4,1,55,7
T6,5,1,150,26
[230]
T1,0,0,168,5
T2,1,1,50,5
T3,2,1,75,2
T4,3,0,74,18
T5,4,1,200,11
T6,5,0,131,5
[231]
T1,0,1,108,12
T2,1,1,141,12
T3,2,1,175,13
T4,3,1,34,2
T5,4,0,200,23
T6,5,0,126,9
[232]
T1,0,0,190,12
T2,1,0,80,15
T3,2,0,46,3
T4,3,1,138,8
T5,4,0,200,4
T6,5,1,136,11
[233]
T1,0,0,35,2
T2,1,1,177,30
T3,2,1,80,11
T4,3,1,136,13
T5,4,1,200,3
T6,5,1,75,4
[234]
T1,0,1,126,21
T2,1,1,44,4
T3,2,1,132,10
T4,3,0,200,13
T5,4,0,189,11
T6,5,1,112,3
[235]
T1,0,1,45,5
T2,1,0,100,3
T3,2,0,95,7
T4,3,0,190,29
T5,4,0,84,6
T6,5,0,200,5
[236]
T1,0,1,84,1
T2,1,1,135,3
T3,2,1,130,10
T4,3,1,168,13
T5,4,0,49,7
T6,5,1,200,28
[237]
T1,0,0,40,1
T2,1,0,96,2
T3,2,0,146,15
T4,3,0,192,1
T5,4,1,90,12
T6,5,1,200,36
[238]
T1,0,1,50,10
T2,1,1,112,8
T3,2,0,64,3
T4,3,0,120,10
T5,4,1,170,3
T6,5,1,200,13
[239]
T1,0,1,130,12
T2,1,1,146,16
T3,2,0,95,6
T4,3,0,200,5
T5,4,1,150,6
T6,5,0,30,4
[240]
T1,0,1,132,14
T2,1,0,150,29
T3,2,0,110,1
T4,3,1,93,5
T5,4,0,200,15
T6,5,0,31,1
[241]
T1,0,1,150,22
T2,1,1,104,13
T3,2,0,200,3
T4,3,0,35,2
T5,4,0,125,13
T6,5,0,144,4
[242]
T1,0,0,95,12
T2,1,0,85,19
T3,2,0,50,2
T4,3,1,200,2
T5,4,1,194,17
T6,5,1,80,2
[243]
T1,0,1,140,3
T2,1,1,143,17
T3,2,1,200,35
T4,3,0,91,8
T5,4,1,176,11
T6,5,0,26,2
[244]
T1,0,1,189,16
T2,1,1,36,6
T3,2,1,200,9
T4,3,1,57,2
T5,4,1,125,4
T6,5,0,100,14
[245]
T1,0,0,110,11
T2,1,1,105,3
T3,2,0,49,14
T4,3,1,196,4
T5,4,0,121,4
T6,5,0,200,2
[246]
T1,0,0,182,38
T2,1,0,144,2
T3,2,1,91,2
T4,3,0,200,6
T5,4,1,79,2
T6,5,1,36,6
[247]
T1,0,0,123,4
T2,1,0,30,2
T3,2,0,172,26
T4,3,0,84,10
T5,4,0,200,31
T6,5,0,63,2
[248]
T1,0,1,44,7
T2,1,0,57,7
T3,2,1,150,2
T4,3,0,90,11
T5,4,0,200,5
T6,5,0,129,5
[249]
T1,0,1,114,6
T2,1,1,119,7
T3,2,1,150,6
T4,3,0,200,18
T5,4,0,49,3
T6,5,1,85,14
[250]
T1,0,1,70,9
T2,1,1,200,36
T3,2,1,20,2
T4,3,1,189,21
T5,4,0,57,2
T6,5,0,61,1
[251]
T1,0,0,98,6
T2,1,1,135,27
T3,2,0,50,2
T4,3,1,168,19
T5,4,1,126,7
T6,5,1,200,8
[252]
T1,0,1,59,6
T2,1,0,200,32
T3,2,0,96,13
T4,3,0,74,3
T5,4,0,24,2
T6,5,1,180,6
[253]
T1,0,1,30,2
T2,1,1,168,3
T3,2,1,200,27
T4,3,0,130,12
T5,4,0,105,5
T6,5,1,136,15
[254]
T1,0,0,109,2
T2,1,1,200,9
T3,2,1,32,1
T4,3,0,132,28
T5,4,1,195,8
T6,5,0,143,19
[255]
T1,0,0,51,8
T2,1,1,200,12
T3,2,0,136,10
T4,3,0,97,7
T5,4,0,80,2
T6,5,1,192,15
[256]
T1,0,0,100,4
T2,1,0,200,49
T3,2,1,90,4
T4,3,1,21,2
T5,4,0,188,3
T6,5,0,75,8
[257]
T1,0,1,183,2
T2,1,1,200,2
T3,2,1,64,17
T4,3,1,20,1
T5,4,0,72,9
T6,5,1,100,2
[258]
T1,0,0,40,2
T2,1,0,70,4
T3,2,1,64,2
T4,3,0,191,1
T5,4,0,120,2
T6,5,1,200,62
[259]
T1,0,0,65,3
T2,1,0,200,13
T3,2,1,70,1
T4,3,1,172,7
T5,4,1,24,5
T6,5,1,80,7
[260]
T1,0,1,200,17
T2,1,0,78,2
T3,2,0,33,2
T4,3,0,143,12
T5,4,1,150,21
T6,5,1,139,20
[261]
T1,0,1,190,23
T2,1,1,200,5
T3,2,0,118,18
T4,3,0,120,3
T5,4,1,76,5
T6,5,1,47,3
[262]
T1,0,1,150,27
T2,1,1,44,5
T3,2,0,60,7
T4,3,0,69,2
T5,4,1,200,8
T6,5,0,80,2
[263]
T1,0,1,30,2
T2,1,1,190,3
T3,2,0,200,23
T4,3,1,84,1
T5,4,1,131,36
T6,5,1,90,3
[264]
T1,0,1,175,2
T2,1,1,200,6
T3,2,0,57,10
T4,3,0,73,11
T5,4,0,90,8
T6,5,1,50,2
[265]
T1,0,1,62,7
T2,1,0,65,8
T3,2,1,200,9
T4,3,0,47,5
T5,4,1,94,2
T6,5,1,150,11
[266]
T1,0,0,192,6
T2,1,0,135,2
T3,2,0,200,26
T4,3,0,44,3
T5,4,0,130,19
T6,5,1,144,14
[267]
T1,0,0,88,8
T2,1,1,200,1
T3,2,1,30,2
T4,3,0,192,9
T5,4,0,84,12
T6,5,1,100,10
[268]
T1,0,1,200,2
T2,1,0,164,2
T3,2,0,95,14
T4,3,0,125,18
T5,4,1,94,6
T6,5,1,38,4
[269]
T1,0,1,196,1
T2,1,1,200,36
T3,2,1,147,8
T4,3,1,147,9
T5,4,1,27,2
T6,5,1,63,6
[270]
T1,0,1,200,17
T2,1,1,74,11
T3,2,1,139,10
T4,3,0,192,10
T5,4,0,48,2
T6,5,1,100,11
[271]
T1,0,1,88,22
T2,1,0,200,14
T3,2,0,82,2
T4,3,1,60,2
T5,4,0,165,4
T6,5,0,21,1
[272]
T1,0,1,133,13
T2,1,1,114,14
T3,2,0,77,4
T4,3,1,200,4
T5,4,0,30,2
T6,5,0,154,27
[273]
T1,0,1,78,12
T2,1,1,72,1
T3,2,1,200,9
T4,3,0,190,7
T5,4,0,20,2
T6,5,0,75,16
[274]
T1,0,1,130,23
T2,1,1,155,2
T3,2,0,143,2
T4,3,0,88,5
T5,4,0,20,2
T6,5,1,200,22
[275]
T1,0,1,63,11
T2,1,1,50,1
T3,2,0,200,3
T4,3,1,168,2
T5,4,1,72,6
T6,5,1,123,19
[276]
T1,0,0,200,2
T2,1,0,198,8
T3,2,0,131,26
T4,3,1,88,4
T5,4,0,51,6
T6,5,0,55,3
[277]
T1,0,0,56,4
T2,1,0,195,2
T3,2,1,140,9
T4,3,0,70,11
T5,4,0,200,5
T6,5,0,26,3
[278]
T1,0,1,191,13
T2,1,0,32,1
T3,2,1,200,23
T4,3,1,100,5
T5,4,1,146,16
T6,5,0,96,9
[279]
T1,0,0,54,5
T2,1,1,142,3
T3,2,0,78,3
T4,3,0,200,53
T5,4,1,50,2
T6,5,1,198,10
[280]
T1,0,1,200,2
T2,1,0,143,6
T3,2,0,84,12
T4,3,1,69,13
T5,4,1,156,13
T6,5,0,50,2
[281]
T1,0,0,200,26
T2,1,0,25,1
T3,2,0,182,33
T4,3,0,140,3
T5,4,0,133,3
T6,5,1,69,5
[282]
T1,0,0,132,6
T2,1,0,28,1
T3,2,1,82,5
T4,3,0,200,43
T5,4,1,182,8
T6,5,1,140,7
[283]
T1,0,0,56,10
T2,1,1,50,2
T3,2,0,108,8
T4,3,0,200,10
T5,4,1,58,6
T6,5,1,176,12
[284]
T1,0,0,121,3
T2,1,1,165,4
T3,2,1,200,1
T4,3,0,22,1
T5,4,0,105,5
T6,5,1,67,20
[285]
T1,0,0,200,12
T2,1,1,110,17
T3,2,0,110,2
T4,3,1,48,5
T5,4,0,104,7
T6,5,0,176,15
[286]
T1,0,0,97,2
T2,1,0,200,33
T3,2,0,168,2
T4,3,0,75,6
T5,4,0,48,1
T6,5,0,103,19
[287]
T1,0,1,200,38
T2,1,0,160,9
T3,2,1,140,8
T4,3,1,110,5
T5,4,0,20,2
T6,5,0,128,16
[288]
T1,0,0,95,2
T2,1,1,152,38
T3,2,0,120,8
T4,3,0,76,3
T5,4,0,47,3
T6,5,0,200,12
[289]
T1,0,0,130,14
T2,1,0,200,11
T3,2,1,58,4
T4,3,1,53,7
T5,4,1,150,15
T6,5,1,120,1
[290]
T1,0,1,168,13
T2,1,0,95,7
T3,2,0,88,5
T4,3,1,22,2
T5,4,0,133,8
T6,5,1,200,24
[291]
T1,0,0,34,1
T2,1,0,168,22
T3,2,1,106,2
T4,3,1,200,37
T5,4,1,91,3
T6,5,1,75,6
[292]
T1,0,0,200,17
T2,1,1,115,4
T3,2,1,48,8
T4,3,1,100,3
T5,4,1,88,1
T6,5,0,180,26
[293]
T1,0,0,69,3
T2,1,0,59,2
T3,2,1,44,9
T4,3,1,200,1
T5,4,1,88,10
T6,5,1,184,21
[294]
T1,0,0,125,3
T2,1,0,32,2
T3,2,0,71,6
T4,3,0,180,37
T5,4,1,60,2
T6,5,0,200,17
[295]
T1,0,0,200,30
T2,1,1,85,21
T3,2,0,34,2
T4,3,1,170,3
T5,4,0,66,3
T6,5,0,132,2
[296]
T1,0,0,127,6
T2,1,1,156,23
T3,2,1,79,5
T4,3,1,200,11
T5,4,1,30,3
T6,5,1,120,4
[297]
T1,0,0,112,3
T2,1,1,102,10
T3,2,0,180,30
T4,3,0,200,15
T5,4,0,36,3
T6,5,1,90,2
[298]
T1,0,1,144,9
T2,1,1,200,1
T3,2,1,144,16
T4,3,0,196,22
T5,4,1,32,5
T6,5,0,55,1
[299]
T1,0,1,195,20
T2,1,1,120,3
T3,2,1,52,7
T4,3,1,200,13
T5,4,0,79,7
T6,5,0,115,7
[300]
T1,0,0,20,2
T2,1,0,125,7
T3,2,0,108,24
T4,3,1,200,4
T5,4,1,168,25
T6,5,0,135,3
[301]
T1,0,1,120,13
T2,1,1,200,17
T3,2,0,35,1
T4,3,1,86,7
T5,4,1,83,2
T6,5,1,160,25
[302]
T1,0,1,105,10
T2,1,1,145,12
T3,2,1,120,12
T4,3,0,166,7
T5,4,1,48,7
T6,5,1,200,2
[303]
T1,0,1,130,23
T2,1,0,200,30
T3,2,0,20,2
T4,3,0,100,7
T5,4,1,85,3
T6,5,1,162,5
[304]
T1,0,0,189,6
T2,1,1,142,8
T3,2,0,119,4
T4,3,1,200,50
T5,4,1,75,3
T6,5,1,25,1
[305]
T1,0,1,75,2
T2,1,0,126,14
T3,2,0,200,1
T4,3,0,150,35
T5,4,0,46,2
T6,5,0,72,3
[306]
T1,0,1,81,2
T2,1,0,25,1
T3,2,0,115,11
T4,3,0,184,42
T5,4,1,147,2
T6,5,0,200,18
[307]
T1,0,1,30,3
T2,1,0,165,2
T3,2,0,84,11
T4,3,0,200,2
T5,4,0,62,1
T6,5,0,119,23
[308]
T1,0,0,107,3
T2,1,0,60,2
T3,2,1,200,30
T4,3,0,108,3
T5,4,0,175,20
T6,5,0,48,5
[309]
T1,0,1,30,2
T2,1,1,61,2
T3,2,1,186,19
T4,3,0,200,37
T5,4,0,104,9
T6,5,1,65,2
[310]
T1,0,0,165,13
T2,1,0,147,12
T3,2,0,105,16
T4,3,1,66,2
T5,4,0,200,27
T6,5,1,30,2
[311]
T1,0,0,51,1
T2,1,0,130,21
T3,2,1,74,1
T4,3,0,150,16
T5,4,0,140,6
T6,5,1,200,26
[312]
T1,0,1,55,2
T2,1,0,200,21
T3,2,1,139,16
T4,3,1,60,5
T5,4,0,175,4
T6,5,0,39,5
[313]
T1,0,0,165,15
T2,1,0,66,7
T3,2,1,200,5
T4,3,1,26,1
T5,4,1,90,12
T6,5,0,80,6
[314]
T1,0,1,100,2
T2,1,0,150,20
T3,2,1,200,23
T4,3,1,56,1
T5,4,0,45,2
T6,5,0,140,20
[315]
T1,0,1,79,2
T2,1,0,192,26
T3,2,1,125,2
T4,3,1,111,4
T5,4,1,50,3
T6,5,0,200,37
[316]
T1,0,0,95,26
T2,1,1,100,9
T3,2,1,200,16
T4,3,0,152,5
T5,4,1,49,2
T6,5,1,115,1
[317]
T1,0,1,200,18
T2,1,0,80,2
T3,2,0,39,2
T4,3,0,184,6
T5,4,0,120,27
T6,5,0,104,13
[318]
T1,0,0,33,2
T2,1,0,78,1
T3,2,1,56,9
T4,3,0,150,21
T5,4,0,200,2
T6,5,0,75,6
[319]
T1,0,0,200,41
T2,1,1,112,4
T3,2,0,24,1
T4,3,1,131,16
T5,4,0,75,4
T6,5,0,183,3
[320]
T1,0,1,77,3
T2,1,0,150,2
T3,2,1,42,2
T4,3,1,200,32
T5,4,0,60,13
T6,5,1,76,4
[321]
T1,0,1,162,2
T2,1,1,140,2
T3,2,0,200,25
T4,3,1,50,7
T5,4,1,120,14
T6,5,1,54,4
[322]
T1,0,1,200,2
T2,1,0,186,16
T3,2,0,128,19
T4,3,0,64,2
T5,4,1,45,6
T6,5,0,60,5
[323]
T1,0,0,145,2
T2,1,1,130,5
T3,2,0,26,2
T4,3,1,94,1
T5,4,1,195,76
T6,5,0,200,7
[324]
T1,0,0,200,45
T2,1,1,108,11
T3,2,1,72,3
T4,3,0,41,2
T5,4,0,180,14
T6,5,1,84,2
[325]
T1,0,1,120,11
T2,1,1,48,10
T3,2,0,200,6
T4,3,0,149,14
T5,4,0,94,3
T6,5,1,90,1
[326]
T1,0,0,200,12
T2,1,0,60,2
T3,2,1,162,4
T4,3,0,99,9
T5,4,0,44,3
T6,5,0,139,32
[327]
T1,0,1,76,2
T2,1,0,168,1
T3,2,0,105,7
T4,3,1,24,2
T5,4,1,100,17
T6,5,0,200,42
[328]
T1,0,0,180,41
T2,1,1,27,1
T3,2,0,83,1
T4,3,1,135,24
T5,4,0,200,2
T6,5,1,73,1
[329]
T1,0,1,56,2
T2,1,1,113,8
T3,2,1,48,1
T4,3,0,155,7
T5,4,0,90,21
T6,5,0,200,13
[330]
T1,0,1,72,2
T2,1,1,165,18
T3,2,1,200,42
T4,3,0,36,2
T5,4,0,74,6
T6,5,1,133,7
[331]
T1,0,0,200,2
T2,1,1,70,2
T3,2,1,20,5
T4,3,0,178,23
T5,4,0,63,2
T6,5,1,75,2
[332]
T1,0,1,106,6
T2,1,1,200,2
T3,2,0,144,2
T4,3,1,110,21
T5,4,0,160,15
T6,5,0,44,4
[333]
T1,0,1,68,2
T2,1,0,42,3
T3,2,0,168,6
T4,3,1,72,3
T5,4,1,200,30
T6,5,1,86,14
[334]
T1,0,0,64,5
T2,1,0,50,1
T3,2,1,200,8
T4,3,0,55,2
T5,4,1,62,2
T6,5,1,150,37
[335]
T1,0,1,132,15
T2,1,0,192,2
T3,2,1,200,6
T4,3,1,144,31
T5,4,1,44,4
T6,5,0,78,2
[336]
T1,0,0,200,2
T2,1,1,162,13
T3,2,0,80,2
T4,3,0,56,5
T5,4,0,114,16
T6,5,1,27,4
[337]
T1,0,1,200,2
T2,1,0,84,4
T3,2,0,96,10
T4,3,0,60,1
T5,4,1,54,13
T6,5,0,160,8
[338]
T1,0,1,78,6
T2,1,1,26,1
T3,2,0,129,24
T4,3,0,195,16
T5,4,0,67,2
T6,5,0,200,11
[339]
T1,0,1,23,2
T2,1,0,200,1
T3,2,1,128,6
T4,3,0,144,6
T5,4,0,139,26
T6,5,1,180,34
[340]
T1,0,1,155,21
T2,1,0,62,9
T3,2,0,50,2
T4,3,1,76,3
T5,4,1,61,2
T6,5,0,200,22
[341]
T1,0,1,32,2
T2,1,0,75,4
T3,2,1,178,29
T4,3,1,200,6
T5,4,1,92,13
T6,5,1,75,5
[342]
T1,0,1,21,2
T2,1,1,143,31
T3,2,0,200,21
T4,3,1,119,1
T5,4,0,170,18
T6,5,0,80,3
[343]
T1,0,0,87,2
T2,1,0,170,24
T3,2,1,142,13
T4,3,0,136,2
T5,4,0,50,8
T6,5,1,200,16
[344]
T1,0,1,71,5
T2,1,0,200,6
T3,2,1,58,7
T4,3,1,102,11
T5,4,1,24,2
T6,5,0,174,9
[345]
T1,0,0,43,1
T2,1,1,150,12
T3,2,0,200,13
T4,3,1,78,1
T5,4,1,86,22
T6,5,1,90,1
[346]
T1,0,0,56,4
T2,1,1,200,8
T3,2,1,196,11
T4,3,0,101,12
T5,4,0,70,6
T6,5,0,49,4
[347]
T1,0,1,26,4
T2,1,0,103,9
T3,2,0,78,4
T4,3,0,200,18
T5,4,0,176,18
T6,5,1,104,2
[348]
T1,0,1,200,39
T2,1,0,189,12
T3,2,1,137,6
T4,3,1,91,15
T5,4,1,35,2
T6,5,1,140,2
[349]
T1,0,0,21,1
T2,1,0,200,10
T3,2,1,60,13
T4,3,1,73,2
T5,4,1,60,2
T6,5,1,178,26
[350]
T1,0,1,186,30
T2,1,0,100,22
T3,2,1,200,3
T4,3,1,25,1
T5,4,1,87,3
T6,5,1,82,2
[351]
T1,0,1,84,1
T2,1,0,200,58
T3,2,1,136,7
T4,3,0,180,11
T5,4,0,140,1
T6,5,1,20,1
[352]
T1,0,0,199,2
T2,1,1,42,9
T3,2,1,140,8
T4,3,0,70,2
T5,4,0,200,11
T6,5,1,60,6
[353]
T1,0,0,166,23
T2,1,0,80,5
T3,2,1,76,2
T4,3,1,200,2
T5,4,1,27,4
T6,5,0,144,16
[354]
T1,0,0,134,21
T2,1,1,75,1
T3,2,1,96,2
T4,3,0,200,50
T5,4,1,30,2
T6,5,1,172,4
[355]
T1,0,0,78,17
T2,1,0,175,14
T3,2,1,200,19
T4,3,0,77,2
T5,4,0,67,2
T6,5,0,22,1
[356]
T1,0,1,133,9
T2,1,0,200,30
T3,2,0,110,4
T4,3,1,111,20
T5,4,1,20,2
T6,5,0,180,4
[357]
T1,0,0,119,19
T2,1,0,200,7
T3,2,0,176,5
T4,3,1,33,4
T5,4,0,62,1
T6,5,1,60,6
[358]
T1,0,1,66,1
T2,1,0,24,1
T3,2,0,200,1
T4,3,0,75,9
T5,4,0,99,21
T6,5,1,162,11
[359]
T1,0,1,153,10
T2,1,1,130,27
T3,2,1,80,6
T4,3,0,34,2
T5,4,0,200,2
T6,5,0,147,18
[360]
T1,0,0,96,8
T2,1,0,138,1
T3,2,0,99,1
T4,3,1,156,1
T5,4,1,48,2
T6,5,1,200,74
[361]
T1,0,0,168,12
T2,1,1,100,8
T3,2,0,49,2
T4,3,1,147,17
T5,4,1,66,9
T6,5,0,200,14
[362]
T1,0,1,86,10
T2,1,1,110,2
T3,2,1,165,12
T4,3,1,52,11
T5,4,0,105,6
T6,5,1,200,2
[363]
T1,0,0,140,21
T2,1,0,146,13
T3,2,0,155,4
T4,3,0,20,1
T5,4,0,200,32
T6,5,0,55,2
[364]
T1,0,1,88,6
T2,1,1,200,29
T3,2,0,112,3
T4,3,0,20,2
T5,4,1,77,13
T6,5,0,168,7
[365]
T1,0,1,52,5
T2,1,1,87,5
T3,2,0,142,5
T4,3,1,156,20
T5,4,1,100,1
T6,5,0,200,30
[366]
T1,0,0,125,2
T2,1,0,36,2
T3,2,1,200,22
T4,3,1,90,2
T5,4,0,194,53
T6,5,1,83,6
[367]
T1,0,1,198,24
T2,1,1,54,2
T3,2,1,27,2
T4,3,0,126,1
T5,4,0,200,55
T6,5,0,79,2
[368]
T1,0,0,101,21
T2,1,0,156,10
T3,2,1,50,2
T4,3,0,200,8
T5,4,1,101,15
T6,5,1,104,1
[369]
T1,0,0,108,11
T2,1,1,200,17
T3,2,0,90,1
T4,3,1,96,7
T5,4,0,155,27
T6,5,0,31,2
[370]
T1,0,1,149,1
T2,1,0,132,14
T3,2,0,120,4
T4,3,1,40,5
T5,4,0,114,14
T6,5,0,200,16
[371]
T1,0,1,150,54
T2,1,1,119,4
T3,2,0,200,2
T4,3,1,84,3
T5,4,0,132,3
T6,5,0,27,2
[372]
T1,0,1,198,3
T2,1,0,200,3
T3,2,1,44,6
T4,3,0,133,10
T5,4,0,96,17
T6,5,1,60,2
[373]
T1,0,1,190,18
T2,1,1,89,11
T3,2,0,200,5
T4,3,0,70,11
T5,4,1,37,1
T6,5,0,100,3
[374]
T1,0,1,196,4
T2,1,0,90,14
T3,2,0,200,31
T4,3,0,140,16
T5,4,1,80,1
T6,5,0,44,2
[375]
T1,0,0,117,9
T2,1,1,200,10
T3,2,0,112,7
T4,3,0,35,1
T5,4,0,165,12
T6,5,1,63,10
[376]
T1,0,0,200,4
T2,1,0,125,11
T3,2,1,40,1
T4,3,0,195,26
T5,4,0,143,7
T6,5,0,95,14
[377]
T1,0,1,93,2
T2,1,1,33,1
T3,2,0,186,5
T4,3,0,200,9
T5,4,0,91,18
T6,5,0,120,18
[378]
T1,0,0,142,11
T2,1,0,172,23
T3,2,1,86,2
T4,3,1,33,7
T5,4,0,66,3
T6,5,1,200,1
[379]
T1,0,1,142,4
T2,1,0,29,5
T3,2,0,200,26
T4,3,1,156,3
T5,4,0,65,6
T6,5,0,72,2
[380]
T1,0,0,200,4
T2,1,0,36,3
T3,2,0,142,1
T4,3,0,161,22
T5,4,0,108,3
T6,5,1,92,17
[381]
T1,0,1,180,13
T2,1,0,127,2
T3,2,0,30,1
T4,3,1,200,6
T5,4,1,104,10
T6,5,1,115,28
[382]
T1,0,0,120,10
T2,1,1,27,2
T3,2,1,59,6
T4,3,0,200,2
T5,4,0,60,8
T6,5,1,180,9
[383]
T1,0,0,184,7
T2,1,0,31,2
T3,2,0,98,15
T4,3,1,200,31
T5,4,0,93,10
T6,5,0,93,2
[384]
T1,0,0,45,3
T2,1,0,96,13
T3,2,0,101,18
T4,3,1,135,11
T5,4,0,200,2
T6,5,1,150,3
[385]
T1,0,1,116,3
T2,1,1,27,2
T3,2,0,174,2
T4,3,1,200,13
T5,4,1,125,8
T6,5,0,101,28
[386]
T1,0,0,175,11
T2,1,1,72,2
T3,2,0,66,6
T4,3,1,36,1
T5,4,1,95,24
T6,5,0,200,4
[387]
T1,0,0,200,13
T2,1,0,198,45
T3,2,1,132,2
T4,3,0,120,6
T5,4,1,136,12
T6,5,0,40,2
[388]
T1,0,1,68,3
T2,1,1,24,2
T3,2,1,126,15
T4,3,0,150,15
T5,4,1,200,41
T6,5,1,84,2
[389]
T1,0,0,200,13
T2,1,0,108,15
T3,2,1,154,2
T4,3,1,48,2
T5,4,1,90,12
T6,5,1,56,6
[390]
T1,0,0,148,7
T2,1,1,26,4
T3,2,0,78,11
T4,3,1,88,5
T5,4,0,100,3
T6,5,0,200,5
[391]
T1,0,1,200,13
T2,1,1,100,2
T3,2,0,44,4
T4,3,1,160,22
T5,4,1,112,16
T6,5,1,56,2
[392]
T1,0,1,104,11
T2,1,0,180,4
T3,2,0,136,35
T4,3,0,39,2
T5,4,0,200,19
T6,5,0,104,2
[393]
T1,0,1,45,3
T2,1,0,70,7
T3,2,1,153,8
T4,3,1,200,29
T5,4,1,136,12
T6,5,1,96,2
[394]
T1,0,1,134,4
T2,1,0,52,6
T3,2,0,125,13
T4,3,1,195,12
T5,4,0,55,8
T6,5,1,200,2
[395]
T1,0,1,168,42
T2,1,0,25,3
T3,2,1,120,4
T4,3,0,78,4
T5,4,1,200,3
T6,5,1,144,1
[396]
T1,0,0,200,3
T2,1,0,121,7
T3,2,0,108,19
T4,3,1,165,17
T5,4,0,50,1
T6,5,0,80,8
[397]
T1,0,0,200,13
T2,1,0,66,7
T3,2,1,50,6
T4,3,1,65,2
T5,4,1,96,12
T6,5,0,180,9
[398]
T1,0,0,105,26
T2,1,0,182,11
T3,2,1,42,3
T4,3,0,62,4
T5,4,0,200,3
T6,5,0,120,2
[399]
T1,0,0,104,30
T2,1,1,154,3
T3,2,0,106,7
T4,3,1,200,12
T5,4,1,77,2
T6,5,0,33,2
[400]
T1,0,0,58,3
T2,1,1,93,22
T3,2,0,200,4
T4,3,0,29,2
T5,4,0,56,5
T6,5,1,176,8
[401]
T1,0,0,64,6
T2,1,1,192,4
T3,2,0,113,4
T4,3,1,54,2
T5,4,0,200,24
T6,5,0,104,16
[402]
T1,0,0,90,2
T2,1,0,42,2
T3,2,1,185,6
T4,3,0,56,8
T5,4,1,200,5
T6,5,1,64,14
[403]
T1,0,1,42,2
T2,1,1,200,29
T3,2,1,152,7
T4,3,0,103,15
T5,4,0,133,17
T6,5,0,110,1
[404]
T1,0,1,93,3
T2,1,1,155,4
T3,2,1,103,10
T4,3,0,200,2
T5,4,0,30,7
T6,5,1,112,8
[405]
T1,0,0,180,1
T2,1,1,200,2
T3,2,0,138,2
T4,3,1,132,10
T5,4,1,33,2
T6,5,1,73,28
[406]
T1,0,1,80,2
T2,1,0,90,2
T3,2,0,162,9
T4,3,1,50,12
T5,4,1,200,12
T6,5,0,135,12
[407]
T1,0,0,90,2
T2,1,0,30,1
T3,2,1,104,11
T4,3,0,114,34
T5,4,1,190,3
T6,5,1,200,2
[408]
T1,0,1,72,7
T2,1,0,91,1
T3,2,1,72,16
T4,3,0,155,2
T5,4,1,200,19
T6,5,0,28,2
[409]
T1,0,0,127,9
T2,1,1,40,1
T3,2,0,136,1
T4,3,1,168,27
T5,4,1,77,14
T6,5,0,200,5
[410]
T1,0,0,68,11
T2,1,0,37,2
T3,2,0,185,15
T4,3,1,136,13
T5,4,1,103,9
T6,5,1,200,9
[411]
T1,0,0,60,7
T2,1,0,138,5
T3,2,0,195,28
T4,3,1,40,3
T5,4,0,200,15
T6,5,1,73,1
[412]
T1,0,1,60,3
T2,1,0,49,2
T3,2,0,161,13
T4,3,0,200,19
T5,4,1,75,2
T6,5,1,127,29
[413]
T1,0,0,141,2
T2,1,1,92,6
T3,2,0,79,14
T4,3,1,158,4
T5,4,0,200,9
T6,5,1,40,6
[414]
T1,0,1,134,3
T2,1,1,105,3
T3,2,0,150,26
T4,3,1,200,17
T5,4,1,24,1
T6,5,1,66,6
[415]
T1,0,1,72,3
T2,1,1,126,9
T3,2,0,168,25
T4,3,1,68,2
T5,4,0,200,26
T6,5,0,43,2
[416]
T1,0,1,126,13
T2,1,0,113,1
T3,2,0,200,52
T4,3,1,40,1
T5,4,0,84,4
T6,5,0,155,4
[417]
T1,0,1,120,34
T2,1,0,88,9
T3,2,0,27,1
T4,3,1,127,2
T5,4,0,150,2
T6,5,0,200,2
[418]
T1,0,1,140,18
T2,1,1,44,2
T3,2,1,150,8
T4,3,1,200,40
T5,4,0,147,8
T6,5,0,85,4
[419]
T1,0,1,200,20
T2,1,1,146,9
T3,2,0,77,2
T4,3,0,88,12
T5,4,1,190,18
T6,5,1,28,1
[420]
T1,0,0,190,2
T2,1,0,113,2
T3,2,0,20,2
T4,3,0,200,12
T5,4,0,95,10
T6,5,0,117,33
[421]
T1,0,0,200,11
T2,1,1,176,6
T3,2,0,61,6
T4,3,0,25,2
T5,4,1,132,6
T6,5,0,74,18
[422]
T1,0,1,168,6
T2,1,1,85,8
T3,2,1,36,2
T4,3,1,119,34
T5,4,0,200,3
T6,5,1,113,4
[423]
T1,0,0,200,19
T2,1,0,192,21
T3,2,0,35,1
T4,3,0,90,7
T5,4,0,75,6
T6,5,0,96,7
[424]
T1,0,0,24,2
T2,1,0,119,1
T3,2,1,200,6
T4,3,1,72,14
T5,4,0,190,8
T6,5,0,69,8
[425]
T1,0,0,91,8
T2,1,1,180,5
T3,2,0,107,5
T4,3,0,200,23
T5,4,0,130,9
T6,5,0,30,4
[426]
T1,0,1,30,2
T2,1,1,195,19
T3,2,1,200,3
T4,3,0,90,8
T5,4,1,93,3
T6,5,0,91,22
[427]
T1,0,0,145,4
T2,1,1,200,33
T3,2,1,90,7
T4,3,1,162,25
T5,4,1,77,4
T6,5,0,50,2
[428]
T1,0,0,200,14
T2,1,0,67,2
T3,2,1,50,3
T4,3,1,192,15
T5,4,0,64,17
T6,5,1,79,2
[429]
T1,0,0,98,12
T2,1,1,200,2
T3,2,0,160,18
T4,3,1,108,9
T5,4,0,24,1
T6,5,0,129,9
[430]
T1,0,0,60,2
T2,1,0,103,10
T3,2,1,200,32
T4,3,1,130,6
T5,4,0,22,1
T6,5,0,165,11
[431]
T1,0,0,51,5
T2,1,0,153,1
T3,2,0,66,12
T4,3,1,200,6
T5,4,0,60,2
T6,5,1,77,10
[432]
T1,0,1,100,1
T2,1,1,200,17
T3,2,1,25,3
T4,3,0,185,6
T5,4,1,69,5
T6,5,0,115,15
[433]
T1,0,1,44,11
T2,1,0,136,17
T3,2,1,175,8
T4,3,1,200,7
T5,4,1,55,1
T6,5,0,114,1
[434]
T1,0,0,200,25
T2,1,1,55,3
T3,2,0,94,8
T4,3,1,190,8
T5,4,1,94,2
T6,5,1,24,3
[435]
T1,0,1,113,10
T2,1,1,25,2
T3,2,0,158,36
T4,3,1,125,2
T5,4,0,90,10
T6,5,0,200,7
[436]
T1,0,1,200,6
T2,1,0,28,2
T3,2,1,84,1
T4,3,0,125,9
T5,4,0,68,21
T6,5,0,152,7
[437]
T1,0,0,92,10
T2,1,1,182,24
T3,2,1,136,2
T4,3,0,200,21
T5,4,0,68,2
T6,5,0,25,2
[438]
T1,0,1,58,2
T2,1,1,112,4
T3,2,1,176,32
T4,3,1,35,7
T5,4,0,130,2
T6,5,1,200,1
[439]
T1,0,1,88,5
T2,1,1,25,1
T3,2,0,200,16
T4,3,0,92,8
T5,4,0,69,1
T6,5,0,177,31
[440]
T1,0,0,23,1
T2,1,0,56,2
T3,2,1,136,22
T4,3,0,184,1
T5,4,0,69,8
T6,5,1,200,21
[441]
T1,0,1,69,13
T2,1,0,23,2
T3,2,0,196,5
T4,3,0,70,13
T5,4,1,200,8
T6,5,1,132,3
[442]
T1,0,0,40,3
T2,1,1,104,27
T3,2,0,176,7
T4,3,1,65,6
T5,4,1,142,2
T6,5,0,200,1
[443]
T1,0,1,47,2
T2,1,1,80,2
T3,2,0,100,20
T4,3,0,200,7
T5,4,0,87,9
T6,5,1,175,9
[444]
T1,0,0,124,19
T2,1,1,94,2
T3,2,1,200,4
T4,3,0,188,25
T5,4,1,90,2
T6,5,1,22,3
[445]
T1,0,1,79,5
T2,1,1,28,2
T3,2,0,68,3
T4,3,1,88,14
T5,4,0,170,5
T6,5,1,200,35
[446]
T1,0,0,112,1
T2,1,0,148,39
T3,2,0,70,1
T4,3,1,200,8
T5,4,0,77,6
T6,5,0,42,2
[447]
T1,0,0,126,5
T2,1,1,64,16
T3,2,0,44,7
T4,3,1,200,2
T5,4,0,175,1
T6,5,0,64,2
[448]
T1,0,1,46,2
T2,1,0,122,15
T3,2,0,107,3
T4,3,1,184,1
T5,4,1,61,2
T6,5,1,200,48
[449]
T1,0,1,200,1
T2,1,1,25,4
T3,2,0,104,1
T4,3,0,84,5
T5,4,0,152,18
T6,5,0,144,18
[450]
T1,0,1,117,5
T2,1,0,35,2
T3,2,0,200,63
T4,3,1,92,2
T5,4,1,56,4
T6,5,1,189,3
[451]
T1,0,0,200,2
T2,1,0,25,2
T3,2,1,76,11
T4,3,1,184,6
T5,4,1,140,13
T6,5,0,130,26
[452]
T1,0,0,66,22
T2,1,1,200,6
T3,2,0,74,2
T4,3,0,25,1
T5,4,0,182,3
T6,5,1,75,3
[453]
T1,0,1,165,1
T2,1,0,23,2
T3,2,0,99,1
T4,3,0,69,12
T5,4,0,58,3
T6,5,0,200,24
[454]
T1,0,1,42,1
T2,1,1,132,4
T3,2,1,144,14
T4,3,1,176,12
T5,4,0,83,9
T6,5,0,200,30
[455]
T1,0,0,126,3
T2,1,1,156,2
T3,2,1,63,14
T4,3,0,20,2
T5,4,0,200,13
T6,5,0,96,11
[456]
T1,0,0,70,2
T2,1,0,20,2
T3,2,1,55,15
T4,3,1,189,10
T5,4,1,130,1
T6,5,1,200,4
[457]
T1,0,0,28,2
T2,1,1,129,4
T3,2,0,200,14
T4,3,1,95,7
T5,4,1,80,19
T6,5,0,180,6
[458]
T1,0,0,165,2
T2,1,0,127,26
T3,2,0,35,1
T4,3,0,100,18
T5,4,0,68,1
T6,5,1,200,10
[459]
T1,0,0,44,2
T2,1,1,62,2
T3,2,0,165,3
T4,3,1,116,8
T5,4,1,80,2
T6,5,0,200,58
[460]
T1,0,0,200,2
T2,1,1,101,3
T3,2,1,195,25
T4,3,1,29,7
T5,4,1,78,3
T6,5,1,65,2
[461]
T1,0,1,78,2
T2,1,0,150,2
T3,2,1,80,23
T4,3,0,200,19
T5,4,1,30,1
T6,5,0,57,3
[462]
T1,0,1,167,17
T2,1,0,20,2
T3,2,0,200,40
T4,3,0,64,1
T5,4,0,58,6
T6,5,1,128,2
[463]
T1,0,0,36,5
T2,1,0,169,5
T3,2,1,80,2
T4,3,0,60,1
T5,4,0,200,47
T6,5,1,95,2
[464]
T1,0,0,131,6
T2,1,0,60,15
T3,2,1,147,8
T4,3,1,40,2
T5,4,0,147,2
T6,5,1,200,12
[465]
T1,0,0,102,10
T2,1,1,160,3
T3,2,1,25,1
T4,3,0,200,10
T5,4,1,96,25
T6,5,0,141,1
[466]
T1,0,0,60,6
T2,1,1,200,1
T3,2,0,41,5
T4,3,0,164,25
T5,4,1,80,4
T6,5,0,124,4
[467]
T1,0,0,111,6
T2,1,0,77,3
T3,2,0,84,7
T4,3,0,24,2
T5,4,1,148,26
T6,5,1,200,18
[468]
T1,0,0,25,1
T2,1,0,130,9
T3,2,0,200,10
T4,3,1,98,13
T5,4,1,91,13
T6,5,1,160,3
[469]
T1,0,1,70,4
T2,1,1,30,2
T3,2,0,126,8
T4,3,1,200,9
T5,4,0,198,25
T6,5,1,72,8
[470]
T1,0,1,75,3
T2,1,1,31,1
T3,2,1,174,13
T4,3,1,200,25
T5,4,0,120,1
T6,5,0,132,24
[471]
T1,0,0,200,22
T2,1,1,50,10
T3,2,1,83,10
T4,3,0,108,3
T5,4,1,88,1
T6,5,1,192,2
[472]
T1,0,1,61,1
T2,1,1,96,15
T3,2,1,26,2
T4,3,1,90,14
T5,4,0,200,4
T6,5,0,150,13
[473]
T1,0,1,20,2
T2,1,0,100,2
T3,2,0,184,27
T4,3,1,96,9
T5,4,0,70,14
T6,5,1,200,1
[474]
T1,0,1,180,20
T2,1,1,76,3
T3,2,1,73,18
T4,3,0,200,4
T5,4,0,96,2
T6,5,0,27,1
[475]
T1,0,0,164,11
T2,1,1,124,7
T3,2,0,80,5
T4,3,1,71,2
T5,4,1,200,17
T6,5,1,20,3
[476]
T1,0,0,190,3
T2,1,0,76,9
T3,2,1,200,19
T4,3,0,38,3
T5,4,1,134,4
T6,5,0,89,12
[477]
T1,0,1,200,17
T2,1,1,48,1
T3,2,0,85,9
T4,3,0,147,3
T5,4,1,75,2
T6,5,0,100,23
[478]
T1,0,1,200,9
T2,1,0,135,2
T3,2,0,80,18
T4,3,1,34,5
T5,4,1,196,2
T6,5,0,84,1
[479]
T1,0,1,144,2
T2,1,0,200,11
T3,2,1,180,30
T4,3,0,108,9
T5,4,0,32,1
T6,5,1,112,15
[480]
T1,0,0,175,2
T2,1,1,141,8
T3,2,1,26,4
T4,3,0,128,22
T5,4,1,200,2
T6,5,0,96,8
[481]
T1,0,1,165,5
T2,1,0,37,2
T3,2,0,102,29
T4,3,1,200,3
T5,4,0,60,2
T6,5,1,100,10
[482]
T1,0,1,196,9
T2,1,0,200,37
T3,2,0,115,2
T4,3,1,122,5
T5,4,1,21,1
T6,5,0,92,13
[483]
T1,0,1,156,3
T2,1,0,138,17
T3,2,0,200,9
T4,3,1,65,15
T5,4,1,39,2
T6,5,0,81,2
[484]
T1,0,1,91,11
T2,1,0,24,2
T3,2,1,154,2
T4,3,1,200,15
T5,4,0,56,11
T6,5,0,77,3
[485]
T1,0,0,80,2
T2,1,0,83,13
T3,2,0,40,2
T4,3,0,175,9
T5,4,1,200,3
T6,5,1,147,28
[486]
T1,0,0,73,4
T2,1,1,30,2
T3,2,1,121,4
T4,3,0,190,8
T5,4,0,100,22
T6,5,1,200,9
[487]
T1,0,0,50,2
T2,1,0,56,1
T3,2,1,78,7
T4,3,1,200,9
T5,4,1,112,26
T6,5,1,150,13
[488]
T1,0,0,200,29
T2,1,1,144,2
T3,2,0,92,10
T4,3,0,160,16
T5,4,0,121,12
T6,5,1,25,2
[489]
T1,0,1,200,8
T2,1,1,174,27
T3,2,0,125,2
T4,3,0,69,6
T5,4,1,40,1
T6,5,1,140,24
[490]
T1,0,0,150,18
T2,1,1,76,2
T3,2,0,34,5
T4,3,0,100,7
T5,4,1,200,23
T6,5,1,146,2
[491]
T1,0,1,60,9
T2,1,0,200,8
T3,2,1,27,3
T4,3,0,66,2
T5,4,0,175,16
T6,5,1,60,2
[492]
T1,0,1,84,3
T2,1,1,20,2
T3,2,0,180,2
T4,3,1,67,5
T5,4,0,200,55
T6,5,1,105,4
[493]
T1,0,0,68,1
T2,1,1,188,7
T3,2,0,20,1
T4,3,1,97,1
T5,4,0,200,14
T6,5,0,94,24
[494]
T1,0,0,112,30
T2,1,0,71,4
T3,2,0,172,12
T4,3,1,200,5
T5,4,1,100,3
T6,5,0,25,2
[495]
T1,0,0,139,17
T2,1,1,115,2
T3,2,1,138,5
T4,3,0,184,27
T5,4,1,200,7
T6,5,0,38,4
[496]
T1,0,0,95,5
T2,1,1,116,8
T3,2,1,200,12
T4,3,0,120,20
T5,4,0,20,1
T6,5,0,164,9
[497]
T1,0,0,61,2
T2,1,0,180,18
T3,2,1,200,3
T4,3,1,65,11
T5,4,0,39,4
T6,5,1,145,7
[498]
T1,0,0,200,34
T2,1,1,180,8
T3,2,1,68,2
T4,3,0,30,2
T5,4,0,63,2
T6,5,0,96,9
[499]
T1,0,0,80,22
T2,1,0,200,9
T3,2,0,59,4
T4,3,0,104,6
T5,4,0,171,3
T6,5,0,36,2
[500]
T1,0,0,75,2
T2,1,1,171,15
T3,2,0,63,2
T4,3,1,200,27
T5,4,0,72,2
T6,5,1,40,9
