num_task_per_taskset=6
num_taskset=500
//ID,Priority,Offset,Period,Execution Time
[1]
T1,0,1,69,7
T2,1,0,198,11
T3,2,0,200,3
T4,3,0,48,2
T5,4,1,85,6
T6,5,1,88,16
[2]
T1,0,0,30,2
T2,1,0,102,14
T3,2,0,104,7
T4,3,1,153,2
T5,4,1,200,29
T6,5,1,88,7
[3]
T1,0,0,68,8
T2,1,0,176,7
T3,2,1,200,4
T4,3,1,30,2
T5,4,1,81,5
T6,5,1,135,31
[4]
T1,0,1,128,6
T2,1,1,160,4
T3,2,1,200,37
T4,3,1,132,2
T5,4,0,115,2
T6,5,1,44,9
[5]
T1,0,0,81,18
T2,1,0,105,3
T3,2,1,36,2
T4,3,0,120,8
T5,4,1,153,7
T6,5,1,200,9
[6]
T1,0,1,200,26
T2,1,1,144,3
T3,2,0,20,1
T4,3,0,97,5
T5,4,0,162,7
T6,5,1,85,11
[7]
T1,0,1,100,25
T2,1,0,121,12
T3,2,0,24,2
T4,3,0,90,2
T5,4,1,180,11
T6,5,1,200,7
[8]
T1,0,1,160,15
T2,1,1,102,1
T3,2,0,100,7
T4,3,1,200,36
T5,4,0,54,3
T6,5,1,87,6
[9]
T1,0,1,156,11
T2,1,1,112,5
T3,2,1,25,3
T4,3,0,200,29
T5,4,1,120,8
T6,5,0,85,1
[10]
T1,0,1,200,5
T2,1,0,64,1
T3,2,1,147,6
T4,3,0,62,6
T5,4,0,150,10
T6,5,0,40,8
[11]
T1,0,1,127,8
T2,1,1,120,4
T3,2,1,199,2
T4,3,1,200,32
T5,4,1,48,2
T6,5,1,75,16
[12]
T1,0,1,165,22
T2,1,0,114,1
T3,2,0,140,31
T4,3,1,200,13
T5,4,0,104,1
T6,5,0,39,1
[13]
T1,0,1,28,2
T2,1,1,72,3
T3,2,1,200,5
T4,3,1,80,4
T5,4,1,91,30
T6,5,1,168,2
[14]
T1,0,1,124,7
T2,1,1,49,9
T3,2,1,98,10
T4,3,1,160,4
T5,4,1,200,6
T6,5,0,112,8
[15]
T1,0,1,182,16
T2,1,0,91,13
T3,2,1,200,2
T4,3,1,20,1
T5,4,0,88,8
T6,5,1,66,6
[16]
T1,0,0,200,4
T2,1,0,80,5
T3,2,0,72,2
T4,3,1,24,1
T5,4,1,68,1
T6,5,0,168,48
[17]
T1,0,1,84,5
T2,1,1,128,3
T3,2,1,200,58
T4,3,1,180,6
T5,4,1,59,4
T6,5,0,28,2
[18]
T1,0,0,187,54
T2,1,1,200,3
T3,2,0,104,1
T4,3,0,55,1
T5,4,1,44,3
T6,5,1,59,3
[19]
T1,0,0,200,3
T2,1,0,56,14
T3,2,1,81,2
T4,3,0,48,2
T5,4,1,121,11
T6,5,1,150,12
[20]
T1,0,0,153,19
T2,1,0,107,2
T3,2,1,200,17
T4,3,1,68,2
T5,4,1,27,5
T6,5,0,81,3
[21]
T1,0,1,110,6
T2,1,0,200,15
T3,2,0,170,15
T4,3,0,20,2
T5,4,0,96,5
T6,5,0,111,22
[22]
T1,0,1,35,1
T2,1,0,92,3
T3,2,0,200,45
T4,3,0,60,4
T5,4,1,155,2
T6,5,1,93,9
[23]
T1,0,0,23,1
T2,1,0,78,16
T3,2,0,156,5
T4,3,0,200,22
T5,4,1,75,6
T6,5,0,90,2
[24]
T1,0,0,165,7
T2,1,1,200,27
T3,2,0,56,2
T4,3,0,34,2
T5,4,0,55,1
T6,5,0,56,13
[25]
T1,0,0,136,12
T2,1,1,54,6
T3,2,1,156,38
T4,3,0,200,2
T5,4,0,120,1
T6,5,0,40,1
[26]
T1,0,0,200,19
T2,1,1,20,2
T3,2,1,104,11
T4,3,0,174,16
T5,4,1,54,2
T6,5,1,65,2
[27]
T1,0,1,132,2
T2,1,1,126,9
T3,2,1,200,42
T4,3,0,160,16
T5,4,0,120,2
T6,5,1,49,4
[28]
T1,0,0,200,17
T2,1,0,145,10
T3,2,1,42,1
T4,3,1,141,20
T5,4,0,94,9
T6,5,1,175,9
[29]
T1,0,1,114,26
T2,1,0,70,5
T3,2,0,20,1
T4,3,1,200,8
T5,4,0,159,9
T6,5,1,114,2
[30]
T1,0,1,140,22
T2,1,0,180,2
T3,2,0,34,5
T4,3,1,119,1
T5,4,0,126,9
T6,5,0,200,13
[31]
T1,0,1,132,2
T2,1,0,48,2
T3,2,0,88,5
T4,3,0,162,2
T5,4,1,200,2
T6,5,0,80,32
[32]
T1,0,1,49,6
T2,1,1,200,11
T3,2,0,60,8
T4,3,1,96,9
T5,4,1,175,2
T6,5,1,118,7
[33]
T1,0,1,106,2
T2,1,0,160,10
T3,2,1,70,7
T4,3,1,200,38
T5,4,0,138,4
T6,5,0,32,3
[34]
T1,0,0,178,4
T2,1,1,138,30
T3,2,0,72,1
T4,3,1,200,18
T5,4,0,36,4
T6,5,1,75,1
[35]
T1,0,0,66,11
T2,1,1,165,20
T3,2,0,116,1
T4,3,0,200,17
T5,4,1,25,1
T6,5,1,88,2
[36]
T1,0,1,200,6
T2,1,0,29,1
T3,2,0,128,9
T4,3,0,75,1
T5,4,0,174,29
T6,5,1,80,11
[37]
T1,0,0,120,2
T2,1,1,40,2
T3,2,1,56,2
T4,3,0,178,36
T5,4,1,200,25
T6,5,0,140,13
[38]
T1,0,1,160,2
T2,1,1,78,2
T3,2,1,125,16
T4,3,1,200,24
T5,4,1,79,15
T6,5,0,45,2
[39]
T1,0,1,26,3
T2,1,1,89,10
T3,2,1,96,4
T4,3,1,195,25
T5,4,1,89,2
T6,5,0,200,8
[40]
T1,0,1,62,4
T2,1,0,94,18
T3,2,1,200,3
T4,3,1,160,18
T5,4,0,32,2
T6,5,0,55,2
[41]
T1,0,1,200,11
T2,1,0,44,5
T3,2,0,84,4
T4,3,1,152,10
T5,4,0,57,8
T6,5,0,55,3
[42]
T1,0,0,200,37
T2,1,0,65,2
T3,2,0,54,3
T4,3,1,48,5
T5,4,1,195,3
T6,5,0,81,6
[43]
T1,0,0,25,3
T2,1,1,150,13
T3,2,1,200,35
T4,3,1,105,3
T5,4,1,98,5
T6,5,0,58,1
[44]
T1,0,1,200,14
T2,1,1,48,6
T3,2,0,115,6
T4,3,0,64,4
T5,4,1,192,31
T6,5,0,57,2
[45]
T1,0,1,51,2
T2,1,1,153,7
T3,2,0,140,9
T4,3,0,93,3
T5,4,1,124,2
T6,5,1,200,54
[46]
T1,0,0,143,7
T2,1,0,121,2
T3,2,1,190,17
T4,3,1,143,19
T5,4,0,200,14
T6,5,0,50,6
[47]
T1,0,1,34,2
T2,1,0,200,14
T3,2,1,93,6
T4,3,0,90,16
T5,4,0,170,8
T6,5,1,112,5
[48]
T1,0,1,77,3
T2,1,1,80,20
T3,2,1,152,7
T4,3,0,200,6
T5,4,0,59,3
T6,5,1,28,1
[49]
T1,0,0,75,1
T2,1,0,90,4
T3,2,1,170,8
T4,3,0,30,3
T5,4,0,87,5
T6,5,0,200,35
[50]
T1,0,0,96,14
T2,1,1,104,11
T3,2,1,200,10
T4,3,0,171,2
T5,4,0,25,1
T6,5,0,56,6
[51]
T1,0,0,85,1
T2,1,0,75,2
T3,2,1,98,4
T4,3,0,200,66
T5,4,0,45,2
T6,5,1,198,17
[52]
T1,0,1,200,19
T2,1,0,20,1
T3,2,1,129,9
T4,3,0,190,19
T5,4,0,114,2
T6,5,0,58,7
[53]
T1,0,1,110,22
T2,1,1,21,1
T3,2,0,72,9
T4,3,0,63,2
T5,4,0,200,6
T6,5,0,164,4
[54]
T1,0,0,90,12
T2,1,0,114,21
T3,2,0,182,10
T4,3,0,40,2
T5,4,0,60,1
T6,5,1,200,16
[55]
T1,0,1,100,2
T2,1,0,135,19
T3,2,1,32,1
T4,3,1,192,2
T5,4,1,145,3
T6,5,1,200,55
[56]
T1,0,0,88,2
T2,1,1,123,20
T3,2,1,153,7
T4,3,1,75,7
T5,4,0,200,7
T6,5,1,40,5
[57]
T1,0,1,24,3
T2,1,0,200,14
T3,2,1,135,5
T4,3,1,100,3
T5,4,0,116,23
T6,5,1,148,2
[58]
T1,0,1,200,36
T2,1,0,168,2
T3,2,1,125,2
T4,3,0,36,7
T5,4,0,112,3
T6,5,1,86,3
[59]
T1,0,1,109,10
T2,1,0,76,11
T3,2,0,112,2
T4,3,0,175,32
T5,4,0,200,8
T6,5,0,25,2
[60]
T1,0,0,25,7
T2,1,0,81,1
T3,2,0,188,4
T4,3,1,200,9
T5,4,0,80,2
T6,5,0,68,5
[61]
T1,0,1,56,3
T2,1,1,200,3
T3,2,0,21,2
T4,3,1,77,6
T5,4,0,175,34
T6,5,1,104,13
[62]
T1,0,1,25,3
T2,1,0,168,2
T3,2,1,96,7
T4,3,0,200,1
T5,4,1,115,29
T6,5,0,90,2
[63]
T1,0,0,62,3
T2,1,0,44,4
T3,2,1,160,5
T4,3,1,72,6
T5,4,0,90,2
T6,5,0,200,41
[64]
T1,0,1,176,16
T2,1,1,200,26
T3,2,0,60,5
T4,3,1,55,6
T5,4,0,122,2
T6,5,1,52,1
[65]
T1,0,1,152,37
T2,1,1,72,6
T3,2,0,90,7
T4,3,1,23,2
T5,4,0,119,2
T6,5,1,200,8
[66]
T1,0,1,30,4
T2,1,1,118,2
T3,2,1,196,16
T4,3,1,200,2
T5,4,1,140,27
T6,5,0,128,5
[67]
T1,0,0,114,6
T2,1,0,107,3
T3,2,0,200,18
T4,3,0,24,3
T5,4,0,198,21
T6,5,1,144,11
[68]
T1,0,1,76,4
T2,1,0,41,2
T3,2,1,164,36
T4,3,0,85,1
T5,4,1,114,16
T6,5,0,200,9
[69]
T1,0,0,60,1
T2,1,0,60,7
T3,2,1,45,2
T4,3,0,155,28
T5,4,0,200,10
T6,5,1,98,11
[70]
T1,0,1,131,6
T2,1,1,25,2
T3,2,1,196,30
T4,3,0,200,14
T5,4,0,140,9
T6,5,1,114,14
[71]
T1,0,0,94,13
T2,1,0,119,2
T3,2,1,50,7
T4,3,0,152,21
T5,4,0,200,9
T6,5,1,56,1
[72]
T1,0,1,184,31
T2,1,1,200,1
T3,2,0,144,4
T4,3,0,80,3
T5,4,0,28,3
T6,5,1,90,12
[73]
T1,0,1,182,43
T2,1,1,55,1
T3,2,0,105,1
T4,3,0,27,1
T5,4,1,200,8
T6,5,1,135,15
[74]
T1,0,1,45,2
T2,1,1,131,26
T3,2,0,75,5
T4,3,1,200,8
T5,4,0,154,2
T6,5,1,84,14
[75]
T1,0,0,200,15
T2,1,0,50,2
T3,2,1,120,2
T4,3,1,122,38
T5,4,0,149,2
T6,5,1,88,3
[76]
T1,0,0,84,17
T2,1,0,51,1
T3,2,1,200,28
T4,3,1,175,2
T5,4,1,101,5
T6,5,0,110,6
[77]
T1,0,1,190,17
T2,1,0,200,49
T3,2,0,60,3
T4,3,0,35,3
T5,4,0,84,2
T6,5,0,100,2
[78]
T1,0,0,102,14
T2,1,0,165,10
T3,2,0,21,1
T4,3,1,54,5
T5,4,0,55,5
T6,5,0,200,6
[79]
T1,0,0,143,8
T2,1,0,60,7
T3,2,1,200,21
T4,3,1,174,24
T5,4,0,29,1
T6,5,1,138,4
[80]
T1,0,1,200,21
T2,1,0,146,15
T3,2,1,59,1
T4,3,0,108,15
T5,4,1,54,2
T6,5,0,150,15
[81]
T1,0,0,81,5
T2,1,0,48,1
T3,2,1,71,17
T4,3,1,200,9
T5,4,0,174,16
T6,5,1,80,1
[82]
T1,0,1,33,2
T2,1,1,88,8
T3,2,0,168,14
T4,3,0,70,10
T5,4,0,120,7
T6,5,0,200,18
[83]
T1,0,1,74,6
T2,1,0,200,18
T3,2,1,42,2
T4,3,1,80,10
T5,4,0,172,19
T6,5,1,75,2
[84]
T1,0,0,200,14
T2,1,1,100,18
T3,2,1,76,1
T4,3,0,184,7
T5,4,1,127,13
T6,5,0,36,2
[85]
T1,0,1,131,2
T2,1,1,62,2
T3,2,1,200,16
T4,3,1,31,3
T5,4,1,92,18
T6,5,0,160,9
[86]
T1,0,1,200,12
T2,1,0,170,35
T3,2,0,78,12
T4,3,1,45,2
T5,4,1,89,2
T6,5,1,104,3
[87]
T1,0,1,45,5
T2,1,0,127,7
T3,2,1,96,14
T4,3,1,114,6
T5,4,0,200,6
T6,5,1,160,14
[88]
T1,0,0,125,34
T2,1,0,108,5
T3,2,1,165,13
T4,3,0,200,13
T5,4,1,56,1
T6,5,1,21,2
[89]
T1,0,0,144,14
T2,1,0,200,5
T3,2,0,170,28
T4,3,1,87,5
T5,4,0,65,2
T6,5,1,48,6
[90]
T1,0,0,200,2
T2,1,1,31,5
T3,2,1,150,1
T4,3,1,99,9
T5,4,1,60,1
T6,5,0,120,19
[91]
T1,0,1,92,9
T2,1,1,200,24
T3,2,1,48,2
T4,3,0,90,12
T5,4,1,92,6
T6,5,0,186,4
[92]
T1,0,1,102,10
T2,1,0,100,12
T3,2,1,104,1
T4,3,1,188,2
T5,4,1,200,35
T6,5,0,47,3
[93]
T1,0,0,130,17
T2,1,0,200,2
T3,2,0,48,2
T4,3,0,141,4
T5,4,0,56,8
T6,5,1,160,26
[94]
T1,0,1,157,9
T2,1,0,56,3
T3,2,1,130,9
T4,3,0,200,12
T5,4,1,100,23
T6,5,1,25,2
[95]
T1,0,0,200,2
T2,1,0,84,4
T3,2,1,180,30
T4,3,0,39,5
T5,4,1,100,9
T6,5,1,128,3
[96]
T1,0,1,62,9
T2,1,0,174,5
T3,2,1,54,2
T4,3,0,200,11
T5,4,1,54,2
T6,5,0,135,28
[97]
T1,0,0,32,2
T2,1,0,132,17
T3,2,1,176,2
T4,3,1,124,12
T5,4,1,200,19
T6,5,0,130,22
[98]
T1,0,0,21,2
T2,1,1,200,16
T3,2,0,127,17
T4,3,0,175,30
T5,4,1,84,1
T6,5,1,56,4
[99]
T1,0,1,120,1
T2,1,0,200,18
T3,2,1,20,1
T4,3,1,73,10
T5,4,1,174,17
T6,5,0,70,5
[100]
T1,0,0,140,4
T2,1,0,200,56
T3,2,0,139,8
T4,3,0,26,2
T5,4,0,80,3
T6,5,1,154,7
[101]
T1,0,1,28,2
T2,1,1,200,29
T3,2,0,104,26
T4,3,1,120,2
T5,4,0,154,2
T6,5,1,128,7
[102]
T1,0,0,69,6
T2,1,1,72,2
T3,2,0,200,4
T4,3,1,83,13
T5,4,1,161,10
T6,5,0,42,6
[103]
T1,0,1,200,30
T2,1,1,68,2
T3,2,0,34,1
T4,3,1,60,7
T5,4,1,80,9
T6,5,0,162,5
[104]
T1,0,0,200,20
T2,1,1,175,6
T3,2,1,36,1
T4,3,1,63,10
T5,4,0,81,6
T6,5,1,93,5
[105]
T1,0,0,57,8
T2,1,1,200,14
T3,2,1,152,1
T4,3,0,70,1
T5,4,0,133,13
T6,5,0,36,5
[106]
T1,0,0,50,3
T2,1,0,64,5
T3,2,1,148,2
T4,3,1,200,31
T5,4,1,123,13
T6,5,0,56,4
[107]
T1,0,0,35,5
T2,1,0,113,2
T3,2,0,187,27
T4,3,1,200,2
T5,4,0,85,11
T6,5,1,70,2
[108]
T1,0,1,200,20
T2,1,1,56,1
T3,2,0,24,1
T4,3,0,63,2
T5,4,0,128,25
T6,5,0,156,10
[109]
T1,0,0,143,53
T2,1,0,24,2
T3,2,0,200,7
T4,3,0,120,3
T5,4,0,176,1
T6,5,1,125,4
[110]
T1,0,1,25,3
T2,1,1,200,1
T3,2,0,63,2
T4,3,0,150,3
T5,4,1,119,8
T6,5,1,85,18
[111]
T1,0,1,35,1
T2,1,1,100,10
T3,2,1,131,6
T4,3,1,200,15
T5,4,1,162,15
T6,5,0,56,7
[112]
T1,0,1,112,2
T2,1,0,65,3
T3,2,0,98,5
T4,3,0,25,7
T5,4,0,150,8
T6,5,0,200,10
[113]
T1,0,0,84,2
T2,1,1,183,11
T3,2,0,36,2
T4,3,1,122,7
T5,4,0,123,10
T6,5,0,200,54
[114]
T1,0,1,63,2
T2,1,0,200,50
T3,2,1,152,3
T4,3,1,76,12
T5,4,0,49,2
T6,5,1,98,2
[115]
T1,0,0,126,18
T2,1,1,20,1
T3,2,0,113,10
T4,3,0,120,14
T5,4,0,196,7
T6,5,1,200,4
[116]
T1,0,1,200,10
T2,1,1,180,22
T3,2,0,42,3
T4,3,1,87,3
T5,4,0,117,13
T6,5,1,112,9
[117]
T1,0,1,200,18
T2,1,1,104,3
T3,2,1,72,10
T4,3,1,35,2
T5,4,0,182,18
T6,5,0,146,9
[118]
T1,0,1,150,23
T2,1,0,24,1
T3,2,0,200,11
T4,3,0,93,8
T5,4,0,126,11
T6,5,1,141,3
[119]
T1,0,0,200,15
T2,1,0,143,12
T3,2,1,54,1
T4,3,0,28,5
T5,4,1,160,2
T6,5,1,56,5
[120]
T1,0,0,200,57
T2,1,0,56,5
T3,2,1,138,2
T4,3,0,117,3
T5,4,0,189,5
T6,5,1,25,1
[121]
T1,0,0,200,3
T2,1,1,50,4
T3,2,0,140,12
T4,3,0,192,28
T5,4,1,54,2
T6,5,0,101,15
[122]
T1,0,1,104,1
T2,1,0,195,4
T3,2,1,50,7
T4,3,0,60,8
T5,4,0,76,11
T6,5,0,200,2
[123]
T1,0,1,200,16
T2,1,0,102,7
T3,2,0,100,15
T4,3,1,142,5
T5,4,0,40,1
T6,5,1,198,22
[124]
T1,0,1,200,3
T2,1,1,72,9
T3,2,0,64,14
T4,3,0,164,3
T5,4,1,41,4
T6,5,1,64,2
[125]
T1,0,0,111,10
T2,1,0,160,2
T3,2,0,37,6
T4,3,0,200,17
T5,4,0,74,7
T6,5,1,100,3
[126]
T1,0,0,30,2
T2,1,1,190,48
T3,2,0,200,2
T4,3,1,106,6
T5,4,1,119,17
T6,5,1,60,2
[127]
T1,0,0,25,2
T2,1,0,144,56
T3,2,0,200,2
T4,3,0,83,2
T5,4,0,75,2
T6,5,1,166,2
[128]
T1,0,0,200,22
T2,1,1,143,16
T3,2,1,190,29
T4,3,1,75,2
T5,4,0,133,5
T6,5,1,38,3
[129]
T1,0,1,200,31
T2,1,0,88,2
T3,2,0,176,26
T4,3,1,72,1
T5,4,1,72,5
T6,5,1,34,3
[130]
T1,0,1,91,11
T2,1,0,200,12
T3,2,1,42,3
T4,3,1,150,19
T5,4,0,138,7
T6,5,0,136,7
[131]
T1,0,1,175,4
T2,1,0,108,4
T3,2,1,55,9
T4,3,0,48,1
T5,4,1,113,12
T6,5,1,200,26
[132]
T1,0,0,182,15
T2,1,0,35,2
T3,2,0,200,10
T4,3,0,125,7
T5,4,0,106,23
T6,5,0,106,6
[133]
T1,0,1,120,2
T2,1,1,36,10
T3,2,0,183,23
T4,3,1,72,2
T5,4,0,200,6
T6,5,1,105,1
[134]
T1,0,0,122,1
T2,1,1,130,16
T3,2,1,42,2
T4,3,0,200,5
T5,4,0,66,9
T6,5,0,195,24
[135]
T1,0,1,200,2
T2,1,0,178,23
T3,2,0,145,17
T4,3,0,136,3
T5,4,0,50,2
T6,5,0,100,17
[136]
T1,0,1,66,13
T2,1,0,101,1
T3,2,0,200,18
T4,3,0,168,2
T5,4,0,68,8
T6,5,1,40,1
[137]
T1,0,0,200,10
T2,1,1,100,6
T3,2,0,138,8
T4,3,1,129,10
T5,4,0,27,4
T6,5,0,161,10
[138]
T1,0,0,40,3
T2,1,0,180,8
T3,2,0,72,6
T4,3,0,66,8
T5,4,1,200,16
T6,5,1,96,5
[139]
T1,0,0,155,2
T2,1,0,64,5
T3,2,0,81,5
T4,3,1,200,42
T5,4,0,104,9
T6,5,1,25,1
[140]
T1,0,0,25,1
T2,1,0,88,4
T3,2,0,134,3
T4,3,0,176,33
T5,4,0,200,31
T6,5,1,146,1
[141]
T1,0,1,129,12
T2,1,1,43,2
T3,2,0,73,6
T4,3,1,80,4
T5,4,1,190,32
T6,5,0,200,3
[142]
T1,0,1,48,12
T2,1,0,95,2
T3,2,0,200,41
T4,3,1,125,1
T5,4,0,134,2
T6,5,1,192,2
[143]
T1,0,0,133,2
T2,1,0,200,46
T3,2,1,125,4
T4,3,1,38,2
T5,4,0,55,12
T6,5,1,160,2
[144]
T1,0,0,64,9
T2,1,0,49,1
T3,2,1,200,7
T4,3,1,85,1
T5,4,1,160,9
T6,5,1,136,27
[145]
T1,0,0,84,6
T2,1,1,104,6
T3,2,1,200,27
T4,3,0,28,1
T5,4,0,182,23
T6,5,0,65,1
[146]
T1,0,0,169,6
T2,1,1,200,26
T3,2,1,26,1
T4,3,1,75,16
T5,4,0,57,1
T6,5,1,78,2
[147]
T1,0,1,103,15
T2,1,1,35,4
T3,2,1,147,2
T4,3,0,200,10
T5,4,0,56,3
T6,5,0,140,12
[148]
T1,0,1,200,4
T2,1,1,113,7
T3,2,1,20,1
T4,3,0,113,10
T5,4,1,176,33
T6,5,0,105,4
[149]
T1,0,0,99,22
T2,1,1,25,2
T3,2,0,200,2
T4,3,0,83,5
T5,4,0,160,14
T6,5,0,66,6
[150]
T1,0,1,120,14
T2,1,1,61,2
T3,2,1,180,10
T4,3,0,200,12
T5,4,1,83,18
T6,5,1,40,2
[151]
T1,0,0,165,2
T2,1,0,132,24
T3,2,0,97,16
T4,3,1,34,1
T5,4,0,119,6
T6,5,1,200,10
[152]
T1,0,0,69,2
T2,1,0,96,6
T3,2,0,165,2
T4,3,1,200,16
T5,4,1,104,15
T6,5,0,50,9
[153]
T1,0,1,198,27
T2,1,1,75,6
T3,2,1,200,11
T4,3,0,144,2
T5,4,0,87,12
T6,5,0,28,1
[154]
T1,0,0,91,5
T2,1,1,42,6
T3,2,1,160,12
T4,3,1,100,4
T5,4,1,64,3
T6,5,0,200,25
[155]
T1,0,0,44,9
T2,1,1,198,2
T3,2,0,60,1
T4,3,0,200,3
T5,4,1,102,22
T6,5,1,138,3
[156]
T1,0,1,24,6
T2,1,1,88,3
T3,2,0,150,3
T4,3,0,100,10
T5,4,0,200,4
T6,5,1,121,3
[157]
T1,0,0,36,5
T2,1,1,65,6
T3,2,1,99,17
T4,3,1,55,2
T5,4,0,164,4
T6,5,0,200,3
[158]
T1,0,1,48,2
T2,1,1,200,1
T3,2,0,132,9
T4,3,1,198,13
T5,4,1,82,11
T6,5,0,143,23
[159]
T1,0,1,200,7
T2,1,0,198,14
T3,2,0,51,8
T4,3,0,126,20
T5,4,0,85,3
T6,5,0,120,1
[160]
T1,0,1,127,16
T2,1,0,45,3
T3,2,1,162,2
T4,3,0,200,48
T5,4,0,72,1
T6,5,0,72,1
[161]
T1,0,0,130,15
T2,1,1,75,8
T3,2,0,26,2
T4,3,1,64,6
T5,4,1,200,13
T6,5,1,154,2
[162]
T1,0,1,200,6
T2,1,0,75,10
T3,2,1,40,7
T4,3,0,110,5
T5,4,1,161,2
T6,5,0,64,6
[163]
T1,0,1,35,2
T2,1,1,105,2
T3,2,0,70,2
T4,3,0,200,27
T5,4,1,72,5
T6,5,1,152,29
[164]
T1,0,1,87,25
T2,1,1,72,8
T3,2,0,160,7
T4,3,0,35,2
T5,4,0,200,3
T6,5,0,80,1
[165]
T1,0,1,91,7
T2,1,1,174,17
T3,2,1,200,10
T4,3,1,52,6
T5,4,1,58,1
T6,5,0,87,10
[166]
T1,0,1,200,10
T2,1,1,29,2
T3,2,0,77,3
T4,3,1,99,16
T5,4,0,175,18
T6,5,1,77,9
[167]
T1,0,0,152,31
T2,1,0,120,7
T3,2,1,200,2
T4,3,1,20,2
T5,4,1,65,2
T6,5,0,145,31
[168]
T1,0,1,200,50
T2,1,0,60,2
T3,2,0,38,2
T4,3,0,57,2
T5,4,1,156,11
T6,5,0,146,11
[169]
T1,0,0,150,19
T2,1,1,98,2
T3,2,1,132,24
T4,3,0,40,2
T5,4,1,134,5
T6,5,1,200,10
[170]
T1,0,0,135,15
T2,1,1,60,2
T3,2,0,49,13
T4,3,1,195,18
T5,4,0,200,3
T6,5,0,100,2
[171]
T1,0,1,82,2
T2,1,1,180,9
T3,2,0,80,13
T4,3,1,200,10
T5,4,1,40,5
T6,5,0,103,8
[172]
T1,0,0,50,2
T2,1,0,144,7
T3,2,1,86,8
T4,3,1,200,34
T5,4,0,164,11
T6,5,0,100,4
[173]
T1,0,0,97,9
T2,1,1,144,5
T3,2,0,180,3
T4,3,0,200,21
T5,4,1,85,14
T6,5,0,24,1
[174]
T1,0,1,40,2
T2,1,1,170,13
T3,2,0,97,8
T4,3,0,78,2
T5,4,1,80,11
T6,5,1,200,19
[175]
T1,0,0,49,2
T2,1,0,178,14
T3,2,1,58,2
T4,3,0,56,8
T5,4,0,200,27
T6,5,0,89,2
[176]
T1,0,1,200,16
T2,1,1,110,19
T3,2,0,165,9
T4,3,0,129,8
T5,4,0,27,2
T6,5,1,121,10
[177]
T1,0,1,200,5
T2,1,1,57,2
T3,2,0,28,5
T4,3,1,168,8
T5,4,0,57,7
T6,5,1,110,6
[178]
T1,0,0,195,4
T2,1,0,200,11
T3,2,1,83,2
T4,3,1,60,7
T5,4,1,113,14
T6,5,1,26,3
[179]
T1,0,0,105,1
T2,1,0,20,2
T3,2,1,168,28
T4,3,0,96,17
T5,4,1,111,7
T6,5,0,200,3
[180]
T1,0,1,80,10
T2,1,0,35,1
T3,2,0,200,51
T4,3,1,178,4
T5,4,1,100,2
T6,5,0,120,1
[181]
T1,0,0,82,18
T2,1,0,90,2
T3,2,1,100,2
T4,3,0,152,22
T5,4,0,38,2
T6,5,1,200,3
[182]
T1,0,0,50,3
T2,1,1,85,5
T3,2,0,200,22
T4,3,1,103,11
T5,4,1,62,7
T6,5,1,160,2
[183]
T1,0,0,145,6
T2,1,0,171,9
T3,2,1,200,20
T4,3,0,30,4
T5,4,0,104,2
T6,5,1,58,6
[184]
T1,0,1,66,2
T2,1,1,97,22
T3,2,1,75,2
T4,3,1,200,13
T5,4,1,166,20
T6,5,1,33,2
[185]
T1,0,0,129,19
T2,1,1,80,1
T3,2,1,200,26
T4,3,0,155,11
T5,4,0,90,4
T6,5,0,36,2
[186]
T1,0,1,200,46
T2,1,0,40,2
T3,2,0,192,21
T4,3,1,82,3
T5,4,1,128,9
T6,5,1,65,1
[187]
T1,0,1,200,7
T2,1,0,75,1
T3,2,1,24,3
T4,3,1,72,2
T5,4,0,156,12
T6,5,0,65,12
[188]
T1,0,1,35,1
T2,1,1,80,5
T3,2,0,106,20
T4,3,0,99,16
T5,4,1,175,3
T6,5,1,200,2
[189]
T1,0,0,83,10
T2,1,1,200,2
T3,2,1,90,5
T4,3,0,179,20
T5,4,1,50,3
T6,5,1,54,6
[190]
T1,0,0,65,5
T2,1,1,200,16
T3,2,1,68,4
T4,3,1,86,9
T5,4,0,26,1
T6,5,1,169,19
[191]
T1,0,0,85,2
T2,1,1,200,6
T3,2,0,125,28
T4,3,1,42,2
T5,4,0,133,18
T6,5,0,175,10
[192]
T1,0,0,104,2
T2,1,0,62,8
T3,2,0,200,45
T4,3,0,195,5
T5,4,1,95,9
T6,5,0,36,2
[193]
T1,0,1,60,2
T2,1,1,190,8
T3,2,0,120,22
T4,3,1,21,2
T5,4,0,68,13
T6,5,1,200,9
[194]
T1,0,1,68,2
T2,1,0,50,4
T3,2,1,160,32
T4,3,1,118,4
T5,4,1,72,4
T6,5,1,200,13
[195]
T1,0,0,200,23
T2,1,0,126,4
T3,2,0,174,22
T4,3,0,84,6
T5,4,1,111,12
T6,5,0,30,2
[196]
T1,0,1,168,34
T2,1,1,200,26
T3,2,0,59,4
T4,3,1,25,1
T5,4,0,58,2
T6,5,0,70,1
[197]
T1,0,1,50,2
T2,1,0,80,12
T3,2,1,200,6
T4,3,1,68,2
T5,4,0,176,38
T6,5,0,86,2
[198]
T1,0,0,200,35
T2,1,0,130,1
T3,2,1,165,9
T4,3,0,119,11
T5,4,0,100,2
T6,5,0,24,3
[199]
T1,0,1,130,15
T2,1,1,150,4
T3,2,1,104,1
T4,3,1,75,16
T5,4,0,53,1
T6,5,0,200,16
[200]
T1,0,1,27,3
T2,1,0,62,1
T3,2,1,150,16
T4,3,0,120,9
T5,4,0,107,3
T6,5,1,200,24
[201]
T1,0,1,106,3
T2,1,1,55,3
T3,2,1,176,15
T4,3,0,200,14
T5,4,0,44,9
T6,5,0,72,2
[202]
T1,0,1,200,29
T2,1,1,150,10
T3,2,1,93,2
T4,3,1,117,2
T5,4,0,91,5
T6,5,1,32,5
[203]
T1,0,1,30,2
T2,1,1,200,11
T3,2,1,141,22
T4,3,0,141,29
T5,4,1,195,10
T6,5,0,117,1
[204]
T1,0,1,135,13
T2,1,1,192,11
T3,2,0,144,4
T4,3,1,200,9
T5,4,1,70,13
T6,5,0,21,1
[205]
T1,0,0,86,8
T2,1,1,175,3
T3,2,1,200,2
T4,3,1,113,15
T5,4,1,52,5
T6,5,0,104,13
[206]
T1,0,0,80,23
T2,1,0,172,8
T3,2,0,60,2
T4,3,0,200,18
T5,4,0,21,2
T6,5,0,116,4
[207]
T1,0,1,80,1
T2,1,1,141,6
T3,2,0,160,6
T4,3,1,48,3
T5,4,1,141,30
T6,5,0,200,20
[208]
T1,0,0,44,2
T2,1,1,57,2
T3,2,0,126,1
T4,3,0,110,7
T5,4,0,200,51
T6,5,0,198,32
[209]
T1,0,1,111,6
T2,1,0,200,25
T3,2,1,30,2
T4,3,1,165,30
T5,4,1,133,5
T6,5,1,95,5
[210]
T1,0,1,84,7
T2,1,1,200,2
T3,2,1,54,11
T4,3,0,170,16
T5,4,0,67,1
T6,5,0,90,8
[211]
T1,0,0,168,50
T2,1,0,200,3
T3,2,1,32,2
T4,3,1,60,1
T5,4,0,66,1
T6,5,0,78,8
[212]
T1,0,1,92,7
T2,1,1,190,1
T3,2,0,23,1
T4,3,0,200,18
T5,4,1,67,9
T6,5,1,72,8
[213]
T1,0,1,128,4
T2,1,1,100,4
T3,2,1,24,2
T4,3,1,142,18
T5,4,0,200,40
T6,5,1,185,11
[214]
T1,0,0,62,3
T2,1,0,123,6
T3,2,1,200,4
T4,3,0,50,9
T5,4,0,61,2
T6,5,1,155,20
[215]
T1,0,0,36,2
T2,1,0,135,2
T3,2,0,200,15
T4,3,1,180,10
T5,4,0,78,8
T6,5,1,66,11
[216]
T1,0,1,192,4
T2,1,1,127,26
T3,2,1,200,16
T4,3,0,65,2
T5,4,0,25,3
T6,5,1,80,4
[217]
T1,0,1,35,3
T2,1,1,84,4
T3,2,0,96,5
T4,3,0,91,2
T5,4,1,186,33
T6,5,0,200,19
[218]
T1,0,0,126,4
T2,1,0,31,1
T3,2,0,112,29
T4,3,1,75,1
T5,4,1,200,11
T6,5,1,186,13
[219]
T1,0,1,200,2
T2,1,1,184,1
T3,2,1,120,35
T4,3,0,135,10
T5,4,0,138,2
T6,5,0,48,4
[220]
T1,0,0,136,5
T2,1,1,75,1
T3,2,0,192,39
T4,3,1,47,1
T5,4,1,80,16
T6,5,1,200,2
[221]
T1,0,1,200,6
T2,1,1,75,10
T3,2,0,21,2
T4,3,1,120,13
T5,4,0,186,8
T6,5,0,91,3
[222]
T1,0,0,135,2
T2,1,1,120,32
T3,2,0,168,7
T4,3,1,45,2
T5,4,1,200,7
T6,5,0,60,5
[223]
T1,0,0,200,3
T2,1,0,56,7
T3,2,1,100,1
T4,3,1,100,2
T5,4,0,24,5
T6,5,1,198,23
[224]
T1,0,1,98,3
T2,1,0,170,2
T3,2,0,200,13
T4,3,0,71,12
T5,4,0,120,17
T6,5,0,34,2
[225]
T1,0,0,91,2
T2,1,1,66,2
T3,2,1,20,2
T4,3,0,158,4
T5,4,1,200,61
T6,5,1,75,2
[226]
T1,0,1,126,37
T2,1,0,35,3
T3,2,0,198,2
T4,3,0,135,2
T5,4,0,77,2
T6,5,1,200,12
[227]
T1,0,0,68,2
T2,1,0,29,1
T3,2,1,102,8
T4,3,1,200,4
T5,4,0,63,14
T6,5,0,174,16
[228]
T1,0,1,200,25
T2,1,0,140,2
T3,2,1,40,2
T4,3,1,160,6
T5,4,1,88,18
T6,5,1,84,7
[229]
T1,0,1,168,33
T2,1,1,100,2
T3,2,1,56,4
T4,3,0,92,6
T5,4,0,45,5
T6,5,0,200,3
[230]
T1,0,0,150,45
T2,1,0,144,12
T3,2,0,110,2
T4,3,0,200,2
T5,4,0,55,1
T6,5,0,39,2
[231]
T1,0,0,140,12
T2,1,1,200,27
T3,2,1,165,5
T4,3,0,34,6
T5,4,0,97,1
T6,5,0,105,3
[232]
T1,0,1,84,9
T2,1,1,78,8
T3,2,1,121,16
T4,3,0,35,2
T5,4,0,160,9
T6,5,0,200,12
[233]
T1,0,1,36,1
T2,1,1,136,10
T3,2,1,61,1
T4,3,1,180,11
T5,4,1,122,33
T6,5,1,200,4
[234]
T1,0,1,40,4
T2,1,0,111,17
T3,2,1,96,7
T4,3,1,84,7
T5,4,1,200,7
T6,5,1,153,4
[235]
T1,0,1,200,9
T2,1,0,95,1
T3,2,1,75,6
T4,3,1,75,6
T5,4,1,32,5
T6,5,1,171,17
[236]
T1,0,1,152,5
T2,1,0,200,46
T3,2,1,49,3
T4,3,1,114,9
T5,4,1,125,4
T6,5,1,140,5
[237]
T1,0,0,57,4
T2,1,1,76,3
T3,2,1,20,2
T4,3,1,200,43
T5,4,1,110,2
T6,5,1,190,23
[238]
T1,0,1,184,34
T2,1,0,200,13
T3,2,1,117,2
T4,3,0,100,8
T5,4,1,60,6
T6,5,0,40,1
[239]
T1,0,1,200,15
T2,1,0,136,2
T3,2,1,52,13
T4,3,0,134,13
T5,4,0,95,5
T6,5,1,190,2
[240]
T1,0,1,200,1
T2,1,1,75,2
T3,2,0,176,37
T4,3,0,100,2
T5,4,0,36,3
T6,5,0,81,10
[241]
T1,0,1,47,6
T2,1,0,120,15
T3,2,0,200,31
T4,3,1,120,2
T5,4,1,168,5
T6,5,1,81,4
[242]
T1,0,0,100,2
T2,1,0,200,11
T3,2,1,140,13
T4,3,0,25,3
T5,4,0,78,2
T6,5,0,171,28
[243]
T1,0,0,185,15
T2,1,1,22,2
T3,2,0,200,2
T4,3,1,111,2
T5,4,1,76,19
T6,5,1,132,1
[244]
T1,0,0,69,2
T2,1,1,64,4
T3,2,0,200,29
T4,3,1,57,6
T5,4,0,35,2
T6,5,0,150,9
[245]
T1,0,0,70,8
T2,1,0,200,6
T3,2,1,69,8
T4,3,0,36,2
T5,4,1,108,20
T6,5,1,150,1
[246]
T1,0,1,91,2
T2,1,0,200,9
T3,2,0,40,1
T4,3,0,62,8
T5,4,0,182,46
T6,5,1,104,2
[247]
T1,0,1,150,8
T2,1,0,105,14
T3,2,1,52,1
T4,3,1,96,7
T5,4,1,200,19
T6,5,0,135,14
[248]
T1,0,0,91,5
T2,1,1,142,21
T3,2,1,20,2
T4,3,0,168,19
T5,4,1,102,1
T6,5,1,200,24
[249]
T1,0,1,125,16
T2,1,1,60,3
T3,2,1,200,2
T4,3,0,39,4
T5,4,0,150,1
T6,5,1,99,16
[250]
T1,0,0,200,5
T2,1,0,124,39
T3,2,1,144,4
T4,3,0,40,2
T5,4,0,67,3
T6,5,0,192,2
[251]
T1,0,1,200,20
T2,1,1,99,13
T3,2,0,40,4
T4,3,1,92,2
T5,4,0,144,16
T6,5,1,180,1
[252]
T1,0,0,200,34
T2,1,0,71,4
T3,2,1,47,2
T4,3,0,165,13
T5,4,1,100,6
T6,5,0,99,10
[253]
T1,0,0,128,3
T2,1,1,100,2
T3,2,0,165,30
T4,3,0,98,7
T5,4,0,25,5
T6,5,0,200,2
[254]
T1,0,1,30,3
T2,1,1,120,2
T3,2,1,75,5
T4,3,1,200,6
T5,4,1,166,2
T6,5,1,135,31
[255]
T1,0,0,70,3
T2,1,1,77,7
T3,2,0,200,9
T4,3,1,176,2
T5,4,0,56,10
T6,5,1,46,4
[256]
T1,0,0,200,17
T2,1,1,176,40
T3,2,0,130,9
T4,3,0,25,1
T5,4,0,61,1
T6,5,0,56,2
[257]
T1,0,1,76,2
T2,1,0,57,10
T3,2,1,200,7
T4,3,1,75,3
T5,4,0,176,34
T6,5,0,48,1
[258]
T1,0,0,165,33
T2,1,1,100,7
T3,2,1,62,2
T4,3,0,108,9
T5,4,1,44,3
T6,5,0,200,8
[259]
T1,0,1,48,1
T2,1,1,200,18
T3,2,1,132,16
T4,3,1,84,5
T5,4,0,120,10
T6,5,1,183,18
[260]
T1,0,0,187,2
T2,1,0,100,14
T3,2,1,88,13
T4,3,1,64,2
T5,4,1,48,2
T6,5,0,200,19
[261]
T1,0,1,155,17
T2,1,0,65,2
T3,2,1,59,3
T4,3,0,130,17
T5,4,0,200,26
T6,5,0,44,1
[262]
T1,0,1,94,7
T2,1,0,47,1
T3,2,0,200,13
T4,3,0,92,10
T5,4,1,150,19
T6,5,0,70,5
[263]
T1,0,1,96,2
T2,1,1,200,24
T3,2,0,120,10
T4,3,0,172,14
T5,4,0,54,5
T6,5,0,57,4
[264]
T1,0,0,174,6
T2,1,0,116,10
T3,2,0,114,21
T4,3,0,200,32
T5,4,0,72,1
T6,5,0,45,2
[265]
T1,0,1,175,2
T2,1,1,200,40
T3,2,1,75,2
T4,3,1,30,5
T5,4,1,121,5
T6,5,1,91,2
[266]
T1,0,0,25,2
T2,1,1,100,3
T3,2,0,56,1
T4,3,0,171,17
T5,4,0,200,9
T6,5,0,110,29
[267]
T1,0,1,25,2
T2,1,0,170,2
T3,2,1,84,2
T4,3,0,125,24
T5,4,0,200,5
T6,5,1,120,14
[268]
T1,0,1,200,4
T2,1,0,90,3
T3,2,0,136,19
T4,3,1,153,9
T5,4,1,88,8
T6,5,1,36,4
[269]
T1,0,0,44,1
T2,1,1,72,8
T3,2,0,200,10
T4,3,1,64,3
T5,4,1,63,1
T6,5,0,176,38
[270]
T1,0,1,110,14
T2,1,1,106,12
T3,2,1,22,1
T4,3,0,200,8
T5,4,1,175,7
T6,5,1,94,8
[271]
T1,0,1,63,10
T2,1,1,200,15
T3,2,1,25,1
T4,3,0,175,30
T5,4,0,126,1
T6,5,0,133,3
[272]
T1,0,0,34,2
T2,1,0,105,11
T3,2,1,63,3
T4,3,1,156,2
T5,4,0,84,5
T6,5,1,200,50
[273]
T1,0,1,200,3
T2,1,0,25,2
T3,2,0,72,5
T4,3,0,127,39
T5,4,0,160,4
T6,5,1,109,3
[274]
T1,0,1,200,2
T2,1,0,176,17
T3,2,1,35,2
T4,3,0,116,23
T5,4,0,113,2
T6,5,0,77,9
[275]
T1,0,1,200,2
T2,1,1,35,6
T3,2,0,175,7
T4,3,1,108,7
T5,4,1,143,20
T6,5,1,70,3
[276]
T1,0,1,151,30
T2,1,1,120,5
T3,2,0,50,2
T4,3,0,200,21
T5,4,1,100,11
T6,5,0,67,1
[277]
T1,0,0,120,1
T2,1,0,136,4
T3,2,0,40,2
T4,3,1,172,32
T5,4,1,200,15
T6,5,1,66,11
[278]
T1,0,0,39,2
T2,1,0,200,2
T3,2,0,66,3
T4,3,1,127,26
T5,4,0,75,11
T6,5,1,168,5
[279]
T1,0,1,20,2
T2,1,1,127,14
T3,2,0,150,2
T4,3,1,118,5
T5,4,1,200,45
T6,5,1,100,6
[280]
T1,0,0,69,15
T2,1,1,38,3
T3,2,0,72,1
T4,3,1,200,14
T5,4,1,60,2
T6,5,0,165,14
[281]
T1,0,1,110,2
T2,1,1,32,1
T3,2,0,172,23
T4,3,1,200,18
T5,4,1,86,2
T6,5,1,144,27
[282]
T1,0,0,24,2
T2,1,0,122,2
T3,2,1,200,39
T4,3,1,82,2
T5,4,0,123,17
T6,5,0,160,2
[283]
T1,0,1,200,2
T2,1,0,70,6
T3,2,1,130,1
T4,3,1,189,30
T5,4,0,114,18
T6,5,0,38,2
[284]
T1,0,0,160,6
T2,1,1,114,28
T3,2,0,33,2
T4,3,0,200,17
T5,4,0,55,2
T6,5,1,112,11
[285]
T1,0,1,75,4
T2,1,1,162,12
T3,2,0,54,2
T4,3,1,144,16
T5,4,1,135,21
T6,5,1,200,9
[286]
T1,0,1,25,2
T2,1,1,200,30
T3,2,1,72,1
T4,3,1,98,4
T5,4,0,125,1
T6,5,1,186,46
[287]
T1,0,0,136,17
T2,1,1,40,2
T3,2,0,61,5
T4,3,0,192,14
T5,4,0,200,13
T6,5,0,144,10
[288]
T1,0,1,105,7
T2,1,0,33,8
T3,2,1,98,11
T4,3,1,196,6
T5,4,0,200,2
T6,5,1,102,1
[289]
T1,0,0,68,3
T2,1,1,75,6
T3,2,0,50,3
T4,3,1,188,2
T5,4,1,200,13
T6,5,0,144,34
[290]
T1,0,1,91,9
T2,1,0,32,2
T3,2,0,150,19
T4,3,0,76,4
T5,4,0,200,25
T6,5,0,126,7
[291]
T1,0,0,138,6
T2,1,1,148,8
T3,2,1,64,12
T4,3,1,200,3
T5,4,1,22,2
T6,5,0,100,7
[292]
T1,0,0,200,3
T2,1,1,90,2
T3,2,0,168,6
T4,3,0,58,5
T5,4,1,36,8
T6,5,1,115,12
[293]
T1,0,1,190,9
T2,1,0,200,15
T3,2,0,50,3
T4,3,0,68,1
T5,4,1,104,15
T6,5,0,130,16
[294]
T1,0,1,168,1
T2,1,0,96,29
T3,2,0,142,8
T4,3,1,100,2
T5,4,0,200,19
T6,5,1,43,1
[295]
T1,0,0,42,2
T2,1,1,200,36
T3,2,0,139,9
T4,3,1,150,2
T5,4,1,112,14
T6,5,1,128,9
[296]
T1,0,0,63,1
T2,1,1,20,2
T3,2,1,200,40
T4,3,0,132,13
T5,4,1,61,5
T6,5,1,175,12
[297]
T1,0,0,56,1
T2,1,0,200,27
T3,2,0,119,3
T4,3,1,48,1
T5,4,0,112,16
T6,5,1,153,19
[298]
T1,0,0,98,1
T2,1,0,88,7
T3,2,0,200,10
T4,3,1,25,4
T5,4,0,88,1
T6,5,0,198,28
[299]
T1,0,1,200,48
T2,1,1,91,2
T3,2,1,168,2
T4,3,1,72,4
T5,4,1,48,5
T6,5,0,72,4
[300]
T1,0,0,92,19
T2,1,1,46,2
T3,2,0,190,24
T4,3,1,105,2
T5,4,0,88,2
T6,5,0,200,28
[301]
T1,0,0,77,3
T2,1,1,168,16
T3,2,1,51,4
T4,3,0,84,4
T5,4,0,200,23
T6,5,1,122,10
[302]
T1,0,1,182,21
T2,1,1,102,15
T3,2,1,120,13
T4,3,1,200,7
T5,4,0,51,3
T6,5,1,68,1
[303]
T1,0,0,136,10
T2,1,1,56,14
T3,2,0,25,2
T4,3,0,200,3
T5,4,0,104,12
T6,5,0,184,1
[304]
T1,0,1,200,1
T2,1,1,168,16
T3,2,1,99,4
T4,3,0,60,3
T5,4,1,147,30
T6,5,0,23,1
[305]
T1,0,1,108,11
T2,1,1,175,8
T3,2,1,30,1
T4,3,0,139,23
T5,4,0,200,18
T6,5,0,130,3
[306]
T1,0,1,66,5
T2,1,1,25,1
T3,2,0,135,26
T4,3,0,200,9
T5,4,0,150,1
T6,5,0,78,8
[307]
T1,0,1,54,4
T2,1,1,200,11
T3,2,1,96,4
T4,3,1,66,1
T5,4,0,50,12
T6,5,1,192,9
[308]
T1,0,0,119,8
T2,1,1,60,10
T3,2,0,84,10
T4,3,0,175,6
T5,4,0,200,6
T6,5,1,20,1
[309]
T1,0,0,200,38
T2,1,0,60,5
T3,2,0,75,4
T4,3,0,50,2
T5,4,0,195,4
T6,5,0,71,8
[310]
T1,0,0,68,12
T2,1,1,26,1
T3,2,0,200,2
T4,3,1,125,1
T5,4,0,69,8
T6,5,0,195,27
[311]
T1,0,0,76,2
T2,1,0,30,3
T3,2,1,190,17
T4,3,1,135,8
T5,4,1,200,44
T6,5,0,143,2
[312]
T1,0,0,174,2
T2,1,1,75,5
T3,2,1,87,1
T4,3,1,126,2
T5,4,0,200,64
T6,5,1,52,2
[313]
T1,0,0,200,1
T2,1,1,187,56
T3,2,1,40,4
T4,3,1,92,4
T5,4,1,72,2
T6,5,1,120,2
[314]
T1,0,0,95,5
T2,1,0,200,5
T3,2,0,190,38
T4,3,0,20,2
T5,4,0,88,1
T6,5,0,88,16
[315]
T1,0,0,85,2
T2,1,1,200,9
T3,2,1,115,24
T4,3,0,142,6
T5,4,1,23,2
T6,5,1,153,22
[316]
T1,0,1,87,2
T2,1,1,32,2
T3,2,1,144,16
T4,3,1,200,2
T5,4,0,168,47
T6,5,0,81,5
[317]
T1,0,0,69,7
T2,1,0,102,4
T3,2,1,75,3
T4,3,0,192,21
T5,4,1,48,5
T6,5,0,200,15
[318]
T1,0,1,200,41
T2,1,1,87,11
T3,2,0,81,1
T4,3,1,45,4
T5,4,1,156,1
T6,5,0,90,3
[319]
T1,0,1,140,17
T2,1,1,180,2
T3,2,0,141,31
T4,3,1,86,1
T5,4,0,200,5
T6,5,0,35,3
[320]
T1,0,0,104,17
T2,1,1,200,14
T3,2,1,156,15
T4,3,1,144,6
T5,4,1,50,2
T6,5,0,100,6
[321]
T1,0,0,50,2
T2,1,1,200,36
T3,2,0,105,4
T4,3,1,64,8
T5,4,1,87,6
T6,5,0,165,2
[322]
T1,0,0,95,4
T2,1,0,145,17
T3,2,0,88,12
T4,3,0,200,16
T5,4,0,48,3
T6,5,0,190,6
[323]
T1,0,1,95,15
T2,1,0,46,2
T3,2,1,200,7
T4,3,1,135,12
T5,4,1,69,10
T6,5,1,150,1
[324]
T1,0,0,102,19
T2,1,0,33,1
T3,2,0,198,2
T4,3,1,72,2
T5,4,0,60,9
T6,5,0,200,18
[325]
T1,0,1,82,17
T2,1,0,200,4
T3,2,0,164,17
T4,3,0,48,2
T5,4,0,76,6
T6,5,1,84,2
[326]
T1,0,1,200,33
T2,1,0,30,2
T3,2,1,168,32
T4,3,0,90,2
T5,4,1,108,7
T6,5,1,138,7
[327]
T1,0,1,200,1
T2,1,0,148,4
T3,2,1,37,1
T4,3,1,146,50
T5,4,1,75,2
T6,5,0,93,5
[328]
T1,0,1,200,2
T2,1,0,159,23
T3,2,1,126,5
T4,3,1,89,1
T5,4,0,100,6
T6,5,0,20,4
[329]
T1,0,1,104,13
T2,1,1,160,24
T3,2,1,30,2
T4,3,1,85,6
T5,4,1,54,2
T6,5,1,200,14
[330]
T1,0,1,200,23
T2,1,0,144,7
T3,2,1,140,4
T4,3,1,89,13
T5,4,0,161,5
T6,5,1,36,3
[331]
T1,0,0,121,20
T2,1,0,32,3
T3,2,1,60,5
T4,3,0,192,2
T5,4,1,113,3
T6,5,0,200,19
[332]
T1,0,0,48,5
T2,1,1,130,6
T3,2,1,200,8
T4,3,1,64,7
T5,4,0,150,26
T6,5,0,104,2
[333]
T1,0,1,200,45
T2,1,0,128,2
T3,2,0,72,8
T4,3,0,84,1
T5,4,0,172,2
T6,5,1,40,3
[334]
T1,0,0,67,3
T2,1,0,90,10
T3,2,0,175,3
T4,3,0,77,16
T5,4,0,200,10
T6,5,0,36,1
[335]
T1,0,1,35,2
T2,1,0,69,2
T3,2,0,192,11
T4,3,0,121,19
T5,4,0,200,34
T6,5,0,120,10
[336]
T1,0,0,55,1
T2,1,0,90,2
T3,2,0,186,19
T4,3,1,200,11
T5,4,0,124,12
T6,5,1,39,7
[337]
T1,0,1,77,1
T2,1,1,186,17
T3,2,1,21,2
T4,3,0,200,15
T5,4,1,63,12
T6,5,0,63,6
[338]
T1,0,0,78,4
T2,1,1,156,5
T3,2,0,20,4
T4,3,0,146,16
T5,4,1,58,2
T6,5,1,200,15
[339]
T1,0,1,165,4
T2,1,0,96,21
T3,2,1,50,2
T4,3,1,105,3
T5,4,1,200,15
T6,5,1,63,7
[340]
T1,0,1,144,1
T2,1,1,88,6
T3,2,1,200,23
T4,3,1,176,5
T5,4,0,90,15
T6,5,1,42,3
[341]
T1,0,1,171,14
T2,1,1,99,13
T3,2,0,40,3
T4,3,1,200,11
T5,4,1,122,4
T6,5,1,120,10
[342]
T1,0,1,105,2
T2,1,1,56,2
T3,2,0,50,9
T4,3,0,200,52
T5,4,1,55,1
T6,5,1,165,2
[343]
T1,0,0,72,4
T2,1,0,135,2
T3,2,1,38,2
T4,3,0,200,10
T5,4,0,192,14
T6,5,1,92,26
[344]
T1,0,1,50,6
T2,1,1,99,1
T3,2,1,87,17
T4,3,0,174,5
T5,4,0,200,18
T6,5,1,82,2
[345]
T1,0,0,72,2
T2,1,0,27,3
T3,2,0,64,3
T4,3,0,109,8
T5,4,0,160,34
T6,5,1,200,5
[346]
T1,0,1,96,2
T2,1,1,108,2
T3,2,0,32,3
T4,3,0,100,9
T5,4,1,200,35
T6,5,1,152,12
[347]
T1,0,0,40,7
T2,1,1,150,20
T3,2,1,114,3
T4,3,1,66,1
T5,4,1,69,7
T6,5,0,200,1
[348]
T1,0,0,64,16
T2,1,1,129,7
T3,2,1,156,7
T4,3,1,52,1
T5,4,1,91,8
T6,5,1,200,2
[349]
T1,0,1,122,9
T2,1,0,140,7
T3,2,0,48,2
T4,3,1,155,16
T5,4,0,56,6
T6,5,1,200,27
[350]
T1,0,1,66,3
T2,1,1,70,13
T3,2,0,49,2
T4,3,0,98,13
T5,4,1,184,3
T6,5,0,200,9
[351]
T1,0,1,200,63
T2,1,0,57,3
T3,2,0,180,2
T4,3,1,50,1
T5,4,1,125,6
T6,5,0,81,2
[352]
T1,0,1,102,2
T2,1,0,194,35
T3,2,0,104,5
T4,3,0,75,9
T5,4,1,20,2
T6,5,1,200,2
[353]
T1,0,1,200,6
T2,1,0,84,2
T3,2,0,192,11
T4,3,0,126,12
T5,4,1,126,28
T6,5,1,40,2
[354]
T1,0,1,180,2
T2,1,1,60,2
T3,2,1,109,22
T4,3,1,200,7
T5,4,1,139,12
T6,5,1,50,5
[355]
T1,0,0,185,37
T2,1,1,133,2
T3,2,1,200,18
T4,3,0,32,3
T5,4,0,111,3
T6,5,1,66,4
[356]
T1,0,1,134,5
T2,1,0,20,2
T3,2,0,200,44
T4,3,0,72,6
T5,4,1,180,1
T6,5,1,146,16
[357]
T1,0,0,24,1
T2,1,1,133,4
T3,2,0,78,15
T4,3,0,111,4
T5,4,1,150,21
T6,5,0,200,6
[358]
T1,0,0,112,1
T2,1,0,21,2
T3,2,1,119,14
T4,3,0,66,6
T5,4,1,200,31
T6,5,0,153,12
[359]
T1,0,1,75,2
T2,1,1,140,17
T3,2,1,135,1
T4,3,1,160,48
T5,4,1,26,2
T6,5,1,200,4
[360]
T1,0,1,62,10
T2,1,0,40,1
T3,2,0,198,1
T4,3,1,200,9
T5,4,1,110,5
T6,5,0,100,19
[361]
T1,0,1,47,7
T2,1,1,200,4
T3,2,0,133,8
T4,3,0,60,5
T5,4,1,168,13
T6,5,1,105,6
[362]
T1,0,0,75,8
T2,1,0,45,1
T3,2,1,156,1
T4,3,0,65,13
T5,4,1,200,14
T6,5,0,72,4
[363]
T1,0,1,200,36
T2,1,0,132,2
T3,2,1,184,11
T4,3,1,38,3
T5,4,1,120,2
T6,5,0,75,9
[364]
T1,0,1,50,14
T2,1,1,200,2
T3,2,1,76,1
T4,3,1,125,13
T5,4,0,160,9
T6,5,1,61,1
[365]
T1,0,1,192,53
T2,1,0,126,4
T3,2,1,36,2
T4,3,0,200,14
T5,4,0,90,7
T6,5,0,105,2
[366]
T1,0,1,68,3
T2,1,1,110,17
T3,2,0,154,10
T4,3,1,22,2
T5,4,0,116,8
T6,5,0,200,23
[367]
T1,0,0,117,1
T2,1,0,200,3
T3,2,0,42,2
T4,3,0,189,57
T5,4,1,144,15
T6,5,1,104,2
[368]
T1,0,1,104,5
T2,1,1,200,30
T3,2,0,127,8
T4,3,0,148,12
T5,4,1,80,5
T6,5,1,30,2
[369]
T1,0,1,22,2
T2,1,0,77,1
T3,2,1,66,2
T4,3,1,200,51
T5,4,0,78,12
T6,5,1,150,6
[370]
T1,0,1,150,15
T2,1,0,81,13
T3,2,1,45,3
T4,3,1,137,1
T5,4,0,200,26
T6,5,0,90,2
[371]
T1,0,0,200,29
T2,1,1,83,6
T3,2,0,22,3
T4,3,1,100,2
T5,4,0,88,2
T6,5,1,160,12
[372]
T1,0,1,144,12
T2,1,0,85,2
T3,2,0,135,7
T4,3,0,200,9
T5,4,1,198,40
T6,5,0,34,3
[373]
T1,0,0,70,12
T2,1,1,103,15
T3,2,0,20,1
T4,3,1,165,2
T5,4,1,200,20
T6,5,1,77,2
[374]
T1,0,0,20,2
T2,1,1,61,4
T3,2,1,114,20
T4,3,0,200,2
T5,4,1,70,2
T6,5,1,160,28
[375]
T1,0,1,90,6
T2,1,0,99,13
T3,2,0,34,2
T4,3,0,152,15
T5,4,0,90,3
T6,5,0,200,25
[376]
T1,0,1,30,5
T2,1,1,180,2
T3,2,1,200,14
T4,3,0,130,8
T5,4,1,144,23
T6,5,0,104,1
[377]
T1,0,0,25,2
T2,1,1,188,22
T3,2,0,94,9
T4,3,0,146,11
T5,4,0,200,2
T6,5,0,141,21
[378]
T1,0,0,36,2
T2,1,0,200,4
T3,2,0,125,4
T4,3,1,107,16
T5,4,1,170,6
T6,5,1,135,32
[379]
T1,0,1,147,4
T2,1,0,56,2
T3,2,1,96,7
T4,3,1,27,4
T5,4,1,200,31
T6,5,0,175,5
[380]
T1,0,1,50,13
T2,1,1,66,3
T3,2,1,60,2
T4,3,1,185,4
T5,4,0,200,24
T6,5,1,110,3
[381]
T1,0,1,133,29
T2,1,1,175,5
T3,2,0,69,8
T4,3,0,200,9
T5,4,0,42,2
T6,5,1,56,4
[382]
T1,0,1,54,1
T2,1,1,170,16
T3,2,1,58,2
T4,3,1,116,10
T5,4,1,29,6
T6,5,0,200,11
[383]
T1,0,1,175,9
T2,1,1,61,1
T3,2,0,114,23
T4,3,1,48,2
T5,4,1,100,18
T6,5,1,200,3
[384]
T1,0,0,81,5
T2,1,1,200,19
T3,2,1,192,14
T4,3,1,135,19
T5,4,1,65,1
T6,5,1,40,4
[385]
T1,0,1,200,62
T2,1,0,192,18
T3,2,1,100,1
T4,3,0,32,2
T5,4,1,97,1
T6,5,0,139,6
[386]
T1,0,0,200,10
T2,1,1,168,24
T3,2,0,37,5
T4,3,0,80,3
T5,4,1,117,4
T6,5,1,112,6
[387]
T1,0,0,200,25
T2,1,0,40,2
T3,2,1,60,6
T4,3,0,175,11
T5,4,1,98,2
T6,5,0,144,17
[388]
T1,0,0,20,2
T2,1,1,134,13
T3,2,0,60,2
T4,3,1,200,41
T5,4,1,118,10
T6,5,0,192,7
[389]
T1,0,0,122,5
T2,1,1,62,12
T3,2,0,56,2
T4,3,1,170,3
T5,4,0,34,5
T6,5,1,200,1
[390]
T1,0,1,111,6
T2,1,1,184,4
T3,2,0,200,17
T4,3,0,100,13
T5,4,0,96,14
T6,5,0,46,2
[391]
T1,0,0,141,5
T2,1,1,100,9
T3,2,1,36,2
T4,3,0,106,7
T5,4,0,162,8
T6,5,1,200,43
[392]
T1,0,0,91,3
T2,1,0,200,11
T3,2,0,150,13
T4,3,1,21,2
T5,4,0,99,28
T6,5,0,105,1
[393]
T1,0,0,27,2
T2,1,0,200,9
T3,2,0,60,6
T4,3,1,118,8
T5,4,0,195,29
T6,5,0,140,2
[394]
T1,0,1,168,11
T2,1,1,200,4
T3,2,0,72,2
T4,3,1,146,10
T5,4,0,40,2
T6,5,1,72,17
[395]
T1,0,1,66,3
T2,1,0,168,4
T3,2,1,21,2
T4,3,1,200,38
T5,4,1,55,2
T6,5,0,81,8
[396]
T1,0,0,189,4
T2,1,0,56,5
T3,2,0,66,2
T4,3,1,84,13
T5,4,0,200,21
T6,5,0,27,1
[397]
T1,0,1,190,5
T2,1,0,60,1
T3,2,1,200,13
T4,3,0,45,4
T5,4,1,136,35
T6,5,1,75,1
[398]
T1,0,0,180,2
T2,1,0,200,22
T3,2,1,48,5
T4,3,1,105,2
T5,4,0,113,13
T6,5,1,119,13
[399]
T1,0,0,40,9
T2,1,0,110,4
T3,2,1,200,17
T4,3,0,174,10
T5,4,1,131,2
T6,5,1,90,6
[400]
T1,0,1,36,5
T2,1,1,56,5
T3,2,0,131,9
T4,3,1,186,15
T5,4,0,90,7
T6,5,0,200,2
[401]
T1,0,1,60,1
T2,1,0,124,13
T3,2,1,165,8
T4,3,1,36,3
T5,4,0,109,9
T6,5,1,200,26
[402]
T1,0,0,200,29
T2,1,1,193,20
T3,2,1,125,8
T4,3,1,80,12
T5,4,1,110,2
T6,5,1,22,2
[403]
T1,0,1,150,6
T2,1,0,70,3
T3,2,1,50,3
T4,3,1,66,7
T5,4,1,62,2
T6,5,0,200,42
[404]
T1,0,0,126,2
T2,1,1,69,16
T3,2,1,40,4
T4,3,0,69,2
T5,4,0,150,8
T6,5,1,200,11
[405]
T1,0,0,200,1
T2,1,0,165,31
T3,2,1,54,2
T4,3,0,117,3
T5,4,0,27,1
T6,5,1,54,7
[406]
T1,0,1,114,2
T2,1,1,26,2
T3,2,0,117,1
T4,3,1,192,48
T5,4,0,120,18
T6,5,1,200,5
[407]
T1,0,1,189,12
T2,1,0,76,7
T3,2,0,200,28
T4,3,1,56,1
T5,4,0,36,6
T6,5,1,136,2
[408]
T1,0,0,168,10
T2,1,0,133,12
T3,2,0,35,2
T4,3,1,200,8
T5,4,1,145,5
T6,5,0,110,20
[409]
T1,0,1,136,7
T2,1,0,21,2
T3,2,1,200,2
T4,3,1,68,3
T5,4,0,142,17
T6,5,1,182,43
[410]
T1,0,0,135,2
T2,1,0,120,4
T3,2,1,200,43
T4,3,1,105,3
T5,4,1,175,1
T6,5,1,38,7
[411]
T1,0,1,84,10
T2,1,0,60,2
T3,2,1,166,9
T4,3,1,50,2
T5,4,1,200,30
T6,5,1,104,10
[412]
T1,0,0,200,29
T2,1,0,140,2
T3,2,1,32,8
T4,3,1,100,1
T5,4,0,150,3
T6,5,0,70,2
[413]
T1,0,1,75,3
T2,1,1,35,2
T3,2,1,76,1
T4,3,0,130,24
T5,4,0,200,25
T6,5,1,165,9
[414]
T1,0,0,49,2
T2,1,0,121,4
T3,2,0,168,10
T4,3,1,200,5
T5,4,1,64,9
T6,5,0,56,9
[415]
T1,0,1,20,2
T2,1,0,153,13
T3,2,0,118,5
T4,3,1,140,6
T5,4,0,144,7
T6,5,0,200,53
[416]
T1,0,0,25,1
T2,1,0,89,11
T3,2,1,200,16
T4,3,0,138,20
T5,4,0,92,2
T6,5,1,177,13
[417]
T1,0,1,104,9
T2,1,1,78,4
T3,2,1,200,19
T4,3,1,126,22
T5,4,0,44,1
T6,5,1,160,6
[418]
T1,0,1,90,15
T2,1,1,73,2
T3,2,0,185,4
T4,3,0,27,6
T5,4,1,200,12
T6,5,1,144,2
[419]
T1,0,1,200,22
T2,1,0,168,32
T3,2,1,144,3
T4,3,0,119,3
T5,4,0,48,5
T6,5,0,100,2
[420]
T1,0,0,78,30
T2,1,1,68,2
T3,2,0,144,4
T4,3,1,180,8
T5,4,0,54,1
T6,5,1,200,2
[421]
T1,0,1,200,6
T2,1,0,99,23
T3,2,0,20,2
T4,3,1,150,2
T5,4,0,111,4
T6,5,0,130,3
[422]
T1,0,0,48,7
T2,1,1,168,10
T3,2,0,55,2
T4,3,1,121,5
T5,4,0,200,5
T6,5,0,54,10
[423]
T1,0,1,30,3
T2,1,0,86,15
T3,2,1,60,6
T4,3,0,172,13
T5,4,0,200,4
T6,5,0,93,2
[424]
T1,0,1,63,1
T2,1,0,42,2
T3,2,0,171,35
T4,3,1,200,21
T5,4,1,96,7
T6,5,0,118,6
[425]
T1,0,1,145,3
T2,1,1,200,4
T3,2,0,180,32
T4,3,1,84,6
T5,4,0,40,4
T6,5,0,100,7
[426]
T1,0,1,24,2
T2,1,1,72,2
T3,2,1,200,2
T4,3,0,154,23
T5,4,1,89,21
T6,5,0,75,7
[427]
T1,0,0,72,2
T2,1,0,185,11
T3,2,0,131,2
T4,3,1,20,1
T5,4,1,200,5
T6,5,0,55,16
[428]
T1,0,1,93,8
T2,1,0,200,8
T3,2,1,24,3
T4,3,1,66,2
T5,4,1,165,27
T6,5,0,67,2
[429]
T1,0,0,200,2
T2,1,0,170,3
T3,2,0,100,34
T4,3,1,80,5
T5,4,1,50,2
T6,5,1,138,2
[430]
T1,0,1,183,14
T2,1,1,50,6
T3,2,1,75,1
T4,3,1,122,12
T5,4,1,200,26
T6,5,0,54,1
[431]
T1,0,0,168,2
T2,1,1,102,31
T3,2,0,34,1
T4,3,0,63,2
T5,4,1,56,2
T6,5,0,200,18
[432]
T1,0,0,100,10
T2,1,0,200,35
T3,2,0,36,1
T4,3,1,54,1
T5,4,0,161,8
T6,5,1,108,9
[433]
T1,0,1,66,5
T2,1,1,195,2
T3,2,1,75,5
T4,3,1,200,16
T5,4,1,126,29
T6,5,0,39,2
[434]
T1,0,1,165,40
T2,1,1,30,2
T3,2,0,107,10
T4,3,0,200,16
T5,4,0,94,2
T6,5,0,110,4
[435]
T1,0,0,84,2
T2,1,0,93,3
T3,2,0,200,21
T4,3,0,32,2
T5,4,0,171,19
T6,5,1,144,30
[436]
T1,0,0,30,3
T2,1,0,68,4
T3,2,1,100,12
T4,3,1,181,2
T5,4,1,200,30
T6,5,1,135,2
[437]
T1,0,0,70,12
T2,1,0,53,1
T3,2,1,59,4
T4,3,0,200,7
T5,4,0,72,13
T6,5,1,168,1
[438]
T1,0,1,132,7
T2,1,0,72,4
T3,2,0,132,32
T4,3,1,200,1
T5,4,1,150,15
T6,5,0,29,2
[439]
T1,0,0,55,6
T2,1,0,188,1
T3,2,1,70,2
T4,3,0,85,14
T5,4,0,200,23
T6,5,0,20,2
[440]
T1,0,0,112,18
T2,1,1,192,28
T3,2,0,120,4
T4,3,1,22,2
T5,4,0,56,4
T6,5,0,200,7
[441]
T1,0,1,64,2
T2,1,0,200,13
T3,2,1,40,3
T4,3,0,105,5
T5,4,1,104,8
T6,5,0,185,39
[442]
T1,0,1,42,5
T2,1,1,165,9
T3,2,0,130,22
T4,3,0,83,1
T5,4,1,56,1
T6,5,1,200,20
[443]
T1,0,0,184,8
T2,1,0,200,3
T3,2,1,25,5
T4,3,0,76,8
T5,4,1,61,5
T6,5,0,56,2
[444]
T1,0,0,97,5
T2,1,0,192,16
T3,2,0,200,12
T4,3,0,30,4
T5,4,0,128,12
T6,5,1,54,1
[445]
T1,0,0,100,9
T2,1,1,200,2
T3,2,0,189,1
T4,3,0,125,1
T5,4,0,21,7
T6,5,1,116,1
[446]
T1,0,0,200,4
T2,1,0,91,16
T3,2,0,192,3
T4,3,1,60,8
T5,4,0,97,4
T6,5,0,40,3
[447]
T1,0,0,105,17
T2,1,1,24,2
T3,2,0,89,1
T4,3,0,156,1
T5,4,0,125,25
T6,5,1,200,13
[448]
T1,0,1,98,10
T2,1,0,200,21
T3,2,0,176,1
T4,3,1,126,11
T5,4,1,110,8
T6,5,0,50,5
[449]
T1,0,0,175,17
T2,1,0,89,1
T3,2,1,33,4
T4,3,0,64,14
T5,4,0,200,2
T6,5,1,128,2
[450]
T1,0,1,119,2
T2,1,0,128,29
T3,2,0,156,24
T4,3,0,200,14
T5,4,1,120,2
T6,5,0,34,2
[451]
T1,0,1,98,1
T2,1,1,200,36
T3,2,1,115,9
T4,3,1,168,17
T5,4,1,98,7
T6,5,1,20,2
[452]
T1,0,1,56,6
T2,1,1,28,2
T3,2,0,120,35
T4,3,0,153,5
T5,4,0,120,2
T6,5,1,200,1
[453]
T1,0,0,150,19
T2,1,1,57,1
T3,2,1,200,1
T4,3,1,22,2
T5,4,1,75,19
T6,5,1,143,9
[454]
T1,0,1,200,4
T2,1,0,20,2
T3,2,0,72,2
T4,3,1,90,11
T5,4,0,175,21
T6,5,1,64,7
[455]
T1,0,1,156,7
T2,1,0,141,17
T3,2,0,57,2
T4,3,0,80,14
T5,4,1,200,6
T6,5,0,25,2
[456]
T1,0,1,90,2
T2,1,1,200,41
T3,2,0,132,3
T4,3,0,87,5
T5,4,0,198,2
T6,5,0,25,4
[457]
T1,0,1,166,2
T2,1,0,90,2
T3,2,0,125,26
T4,3,0,200,5
T5,4,0,25,5
T6,5,0,127,2
[458]
T1,0,0,71,1
T2,1,1,196,21
T3,2,1,50,6
T4,3,1,142,9
T5,4,1,200,2
T6,5,0,108,18
[459]
T1,0,0,56,9
T2,1,1,56,2
T3,2,1,55,6
T4,3,1,147,7
T5,4,0,22,1
T6,5,1,200,23
[460]
T1,0,0,32,1
T2,1,1,112,20
T3,2,0,125,5
T4,3,1,140,11
T5,4,0,200,9
T6,5,0,180,14
[461]
T1,0,0,144,1
T2,1,0,40,7
T3,2,0,84,7
T4,3,0,115,20
T5,4,1,176,1
T6,5,1,200,4
[462]
T1,0,0,143,1
T2,1,1,78,1
T3,2,1,25,1
T4,3,1,200,24
T5,4,0,106,4
T6,5,0,150,38
[463]
T1,0,0,180,13
T2,1,0,54,8
T3,2,1,111,16
T4,3,0,200,2
T5,4,0,114,1
T6,5,1,100,9
[464]
T1,0,0,200,25
T2,1,0,30,1
T3,2,1,90,9
T4,3,0,136,2
T5,4,1,192,21
T6,5,1,93,8
[465]
T1,0,0,200,12
T2,1,0,154,27
T3,2,1,60,3
T4,3,1,77,10
T5,4,0,66,1
T6,5,0,54,2
[466]
T1,0,1,200,12
T2,1,0,20,2
T3,2,1,88,20
T4,3,1,138,3
T5,4,0,66,7
T6,5,0,177,11
[467]
T1,0,0,137,10
T2,1,1,42,9
T3,2,0,200,2
T4,3,0,114,2
T5,4,0,96,14
T6,5,1,160,5
[468]
T1,0,0,36,2
T2,1,1,120,15
T3,2,0,200,40
T4,3,1,162,7
T5,4,1,135,8
T6,5,0,124,4
[469]
T1,0,1,180,2
T2,1,1,78,17
T3,2,1,200,4
T4,3,1,144,13
T5,4,0,21,1
T6,5,0,127,10
[470]
T1,0,1,95,10
T2,1,0,114,17
T3,2,0,195,1
T4,3,1,200,11
T5,4,0,72,2
T6,5,1,30,4
[471]
T1,0,1,79,3
T2,1,0,200,5
T3,2,0,33,10
T4,3,1,144,10
T5,4,1,92,2
T6,5,1,150,2
[472]
T1,0,0,91,2
T2,1,0,24,2
T3,2,0,180,15
T4,3,0,200,38
T5,4,1,84,1
T6,5,1,89,13
[473]
T1,0,0,168,1
T2,1,0,200,12
T3,2,0,50,2
T4,3,1,147,1
T5,4,1,75,28
T6,5,0,106,2
[474]
T1,0,1,52,1
T2,1,0,75,1
T3,2,0,110,2
T4,3,1,138,42
T5,4,0,200,9
T6,5,1,176,14
[475]
T1,0,1,72,6
T2,1,0,24,2
T3,2,0,155,47
T4,3,1,109,3
T5,4,0,70,2
T6,5,0,200,6
[476]
T1,0,0,175,3
T2,1,1,34,11
T3,2,1,147,6
T4,3,0,70,1
T5,4,1,200,2
T6,5,1,134,8
[477]
T1,0,0,93,6
T2,1,1,85,6
T3,2,1,117,7
T4,3,0,200,26
T5,4,0,153,6
T6,5,1,50,5
[478]
T1,0,0,57,4
T2,1,0,20,2
T3,2,1,105,5
T4,3,0,200,12
T5,4,1,129,26
T6,5,0,189,10
[479]
T1,0,0,186,27
T2,1,1,200,30
T3,2,1,100,14
T4,3,1,34,2
T5,4,1,94,3
T6,5,0,75,1
[480]
T1,0,1,200,14
T2,1,1,130,3
T3,2,0,105,20
T4,3,0,97,6
T5,4,1,182,10
T6,5,0,40,3
[481]
T1,0,1,185,5
T2,1,0,72,2
T3,2,0,200,38
T4,3,1,121,2
T5,4,0,30,5
T6,5,1,117,8
[482]
T1,0,1,169,4
T2,1,1,140,7
T3,2,0,24,2
T4,3,0,91,11
T5,4,1,80,2
T6,5,0,200,40
[483]
T1,0,0,180,15
T2,1,1,200,23
T3,2,0,59,3
T4,3,1,108,2
T5,4,1,72,3
T6,5,0,28,4
[484]
T1,0,0,66,13
T2,1,1,200,8
T3,2,1,106,19
T4,3,1,56,3
T5,4,1,50,2
T6,5,0,180,3
[485]
T1,0,1,147,11
T2,1,0,54,2
T3,2,0,200,21
T4,3,0,168,5
T5,4,0,64,6
T6,5,1,80,10
[486]
T1,0,0,105,2
T2,1,0,72,15
T3,2,0,155,14
T4,3,1,124,3
T5,4,0,44,3
T6,5,0,200,18
[487]
T1,0,1,130,9
T2,1,1,60,1
T3,2,1,158,14
T4,3,1,200,5
T5,4,1,25,2
T6,5,0,60,15
[488]
T1,0,1,150,11
T2,1,0,97,11
T3,2,0,112,2
T4,3,1,200,11
T5,4,1,30,3
T6,5,1,83,7
[489]
T1,0,0,120,2
T2,1,1,85,9
T3,2,0,58,14
T4,3,0,147,6
T5,4,0,25,2
T6,5,0,200,2
[490]
T1,0,0,172,40
T2,1,0,200,6
T3,2,0,88,3
T4,3,1,80,5
T5,4,0,20,1
T6,5,0,146,10
[491]
T1,0,0,200,14
T2,1,0,147,5
T3,2,1,143,11
T4,3,0,28,2
T5,4,1,195,14
T6,5,1,140,20
[492]
T1,0,1,50,1
T2,1,0,200,29
T3,2,0,162,23
T4,3,1,85,2
T5,4,1,62,3
T6,5,0,136,16
[493]
T1,0,1,153,29
T2,1,0,127,6
T3,2,0,78,3
T4,3,0,200,14
T5,4,0,30,3
T6,5,1,104,2
[494]
T1,0,0,100,9
T2,1,0,42,2
T3,2,1,189,7
T4,3,0,141,33
T5,4,0,200,9
T6,5,1,56,3
[495]
T1,0,0,122,7
T2,1,0,200,67
T3,2,0,176,6
T4,3,1,55,2
T5,4,0,71,1
T6,5,1,50,2
[496]
T1,0,0,120,7
T2,1,0,65,2
T3,2,1,195,17
T4,3,0,47,11
T5,4,0,200,2
T6,5,0,125,11
[497]
T1,0,1,56,1
T2,1,0,89,6
T3,2,1,184,2
T4,3,1,36,1
T5,4,0,92,1
T6,5,1,200,65
[498]
T1,0,1,200,42
T2,1,1,112,14
T3,2,0,154,8
T4,3,0,85,2
T5,4,1,21,1
T6,5,1,110,4
[499]
T1,0,1,20,2
T2,1,1,76,13
T3,2,0,140,9
T4,3,0,200,12
T5,4,0,126,2
T6,5,1,158,4
[500]
T1,0,0,75,4
T2,1,0,75,9
T3,2,1,168,8
T4,3,1,200,37
T5,4,1,22,1
T6,5,1,115,2
