num_task_per_taskset=6
num_taskset=500
//ID,Priority,Offset,Period,Execution Time
[1]
T1,0,0,150,4
T2,1,1,36,4
T3,2,0,129,36
T4,3,0,145,12
T5,4,0,200,1
T6,5,0,88,6
[2]
T1,0,0,65,10
T2,1,1,200,2
T3,2,1,42,7
T4,3,1,70,1
T5,4,0,68,1
T6,5,1,147,30
[3]
T1,0,0,93,14
T2,1,0,100,2
T3,2,1,34,3
T4,3,0,200,17
T5,4,0,194,8
T6,5,1,120,25
[4]
T1,0,1,200,15
T2,1,1,154,6
T3,2,1,60,6
T4,3,1,121,12
T5,4,0,22,2
T6,5,0,110,19
[5]
T1,0,0,154,16
T2,1,0,80,3
T3,2,0,136,1
T4,3,0,136,8
T5,4,1,28,3
T6,5,0,200,50
[6]
T1,0,0,60,10
T2,1,0,200,2
T3,2,1,163,20
T4,3,0,81,10
T5,4,0,75,8
T6,5,0,20,1
[7]
T1,0,0,176,20
T2,1,0,104,11
T3,2,1,82,11
T4,3,0,125,3
T5,4,1,200,1
T6,5,0,30,5
[8]
T1,0,0,168,20
T2,1,0,100,2
T3,2,1,101,20
T4,3,0,30,5
T5,4,0,200,13
T6,5,1,136,2
[9]
T1,0,1,90,10
T2,1,0,22,4
T3,2,1,99,3
T4,3,1,133,5
T5,4,0,175,20
T6,5,1,200,18
[10]
T1,0,0,78,2
T2,1,0,200,30
T3,2,0,150,4
T4,3,0,45,8
T5,4,0,117,20
T6,5,0,144,7
[11]
T1,0,0,190,13
T2,1,1,105,11
T3,2,0,105,20
T4,3,0,30,2
T5,4,0,200,5
T6,5,1,56,9
[12]
T1,0,0,200,22
T2,1,1,110,11
T3,2,1,106,1
T4,3,1,28,1
T5,4,0,147,12
T6,5,1,154,32
[13]
T1,0,1,120,21
T2,1,1,60,3
T3,2,1,200,18
T4,3,1,74,12
T5,4,0,170,7
T6,5,1,29,1
[14]
T1,0,0,74,14
T2,1,0,200,2
T3,2,0,66,2
T4,3,1,100,9
T5,4,0,21,2
T6,5,0,187,29
[15]
T1,0,0,33,2
T2,1,1,126,6
T3,2,1,198,5
T4,3,0,77,31
T5,4,0,89,8
T6,5,1,200,1
[16]
T1,0,1,185,6
T2,1,1,133,5
T3,2,0,200,7
T4,3,0,20,1
T5,4,1,88,17
T6,5,1,56,12
[17]
T1,0,0,150,11
T2,1,0,90,2
T3,2,1,81,10
T4,3,0,51,3
T5,4,1,200,21
T6,5,0,123,24
[18]
T1,0,0,24,2
T2,1,1,150,16
T3,2,0,106,12
T4,3,0,132,6
T5,4,1,147,24
T6,5,1,200,14
[19]
T1,0,0,200,31
T2,1,0,94,2
T3,2,1,70,6
T4,3,1,146,7
T5,4,1,21,1
T6,5,1,168,35
[20]
T1,0,1,120,12
T2,1,1,62,1
T3,2,0,75,3
T4,3,1,50,3
T5,4,1,200,57
T6,5,1,172,14
[21]
T1,0,0,78,8
T2,1,1,32,2
T3,2,1,121,12
T4,3,0,102,2
T5,4,1,200,47
T6,5,0,195,5
[22]
T1,0,1,200,2
T2,1,1,33,6
T3,2,1,129,15
T4,3,0,72,14
T5,4,0,63,2
T6,5,1,180,13
[23]
T1,0,0,99,5
T2,1,0,55,6
T3,2,1,200,64
T4,3,1,165,13
T5,4,1,75,1
T6,5,1,46,2
[24]
T1,0,1,120,1
T2,1,1,95,6
T3,2,0,171,3
T4,3,0,34,3
T5,4,1,130,35
T6,5,1,200,22
[25]
T1,0,1,200,30
T2,1,1,63,3
T3,2,0,160,13
T4,3,0,136,14
T5,4,1,147,17
T6,5,0,24,1
[26]
T1,0,1,55,10
T2,1,1,120,1
T3,2,0,200,39
T4,3,1,135,2
T5,4,0,36,5
T6,5,0,196,10
[27]
T1,0,1,115,15
T2,1,1,200,20
T3,2,0,42,11
T4,3,1,92,4
T5,4,0,131,3
T6,5,1,168,2
[28]
T1,0,0,101,13
T2,1,1,70,3
T3,2,0,184,21
T4,3,0,200,41
T5,4,1,76,1
T6,5,1,35,2
[29]
T1,0,1,200,55
T2,1,1,85,5
T3,2,1,80,1
T4,3,0,175,33
T5,4,0,35,1
T6,5,1,66,1
[30]
T1,0,0,45,2
T2,1,1,141,25
T3,2,0,90,6
T4,3,0,56,3
T5,4,0,190,31
T6,5,1,200,20
[31]
T1,0,0,40,2
T2,1,0,119,26
T3,2,0,65,10
T4,3,1,200,24
T5,4,1,84,1
T6,5,1,168,10
[32]
T1,0,1,200,28
T2,1,0,120,15
T3,2,1,142,6
T4,3,1,64,8
T5,4,1,45,5
T6,5,1,175,4
[33]
T1,0,0,175,27
T2,1,0,200,7
T3,2,1,128,20
T4,3,0,133,5
T5,4,0,25,2
T6,5,0,134,15
[34]
T1,0,0,29,2
T2,1,1,174,2
T3,2,0,200,60
T4,3,1,62,4
T5,4,1,134,14
T6,5,0,75,7
[35]
T1,0,1,25,4
T2,1,1,75,11
T3,2,1,198,38
T4,3,1,137,2
T5,4,1,121,5
T6,5,1,200,6
[36]
T1,0,0,51,2
T2,1,1,200,17
T3,2,1,105,16
T4,3,0,108,10
T5,4,0,170,1
T6,5,1,100,24
[37]
T1,0,1,84,2
T2,1,1,200,7
T3,2,0,105,3
T4,3,0,48,15
T5,4,1,66,5
T6,5,0,165,19
[38]
T1,0,1,172,19
T2,1,0,43,10
T3,2,1,200,1
T4,3,0,80,3
T5,4,1,60,2
T6,5,0,70,9
[39]
T1,0,0,92,20
T2,1,0,184,36
T3,2,0,58,2
T4,3,0,122,7
T5,4,0,29,2
T6,5,0,200,17
[40]
T1,0,0,50,1
T2,1,1,137,2
T3,2,1,62,10
T4,3,0,124,4
T5,4,0,200,3
T6,5,0,159,57
[41]
T1,0,1,115,6
T2,1,0,88,6
T3,2,1,46,5
T4,3,1,110,27
T5,4,1,200,12
T6,5,1,187,7
[42]
T1,0,1,89,5
T2,1,1,40,1
T3,2,1,56,13
T4,3,0,89,10
T5,4,0,200,1
T6,5,0,195,30
[43]
T1,0,1,34,1
T2,1,0,58,2
T3,2,1,64,16
T4,3,1,153,22
T5,4,0,200,4
T6,5,0,72,9
[44]
T1,0,0,141,33
T2,1,1,141,10
T3,2,1,50,2
T4,3,1,200,12
T5,4,0,162,27
T6,5,1,104,5
[45]
T1,0,1,24,1
T2,1,0,200,4
T3,2,0,140,38
T4,3,0,128,20
T5,4,1,116,5
T6,5,0,180,6
[46]
T1,0,1,133,10
T2,1,1,189,24
T3,2,1,200,13
T4,3,1,133,5
T5,4,0,24,1
T6,5,0,84,18
[47]
T1,0,0,166,8
T2,1,0,140,5
T3,2,1,57,7
T4,3,0,60,3
T5,4,1,200,41
T6,5,0,48,5
[48]
T1,0,0,32,6
T2,1,1,200,7
T3,2,1,60,2
T4,3,0,126,22
T5,4,1,192,6
T6,5,1,80,10
[49]
T1,0,0,101,10
T2,1,0,177,7
T3,2,1,112,11
T4,3,0,200,29
T5,4,0,48,4
T6,5,1,60,6
[50]
T1,0,0,70,12
T2,1,1,77,2
T3,2,0,175,14
T4,3,0,90,8
T5,4,0,30,6
T6,5,1,200,8
[51]
T1,0,1,50,8
T2,1,0,75,13
T3,2,0,182,10
T4,3,1,200,29
T5,4,1,101,1
T6,5,0,77,1
[52]
T1,0,1,116,7
T2,1,1,30,8
T3,2,1,60,7
T4,3,0,200,19
T5,4,1,55,2
T6,5,0,198,2
[53]
T1,0,1,65,6
T2,1,0,200,27
T3,2,1,176,13
T4,3,0,60,1
T5,4,1,65,5
T6,5,0,22,3
[54]
T1,0,1,100,5
T2,1,0,200,2
T3,2,1,156,14
T4,3,0,134,22
T5,4,1,24,2
T6,5,1,130,21
[55]
T1,0,1,200,12
T2,1,0,140,48
T3,2,0,185,5
T4,3,0,56,1
T5,4,0,130,2
T6,5,1,35,4
[56]
T1,0,1,175,38
T2,1,1,25,2
T3,2,1,200,1
T4,3,1,64,6
T5,4,1,120,21
T6,5,0,82,5
[57]
T1,0,0,77,6
T2,1,1,105,13
T3,2,0,150,43
T4,3,1,200,10
T5,4,1,108,4
T6,5,1,51,2
[58]
T1,0,0,60,3
T2,1,1,24,2
T3,2,1,141,2
T4,3,1,150,30
T5,4,0,89,6
T6,5,0,200,48
[59]
T1,0,0,156,31
T2,1,0,90,6
T3,2,0,56,8
T4,3,1,91,2
T5,4,1,35,5
T6,5,1,200,1
[60]
T1,0,1,144,5
T2,1,1,200,24
T3,2,1,172,31
T4,3,1,140,2
T5,4,1,105,8
T6,5,0,21,3
[61]
T1,0,0,72,2
T2,1,1,36,3
T3,2,1,194,30
T4,3,0,108,21
T5,4,1,200,2
T6,5,0,128,12
[62]
T1,0,1,77,6
T2,1,0,200,20
T3,2,1,88,2
T4,3,0,21,3
T5,4,1,175,35
T6,5,1,110,1
[63]
T1,0,1,120,20
T2,1,1,61,2
T3,2,0,171,40
T4,3,0,138,14
T5,4,1,25,2
T6,5,0,200,5
[64]
T1,0,1,100,4
T2,1,0,111,4
T3,2,0,157,17
T4,3,0,125,14
T5,4,0,25,3
T6,5,0,200,31
[65]
T1,0,1,54,18
T2,1,0,72,2
T3,2,0,114,1
T4,3,0,60,7
T5,4,0,200,13
T6,5,0,195,6
[66]
T1,0,1,62,4
T2,1,1,32,3
T3,2,1,55,4
T4,3,1,135,8
T5,4,1,155,11
T6,5,0,200,33
[67]
T1,0,1,115,4
T2,1,0,23,1
T3,2,1,55,6
T4,3,1,60,10
T5,4,1,200,35
T6,5,1,165,2
[68]
T1,0,1,200,1
T2,1,1,150,11
T3,2,0,73,28
T4,3,0,103,2
T5,4,1,33,1
T6,5,0,73,5
[69]
T1,0,1,55,14
T2,1,0,198,17
T3,2,0,200,2
T4,3,0,20,2
T5,4,1,132,25
T6,5,0,63,2
[70]
T1,0,1,86,23
T2,1,1,72,2
T3,2,1,200,28
T4,3,1,20,1
T5,4,0,69,1
T6,5,0,175,12
[71]
T1,0,1,24,4
T2,1,1,162,56
T3,2,1,61,1
T4,3,0,200,1
T5,4,0,108,1
T6,5,0,65,2
[72]
T1,0,1,60,9
T2,1,0,185,12
T3,2,1,117,34
T4,3,1,200,2
T5,4,0,59,2
T6,5,1,20,2
[73]
T1,0,0,200,11
T2,1,1,133,19
T3,2,1,20,1
T4,3,0,81,18
T5,4,0,81,3
T6,5,0,159,10
[74]
T1,0,1,57,3
T2,1,0,156,4
T3,2,0,100,11
T4,3,0,98,20
T5,4,1,48,6
T6,5,0,200,11
[75]
T1,0,0,200,5
T2,1,1,34,9
T3,2,0,85,1
T4,3,0,100,15
T5,4,1,80,4
T6,5,1,153,12
[76]
T1,0,0,97,2
T2,1,0,200,22
T3,2,1,21,1
T4,3,0,135,15
T5,4,0,147,36
T6,5,0,168,9
[77]
T1,0,1,34,2
T2,1,0,63,18
T3,2,1,125,3
T4,3,0,200,2
T5,4,0,153,27
T6,5,0,108,5
[78]
T1,0,1,192,9
T2,1,0,36,10
T3,2,1,136,1
T4,3,1,200,5
T5,4,0,128,15
T6,5,0,133,12
[79]
T1,0,1,200,33
T2,1,1,138,2
T3,2,1,117,16
T4,3,1,156,12
T5,4,0,117,2
T6,5,1,20,4
[80]
T1,0,1,23,1
T2,1,1,106,5
T3,2,1,55,6
T4,3,0,184,21
T5,4,1,138,28
T6,5,0,200,6
[81]
T1,0,0,110,1
T2,1,1,185,47
T3,2,0,110,3
T4,3,0,110,3
T5,4,1,200,33
T6,5,0,44,4
[82]
T1,0,1,36,2
T2,1,0,90,32
T3,2,0,135,13
T4,3,0,200,1
T5,4,1,153,8
T6,5,1,119,1
[83]
T1,0,0,72,7
T2,1,1,30,1
T3,2,1,130,16
T4,3,1,200,2
T5,4,0,155,24
T6,5,0,120,18
[84]
T1,0,0,119,30
T2,1,1,189,2
T3,2,1,90,3
T4,3,1,126,14
T5,4,1,200,26
T6,5,1,51,2
[85]
T1,0,1,200,15
T2,1,1,175,16
T3,2,0,86,18
T4,3,1,47,2
T5,4,0,125,22
T6,5,1,94,2
[86]
T1,0,1,175,15
T2,1,0,96,3
T3,2,0,126,16
T4,3,1,49,1
T5,4,0,123,12
T6,5,0,200,43
[87]
T1,0,1,27,1
T2,1,0,119,2
T3,2,1,137,24
T4,3,1,200,2
T5,4,1,119,24
T6,5,1,150,23
[88]
T1,0,0,60,2
T2,1,1,185,37
T3,2,1,200,43
T4,3,1,66,1
T5,4,1,97,10
T6,5,0,37,2
[89]
T1,0,1,74,3
T2,1,1,146,3
T3,2,0,148,10
T4,3,0,200,11
T5,4,1,50,10
T6,5,0,89,15
[90]
T1,0,1,155,6
T2,1,1,200,67
T3,2,0,93,6
T4,3,0,124,1
T5,4,1,24,2
T6,5,1,85,2
[91]
T1,0,1,200,26
T2,1,1,169,3
T3,2,1,100,4
T4,3,1,20,2
T5,4,1,58,8
T6,5,0,73,16
[92]
T1,0,0,146,10
T2,1,1,140,10
T3,2,0,45,10
T4,3,1,105,6
T5,4,0,168,14
T6,5,0,200,11
[93]
T1,0,1,115,12
T2,1,1,150,14
T3,2,1,59,9
T4,3,0,200,19
T5,4,1,90,5
T6,5,1,30,1
[94]
T1,0,1,105,25
T2,1,1,200,1
T3,2,0,170,10
T4,3,0,72,2
T5,4,0,24,4
T6,5,1,111,9
[95]
T1,0,1,189,45
T2,1,0,75,4
T3,2,1,91,16
T4,3,0,145,2
T5,4,1,200,11
T6,5,1,39,2
[96]
T1,0,0,168,2
T2,1,1,77,13
T3,2,1,142,20
T4,3,0,200,33
T5,4,1,20,1
T6,5,0,119,2
[97]
T1,0,1,176,28
T2,1,1,200,1
T3,2,1,90,16
T4,3,1,33,3
T5,4,1,138,3
T6,5,1,109,13
[98]
T1,0,0,176,18
T2,1,1,132,11
T3,2,1,108,21
T4,3,1,200,35
T5,4,0,32,2
T6,5,0,90,2
[99]
T1,0,0,114,2
T2,1,0,200,6
T3,2,0,108,15
T4,3,1,20,1
T5,4,1,139,6
T6,5,0,175,56
[100]
T1,0,1,170,14
T2,1,0,200,50
T3,2,1,20,2
T4,3,1,86,1
T5,4,0,147,2
T6,5,1,125,29
[101]
T1,0,0,168,18
T2,1,1,128,6
T3,2,1,28,2
T4,3,0,200,57
T5,4,0,145,20
T6,5,0,56,2
[102]
T1,0,1,90,5
T2,1,1,27,2
T3,2,1,144,36
T4,3,1,200,7
T5,4,1,81,10
T6,5,1,184,21
[103]
T1,0,0,134,5
T2,1,1,165,30
T3,2,0,200,4
T4,3,0,24,1
T5,4,0,55,6
T6,5,1,113,16
[104]
T1,0,1,39,3
T2,1,1,105,18
T3,2,1,106,15
T4,3,1,66,2
T5,4,1,200,21
T6,5,0,156,12
[105]
T1,0,0,106,5
T2,1,0,175,47
T3,2,0,28,2
T4,3,1,200,19
T5,4,1,105,10
T6,5,1,72,5
[106]
T1,0,1,80,3
T2,1,0,74,2
T3,2,1,50,6
T4,3,1,65,18
T5,4,1,159,12
T6,5,1,200,12
[107]
T1,0,0,133,6
T2,1,0,171,13
T3,2,0,38,6
T4,3,0,200,14
T5,4,1,96,5
T6,5,1,117,19
[108]
T1,0,0,200,3
T2,1,1,24,1
T3,2,1,189,7
T4,3,1,105,19
T5,4,1,146,26
T6,5,0,66,7
[109]
T1,0,0,200,53
T2,1,0,116,2
T3,2,0,25,2
T4,3,1,78,13
T5,4,0,175,9
T6,5,0,55,2
[110]
T1,0,0,86,7
T2,1,1,63,4
T3,2,1,30,2
T4,3,0,55,7
T5,4,1,168,1
T6,5,0,200,57
[111]
T1,0,0,95,3
T2,1,0,200,16
T3,2,0,24,8
T4,3,1,62,4
T5,4,1,170,10
T6,5,0,120,2
[112]
T1,0,1,200,7
T2,1,0,135,44
T3,2,1,100,1
T4,3,0,186,11
T5,4,1,77,8
T6,5,1,50,2
[113]
T1,0,0,75,2
T2,1,1,50,6
T3,2,0,132,10
T4,3,1,112,30
T5,4,1,180,3
T6,5,1,200,11
[114]
T1,0,1,90,8
T2,1,1,50,5
T3,2,0,188,22
T4,3,1,70,6
T5,4,0,69,11
T6,5,1,200,5
[115]
T1,0,1,70,11
T2,1,1,44,6
T3,2,1,80,6
T4,3,1,200,10
T5,4,0,187,14
T6,5,1,58,3
[116]
T1,0,1,200,59
T2,1,0,48,1
T3,2,0,187,4
T4,3,1,107,16
T5,4,1,136,1
T6,5,1,80,6
[117]
T1,0,1,83,13
T2,1,1,175,10
T3,2,1,112,2
T4,3,0,52,9
T5,4,1,98,5
T6,5,1,200,24
[118]
T1,0,1,28,1
T2,1,1,134,6
T3,2,1,137,2
T4,3,1,56,1
T5,4,0,200,6
T6,5,1,150,64
[119]
T1,0,1,28,3
T2,1,1,136,9
T3,2,1,140,12
T4,3,0,58,9
T5,4,1,176,2
T6,5,1,200,23
[120]
T1,0,1,50,13
T2,1,1,90,8
T3,2,0,200,33
T4,3,0,59,2
T5,4,0,153,1
T6,5,1,57,1
[121]
T1,0,1,158,4
T2,1,1,200,5
T3,2,1,106,32
T4,3,1,40,4
T5,4,0,102,2
T6,5,1,79,9
[122]
T1,0,0,93,29
T2,1,0,160,14
T3,2,1,40,2
T4,3,1,56,1
T5,4,1,200,5
T6,5,1,125,9
[123]
T1,0,1,71,2
T2,1,0,55,2
T3,2,1,22,4
T4,3,0,136,14
T5,4,1,165,20
T6,5,1,200,21
[124]
T1,0,1,49,6
T2,1,0,140,15
T3,2,0,200,38
T4,3,0,76,2
T5,4,0,76,3
T6,5,0,147,17
[125]
T1,0,1,170,6
T2,1,1,39,1
T3,2,0,56,6
T4,3,0,200,28
T5,4,1,119,26
T6,5,0,91,4
[126]
T1,0,0,196,20
T2,1,0,126,17
T3,2,1,132,12
T4,3,1,45,3
T5,4,0,200,4
T6,5,1,74,11
[127]
T1,0,1,165,2
T2,1,0,134,1
T3,2,0,22,3
T4,3,0,200,37
T5,4,1,140,27
T6,5,0,140,3
[128]
T1,0,0,200,2
T2,1,1,100,5
T3,2,0,63,2
T4,3,0,66,13
T5,4,0,20,5
T6,5,0,175,1
[129]
T1,0,0,112,18
T2,1,1,32,2
T3,2,0,200,12
T4,3,1,54,7
T5,4,0,168,5
T6,5,0,144,25
[130]
T1,0,0,23,1
T2,1,1,189,4
T3,2,1,138,52
T4,3,1,63,2
T5,4,1,100,5
T6,5,1,200,14
[131]
T1,0,0,152,12
T2,1,0,125,35
T3,2,0,93,7
T4,3,0,20,2
T5,4,0,200,7
T6,5,0,136,10
[132]
T1,0,1,200,70
T2,1,0,100,2
T3,2,1,75,2
T4,3,1,84,3
T5,4,1,164,20
T6,5,1,50,1
[133]
T1,0,0,108,15
T2,1,1,51,3
T3,2,1,189,53
T4,3,0,200,6
T5,4,1,109,1
T6,5,0,100,5
[134]
T1,0,0,150,10
T2,1,0,70,21
T3,2,1,101,2
T4,3,1,131,1
T5,4,0,24,2
T6,5,1,200,30
[135]
T1,0,0,200,3
T2,1,1,192,25
T3,2,0,90,2
T4,3,0,104,11
T5,4,1,119,20
T6,5,1,24,3
[136]
T1,0,0,63,9
T2,1,1,90,2
T3,2,0,38,2
T4,3,1,171,37
T5,4,1,200,2
T6,5,0,90,17
[137]
T1,0,1,112,1
T2,1,1,192,21
T3,2,1,54,4
T4,3,1,90,7
T5,4,1,140,42
T6,5,0,200,2
[138]
T1,0,0,125,15
T2,1,0,26,1
T3,2,1,104,7
T4,3,1,170,22
T5,4,1,146,27
T6,5,0,200,7
[139]
T1,0,0,200,34
T2,1,0,192,8
T3,2,0,86,19
T4,3,0,91,2
T5,4,1,30,1
T6,5,1,91,8
[140]
T1,0,0,200,5
T2,1,0,84,18
T3,2,0,199,1
T4,3,0,140,34
T5,4,1,138,10
T6,5,0,35,2
[141]
T1,0,0,95,16
T2,1,0,46,3
T3,2,0,136,1
T4,3,0,102,24
T5,4,1,200,16
T6,5,0,180,2
[142]
T1,0,1,135,15
T2,1,0,126,10
T3,2,0,20,2
T4,3,1,88,3
T5,4,0,200,32
T6,5,1,150,27
[143]
T1,0,0,165,27
T2,1,1,90,1
T3,2,1,200,33
T4,3,1,66,4
T5,4,0,39,1
T6,5,0,86,12
[144]
T1,0,1,172,23
T2,1,1,105,4
T3,2,1,50,5
T4,3,0,69,1
T5,4,1,200,21
T6,5,1,75,14
[145]
T1,0,1,136,4
T2,1,1,21,1
T3,2,0,170,9
T4,3,1,200,23
T5,4,0,88,18
T6,5,0,103,10
[146]
T1,0,1,21,2
T2,1,1,59,5
T3,2,0,200,12
T4,3,0,184,29
T5,4,0,108,2
T6,5,0,63,13
[147]
T1,0,0,88,17
T2,1,1,63,1
T3,2,1,200,20
T4,3,0,62,2
T5,4,0,48,9
T6,5,0,155,12
[148]
T1,0,0,35,3
T2,1,1,195,3
T3,2,0,200,13
T4,3,0,90,22
T5,4,1,66,5
T6,5,0,80,5
[149]
T1,0,0,57,8
T2,1,0,200,49
T3,2,0,133,7
T4,3,1,100,10
T5,4,1,164,6
T6,5,0,48,2
[150]
T1,0,0,108,8
T2,1,1,140,10
T3,2,1,200,3
T4,3,0,54,2
T5,4,0,162,48
T6,5,0,54,4
[151]
T1,0,0,40,12
T2,1,1,200,2
T3,2,1,126,2
T4,3,1,55,3
T5,4,1,70,6
T6,5,1,165,22
[152]
T1,0,1,50,5
T2,1,0,105,15
T3,2,0,175,15
T4,3,0,200,2
T5,4,0,59,4
T6,5,1,140,23
[153]
T1,0,1,60,7
T2,1,1,52,2
T3,2,1,103,19
T4,3,1,200,17
T5,4,0,60,3
T6,5,0,168,22
[154]
T1,0,0,104,16
T2,1,1,55,4
T3,2,0,49,6
T4,3,1,126,5
T5,4,1,200,26
T6,5,1,165,9
[155]
T1,0,0,20,2
T2,1,1,200,16
T3,2,0,92,8
T4,3,1,87,1
T5,4,1,184,7
T6,5,1,123,39
[156]
T1,0,0,133,38
T2,1,0,21,2
T3,2,0,132,1
T4,3,1,187,13
T5,4,0,200,17
T6,5,0,85,3
[157]
T1,0,1,40,2
T2,1,1,64,14
T3,2,0,155,6
T4,3,1,85,4
T5,4,0,130,21
T6,5,0,200,13
[158]
T1,0,0,96,7
T2,1,1,154,6
T3,2,1,200,10
T4,3,1,138,4
T5,4,0,40,12
T6,5,0,64,5
[159]
T1,0,0,200,44
T2,1,0,67,4
T3,2,1,174,2
T4,3,1,116,22
T5,4,1,29,2
T6,5,0,112,2
[160]
T1,0,0,86,3
T2,1,1,92,9
T3,2,0,185,5
T4,3,1,40,2
T5,4,0,200,29
T6,5,1,60,16
[161]
T1,0,1,54,2
T2,1,1,200,30
T3,2,1,108,8
T4,3,0,36,8
T5,4,0,171,7
T6,5,1,95,3
[162]
T1,0,0,33,2
T2,1,1,200,19
T3,2,0,72,3
T4,3,0,153,6
T5,4,0,136,30
T6,5,0,86,11
[163]
T1,0,1,80,23
T2,1,1,48,4
T3,2,1,200,6
T4,3,0,102,2
T5,4,1,120,13
T6,5,0,187,11
[164]
T1,0,1,50,2
T2,1,1,150,9
T3,2,0,129,13
T4,3,0,200,39
T5,4,1,100,10
T6,5,1,117,10
[165]
T1,0,1,50,5
T2,1,0,135,10
T3,2,1,114,22
T4,3,0,186,3
T5,4,1,93,2
T6,5,1,200,34
[166]
T1,0,1,86,9
T2,1,0,58,2
T3,2,0,120,6
T4,3,1,48,2
T5,4,1,152,10
T6,5,0,200,51
[167]
T1,0,0,76,15
T2,1,1,50,1
T3,2,1,200,26
T4,3,1,60,2
T5,4,1,171,13
T6,5,0,68,9
[168]
T1,0,0,54,2
T2,1,0,79,6
T3,2,0,175,24
T4,3,1,68,2
T5,4,1,54,1
T6,5,1,200,50
[169]
T1,0,0,176,4
T2,1,0,32,5
T3,2,1,200,8
T4,3,0,90,12
T5,4,0,128,3
T6,5,1,131,24
[170]
T1,0,1,121,1
T2,1,1,119,28
T3,2,1,90,2
T4,3,1,51,10
T5,4,1,150,20
T6,5,1,200,2
[171]
T1,0,1,150,10
T2,1,0,136,7
T3,2,0,25,2
T4,3,0,141,41
T5,4,0,107,11
T6,5,1,200,7
[172]
T1,0,1,55,10
T2,1,0,110,9
T3,2,0,177,17
T4,3,0,25,2
T5,4,1,110,7
T6,5,1,200,14
[173]
T1,0,1,200,17
T2,1,1,118,8
T3,2,0,59,1
T4,3,0,25,6
T5,4,1,170,19
T6,5,0,82,3
[174]
T1,0,1,159,26
T2,1,0,120,17
T3,2,1,200,21
T4,3,0,55,1
T5,4,1,33,3
T6,5,0,55,2
[175]
T1,0,1,44,14
T2,1,0,55,6
T3,2,0,120,3
T4,3,1,200,3
T5,4,0,63,7
T6,5,0,152,2
[176]
T1,0,1,32,5
T2,1,0,124,1
T3,2,0,93,11
T4,3,1,200,2
T5,4,0,180,8
T6,5,0,65,15
[177]
T1,0,1,102,8
T2,1,1,102,9
T3,2,1,200,12
T4,3,0,51,1
T5,4,0,87,18
T6,5,1,153,18
[178]
T1,0,1,119,5
T2,1,0,57,12
T3,2,1,25,1
T4,3,0,144,21
T5,4,0,200,24
T6,5,0,150,2
[179]
T1,0,0,36,5
T2,1,1,144,9
T3,2,0,57,5
T4,3,0,165,9
T5,4,0,200,30
T6,5,0,60,3
[180]
T1,0,0,75,20
T2,1,1,144,13
T3,2,0,171,12
T4,3,1,60,2
T5,4,0,200,2
T6,5,0,44,4
[181]
T1,0,0,180,2
T2,1,1,84,2
T3,2,1,90,31
T4,3,1,21,2
T5,4,1,200,22
T6,5,0,74,2
[182]
T1,0,1,99,4
T2,1,1,200,2
T3,2,1,108,5
T4,3,1,180,2
T5,4,0,39,7
T6,5,0,59,17
[183]
T1,0,1,81,1
T2,1,0,69,8
T3,2,0,84,3
T4,3,1,45,5
T5,4,1,200,17
T6,5,0,189,35
[184]
T1,0,1,200,3
T2,1,1,130,23
T3,2,0,133,17
T4,3,1,20,2
T5,4,0,146,15
T6,5,0,182,3
[185]
T1,0,1,124,4
T2,1,0,192,2
T3,2,1,105,21
T4,3,1,20,2
T5,4,0,75,7
T6,5,0,200,21
[186]
T1,0,0,35,1
T2,1,1,63,10
T3,2,0,200,35
T4,3,1,62,1
T5,4,0,90,10
T6,5,0,175,14
[187]
T1,0,0,80,2
T2,1,1,200,17
T3,2,1,20,6
T4,3,1,80,9
T5,4,1,191,11
T6,5,0,92,2
[188]
T1,0,0,180,18
T2,1,0,117,4
T3,2,1,68,3
T4,3,0,21,4
T5,4,0,126,10
T6,5,1,200,26
[189]
T1,0,0,198,3
T2,1,1,54,9
T3,2,0,200,5
T4,3,1,121,10
T5,4,1,72,11
T6,5,1,72,9
[190]
T1,0,1,35,3
T2,1,1,180,8
T3,2,1,200,24
T4,3,1,144,17
T5,4,1,122,1
T6,5,1,128,22
[191]
T1,0,1,35,6
T2,1,1,170,2
T3,2,1,80,14
T4,3,1,200,13
T5,4,1,140,14
T6,5,1,75,3
[192]
T1,0,1,131,18
T2,1,0,64,5
T3,2,0,33,2
T4,3,0,135,7
T5,4,1,200,48
T6,5,1,176,9
[193]
T1,0,1,21,2
T2,1,0,200,13
T3,2,0,80,9
T4,3,0,55,4
T5,4,1,104,6
T6,5,0,165,45
[194]
T1,0,0,54,4
T2,1,0,150,2
T3,2,1,107,3
T4,3,1,119,33
T5,4,0,200,14
T6,5,0,35,3
[195]
T1,0,0,126,24
T2,1,0,126,12
T3,2,1,33,1
T4,3,1,200,18
T5,4,0,196,5
T6,5,1,117,17
[196]
T1,0,1,80,1
T2,1,1,200,4
T3,2,1,60,11
T4,3,1,184,8
T5,4,0,92,2
T6,5,0,46,13
[197]
T1,0,0,200,1
T2,1,1,190,4
T3,2,0,24,1
T4,3,0,60,4
T5,4,1,67,24
T6,5,1,69,3
[198]
T1,0,1,160,32
T2,1,1,126,24
T3,2,1,120,8
T4,3,0,200,20
T5,4,1,59,2
T6,5,0,33,2
[199]
T1,0,1,175,28
T2,1,0,140,2
T3,2,0,32,1
T4,3,1,93,24
T5,4,1,200,6
T6,5,1,73,4
[200]
T1,0,1,187,55
T2,1,0,66,7
T3,2,0,102,2
T4,3,0,24,3
T5,4,0,200,1
T6,5,0,58,2
[201]
T1,0,0,200,16
T2,1,1,132,2
T3,2,1,62,16
T4,3,1,150,9
T5,4,1,72,5
T6,5,1,48,5
[202]
T1,0,1,80,2
T2,1,0,93,13
T3,2,1,153,30
T4,3,1,51,3
T5,4,0,96,6
T6,5,0,200,14
[203]
T1,0,0,200,6
T2,1,1,136,61
T3,2,0,153,4
T4,3,1,112,2
T5,4,1,66,2
T6,5,1,48,1
[204]
T1,0,1,141,3
T2,1,0,30,7
T3,2,0,188,2
T4,3,0,72,2
T5,4,0,116,19
T6,5,0,200,25
[205]
T1,0,1,54,2
T2,1,0,130,37
T3,2,0,150,8
T4,3,0,135,11
T5,4,1,200,25
T6,5,0,91,3
[206]
T1,0,0,75,21
T2,1,0,172,5
T3,2,1,96,2
T4,3,1,35,5
T5,4,1,119,6
T6,5,1,200,8
[207]
T1,0,1,200,11
T2,1,0,55,5
T3,2,1,28,2
T4,3,1,88,3
T5,4,0,148,26
T6,5,0,144,28
[208]
T1,0,0,50,8
T2,1,1,125,2
T3,2,0,167,6
T4,3,1,120,23
T5,4,1,200,15
T6,5,1,98,11
[209]
T1,0,0,80,8
T2,1,0,178,27
T3,2,0,200,3
T4,3,1,25,3
T5,4,0,109,4
T6,5,0,76,9
[210]
T1,0,0,82,14
T2,1,0,82,10
T3,2,1,140,5
T4,3,0,168,20
T5,4,1,50,2
T6,5,1,200,23
[211]
T1,0,1,114,15
T2,1,1,147,35
T3,2,1,49,5
T4,3,1,200,6
T5,4,0,75,2
T6,5,1,60,2
[212]
T1,0,1,145,52
T2,1,1,50,2
T3,2,0,64,2
T4,3,0,114,3
T5,4,1,200,30
T6,5,1,180,5
[213]
T1,0,0,175,13
T2,1,1,88,3
T3,2,1,98,7
T4,3,0,42,8
T5,4,1,121,14
T6,5,1,200,18
[214]
T1,0,1,83,5
T2,1,0,200,2
T3,2,0,150,61
T4,3,1,57,1
T5,4,1,25,1
T6,5,0,100,2
[215]
T1,0,1,72,2
T2,1,0,60,5
T3,2,1,27,3
T4,3,1,179,7
T5,4,1,75,7
T6,5,0,200,41
[216]
T1,0,1,200,6
T2,1,1,99,9
T3,2,1,50,2
T4,3,1,196,1
T5,4,1,108,12
T6,5,0,98,33
[217]
T1,0,0,200,2
T2,1,1,127,8
T3,2,0,140,17
T4,3,0,150,9
T5,4,0,136,37
T6,5,0,49,3
[218]
T1,0,1,200,20
T2,1,1,78,15
T3,2,1,60,2
T4,3,0,177,25
T5,4,1,112,8
T6,5,1,24,2
[219]
T1,0,0,124,3
T2,1,0,200,3
T3,2,0,186,8
T4,3,0,72,27
T5,4,1,144,10
T6,5,0,28,1
[220]
T1,0,0,150,5
T2,1,1,38,4
T3,2,0,200,2
T4,3,0,75,26
T5,4,0,145,12
T6,5,1,106,2
[221]
T1,0,0,69,8
T2,1,1,200,36
T3,2,0,140,3
T4,3,1,75,13
T5,4,0,180,15
T6,5,0,47,2
[222]
T1,0,0,126,21
T2,1,0,133,4
T3,2,1,60,2
T4,3,1,153,19
T5,4,1,200,27
T6,5,0,45,5
[223]
T1,0,1,104,2
T2,1,1,200,16
T3,2,1,21,1
T4,3,1,100,5
T5,4,0,66,17
T6,5,0,168,18
[224]
T1,0,1,101,28
T2,1,1,195,12
T3,2,0,200,2
T4,3,0,98,2
T5,4,0,30,1
T6,5,0,60,9
[225]
T1,0,1,112,1
T2,1,1,23,2
T3,2,0,96,7
T4,3,0,184,22
T5,4,0,120,28
T6,5,0,200,26
[226]
T1,0,1,24,8
T2,1,0,54,1
T3,2,0,200,1
T4,3,1,132,2
T5,4,0,180,32
T6,5,0,146,3
[227]
T1,0,1,92,14
T2,1,0,58,7
T3,2,0,175,26
T4,3,1,145,11
T5,4,0,200,15
T6,5,0,35,2
[228]
T1,0,0,45,3
T2,1,1,57,6
T3,2,0,200,50
T4,3,1,65,5
T5,4,1,98,4
T6,5,1,152,1
[229]
T1,0,1,187,5
T2,1,0,88,7
T3,2,1,20,5
T4,3,0,200,40
T5,4,0,64,2
T6,5,0,105,2
[230]
T1,0,1,81,12
T2,1,1,20,1
T3,2,1,88,9
T4,3,0,200,9
T5,4,1,165,29
T6,5,1,61,2
[231]
T1,0,0,156,63
T2,1,0,200,11
T3,2,0,39,1
T4,3,1,75,2
T5,4,0,85,2
T6,5,0,56,2
[232]
T1,0,0,98,19
T2,1,1,182,13
T3,2,0,91,7
T4,3,1,78,13
T5,4,1,200,11
T6,5,1,28,2
[233]
T1,0,1,118,10
T2,1,0,42,4
T3,2,1,100,8
T4,3,1,172,24
T5,4,0,200,12
T6,5,1,75,7
[234]
T1,0,1,200,13
T2,1,1,155,5
T3,2,1,80,13
T4,3,1,30,2
T5,4,1,69,2
T6,5,1,106,33
[235]
T1,0,1,86,6
T2,1,0,24,2
T3,2,0,60,5
T4,3,1,132,35
T5,4,0,200,26
T6,5,1,186,5
[236]
T1,0,0,200,6
T2,1,1,54,2
T3,2,0,36,15
T4,3,1,139,3
T5,4,0,95,3
T6,5,0,189,10
[237]
T1,0,0,200,55
T2,1,1,180,6
T3,2,1,24,2
T4,3,1,143,10
T5,4,0,80,1
T6,5,1,92,7
[238]
T1,0,1,200,21
T2,1,1,139,1
T3,2,1,69,9
T4,3,0,40,11
T5,4,0,192,10
T6,5,0,125,2
[239]
T1,0,1,20,2
T2,1,1,88,18
T3,2,1,168,5
T4,3,1,200,14
T5,4,1,140,13
T6,5,0,69,12
[240]
T1,0,0,158,17
T2,1,0,63,8
T3,2,1,45,1
T4,3,0,79,2
T5,4,0,200,53
T6,5,1,137,6
[241]
T1,0,0,200,3
T2,1,0,66,3
T3,2,0,120,13
T4,3,0,49,11
T5,4,0,105,1
T6,5,1,147,24
[242]
T1,0,0,20,2
T2,1,0,118,20
T3,2,1,72,3
T4,3,0,160,26
T5,4,1,105,10
T6,5,1,200,18
[243]
T1,0,1,170,3
T2,1,0,200,20
T3,2,1,75,2
T4,3,1,120,32
T5,4,0,65,8
T6,5,1,39,2
[244]
T1,0,1,75,1
T2,1,0,168,3
T3,2,0,65,2
T4,3,1,32,5
T5,4,0,68,22
T6,5,0,200,12
[245]
T1,0,1,125,1
T2,1,1,40,1
T3,2,0,100,40
T4,3,1,195,10
T5,4,0,64,2
T6,5,1,200,16
[246]
T1,0,1,200,2
T2,1,0,187,5
T3,2,0,80,8
T4,3,1,85,17
T5,4,0,62,7
T6,5,0,51,6
[247]
T1,0,1,200,13
T2,1,1,96,4
T3,2,0,97,2
T4,3,1,160,19
T5,4,1,132,41
T6,5,0,34,2
[248]
T1,0,1,165,33
T2,1,1,22,3
T3,2,1,77,8
T4,3,0,200,3
T5,4,0,90,2
T6,5,0,86,7
[249]
T1,0,0,80,7
T2,1,1,200,10
T3,2,1,68,2
T4,3,0,30,11
T5,4,1,88,4
T6,5,1,175,4
[250]
T1,0,1,83,15
T2,1,1,21,2
T3,2,0,88,2
T4,3,0,200,2
T5,4,1,84,7
T6,5,0,160,43
[251]
T1,0,0,200,11
T2,1,1,94,8
T3,2,0,32,2
T4,3,1,80,5
T5,4,0,91,1
T6,5,0,168,59
[252]
T1,0,0,130,18
T2,1,0,190,29
T3,2,1,130,2
T4,3,1,142,23
T5,4,1,26,1
T6,5,1,200,8
[253]
T1,0,1,20,2
T2,1,1,177,34
T3,2,1,110,6
T4,3,1,91,3
T5,4,0,118,11
T6,5,0,200,22
[254]
T1,0,0,200,13
T2,1,0,150,2
T3,2,0,120,39
T4,3,0,142,1
T5,4,1,53,5
T6,5,1,54,4
[255]
T1,0,1,198,8
T2,1,0,49,9
T3,2,0,200,2
T4,3,0,56,15
T5,4,0,60,1
T6,5,0,104,4
[256]
T1,0,1,136,34
T2,1,0,132,2
T3,2,0,154,10
T4,3,0,119,2
T5,4,1,200,41
T6,5,0,22,2
[257]
T1,0,1,134,15
T2,1,0,67,13
T3,2,1,175,4
T4,3,0,200,5
T5,4,1,35,3
T6,5,1,98,12
[258]
T1,0,1,55,7
T2,1,0,200,17
T3,2,0,90,2
T4,3,1,186,15
T5,4,1,21,1
T6,5,1,80,13
[259]
T1,0,1,63,2
T2,1,0,40,11
T3,2,0,98,12
T4,3,0,80,1
T5,4,1,200,10
T6,5,0,180,12
[260]
T1,0,0,176,14
T2,1,1,20,2
T3,2,0,200,52
T4,3,0,112,3
T5,4,0,125,6
T6,5,0,138,19
[261]
T1,0,0,200,16
T2,1,1,54,4
T3,2,1,75,14
T4,3,1,153,10
T5,4,1,24,2
T6,5,1,125,9
[262]
T1,0,0,59,19
T2,1,1,96,2
T3,2,0,50,3
T4,3,0,54,7
T5,4,1,200,2
T6,5,1,184,6
[263]
T1,0,0,174,10
T2,1,1,86,28
T3,2,0,200,7
T4,3,0,120,3
T5,4,0,45,2
T6,5,0,102,9
[264]
T1,0,0,78,18
T2,1,1,200,23
T3,2,0,171,8
T4,3,0,65,8
T5,4,1,50,1
T6,5,0,124,3
[265]
T1,0,1,30,1
T2,1,0,60,8
T3,2,1,165,2
T4,3,1,200,30
T5,4,1,59,13
T6,5,1,66,1
[266]
T1,0,0,42,9
T2,1,0,56,2
T3,2,0,138,5
T4,3,1,64,2
T5,4,0,160,11
T6,5,1,200,47
[267]
T1,0,1,57,6
T2,1,1,200,13
T3,2,0,75,6
T4,3,1,174,1
T5,4,0,56,4
T6,5,0,38,8
[268]
T1,0,0,150,52
T2,1,0,145,12
T3,2,1,200,2
T4,3,0,136,15
T5,4,0,29,2
T6,5,1,85,1
[269]
T1,0,0,108,3
T2,1,0,86,24
T3,2,1,200,5
T4,3,1,72,3
T5,4,0,29,3
T6,5,1,150,14
[270]
T1,0,1,200,17
T2,1,1,180,2
T3,2,0,48,2
T4,3,0,75,3
T5,4,1,88,30
T6,5,1,133,12
[271]
T1,0,0,147,1
T2,1,0,144,35
T3,2,0,48,5
T4,3,1,200,8
T5,4,0,154,14
T6,5,0,132,11
[272]
T1,0,0,112,11
T2,1,0,20,2
T3,2,0,142,4
T4,3,0,160,16
T5,4,0,200,33
T6,5,0,97,4
[273]
T1,0,0,74,8
T2,1,1,40,5
T3,2,1,96,26
T4,3,1,200,1
T5,4,0,148,2
T6,5,0,116,8
[274]
T1,0,1,35,7
T2,1,0,100,13
T3,2,1,85,4
T4,3,0,200,2
T5,4,0,165,29
T6,5,0,56,1
[275]
T1,0,0,50,2
T2,1,1,200,23
T3,2,0,77,2
T4,3,0,125,1
T5,4,1,196,62
T6,5,1,135,12
[276]
T1,0,0,136,4
T2,1,1,20,2
T3,2,1,112,13
T4,3,1,200,29
T5,4,1,68,1
T6,5,0,152,19
[277]
T1,0,0,190,21
T2,1,1,200,3
T3,2,1,147,1
T4,3,1,48,3
T5,4,1,99,34
T6,5,0,95,3
[278]
T1,0,0,200,1
T2,1,0,52,5
T3,2,1,91,3
T4,3,1,70,15
T5,4,1,90,8
T6,5,1,180,26
[279]
T1,0,1,86,2
T2,1,1,200,4
T3,2,0,35,3
T4,3,0,89,33
T5,4,1,56,3
T6,5,1,154,2
[280]
T1,0,0,25,3
T2,1,1,117,14
T3,2,0,164,34
T4,3,0,70,2
T5,4,0,200,4
T6,5,0,55,5
[281]
T1,0,0,90,13
T2,1,0,154,16
T3,2,0,99,2
T4,3,0,200,43
T5,4,0,63,4
T6,5,1,21,2
[282]
T1,0,1,39,3
T2,1,0,104,1
T3,2,0,93,13
T4,3,0,200,16
T5,4,1,86,9
T6,5,0,150,22
[283]
T1,0,0,200,38
T2,1,0,175,6
T3,2,0,116,16
T4,3,0,32,1
T5,4,0,75,8
T6,5,0,100,6
[284]
T1,0,0,105,10
T2,1,1,169,27
T3,2,0,56,3
T4,3,1,200,5
T5,4,0,54,11
T6,5,1,25,2
[285]
T1,0,1,200,15
T2,1,1,28,8
T3,2,0,185,11
T4,3,1,107,2
T5,4,1,125,3
T6,5,0,125,11
[286]
T1,0,1,56,7
T2,1,0,200,23
T3,2,1,64,7
T4,3,0,135,10
T5,4,0,156,20
T6,5,1,20,2
[287]
T1,0,1,152,30
T2,1,0,76,9
T3,2,1,200,5
T4,3,0,47,5
T5,4,0,57,1
T6,5,1,135,14
[288]
T1,0,0,64,6
T2,1,0,196,35
T3,2,1,21,1
T4,3,0,116,14
T5,4,1,200,25
T6,5,1,60,2
[289]
T1,0,1,108,7
T2,1,0,40,10
T3,2,0,200,2
T4,3,0,140,2
T5,4,1,116,2
T6,5,1,196,42
[290]
T1,0,0,128,36
T2,1,1,36,1
T3,2,0,200,4
T4,3,0,160,7
T5,4,0,126,3
T6,5,0,81,13
[291]
T1,0,1,92,19
T2,1,0,200,16
T3,2,1,189,7
T4,3,1,119,6
T5,4,0,36,2
T6,5,1,102,21
[292]
T1,0,1,136,29
T2,1,0,30,2
T3,2,1,124,4
T4,3,1,200,40
T5,4,0,108,5
T6,5,0,150,9
[293]
T1,0,1,48,2
T2,1,1,200,25
T3,2,1,72,8
T4,3,1,104,19
T5,4,0,144,6
T6,5,0,173,12
[294]
T1,0,0,38,4
T2,1,0,88,13
T3,2,1,160,15
T4,3,0,200,2
T5,4,1,112,23
T6,5,1,63,1
[295]
T1,0,1,96,14
T2,1,0,200,7
T3,2,0,185,18
T4,3,1,65,13
T5,4,0,36,2
T6,5,1,75,1
[296]
T1,0,0,24,2
T2,1,0,200,42
T3,2,1,120,22
T4,3,1,151,9
T5,4,1,142,1
T6,5,1,100,9
[297]
T1,0,1,146,9
T2,1,1,68,7
T3,2,1,87,9
T4,3,1,150,2
T5,4,1,200,20
T6,5,1,50,9
[298]
T1,0,0,63,2
T2,1,0,82,2
T3,2,1,24,6
T4,3,0,192,8
T5,4,1,200,48
T6,5,0,144,5
[299]
T1,0,1,117,1
T2,1,1,40,3
T3,2,1,200,58
T4,3,1,145,16
T5,4,0,150,9
T6,5,1,125,5
[300]
T1,0,1,30,5
T2,1,1,70,1
T3,2,1,84,2
T4,3,1,75,1
T5,4,0,160,9
T6,5,0,200,63
[301]
T1,0,0,75,29
T2,1,0,200,2
T3,2,0,132,19
T4,3,0,104,2
T5,4,1,39,2
T6,5,1,154,4
[302]
T1,0,0,91,15
T2,1,0,180,11
T3,2,0,110,5
T4,3,0,200,2
T5,4,1,48,11
T6,5,1,105,7
[303]
T1,0,1,200,35
T2,1,1,39,5
T3,2,0,85,2
T4,3,0,120,10
T5,4,1,68,5
T6,5,1,182,14
[304]
T1,0,1,132,13
T2,1,1,150,19
T3,2,1,41,3
T4,3,0,87,6
T5,4,0,100,11
T6,5,0,200,17
[305]
T1,0,1,172,2
T2,1,1,31,1
T3,2,1,120,36
T4,3,0,93,18
T5,4,1,200,2
T6,5,0,73,1
[306]
T1,0,1,176,13
T2,1,1,28,2
T3,2,0,135,6
T4,3,1,200,29
T5,4,0,100,29
T6,5,1,80,2
[307]
T1,0,0,116,2
T2,1,0,30,3
T3,2,0,150,10
T4,3,0,200,67
T5,4,0,65,2
T6,5,0,69,3
[308]
T1,0,1,24,5
T2,1,1,180,15
T3,2,1,60,1
T4,3,0,112,14
T5,4,0,134,3
T6,5,0,200,17
[309]
T1,0,1,170,32
T2,1,0,55,7
T3,2,1,118,11
T4,3,0,28,1
T5,4,1,200,1
T6,5,1,102,11
[310]
T1,0,0,24,2
T2,1,0,136,3
T3,2,1,90,14
T4,3,0,125,11
T5,4,0,200,41
T6,5,1,180,16
[311]
T1,0,0,170,5
T2,1,0,34,9
T3,2,0,102,1
T4,3,0,200,1
T5,4,1,66,1
T6,5,0,78,18
[312]
T1,0,0,166,11
T2,1,1,83,3
T3,2,0,21,1
T4,3,0,128,8
T5,4,0,200,50
T6,5,0,100,9
[313]
T1,0,1,22,3
T2,1,1,108,15
T3,2,1,132,18
T4,3,1,189,2
T5,4,1,200,7
T6,5,1,140,19
[314]
T1,0,0,123,17
T2,1,1,63,8
T3,2,0,66,5
T4,3,1,160,13
T5,4,0,200,29
T6,5,1,24,2
[315]
T1,0,1,186,13
T2,1,1,92,6
T3,2,0,200,38
T4,3,1,120,9
T5,4,0,83,4
T6,5,0,40,5
[316]
T1,0,1,48,2
T2,1,1,200,3
T3,2,0,174,45
T4,3,0,55,11
T5,4,1,92,2
T6,5,1,120,5
[317]
T1,0,1,145,11
T2,1,0,112,2
T3,2,1,176,12
T4,3,0,135,42
T5,4,0,22,2
T6,5,1,200,21
[318]
T1,0,0,28,2
T2,1,0,84,18
T3,2,1,125,16
T4,3,0,200,2
T5,4,0,110,2
T6,5,1,156,17
[319]
T1,0,1,112,2
T2,1,0,144,11
T3,2,1,200,28
T4,3,0,198,14
T5,4,0,80,14
T6,5,0,42,4
[320]
T1,0,1,120,9
T2,1,1,145,12
T3,2,0,200,8
T4,3,0,150,39
T5,4,1,139,12
T6,5,0,49,1
[321]
T1,0,1,142,2
T2,1,1,195,28
T3,2,1,200,14
T4,3,0,24,6
T5,4,0,77,2
T6,5,0,120,11
[322]
T1,0,1,168,10
T2,1,1,108,6
T3,2,0,45,3
T4,3,0,200,12
T5,4,1,96,8
T6,5,0,88,22
[323]
T1,0,0,200,30
T2,1,0,134,24
T3,2,0,36,2
T4,3,0,100,15
T5,4,1,77,5
T6,5,1,154,2
[324]
T1,0,1,200,6
T2,1,0,59,1
T3,2,1,70,8
T4,3,1,140,40
T5,4,1,154,10
T6,5,1,50,2
[325]
T1,0,1,195,22
T2,1,0,145,32
T3,2,0,45,2
T4,3,0,139,5
T5,4,1,145,4
T6,5,1,200,37
[326]
T1,0,1,143,33
T2,1,1,75,12
T3,2,0,22,2
T4,3,1,165,14
T5,4,0,200,7
T6,5,1,56,2
[327]
T1,0,1,34,5
T2,1,0,80,7
T3,2,1,170,4
T4,3,1,134,27
T5,4,0,200,16
T6,5,0,143,5
[328]
T1,0,0,77,2
T2,1,0,154,46
T3,2,1,97,3
T4,3,0,35,6
T5,4,1,200,8
T6,5,1,82,1
[329]
T1,0,1,48,3
T2,1,1,60,15
T3,2,0,200,2
T4,3,1,99,2
T5,4,1,125,24
T6,5,0,161,10
[330]
T1,0,0,85,6
T2,1,1,184,9
T3,2,0,115,14
T4,3,0,200,52
T5,4,0,147,12
T6,5,0,46,2
[331]
T1,0,0,35,2
T2,1,1,99,10
T3,2,1,55,13
T4,3,1,200,16
T5,4,1,150,17
T6,5,0,105,4
[332]
T1,0,0,98,6
T2,1,1,120,19
T3,2,1,200,53
T4,3,1,87,2
T5,4,1,165,9
T6,5,1,30,1
[333]
T1,0,0,151,5
T2,1,1,55,9
T3,2,0,120,18
T4,3,0,146,19
T5,4,0,200,12
T6,5,0,40,1
[334]
T1,0,0,56,2
T2,1,1,200,2
T3,2,1,57,1
T4,3,0,154,11
T5,4,1,120,31
T6,5,1,50,8
[335]
T1,0,0,200,17
T2,1,0,75,2
T3,2,1,25,2
T4,3,1,152,4
T5,4,1,120,37
T6,5,0,95,6
[336]
T1,0,1,24,1
T2,1,0,76,5
T3,2,0,125,10
T4,3,0,200,28
T5,4,0,126,12
T6,5,1,160,23
[337]
T1,0,1,69,15
T2,1,1,96,7
T3,2,1,200,29
T4,3,0,57,2
T5,4,0,156,10
T6,5,0,20,2
[338]
T1,0,0,90,2
T2,1,0,200,50
T3,2,0,192,7
T4,3,0,22,3
T5,4,0,96,12
T6,5,1,60,2
[339]
T1,0,1,200,1
T2,1,1,118,11
T3,2,0,31,2
T4,3,0,56,5
T5,4,1,186,38
T6,5,0,80,15
[340]
T1,0,1,123,7
T2,1,1,164,45
T3,2,0,40,2
T4,3,1,117,8
T5,4,1,200,18
T6,5,1,128,10
[341]
T1,0,0,200,3
T2,1,1,132,13
T3,2,1,164,17
T4,3,1,80,1
T5,4,0,30,2
T6,5,1,66,21
[342]
T1,0,0,87,16
T2,1,0,20,2
T3,2,1,78,12
T4,3,1,106,1
T5,4,1,159,27
T6,5,1,200,2
[343]
T1,0,1,200,2
T2,1,0,147,1
T3,2,1,180,12
T4,3,1,54,1
T5,4,1,82,21
T6,5,1,90,19
[344]
T1,0,1,36,1
T2,1,0,79,7
T3,2,0,124,17
T4,3,0,200,58
T5,4,1,125,2
T6,5,0,155,1
[345]
T1,0,1,110,8
T2,1,0,60,3
T3,2,1,149,7
T4,3,1,137,13
T5,4,1,200,56
T6,5,1,22,2
[346]
T1,0,1,94,6
T2,1,0,180,72
T3,2,1,60,1
T4,3,1,82,4
T5,4,1,200,4
T6,5,1,54,2
[347]
T1,0,1,66,2
T2,1,1,87,2
T3,2,1,180,31
T4,3,0,200,20
T5,4,0,144,15
T6,5,0,50,9
[348]
T1,0,0,129,2
T2,1,1,112,19
T3,2,0,49,1
T4,3,0,98,17
T5,4,0,196,36
T6,5,0,200,1
[349]
T1,0,1,83,8
T2,1,0,200,1
T3,2,0,99,4
T4,3,1,26,2
T5,4,1,176,11
T6,5,1,78,22
[350]
T1,0,1,70,12
T2,1,1,200,12
T3,2,0,54,1
T4,3,1,108,4
T5,4,0,94,11
T6,5,0,156,25
[351]
T1,0,1,104,18
T2,1,1,59,1
T3,2,0,25,2
T4,3,0,144,13
T5,4,1,189,26
T6,5,0,200,14
[352]
T1,0,0,200,41
T2,1,1,40,3
T3,2,0,127,6
T4,3,0,173,17
T5,4,0,125,18
T6,5,0,60,1
[353]
T1,0,0,50,8
T2,1,1,128,44
T3,2,1,112,1
T4,3,1,198,4
T5,4,1,200,7
T6,5,1,54,2
[354]
T1,0,0,78,2
T2,1,0,164,15
T3,2,1,200,2
T4,3,0,72,17
T5,4,1,21,1
T6,5,0,140,18
[355]
T1,0,1,200,14
T2,1,0,90,3
T3,2,1,90,10
T4,3,0,80,12
T5,4,1,170,25
T6,5,1,35,2
[356]
T1,0,0,200,3
T2,1,1,77,11
T3,2,0,145,1
T4,3,0,56,7
T5,4,0,20,3
T6,5,0,196,21
[357]
T1,0,0,72,4
T2,1,1,102,25
T3,2,0,182,27
T4,3,0,48,1
T5,4,0,78,1
T6,5,0,200,14
[358]
T1,0,0,120,14
T2,1,1,77,16
T3,2,1,200,2
T4,3,1,90,3
T5,4,0,25,4
T6,5,1,182,7
[359]
T1,0,1,75,22
T2,1,0,20,2
T3,2,1,200,27
T4,3,1,149,2
T5,4,1,90,6
T6,5,1,75,4
[360]
T1,0,0,200,17
T2,1,0,68,7
T3,2,1,57,1
T4,3,0,196,17
T5,4,1,35,1
T6,5,1,112,27
[361]
T1,0,1,40,2
T2,1,0,158,7
T3,2,1,132,4
T4,3,1,85,36
T5,4,0,200,13
T6,5,0,60,1
[362]
T1,0,1,38,1
T2,1,0,80,9
T3,2,1,156,48
T4,3,0,76,5
T5,4,0,70,3
T6,5,0,200,3
[363]
T1,0,1,66,18
T2,1,1,200,24
T3,2,1,120,6
T4,3,0,79,3
T5,4,1,150,1
T6,5,0,40,3
[364]
T1,0,1,176,25
T2,1,1,112,21
T3,2,0,135,17
T4,3,0,200,19
T5,4,0,120,2
T6,5,0,42,1
[365]
T1,0,0,135,7
T2,1,0,155,4
T3,2,1,60,11
T4,3,0,25,2
T5,4,1,200,1
T6,5,1,140,42
[366]
T1,0,1,146,10
T2,1,1,200,14
T3,2,0,57,1
T4,3,1,114,35
T5,4,0,162,3
T6,5,1,36,3
[367]
T1,0,1,200,4
T2,1,0,90,10
T3,2,1,44,7
T4,3,0,120,1
T5,4,1,55,14
T6,5,1,152,1
[368]
T1,0,1,101,9
T2,1,1,128,4
T3,2,1,200,12
T4,3,0,30,2
T5,4,1,100,36
T6,5,1,184,3
[369]
T1,0,0,200,15
T2,1,0,92,1
T3,2,0,45,2
T4,3,1,125,8
T5,4,0,135,7
T6,5,1,171,62
[370]
T1,0,0,188,18
T2,1,1,100,20
T3,2,1,81,1
T4,3,0,94,2
T5,4,0,24,4
T6,5,1,200,9
[371]
T1,0,0,160,29
T2,1,1,111,2
T3,2,0,80,1
T4,3,1,200,2
T5,4,1,85,17
T6,5,0,34,6
[372]
T1,0,1,54,8
T2,1,0,30,1
T3,2,0,125,4
T4,3,0,155,15
T5,4,1,200,15
T6,5,1,78,13
[373]
T1,0,0,70,6
T2,1,1,147,23
T3,2,1,180,17
T4,3,1,200,22
T5,4,0,40,2
T6,5,1,62,7
[374]
T1,0,1,135,9
T2,1,1,114,18
T3,2,0,45,2
T4,3,0,180,2
T5,4,1,72,20
T6,5,0,200,7
[375]
T1,0,1,70,2
T2,1,1,25,2
T3,2,1,200,11
T4,3,1,142,39
T5,4,1,98,10
T6,5,1,175,18
[376]
T1,0,0,200,16
T2,1,0,170,7
T3,2,0,58,3
T4,3,1,51,2
T5,4,1,72,18
T6,5,0,117,12
[377]
T1,0,0,25,2
T2,1,1,200,46
T3,2,1,123,18
T4,3,1,126,2
T5,4,1,180,7
T6,5,0,99,16
[378]
T1,0,0,165,61
T2,1,0,144,6
T3,2,1,112,3
T4,3,1,200,13
T5,4,1,75,1
T6,5,1,33,2
[379]
T1,0,0,130,4
T2,1,0,30,2
T3,2,0,195,5
T4,3,0,200,69
T5,4,1,91,8
T6,5,0,132,2
[380]
T1,0,0,126,4
T2,1,1,136,41
T3,2,0,152,13
T4,3,1,200,15
T5,4,0,112,7
T6,5,0,32,2
[381]
T1,0,1,128,1
T2,1,0,24,1
T3,2,1,100,13
T4,3,1,200,25
T5,4,0,55,12
T6,5,0,171,7
[382]
T1,0,0,52,1
T2,1,0,128,16
T3,2,0,200,12
T4,3,1,190,21
T5,4,1,95,11
T6,5,1,56,7
[383]
T1,0,1,88,3
T2,1,1,120,27
T3,2,0,129,32
T4,3,0,153,2
T5,4,1,50,3
T6,5,1,200,4
[384]
T1,0,1,200,22
T2,1,0,120,34
T3,2,1,109,2
T4,3,0,98,3
T5,4,1,32,3
T6,5,0,180,5
[385]
T1,0,1,140,23
T2,1,0,171,39
T3,2,1,112,4
T4,3,0,21,2
T5,4,0,103,2
T6,5,1,200,3
[386]
T1,0,0,128,2
T2,1,1,27,4
T3,2,0,70,12
T4,3,1,200,3
T5,4,1,72,2
T6,5,1,198,35
[387]
T1,0,0,200,4
T2,1,1,84,5
T3,2,1,75,3
T4,3,0,188,46
T5,4,1,115,1
T6,5,1,50,9
[388]
T1,0,1,88,19
T2,1,1,200,1
T3,2,1,90,13
T4,3,0,83,1
T5,4,0,171,15
T6,5,1,22,2
[389]
T1,0,1,200,56
T2,1,0,20,2
T3,2,1,121,8
T4,3,0,64,12
T5,4,1,165,2
T6,5,0,65,1
[390]
T1,0,1,200,35
T2,1,1,35,2
T3,2,1,165,17
T4,3,1,71,4
T5,4,1,100,11
T6,5,1,108,7
[391]
T1,0,0,129,36
T2,1,0,129,10
T3,2,0,60,2
T4,3,0,30,1
T5,4,0,156,19
T6,5,0,200,5
[392]
T1,0,1,200,3
T2,1,0,66,2
T3,2,0,150,35
T4,3,0,99,25
T5,4,0,27,2
T6,5,1,131,6
[393]
T1,0,0,100,2
T2,1,0,130,3
T3,2,1,148,9
T4,3,0,25,2
T5,4,0,200,11
T6,5,1,81,24
[394]
T1,0,0,24,2
T2,1,0,106,14
T3,2,0,75,20
T4,3,1,174,7
T5,4,0,101,4
T6,5,0,200,2
[395]
T1,0,1,55,2
T2,1,0,189,6
T3,2,0,56,7
T4,3,0,35,3
T5,4,1,200,54
T6,5,0,132,1
[396]
T1,0,0,90,2
T2,1,1,138,22
T3,2,0,84,27
T4,3,1,184,7
T5,4,1,200,6
T6,5,0,50,1
[397]
T1,0,1,144,2
T2,1,1,82,2
T3,2,0,125,12
T4,3,1,176,4
T5,4,1,25,9
T6,5,0,200,16
[398]
T1,0,0,104,3
T2,1,0,154,28
T3,2,0,200,4
T4,3,1,66,13
T5,4,0,30,4
T6,5,1,78,2
[399]
T1,0,0,90,27
T2,1,0,36,2
T3,2,0,148,15
T4,3,0,88,7
T5,4,1,111,2
T6,5,1,200,17
[400]
T1,0,1,63,8
T2,1,0,125,6
T3,2,1,160,38
T4,3,1,48,1
T5,4,0,200,25
T6,5,1,55,2
[401]
T1,0,0,104,26
T2,1,0,178,27
T3,2,0,200,2
T4,3,1,26,2
T5,4,0,80,4
T6,5,0,106,9
[402]
T1,0,1,50,10
T2,1,0,75,3
T3,2,0,122,8
T4,3,1,200,13
T5,4,1,120,3
T6,5,1,185,33
[403]
T1,0,1,89,7
T2,1,1,200,35
T3,2,0,24,4
T4,3,1,80,2
T5,4,0,77,1
T6,5,1,180,22
[404]
T1,0,0,86,3
T2,1,0,40,2
T3,2,1,187,27
T4,3,0,104,10
T5,4,0,136,7
T6,5,0,200,51
[405]
T1,0,1,100,20
T2,1,0,88,2
T3,2,0,200,3
T4,3,1,155,15
T5,4,1,122,20
T6,5,0,45,4
[406]
T1,0,1,115,21
T2,1,0,25,2
T3,2,1,200,2
T4,3,1,160,29
T5,4,0,80,9
T6,5,0,76,1
[407]
T1,0,1,48,6
T2,1,0,135,3
T3,2,1,135,7
T4,3,1,200,16
T5,4,1,103,2
T6,5,1,186,53
[408]
T1,0,1,51,4
T2,1,1,168,18
T3,2,1,105,6
T4,3,1,123,3
T5,4,0,72,17
T6,5,0,200,16
[409]
T1,0,1,59,3
T2,1,1,35,9
T3,2,1,200,23
T4,3,1,111,5
T5,4,0,180,9
T6,5,0,140,6
[410]
T1,0,1,200,2
T2,1,1,42,7
T3,2,1,160,39
T4,3,0,147,7
T5,4,0,120,3
T6,5,0,123,10
[411]
T1,0,1,82,5
T2,1,0,108,14
T3,2,1,173,47
T4,3,1,200,2
T5,4,1,25,1
T6,5,1,75,4
[412]
T1,0,1,200,6
T2,1,0,140,4
T3,2,0,52,4
T4,3,1,143,12
T5,4,1,165,34
T6,5,0,120,18
[413]
T1,0,0,133,2
T2,1,1,200,25
T3,2,1,168,15
T4,3,0,83,4
T5,4,1,66,11
T6,5,1,30,4
[414]
T1,0,0,140,7
T2,1,0,100,22
T3,2,0,200,5
T4,3,1,108,2
T5,4,0,182,29
T6,5,0,20,2
[415]
T1,0,1,97,16
T2,1,0,200,32
T3,2,0,30,1
T4,3,0,144,15
T5,4,0,116,3
T6,5,1,174,13
[416]
T1,0,1,115,1
T2,1,0,25,1
T3,2,1,170,14
T4,3,0,140,10
T5,4,0,140,12
T6,5,1,200,52
[417]
T1,0,0,85,7
T2,1,0,200,68
T3,2,0,180,11
T4,3,0,84,2
T5,4,0,32,2
T6,5,0,63,4
[418]
T1,0,0,200,23
T2,1,0,100,3
T3,2,1,51,1
T4,3,1,100,28
T5,4,1,165,12
T6,5,0,106,6
[419]
T1,0,1,127,20
T2,1,0,160,2
T3,2,1,200,5
T4,3,1,60,7
T5,4,0,113,3
T6,5,0,48,11
[420]
T1,0,1,200,34
T2,1,0,25,3
T3,2,0,62,2
T4,3,1,117,20
T5,4,0,137,8
T6,5,0,155,6
[421]
T1,0,0,20,4
T2,1,0,132,1
T3,2,1,160,6
T4,3,0,114,2
T5,4,1,144,10
T6,5,1,200,46
[422]
T1,0,1,200,29
T2,1,0,139,2
T3,2,0,37,2
T4,3,1,150,27
T5,4,1,60,2
T6,5,0,69,9
[423]
T1,0,1,81,9
T2,1,1,200,19
T3,2,0,21,2
T4,3,0,91,1
T5,4,0,98,16
T6,5,0,175,14
[424]
T1,0,1,200,4
T2,1,0,126,13
T3,2,1,138,6
T4,3,0,168,39
T5,4,0,80,4
T6,5,0,26,3
[425]
T1,0,1,121,2
T2,1,0,154,40
T3,2,0,22,2
T4,3,1,136,15
T5,4,0,200,2
T6,5,1,60,11
[426]
T1,0,1,96,8
T2,1,0,140,50
T3,2,0,171,8
T4,3,1,109,6
T5,4,0,45,2
T6,5,0,200,3
[427]
T1,0,0,125,26
T2,1,0,63,6
T3,2,0,51,8
T4,3,0,126,12
T5,4,0,200,4
T6,5,0,175,2
[428]
T1,0,1,96,8
T2,1,1,94,6
T3,2,0,188,2
T4,3,1,94,24
T5,4,0,38,6
T6,5,1,200,1
[429]
T1,0,1,116,33
T2,1,1,190,19
T3,2,0,40,1
T4,3,0,129,10
T5,4,1,200,4
T6,5,1,70,4
[430]
T1,0,1,24,3
T2,1,0,200,23
T3,2,0,80,5
T4,3,0,186,23
T5,4,1,71,5
T6,5,1,54,2
[431]
T1,0,1,143,2
T2,1,1,40,13
T3,2,0,165,2
T4,3,1,200,4
T5,4,0,121,2
T6,5,1,140,30
[432]
T1,0,0,200,14
T2,1,1,115,21
T3,2,1,92,3
T4,3,1,94,16
T5,4,0,165,16
T6,5,1,32,2
[433]
T1,0,0,106,14
T2,1,0,71,12
T3,2,1,176,21
T4,3,1,88,3
T5,4,0,200,10
T6,5,0,44,3
[434]
T1,0,0,23,1
T2,1,0,200,44
T3,2,1,81,4
T4,3,0,84,15
T5,4,1,161,9
T6,5,0,138,4
[435]
T1,0,1,200,31
T2,1,1,120,2
T3,2,1,35,5
T4,3,0,105,7
T5,4,0,66,11
T6,5,1,182,3
[436]
T1,0,1,66,9
T2,1,1,26,2
T3,2,1,200,53
T4,3,1,156,2
T5,4,0,116,8
T6,5,1,90,7
[437]
T1,0,0,47,2
T2,1,1,72,9
T3,2,0,165,17
T4,3,0,200,12
T5,4,1,146,39
T6,5,1,132,4
[438]
T1,0,1,102,14
T2,1,1,100,1
T3,2,1,182,62
T4,3,0,50,1
T5,4,0,200,11
T6,5,1,88,2
[439]
T1,0,1,171,3
T2,1,1,48,1
T3,2,1,123,4
T4,3,0,200,71
T5,4,1,84,2
T6,5,0,76,11
[440]
T1,0,0,120,7
T2,1,1,65,2
T3,2,0,200,41
T4,3,0,135,15
T5,4,0,194,4
T6,5,0,25,3
[441]
T1,0,0,118,2
T2,1,1,88,2
T3,2,1,184,7
T4,3,1,200,67
T5,4,1,23,2
T6,5,0,70,6
[442]
T1,0,1,70,5
T2,1,0,75,9
T3,2,1,132,14
T4,3,0,179,5
T5,4,0,25,5
T6,5,1,200,11
[443]
T1,0,1,200,26
T2,1,0,91,2
T3,2,1,154,14
T4,3,1,70,4
T5,4,0,143,20
T6,5,0,52,7
[444]
T1,0,1,169,29
T2,1,0,78,1
T3,2,1,143,5
T4,3,0,35,3
T5,4,0,105,12
T6,5,1,200,27
[445]
T1,0,0,164,29
T2,1,0,56,17
T3,2,0,112,4
T4,3,0,34,2
T5,4,1,200,9
T6,5,0,82,2
[446]
T1,0,1,126,4
T2,1,1,182,9
T3,2,1,91,5
T4,3,1,142,5
T5,4,0,200,52
T6,5,1,48,7
[447]
T1,0,1,125,29
T2,1,1,84,12
T3,2,1,196,4
T4,3,0,200,2
T5,4,1,64,7
T6,5,1,40,2
[448]
T1,0,1,110,3
T2,1,1,100,9
T3,2,1,32,5
T4,3,1,130,5
T5,4,0,170,11
T6,5,1,200,40
[449]
T1,0,0,200,9
T2,1,1,68,12
T3,2,1,100,15
T4,3,0,36,3
T5,4,0,124,13
T6,5,1,155,2
[450]
T1,0,1,52,11
T2,1,0,180,20
T3,2,0,91,1
T4,3,1,200,7
T5,4,0,97,13
T6,5,1,108,8
[451]
T1,0,0,200,2
T2,1,0,63,7
T3,2,1,175,25
T4,3,1,126,5
T5,4,0,136,1
T6,5,1,20,5
[452]
T1,0,1,200,2
T2,1,0,20,1
T3,2,0,74,23
T4,3,0,132,15
T5,4,1,168,9
T6,5,0,120,2
[453]
T1,0,1,30,1
T2,1,0,70,6
T3,2,1,151,5
T4,3,1,200,33
T5,4,0,105,24
T6,5,1,120,3
[454]
T1,0,0,64,2
T2,1,1,200,19
T3,2,1,134,5
T4,3,1,40,5
T5,4,1,100,8
T6,5,0,171,34
[455]
T1,0,0,83,8
T2,1,1,65,3
T3,2,0,200,51
T4,3,0,144,6
T5,4,1,40,1
T6,5,1,153,15
[456]
T1,0,1,28,1
T2,1,1,94,4
T3,2,0,200,14
T4,3,0,72,1
T5,4,0,119,45
T6,5,0,168,7
[457]
T1,0,0,105,9
T2,1,0,171,33
T3,2,1,76,7
T4,3,1,200,33
T5,4,1,100,1
T6,5,1,42,2
[458]
T1,0,0,79,1
T2,1,0,200,42
T3,2,0,25,5
T4,3,1,180,2
T5,4,0,114,5
T6,5,0,63,5
[459]
T1,0,1,92,13
T2,1,0,99,13
T3,2,1,200,19
T4,3,1,44,5
T5,4,0,150,3
T6,5,0,75,5
[460]
T1,0,1,198,23
T2,1,1,126,8
T3,2,1,33,2
T4,3,0,200,62
T5,4,1,83,5
T6,5,0,84,2
[461]
T1,0,1,121,2
T2,1,0,69,1
T3,2,1,150,11
T4,3,0,200,29
T5,4,1,28,7
T6,5,1,56,4
[462]
T1,0,0,64,4
T2,1,1,200,5
T3,2,1,57,3
T4,3,1,25,2
T5,4,0,149,5
T6,5,0,80,24
[463]
T1,0,0,200,7
T2,1,1,165,32
T3,2,0,77,2
T4,3,0,40,11
T5,4,1,135,1
T6,5,0,66,2
[464]
T1,0,0,152,18
T2,1,0,200,8
T3,2,1,38,9
T4,3,1,118,12
T5,4,1,105,2
T6,5,0,72,4
[465]
T1,0,0,30,2
T2,1,0,100,2
T3,2,1,168,34
T4,3,1,81,23
T5,4,1,89,4
T6,5,0,200,8
[466]
T1,0,0,68,5
T2,1,0,138,3
T3,2,1,24,2
T4,3,0,200,28
T5,4,0,68,1
T6,5,1,164,34
[467]
T1,0,0,20,2
T2,1,0,135,6
T3,2,0,166,11
T4,3,0,99,15
T5,4,0,200,58
T6,5,0,72,1
[468]
T1,0,0,120,12
T2,1,0,35,4
T3,2,1,190,4
T4,3,0,200,24
T5,4,1,77,12
T6,5,1,109,6
[469]
T1,0,1,200,37
T2,1,1,56,6
T3,2,1,165,1
T4,3,0,62,2
T5,4,0,24,5
T6,5,1,108,2
[470]
T1,0,1,142,31
T2,1,1,200,3
T3,2,1,24,1
T4,3,0,147,42
T5,4,1,71,2
T6,5,0,152,2
[471]
T1,0,1,98,4
T2,1,1,120,31
T3,2,0,182,2
T4,3,0,52,2
T5,4,0,102,16
T6,5,0,200,11
[472]
T1,0,0,90,1
T2,1,1,168,4
T3,2,1,32,6
T4,3,0,81,12
T5,4,1,100,11
T6,5,0,200,17
[473]
T1,0,1,25,1
T2,1,1,166,37
T3,2,1,111,1
T4,3,0,200,40
T5,4,1,90,7
T6,5,1,120,2
[474]
T1,0,0,200,21
T2,1,1,189,5
T3,2,0,88,3
T4,3,1,99,11
T5,4,1,65,2
T6,5,1,36,9
[475]
T1,0,1,91,5
T2,1,0,65,11
T3,2,1,60,1
T4,3,0,200,24
T5,4,1,52,6
T6,5,0,182,15
[476]
T1,0,1,88,6
T2,1,0,32,2
T3,2,1,80,9
T4,3,0,200,24
T5,4,0,75,2
T6,5,1,170,29
[477]
T1,0,0,56,8
T2,1,0,28,7
T3,2,0,149,4
T4,3,1,84,2
T5,4,0,200,19
T6,5,0,92,2
[478]
T1,0,0,117,3
T2,1,0,189,52
T3,2,1,63,7
T4,3,0,200,18
T5,4,0,21,1
T6,5,1,54,1
[479]
T1,0,0,200,7
T2,1,1,20,2
T3,2,1,91,1
T4,3,0,92,2
T5,4,0,115,4
T6,5,0,182,81
[480]
T1,0,1,101,18
T2,1,1,51,4
T3,2,1,150,27
T4,3,0,66,2
T5,4,1,200,4
T6,5,0,55,4
[481]
T1,0,1,190,3
T2,1,0,129,40
T3,2,0,105,1
T4,3,0,120,18
T5,4,1,30,2
T6,5,0,200,1
[482]
T1,0,0,200,1
T2,1,0,170,20
T3,2,0,68,7
T4,3,1,38,5
T5,4,0,90,2
T6,5,0,81,17
[483]
T1,0,1,108,9
T2,1,0,126,13
T3,2,1,27,4
T4,3,0,133,12
T5,4,0,200,22
T6,5,0,175,8
[484]
T1,0,0,200,2
T2,1,1,21,2
T3,2,1,74,4
T4,3,1,168,19
T5,4,1,110,8
T6,5,1,140,41
[485]
T1,0,0,52,7
T2,1,1,137,12
T3,2,1,200,62
T4,3,1,169,3
T5,4,1,75,2
T6,5,0,78,2
[486]
T1,0,0,93,2
T2,1,1,28,3
T3,2,0,200,31
T4,3,0,113,14
T5,4,1,147,20
T6,5,0,186,3
[487]
T1,0,1,48,6
T2,1,1,141,33
T3,2,0,189,14
T4,3,0,63,1
T5,4,1,200,4
T6,5,1,75,7
[488]
T1,0,0,115,2
T2,1,0,145,8
T3,2,0,160,19
T4,3,0,80,28
T5,4,1,35,1
T6,5,0,200,2
[489]
T1,0,0,24,2
T2,1,0,72,9
T3,2,0,127,15
T4,3,1,171,31
T5,4,0,200,25
T6,5,1,140,5
[490]
T1,0,1,42,2
T2,1,1,59,5
T3,2,1,72,6
T4,3,1,109,13
T5,4,1,177,15
T6,5,1,200,27
[491]
T1,0,0,200,2
T2,1,0,20,1
T3,2,0,100,2
T4,3,0,177,36
T5,4,0,99,1
T6,5,0,80,20
[492]
T1,0,0,75,2
T2,1,0,108,29
T3,2,0,200,12
T4,3,0,124,16
T5,4,0,54,2
T6,5,0,160,19
[493]
T1,0,1,56,3
T2,1,0,200,22
T3,2,0,87,28
T4,3,0,124,1
T5,4,0,35,2
T6,5,1,196,4
[494]
T1,0,0,154,4
T2,1,0,143,12
T3,2,0,35,1
T4,3,1,200,51
T5,4,0,91,13
T6,5,0,88,3
[495]
T1,0,0,125,1
T2,1,1,50,4
T3,2,0,151,13
T4,3,1,74,7
T5,4,0,80,19
T6,5,1,200,10
[496]
T1,0,0,61,9
T2,1,1,100,20
T3,2,0,145,8
T4,3,1,165,7
T5,4,0,50,2
T6,5,1,200,17
[497]
T1,0,1,33,1
T2,1,0,152,6
T3,2,1,125,7
T4,3,1,200,42
T5,4,0,100,5
T6,5,0,132,24
[498]
T1,0,1,200,29
T2,1,0,50,10
T3,2,1,57,2
T4,3,0,180,9
T5,4,1,112,8
T6,5,1,67,5
[499]
T1,0,1,95,25
T2,1,1,83,3
T3,2,1,110,2
T4,3,0,176,31
T5,4,1,200,2
T6,5,0,35,2
[500]
T1,0,1,184,34
T2,1,0,63,4
T3,2,1,200,14
T4,3,1,93,15
T5,4,0,84,1
T6,5,0,25,2
