num_task_per_taskset=6
num_taskset=500
//ID,Priority,Offset,Period,Execution Time
[1]
T1,0,1,200,3
T2,1,0,92,10
T3,2,1,20,4
T4,3,1,149,12
T5,4,0,110,7
T6,5,0,60,5
[2]
T1,0,1,142,1
T2,1,1,20,4
T3,2,0,74,4
T4,3,1,185,21
T5,4,0,200,1
T6,5,0,142,22
[3]
T1,0,0,110,2
T2,1,1,45,2
T3,2,1,165,11
T4,3,0,68,11
T5,4,1,200,25
T6,5,0,135,29
[4]
T1,0,0,147,9
T2,1,1,200,16
T3,2,1,165,13
T4,3,1,98,4
T5,4,0,20,5
T6,5,1,127,5
[5]
T1,0,0,57,1
T2,1,1,192,20
T3,2,0,58,20
T4,3,0,100,1
T5,4,1,200,10
T6,5,0,35,1
[6]
T1,0,0,200,17
T2,1,1,153,3
T3,2,1,115,44
T4,3,0,45,3
T5,4,1,68,2
T6,5,1,90,2
[7]
T1,0,0,180,15
T2,1,0,200,6
T3,2,0,129,4
T4,3,1,71,8
T5,4,1,100,16
T6,5,0,27,4
[8]
T1,0,0,48,1
T2,1,0,147,1
T3,2,0,77,2
T4,3,0,176,7
T5,4,0,200,46
T6,5,0,56,15
[9]
T1,0,0,90,10
T2,1,1,177,19
T3,2,1,200,25
T4,3,0,109,5
T5,4,1,80,9
T6,5,1,45,3
[10]
T1,0,0,49,2
T2,1,0,200,2
T3,2,1,120,37
T4,3,0,154,26
T5,4,1,145,7
T6,5,1,140,5
[11]
T1,0,0,100,12
T2,1,0,145,6
T3,2,1,37,9
T4,3,1,200,2
T5,4,1,150,9
T6,5,0,59,6
[12]
T1,0,0,111,12
T2,1,1,120,15
T3,2,0,96,16
T4,3,1,189,6
T5,4,1,200,26
T6,5,0,30,2
[13]
T1,0,1,200,17
T2,1,0,26,7
T3,2,0,65,1
T4,3,0,126,9
T5,4,1,182,5
T6,5,1,64,7
[14]
T1,0,0,96,21
T2,1,0,140,19
T3,2,0,148,17
T4,3,1,20,2
T5,4,1,200,2
T6,5,0,131,12
[15]
T1,0,0,175,16
T2,1,1,200,8
T3,2,1,50,2
T4,3,0,92,16
T5,4,0,96,21
T6,5,0,98,2
[16]
T1,0,0,94,22
T2,1,0,52,3
T3,2,1,200,12
T4,3,1,60,7
T5,4,1,164,4
T6,5,0,123,8
[17]
T1,0,0,184,26
T2,1,0,78,1
T3,2,1,78,13
T4,3,0,50,5
T5,4,0,200,7
T6,5,0,130,15
[18]
T1,0,1,82,21
T2,1,1,44,5
T3,2,1,123,6
T4,3,0,200,1
T5,4,0,165,16
T6,5,1,73,3
[19]
T1,0,0,175,1
T2,1,0,101,14
T3,2,1,40,2
T4,3,1,200,34
T5,4,1,85,3
T6,5,0,92,20
[20]
T1,0,0,200,12
T2,1,0,160,17
T3,2,0,48,5
T4,3,0,64,13
T5,4,1,111,9
T6,5,0,144,3
[21]
T1,0,1,35,1
T2,1,0,143,18
T3,2,1,175,7
T4,3,1,200,16
T5,4,1,75,16
T6,5,1,133,10
[22]
T1,0,0,152,30
T2,1,0,133,8
T3,2,0,105,7
T4,3,0,40,7
T5,4,0,200,1
T6,5,0,119,9
[23]
T1,0,0,64,15
T2,1,0,84,12
T3,2,1,200,2
T4,3,0,20,1
T5,4,0,95,4
T6,5,0,196,13
[24]
T1,0,0,184,17
T2,1,1,200,28
T3,2,0,72,6
T4,3,0,25,3
T5,4,0,65,6
T6,5,0,110,4
[25]
T1,0,1,85,6
T2,1,1,140,7
T3,2,0,139,36
T4,3,0,184,18
T5,4,1,25,2
T6,5,0,200,15
[26]
T1,0,0,200,8
T2,1,1,75,1
T3,2,0,180,16
T4,3,1,60,12
T5,4,1,133,13
T6,5,0,25,3
[27]
T1,0,0,148,31
T2,1,0,52,4
T3,2,1,60,3
T4,3,0,90,3
T5,4,0,200,18
T6,5,0,117,13
[28]
T1,0,0,200,4
T2,1,0,129,7
T3,2,0,42,10
T4,3,1,75,2
T5,4,0,150,3
T6,5,0,101,22
[29]
T1,0,0,83,13
T2,1,1,200,8
T3,2,0,54,14
T4,3,1,45,2
T5,4,1,180,3
T6,5,0,95,8
[30]
T1,0,1,150,13
T2,1,0,45,7
T3,2,1,200,20
T4,3,0,118,2
T5,4,1,104,7
T6,5,1,75,10
[31]
T1,0,0,140,2
T2,1,0,172,13
T3,2,1,38,13
T4,3,0,57,6
T5,4,0,200,3
T6,5,0,129,3
[32]
T1,0,1,62,7
T2,1,0,70,5
T3,2,1,200,35
T4,3,1,51,4
T5,4,1,175,3
T6,5,0,102,12
[33]
T1,0,0,200,78
T2,1,1,96,3
T3,2,0,192,1
T4,3,0,88,6
T5,4,1,29,2
T6,5,0,140,7
[34]
T1,0,0,120,8
T2,1,1,200,2
T3,2,1,150,30
T4,3,1,130,14
T5,4,0,22,2
T6,5,0,72,12
[35]
T1,0,0,90,7
T2,1,0,74,2
T3,2,0,42,13
T4,3,0,141,2
T5,4,0,168,19
T6,5,1,200,8
[36]
T1,0,1,150,2
T2,1,1,126,25
T3,2,0,27,6
T4,3,1,95,3
T5,4,1,121,2
T6,5,1,200,24
[37]
T1,0,0,133,18
T2,1,0,74,4
T3,2,1,50,2
T4,3,1,62,2
T5,4,0,200,35
T6,5,1,148,19
[38]
T1,0,1,25,2
T2,1,1,153,24
T3,2,1,131,4
T4,3,0,54,8
T5,4,0,200,10
T6,5,0,119,19
[39]
T1,0,0,200,18
T2,1,1,60,2
T3,2,0,46,3
T4,3,0,69,5
T5,4,1,126,29
T6,5,0,150,13
[40]
T1,0,0,27,2
T2,1,0,108,9
T3,2,1,162,2
T4,3,0,135,15
T5,4,0,117,2
T6,5,0,200,70
[41]
T1,0,0,148,2
T2,1,1,90,16
T3,2,1,50,6
T4,3,0,200,37
T5,4,0,130,2
T6,5,1,114,10
[42]
T1,0,0,78,11
T2,1,1,39,6
T3,2,0,88,2
T4,3,0,200,30
T5,4,1,73,1
T6,5,1,156,10
[43]
T1,0,0,78,2
T2,1,0,98,1
T3,2,1,52,6
T4,3,0,200,5
T5,4,1,147,10
T6,5,0,150,50
[44]
T1,0,0,81,9
T2,1,0,35,10
T3,2,0,200,3
T4,3,1,144,17
T5,4,1,112,2
T6,5,1,192,4
[45]
T1,0,0,125,7
T2,1,1,116,7
T3,2,1,200,6
T4,3,1,145,58
T5,4,0,40,1
T6,5,1,163,2
[46]
T1,0,1,65,9
T2,1,0,195,2
T3,2,1,25,1
T4,3,0,200,6
T5,4,0,88,17
T6,5,1,79,11
[47]
T1,0,1,65,10
T2,1,0,113,7
T3,2,0,195,26
T4,3,1,25,2
T5,4,0,120,4
T6,5,0,200,19
[48]
T1,0,1,21,3
T2,1,1,200,34
T3,2,1,126,2
T4,3,1,75,16
T5,4,0,104,1
T6,5,1,154,1
[49]
T1,0,0,143,8
T2,1,0,42,1
T3,2,1,120,20
T4,3,0,161,3
T5,4,1,200,9
T6,5,1,92,24
[50]
T1,0,1,111,2
T2,1,1,200,51
T3,2,1,25,1
T4,3,1,160,10
T5,4,0,72,7
T6,5,0,91,11
[51]
T1,0,1,150,8
T2,1,1,80,3
T3,2,1,200,14
T4,3,1,52,2
T5,4,1,92,28
T6,5,0,111,7
[52]
T1,0,0,170,4
T2,1,1,36,4
T3,2,1,200,6
T4,3,1,102,26
T5,4,0,112,3
T6,5,1,60,7
[53]
T1,0,0,137,26
T2,1,0,200,7
T3,2,0,80,6
T4,3,0,54,8
T5,4,0,60,5
T6,5,1,162,5
[54]
T1,0,0,105,1
T2,1,1,120,2
T3,2,0,21,2
T4,3,0,175,12
T5,4,0,139,41
T6,5,1,200,20
[55]
T1,0,1,200,61
T2,1,0,56,2
T3,2,0,166,15
T4,3,1,145,2
T5,4,0,80,1
T6,5,0,25,3
[56]
T1,0,0,85,2
T2,1,0,66,1
T3,2,1,177,38
T4,3,0,60,7
T5,4,1,200,19
T6,5,1,33,3
[57]
T1,0,0,122,2
T2,1,1,40,6
T3,2,1,79,10
T4,3,1,144,8
T5,4,0,160,25
T6,5,1,200,13
[58]
T1,0,1,135,41
T2,1,1,48,3
T3,2,1,175,21
T4,3,1,200,1
T5,4,1,80,4
T6,5,0,81,2
[59]
T1,0,1,72,20
T2,1,1,46,3
T3,2,0,200,9
T4,3,1,88,6
T5,4,1,137,2
T6,5,1,180,20
[60]
T1,0,0,26,2
T2,1,0,123,27
T3,2,1,55,2
T4,3,0,200,6
T5,4,1,88,9
T6,5,1,176,23
[61]
T1,0,1,28,1
T2,1,0,134,4
T3,2,1,105,8
T4,3,0,144,33
T5,4,0,200,28
T6,5,0,168,10
[62]
T1,0,1,132,11
T2,1,0,192,10
T3,2,1,200,1
T4,3,1,125,24
T5,4,0,88,19
T6,5,1,52,2
[63]
T1,0,1,110,3
T2,1,0,90,8
T3,2,1,37,2
T4,3,0,150,6
T5,4,0,200,25
T6,5,0,65,18
[64]
T1,0,0,80,9
T2,1,1,80,1
T3,2,1,200,17
T4,3,1,80,3
T5,4,0,180,55
T6,5,0,28,2
[65]
T1,0,1,63,12
T2,1,1,147,6
T3,2,0,150,1
T4,3,0,96,1
T5,4,1,200,32
T6,5,0,42,7
[66]
T1,0,1,200,8
T2,1,0,130,1
T3,2,0,84,2
T4,3,1,170,28
T5,4,0,30,4
T6,5,0,90,18
[67]
T1,0,1,48,4
T2,1,1,200,1
T3,2,1,154,18
T4,3,0,96,4
T5,4,0,100,10
T6,5,1,75,16
[68]
T1,0,1,200,1
T2,1,1,58,2
T3,2,0,70,26
T4,3,1,150,16
T5,4,0,28,1
T6,5,0,147,6
[69]
T1,0,1,30,2
T2,1,1,200,48
T3,2,1,90,12
T4,3,0,175,16
T5,4,0,91,1
T6,5,0,92,8
[70]
T1,0,0,141,3
T2,1,1,140,5
T3,2,1,100,1
T4,3,1,184,87
T5,4,0,38,2
T6,5,0,200,5
[71]
T1,0,0,67,6
T2,1,1,200,41
T3,2,0,40,3
T4,3,0,99,5
T5,4,0,56,3
T6,5,0,168,15
[72]
T1,0,0,38,2
T2,1,0,124,10
T3,2,0,75,2
T4,3,1,176,27
T5,4,1,95,24
T6,5,1,200,18
[73]
T1,0,1,80,9
T2,1,0,200,25
T3,2,0,39,4
T4,3,1,120,2
T5,4,1,162,4
T6,5,0,68,15
[74]
T1,0,1,157,2
T2,1,0,25,9
T3,2,1,142,16
T4,3,0,135,10
T5,4,1,200,4
T6,5,0,108,2
[75]
T1,0,0,32,16
T2,1,0,150,2
T3,2,1,132,2
T4,3,1,125,5
T5,4,1,138,1
T6,5,0,200,1
[76]
T1,0,0,55,10
T2,1,0,176,12
T3,2,0,52,1
T4,3,0,88,8
T5,4,0,94,6
T6,5,0,200,28
[77]
T1,0,0,200,38
T2,1,1,68,18
T3,2,1,153,5
T4,3,1,25,1
T5,4,0,75,2
T6,5,0,67,1
[78]
T1,0,0,58,2
T2,1,0,46,1
T3,2,1,118,12
T4,3,0,92,5
T5,4,1,200,13
T6,5,1,175,55
[79]
T1,0,0,125,14
T2,1,1,70,4
T3,2,1,156,20
T4,3,1,79,8
T5,4,0,200,23
T6,5,0,42,1
[80]
T1,0,1,88,9
T2,1,0,200,50
T3,2,1,121,4
T4,3,0,176,2
T5,4,0,88,5
T6,5,0,30,4
[81]
T1,0,0,171,5
T2,1,0,25,4
T3,2,0,200,45
T4,3,0,133,11
T5,4,0,75,5
T6,5,1,78,1
[82]
T1,0,0,100,4
T2,1,1,21,2
T3,2,0,175,60
T4,3,1,82,2
T5,4,1,130,8
T6,5,0,200,14
[83]
T1,0,0,45,10
T2,1,1,104,7
T3,2,1,168,14
T4,3,0,200,29
T5,4,0,135,2
T6,5,0,119,8
[84]
T1,0,0,192,15
T2,1,0,101,7
T3,2,0,88,19
T4,3,0,78,5
T5,4,1,50,2
T6,5,1,200,29
[85]
T1,0,1,80,11
T2,1,0,45,1
T3,2,0,200,24
T4,3,0,66,11
T5,4,0,80,1
T6,5,1,154,15
[86]
T1,0,1,200,22
T2,1,1,26,2
T3,2,1,93,14
T4,3,0,112,5
T5,4,1,62,2
T6,5,1,186,39
[87]
T1,0,0,135,47
T2,1,0,200,8
T3,2,1,35,2
T4,3,0,165,3
T5,4,0,67,1
T6,5,0,63,8
[88]
T1,0,0,120,16
T2,1,1,88,5
T3,2,0,200,24
T4,3,0,58,7
T5,4,1,165,20
T6,5,0,43,1
[89]
T1,0,0,120,23
T2,1,1,63,13
T3,2,1,140,6
T4,3,0,174,8
T5,4,1,49,1
T6,5,1,200,9
[90]
T1,0,1,144,14
T2,1,1,125,2
T3,2,1,33,2
T4,3,1,132,5
T5,4,1,200,86
T6,5,1,150,2
[91]
T1,0,1,148,16
T2,1,1,125,8
T3,2,0,102,5
T4,3,1,120,24
T5,4,1,200,17
T6,5,0,42,2
[92]
T1,0,0,63,2
T2,1,0,196,10
T3,2,0,200,19
T4,3,0,50,7
T5,4,0,140,24
T6,5,1,85,7
[93]
T1,0,1,89,8
T2,1,0,200,12
T3,2,0,30,7
T4,3,0,80,9
T5,4,0,81,3
T6,5,0,153,3
[94]
T1,0,0,96,16
T2,1,0,135,24
T3,2,0,200,16
T4,3,1,140,5
T5,4,1,176,14
T6,5,1,50,2
[95]
T1,0,0,25,2
T2,1,0,60,1
T3,2,0,125,26
T4,3,1,200,1
T5,4,1,61,11
T6,5,1,175,26
[96]
T1,0,0,60,17
T2,1,0,24,2
T3,2,0,200,53
T4,3,0,102,2
T5,4,0,98,1
T6,5,0,186,2
[97]
T1,0,1,81,7
T2,1,1,144,55
T3,2,1,36,1
T4,3,1,60,2
T5,4,1,149,5
T6,5,0,200,2
[98]
T1,0,0,180,34
T2,1,1,100,11
T3,2,0,99,9
T4,3,1,119,2
T5,4,0,50,7
T6,5,1,200,7
[99]
T1,0,0,114,17
T2,1,0,150,1
T3,2,0,120,7
T4,3,1,200,12
T5,4,0,77,18
T6,5,0,42,2
[100]
T1,0,1,125,24
T2,1,1,148,2
T3,2,1,67,4
T4,3,0,200,24
T5,4,1,84,2
T6,5,0,21,4
[101]
T1,0,0,126,1
T2,1,1,28,8
T3,2,1,62,2
T4,3,0,155,12
T5,4,0,117,2
T6,5,1,200,35
[102]
T1,0,0,72,9
T2,1,0,36,2
T3,2,1,60,2
T4,3,0,200,1
T5,4,1,76,8
T6,5,1,150,44
[103]
T1,0,0,44,1
T2,1,0,164,24
T3,2,0,200,20
T4,3,1,56,6
T5,4,1,98,7
T6,5,1,88,11
[104]
T1,0,1,68,7
T2,1,0,60,2
T3,2,1,162,1
T4,3,1,87,10
T5,4,1,30,6
T6,5,1,200,30
[105]
T1,0,1,56,5
T2,1,0,125,27
T3,2,0,189,12
T4,3,0,200,26
T5,4,1,50,2
T6,5,1,81,1
[106]
T1,0,0,120,2
T2,1,0,22,8
T3,2,0,108,9
T4,3,1,200,8
T5,4,1,106,1
T6,5,0,192,12
[107]
T1,0,1,175,50
T2,1,0,104,12
T3,2,1,23,2
T4,3,1,80,2
T5,4,0,59,2
T6,5,1,200,4
[108]
T1,0,0,200,9
T2,1,0,100,17
T3,2,1,20,2
T4,3,1,123,21
T5,4,1,185,19
T6,5,0,112,6
[109]
T1,0,1,176,1
T2,1,0,59,1
T3,2,0,44,6
T4,3,0,200,20
T5,4,1,108,2
T6,5,0,135,40
[110]
T1,0,1,39,1
T2,1,1,104,16
T3,2,0,106,5
T4,3,1,195,24
T5,4,0,99,15
T6,5,0,200,13
[111]
T1,0,0,140,7
T2,1,0,200,1
T3,2,0,105,17
T4,3,1,195,4
T5,4,1,108,12
T6,5,1,28,6
[112]
T1,0,0,200,13
T2,1,1,50,2
T3,2,0,67,11
T4,3,1,86,2
T5,4,1,70,19
T6,5,0,175,13
[113]
T1,0,0,85,9
T2,1,1,20,1
T3,2,0,200,2
T4,3,0,100,22
T5,4,1,93,7
T6,5,0,185,25
[114]
T1,0,1,26,2
T2,1,0,200,11
T3,2,0,130,43
T4,3,1,90,3
T5,4,0,190,2
T6,5,0,60,3
[115]
T1,0,0,93,5
T2,1,0,50,2
T3,2,1,108,5
T4,3,1,200,55
T5,4,1,56,6
T6,5,0,150,10
[116]
T1,0,0,82,3
T2,1,1,156,11
T3,2,1,200,20
T4,3,0,120,9
T5,4,1,25,2
T6,5,0,146,30
[117]
T1,0,1,45,15
T2,1,1,104,6
T3,2,0,125,15
T4,3,0,136,5
T5,4,1,180,2
T6,5,1,200,4
[118]
T1,0,0,20,4
T2,1,1,135,9
T3,2,1,195,5
T4,3,1,99,20
T5,4,1,200,17
T6,5,1,132,1
[119]
T1,0,0,138,1
T2,1,1,200,5
T3,2,0,64,2
T4,3,1,150,15
T5,4,1,84,22
T6,5,1,34,6
[120]
T1,0,0,200,51
T2,1,1,30,1
T3,2,1,160,5
T4,3,1,121,4
T5,4,1,87,15
T6,5,0,108,5
[121]
T1,0,1,56,2
T2,1,0,75,12
T3,2,1,85,19
T4,3,0,192,9
T5,4,0,200,19
T6,5,0,51,2
[122]
T1,0,0,112,2
T2,1,0,72,1
T3,2,1,100,19
T4,3,0,35,3
T5,4,1,200,1
T6,5,1,160,41
[123]
T1,0,0,32,3
T2,1,0,120,14
T3,2,1,183,4
T4,3,1,128,8
T5,4,1,200,16
T6,5,1,59,11
[124]
T1,0,0,200,19
T2,1,0,100,5
T3,2,1,112,2
T4,3,0,176,9
T5,4,1,45,12
T6,5,0,135,13
[125]
T1,0,0,20,2
T2,1,1,126,3
T3,2,1,115,30
T4,3,1,200,49
T5,4,0,88,2
T6,5,1,196,3
[126]
T1,0,0,66,11
T2,1,1,160,2
T3,2,1,200,42
T4,3,0,28,4
T5,4,1,126,2
T6,5,1,79,2
[127]
T1,0,0,44,7
T2,1,0,200,6
T3,2,1,124,6
T4,3,0,108,13
T5,4,1,192,16
T6,5,0,75,9
[128]
T1,0,1,200,11
T2,1,0,40,2
T3,2,0,129,27
T4,3,0,120,3
T5,4,0,164,43
T6,5,0,56,1
[129]
T1,0,1,110,4
T2,1,1,200,57
T3,2,1,170,4
T4,3,1,25,2
T5,4,1,66,9
T6,5,1,110,2
[130]
T1,0,1,193,19
T2,1,0,104,12
T3,2,0,52,8
T4,3,0,100,11
T5,4,1,200,3
T6,5,0,137,11
[131]
T1,0,0,25,1
T2,1,1,200,30
T3,2,0,84,7
T4,3,0,105,20
T5,4,1,176,2
T6,5,0,113,10
[132]
T1,0,0,200,2
T2,1,1,140,28
T3,2,1,94,18
T4,3,0,161,9
T5,4,0,92,6
T6,5,0,36,2
[133]
T1,0,1,200,31
T2,1,1,108,5
T3,2,1,100,16
T4,3,0,44,2
T5,4,1,182,30
T6,5,1,112,3
[134]
T1,0,1,117,28
T2,1,1,104,2
T3,2,0,200,1
T4,3,0,131,5
T5,4,1,182,10
T6,5,1,28,6
[135]
T1,0,0,200,9
T2,1,0,63,5
T3,2,0,180,2
T4,3,1,88,24
T5,4,1,61,1
T6,5,1,25,3
[136]
T1,0,0,104,18
T2,1,0,20,2
T3,2,1,200,7
T4,3,0,75,6
T5,4,1,69,6
T6,5,0,176,14
[137]
T1,0,0,73,21
T2,1,1,30,3
T3,2,0,168,3
T4,3,1,80,3
T5,4,0,114,4
T6,5,1,200,15
[138]
T1,0,0,200,21
T2,1,1,158,6
T3,2,0,136,11
T4,3,1,56,3
T5,4,0,25,2
T6,5,0,70,21
[139]
T1,0,0,176,35
T2,1,0,138,5
T3,2,1,45,4
T4,3,0,200,19
T5,4,0,90,10
T6,5,0,107,5
[140]
T1,0,1,101,6
T2,1,0,35,2
T3,2,0,175,27
T4,3,1,200,23
T5,4,0,106,2
T6,5,0,80,18
[141]
T1,0,0,120,29
T2,1,1,165,21
T3,2,1,200,6
T4,3,0,45,3
T5,4,0,87,3
T6,5,1,71,4
[142]
T1,0,1,60,8
T2,1,1,57,2
T3,2,0,73,18
T4,3,1,38,4
T5,4,0,171,3
T6,5,0,200,15
[143]
T1,0,1,86,1
T2,1,0,92,13
T3,2,0,200,34
T4,3,0,86,9
T5,4,0,160,18
T6,5,1,50,1
[144]
T1,0,1,144,2
T2,1,0,180,3
T3,2,1,100,5
T4,3,0,25,3
T5,4,0,118,3
T6,5,1,200,65
[145]
T1,0,0,121,12
T2,1,1,200,26
T3,2,1,144,7
T4,3,0,191,3
T5,4,1,50,9
T6,5,1,80,7
[146]
T1,0,1,64,5
T2,1,0,60,1
T3,2,1,32,5
T4,3,0,164,11
T5,4,1,200,22
T6,5,0,89,13
[147]
T1,0,1,32,6
T2,1,0,200,26
T3,2,0,120,2
T4,3,0,56,8
T5,4,0,177,2
T6,5,1,112,9
[148]
T1,0,1,115,2
T2,1,0,200,6
T3,2,1,168,33
T4,3,1,21,2
T5,4,0,69,7
T6,5,1,60,7
[149]
T1,0,1,115,1
T2,1,0,65,3
T3,2,1,120,3
T4,3,1,195,21
T5,4,0,200,38
T6,5,0,30,6
[150]
T1,0,1,100,14
T2,1,0,35,7
T3,2,1,111,9
T4,3,1,200,5
T5,4,1,185,3
T6,5,1,140,15
[151]
T1,0,0,90,8
T2,1,0,200,25
T3,2,0,101,6
T4,3,1,23,1
T5,4,1,80,4
T6,5,1,180,31
[152]
T1,0,1,133,23
T2,1,1,38,3
T3,2,0,190,36
T4,3,0,105,2
T5,4,1,200,4
T6,5,1,110,10
[153]
T1,0,1,58,11
T2,1,1,29,2
T3,2,1,180,45
T4,3,1,200,6
T5,4,0,64,1
T6,5,0,58,2
[154]
T1,0,0,200,33
T2,1,0,198,2
T3,2,0,120,8
T4,3,0,110,12
T5,4,0,48,3
T6,5,1,66,11
[155]
T1,0,0,144,7
T2,1,1,25,1
T3,2,1,63,15
T4,3,0,200,26
T5,4,0,134,12
T6,5,1,155,2
[156]
T1,0,0,78,2
T2,1,1,105,2
T3,2,0,189,35
T4,3,1,48,3
T5,4,0,200,55
T6,5,1,120,7
[157]
T1,0,1,175,22
T2,1,0,200,7
T3,2,1,42,2
T4,3,1,70,4
T5,4,0,56,2
T6,5,0,63,20
[158]
T1,0,1,65,4
T2,1,0,186,5
T3,2,0,93,14
T4,3,0,130,3
T5,4,0,200,24
T6,5,1,48,9
[159]
T1,0,1,200,24
T2,1,0,168,27
T3,2,1,71,6
T4,3,1,140,15
T5,4,1,128,11
T6,5,1,40,2
[160]
T1,0,1,160,18
T2,1,1,129,21
T3,2,1,140,21
T4,3,1,28,3
T5,4,0,126,2
T6,5,1,200,4
[161]
T1,0,0,126,2
T2,1,0,20,3
T3,2,0,175,58
T4,3,1,92,3
T5,4,0,200,7
T6,5,0,72,2
[162]
T1,0,1,34,9
T2,1,1,119,1
T3,2,1,200,3
T4,3,1,70,18
T5,4,0,187,5
T6,5,1,124,2
[163]
T1,0,0,108,2
T2,1,1,76,15
T3,2,0,78,4
T4,3,1,156,6
T5,4,0,200,37
T6,5,1,52,4
[164]
T1,0,0,133,6
T2,1,0,183,2
T3,2,0,60,1
T4,3,0,144,2
T5,4,0,200,41
T6,5,0,40,11
[165]
T1,0,1,45,7
T2,1,1,200,30
T3,2,0,108,2
T4,3,0,88,5
T5,4,1,126,3
T6,5,1,180,30
[166]
T1,0,0,69,1
T2,1,1,182,42
T3,2,1,132,20
T4,3,1,50,2
T5,4,0,200,6
T6,5,0,104,10
[167]
T1,0,1,112,5
T2,1,1,59,2
T3,2,1,150,18
T4,3,1,88,23
T5,4,1,33,1
T6,5,1,200,21
[168]
T1,0,1,24,2
T2,1,0,198,17
T3,2,1,75,15
T4,3,1,145,2
T5,4,1,200,22
T6,5,1,117,8
[169]
T1,0,0,56,8
T2,1,1,200,11
T3,2,1,25,1
T4,3,0,175,17
T5,4,1,142,23
T6,5,1,139,10
[170]
T1,0,1,40,5
T2,1,0,120,7
T3,2,0,140,11
T4,3,1,200,35
T5,4,1,186,1
T6,5,1,86,11
[171]
T1,0,1,126,8
T2,1,0,28,1
T3,2,1,176,4
T4,3,0,120,2
T5,4,0,200,49
T6,5,1,120,20
[172]
T1,0,1,46,3
T2,1,0,86,5
T3,2,1,104,4
T4,3,0,200,4
T5,4,0,150,22
T6,5,0,104,24
[173]
T1,0,0,143,8
T2,1,1,200,25
T3,2,1,64,12
T4,3,0,80,2
T5,4,0,150,12
T6,5,0,26,2
[174]
T1,0,0,126,2
T2,1,0,118,20
T3,2,1,133,38
T4,3,0,190,8
T5,4,0,200,2
T6,5,0,36,3
[175]
T1,0,0,86,2
T2,1,0,105,26
T3,2,1,40,2
T4,3,1,200,15
T5,4,0,160,7
T6,5,1,80,12
[176]
T1,0,0,200,27
T2,1,0,45,5
T3,2,1,84,6
T4,3,1,198,36
T5,4,0,125,2
T6,5,0,84,6
[177]
T1,0,0,189,14
T2,1,0,27,1
T3,2,0,138,44
T4,3,1,72,4
T5,4,0,200,17
T6,5,0,84,2
[178]
T1,0,1,108,2
T2,1,1,40,2
T3,2,0,143,5
T4,3,0,196,77
T5,4,1,200,11
T6,5,1,90,7
[179]
T1,0,1,75,9
T2,1,1,165,31
T3,2,1,22,1
T4,3,1,92,7
T5,4,1,200,22
T6,5,1,66,1
[180]
T1,0,1,74,1
T2,1,1,113,11
T3,2,1,148,35
T4,3,1,24,4
T5,4,0,200,3
T6,5,0,125,4
[181]
T1,0,0,200,4
T2,1,0,25,3
T3,2,0,65,1
T4,3,1,159,2
T5,4,0,120,23
T6,5,1,65,12
[182]
T1,0,1,200,57
T2,1,0,21,2
T3,2,1,131,1
T4,3,1,126,4
T5,4,1,168,6
T6,5,1,110,23
[183]
T1,0,1,132,4
T2,1,1,60,2
T3,2,1,160,3
T4,3,0,200,62
T5,4,1,93,2
T6,5,0,21,4
[184]
T1,0,0,174,3
T2,1,0,200,16
T3,2,1,80,8
T4,3,0,124,19
T5,4,0,42,7
T6,5,0,144,9
[185]
T1,0,1,23,2
T2,1,1,100,2
T3,2,1,68,8
T4,3,1,92,5
T5,4,0,200,6
T6,5,1,154,36
[186]
T1,0,0,200,7
T2,1,1,55,3
T3,2,0,24,3
T4,3,1,101,16
T5,4,0,120,15
T6,5,1,195,9
[187]
T1,0,0,22,5
T2,1,1,200,1
T3,2,1,84,2
T4,3,0,132,14
T5,4,1,152,3
T6,5,0,113,19
[188]
T1,0,1,200,15
T2,1,0,66,5
T3,2,1,143,14
T4,3,1,50,1
T5,4,0,156,17
T6,5,0,144,26
[189]
T1,0,0,200,17
T2,1,0,118,25
T3,2,0,152,1
T4,3,1,40,1
T5,4,0,120,2
T6,5,0,86,19
[190]
T1,0,0,200,26
T2,1,0,110,2
T3,2,0,27,5
T4,3,0,106,1
T5,4,1,180,37
T6,5,0,128,2
[191]
T1,0,1,86,2
T2,1,0,168,30
T3,2,0,20,2
T4,3,1,200,18
T5,4,0,94,1
T6,5,0,72,18
[192]
T1,0,1,42,5
T2,1,1,119,2
T3,2,1,141,26
T4,3,1,200,33
T5,4,1,170,9
T6,5,0,80,2
[193]
T1,0,1,111,1
T2,1,0,60,13
T3,2,1,45,1
T4,3,0,200,7
T5,4,1,142,16
T6,5,1,156,26
[194]
T1,0,1,92,13
T2,1,1,112,14
T3,2,0,86,4
T4,3,0,23,4
T5,4,0,200,9
T6,5,1,180,8
[195]
T1,0,1,200,43
T2,1,0,102,13
T3,2,0,51,5
T4,3,0,75,1
T5,4,0,71,1
T6,5,0,194,20
[196]
T1,0,1,26,2
T2,1,0,130,20
T3,2,0,139,23
T4,3,0,200,37
T5,4,0,168,10
T6,5,0,60,2
[197]
T1,0,1,200,5
T2,1,0,93,34
T3,2,0,104,12
T4,3,0,186,1
T5,4,1,88,1
T6,5,0,44,1
[198]
T1,0,1,35,1
T2,1,1,175,20
T3,2,0,136,24
T4,3,0,123,11
T5,4,1,200,10
T6,5,1,80,9
[199]
T1,0,1,108,22
T2,1,1,175,14
T3,2,1,100,6
T4,3,0,20,2
T5,4,0,200,26
T6,5,1,113,8
[200]
T1,0,0,90,8
T2,1,0,108,2
T3,2,1,96,13
T4,3,0,200,60
T5,4,1,35,2
T6,5,1,180,4
[201]
T1,0,1,192,4
T2,1,1,200,23
T3,2,0,89,13
T4,3,0,110,15
T5,4,1,100,9
T6,5,0,42,3
[202]
T1,0,1,200,38
T2,1,1,125,1
T3,2,1,102,20
T4,3,0,95,2
T5,4,1,22,1
T6,5,0,190,23
[203]
T1,0,1,100,13
T2,1,1,55,2
T3,2,1,33,1
T4,3,0,200,11
T5,4,1,186,9
T6,5,0,88,24
[204]
T1,0,1,120,5
T2,1,1,200,25
T3,2,0,171,19
T4,3,1,74,16
T5,4,0,90,2
T6,5,0,45,2
[205]
T1,0,0,42,5
T2,1,0,144,2
T3,2,1,150,2
T4,3,0,200,37
T5,4,1,64,6
T6,5,0,135,22
[206]
T1,0,1,85,2
T2,1,0,48,20
T3,2,0,168,10
T4,3,1,200,17
T5,4,0,112,2
T6,5,1,144,2
[207]
T1,0,0,100,2
T2,1,0,23,1
T3,2,0,200,8
T4,3,0,92,25
T5,4,1,185,10
T6,5,1,82,12
[208]
T1,0,0,90,1
T2,1,0,62,2
T3,2,0,150,51
T4,3,1,60,2
T5,4,1,200,29
T6,5,0,20,2
[209]
T1,0,0,82,2
T2,1,0,40,6
T3,2,1,160,21
T4,3,0,113,7
T5,4,0,200,5
T6,5,1,88,15
[210]
T1,0,1,60,1
T2,1,0,21,2
T3,2,0,124,15
T4,3,1,155,24
T5,4,0,142,27
T6,5,1,200,14
[211]
T1,0,1,200,7
T2,1,1,92,4
T3,2,1,185,25
T4,3,0,126,6
T5,4,1,46,7
T6,5,1,115,17
[212]
T1,0,0,200,66
T2,1,1,165,29
T3,2,0,20,2
T4,3,1,80,2
T5,4,1,131,2
T6,5,0,117,1
[213]
T1,0,0,190,1
T2,1,0,70,5
T3,2,0,200,57
T4,3,0,56,4
T5,4,1,34,2
T6,5,1,91,4
[214]
T1,0,0,200,13
T2,1,1,168,12
T3,2,1,130,5
T4,3,1,120,18
T5,4,0,40,6
T6,5,1,105,10
[215]
T1,0,1,127,7
T2,1,1,70,1
T3,2,0,200,3
T4,3,0,120,8
T5,4,0,33,13
T6,5,0,187,7
[216]
T1,0,0,96,1
T2,1,1,200,37
T3,2,0,72,24
T4,3,1,144,3
T5,4,0,21,2
T6,5,1,154,3
[217]
T1,0,1,60,5
T2,1,0,42,4
T3,2,1,165,6
T4,3,0,104,8
T5,4,1,200,39
T6,5,0,137,10
[218]
T1,0,1,22,2
T2,1,1,165,8
T3,2,0,72,23
T4,3,0,88,4
T5,4,0,70,2
T6,5,0,200,9
[219]
T1,0,0,117,5
T2,1,1,200,37
T3,2,0,195,52
T4,3,0,145,1
T5,4,1,52,2
T6,5,0,65,2
[220]
T1,0,0,200,2
T2,1,0,120,11
T3,2,0,154,19
T4,3,0,134,26
T5,4,0,35,2
T6,5,1,121,18
[221]
T1,0,0,180,1
T2,1,1,100,1
T3,2,1,200,17
T4,3,0,129,25
T5,4,1,143,20
T6,5,1,30,4
[222]
T1,0,1,200,26
T2,1,0,150,12
T3,2,0,40,7
T4,3,1,120,2
T5,4,0,66,2
T6,5,1,115,22
[223]
T1,0,1,85,4
T2,1,0,123,4
T3,2,0,200,31
T4,3,1,80,3
T5,4,0,42,2
T6,5,1,192,60
[224]
T1,0,1,40,1
T2,1,0,99,6
T3,2,0,72,15
T4,3,0,164,15
T5,4,1,104,3
T6,5,1,200,31
[225]
T1,0,1,200,36
T2,1,1,120,31
T3,2,0,160,2
T4,3,1,55,2
T5,4,0,22,2
T6,5,0,113,5
[226]
T1,0,1,56,4
T2,1,1,116,11
T3,2,1,182,2
T4,3,1,40,2
T5,4,0,200,19
T6,5,1,100,30
[227]
T1,0,0,200,45
T2,1,0,128,4
T3,2,1,72,17
T4,3,1,174,1
T5,4,1,100,1
T6,5,0,48,3
[228]
T1,0,0,35,5
T2,1,0,150,1
T3,2,0,70,8
T4,3,0,103,22
T5,4,0,57,2
T6,5,0,200,14
[229]
T1,0,0,125,5
T2,1,1,184,7
T3,2,0,30,2
T4,3,1,70,1
T5,4,0,96,35
T6,5,0,200,10
[230]
T1,0,0,20,2
T2,1,0,59,3
T3,2,0,87,2
T4,3,1,176,2
T5,4,1,200,46
T6,5,1,120,31
[231]
T1,0,0,200,1
T2,1,0,56,2
T3,2,1,161,4
T4,3,0,84,17
T5,4,0,146,2
T6,5,0,28,8
[232]
T1,0,0,80,21
T2,1,0,200,11
T3,2,1,92,19
T4,3,1,82,2
T5,4,1,154,2
T6,5,0,28,2
[233]
T1,0,0,200,11
T2,1,1,107,7
T3,2,0,175,5
T4,3,1,42,7
T5,4,1,56,12
T6,5,0,76,3
[234]
T1,0,1,72,14
T2,1,1,136,15
T3,2,0,32,2
T4,3,1,200,13
T5,4,1,135,2
T6,5,1,168,18
[235]
T1,0,0,44,2
T2,1,1,73,12
T3,2,1,200,9
T4,3,0,132,29
T5,4,1,184,4
T6,5,0,90,10
[236]
T1,0,0,123,6
T2,1,1,112,4
T3,2,1,32,4
T4,3,0,119,10
T5,4,0,150,35
T6,5,1,200,10
[237]
T1,0,0,189,10
T2,1,0,112,25
T3,2,1,95,10
T4,3,1,56,2
T5,4,1,200,13
T6,5,1,27,3
[238]
T1,0,1,200,16
T2,1,1,154,31
T3,2,1,32,2
T4,3,0,125,15
T5,4,1,84,3
T6,5,1,118,15
[239]
T1,0,1,93,15
T2,1,1,49,2
T3,2,0,60,4
T4,3,1,150,27
T5,4,1,200,2
T6,5,0,101,15
[240]
T1,0,0,139,2
T2,1,1,50,11
T3,2,1,174,19
T4,3,1,105,12
T5,4,0,200,20
T6,5,0,147,3
[241]
T1,0,1,111,15
T2,1,0,200,43
T3,2,1,25,2
T4,3,0,77,6
T5,4,0,105,10
T6,5,0,150,5
[242]
T1,0,1,51,1
T2,1,0,68,2
T3,2,0,122,46
T4,3,1,174,15
T5,4,0,200,9
T6,5,0,90,2
[243]
T1,0,1,200,6
T2,1,1,199,11
T3,2,1,73,1
T4,3,1,100,7
T5,4,0,20,2
T6,5,1,65,19
[244]
T1,0,1,100,31
T2,1,0,200,5
T3,2,0,95,6
T4,3,0,170,23
T5,4,1,34,2
T6,5,0,133,3
[245]
T1,0,0,72,3
T2,1,1,116,9
T3,2,1,171,14
T4,3,1,200,24
T5,4,0,147,11
T6,5,0,24,4
[246]
T1,0,0,110,2
T2,1,0,96,3
T3,2,1,60,11
T4,3,1,45,7
T5,4,0,200,27
T6,5,0,160,7
[247]
T1,0,1,95,4
T2,1,1,113,6
T3,2,0,200,37
T4,3,1,24,4
T5,4,1,99,2
T6,5,0,190,17
[248]
T1,0,0,200,28
T2,1,0,24,4
T3,2,0,70,7
T4,3,0,75,2
T5,4,0,198,24
T6,5,1,114,5
[249]
T1,0,0,200,12
T2,1,0,95,4
T3,2,1,185,22
T4,3,1,20,1
T5,4,1,137,15
T6,5,1,76,14
[250]
T1,0,0,30,1
T2,1,0,140,5
T3,2,0,59,6
T4,3,0,180,1
T5,4,1,100,9
T6,5,1,200,63
[251]
T1,0,0,168,16
T2,1,0,100,14
T3,2,0,48,4
T4,3,0,109,9
T5,4,1,200,8
T6,5,0,74,10
[252]
T1,0,1,182,2
T2,1,0,135,2
T3,2,1,200,16
T4,3,1,86,4
T5,4,0,39,7
T6,5,1,56,15
[253]
T1,0,1,72,16
T2,1,1,36,3
T3,2,1,130,3
T4,3,1,200,22
T5,4,1,176,17
T6,5,0,89,2
[254]
T1,0,1,174,4
T2,1,1,105,17
T3,2,1,21,1
T4,3,0,87,8
T5,4,0,144,25
T6,5,0,200,13
[255]
T1,0,1,75,1
T2,1,0,200,12
T3,2,1,79,3
T4,3,1,150,20
T5,4,0,92,4
T6,5,1,34,9
[256]
T1,0,0,108,16
T2,1,1,170,19
T3,2,0,101,3
T4,3,0,200,22
T5,4,0,85,4
T6,5,1,45,5
[257]
T1,0,0,35,7
T2,1,0,126,6
T3,2,0,133,9
T4,3,0,200,10
T5,4,0,190,32
T6,5,0,125,4
[258]
T1,0,0,198,32
T2,1,0,200,10
T3,2,0,114,14
T4,3,0,60,10
T5,4,0,40,2
T6,5,1,117,7
[259]
T1,0,0,150,4
T2,1,1,64,3
T3,2,1,200,6
T4,3,0,20,3
T5,4,0,110,16
T6,5,1,109,18
[260]
T1,0,0,33,5
T2,1,1,150,2
T3,2,1,75,2
T4,3,0,94,18
T5,4,1,92,3
T6,5,1,200,29
[261]
T1,0,0,78,16
T2,1,1,34,6
T3,2,1,195,11
T4,3,0,82,1
T5,4,0,117,11
T6,5,0,200,4
[262]
T1,0,1,200,52
T2,1,1,93,3
T3,2,0,40,2
T4,3,0,105,1
T5,4,1,141,16
T6,5,0,186,19
[263]
T1,0,1,112,6
T2,1,1,200,12
T3,2,0,25,4
T4,3,0,150,23
T5,4,1,122,7
T6,5,1,72,5
[264]
T1,0,1,146,12
T2,1,1,175,17
T3,2,1,44,4
T4,3,0,102,14
T5,4,1,200,28
T6,5,1,102,3
[265]
T1,0,1,200,11
T2,1,0,98,2
T3,2,0,81,16
T4,3,1,21,2
T5,4,0,175,10
T6,5,0,92,22
[266]
T1,0,1,108,3
T2,1,1,135,6
T3,2,0,136,6
T4,3,1,200,53
T5,4,1,170,30
T6,5,1,28,2
[267]
T1,0,0,114,10
T2,1,0,200,6
T3,2,1,72,7
T4,3,1,156,2
T5,4,1,108,28
T6,5,1,36,3
[268]
T1,0,0,200,11
T2,1,0,180,1
T3,2,0,77,1
T4,3,1,99,34
T5,4,1,120,12
T6,5,1,35,2
[269]
T1,0,1,123,2
T2,1,1,150,12
T3,2,1,40,8
T4,3,0,112,1
T5,4,1,74,2
T6,5,1,200,51
[270]
T1,0,0,60,6
T2,1,1,200,80
T3,2,0,24,2
T4,3,1,145,3
T5,4,1,180,1
T6,5,1,91,4
[271]
T1,0,0,37,2
T2,1,1,200,21
T3,2,0,90,15
T4,3,0,60,7
T5,4,1,165,1
T6,5,1,66,11
[272]
T1,0,1,70,8
T2,1,0,180,7
T3,2,0,82,6
T4,3,1,21,1
T5,4,0,94,11
T6,5,1,200,35
[273]
T1,0,1,200,19
T2,1,1,126,5
T3,2,1,97,1
T4,3,0,195,16
T5,4,1,21,2
T6,5,0,125,42
[274]
T1,0,0,112,12
T2,1,1,119,3
T3,2,0,70,10
T4,3,1,37,8
T5,4,1,200,9
T6,5,0,148,5
[275]
T1,0,1,200,7
T2,1,0,62,13
T3,2,1,65,6
T4,3,0,70,3
T5,4,0,180,32
T6,5,1,45,2
[276]
T1,0,0,75,2
T2,1,1,200,18
T3,2,1,63,12
T4,3,1,24,2
T5,4,0,95,5
T6,5,1,180,26
[277]
T1,0,0,160,3
T2,1,1,130,9
T3,2,0,100,1
T4,3,1,49,11
T5,4,0,90,5
T6,5,0,200,39
[278]
T1,0,1,192,12
T2,1,1,70,2
T3,2,1,57,1
T4,3,0,45,11
T5,4,1,100,16
T6,5,1,200,19
[279]
T1,0,1,170,16
T2,1,1,25,1
T3,2,0,121,9
T4,3,0,136,21
T5,4,1,147,27
T6,5,0,200,7
[280]
T1,0,0,104,4
T2,1,1,138,2
T3,2,0,200,46
T4,3,0,183,31
T5,4,0,30,2
T6,5,0,100,8
[281]
T1,0,1,64,15
T2,1,1,200,19
T3,2,0,180,19
T4,3,0,66,2
T5,4,1,75,4
T6,5,0,28,2
[282]
T1,0,0,70,5
T2,1,0,165,19
T3,2,1,77,5
T4,3,1,30,3
T5,4,1,200,17
T6,5,0,68,9
[283]
T1,0,0,100,3
T2,1,1,175,33
T3,2,1,200,2
T4,3,1,64,2
T5,4,1,76,18
T6,5,0,23,2
[284]
T1,0,0,76,8
T2,1,0,25,3
T3,2,0,167,14
T4,3,0,59,2
T5,4,0,76,15
T6,5,0,200,6
[285]
T1,0,1,103,2
T2,1,1,40,3
T3,2,0,154,27
T4,3,0,200,38
T5,4,0,126,6
T6,5,1,147,10
[286]
T1,0,1,108,2
T2,1,1,200,9
T3,2,1,171,47
T4,3,1,80,10
T5,4,0,76,1
T6,5,1,35,4
[287]
T1,0,0,175,36
T2,1,1,84,10
T3,2,1,200,12
T4,3,0,35,2
T5,4,0,85,6
T6,5,0,124,4
[288]
T1,0,1,200,8
T2,1,0,40,6
T3,2,0,56,5
T4,3,0,168,15
T5,4,1,126,6
T6,5,0,68,10
[289]
T1,0,0,28,5
T2,1,1,105,2
T3,2,0,120,26
T4,3,0,100,5
T5,4,1,174,10
T6,5,1,200,4
[290]
T1,0,0,103,3
T2,1,1,156,28
T3,2,0,106,1
T4,3,1,60,11
T5,4,1,40,4
T6,5,0,200,12
[291]
T1,0,1,98,9
T2,1,1,152,35
T3,2,1,200,10
T4,3,0,50,3
T5,4,1,138,1
T6,5,0,138,18
[292]
T1,0,1,192,6
T2,1,0,126,10
T3,2,1,70,1
T4,3,1,200,26
T5,4,0,30,2
T6,5,1,119,29
[293]
T1,0,1,64,2
T2,1,1,200,54
T3,2,1,21,1
T4,3,0,176,14
T5,4,0,111,11
T6,5,1,56,2
[294]
T1,0,1,26,2
T2,1,1,200,57
T3,2,0,91,2
T4,3,0,62,11
T5,4,1,112,5
T6,5,0,176,6
[295]
T1,0,1,50,5
T2,1,0,200,15
T3,2,1,57,2
T4,3,1,144,4
T5,4,1,180,58
T6,5,0,83,2
[296]
T1,0,0,26,1
T2,1,0,90,27
T3,2,1,174,2
T4,3,1,200,11
T5,4,1,58,7
T6,5,1,101,4
[297]
T1,0,1,122,18
T2,1,0,200,8
T3,2,0,99,5
T4,3,0,105,8
T5,4,1,175,11
T6,5,0,27,5
[298]
T1,0,1,30,2
T2,1,1,122,2
T3,2,0,200,57
T4,3,1,60,2
T5,4,0,195,20
T6,5,0,83,7
[299]
T1,0,1,200,11
T2,1,0,138,12
T3,2,0,60,3
T4,3,0,161,23
T5,4,1,25,5
T6,5,1,101,3
[300]
T1,0,0,72,2
T2,1,0,27,2
T3,2,0,181,2
T4,3,1,61,4
T5,4,0,200,47
T6,5,0,135,30
[301]
T1,0,0,98,13
T2,1,0,28,1
T3,2,1,152,2
T4,3,0,68,3
T5,4,1,200,52
T6,5,1,105,7
[302]
T1,0,0,200,33
T2,1,1,125,22
T3,2,1,55,2
T4,3,1,174,3
T5,4,0,141,2
T6,5,1,33,7
[303]
T1,0,1,95,27
T2,1,0,200,14
T3,2,1,111,15
T4,3,0,185,6
T5,4,1,114,4
T6,5,1,25,2
[304]
T1,0,1,20,5
T2,1,1,110,1
T3,2,1,87,4
T4,3,0,200,13
T5,4,0,165,2
T6,5,0,101,21
[305]
T1,0,0,60,1
T2,1,1,123,38
T3,2,0,128,10
T4,3,0,200,9
T5,4,1,39,2
T6,5,1,164,13
[306]
T1,0,1,135,2
T2,1,0,187,48
T3,2,1,72,6
T4,3,1,60,5
T5,4,1,48,3
T6,5,0,200,17
[307]
T1,0,0,164,4
T2,1,0,123,2
T3,2,0,97,4
T4,3,0,27,1
T5,4,0,200,8
T6,5,1,54,23
[308]
T1,0,1,25,3
T2,1,1,75,8
T3,2,1,122,17
T4,3,0,200,6
T5,4,1,155,15
T6,5,0,144,10
[309]
T1,0,0,175,19
T2,1,0,93,8
T3,2,0,126,31
T4,3,1,31,2
T5,4,0,200,22
T6,5,0,87,1
[310]
T1,0,0,138,2
T2,1,0,23,7
T3,2,1,130,3
T4,3,0,200,24
T5,4,1,156,13
T6,5,1,100,2
[311]
T1,0,1,147,17
T2,1,0,28,2
T3,2,0,127,13
T4,3,1,85,2
T5,4,1,200,9
T6,5,0,85,22
[312]
T1,0,0,85,2
T2,1,1,114,13
T3,2,0,200,13
T4,3,1,171,45
T5,4,1,75,8
T6,5,0,38,1
[313]
T1,0,0,98,1
T2,1,0,200,1
T3,2,0,64,1
T4,3,1,140,16
T5,4,0,47,2
T6,5,0,196,82
[314]
T1,0,1,93,2
T2,1,1,155,9
T3,2,0,62,5
T4,3,1,200,10
T5,4,1,45,11
T6,5,1,124,13
[315]
T1,0,1,48,5
T2,1,0,92,3
T3,2,0,126,2
T4,3,0,150,29
T5,4,0,200,39
T6,5,1,128,5
[316]
T1,0,1,39,1
T2,1,0,130,5
T3,2,1,140,24
T4,3,1,113,17
T5,4,0,200,14
T6,5,0,175,21
[317]
T1,0,1,100,15
T2,1,0,180,40
T3,2,1,94,13
T4,3,0,109,2
T5,4,1,200,8
T6,5,1,40,2
[318]
T1,0,1,117,16
T2,1,0,78,1
T3,2,1,200,5
T4,3,0,48,11
T5,4,0,150,4
T6,5,0,116,15
[319]
T1,0,0,99,3
T2,1,1,40,5
T3,2,1,200,67
T4,3,0,138,3
T5,4,1,154,6
T6,5,0,140,3
[320]
T1,0,1,80,3
T2,1,1,50,2
T3,2,0,200,3
T4,3,1,173,62
T5,4,0,112,14
T6,5,0,115,5
[321]
T1,0,0,77,11
T2,1,1,28,3
T3,2,0,80,3
T4,3,1,200,21
T5,4,1,175,12
T6,5,1,102,11
[322]
T1,0,1,200,12
T2,1,0,67,3
T3,2,1,121,29
T4,3,0,21,1
T5,4,0,150,9
T6,5,0,84,9
[323]
T1,0,0,23,2
T2,1,1,55,9
T3,2,1,128,9
T4,3,1,128,6
T5,4,0,192,9
T6,5,1,200,42
[324]
T1,0,0,96,8
T2,1,0,25,2
T3,2,1,200,2
T4,3,1,60,5
T5,4,0,121,23
T6,5,0,192,19
[325]
T1,0,1,200,33
T2,1,0,85,18
T3,2,1,120,6
T4,3,0,50,2
T5,4,0,175,6
T6,5,1,122,9
[326]
T1,0,1,49,4
T2,1,0,200,22
T3,2,0,114,2
T4,3,1,160,26
T5,4,0,91,13
T6,5,0,140,9
[327]
T1,0,0,104,9
T2,1,0,100,5
T3,2,0,200,53
T4,3,1,154,17
T5,4,1,79,3
T6,5,0,20,2
[328]
T1,0,1,150,9
T2,1,1,29,6
T3,2,1,138,8
T4,3,0,116,4
T5,4,1,138,23
T6,5,0,200,6
[329]
T1,0,1,104,4
T2,1,1,200,18
T3,2,1,150,20
T4,3,0,91,4
T5,4,0,40,2
T6,5,0,72,19
[330]
T1,0,0,200,27
T2,1,1,80,6
T3,2,0,54,4
T4,3,0,36,5
T5,4,1,177,3
T6,5,0,135,16
[331]
T1,0,0,65,3
T2,1,0,200,46
T3,2,0,180,40
T4,3,1,48,1
T5,4,1,95,1
T6,5,0,144,7
[332]
T1,0,1,106,11
T2,1,0,168,30
T3,2,0,120,9
T4,3,1,200,2
T5,4,0,115,15
T6,5,0,32,3
[333]
T1,0,1,189,23
T2,1,0,200,43
T3,2,1,99,3
T4,3,1,120,12
T5,4,0,84,9
T6,5,0,44,2
[334]
T1,0,0,69,26
T2,1,1,80,2
T3,2,0,155,8
T4,3,1,96,1
T5,4,1,48,2
T6,5,1,200,15
[335]
T1,0,1,39,4
T2,1,0,195,37
T3,2,1,77,1
T4,3,0,84,1
T5,4,1,200,22
T6,5,0,119,19
[336]
T1,0,0,200,2
T2,1,0,120,17
T3,2,1,26,7
T4,3,1,198,25
T5,4,0,118,2
T6,5,0,75,1
[337]
T1,0,0,22,2
T2,1,0,124,13
T3,2,0,66,6
T4,3,1,200,28
T5,4,1,180,4
T6,5,1,123,15
[338]
T1,0,1,124,23
T2,1,1,200,10
T3,2,1,56,7
T4,3,0,169,14
T5,4,1,75,7
T6,5,1,35,1
[339]
T1,0,1,70,12
T2,1,1,200,35
T3,2,1,143,29
T4,3,0,185,2
T5,4,0,100,2
T6,5,1,22,2
[340]
T1,0,1,140,43
T2,1,0,30,2
T3,2,1,200,6
T4,3,1,105,10
T5,4,0,108,5
T6,5,0,192,3
[341]
T1,0,1,200,12
T2,1,1,84,2
T3,2,0,76,8
T4,3,0,180,18
T5,4,0,20,2
T6,5,0,68,20
[342]
T1,0,1,153,2
T2,1,1,144,14
T3,2,1,110,3
T4,3,0,33,1
T5,4,0,200,59
T6,5,1,80,8
[343]
T1,0,1,200,41
T2,1,0,192,5
T3,2,0,70,2
T4,3,1,20,1
T5,4,0,110,15
T6,5,1,60,6
[344]
T1,0,1,123,5
T2,1,0,45,2
T3,2,1,200,12
T4,3,1,177,27
T5,4,1,108,29
T6,5,0,59,2
[345]
T1,0,0,105,21
T2,1,0,200,14
T3,2,1,112,1
T4,3,0,112,18
T5,4,0,153,6
T6,5,0,21,2
[346]
T1,0,1,182,40
T2,1,1,142,8
T3,2,1,84,1
T4,3,1,200,21
T5,4,0,20,1
T6,5,1,117,13
[347]
T1,0,1,36,2
T2,1,1,200,13
T3,2,0,56,14
T4,3,1,106,13
T5,4,0,175,4
T6,5,0,56,6
[348]
T1,0,1,150,9
T2,1,1,115,7
T3,2,1,30,2
T4,3,1,200,5
T5,4,1,89,27
T6,5,0,140,16
[349]
T1,0,1,24,3
T2,1,1,198,54
T3,2,0,81,2
T4,3,0,125,2
T5,4,1,200,5
T6,5,1,71,9
[350]
T1,0,1,44,3
T2,1,0,66,2
T3,2,0,170,22
T4,3,1,103,14
T5,4,1,200,25
T6,5,1,72,6
[351]
T1,0,0,180,23
T2,1,0,32,2
T3,2,0,96,1
T4,3,0,91,31
T5,4,0,76,2
T6,5,0,200,7
[352]
T1,0,1,99,5
T2,1,1,81,2
T3,2,0,200,11
T4,3,1,43,2
T5,4,0,72,14
T6,5,0,165,35
[353]
T1,0,0,85,8
T2,1,1,200,19
T3,2,1,48,15
T4,3,1,92,2
T5,4,0,60,1
T6,5,1,168,6
[354]
T1,0,1,192,6
T2,1,0,146,6
T3,2,0,75,5
T4,3,1,64,16
T5,4,1,200,10
T6,5,1,50,6
[355]
T1,0,1,50,10
T2,1,0,200,1
T3,2,0,95,14
T4,3,1,98,3
T5,4,0,100,6
T6,5,0,174,24
[356]
T1,0,0,68,2
T2,1,0,27,2
T3,2,0,180,25
T4,3,0,200,6
T5,4,1,76,15
T6,5,1,96,10
[357]
T1,0,1,30,1
T2,1,0,81,10
T3,2,0,180,9
T4,3,1,105,11
T5,4,1,200,13
T6,5,1,111,22
[358]
T1,0,1,92,13
T2,1,1,140,24
T3,2,0,140,12
T4,3,1,200,8
T5,4,1,180,2
T6,5,1,37,4
[359]
T1,0,1,95,1
T2,1,1,192,37
T3,2,1,84,4
T4,3,1,200,66
T5,4,0,44,2
T6,5,1,56,2
[360]
T1,0,1,64,10
T2,1,1,168,19
T3,2,1,35,4
T4,3,0,200,12
T5,4,0,57,4
T6,5,0,120,7
[361]
T1,0,1,57,2
T2,1,0,100,12
T3,2,1,170,36
T4,3,0,200,11
T5,4,0,71,11
T6,5,0,50,1
[362]
T1,0,0,36,3
T2,1,1,55,1
T3,2,1,189,14
T4,3,0,88,1
T5,4,1,200,48
T6,5,0,126,17
[363]
T1,0,1,56,9
T2,1,0,28,2
T3,2,0,200,12
T4,3,1,191,7
T5,4,1,112,16
T6,5,1,115,12
[364]
T1,0,0,93,1
T2,1,0,105,2
T3,2,1,83,13
T4,3,0,20,4
T5,4,0,200,2
T6,5,0,168,28
[365]
T1,0,0,160,1
T2,1,0,114,12
T3,2,0,39,3
T4,3,1,200,32
T5,4,1,75,15
T6,5,1,135,5
[366]
T1,0,1,182,22
T2,1,0,200,7
T3,2,1,28,2
T4,3,1,90,16
T5,4,1,105,6
T6,5,0,125,14
[367]
T1,0,1,200,2
T2,1,1,64,21
T3,2,0,94,9
T4,3,0,40,4
T5,4,0,86,2
T6,5,1,188,5
[368]
T1,0,0,121,6
T2,1,0,189,40
T3,2,1,200,4
T4,3,1,125,2
T5,4,1,27,2
T6,5,0,120,33
[369]
T1,0,1,39,3
T2,1,0,80,2
T3,2,0,195,5
T4,3,1,200,38
T5,4,1,74,9
T6,5,0,145,18
[370]
T1,0,1,70,5
T2,1,0,155,15
T3,2,0,200,42
T4,3,1,55,1
T5,4,0,45,4
T6,5,0,93,8
[371]
T1,0,0,35,3
T2,1,1,106,2
T3,2,1,146,45
T4,3,1,140,2
T5,4,1,168,15
T6,5,0,200,13
[372]
T1,0,0,80,7
T2,1,0,123,17
T3,2,1,176,42
T4,3,0,200,1
T5,4,1,30,2
T6,5,0,85,10
[373]
T1,0,1,109,6
T2,1,0,132,57
T3,2,1,154,3
T4,3,0,200,5
T5,4,0,120,3
T6,5,0,38,1
[374]
T1,0,1,138,40
T2,1,0,186,23
T3,2,0,120,8
T4,3,1,112,2
T5,4,1,200,2
T6,5,1,35,3
[375]
T1,0,1,110,7
T2,1,0,200,2
T3,2,1,103,8
T4,3,1,80,22
T5,4,0,198,4
T6,5,1,20,2
[376]
T1,0,1,84,3
T2,1,0,108,22
T3,2,1,73,2
T4,3,1,32,2
T5,4,0,189,29
T6,5,0,200,18
[377]
T1,0,1,200,16
T2,1,0,150,22
T3,2,0,25,2
T4,3,1,121,11
T5,4,0,110,2
T6,5,1,55,7
[378]
T1,0,0,57,4
T2,1,0,144,20
T3,2,1,131,4
T4,3,0,200,26
T5,4,0,195,31
T6,5,1,50,2
[379]
T1,0,1,60,1
T2,1,0,133,28
T3,2,0,72,18
T4,3,0,42,1
T5,4,1,160,6
T6,5,1,200,3
[380]
T1,0,1,84,10
T2,1,0,44,2
T3,2,1,156,15
T4,3,1,56,3
T5,4,0,200,18
T6,5,0,66,13
[381]
T1,0,0,200,7
T2,1,0,79,7
T3,2,1,180,12
T4,3,1,45,8
T5,4,0,60,8
T6,5,1,94,6
[382]
T1,0,1,200,37
T2,1,1,22,2
T3,2,0,165,10
T4,3,0,136,30
T5,4,1,107,2
T6,5,1,125,10
[383]
T1,0,0,57,10
T2,1,0,200,2
T3,2,1,36,2
T4,3,1,150,19
T5,4,1,71,7
T6,5,1,135,14
[384]
T1,0,1,72,2
T2,1,0,66,6
T3,2,0,170,36
T4,3,0,72,3
T5,4,1,200,19
T6,5,1,20,2
[385]
T1,0,0,200,2
T2,1,1,196,2
T3,2,1,30,2
T4,3,0,68,16
T5,4,0,60,1
T6,5,1,60,13
[386]
T1,0,1,200,16
T2,1,0,195,22
T3,2,0,75,2
T4,3,0,100,14
T5,4,0,24,1
T6,5,0,102,16
[387]
T1,0,1,183,14
T2,1,1,138,2
T3,2,0,200,25
T4,3,1,140,37
T5,4,0,42,1
T6,5,0,84,7
[388]
T1,0,0,200,42
T2,1,0,72,1
T3,2,1,192,31
T4,3,0,122,6
T5,4,1,93,1
T6,5,1,30,4
[389]
T1,0,0,165,24
T2,1,1,20,2
T3,2,0,135,4
T4,3,0,99,4
T5,4,0,121,1
T6,5,1,200,65
[390]
T1,0,1,137,2
T2,1,1,138,13
T3,2,1,120,9
T4,3,0,200,63
T5,4,1,44,1
T6,5,0,176,7
[391]
T1,0,0,48,2
T2,1,1,58,5
T3,2,0,128,16
T4,3,0,200,23
T5,4,0,134,31
T6,5,1,192,3
[392]
T1,0,0,55,19
T2,1,0,180,19
T3,2,0,33,2
T4,3,0,112,6
T5,4,1,85,2
T6,5,1,200,12
[393]
T1,0,0,200,1
T2,1,1,176,6
T3,2,0,117,9
T4,3,0,100,8
T5,4,0,111,7
T6,5,0,20,6
[394]
T1,0,1,200,4
T2,1,0,60,1
T3,2,1,126,5
T4,3,1,34,7
T5,4,0,77,19
T6,5,0,168,7
[395]
T1,0,1,56,1
T2,1,1,135,42
T3,2,0,155,14
T4,3,1,56,3
T5,4,0,28,2
T6,5,1,200,16
[396]
T1,0,1,200,44
T2,1,1,25,2
T3,2,1,119,15
T4,3,1,107,4
T5,4,1,145,4
T6,5,0,170,25
[397]
T1,0,0,100,20
T2,1,1,168,13
T3,2,1,126,14
T4,3,1,86,13
T5,4,1,40,1
T6,5,1,200,2
[398]
T1,0,1,176,33
T2,1,1,21,1
T3,2,1,129,4
T4,3,0,70,6
T5,4,0,200,9
T6,5,1,63,10
[399]
T1,0,0,115,12
T2,1,0,148,12
T3,2,1,200,36
T4,3,0,23,2
T5,4,1,115,4
T6,5,0,92,9
[400]
T1,0,1,196,52
T2,1,0,112,12
T3,2,1,130,4
T4,3,0,200,13
T5,4,0,142,16
T6,5,0,26,2
[401]
T1,0,0,144,14
T2,1,1,144,1
T3,2,0,200,10
T4,3,0,29,2
T5,4,0,91,22
T6,5,1,180,29
[402]
T1,0,1,153,19
T2,1,0,102,13
T3,2,0,32,2
T4,3,0,200,9
T5,4,0,145,1
T6,5,1,102,27
[403]
T1,0,0,54,12
T2,1,0,44,1
T3,2,0,156,5
T4,3,1,104,12
T5,4,1,200,25
T6,5,1,138,6
[404]
T1,0,1,200,11
T2,1,1,92,14
T3,2,1,136,19
T4,3,0,176,2
T5,4,0,35,5
T6,5,0,77,6
[405]
T1,0,0,127,9
T2,1,1,140,19
T3,2,0,200,5
T4,3,1,154,1
T5,4,1,20,2
T6,5,0,96,29
[406]
T1,0,0,200,14
T2,1,0,147,2
T3,2,0,102,3
T4,3,0,50,7
T5,4,0,175,48
T6,5,1,70,2
[407]
T1,0,0,141,21
T2,1,1,40,6
T3,2,1,200,3
T4,3,0,109,3
T5,4,0,168,2
T6,5,1,90,19
[408]
T1,0,0,200,12
T2,1,0,100,10
T3,2,1,111,14
T4,3,1,141,30
T5,4,0,185,9
T6,5,1,52,1
[409]
T1,0,1,200,22
T2,1,0,96,14
T3,2,0,184,21
T4,3,0,108,2
T5,4,1,139,19
T6,5,0,45,3
[410]
T1,0,0,75,18
T2,1,1,200,4
T3,2,0,120,4
T4,3,0,30,6
T5,4,0,114,4
T6,5,0,190,5
[411]
T1,0,0,60,7
T2,1,1,150,25
T3,2,1,30,4
T4,3,0,99,2
T5,4,0,86,1
T6,5,0,200,28
[412]
T1,0,1,182,54
T2,1,0,200,33
T3,2,0,63,1
T4,3,1,85,3
T5,4,0,90,5
T6,5,1,32,2
[413]
T1,0,0,175,7
T2,1,1,74,11
T3,2,1,144,1
T4,3,0,200,39
T5,4,0,48,6
T6,5,1,83,5
[414]
T1,0,1,66,3
T2,1,0,200,27
T3,2,0,45,8
T4,3,1,60,9
T5,4,0,152,1
T6,5,0,132,6
[415]
T1,0,0,200,2
T2,1,1,26,4
T3,2,1,150,15
T4,3,0,81,2
T5,4,1,94,6
T6,5,1,120,30
[416]
T1,0,1,108,14
T2,1,0,200,6
T3,2,1,24,1
T4,3,0,60,2
T5,4,1,72,19
T6,5,0,160,8
[417]
T1,0,0,143,5
T2,1,1,165,6
T3,2,0,50,7
T4,3,0,132,13
T5,4,0,200,41
T6,5,0,107,7
[418]
T1,0,0,20,2
T2,1,0,80,12
T3,2,0,194,2
T4,3,1,143,9
T5,4,0,200,42
T6,5,1,56,1
[419]
T1,0,1,108,28
T2,1,0,155,8
T3,2,1,131,3
T4,3,0,200,37
T5,4,1,144,7
T6,5,0,27,2
[420]
T1,0,1,25,4
T2,1,1,75,2
T3,2,1,200,1
T4,3,1,54,9
T5,4,0,182,19
T6,5,0,135,11
[421]
T1,0,1,114,2
T2,1,1,144,35
T3,2,0,200,8
T4,3,0,195,9
T5,4,0,40,9
T6,5,1,113,2
[422]
T1,0,0,189,40
T2,1,1,200,25
T3,2,1,69,10
T4,3,1,62,3
T5,4,1,21,2
T6,5,1,70,1
[423]
T1,0,0,25,3
T2,1,1,150,8
T3,2,0,71,4
T4,3,0,104,18
T5,4,1,100,14
T6,5,1,200,5
[424]
T1,0,1,132,12
T2,1,0,200,23
T3,2,1,45,1
T4,3,1,66,3
T5,4,1,144,7
T6,5,0,187,45
[425]
T1,0,1,50,4
T2,1,0,145,10
T3,2,0,200,54
T4,3,0,126,2
T5,4,1,64,6
T6,5,1,174,7
[426]
T1,0,0,66,4
T2,1,1,178,6
T3,2,1,120,16
T4,3,0,80,3
T5,4,1,30,3
T6,5,0,200,36
[427]
T1,0,0,56,8
T2,1,0,136,2
T3,2,0,44,4
T4,3,0,154,35
T5,4,1,200,4
T6,5,0,117,10
[428]
T1,0,1,40,8
T2,1,0,180,1
T3,2,1,96,17
T4,3,1,200,2
T5,4,0,127,10
T6,5,1,124,13
[429]
T1,0,0,200,8
T2,1,0,175,23
T3,2,0,66,14
T4,3,1,64,11
T5,4,0,48,1
T6,5,1,111,1
[430]
T1,0,0,26,2
T2,1,1,124,43
T3,2,1,156,7
T4,3,0,200,11
T5,4,1,100,3
T6,5,1,127,2
[431]
T1,0,0,168,8
T2,1,1,56,2
T3,2,1,49,18
T4,3,1,124,2
T5,4,0,200,12
T6,5,0,61,3
[432]
T1,0,1,107,4
T2,1,0,168,41
T3,2,1,66,2
T4,3,0,27,2
T5,4,1,80,11
T6,5,0,200,19
[433]
T1,0,0,102,3
T2,1,0,137,27
T3,2,0,188,4
T4,3,1,40,10
T5,4,1,136,3
T6,5,0,200,10
[434]
T1,0,1,189,43
T2,1,1,45,2
T3,2,1,140,5
T4,3,0,200,16
T5,4,1,124,13
T6,5,1,140,12
[435]
T1,0,1,26,3
T2,1,0,183,21
T3,2,0,60,2
T4,3,0,200,44
T5,4,1,66,6
T6,5,1,78,2
[436]
T1,0,0,25,1
T2,1,0,125,2
T3,2,1,57,16
T4,3,0,190,2
T5,4,1,90,3
T6,5,0,200,40
[437]
T1,0,1,64,2
T2,1,1,200,17
T3,2,0,73,15
T4,3,1,44,1
T5,4,1,176,6
T6,5,0,99,23
[438]
T1,0,0,100,2
T2,1,0,200,9
T3,2,0,54,1
T4,3,0,97,14
T5,4,0,155,34
T6,5,0,31,3
[439]
T1,0,1,77,19
T2,1,0,70,10
T3,2,0,90,2
T4,3,0,156,1
T5,4,1,200,5
T6,5,0,32,4
[440]
T1,0,0,180,18
T2,1,0,105,4
T3,2,0,200,14
T4,3,1,45,1
T5,4,1,75,15
T6,5,0,145,22
[441]
T1,0,0,88,7
T2,1,0,200,5
T3,2,1,105,18
T4,3,1,195,51
T5,4,1,48,2
T6,5,1,66,2
[442]
T1,0,1,156,5
T2,1,1,200,19
T3,2,1,116,6
T4,3,0,44,8
T5,4,0,66,8
T6,5,1,64,6
[443]
T1,0,0,24,2
T2,1,0,89,7
T3,2,1,150,1
T4,3,0,200,84
T5,4,0,142,4
T6,5,0,105,1
[444]
T1,0,0,114,4
T2,1,0,60,19
T3,2,0,87,2
T4,3,0,30,5
T5,4,1,200,8
T6,5,0,183,2
[445]
T1,0,1,128,17
T2,1,1,90,14
T3,2,1,150,7
T4,3,1,90,5
T5,4,1,20,2
T6,5,0,200,12
[446]
T1,0,0,103,12
T2,1,1,200,23
T3,2,1,35,4
T4,3,1,75,5
T5,4,0,172,11
T6,5,1,60,6
[447]
T1,0,0,56,3
T2,1,0,25,2
T3,2,0,73,6
T4,3,0,200,31
T5,4,1,150,14
T6,5,1,90,10
[448]
T1,0,0,200,6
T2,1,1,78,5
T3,2,1,184,38
T4,3,1,120,14
T5,4,0,23,2
T6,5,0,110,8
[449]
T1,0,1,54,11
T2,1,0,125,13
T3,2,1,20,1
T4,3,1,200,6
T5,4,0,140,5
T6,5,0,162,17
[450]
T1,0,0,22,1
T2,1,0,80,11
T3,2,1,200,34
T4,3,1,88,5
T5,4,0,78,10
T6,5,1,182,3
[451]
T1,0,0,32,3
T2,1,0,75,2
T3,2,0,200,48
T4,3,0,102,3
T5,4,0,99,2
T6,5,1,160,26
[452]
T1,0,0,50,4
T2,1,1,81,2
T3,2,0,200,23
T4,3,0,56,1
T5,4,1,169,27
T6,5,0,100,16
[453]
T1,0,0,60,18
T2,1,1,94,7
T3,2,0,177,11
T4,3,1,200,1
T5,4,0,54,5
T6,5,0,24,2
[454]
T1,0,0,200,15
T2,1,1,88,5
T3,2,0,183,5
T4,3,1,27,2
T5,4,1,144,51
T6,5,0,75,4
[455]
T1,0,0,187,2
T2,1,0,100,8
T3,2,1,200,4
T4,3,0,42,4
T5,4,0,102,23
T6,5,1,66,9
[456]
T1,0,1,200,6
T2,1,0,99,7
T3,2,0,129,37
T4,3,0,150,22
T5,4,1,56,1
T6,5,0,44,2
[457]
T1,0,0,200,13
T2,1,0,55,6
T3,2,0,180,19
T4,3,0,54,4
T5,4,1,66,6
T6,5,1,42,4
[458]
T1,0,0,111,12
T2,1,0,36,5
T3,2,1,90,14
T4,3,0,192,19
T5,4,0,200,9
T6,5,1,75,2
[459]
T1,0,1,200,4
T2,1,0,130,16
T3,2,0,40,2
T4,3,1,132,16
T5,4,1,104,2
T6,5,0,152,43
[460]
T1,0,1,150,28
T2,1,1,108,13
T3,2,1,28,2
T4,3,0,125,9
T5,4,1,200,5
T6,5,0,102,9
[461]
T1,0,1,200,2
T2,1,0,182,12
T3,2,1,98,20
T4,3,0,21,1
T5,4,0,60,13
T6,5,1,64,2
[462]
T1,0,1,200,13
T2,1,1,21,2
T3,2,0,198,37
T4,3,1,84,1
T5,4,0,114,12
T6,5,0,70,8
[463]
T1,0,0,200,10
T2,1,0,105,10
T3,2,1,60,5
T4,3,0,30,2
T5,4,1,128,15
T6,5,1,150,30
[464]
T1,0,1,200,16
T2,1,1,153,2
T3,2,0,88,8
T4,3,0,139,25
T5,4,1,45,2
T6,5,1,55,10
[465]
T1,0,1,154,21
T2,1,0,200,1
T3,2,0,131,18
T4,3,0,30,2
T5,4,0,147,15
T6,5,1,72,13
[466]
T1,0,1,152,6
T2,1,1,60,8
T3,2,1,64,12
T4,3,0,200,18
T5,4,0,36,1
T6,5,1,127,10
[467]
T1,0,1,41,2
T2,1,1,154,17
T3,2,0,143,38
T4,3,0,200,28
T5,4,1,82,1
T6,5,0,88,2
[468]
T1,0,1,158,6
T2,1,1,59,4
T3,2,1,144,4
T4,3,0,45,5
T5,4,1,200,37
T6,5,0,100,14
[469]
T1,0,0,110,14
T2,1,0,44,8
T3,2,1,122,20
T4,3,0,200,5
T5,4,1,150,8
T6,5,0,126,1
[470]
T1,0,0,48,1
T2,1,1,156,5
T3,2,1,90,19
T4,3,0,96,22
T5,4,0,200,12
T6,5,1,100,1
[471]
T1,0,0,105,13
T2,1,0,96,8
T3,2,0,200,20
T4,3,1,167,29
T5,4,0,20,1
T6,5,0,96,1
[472]
T1,0,1,30,2
T2,1,1,94,8
T3,2,1,192,72
T4,3,0,105,8
T5,4,1,147,7
T6,5,0,200,1
[473]
T1,0,1,200,23
T2,1,1,121,2
T3,2,0,48,6
T4,3,1,72,4
T5,4,1,177,1
T6,5,1,96,24
[474]
T1,0,0,164,8
T2,1,1,104,11
T3,2,1,102,19
T4,3,0,200,15
T5,4,0,123,15
T6,5,1,30,1
[475]
T1,0,1,166,2
T2,1,0,120,12
T3,2,0,25,1
T4,3,0,200,28
T5,4,0,83,2
T6,5,1,112,32
[476]
T1,0,0,86,3
T2,1,0,88,8
T3,2,0,20,4
T4,3,0,160,1
T5,4,0,200,14
T6,5,0,86,12
[477]
T1,0,0,72,3
T2,1,0,192,12
T3,2,0,120,35
T4,3,0,41,3
T5,4,1,62,2
T6,5,1,200,18
[478]
T1,0,0,156,4
T2,1,1,66,3
T3,2,0,97,30
T4,3,1,52,9
T5,4,1,108,2
T6,5,1,200,5
[479]
T1,0,1,175,10
T2,1,1,200,5
T3,2,1,28,4
T4,3,1,90,2
T5,4,0,81,9
T6,5,1,134,30
[480]
T1,0,0,75,8
T2,1,0,58,3
T3,2,0,50,1
T4,3,0,60,2
T5,4,0,200,71
T6,5,1,188,10
[481]
T1,0,1,78,2
T2,1,0,135,5
T3,2,0,200,16
T4,3,0,198,61
T5,4,0,48,2
T6,5,1,77,11
[482]
T1,0,1,88,19
T2,1,0,200,27
T3,2,1,135,12
T4,3,0,180,14
T5,4,1,89,2
T6,5,1,28,1
[483]
T1,0,0,93,6
T2,1,1,200,39
T3,2,0,20,4
T4,3,1,63,2
T5,4,1,182,12
T6,5,0,75,2
[484]
T1,0,1,27,2
T2,1,0,104,1
T3,2,0,100,31
T4,3,1,200,15
T5,4,0,159,15
T6,5,1,108,5
[485]
T1,0,1,114,2
T2,1,1,176,35
T3,2,0,44,1
T4,3,1,98,21
T5,4,1,200,5
T6,5,0,114,11
[486]
T1,0,1,56,1
T2,1,1,200,3
T3,2,1,135,38
T4,3,1,27,3
T5,4,0,195,6
T6,5,1,90,8
[487]
T1,0,1,20,2
T2,1,0,57,2
T3,2,1,100,3
T4,3,1,195,80
T5,4,0,200,15
T6,5,1,136,1
[488]
T1,0,0,114,25
T2,1,1,110,25
T3,2,1,117,4
T4,3,0,200,5
T5,4,0,48,1
T6,5,1,180,6
[489]
T1,0,1,200,9
T2,1,0,89,7
T3,2,1,120,25
T4,3,1,155,11
T5,4,0,42,5
T6,5,0,125,6
[490]
T1,0,0,77,5
T2,1,0,75,1
T3,2,1,166,19
T4,3,0,200,16
T5,4,1,24,6
T6,5,1,125,3
[491]
T1,0,1,56,1
T2,1,1,176,45
T3,2,1,200,7
T4,3,1,66,15
T5,4,0,104,2
T6,5,1,52,1
[492]
T1,0,0,99,18
T2,1,0,200,24
T3,2,1,80,5
T4,3,1,58,5
T5,4,0,33,2
T6,5,0,154,8
[493]
T1,0,0,100,1
T2,1,1,30,2
T3,2,1,94,20
T4,3,1,68,2
T5,4,0,152,47
T6,5,0,200,2
[494]
T1,0,0,67,8
T2,1,1,160,6
T3,2,1,32,8
T4,3,1,59,1
T5,4,0,120,7
T6,5,0,200,16
[495]
T1,0,1,80,3
T2,1,0,25,2
T3,2,1,160,31
T4,3,1,142,24
T5,4,0,120,4
T6,5,0,200,12
[496]
T1,0,0,135,16
T2,1,1,40,6
T3,2,0,176,30
T4,3,0,108,2
T5,4,0,200,21
T6,5,1,112,2
[497]
T1,0,1,136,2
T2,1,0,200,12
T3,2,0,140,32
T4,3,1,108,19
T5,4,0,182,9
T6,5,1,40,2
[498]
T1,0,1,101,28
T2,1,1,136,7
T3,2,1,100,9
T4,3,0,180,7
T5,4,0,38,1
T6,5,0,200,13
[499]
T1,0,1,200,23
T2,1,0,161,35
T3,2,1,66,2
T4,3,1,115,19
T5,4,0,23,1
T6,5,1,55,1
[500]
T1,0,1,104,20
T2,1,1,180,24
T3,2,0,200,15
T4,3,0,144,18
T5,4,1,64,3
T6,5,0,42,2
