num_task_per_taskset=6
num_taskset=500
//ID,Priority,Offset,Period,Execution Time
[1]
T1,0,0,200,38
T2,1,0,46,7
T3,2,0,190,31
T4,3,0,132,14
T5,4,0,88,2
T6,5,1,100,4
[2]
T1,0,1,132,5
T2,1,1,40,3
T3,2,1,165,9
T4,3,1,109,18
T5,4,1,142,13
T6,5,0,200,51
[3]
T1,0,1,80,8
T2,1,0,200,8
T3,2,0,40,8
T4,3,1,74,9
T5,4,0,164,2
T6,5,1,147,28
[4]
T1,0,1,115,1
T2,1,0,174,27
T3,2,0,130,32
T4,3,0,36,3
T5,4,0,200,1
T6,5,0,60,10
[5]
T1,0,0,200,27
T2,1,1,25,2
T3,2,0,194,11
T4,3,0,127,22
T5,4,0,145,12
T6,5,1,97,14
[6]
T1,0,1,59,3
T2,1,0,69,9
T3,2,1,200,39
T4,3,1,177,3
T5,4,1,40,10
T6,5,0,122,2
[7]
T1,0,0,96,2
T2,1,0,192,15
T3,2,0,200,68
T4,3,0,106,2
T5,4,1,100,21
T6,5,0,45,1
[8]
T1,0,1,195,20
T2,1,0,145,21
T3,2,0,200,18
T4,3,1,36,1
T5,4,0,112,15
T6,5,1,116,20
[9]
T1,0,0,120,2
T2,1,0,125,5
T3,2,0,20,3
T4,3,1,200,21
T5,4,1,180,39
T6,5,1,105,14
[10]
T1,0,0,26,2
T2,1,1,92,9
T3,2,0,200,16
T4,3,1,135,16
T5,4,1,189,30
T6,5,1,140,31
[11]
T1,0,1,171,27
T2,1,1,200,2
T3,2,0,39,4
T4,3,1,76,1
T5,4,0,127,6
T6,5,0,104,36
[12]
T1,0,1,54,10
T2,1,1,107,10
T3,2,0,84,8
T4,3,0,150,29
T5,4,1,24,1
T6,5,1,200,12
[13]
T1,0,1,113,23
T2,1,0,48,2
T3,2,1,171,13
T4,3,1,64,9
T5,4,1,200,16
T6,5,0,100,13
[14]
T1,0,0,44,2
T2,1,0,165,1
T3,2,0,109,12
T4,3,1,99,36
T5,4,1,128,23
T6,5,0,200,4
[15]
T1,0,0,110,11
T2,1,1,48,2
T3,2,0,126,24
T4,3,0,85,6
T5,4,0,200,18
T6,5,0,153,27
[16]
T1,0,1,65,2
T2,1,1,130,4
T3,2,0,78,1
T4,3,0,200,2
T5,4,0,50,18
T6,5,1,166,40
[17]
T1,0,1,135,37
T2,1,1,162,17
T3,2,0,200,18
T4,3,0,39,2
T5,4,0,144,2
T6,5,1,100,14
[18]
T1,0,1,130,8
T2,1,1,26,5
T3,2,0,130,24
T4,3,0,76,1
T5,4,0,157,25
T6,5,0,200,13
[19]
T1,0,1,200,37
T2,1,0,40,4
T3,2,0,165,10
T4,3,1,144,13
T5,4,0,143,17
T6,5,0,140,16
[20]
T1,0,1,68,1
T2,1,1,60,4
T3,2,0,200,6
T4,3,0,64,14
T5,4,0,24,4
T6,5,0,198,33
[21]
T1,0,1,116,2
T2,1,1,72,1
T3,2,0,68,2
T4,3,0,150,13
T5,4,0,48,2
T6,5,1,200,105
[22]
T1,0,1,200,19
T2,1,0,150,3
T3,2,0,50,3
T4,3,0,142,15
T5,4,1,75,13
T6,5,1,65,14
[23]
T1,0,0,152,25
T2,1,1,200,1
T3,2,1,119,14
T4,3,0,26,7
T5,4,1,120,4
T6,5,0,117,7
[24]
T1,0,0,117,4
T2,1,1,200,80
T3,2,1,148,4
T4,3,1,24,2
T5,4,1,63,5
T6,5,1,56,2
[25]
T1,0,0,200,15
T2,1,0,79,10
T3,2,1,74,10
T4,3,0,158,24
T5,4,0,127,14
T6,5,0,40,3
[26]
T1,0,0,140,2
T2,1,0,91,26
T3,2,0,70,2
T4,3,0,24,4
T5,4,0,152,8
T6,5,1,200,31
[27]
T1,0,0,98,10
T2,1,1,200,7
T3,2,0,64,16
T4,3,1,160,8
T5,4,1,81,13
T6,5,0,30,2
[28]
T1,0,1,104,39
T2,1,0,60,5
T3,2,1,182,10
T4,3,0,22,2
T5,4,0,200,4
T6,5,0,97,2
[29]
T1,0,0,126,6
T2,1,0,110,36
T3,2,1,168,3
T4,3,0,25,1
T5,4,1,134,31
T6,5,1,200,1
[30]
T1,0,0,74,5
T2,1,1,200,38
T3,2,1,20,5
T4,3,0,160,3
T5,4,1,80,9
T6,5,0,66,1
[31]
T1,0,0,75,25
T2,1,0,175,6
T3,2,0,50,3
T4,3,1,126,3
T5,4,1,200,13
T6,5,0,84,12
[32]
T1,0,1,115,20
T2,1,0,160,8
T3,2,1,120,28
T4,3,1,50,6
T5,4,1,102,2
T6,5,1,200,20
[33]
T1,0,1,132,2
T2,1,0,40,2
T3,2,1,120,8
T4,3,1,61,24
T5,4,1,200,24
T6,5,1,159,7
[34]
T1,0,0,130,6
T2,1,1,62,2
T3,2,1,45,1
T4,3,0,117,33
T5,4,1,150,36
T6,5,0,200,14
[35]
T1,0,0,65,15
T2,1,0,200,8
T3,2,0,50,6
T4,3,0,185,30
T5,4,1,68,1
T6,5,0,125,11
[36]
T1,0,0,60,5
T2,1,0,50,2
T3,2,1,130,3
T4,3,0,125,36
T5,4,1,164,24
T6,5,1,200,16
[37]
T1,0,0,98,11
T2,1,0,134,47
T3,2,1,200,2
T4,3,1,175,2
T5,4,0,84,13
T6,5,1,28,1
[38]
T1,0,0,96,2
T2,1,0,200,32
T3,2,1,28,2
T4,3,0,56,20
T5,4,0,75,4
T6,5,0,177,14
[39]
T1,0,1,200,17
T2,1,0,105,10
T3,2,1,196,78
T4,3,1,68,1
T5,4,0,35,2
T6,5,1,75,5
[40]
T1,0,0,25,2
T2,1,0,200,11
T3,2,0,192,31
T4,3,1,131,2
T5,4,0,71,8
T6,5,1,80,20
[41]
T1,0,0,160,35
T2,1,1,200,30
T3,2,1,61,3
T4,3,1,90,13
T5,4,0,24,2
T6,5,0,147,1
[42]
T1,0,1,200,2
T2,1,0,22,4
T3,2,0,73,3
T4,3,1,88,26
T5,4,1,64,8
T6,5,1,187,3
[43]
T1,0,1,200,35
T2,1,1,52,6
T3,2,0,156,22
T4,3,0,112,19
T5,4,1,84,4
T6,5,0,84,2
[44]
T1,0,1,138,5
T2,1,0,40,2
T3,2,1,66,1
T4,3,0,150,10
T5,4,0,100,23
T6,5,1,200,62
[45]
T1,0,1,26,2
T2,1,0,129,19
T3,2,0,200,32
T4,3,0,68,2
T5,4,1,88,5
T6,5,1,170,49
[46]
T1,0,0,180,21
T2,1,0,118,26
T3,2,1,200,15
T4,3,0,132,20
T5,4,1,48,2
T6,5,1,84,9
[47]
T1,0,1,136,41
T2,1,0,141,3
T3,2,0,200,4
T4,3,1,25,2
T5,4,0,154,6
T6,5,0,120,33
[48]
T1,0,1,72,1
T2,1,1,42,7
T3,2,0,200,9
T4,3,0,114,10
T5,4,1,56,18
T6,5,0,190,6
[49]
T1,0,1,41,15
T2,1,1,60,5
T3,2,1,123,2
T4,3,0,192,32
T5,4,0,200,6
T6,5,1,128,2
[50]
T1,0,0,200,32
T2,1,1,101,5
T3,2,1,56,13
T4,3,0,51,3
T5,4,1,78,2
T6,5,0,175,30
[51]
T1,0,0,74,2
T2,1,1,70,8
T3,2,0,84,1
T4,3,1,200,34
T5,4,1,21,2
T6,5,1,166,60
[52]
T1,0,0,84,7
T2,1,0,90,3
T3,2,0,25,5
T4,3,1,80,17
T5,4,1,161,8
T6,5,0,200,11
[53]
T1,0,1,46,3
T2,1,1,200,12
T3,2,1,188,31
T4,3,1,75,2
T5,4,0,147,49
T6,5,1,100,3
[54]
T1,0,1,92,11
T2,1,0,180,39
T3,2,0,108,5
T4,3,1,200,30
T5,4,0,25,2
T6,5,1,112,14
[55]
T1,0,1,28,1
T2,1,1,98,11
T3,2,0,78,2
T4,3,0,175,28
T5,4,0,110,33
T6,5,0,200,16
[56]
T1,0,0,80,2
T2,1,1,112,16
T3,2,1,20,2
T4,3,0,77,16
T5,4,0,185,29
T6,5,1,200,9
[57]
T1,0,1,84,1
T2,1,1,29,13
T3,2,1,116,4
T4,3,0,128,5
T5,4,0,200,27
T6,5,0,150,1
[58]
T1,0,1,64,8
T2,1,1,124,9
T3,2,0,30,4
T4,3,1,160,19
T5,4,0,54,8
T6,5,0,200,16
[59]
T1,0,0,90,7
T2,1,0,25,4
T3,2,0,56,6
T4,3,1,200,40
T5,4,1,155,5
T6,5,0,107,10
[60]
T1,0,0,200,32
T2,1,1,63,5
T3,2,0,68,4
T4,3,1,46,5
T5,4,0,100,11
T6,5,1,170,25
[61]
T1,0,0,36,2
T2,1,0,130,11
T3,2,0,189,31
T4,3,0,65,12
T5,4,1,200,42
T6,5,0,136,5
[62]
T1,0,0,48,11
T2,1,0,115,24
T3,2,1,69,1
T4,3,0,200,38
T5,4,1,161,1
T6,5,1,82,1
[63]
T1,0,1,175,28
T2,1,0,74,1
T3,2,0,36,1
T4,3,0,119,1
T5,4,1,80,36
T6,5,0,200,2
[64]
T1,0,0,57,7
T2,1,1,30,1
T3,2,0,72,10
T4,3,0,171,6
T5,4,1,140,41
T6,5,0,200,5
[65]
T1,0,0,22,2
T2,1,0,110,2
T3,2,1,128,26
T4,3,0,200,85
T5,4,0,184,2
T6,5,0,80,1
[66]
T1,0,0,104,29
T2,1,1,96,18
T3,2,0,160,5
T4,3,0,30,2
T5,4,0,200,8
T6,5,1,67,5
[67]
T1,0,0,66,9
T2,1,1,20,3
T3,2,1,95,5
T4,3,1,200,41
T5,4,0,171,4
T6,5,0,88,5
[68]
T1,0,0,200,83
T2,1,0,146,4
T3,2,0,94,5
T4,3,1,47,5
T5,4,0,188,9
T6,5,1,121,2
[69]
T1,0,0,30,2
T2,1,0,200,10
T3,2,1,119,35
T4,3,0,176,34
T5,4,1,120,14
T6,5,0,67,2
[70]
T1,0,1,117,1
T2,1,0,105,4
T3,2,0,32,8
T4,3,1,175,21
T5,4,1,68,9
T6,5,1,200,19
[71]
T1,0,0,77,10
T2,1,0,200,14
T3,2,0,78,4
T4,3,1,50,7
T5,4,0,80,13
T6,5,0,155,17
[72]
T1,0,0,180,8
T2,1,1,25,1
T3,2,0,200,1
T4,3,1,90,10
T5,4,1,99,9
T6,5,1,82,30
[73]
T1,0,1,152,4
T2,1,0,30,1
T3,2,1,60,1
T4,3,1,95,18
T5,4,0,94,4
T6,5,0,200,71
[74]
T1,0,1,195,12
T2,1,0,58,15
T3,2,1,44,9
T4,3,1,200,24
T5,4,1,140,3
T6,5,1,110,1
[75]
T1,0,0,200,30
T2,1,0,84,2
T3,2,0,75,2
T4,3,0,69,29
T5,4,1,184,14
T6,5,0,42,2
[76]
T1,0,1,54,2
T2,1,0,70,12
T3,2,1,200,17
T4,3,0,27,2
T5,4,1,160,43
T6,5,1,121,3
[77]
T1,0,1,116,9
T2,1,0,80,15
T3,2,1,40,4
T4,3,0,200,22
T5,4,1,195,23
T6,5,0,96,9
[78]
T1,0,0,190,7
T2,1,1,112,25
T3,2,0,57,1
T4,3,1,129,11
T5,4,1,30,4
T6,5,0,200,33
[79]
T1,0,1,183,25
T2,1,0,200,19
T3,2,0,40,1
T4,3,1,120,44
T5,4,1,144,2
T6,5,0,61,3
[80]
T1,0,1,150,29
T2,1,0,200,41
T3,2,0,96,2
T4,3,0,44,2
T5,4,1,145,28
T6,5,1,73,5
[81]
T1,0,1,100,7
T2,1,1,180,1
T3,2,0,122,1
T4,3,1,103,10
T5,4,1,27,7
T6,5,1,200,44
[82]
T1,0,0,200,9
T2,1,0,68,4
T3,2,1,95,14
T4,3,1,38,1
T5,4,1,174,25
T6,5,1,114,28
[83]
T1,0,0,200,18
T2,1,0,99,4
T3,2,1,20,2
T4,3,0,128,1
T5,4,0,165,30
T6,5,0,112,35
[84]
T1,0,0,76,3
T2,1,0,200,42
T3,2,0,72,5
T4,3,1,150,10
T5,4,0,20,2
T6,5,1,110,30
[85]
T1,0,0,184,52
T2,1,1,130,7
T3,2,1,200,12
T4,3,0,142,9
T5,4,0,100,1
T6,5,0,36,7
[86]
T1,0,1,50,1
T2,1,0,86,10
T3,2,1,200,73
T4,3,1,184,7
T5,4,0,68,9
T6,5,1,86,1
[87]
T1,0,0,42,2
T2,1,0,168,24
T3,2,0,200,11
T4,3,0,75,16
T5,4,0,109,20
T6,5,0,133,4
[88]
T1,0,1,200,45
T2,1,1,107,24
T3,2,0,66,4
T4,3,0,144,2
T5,4,1,180,2
T6,5,0,48,6
[89]
T1,0,0,95,16
T2,1,0,153,1
T3,2,0,200,76
T4,3,1,100,7
T5,4,1,111,3
T6,5,0,25,2
[90]
T1,0,0,60,2
T2,1,1,192,4
T3,2,0,30,4
T4,3,1,200,4
T5,4,1,74,30
T6,5,1,104,8
[91]
T1,0,1,113,2
T2,1,0,81,5
T3,2,0,45,5
T4,3,1,200,2
T5,4,1,100,1
T6,5,1,164,79
[92]
T1,0,0,126,5
T2,1,0,99,7
T3,2,0,50,13
T4,3,1,64,2
T5,4,0,200,30
T6,5,0,160,19
[93]
T1,0,1,180,1
T2,1,0,22,4
T3,2,1,200,8
T4,3,0,132,7
T5,4,1,104,30
T6,5,1,89,8
[94]
T1,0,1,102,8
T2,1,1,80,20
T3,2,0,200,15
T4,3,1,39,3
T5,4,1,105,2
T6,5,0,192,32
[95]
T1,0,0,108,6
T2,1,1,21,1
T3,2,0,84,21
T4,3,1,200,44
T5,4,1,176,5
T6,5,0,112,6
[96]
T1,0,0,120,16
T2,1,1,25,5
T3,2,1,141,6
T4,3,1,190,2
T5,4,1,67,8
T6,5,0,200,32
[97]
T1,0,1,57,9
T2,1,0,100,23
T3,2,0,103,7
T4,3,1,148,3
T5,4,0,40,1
T6,5,0,200,34
[98]
T1,0,1,200,75
T2,1,1,101,5
T3,2,0,55,3
T4,3,1,24,3
T5,4,0,165,7
T6,5,0,57,2
[99]
T1,0,1,144,36
T2,1,1,100,17
T3,2,1,31,2
T4,3,1,186,35
T5,4,1,200,14
T6,5,1,124,2
[100]
T1,0,1,48,6
T2,1,1,76,11
T3,2,0,58,2
T4,3,0,90,12
T5,4,1,200,33
T6,5,0,160,16
[101]
T1,0,0,130,3
T2,1,1,84,15
T3,2,0,200,27
T4,3,1,171,6
T5,4,1,105,3
T6,5,0,42,11
[102]
T1,0,0,90,1
T2,1,1,200,14
T3,2,1,74,7
T4,3,1,185,76
T5,4,0,45,2
T6,5,1,60,1
[103]
T1,0,0,50,4
T2,1,0,122,2
T3,2,1,200,58
T4,3,0,188,16
T5,4,0,105,16
T6,5,1,72,4
[104]
T1,0,1,42,2
T2,1,1,86,11
T3,2,1,140,6
T4,3,0,77,9
T5,4,1,200,62
T6,5,0,152,12
[105]
T1,0,1,54,7
T2,1,0,81,1
T3,2,1,150,8
T4,3,1,200,3
T5,4,0,40,11
T6,5,0,92,16
[106]
T1,0,1,35,3
T2,1,1,152,7
T3,2,1,200,17
T4,3,0,133,24
T5,4,0,57,7
T6,5,0,134,20
[107]
T1,0,0,154,19
T2,1,1,38,1
T3,2,1,115,30
T4,3,1,75,4
T5,4,1,77,16
T6,5,1,200,2
[108]
T1,0,1,198,22
T2,1,0,56,10
T3,2,1,90,6
T4,3,1,35,2
T5,4,0,200,25
T6,5,0,72,9
[109]
T1,0,1,33,1
T2,1,0,200,77
T3,2,1,77,6
T4,3,0,180,18
T5,4,1,144,3
T6,5,1,112,5
[110]
T1,0,0,200,34
T2,1,1,68,5
T3,2,0,45,4
T4,3,1,180,12
T5,4,1,68,10
T6,5,1,121,15
[111]
T1,0,1,128,8
T2,1,1,200,13
T3,2,0,160,18
T4,3,1,28,5
T5,4,1,67,3
T6,5,1,96,19
[112]
T1,0,1,200,20
T2,1,1,32,8
T3,2,0,185,2
T4,3,1,62,3
T5,4,1,122,33
T6,5,1,100,1
[113]
T1,0,0,104,14
T2,1,1,65,5
T3,2,0,73,7
T4,3,0,182,5
T5,4,0,200,65
T6,5,1,25,2
[114]
T1,0,1,122,5
T2,1,1,112,30
T3,2,0,41,6
T4,3,0,164,18
T5,4,0,200,5
T6,5,0,120,8
[115]
T1,0,0,78,10
T2,1,0,58,6
T3,2,0,116,16
T4,3,0,200,10
T5,4,0,168,14
T6,5,0,25,4
[116]
T1,0,1,195,33
T2,1,0,100,2
T3,2,1,125,40
T4,3,0,45,5
T5,4,0,200,10
T6,5,0,88,1
[117]
T1,0,0,194,10
T2,1,0,146,26
T3,2,0,100,2
T4,3,0,200,16
T5,4,0,50,12
T6,5,1,86,10
[118]
T1,0,1,25,7
T2,1,1,200,8
T3,2,1,104,2
T4,3,0,180,28
T5,4,1,88,5
T6,5,1,96,10
[119]
T1,0,1,100,9
T2,1,0,200,47
T3,2,1,152,18
T4,3,1,122,1
T5,4,0,80,8
T6,5,0,25,3
[120]
T1,0,0,99,5
T2,1,1,63,1
T3,2,1,66,16
T4,3,1,48,2
T5,4,1,175,24
T6,5,0,200,34
[121]
T1,0,0,25,2
T2,1,1,176,8
T3,2,1,128,2
T4,3,0,200,38
T5,4,1,90,33
T6,5,0,78,3
[122]
T1,0,0,130,3
T2,1,1,158,5
T3,2,0,200,42
T4,3,0,24,5
T5,4,1,109,19
T6,5,0,104,2
[123]
T1,0,1,112,15
T2,1,0,192,22
T3,2,1,112,15
T4,3,0,25,3
T5,4,0,59,5
T6,5,0,200,12
[124]
T1,0,0,50,3
T2,1,0,200,75
T3,2,1,132,15
T4,3,0,88,3
T5,4,0,180,2
T6,5,1,74,7
[125]
T1,0,0,200,6
T2,1,1,95,5
T3,2,0,150,5
T4,3,1,86,33
T5,4,1,35,2
T6,5,1,80,12
[126]
T1,0,1,165,26
T2,1,1,88,25
T3,2,0,65,1
T4,3,1,24,1
T5,4,1,200,25
T6,5,0,133,6
[127]
T1,0,0,135,36
T2,1,1,54,2
T3,2,1,67,6
T4,3,1,150,10
T5,4,0,77,12
T6,5,1,200,9
[128]
T1,0,1,200,2
T2,1,0,138,5
T3,2,0,48,3
T4,3,1,91,3
T5,4,1,195,69
T6,5,1,78,15
[129]
T1,0,0,176,32
T2,1,0,99,20
T3,2,1,139,8
T4,3,1,135,5
T5,4,1,200,8
T6,5,0,48,7
[130]
T1,0,1,63,2
T2,1,1,49,3
T3,2,1,160,37
T4,3,0,120,9
T5,4,1,200,48
T6,5,1,93,2
[131]
T1,0,0,200,5
T2,1,1,155,26
T3,2,0,74,1
T4,3,1,125,2
T5,4,0,23,2
T6,5,0,125,42
[132]
T1,0,1,32,4
T2,1,0,200,29
T3,2,0,107,2
T4,3,0,180,65
T5,4,1,66,1
T6,5,0,60,1
[133]
T1,0,0,105,7
T2,1,0,200,6
T3,2,0,144,6
T4,3,0,40,4
T5,4,0,56,9
T6,5,0,198,52
[134]
T1,0,0,200,3
T2,1,1,165,20
T3,2,0,59,2
T4,3,1,125,23
T5,4,0,78,8
T6,5,0,24,5
[135]
T1,0,1,90,8
T2,1,0,200,43
T3,2,0,50,2
T4,3,1,96,7
T5,4,0,155,20
T6,5,1,114,15
[136]
T1,0,0,195,26
T2,1,0,200,18
T3,2,0,121,17
T4,3,1,136,15
T5,4,1,25,2
T6,5,1,100,10
[137]
T1,0,0,200,7
T2,1,0,188,3
T3,2,1,54,2
T4,3,1,88,1
T5,4,0,70,37
T6,5,0,40,1
[138]
T1,0,1,102,3
T2,1,1,153,13
T3,2,1,88,26
T4,3,0,46,5
T5,4,1,85,10
T6,5,1,200,6
[139]
T1,0,1,200,4
T2,1,1,75,3
T3,2,0,128,59
T4,3,1,78,5
T5,4,1,182,17
T6,5,0,21,2
[140]
T1,0,0,98,3
T2,1,0,137,13
T3,2,0,200,17
T4,3,0,180,20
T5,4,0,144,31
T6,5,0,24,3
[141]
T1,0,0,44,2
T2,1,1,80,2
T3,2,0,92,3
T4,3,1,64,7
T5,4,0,200,16
T6,5,0,150,57
[142]
T1,0,1,57,3
T2,1,0,89,1
T3,2,0,156,31
T4,3,1,95,1
T5,4,0,200,81
T6,5,1,40,2
[143]
T1,0,0,200,8
T2,1,0,138,35
T3,2,0,100,11
T4,3,0,160,2
T5,4,0,65,8
T6,5,0,27,4
[144]
T1,0,1,24,1
T2,1,0,200,42
T3,2,1,64,13
T4,3,0,112,1
T5,4,0,99,6
T6,5,0,196,27
[145]
T1,0,1,200,6
T2,1,0,113,7
T3,2,1,143,4
T4,3,1,195,58
T5,4,1,35,8
T6,5,0,130,2
[146]
T1,0,0,80,15
T2,1,0,53,12
T3,2,1,200,27
T4,3,0,86,2
T5,4,1,152,14
T6,5,0,76,2
[147]
T1,0,1,26,8
T2,1,1,80,4
T3,2,1,116,4
T4,3,0,200,2
T5,4,1,100,17
T6,5,0,165,14
[148]
T1,0,0,200,15
T2,1,1,160,3
T3,2,1,70,16
T4,3,1,32,2
T5,4,1,119,13
T6,5,1,107,18
[149]
T1,0,0,200,6
T2,1,0,59,1
T3,2,0,52,15
T4,3,0,156,2
T5,4,0,87,27
T6,5,1,117,2
[150]
T1,0,0,200,28
T2,1,1,150,7
T3,2,1,45,1
T4,3,0,74,9
T5,4,0,131,21
T6,5,1,81,14
[151]
T1,0,1,200,25
T2,1,0,56,12
T3,2,1,140,29
T4,3,0,92,6
T5,4,1,176,1
T6,5,0,44,2
[152]
T1,0,0,68,1
T2,1,1,173,4
T3,2,0,85,24
T4,3,1,200,16
T5,4,0,106,11
T6,5,1,34,5
[153]
T1,0,0,120,5
T2,1,1,69,1
T3,2,0,185,14
T4,3,0,134,12
T5,4,0,200,50
T6,5,1,30,6
[154]
T1,0,0,200,34
T2,1,0,84,5
T3,2,0,170,30
T4,3,1,34,1
T5,4,0,70,10
T6,5,1,125,11
[155]
T1,0,0,126,3
T2,1,0,142,3
T3,2,0,36,7
T4,3,1,165,49
T5,4,1,105,10
T6,5,1,200,8
[156]
T1,0,1,200,28
T2,1,0,82,1
T3,2,1,71,2
T4,3,1,160,61
T5,4,1,108,7
T6,5,0,54,4
[157]
T1,0,0,200,26
T2,1,1,96,26
T3,2,0,38,3
T4,3,0,76,2
T5,4,0,115,14
T6,5,1,180,11
[158]
T1,0,0,120,13
T2,1,0,32,2
T3,2,0,200,4
T4,3,1,131,11
T5,4,0,86,22
T6,5,0,150,21
[159]
T1,0,1,192,37
T2,1,1,88,20
T3,2,0,73,8
T4,3,0,60,2
T5,4,1,34,3
T6,5,1,200,9
[160]
T1,0,1,75,4
T2,1,0,200,19
T3,2,0,100,20
T4,3,0,26,2
T5,4,1,116,24
T6,5,0,186,21
[161]
T1,0,1,24,5
T2,1,0,108,8
T3,2,1,200,1
T4,3,1,156,49
T5,4,1,91,1
T6,5,0,104,5
[162]
T1,0,1,98,17
T2,1,1,84,2
T3,2,1,200,6
T4,3,1,91,10
T5,4,1,196,20
T6,5,1,42,10
[163]
T1,0,0,30,7
T2,1,0,200,3
T3,2,1,101,20
T4,3,0,80,4
T5,4,0,154,9
T6,5,0,135,17
[164]
T1,0,0,200,13
T2,1,1,184,1
T3,2,0,47,15
T4,3,1,92,16
T5,4,1,145,3
T6,5,1,80,7
[165]
T1,0,1,20,2
T2,1,0,72,20
T3,2,1,200,19
T4,3,1,115,7
T5,4,1,192,32
T6,5,1,136,9
[166]
T1,0,1,125,11
T2,1,1,48,2
T3,2,0,192,27
T4,3,0,112,13
T5,4,1,200,34
T6,5,1,65,7
[167]
T1,0,1,114,11
T2,1,0,70,7
T3,2,0,200,23
T4,3,0,140,25
T5,4,0,170,27
T6,5,0,42,1
[168]
T1,0,0,152,22
T2,1,0,138,46
T3,2,0,100,1
T4,3,1,24,3
T5,4,1,146,1
T6,5,1,200,10
[169]
T1,0,1,200,1
T2,1,0,78,15
T3,2,0,20,2
T4,3,0,165,5
T5,4,0,99,40
T6,5,1,89,2
[170]
T1,0,1,126,28
T2,1,1,160,29
T3,2,0,56,7
T4,3,1,132,1
T5,4,1,200,15
T6,5,1,52,4
[171]
T1,0,1,32,2
T2,1,1,85,9
T3,2,0,110,27
T4,3,1,90,8
T5,4,1,176,8
T6,5,1,200,27
[172]
T1,0,1,76,9
T2,1,1,72,14
T3,2,0,174,2
T4,3,1,200,29
T5,4,1,24,1
T6,5,1,115,18
[173]
T1,0,0,89,2
T2,1,1,75,13
T3,2,1,35,14
T4,3,0,182,6
T5,4,0,126,3
T6,5,1,200,4
[174]
T1,0,0,48,9
T2,1,0,200,9
T3,2,1,90,6
T4,3,0,155,16
T5,4,1,63,12
T6,5,0,84,5
[175]
T1,0,0,80,23
T2,1,1,48,4
T3,2,1,147,15
T4,3,0,175,8
T5,4,1,200,10
T6,5,0,112,11
[176]
T1,0,1,72,10
T2,1,0,105,16
T3,2,0,23,2
T4,3,1,180,19
T5,4,1,200,25
T6,5,1,85,3
[177]
T1,0,0,108,31
T2,1,0,42,3
T3,2,1,146,18
T4,3,1,200,21
T5,4,1,150,4
T6,5,1,80,4
[178]
T1,0,0,57,3
T2,1,1,200,14
T3,2,0,150,15
T4,3,0,20,3
T5,4,0,82,6
T6,5,0,62,12
[179]
T1,0,0,195,29
T2,1,0,135,18
T3,2,1,28,2
T4,3,1,200,7
T5,4,1,62,9
T6,5,1,70,9
[180]
T1,0,1,40,9
T2,1,1,134,12
T3,2,0,160,11
T4,3,0,200,47
T5,4,0,97,2
T6,5,0,60,3
[181]
T1,0,0,68,1
T2,1,0,195,3
T3,2,1,48,11
T4,3,1,90,2
T5,4,1,200,51
T6,5,0,91,13
[182]
T1,0,0,108,1
T2,1,1,21,2
T3,2,1,103,16
T4,3,1,184,7
T5,4,0,54,17
T6,5,1,200,6
[183]
T1,0,0,25,2
T2,1,1,80,6
T3,2,0,82,26
T4,3,0,200,4
T5,4,0,75,11
T6,5,1,180,19
[184]
T1,0,0,98,23
T2,1,1,76,25
T3,2,0,109,1
T4,3,0,200,16
T5,4,0,40,1
T6,5,0,190,2
[185]
T1,0,0,56,7
T2,1,1,49,13
T3,2,1,200,6
T4,3,1,178,2
T5,4,0,125,25
T6,5,1,100,2
[186]
T1,0,0,100,8
T2,1,1,120,2
T3,2,0,200,114
T4,3,1,113,2
T5,4,1,50,2
T6,5,1,186,1
[187]
T1,0,1,142,6
T2,1,1,75,1
T3,2,0,200,48
T4,3,1,93,14
T5,4,1,195,17
T6,5,0,26,3
[188]
T1,0,0,40,2
T2,1,0,97,14
T3,2,1,115,2
T4,3,0,170,8
T5,4,1,140,11
T6,5,0,200,70
[189]
T1,0,1,200,6
T2,1,0,175,49
T3,2,1,77,6
T4,3,1,40,3
T5,4,1,121,16
T6,5,0,86,6
[190]
T1,0,0,200,19
T2,1,0,180,19
T3,2,1,59,1
T4,3,0,84,2
T5,4,0,145,19
T6,5,0,45,13
[191]
T1,0,1,146,5
T2,1,0,168,1
T3,2,1,45,2
T4,3,1,85,11
T5,4,0,200,4
T6,5,1,73,32
[192]
T1,0,1,200,8
T2,1,1,143,14
T3,2,1,125,22
T4,3,1,20,1
T5,4,1,185,54
T6,5,1,111,2
[193]
T1,0,1,200,32
T2,1,0,175,8
T3,2,0,147,20
T4,3,0,57,2
T5,4,0,147,18
T6,5,1,50,9
[194]
T1,0,1,127,6
T2,1,1,28,2
T3,2,1,120,23
T4,3,1,200,19
T5,4,0,140,37
T6,5,0,183,14
[195]
T1,0,1,200,28
T2,1,1,75,4
T3,2,1,150,2
T4,3,0,57,3
T5,4,0,80,15
T6,5,0,33,8
[196]
T1,0,0,133,5
T2,1,1,128,11
T3,2,0,200,14
T4,3,1,34,10
T5,4,0,56,3
T6,5,0,175,22
[197]
T1,0,1,27,3
T2,1,0,200,28
T3,2,0,60,2
T4,3,0,94,2
T5,4,1,120,36
T6,5,0,165,9
[198]
T1,0,0,123,28
T2,1,1,21,2
T3,2,1,105,22
T4,3,1,110,18
T5,4,1,200,14
T6,5,0,187,1
[199]
T1,0,0,82,15
T2,1,1,136,2
T3,2,0,99,14
T4,3,1,50,13
T5,4,0,164,3
T6,5,0,200,12
[200]
T1,0,0,24,6
T2,1,0,72,12
T3,2,1,200,2
T4,3,0,85,2
T5,4,0,189,27
T6,5,1,110,6
[201]
T1,0,1,36,14
T2,1,0,135,14
T3,2,1,77,8
T4,3,0,90,3
T5,4,0,176,4
T6,5,0,200,2
[202]
T1,0,0,175,11
T2,1,1,138,2
T3,2,1,200,60
T4,3,1,48,1
T5,4,1,93,6
T6,5,0,70,15
[203]
T1,0,1,91,2
T2,1,1,39,9
T3,2,1,165,25
T4,3,1,101,28
T5,4,0,91,1
T6,5,1,200,2
[204]
T1,0,1,111,4
T2,1,1,48,1
T3,2,0,156,12
T4,3,0,130,45
T5,4,0,200,35
T6,5,1,107,2
[205]
T1,0,1,90,6
T2,1,1,140,8
T3,2,0,96,10
T4,3,0,41,16
T5,4,0,200,6
T6,5,0,150,5
[206]
T1,0,0,114,30
T2,1,0,91,9
T3,2,0,80,5
T4,3,0,54,10
T5,4,0,200,2
T6,5,0,195,10
[207]
T1,0,0,38,5
T2,1,1,88,5
T3,2,1,76,1
T4,3,0,63,8
T5,4,0,200,1
T6,5,1,180,62
[208]
T1,0,1,160,50
T2,1,1,85,1
T3,2,0,106,6
T4,3,1,200,4
T5,4,1,28,5
T6,5,0,75,7
[209]
T1,0,0,180,3
T2,1,1,68,2
T3,2,1,132,8
T4,3,0,145,3
T5,4,1,44,21
T6,5,1,200,13
[210]
T1,0,0,175,29
T2,1,1,43,1
T3,2,0,70,4
T4,3,1,140,5
T5,4,0,200,42
T6,5,1,120,20
[211]
T1,0,1,76,2
T2,1,1,106,2
T3,2,0,200,11
T4,3,1,25,12
T5,4,0,160,2
T6,5,0,99,10
[212]
T1,0,0,20,2
T2,1,0,63,5
T3,2,1,155,2
T4,3,0,65,16
T5,4,1,200,39
T6,5,0,84,2
[213]
T1,0,0,200,10
T2,1,1,25,2
T3,2,0,60,13
T4,3,1,68,9
T5,4,1,137,26
T6,5,0,150,11
[214]
T1,0,1,96,17
T2,1,0,200,50
T3,2,1,65,7
T4,3,1,100,11
T5,4,0,156,1
T6,5,1,42,2
[215]
T1,0,0,200,35
T2,1,1,75,7
T3,2,0,55,2
T4,3,0,185,5
T5,4,0,33,3
T6,5,1,92,22
[216]
T1,0,0,60,2
T2,1,1,200,70
T3,2,0,187,22
T4,3,0,50,1
T5,4,0,111,5
T6,5,0,84,12
[217]
T1,0,0,21,2
T2,1,1,130,46
T3,2,0,120,2
T4,3,1,192,28
T5,4,0,200,20
T6,5,1,61,3
[218]
T1,0,0,114,8
T2,1,0,60,6
T3,2,0,73,14
T4,3,1,175,4
T5,4,1,36,3
T6,5,1,200,37
[219]
T1,0,1,200,7
T2,1,0,25,2
T3,2,0,144,3
T4,3,1,153,51
T5,4,1,90,14
T6,5,0,107,5
[220]
T1,0,1,143,5
T2,1,0,140,6
T3,2,0,200,2
T4,3,0,75,19
T5,4,1,186,2
T6,5,0,40,14
[221]
T1,0,1,136,35
T2,1,0,66,14
T3,2,1,24,1
T4,3,1,200,10
T5,4,0,70,4
T6,5,0,170,8
[222]
T1,0,0,178,6
T2,1,0,56,15
T3,2,0,131,9
T4,3,0,200,15
T5,4,1,105,22
T6,5,0,40,2
[223]
T1,0,1,22,1
T2,1,1,96,6
T3,2,1,200,8
T4,3,1,100,37
T5,4,0,150,5
T6,5,1,128,13
[224]
T1,0,1,106,2
T2,1,1,125,20
T3,2,0,60,2
T4,3,1,32,10
T5,4,0,174,22
T6,5,0,200,11
[225]
T1,0,0,138,8
T2,1,0,45,1
T3,2,1,100,25
T4,3,1,200,9
T5,4,0,162,23
T6,5,1,138,22
[226]
T1,0,1,120,1
T2,1,1,170,4
T3,2,1,200,13
T4,3,0,125,15
T5,4,1,48,18
T6,5,0,62,5
[227]
T1,0,0,36,4
T2,1,0,172,9
T3,2,0,200,16
T4,3,0,132,8
T5,4,0,100,33
T6,5,0,78,3
[228]
T1,0,1,126,8
T2,1,1,128,17
T3,2,0,200,12
T4,3,1,99,7
T5,4,1,42,5
T6,5,0,168,39
[229]
T1,0,0,59,15
T2,1,1,200,25
T3,2,0,135,8
T4,3,0,178,19
T5,4,0,45,2
T6,5,0,108,7
[230]
T1,0,0,81,17
T2,1,1,81,11
T3,2,1,90,8
T4,3,0,27,1
T5,4,0,188,24
T6,5,0,200,13
[231]
T1,0,0,102,2
T2,1,1,200,20
T3,2,0,145,9
T4,3,0,155,46
T5,4,0,124,8
T6,5,1,34,5
[232]
T1,0,1,99,4
T2,1,0,175,2
T3,2,0,200,33
T4,3,1,57,1
T5,4,1,42,2
T6,5,1,60,26
[233]
T1,0,0,104,7
T2,1,0,36,1
T3,2,1,169,34
T4,3,0,200,14
T5,4,1,80,19
T6,5,1,137,9
[234]
T1,0,1,200,9
T2,1,1,154,5
T3,2,0,132,1
T4,3,0,76,11
T5,4,0,21,8
T6,5,0,119,8
[235]
T1,0,0,40,5
T2,1,0,200,2
T3,2,1,130,29
T4,3,0,91,14
T5,4,0,66,5
T6,5,0,154,12
[236]
T1,0,1,91,19
T2,1,0,200,18
T3,2,0,112,13
T4,3,0,90,5
T5,4,0,42,3
T6,5,1,161,18
[237]
T1,0,0,200,40
T2,1,0,138,3
T3,2,1,180,4
T4,3,1,20,4
T5,4,0,135,30
T6,5,1,127,2
[238]
T1,0,1,152,36
T2,1,1,115,2
T3,2,1,30,2
T4,3,0,200,52
T5,4,1,108,3
T6,5,0,114,18
[239]
T1,0,1,50,1
T2,1,1,112,3
T3,2,0,200,17
T4,3,0,189,62
T5,4,0,144,16
T6,5,1,140,15
[240]
T1,0,1,150,3
T2,1,0,144,7
T3,2,1,45,3
T4,3,0,131,2
T5,4,1,200,38
T6,5,1,134,47
[241]
T1,0,1,162,19
T2,1,0,200,58
T3,2,1,60,7
T4,3,0,80,5
T5,4,0,75,5
T6,5,1,52,2
[242]
T1,0,1,200,45
T2,1,0,108,14
T3,2,1,54,2
T4,3,0,165,23
T5,4,1,125,14
T6,5,0,88,6
[243]
T1,0,1,200,34
T2,1,1,90,14
T3,2,0,56,6
T4,3,1,186,26
T5,4,1,117,2
T6,5,1,40,3
[244]
T1,0,0,78,8
T2,1,1,108,8
T3,2,1,200,41
T4,3,0,26,2
T5,4,1,75,5
T6,5,0,190,42
[245]
T1,0,0,108,1
T2,1,0,100,22
T3,2,0,28,2
T4,3,0,168,2
T5,4,0,200,57
T6,5,0,138,6
[246]
T1,0,1,118,2
T2,1,1,140,8
T3,2,0,75,5
T4,3,0,38,8
T5,4,0,200,6
T6,5,0,190,58
[247]
T1,0,1,76,4
T2,1,1,200,2
T3,2,1,28,1
T4,3,1,80,23
T5,4,1,170,23
T6,5,1,129,19
[248]
T1,0,1,21,1
T2,1,0,135,7
T3,2,0,200,8
T4,3,0,105,2
T5,4,0,152,45
T6,5,1,92,21
[249]
T1,0,1,185,58
T2,1,0,126,6
T3,2,1,104,2
T4,3,1,30,3
T5,4,0,200,29
T6,5,1,72,5
[250]
T1,0,1,189,41
T2,1,1,32,4
T3,2,0,123,4
T4,3,1,200,54
T5,4,0,112,1
T6,5,0,108,2
[251]
T1,0,0,140,1
T2,1,0,95,4
T3,2,1,200,26
T4,3,0,42,3
T5,4,0,190,33
T6,5,1,80,20
[252]
T1,0,0,200,26
T2,1,0,161,18
T3,2,1,63,2
T4,3,0,60,2
T5,4,1,21,4
T6,5,0,80,12
[253]
T1,0,1,25,2
T2,1,0,132,37
T3,2,1,200,14
T4,3,1,175,6
T5,4,1,130,18
T6,5,0,117,16
[254]
T1,0,0,147,22
T2,1,0,140,8
T3,2,0,200,29
T4,3,1,35,9
T5,4,1,185,4
T6,5,0,140,6
[255]
T1,0,0,121,8
T2,1,0,22,2
T3,2,1,200,58
T4,3,1,172,5
T5,4,1,129,13
T6,5,1,129,9
[256]
T1,0,0,162,42
T2,1,1,59,2
T3,2,0,48,8
T4,3,1,200,4
T5,4,1,64,3
T6,5,1,70,12
[257]
T1,0,1,71,7
T2,1,0,100,20
T3,2,0,200,21
T4,3,1,48,2
T5,4,0,176,2
T6,5,0,71,19
[258]
T1,0,0,200,33
T2,1,0,165,2
T3,2,1,65,5
T4,3,0,61,9
T5,4,0,30,8
T6,5,0,120,2
[259]
T1,0,1,73,5
T2,1,0,200,2
T3,2,1,174,20
T4,3,1,96,4
T5,4,1,35,11
T6,5,1,58,7
[260]
T1,0,1,143,19
T2,1,1,22,2
T3,2,1,120,17
T4,3,1,184,15
T5,4,0,200,10
T6,5,0,115,19
[261]
T1,0,0,160,10
T2,1,0,50,1
T3,2,1,126,2
T4,3,0,76,1
T5,4,0,200,8
T6,5,1,122,65
[262]
T1,0,1,200,5
T2,1,0,104,1
T3,2,1,25,5
T4,3,1,81,2
T5,4,1,156,13
T6,5,1,64,19
[263]
T1,0,1,114,7
T2,1,0,45,14
T3,2,1,180,1
T4,3,0,135,30
T5,4,1,200,9
T6,5,0,130,2
[264]
T1,0,1,25,6
T2,1,1,152,5
T3,2,0,125,6
T4,3,1,78,2
T5,4,1,144,20
T6,5,1,200,35
[265]
T1,0,0,72,2
T2,1,0,200,53
T3,2,1,50,10
T4,3,0,122,2
T5,4,1,192,29
T6,5,1,115,5
[266]
T1,0,1,90,13
T2,1,0,85,2
T3,2,0,200,40
T4,3,1,162,9
T5,4,1,62,7
T6,5,0,20,3
[267]
T1,0,0,162,39
T2,1,0,140,9
T3,2,0,42,6
T4,3,1,82,1
T5,4,0,108,9
T6,5,0,200,24
[268]
T1,0,1,121,1
T2,1,1,200,35
T3,2,0,135,7
T4,3,0,77,10
T5,4,0,21,2
T6,5,1,168,31
[269]
T1,0,1,182,2
T2,1,0,70,10
T3,2,1,200,29
T4,3,1,65,2
T5,4,0,79,10
T6,5,0,47,10
[270]
T1,0,0,200,25
T2,1,0,77,15
T3,2,1,96,11
T4,3,1,159,19
T5,4,0,36,2
T6,5,0,144,11
[271]
T1,0,1,75,2
T2,1,0,200,26
T3,2,1,152,11
T4,3,0,56,1
T5,4,0,66,7
T6,5,0,42,13
[272]
T1,0,1,66,2
T2,1,1,192,15
T3,2,0,200,12
T4,3,0,84,28
T5,4,0,91,14
T6,5,0,35,2
[273]
T1,0,0,20,2
T2,1,0,130,31
T3,2,0,98,1
T4,3,0,58,8
T5,4,1,200,30
T6,5,0,196,4
[274]
T1,0,1,200,49
T2,1,1,90,7
T3,2,0,22,2
T4,3,0,62,13
T5,4,1,165,3
T6,5,0,104,12
[275]
T1,0,0,25,4
T2,1,0,75,2
T3,2,1,200,5
T4,3,1,135,32
T5,4,0,138,30
T6,5,1,158,2
[276]
T1,0,0,175,44
T2,1,1,133,5
T3,2,0,40,9
T4,3,1,200,12
T5,4,1,75,5
T6,5,0,71,2
[277]
T1,0,1,144,27
T2,1,1,114,10
T3,2,0,180,44
T4,3,0,114,2
T5,4,0,200,1
T6,5,0,30,4
[278]
T1,0,0,200,58
T2,1,1,34,3
T3,2,0,132,11
T4,3,1,72,4
T5,4,0,140,14
T6,5,1,175,8
[279]
T1,0,0,195,7
T2,1,1,78,11
T3,2,0,40,4
T4,3,1,200,69
T5,4,0,80,2
T6,5,0,90,3
[280]
T1,0,0,140,4
T2,1,0,63,15
T3,2,1,200,17
T4,3,0,136,32
T5,4,1,36,2
T6,5,0,184,4
[281]
T1,0,0,25,2
T2,1,1,166,60
T3,2,0,76,16
T4,3,0,200,8
T5,4,1,114,3
T6,5,0,108,1
[282]
T1,0,0,200,3
T2,1,0,110,9
T3,2,0,25,4
T4,3,0,176,44
T5,4,1,93,2
T6,5,1,69,7
[283]
T1,0,0,75,14
T2,1,1,148,9
T3,2,0,66,22
T4,3,1,123,2
T5,4,0,40,2
T6,5,1,200,8
[284]
T1,0,0,87,10
T2,1,1,200,31
T3,2,0,90,2
T4,3,1,45,5
T5,4,0,64,15
T6,5,1,160,8
[285]
T1,0,0,200,16
T2,1,1,72,4
T3,2,1,175,30
T4,3,1,74,2
T5,4,0,116,26
T6,5,1,24,3
[286]
T1,0,1,81,7
T2,1,1,200,7
T3,2,0,153,28
T4,3,1,27,1
T5,4,0,72,10
T6,5,1,143,25
[287]
T1,0,0,96,18
T2,1,0,152,1
T3,2,0,128,23
T4,3,1,200,22
T5,4,1,35,4
T6,5,0,84,5
[288]
T1,0,1,106,1
T2,1,1,192,2
T3,2,1,200,44
T4,3,0,53,9
T5,4,0,82,2
T6,5,1,100,24
[289]
T1,0,0,182,21
T2,1,0,120,17
T3,2,0,140,17
T4,3,0,61,9
T5,4,1,200,6
T6,5,1,42,5
[290]
T1,0,1,120,10
T2,1,1,104,18
T3,2,1,200,18
T4,3,0,35,6
T5,4,1,168,12
T6,5,0,73,5
[291]
T1,0,1,114,5
T2,1,1,142,34
T3,2,1,24,4
T4,3,0,200,2
T5,4,0,171,2
T6,5,1,78,17
[292]
T1,0,0,180,27
T2,1,1,200,24
T3,2,0,58,14
T4,3,0,54,2
T5,4,1,110,1
T6,5,0,130,14
[293]
T1,0,0,200,80
T2,1,1,61,4
T3,2,0,125,19
T4,3,1,183,2
T5,4,1,36,2
T6,5,0,88,5
[294]
T1,0,1,153,16
T2,1,1,90,20
T3,2,1,136,12
T4,3,1,200,6
T5,4,0,34,5
T6,5,0,81,4
[295]
T1,0,1,140,26
T2,1,0,135,17
T3,2,0,200,46
T4,3,0,86,8
T5,4,0,20,2
T6,5,0,165,6
[296]
T1,0,1,198,22
T2,1,0,88,1
T3,2,1,132,64
T4,3,1,48,2
T5,4,1,108,1
T6,5,1,200,8
[297]
T1,0,0,200,28
T2,1,0,60,2
T3,2,0,120,2
T4,3,1,53,2
T5,4,1,184,72
T6,5,1,128,13
[298]
T1,0,1,182,8
T2,1,0,200,4
T3,2,0,104,2
T4,3,0,88,3
T5,4,0,33,11
T6,5,1,76,18
[299]
T1,0,0,152,1
T2,1,0,105,26
T3,2,1,200,26
T4,3,0,98,2
T5,4,1,33,5
T6,5,1,140,19
[300]
T1,0,0,105,13
T2,1,1,87,5
T3,2,0,192,6
T4,3,1,45,6
T5,4,1,200,27
T6,5,1,75,14
[301]
T1,0,1,137,37
T2,1,1,74,5
T3,2,1,125,2
T4,3,0,200,30
T5,4,1,54,1
T6,5,1,180,32
[302]
T1,0,1,178,21
T2,1,1,83,3
T3,2,0,30,1
T4,3,1,200,26
T5,4,0,89,13
T6,5,1,54,11
[303]
T1,0,0,200,24
T2,1,0,168,34
T3,2,0,114,2
T4,3,0,84,12
T5,4,0,21,3
T6,5,1,97,5
[304]
T1,0,1,63,3
T2,1,0,109,22
T3,2,1,20,3
T4,3,1,200,6
T5,4,1,153,30
T6,5,0,56,3
[305]
T1,0,0,57,9
T2,1,0,200,14
T3,2,1,45,2
T4,3,0,192,12
T5,4,0,72,17
T6,5,1,106,10
[306]
T1,0,0,150,24
T2,1,1,135,19
T3,2,1,45,6
T4,3,1,200,2
T5,4,1,68,2
T6,5,1,55,12
[307]
T1,0,0,200,6
T2,1,1,100,1
T3,2,1,123,23
T4,3,1,75,2
T5,4,0,32,14
T6,5,1,165,2
[308]
T1,0,1,105,32
T2,1,1,42,2
T3,2,1,147,3
T4,3,1,175,5
T5,4,1,200,51
T6,5,0,132,3
[309]
T1,0,1,103,15
T2,1,1,117,1
T3,2,1,184,3
T4,3,0,200,14
T5,4,0,92,40
T6,5,1,50,2
[310]
T1,0,1,63,3
T2,1,1,200,30
T3,2,1,44,2
T4,3,1,175,9
T5,4,1,125,36
T6,5,1,55,4
[311]
T1,0,1,200,49
T2,1,1,31,2
T3,2,0,57,12
T4,3,1,95,4
T5,4,1,186,6
T6,5,1,111,14
[312]
T1,0,1,75,7
T2,1,1,150,21
T3,2,1,200,21
T4,3,1,30,2
T5,4,0,113,2
T6,5,1,103,27
[313]
T1,0,1,28,5
T2,1,0,200,63
T3,2,1,157,12
T4,3,0,66,4
T5,4,0,60,3
T6,5,1,75,2
[314]
T1,0,0,82,10
T2,1,1,106,3
T3,2,1,100,8
T4,3,1,200,21
T5,4,1,160,47
T6,5,1,45,2
[315]
T1,0,1,200,18
T2,1,1,123,14
T3,2,1,27,2
T4,3,0,56,11
T5,4,1,154,7
T6,5,1,90,13
[316]
T1,0,0,78,4
T2,1,0,168,15
T3,2,0,102,4
T4,3,0,28,4
T5,4,0,135,34
T6,5,1,200,21
[317]
T1,0,0,200,15
T2,1,1,78,14
T3,2,0,85,28
T4,3,1,75,4
T5,4,0,48,2
T6,5,1,187,6
[318]
T1,0,1,104,1
T2,1,0,182,20
T3,2,0,104,2
T4,3,0,200,27
T5,4,0,35,9
T6,5,0,105,15
[319]
T1,0,1,27,8
T2,1,0,64,3
T3,2,1,156,2
T4,3,1,133,14
T5,4,1,72,9
T6,5,0,200,17
[320]
T1,0,1,64,24
T2,1,1,175,11
T3,2,0,84,2
T4,3,0,33,2
T5,4,0,125,1
T6,5,0,200,23
[321]
T1,0,1,68,7
T2,1,0,20,2
T3,2,0,72,1
T4,3,0,141,37
T5,4,0,200,21
T6,5,0,192,28
[322]
T1,0,1,200,2
T2,1,1,92,3
T3,2,0,95,10
T4,3,1,85,20
T5,4,0,20,2
T6,5,0,171,27
[323]
T1,0,0,35,2
T2,1,1,56,3
T3,2,0,64,11
T4,3,0,200,24
T5,4,0,165,16
T6,5,1,61,10
[324]
T1,0,0,86,7
T2,1,1,69,3
T3,2,1,60,13
T4,3,0,172,31
T5,4,1,200,23
T6,5,1,24,2
[325]
T1,0,0,50,5
T2,1,1,98,2
T3,2,0,64,18
T4,3,1,200,14
T5,4,1,164,10
T6,5,1,96,15
[326]
T1,0,0,42,1
T2,1,0,63,15
T3,2,0,200,38
T4,3,0,90,15
T5,4,0,93,4
T6,5,0,175,1
[327]
T1,0,1,188,9
T2,1,0,30,3
T3,2,1,94,10
T4,3,1,200,53
T5,4,0,81,6
T6,5,1,136,12
[328]
T1,0,0,27,1
T2,1,0,175,20
T3,2,0,105,6
T4,3,1,57,13
T5,4,0,101,14
T6,5,1,200,17
[329]
T1,0,0,110,11
T2,1,1,200,3
T3,2,0,48,6
T4,3,0,192,35
T5,4,1,143,6
T6,5,1,58,12
[330]
T1,0,1,80,2
T2,1,1,29,1
T3,2,0,56,12
T4,3,1,160,11
T5,4,0,75,1
T6,5,1,200,68
[331]
T1,0,0,154,2
T2,1,1,88,2
T3,2,1,200,39
T4,3,1,112,11
T5,4,0,97,25
T6,5,1,35,4
[332]
T1,0,1,148,1
T2,1,1,200,88
T3,2,1,37,1
T4,3,0,120,2
T5,4,1,64,1
T6,5,1,131,20
[333]
T1,0,1,29,3
T2,1,1,127,1
T3,2,1,200,64
T4,3,0,192,34
T5,4,1,144,2
T6,5,0,100,4
[334]
T1,0,0,98,6
T2,1,0,150,8
T3,2,0,125,56
T4,3,0,102,8
T5,4,1,48,2
T6,5,1,200,5
[335]
T1,0,1,60,2
T2,1,1,195,7
T3,2,1,200,59
T4,3,1,85,10
T5,4,0,40,3
T6,5,1,101,11
[336]
T1,0,1,200,40
T2,1,0,89,8
T3,2,0,125,2
T4,3,1,85,8
T5,4,1,45,5
T6,5,0,150,27
[337]
T1,0,0,200,8
T2,1,1,106,18
T3,2,0,55,4
T4,3,0,150,16
T5,4,0,54,2
T6,5,0,54,15
[338]
T1,0,0,21,1
T2,1,0,197,17
T3,2,1,105,9
T4,3,0,105,9
T5,4,0,200,50
T6,5,0,114,12
[339]
T1,0,1,200,33
T2,1,0,62,2
T3,2,0,100,19
T4,3,1,160,44
T5,4,0,65,1
T6,5,0,24,2
[340]
T1,0,1,140,32
T2,1,0,35,2
T3,2,1,171,12
T4,3,0,120,3
T5,4,1,84,27
T6,5,1,200,8
[341]
T1,0,1,200,22
T2,1,1,74,9
T3,2,0,36,3
T4,3,0,175,31
T5,4,1,105,8
T6,5,0,96,9
[342]
T1,0,0,90,5
T2,1,1,40,10
T3,2,0,90,2
T4,3,0,170,3
T5,4,1,135,40
T6,5,0,200,8
[343]
T1,0,0,200,11
T2,1,0,123,6
T3,2,0,148,23
T4,3,0,24,2
T5,4,1,136,22
T6,5,1,100,16
[344]
T1,0,1,200,18
T2,1,0,120,22
T3,2,0,24,3
T4,3,0,161,20
T5,4,0,112,12
T6,5,0,138,3
[345]
T1,0,0,195,5
T2,1,1,63,24
T3,2,1,200,10
T4,3,1,125,12
T5,4,0,26,1
T6,5,0,65,5
[346]
T1,0,0,87,8
T2,1,0,184,18
T3,2,1,92,1
T4,3,1,79,18
T5,4,0,50,3
T6,5,0,200,38
[347]
T1,0,0,50,8
T2,1,0,60,4
T3,2,1,200,43
T4,3,0,104,11
T5,4,0,55,5
T6,5,1,172,2
[348]
T1,0,0,56,6
T2,1,1,200,30
T3,2,0,182,1
T4,3,0,64,8
T5,4,0,20,2
T6,5,0,115,28
[349]
T1,0,0,66,10
T2,1,1,200,61
T3,2,0,153,24
T4,3,0,63,1
T5,4,1,120,5
T6,5,0,30,2
[350]
T1,0,0,109,2
T2,1,0,75,13
T3,2,0,195,29
T4,3,1,200,34
T5,4,0,110,14
T6,5,0,36,1
[351]
T1,0,0,40,1
T2,1,0,110,6
T3,2,1,185,16
T4,3,1,56,1
T5,4,0,60,28
T6,5,0,200,3
[352]
T1,0,1,32,3
T2,1,1,143,17
T3,2,1,200,28
T4,3,1,88,1
T5,4,0,198,37
T6,5,0,144,17
[353]
T1,0,1,200,33
T2,1,0,196,46
T3,2,0,98,2
T4,3,1,95,20
T5,4,1,50,2
T6,5,1,78,2
[354]
T1,0,1,97,16
T2,1,1,130,7
T3,2,1,196,34
T4,3,0,112,2
T5,4,1,24,2
T6,5,0,200,30
[355]
T1,0,1,145,34
T2,1,0,96,6
T3,2,1,200,3
T4,3,0,165,47
T5,4,1,40,2
T6,5,0,106,8
[356]
T1,0,1,200,1
T2,1,1,75,18
T3,2,1,150,5
T4,3,0,115,5
T5,4,0,51,8
T6,5,0,85,17
[357]
T1,0,1,26,3
T2,1,1,100,5
T3,2,1,175,16
T4,3,1,129,16
T5,4,0,64,14
T6,5,0,200,14
[358]
T1,0,0,161,34
T2,1,0,82,2
T3,2,1,105,3
T4,3,0,200,2
T5,4,1,112,3
T6,5,1,36,13
[359]
T1,0,1,128,28
T2,1,0,176,41
T3,2,1,200,16
T4,3,1,75,1
T5,4,1,25,1
T6,5,1,56,6
[360]
T1,0,0,142,13
T2,1,0,75,2
T3,2,1,60,16
T4,3,1,200,29
T5,4,0,170,14
T6,5,1,47,3
[361]
T1,0,0,160,4
T2,1,1,90,8
T3,2,1,65,13
T4,3,0,31,10
T5,4,1,200,5
T6,5,0,60,2
[362]
T1,0,0,200,2
T2,1,1,125,19
T3,2,1,135,12
T4,3,1,59,14
T5,4,0,170,6
T6,5,1,51,7
[363]
T1,0,0,152,41
T2,1,1,114,5
T3,2,1,68,14
T4,3,0,108,10
T5,4,0,24,2
T6,5,1,200,5
[364]
T1,0,0,100,19
T2,1,0,20,2
T3,2,0,85,16
T4,3,1,200,4
T5,4,0,68,2
T6,5,1,161,19
[365]
T1,0,0,24,2
T2,1,0,70,19
T3,2,1,70,13
T4,3,0,54,2
T5,4,1,200,4
T6,5,1,147,6
[366]
T1,0,1,55,2
T2,1,1,186,26
T3,2,0,200,1
T4,3,1,130,15
T5,4,1,65,17
T6,5,0,52,5
[367]
T1,0,1,106,5
T2,1,1,32,5
T3,2,1,107,12
T4,3,0,112,16
T5,4,0,159,8
T6,5,0,200,31
[368]
T1,0,1,56,2
T2,1,0,200,90
T3,2,1,70,6
T4,3,1,119,3
T5,4,1,44,3
T6,5,0,155,2
[369]
T1,0,1,90,10
T2,1,1,20,5
T3,2,0,136,4
T4,3,1,200,8
T5,4,0,92,12
T6,5,1,153,20
[370]
T1,0,0,200,22
T2,1,0,96,1
T3,2,0,185,23
T4,3,1,27,2
T5,4,0,135,7
T6,5,0,75,22
[371]
T1,0,0,33,1
T2,1,1,200,30
T3,2,0,111,13
T4,3,1,170,3
T5,4,0,75,4
T6,5,0,140,43
[372]
T1,0,1,60,1
T2,1,1,125,64
T3,2,0,200,17
T4,3,1,65,1
T5,4,1,188,6
T6,5,1,25,2
[373]
T1,0,1,166,3
T2,1,0,120,12
T3,2,1,200,25
T4,3,1,100,3
T5,4,0,24,6
T6,5,1,110,14
[374]
T1,0,0,200,34
T2,1,1,20,1
T3,2,1,177,4
T4,3,0,100,33
T5,4,1,137,7
T6,5,1,138,5
[375]
T1,0,0,200,17
T2,1,0,87,28
T3,2,1,99,5
T4,3,0,176,2
T5,4,1,143,6
T6,5,1,50,8
[376]
T1,0,1,158,27
T2,1,1,126,2
T3,2,0,200,36
T4,3,0,35,1
T5,4,1,75,8
T6,5,0,70,11
[377]
T1,0,0,200,2
T2,1,1,52,2
T3,2,1,58,13
T4,3,1,92,3
T5,4,1,104,41
T6,5,0,160,3
[378]
T1,0,0,96,5
T2,1,1,150,31
T3,2,0,200,49
T4,3,0,87,5
T5,4,1,87,6
T6,5,0,46,2
[379]
T1,0,0,79,8
T2,1,1,60,9
T3,2,1,28,2
T4,3,1,161,56
T5,4,1,72,2
T6,5,0,200,11
[380]
T1,0,0,190,4
T2,1,1,102,28
T3,2,1,36,1
T4,3,0,90,17
T5,4,0,200,21
T6,5,1,76,2
[381]
T1,0,0,196,6
T2,1,0,200,23
T3,2,0,104,23
T4,3,0,102,1
T5,4,0,112,7
T6,5,0,32,7
[382]
T1,0,0,200,9
T2,1,0,125,36
T3,2,0,144,20
T4,3,0,51,2
T5,4,0,112,9
T6,5,0,180,22
[383]
T1,0,0,200,57
T2,1,0,78,2
T3,2,0,63,4
T4,3,0,87,18
T5,4,0,156,14
T6,5,0,30,2
[384]
T1,0,1,200,36
T2,1,0,152,2
T3,2,1,112,18
T4,3,1,79,5
T5,4,1,70,13
T6,5,1,34,3
[385]
T1,0,0,129,37
T2,1,0,170,15
T3,2,0,119,2
T4,3,1,136,2
T5,4,1,31,2
T6,5,0,200,42
[386]
T1,0,0,192,28
T2,1,1,96,2
T3,2,0,38,6
T4,3,1,135,28
T5,4,1,200,31
T6,5,0,117,1
[387]
T1,0,0,106,8
T2,1,1,100,6
T3,2,1,51,23
T4,3,0,116,9
T5,4,1,180,2
T6,5,1,200,4
[388]
T1,0,0,160,84
T2,1,0,200,6
T3,2,1,24,2
T4,3,1,60,7
T5,4,0,98,2
T6,5,0,64,2
[389]
T1,0,1,123,34
T2,1,0,180,16
T3,2,0,200,52
T4,3,1,80,1
T5,4,1,77,2
T6,5,0,40,1
[390]
T1,0,0,90,12
T2,1,0,26,6
T3,2,1,112,11
T4,3,0,200,33
T5,4,0,140,3
T6,5,0,184,5
[391]
T1,0,0,140,2
T2,1,0,92,2
T3,2,1,180,6
T4,3,1,40,4
T5,4,1,141,49
T6,5,0,200,33
[392]
T1,0,0,64,7
T2,1,0,44,17
T3,2,1,200,2
T4,3,0,104,10
T5,4,0,100,7
T6,5,0,148,1
[393]
T1,0,1,129,2
T2,1,0,200,66
T3,2,0,112,3
T4,3,1,96,5
T5,4,0,172,26
T6,5,0,43,4
[394]
T1,0,1,171,54
T2,1,1,200,26
T3,2,0,64,5
T4,3,0,120,7
T5,4,0,120,1
T6,5,0,44,3
[395]
T1,0,0,189,26
T2,1,0,140,22
T3,2,0,69,2
T4,3,0,200,59
T5,4,0,124,2
T6,5,0,50,4
[396]
T1,0,1,42,2
T2,1,0,196,65
T3,2,0,80,2
T4,3,1,72,3
T5,4,1,127,20
T6,5,0,200,10
[397]
T1,0,1,200,43
T2,1,0,156,6
T3,2,1,92,4
T4,3,1,76,7
T5,4,1,117,5
T6,5,0,25,5
[398]
T1,0,1,76,2
T2,1,0,200,64
T3,2,0,33,3
T4,3,1,144,13
T5,4,1,153,2
T6,5,1,72,9
[399]
T1,0,0,200,1
T2,1,0,170,32
T3,2,1,61,7
T4,3,1,85,1
T5,4,0,102,16
T6,5,1,38,7
[400]
T1,0,1,60,13
T2,1,1,75,7
T3,2,0,196,6
T4,3,1,200,58
T5,4,0,101,2
T6,5,1,36,1
[401]
T1,0,0,72,6
T2,1,1,35,2
T3,2,0,90,39
T4,3,0,89,4
T5,4,1,164,14
T6,5,1,200,6
[402]
T1,0,0,72,16
T2,1,1,136,8
T3,2,1,162,28
T4,3,1,48,1
T5,4,1,200,19
T6,5,1,58,5
[403]
T1,0,1,91,15
T2,1,0,189,24
T3,2,1,21,2
T4,3,1,100,3
T5,4,0,105,18
T6,5,1,200,34
[404]
T1,0,0,147,39
T2,1,0,184,15
T3,2,1,135,19
T4,3,1,200,17
T5,4,1,30,2
T6,5,1,120,4
[405]
T1,0,0,190,69
T2,1,0,60,2
T3,2,1,111,2
T4,3,1,26,4
T5,4,0,200,7
T6,5,0,80,3
[406]
T1,0,1,120,2
T2,1,1,124,34
T3,2,0,69,4
T4,3,1,30,9
T5,4,0,153,2
T6,5,0,200,9
[407]
T1,0,1,140,31
T2,1,0,200,20
T3,2,0,20,3
T4,3,0,140,18
T5,4,1,140,3
T6,5,0,181,7
[408]
T1,0,0,150,16
T2,1,0,53,2
T3,2,1,100,1
T4,3,1,200,54
T5,4,1,84,19
T6,5,1,71,4
[409]
T1,0,0,69,3
T2,1,0,38,3
T3,2,1,77,18
T4,3,1,200,9
T5,4,1,175,39
T6,5,0,110,5
[410]
T1,0,1,82,3
T2,1,0,26,5
T3,2,1,98,8
T4,3,1,150,2
T5,4,1,75,15
T6,5,0,200,29
[411]
T1,0,0,74,2
T2,1,0,200,15
T3,2,1,85,1
T4,3,0,75,2
T5,4,0,166,58
T6,5,1,50,11
[412]
T1,0,0,200,33
T2,1,0,84,1
T3,2,1,168,82
T4,3,0,61,2
T5,4,0,138,2
T6,5,0,30,2
[413]
T1,0,0,190,50
T2,1,1,77,12
T3,2,0,57,1
T4,3,0,33,2
T5,4,1,200,25
T6,5,0,69,5
[414]
T1,0,0,73,2
T2,1,1,44,4
T3,2,1,140,16
T4,3,1,76,22
T5,4,1,150,4
T6,5,0,200,27
[415]
T1,0,0,49,3
T2,1,0,122,7
T3,2,0,116,7
T4,3,1,200,12
T5,4,1,58,4
T6,5,1,150,53
[416]
T1,0,0,195,43
T2,1,1,65,5
T3,2,0,122,12
T4,3,0,108,2
T5,4,1,25,2
T6,5,0,200,39
[417]
T1,0,0,110,16
T2,1,1,165,11
T3,2,0,35,1
T4,3,0,200,2
T5,4,0,75,10
T6,5,0,117,35
[418]
T1,0,0,65,3
T2,1,0,164,17
T3,2,1,82,18
T4,3,1,200,20
T5,4,0,40,8
T6,5,1,109,1
[419]
T1,0,0,200,2
T2,1,0,147,68
T3,2,1,192,20
T4,3,0,24,2
T5,4,0,84,7
T6,5,0,86,2
[420]
T1,0,1,33,4
T2,1,0,95,2
T3,2,0,200,27
T4,3,1,88,20
T5,4,1,119,9
T6,5,1,154,13
[421]
T1,0,0,200,43
T2,1,1,143,10
T3,2,1,164,19
T4,3,0,72,1
T5,4,0,64,3
T6,5,0,30,6
[422]
T1,0,0,200,2
T2,1,0,79,1
T3,2,0,96,16
T4,3,0,56,7
T5,4,0,160,49
T6,5,0,30,1
[423]
T1,0,0,150,22
T2,1,1,70,3
T3,2,1,50,10
T4,3,1,113,2
T5,4,1,200,12
T6,5,1,84,17
[424]
T1,0,0,200,14
T2,1,1,36,4
T3,2,1,153,9
T4,3,0,96,4
T5,4,1,96,38
T6,5,0,75,2
[425]
T1,0,1,42,10
T2,1,1,96,2
T3,2,1,189,27
T4,3,0,200,19
T5,4,0,114,16
T6,5,1,56,1
[426]
T1,0,0,162,48
T2,1,0,110,3
T3,2,0,200,37
T4,3,0,36,3
T5,4,1,75,6
T6,5,1,60,2
[427]
T1,0,0,126,6
T2,1,1,117,25
T3,2,0,200,12
T4,3,0,30,6
T5,4,1,56,2
T6,5,1,158,23
[428]
T1,0,1,28,5
T2,1,0,58,11
T3,2,1,140,13
T4,3,1,200,1
T5,4,0,174,35
T6,5,1,65,2
[429]
T1,0,0,200,29
T2,1,1,177,25
T3,2,0,32,3
T4,3,1,70,6
T5,4,1,68,10
T6,5,1,56,3
[430]
T1,0,1,77,7
T2,1,1,200,26
T3,2,1,195,5
T4,3,1,28,2
T5,4,1,105,40
T6,5,0,125,6
[431]
T1,0,0,54,2
T2,1,1,89,6
T3,2,1,200,60
T4,3,0,68,4
T5,4,1,28,1
T6,5,0,153,26
[432]
T1,0,1,85,2
T2,1,1,62,13
T3,2,0,40,8
T4,3,1,89,2
T5,4,1,186,15
T6,5,0,200,34
[433]
T1,0,0,104,13
T2,1,0,138,23
T3,2,0,82,3
T4,3,0,26,4
T5,4,0,156,17
T6,5,0,200,16
[434]
T1,0,0,38,2
T2,1,0,82,5
T3,2,1,150,23
T4,3,0,200,35
T5,4,0,77,11
T6,5,0,75,7
[435]
T1,0,1,100,9
T2,1,0,185,74
T3,2,0,28,1
T4,3,0,125,2
T5,4,0,200,18
T6,5,1,95,2
[436]
T1,0,0,33,2
T2,1,0,70,18
T3,2,1,168,1
T4,3,0,134,12
T5,4,0,104,12
T6,5,0,200,30
[437]
T1,0,0,200,29
T2,1,0,80,5
T3,2,1,131,25
T4,3,1,145,3
T5,4,1,190,12
T6,5,0,38,7
[438]
T1,0,0,122,11
T2,1,0,165,17
T3,2,0,121,16
T4,3,1,200,12
T5,4,1,22,1
T6,5,1,110,25
[439]
T1,0,0,60,1
T2,1,0,125,15
T3,2,1,95,14
T4,3,1,20,2
T5,4,1,200,59
T6,5,1,179,10
[440]
T1,0,1,200,72
T2,1,0,72,2
T3,2,0,111,7
T4,3,1,102,2
T5,4,1,25,5
T6,5,1,174,8
[441]
T1,0,0,20,7
T2,1,0,158,1
T3,2,1,93,4
T4,3,0,118,2
T5,4,1,100,9
T6,5,0,200,32
[442]
T1,0,1,200,18
T2,1,0,44,3
T3,2,1,165,5
T4,3,0,92,10
T5,4,1,126,36
T6,5,0,80,7
[443]
T1,0,1,110,3
T2,1,0,165,24
T3,2,0,80,3
T4,3,0,98,22
T5,4,1,32,5
T6,5,1,200,14
[444]
T1,0,1,88,2
T2,1,1,172,88
T3,2,1,200,10
T4,3,1,36,2
T5,4,1,55,4
T6,5,1,113,1
[445]
T1,0,0,60,2
T2,1,0,200,25
T3,2,1,45,2
T4,3,0,171,74
T5,4,0,100,7
T6,5,1,60,2
[446]
T1,0,1,132,2
T2,1,0,70,12
T3,2,1,130,2
T4,3,0,38,8
T5,4,1,190,50
T6,5,0,200,1
[447]
T1,0,1,160,31
T2,1,0,31,2
T3,2,0,68,9
T4,3,1,81,11
T5,4,1,62,11
T6,5,0,200,2
[448]
T1,0,0,26,6
T2,1,1,195,43
T3,2,1,78,1
T4,3,1,200,18
T5,4,1,118,13
T6,5,1,62,1
[449]
T1,0,0,150,18
T2,1,1,200,18
T3,2,0,141,7
T4,3,0,136,1
T5,4,1,144,53
T6,5,0,22,1
[450]
T1,0,0,200,2
T2,1,0,71,2
T3,2,1,20,2
T4,3,0,120,16
T5,4,0,65,15
T6,5,1,177,32
[451]
T1,0,0,80,6
T2,1,1,24,2
T3,2,1,122,21
T4,3,0,195,15
T5,4,0,92,9
T6,5,1,200,31
[452]
T1,0,1,80,23
T2,1,1,200,27
T3,2,1,110,7
T4,3,1,116,3
T5,4,1,33,4
T6,5,1,175,6
[453]
T1,0,1,120,30
T2,1,0,192,42
T3,2,0,200,4
T4,3,1,109,2
T5,4,0,52,6
T6,5,1,117,8
[454]
T1,0,0,170,18
T2,1,1,68,6
T3,2,0,117,39
T4,3,1,119,5
T5,4,0,35,2
T6,5,0,200,17
[455]
T1,0,0,115,3
T2,1,0,192,50
T3,2,1,200,3
T4,3,1,48,6
T5,4,1,77,15
T6,5,1,69,3
[456]
T1,0,0,66,1
T2,1,1,52,14
T3,2,1,180,6
T4,3,1,200,19
T5,4,0,88,6
T6,5,0,100,19
[457]
T1,0,1,175,3
T2,1,1,121,1
T3,2,1,56,2
T4,3,0,126,11
T5,4,0,200,87
T6,5,1,52,7
[458]
T1,0,1,54,1
T2,1,1,200,25
T3,2,1,130,8
T4,3,0,134,16
T5,4,0,32,3
T6,5,1,160,38
[459]
T1,0,0,72,14
T2,1,0,185,5
T3,2,0,104,10
T4,3,0,26,2
T5,4,1,131,41
T6,5,1,200,9
[460]
T1,0,1,72,2
T2,1,0,40,2
T3,2,1,171,20
T4,3,1,88,16
T5,4,0,55,14
T6,5,0,200,7
[461]
T1,0,0,180,11
T2,1,1,30,5
T3,2,1,200,28
T4,3,0,115,4
T5,4,1,99,1
T6,5,1,104,27
[462]
T1,0,0,75,4
T2,1,0,48,2
T3,2,1,57,24
T4,3,0,200,21
T5,4,1,171,7
T6,5,1,105,5
[463]
T1,0,0,28,3
T2,1,1,200,22
T3,2,0,59,2
T4,3,0,73,7
T5,4,1,160,34
T6,5,0,105,9
[464]
T1,0,0,200,2
T2,1,0,164,2
T3,2,0,120,10
T4,3,0,68,4
T5,4,0,136,69
T6,5,1,20,2
[465]
T1,0,0,91,9
T2,1,1,153,46
T3,2,1,60,6
T4,3,1,200,32
T5,4,0,25,2
T6,5,1,65,2
[466]
T1,0,0,176,21
T2,1,0,44,9
T3,2,1,117,2
T4,3,0,117,2
T5,4,0,146,9
T6,5,0,200,57
[467]
T1,0,0,124,24
T2,1,1,200,7
T3,2,1,190,2
T4,3,1,124,9
T5,4,0,56,15
T6,5,0,20,2
[468]
T1,0,1,200,58
T2,1,1,110,7
T3,2,0,131,10
T4,3,1,175,26
T5,4,1,124,6
T6,5,0,31,1
[469]
T1,0,0,140,1
T2,1,1,24,4
T3,2,0,195,10
T4,3,1,88,24
T5,4,1,200,13
T6,5,1,115,9
[470]
T1,0,1,135,17
T2,1,0,150,19
T3,2,0,200,4
T4,3,1,124,35
T5,4,0,65,5
T6,5,1,48,2
[471]
T1,0,1,126,10
T2,1,0,200,2
T3,2,1,140,43
T4,3,1,42,2
T5,4,1,147,13
T6,5,1,140,21
[472]
T1,0,1,171,5
T2,1,0,96,27
T3,2,0,76,10
T4,3,1,200,37
T5,4,1,144,1
T6,5,0,24,1
[473]
T1,0,1,40,1
T2,1,0,128,61
T3,2,0,200,5
T4,3,0,98,10
T5,4,0,165,2
T6,5,0,112,1
[474]
T1,0,1,99,31
T2,1,1,83,16
T3,2,1,45,2
T4,3,0,200,25
T5,4,1,99,2
T6,5,0,148,3
[475]
T1,0,0,48,20
T2,1,0,187,33
T3,2,1,99,2
T4,3,1,200,4
T5,4,1,88,4
T6,5,0,60,2
[476]
T1,0,1,189,34
T2,1,1,119,15
T3,2,1,200,11
T4,3,0,69,11
T5,4,0,105,11
T6,5,0,27,1
[477]
T1,0,1,72,8
T2,1,0,24,7
T3,2,0,170,24
T4,3,1,200,13
T5,4,1,80,2
T6,5,1,80,2
[478]
T1,0,1,76,16
T2,1,1,200,21
T3,2,1,20,2
T4,3,1,126,23
T5,4,0,130,7
T6,5,0,160,20
[479]
T1,0,0,40,2
T2,1,0,72,20
T3,2,0,150,11
T4,3,1,200,4
T5,4,0,143,2
T6,5,1,108,24
[480]
T1,0,0,50,11
T2,1,0,80,15
T3,2,0,80,6
T4,3,0,177,14
T5,4,1,77,5
T6,5,0,200,9
[481]
T1,0,0,35,1
T2,1,1,57,2
T3,2,0,190,54
T4,3,1,200,28
T5,4,1,125,8
T6,5,1,66,9
[482]
T1,0,1,105,11
T2,1,1,106,18
T3,2,0,111,13
T4,3,0,200,30
T5,4,0,185,26
T6,5,0,35,2
[483]
T1,0,0,200,16
T2,1,0,116,2
T3,2,1,145,4
T4,3,0,162,5
T5,4,0,132,35
T6,5,0,36,9
[484]
T1,0,1,128,19
T2,1,1,96,5
T3,2,0,80,3
T4,3,1,38,7
T5,4,0,200,24
T6,5,1,150,17
[485]
T1,0,1,132,16
T2,1,1,154,7
T3,2,0,84,3
T4,3,0,200,4
T5,4,1,20,1
T6,5,1,54,21
[486]
T1,0,1,136,25
T2,1,0,50,7
T3,2,1,126,11
T4,3,0,172,2
T5,4,0,60,1
T6,5,0,200,47
[487]
T1,0,0,36,4
T2,1,1,200,67
T3,2,1,184,9
T4,3,0,128,3
T5,4,0,139,8
T6,5,0,60,5
[488]
T1,0,1,60,4
T2,1,0,68,7
T3,2,1,24,2
T4,3,1,186,42
T5,4,1,124,14
T6,5,1,200,15
[489]
T1,0,0,120,6
T2,1,0,168,8
T3,2,0,24,3
T4,3,1,143,10
T5,4,1,200,24
T6,5,1,93,24
[490]
T1,0,1,168,20
T2,1,0,35,3
T3,2,1,200,25
T4,3,1,90,7
T5,4,1,104,10
T6,5,1,86,15
[491]
T1,0,1,200,29
T2,1,1,36,1
T3,2,1,152,1
T4,3,0,57,10
T5,4,1,141,14
T6,5,1,114,22
[492]
T1,0,1,109,10
T2,1,1,20,3
T3,2,1,160,34
T4,3,1,100,2
T5,4,1,200,2
T6,5,0,66,13
[493]
T1,0,0,200,15
T2,1,0,125,26
T3,2,1,74,18
T4,3,0,150,14
T5,4,0,72,1
T6,5,0,25,2
[494]
T1,0,1,60,2
T2,1,1,200,33
T3,2,1,33,2
T4,3,1,60,13
T5,4,0,148,24
T6,5,1,115,4
[495]
T1,0,1,99,4
T2,1,1,60,2
T3,2,0,113,40
T4,3,0,45,8
T5,4,0,180,4
T6,5,1,200,12
[496]
T1,0,1,26,6
T2,1,1,138,24
T3,2,1,200,6
T4,3,1,114,22
T5,4,1,195,7
T6,5,1,138,2
[497]
T1,0,1,165,1
T2,1,1,120,3
T3,2,1,30,1
T4,3,1,131,8
T5,4,1,140,14
T6,5,0,200,91
[498]
T1,0,1,42,2
T2,1,0,200,6
T3,2,0,144,7
T4,3,0,98,18
T5,4,0,160,11
T6,5,1,70,23
[499]
T1,0,1,151,2
T2,1,0,144,15
T3,2,1,60,15
T4,3,1,111,25
T5,4,0,200,9
T6,5,0,30,1
[500]
T1,0,1,180,34
T2,1,0,145,38
T3,2,1,22,2
T4,3,1,66,1
T5,4,0,107,2
T6,5,1,200,21
