num_task_per_taskset=6
num_taskset=500
//ID,Priority,Offset,Period,Execution Time
[1]
T1,0,0,67,15
T2,1,0,200,46
T3,2,1,180,9
T4,3,1,130,20
T5,4,0,78,2
T6,5,0,45,2
[2]
T1,0,1,115,8
T2,1,1,23,1
T3,2,1,101,2
T4,3,0,200,55
T5,4,1,150,23
T6,5,1,81,10
[3]
T1,0,0,176,68
T2,1,1,200,7
T3,2,0,69,1
T4,3,0,46,2
T5,4,0,116,21
T6,5,0,80,2
[4]
T1,0,1,112,1
T2,1,0,84,5
T3,2,1,25,3
T4,3,1,200,9
T5,4,0,164,58
T6,5,0,109,8
[5]
T1,0,0,20,2
T2,1,1,117,18
T3,2,1,150,19
T4,3,0,200,1
T5,4,0,84,30
T6,5,1,115,3
[6]
T1,0,1,115,22
T2,1,1,38,2
T3,2,1,81,6
T4,3,0,200,25
T5,4,1,171,22
T6,5,1,95,10
[7]
T1,0,0,136,1
T2,1,1,28,2
T3,2,1,89,12
T4,3,1,56,2
T5,4,1,200,82
T6,5,0,182,16
[8]
T1,0,0,50,1
T2,1,1,80,2
T3,2,0,145,8
T4,3,0,195,13
T5,4,1,129,39
T6,5,1,200,46
[9]
T1,0,1,144,20
T2,1,0,200,67
T3,2,1,54,3
T4,3,0,108,1
T5,4,0,168,25
T6,5,0,100,2
[10]
T1,0,1,200,62
T2,1,1,92,6
T3,2,0,81,2
T4,3,0,161,6
T5,4,0,85,1
T6,5,1,20,4
[11]
T1,0,1,102,14
T2,1,1,42,5
T3,2,0,200,13
T4,3,0,84,10
T5,4,0,84,2
T6,5,1,173,36
[12]
T1,0,1,200,20
T2,1,1,100,4
T3,2,1,130,24
T4,3,1,124,10
T5,4,1,175,9
T6,5,0,38,8
[13]
T1,0,1,28,8
T2,1,1,197,7
T3,2,1,100,12
T4,3,0,112,2
T5,4,1,97,6
T6,5,0,200,26
[14]
T1,0,1,200,18
T2,1,1,156,5
T3,2,0,132,40
T4,3,1,111,3
T5,4,1,35,6
T6,5,1,100,5
[15]
T1,0,0,120,4
T2,1,0,117,6
T3,2,1,68,11
T4,3,0,200,8
T5,4,1,169,64
T6,5,0,24,2
[16]
T1,0,1,36,2
T2,1,1,60,9
T3,2,0,168,5
T4,3,0,74,19
T5,4,1,98,7
T6,5,0,200,18
[17]
T1,0,0,182,30
T2,1,0,200,26
T3,2,1,24,2
T4,3,0,78,8
T5,4,0,118,13
T6,5,1,104,5
[18]
T1,0,0,200,29
T2,1,1,42,5
T3,2,1,133,11
T4,3,1,195,11
T5,4,0,104,25
T6,5,1,108,4
[19]
T1,0,0,100,16
T2,1,0,21,2
T3,2,0,168,12
T4,3,1,200,5
T5,4,0,81,7
T6,5,0,86,18
[20]
T1,0,1,100,8
T2,1,0,28,6
T3,2,0,65,2
T4,3,1,150,10
T5,4,1,134,28
T6,5,1,200,10
[21]
T1,0,0,50,2
T2,1,0,85,6
T3,2,1,200,23
T4,3,0,150,8
T5,4,0,77,29
T6,5,0,91,2
[22]
T1,0,1,160,23
T2,1,0,126,9
T3,2,1,200,2
T4,3,0,32,2
T5,4,0,60,23
T6,5,0,77,4
[23]
T1,0,0,114,2
T2,1,1,200,54
T3,2,0,120,5
T4,3,1,85,25
T5,4,0,40,2
T6,5,0,172,2
[24]
T1,0,0,184,27
T2,1,0,22,2
T3,2,1,200,5
T4,3,0,70,3
T5,4,0,55,7
T6,5,1,133,31
[25]
T1,0,1,60,15
T2,1,1,102,7
T3,2,1,175,17
T4,3,1,200,4
T5,4,0,45,8
T6,5,0,88,6
[26]
T1,0,0,138,1
T2,1,1,24,1
T3,2,1,176,14
T4,3,1,70,24
T5,4,0,100,19
T6,5,0,200,2
[27]
T1,0,1,29,3
T2,1,1,88,2
T3,2,0,123,4
T4,3,0,140,2
T5,4,0,200,32
T6,5,1,176,55
[28]
T1,0,1,51,17
T2,1,1,200,16
T3,2,0,136,8
T4,3,0,102,1
T5,4,1,91,13
T6,5,1,154,6
[29]
T1,0,0,198,1
T2,1,1,200,49
T3,2,1,122,5
T4,3,1,25,1
T5,4,0,72,5
T6,5,1,138,37
[30]
T1,0,1,90,3
T2,1,0,65,4
T3,2,1,169,11
T4,3,1,39,2
T5,4,1,76,30
T6,5,0,200,22
[31]
T1,0,0,200,7
T2,1,1,98,24
T3,2,0,65,5
T4,3,1,162,22
T5,4,0,26,2
T6,5,0,78,12
[32]
T1,0,1,200,38
T2,1,1,78,2
T3,2,1,141,5
T4,3,1,65,16
T5,4,0,165,1
T6,5,1,52,9
[33]
T1,0,0,168,14
T2,1,0,126,7
T3,2,0,24,1
T4,3,1,200,40
T5,4,1,128,17
T6,5,1,64,10
[34]
T1,0,0,200,18
T2,1,1,150,2
T3,2,1,71,2
T4,3,1,52,10
T5,4,1,146,11
T6,5,0,100,29
[35]
T1,0,1,105,6
T2,1,1,168,45
T3,2,1,200,54
T4,3,1,54,2
T5,4,0,102,3
T6,5,0,105,2
[36]
T1,0,1,144,1
T2,1,0,77,12
T3,2,0,200,29
T4,3,1,54,17
T5,4,1,55,2
T6,5,0,198,9
[37]
T1,0,1,120,17
T2,1,1,81,12
T3,2,1,90,10
T4,3,0,200,20
T5,4,0,181,30
T6,5,0,36,2
[38]
T1,0,0,106,5
T2,1,1,200,2
T3,2,1,35,2
T4,3,0,56,14
T5,4,1,160,6
T6,5,1,111,36
[39]
T1,0,1,92,2
T2,1,1,200,11
T3,2,0,66,5
T4,3,1,44,2
T5,4,1,105,16
T6,5,0,198,64
[40]
T1,0,1,20,4
T2,1,0,88,13
T3,2,0,156,16
T4,3,1,65,4
T5,4,1,90,9
T6,5,0,200,3
[41]
T1,0,1,136,6
T2,1,0,105,3
T3,2,1,200,12
T4,3,0,79,12
T5,4,0,22,8
T6,5,0,168,2
[42]
T1,0,1,88,8
T2,1,1,119,8
T3,2,0,156,22
T4,3,0,30,6
T5,4,1,200,22
T6,5,1,55,2
[43]
T1,0,1,115,3
T2,1,1,85,2
T3,2,0,40,5
T4,3,0,200,8
T5,4,1,160,44
T6,5,1,69,13
[44]
T1,0,1,126,39
T2,1,1,200,8
T3,2,1,182,1
T4,3,1,56,3
T5,4,1,75,10
T6,5,1,28,3
[45]
T1,0,0,140,13
T2,1,1,160,28
T3,2,1,37,1
T4,3,0,112,28
T5,4,0,128,2
T6,5,1,200,24
[46]
T1,0,1,72,3
T2,1,0,196,6
T3,2,0,200,38
T4,3,0,56,2
T5,4,0,26,9
T6,5,1,125,8
[47]
T1,0,1,147,14
T2,1,0,30,3
T3,2,1,120,23
T4,3,0,200,1
T5,4,0,88,8
T6,5,1,150,30
[48]
T1,0,0,81,18
T2,1,1,97,12
T3,2,1,200,16
T4,3,1,60,7
T5,4,1,24,1
T6,5,0,160,15
[49]
T1,0,0,45,3
T2,1,1,190,50
T3,2,1,79,3
T4,3,1,57,4
T5,4,0,200,19
T6,5,1,54,7
[50]
T1,0,1,90,6
T2,1,0,45,2
T3,2,0,152,11
T4,3,1,200,4
T5,4,0,79,16
T6,5,1,114,35
[51]
T1,0,0,22,2
T2,1,1,84,5
T3,2,0,60,4
T4,3,0,160,27
T5,4,1,96,24
T6,5,0,200,24
[52]
T1,0,1,200,12
T2,1,1,150,7
T3,2,1,41,2
T4,3,0,72,3
T5,4,1,123,49
T6,5,1,85,10
[53]
T1,0,0,77,1
T2,1,0,84,28
T3,2,0,165,4
T4,3,1,200,4
T5,4,1,66,14
T6,5,1,52,4
[54]
T1,0,0,84,7
T2,1,1,55,4
T3,2,0,35,2
T4,3,1,105,28
T5,4,1,175,23
T6,5,0,200,7
[55]
T1,0,1,110,2
T2,1,0,48,3
T3,2,1,132,15
T4,3,0,127,29
T5,4,0,171,36
T6,5,1,200,8
[56]
T1,0,0,175,29
T2,1,1,144,13
T3,2,1,63,1
T4,3,1,200,16
T5,4,1,48,3
T6,5,0,76,20
[57]
T1,0,1,106,2
T2,1,1,200,27
T3,2,0,59,5
T4,3,1,156,6
T5,4,0,78,9
T6,5,1,30,8
[58]
T1,0,0,200,6
T2,1,0,144,42
T3,2,0,155,1
T4,3,0,124,8
T5,4,0,36,8
T6,5,0,89,4
[59]
T1,0,1,150,4
T2,1,0,200,3
T3,2,1,104,21
T4,3,1,50,4
T5,4,1,108,36
T6,5,0,67,1
[60]
T1,0,0,25,3
T2,1,1,200,34
T3,2,1,192,2
T4,3,0,55,7
T5,4,0,68,16
T6,5,1,127,4
[61]
T1,0,0,150,20
T2,1,1,86,8
T3,2,1,200,4
T4,3,0,107,11
T5,4,1,84,23
T6,5,1,48,2
[62]
T1,0,0,160,5
T2,1,1,36,2
T3,2,0,200,16
T4,3,1,137,20
T5,4,1,147,35
T6,5,0,144,24
[63]
T1,0,0,152,1
T2,1,1,65,6
T3,2,0,28,2
T4,3,1,106,36
T5,4,0,200,13
T6,5,1,80,13
[64]
T1,0,1,200,4
T2,1,1,60,4
T3,2,0,21,2
T4,3,0,117,7
T5,4,0,174,38
T6,5,1,140,38
[65]
T1,0,0,82,3
T2,1,1,110,37
T3,2,0,22,1
T4,3,0,79,5
T5,4,1,200,15
T6,5,1,150,14
[66]
T1,0,1,130,3
T2,1,0,195,56
T3,2,1,90,7
T4,3,1,93,13
T5,4,0,27,1
T6,5,1,200,16
[67]
T1,0,0,28,8
T2,1,1,200,37
T3,2,1,133,7
T4,3,1,196,1
T5,4,1,73,4
T6,5,0,84,4
[68]
T1,0,0,110,1
T2,1,1,195,19
T3,2,1,140,10
T4,3,1,39,5
T5,4,0,110,17
T6,5,0,200,44
[69]
T1,0,1,78,4
T2,1,1,121,29
T3,2,0,200,7
T4,3,1,192,44
T5,4,1,26,2
T6,5,0,60,1
[70]
T1,0,0,196,47
T2,1,0,45,8
T3,2,0,84,2
T4,3,1,200,11
T5,4,1,85,10
T6,5,1,98,5
[71]
T1,0,0,105,2
T2,1,0,160,13
T3,2,0,124,2
T4,3,1,94,14
T5,4,1,200,64
T6,5,1,30,3
[72]
T1,0,1,93,17
T2,1,0,105,20
T3,2,0,49,4
T4,3,0,124,1
T5,4,1,200,23
T6,5,0,196,17
[73]
T1,0,0,53,6
T2,1,0,200,24
T3,2,0,116,13
T4,3,1,120,4
T5,4,1,120,1
T6,5,0,150,41
[74]
T1,0,0,186,9
T2,1,1,66,4
T3,2,1,200,42
T4,3,0,32,5
T5,4,0,100,3
T6,5,1,84,13
[75]
T1,0,1,109,13
T2,1,1,80,23
T3,2,0,32,1
T4,3,1,160,4
T5,4,1,67,11
T6,5,0,200,9
[76]
T1,0,0,132,2
T2,1,0,46,2
T3,2,1,195,60
T4,3,1,78,18
T5,4,0,200,21
T6,5,0,138,5
[77]
T1,0,1,108,38
T2,1,1,200,4
T3,2,0,20,1
T4,3,0,175,10
T5,4,0,55,2
T6,5,0,70,14
[78]
T1,0,1,185,2
T2,1,0,84,15
T3,2,0,36,4
T4,3,0,200,53
T5,4,0,144,15
T6,5,1,144,1
[79]
T1,0,0,25,3
T2,1,0,141,11
T3,2,0,92,2
T4,3,1,184,22
T5,4,1,200,18
T6,5,0,113,30
[80]
T1,0,1,82,7
T2,1,0,80,5
T3,2,0,100,19
T4,3,1,200,7
T5,4,1,45,4
T6,5,0,196,37
[81]
T1,0,0,108,18
T2,1,1,120,2
T3,2,1,30,4
T4,3,1,194,45
T5,4,0,200,14
T6,5,1,69,3
[82]
T1,0,1,24,1
T2,1,0,123,8
T3,2,1,55,2
T4,3,1,178,4
T5,4,1,200,79
T6,5,0,88,13
[83]
T1,0,0,108,15
T2,1,0,60,2
T3,2,0,26,6
T4,3,0,84,8
T5,4,1,169,6
T6,5,0,200,31
[84]
T1,0,1,200,40
T2,1,0,92,1
T3,2,0,65,5
T4,3,1,33,10
T5,4,1,150,1
T6,5,0,66,4
[85]
T1,0,0,137,21
T2,1,1,200,2
T3,2,0,92,14
T4,3,1,157,19
T5,4,0,115,15
T6,5,1,46,4
[86]
T1,0,1,125,20
T2,1,1,100,24
T3,2,1,159,15
T4,3,1,45,2
T5,4,1,96,1
T6,5,0,200,23
[87]
T1,0,0,65,9
T2,1,1,30,9
T3,2,0,136,5
T4,3,1,74,2
T5,4,0,148,12
T6,5,1,200,15
[88]
T1,0,1,57,4
T2,1,1,90,10
T3,2,0,24,3
T4,3,0,99,2
T5,4,1,200,43
T6,5,1,198,20
[89]
T1,0,1,136,17
T2,1,1,34,4
T3,2,0,200,41
T4,3,1,61,11
T5,4,1,148,2
T6,5,1,80,2
[90]
T1,0,0,148,31
T2,1,1,117,11
T3,2,0,58,2
T4,3,0,30,1
T5,4,1,72,5
T6,5,0,200,42
[91]
T1,0,0,92,22
T2,1,1,200,6
T3,2,0,92,2
T4,3,0,160,15
T5,4,0,102,30
T6,5,1,23,2
[92]
T1,0,1,108,26
T2,1,1,200,48
T3,2,0,97,7
T4,3,1,175,1
T5,4,1,102,12
T6,5,1,27,2
[93]
T1,0,0,200,29
T2,1,1,102,44
T3,2,1,170,2
T4,3,1,104,2
T5,4,0,35,2
T6,5,1,99,5
[94]
T1,0,1,128,11
T2,1,1,186,13
T3,2,1,200,58
T4,3,0,135,5
T5,4,0,60,8
T6,5,0,32,2
[95]
T1,0,1,36,2
T2,1,0,200,12
T3,2,1,83,1
T4,3,0,59,7
T5,4,0,180,63
T6,5,0,60,4
[96]
T1,0,0,200,31
T2,1,0,65,2
T3,2,0,110,7
T4,3,1,122,40
T5,4,1,24,1
T6,5,1,180,8
[97]
T1,0,0,120,40
T2,1,1,200,13
T3,2,1,142,21
T4,3,0,24,2
T5,4,1,57,2
T6,5,1,152,15
[98]
T1,0,0,200,9
T2,1,0,104,14
T3,2,0,35,5
T4,3,1,160,20
T5,4,0,130,25
T6,5,0,64,2
[99]
T1,0,0,25,2
T2,1,0,200,30
T3,2,0,128,22
T4,3,0,105,8
T5,4,1,192,30
T6,5,1,81,3
[100]
T1,0,0,172,10
T2,1,1,200,2
T3,2,1,64,1
T4,3,1,120,3
T5,4,0,88,20
T6,5,1,36,12
[101]
T1,0,0,66,1
T2,1,0,77,9
T3,2,0,50,10
T4,3,0,200,1
T5,4,0,176,27
T6,5,0,128,23
[102]
T1,0,1,153,14
T2,1,0,72,15
T3,2,0,200,15
T4,3,1,20,2
T5,4,0,112,24
T6,5,1,69,4
[103]
T1,0,1,35,5
T2,1,0,200,93
T3,2,1,160,2
T4,3,0,141,2
T5,4,0,60,1
T6,5,1,75,2
[104]
T1,0,1,147,11
T2,1,1,200,19
T3,2,1,120,2
T4,3,0,39,5
T5,4,0,99,36
T6,5,0,150,3
[105]
T1,0,1,84,7
T2,1,1,156,1
T3,2,0,25,2
T4,3,1,85,2
T5,4,0,200,56
T6,5,0,69,13
[106]
T1,0,1,24,2
T2,1,1,200,5
T3,2,0,62,9
T4,3,1,115,30
T5,4,0,184,20
T6,5,1,92,10
[107]
T1,0,1,55,5
T2,1,1,200,37
T3,2,0,28,2
T4,3,0,176,6
T5,4,0,83,15
T6,5,1,145,21
[108]
T1,0,0,153,7
T2,1,1,70,2
T3,2,0,36,7
T4,3,0,82,22
T5,4,0,126,13
T6,5,1,200,1
[109]
T1,0,1,110,9
T2,1,1,22,1
T3,2,0,68,12
T4,3,1,153,7
T5,4,0,200,3
T6,5,1,120,37
[110]
T1,0,1,120,30
T2,1,0,200,35
T3,2,1,57,1
T4,3,0,150,12
T5,4,0,29,2
T6,5,0,69,4
[111]
T1,0,1,131,3
T2,1,1,140,41
T3,2,0,200,5
T4,3,1,154,15
T5,4,1,61,5
T6,5,1,35,5
[112]
T1,0,1,69,6
T2,1,1,200,7
T3,2,1,75,11
T4,3,0,22,2
T5,4,1,200,9
T6,5,0,61,21
[113]
T1,0,1,108,9
T2,1,1,36,3
T3,2,1,183,23
T4,3,1,200,16
T5,4,1,135,30
T6,5,0,100,8
[114]
T1,0,1,195,9
T2,1,1,116,4
T3,2,1,141,47
T4,3,0,104,20
T5,4,1,200,2
T6,5,0,48,3
[115]
T1,0,0,200,22
T2,1,0,132,25
T3,2,1,124,12
T4,3,0,88,2
T5,4,0,49,4
T6,5,1,150,29
[116]
T1,0,1,24,6
T2,1,1,136,2
T3,2,1,160,13
T4,3,1,105,10
T5,4,1,65,2
T6,5,1,200,35
[117]
T1,0,1,108,10
T2,1,1,70,20
T3,2,0,170,20
T4,3,1,200,21
T5,4,0,50,2
T6,5,1,137,11
[118]
T1,0,1,155,33
T2,1,0,81,8
T3,2,0,68,1
T4,3,0,200,19
T5,4,1,120,27
T6,5,0,51,1
[119]
T1,0,0,24,2
T2,1,0,200,38
T3,2,1,195,52
T4,3,0,78,6
T5,4,1,56,6
T6,5,1,128,2
[120]
T1,0,0,50,7
T2,1,0,128,21
T3,2,0,78,1
T4,3,1,66,10
T5,4,0,200,1
T6,5,1,192,40
[121]
T1,0,0,32,2
T2,1,1,133,2
T3,2,1,168,21
T4,3,1,60,2
T5,4,0,130,7
T6,5,1,200,76
[122]
T1,0,1,177,18
T2,1,0,200,8
T3,2,0,88,7
T4,3,0,63,9
T5,4,1,44,7
T6,5,1,59,8
[123]
T1,0,0,188,67
T2,1,0,200,35
T3,2,0,35,1
T4,3,1,141,2
T5,4,1,59,4
T6,5,0,94,4
[124]
T1,0,1,200,23
T2,1,0,114,24
T3,2,1,147,3
T4,3,1,195,33
T5,4,0,40,6
T6,5,1,90,2
[125]
T1,0,1,45,4
T2,1,1,91,5
T3,2,0,68,11
T4,3,1,200,16
T5,4,0,152,43
T6,5,0,120,2
[126]
T1,0,0,72,5
T2,1,0,142,21
T3,2,0,28,8
T4,3,0,108,5
T5,4,0,180,8
T6,5,1,200,16
[127]
T1,0,0,50,20
T2,1,1,144,14
T3,2,1,200,1
T4,3,1,132,12
T5,4,1,80,3
T6,5,0,167,7
[128]
T1,0,0,175,19
T2,1,0,52,8
T3,2,0,200,17
T4,3,0,80,12
T5,4,0,57,1
T6,5,0,85,13
[129]
T1,0,1,200,15
T2,1,1,175,10
T3,2,1,124,16
T4,3,0,100,3
T5,4,0,146,21
T6,5,1,50,12
[130]
T1,0,1,168,6
T2,1,1,60,7
T3,2,0,48,2
T4,3,1,114,7
T5,4,1,200,87
T6,5,0,59,2
[131]
T1,0,1,176,28
T2,1,1,99,1
T3,2,0,200,20
T4,3,0,111,1
T5,4,1,102,39
T6,5,0,30,2
[132]
T1,0,0,40,3
T2,1,1,170,22
T3,2,1,112,1
T4,3,0,104,11
T5,4,0,200,42
T6,5,1,105,15
[133]
T1,0,1,97,2
T2,1,1,62,14
T3,2,1,200,28
T4,3,1,25,5
T5,4,1,192,4
T6,5,0,96,3
[134]
T1,0,1,200,3
T2,1,0,50,11
T3,2,0,144,27
T4,3,0,138,9
T5,4,1,108,19
T6,5,1,153,2
[135]
T1,0,1,100,1
T2,1,1,200,12
T3,2,1,150,13
T4,3,0,65,14
T5,4,0,23,4
T6,5,0,132,11
[136]
T1,0,1,200,23
T2,1,0,198,39
T3,2,1,58,6
T4,3,1,22,3
T5,4,1,73,2
T6,5,1,120,7
[137]
T1,0,0,27,2
T2,1,1,200,14
T3,2,0,126,46
T4,3,0,162,8
T5,4,1,147,10
T6,5,1,61,3
[138]
T1,0,1,162,17
T2,1,1,200,19
T3,2,0,48,8
T4,3,0,89,4
T5,4,0,138,32
T6,5,1,80,2
[139]
T1,0,1,31,1
T2,1,1,128,41
T3,2,1,200,24
T4,3,1,62,1
T5,4,1,175,19
T6,5,0,142,8
[140]
T1,0,0,180,1
T2,1,0,94,21
T3,2,0,36,8
T4,3,0,68,8
T5,4,1,200,7
T6,5,1,114,9
[141]
T1,0,1,67,2
T2,1,1,119,23
T3,2,0,200,32
T4,3,1,153,42
T5,4,1,140,2
T6,5,1,40,2
[142]
T1,0,1,76,3
T2,1,1,200,19
T3,2,1,171,33
T4,3,1,51,10
T5,4,1,114,9
T6,5,1,131,9
[143]
T1,0,1,132,6
T2,1,1,195,62
T3,2,0,109,8
T4,3,1,56,3
T5,4,1,200,37
T6,5,1,50,2
[144]
T1,0,1,25,1
T2,1,0,155,4
T3,2,1,81,15
T4,3,1,92,27
T5,4,1,200,12
T6,5,0,108,4
[145]
T1,0,0,96,6
T2,1,1,200,5
T3,2,0,50,9
T4,3,1,65,9
T5,4,0,168,36
T6,5,1,82,3
[146]
T1,0,1,45,4
T2,1,1,200,2
T3,2,1,76,7
T4,3,1,184,3
T5,4,1,68,12
T6,5,1,76,21
[147]
T1,0,0,57,3
T2,1,1,80,4
T3,2,1,144,9
T4,3,1,24,2
T5,4,0,200,2
T6,5,1,164,68
[148]
T1,0,1,36,14
T2,1,0,92,3
T3,2,0,71,7
T4,3,1,175,5
T5,4,1,126,12
T6,5,0,200,2
[149]
T1,0,1,200,5
T2,1,0,30,4
T3,2,0,98,2
T4,3,0,115,37
T5,4,1,196,19
T6,5,0,73,6
[150]
T1,0,0,26,4
T2,1,0,90,26
T3,2,1,109,9
T4,3,1,174,19
T5,4,1,200,5
T6,5,1,120,2
[151]
T1,0,1,63,5
T2,1,1,133,17
T3,2,1,168,51
T4,3,0,200,17
T5,4,0,91,2
T6,5,1,27,1
[152]
T1,0,0,135,2
T2,1,1,192,98
T3,2,0,200,11
T4,3,0,60,1
T5,4,0,144,2
T6,5,1,51,5
[153]
T1,0,0,67,7
T2,1,1,115,3
T3,2,0,200,5
T4,3,1,35,8
T5,4,0,182,25
T6,5,1,115,18
[154]
T1,0,0,164,14
T2,1,1,200,30
T3,2,0,140,2
T4,3,0,82,1
T5,4,1,86,13
T6,5,1,45,12
[155]
T1,0,1,80,17
T2,1,0,200,15
T3,2,0,136,5
T4,3,0,107,4
T5,4,0,182,27
T6,5,0,28,4
[156]
T1,0,1,64,2
T2,1,0,75,12
T3,2,1,200,4
T4,3,0,160,42
T5,4,1,70,14
T6,5,1,53,1
[157]
T1,0,0,68,2
T2,1,0,100,16
T3,2,1,144,25
T4,3,1,28,2
T5,4,1,153,28
T6,5,1,200,25
[158]
T1,0,1,152,60
T2,1,1,56,2
T3,2,1,200,15
T4,3,1,105,4
T5,4,1,112,7
T6,5,1,38,2
[159]
T1,0,1,39,6
T2,1,1,140,25
T3,2,0,180,4
T4,3,0,200,23
T5,4,1,135,8
T6,5,0,142,20
[160]
T1,0,1,200,13
T2,1,1,175,12
T3,2,1,104,13
T4,3,0,31,2
T5,4,1,65,17
T6,5,0,91,5
[161]
T1,0,0,130,39
T2,1,1,200,5
T3,2,0,25,2
T4,3,0,99,14
T5,4,1,171,25
T6,5,1,144,7
[162]
T1,0,0,64,23
T2,1,0,168,6
T3,2,1,200,3
T4,3,0,48,1
T5,4,0,108,23
T6,5,1,119,2
[163]
T1,0,0,200,16
T2,1,1,150,3
T3,2,0,25,2
T4,3,0,115,36
T5,4,0,73,5
T6,5,1,126,21
[164]
T1,0,1,40,2
T2,1,0,132,46
T3,2,1,198,18
T4,3,0,81,5
T5,4,0,72,5
T6,5,0,200,14
[165]
T1,0,1,130,1
T2,1,0,82,13
T3,2,0,195,19
T4,3,1,33,6
T5,4,0,200,3
T6,5,1,66,13
[166]
T1,0,1,126,2
T2,1,1,100,24
T3,2,0,200,10
T4,3,0,50,5
T5,4,1,152,18
T6,5,0,126,19
[167]
T1,0,0,45,2
T2,1,0,71,12
T3,2,0,200,14
T4,3,1,192,44
T5,4,1,72,7
T6,5,1,85,8
[168]
T1,0,1,90,1
T2,1,1,164,38
T3,2,1,114,39
T4,3,1,26,1
T5,4,0,200,7
T6,5,0,82,2
[169]
T1,0,1,200,12
T2,1,0,132,2
T3,2,1,198,81
T4,3,1,87,16
T5,4,0,28,2
T6,5,1,140,2
[170]
T1,0,0,99,3
T2,1,1,132,2
T3,2,0,200,32
T4,3,1,148,21
T5,4,1,22,3
T6,5,0,83,15
[171]
T1,0,1,200,8
T2,1,1,91,18
T3,2,0,60,8
T4,3,1,143,4
T5,4,0,175,35
T6,5,1,33,2
[172]
T1,0,0,93,1
T2,1,0,200,57
T3,2,1,176,28
T4,3,0,44,2
T5,4,1,55,2
T6,5,0,103,21
[173]
T1,0,0,84,14
T2,1,0,91,3
T3,2,1,200,36
T4,3,0,195,38
T5,4,0,30,2
T6,5,1,55,5
[174]
T1,0,1,78,12
T2,1,0,77,5
T3,2,1,200,25
T4,3,1,44,5
T5,4,1,165,15
T6,5,0,65,6
[175]
T1,0,1,143,11
T2,1,0,168,7
T3,2,0,126,61
T4,3,1,200,2
T5,4,0,20,2
T6,5,0,55,1
[176]
T1,0,0,84,9
T2,1,1,42,5
T3,2,1,69,15
T4,3,0,200,19
T5,4,0,160,13
T6,5,1,141,6
[177]
T1,0,1,129,5
T2,1,0,126,30
T3,2,1,45,2
T4,3,0,126,36
T5,4,0,148,2
T6,5,1,200,10
[178]
T1,0,1,72,13
T2,1,0,66,2
T3,2,0,73,7
T4,3,1,200,2
T5,4,0,156,33
T6,5,1,33,5
[179]
T1,0,1,200,51
T2,1,0,160,9
T3,2,1,50,5
T4,3,1,89,15
T5,4,0,69,3
T6,5,0,90,4
[180]
T1,0,1,33,2
T2,1,0,109,12
T3,2,0,75,3
T4,3,0,165,43
T5,4,1,119,24
T6,5,1,200,1
[181]
T1,0,1,56,1
T2,1,0,196,4
T3,2,1,200,40
T4,3,0,82,13
T5,4,1,88,9
T6,5,1,50,8
[182]
T1,0,1,68,12
T2,1,0,95,5
T3,2,1,22,1
T4,3,1,200,31
T5,4,0,170,4
T6,5,0,76,15
[183]
T1,0,0,69,8
T2,1,1,34,5
T3,2,1,102,16
T4,3,0,170,10
T5,4,0,200,21
T6,5,0,91,8
[184]
T1,0,1,100,21
T2,1,0,200,38
T3,2,1,20,2
T4,3,1,181,1
T5,4,1,132,19
T6,5,1,85,9
[185]
T1,0,1,189,2
T2,1,0,45,1
T3,2,1,82,29
T4,3,1,119,14
T5,4,1,120,13
T6,5,0,200,11
[186]
T1,0,1,200,40
T2,1,0,56,2
T3,2,1,108,20
T4,3,1,50,3
T5,4,0,107,2
T6,5,0,180,38
[187]
T1,0,0,175,18
T2,1,1,84,2
T3,2,1,48,1
T4,3,1,200,92
T5,4,0,96,2
T6,5,0,123,9
[188]
T1,0,0,200,3
T2,1,1,81,9
T3,2,1,120,5
T4,3,1,170,2
T5,4,0,126,52
T6,5,0,28,2
[189]
T1,0,0,81,1
T2,1,0,35,5
T3,2,1,123,23
T4,3,0,192,38
T5,4,0,120,6
T6,5,1,200,16
[190]
T1,0,1,200,65
T2,1,0,195,26
T3,2,0,104,3
T4,3,1,84,10
T5,4,1,25,1
T6,5,0,68,2
[191]
T1,0,1,184,15
T2,1,1,200,61
T3,2,1,71,2
T4,3,0,46,4
T5,4,1,100,4
T6,5,1,66,9
[192]
T1,0,0,200,10
T2,1,1,100,31
T3,2,0,186,7
T4,3,0,104,8
T5,4,0,30,3
T6,5,1,117,10
[193]
T1,0,0,30,2
T2,1,1,139,40
T3,2,1,60,3
T4,3,1,132,3
T5,4,0,162,1
T6,5,1,200,55
[194]
T1,0,0,200,24
T2,1,1,62,8
T3,2,1,35,2
T4,3,0,100,10
T5,4,0,107,27
T6,5,0,175,13
[195]
T1,0,1,200,12
T2,1,0,154,1
T3,2,0,58,4
T4,3,1,122,1
T5,4,0,40,18
T6,5,0,55,4
[196]
T1,0,0,65,13
T2,1,0,200,2
T3,2,1,107,25
T4,3,1,130,18
T5,4,0,178,1
T6,5,1,52,4
[197]
T1,0,1,148,15
T2,1,1,97,22
T3,2,0,104,23
T4,3,1,37,2
T5,4,1,65,2
T6,5,0,200,19
[198]
T1,0,1,200,2
T2,1,1,144,7
T3,2,0,99,37
T4,3,1,144,18
T5,4,0,25,1
T6,5,0,184,16
[199]
T1,0,0,80,2
T2,1,1,96,4
T3,2,0,74,3
T4,3,1,148,42
T5,4,0,54,16
T6,5,1,200,1
[200]
T1,0,1,166,46
T2,1,0,70,1
T3,2,0,140,1
T4,3,1,21,6
T5,4,1,136,2
T6,5,0,200,14
[201]
T1,0,0,20,5
T2,1,1,200,15
T3,2,0,122,2
T4,3,1,183,33
T5,4,1,122,6
T6,5,0,142,18
[202]
T1,0,0,166,7
T2,1,0,78,15
T3,2,0,78,21
T4,3,1,20,1
T5,4,1,200,11
T6,5,1,78,3
[203]
T1,0,1,110,2
T2,1,1,175,22
T3,2,0,20,1
T4,3,1,200,17
T5,4,1,68,9
T6,5,0,126,35
[204]
T1,0,1,200,30
T2,1,1,88,18
T3,2,1,154,32
T4,3,0,44,2
T5,4,0,86,5
T6,5,1,121,3
[205]
T1,0,1,140,10
T2,1,0,125,5
T3,2,0,91,1
T4,3,0,200,51
T5,4,0,182,8
T6,5,1,20,5
[206]
T1,0,1,28,6
T2,1,0,195,6
T3,2,1,200,27
T4,3,0,60,1
T5,4,1,98,20
T6,5,0,137,9
[207]
T1,0,1,62,2
T2,1,1,40,2
T3,2,0,200,31
T4,3,0,101,15
T5,4,1,136,25
T6,5,0,155,29
[208]
T1,0,0,20,1
T2,1,1,114,17
T3,2,1,72,5
T4,3,1,66,6
T5,4,1,200,22
T6,5,0,172,29
[209]
T1,0,1,200,29
T2,1,1,119,11
T3,2,0,180,15
T4,3,0,86,5
T5,4,1,22,2
T6,5,0,75,13
[210]
T1,0,1,200,10
T2,1,0,122,37
T3,2,1,36,1
T4,3,1,150,5
T5,4,1,126,9
T6,5,0,73,12
[211]
T1,0,1,87,22
T2,1,1,40,2
T3,2,1,126,3
T4,3,1,60,9
T5,4,1,200,18
T6,5,0,198,28
[212]
T1,0,0,88,12
T2,1,0,55,1
T3,2,0,88,17
T4,3,0,200,54
T5,4,0,162,2
T6,5,0,40,2
[213]
T1,0,0,55,4
T2,1,1,200,15
T3,2,1,76,10
T4,3,0,117,18
T5,4,0,28,2
T6,5,0,165,29
[214]
T1,0,0,25,2
T2,1,0,196,22
T3,2,1,76,29
T4,3,0,126,6
T5,4,0,200,17
T6,5,0,108,5
[215]
T1,0,0,93,7
T2,1,1,200,9
T3,2,0,150,9
T4,3,0,120,2
T5,4,0,102,4
T6,5,0,36,16
[216]
T1,0,0,56,1
T2,1,1,79,34
T3,2,0,200,11
T4,3,1,28,2
T5,4,0,155,2
T6,5,0,88,15
[217]
T1,0,0,50,2
T2,1,1,71,17
T3,2,0,145,2
T4,3,1,200,37
T5,4,1,148,34
T6,5,0,80,2
[218]
T1,0,0,133,5
T2,1,1,104,27
T3,2,0,25,2
T4,3,1,200,3
T5,4,0,180,2
T6,5,0,93,25
[219]
T1,0,1,198,6
T2,1,1,81,8
T3,2,0,64,3
T4,3,0,200,50
T5,4,1,66,10
T6,5,0,20,2
[220]
T1,0,0,200,32
T2,1,1,152,3
T3,2,0,76,2
T4,3,1,111,11
T5,4,1,50,8
T6,5,1,55,12
[221]
T1,0,1,24,4
T2,1,0,78,2
T3,2,1,95,2
T4,3,1,200,2
T5,4,1,114,51
T6,5,1,152,2
[222]
T1,0,0,135,7
T2,1,1,200,10
T3,2,1,93,9
T4,3,1,121,45
T5,4,1,180,18
T6,5,1,36,2
[223]
T1,0,1,38,3
T2,1,0,95,7
T3,2,1,196,25
T4,3,0,200,35
T5,4,1,57,2
T6,5,1,147,33
[224]
T1,0,0,93,14
T2,1,0,95,5
T3,2,0,190,15
T4,3,1,40,2
T5,4,0,122,30
T6,5,1,200,18
[225]
T1,0,0,111,33
T2,1,1,75,3
T3,2,1,140,20
T4,3,1,20,2
T5,4,1,175,10
T6,5,1,200,2
[226]
T1,0,1,200,36
T2,1,1,148,3
T3,2,0,85,5
T4,3,0,37,2
T5,4,1,134,22
T6,5,0,85,21
[227]
T1,0,1,78,3
T2,1,0,117,16
T3,2,1,156,12
T4,3,0,65,20
T5,4,0,40,2
T6,5,1,200,22
[228]
T1,0,1,200,28
T2,1,1,72,14
T3,2,1,84,14
T4,3,0,75,8
T5,4,0,167,6
T6,5,0,36,2
[229]
T1,0,1,110,5
T2,1,0,125,11
T3,2,1,25,3
T4,3,0,101,13
T5,4,0,150,31
T6,5,1,200,14
[230]
T1,0,1,104,24
T2,1,0,74,8
T3,2,0,150,2
T4,3,0,78,14
T5,4,0,40,5
T6,5,1,200,3
[231]
T1,0,0,41,4
T2,1,0,104,24
T3,2,0,140,16
T4,3,1,140,25
T5,4,0,182,1
T6,5,1,200,6
[232]
T1,0,0,90,8
T2,1,1,200,30
T3,2,1,123,22
T4,3,0,150,6
T5,4,1,25,3
T6,5,0,84,5
[233]
T1,0,1,133,1
T2,1,1,54,7
T3,2,1,180,18
T4,3,0,42,7
T5,4,0,110,12
T6,5,0,200,28
[234]
T1,0,0,195,9
T2,1,1,85,5
T3,2,1,200,40
T4,3,0,65,6
T5,4,1,51,5
T6,5,1,68,11
[235]
T1,0,1,175,14
T2,1,1,98,8
T3,2,1,200,29
T4,3,1,101,6
T5,4,0,30,3
T6,5,1,115,24
[236]
T1,0,1,120,27
T2,1,0,30,2
T3,2,1,168,31
T4,3,1,200,14
T5,4,1,96,8
T6,5,1,120,3
[237]
T1,0,1,70,27
T2,1,1,92,2
T3,2,1,24,2
T4,3,1,200,9
T5,4,1,155,18
T6,5,1,140,11
[238]
T1,0,1,28,3
T2,1,0,130,25
T3,2,0,200,21
T4,3,1,80,20
T5,4,0,67,2
T6,5,1,161,2
[239]
T1,0,0,25,6
T2,1,1,165,8
T3,2,0,200,47
T4,3,0,110,5
T5,4,1,67,5
T6,5,1,125,4
[240]
T1,0,1,120,2
T2,1,1,141,24
T3,2,1,200,13
T4,3,1,50,9
T5,4,1,107,10
T6,5,0,152,22
[241]
T1,0,1,200,4
T2,1,1,140,1
T3,2,0,96,2
T4,3,1,186,67
T5,4,1,30,7
T6,5,0,108,3
[242]
T1,0,1,137,10
T2,1,1,120,17
T3,2,0,200,49
T4,3,0,73,9
T5,4,1,150,11
T6,5,0,22,2
[243]
T1,0,0,100,10
T2,1,1,120,11
T3,2,0,95,6
T4,3,0,200,33
T5,4,1,51,11
T6,5,0,170,7
[244]
T1,0,1,21,3
T2,1,0,140,11
T3,2,0,70,16
T4,3,1,177,14
T5,4,0,103,2
T6,5,1,200,27
[245]
T1,0,0,200,3
T2,1,1,174,37
T3,2,0,80,2
T4,3,1,125,51
T5,4,0,32,2
T6,5,1,84,2
[246]
T1,0,0,120,6
T2,1,0,65,5
T3,2,1,40,6
T4,3,0,115,15
T5,4,1,148,29
T6,5,0,200,13
[247]
T1,0,1,25,2
T2,1,0,107,15
T3,2,1,200,61
T4,3,0,90,2
T5,4,1,102,8
T6,5,1,190,4
[248]
T1,0,0,96,2
T2,1,1,147,6
T3,2,1,21,2
T4,3,1,200,71
T5,4,1,112,7
T6,5,1,84,16
[249]
T1,0,1,190,16
T2,1,1,79,2
T3,2,1,50,5
T4,3,1,60,8
T5,4,1,200,10
T6,5,0,146,41
[250]
T1,0,1,200,46
T2,1,0,165,1
T3,2,0,93,2
T4,3,1,143,39
T5,4,0,143,15
T6,5,1,22,1
[251]
T1,0,0,40,2
T2,1,0,124,43
T3,2,1,180,1
T4,3,0,99,16
T5,4,1,200,24
T6,5,0,73,3
[252]
T1,0,0,69,14
T2,1,0,80,2
T3,2,1,81,9
T4,3,0,200,3
T5,4,0,20,5
T6,5,0,168,7
[253]
T1,0,0,90,10
T2,1,1,145,33
T3,2,0,63,8
T4,3,0,200,8
T5,4,0,175,7
T6,5,1,28,4
[254]
T1,0,1,100,8
T2,1,0,52,3
T3,2,0,55,2
T4,3,0,117,17
T5,4,1,171,31
T6,5,0,200,41
[255]
T1,0,0,98,18
T2,1,1,134,26
T3,2,0,168,34
T4,3,0,24,2
T5,4,0,125,2
T6,5,0,200,2
[256]
T1,0,1,140,30
T2,1,0,48,7
T3,2,1,100,16
T4,3,1,190,11
T5,4,1,200,17
T6,5,1,72,1
[257]
T1,0,0,30,2
T2,1,1,63,2
T3,2,0,120,8
T4,3,0,182,18
T5,4,1,54,3
T6,5,1,200,82
[258]
T1,0,1,120,22
T2,1,0,36,5
T3,2,0,200,33
T4,3,0,198,2
T5,4,0,130,21
T6,5,1,65,1
[259]
T1,0,0,44,7
T2,1,1,200,30
T3,2,1,63,7
T4,3,0,196,13
T5,4,0,140,24
T6,5,0,140,2
[260]
T1,0,0,54,2
T2,1,1,42,2
T3,2,0,200,14
T4,3,0,175,49
T5,4,1,113,2
T6,5,1,144,48
[261]
T1,0,0,144,2
T2,1,0,145,24
T3,2,0,128,2
T4,3,0,25,6
T5,4,0,200,1
T6,5,1,190,48
[262]
T1,0,1,144,3
T2,1,1,187,7
T3,2,1,61,18
T4,3,1,200,2
T5,4,0,55,8
T6,5,0,20,3
[263]
T1,0,0,70,2
T2,1,1,175,10
T3,2,0,42,2
T4,3,1,89,27
T5,4,0,57,9
T6,5,0,200,22
[264]
T1,0,0,161,2
T2,1,0,138,15
T3,2,1,73,14
T4,3,0,125,31
T5,4,1,200,23
T6,5,0,48,1
[265]
T1,0,0,112,2
T2,1,1,200,10
T3,2,0,175,58
T4,3,0,60,14
T5,4,0,44,2
T6,5,0,68,2
[266]
T1,0,0,112,35
T2,1,1,200,3
T3,2,1,20,2
T4,3,1,174,43
T5,4,1,128,8
T6,5,1,96,3
[267]
T1,0,1,200,7
T2,1,0,45,4
T3,2,1,108,21
T4,3,0,112,21
T5,4,0,176,26
T6,5,0,127,3
[268]
T1,0,1,46,2
T2,1,0,95,8
T3,2,1,165,30
T4,3,0,200,28
T5,4,0,75,4
T6,5,1,100,14
[269]
T1,0,1,88,9
T2,1,0,88,10
T3,2,0,96,23
T4,3,1,162,8
T5,4,1,200,32
T6,5,0,36,2
[270]
T1,0,0,140,8
T2,1,0,119,5
T3,2,0,25,4
T4,3,0,106,2
T5,4,0,200,45
T6,5,1,182,35
[271]
T1,0,0,200,2
T2,1,0,145,33
T3,2,0,110,16
T4,3,0,160,11
T5,4,0,102,18
T6,5,0,32,2
[272]
T1,0,0,117,1
T2,1,1,66,7
T3,2,0,117,33
T4,3,0,45,1
T5,4,0,200,44
T6,5,0,176,4
[273]
T1,0,0,112,11
T2,1,1,170,47
T3,2,1,65,3
T4,3,0,200,25
T5,4,1,106,8
T6,5,0,34,1
[274]
T1,0,0,68,4
T2,1,0,170,18
T3,2,1,40,1
T4,3,0,85,11
T5,4,1,200,67
T6,5,0,62,1
[275]
T1,0,1,112,7
T2,1,0,25,2
T3,2,1,109,32
T4,3,0,175,17
T5,4,0,79,1
T6,5,1,200,36
[276]
T1,0,0,70,3
T2,1,1,20,7
T3,2,0,86,21
T4,3,0,180,5
T5,4,0,88,2
T6,5,1,200,4
[277]
T1,0,0,190,10
T2,1,0,87,17
T3,2,1,50,1
T4,3,1,63,23
T5,4,1,133,2
T6,5,1,200,7
[278]
T1,0,0,200,11
T2,1,0,100,9
T3,2,1,27,2
T4,3,0,164,43
T5,4,0,108,27
T6,5,1,108,2
[279]
T1,0,0,190,28
T2,1,0,133,10
T3,2,1,112,32
T4,3,1,200,19
T5,4,1,40,2
T6,5,0,128,8
[280]
T1,0,1,96,4
T2,1,0,145,13
T3,2,0,24,2
T4,3,0,200,16
T5,4,1,187,51
T6,5,1,88,8
[281]
T1,0,1,75,6
T2,1,0,200,45
T3,2,0,101,5
T4,3,1,168,2
T5,4,0,87,24
T6,5,1,35,1
[282]
T1,0,1,133,41
T2,1,0,200,7
T3,2,0,84,2
T4,3,1,56,6
T5,4,1,173,19
T6,5,0,28,3
[283]
T1,0,1,58,8
T2,1,0,80,28
T3,2,1,200,7
T4,3,0,36,1
T5,4,1,112,2
T6,5,0,170,14
[284]
T1,0,1,200,14
T2,1,0,39,13
T3,2,1,104,10
T4,3,0,65,5
T5,4,1,152,4
T6,5,1,122,5
[285]
T1,0,0,122,7
T2,1,1,200,43
T3,2,1,170,39
T4,3,1,90,2
T5,4,0,100,2
T6,5,0,32,4
[286]
T1,0,0,172,14
T2,1,0,200,40
T3,2,0,105,20
T4,3,1,50,3
T5,4,1,112,9
T6,5,1,80,5
[287]
T1,0,0,128,2
T2,1,0,200,30
T3,2,0,118,24
T4,3,0,30,4
T5,4,0,80,3
T6,5,1,176,25
[288]
T1,0,1,146,3
T2,1,1,25,1
T3,2,0,200,13
T4,3,1,108,14
T5,4,0,160,16
T6,5,0,72,21
[289]
T1,0,1,105,20
T2,1,0,200,2
T3,2,0,64,5
T4,3,0,56,13
T5,4,0,42,2
T6,5,0,182,18
[290]
T1,0,1,64,2
T2,1,0,200,29
T3,2,0,185,35
T4,3,1,101,8
T5,4,1,37,4
T6,5,1,90,9
[291]
T1,0,1,33,6
T2,1,0,154,25
T3,2,0,130,16
T4,3,0,75,5
T5,4,1,132,16
T6,5,1,200,2
[292]
T1,0,1,77,2
T2,1,1,200,9
T3,2,1,36,2
T4,3,0,140,8
T5,4,1,85,44
T6,5,1,196,6
[293]
T1,0,0,70,1
T2,1,0,200,18
T3,2,0,98,16
T4,3,0,46,9
T5,4,1,70,3
T6,5,0,155,27
[294]
T1,0,1,200,6
T2,1,1,58,2
T3,2,1,104,7
T4,3,1,70,9
T5,4,0,28,3
T6,5,1,176,57
[295]
T1,0,1,200,5
T2,1,0,117,20
T3,2,1,90,18
T4,3,0,36,1
T5,4,0,70,14
T6,5,1,168,8
[296]
T1,0,1,104,7
T2,1,1,168,10
T3,2,1,146,14
T4,3,1,110,15
T5,4,1,200,65
T6,5,1,39,2
[297]
T1,0,0,200,32
T2,1,0,102,2
T3,2,1,118,4
T4,3,0,187,10
T5,4,1,55,4
T6,5,0,51,17
[298]
T1,0,1,32,2
T2,1,0,200,4
T3,2,0,136,22
T4,3,0,64,12
T5,4,1,154,1
T6,5,1,98,21
[299]
T1,0,1,109,2
T2,1,1,200,8
T3,2,1,76,3
T4,3,1,189,37
T5,4,1,63,16
T6,5,1,54,6
[300]
T1,0,1,95,16
T2,1,1,200,11
T3,2,0,72,6
T4,3,1,156,2
T5,4,0,65,8
T6,5,1,36,8
[301]
T1,0,0,121,28
T2,1,1,24,2
T3,2,0,153,34
T4,3,1,60,6
T5,4,1,200,14
T6,5,1,136,3
[302]
T1,0,1,147,2
T2,1,1,35,15
T3,2,0,125,2
T4,3,1,200,18
T5,4,1,94,11
T6,5,0,175,1
[303]
T1,0,1,200,15
T2,1,0,161,13
T3,2,0,66,16
T4,3,0,60,1
T5,4,0,24,2
T6,5,1,126,33
[304]
T1,0,1,125,11
T2,1,0,200,28
T3,2,0,138,26
T4,3,1,70,2
T5,4,1,189,5
T6,5,0,28,6
[305]
T1,0,1,168,14
T2,1,0,56,3
T3,2,0,101,15
T4,3,1,200,15
T5,4,1,88,21
T6,5,0,24,1
[306]
T1,0,0,200,21
T2,1,1,147,20
T3,2,0,23,2
T4,3,1,126,22
T5,4,0,196,21
T6,5,0,138,10
[307]
T1,0,0,90,7
T2,1,1,59,16
T3,2,1,22,2
T4,3,1,200,7
T5,4,1,88,13
T6,5,0,155,4
[308]
T1,0,0,41,10
T2,1,1,111,2
T3,2,0,80,7
T4,3,1,70,2
T5,4,0,160,37
T6,5,1,200,16
[309]
T1,0,1,50,2
T2,1,1,135,36
T3,2,0,200,18
T4,3,0,81,3
T5,4,1,186,3
T6,5,1,119,26
[310]
T1,0,1,100,13
T2,1,0,56,3
T3,2,1,42,14
T4,3,1,200,2
T5,4,0,67,2
T6,5,0,186,23
[311]
T1,0,0,40,1
T2,1,0,140,11
T3,2,1,121,13
T4,3,1,171,43
T5,4,1,72,1
T6,5,0,200,38
[312]
T1,0,0,170,14
T2,1,0,117,3
T3,2,1,200,46
T4,3,0,75,4
T5,4,0,145,3
T6,5,0,45,11
[313]
T1,0,0,90,4
T2,1,0,119,2
T3,2,0,95,3
T4,3,0,200,107
T5,4,0,24,2
T6,5,0,190,12
[314]
T1,0,1,180,16
T2,1,0,114,5
T3,2,1,200,27
T4,3,1,133,12
T5,4,0,40,2
T6,5,1,117,30
[315]
T1,0,0,188,3
T2,1,0,45,5
T3,2,1,200,15
T4,3,0,94,24
T5,4,1,96,3
T6,5,1,96,18
[316]
T1,0,1,51,2
T2,1,0,176,86
T3,2,1,65,4
T4,3,0,55,2
T5,4,0,90,2
T6,5,1,200,18
[317]
T1,0,1,112,24
T2,1,0,50,3
T3,2,1,125,20
T4,3,0,182,35
T5,4,1,200,2
T6,5,1,117,5
[318]
T1,0,1,63,1
T2,1,1,180,3
T3,2,0,106,2
T4,3,1,200,85
T5,4,1,72,12
T6,5,1,24,1
[319]
T1,0,1,126,2
T2,1,0,200,23
T3,2,1,170,2
T4,3,0,48,8
T5,4,0,105,31
T6,5,1,82,7
[320]
T1,0,1,20,3
T2,1,1,147,16
T3,2,1,195,10
T4,3,0,100,11
T5,4,1,200,28
T6,5,0,136,13
[321]
T1,0,1,192,11
T2,1,1,200,37
T3,2,0,78,3
T4,3,0,129,12
T5,4,0,108,28
T6,5,1,27,1
[322]
T1,0,1,200,9
T2,1,1,147,2
T3,2,1,77,2
T4,3,0,160,13
T5,4,1,126,12
T6,5,1,50,22
[323]
T1,0,1,49,7
T2,1,1,100,13
T3,2,1,143,8
T4,3,0,189,28
T5,4,1,112,3
T6,5,0,200,33
[324]
T1,0,1,22,2
T2,1,0,200,6
T3,2,1,154,8
T4,3,1,130,50
T5,4,1,121,8
T6,5,1,140,20
[325]
T1,0,1,60,2
T2,1,1,125,13
T3,2,0,200,2
T4,3,1,168,59
T5,4,0,137,6
T6,5,0,43,5
[326]
T1,0,0,21,3
T2,1,1,68,4
T3,2,1,150,11
T4,3,1,105,4
T5,4,1,200,11
T6,5,0,55,15
[327]
T1,0,1,200,43
T2,1,0,116,2
T3,2,1,48,13
T4,3,1,105,4
T5,4,0,174,23
T6,5,1,87,1
[328]
T1,0,1,200,27
T2,1,0,115,14
T3,2,0,48,5
T4,3,0,115,11
T5,4,1,168,8
T6,5,1,118,21
[329]
T1,0,0,24,4
T2,1,0,104,8
T3,2,0,113,1
T4,3,0,200,20
T5,4,1,195,10
T6,5,0,109,30
[330]
T1,0,1,76,5
T2,1,0,48,3
T3,2,0,165,5
T4,3,1,75,26
T5,4,1,118,1
T6,5,1,200,35
[331]
T1,0,1,112,5
T2,1,1,116,13
T3,2,0,200,8
T4,3,0,106,7
T5,4,0,20,2
T6,5,1,180,52
[332]
T1,0,1,182,11
T2,1,0,100,6
T3,2,1,200,8
T4,3,1,46,1
T5,4,0,87,21
T6,5,0,100,24
[333]
T1,0,1,77,2
T2,1,0,200,51
T3,2,0,40,10
T4,3,0,96,4
T5,4,1,192,17
T6,5,1,60,1
[334]
T1,0,0,170,27
T2,1,1,200,25
T3,2,0,31,1
T4,3,1,136,13
T5,4,0,62,9
T6,5,0,77,9
[335]
T1,0,0,57,7
T2,1,0,200,28
T3,2,0,174,14
T4,3,0,75,19
T5,4,1,120,9
T6,5,0,29,2
[336]
T1,0,0,146,15
T2,1,0,24,2
T3,2,1,100,22
T4,3,1,56,9
T5,4,1,194,15
T6,5,0,200,2
[337]
T1,0,1,56,2
T2,1,0,175,33
T3,2,0,200,1
T4,3,1,30,2
T5,4,1,141,44
T6,5,1,129,13
[338]
T1,0,1,200,20
T2,1,0,65,9
T3,2,0,20,3
T4,3,0,61,9
T5,4,0,136,1
T6,5,0,187,21
[339]
T1,0,0,55,1
T2,1,1,61,8
T3,2,1,200,11
T4,3,1,162,9
T5,4,0,108,9
T6,5,0,25,8
[340]
T1,0,0,69,1
T2,1,0,200,22
T3,2,0,27,2
T4,3,0,90,15
T5,4,0,150,29
T6,5,0,134,22
[341]
T1,0,1,200,32
T2,1,0,80,6
T3,2,0,26,1
T4,3,1,88,6
T5,4,1,150,41
T6,5,0,78,5
[342]
T1,0,0,69,5
T2,1,1,200,1
T3,2,0,70,30
T4,3,1,61,3
T5,4,0,189,2
T6,5,0,35,4
[343]
T1,0,0,153,3
T2,1,0,60,3
T3,2,0,54,13
T4,3,0,200,57
T5,4,1,57,1
T6,5,1,90,4
[344]
T1,0,1,117,11
T2,1,1,200,2
T3,2,1,48,13
T4,3,1,86,18
T5,4,1,160,5
T6,5,1,105,6
[345]
T1,0,0,136,10
T2,1,1,180,16
T3,2,0,112,2
T4,3,1,200,44
T5,4,0,42,1
T6,5,0,119,32
[346]
T1,0,1,172,6
T2,1,1,25,2
T3,2,0,147,17
T4,3,1,62,5
T5,4,1,200,54
T6,5,0,75,7
[347]
T1,0,0,150,36
T2,1,1,87,1
T3,2,0,200,21
T4,3,1,111,5
T5,4,1,25,2
T6,5,1,71,17
[348]
T1,0,1,170,4
T2,1,1,52,2
T3,2,0,200,28
T4,3,0,68,2
T5,4,1,72,32
T6,5,1,141,8
[349]
T1,0,0,176,29
T2,1,1,108,9
T3,2,0,56,2
T4,3,0,200,25
T5,4,0,139,7
T6,5,0,21,5
[350]
T1,0,0,128,30
T2,1,0,117,12
T3,2,0,100,1
T4,3,1,21,2
T5,4,1,200,53
T6,5,0,182,3
[351]
T1,0,0,200,5
T2,1,1,50,3
T3,2,0,67,2
T4,3,1,90,2
T5,4,1,71,6
T6,5,0,180,90
[352]
T1,0,0,60,2
T2,1,1,115,35
T3,2,1,64,13
T4,3,1,25,1
T5,4,0,200,22
T6,5,0,191,2
[353]
T1,0,1,107,8
T2,1,0,24,1
T3,2,1,200,33
T4,3,1,132,30
T5,4,1,86,7
T6,5,1,176,13
[354]
T1,0,0,63,2
T2,1,0,80,3
T3,2,1,186,2
T4,3,0,62,26
T5,4,0,28,4
T6,5,0,200,2
[355]
T1,0,1,150,14
T2,1,0,50,21
T3,2,1,60,3
T4,3,0,100,2
T5,4,1,200,13
T6,5,1,55,2
[356]
T1,0,0,30,8
T2,1,1,120,2
T3,2,0,84,7
T4,3,1,110,19
T5,4,1,175,13
T6,5,0,200,15
[357]
T1,0,1,200,8
T2,1,0,60,4
T3,2,1,170,22
T4,3,1,60,9
T5,4,0,100,1
T6,5,0,27,7
[358]
T1,0,1,104,5
T2,1,0,200,35
T3,2,1,84,1
T4,3,1,150,1
T5,4,1,89,15
T6,5,0,50,13
[359]
T1,0,0,21,2
T2,1,1,200,26
T3,2,1,196,29
T4,3,0,57,6
T5,4,0,111,2
T6,5,0,75,20
[360]
T1,0,1,200,32
T2,1,1,72,30
T3,2,0,135,4
T4,3,1,110,4
T5,4,0,30,2
T6,5,1,170,4
[361]
T1,0,0,95,18
T2,1,0,122,6
T3,2,1,200,36
T4,3,1,190,19
T5,4,1,20,2
T6,5,1,70,8
[362]
T1,0,1,102,12
T2,1,1,112,10
T3,2,1,175,3
T4,3,0,87,8
T5,4,0,200,61
T6,5,0,29,1
[363]
T1,0,0,135,4
T2,1,1,144,27
T3,2,0,200,29
T4,3,1,44,10
T5,4,1,175,10
T6,5,0,90,1
[364]
T1,0,0,121,4
T2,1,0,144,3
T3,2,0,200,3
T4,3,1,184,51
T5,4,1,30,6
T6,5,0,144,15
[365]
T1,0,1,32,5
T2,1,0,88,12
T3,2,1,84,7
T4,3,0,84,12
T5,4,1,176,11
T6,5,0,200,18
[366]
T1,0,0,140,6
T2,1,1,42,10
T3,2,0,152,17
T4,3,0,96,5
T5,4,1,54,11
T6,5,1,200,3
[367]
T1,0,0,100,4
T2,1,1,78,22
T3,2,0,200,7
T4,3,0,24,2
T5,4,0,126,14
T6,5,0,154,19
[368]
T1,0,1,73,2
T2,1,0,104,12
T3,2,0,100,23
T4,3,0,150,36
T5,4,0,28,2
T6,5,0,200,18
[369]
T1,0,0,165,45
T2,1,0,20,2
T3,2,1,103,28
T4,3,1,86,2
T5,4,0,200,1
T6,5,0,86,9
[370]
T1,0,0,143,13
T2,1,0,126,37
T3,2,0,25,1
T4,3,0,152,21
T5,4,1,200,2
T6,5,0,76,7
[371]
T1,0,1,106,12
T2,1,1,192,3
T3,2,0,30,9
T4,3,0,72,3
T5,4,1,54,2
T6,5,0,200,29
[372]
T1,0,0,123,17
T2,1,0,200,40
T3,2,0,35,2
T4,3,1,154,12
T5,4,1,80,2
T6,5,1,85,18
[373]
T1,0,0,130,3
T2,1,0,165,83
T3,2,1,146,16
T4,3,0,200,2
T5,4,1,36,2
T6,5,1,75,2
[374]
T1,0,1,75,6
T2,1,1,40,1
T3,2,0,55,13
T4,3,0,188,9
T5,4,0,76,18
T6,5,1,200,8
[375]
T1,0,0,172,7
T2,1,0,30,1
T3,2,0,90,15
T4,3,0,144,5
T5,4,1,135,27
T6,5,0,200,35
[376]
T1,0,0,196,23
T2,1,0,200,11
T3,2,0,133,5
T4,3,1,50,11
T5,4,0,75,12
T6,5,1,126,10
[377]
T1,0,1,132,15
T2,1,0,186,16
T3,2,1,200,43
T4,3,1,75,5
T5,4,1,40,7
T6,5,0,98,2
[378]
T1,0,0,21,2
T2,1,1,147,2
T3,2,1,178,72
T4,3,1,70,6
T5,4,1,105,3
T6,5,1,200,7
[379]
T1,0,0,200,13
T2,1,1,143,11
T3,2,1,108,2
T4,3,1,168,32
T5,4,1,24,2
T6,5,1,120,39
[380]
T1,0,0,100,8
T2,1,1,200,3
T3,2,1,45,13
T4,3,0,170,3
T5,4,1,116,21
T6,5,1,60,5
[381]
T1,0,1,200,1
T2,1,0,196,54
T3,2,0,132,33
T4,3,0,50,4
T5,4,1,140,4
T6,5,0,91,2
[382]
T1,0,1,80,1
T2,1,0,44,9
T3,2,0,180,4
T4,3,0,93,27
T5,4,1,105,5
T6,5,0,200,19
[383]
T1,0,0,35,2
T2,1,1,180,64
T3,2,0,200,4
T4,3,0,83,2
T5,4,1,57,6
T6,5,0,105,13
[384]
T1,0,1,57,2
T2,1,1,122,18
T3,2,0,200,18
T4,3,0,36,1
T5,4,1,64,17
T6,5,0,192,21
[385]
T1,0,0,162,6
T2,1,0,200,33
T3,2,0,54,2
T4,3,1,130,2
T5,4,1,50,1
T6,5,0,122,52
[386]
T1,0,1,102,2
T2,1,1,42,1
T3,2,0,105,6
T4,3,0,180,29
T5,4,1,81,17
T6,5,1,200,40
[387]
T1,0,0,22,2
T2,1,0,190,14
T3,2,1,68,12
T4,3,0,77,14
T5,4,0,110,7
T6,5,0,200,14
[388]
T1,0,1,200,18
T2,1,1,119,22
T3,2,0,40,7
T4,3,1,180,9
T5,4,1,100,8
T6,5,1,145,13
[389]
T1,0,1,111,36
T2,1,0,100,1
T3,2,1,170,24
T4,3,1,76,1
T5,4,1,200,33
T6,5,1,37,2
[390]
T1,0,1,83,5
T2,1,0,200,51
T3,2,0,78,13
T4,3,1,175,7
T5,4,1,75,1
T6,5,1,52,7
[391]
T1,0,1,175,2
T2,1,0,140,2
T3,2,0,200,74
T4,3,0,147,22
T5,4,0,83,11
T6,5,1,26,2
[392]
T1,0,1,200,43
T2,1,1,28,2
T3,2,0,162,25
T4,3,1,54,2
T5,4,0,75,20
T6,5,0,75,2
[393]
T1,0,1,70,11
T2,1,1,25,4
T3,2,0,200,2
T4,3,0,76,3
T5,4,1,112,14
T6,5,1,159,23
[394]
T1,0,1,120,9
T2,1,0,160,10
T3,2,1,110,14
T4,3,0,120,2
T5,4,0,26,4
T6,5,1,200,45
[395]
T1,0,0,200,29
T2,1,1,87,5
T3,2,0,90,9
T4,3,1,150,53
T5,4,0,47,1
T6,5,1,56,2
[396]
T1,0,1,116,1
T2,1,0,154,18
T3,2,1,50,11
T4,3,1,70,2
T5,4,0,131,40
T6,5,0,200,3
[397]
T1,0,1,60,11
T2,1,1,87,7
T3,2,1,200,2
T4,3,0,168,22
T5,4,1,147,5
T6,5,1,27,6
[398]
T1,0,0,155,26
T2,1,1,80,3
T3,2,0,25,2
T4,3,1,200,48
T5,4,1,80,5
T6,5,0,70,3
[399]
T1,0,1,126,30
T2,1,1,175,2
T3,2,0,34,2
T4,3,1,105,1
T5,4,0,100,9
T6,5,0,200,52
[400]
T1,0,0,112,8
T2,1,0,35,7
T3,2,1,101,10
T4,3,1,110,16
T5,4,0,200,15
T6,5,1,198,20
[401]
T1,0,1,200,35
T2,1,1,134,19
T3,2,1,84,6
T4,3,1,180,41
T5,4,0,35,2
T6,5,0,147,1
[402]
T1,0,1,101,2
T2,1,1,175,12
T3,2,0,95,4
T4,3,0,200,73
T5,4,0,34,3
T6,5,0,119,13
[403]
T1,0,1,200,111
T2,1,0,60,2
T3,2,0,137,2
T4,3,1,42,2
T5,4,0,119,8
T6,5,0,175,5
[404]
T1,0,0,67,1
T2,1,1,45,2
T3,2,1,150,65
T4,3,0,108,1
T5,4,0,200,17
T6,5,0,125,15
[405]
T1,0,0,57,2
T2,1,0,119,6
T3,2,1,190,28
T4,3,0,200,22
T5,4,0,25,1
T6,5,1,79,22
[406]
T1,0,0,200,8
T2,1,1,100,2
T3,2,0,110,35
T4,3,0,66,6
T5,4,0,41,1
T6,5,0,176,35
[407]
T1,0,1,154,35
T2,1,1,70,14
T3,2,1,200,2
T4,3,0,46,8
T5,4,0,102,1
T6,5,0,100,6
[408]
T1,0,1,121,5
T2,1,1,69,34
T3,2,1,200,9
T4,3,1,175,9
T5,4,1,25,2
T6,5,0,80,3
[409]
T1,0,0,140,34
T2,1,1,104,6
T3,2,0,70,12
T4,3,1,189,8
T5,4,0,20,2
T6,5,0,200,11
[410]
T1,0,1,91,16
T2,1,0,200,2
T3,2,0,81,6
T4,3,1,26,3
T5,4,1,175,5
T6,5,1,56,15
[411]
T1,0,1,104,8
T2,1,0,153,7
T3,2,0,102,8
T4,3,0,45,4
T5,4,1,96,1
T6,5,0,200,73
[412]
T1,0,0,74,14
T2,1,1,132,2
T3,2,1,175,41
T4,3,0,144,27
T5,4,0,20,2
T6,5,0,200,7
[413]
T1,0,1,64,1
T2,1,0,200,32
T3,2,0,68,5
T4,3,0,30,6
T5,4,0,160,29
T6,5,1,142,2
[414]
T1,0,0,140,10
T2,1,1,104,27
T3,2,1,184,2
T4,3,1,46,5
T5,4,0,75,11
T6,5,1,200,13
[415]
T1,0,1,200,39
T2,1,0,50,4
T3,2,0,104,24
T4,3,1,192,1
T5,4,0,57,7
T6,5,1,91,3
[416]
T1,0,1,54,2
T2,1,1,136,7
T3,2,0,200,2
T4,3,1,28,2
T5,4,0,189,72
T6,5,0,78,9
[417]
T1,0,0,144,5
T2,1,1,150,26
T3,2,1,50,2
T4,3,1,87,9
T5,4,1,200,1
T6,5,1,104,34
[418]
T1,0,1,78,18
T2,1,1,48,6
T3,2,0,200,10
T4,3,1,93,2
T5,4,0,160,20
T6,5,1,105,15
[419]
T1,0,0,195,19
T2,1,0,24,1
T3,2,1,80,31
T4,3,1,144,5
T5,4,0,200,15
T6,5,0,100,1
[420]
T1,0,1,80,1
T2,1,0,20,1
T3,2,0,150,2
T4,3,1,107,12
T5,4,1,200,76
T6,5,1,119,10
[421]
T1,0,0,131,19
T2,1,1,153,28
T3,2,0,200,9
T4,3,0,120,2
T5,4,0,45,8
T6,5,1,99,11
[422]
T1,0,0,200,19
T2,1,0,168,38
T3,2,1,84,2
T4,3,1,91,12
T5,4,1,48,7
T6,5,0,101,4
[423]
T1,0,0,200,16
T2,1,1,98,21
T3,2,1,35,8
T4,3,1,91,1
T5,4,1,94,2
T6,5,0,175,18
[424]
T1,0,0,97,14
T2,1,0,200,52
T3,2,1,122,2
T4,3,0,40,6
T5,4,1,100,7
T6,5,0,188,8
[425]
T1,0,0,200,20
T2,1,1,72,12
T3,2,1,182,7
T4,3,0,21,1
T5,4,1,60,17
T6,5,0,68,2
[426]
T1,0,1,116,9
T2,1,0,72,5
T3,2,1,200,25
T4,3,0,36,6
T5,4,1,117,22
T6,5,0,148,8
[427]
T1,0,0,106,13
T2,1,1,128,6
T3,2,0,160,69
T4,3,0,200,2
T5,4,0,20,1
T6,5,1,62,2
[428]
T1,0,0,50,5
T2,1,0,176,26
T3,2,1,72,5
T4,3,0,135,1
T5,4,0,75,21
T6,5,1,200,10
[429]
T1,0,0,27,5
T2,1,0,200,17
T3,2,0,175,8
T4,3,0,57,2
T5,4,1,57,3
T6,5,1,79,20
[430]
T1,0,1,58,1
T2,1,0,200,3
T3,2,0,150,38
T4,3,0,25,3
T5,4,1,77,17
T6,5,0,106,4
[431]
T1,0,1,134,5
T2,1,0,96,2
T3,2,1,184,28
T4,3,1,200,22
T5,4,1,24,1
T6,5,0,128,36
[432]
T1,0,0,106,5
T2,1,1,200,44
T3,2,0,175,1
T4,3,0,45,14
T5,4,1,106,5
T6,5,0,105,5
[433]
T1,0,0,200,32
T2,1,1,144,10
T3,2,0,24,2
T4,3,0,70,2
T5,4,0,171,54
T6,5,0,120,2
[434]
T1,0,1,55,4
T2,1,0,200,11
T3,2,1,100,8
T4,3,1,57,7
T5,4,1,50,1
T6,5,0,182,57
[435]
T1,0,0,172,17
T2,1,1,59,3
T3,2,0,20,1
T4,3,0,125,2
T5,4,0,76,3
T6,5,1,200,79
[436]
T1,0,0,189,36
T2,1,1,91,1
T3,2,1,63,7
T4,3,1,147,11
T5,4,0,42,1
T6,5,0,200,51
[437]
T1,0,0,130,11
T2,1,0,200,23
T3,2,1,150,9
T4,3,1,20,5
T5,4,1,138,5
T6,5,0,95,10
[438]
T1,0,0,22,2
T2,1,1,83,9
T3,2,0,75,7
T4,3,0,200,15
T5,4,0,150,26
T6,5,1,130,28
[439]
T1,0,0,135,9
T2,1,1,165,20
T3,2,1,135,12
T4,3,1,143,28
T5,4,1,52,7
T6,5,1,200,15
[440]
T1,0,0,20,3
T2,1,1,100,34
T3,2,1,88,10
T4,3,0,127,2
T5,4,1,176,3
T6,5,1,200,3
[441]
T1,0,0,130,33
T2,1,0,85,8
T3,2,1,200,29
T4,3,0,68,2
T5,4,1,195,9
T6,5,0,20,2
[442]
T1,0,1,160,7
T2,1,0,101,4
T3,2,0,96,15
T4,3,1,20,7
T5,4,0,200,10
T6,5,0,78,2
[443]
T1,0,1,189,9
T2,1,1,75,13
T3,2,1,200,6
T4,3,0,145,30
T5,4,1,90,11
T6,5,0,54,5
[444]
T1,0,0,165,28
T2,1,1,98,7
T3,2,0,80,9
T4,3,0,30,2
T5,4,0,78,14
T6,5,0,200,19
[445]
T1,0,0,95,3
T2,1,1,200,17
T3,2,1,150,5
T4,3,0,134,8
T5,4,0,25,2
T6,5,0,144,63
[446]
T1,0,1,156,2
T2,1,0,64,27
T3,2,0,130,4
T4,3,0,39,2
T5,4,1,103,14
T6,5,0,200,6
[447]
T1,0,1,142,20
T2,1,1,150,15
T3,2,1,72,6
T4,3,0,42,2
T5,4,1,200,22
T6,5,1,57,14
[448]
T1,0,0,196,46
T2,1,0,88,15
T3,2,1,22,2
T4,3,0,55,7
T5,4,0,77,7
T6,5,1,200,5
[449]
T1,0,0,140,5
T2,1,1,57,5
T3,2,1,21,2
T4,3,1,111,7
T5,4,0,200,3
T6,5,1,175,79
[450]
T1,0,1,78,3
T2,1,0,200,23
T3,2,0,195,19
T4,3,0,48,2
T5,4,1,56,15
T6,5,0,105,16
[451]
T1,0,0,147,11
T2,1,0,120,29
T3,2,1,200,40
T4,3,0,128,1
T5,4,1,24,1
T6,5,0,171,17
[452]
T1,0,0,65,11
T2,1,1,71,5
T3,2,0,94,20
T4,3,0,200,11
T5,4,0,20,1
T6,5,0,156,11
[453]
T1,0,1,120,6
T2,1,0,52,2
T3,2,0,200,11
T4,3,0,164,3
T5,4,1,80,34
T6,5,1,118,10
[454]
T1,0,0,50,7
T2,1,0,155,21
T3,2,1,61,3
T4,3,1,83,16
T5,4,0,80,2
T6,5,1,200,25
[455]
T1,0,0,74,11
T2,1,1,200,18
T3,2,1,56,10
T4,3,0,185,26
T5,4,0,26,1
T6,5,1,96,8
[456]
T1,0,0,28,2
T2,1,0,83,5
T3,2,1,100,1
T4,3,0,200,14
T5,4,1,196,98
T6,5,0,82,3
[457]
T1,0,1,68,11
T2,1,0,175,25
T3,2,1,200,16
T4,3,0,28,4
T5,4,0,89,12
T6,5,0,112,2
[458]
T1,0,0,82,2
T2,1,1,61,2
T3,2,0,160,37
T4,3,1,100,2
T5,4,1,42,1
T6,5,1,200,75
[459]
T1,0,1,200,10
T2,1,0,136,11
T3,2,0,64,18
T4,3,0,44,8
T5,4,0,156,4
T6,5,0,100,6
[460]
T1,0,1,60,7
T2,1,0,192,2
T3,2,1,60,3
T4,3,0,120,5
T5,4,1,200,63
T6,5,1,36,5
[461]
T1,0,1,125,20
T2,1,0,24,5
T3,2,0,140,14
T4,3,1,161,5
T5,4,1,66,1
T6,5,0,200,33
[462]
T1,0,0,58,4
T2,1,1,73,1
T3,2,0,145,23
T4,3,1,163,21
T5,4,0,200,59
T6,5,0,25,2
[463]
T1,0,0,81,2
T2,1,0,165,4
T3,2,1,200,12
T4,3,1,129,33
T5,4,0,44,9
T6,5,0,100,10
[464]
T1,0,1,81,2
T2,1,0,73,20
T3,2,0,165,11
T4,3,0,135,27
T5,4,1,200,7
T6,5,0,24,1
[465]
T1,0,0,160,2
T2,1,1,72,11
T3,2,1,50,8
T4,3,0,85,12
T5,4,1,200,33
T6,5,0,85,4
[466]
T1,0,1,200,2
T2,1,1,73,7
T3,2,1,128,5
T4,3,0,54,13
T5,4,0,189,13
T6,5,1,100,21
[467]
T1,0,0,95,10
T2,1,0,55,13
T3,2,0,136,15
T4,3,1,20,1
T5,4,0,180,7
T6,5,0,200,25
[468]
T1,0,1,54,2
T2,1,0,156,35
T3,2,0,26,1
T4,3,1,72,21
T5,4,1,200,6
T6,5,1,60,5
[469]
T1,0,0,87,2
T2,1,0,54,6
T3,2,0,48,9
T4,3,0,156,40
T5,4,0,116,2
T6,5,0,200,11
[470]
T1,0,0,140,5
T2,1,0,200,52
T3,2,1,140,18
T4,3,0,95,8
T5,4,0,35,2
T6,5,0,197,31
[471]
T1,0,1,195,32
T2,1,1,127,22
T3,2,0,130,2
T4,3,1,75,17
T5,4,0,52,3
T6,5,0,200,9
[472]
T1,0,1,200,11
T2,1,0,120,2
T3,2,0,75,10
T4,3,0,69,3
T5,4,1,20,1
T6,5,0,195,73
[473]
T1,0,0,175,22
T2,1,0,38,9
T3,2,0,90,15
T4,3,1,200,12
T5,4,1,140,4
T6,5,1,96,5
[474]
T1,0,0,144,16
T2,1,1,120,1
T3,2,0,200,20
T4,3,0,127,12
T5,4,1,52,10
T6,5,1,165,29
[475]
T1,0,1,200,8
T2,1,0,56,2
T3,2,0,63,27
T4,3,0,190,13
T5,4,0,40,3
T6,5,1,140,9
[476]
T1,0,0,170,5
T2,1,1,72,17
T3,2,0,83,20
T4,3,1,32,1
T5,4,0,200,20
T6,5,1,135,3
[477]
T1,0,0,45,3
T2,1,0,127,15
T3,2,1,72,9
T4,3,0,172,47
T5,4,0,200,14
T6,5,0,108,1
[478]
T1,0,0,67,4
T2,1,1,200,5
T3,2,0,168,4
T4,3,0,142,62
T5,4,1,25,1
T6,5,0,134,8
[479]
T1,0,0,197,18
T2,1,0,200,12
T3,2,0,100,9
T4,3,0,62,4
T5,4,1,23,4
T6,5,1,115,19
[480]
T1,0,0,200,2
T2,1,1,126,22
T3,2,1,77,31
T4,3,0,135,6
T5,4,1,189,4
T6,5,0,42,1
[481]
T1,0,0,90,2
T2,1,1,198,47
T3,2,1,54,13
T4,3,0,44,7
T5,4,1,200,2
T6,5,1,135,2
[482]
T1,0,0,50,2
T2,1,0,81,2
T3,2,1,192,14
T4,3,1,64,5
T5,4,1,200,16
T6,5,1,69,31
[483]
T1,0,0,130,63
T2,1,0,26,2
T3,2,1,176,11
T4,3,0,112,3
T5,4,0,200,5
T6,5,1,85,6
[484]
T1,0,1,107,16
T2,1,1,200,6
T3,2,0,40,2
T4,3,0,76,31
T5,4,0,198,4
T6,5,1,72,2
[485]
T1,0,0,27,2
T2,1,0,124,25
T3,2,1,200,37
T4,3,0,119,4
T5,4,1,93,10
T6,5,1,162,20
[486]
T1,0,0,100,3
T2,1,1,50,14
T3,2,0,154,30
T4,3,0,72,1
T5,4,1,140,19
T6,5,0,200,2
[487]
T1,0,1,48,4
T2,1,0,116,19
T3,2,0,55,6
T4,3,0,150,3
T5,4,0,200,8
T6,5,1,124,32
[488]
T1,0,1,165,10
T2,1,0,116,17
T3,2,0,132,10
T4,3,0,200,21
T5,4,1,117,5
T6,5,0,36,9
[489]
T1,0,0,108,15
T2,1,0,140,19
T3,2,0,200,2
T4,3,1,153,2
T5,4,1,20,2
T6,5,0,60,16
[490]
T1,0,1,62,3
T2,1,1,200,66
T3,2,0,20,1
T4,3,0,93,15
T5,4,0,148,1
T6,5,0,74,5
[491]
T1,0,1,32,3
T2,1,1,200,10
T3,2,1,137,2
T4,3,0,56,12
T5,4,1,75,5
T6,5,0,196,43
[492]
T1,0,0,117,8
T2,1,0,128,2
T3,2,0,135,2
T4,3,1,165,13
T5,4,1,200,78
T6,5,1,36,4
[493]
T1,0,0,200,32
T2,1,1,90,1
T3,2,1,115,28
T4,3,1,50,2
T5,4,1,79,6
T6,5,0,176,34
[494]
T1,0,1,200,33
T2,1,1,196,70
T3,2,0,125,1
T4,3,1,49,2
T5,4,0,68,8
T6,5,1,105,2
[495]
T1,0,1,200,6
T2,1,1,104,27
T3,2,0,52,3
T4,3,1,85,9
T5,4,0,156,10
T6,5,1,129,18
[496]
T1,0,1,101,4
T2,1,1,84,9
T3,2,0,20,2
T4,3,1,100,2
T5,4,0,200,21
T6,5,0,192,51
[497]
T1,0,0,105,11
T2,1,0,36,5
T3,2,0,81,7
T4,3,0,150,22
T5,4,1,110,6
T6,5,1,200,29
[498]
T1,0,1,92,3
T2,1,1,128,15
T3,2,1,200,59
T4,3,1,192,17
T5,4,1,25,2
T6,5,0,62,1
[499]
T1,0,1,136,4
T2,1,1,72,5
T3,2,1,200,35
T4,3,0,25,3
T5,4,0,123,22
T6,5,0,170,15
[500]
T1,0,0,111,12
T2,1,0,137,10
T3,2,0,200,26
T4,3,0,100,13
T5,4,1,185,28
T6,5,1,35,3
