num_task_per_taskset=9
num_taskset=500
//ID,Priority,Offset,Period,Execution Time
[1]
T1,0,0,98,2
T2,1,1,98,1
T3,2,1,27,2
T4,3,0,165,6
T5,4,1,77,2
T6,5,0,200,2
T7,6,0,198,9
T8,7,0,77,2
T9,8,1,36,1
[2]
T1,0,0,35,1
T2,1,1,120,2
T3,2,0,48,1
T4,3,1,112,2
T5,4,0,105,1
T6,5,0,200,2
T7,6,1,105,3
T8,7,1,168,4
T9,8,1,158,2
[3]
T1,0,0,189,2
T2,1,0,108,2
T3,2,0,130,1
T4,3,1,100,2
T5,4,0,60,1
T6,5,1,200,2
T7,6,0,26,1
T8,7,0,180,3
T9,8,0,40,2
[4]
T1,0,1,189,2
T2,1,0,180,9
T3,2,1,36,2
T4,3,0,88,3
T5,4,0,75,1
T6,5,1,99,2
T7,6,0,77,1
T8,7,0,200,2
T9,8,0,46,1
[5]
T1,0,1,200,2
T2,1,0,36,2
T3,2,1,133,2
T4,3,0,112,2
T5,4,0,105,1
T6,5,0,171,19
T7,6,0,168,2
T8,7,0,114,2
T9,8,0,35,2
[6]
T1,0,0,200,4
T2,1,0,135,2
T3,2,0,90,3
T4,3,1,45,1
T5,4,1,130,1
T6,5,1,23,1
T7,6,1,150,2
T8,7,1,168,2
T9,8,1,65,2
[7]
T1,0,1,200,12
T2,1,0,80,2
T3,2,0,100,2
T4,3,0,100,4
T5,4,1,40,1
T6,5,1,152,2
T7,6,1,25,2
T8,7,1,152,2
T9,8,0,98,1
[8]
T1,0,0,96,2
T2,1,0,93,1
T3,2,1,155,4
T4,3,0,50,1
T5,4,1,78,4
T6,5,1,155,1
T7,6,1,26,2
T8,7,0,200,4
T9,8,1,96,3
[9]
T1,0,1,175,10
T2,1,1,104,1
T3,2,0,100,1
T4,3,0,132,2
T5,4,0,200,4
T6,5,1,27,2
T7,6,1,26,1
T8,7,1,175,2
T9,8,0,140,1
[10]
T1,0,1,33,2
T2,1,0,60,2
T3,2,0,66,2
T4,3,1,200,5
T5,4,0,48,2
T6,5,0,150,3
T7,6,1,165,1
T8,7,1,55,3
T9,8,0,128,2
[11]
T1,0,0,105,8
T2,1,1,108,1
T3,2,1,80,2
T4,3,0,35,2
T5,4,1,168,1
T6,5,0,70,2
T7,6,1,200,1
T8,7,1,150,2
T9,8,1,38,2
[12]
T1,0,1,171,2
T2,1,1,30,2
T3,2,1,72,2
T4,3,0,26,2
T5,4,0,96,2
T6,5,1,160,6
T7,6,0,70,2
T8,7,1,200,3
T9,8,0,57,2
[13]
T1,0,1,21,2
T2,1,0,70,3
T3,2,1,63,2
T4,3,0,150,1
T5,4,0,56,2
T6,5,1,49,1
T7,6,1,200,7
T8,7,1,117,3
T9,8,1,175,1
[14]
T1,0,0,42,2
T2,1,1,20,2
T3,2,1,91,2
T4,3,1,182,4
T5,4,1,112,2
T6,5,1,60,2
T7,6,1,160,5
T8,7,1,200,8
T9,8,1,78,2
[15]
T1,0,0,22,2
T2,1,1,180,14
T3,2,1,44,3
T4,3,0,120,2
T5,4,1,200,2
T6,5,0,84,2
T7,6,1,98,2
T8,7,1,180,2
T9,8,1,66,2
[16]
T1,0,1,200,2
T2,1,0,168,11
T3,2,0,20,2
T4,3,0,63,1
T5,4,0,54,2
T6,5,0,84,2
T7,6,0,27,2
T8,7,0,100,2
T9,8,0,175,5
[17]
T1,0,0,180,3
T2,1,0,25,2
T3,2,0,76,4
T4,3,0,75,4
T5,4,0,54,2
T6,5,1,180,4
T7,6,0,41,2
T8,7,1,200,2
T9,8,0,144,2
[18]
T1,0,1,45,2
T2,1,1,37,2
T3,2,1,144,2
T4,3,1,80,1
T5,4,1,160,3
T6,5,0,200,2
T7,6,0,54,2
T8,7,1,150,2
T9,8,1,104,5
[19]
T1,0,0,44,2
T2,1,0,200,4
T3,2,1,182,6
T4,3,0,22,2
T5,4,0,88,2
T6,5,1,195,5
T7,6,0,77,3
T8,7,1,132,6
T9,8,0,104,2
[20]
T1,0,0,33,2
T2,1,1,110,2
T3,2,0,200,2
T4,3,0,110,2
T5,4,0,75,1
T6,5,1,22,2
T7,6,1,140,3
T8,7,0,150,7
T9,8,1,192,6
[21]
T1,0,1,200,1
T2,1,0,150,3
T3,2,1,140,6
T4,3,1,105,3
T5,4,0,150,1
T6,5,0,65,2
T7,6,0,41,2
T8,7,0,112,4
T9,8,0,32,2
[22]
T1,0,1,70,2
T2,1,0,45,1
T3,2,0,160,7
T4,3,0,25,2
T5,4,0,56,1
T6,5,1,103,2
T7,6,0,160,1
T8,7,0,200,2
T9,8,1,70,3
[23]
T1,0,0,93,2
T2,1,1,176,5
T3,2,0,52,2
T4,3,1,150,15
T5,4,1,200,2
T6,5,1,120,1
T7,6,0,66,2
T8,7,0,96,1
T9,8,1,20,2
[24]
T1,0,0,52,2
T2,1,0,154,1
T3,2,1,20,2
T4,3,1,200,9
T5,4,1,184,13
T6,5,0,110,2
T7,6,1,77,2
T8,7,0,112,1
T9,8,1,92,2
[25]
T1,0,0,105,1
T2,1,0,60,2
T3,2,1,34,1
T4,3,0,165,2
T5,4,0,25,2
T6,5,1,200,2
T7,6,0,68,2
T8,7,0,168,2
T9,8,1,66,7
[26]
T1,0,1,192,2
T2,1,0,200,2
T3,2,0,36,1
T4,3,0,96,1
T5,4,1,24,2
T6,5,0,192,5
T7,6,1,90,1
T8,7,1,80,5
T9,8,1,140,2
[27]
T1,0,1,108,2
T2,1,1,72,1
T3,2,0,26,1
T4,3,0,108,3
T5,4,0,176,2
T6,5,1,105,2
T7,6,1,175,3
T8,7,0,200,2
T9,8,1,44,1
[28]
T1,0,1,49,2
T2,1,0,88,2
T3,2,1,96,2
T4,3,1,180,13
T5,4,1,175,2
T6,5,0,20,2
T7,6,0,200,6
T8,7,1,99,3
T9,8,1,105,2
[29]
T1,0,0,24,1
T2,1,1,90,3
T3,2,1,180,2
T4,3,0,180,2
T5,4,0,87,2
T6,5,1,200,7
T7,6,0,40,2
T8,7,1,72,2
T9,8,0,128,1
[30]
T1,0,0,47,1
T2,1,1,63,2
T3,2,1,161,3
T4,3,0,90,2
T5,4,0,180,3
T6,5,1,72,2
T7,6,1,20,2
T8,7,1,200,1
T9,8,1,84,2
[31]
T1,0,1,195,1
T2,1,0,156,1
T3,2,1,200,9
T4,3,0,130,3
T5,4,1,56,1
T6,5,1,72,2
T7,6,1,20,2
T8,7,0,21,2
T9,8,0,56,3
[32]
T1,0,1,150,4
T2,1,1,50,2
T3,2,1,84,3
T4,3,0,200,2
T5,4,0,25,2
T6,5,0,80,2
T7,6,0,138,1
T8,7,0,184,2
T9,8,1,92,6
[33]
T1,0,0,195,4
T2,1,1,84,2
T3,2,1,200,5
T4,3,0,38,1
T5,4,1,120,2
T6,5,0,20,1
T7,6,0,75,2
T8,7,1,156,3
T9,8,1,102,2
[34]
T1,0,1,168,3
T2,1,0,200,4
T3,2,0,32,2
T4,3,0,144,2
T5,4,1,69,2
T6,5,1,92,1
T7,6,1,50,2
T8,7,0,150,2
T9,8,1,92,7
[35]
T1,0,0,54,3
T2,1,0,47,2
T3,2,0,96,6
T4,3,1,184,2
T5,4,1,200,1
T6,5,0,54,2
T7,6,1,54,1
T8,7,0,48,2
T9,8,1,150,2
[36]
T1,0,0,200,3
T2,1,0,47,2
T3,2,0,132,2
T4,3,0,30,2
T5,4,0,150,1
T6,5,0,110,2
T7,6,0,75,9
T8,7,1,168,5
T9,8,0,99,2
[37]
T1,0,1,100,2
T2,1,0,55,1
T3,2,1,176,7
T4,3,0,49,2
T5,4,1,200,5
T6,5,0,55,1
T7,6,1,192,2
T8,7,0,50,2
T9,8,0,72,2
[38]
T1,0,1,41,1
T2,1,1,48,2
T3,2,0,144,3
T4,3,1,84,2
T5,4,0,110,1
T6,5,0,175,4
T7,6,1,135,7
T8,7,0,200,1
T9,8,0,168,5
[39]
T1,0,0,39,2
T2,1,0,140,2
T3,2,1,132,3
T4,3,0,200,15
T5,4,0,168,1
T6,5,1,196,7
T7,6,0,147,4
T8,7,0,49,2
T9,8,1,147,2
[40]
T1,0,1,150,1
T2,1,0,84,2
T3,2,1,200,2
T4,3,0,28,2
T5,4,1,105,5
T6,5,0,36,2
T7,6,0,150,1
T8,7,0,100,7
T9,8,1,104,2
[41]
T1,0,1,40,2
T2,1,1,200,3
T3,2,1,55,3
T4,3,1,120,2
T5,4,0,160,2
T6,5,0,21,2
T7,6,1,70,3
T8,7,0,99,1
T9,8,0,198,2
[42]
T1,0,0,200,8
T2,1,1,22,2
T3,2,0,54,2
T4,3,0,96,7
T5,4,0,52,1
T6,5,1,96,1
T7,6,1,117,2
T8,7,0,150,2
T9,8,0,195,1
[43]
T1,0,1,27,2
T2,1,1,90,2
T3,2,0,200,5
T4,3,1,192,6
T5,4,0,171,3
T6,5,1,100,1
T7,6,1,20,2
T8,7,1,120,4
T9,8,1,96,1
[44]
T1,0,0,152,16
T2,1,0,56,1
T3,2,0,42,2
T4,3,1,42,1
T5,4,1,133,2
T6,5,1,160,2
T7,6,0,200,1
T8,7,1,72,2
T9,8,0,76,1
[45]
T1,0,1,72,1
T2,1,0,20,2
T3,2,0,172,5
T4,3,0,29,2
T5,4,0,56,2
T6,5,1,180,2
T7,6,1,70,2
T8,7,0,120,2
T9,8,1,200,5
[46]
T1,0,0,96,2
T2,1,0,75,2
T3,2,0,110,2
T4,3,0,50,1
T5,4,0,168,12
T6,5,1,200,2
T7,6,1,48,2
T8,7,0,175,4
T9,8,0,77,1
[47]
T1,0,0,72,2
T2,1,0,68,2
T3,2,0,165,2
T4,3,0,102,3
T5,4,0,51,2
T6,5,0,200,6
T7,6,0,198,11
T8,7,0,32,1
T9,8,1,66,2
[48]
T1,0,0,42,2
T2,1,0,54,3
T3,2,1,150,3
T4,3,1,84,2
T5,4,0,23,2
T6,5,1,75,1
T7,6,0,168,3
T8,7,1,200,2
T9,8,1,132,5
[49]
T1,0,0,63,2
T2,1,1,84,1
T3,2,0,189,6
T4,3,1,80,6
T5,4,0,70,2
T6,5,1,176,2
T7,6,0,42,2
T8,7,1,200,3
T9,8,0,20,2
[50]
T1,0,0,63,2
T2,1,1,37,2
T3,2,0,48,1
T4,3,1,168,2
T5,4,1,200,9
T6,5,0,186,2
T7,6,0,72,2
T8,7,0,90,2
T9,8,0,144,3
[51]
T1,0,1,35,1
T2,1,0,200,8
T3,2,0,168,2
T4,3,1,175,2
T5,4,1,105,3
T6,5,1,77,2
T7,6,1,22,2
T8,7,0,66,2
T9,8,1,55,2
[52]
T1,0,0,138,6
T2,1,0,44,1
T3,2,0,100,1
T4,3,0,100,2
T5,4,0,138,2
T6,5,0,47,1
T7,6,1,200,7
T8,7,0,165,4
T9,8,1,198,2
[53]
T1,0,0,180,5
T2,1,1,37,2
T3,2,1,75,5
T4,3,0,70,2
T5,4,0,27,2
T6,5,0,200,1
T7,6,0,190,5
T8,7,1,57,1
T9,8,0,95,2
[54]
T1,0,1,130,3
T2,1,0,200,6
T3,2,0,132,3
T4,3,0,28,2
T5,4,1,182,6
T6,5,0,65,1
T7,6,0,132,2
T8,7,0,45,1
T9,8,0,168,3
[55]
T1,0,0,200,4
T2,1,1,140,3
T3,2,0,150,2
T4,3,0,36,1
T5,4,1,145,3
T6,5,1,175,10
T7,6,0,126,1
T8,7,0,46,2
T9,8,0,100,2
[56]
T1,0,0,72,2
T2,1,0,108,2
T3,2,1,104,2
T4,3,0,30,2
T5,4,1,38,1
T6,5,1,75,1
T7,6,1,169,2
T8,7,1,200,10
T9,8,0,180,4
[57]
T1,0,0,96,1
T2,1,0,150,5
T3,2,1,55,4
T4,3,0,100,2
T5,4,1,110,2
T6,5,1,150,1
T7,6,0,35,2
T8,7,1,200,2
T9,8,1,28,2
[58]
T1,0,0,150,1
T2,1,1,200,4
T3,2,0,182,10
T4,3,1,46,1
T5,4,1,120,1
T6,5,1,143,4
T7,6,0,42,2
T8,7,0,110,2
T9,8,0,100,2
[59]
T1,0,1,200,2
T2,1,0,95,2
T3,2,1,152,3
T4,3,0,152,4
T5,4,0,30,1
T6,5,1,108,1
T7,6,1,100,3
T8,7,1,120,2
T9,8,0,36,2
[60]
T1,0,1,88,2
T2,1,0,200,2
T3,2,1,160,2
T4,3,1,75,5
T5,4,0,37,2
T6,5,0,56,2
T7,6,1,35,1
T8,7,0,198,2
T9,8,0,132,1
[61]
T1,0,1,30,2
T2,1,1,150,2
T3,2,0,52,1
T4,3,0,105,3
T5,4,1,78,3
T6,5,1,77,2
T7,6,1,100,3
T8,7,1,200,4
T9,8,1,156,2
[62]
T1,0,0,153,2
T2,1,1,21,2
T3,2,0,48,1
T4,3,0,96,3
T5,4,0,200,4
T6,5,1,126,3
T7,6,0,105,3
T8,7,0,150,1
T9,8,0,105,1
[63]
T1,0,0,175,6
T2,1,1,126,6
T3,2,0,156,2
T4,3,0,26,2
T5,4,1,39,2
T6,5,1,84,2
T7,6,1,104,2
T8,7,0,125,2
T9,8,1,200,6
[64]
T1,0,1,100,1
T2,1,0,140,8
T3,2,1,40,2
T4,3,0,200,4
T5,4,0,70,2
T6,5,0,54,2
T7,6,1,196,2
T8,7,0,105,1
T9,8,1,170,1
[65]
T1,0,0,63,1
T2,1,1,150,6
T3,2,0,84,2
T4,3,1,77,1
T5,4,0,200,1
T6,5,1,160,5
T7,6,0,42,2
T8,7,0,44,2
T9,8,1,112,3
[66]
T1,0,0,189,2
T2,1,0,35,2
T3,2,1,75,2
T4,3,1,46,1
T5,4,0,120,3
T6,5,0,200,2
T7,6,1,120,6
T8,7,0,156,2
T9,8,0,104,2
[67]
T1,0,1,189,4
T2,1,1,35,2
T3,2,0,133,2
T4,3,0,200,13
T5,4,0,56,2
T6,5,1,189,3
T7,6,0,30,2
T8,7,1,90,2
T9,8,1,135,1
[68]
T1,0,1,32,2
T2,1,0,60,1
T3,2,1,200,4
T4,3,0,165,2
T5,4,1,88,2
T6,5,1,198,1
T7,6,0,132,2
T8,7,0,70,4
T9,8,0,36,2
[69]
T1,0,0,200,1
T2,1,1,64,1
T3,2,0,160,7
T4,3,0,55,2
T5,4,0,180,4
T6,5,0,39,2
T7,6,1,120,6
T8,7,1,40,1
T9,8,0,135,2
[70]
T1,0,1,30,2
T2,1,1,196,2
T3,2,0,35,2
T4,3,0,98,7
T5,4,0,200,6
T6,5,0,64,2
T7,6,0,128,2
T8,7,1,105,2
T9,8,0,168,2
[71]
T1,0,0,144,2
T2,1,1,200,1
T3,2,0,72,2
T4,3,0,168,4
T5,4,0,126,1
T6,5,0,52,2
T7,6,1,70,5
T8,7,1,196,3
T9,8,1,49,1
[72]
T1,0,0,189,1
T2,1,0,110,2
T3,2,1,33,2
T4,3,1,200,2
T5,4,1,80,1
T6,5,0,53,1
T7,6,1,132,6
T8,7,0,168,2
T9,8,0,63,1
[73]
T1,0,1,150,5
T2,1,1,98,2
T3,2,0,24,1
T4,3,1,70,2
T5,4,1,175,8
T6,5,1,200,2
T7,6,1,60,1
T8,7,0,31,2
T9,8,0,60,2
[74]
T1,0,0,32,2
T2,1,0,96,4
T3,2,0,192,7
T4,3,0,22,2
T5,4,0,114,5
T6,5,1,200,4
T7,6,1,100,2
T8,7,1,171,2
T9,8,0,90,2
[75]
T1,0,0,27,2
T2,1,1,130,2
T3,2,1,60,2
T4,3,1,192,2
T5,4,0,200,4
T6,5,1,54,2
T7,6,0,150,10
T8,7,0,46,2
T9,8,0,117,8
[76]
T1,0,1,108,2
T2,1,0,43,2
T3,2,1,180,17
T4,3,0,25,2
T5,4,1,126,2
T6,5,0,200,2
T7,6,1,90,3
T8,7,0,120,1
T9,8,0,190,2
[77]
T1,0,1,100,5
T2,1,1,200,2
T3,2,0,56,1
T4,3,0,189,1
T5,4,1,28,1
T6,5,0,66,2
T7,6,0,168,4
T8,7,0,63,2
T9,8,1,26,2
[78]
T1,0,0,161,4
T2,1,1,52,2
T3,2,0,56,2
T4,3,0,65,2
T5,4,0,53,1
T6,5,0,70,6
T7,6,1,175,1
T8,7,1,80,2
T9,8,0,200,5
[79]
T1,0,1,56,1
T2,1,1,108,2
T3,2,1,126,5
T4,3,1,53,2
T5,4,0,70,2
T6,5,0,192,2
T7,6,1,25,2
T8,7,0,200,16
T9,8,1,175,1
[80]
T1,0,0,160,2
T2,1,1,40,2
T3,2,0,99,1
T4,3,1,150,5
T5,4,1,27,2
T6,5,1,125,2
T7,6,1,100,2
T8,7,0,66,2
T9,8,1,200,14
[81]
T1,0,1,112,2
T2,1,0,200,1
T3,2,0,53,2
T4,3,1,100,3
T5,4,1,35,2
T6,5,1,56,2
T7,6,0,182,5
T8,7,1,98,1
T9,8,1,156,1
[82]
T1,0,1,200,2
T2,1,1,22,2
T3,2,1,84,2
T4,3,0,124,2
T5,4,1,186,2
T6,5,0,32,1
T7,6,0,84,5
T8,7,1,80,4
T9,8,0,160,2
[83]
T1,0,0,200,2
T2,1,0,48,2
T3,2,0,29,2
T4,3,1,120,1
T5,4,0,120,5
T6,5,0,172,12
T7,6,1,150,2
T8,7,0,95,2
T9,8,0,100,2
[84]
T1,0,0,20,2
T2,1,1,162,7
T3,2,1,80,2
T4,3,0,49,2
T5,4,1,198,1
T6,5,1,108,2
T7,6,1,144,2
T8,7,1,200,15
T9,8,0,55,1
[85]
T1,0,0,104,5
T2,1,0,182,3
T3,2,0,42,1
T4,3,1,200,2
T5,4,1,182,2
T6,5,1,140,8
T7,6,1,75,2
T8,7,0,96,2
T9,8,1,21,2
[86]
T1,0,0,133,3
T2,1,0,57,1
T3,2,0,28,2
T4,3,0,44,2
T5,4,0,66,1
T6,5,0,110,1
T7,6,0,150,1
T8,7,0,152,5
T9,8,0,200,2
[87]
T1,0,1,100,1
T2,1,1,40,1
T3,2,0,182,2
T4,3,0,55,2
T5,4,1,100,2
T6,5,0,84,4
T7,6,0,200,2
T8,7,0,150,2
T9,8,0,21,1
[88]
T1,0,0,182,3
T2,1,0,130,3
T3,2,1,189,2
T4,3,0,91,3
T5,4,0,200,6
T6,5,0,32,2
T7,6,0,40,2
T8,7,0,54,2
T9,8,0,60,1
[89]
T1,0,0,171,1
T2,1,0,56,2
T3,2,0,46,2
T4,3,1,189,2
T5,4,0,54,2
T6,5,1,200,4
T7,6,0,105,5
T8,7,0,57,1
T9,8,1,30,2
[90]
T1,0,1,154,7
T2,1,0,20,2
T3,2,1,55,1
T4,3,0,84,1
T5,4,0,160,2
T6,5,0,200,2
T7,6,1,99,1
T8,7,1,47,2
T9,8,1,100,4
[91]
T1,0,1,75,1
T2,1,1,40,2
T3,2,0,92,2
T4,3,1,75,2
T5,4,0,31,2
T6,5,1,175,4
T7,6,0,70,2
T8,7,1,200,7
T9,8,1,175,5
[92]
T1,0,0,33,1
T2,1,1,189,3
T3,2,0,60,1
T4,3,0,108,1
T5,4,1,46,2
T6,5,0,200,4
T7,6,0,168,2
T8,7,0,105,3
T9,8,1,72,2
[93]
T1,0,1,104,2
T2,1,1,60,2
T3,2,1,104,2
T4,3,0,150,4
T5,4,1,88,4
T6,5,0,195,1
T7,6,0,200,4
T8,7,1,28,2
T9,8,0,33,2
[94]
T1,0,0,200,4
T2,1,1,60,1
T3,2,1,180,6
T4,3,0,96,3
T5,4,1,105,2
T6,5,0,43,2
T7,6,0,72,2
T8,7,0,162,3
T9,8,1,32,2
[95]
T1,0,1,200,17
T2,1,1,187,3
T3,2,1,132,1
T4,3,1,80,1
T5,4,1,187,2
T6,5,0,102,2
T7,6,0,23,2
T8,7,1,32,2
T9,8,0,136,2
[96]
T1,0,0,63,2
T2,1,1,36,2
T3,2,0,200,11
T4,3,1,140,6
T5,4,1,60,1
T6,5,0,182,2
T7,6,1,100,2
T8,7,0,182,3
T9,8,1,47,2
[97]
T1,0,1,54,2
T2,1,0,23,2
T3,2,1,40,2
T4,3,0,195,3
T5,4,1,200,6
T6,5,0,66,2
T7,6,1,78,2
T8,7,1,78,3
T9,8,0,198,2
[98]
T1,0,0,84,2
T2,1,0,42,2
T3,2,0,100,2
T4,3,0,154,4
T5,4,0,175,10
T6,5,0,128,1
T7,6,1,64,1
T8,7,0,36,2
T9,8,0,200,8
[99]
T1,0,0,42,2
T2,1,1,91,1
T3,2,1,200,4
T4,3,0,20,2
T5,4,0,56,3
T6,5,0,150,7
T7,6,1,90,2
T8,7,1,144,2
T9,8,0,150,2
[100]
T1,0,1,120,4
T2,1,1,168,3
T3,2,1,72,2
T4,3,0,96,2
T5,4,1,200,2
T6,5,1,150,10
T7,6,1,27,2
T8,7,0,45,2
T9,8,1,147,2
[101]
T1,0,1,200,1
T2,1,0,24,2
T3,2,1,180,6
T4,3,0,160,1
T5,4,1,51,2
T6,5,1,104,1
T7,6,0,65,2
T8,7,1,60,2
T9,8,0,96,7
[102]
T1,0,0,126,2
T2,1,0,198,2
T3,2,1,189,6
T4,3,0,200,2
T5,4,1,135,8
T6,5,0,46,2
T7,6,1,48,1
T8,7,0,110,1
T9,8,1,120,3
[103]
T1,0,0,35,2
T2,1,0,200,2
T3,2,1,72,1
T4,3,0,23,2
T5,4,0,62,5
T6,5,1,120,2
T7,6,1,186,2
T8,7,0,62,2
T9,8,0,155,4
[104]
T1,0,1,69,2
T2,1,1,100,7
T3,2,1,66,2
T4,3,0,198,2
T5,4,0,200,7
T6,5,0,20,2
T7,6,1,20,2
T8,7,1,176,6
T9,8,0,72,2
[105]
T1,0,1,200,3
T2,1,1,125,2
T3,2,1,22,2
T4,3,1,42,3
T5,4,0,72,2
T6,5,0,72,2
T7,6,1,160,1
T8,7,1,150,1
T9,8,0,72,2
[106]
T1,0,1,176,2
T2,1,1,72,1
T3,2,1,143,2
T4,3,1,200,13
T5,4,1,78,2
T6,5,0,165,1
T7,6,0,29,2
T8,7,1,80,2
T9,8,1,48,2
[107]
T1,0,0,84,1
T2,1,0,200,6
T3,2,0,69,2
T4,3,1,84,5
T5,4,1,175,6
T6,5,0,180,2
T7,6,1,45,2
T8,7,1,80,2
T9,8,1,41,2
[108]
T1,0,0,84,2
T2,1,1,27,2
T3,2,0,110,3
T4,3,1,25,1
T5,4,0,112,2
T6,5,0,200,3
T7,6,1,154,2
T8,7,0,126,3
T9,8,1,180,3
[109]
T1,0,1,176,1
T2,1,1,192,7
T3,2,0,55,2
T4,3,0,200,2
T5,4,1,110,4
T6,5,1,77,2
T7,6,1,55,2
T8,7,0,53,1
T9,8,0,32,1
[110]
T1,0,0,128,2
T2,1,1,140,6
T3,2,0,160,14
T4,3,1,200,8
T5,4,1,105,2
T6,5,1,30,2
T7,6,0,22,2
T8,7,1,100,2
T9,8,1,160,2
[111]
T1,0,0,44,2
T2,1,1,96,2
T3,2,0,192,6
T4,3,1,112,2
T5,4,1,200,6
T6,5,0,115,1
T7,6,0,96,3
T8,7,0,175,3
T9,8,1,24,2
[112]
T1,0,1,150,3
T2,1,1,44,2
T3,2,0,140,6
T4,3,1,63,2
T5,4,0,126,1
T6,5,1,185,12
T7,6,1,56,1
T8,7,0,200,2
T9,8,1,50,2
[113]
T1,0,1,78,4
T2,1,1,25,2
T3,2,1,182,8
T4,3,0,168,1
T5,4,0,108,3
T6,5,0,117,2
T7,6,0,42,2
T8,7,0,200,2
T9,8,0,117,2
[114]
T1,0,0,35,1
T2,1,0,54,1
T3,2,0,84,2
T4,3,1,63,1
T5,4,1,200,3
T6,5,1,27,2
T7,6,1,154,7
T8,7,0,198,2
T9,8,0,132,2
[115]
T1,0,0,200,6
T2,1,1,175,2
T3,2,1,128,2
T4,3,1,120,9
T5,4,0,20,2
T6,5,0,110,1
T7,6,0,56,1
T8,7,0,154,2
T9,8,0,28,2
[116]
T1,0,1,144,2
T2,1,0,200,4
T3,2,0,50,2
T4,3,0,28,2
T5,4,1,175,4
T6,5,1,144,2
T7,6,1,154,2
T8,7,0,84,2
T9,8,0,99,9
[117]
T1,0,0,66,2
T2,1,1,154,4
T3,2,1,100,2
T4,3,1,140,1
T5,4,1,72,2
T6,5,0,175,2
T7,6,1,200,2
T8,7,1,32,1
T9,8,1,48,1
[118]
T1,0,0,70,1
T2,1,0,100,4
T3,2,0,152,2
T4,3,0,42,2
T5,4,1,21,2
T6,5,1,125,2
T7,6,1,60,2
T8,7,1,200,1
T9,8,0,150,3
[119]
T1,0,0,45,2
T2,1,1,165,4
T3,2,1,120,5
T4,3,1,30,2
T5,4,1,147,2
T6,5,0,98,2
T7,6,1,70,3
T8,7,1,200,1
T9,8,1,165,4
[120]
T1,0,0,72,2
T2,1,0,200,1
T3,2,0,170,5
T4,3,1,34,2
T5,4,1,72,2
T6,5,0,128,1
T7,6,0,102,5
T8,7,1,40,1
T9,8,1,160,4
[121]
T1,0,1,22,2
T2,1,1,156,2
T3,2,0,105,2
T4,3,1,36,2
T5,4,1,63,1
T6,5,0,91,5
T7,6,1,200,2
T8,7,0,56,1
T9,8,0,168,2
[122]
T1,0,0,182,9
T2,1,1,91,2
T3,2,0,45,2
T4,3,1,28,2
T5,4,1,200,2
T6,5,1,91,2
T7,6,1,55,2
T8,7,1,168,10
T9,8,0,88,1
[123]
T1,0,0,24,1
T2,1,1,200,2
T3,2,1,54,2
T4,3,1,180,9
T5,4,1,105,2
T6,5,1,21,2
T7,6,1,54,2
T8,7,0,80,2
T9,8,0,165,1
[124]
T1,0,0,90,2
T2,1,0,63,2
T3,2,1,126,5
T4,3,1,200,3
T5,4,1,161,5
T6,5,1,150,2
T7,6,0,42,1
T8,7,1,138,4
T9,8,1,33,2
[125]
T1,0,1,168,2
T2,1,0,140,5
T3,2,0,87,2
T4,3,1,200,9
T5,4,0,75,2
T6,5,1,96,2
T7,6,0,150,2
T8,7,1,29,2
T9,8,0,30,1
[126]
T1,0,1,200,7
T2,1,1,55,2
T3,2,0,35,2
T4,3,0,108,4
T5,4,1,135,1
T6,5,0,52,2
T7,6,1,132,2
T8,7,0,195,13
T9,8,1,180,2
[127]
T1,0,1,22,2
T2,1,1,44,1
T3,2,0,160,6
T4,3,0,112,2
T5,4,0,104,2
T6,5,1,200,1
T7,6,0,88,2
T8,7,0,176,5
T9,8,0,65,2
[128]
T1,0,0,155,2
T2,1,1,78,2
T3,2,1,52,2
T4,3,1,60,2
T5,4,0,100,2
T6,5,0,120,4
T7,6,1,42,1
T8,7,1,200,5
T9,8,1,156,9
[129]
T1,0,1,98,2
T2,1,1,100,1
T3,2,0,147,2
T4,3,1,175,2
T5,4,1,192,4
T6,5,0,33,2
T7,6,0,75,1
T8,7,1,50,4
T9,8,0,200,1
[130]
T1,0,0,90,2
T2,1,0,32,2
T3,2,0,50,2
T4,3,0,132,5
T5,4,0,180,2
T6,5,0,200,2
T7,6,0,70,4
T8,7,1,140,2
T9,8,0,154,2
[131]
T1,0,0,189,2
T2,1,0,91,3
T3,2,1,144,2
T4,3,0,108,1
T5,4,0,182,4
T6,5,0,51,1
T7,6,1,200,1
T8,7,0,60,3
T9,8,1,24,2
[132]
T1,0,1,150,2
T2,1,1,195,2
T3,2,1,91,2
T4,3,0,126,2
T5,4,1,49,2
T6,5,1,140,6
T7,6,1,56,2
T8,7,0,20,2
T9,8,0,200,3
[133]
T1,0,1,24,2
T2,1,0,200,2
T3,2,0,84,1
T4,3,0,60,2
T5,4,0,75,2
T6,5,0,42,2
T7,6,0,170,4
T8,7,1,85,1
T9,8,1,180,16
[134]
T1,0,1,133,2
T2,1,1,42,2
T3,2,0,200,6
T4,3,0,105,3
T5,4,1,43,2
T6,5,1,160,3
T7,6,1,144,6
T8,7,1,150,3
T9,8,0,133,1
[135]
T1,0,0,190,7
T2,1,0,133,1
T3,2,1,63,1
T4,3,1,112,2
T5,4,0,50,1
T6,5,1,120,2
T7,6,1,43,2
T8,7,1,168,6
T9,8,1,200,8
[136]
T1,0,1,140,2
T2,1,1,36,2
T3,2,0,196,2
T4,3,1,90,1
T5,4,1,33,2
T6,5,1,200,3
T7,6,0,120,2
T8,7,1,56,3
T9,8,1,196,2
[137]
T1,0,1,144,3
T2,1,0,144,2
T3,2,1,45,1
T4,3,0,189,5
T5,4,0,200,13
T6,5,0,140,2
T7,6,0,34,2
T8,7,1,55,1
T9,8,1,180,2
[138]
T1,0,0,126,2
T2,1,0,26,2
T3,2,0,91,2
T4,3,0,160,2
T5,4,0,32,1
T6,5,0,200,2
T7,6,0,70,1
T8,7,0,90,2
T9,8,1,156,11
[139]
T1,0,0,72,4
T2,1,0,42,3
T3,2,0,32,2
T4,3,0,200,2
T5,4,0,160,2
T6,5,0,160,2
T7,6,1,86,2
T8,7,1,100,2
T9,8,0,129,2
[140]
T1,0,1,80,3
T2,1,1,99,2
T3,2,0,48,2
T4,3,1,75,1
T5,4,1,53,1
T6,5,0,165,6
T7,6,1,108,2
T8,7,1,200,2
T9,8,1,198,7
[141]
T1,0,1,88,2
T2,1,1,60,2
T3,2,0,112,2
T4,3,0,175,10
T5,4,0,34,1
T6,5,1,45,2
T7,6,1,154,5
T8,7,1,200,2
T9,8,1,105,2
[142]
T1,0,0,72,3
T2,1,0,117,1
T3,2,1,63,2
T4,3,0,31,1
T5,4,0,112,1
T6,5,0,45,2
T7,6,0,182,6
T8,7,0,195,2
T9,8,0,200,4
[143]
T1,0,1,192,1
T2,1,1,162,9
T3,2,1,54,2
T4,3,1,80,2
T5,4,1,64,2
T6,5,0,72,1
T7,6,0,29,2
T8,7,0,120,2
T9,8,1,200,2
[144]
T1,0,1,34,2
T2,1,0,112,1
T3,2,0,143,4
T4,3,1,176,12
T5,4,0,80,1
T6,5,0,22,2
T7,6,1,200,2
T8,7,1,175,5
T9,8,1,80,2
[145]
T1,0,1,56,2
T2,1,0,110,2
T3,2,0,54,1
T4,3,1,175,5
T5,4,1,21,2
T6,5,0,126,6
T7,6,0,180,2
T8,7,0,132,2
T9,8,0,200,2
[146]
T1,0,1,26,2
T2,1,1,135,3
T3,2,1,100,4
T4,3,0,20,2
T5,4,1,156,4
T6,5,0,200,2
T7,6,1,175,2
T8,7,1,91,4
T9,8,1,70,1
[147]
T1,0,0,175,9
T2,1,0,100,2
T3,2,0,32,2
T4,3,1,200,1
T5,4,0,20,2
T6,5,1,70,2
T7,6,1,64,2
T8,7,0,135,7
T9,8,0,175,4
[148]
T1,0,1,56,2
T2,1,1,35,2
T3,2,0,96,2
T4,3,0,198,9
T5,4,1,80,1
T6,5,1,165,2
T7,6,1,96,5
T8,7,0,41,2
T9,8,1,200,2
[149]
T1,0,1,200,1
T2,1,0,68,1
T3,2,1,51,2
T4,3,0,38,1
T5,4,1,144,3
T6,5,0,112,2
T7,6,0,170,8
T8,7,1,120,2
T9,8,1,175,5
[150]
T1,0,0,72,2
T2,1,1,102,1
T3,2,1,175,6
T4,3,0,200,7
T5,4,1,180,2
T6,5,0,119,6
T7,6,1,30,2
T8,7,0,27,2
T9,8,0,63,1
[151]
T1,0,0,120,8
T2,1,0,90,2
T3,2,1,120,2
T4,3,1,150,3
T5,4,0,30,2
T6,5,1,93,1
T7,6,1,175,2
T8,7,0,52,1
T9,8,1,200,8
[152]
T1,0,1,48,2
T2,1,1,190,3
T3,2,1,75,2
T4,3,1,20,1
T5,4,1,117,2
T6,5,0,156,2
T7,6,1,130,3
T8,7,0,65,2
T9,8,1,200,7
[153]
T1,0,0,198,7
T2,1,1,54,2
T3,2,1,43,2
T4,3,1,110,1
T5,4,1,200,4
T6,5,1,28,2
T7,6,0,132,11
T8,7,1,88,2
T9,8,0,176,1
[154]
T1,0,0,33,2
T2,1,1,31,2
T3,2,0,176,1
T4,3,0,180,9
T5,4,1,200,7
T6,5,0,60,2
T7,6,0,60,1
T8,7,1,95,2
T9,8,0,114,4
[155]
T1,0,0,85,2
T2,1,0,20,2
T3,2,0,120,4
T4,3,1,132,6
T5,4,1,170,2
T6,5,0,198,10
T7,6,1,200,1
T8,7,1,29,2
T9,8,0,90,2
[156]
T1,0,0,200,9
T2,1,1,102,2
T3,2,1,66,1
T4,3,0,120,4
T5,4,1,35,2
T6,5,0,165,2
T7,6,1,66,3
T8,7,1,175,1
T9,8,1,20,2
[157]
T1,0,1,85,2
T2,1,1,68,3
T3,2,1,58,1
T4,3,1,36,2
T5,4,1,200,7
T6,5,1,34,2
T7,6,0,75,1
T8,7,1,180,7
T9,8,0,174,1
[158]
T1,0,0,72,2
T2,1,1,175,2
T3,2,1,34,2
T4,3,0,49,2
T5,4,0,200,2
T6,5,0,168,12
T7,6,1,77,1
T8,7,0,60,2
T9,8,0,56,2
[159]
T1,0,0,80,2
T2,1,1,60,2
T3,2,1,150,2
T4,3,0,33,2
T5,4,0,33,1
T6,5,0,140,4
T7,6,0,99,2
T8,7,0,198,14
T9,8,0,200,7
[160]
T1,0,1,31,2
T2,1,1,200,6
T3,2,1,75,2
T4,3,0,84,2
T5,4,0,168,2
T6,5,0,168,3
T7,6,1,128,2
T8,7,0,49,1
T9,8,1,120,4
[161]
T1,0,1,170,1
T2,1,0,200,5
T3,2,1,60,1
T4,3,1,119,2
T5,4,1,119,1
T6,5,0,22,2
T7,6,0,36,2
T8,7,0,144,2
T9,8,1,175,6
[162]
T1,0,1,165,1
T2,1,0,176,1
T3,2,1,120,2
T4,3,1,20,2
T5,4,1,56,2
T6,5,1,200,9
T7,6,0,60,1
T8,7,1,22,2
T9,8,1,77,2
[163]
T1,0,0,90,1
T2,1,0,20,1
T3,2,0,200,2
T4,3,0,102,2
T5,4,0,35,2
T6,5,0,165,9
T7,6,0,88,2
T8,7,1,120,2
T9,8,1,176,6
[164]
T1,0,0,124,2
T2,1,0,80,2
T3,2,1,112,3
T4,3,0,50,2
T5,4,1,48,2
T6,5,1,175,8
T7,6,0,175,2
T8,7,1,200,4
T9,8,1,112,5
[165]
T1,0,0,72,2
T2,1,0,80,1
T3,2,1,96,2
T4,3,0,165,7
T5,4,0,200,3
T6,5,1,24,2
T7,6,1,168,4
T8,7,1,66,2
T9,8,0,22,1
[166]
T1,0,0,200,2
T2,1,0,195,3
T3,2,1,140,4
T4,3,0,112,2
T5,4,0,117,5
T6,5,1,26,2
T7,6,1,84,2
T8,7,1,24,2
T9,8,0,182,1
[167]
T1,0,1,56,1
T2,1,1,20,2
T3,2,1,29,2
T4,3,0,120,2
T5,4,1,120,6
T6,5,0,166,4
T7,6,0,168,6
T8,7,0,200,2
T9,8,0,83,1
[168]
T1,0,0,180,1
T2,1,1,176,3
T3,2,0,144,2
T4,3,0,200,1
T5,4,0,144,4
T6,5,1,48,1
T7,6,0,90,7
T8,7,1,32,2
T9,8,1,65,2
[169]
T1,0,1,119,2
T2,1,0,85,4
T3,2,1,70,2
T4,3,0,165,4
T5,4,0,30,1
T6,5,1,20,2
T7,6,0,200,2
T8,7,0,150,2
T9,8,1,66,2
[170]
T1,0,0,185,2
T2,1,0,55,1
T3,2,0,111,2
T4,3,0,198,5
T5,4,1,66,2
T6,5,0,200,13
T7,6,1,38,2
T8,7,0,111,1
T9,8,1,44,1
[171]
T1,0,0,162,1
T2,1,1,64,3
T3,2,0,200,2
T4,3,0,48,2
T5,4,0,25,2
T6,5,1,120,2
T7,6,0,192,7
T8,7,0,54,1
T9,8,1,120,2
[172]
T1,0,0,117,11
T2,1,0,140,2
T3,2,0,160,3
T4,3,0,130,2
T5,4,0,52,2
T6,5,1,160,2
T7,6,0,200,3
T8,7,1,75,1
T9,8,0,52,1
[173]
T1,0,0,126,1
T2,1,1,56,2
T3,2,0,200,3
T4,3,1,72,2
T5,4,1,180,10
T6,5,0,150,2
T7,6,1,38,2
T8,7,1,23,2
T9,8,1,120,7
[174]
T1,0,1,24,2
T2,1,0,189,2
T3,2,1,112,2
T4,3,1,32,2
T5,4,1,180,9
T6,5,1,140,6
T7,6,0,200,2
T8,7,0,81,2
T9,8,0,144,1
[175]
T1,0,1,25,2
T2,1,1,144,3
T3,2,1,42,2
T4,3,0,54,2
T5,4,1,104,1
T6,5,0,56,1
T7,6,1,195,8
T8,7,0,182,5
T9,8,1,200,2
[176]
T1,0,0,90,1
T2,1,0,29,1
T3,2,1,50,1
T4,3,1,80,2
T5,4,0,200,3
T6,5,0,119,2
T7,6,1,175,5
T8,7,0,175,1
T9,8,0,96,2
[177]
T1,0,0,63,2
T2,1,0,150,6
T3,2,1,90,1
T4,3,0,29,2
T5,4,0,200,12
T6,5,0,80,1
T7,6,0,35,2
T8,7,0,120,1
T9,8,1,190,5
[178]
T1,0,0,44,2
T2,1,1,25,1
T3,2,0,200,2
T4,3,1,75,1
T5,4,0,120,2
T6,5,0,72,2
T7,6,0,192,5
T8,7,0,108,3
T9,8,1,195,2
[179]
T1,0,1,110,2
T2,1,0,28,1
T3,2,0,200,2
T4,3,0,36,2
T5,4,1,126,4
T6,5,1,175,1
T7,6,0,98,4
T8,7,1,196,1
T9,8,0,140,5
[180]
T1,0,0,150,2
T2,1,1,200,11
T3,2,1,45,2
T4,3,0,72,2
T5,4,0,53,1
T6,5,0,63,2
T7,6,0,195,9
T8,7,0,96,2
T9,8,0,60,2
[181]
T1,0,0,190,9
T2,1,1,125,2
T3,2,0,88,2
T4,3,1,176,2
T5,4,1,80,2
T6,5,1,200,9
T7,6,1,29,2
T8,7,0,25,1
T9,8,0,100,1
[182]
T1,0,1,200,9
T2,1,0,21,2
T3,2,0,70,2
T4,3,0,125,4
T5,4,0,165,2
T6,5,0,66,2
T7,6,1,52,2
T8,7,1,90,2
T9,8,1,175,5
[183]
T1,0,1,150,3
T2,1,0,189,9
T3,2,1,200,6
T4,3,1,84,1
T5,4,1,48,2
T6,5,1,112,6
T7,6,0,130,1
T8,7,1,72,2
T9,8,1,31,2
[184]
T1,0,0,100,2
T2,1,1,91,1
T3,2,1,52,2
T4,3,1,168,9
T5,4,1,180,11
T6,5,0,200,3
T7,6,1,117,2
T8,7,1,100,2
T9,8,1,38,2
[185]
T1,0,0,70,2
T2,1,0,192,1
T3,2,0,200,7
T4,3,0,80,2
T5,4,1,154,5
T6,5,1,132,3
T7,6,1,132,4
T8,7,0,39,2
T9,8,0,50,2
[186]
T1,0,1,165,2
T2,1,1,100,1
T3,2,0,192,2
T4,3,1,200,2
T5,4,0,20,2
T6,5,0,75,2
T7,6,1,80,3
T8,7,0,35,1
T9,8,1,75,2
[187]
T1,0,1,168,1
T2,1,0,56,3
T3,2,1,130,3
T4,3,1,35,2
T5,4,1,140,2
T6,5,1,192,6
T7,6,1,30,2
T8,7,1,60,2
T9,8,0,200,2
[188]
T1,0,1,48,1
T2,1,0,26,2
T3,2,1,96,2
T4,3,0,90,2
T5,4,1,200,9
T6,5,0,144,3
T7,6,0,126,1
T8,7,1,198,4
T9,8,1,176,4
[189]
T1,0,0,125,8
T2,1,0,63,2
T3,2,0,125,2
T4,3,1,200,11
T5,4,0,72,2
T6,5,1,45,2
T7,6,0,198,2
T8,7,1,198,2
T9,8,0,27,2
[190]
T1,0,1,65,1
T2,1,1,24,1
T3,2,1,90,2
T4,3,0,60,2
T5,4,1,184,4
T6,5,1,156,4
T7,6,1,30,2
T8,7,0,200,3
T9,8,1,115,2
[191]
T1,0,0,60,2
T2,1,0,72,1
T3,2,0,34,2
T4,3,1,63,2
T5,4,0,200,9
T6,5,0,144,2
T7,6,0,186,2
T8,7,0,30,1
T9,8,1,150,6
[192]
T1,0,1,126,4
T2,1,1,200,2
T3,2,0,20,2
T4,3,0,42,2
T5,4,1,160,3
T6,5,0,182,3
T7,6,0,105,2
T8,7,0,80,3
T9,8,0,100,3
[193]
T1,0,0,54,2
T2,1,0,132,2
T3,2,0,150,1
T4,3,1,200,3
T5,4,1,104,3
T6,5,0,22,1
T7,6,0,117,7
T8,7,0,156,1
T9,8,0,22,2
[194]
T1,0,1,77,2
T2,1,1,63,2
T3,2,1,21,2
T4,3,0,165,3
T5,4,0,198,2
T6,5,1,72,2
T7,6,1,28,1
T8,7,1,200,1
T9,8,0,99,1
[195]
T1,0,1,35,2
T2,1,1,160,2
T3,2,0,200,14
T4,3,0,140,1
T5,4,1,64,1
T6,5,1,20,2
T7,6,0,56,1
T8,7,1,96,1
T9,8,0,176,3
[196]
T1,0,1,180,2
T2,1,0,46,2
T3,2,1,126,2
T4,3,1,100,1
T5,4,0,180,2
T6,5,0,47,2
T7,6,1,200,7
T8,7,1,84,6
T9,8,1,84,2
[197]
T1,0,1,34,2
T2,1,1,99,2
T3,2,1,25,1
T4,3,1,200,3
T5,4,0,165,4
T6,5,1,192,1
T7,6,0,88,4
T8,7,0,64,2
T9,8,1,55,2
[198]
T1,0,1,105,2
T2,1,1,200,3
T3,2,1,50,2
T4,3,0,165,12
T5,4,0,30,2
T6,5,0,56,2
T7,6,0,176,1
T8,7,0,105,2
T9,8,0,54,1
[199]
T1,0,0,150,1
T2,1,1,63,1
T3,2,1,72,1
T4,3,0,200,6
T5,4,0,49,2
T6,5,1,175,1
T7,6,0,64,2
T8,7,1,25,2
T9,8,1,135,1
[200]
T1,0,0,100,2
T2,1,0,132,2
T3,2,1,105,5
T4,3,0,108,2
T5,4,1,150,2
T6,5,0,25,2
T7,6,1,200,3
T8,7,1,46,1
T9,8,0,180,4
[201]
T1,0,0,51,3
T2,1,1,135,3
T3,2,1,200,2
T4,3,1,120,6
T5,4,1,45,2
T6,5,1,65,1
T7,6,0,150,2
T8,7,0,156,1
T9,8,0,110,1
[202]
T1,0,1,46,2
T2,1,1,60,1
T3,2,0,200,4
T4,3,0,56,2
T5,4,1,91,2
T6,5,1,168,2
T7,6,0,55,2
T8,7,1,39,1
T9,8,0,195,12
[203]
T1,0,1,60,2
T2,1,0,68,2
T3,2,1,180,1
T4,3,0,50,4
T5,4,1,165,3
T6,5,0,200,2
T7,6,1,85,3
T8,7,0,144,2
T9,8,0,32,2
[204]
T1,0,0,80,3
T2,1,0,75,5
T3,2,0,120,2
T4,3,1,156,1
T5,4,0,200,1
T6,5,1,144,1
T7,6,0,32,2
T8,7,0,20,2
T9,8,0,156,2
[205]
T1,0,1,63,2
T2,1,0,147,2
T3,2,1,140,2
T4,3,0,147,2
T5,4,0,34,1
T6,5,0,99,2
T7,6,1,200,8
T8,7,0,126,2
T9,8,1,25,1
[206]
T1,0,0,136,6
T2,1,1,37,2
T3,2,1,200,5
T4,3,1,196,4
T5,4,1,102,1
T6,5,0,175,1
T7,6,1,140,2
T8,7,0,51,2
T9,8,0,147,2
[207]
T1,0,1,144,1
T2,1,1,136,1
T3,2,0,22,2
T4,3,0,34,2
T5,4,1,153,1
T6,5,1,200,2
T7,6,0,153,1
T8,7,1,60,4
T9,8,0,144,7
[208]
T1,0,1,168,2
T2,1,1,64,2
T3,2,1,30,2
T4,3,0,144,2
T5,4,0,200,5
T6,5,1,32,2
T7,6,1,90,3
T8,7,0,192,17
T9,8,0,147,2
[209]
T1,0,1,56,2
T2,1,0,200,15
T3,2,0,175,3
T4,3,1,100,2
T5,4,1,48,2
T6,5,1,90,1
T7,6,1,156,1
T8,7,1,21,2
T9,8,1,126,2
[210]
T1,0,0,40,2
T2,1,0,200,2
T3,2,0,144,1
T4,3,0,182,1
T5,4,0,78,2
T6,5,1,56,2
T7,6,0,150,7
T8,7,1,54,2
T9,8,1,26,2
[211]
T1,0,1,90,3
T2,1,1,104,1
T3,2,1,126,2
T4,3,1,21,1
T5,4,0,120,1
T6,5,1,29,2
T7,6,1,175,2
T8,7,1,200,2
T9,8,1,195,3
[212]
T1,0,0,28,1
T2,1,1,75,2
T3,2,1,29,2
T4,3,1,200,2
T5,4,1,79,2
T6,5,0,168,1
T7,6,1,75,1
T8,7,0,150,2
T9,8,0,79,2
[213]
T1,0,1,75,1
T2,1,1,180,5
T3,2,0,150,2
T4,3,0,200,2
T5,4,1,25,2
T6,5,1,128,7
T7,6,0,92,1
T8,7,1,40,2
T9,8,0,115,3
[214]
T1,0,0,200,2
T2,1,1,100,1
T3,2,0,21,2
T4,3,1,20,2
T5,4,0,184,2
T6,5,0,138,2
T7,6,0,112,5
T8,7,0,160,11
T9,8,1,92,2
[215]
T1,0,1,27,2
T2,1,1,120,9
T3,2,1,108,2
T4,3,1,200,3
T5,4,0,180,2
T6,5,0,144,3
T7,6,0,96,2
T8,7,0,198,2
T9,8,1,25,2
[216]
T1,0,1,160,2
T2,1,0,176,4
T3,2,1,35,2
T4,3,0,128,1
T5,4,0,66,1
T6,5,1,96,3
T7,6,1,60,4
T8,7,0,200,3
T9,8,1,22,2
[217]
T1,0,0,168,8
T2,1,1,200,4
T3,2,1,75,2
T4,3,1,132,3
T5,4,0,44,2
T6,5,0,175,2
T7,6,1,130,3
T8,7,0,91,2
T9,8,0,24,2
[218]
T1,0,1,25,2
T2,1,0,192,4
T3,2,0,108,2
T4,3,0,176,5
T5,4,1,31,2
T6,5,0,60,2
T7,6,0,200,5
T8,7,1,80,2
T9,8,1,66,3
[219]
T1,0,0,196,2
T2,1,0,25,2
T3,2,1,98,6
T4,3,0,56,2
T5,4,0,200,1
T6,5,0,50,2
T7,6,1,108,5
T8,7,0,144,1
T9,8,0,189,3
[220]
T1,0,1,126,4
T2,1,1,140,2
T3,2,1,40,2
T4,3,1,44,2
T5,4,1,159,3
T6,5,1,63,2
T7,6,0,180,4
T8,7,1,200,1
T9,8,0,105,2
[221]
T1,0,0,130,3
T2,1,1,75,2
T3,2,1,65,2
T4,3,1,200,2
T5,4,0,150,2
T6,5,0,180,5
T7,6,0,32,2
T8,7,0,56,3
T9,8,0,45,1
[222]
T1,0,1,175,7
T2,1,1,156,3
T3,2,1,50,1
T4,3,1,105,2
T5,4,0,130,1
T6,5,1,200,6
T7,6,0,90,5
T8,7,1,108,2
T9,8,1,24,2
[223]
T1,0,1,32,1
T2,1,1,65,2
T3,2,0,104,2
T4,3,0,195,2
T5,4,0,200,2
T6,5,1,32,2
T7,6,1,165,4
T8,7,1,80,1
T9,8,0,64,3
[224]
T1,0,0,200,2
T2,1,1,75,2
T3,2,0,189,2
T4,3,0,135,8
T5,4,0,27,2
T6,5,1,98,2
T7,6,0,53,1
T8,7,0,168,2
T9,8,1,140,4
[225]
T1,0,1,56,2
T2,1,1,200,10
T3,2,1,42,2
T4,3,0,160,6
T5,4,0,57,2
T6,5,0,84,1
T7,6,1,114,1
T8,7,0,29,2
T9,8,0,168,2
[226]
T1,0,1,126,2
T2,1,0,168,1
T3,2,1,33,2
T4,3,1,70,2
T5,4,1,200,9
T6,5,1,63,1
T7,6,1,90,2
T8,7,1,20,2
T9,8,0,183,12
[227]
T1,0,1,52,2
T2,1,1,200,1
T3,2,0,26,2
T4,3,1,165,13
T5,4,0,156,2
T6,5,0,132,2
T7,6,0,66,1
T8,7,0,75,1
T9,8,0,65,2
[228]
T1,0,1,48,1
T2,1,1,160,1
T3,2,1,80,3
T4,3,1,80,2
T5,4,0,39,1
T6,5,1,105,2
T7,6,0,75,2
T8,7,1,150,1
T9,8,1,200,10
[229]
T1,0,0,20,2
T2,1,1,200,2
T3,2,1,195,3
T4,3,1,140,10
T5,4,0,75,1
T6,5,0,119,2
T7,6,0,28,1
T8,7,0,195,1
T9,8,1,60,1
[230]
T1,0,0,160,2
T2,1,0,75,1
T3,2,0,26,1
T4,3,0,156,2
T5,4,0,78,2
T6,5,0,54,2
T7,6,0,100,2
T8,7,1,200,5
T9,8,1,48,1
[231]
T1,0,0,30,2
T2,1,0,85,5
T3,2,1,99,1
T4,3,0,66,2
T5,4,0,165,7
T6,5,1,44,2
T7,6,0,200,2
T8,7,1,198,1
T9,8,0,102,1
[232]
T1,0,1,46,1
T2,1,1,168,1
T3,2,1,104,2
T4,3,0,60,2
T5,4,1,108,3
T6,5,1,100,4
T7,6,1,200,4
T8,7,0,20,2
T9,8,0,175,4
[233]
T1,0,0,120,5
T2,1,0,84,2
T3,2,0,200,1
T4,3,0,63,2
T5,4,1,195,3
T6,5,0,31,1
T7,6,0,195,5
T8,7,0,52,2
T9,8,1,91,2
[234]
T1,0,1,144,1
T2,1,0,162,8
T3,2,0,36,2
T4,3,1,28,2
T5,4,0,81,1
T6,5,0,120,2
T7,6,1,200,3
T8,7,1,168,8
T9,8,1,108,1
[235]
T1,0,1,119,3
T2,1,0,68,7
T3,2,1,84,2
T4,3,0,24,2
T5,4,1,170,2
T6,5,1,200,2
T7,6,0,168,2
T8,7,1,130,2
T9,8,0,30,2
[236]
T1,0,0,195,4
T2,1,1,44,2
T3,2,1,62,3
T4,3,1,104,2
T5,4,0,104,2
T6,5,0,156,4
T7,6,1,124,2
T8,7,0,200,2
T9,8,0,39,1
[237]
T1,0,0,45,2
T2,1,0,25,2
T3,2,0,200,9
T4,3,1,56,1
T5,4,0,190,3
T6,5,1,75,3
T7,6,1,63,2
T8,7,0,160,2
T9,8,0,100,2
[238]
T1,0,1,49,2
T2,1,1,108,1
T3,2,1,60,3
T4,3,1,200,1
T5,4,1,150,2
T6,5,1,27,2
T7,6,1,189,8
T8,7,1,100,4
T9,8,1,135,2
[239]
T1,0,0,140,1
T2,1,0,72,2
T3,2,1,54,2
T4,3,0,200,2
T5,4,0,60,1
T6,5,1,56,2
T7,6,1,20,2
T8,7,1,168,2
T9,8,0,198,20
[240]
T1,0,1,33,2
T2,1,1,30,2
T3,2,0,72,2
T4,3,0,160,1
T5,4,1,200,14
T6,5,1,144,2
T7,6,1,125,1
T8,7,0,160,6
T9,8,1,144,1
[241]
T1,0,0,156,2
T2,1,1,195,1
T3,2,1,80,2
T4,3,1,200,2
T5,4,1,23,1
T6,5,1,54,1
T7,6,1,48,2
T8,7,0,78,2
T9,8,1,72,3
[242]
T1,0,0,168,3
T2,1,1,168,2
T3,2,0,136,1
T4,3,1,200,2
T5,4,0,135,2
T6,5,0,21,2
T7,6,0,28,2
T8,7,0,70,1
T9,8,1,108,9
[243]
T1,0,1,198,7
T2,1,0,125,1
T3,2,1,53,3
T4,3,0,55,2
T5,4,0,200,1
T6,5,0,168,2
T7,6,0,88,1
T8,7,1,20,2
T9,8,0,60,1
[244]
T1,0,0,162,1
T2,1,1,54,2
T3,2,1,125,7
T4,3,1,72,2
T5,4,0,200,1
T6,5,1,43,2
T7,6,0,72,1
T8,7,0,48,3
T9,8,1,180,1
[245]
T1,0,1,105,4
T2,1,0,43,2
T3,2,0,154,3
T4,3,1,189,4
T5,4,0,144,2
T6,5,0,70,3
T7,6,0,200,3
T8,7,0,25,2
T9,8,1,77,1
[246]
T1,0,0,56,2
T2,1,1,26,2
T3,2,0,200,2
T4,3,0,70,2
T5,4,1,90,1
T6,5,1,162,4
T7,6,1,125,2
T8,7,1,175,10
T9,8,0,24,2
[247]
T1,0,1,140,9
T2,1,1,180,2
T3,2,1,77,2
T4,3,1,80,1
T5,4,0,63,2
T6,5,1,200,6
T7,6,1,45,2
T8,7,0,36,2
T9,8,1,175,3
[248]
T1,0,1,56,2
T2,1,0,200,2
T3,2,1,75,1
T4,3,1,29,2
T5,4,1,55,2
T6,5,0,120,3
T7,6,1,182,8
T8,7,0,165,2
T9,8,0,20,1
[249]
T1,0,0,38,2
T2,1,1,140,4
T3,2,1,200,4
T4,3,1,175,1
T5,4,1,98,3
T6,5,0,152,2
T7,6,1,100,1
T8,7,0,51,2
T9,8,0,84,2
[250]
T1,0,1,135,1
T2,1,0,176,2
T3,2,0,90,2
T4,3,1,38,2
T5,4,0,64,2
T6,5,1,25,2
T7,6,1,200,6
T8,7,1,96,2
T9,8,0,165,10
[251]
T1,0,1,90,1
T2,1,0,180,9
T3,2,0,175,2
T4,3,0,32,2
T5,4,1,66,2
T6,5,1,42,2
T7,6,1,200,2
T8,7,1,140,2
T9,8,1,144,2
[252]
T1,0,0,105,2
T2,1,1,43,2
T3,2,1,98,2
T4,3,0,196,17
T5,4,0,39,2
T6,5,0,100,1
T7,6,0,150,2
T8,7,1,120,2
T9,8,1,200,3
[253]
T1,0,0,50,2
T2,1,0,90,2
T3,2,0,200,7
T4,3,0,60,1
T5,4,0,78,2
T6,5,0,180,8
T7,6,0,20,2
T8,7,1,156,2
T9,8,1,75,4
[254]
T1,0,1,135,2
T2,1,0,168,2
T3,2,1,198,2
T4,3,0,25,3
T5,4,1,88,2
T6,5,1,200,1
T7,6,1,77,2
T8,7,0,42,2
T9,8,0,77,1
[255]
T1,0,1,42,1
T2,1,1,200,17
T3,2,0,70,2
T4,3,1,164,2
T5,4,0,180,1
T6,5,1,63,2
T7,6,0,38,2
T8,7,1,126,5
T9,8,0,100,2
[256]
T1,0,0,65,2
T2,1,1,156,10
T3,2,0,104,1
T4,3,0,100,2
T5,4,1,30,2
T6,5,0,152,2
T7,6,1,200,3
T8,7,1,48,2
T9,8,1,65,2
[257]
T1,0,1,87,2
T2,1,1,150,2
T3,2,1,150,7
T4,3,0,90,2
T5,4,1,27,2
T6,5,1,36,2
T7,6,1,58,1
T8,7,0,200,3
T9,8,0,63,4
[258]
T1,0,0,132,14
T2,1,1,20,2
T3,2,0,110,3
T4,3,0,198,2
T5,4,0,200,2
T6,5,0,162,2
T7,6,1,108,2
T8,7,0,52,1
T9,8,0,96,2
[259]
T1,0,1,182,2
T2,1,1,112,1
T3,2,1,144,2
T4,3,1,200,1
T5,4,0,41,2
T6,5,1,80,4
T7,6,1,175,8
T8,7,1,65,2
T9,8,0,35,1
[260]
T1,0,1,56,2
T2,1,0,90,1
T3,2,1,147,5
T4,3,1,48,2
T5,4,1,88,8
T6,5,1,63,1
T7,6,1,150,1
T8,7,1,42,2
T9,8,1,200,2
[261]
T1,0,0,133,2
T2,1,1,24,2
T3,2,1,88,1
T4,3,1,57,2
T5,4,0,95,4
T6,5,0,150,1
T7,6,1,200,5
T8,7,1,175,2
T9,8,1,30,1
[262]
T1,0,1,42,2
T2,1,0,120,1
T3,2,0,68,1
T4,3,0,200,5
T5,4,1,49,2
T6,5,0,147,6
T7,6,1,60,1
T8,7,1,175,1
T9,8,1,175,10
[263]
T1,0,1,200,4
T2,1,0,186,2
T3,2,1,140,3
T4,3,0,24,2
T5,4,1,105,2
T6,5,0,93,4
T7,6,1,150,1
T8,7,1,48,2
T9,8,1,90,6
[264]
T1,0,0,35,2
T2,1,1,132,2
T3,2,0,168,3
T4,3,1,200,4
T5,4,1,112,1
T6,5,1,88,4
T7,6,1,160,3
T8,7,0,128,6
T9,8,0,21,2
[265]
T1,0,0,171,2
T2,1,0,105,7
T3,2,0,168,3
T4,3,1,36,2
T5,4,1,72,2
T6,5,0,108,2
T7,6,0,200,1
T8,7,0,42,2
T9,8,0,126,7
[266]
T1,0,0,45,2
T2,1,0,30,2
T3,2,1,175,4
T4,3,0,189,1
T5,4,1,75,2
T6,5,0,200,3
T7,6,0,117,2
T8,7,1,100,1
T9,8,1,65,1
[267]
T1,0,0,147,1
T2,1,0,192,1
T3,2,1,72,2
T4,3,0,200,1
T5,4,1,24,2
T6,5,1,120,1
T7,6,0,53,2
T8,7,0,196,6
T9,8,0,120,5
[268]
T1,0,0,104,2
T2,1,0,88,3
T3,2,0,200,1
T4,3,0,176,6
T5,4,1,150,5
T6,5,0,125,6
T7,6,1,34,2
T8,7,0,66,1
T9,8,1,25,2
[269]
T1,0,1,44,2
T2,1,1,189,3
T3,2,1,100,2
T4,3,0,21,2
T5,4,1,56,2
T6,5,0,200,5
T7,6,0,120,2
T8,7,0,126,5
T9,8,0,190,3
[270]
T1,0,0,160,1
T2,1,0,88,2
T3,2,1,192,9
T4,3,1,125,7
T5,4,0,31,2
T6,5,1,125,7
T7,6,1,22,2
T8,7,0,200,2
T9,8,1,55,2
[271]
T1,0,0,33,2
T2,1,0,110,3
T3,2,0,165,2
T4,3,1,198,12
T5,4,1,41,2
T6,5,1,110,2
T7,6,0,57,1
T8,7,0,57,1
T9,8,0,200,7
[272]
T1,0,0,200,4
T2,1,1,168,2
T3,2,0,57,1
T4,3,1,40,1
T5,4,1,175,15
T6,5,0,50,2
T7,6,0,72,2
T8,7,0,100,1
T9,8,1,72,1
[273]
T1,0,0,63,2
T2,1,0,171,7
T3,2,1,200,2
T4,3,0,95,2
T5,4,0,152,7
T6,5,1,63,2
T7,6,0,27,2
T8,7,1,72,2
T9,8,0,30,2
[274]
T1,0,0,132,3
T2,1,0,186,2
T3,2,1,60,2
T4,3,0,200,5
T5,4,1,24,2
T6,5,1,155,3
T7,6,1,60,1
T8,7,1,100,5
T9,8,0,20,2
[275]
T1,0,1,80,2
T2,1,1,144,3
T3,2,1,180,8
T4,3,0,180,3
T5,4,1,64,2
T6,5,0,46,2
T7,6,0,64,2
T8,7,1,200,3
T9,8,0,39,1
[276]
T1,0,1,60,2
T2,1,1,192,1
T3,2,1,196,6
T4,3,1,20,2
T5,4,1,39,1
T6,5,1,200,6
T7,6,1,147,3
T8,7,0,90,1
T9,8,0,72,1
[277]
T1,0,0,74,2
T2,1,0,47,2
T3,2,1,111,2
T4,3,1,150,2
T5,4,0,120,7
T6,5,0,162,2
T7,6,1,200,3
T8,7,1,74,3
T9,8,0,27,1
[278]
T1,0,1,38,2
T2,1,0,52,2
T3,2,1,114,6
T4,3,0,56,2
T5,4,0,200,4
T6,5,0,84,3
T7,6,0,70,2
T8,7,0,154,1
T9,8,0,165,3
[279]
T1,0,1,200,13
T2,1,0,20,2
T3,2,0,90,2
T4,3,0,120,7
T5,4,1,20,2
T6,5,0,153,2
T7,6,1,136,2
T8,7,0,198,1
T9,8,1,90,2
[280]
T1,0,1,43,1
T2,1,0,20,2
T3,2,0,56,1
T4,3,0,200,1
T5,4,1,175,9
T6,5,0,128,1
T7,6,0,192,2
T8,7,1,140,1
T9,8,0,130,1
[281]
T1,0,0,198,2
T2,1,1,30,1
T3,2,0,35,2
T4,3,1,99,2
T5,4,1,198,3
T6,5,1,120,2
T7,6,1,75,2
T8,7,1,200,3
T9,8,1,125,7
[282]
T1,0,0,49,2
T2,1,1,200,2
T3,2,0,42,2
T4,3,1,72,4
T5,4,1,56,2
T6,5,0,168,7
T7,6,0,168,3
T8,7,1,106,2
T9,8,0,72,2
[283]
T1,0,1,135,8
T2,1,0,135,1
T3,2,0,182,10
T4,3,0,30,2
T5,4,0,200,2
T6,5,1,180,2
T7,6,0,49,2
T8,7,1,56,1
T9,8,0,75,2
[284]
T1,0,1,42,1
T2,1,0,168,7
T3,2,0,144,2
T4,3,0,20,2
T5,4,1,56,2
T6,5,0,152,2
T7,6,1,72,2
T8,7,0,57,2
T9,8,0,200,5
[285]
T1,0,1,105,2
T2,1,0,198,10
T3,2,1,77,2
T4,3,1,70,1
T5,4,0,100,2
T6,5,1,176,4
T7,6,0,39,2
T8,7,1,200,3
T9,8,1,50,2
[286]
T1,0,1,40,2
T2,1,1,32,2
T3,2,1,105,2
T4,3,0,96,2
T5,4,0,99,1
T6,5,1,165,10
T7,6,1,63,2
T8,7,0,200,8
T9,8,0,160,4
[287]
T1,0,0,200,1
T2,1,1,57,2
T3,2,1,95,5
T4,3,0,114,1
T5,4,1,144,2
T6,5,0,152,2
T7,6,0,34,2
T8,7,1,190,6
T9,8,0,44,1
[288]
T1,0,0,125,1
T2,1,0,200,2
T3,2,1,42,1
T4,3,1,25,2
T5,4,1,126,2
T6,5,1,135,5
T7,6,1,54,1
T8,7,0,150,3
T9,8,1,175,7
[289]
T1,0,0,90,7
T2,1,0,189,2
T3,2,0,50,2
T4,3,0,150,1
T5,4,0,126,1
T6,5,0,95,1
T7,6,1,39,2
T8,7,0,56,2
T9,8,0,200,11
[290]
T1,0,1,156,2
T2,1,0,108,1
T3,2,1,162,2
T4,3,1,72,1
T5,4,0,78,4
T6,5,1,200,1
T7,6,0,117,2
T8,7,1,50,1
T9,8,0,31,1
[291]
T1,0,0,28,2
T2,1,1,147,5
T3,2,1,100,1
T4,3,0,42,2
T5,4,1,140,4
T6,5,0,200,2
T7,6,1,152,2
T8,7,1,75,2
T9,8,0,168,2
[292]
T1,0,0,200,1
T2,1,1,25,1
T3,2,1,198,2
T4,3,1,22,2
T5,4,0,56,2
T6,5,1,90,3
T7,6,0,75,2
T8,7,1,198,1
T9,8,0,100,2
[293]
T1,0,0,60,2
T2,1,1,54,2
T3,2,1,108,6
T4,3,0,126,1
T5,4,1,200,7
T6,5,0,60,2
T7,6,1,168,2
T8,7,1,176,2
T9,8,0,33,1
[294]
T1,0,0,168,2
T2,1,1,80,2
T3,2,1,120,1
T4,3,1,88,1
T5,4,1,144,9
T6,5,1,36,2
T7,6,0,165,2
T8,7,1,45,2
T9,8,0,200,1
[295]
T1,0,1,96,2
T2,1,0,196,2
T3,2,0,200,5
T4,3,1,147,12
T5,4,0,31,2
T6,5,1,45,2
T7,6,0,150,7
T8,7,0,60,2
T9,8,1,96,2
[296]
T1,0,1,25,2
T2,1,1,175,6
T3,2,0,200,2
T4,3,0,27,1
T5,4,0,54,2
T6,5,0,154,1
T7,6,0,84,2
T8,7,0,77,3
T9,8,0,112,1
[297]
T1,0,0,56,1
T2,1,1,36,2
T3,2,0,160,2
T4,3,0,21,2
T5,4,1,200,8
T6,5,0,84,2
T7,6,0,80,3
T8,7,0,135,1
T9,8,0,162,9
[298]
T1,0,0,168,2
T2,1,1,200,2
T3,2,1,54,2
T4,3,1,140,7
T5,4,1,26,1
T6,5,0,21,2
T7,6,0,100,1
T8,7,1,57,2
T9,8,0,171,6
[299]
T1,0,1,84,2
T2,1,1,35,2
T3,2,1,56,2
T4,3,0,68,2
T5,4,1,154,8
T6,5,1,200,6
T7,6,1,53,2
T8,7,1,165,6
T9,8,1,66,2
[300]
T1,0,1,99,2
T2,1,0,110,2
T3,2,1,200,1
T4,3,0,105,2
T5,4,0,47,3
T6,5,0,176,2
T7,6,1,54,1
T8,7,0,165,14
T9,8,1,44,2
[301]
T1,0,1,28,2
T2,1,1,72,1
T3,2,0,55,2
T4,3,1,200,6
T5,4,0,176,5
T6,5,1,36,2
T7,6,1,78,6
T8,7,1,88,2
T9,8,0,156,2
[302]
T1,0,1,72,2
T2,1,1,200,17
T3,2,1,153,3
T4,3,0,50,1
T5,4,0,100,2
T6,5,0,35,2
T7,6,1,119,1
T8,7,1,144,2
T9,8,0,168,2
[303]
T1,0,1,200,3
T2,1,0,32,2
T3,2,1,77,2
T4,3,0,33,1
T5,4,0,96,2
T6,5,0,175,5
T7,6,1,150,6
T8,7,1,96,1
T9,8,0,75,1
[304]
T1,0,0,160,8
T2,1,0,20,2
T3,2,0,192,2
T4,3,0,200,1
T5,4,0,132,2
T6,5,1,25,2
T7,6,0,68,1
T8,7,0,88,1
T9,8,1,68,1
[305]
T1,0,0,150,2
T2,1,0,21,2
T3,2,0,80,4
T4,3,1,126,4
T5,4,1,63,2
T6,5,0,120,2
T7,6,1,53,1
T8,7,0,190,7
T9,8,1,200,4
[306]
T1,0,0,200,5
T2,1,0,150,3
T3,2,0,68,2
T4,3,0,136,9
T5,4,0,80,2
T6,5,0,150,1
T7,6,1,94,4
T8,7,0,20,2
T9,8,0,50,2
[307]
T1,0,1,56,2
T2,1,1,200,1
T3,2,0,25,2
T4,3,1,60,4
T5,4,0,182,2
T6,5,0,75,1
T7,6,1,175,1
T8,7,0,28,2
T9,8,0,96,5
[308]
T1,0,1,68,2
T2,1,1,65,2
T3,2,0,78,2
T4,3,1,182,2
T5,4,1,200,9
T6,5,1,168,3
T7,6,0,45,2
T8,7,0,78,3
T9,8,0,25,2
[309]
T1,0,0,180,2
T2,1,1,24,1
T3,2,0,115,2
T4,3,0,138,2
T5,4,0,30,2
T6,5,0,156,2
T7,6,0,69,1
T8,7,0,200,1
T9,8,1,120,4
[310]
T1,0,0,72,7
T2,1,0,84,1
T3,2,1,50,1
T4,3,0,100,2
T5,4,1,42,2
T6,5,1,140,2
T7,6,0,200,2
T8,7,0,180,2
T9,8,1,168,4
[311]
T1,0,0,190,2
T2,1,0,76,1
T3,2,1,100,2
T4,3,0,34,2
T5,4,1,133,6
T6,5,0,96,2
T7,6,0,168,1
T8,7,0,45,3
T9,8,0,200,4
[312]
T1,0,0,200,1
T2,1,1,88,1
T3,2,0,165,2
T4,3,0,171,2
T5,4,1,29,2
T6,5,1,22,2
T7,6,0,110,6
T8,7,1,114,4
T9,8,0,55,2
[313]
T1,0,1,65,2
T2,1,1,200,8
T3,2,0,175,11
T4,3,1,34,2
T5,4,0,77,2
T6,5,0,26,2
T7,6,0,165,2
T8,7,0,70,2
T9,8,1,78,4
[314]
T1,0,0,175,2
T2,1,0,165,8
T3,2,0,112,2
T4,3,0,54,2
T5,4,0,108,1
T6,5,0,84,2
T7,6,1,50,2
T8,7,1,84,1
T9,8,0,200,4
[315]
T1,0,0,108,1
T2,1,1,135,2
T3,2,0,92,5
T4,3,0,144,1
T5,4,0,25,2
T6,5,1,200,3
T7,6,0,49,1
T8,7,0,162,1
T9,8,0,184,2
[316]
T1,0,0,200,1
T2,1,1,189,2
T3,2,1,50,1
T4,3,1,112,8
T5,4,0,55,2
T6,5,0,189,4
T7,6,1,75,1
T8,7,1,37,2
T9,8,1,144,2
[317]
T1,0,1,192,2
T2,1,1,32,2
T3,2,0,56,1
T4,3,0,120,4
T5,4,1,162,1
T6,5,0,200,3
T7,6,1,105,2
T8,7,0,30,2
T9,8,1,84,1
[318]
T1,0,1,110,2
T2,1,1,74,2
T3,2,0,176,1
T4,3,0,74,2
T5,4,1,27,2
T6,5,0,100,2
T7,6,1,20,2
T8,7,1,200,3
T9,8,0,160,10
[319]
T1,0,1,96,2
T2,1,0,125,1
T3,2,0,21,2
T4,3,1,60,2
T5,4,1,175,2
T6,5,0,44,2
T7,6,1,200,17
T8,7,0,66,3
T9,8,0,154,2
[320]
T1,0,0,25,2
T2,1,0,177,3
T3,2,0,144,1
T4,3,1,118,2
T5,4,1,192,2
T6,5,0,64,2
T7,6,0,64,2
T8,7,0,43,2
T9,8,0,200,1
[321]
T1,0,1,72,2
T2,1,1,30,2
T3,2,1,105,1
T4,3,1,60,2
T5,4,0,96,1
T6,5,1,41,1
T7,6,0,200,11
T8,7,1,175,1
T9,8,1,189,4
[322]
T1,0,1,88,4
T2,1,1,121,1
T3,2,0,77,1
T4,3,0,200,3
T5,4,0,150,2
T6,5,1,51,3
T7,6,1,165,2
T8,7,0,22,2
T9,8,1,56,2
[323]
T1,0,1,125,2
T2,1,0,135,4
T3,2,1,165,9
T4,3,1,180,1
T5,4,0,33,2
T6,5,0,200,3
T7,6,0,144,2
T8,7,1,135,2
T9,8,1,29,1
[324]
T1,0,0,56,1
T2,1,0,154,2
T3,2,1,200,6
T4,3,1,37,2
T5,4,0,90,3
T6,5,0,22,1
T7,6,1,175,1
T8,7,1,96,3
T9,8,0,96,2
[325]
T1,0,1,126,2
T2,1,1,77,2
T3,2,0,200,2
T4,3,1,176,11
T5,4,1,132,2
T6,5,1,45,2
T7,6,1,108,1
T8,7,0,20,2
T9,8,0,198,5
[326]
T1,0,0,80,2
T2,1,1,99,1
T3,2,1,60,1
T4,3,1,189,2
T5,4,1,30,2
T6,5,0,38,1
T7,6,1,200,1
T8,7,0,168,8
T9,8,0,140,3
[327]
T1,0,0,77,2
T2,1,1,168,3
T3,2,0,198,1
T4,3,1,200,6
T5,4,1,110,2
T6,5,1,32,1
T7,6,0,120,5
T8,7,1,66,1
T9,8,0,49,2
[328]
T1,0,1,56,1
T2,1,0,154,2
T3,2,0,130,2
T4,3,0,150,7
T5,4,1,200,9
T6,5,0,55,2
T7,6,0,31,2
T8,7,1,55,2
T9,8,1,30,2
[329]
T1,0,0,150,2
T2,1,1,140,1
T3,2,0,44,4
T4,3,1,90,1
T5,4,1,152,1
T6,5,0,95,1
T7,6,0,25,2
T8,7,1,76,1
T9,8,0,200,2
[330]
T1,0,1,114,2
T2,1,1,114,2
T3,2,1,200,13
T4,3,0,150,2
T5,4,0,57,1
T6,5,0,29,1
T7,6,0,45,2
T8,7,1,152,2
T9,8,1,108,2
[331]
T1,0,0,188,4
T2,1,1,51,2
T3,2,1,170,1
T4,3,0,200,1
T5,4,0,60,1
T6,5,0,100,2
T7,6,0,85,2
T8,7,0,39,3
T9,8,0,136,2
[332]
T1,0,0,160,2
T2,1,1,24,2
T3,2,1,96,2
T4,3,0,129,5
T5,4,0,40,2
T6,5,1,168,9
T7,6,1,129,3
T8,7,0,200,1
T9,8,1,56,1
[333]
T1,0,0,25,2
T2,1,0,200,10
T3,2,0,70,2
T4,3,0,33,2
T5,4,0,150,3
T6,5,1,84,3
T7,6,1,175,2
T8,7,0,125,2
T9,8,1,85,3
[334]
T1,0,0,162,11
T2,1,0,192,2
T3,2,1,84,2
T4,3,1,25,2
T5,4,0,200,5
T6,5,0,28,2
T7,6,1,96,3
T8,7,0,72,2
T9,8,0,70,2
[335]
T1,0,1,120,1
T2,1,0,96,2
T3,2,0,20,1
T4,3,1,168,5
T5,4,1,200,8
T6,5,1,171,2
T7,6,0,36,2
T8,7,1,76,2
T9,8,0,76,1
[336]
T1,0,1,75,2
T2,1,0,51,2
T3,2,1,175,1
T4,3,1,189,5
T5,4,1,90,2
T6,5,1,200,17
T7,6,0,39,2
T8,7,0,135,2
T9,8,0,72,1
[337]
T1,0,0,27,2
T2,1,1,154,1
T3,2,0,175,4
T4,3,1,40,2
T5,4,0,200,1
T6,5,0,120,2
T7,6,1,132,7
T8,7,1,108,1
T9,8,1,135,4
[338]
T1,0,1,200,2
T2,1,0,56,1
T3,2,1,182,2
T4,3,1,195,2
T5,4,1,39,2
T6,5,1,78,1
T7,6,0,136,1
T8,7,0,130,5
T9,8,1,34,2
[339]
T1,0,1,175,2
T2,1,1,200,1
T3,2,0,35,2
T4,3,0,165,11
T5,4,0,54,1
T6,5,0,60,2
T7,6,0,72,2
T8,7,1,72,2
T9,8,0,34,2
[340]
T1,0,1,20,2
T2,1,1,70,2
T3,2,1,152,1
T4,3,0,140,6
T5,4,1,57,1
T6,5,0,52,2
T7,6,0,144,2
T8,7,0,200,2
T9,8,0,150,6
[341]
T1,0,0,66,2
T2,1,0,46,1
T3,2,0,168,3
T4,3,0,182,7
T5,4,1,66,1
T6,5,1,52,2
T7,6,0,200,2
T8,7,1,60,1
T9,8,1,143,5
[342]
T1,0,1,20,1
T2,1,0,165,3
T3,2,1,200,2
T4,3,1,48,2
T5,4,1,110,2
T6,5,0,132,2
T7,6,0,135,6
T8,7,0,176,2
T9,8,1,70,3
[343]
T1,0,0,196,9
T2,1,0,100,2
T3,2,0,200,2
T4,3,0,147,6
T5,4,1,192,6
T6,5,1,96,2
T7,6,1,40,2
T8,7,0,128,3
T9,8,0,31,1
[344]
T1,0,1,84,3
T2,1,1,56,2
T3,2,0,198,2
T4,3,1,144,4
T5,4,1,200,3
T6,5,1,25,2
T7,6,1,176,3
T8,7,1,36,2
T9,8,0,88,2
[345]
T1,0,1,62,1
T2,1,0,200,4
T3,2,0,63,1
T4,3,0,75,2
T5,4,1,28,2
T6,5,1,150,8
T7,6,1,155,5
T8,7,1,43,2
T9,8,1,84,1
[346]
T1,0,0,132,2
T2,1,0,200,4
T3,2,1,77,2
T4,3,1,132,5
T5,4,0,150,2
T6,5,1,53,2
T7,6,1,110,2
T8,7,1,182,2
T9,8,0,30,1
[347]
T1,0,0,44,2
T2,1,0,153,2
T3,2,1,100,2
T4,3,0,66,2
T5,4,1,200,2
T6,5,0,132,5
T7,6,0,187,8
T8,7,1,136,1
T9,8,0,30,2
[348]
T1,0,0,90,2
T2,1,0,120,2
T3,2,1,50,2
T4,3,0,56,2
T5,4,0,39,2
T6,5,1,184,6
T7,6,1,200,8
T8,7,0,161,6
T9,8,0,63,1
[349]
T1,0,0,34,2
T2,1,0,200,6
T3,2,1,180,18
T4,3,0,95,2
T5,4,0,90,1
T6,5,0,60,2
T7,6,1,184,2
T8,7,1,76,1
T9,8,0,38,2
[350]
T1,0,0,105,2
T2,1,0,150,2
T3,2,1,200,2
T4,3,1,150,5
T5,4,1,24,1
T6,5,1,27,2
T7,6,0,72,1
T8,7,0,117,1
T9,8,0,125,2
[351]
T1,0,0,72,1
T2,1,1,76,2
T3,2,0,200,2
T4,3,0,24,2
T5,4,1,51,2
T6,5,1,114,2
T7,6,0,190,2
T8,7,0,116,2
T9,8,1,171,11
[352]
T1,0,1,84,5
T2,1,0,159,2
T3,2,0,200,2
T4,3,0,63,2
T5,4,1,159,2
T6,5,0,48,1
T7,6,0,100,2
T8,7,1,40,2
T9,8,1,106,2
[353]
T1,0,0,198,7
T2,1,0,22,2
T3,2,1,75,1
T4,3,0,23,2
T5,4,0,99,3
T6,5,0,58,2
T7,6,0,200,6
T8,7,0,66,2
T9,8,1,150,3
[354]
T1,0,0,54,1
T2,1,1,180,5
T3,2,0,140,8
T4,3,1,33,2
T5,4,1,63,2
T6,5,1,161,2
T7,6,1,35,2
T8,7,1,69,2
T9,8,1,200,2
[355]
T1,0,0,200,7
T2,1,1,64,2
T3,2,0,28,2
T4,3,0,27,2
T5,4,0,175,1
T6,5,1,81,2
T7,6,0,100,5
T8,7,1,105,4
T9,8,1,189,6
[356]
T1,0,1,63,2
T2,1,1,80,2
T3,2,0,63,1
T4,3,1,30,2
T5,4,0,110,2
T6,5,1,200,2
T7,6,0,189,2
T8,7,1,165,13
T9,8,1,36,2
[357]
T1,0,1,20,2
T2,1,1,200,3
T3,2,1,168,3
T4,3,1,128,2
T5,4,0,108,4
T6,5,0,105,3
T7,6,0,168,2
T8,7,1,84,1
T9,8,1,24,1
[358]
T1,0,1,182,1
T2,1,1,65,1
T3,2,0,35,2
T4,3,0,130,1
T5,4,1,51,2
T6,5,0,195,10
T7,6,1,200,4
T8,7,1,75,3
T9,8,1,112,2
[359]
T1,0,0,112,1
T2,1,1,60,5
T3,2,0,112,1
T4,3,0,160,2
T5,4,0,200,5
T6,5,0,69,1
T7,6,0,150,1
T8,7,1,39,1
T9,8,1,25,2
[360]
T1,0,1,159,2
T2,1,1,105,4
T3,2,1,32,2
T4,3,0,75,2
T5,4,1,70,3
T6,5,0,32,2
T7,6,0,100,2
T8,7,1,175,1
T9,8,1,200,9
[361]
T1,0,0,114,5
T2,1,0,49,2
T3,2,0,135,2
T4,3,1,175,4
T5,4,0,189,2
T6,5,0,200,7
T7,6,1,76,2
T8,7,0,57,2
T9,8,0,38,2
[362]
T1,0,0,120,2
T2,1,1,140,1
T3,2,0,50,2
T4,3,0,150,4
T5,4,1,108,3
T6,5,1,200,2
T7,6,1,117,4
T8,7,1,43,1
T9,8,0,156,2
[363]
T1,0,1,52,2
T2,1,0,195,5
T3,2,0,60,2
T4,3,0,200,1
T5,4,1,120,1
T6,5,1,170,5
T7,6,1,70,1
T8,7,1,47,3
T9,8,0,68,1
[364]
T1,0,0,190,3
T2,1,1,200,2
T3,2,0,150,4
T4,3,1,70,1
T5,4,1,41,2
T6,5,0,28,2
T7,6,1,100,3
T8,7,1,57,2
T9,8,1,98,3
[365]
T1,0,1,150,2
T2,1,1,200,17
T3,2,0,72,3
T4,3,1,76,2
T5,4,0,25,2
T6,5,0,95,2
T7,6,1,38,2
T8,7,0,104,1
T9,8,1,152,2
[366]
T1,0,0,180,2
T2,1,1,150,2
T3,2,0,38,2
T4,3,1,36,1
T5,4,1,200,14
T6,5,0,126,2
T7,6,0,112,2
T8,7,0,120,2
T9,8,0,130,2
[367]
T1,0,1,120,8
T2,1,0,44,1
T3,2,0,165,1
T4,3,0,115,2
T5,4,1,75,2
T6,5,0,200,2
T7,6,1,26,2
T8,7,0,160,6
T9,8,1,69,2
[368]
T1,0,1,60,2
T2,1,0,25,2
T3,2,0,57,2
T4,3,0,45,3
T5,4,0,105,2
T6,5,1,180,1
T7,6,0,190,1
T8,7,1,100,3
T9,8,1,200,2
[369]
T1,0,0,115,3
T2,1,1,92,6
T3,2,0,40,1
T4,3,1,180,2
T5,4,0,200,2
T6,5,0,50,2
T7,6,1,195,4
T8,7,1,92,2
T9,8,0,65,2
[370]
T1,0,0,95,2
T2,1,1,85,3
T3,2,0,102,2
T4,3,0,200,2
T5,4,0,160,7
T6,5,1,170,1
T7,6,1,85,2
T8,7,1,40,2
T9,8,1,32,2
[371]
T1,0,1,105,2
T2,1,0,150,1
T3,2,0,90,1
T4,3,0,50,2
T5,4,0,72,3
T6,5,1,150,1
T7,6,1,200,10
T8,7,0,69,2
T9,8,0,28,2
[372]
T1,0,1,29,2
T2,1,0,60,2
T3,2,1,200,2
T4,3,1,175,2
T5,4,0,108,6
T6,5,0,126,1
T7,6,1,180,8
T8,7,0,25,2
T9,8,0,57,2
[373]
T1,0,1,130,2
T2,1,0,40,2
T3,2,0,128,1
T4,3,1,195,15
T5,4,0,200,2
T6,5,0,75,1
T7,6,1,182,2
T8,7,1,64,2
T9,8,0,22,2
[374]
T1,0,1,32,2
T2,1,0,37,2
T3,2,0,136,4
T4,3,0,168,2
T5,4,1,192,1
T6,5,1,96,5
T7,6,0,119,4
T8,7,0,200,6
T9,8,1,70,1
[375]
T1,0,1,154,2
T2,1,1,200,8
T3,2,1,150,2
T4,3,1,132,6
T5,4,1,63,2
T6,5,1,35,2
T7,6,0,80,1
T8,7,1,44,2
T9,8,1,72,3
[376]
T1,0,0,195,1
T2,1,1,200,10
T3,2,0,120,4
T4,3,1,60,2
T5,4,0,28,2
T6,5,0,128,4
T7,6,0,26,2
T8,7,0,182,2
T9,8,0,64,2
[377]
T1,0,1,84,2
T2,1,1,200,2
T3,2,0,150,3
T4,3,0,24,2
T5,4,1,56,1
T6,5,1,110,2
T7,6,1,32,1
T8,7,0,170,6
T9,8,0,136,2
[378]
T1,0,1,200,6
T2,1,0,44,1
T3,2,1,180,2
T4,3,0,57,1
T5,4,1,150,1
T6,5,0,64,2
T7,6,0,24,1
T8,7,1,75,2
T9,8,1,100,4
[379]
T1,0,1,180,6
T2,1,1,50,1
T3,2,0,200,1
T4,3,0,132,1
T5,4,1,55,2
T6,5,1,132,2
T7,6,1,49,1
T8,7,0,55,3
T9,8,0,180,1
[380]
T1,0,1,200,7
T2,1,0,140,2
T3,2,1,140,3
T4,3,1,195,4
T5,4,0,160,2
T6,5,0,90,2
T7,6,1,72,1
T8,7,0,36,2
T9,8,0,32,2
[381]
T1,0,1,25,2
T2,1,0,133,8
T3,2,1,150,2
T4,3,1,75,3
T5,4,0,112,1
T6,5,0,200,1
T7,6,0,192,2
T8,7,1,38,2
T9,8,1,70,2
[382]
T1,0,1,37,2
T2,1,0,48,2
T3,2,0,118,1
T4,3,1,200,2
T5,4,1,177,2
T6,5,1,70,3
T7,6,0,96,5
T8,7,1,177,8
T9,8,1,56,2
[383]
T1,0,1,170,4
T2,1,0,176,1
T3,2,0,72,1
T4,3,0,34,1
T5,4,1,54,2
T6,5,0,200,2
T7,6,0,100,2
T8,7,1,90,4
T9,8,1,68,2
[384]
T1,0,1,54,1
T2,1,0,200,2
T3,2,1,45,2
T4,3,1,31,2
T5,4,1,60,2
T6,5,1,160,5
T7,6,0,112,7
T8,7,1,160,1
T9,8,0,80,2
[385]
T1,0,1,184,11
T2,1,1,63,1
T3,2,1,24,2
T4,3,0,23,1
T5,4,0,175,2
T6,5,0,84,2
T7,6,1,200,5
T8,7,1,144,2
T9,8,1,75,2
[386]
T1,0,0,175,7
T2,1,1,154,2
T3,2,1,200,1
T4,3,0,56,1
T5,4,1,135,4
T6,5,0,25,2
T7,6,1,21,2
T8,7,1,120,2
T9,8,0,72,2
[387]
T1,0,1,198,8
T2,1,0,105,2
T3,2,1,120,2
T4,3,1,41,2
T5,4,0,126,2
T6,5,0,200,3
T7,6,0,176,2
T8,7,0,30,1
T9,8,1,110,1
[388]
T1,0,1,198,5
T2,1,0,90,3
T3,2,1,200,4
T4,3,0,165,2
T5,4,0,22,2
T6,5,0,132,2
T7,6,0,138,2
T8,7,0,66,2
T9,8,0,25,1
[389]
T1,0,0,200,3
T2,1,1,88,1
T3,2,0,160,6
T4,3,0,40,2
T5,4,1,135,3
T6,5,1,88,2
T7,6,1,60,1
T8,7,0,45,2
T9,8,1,162,3
[390]
T1,0,1,108,5
T2,1,1,200,1
T3,2,1,180,1
T4,3,0,88,2
T5,4,1,100,1
T6,5,1,20,1
T7,6,1,80,2
T8,7,1,176,4
T9,8,0,48,1
[391]
T1,0,0,200,14
T2,1,1,25,2
T3,2,0,60,2
T4,3,1,195,2
T5,4,1,80,1
T6,5,1,150,1
T7,6,1,54,2
T8,7,1,90,4
T9,8,1,22,2
[392]
T1,0,0,44,4
T2,1,0,125,2
T3,2,0,125,1
T4,3,1,200,1
T5,4,1,90,1
T6,5,1,192,2
T7,6,1,132,2
T8,7,1,37,2
T9,8,0,150,3
[393]
T1,0,0,35,2
T2,1,1,150,1
T3,2,1,90,1
T4,3,0,100,2
T5,4,0,112,2
T6,5,0,45,1
T7,6,0,120,2
T8,7,1,200,4
T9,8,1,174,10
[394]
T1,0,1,50,1
T2,1,0,50,2
T3,2,0,144,4
T4,3,0,190,1
T5,4,0,200,3
T6,5,1,150,2
T7,6,0,55,2
T8,7,0,120,2
T9,8,1,99,2
[395]
T1,0,1,85,2
T2,1,0,148,6
T3,2,1,35,1
T4,3,0,68,2
T5,4,0,85,1
T6,5,1,200,3
T7,6,1,170,1
T8,7,1,31,2
T9,8,1,136,1
[396]
T1,0,0,54,1
T2,1,1,200,3
T3,2,0,162,3
T4,3,1,22,2
T5,4,0,120,5
T6,5,0,190,6
T7,6,1,20,2
T8,7,1,60,2
T9,8,1,80,1
[397]
T1,0,0,100,2
T2,1,1,91,1
T3,2,0,33,2
T4,3,1,200,2
T5,4,0,104,6
T6,5,1,110,2
T7,6,0,20,2
T8,7,0,195,2
T9,8,1,165,2
[398]
T1,0,1,190,9
T2,1,1,24,2
T3,2,1,150,2
T4,3,1,120,2
T5,4,0,200,4
T6,5,0,32,2
T7,6,1,95,2
T8,7,0,124,4
T9,8,1,80,2
[399]
T1,0,1,200,6
T2,1,1,114,5
T3,2,0,53,1
T4,3,1,44,2
T5,4,1,154,1
T6,5,0,190,2
T7,6,0,66,2
T8,7,1,55,2
T9,8,1,60,2
[400]
T1,0,0,54,2
T2,1,0,42,2
T3,2,1,100,3
T4,3,1,200,4
T5,4,1,52,2
T6,5,0,70,2
T7,6,1,150,3
T8,7,1,130,1
T9,8,1,156,5
[401]
T1,0,0,105,2
T2,1,1,200,2
T3,2,0,36,2
T4,3,0,180,5
T5,4,1,189,8
T6,5,0,75,3
T7,6,0,35,2
T8,7,1,140,2
T9,8,0,112,2
[402]
T1,0,1,168,5
T2,1,1,185,5
T3,2,0,126,2
T4,3,1,112,2
T5,4,0,40,1
T6,5,0,200,9
T7,6,1,90,2
T8,7,0,21,2
T9,8,0,60,2
[403]
T1,0,0,50,2
T2,1,0,170,1
T3,2,0,68,1
T4,3,0,171,2
T5,4,0,95,8
T6,5,0,53,2
T7,6,1,200,6
T8,7,0,102,2
T9,8,1,60,1
[404]
T1,0,0,88,1
T2,1,0,65,3
T3,2,1,130,2
T4,3,0,168,4
T5,4,0,44,2
T6,5,0,200,4
T7,6,1,43,1
T8,7,1,168,2
T9,8,0,130,3
[405]
T1,0,1,162,2
T2,1,0,27,2
T3,2,0,125,1
T4,3,0,100,7
T5,4,0,108,2
T6,5,0,96,2
T7,6,0,160,1
T8,7,1,200,4
T9,8,1,37,2
[406]
T1,0,0,32,2
T2,1,0,156,1
T3,2,1,135,2
T4,3,1,104,1
T5,4,0,72,2
T6,5,0,192,2
T7,6,1,200,6
T8,7,1,135,2
T9,8,0,44,4
[407]
T1,0,1,128,2
T2,1,1,42,2
T3,2,0,105,2
T4,3,0,200,8
T5,4,0,20,1
T6,5,0,56,2
T7,6,1,175,3
T8,7,0,154,2
T9,8,1,55,2
[408]
T1,0,1,110,2
T2,1,1,50,1
T3,2,0,108,1
T4,3,0,162,2
T5,4,1,110,2
T6,5,0,200,1
T7,6,0,160,2
T8,7,1,60,4
T9,8,1,48,1
[409]
T1,0,0,200,2
T2,1,1,120,2
T3,2,1,180,6
T4,3,1,140,5
T5,4,1,126,1
T6,5,0,60,2
T7,6,0,34,2
T8,7,1,188,1
T9,8,0,45,2
[410]
T1,0,0,24,2
T2,1,0,165,5
T3,2,0,200,8
T4,3,1,66,5
T5,4,1,135,2
T6,5,0,105,3
T7,6,1,189,2
T8,7,1,77,2
T9,8,1,22,2
[411]
T1,0,1,180,1
T2,1,0,180,2
T3,2,0,130,6
T4,3,1,84,1
T5,4,0,200,10
T6,5,0,140,2
T7,6,0,45,1
T8,7,0,65,1
T9,8,1,51,2
[412]
T1,0,1,38,2
T2,1,1,185,5
T3,2,1,72,1
T4,3,0,75,2
T5,4,0,117,2
T6,5,0,195,4
T7,6,0,75,2
T8,7,1,200,7
T9,8,1,26,2
[413]
T1,0,1,102,3
T2,1,0,192,1
T3,2,0,28,2
T4,3,0,144,4
T5,4,1,180,2
T6,5,1,200,2
T7,6,1,64,5
T8,7,1,27,2
T9,8,0,68,2
[414]
T1,0,0,80,1
T2,1,1,91,2
T3,2,0,182,1
T4,3,1,60,1
T5,4,0,50,1
T6,5,0,34,2
T7,6,0,105,2
T8,7,0,175,11
T9,8,0,200,4
[415]
T1,0,1,186,6
T2,1,0,23,2
T3,2,1,36,2
T4,3,0,60,1
T5,4,0,99,1
T6,5,0,198,8
T7,6,0,93,1
T8,7,0,200,4
T9,8,1,124,3
[416]
T1,0,1,200,10
T2,1,1,64,2
T3,2,1,31,2
T4,3,0,75,4
T5,4,1,96,2
T6,5,1,150,1
T7,6,1,125,2
T8,7,0,23,1
T9,8,0,192,1
[417]
T1,0,0,50,2
T2,1,0,45,2
T3,2,1,56,2
T4,3,0,105,1
T5,4,0,150,2
T6,5,1,136,6
T7,6,1,200,5
T8,7,1,180,2
T9,8,1,80,4
[418]
T1,0,1,60,2
T2,1,1,21,2
T3,2,1,88,3
T4,3,0,110,1
T5,4,1,56,2
T6,5,0,150,2
T7,6,0,49,2
T8,7,1,196,2
T9,8,1,200,9
[419]
T1,0,0,35,2
T2,1,1,189,9
T3,2,1,200,3
T4,3,0,117,1
T5,4,0,75,3
T6,5,0,140,4
T7,6,1,112,2
T8,7,0,32,2
T9,8,0,150,2
[420]
T1,0,1,72,2
T2,1,1,90,2
T3,2,1,75,1
T4,3,0,168,6
T5,4,1,40,2
T6,5,0,185,1
T7,6,1,200,5
T8,7,0,84,3
T9,8,0,21,2
[421]
T1,0,1,200,1
T2,1,0,88,1
T3,2,1,60,2
T4,3,0,100,2
T5,4,0,195,2
T6,5,0,28,1
T7,6,1,132,8
T8,7,0,32,2
T9,8,1,154,2
[422]
T1,0,1,75,1
T2,1,1,160,2
T3,2,0,74,3
T4,3,0,22,2
T5,4,1,66,1
T6,5,0,160,2
T7,6,0,200,2
T8,7,1,55,3
T9,8,1,52,2
[423]
T1,0,0,135,1
T2,1,0,50,1
T3,2,0,80,1
T4,3,1,189,14
T5,4,1,182,6
T6,5,1,25,2
T7,6,1,200,2
T8,7,0,130,2
T9,8,0,140,1
[424]
T1,0,0,168,2
T2,1,0,200,9
T3,2,1,63,2
T4,3,1,175,1
T5,4,0,40,2
T6,5,1,120,1
T7,6,1,110,4
T8,7,1,84,2
T9,8,0,53,2
[425]
T1,0,0,165,2
T2,1,1,144,5
T3,2,1,176,8
T4,3,0,200,2
T5,4,0,77,3
T6,5,0,48,2
T7,6,0,53,2
T8,7,0,66,2
T9,8,0,144,2
[426]
T1,0,1,100,2
T2,1,1,120,10
T3,2,1,96,2
T4,3,1,37,2
T5,4,1,184,1
T6,5,0,64,1
T7,6,1,150,3
T8,7,0,200,9
T9,8,1,28,2
[427]
T1,0,1,75,2
T2,1,0,50,2
T3,2,0,135,4
T4,3,0,52,2
T5,4,0,65,2
T6,5,1,180,10
T7,6,1,63,2
T8,7,1,189,3
T9,8,1,200,12
[428]
T1,0,0,150,1
T2,1,0,138,2
T3,2,1,75,2
T4,3,0,54,1
T5,4,0,50,1
T6,5,1,50,2
T7,6,1,115,3
T8,7,1,175,3
T9,8,0,200,1
[429]
T1,0,0,184,1
T2,1,0,70,1
T3,2,1,20,2
T4,3,0,42,2
T5,4,1,200,6
T6,5,0,150,1
T7,6,1,115,1
T8,7,1,100,7
T9,8,1,69,1
[430]
T1,0,1,98,1
T2,1,0,130,11
T3,2,1,56,2
T4,3,1,26,2
T5,4,0,182,2
T6,5,0,150,7
T7,6,1,105,2
T8,7,1,50,2
T9,8,1,200,1
[431]
T1,0,0,105,2
T2,1,1,195,2
T3,2,1,75,1
T4,3,1,43,3
T5,4,1,28,2
T6,5,0,65,1
T7,6,1,200,3
T8,7,0,147,3
T9,8,1,195,7
[432]
T1,0,0,39,1
T2,1,1,200,5
T3,2,1,96,2
T4,3,0,66,1
T5,4,1,112,3
T6,5,0,192,6
T7,6,0,80,1
T8,7,1,32,2
T9,8,0,154,2
[433]
T1,0,1,110,3
T2,1,0,150,1
T3,2,1,60,1
T4,3,1,174,5
T5,4,0,116,1
T6,5,0,50,1
T7,6,0,125,3
T8,7,0,40,2
T9,8,1,200,7
[434]
T1,0,1,60,1
T2,1,0,75,3
T3,2,0,180,5
T4,3,1,28,2
T5,4,0,138,2
T6,5,0,24,2
T7,6,1,175,1
T8,7,1,200,3
T9,8,1,135,5
[435]
T1,0,1,147,1
T2,1,1,168,4
T3,2,0,49,2
T4,3,0,70,1
T5,4,1,75,2
T6,5,1,21,2
T7,6,0,200,3
T8,7,1,195,10
T9,8,1,84,5
[436]
T1,0,0,27,2
T2,1,1,140,4
T3,2,0,168,7
T4,3,0,72,6
T5,4,0,200,2
T6,5,1,47,2
T7,6,0,70,2
T8,7,1,100,2
T9,8,0,152,1
[437]
T1,0,1,118,1
T2,1,0,50,2
T3,2,1,156,4
T4,3,1,150,5
T5,4,0,120,1
T6,5,0,130,4
T7,6,1,28,2
T8,7,1,118,2
T9,8,1,200,1
[438]
T1,0,0,200,3
T2,1,1,36,2
T3,2,0,110,1
T4,3,1,72,1
T5,4,1,154,10
T6,5,1,66,1
T7,6,0,165,2
T8,7,0,99,2
T9,8,0,52,2
[439]
T1,0,0,136,2
T2,1,0,170,5
T3,2,1,100,2
T4,3,1,94,4
T5,4,0,200,4
T6,5,1,188,2
T7,6,0,33,2
T8,7,1,32,2
T9,8,1,80,4
[440]
T1,0,1,20,2
T2,1,0,135,4
T3,2,1,200,3
T4,3,0,80,2
T5,4,1,160,5
T6,5,0,140,9
T7,6,0,128,2
T8,7,1,22,2
T9,8,1,175,4
[441]
T1,0,1,24,1
T2,1,0,190,2
T3,2,0,65,3
T4,3,1,78,2
T5,4,0,200,3
T6,5,0,156,2
T7,6,1,57,1
T8,7,0,28,2
T9,8,1,95,1
[442]
T1,0,1,28,2
T2,1,1,200,1
T3,2,0,98,2
T4,3,1,25,2
T5,4,0,144,6
T6,5,1,196,4
T7,6,0,112,3
T8,7,1,189,4
T9,8,0,60,1
[443]
T1,0,1,23,1
T2,1,1,78,4
T3,2,1,171,3
T4,3,1,38,2
T5,4,1,120,2
T6,5,0,200,1
T7,6,0,72,2
T8,7,1,171,2
T9,8,0,104,1
[444]
T1,0,1,50,2
T2,1,0,100,5
T3,2,1,184,2
T4,3,1,88,2
T5,4,0,138,3
T6,5,0,55,2
T7,6,1,198,10
T8,7,0,41,2
T9,8,1,200,1
[445]
T1,0,0,80,2
T2,1,0,80,3
T3,2,0,74,2
T4,3,1,126,4
T5,4,0,200,5
T6,5,1,44,1
T7,6,1,150,2
T8,7,0,175,4
T9,8,0,24,2
[446]
T1,0,0,88,2
T2,1,0,28,2
T3,2,0,66,2
T4,3,0,165,8
T5,4,0,51,2
T6,5,0,140,2
T7,6,1,176,8
T8,7,1,200,3
T9,8,0,66,2
[447]
T1,0,1,20,2
T2,1,1,175,2
T3,2,0,156,3
T4,3,0,84,2
T5,4,0,200,2
T6,5,1,136,1
T7,6,0,100,1
T8,7,0,24,2
T9,8,0,91,6
[448]
T1,0,1,108,1
T2,1,1,125,1
T3,2,1,105,2
T4,3,1,126,1
T5,4,0,175,3
T6,5,1,40,2
T7,6,0,180,2
T8,7,0,200,3
T9,8,0,36,3
[449]
T1,0,0,150,1
T2,1,0,144,1
T3,2,0,160,14
T4,3,1,108,2
T5,4,0,28,2
T6,5,0,49,2
T7,6,1,200,2
T8,7,1,120,7
T9,8,0,120,1
[450]
T1,0,0,56,2
T2,1,0,56,1
T3,2,0,150,1
T4,3,1,25,1
T5,4,1,66,1
T6,5,0,154,1
T7,6,0,44,2
T8,7,0,200,9
T9,8,0,98,1
[451]
T1,0,1,99,3
T2,1,0,99,2
T3,2,0,55,2
T4,3,1,168,3
T5,4,1,200,2
T6,5,0,63,1
T7,6,1,22,2
T8,7,0,180,3
T9,8,1,53,2
[452]
T1,0,1,75,2
T2,1,1,45,1
T3,2,1,84,2
T4,3,1,153,5
T5,4,1,144,2
T6,5,1,150,7
T7,6,1,51,2
T8,7,1,96,2
T9,8,1,200,4
[453]
T1,0,0,144,5
T2,1,1,168,1
T3,2,0,200,2
T4,3,1,120,2
T5,4,0,68,2
T6,5,1,140,2
T7,6,0,180,3
T8,7,0,34,2
T9,8,0,36,1
[454]
T1,0,1,75,2
T2,1,0,171,7
T3,2,1,200,10
T4,3,0,64,1
T5,4,1,190,3
T6,5,0,40,2
T7,6,1,72,2
T8,7,1,52,2
T9,8,0,135,3
[455]
T1,0,1,72,2
T2,1,1,155,3
T3,2,0,72,4
T4,3,0,105,3
T5,4,0,30,2
T6,5,0,200,1
T7,6,1,20,2
T8,7,0,180,4
T9,8,1,120,2
[456]
T1,0,0,126,5
T2,1,1,21,2
T3,2,0,63,2
T4,3,1,70,2
T5,4,1,200,2
T6,5,1,27,1
T7,6,1,156,2
T8,7,0,104,1
T9,8,0,182,4
[457]
T1,0,1,114,3
T2,1,1,152,1
T3,2,1,48,2
T4,3,0,200,1
T5,4,1,150,2
T6,5,1,115,2
T7,6,1,75,6
T8,7,1,69,2
T9,8,1,32,2
[458]
T1,0,0,200,7
T2,1,1,140,3
T3,2,1,48,2
T4,3,1,42,2
T5,4,1,153,2
T6,5,0,102,2
T7,6,1,70,2
T8,7,0,175,2
T9,8,0,56,2
[459]
T1,0,0,75,2
T2,1,0,64,2
T3,2,1,25,2
T4,3,0,35,2
T5,4,1,135,3
T6,5,0,189,3
T7,6,0,128,4
T8,7,1,189,2
T9,8,1,200,10
[460]
T1,0,1,112,9
T2,1,0,77,1
T3,2,0,51,2
T4,3,0,200,7
T5,4,0,175,1
T6,5,0,168,2
T7,6,1,35,2
T8,7,0,98,2
T9,8,1,112,1
[461]
T1,0,1,135,3
T2,1,1,60,2
T3,2,1,90,2
T4,3,0,176,9
T5,4,0,49,2
T6,5,1,165,4
T7,6,1,45,2
T8,7,0,200,5
T9,8,1,88,2
[462]
T1,0,1,20,2
T2,1,1,176,1
T3,2,0,198,8
T4,3,1,110,3
T5,4,1,38,2
T6,5,0,84,3
T7,6,0,200,9
T8,7,1,110,2
T9,8,0,132,2
[463]
T1,0,0,108,2
T2,1,1,72,2
T3,2,0,200,7
T4,3,0,120,2
T5,4,0,64,1
T6,5,0,49,2
T7,6,0,175,2
T8,7,1,150,1
T9,8,0,36,1
[464]
T1,0,1,72,2
T2,1,1,20,2
T3,2,1,200,9
T4,3,0,60,2
T5,4,1,162,3
T6,5,0,189,1
T7,6,1,105,5
T8,7,0,96,2
T9,8,1,54,2
[465]
T1,0,1,192,2
T2,1,0,168,4
T3,2,1,98,1
T4,3,1,40,1
T5,4,0,100,4
T6,5,0,144,3
T7,6,0,200,2
T8,7,1,63,2
T9,8,1,36,2
[466]
T1,0,1,38,2
T2,1,1,145,2
T3,2,1,110,1
T4,3,1,200,3
T5,4,1,165,9
T6,5,1,165,1
T7,6,1,132,1
T8,7,0,75,5
T9,8,1,36,2
[467]
T1,0,0,150,2
T2,1,1,135,7
T3,2,0,37,2
T4,3,0,126,3
T5,4,0,36,2
T6,5,0,200,2
T7,6,1,65,3
T8,7,1,65,1
T9,8,1,180,2
[468]
T1,0,0,111,2
T2,1,0,38,2
T3,2,1,200,8
T4,3,0,100,2
T5,4,0,120,2
T6,5,1,80,5
T7,6,1,22,2
T8,7,0,150,5
T9,8,1,152,3
[469]
T1,0,0,128,2
T2,1,1,200,4
T3,2,0,70,1
T4,3,1,25,2
T5,4,1,110,1
T6,5,1,175,3
T7,6,0,168,2
T8,7,0,25,1
T9,8,0,56,1
[470]
T1,0,1,150,2
T2,1,1,54,1
T3,2,1,150,5
T4,3,1,90,2
T5,4,1,34,1
T6,5,0,30,1
T7,6,0,200,1
T8,7,1,119,2
T9,8,1,84,2
[471]
T1,0,0,75,1
T2,1,0,200,2
T3,2,0,185,3
T4,3,0,38,2
T5,4,0,165,10
T6,5,0,110,2
T7,6,0,60,2
T8,7,0,55,2
T9,8,1,25,2
[472]
T1,0,1,121,1
T2,1,0,200,11
T3,2,1,45,2
T4,3,0,37,2
T5,4,1,150,2
T6,5,1,75,4
T7,6,1,90,2
T8,7,1,180,2
T9,8,1,110,1
[473]
T1,0,0,70,2
T2,1,1,100,2
T3,2,1,200,3
T4,3,0,147,2
T5,4,1,135,7
T6,5,0,48,1
T7,6,1,150,1
T8,7,1,150,2
T9,8,0,41,1
[474]
T1,0,0,48,2
T2,1,0,114,2
T3,2,1,38,2
T4,3,0,57,1
T5,4,1,200,1
T6,5,1,80,2
T7,6,1,150,10
T8,7,1,60,2
T9,8,0,156,2
[475]
T1,0,0,54,2
T2,1,0,200,6
T3,2,0,48,2
T4,3,0,132,1
T5,4,1,99,4
T6,5,1,180,9
T7,6,1,189,6
T8,7,0,56,2
T9,8,0,22,2
[476]
T1,0,1,200,6
T2,1,0,56,2
T3,2,1,64,2
T4,3,1,160,1
T5,4,1,30,2
T6,5,0,175,8
T7,6,1,65,1
T8,7,0,91,5
T9,8,0,44,2
[477]
T1,0,0,52,1
T2,1,1,60,2
T3,2,0,196,3
T4,3,0,72,1
T5,4,1,200,4
T6,5,0,100,4
T7,6,0,110,1
T8,7,0,168,2
T9,8,1,33,2
[478]
T1,0,0,85,2
T2,1,1,85,2
T3,2,0,200,10
T4,3,1,26,1
T5,4,0,20,2
T6,5,1,168,1
T7,6,0,104,2
T8,7,0,140,2
T9,8,1,150,1
[479]
T1,0,1,184,1
T2,1,0,184,2
T3,2,0,60,2
T4,3,1,200,5
T5,4,0,26,2
T6,5,0,120,1
T7,6,0,138,4
T8,7,1,20,2
T9,8,1,115,2
[480]
T1,0,1,63,2
T2,1,0,128,2
T3,2,1,189,3
T4,3,1,120,6
T5,4,1,84,4
T6,5,1,200,1
T7,6,0,36,2
T8,7,1,160,1
T9,8,0,45,2
[481]
T1,0,1,75,4
T2,1,1,20,2
T3,2,1,160,1
T4,3,1,198,2
T5,4,0,132,3
T6,5,0,200,1
T7,6,0,30,1
T8,7,1,132,2
T9,8,1,108,1
[482]
T1,0,1,72,2
T2,1,1,144,4
T3,2,0,36,2
T4,3,0,200,5
T5,4,0,99,2
T6,5,1,21,1
T7,6,0,120,2
T8,7,0,152,4
T9,8,1,190,5
[483]
T1,0,0,96,3
T2,1,0,200,9
T3,2,0,161,2
T4,3,0,80,1
T5,4,0,140,2
T6,5,0,25,2
T7,6,1,160,5
T8,7,1,100,2
T9,8,1,20,2
[484]
T1,0,1,22,2
T2,1,1,200,7
T3,2,1,184,2
T4,3,0,75,1
T5,4,1,90,2
T6,5,1,168,7
T7,6,0,120,2
T8,7,1,20,2
T9,8,0,108,6
[485]
T1,0,0,24,2
T2,1,0,84,2
T3,2,1,200,2
T4,3,0,105,2
T5,4,1,66,4
T6,5,1,90,3
T7,6,0,31,2
T8,7,0,189,1
T9,8,0,198,2
[486]
T1,0,0,176,1
T2,1,0,132,2
T3,2,1,165,5
T4,3,0,42,1
T5,4,0,132,2
T6,5,0,60,2
T7,6,1,200,2
T8,7,1,62,2
T9,8,0,22,1
[487]
T1,0,1,43,2
T2,1,1,22,2
T3,2,1,100,3
T4,3,0,180,2
T5,4,0,200,6
T6,5,1,78,4
T7,6,0,90,3
T8,7,0,165,2
T9,8,1,72,2
[488]
T1,0,0,140,2
T2,1,0,75,2
T3,2,0,34,2
T4,3,0,150,3
T5,4,0,44,2
T6,5,0,200,16
T7,6,0,132,4
T8,7,1,165,5
T9,8,0,102,1
[489]
T1,0,0,36,2
T2,1,1,124,7
T3,2,0,62,1
T4,3,0,165,2
T5,4,1,200,2
T6,5,1,124,8
T7,6,1,150,2
T8,7,1,110,2
T9,8,1,22,2
[490]
T1,0,1,48,2
T2,1,1,112,2
T3,2,0,175,2
T4,3,0,98,1
T5,4,1,126,8
T6,5,0,200,2
T7,6,1,45,1
T8,7,0,175,8
T9,8,0,105,2
[491]
T1,0,1,99,6
T2,1,1,55,2
T3,2,1,165,1
T4,3,0,200,1
T5,4,1,48,2
T6,5,0,46,1
T7,6,0,198,5
T8,7,1,130,6
T9,8,1,80,2
[492]
T1,0,1,120,3
T2,1,0,200,4
T3,2,0,150,2
T4,3,1,75,1
T5,4,0,47,1
T6,5,0,168,6
T7,6,0,105,1
T8,7,0,96,2
T9,8,0,24,2
[493]
T1,0,1,105,4
T2,1,1,125,1
T3,2,1,40,2
T4,3,1,175,4
T5,4,1,56,2
T6,5,1,200,7
T7,6,1,162,3
T8,7,0,90,2
T9,8,0,20,2
[494]
T1,0,0,200,2
T2,1,1,168,4
T3,2,0,175,3
T4,3,0,78,2
T5,4,1,140,2
T6,5,0,49,2
T7,6,0,77,7
T8,7,0,132,2
T9,8,0,52,1
[495]
T1,0,0,100,6
T2,1,0,102,4
T3,2,1,168,1
T4,3,1,52,2
T5,4,0,66,1
T6,5,1,30,2
T7,6,1,150,2
T8,7,0,200,1
T9,8,1,66,2
[496]
T1,0,0,70,1
T2,1,1,154,1
T3,2,0,200,4
T4,3,1,44,2
T5,4,0,56,2
T6,5,0,85,2
T7,6,0,165,9
T8,7,0,119,2
T9,8,0,24,2
[497]
T1,0,0,63,2
T2,1,0,62,2
T3,2,0,62,1
T4,3,0,80,2
T5,4,1,186,10
T6,5,1,200,2
T7,6,1,25,1
T8,7,1,168,2
T9,8,0,24,2
[498]
T1,0,0,22,2
T2,1,0,56,3
T3,2,1,61,2
T4,3,1,140,3
T5,4,1,200,2
T6,5,1,180,5
T7,6,0,35,2
T8,7,0,60,1
T9,8,1,183,2
[499]
T1,0,1,24,2
T2,1,0,190,5
T3,2,0,180,5
T4,3,0,200,2
T5,4,0,68,1
T6,5,1,100,6
T7,6,1,57,2
T8,7,1,23,2
T9,8,0,57,2
[500]
T1,0,0,120,2
T2,1,0,196,19
T3,2,0,44,2
T4,3,1,60,2
T5,4,1,200,2
T6,5,0,120,1
T7,6,1,176,6
T8,7,1,29,2
T9,8,1,132,2
