num_task_per_taskset=9
num_taskset=500
//ID,Priority,Offset,Period,Execution Time
[1]
T1,0,1,175,2
T2,1,0,100,10
T3,2,1,140,2
T4,3,1,50,2
T5,4,1,200,9
T6,5,0,28,2
T7,6,0,140,2
T8,7,1,155,10
T9,8,1,115,2
[2]
T1,0,0,26,2
T2,1,0,169,17
T3,2,1,60,3
T4,3,0,40,2
T5,4,0,200,13
T6,5,1,169,2
T7,6,0,130,4
T8,7,1,72,2
T9,8,0,90,2
[3]
T1,0,0,90,1
T2,1,0,100,5
T3,2,1,52,2
T4,3,0,22,2
T5,4,1,117,5
T6,5,1,160,8
T7,6,1,65,1
T8,7,1,200,9
T9,8,0,180,6
[4]
T1,0,1,160,1
T2,1,1,34,3
T3,2,0,160,1
T4,3,0,136,1
T5,4,0,66,2
T6,5,1,52,1
T7,6,0,200,10
T8,7,0,75,2
T9,8,0,80,4
[5]
T1,0,0,170,11
T2,1,1,64,2
T3,2,0,200,5
T4,3,0,84,1
T5,4,0,136,1
T6,5,1,175,2
T7,6,0,20,2
T8,7,1,40,2
T9,8,1,102,5
[6]
T1,0,0,22,1
T2,1,0,200,1
T3,2,0,165,4
T4,3,1,154,4
T5,4,1,54,2
T6,5,1,120,2
T7,6,1,55,2
T8,7,0,100,7
T9,8,1,28,2
[7]
T1,0,0,200,5
T2,1,0,120,4
T3,2,1,175,5
T4,3,1,128,9
T5,4,1,30,2
T6,5,0,55,2
T7,6,1,23,1
T8,7,0,80,3
T9,8,0,150,2
[8]
T1,0,1,77,1
T2,1,0,168,6
T3,2,1,200,16
T4,3,1,50,2
T5,4,1,22,1
T6,5,0,120,2
T7,6,0,112,2
T8,7,0,150,3
T9,8,1,112,3
[9]
T1,0,0,200,2
T2,1,0,90,5
T3,2,0,66,1
T4,3,1,180,6
T5,4,1,80,2
T6,5,0,34,2
T7,6,0,168,5
T8,7,1,90,2
T9,8,0,42,1
[10]
T1,0,1,56,2
T2,1,1,128,8
T3,2,0,130,5
T4,3,1,36,2
T5,4,0,200,4
T6,5,0,60,2
T7,6,1,20,2
T8,7,1,160,2
T9,8,0,175,1
[11]
T1,0,0,150,2
T2,1,0,93,1
T3,2,0,63,4
T4,3,0,30,2
T5,4,1,112,1
T6,5,0,180,8
T7,6,1,75,2
T8,7,1,200,2
T9,8,0,36,2
[12]
T1,0,1,140,5
T2,1,1,170,5
T3,2,0,136,4
T4,3,1,150,5
T5,4,0,200,3
T6,5,0,28,2
T7,6,1,90,3
T8,7,0,36,3
T9,8,1,72,2
[13]
T1,0,0,84,2
T2,1,0,126,2
T3,2,0,200,1
T4,3,1,27,2
T5,4,1,44,2
T6,5,1,56,1
T7,6,1,168,2
T8,7,1,154,9
T9,8,1,77,14
[14]
T1,0,0,140,5
T2,1,1,100,6
T3,2,0,20,1
T4,3,1,189,1
T5,4,1,27,1
T6,5,0,200,1
T7,6,0,140,2
T8,7,1,156,2
T9,8,0,108,3
[15]
T1,0,1,182,7
T2,1,0,140,7
T3,2,1,80,2
T4,3,0,154,2
T5,4,1,200,8
T6,5,1,28,2
T7,6,0,65,1
T8,7,0,43,2
T9,8,1,80,1
[16]
T1,0,0,60,2
T2,1,1,180,2
T3,2,0,50,1
T4,3,0,33,2
T5,4,1,110,2
T6,5,1,165,4
T7,6,1,88,1
T8,7,0,88,2
T9,8,0,200,16
[17]
T1,0,0,189,3
T2,1,0,126,2
T3,2,0,34,1
T4,3,0,84,5
T5,4,1,200,4
T6,5,0,80,5
T7,6,1,54,2
T8,7,0,132,1
T9,8,1,175,2
[18]
T1,0,1,70,2
T2,1,1,36,2
T3,2,0,200,4
T4,3,1,175,6
T5,4,1,68,2
T6,5,1,85,2
T7,6,1,42,3
T8,7,1,68,2
T9,8,0,154,2
[19]
T1,0,0,84,2
T2,1,0,168,11
T3,2,0,40,2
T4,3,1,69,1
T5,4,0,49,2
T6,5,1,168,8
T7,6,1,144,6
T8,7,1,200,2
T9,8,0,69,2
[20]
T1,0,0,189,7
T2,1,0,80,2
T3,2,0,105,1
T4,3,1,90,2
T5,4,1,26,2
T6,5,1,165,24
T7,6,1,200,1
T8,7,1,112,2
T9,8,1,48,1
[21]
T1,0,0,91,1
T2,1,1,182,7
T3,2,1,50,1
T4,3,0,65,2
T5,4,0,78,8
T6,5,0,168,1
T7,6,1,143,3
T8,7,0,23,2
T9,8,0,200,1
[22]
T1,0,0,30,2
T2,1,1,35,2
T3,2,0,63,1
T4,3,1,105,1
T5,4,1,69,3
T6,5,1,150,5
T7,6,1,92,9
T8,7,1,184,4
T9,8,1,200,4
[23]
T1,0,1,200,3
T2,1,1,70,2
T3,2,0,45,2
T4,3,0,66,1
T5,4,1,66,5
T6,5,0,55,2
T7,6,0,52,1
T8,7,1,196,2
T9,8,0,180,3
[24]
T1,0,0,175,2
T2,1,0,200,8
T3,2,1,25,2
T4,3,0,28,2
T5,4,1,170,9
T6,5,1,60,4
T7,6,0,140,1
T8,7,1,63,1
T9,8,1,112,6
[25]
T1,0,0,160,2
T2,1,1,78,2
T3,2,1,26,2
T4,3,0,200,2
T5,4,1,192,6
T6,5,1,60,3
T7,6,1,25,2
T8,7,1,56,1
T9,8,1,70,2
[26]
T1,0,1,100,2
T2,1,0,189,7
T3,2,0,156,1
T4,3,0,130,1
T5,4,1,47,2
T6,5,1,105,16
T7,6,1,105,2
T8,7,0,200,2
T9,8,1,25,2
[27]
T1,0,0,112,1
T2,1,0,108,2
T3,2,1,196,4
T4,3,1,120,5
T5,4,0,42,2
T6,5,0,144,17
T7,6,1,35,1
T8,7,0,175,2
T9,8,0,200,2
[28]
T1,0,0,46,2
T2,1,1,84,4
T3,2,1,68,2
T4,3,1,165,2
T5,4,0,105,1
T6,5,1,187,9
T7,6,0,34,2
T8,7,1,200,12
T9,8,0,136,11
[29]
T1,0,1,75,7
T2,1,0,200,1
T3,2,1,154,6
T4,3,0,91,2
T5,4,0,175,6
T6,5,1,143,4
T7,6,1,40,1
T8,7,1,91,2
T9,8,0,39,1
[30]
T1,0,0,41,1
T2,1,0,117,1
T3,2,0,200,1
T4,3,1,55,2
T5,4,1,90,7
T6,5,0,25,2
T7,6,0,132,3
T8,7,1,150,14
T9,8,0,165,6
[31]
T1,0,0,24,2
T2,1,1,80,2
T3,2,0,150,3
T4,3,1,110,2
T5,4,0,120,5
T6,5,0,38,2
T7,6,0,129,3
T8,7,0,150,8
T9,8,0,200,8
[32]
T1,0,0,24,3
T2,1,1,119,3
T3,2,0,77,1
T4,3,0,200,1
T5,4,0,120,5
T6,5,0,70,1
T7,6,1,168,2
T8,7,0,175,4
T9,8,0,20,2
[33]
T1,0,0,200,7
T2,1,0,21,2
T3,2,0,150,1
T4,3,0,117,1
T5,4,1,126,11
T6,5,0,180,1
T7,6,0,47,2
T8,7,0,144,14
T9,8,0,91,2
[34]
T1,0,0,53,2
T2,1,1,120,2
T3,2,1,168,3
T4,3,1,60,2
T5,4,0,88,5
T6,5,1,49,1
T7,6,0,196,11
T8,7,0,75,2
T9,8,0,200,7
[35]
T1,0,1,195,6
T2,1,0,60,2
T3,2,1,180,8
T4,3,1,200,3
T5,4,1,26,2
T6,5,1,120,2
T7,6,0,47,1
T8,7,1,60,2
T9,8,0,66,5
[36]
T1,0,1,28,2
T2,1,0,200,11
T3,2,1,84,2
T4,3,1,189,4
T5,4,0,54,2
T6,5,1,75,2
T7,6,0,114,2
T8,7,0,84,1
T9,8,1,190,23
[37]
T1,0,1,195,7
T2,1,0,24,2
T3,2,0,200,20
T4,3,1,70,4
T5,4,1,130,1
T6,5,0,80,3
T7,6,0,189,1
T8,7,1,31,2
T9,8,1,80,1
[38]
T1,0,1,165,3
T2,1,1,55,4
T3,2,1,46,2
T4,3,1,80,4
T5,4,0,100,2
T6,5,1,200,2
T7,6,1,176,2
T8,7,1,144,2
T9,8,1,30,2
[39]
T1,0,1,70,1
T2,1,0,34,3
T3,2,1,168,1
T4,3,1,70,4
T5,4,0,84,2
T6,5,1,140,4
T7,6,0,166,2
T8,7,0,42,1
T9,8,0,200,5
[40]
T1,0,1,43,2
T2,1,0,24,2
T3,2,0,180,2
T4,3,1,198,2
T5,4,0,117,3
T6,5,1,200,3
T7,6,0,78,1
T8,7,1,135,11
T9,8,1,60,6
[41]
T1,0,0,39,2
T2,1,0,120,11
T3,2,1,144,1
T4,3,0,80,2
T5,4,0,130,2
T6,5,1,175,15
T7,6,0,200,2
T8,7,0,189,10
T9,8,0,21,2
[42]
T1,0,0,168,1
T2,1,0,200,15
T3,2,0,110,2
T4,3,0,20,2
T5,4,1,120,7
T6,5,1,72,4
T7,6,0,125,3
T8,7,0,175,1
T9,8,1,50,1
[43]
T1,0,0,132,2
T2,1,0,31,2
T3,2,0,140,6
T4,3,1,25,2
T5,4,1,200,8
T6,5,1,104,2
T7,6,0,182,6
T8,7,1,150,1
T9,8,0,65,1
[44]
T1,0,1,176,3
T2,1,1,92,11
T3,2,0,60,2
T4,3,0,160,4
T5,4,0,138,8
T6,5,1,50,2
T7,6,1,120,2
T8,7,1,32,2
T9,8,0,200,2
[45]
T1,0,0,64,4
T2,1,1,25,1
T3,2,0,200,3
T4,3,0,143,1
T5,4,1,55,2
T6,5,1,48,1
T7,6,0,156,2
T8,7,0,150,6
T9,8,0,66,2
[46]
T1,0,1,42,2
T2,1,1,150,6
T3,2,0,60,2
T4,3,1,50,2
T5,4,0,200,3
T6,5,0,64,4
T7,6,1,160,2
T8,7,1,65,2
T9,8,1,70,2
[47]
T1,0,0,200,5
T2,1,1,24,2
T3,2,0,195,19
T4,3,1,28,2
T5,4,1,119,3
T6,5,0,65,2
T7,6,0,91,3
T8,7,1,105,2
T9,8,0,168,7
[48]
T1,0,1,65,2
T2,1,1,54,2
T3,2,1,130,8
T4,3,1,36,2
T5,4,1,175,5
T6,5,1,175,9
T7,6,1,21,2
T8,7,1,56,2
T9,8,0,200,15
[49]
T1,0,1,84,1
T2,1,1,200,2
T3,2,0,168,6
T4,3,0,36,2
T5,4,1,140,2
T6,5,0,140,7
T7,6,1,40,2
T8,7,0,90,2
T9,8,0,185,5
[50]
T1,0,0,69,2
T2,1,1,200,4
T3,2,1,184,8
T4,3,1,153,5
T5,4,0,115,1
T6,5,1,60,1
T7,6,1,22,2
T8,7,0,60,1
T9,8,1,23,1
[51]
T1,0,1,200,12
T2,1,0,120,2
T3,2,0,108,4
T4,3,1,36,2
T5,4,0,56,3
T6,5,1,120,3
T7,6,0,180,5
T8,7,0,175,2
T9,8,1,24,2
[52]
T1,0,1,150,24
T2,1,0,136,3
T3,2,0,85,2
T4,3,0,170,1
T5,4,0,102,1
T6,5,0,200,1
T7,6,1,51,2
T8,7,0,69,1
T9,8,0,41,1
[53]
T1,0,0,51,3
T2,1,1,120,2
T3,2,1,135,3
T4,3,0,150,2
T5,4,1,76,3
T6,5,1,27,1
T7,6,1,200,12
T8,7,0,190,3
T9,8,0,70,1
[54]
T1,0,0,120,1
T2,1,1,200,3
T3,2,1,152,4
T4,3,1,90,9
T5,4,1,20,1
T6,5,1,96,1
T7,6,1,60,2
T8,7,0,180,7
T9,8,1,45,2
[55]
T1,0,0,80,1
T2,1,0,125,2
T3,2,0,48,2
T4,3,0,28,1
T5,4,1,196,2
T6,5,1,200,2
T7,6,1,98,1
T8,7,1,70,2
T9,8,1,175,29
[56]
T1,0,0,180,3
T2,1,0,53,4
T3,2,0,30,2
T4,3,0,90,2
T5,4,1,200,3
T6,5,1,60,4
T7,6,0,105,3
T8,7,1,55,2
T9,8,0,175,2
[57]
T1,0,0,117,1
T2,1,0,200,8
T3,2,1,70,4
T4,3,0,56,2
T5,4,0,37,2
T6,5,0,78,2
T7,6,0,160,14
T8,7,1,32,1
T9,8,0,150,2
[58]
T1,0,0,175,14
T2,1,1,123,3
T3,2,1,100,4
T4,3,1,32,2
T5,4,1,56,2
T6,5,1,75,2
T7,6,0,200,7
T8,7,1,30,1
T9,8,1,175,2
[59]
T1,0,1,36,2
T2,1,0,156,10
T3,2,0,120,2
T4,3,1,120,5
T5,4,0,24,2
T6,5,0,200,4
T7,6,1,150,9
T8,7,1,64,3
T9,8,1,70,2
[60]
T1,0,1,200,17
T2,1,1,72,2
T3,2,1,54,2
T4,3,1,90,6
T5,4,0,150,2
T6,5,0,195,1
T7,6,1,100,2
T8,7,0,32,2
T9,8,1,20,1
[61]
T1,0,1,135,6
T2,1,1,72,1
T3,2,1,175,2
T4,3,0,32,2
T5,4,0,192,1
T6,5,1,30,1
T7,6,1,84,2
T8,7,0,80,4
T9,8,1,200,14
[62]
T1,0,0,126,6
T2,1,1,200,1
T3,2,0,135,2
T4,3,1,66,5
T5,4,1,189,2
T6,5,1,108,4
T7,6,0,40,2
T8,7,1,150,2
T9,8,0,54,2
[63]
T1,0,0,140,9
T2,1,1,175,4
T3,2,1,38,2
T4,3,1,28,2
T5,4,1,190,6
T6,5,1,112,1
T7,6,0,120,7
T8,7,1,200,10
T9,8,0,84,1
[64]
T1,0,0,168,2
T2,1,0,110,13
T3,2,0,200,2
T4,3,1,168,2
T5,4,0,20,2
T6,5,0,63,2
T7,6,0,112,2
T8,7,1,32,1
T9,8,0,55,3
[65]
T1,0,0,60,5
T2,1,0,21,2
T3,2,0,150,2
T4,3,0,96,2
T5,4,0,37,2
T6,5,1,200,9
T7,6,1,126,1
T8,7,0,190,8
T9,8,0,144,6
[66]
T1,0,1,180,4
T2,1,0,24,2
T3,2,1,34,2
T4,3,0,175,3
T5,4,1,80,3
T6,5,0,200,6
T7,6,0,60,3
T8,7,0,105,4
T9,8,1,77,2
[67]
T1,0,1,170,3
T2,1,0,38,2
T3,2,0,170,19
T4,3,0,200,6
T5,4,0,45,1
T6,5,1,75,2
T7,6,1,95,2
T8,7,1,60,2
T9,8,0,72,4
[68]
T1,0,0,180,12
T2,1,1,180,23
T3,2,1,39,2
T4,3,0,117,3
T5,4,0,104,2
T6,5,0,57,2
T7,6,1,200,11
T8,7,0,31,2
T9,8,0,104,2
[69]
T1,0,1,72,2
T2,1,1,140,7
T3,2,0,189,4
T4,3,0,200,2
T5,4,1,63,1
T6,5,1,23,2
T7,6,0,190,10
T8,7,0,90,4
T9,8,1,24,2
[70]
T1,0,0,66,2
T2,1,1,135,2
T3,2,0,200,5
T4,3,1,198,18
T5,4,1,189,1
T6,5,0,126,2
T7,6,1,55,2
T8,7,0,46,3
T9,8,0,22,1
[71]
T1,0,0,200,3
T2,1,1,110,4
T3,2,0,80,3
T4,3,1,100,2
T5,4,0,190,13
T6,5,1,152,6
T7,6,1,60,2
T8,7,0,53,2
T9,8,0,45,2
[72]
T1,0,0,23,1
T2,1,0,54,2
T3,2,1,56,2
T4,3,1,200,2
T5,4,0,56,6
T6,5,0,156,4
T7,6,0,182,10
T8,7,1,45,2
T9,8,1,75,2
[73]
T1,0,1,23,2
T2,1,1,182,3
T3,2,0,110,2
T4,3,0,42,1
T5,4,0,175,7
T6,5,1,55,1
T7,6,1,200,2
T8,7,0,66,2
T9,8,0,60,1
[74]
T1,0,0,32,2
T2,1,0,84,1
T3,2,1,180,5
T4,3,1,21,1
T5,4,1,200,1
T6,5,1,140,7
T7,6,0,84,4
T8,7,1,168,4
T9,8,0,88,3
[75]
T1,0,1,198,16
T2,1,0,55,2
T3,2,0,168,9
T4,3,1,33,1
T5,4,0,140,2
T6,5,0,200,5
T7,6,0,88,2
T8,7,1,100,1
T9,8,0,50,1
[76]
T1,0,1,70,4
T2,1,0,64,2
T3,2,1,120,2
T4,3,1,182,2
T5,4,1,28,2
T6,5,0,200,3
T7,6,1,120,7
T8,7,0,168,8
T9,8,1,32,2
[77]
T1,0,1,66,2
T2,1,1,60,6
T3,2,1,27,2
T4,3,1,165,2
T5,4,1,147,4
T6,5,1,176,1
T7,6,0,60,2
T8,7,1,50,2
T9,8,0,200,2
[78]
T1,0,0,120,2
T2,1,0,43,6
T3,2,0,170,2
T4,3,1,36,2
T5,4,0,155,9
T6,5,1,93,1
T7,6,0,200,2
T8,7,1,68,1
T9,8,0,60,2
[79]
T1,0,1,47,1
T2,1,0,55,2
T3,2,0,60,4
T4,3,1,165,2
T5,4,0,165,1
T6,5,1,20,2
T7,6,0,127,2
T8,7,1,200,13
T9,8,1,127,6
[80]
T1,0,1,182,2
T2,1,1,168,14
T3,2,1,136,17
T4,3,0,40,2
T5,4,0,120,2
T6,5,0,140,1
T7,6,1,200,2
T8,7,1,30,2
T9,8,1,104,1
[81]
T1,0,1,200,9
T2,1,0,136,3
T3,2,1,70,2
T4,3,1,72,2
T5,4,1,153,13
T6,5,0,44,2
T7,6,1,85,2
T8,7,0,48,2
T9,8,0,153,5
[82]
T1,0,0,200,9
T2,1,0,140,4
T3,2,0,72,1
T4,3,0,189,1
T5,4,0,40,2
T6,5,0,120,4
T7,6,0,90,2
T8,7,1,180,6
T9,8,0,49,3
[83]
T1,0,1,75,2
T2,1,0,63,3
T3,2,1,200,9
T4,3,1,136,1
T5,4,1,25,1
T6,5,1,53,2
T7,6,0,170,3
T8,7,0,168,1
T9,8,0,72,3
[84]
T1,0,0,160,9
T2,1,1,69,2
T3,2,1,175,6
T4,3,1,80,1
T5,4,1,80,2
T6,5,1,22,1
T7,6,1,80,2
T8,7,1,50,2
T9,8,1,200,11
[85]
T1,0,1,200,2
T2,1,1,198,9
T3,2,1,24,2
T4,3,1,80,1
T5,4,1,44,2
T6,5,1,189,6
T7,6,1,84,9
T8,7,0,126,8
T9,8,1,99,1
[86]
T1,0,1,54,2
T2,1,1,48,1
T3,2,0,196,8
T4,3,1,135,6
T5,4,1,200,3
T6,5,1,70,3
T7,6,0,120,2
T8,7,0,189,2
T9,8,0,44,1
[87]
T1,0,0,200,9
T2,1,0,28,2
T3,2,0,190,5
T4,3,0,190,5
T5,4,1,76,2
T6,5,1,133,2
T7,6,0,75,1
T8,7,0,40,1
T9,8,0,98,7
[88]
T1,0,1,200,11
T2,1,1,75,1
T3,2,0,54,2
T4,3,1,150,9
T5,4,0,115,1
T6,5,0,25,2
T7,6,1,56,3
T8,7,1,175,9
T9,8,1,49,2
[89]
T1,0,1,39,2
T2,1,1,150,2
T3,2,1,76,5
T4,3,0,200,3
T5,4,0,150,4
T6,5,0,36,1
T7,6,0,145,3
T8,7,0,60,1
T9,8,0,72,4
[90]
T1,0,1,24,2
T2,1,0,168,2
T3,2,1,38,4
T4,3,1,120,2
T5,4,1,200,14
T6,5,0,160,2
T7,6,0,62,2
T8,7,1,105,4
T9,8,1,100,3
[91]
T1,0,1,75,4
T2,1,0,57,2
T3,2,1,200,2
T4,3,1,152,2
T5,4,0,165,15
T6,5,1,50,2
T7,6,0,32,1
T8,7,1,88,2
T9,8,1,57,1
[92]
T1,0,1,94,2
T2,1,0,28,2
T3,2,0,90,9
T4,3,0,56,1
T5,4,0,26,1
T6,5,0,168,5
T7,6,1,150,3
T8,7,0,90,1
T9,8,0,200,4
[93]
T1,0,1,115,2
T2,1,0,180,4
T3,2,1,184,2
T4,3,0,200,2
T5,4,1,120,6
T6,5,0,24,2
T7,6,1,26,1
T8,7,1,78,10
T9,8,0,60,2
[94]
T1,0,1,120,2
T2,1,1,38,1
T3,2,1,200,2
T4,3,1,143,1
T5,4,0,90,2
T6,5,1,156,3
T7,6,0,150,14
T8,7,0,80,5
T9,8,1,50,2
[95]
T1,0,1,150,4
T2,1,0,84,2
T3,2,0,175,2
T4,3,0,45,4
T5,4,0,82,1
T6,5,0,200,3
T7,6,1,21,1
T8,7,1,126,6
T9,8,0,90,1
[96]
T1,0,0,135,9
T2,1,0,140,6
T3,2,1,20,1
T4,3,0,168,2
T5,4,1,132,5
T6,5,0,176,2
T7,6,0,80,1
T8,7,1,200,9
T9,8,1,39,2
[97]
T1,0,1,84,1
T2,1,0,196,18
T3,2,1,53,1
T4,3,0,138,1
T5,4,1,69,1
T6,5,0,42,2
T7,6,0,105,3
T8,7,1,200,1
T9,8,1,175,13
[98]
T1,0,0,195,6
T2,1,0,100,2
T3,2,1,180,2
T4,3,0,60,3
T5,4,0,28,1
T6,5,0,90,1
T7,6,0,200,2
T8,7,0,115,2
T9,8,1,50,4
[99]
T1,0,1,40,3
T2,1,1,184,1
T3,2,1,200,2
T4,3,1,78,8
T5,4,0,36,2
T6,5,0,90,2
T7,6,0,78,2
T8,7,0,90,2
T9,8,0,180,4
[100]
T1,0,1,69,2
T2,1,1,60,1
T3,2,0,92,3
T4,3,1,200,3
T5,4,0,184,2
T6,5,1,22,2
T7,6,1,57,2
T8,7,1,184,23
T9,8,1,45,1
[101]
T1,0,0,90,8
T2,1,0,200,2
T3,2,1,160,8
T4,3,1,90,1
T5,4,1,192,5
T6,5,0,25,2
T7,6,1,116,2
T8,7,0,30,2
T9,8,1,60,3
[102]
T1,0,0,200,2
T2,1,1,117,15
T3,2,1,49,2
T4,3,1,75,2
T5,4,0,180,8
T6,5,1,38,2
T7,6,1,171,5
T8,7,1,78,2
T9,8,0,60,2
[103]
T1,0,1,200,1
T2,1,1,20,2
T3,2,0,45,1
T4,3,0,168,2
T5,4,1,70,2
T6,5,0,192,3
T7,6,0,96,2
T8,7,0,105,4
T9,8,1,55,6
[104]
T1,0,1,200,5
T2,1,1,180,17
T3,2,1,76,5
T4,3,0,38,2
T5,4,1,105,3
T6,5,0,171,1
T7,6,0,30,2
T8,7,1,114,2
T9,8,0,133,2
[105]
T1,0,1,135,10
T2,1,1,200,8
T3,2,0,65,2
T4,3,0,100,8
T5,4,0,143,5
T6,5,1,30,2
T7,6,1,180,2
T8,7,1,150,2
T9,8,0,43,1
[106]
T1,0,0,80,2
T2,1,1,84,1
T3,2,1,33,1
T4,3,1,96,2
T5,4,0,32,1
T6,5,1,189,1
T7,6,0,162,5
T8,7,0,200,16
T9,8,0,63,2
[107]
T1,0,1,80,2
T2,1,1,60,2
T3,2,0,84,2
T4,3,0,75,7
T5,4,0,26,2
T6,5,1,200,7
T7,6,0,182,6
T8,7,1,47,4
T9,8,0,195,2
[108]
T1,0,1,21,2
T2,1,0,69,1
T3,2,1,72,3
T4,3,1,50,2
T5,4,0,184,14
T6,5,0,66,2
T7,6,1,176,1
T8,7,1,132,6
T9,8,1,200,2
[109]
T1,0,0,175,9
T2,1,1,56,2
T3,2,1,75,2
T4,3,1,72,1
T5,4,1,36,1
T6,5,0,174,20
T7,6,1,200,4
T8,7,1,120,2
T9,8,0,20,2
[110]
T1,0,0,200,6
T2,1,1,25,1
T3,2,0,120,2
T4,3,1,80,2
T5,4,1,180,17
T6,5,0,52,2
T7,6,0,104,4
T8,7,0,152,4
T9,8,0,104,1
[111]
T1,0,1,20,1
T2,1,0,114,9
T3,2,0,200,9
T4,3,1,114,3
T5,4,1,168,3
T6,5,0,140,1
T7,6,0,43,2
T8,7,1,152,2
T9,8,0,135,2
[112]
T1,0,1,56,2
T2,1,1,125,3
T3,2,0,150,1
T4,3,1,200,6
T5,4,1,28,1
T6,5,1,75,5
T7,6,0,116,2
T8,7,0,25,2
T9,8,0,175,5
[113]
T1,0,0,200,2
T2,1,1,31,2
T3,2,0,168,7
T4,3,1,100,6
T5,4,1,195,3
T6,5,1,30,2
T7,6,1,90,3
T8,7,1,100,4
T9,8,1,108,5
[114]
T1,0,1,39,2
T2,1,1,168,2
T3,2,0,200,3
T4,3,1,126,7
T5,4,1,190,1
T6,5,1,112,1
T7,6,0,24,1
T8,7,0,80,4
T9,8,0,56,4
[115]
T1,0,1,200,3
T2,1,1,160,4
T3,2,0,56,2
T4,3,0,77,1
T5,4,0,42,2
T6,5,0,34,3
T7,6,0,192,3
T8,7,1,132,4
T9,8,1,66,2
[116]
T1,0,1,30,1
T2,1,0,84,4
T3,2,1,176,2
T4,3,0,110,1
T5,4,0,176,10
T6,5,1,56,2
T7,6,1,200,13
T8,7,1,140,5
T9,8,0,35,2
[117]
T1,0,1,42,2
T2,1,0,99,4
T3,2,1,200,2
T4,3,1,140,3
T5,4,0,33,2
T6,5,0,84,2
T7,6,1,196,7
T8,7,1,88,5
T9,8,0,154,5
[118]
T1,0,1,144,2
T2,1,1,200,5
T3,2,1,126,1
T4,3,1,180,1
T5,4,1,192,9
T6,5,1,75,2
T7,6,1,26,2
T8,7,1,112,1
T9,8,1,42,2
[119]
T1,0,0,50,2
T2,1,1,182,2
T3,2,0,84,1
T4,3,1,60,5
T5,4,0,182,1
T6,5,0,65,1
T7,6,0,112,5
T8,7,1,39,2
T9,8,0,200,1
[120]
T1,0,0,182,11
T2,1,1,70,2
T3,2,1,200,10
T4,3,1,52,2
T5,4,0,175,5
T6,5,0,65,2
T7,6,1,126,2
T8,7,1,21,1
T9,8,1,96,2
[121]
T1,0,1,99,3
T2,1,0,63,1
T3,2,0,176,17
T4,3,0,80,3
T5,4,0,200,5
T6,5,1,47,2
T7,6,0,160,2
T8,7,0,120,2
T9,8,0,20,2
[122]
T1,0,0,168,1
T2,1,0,75,2
T3,2,0,150,2
T4,3,0,54,2
T5,4,0,75,2
T6,5,0,42,4
T7,6,0,68,1
T8,7,1,32,2
T9,8,1,200,18
[123]
T1,0,1,117,11
T2,1,1,182,1
T3,2,1,50,2
T4,3,1,84,3
T5,4,0,195,4
T6,5,1,117,1
T7,6,0,200,3
T8,7,1,144,5
T9,8,1,35,1
[124]
T1,0,0,60,1
T2,1,0,54,2
T3,2,1,72,3
T4,3,0,189,10
T5,4,1,66,1
T6,5,0,168,2
T7,6,1,200,2
T8,7,1,75,4
T9,8,0,43,1
[125]
T1,0,1,200,7
T2,1,0,112,3
T3,2,1,80,2
T4,3,0,176,6
T5,4,1,54,2
T6,5,1,175,4
T7,6,1,30,2
T8,7,0,52,3
T9,8,1,60,2
[126]
T1,0,1,120,1
T2,1,1,72,6
T3,2,0,80,1
T4,3,0,90,5
T5,4,1,29,1
T6,5,1,152,7
T7,6,0,192,3
T8,7,0,200,2
T9,8,1,36,2
[127]
T1,0,1,100,2
T2,1,0,110,7
T3,2,0,150,2
T4,3,0,200,4
T5,4,0,120,1
T6,5,0,132,3
T7,6,0,184,3
T8,7,1,36,4
T9,8,1,26,2
[128]
T1,0,1,42,2
T2,1,0,60,2
T3,2,0,45,2
T4,3,1,60,1
T5,4,1,90,7
T6,5,0,77,3
T7,6,1,176,2
T8,7,1,180,5
T9,8,0,200,13
[129]
T1,0,1,200,4
T2,1,0,128,2
T3,2,1,180,1
T4,3,1,110,2
T5,4,1,165,23
T6,5,0,90,4
T7,6,0,38,2
T8,7,1,30,2
T9,8,0,72,2
[130]
T1,0,1,168,7
T2,1,0,200,2
T3,2,1,150,2
T4,3,0,102,1
T5,4,1,85,2
T6,5,1,102,7
T7,6,0,25,1
T8,7,1,120,3
T9,8,1,30,1
[131]
T1,0,1,29,1
T2,1,1,200,2
T3,2,0,100,3
T4,3,1,116,2
T5,4,0,174,4
T6,5,0,160,10
T7,6,1,105,2
T8,7,0,48,2
T9,8,0,70,5
[132]
T1,0,0,200,5
T2,1,0,160,8
T3,2,1,96,2
T4,3,0,50,2
T5,4,0,150,2
T6,5,0,44,4
T7,6,0,102,3
T8,7,1,96,3
T9,8,1,85,3
[133]
T1,0,1,56,2
T2,1,1,168,1
T3,2,1,24,2
T4,3,0,140,11
T5,4,1,95,9
T6,5,0,76,1
T7,6,0,23,2
T8,7,1,200,2
T9,8,0,171,4
[134]
T1,0,0,50,1
T2,1,0,47,1
T3,2,1,195,2
T4,3,0,120,10
T5,4,0,182,4
T6,5,0,96,5
T7,6,0,130,3
T8,7,0,200,1
T9,8,1,63,2
[135]
T1,0,0,63,3
T2,1,0,135,2
T3,2,0,200,5
T4,3,1,175,6
T5,4,1,50,2
T6,5,1,102,3
T7,6,1,39,2
T8,7,1,90,1
T9,8,0,189,18
[136]
T1,0,1,117,8
T2,1,0,150,8
T3,2,0,130,4
T4,3,0,72,1
T5,4,1,72,2
T6,5,1,31,2
T7,6,1,48,2
T8,7,0,195,11
T9,8,1,200,1
[137]
T1,0,0,100,9
T2,1,0,60,1
T3,2,0,189,1
T4,3,0,70,2
T5,4,1,60,3
T6,5,0,50,2
T7,6,0,184,11
T8,7,1,200,1
T9,8,0,46,2
[138]
T1,0,1,78,1
T2,1,1,194,10
T3,2,0,40,2
T4,3,1,22,2
T5,4,1,75,3
T6,5,1,65,2
T7,6,0,195,5
T8,7,0,200,1
T9,8,1,65,2
[139]
T1,0,1,120,3
T2,1,1,38,2
T3,2,0,168,9
T4,3,0,53,2
T5,4,1,200,7
T6,5,1,154,2
T7,6,1,57,2
T8,7,1,57,1
T9,8,0,56,3
[140]
T1,0,0,54,2
T2,1,0,144,2
T3,2,1,153,1
T4,3,1,200,14
T5,4,0,24,2
T6,5,1,144,8
T7,6,1,75,1
T8,7,1,180,2
T9,8,1,37,2
[141]
T1,0,0,76,2
T2,1,0,75,2
T3,2,1,26,2
T4,3,0,114,5
T5,4,0,180,10
T6,5,1,38,1
T7,6,0,200,10
T8,7,1,80,1
T9,8,1,175,2
[142]
T1,0,0,29,2
T2,1,1,168,14
T3,2,0,80,1
T4,3,1,20,2
T5,4,0,140,11
T6,5,0,200,1
T7,6,1,117,6
T8,7,1,100,2
T9,8,0,182,2
[143]
T1,0,1,91,2
T2,1,1,70,3
T3,2,1,168,18
T4,3,1,40,2
T5,4,0,51,3
T6,5,0,200,2
T7,6,0,150,1
T8,7,0,60,2
T9,8,1,130,4
[144]
T1,0,1,80,5
T2,1,0,24,2
T3,2,0,98,4
T4,3,0,110,2
T5,4,1,49,2
T6,5,1,100,2
T7,6,0,200,1
T8,7,1,168,11
T9,8,1,154,2
[145]
T1,0,0,120,6
T2,1,0,45,2
T3,2,0,120,3
T4,3,0,200,15
T5,4,1,72,1
T6,5,1,51,2
T7,6,0,62,2
T8,7,1,170,5
T9,8,0,153,4
[146]
T1,0,0,30,4
T2,1,1,180,3
T3,2,0,144,1
T4,3,0,75,2
T5,4,0,153,3
T6,5,0,21,2
T7,6,0,72,2
T8,7,0,200,2
T9,8,0,96,3
[147]
T1,0,1,30,2
T2,1,0,115,4
T3,2,0,176,2
T4,3,0,176,25
T5,4,1,132,2
T6,5,1,55,1
T7,6,1,46,2
T8,7,0,138,1
T9,8,0,200,8
[148]
T1,0,0,40,2
T2,1,0,54,1
T3,2,0,200,20
T4,3,1,130,1
T5,4,0,99,4
T6,5,1,104,1
T7,6,0,195,3
T8,7,1,195,14
T9,8,1,44,2
[149]
T1,0,0,70,2
T2,1,1,72,3
T3,2,1,175,7
T4,3,1,88,1
T5,4,1,36,2
T6,5,1,41,1
T7,6,1,200,4
T8,7,0,110,2
T9,8,1,168,9
[150]
T1,0,0,192,5
T2,1,1,175,2
T3,2,0,32,2
T4,3,0,56,2
T5,4,1,96,2
T6,5,0,32,2
T7,6,0,84,1
T8,7,1,200,29
T9,8,1,75,2
[151]
T1,0,0,160,6
T2,1,0,63,2
T3,2,1,190,5
T4,3,0,200,13
T5,4,1,114,4
T6,5,1,120,1
T7,6,1,49,3
T8,7,1,100,2
T9,8,0,36,2
[152]
T1,0,1,20,2
T2,1,0,47,1
T3,2,0,180,3
T4,3,1,58,2
T5,4,1,130,2
T6,5,0,116,6
T7,6,1,150,11
T8,7,0,200,1
T9,8,1,75,3
[153]
T1,0,0,200,9
T2,1,1,168,2
T3,2,0,27,1
T4,3,1,52,1
T5,4,1,98,4
T6,5,0,175,2
T7,6,1,126,11
T8,7,0,90,2
T9,8,1,135,2
[154]
T1,0,0,44,1
T2,1,1,116,1
T3,2,1,24,1
T4,3,1,160,5
T5,4,1,150,3
T6,5,1,200,3
T7,6,1,87,2
T8,7,0,100,8
T9,8,0,65,2
[155]
T1,0,1,165,2
T2,1,1,180,1
T3,2,0,100,1
T4,3,1,66,1
T5,4,1,52,2
T6,5,0,102,2
T7,6,1,200,22
T8,7,1,90,5
T9,8,1,34,1
[156]
T1,0,1,99,14
T2,1,0,165,2
T3,2,1,156,5
T4,3,1,200,7
T5,4,0,120,1
T6,5,1,26,2
T7,6,1,43,2
T8,7,0,60,1
T9,8,1,104,3
[157]
T1,0,1,55,2
T2,1,1,160,2
T3,2,0,76,4
T4,3,0,55,2
T5,4,1,190,1
T6,5,0,32,1
T7,6,1,200,3
T8,7,0,100,4
T9,8,1,32,1
[158]
T1,0,1,128,11
T2,1,0,200,5
T3,2,1,160,10
T4,3,0,114,1
T5,4,1,76,2
T6,5,0,48,2
T7,6,1,150,2
T8,7,1,35,2
T9,8,0,57,2
[159]
T1,0,0,175,1
T2,1,0,100,1
T3,2,1,40,1
T4,3,1,63,1
T5,4,0,42,2
T6,5,1,92,2
T7,6,0,150,2
T8,7,0,200,7
T9,8,0,75,6
[160]
T1,0,1,200,11
T2,1,1,100,5
T3,2,1,176,6
T4,3,0,70,2
T5,4,1,196,2
T6,5,1,80,6
T7,6,1,55,2
T8,7,0,52,2
T9,8,0,20,2
[161]
T1,0,0,200,12
T2,1,0,20,2
T3,2,1,128,2
T4,3,1,182,31
T5,4,0,78,2
T6,5,1,150,2
T7,6,1,105,1
T8,7,1,28,2
T9,8,0,96,2
[162]
T1,0,1,180,11
T2,1,1,28,2
T3,2,1,190,5
T4,3,0,115,2
T5,4,1,75,5
T6,5,1,200,10
T7,6,1,138,2
T8,7,1,24,1
T9,8,0,90,2
[163]
T1,0,1,171,9
T2,1,1,57,2
T3,2,1,88,1
T4,3,1,200,3
T5,4,1,45,2
T6,5,0,99,1
T7,6,1,90,5
T8,7,0,41,2
T9,8,1,190,7
[164]
T1,0,1,72,1
T2,1,1,148,9
T3,2,1,60,2
T4,3,0,60,2
T5,4,1,22,2
T6,5,0,165,5
T7,6,0,39,2
T8,7,0,74,8
T9,8,0,200,2
[165]
T1,0,0,176,14
T2,1,0,200,2
T3,2,0,66,2
T4,3,1,37,2
T5,4,0,168,2
T6,5,0,135,10
T7,6,1,108,6
T8,7,1,70,2
T9,8,0,50,1
[166]
T1,0,1,77,5
T2,1,1,176,2
T3,2,0,84,2
T4,3,0,105,7
T5,4,0,38,1
T6,5,0,80,1
T7,6,0,200,4
T8,7,1,27,1
T9,8,0,198,2
[167]
T1,0,1,200,1
T2,1,0,168,2
T3,2,1,150,5
T4,3,0,105,2
T5,4,1,140,11
T6,5,1,63,2
T7,6,1,105,6
T8,7,0,24,1
T9,8,0,39,2
[168]
T1,0,1,175,12
T2,1,0,162,8
T3,2,1,52,1
T4,3,1,200,10
T5,4,0,105,2
T6,5,0,56,2
T7,6,0,48,1
T8,7,0,56,2
T9,8,0,54,2
[169]
T1,0,0,156,7
T2,1,1,50,2
T3,2,0,54,1
T4,3,1,75,2
T5,4,0,150,2
T6,5,0,60,5
T7,6,1,200,5
T8,7,0,23,2
T9,8,1,104,5
[170]
T1,0,0,60,1
T2,1,0,42,1
T3,2,0,200,3
T4,3,1,119,2
T5,4,1,54,2
T6,5,1,168,9
T7,6,0,72,3
T8,7,1,180,6
T9,8,0,35,2
[171]
T1,0,1,55,2
T2,1,1,66,1
T3,2,1,165,11
T4,3,0,39,2
T5,4,0,56,2
T6,5,0,38,2
T7,6,0,175,13
T8,7,0,88,2
T9,8,0,200,5
[172]
T1,0,0,48,2
T2,1,1,150,10
T3,2,0,58,4
T4,3,0,40,2
T5,4,0,100,2
T6,5,1,80,2
T7,6,0,105,4
T8,7,1,200,3
T9,8,1,150,2
[173]
T1,0,0,162,4
T2,1,1,60,2
T3,2,0,100,2
T4,3,1,49,3
T5,4,1,38,3
T6,5,0,84,1
T7,6,1,189,6
T8,7,0,200,3
T9,8,0,147,5
[174]
T1,0,0,60,2
T2,1,1,71,4
T3,2,1,150,1
T4,3,0,78,3
T5,4,0,195,3
T6,5,1,200,2
T7,6,1,60,3
T8,7,0,50,3
T9,8,1,23,2
[175]
T1,0,1,175,3
T2,1,1,156,2
T3,2,1,132,7
T4,3,1,42,2
T5,4,0,200,1
T6,5,1,77,1
T7,6,0,84,3
T8,7,1,53,3
T9,8,0,105,1
[176]
T1,0,1,88,2
T2,1,0,200,3
T3,2,1,132,5
T4,3,0,80,7
T5,4,0,45,4
T6,5,0,99,2
T7,6,1,51,2
T8,7,1,198,2
T9,8,0,192,2
[177]
T1,0,1,200,16
T2,1,1,78,2
T3,2,0,28,1
T4,3,1,52,1
T5,4,1,150,2
T6,5,1,147,10
T7,6,0,196,2
T8,7,0,100,1
T9,8,1,56,2
[178]
T1,0,1,105,1
T2,1,0,60,4
T3,2,0,36,2
T4,3,1,200,14
T5,4,1,63,6
T6,5,0,72,1
T7,6,0,30,2
T8,7,0,175,2
T9,8,1,165,1
[179]
T1,0,0,75,2
T2,1,0,189,3
T3,2,0,170,4
T4,3,0,200,6
T5,4,0,63,3
T6,5,0,85,1
T7,6,1,25,1
T8,7,1,40,1
T9,8,0,68,3
[180]
T1,0,1,66,1
T2,1,1,29,2
T3,2,0,48,1
T4,3,0,108,2
T5,4,0,80,2
T6,5,0,160,11
T7,6,1,66,3
T8,7,0,200,2
T9,8,0,160,14
[181]
T1,0,0,189,15
T2,1,1,56,1
T3,2,0,132,1
T4,3,0,88,5
T5,4,0,200,3
T6,5,0,150,5
T7,6,1,34,1
T8,7,0,56,1
T9,8,1,42,2
[182]
T1,0,0,36,2
T2,1,1,88,1
T3,2,1,117,6
T4,3,0,180,16
T5,4,1,26,2
T6,5,1,156,6
T7,6,0,65,1
T8,7,1,88,2
T9,8,0,200,3
[183]
T1,0,0,126,4
T2,1,1,42,2
T3,2,1,75,2
T4,3,0,56,6
T5,4,0,165,6
T6,5,1,200,5
T7,6,1,49,2
T8,7,0,168,5
T9,8,0,126,1
[184]
T1,0,1,24,2
T2,1,1,150,11
T3,2,0,78,2
T4,3,1,200,22
T5,4,0,54,2
T6,5,0,174,3
T7,6,0,78,2
T8,7,1,87,2
T9,8,1,60,2
[185]
T1,0,0,150,2
T2,1,0,45,1
T3,2,1,200,3
T4,3,0,102,3
T5,4,1,62,2
T6,5,0,24,2
T7,6,0,72,2
T8,7,0,186,19
T9,8,1,93,4
[186]
T1,0,1,200,28
T2,1,0,154,3
T3,2,0,198,2
T4,3,0,54,2
T5,4,1,66,2
T6,5,1,55,2
T7,6,1,53,1
T8,7,0,100,2
T9,8,1,72,2
[187]
T1,0,0,84,2
T2,1,0,165,11
T3,2,0,200,3
T4,3,1,132,5
T5,4,1,49,2
T6,5,0,31,2
T7,6,1,198,6
T8,7,1,105,3
T9,8,0,63,4
[188]
T1,0,1,25,1
T2,1,1,62,2
T3,2,1,170,7
T4,3,1,180,2
T5,4,1,52,4
T6,5,0,200,6
T7,6,0,102,2
T8,7,0,60,1
T9,8,0,85,1
[189]
T1,0,0,65,2
T2,1,1,160,2
T3,2,1,65,6
T4,3,1,195,1
T5,4,1,41,2
T6,5,1,200,4
T7,6,0,88,2
T8,7,0,120,3
T9,8,1,25,2
[190]
T1,0,1,125,5
T2,1,0,150,9
T3,2,1,96,1
T4,3,0,110,1
T5,4,0,28,2
T6,5,1,200,7
T7,6,0,48,1
T8,7,0,160,10
T9,8,1,77,2
[191]
T1,0,1,24,2
T2,1,1,125,11
T3,2,1,175,10
T4,3,0,105,2
T5,4,0,75,1
T6,5,1,200,6
T7,6,0,52,2
T8,7,0,150,6
T9,8,1,84,2
[192]
T1,0,0,100,3
T2,1,0,24,2
T3,2,0,200,3
T4,3,0,80,2
T5,4,1,47,2
T6,5,1,112,4
T7,6,1,159,2
T8,7,1,168,19
T9,8,0,84,2
[193]
T1,0,0,27,2
T2,1,0,45,2
T3,2,0,120,4
T4,3,1,75,4
T5,4,0,84,1
T6,5,1,56,4
T7,6,1,200,1
T8,7,1,189,2
T9,8,1,153,2
[194]
T1,0,1,30,1
T2,1,0,30,2
T3,2,1,140,2
T4,3,1,55,2
T5,4,0,66,1
T6,5,0,200,1
T7,6,1,60,1
T8,7,1,195,4
T9,8,1,156,8
[195]
T1,0,0,41,2
T2,1,1,110,4
T3,2,0,20,2
T4,3,1,150,3
T5,4,1,200,2
T6,5,1,150,1
T7,6,1,143,1
T8,7,1,70,8
T9,8,0,75,1
[196]
T1,0,0,126,13
T2,1,0,56,1
T3,2,0,176,2
T4,3,0,112,7
T5,4,0,198,4
T6,5,0,42,2
T7,6,1,32,2
T8,7,1,126,5
T9,8,1,200,5
[197]
T1,0,1,52,2
T2,1,0,200,8
T3,2,0,90,2
T4,3,0,20,2
T5,4,1,168,16
T6,5,1,108,2
T7,6,0,112,1
T8,7,0,198,11
T9,8,0,110,6
[198]
T1,0,1,55,1
T2,1,1,76,3
T3,2,0,200,6
T4,3,1,46,2
T5,4,0,57,3
T6,5,1,152,4
T7,6,0,114,2
T8,7,0,44,2
T9,8,0,190,2
[199]
T1,0,1,75,2
T2,1,0,200,41
T3,2,0,170,5
T4,3,0,49,2
T5,4,1,140,1
T6,5,0,170,2
T7,6,1,33,2
T8,7,1,102,1
T9,8,0,88,1
[200]
T1,0,0,105,7
T2,1,1,140,2
T3,2,0,200,5
T4,3,1,96,4
T5,4,0,175,4
T6,5,1,76,2
T7,6,1,48,2
T8,7,1,152,9
T9,8,1,30,2
[201]
T1,0,1,39,3
T2,1,0,165,4
T3,2,1,200,4
T4,3,1,108,2
T5,4,0,120,3
T6,5,0,128,3
T7,6,0,96,2
T8,7,1,22,2
T9,8,0,165,4
[202]
T1,0,0,200,7
T2,1,1,58,2
T3,2,1,162,9
T4,3,1,174,3
T5,4,1,45,2
T6,5,1,116,9
T7,6,0,116,3
T8,7,0,116,1
T9,8,0,30,2
[203]
T1,0,1,26,1
T2,1,1,120,2
T3,2,1,200,9
T4,3,1,195,4
T5,4,0,90,4
T6,5,1,28,2
T7,6,0,120,2
T8,7,1,144,7
T9,8,0,170,1
[204]
T1,0,0,25,2
T2,1,1,165,10
T3,2,1,20,2
T4,3,0,55,2
T5,4,0,88,1
T6,5,1,98,2
T7,6,0,168,4
T8,7,0,200,9
T9,8,1,132,2
[205]
T1,0,0,200,2
T2,1,0,135,1
T3,2,1,25,2
T4,3,0,189,2
T5,4,0,135,3
T6,5,0,192,19
T7,6,0,100,5
T8,7,1,46,2
T9,8,1,144,2
[206]
T1,0,1,175,8
T2,1,0,99,4
T3,2,1,24,2
T4,3,1,120,2
T5,4,0,200,3
T6,5,1,198,8
T7,6,0,90,1
T8,7,1,50,4
T9,8,1,99,2
[207]
T1,0,0,26,1
T2,1,0,200,1
T3,2,0,168,21
T4,3,1,112,2
T5,4,1,147,1
T6,5,1,140,2
T7,6,1,49,2
T8,7,0,150,5
T9,8,1,98,3
[208]
T1,0,1,78,2
T2,1,0,75,1
T3,2,0,144,2
T4,3,0,100,1
T5,4,0,39,2
T6,5,0,170,2
T7,6,1,170,1
T8,7,0,200,11
T9,8,1,47,6
[209]
T1,0,1,37,1
T2,1,0,24,2
T3,2,0,200,4
T4,3,1,60,1
T5,4,1,90,2
T6,5,0,65,2
T7,6,0,60,5
T8,7,0,180,7
T9,8,0,148,3
[210]
T1,0,0,42,2
T2,1,1,35,2
T3,2,1,110,2
T4,3,0,150,3
T5,4,1,135,2
T6,5,0,126,8
T7,6,1,80,4
T8,7,0,200,5
T9,8,1,175,3
[211]
T1,0,1,49,2
T2,1,0,116,9
T3,2,0,175,2
T4,3,1,200,4
T5,4,0,25,2
T6,5,1,168,2
T7,6,1,87,2
T8,7,0,90,11
T9,8,1,144,1
[212]
T1,0,0,33,2
T2,1,1,132,10
T3,2,0,168,1
T4,3,0,70,2
T5,4,0,31,2
T6,5,0,200,19
T7,6,0,56,2
T8,7,1,100,2
T9,8,0,176,9
[213]
T1,0,0,70,2
T2,1,0,46,2
T3,2,1,25,2
T4,3,0,195,4
T5,4,0,104,2
T6,5,1,170,2
T7,6,1,100,1
T8,7,0,200,22
T9,8,0,120,4
[214]
T1,0,1,130,2
T2,1,1,40,2
T3,2,1,200,4
T4,3,0,41,2
T5,4,0,160,6
T6,5,0,126,1
T7,6,1,156,19
T8,7,0,91,2
T9,8,1,80,1
[215]
T1,0,0,200,2
T2,1,0,24,2
T3,2,1,100,4
T4,3,1,66,5
T5,4,1,44,1
T6,5,0,96,4
T7,6,0,176,5
T8,7,1,90,2
T9,8,0,192,3
[216]
T1,0,1,77,1
T2,1,0,200,6
T3,2,1,135,3
T4,3,0,37,2
T5,4,1,40,3
T6,5,0,154,7
T7,6,0,55,2
T8,7,1,112,3
T9,8,0,180,9
[217]
T1,0,1,106,3
T2,1,1,200,6
T3,2,1,168,4
T4,3,0,72,2
T5,4,0,72,2
T6,5,1,42,1
T7,6,0,26,2
T8,7,0,168,18
T9,8,1,140,3
[218]
T1,0,1,35,2
T2,1,1,84,3
T3,2,1,105,8
T4,3,1,154,1
T5,4,1,63,2
T6,5,0,150,2
T7,6,1,63,2
T8,7,1,200,3
T9,8,1,24,1
[219]
T1,0,0,200,2
T2,1,1,195,9
T3,2,1,72,5
T4,3,0,78,1
T5,4,1,35,2
T6,5,0,104,2
T7,6,1,100,2
T8,7,0,164,1
T9,8,1,36,1
[220]
T1,0,1,121,1
T2,1,0,165,10
T3,2,1,39,2
T4,3,1,33,2
T5,4,0,84,2
T6,5,1,70,3
T7,6,0,165,13
T8,7,0,110,2
T9,8,0,200,4
[221]
T1,0,1,60,6
T2,1,1,46,2
T3,2,0,175,2
T4,3,1,120,1
T5,4,1,20,2
T6,5,0,200,14
T7,6,1,102,3
T8,7,0,168,5
T9,8,0,100,3
[222]
T1,0,0,147,9
T2,1,0,200,6
T3,2,1,98,2
T4,3,0,104,2
T5,4,1,50,1
T6,5,0,156,2
T7,6,0,112,6
T8,7,0,140,7
T9,8,1,35,2
[223]
T1,0,0,117,1
T2,1,1,63,1
T3,2,0,60,3
T4,3,0,26,1
T5,4,1,56,4
T6,5,1,200,5
T7,6,0,156,3
T8,7,1,195,1
T9,8,1,25,1
[224]
T1,0,1,104,2
T2,1,1,200,12
T3,2,0,140,2
T4,3,0,88,11
T5,4,0,195,2
T6,5,0,168,1
T7,6,0,100,3
T8,7,1,28,2
T9,8,0,44,2
[225]
T1,0,1,175,12
T2,1,0,60,2
T3,2,1,57,3
T4,3,0,70,2
T5,4,0,200,1
T6,5,1,154,3
T7,6,0,40,2
T8,7,0,39,2
T9,8,1,60,1
[226]
T1,0,1,200,6
T2,1,1,70,2
T3,2,1,48,1
T4,3,1,160,1
T5,4,1,112,5
T6,5,0,152,3
T7,6,1,50,1
T8,7,1,84,6
T9,8,1,56,2
[227]
T1,0,1,44,2
T2,1,0,25,2
T3,2,1,200,1
T4,3,1,160,2
T5,4,0,96,7
T6,5,0,112,2
T7,6,0,154,11
T8,7,0,55,5
T9,8,0,88,2
[228]
T1,0,1,29,2
T2,1,0,160,5
T3,2,1,60,1
T4,3,1,64,2
T5,4,1,98,1
T6,5,0,200,16
T7,6,0,48,1
T8,7,0,128,4
T9,8,0,160,4
[229]
T1,0,0,30,1
T2,1,1,56,1
T3,2,1,58,6
T4,3,1,200,2
T5,4,0,64,2
T6,5,0,105,1
T7,6,1,192,6
T8,7,1,150,1
T9,8,0,30,1
[230]
T1,0,0,70,2
T2,1,1,40,2
T3,2,1,200,8
T4,3,0,184,8
T5,4,1,56,2
T6,5,1,175,2
T7,6,0,77,1
T8,7,0,140,1
T9,8,0,50,6
[231]
T1,0,0,75,2
T2,1,0,31,2
T3,2,1,200,3
T4,3,1,140,2
T5,4,0,165,9
T6,5,0,35,1
T7,6,1,156,5
T8,7,1,91,6
T9,8,1,100,1
[232]
T1,0,0,55,2
T2,1,0,60,1
T3,2,0,120,2
T4,3,0,75,2
T5,4,1,176,2
T6,5,0,200,10
T7,6,0,154,9
T8,7,1,28,1
T9,8,1,30,2
[233]
T1,0,1,90,2
T2,1,1,153,2
T3,2,0,51,2
T4,3,1,99,4
T5,4,1,200,14
T6,5,1,44,1
T7,6,0,102,1
T8,7,1,136,7
T9,8,1,153,8
[234]
T1,0,0,144,1
T2,1,1,140,9
T3,2,1,48,1
T4,3,1,26,2
T5,4,0,78,1
T6,5,1,140,1
T7,6,1,200,12
T8,7,0,150,2
T9,8,0,182,8
[235]
T1,0,1,175,6
T2,1,1,98,1
T3,2,1,35,2
T4,3,0,23,1
T5,4,0,88,2
T6,5,1,80,6
T7,6,1,154,1
T8,7,1,200,3
T9,8,1,105,4
[236]
T1,0,1,196,4
T2,1,0,36,2
T3,2,0,42,2
T4,3,0,56,1
T5,4,1,110,2
T6,5,1,196,11
T7,6,0,100,8
T8,7,1,99,3
T9,8,1,200,10
[237]
T1,0,0,45,2
T2,1,0,132,1
T3,2,0,33,2
T4,3,1,200,1
T5,4,1,160,15
T6,5,0,154,7
T7,6,1,90,2
T8,7,0,72,2
T9,8,1,84,2
[238]
T1,0,0,87,2
T2,1,1,174,3
T3,2,1,84,6
T4,3,1,50,2
T5,4,0,24,2
T6,5,0,75,5
T7,6,1,168,1
T8,7,0,200,7
T9,8,1,64,2
[239]
T1,0,0,40,2
T2,1,1,60,2
T3,2,0,60,1
T4,3,1,150,5
T5,4,1,190,1
T6,5,1,68,2
T7,6,0,57,6
T8,7,1,32,2
T9,8,1,200,2
[240]
T1,0,1,21,2
T2,1,0,200,2
T3,2,0,24,2
T4,3,1,56,3
T5,4,1,126,10
T6,5,0,144,2
T7,6,1,160,5
T8,7,0,60,1
T9,8,0,156,8
[241]
T1,0,1,120,6
T2,1,1,25,2
T3,2,1,200,2
T4,3,1,140,1
T5,4,0,72,2
T6,5,0,150,6
T7,6,0,27,2
T8,7,0,160,1
T9,8,1,96,2
[242]
T1,0,1,36,2
T2,1,0,153,3
T3,2,0,160,5
T4,3,1,119,3
T5,4,0,140,1
T6,5,0,200,12
T7,6,1,80,2
T8,7,0,102,11
T9,8,1,35,2
[243]
T1,0,0,200,9
T2,1,1,91,5
T3,2,0,189,2
T4,3,1,112,2
T5,4,0,33,1
T6,5,0,105,1
T7,6,1,182,16
T8,7,1,100,2
T9,8,0,54,2
[244]
T1,0,0,72,2
T2,1,0,165,11
T3,2,1,110,2
T4,3,0,54,2
T5,4,0,28,1
T6,5,0,176,11
T7,6,1,45,2
T8,7,1,72,3
T9,8,1,200,2
[245]
T1,0,0,42,2
T2,1,0,31,2
T3,2,1,112,3
T4,3,1,200,3
T5,4,0,56,2
T6,5,0,150,8
T7,6,0,96,1
T8,7,0,160,4
T9,8,0,117,6
[246]
T1,0,0,92,1
T2,1,1,25,1
T3,2,0,147,2
T4,3,0,200,11
T5,4,1,33,2
T6,5,1,147,2
T7,6,0,120,6
T8,7,0,56,2
T9,8,0,115,2
[247]
T1,0,1,115,2
T2,1,0,20,2
T3,2,1,180,2
T4,3,1,40,1
T5,4,0,192,12
T6,5,1,200,5
T7,6,0,92,2
T8,7,0,92,10
T9,8,1,54,2
[248]
T1,0,0,200,8
T2,1,1,111,1
T3,2,1,24,2
T4,3,1,160,11
T5,4,0,120,5
T6,5,1,160,11
T7,6,0,39,2
T8,7,0,74,1
T9,8,1,140,2
[249]
T1,0,1,25,2
T2,1,1,39,2
T3,2,1,200,19
T4,3,1,140,2
T5,4,1,78,2
T6,5,1,102,3
T7,6,0,168,11
T8,7,1,170,3
T9,8,1,136,6
[250]
T1,0,1,30,1
T2,1,1,140,4
T3,2,0,189,1
T4,3,1,200,12
T5,4,0,90,5
T6,5,1,165,5
T7,6,1,120,5
T8,7,1,108,2
T9,8,1,40,2
[251]
T1,0,1,38,2
T2,1,0,152,4
T3,2,1,84,3
T4,3,1,75,2
T5,4,1,168,3
T6,5,1,200,2
T7,6,0,36,3
T8,7,1,135,4
T9,8,1,100,5
[252]
T1,0,0,27,2
T2,1,1,74,4
T3,2,0,200,3
T4,3,1,60,2
T5,4,0,148,17
T6,5,0,24,2
T7,6,0,185,1
T8,7,1,80,2
T9,8,1,128,5
[253]
T1,0,0,160,15
T2,1,0,140,1
T3,2,0,99,1
T4,3,0,23,2
T5,4,0,200,15
T6,5,1,40,2
T7,6,1,70,1
T8,7,0,112,2
T9,8,1,160,4
[254]
T1,0,0,114,5
T2,1,0,36,2
T3,2,0,144,1
T4,3,0,135,4
T5,4,0,200,1
T6,5,1,36,2
T7,6,0,100,2
T8,7,0,162,20
T9,8,0,152,3
[255]
T1,0,0,30,2
T2,1,1,200,1
T3,2,0,92,1
T4,3,0,162,4
T5,4,1,108,2
T6,5,0,54,1
T7,6,0,90,2
T8,7,0,52,2
T9,8,0,162,14
[256]
T1,0,0,75,4
T2,1,1,200,1
T3,2,0,168,13
T4,3,1,63,2
T5,4,0,78,6
T6,5,1,50,2
T7,6,0,54,2
T8,7,1,78,2
T9,8,0,175,2
[257]
T1,0,1,140,2
T2,1,1,44,6
T3,2,0,200,2
T4,3,1,150,6
T5,4,1,132,2
T6,5,1,56,1
T7,6,1,150,2
T8,7,1,57,1
T9,8,0,43,2
[258]
T1,0,1,200,16
T2,1,0,168,2
T3,2,1,126,10
T4,3,0,33,2
T5,4,0,144,3
T6,5,0,168,2
T7,6,1,26,2
T8,7,0,100,5
T9,8,1,144,3
[259]
T1,0,0,100,8
T2,1,1,160,1
T3,2,1,168,2
T4,3,0,49,1
T5,4,1,78,2
T6,5,0,200,7
T7,6,1,75,1
T8,7,1,52,2
T9,8,0,63,4
[260]
T1,0,1,80,2
T2,1,0,200,15
T3,2,0,189,3
T4,3,0,196,2
T5,4,1,45,2
T6,5,1,60,2
T7,6,1,30,2
T8,7,0,100,1
T9,8,0,140,6
[261]
T1,0,0,144,2
T2,1,1,195,1
T3,2,1,72,2
T4,3,0,171,8
T5,4,0,35,2
T6,5,1,114,3
T7,6,1,200,2
T8,7,0,65,5
T9,8,1,24,1
[262]
T1,0,1,23,1
T2,1,0,160,1
T3,2,1,60,2
T4,3,0,30,2
T5,4,0,200,12
T6,5,0,152,6
T7,6,0,64,1
T8,7,1,72,2
T9,8,0,75,2
[263]
T1,0,0,150,7
T2,1,0,96,3
T3,2,0,140,2
T4,3,1,200,1
T5,4,0,27,2
T6,5,0,133,12
T7,6,0,84,2
T8,7,0,25,2
T9,8,0,160,5
[264]
T1,0,0,92,4
T2,1,0,70,2
T3,2,1,23,2
T4,3,1,150,2
T5,4,0,63,2
T6,5,0,184,15
T7,6,1,200,10
T8,7,0,30,1
T9,8,1,105,4
[265]
T1,0,1,56,2
T2,1,0,198,4
T3,2,0,126,5
T4,3,0,200,2
T5,4,1,56,2
T6,5,1,154,5
T7,6,1,66,1
T8,7,1,21,2
T9,8,0,22,1
[266]
T1,0,0,150,1
T2,1,1,66,2
T3,2,0,195,6
T4,3,1,29,2
T5,4,1,56,2
T6,5,1,105,15
T7,6,1,39,2
T8,7,1,105,1
T9,8,0,200,2
[267]
T1,0,0,195,1
T2,1,0,200,4
T3,2,1,55,1
T4,3,1,56,2
T5,4,0,26,2
T6,5,0,140,7
T7,6,1,65,3
T8,7,0,195,1
T9,8,1,53,2
[268]
T1,0,0,200,15
T2,1,1,150,2
T3,2,0,70,4
T4,3,0,80,2
T5,4,0,39,3
T6,5,1,168,2
T7,6,1,144,2
T8,7,1,54,2
T9,8,0,120,2
[269]
T1,0,1,150,3
T2,1,1,72,3
T3,2,1,70,2
T4,3,0,50,4
T5,4,0,188,1
T6,5,0,200,3
T7,6,0,120,2
T8,7,1,63,1
T9,8,1,35,1
[270]
T1,0,1,150,4
T2,1,1,165,3
T3,2,0,48,4
T4,3,0,90,2
T5,4,0,40,2
T6,5,0,135,2
T7,6,1,200,1
T8,7,0,70,3
T9,8,0,55,3
[271]
T1,0,1,35,2
T2,1,0,200,7
T3,2,1,170,9
T4,3,0,33,2
T5,4,0,70,2
T6,5,1,168,13
T7,6,0,102,3
T8,7,1,119,3
T9,8,1,126,4
[272]
T1,0,1,110,5
T2,1,1,40,2
T3,2,0,57,2
T4,3,0,200,3
T5,4,0,154,5
T6,5,1,168,12
T7,6,0,75,3
T8,7,0,76,1
T9,8,1,24,2
[273]
T1,0,0,104,6
T2,1,1,170,1
T3,2,1,170,4
T4,3,1,96,4
T5,4,0,200,6
T6,5,1,130,1
T7,6,0,60,2
T8,7,1,22,2
T9,8,1,30,2
[274]
T1,0,0,140,5
T2,1,0,154,16
T3,2,1,99,1
T4,3,1,84,2
T5,4,0,48,2
T6,5,0,126,2
T7,6,0,196,3
T8,7,1,24,2
T9,8,0,200,11
[275]
T1,0,1,150,1
T2,1,1,30,2
T3,2,0,92,3
T4,3,0,175,12
T5,4,0,200,1
T6,5,1,70,2
T7,6,1,63,2
T8,7,1,60,2
T9,8,0,23,2
[276]
T1,0,0,176,1
T2,1,0,53,2
T3,2,1,80,1
T4,3,1,55,2
T5,4,0,75,11
T6,5,0,88,2
T7,6,1,160,6
T8,7,0,37,2
T9,8,1,200,2
[277]
T1,0,1,105,9
T2,1,0,66,2
T3,2,0,41,2
T4,3,1,168,2
T5,4,1,198,2
T6,5,0,40,2
T7,6,1,200,5
T8,7,0,66,1
T9,8,0,112,1
[278]
T1,0,0,200,18
T2,1,1,45,1
T3,2,1,108,3
T4,3,0,30,2
T5,4,1,192,4
T6,5,1,64,2
T7,6,1,115,2
T8,7,1,184,6
T9,8,0,75,4
[279]
T1,0,1,150,1
T2,1,1,195,1
T3,2,0,200,9
T4,3,1,26,1
T5,4,0,32,1
T6,5,0,136,8
T7,6,0,100,2
T8,7,1,75,5
T9,8,1,130,1
[280]
T1,0,0,52,1
T2,1,0,200,12
T3,2,0,27,2
T4,3,1,85,1
T5,4,1,100,2
T6,5,1,175,4
T7,6,1,75,2
T8,7,0,175,7
T9,8,0,120,6
[281]
T1,0,0,195,12
T2,1,0,200,3
T3,2,1,162,6
T4,3,0,96,7
T5,4,0,39,1
T6,5,0,135,1
T7,6,0,81,2
T8,7,0,81,2
T9,8,1,28,2
[282]
T1,0,1,160,1
T2,1,1,160,2
T3,2,0,35,5
T4,3,0,25,2
T5,4,0,120,2
T6,5,0,100,3
T7,6,0,108,2
T8,7,0,200,4
T9,8,0,88,3
[283]
T1,0,1,56,2
T2,1,0,150,3
T3,2,1,182,4
T4,3,1,108,1
T5,4,0,117,1
T6,5,0,46,1
T7,6,1,26,2
T8,7,1,200,10
T9,8,1,117,11
[284]
T1,0,1,44,2
T2,1,1,55,1
T3,2,1,80,2
T4,3,1,63,1
T5,4,1,198,7
T6,5,0,200,6
T7,6,0,80,2
T8,7,0,189,22
T9,8,0,37,2
[285]
T1,0,0,60,2
T2,1,0,36,2
T3,2,0,47,2
T4,3,1,55,1
T5,4,1,55,2
T6,5,1,165,8
T7,6,0,195,1
T8,7,1,143,1
T9,8,0,200,19
[286]
T1,0,1,115,4
T2,1,0,138,4
T3,2,1,42,2
T4,3,1,160,9
T5,4,0,85,5
T6,5,1,160,1
T7,6,0,200,5
T8,7,1,138,8
T9,8,0,25,2
[287]
T1,0,0,88,2
T2,1,0,200,2
T3,2,0,46,3
T4,3,1,176,2
T5,4,1,42,2
T6,5,0,96,1
T7,6,1,80,11
T8,7,0,105,1
T9,8,0,180,3
[288]
T1,0,0,25,2
T2,1,0,75,1
T3,2,0,150,12
T4,3,1,88,2
T5,4,1,45,2
T6,5,0,132,13
T7,6,0,200,1
T8,7,0,154,2
T9,8,0,54,2
[289]
T1,0,0,20,2
T2,1,0,112,6
T3,2,1,59,5
T4,3,1,200,3
T5,4,0,150,6
T6,5,1,31,1
T7,6,1,140,3
T8,7,0,177,2
T9,8,1,59,2
[290]
T1,0,1,110,2
T2,1,0,189,3
T3,2,0,154,4
T4,3,1,100,2
T5,4,1,30,2
T6,5,0,36,2
T7,6,1,90,5
T8,7,0,200,16
T9,8,1,56,4
[291]
T1,0,0,200,2
T2,1,1,77,2
T3,2,1,154,17
T4,3,1,49,2
T5,4,0,56,1
T6,5,1,60,1
T7,6,0,147,2
T8,7,1,50,2
T9,8,1,198,7
[292]
T1,0,0,150,8
T2,1,1,200,1
T3,2,1,56,3
T4,3,1,60,2
T5,4,0,180,2
T6,5,1,112,1
T7,6,1,30,2
T8,7,1,24,1
T9,8,1,140,12
[293]
T1,0,1,144,6
T2,1,1,180,7
T3,2,1,200,3
T4,3,0,68,5
T5,4,0,153,8
T6,5,1,40,1
T7,6,0,135,2
T8,7,1,34,2
T9,8,0,90,2
[294]
T1,0,0,138,1
T2,1,0,98,4
T3,2,1,32,2
T4,3,0,21,2
T5,4,1,56,2
T6,5,0,196,8
T7,6,1,200,1
T8,7,1,168,21
T9,8,1,60,2
[295]
T1,0,0,72,2
T2,1,1,48,1
T3,2,1,105,7
T4,3,1,63,2
T5,4,1,100,5
T6,5,0,200,5
T7,6,1,152,2
T8,7,1,21,2
T9,8,0,160,6
[296]
T1,0,1,63,1
T2,1,1,200,21
T3,2,1,182,2
T4,3,1,48,2
T5,4,0,117,2
T6,5,0,52,3
T7,6,1,108,2
T8,7,1,156,8
T9,8,0,120,3
[297]
T1,0,1,24,2
T2,1,0,132,1
T3,2,1,87,2
T4,3,1,165,1
T5,4,1,132,4
T6,5,1,200,2
T7,6,1,32,1
T8,7,0,100,9
T9,8,0,174,10
[298]
T1,0,0,105,1
T2,1,0,45,2
T3,2,1,180,18
T4,3,1,200,2
T5,4,0,63,2
T6,5,0,80,2
T7,6,1,48,3
T8,7,1,190,2
T9,8,0,140,2
[299]
T1,0,1,176,4
T2,1,0,133,2
T3,2,0,190,6
T4,3,0,33,3
T5,4,0,140,2
T6,5,1,40,2
T7,6,1,88,1
T8,7,0,200,11
T9,8,0,95,1
[300]
T1,0,0,20,2
T2,1,0,54,2
T3,2,0,81,1
T4,3,1,63,1
T5,4,1,180,2
T6,5,1,42,2
T7,6,0,54,3
T8,7,0,200,27
T9,8,1,189,2
[301]
T1,0,0,180,12
T2,1,0,200,2
T3,2,1,189,2
T4,3,0,46,2
T5,4,1,65,2
T6,5,0,126,4
T7,6,0,48,2
T8,7,1,117,6
T9,8,1,80,2
[302]
T1,0,1,156,3
T2,1,0,200,5
T3,2,0,47,2
T4,3,0,156,9
T5,4,1,26,2
T6,5,1,99,3
T7,6,1,88,1
T8,7,0,104,2
T9,8,1,144,1
[303]
T1,0,0,187,1
T2,1,0,72,5
T3,2,1,102,2
T4,3,1,39,1
T5,4,1,136,7
T6,5,0,48,2
T7,6,0,200,15
T8,7,1,100,1
T9,8,1,165,5
[304]
T1,0,1,91,4
T2,1,0,100,6
T3,2,0,200,11
T4,3,0,48,2
T5,4,1,49,2
T6,5,1,91,1
T7,6,1,182,3
T8,7,0,160,8
T9,8,1,126,3
[305]
T1,0,0,154,2
T2,1,0,200,2
T3,2,0,57,1
T4,3,0,20,1
T5,4,1,55,2
T6,5,1,190,13
T7,6,1,133,5
T8,7,0,40,1
T9,8,1,57,1
[306]
T1,0,1,27,1
T2,1,0,164,6
T3,2,0,84,2
T4,3,1,126,1
T5,4,0,200,1
T6,5,0,82,1
T7,6,0,63,5
T8,7,1,36,1
T9,8,0,180,8
[307]
T1,0,0,180,5
T2,1,0,22,2
T3,2,0,75,1
T4,3,1,100,4
T5,4,1,195,7
T6,5,0,200,12
T7,6,0,130,2
T8,7,0,26,1
T9,8,1,115,2
[308]
T1,0,1,96,9
T2,1,1,47,1
T3,2,0,64,2
T4,3,0,33,1
T5,4,1,200,9
T6,5,1,121,4
T7,6,0,150,3
T8,7,1,88,1
T9,8,1,150,2
[309]
T1,0,1,77,1
T2,1,0,200,9
T3,2,1,36,3
T4,3,0,60,2
T5,4,1,175,3
T6,5,0,175,2
T7,6,0,126,7
T8,7,0,96,2
T9,8,1,42,1
[310]
T1,0,1,80,2
T2,1,1,175,2
T3,2,0,196,2
T4,3,1,56,2
T5,4,1,54,2
T6,5,0,90,8
T7,6,1,200,2
T8,7,1,27,1
T9,8,1,44,2
[311]
T1,0,1,108,2
T2,1,1,200,11
T3,2,1,37,2
T4,3,1,165,2
T5,4,1,80,12
T6,5,1,48,2
T7,6,0,160,2
T8,7,0,110,1
T9,8,1,99,2
[312]
T1,0,1,165,5
T2,1,0,200,5
T3,2,1,88,2
T4,3,1,104,2
T5,4,1,56,1
T6,5,1,50,2
T7,6,1,168,4
T8,7,1,42,3
T9,8,0,140,2
[313]
T1,0,1,84,2
T2,1,1,21,2
T3,2,1,168,2
T4,3,0,72,2
T5,4,0,140,4
T6,5,1,180,3
T7,6,0,72,2
T8,7,1,200,4
T9,8,0,36,2
[314]
T1,0,0,125,2
T2,1,0,34,1
T3,2,1,125,2
T4,3,0,168,5
T5,4,0,27,2
T6,5,1,144,2
T7,6,1,180,7
T8,7,1,126,9
T9,8,0,200,10
[315]
T1,0,1,72,2
T2,1,0,105,2
T3,2,0,81,3
T4,3,0,38,2
T5,4,1,50,3
T6,5,0,192,22
T7,6,0,200,2
T8,7,1,70,1
T9,8,0,168,2
[316]
T1,0,0,70,1
T2,1,0,150,1
T3,2,0,133,8
T4,3,1,200,20
T5,4,1,114,2
T6,5,0,150,3
T7,6,1,80,2
T8,7,1,35,2
T9,8,1,37,1
[317]
T1,0,1,25,2
T2,1,1,60,1
T3,2,1,172,2
T4,3,0,120,8
T5,4,1,50,2
T6,5,1,66,2
T7,6,0,200,6
T8,7,0,165,1
T9,8,1,132,3
[318]
T1,0,0,198,2
T2,1,1,44,2
T3,2,1,63,4
T4,3,0,28,2
T5,4,0,200,22
T6,5,0,90,3
T7,6,1,96,2
T8,7,0,55,2
T9,8,1,150,2
[319]
T1,0,0,200,4
T2,1,0,60,1
T3,2,0,45,2
T4,3,0,54,2
T5,4,0,112,2
T6,5,0,168,25
T7,6,0,22,2
T8,7,1,154,9
T9,8,0,72,1
[320]
T1,0,0,108,7
T2,1,1,200,13
T3,2,0,21,2
T4,3,1,42,2
T5,4,1,195,3
T6,5,0,105,2
T7,6,0,180,2
T8,7,1,135,7
T9,8,1,84,4
[321]
T1,0,1,135,3
T2,1,1,200,6
T3,2,0,43,1
T4,3,0,72,6
T5,4,1,20,2
T6,5,1,162,2
T7,6,1,198,7
T8,7,0,80,2
T9,8,0,81,1
[322]
T1,0,1,182,10
T2,1,1,40,1
T3,2,0,75,3
T4,3,0,39,2
T5,4,0,140,4
T6,5,0,196,4
T7,6,0,70,2
T8,7,1,200,2
T9,8,1,56,1
[323]
T1,0,0,38,2
T2,1,0,78,3
T3,2,0,65,2
T4,3,1,75,2
T5,4,0,34,2
T6,5,0,195,20
T7,6,0,104,1
T8,7,0,171,1
T9,8,1,200,10
[324]
T1,0,0,70,2
T2,1,1,96,8
T3,2,0,160,2
T4,3,0,200,11
T5,4,0,160,3
T6,5,0,35,2
T7,6,1,70,2
T8,7,0,144,3
T9,8,1,48,3
[325]
T1,0,0,153,12
T2,1,1,200,16
T3,2,0,55,1
T4,3,0,88,3
T5,4,0,72,1
T6,5,0,80,1
T7,6,0,40,2
T8,7,0,35,2
T9,8,0,153,1
[326]
T1,0,1,196,3
T2,1,1,20,2
T3,2,1,200,2
T4,3,1,70,3
T5,4,0,45,3
T6,5,0,140,1
T7,6,0,176,6
T8,7,0,75,1
T9,8,1,140,6
[327]
T1,0,0,168,2
T2,1,0,200,1
T3,2,0,26,2
T4,3,0,96,2
T5,4,0,160,2
T6,5,0,35,2
T7,6,0,110,19
T8,7,0,99,2
T9,8,1,70,2
[328]
T1,0,1,200,14
T2,1,1,198,9
T3,2,0,135,2
T4,3,0,165,2
T5,4,1,25,2
T6,5,0,48,1
T7,6,1,72,2
T8,7,0,77,8
T9,8,0,108,2
[329]
T1,0,0,90,7
T2,1,1,40,2
T3,2,0,144,1
T4,3,0,150,4
T5,4,1,130,2
T6,5,1,35,2
T7,6,0,200,10
T8,7,0,190,14
T9,8,1,75,1
[330]
T1,0,1,35,2
T2,1,0,140,5
T3,2,1,60,2
T4,3,0,125,4
T5,4,1,36,3
T6,5,0,196,3
T7,6,1,140,3
T8,7,1,168,7
T9,8,0,200,3
[331]
T1,0,0,77,2
T2,1,0,200,4
T3,2,1,45,2
T4,3,1,165,5
T5,4,1,168,3
T6,5,0,110,2
T7,6,1,125,14
T8,7,1,105,4
T9,8,0,31,2
[332]
T1,0,1,55,2
T2,1,1,52,2
T3,2,1,160,2
T4,3,1,80,8
T5,4,0,50,2
T6,5,0,60,2
T7,6,0,126,3
T8,7,1,200,3
T9,8,0,165,3
[333]
T1,0,0,56,1
T2,1,0,144,1
T3,2,0,30,1
T4,3,1,120,8
T5,4,1,136,1
T6,5,0,168,3
T7,6,1,34,1
T8,7,1,168,2
T9,8,0,200,6
[334]
T1,0,1,105,2
T2,1,0,84,2
T3,2,1,200,2
T4,3,1,110,1
T5,4,0,50,2
T6,5,1,110,15
T7,6,1,170,3
T8,7,1,50,2
T9,8,0,170,11
[335]
T1,0,0,171,10
T2,1,0,189,5
T3,2,0,200,3
T4,3,1,28,2
T5,4,0,75,2
T6,5,0,63,2
T7,6,0,60,4
T8,7,0,140,4
T9,8,0,51,2
[336]
T1,0,1,55,5
T2,1,1,30,1
T3,2,1,120,2
T4,3,1,72,2
T5,4,1,53,2
T6,5,1,180,3
T7,6,1,200,19
T8,7,0,72,2
T9,8,0,174,3
[337]
T1,0,1,23,1
T2,1,0,200,2
T3,2,0,70,3
T4,3,1,189,4
T5,4,0,135,2
T6,5,0,168,18
T7,6,1,132,2
T8,7,1,63,2
T9,8,0,28,2
[338]
T1,0,1,140,11
T2,1,0,60,1
T3,2,0,150,7
T4,3,1,56,1
T5,4,0,195,3
T6,5,0,40,1
T7,6,0,200,1
T8,7,0,132,2
T9,8,1,35,1
[339]
T1,0,1,76,2
T2,1,1,88,6
T3,2,0,120,2
T4,3,1,154,2
T5,4,0,53,2
T6,5,0,35,1
T7,6,1,110,4
T8,7,1,152,16
T9,8,1,200,2
[340]
T1,0,0,100,4
T2,1,0,200,3
T3,2,0,75,7
T4,3,1,168,2
T5,4,0,84,4
T6,5,1,32,1
T7,6,1,176,4
T8,7,0,88,2
T9,8,1,45,2
[341]
T1,0,1,200,2
T2,1,1,105,2
T3,2,1,41,2
T4,3,0,161,6
T5,4,1,100,9
T6,5,0,28,2
T7,6,1,192,9
T8,7,0,138,1
T9,8,1,115,7
[342]
T1,0,0,180,7
T2,1,1,69,2
T3,2,0,184,2
T4,3,1,200,23
T5,4,0,40,2
T6,5,0,72,2
T7,6,0,38,2
T8,7,0,60,2
T9,8,1,114,2
[343]
T1,0,1,150,8
T2,1,1,200,2
T3,2,0,105,2
T4,3,0,24,1
T5,4,0,75,2
T6,5,0,70,5
T7,6,0,24,2
T8,7,0,160,4
T9,8,1,93,4
[344]
T1,0,0,100,2
T2,1,1,26,2
T3,2,1,135,3
T4,3,1,180,1
T5,4,0,200,25
T6,5,0,40,2
T7,6,0,57,2
T8,7,0,54,2
T9,8,0,189,3
[345]
T1,0,1,175,2
T2,1,0,54,2
T3,2,0,56,2
T4,3,0,29,2
T5,4,0,150,12
T6,5,0,126,3
T7,6,1,200,3
T8,7,1,66,2
T9,8,1,40,3
[346]
T1,0,0,112,2
T2,1,1,133,9
T3,2,0,200,2
T4,3,1,160,2
T5,4,0,28,2
T6,5,0,38,1
T7,6,0,144,4
T8,7,1,100,5
T9,8,0,150,3
[347]
T1,0,0,27,2
T2,1,0,190,5
T3,2,1,80,7
T4,3,1,200,2
T5,4,0,160,8
T6,5,1,120,5
T7,6,0,120,1
T8,7,1,33,2
T9,8,0,72,3
[348]
T1,0,0,36,1
T2,1,1,52,1
T3,2,1,150,8
T4,3,1,200,16
T5,4,1,96,2
T6,5,1,54,1
T7,6,1,135,2
T8,7,1,120,2
T9,8,0,186,7
[349]
T1,0,1,156,2
T2,1,0,44,3
T3,2,1,91,1
T4,3,1,85,5
T5,4,0,200,1
T6,5,1,156,2
T7,6,1,56,4
T8,7,0,136,4
T9,8,0,50,2
[350]
T1,0,0,80,1
T2,1,0,180,1
T3,2,0,180,5
T4,3,0,200,2
T5,4,1,119,7
T6,5,1,30,1
T7,6,1,63,4
T8,7,1,105,2
T9,8,0,41,1
[351]
T1,0,0,100,1
T2,1,1,200,2
T3,2,0,36,2
T4,3,1,192,8
T5,4,0,130,4
T6,5,0,156,2
T7,6,0,130,5
T8,7,0,128,3
T9,8,0,35,1
[352]
T1,0,1,33,1
T2,1,0,132,2
T3,2,1,84,6
T4,3,1,200,23
T5,4,1,77,2
T6,5,1,176,2
T7,6,0,175,3
T8,7,1,125,2
T9,8,1,27,2
[353]
T1,0,0,84,2
T2,1,0,38,2
T3,2,0,152,15
T4,3,1,144,5
T5,4,0,168,4
T6,5,0,20,2
T7,6,0,96,3
T8,7,0,200,2
T9,8,0,140,4
[354]
T1,0,1,200,6
T2,1,0,63,3
T3,2,0,180,4
T4,3,1,96,2
T5,4,0,41,2
T6,5,1,162,11
T7,6,1,96,4
T8,7,0,25,2
T9,8,0,135,2
[355]
T1,0,1,160,4
T2,1,0,40,3
T3,2,1,120,1
T4,3,0,104,2
T5,4,0,126,2
T6,5,1,182,8
T7,6,0,21,2
T8,7,0,200,14
T9,8,0,130,2
[356]
T1,0,1,133,3
T2,1,0,152,5
T3,2,0,95,2
T4,3,0,25,2
T5,4,1,77,1
T6,5,1,95,4
T7,6,0,200,4
T8,7,1,21,2
T9,8,0,150,4
[357]
T1,0,0,112,2
T2,1,1,48,2
T3,2,0,114,1
T4,3,0,24,2
T5,4,0,100,6
T6,5,0,200,8
T7,6,0,192,30
T8,7,0,60,2
T9,8,0,152,2
[358]
T1,0,1,150,2
T2,1,1,98,2
T3,2,0,200,25
T4,3,1,45,2
T5,4,1,198,3
T6,5,0,77,3
T7,6,1,120,3
T8,7,0,25,2
T9,8,0,120,1
[359]
T1,0,0,200,3
T2,1,1,35,1
T3,2,0,90,2
T4,3,0,180,7
T5,4,0,108,2
T6,5,1,50,2
T7,6,0,61,2
T8,7,1,100,4
T9,8,0,180,10
[360]
T1,0,1,120,5
T2,1,0,174,12
T3,2,0,52,2
T4,3,1,43,2
T5,4,1,58,2
T6,5,0,100,1
T7,6,1,195,6
T8,7,0,200,21
T9,8,1,116,2
[361]
T1,0,1,200,16
T2,1,0,160,3
T3,2,0,96,1
T4,3,1,120,11
T5,4,1,66,1
T6,5,1,152,2
T7,6,0,95,2
T8,7,1,27,2
T9,8,0,24,1
[362]
T1,0,1,130,5
T2,1,1,63,2
T3,2,0,200,6
T4,3,1,130,5
T5,4,1,39,4
T6,5,1,182,2
T7,6,0,195,1
T8,7,0,39,2
T9,8,1,140,1
[363]
T1,0,0,135,9
T2,1,0,30,1
T3,2,0,135,2
T4,3,1,135,5
T5,4,0,29,2
T6,5,0,95,5
T7,6,0,200,1
T8,7,1,152,7
T9,8,0,189,2
[364]
T1,0,0,189,5
T2,1,0,55,2
T3,2,0,44,2
T4,3,1,180,4
T5,4,0,105,5
T6,5,1,36,1
T7,6,0,63,2
T8,7,1,200,2
T9,8,1,75,7
[365]
T1,0,1,49,1
T2,1,1,75,3
T3,2,1,55,4
T4,3,1,135,3
T5,4,1,156,2
T6,5,0,195,3
T7,6,0,130,5
T8,7,1,200,8
T9,8,0,50,2
[366]
T1,0,1,20,2
T2,1,0,98,4
T3,2,0,196,5
T4,3,1,168,7
T5,4,0,90,1
T6,5,0,90,3
T7,6,1,105,7
T8,7,0,28,2
T9,8,1,200,2
[367]
T1,0,1,21,2
T2,1,0,120,20
T3,2,1,175,1
T4,3,1,78,1
T5,4,0,70,2
T6,5,1,150,3
T7,6,1,22,2
T8,7,1,98,2
T9,8,0,200,6
[368]
T1,0,1,150,2
T2,1,1,200,1
T3,2,1,66,3
T4,3,1,20,2
T5,4,0,82,4
T6,5,1,120,8
T7,6,0,150,1
T8,7,0,82,2
T9,8,1,21,1
[369]
T1,0,1,200,2
T2,1,1,175,4
T3,2,1,126,1
T4,3,1,54,1
T5,4,0,20,2
T6,5,0,120,10
T7,6,1,135,9
T8,7,0,40,2
T9,8,1,196,6
[370]
T1,0,1,60,2
T2,1,1,99,9
T3,2,1,200,9
T4,3,1,188,4
T5,4,0,165,2
T6,5,0,110,4
T7,6,0,33,2
T8,7,1,141,2
T9,8,0,49,3
[371]
T1,0,1,168,3
T2,1,1,147,2
T3,2,1,81,2
T4,3,0,81,1
T5,4,1,50,1
T6,5,0,36,2
T7,6,0,200,2
T8,7,1,140,4
T9,8,1,75,6
[372]
T1,0,0,22,2
T2,1,0,141,1
T3,2,0,144,10
T4,3,0,144,5
T5,4,1,200,1
T6,5,0,150,4
T7,6,0,30,1
T8,7,0,60,2
T9,8,1,192,10
[373]
T1,0,1,75,2
T2,1,1,70,2
T3,2,0,22,2
T4,3,1,112,2
T5,4,0,196,3
T6,5,0,165,5
T7,6,1,29,2
T8,7,1,200,2
T9,8,0,66,2
[374]
T1,0,0,105,8
T2,1,0,168,6
T3,2,1,24,1
T4,3,1,56,2
T5,4,0,106,2
T6,5,1,84,2
T7,6,0,200,7
T8,7,1,180,7
T9,8,0,42,2
[375]
T1,0,0,198,17
T2,1,0,198,2
T3,2,0,140,9
T4,3,0,30,2
T5,4,1,105,1
T6,5,1,200,3
T7,6,0,33,2
T8,7,1,98,2
T9,8,1,63,2
[376]
T1,0,0,84,2
T2,1,0,154,3
T3,2,0,133,14
T4,3,0,36,1
T5,4,1,75,1
T6,5,0,175,6
T7,6,0,50,2
T8,7,0,200,1
T9,8,1,100,1
[377]
T1,0,0,130,2
T2,1,1,38,2
T3,2,0,171,4
T4,3,1,25,2
T5,4,1,100,10
T6,5,1,171,2
T7,6,1,104,11
T8,7,0,200,2
T9,8,1,104,3
[378]
T1,0,0,182,2
T2,1,1,60,2
T3,2,0,200,5
T4,3,0,72,3
T5,4,1,34,2
T6,5,1,135,7
T7,6,0,195,3
T8,7,1,135,3
T9,8,0,21,2
[379]
T1,0,1,22,2
T2,1,1,196,2
T3,2,1,70,1
T4,3,1,126,8
T5,4,1,43,2
T6,5,0,84,4
T7,6,0,200,18
T8,7,0,66,2
T9,8,1,165,2
[380]
T1,0,1,200,10
T2,1,0,175,5
T3,2,0,20,2
T4,3,0,129,1
T5,4,0,175,4
T6,5,1,63,2
T7,6,0,48,2
T8,7,0,72,3
T9,8,1,105,9
[381]
T1,0,1,30,2
T2,1,1,135,5
T3,2,0,63,2
T4,3,1,189,3
T5,4,1,46,2
T6,5,0,200,15
T7,6,0,57,1
T8,7,0,168,7
T9,8,1,60,3
[382]
T1,0,1,64,2
T2,1,0,80,2
T3,2,1,160,1
T4,3,1,198,13
T5,4,0,200,12
T6,5,0,34,2
T7,6,0,80,6
T8,7,1,50,2
T9,8,1,88,2
[383]
T1,0,0,175,3
T2,1,1,200,6
T3,2,1,53,3
T4,3,1,100,10
T5,4,0,28,2
T6,5,1,119,2
T7,6,1,100,3
T8,7,1,175,2
T9,8,1,96,1
[384]
T1,0,0,140,6
T2,1,0,200,4
T3,2,1,175,8
T4,3,0,72,2
T5,4,0,110,2
T6,5,0,126,2
T7,6,0,32,2
T8,7,1,35,2
T9,8,0,180,5
[385]
T1,0,1,144,6
T2,1,0,26,2
T3,2,0,200,5
T4,3,1,104,2
T5,4,1,26,2
T6,5,0,198,2
T7,6,0,78,3
T8,7,0,150,4
T9,8,1,66,2
[386]
T1,0,0,21,2
T2,1,0,125,1
T3,2,1,192,2
T4,3,1,200,16
T5,4,1,128,2
T6,5,1,165,4
T7,6,1,110,1
T8,7,0,75,3
T9,8,1,40,3
[387]
T1,0,1,31,2
T2,1,0,168,14
T3,2,0,20,2
T4,3,0,84,3
T5,4,1,140,1
T6,5,0,84,2
T7,6,1,71,2
T8,7,0,200,1
T9,8,1,168,6
[388]
T1,0,0,200,5
T2,1,1,84,4
T3,2,0,39,2
T4,3,1,31,2
T5,4,1,144,4
T6,5,0,150,2
T7,6,0,156,1
T8,7,1,96,6
T9,8,0,120,1
[389]
T1,0,0,75,2
T2,1,1,112,2
T3,2,0,112,3
T4,3,0,105,8
T5,4,0,195,1
T6,5,0,182,4
T7,6,0,52,2
T8,7,0,200,13
T9,8,1,51,1
[390]
T1,0,0,126,3
T2,1,0,114,3
T3,2,1,180,1
T4,3,1,75,3
T5,4,1,50,1
T6,5,0,40,1
T7,6,1,171,2
T8,7,0,200,8
T9,8,1,57,4
[391]
T1,0,1,45,1
T2,1,0,161,3
T3,2,1,200,36
T4,3,1,56,2
T5,4,1,115,1
T6,5,0,84,2
T7,6,0,29,2
T8,7,0,184,7
T9,8,1,70,2
[392]
T1,0,0,35,2
T2,1,1,105,1
T3,2,0,200,5
T4,3,1,49,1
T5,4,1,150,13
T6,5,0,160,2
T7,6,1,56,2
T8,7,0,84,2
T9,8,1,125,6
[393]
T1,0,1,48,1
T2,1,1,105,1
T3,2,1,150,4
T4,3,1,120,5
T5,4,1,200,13
T6,5,1,26,2
T7,6,0,125,2
T8,7,1,175,5
T9,8,0,135,4
[394]
T1,0,0,115,2
T2,1,0,96,15
T3,2,0,165,2
T4,3,0,200,1
T5,4,0,160,8
T6,5,1,69,2
T7,6,1,44,2
T8,7,0,100,3
T9,8,0,35,2
[395]
T1,0,0,24,2
T2,1,0,96,2
T3,2,0,21,2
T4,3,1,60,2
T5,4,0,200,1
T6,5,0,168,3
T7,6,0,72,2
T8,7,1,90,6
T9,8,0,182,12
[396]
T1,0,1,46,2
T2,1,0,182,3
T3,2,0,90,1
T4,3,1,26,2
T5,4,0,182,2
T6,5,1,56,7
T7,6,0,105,1
T8,7,0,84,4
T9,8,0,200,1
[397]
T1,0,0,40,1
T2,1,0,33,1
T3,2,0,200,9
T4,3,0,155,15
T5,4,0,128,2
T6,5,0,144,2
T7,6,1,186,2
T8,7,0,90,1
T9,8,1,144,3
[398]
T1,0,0,189,3
T2,1,0,175,2
T3,2,0,75,2
T4,3,1,37,2
T5,4,1,200,13
T6,5,1,135,18
T7,6,0,63,2
T8,7,1,25,1
T9,8,1,110,2
[399]
T1,0,0,170,1
T2,1,0,102,15
T3,2,1,200,2
T4,3,1,153,2
T5,4,1,126,3
T6,5,1,34,1
T7,6,0,100,1
T8,7,1,32,1
T9,8,1,96,2
[400]
T1,0,1,186,2
T2,1,0,84,2
T3,2,0,100,4
T4,3,1,96,2
T5,4,1,96,7
T6,5,1,24,2
T7,6,1,168,1
T8,7,0,39,1
T9,8,1,200,20
[401]
T1,0,1,200,21
T2,1,0,46,2
T3,2,0,126,1
T4,3,0,56,2
T5,4,1,84,3
T6,5,1,49,2
T7,6,1,189,8
T8,7,1,72,2
T9,8,0,168,4
[402]
T1,0,1,105,2
T2,1,1,200,15
T3,2,0,38,1
T4,3,0,100,1
T5,4,0,168,6
T6,5,0,196,3
T7,6,0,51,2
T8,7,1,140,5
T9,8,1,100,2
[403]
T1,0,0,150,9
T2,1,1,54,2
T3,2,0,123,2
T4,3,0,72,2
T5,4,0,40,1
T6,5,1,100,3
T7,6,1,164,1
T8,7,1,23,1
T9,8,0,200,4
[404]
T1,0,0,175,18
T2,1,0,54,2
T3,2,1,80,6
T4,3,0,200,2
T5,4,1,22,2
T6,5,0,99,3
T7,6,0,70,1
T8,7,1,39,2
T9,8,0,165,2
[405]
T1,0,0,60,1
T2,1,0,100,5
T3,2,0,21,2
T4,3,1,198,8
T5,4,1,48,2
T6,5,0,200,9
T7,6,1,168,2
T8,7,1,70,2
T9,8,1,105,5
[406]
T1,0,0,130,1
T2,1,1,70,2
T3,2,1,168,6
T4,3,1,200,6
T5,4,1,24,1
T6,5,0,126,2
T7,6,1,80,3
T8,7,1,156,2
T9,8,1,21,1
[407]
T1,0,0,24,2
T2,1,0,94,3
T3,2,0,53,2
T4,3,0,188,11
T5,4,0,84,1
T6,5,1,175,2
T7,6,1,94,5
T8,7,0,141,9
T9,8,0,200,2
[408]
T1,0,1,30,2
T2,1,0,132,1
T3,2,0,35,2
T4,3,1,60,3
T5,4,1,88,1
T6,5,0,92,6
T7,6,0,200,2
T8,7,1,150,1
T9,8,1,198,25
[409]
T1,0,1,200,1
T2,1,1,175,2
T3,2,0,189,9
T4,3,0,126,7
T5,4,0,90,2
T6,5,0,48,2
T7,6,0,38,1
T8,7,1,90,1
T9,8,1,63,3
[410]
T1,0,1,144,2
T2,1,0,136,5
T3,2,0,144,1
T4,3,1,198,2
T5,4,1,200,15
T6,5,1,45,2
T7,6,1,26,2
T8,7,0,88,5
T9,8,1,198,7
[411]
T1,0,1,23,1
T2,1,1,75,2
T3,2,0,132,2
T4,3,0,147,2
T5,4,0,165,20
T6,5,0,28,2
T7,6,0,175,5
T8,7,1,105,3
T9,8,0,200,3
[412]
T1,0,0,200,10
T2,1,0,35,2
T3,2,0,56,2
T4,3,1,120,1
T5,4,0,174,2
T6,5,1,116,7
T7,6,1,125,9
T8,7,1,175,2
T9,8,1,51,2
[413]
T1,0,0,50,2
T2,1,1,32,2
T3,2,1,200,12
T4,3,1,189,5
T5,4,0,182,16
T6,5,1,75,2
T7,6,0,80,2
T8,7,1,144,1
T9,8,1,144,9
[414]
T1,0,1,27,2
T2,1,1,200,2
T3,2,0,56,3
T4,3,0,165,10
T5,4,0,48,1
T6,5,0,176,1
T7,6,0,144,7
T8,7,0,72,2
T9,8,0,96,5
[415]
T1,0,1,96,2
T2,1,0,120,2
T3,2,0,160,3
T4,3,0,200,9
T5,4,1,24,2
T6,5,0,168,2
T7,6,0,66,7
T8,7,0,99,2
T9,8,0,50,3
[416]
T1,0,1,160,2
T2,1,0,66,2
T3,2,1,200,3
T4,3,1,50,1
T5,4,0,90,1
T6,5,1,63,2
T7,6,0,176,29
T8,7,0,84,2
T9,8,0,21,2
[417]
T1,0,0,200,9
T2,1,0,54,1
T3,2,0,105,1
T4,3,0,150,10
T5,4,0,36,2
T6,5,0,45,2
T7,6,1,110,3
T8,7,1,99,2
T9,8,0,176,8
[418]
T1,0,0,26,2
T2,1,1,22,2
T3,2,0,92,2
T4,3,0,99,5
T5,4,0,200,5
T6,5,1,184,13
T7,6,1,72,1
T8,7,0,176,12
T9,8,1,75,1
[419]
T1,0,1,70,2
T2,1,0,90,2
T3,2,1,84,4
T4,3,1,200,6
T5,4,1,42,2
T6,5,1,32,2
T7,6,0,180,10
T8,7,0,144,4
T9,8,1,168,10
[420]
T1,0,0,112,6
T2,1,0,80,2
T3,2,0,200,2
T4,3,1,180,8
T5,4,0,21,2
T6,5,1,198,9
T7,6,1,40,2
T8,7,1,66,3
T9,8,0,90,4
[421]
T1,0,1,27,1
T2,1,0,84,2
T3,2,0,200,10
T4,3,1,69,4
T5,4,0,100,2
T6,5,0,72,1
T7,6,1,184,13
T8,7,1,180,2
T9,8,0,36,2
[422]
T1,0,0,37,1
T2,1,1,180,3
T3,2,1,56,2
T4,3,0,200,9
T5,4,1,42,2
T6,5,0,180,2
T7,6,0,72,1
T8,7,0,105,5
T9,8,1,93,5
[423]
T1,0,1,70,2
T2,1,0,33,1
T3,2,0,175,9
T4,3,1,102,6
T5,4,1,96,2
T6,5,1,50,3
T7,6,0,200,3
T8,7,0,175,7
T9,8,1,84,2
[424]
T1,0,0,136,5
T2,1,1,200,4
T3,2,0,136,1
T4,3,0,175,4
T5,4,1,47,2
T6,5,0,96,2
T7,6,0,72,1
T8,7,1,21,2
T9,8,1,160,8
[425]
T1,0,0,52,3
T2,1,0,40,2
T3,2,0,156,2
T4,3,1,110,2
T5,4,1,168,19
T6,5,0,100,4
T7,6,1,200,2
T8,7,1,75,1
T9,8,1,105,2
[426]
T1,0,1,36,2
T2,1,1,189,2
T3,2,1,168,3
T4,3,0,46,2
T5,4,1,130,11
T6,5,0,200,2
T7,6,0,130,18
T8,7,0,72,2
T9,8,0,140,2
[427]
T1,0,0,82,1
T2,1,0,175,2
T3,2,1,175,4
T4,3,0,140,17
T5,4,0,44,2
T6,5,0,84,5
T7,6,0,48,1
T8,7,1,200,2
T9,8,0,105,1
[428]
T1,0,0,187,12
T2,1,1,56,1
T3,2,0,51,2
T4,3,0,176,15
T5,4,0,119,2
T6,5,1,140,2
T7,6,1,20,1
T8,7,0,200,3
T9,8,1,55,2
[429]
T1,0,0,120,6
T2,1,1,125,2
T3,2,0,64,4
T4,3,0,200,1
T5,4,0,192,5
T6,5,0,48,2
T7,6,1,50,1
T8,7,0,176,3
T9,8,1,75,3
[430]
T1,0,1,152,1
T2,1,1,75,1
T3,2,1,56,1
T4,3,0,40,2
T5,4,0,200,8
T6,5,0,70,6
T7,6,1,37,2
T8,7,1,88,1
T9,8,0,150,9
[431]
T1,0,1,60,2
T2,1,1,56,4
T3,2,0,154,14
T4,3,0,63,1
T5,4,1,48,2
T6,5,0,70,2
T7,6,0,200,13
T8,7,1,35,2
T9,8,0,189,2
[432]
T1,0,0,189,3
T2,1,1,36,2
T3,2,1,100,2
T4,3,0,200,5
T5,4,1,99,1
T6,5,0,35,2
T7,6,0,180,18
T8,7,1,120,2
T9,8,0,144,3
[433]
T1,0,1,84,2
T2,1,1,144,4
T3,2,0,180,9
T4,3,1,154,5
T5,4,0,200,2
T6,5,1,84,7
T7,6,0,42,2
T8,7,1,40,1
T9,8,1,132,2
[434]
T1,0,1,45,2
T2,1,1,90,2
T3,2,1,32,2
T4,3,0,91,2
T5,4,1,150,1
T6,5,0,130,3
T7,6,0,126,4
T8,7,1,160,10
T9,8,1,200,13
[435]
T1,0,0,145,2
T2,1,0,100,1
T3,2,0,160,5
T4,3,1,200,4
T5,4,0,32,2
T6,5,0,75,10
T7,6,0,24,2
T8,7,1,72,2
T9,8,1,180,3
[436]
T1,0,0,119,2
T2,1,1,175,6
T3,2,0,200,3
T4,3,0,168,17
T5,4,1,105,4
T6,5,1,70,1
T7,6,0,54,2
T8,7,0,60,1
T9,8,1,53,2
[437]
T1,0,1,87,2
T2,1,0,132,11
T3,2,0,200,7
T4,3,0,165,2
T5,4,0,60,2
T6,5,0,180,2
T7,6,0,46,1
T8,7,0,33,2
T9,8,1,88,9
[438]
T1,0,1,154,10
T2,1,0,200,7
T3,2,0,36,1
T4,3,1,104,3
T5,4,0,60,2
T6,5,0,56,3
T7,6,0,130,2
T8,7,0,42,2
T9,8,0,165,3
[439]
T1,0,1,154,17
T2,1,1,29,1
T3,2,0,55,2
T4,3,0,102,6
T5,4,0,102,1
T6,5,0,55,2
T7,6,1,51,2
T8,7,0,150,4
T9,8,0,200,1
[440]
T1,0,1,44,1
T2,1,0,200,2
T3,2,0,116,2
T4,3,0,162,14
T5,4,0,150,2
T6,5,1,25,1
T7,6,1,58,2
T8,7,0,90,2
T9,8,0,54,2
[441]
T1,0,0,160,2
T2,1,0,55,2
T3,2,0,30,2
T4,3,1,96,2
T5,4,0,60,8
T6,5,0,200,1
T7,6,0,150,5
T8,7,0,50,2
T9,8,0,60,1
[442]
T1,0,1,56,2
T2,1,1,200,4
T3,2,0,110,4
T4,3,1,176,1
T5,4,1,175,1
T6,5,1,31,2
T7,6,1,62,1
T8,7,0,20,2
T9,8,0,110,4
[443]
T1,0,0,184,15
T2,1,0,126,1
T3,2,0,200,10
T4,3,0,56,2
T5,4,0,189,2
T6,5,1,20,2
T7,6,0,54,2
T8,7,1,22,2
T9,8,0,105,2
[444]
T1,0,1,120,7
T2,1,0,120,6
T3,2,0,108,7
T4,3,1,25,2
T5,4,0,200,6
T6,5,1,180,4
T7,6,1,25,1
T8,7,0,120,2
T9,8,1,170,2
[445]
T1,0,0,52,2
T2,1,0,28,3
T3,2,1,189,3
T4,3,0,153,1
T5,4,1,75,1
T6,5,1,119,2
T7,6,0,200,17
T8,7,0,126,2
T9,8,0,119,3
[446]
T1,0,1,196,2
T2,1,0,192,13
T3,2,1,96,1
T4,3,1,144,12
T5,4,1,56,2
T6,5,1,40,2
T7,6,0,35,2
T8,7,0,105,4
T9,8,1,200,1
[447]
T1,0,0,175,2
T2,1,1,80,1
T3,2,0,29,2
T4,3,1,160,1
T5,4,1,51,2
T6,5,0,64,2
T7,6,0,140,5
T8,7,0,200,30
T9,8,0,102,6
[448]
T1,0,1,48,2
T2,1,0,180,2
T3,2,1,80,1
T4,3,0,74,5
T5,4,0,200,18
T6,5,1,74,1
T7,6,0,48,2
T8,7,0,111,1
T9,8,0,175,1
[449]
T1,0,0,72,2
T2,1,1,20,2
T3,2,0,115,3
T4,3,0,200,4
T5,4,0,195,2
T6,5,1,60,4
T7,6,0,156,1
T8,7,0,43,2
T9,8,0,138,7
[450]
T1,0,0,112,2
T2,1,0,156,2
T3,2,0,78,5
T4,3,1,96,4
T5,4,0,180,1
T6,5,0,29,2
T7,6,1,35,2
T8,7,0,84,2
T9,8,0,200,22
[451]
T1,0,1,60,1
T2,1,0,175,7
T3,2,1,21,2
T4,3,0,195,2
T5,4,0,120,3
T6,5,1,88,2
T7,6,0,28,2
T8,7,0,70,2
T9,8,0,200,7
[452]
T1,0,0,186,2
T2,1,1,200,1
T3,2,1,175,19
T4,3,0,90,2
T5,4,0,72,1
T6,5,1,33,1
T7,6,0,28,2
T8,7,0,62,3
T9,8,1,75,1
[453]
T1,0,1,98,6
T2,1,0,150,8
T3,2,0,36,2
T4,3,0,147,9
T5,4,0,140,5
T6,5,0,200,10
T7,6,1,165,2
T8,7,1,120,2
T9,8,1,40,2
[454]
T1,0,1,75,2
T2,1,0,75,9
T3,2,0,36,2
T4,3,1,75,1
T5,4,1,150,1
T6,5,1,45,2
T7,6,1,200,14
T8,7,1,151,1
T9,8,1,54,2
[455]
T1,0,1,184,2
T2,1,1,28,2
T3,2,0,90,1
T4,3,1,28,2
T5,4,1,175,5
T6,5,1,100,2
T7,6,1,200,9
T8,7,0,100,4
T9,8,0,90,3
[456]
T1,0,1,55,2
T2,1,1,170,5
T3,2,1,154,6
T4,3,1,28,1
T5,4,0,119,2
T6,5,0,70,1
T7,6,0,48,1
T8,7,0,102,8
T9,8,1,200,8
[457]
T1,0,0,50,1
T2,1,1,100,2
T3,2,0,63,2
T4,3,0,60,4
T5,4,0,175,1
T6,5,1,198,6
T7,6,0,108,9
T8,7,1,200,2
T9,8,1,32,1
[458]
T1,0,0,85,1
T2,1,0,54,2
T3,2,0,200,14
T4,3,1,70,1
T5,4,0,144,5
T6,5,1,175,2
T7,6,1,120,3
T8,7,0,160,2
T9,8,0,40,2
[459]
T1,0,0,120,2
T2,1,1,26,1
T3,2,1,168,5
T4,3,1,36,2
T5,4,0,126,2
T6,5,1,70,1
T7,6,0,158,2
T8,7,1,120,14
T9,8,1,200,1
[460]
T1,0,1,165,1
T2,1,1,48,2
T3,2,1,165,14
T4,3,0,120,2
T5,4,0,120,4
T6,5,0,128,10
T7,6,1,20,2
T8,7,1,200,6
T9,8,0,120,2
[461]
T1,0,0,32,2
T2,1,1,84,1
T3,2,1,105,2
T4,3,0,168,3
T5,4,0,55,2
T6,5,1,27,2
T7,6,0,200,7
T8,7,0,176,2
T9,8,1,100,8
[462]
T1,0,1,180,18
T2,1,0,200,21
T3,2,0,43,2
T4,3,1,96,2
T5,4,1,192,2
T6,5,1,108,2
T7,6,0,38,2
T8,7,0,95,1
T9,8,0,135,5
[463]
T1,0,0,65,5
T2,1,0,189,17
T3,2,1,20,2
T4,3,0,80,2
T5,4,0,200,2
T6,5,0,27,2
T7,6,1,117,3
T8,7,0,150,2
T9,8,0,65,3
[464]
T1,0,1,39,2
T2,1,0,110,2
T3,2,0,150,8
T4,3,1,200,5
T5,4,1,45,1
T6,5,1,80,2
T7,6,1,92,2
T8,7,0,55,4
T9,8,0,165,14
[465]
T1,0,1,200,2
T2,1,1,150,2
T3,2,1,84,7
T4,3,1,35,1
T5,4,1,75,4
T6,5,1,185,8
T7,6,1,140,1
T8,7,0,63,2
T9,8,1,21,2
[466]
T1,0,1,180,8
T2,1,0,72,2
T3,2,1,35,2
T4,3,1,135,8
T5,4,0,200,7
T6,5,0,150,5
T7,6,0,140,1
T8,7,1,21,1
T9,8,1,75,2
[467]
T1,0,0,75,2
T2,1,0,175,8
T3,2,1,156,4
T4,3,0,200,2
T5,4,1,136,10
T6,5,1,70,2
T7,6,0,39,2
T8,7,0,65,4
T9,8,0,52,2
[468]
T1,0,0,153,7
T2,1,0,28,1
T3,2,0,140,2
T4,3,0,102,8
T5,4,1,20,2
T6,5,1,56,2
T7,6,1,200,8
T8,7,1,126,2
T9,8,1,180,4
[469]
T1,0,1,180,8
T2,1,0,75,2
T3,2,1,100,3
T4,3,0,30,2
T5,4,0,120,4
T6,5,0,188,2
T7,6,0,100,1
T8,7,0,200,2
T9,8,0,53,4
[470]
T1,0,1,150,5
T2,1,1,85,4
T3,2,1,72,2
T4,3,1,102,1
T5,4,1,150,5
T6,5,1,48,2
T7,6,0,46,1
T8,7,0,200,2
T9,8,1,92,9
[471]
T1,0,1,56,1
T2,1,1,35,2
T3,2,1,56,2
T4,3,1,110,1
T5,4,1,200,22
T6,5,0,192,10
T7,6,1,176,5
T8,7,1,77,1
T9,8,0,49,2
[472]
T1,0,0,114,2
T2,1,1,23,2
T3,2,1,42,3
T4,3,0,133,9
T5,4,1,76,2
T6,5,1,200,2
T7,6,1,55,3
T8,7,0,154,2
T9,8,0,150,1
[473]
T1,0,0,200,2
T2,1,0,84,1
T3,2,1,63,1
T4,3,0,188,16
T5,4,0,42,2
T6,5,1,60,2
T7,6,1,188,3
T8,7,1,75,2
T9,8,0,44,2
[474]
T1,0,1,189,2
T2,1,1,52,3
T3,2,1,200,14
T4,3,1,120,1
T5,4,1,48,1
T6,5,0,63,2
T7,6,1,140,10
T8,7,0,60,1
T9,8,0,156,2
[475]
T1,0,0,56,2
T2,1,0,54,4
T3,2,0,176,4
T4,3,0,112,2
T5,4,0,200,18
T6,5,0,112,2
T7,6,1,189,1
T8,7,1,33,2
T9,8,0,56,2
[476]
T1,0,0,150,1
T2,1,1,128,5
T3,2,1,200,4
T4,3,1,40,3
T5,4,0,150,2
T6,5,1,144,3
T7,6,1,46,2
T8,7,1,55,2
T9,8,1,72,3
[477]
T1,0,0,170,2
T2,1,1,200,5
T3,2,1,77,2
T4,3,0,37,1
T5,4,1,77,6
T6,5,0,84,2
T7,6,1,51,1
T8,7,1,110,3
T9,8,1,170,11
[478]
T1,0,0,77,6
T2,1,1,63,1
T3,2,0,200,3
T4,3,0,46,2
T5,4,0,22,2
T6,5,1,165,7
T7,6,1,77,1
T8,7,0,189,5
T9,8,0,100,2
[479]
T1,0,1,54,1
T2,1,0,56,2
T3,2,1,180,2
T4,3,1,200,10
T5,4,1,39,2
T6,5,0,80,2
T7,6,0,35,2
T8,7,0,72,2
T9,8,1,195,25
[480]
T1,0,0,44,1
T2,1,1,192,15
T3,2,1,66,3
T4,3,0,60,1
T5,4,1,192,1
T6,5,1,35,2
T7,6,0,77,2
T8,7,1,88,3
T9,8,1,200,2
[481]
T1,0,1,38,2
T2,1,0,200,7
T3,2,1,55,2
T4,3,1,110,1
T5,4,0,176,2
T6,5,0,132,8
T7,6,0,180,3
T8,7,0,28,1
T9,8,1,72,2
[482]
T1,0,0,130,7
T2,1,1,189,2
T3,2,0,200,1
T4,3,0,75,3
T5,4,0,30,2
T6,5,0,182,12
T7,6,1,63,6
T8,7,0,47,2
T9,8,0,117,2
[483]
T1,0,1,168,6
T2,1,0,22,2
T3,2,0,72,2
T4,3,1,150,2
T5,4,0,200,15
T6,5,0,120,1
T7,6,0,72,2
T8,7,0,39,3
T9,8,0,55,1
[484]
T1,0,0,200,1
T2,1,0,150,4
T3,2,1,36,2
T4,3,1,184,2
T5,4,0,126,2
T6,5,0,48,2
T7,6,0,120,12
T8,7,0,108,6
T9,8,0,120,4
[485]
T1,0,1,200,2
T2,1,1,126,3
T3,2,1,110,2
T4,3,1,39,1
T5,4,1,180,13
T6,5,1,108,2
T7,6,0,48,1
T8,7,1,165,12
T9,8,0,110,4
[486]
T1,0,1,51,2
T2,1,1,120,3
T3,2,0,160,10
T4,3,0,112,1
T5,4,1,52,2
T6,5,1,68,1
T7,6,0,200,2
T8,7,1,90,9
T9,8,0,150,2
[487]
T1,0,0,22,1
T2,1,1,153,2
T3,2,1,200,3
T4,3,1,50,1
T5,4,1,69,7
T6,5,0,120,3
T7,6,0,138,3
T8,7,1,184,2
T9,8,0,102,3
[488]
T1,0,1,180,23
T2,1,0,57,2
T3,2,0,126,3
T4,3,0,76,1
T5,4,0,20,2
T6,5,1,112,1
T7,6,1,180,2
T8,7,1,200,1
T9,8,0,37,2
[489]
T1,0,1,200,6
T2,1,0,46,1
T3,2,0,75,2
T4,3,1,190,2
T5,4,1,76,4
T6,5,1,175,3
T7,6,1,126,2
T8,7,0,30,2
T9,8,1,133,16
[490]
T1,0,0,170,1
T2,1,1,52,2
T3,2,0,68,1
T4,3,0,180,2
T5,4,0,65,2
T6,5,1,200,26
T7,6,1,136,8
T8,7,1,117,2
T9,8,1,35,2
[491]
T1,0,0,90,2
T2,1,0,32,2
T3,2,1,121,5
T4,3,0,165,2
T5,4,0,53,3
T6,5,1,160,2
T7,6,1,200,25
T8,7,1,110,2
T9,8,1,121,2
[492]
T1,0,1,40,2
T2,1,1,168,1
T3,2,1,108,2
T4,3,0,120,9
T5,4,0,200,14
T6,5,1,72,3
T7,6,0,56,2
T8,7,0,24,2
T9,8,0,190,8
[493]
T1,0,0,72,2
T2,1,0,168,1
T3,2,0,200,7
T4,3,0,85,10
T5,4,0,108,2
T6,5,0,75,3
T7,6,0,37,1
T8,7,0,21,2
T9,8,0,175,4
[494]
T1,0,1,182,3
T2,1,0,200,7
T3,2,1,29,2
T4,3,1,105,3
T5,4,0,72,1
T6,5,0,63,1
T7,6,1,189,8
T8,7,1,27,2
T9,8,1,75,5
[495]
T1,0,1,200,1
T2,1,0,190,2
T3,2,1,95,1
T4,3,0,22,2
T5,4,0,60,1
T6,5,0,45,2
T7,6,0,180,4
T8,7,1,120,11
T9,8,0,54,3
[496]
T1,0,1,136,2
T2,1,0,34,2
T3,2,1,78,1
T4,3,0,37,1
T5,4,1,130,2
T6,5,1,200,16
T7,6,1,60,3
T8,7,1,168,2
T9,8,1,175,2
[497]
T1,0,1,150,2
T2,1,1,69,2
T3,2,0,60,5
T4,3,0,42,2
T5,4,1,200,5
T6,5,0,72,2
T7,6,1,34,1
T8,7,1,69,2
T9,8,0,184,2
[498]
T1,0,0,112,3
T2,1,1,43,2
T3,2,1,150,10
T4,3,0,105,10
T5,4,0,128,4
T6,5,1,120,3
T7,6,0,24,2
T8,7,0,200,3
T9,8,1,176,2
[499]
T1,0,0,34,2
T2,1,1,153,1
T3,2,0,128,7
T4,3,0,102,2
T5,4,0,128,6
T6,5,0,192,15
T7,6,1,60,2
T8,7,1,200,5
T9,8,0,30,2
[500]
T1,0,1,168,6
T2,1,1,50,2
T3,2,1,192,2
T4,3,1,70,2
T5,4,0,28,1
T6,5,1,200,2
T7,6,0,70,1
T8,7,1,55,3
T9,8,1,140,7
