num_task_per_taskset=9
num_taskset=500
//ID,Priority,Offset,Period,Execution Time
[1]
T1,0,0,144,3
T2,1,1,200,12
T3,2,1,192,4
T4,3,1,90,2
T5,4,0,54,4
T6,5,1,190,2
T7,6,0,34,2
T8,7,0,38,1
T9,8,0,75,5
[2]
T1,0,0,88,6
T2,1,0,198,2
T3,2,0,24,2
T4,3,1,75,5
T5,4,1,195,2
T6,5,0,120,2
T7,6,0,26,2
T8,7,1,200,18
T9,8,0,144,13
[3]
T1,0,1,138,19
T2,1,1,49,2
T3,2,1,198,1
T4,3,0,180,2
T5,4,0,200,5
T6,5,0,69,2
T7,6,0,92,2
T8,7,1,69,2
T9,8,0,36,3
[4]
T1,0,1,180,15
T2,1,0,29,2
T3,2,0,96,1
T4,3,1,136,1
T5,4,1,63,2
T6,5,0,200,17
T7,6,1,153,20
T8,7,1,30,2
T9,8,1,70,2
[5]
T1,0,0,24,2
T2,1,1,180,11
T3,2,0,39,2
T4,3,0,71,2
T5,4,1,75,4
T6,5,1,63,1
T7,6,0,200,6
T8,7,1,168,14
T9,8,1,56,4
[6]
T1,0,0,56,3
T2,1,0,140,13
T3,2,1,56,2
T4,3,1,104,1
T5,4,1,33,2
T6,5,0,150,2
T7,6,1,156,16
T8,7,1,200,6
T9,8,0,24,2
[7]
T1,0,1,65,8
T2,1,1,150,3
T3,2,0,195,2
T4,3,0,39,2
T5,4,1,44,2
T6,5,0,84,3
T7,6,1,77,2
T8,7,1,120,7
T9,8,0,200,2
[8]
T1,0,0,90,14
T2,1,0,189,2
T3,2,0,26,2
T4,3,0,77,5
T5,4,0,20,2
T6,5,1,200,1
T7,6,1,77,3
T8,7,0,75,1
T9,8,0,198,11
[9]
T1,0,1,48,2
T2,1,1,150,10
T3,2,0,200,19
T4,3,1,92,1
T5,4,0,150,12
T6,5,1,90,1
T7,6,0,75,1
T8,7,1,66,1
T9,8,0,45,2
[10]
T1,0,0,80,1
T2,1,1,38,4
T3,2,0,76,2
T4,3,1,200,24
T5,4,1,95,5
T6,5,1,39,2
T7,6,0,150,2
T8,7,0,171,2
T9,8,1,57,2
[11]
T1,0,0,110,2
T2,1,0,180,23
T3,2,0,104,3
T4,3,0,120,2
T5,4,1,180,7
T6,5,1,49,1
T7,6,0,27,1
T8,7,1,90,1
T9,8,1,200,13
[12]
T1,0,1,112,8
T2,1,0,68,1
T3,2,0,75,5
T4,3,0,112,4
T5,4,0,37,2
T6,5,1,30,3
T7,6,1,175,1
T8,7,1,153,3
T9,8,0,200,2
[13]
T1,0,0,72,2
T2,1,0,63,2
T3,2,1,150,13
T4,3,1,126,10
T5,4,0,22,2
T6,5,1,176,13
T7,6,1,96,1
T8,7,1,45,2
T9,8,0,200,4
[14]
T1,0,1,200,8
T2,1,0,160,2
T3,2,1,177,17
T4,3,0,105,10
T5,4,0,56,2
T6,5,1,75,2
T7,6,1,112,5
T8,7,0,30,2
T9,8,0,48,2
[15]
T1,0,0,90,3
T2,1,1,116,5
T3,2,1,174,11
T4,3,0,40,2
T5,4,1,200,5
T6,5,0,35,1
T7,6,1,168,15
T8,7,0,60,2
T9,8,0,105,4
[16]
T1,0,1,27,2
T2,1,1,75,2
T3,2,0,120,6
T4,3,0,75,3
T5,4,0,55,2
T6,5,0,200,22
T7,6,1,27,1
T8,7,1,175,4
T9,8,1,168,2
[17]
T1,0,0,90,2
T2,1,0,60,6
T3,2,0,112,2
T4,3,1,175,7
T5,4,0,44,2
T6,5,1,175,7
T7,6,0,38,1
T8,7,1,200,19
T9,8,1,84,1
[18]
T1,0,1,200,2
T2,1,1,168,2
T3,2,1,95,2
T4,3,0,48,7
T5,4,1,47,1
T6,5,1,190,7
T7,6,1,72,1
T8,7,0,76,4
T9,8,1,84,3
[19]
T1,0,1,200,29
T2,1,0,66,3
T3,2,1,80,5
T4,3,1,25,2
T5,4,0,81,2
T6,5,0,40,2
T7,6,1,165,2
T8,7,1,135,4
T9,8,1,165,5
[20]
T1,0,0,56,3
T2,1,1,35,1
T3,2,1,100,11
T4,3,1,38,2
T5,4,0,190,4
T6,5,0,200,2
T7,6,0,57,2
T8,7,0,160,12
T9,8,0,63,3
[21]
T1,0,1,200,16
T2,1,0,96,3
T3,2,0,34,2
T4,3,0,62,4
T5,4,1,50,5
T6,5,0,155,2
T7,6,1,80,2
T8,7,0,130,8
T9,8,0,195,2
[22]
T1,0,1,100,2
T2,1,1,21,3
T3,2,0,180,11
T4,3,1,140,8
T5,4,1,140,2
T6,5,1,91,2
T7,6,1,189,6
T8,7,1,200,6
T9,8,0,34,2
[23]
T1,0,1,100,2
T2,1,0,40,2
T3,2,0,200,6
T4,3,0,143,4
T5,4,1,90,4
T6,5,1,156,5
T7,6,1,135,11
T8,7,0,165,24
T9,8,0,22,2
[24]
T1,0,1,132,5
T2,1,1,132,3
T3,2,1,54,1
T4,3,0,99,3
T5,4,1,189,9
T6,5,1,36,2
T7,6,1,66,3
T8,7,0,200,24
T9,8,1,175,3
[25]
T1,0,1,111,5
T2,1,0,80,2
T3,2,0,150,2
T4,3,0,54,9
T5,4,0,44,2
T6,5,1,148,5
T7,6,1,108,1
T8,7,0,200,8
T9,8,0,37,1
[26]
T1,0,0,72,2
T2,1,1,105,2
T3,2,1,28,2
T4,3,0,165,1
T5,4,0,35,1
T6,5,1,198,6
T7,6,0,88,10
T8,7,1,200,20
T9,8,0,105,5
[27]
T1,0,0,90,7
T2,1,0,168,7
T3,2,0,200,2
T4,3,1,117,2
T5,4,0,36,2
T6,5,1,168,4
T7,6,0,126,5
T8,7,0,42,2
T9,8,1,72,12
[28]
T1,0,1,132,2
T2,1,1,69,5
T3,2,1,30,2
T4,3,1,80,2
T5,4,0,165,11
T6,5,0,35,2
T7,6,1,200,15
T8,7,1,115,2
T9,8,1,200,19
[29]
T1,0,1,136,15
T2,1,0,104,5
T3,2,0,33,2
T4,3,1,150,3
T5,4,0,50,5
T6,5,0,65,1
T7,6,0,100,4
T8,7,0,150,1
T9,8,1,200,1
[30]
T1,0,1,120,3
T2,1,0,60,2
T3,2,1,200,9
T4,3,1,150,1
T5,4,1,77,1
T6,5,1,24,2
T7,6,1,38,2
T8,7,0,175,8
T9,8,1,132,1
[31]
T1,0,0,50,1
T2,1,0,200,8
T3,2,0,140,15
T4,3,0,168,7
T5,4,1,150,2
T6,5,0,91,2
T7,6,1,56,2
T8,7,1,33,4
T9,8,0,128,1
[32]
T1,0,0,200,2
T2,1,0,195,30
T3,2,0,70,2
T4,3,1,125,3
T5,4,0,26,1
T6,5,0,45,2
T7,6,1,75,1
T8,7,0,182,13
T9,8,1,65,1
[33]
T1,0,0,108,2
T2,1,1,150,13
T3,2,0,95,1
T4,3,0,200,4
T5,4,0,168,3
T6,5,0,46,7
T7,6,0,54,1
T8,7,0,36,2
T9,8,1,140,2
[34]
T1,0,1,182,8
T2,1,0,26,1
T3,2,1,126,9
T4,3,0,189,2
T5,4,0,45,2
T6,5,1,200,3
T7,6,0,75,1
T8,7,1,135,9
T9,8,0,65,6
[35]
T1,0,0,66,3
T2,1,0,144,4
T3,2,1,154,2
T4,3,1,140,1
T5,4,1,72,6
T6,5,1,24,1
T7,6,0,33,3
T8,7,1,200,1
T9,8,1,189,5
[36]
T1,0,0,30,2
T2,1,0,176,3
T3,2,0,77,1
T4,3,1,200,29
T5,4,1,168,4
T6,5,1,99,5
T7,6,0,22,1
T8,7,1,112,7
T9,8,1,66,2
[37]
T1,0,1,32,3
T2,1,1,126,3
T3,2,1,21,2
T4,3,1,195,6
T5,4,1,72,2
T6,5,1,96,7
T7,6,0,195,1
T8,7,1,200,3
T9,8,1,126,6
[38]
T1,0,1,100,7
T2,1,0,70,2
T3,2,0,200,5
T4,3,0,32,2
T5,4,0,180,2
T6,5,1,35,1
T7,6,0,105,10
T8,7,0,180,19
T9,8,1,106,2
[39]
T1,0,0,144,14
T2,1,0,104,5
T3,2,1,43,2
T4,3,0,182,11
T5,4,1,105,8
T6,5,0,70,4
T7,6,0,180,1
T8,7,1,39,2
T9,8,1,200,2
[40]
T1,0,0,150,6
T2,1,0,75,1
T3,2,0,35,1
T4,3,1,105,2
T5,4,1,100,4
T6,5,1,80,2
T7,6,1,200,4
T8,7,1,53,2
T9,8,0,175,23
[41]
T1,0,1,24,2
T2,1,1,91,7
T3,2,1,96,2
T4,3,0,100,6
T5,4,1,39,3
T6,5,1,195,3
T7,6,1,78,6
T8,7,0,200,1
T9,8,0,168,1
[42]
T1,0,0,200,4
T2,1,0,70,2
T3,2,1,174,2
T4,3,0,126,11
T5,4,1,116,2
T6,5,0,33,4
T7,6,1,24,1
T8,7,1,174,9
T9,8,1,100,2
[43]
T1,0,1,200,1
T2,1,0,38,1
T3,2,1,166,4
T4,3,1,100,3
T5,4,0,150,9
T6,5,1,30,1
T7,6,0,60,2
T8,7,0,108,5
T9,8,1,83,7
[44]
T1,0,0,50,2
T2,1,0,128,4
T3,2,1,198,2
T4,3,0,135,2
T5,4,0,200,10
T6,5,1,39,5
T7,6,0,120,4
T8,7,0,198,4
T9,8,0,54,2
[45]
T1,0,1,154,3
T2,1,1,24,1
T3,2,0,200,4
T4,3,1,72,2
T5,4,1,55,2
T6,5,1,108,12
T7,6,1,180,2
T8,7,0,51,3
T9,8,1,108,7
[46]
T1,0,1,42,2
T2,1,0,190,14
T3,2,0,200,5
T4,3,0,140,11
T5,4,1,96,1
T6,5,1,171,15
T7,6,0,114,5
T8,7,1,76,1
T9,8,1,41,2
[47]
T1,0,0,200,5
T2,1,1,195,2
T3,2,1,48,2
T4,3,1,24,2
T5,4,0,168,42
T6,5,0,104,2
T7,6,0,125,3
T8,7,0,80,1
T9,8,1,130,1
[48]
T1,0,0,75,1
T2,1,0,76,2
T3,2,0,180,36
T4,3,0,40,2
T5,4,0,27,2
T6,5,1,112,9
T7,6,0,144,5
T8,7,1,200,2
T9,8,0,152,2
[49]
T1,0,1,96,1
T2,1,1,130,2
T3,2,0,22,2
T4,3,1,42,9
T5,4,0,160,2
T6,5,1,200,3
T7,6,1,104,5
T8,7,1,160,4
T9,8,1,65,3
[50]
T1,0,1,200,9
T2,1,1,30,2
T3,2,1,20,2
T4,3,1,140,2
T5,4,0,136,2
T6,5,0,98,2
T7,6,0,175,16
T8,7,1,150,24
T9,8,1,102,1
[51]
T1,0,1,175,15
T2,1,1,64,2
T3,2,0,49,2
T4,3,0,40,3
T5,4,0,125,1
T6,5,0,120,2
T7,6,0,200,2
T8,7,1,125,3
T9,8,0,180,22
[52]
T1,0,0,200,2
T2,1,1,152,2
T3,2,1,57,2
T4,3,0,28,1
T5,4,0,100,3
T6,5,0,52,3
T7,6,0,76,2
T8,7,0,130,1
T9,8,1,190,39
[53]
T1,0,0,84,5
T2,1,0,160,1
T3,2,1,160,1
T4,3,1,128,1
T5,4,1,28,1
T6,5,1,200,9
T7,6,0,53,2
T8,7,0,64,9
T9,8,0,104,3
[54]
T1,0,1,198,12
T2,1,0,90,4
T3,2,1,44,5
T4,3,1,65,2
T5,4,0,180,2
T6,5,1,45,2
T7,6,0,120,4
T8,7,0,65,2
T9,8,0,200,11
[55]
T1,0,0,100,2
T2,1,0,154,30
T3,2,0,33,2
T4,3,0,22,2
T5,4,1,140,6
T6,5,0,200,15
T7,6,0,75,2
T8,7,0,180,1
T9,8,1,88,3
[56]
T1,0,1,194,5
T2,1,0,200,12
T3,2,0,176,9
T4,3,0,88,6
T5,4,0,80,1
T6,5,1,32,2
T7,6,1,110,4
T8,7,1,40,2
T9,8,1,97,8
[57]
T1,0,0,93,1
T2,1,0,168,2
T3,2,0,36,2
T4,3,1,44,1
T5,4,1,84,2
T6,5,1,140,18
T7,6,0,200,2
T8,7,0,175,9
T9,8,0,112,15
[58]
T1,0,1,126,3
T2,1,1,24,1
T3,2,0,60,5
T4,3,0,31,2
T5,4,0,190,7
T6,5,1,200,1
T7,6,0,63,1
T8,7,0,171,7
T9,8,1,112,5
[59]
T1,0,0,57,6
T2,1,0,152,2
T3,2,0,200,15
T4,3,0,120,1
T5,4,1,172,14
T6,5,1,48,3
T7,6,1,86,2
T8,7,0,114,2
T9,8,0,40,2
[60]
T1,0,1,192,2
T2,1,0,140,9
T3,2,0,23,2
T4,3,0,200,17
T5,4,1,56,1
T6,5,0,24,2
T7,6,0,80,1
T8,7,0,84,3
T9,8,0,165,8
[61]
T1,0,0,85,2
T2,1,1,200,16
T3,2,1,153,5
T4,3,1,136,5
T5,4,1,160,3
T6,5,0,53,2
T7,6,1,21,2
T8,7,1,140,2
T9,8,1,70,11
[62]
T1,0,1,200,12
T2,1,1,171,6
T3,2,1,36,2
T4,3,1,112,2
T5,4,0,90,5
T6,5,1,72,2
T7,6,1,150,7
T8,7,1,80,6
T9,8,1,42,1
[63]
T1,0,0,84,8
T2,1,1,36,2
T3,2,1,85,2
T4,3,1,187,19
T5,4,0,55,1
T6,5,0,105,1
T7,6,1,150,1
T8,7,1,200,10
T9,8,0,50,3
[64]
T1,0,0,84,2
T2,1,0,150,2
T3,2,1,51,1
T4,3,0,45,5
T5,4,1,80,3
T6,5,0,170,3
T7,6,1,200,24
T8,7,0,75,1
T9,8,0,136,6
[65]
T1,0,1,40,2
T2,1,1,91,8
T3,2,0,156,16
T4,3,0,156,9
T5,4,0,200,6
T6,5,1,96,2
T7,6,0,104,1
T8,7,0,44,1
T9,8,0,72,1
[66]
T1,0,0,110,8
T2,1,1,165,3
T3,2,1,55,2
T4,3,1,22,2
T5,4,0,132,5
T6,5,0,22,2
T7,6,0,200,11
T8,7,1,187,1
T9,8,1,102,8
[67]
T1,0,1,195,21
T2,1,0,80,5
T3,2,0,48,1
T4,3,0,182,2
T5,4,1,200,8
T6,5,1,135,3
T7,6,0,91,2
T8,7,1,104,6
T9,8,1,21,2
[68]
T1,0,0,140,7
T2,1,1,200,2
T3,2,1,70,2
T4,3,1,168,4
T5,4,0,120,10
T6,5,1,195,2
T7,6,1,125,2
T8,7,0,36,1
T9,8,0,30,4
[69]
T1,0,1,200,2
T2,1,1,110,8
T3,2,0,160,2
T4,3,0,165,2
T5,4,0,24,1
T6,5,1,75,1
T7,6,0,56,8
T8,7,0,21,1
T9,8,1,72,2
[70]
T1,0,0,108,13
T2,1,1,125,3
T3,2,0,150,3
T4,3,1,155,9
T5,4,0,120,7
T6,5,1,135,1
T7,6,1,200,3
T8,7,0,45,2
T9,8,0,33,2
[71]
T1,0,1,154,2
T2,1,0,200,10
T3,2,1,66,3
T4,3,0,120,13
T5,4,0,46,2
T6,5,1,66,4
T7,6,1,66,1
T8,7,1,182,11
T9,8,1,44,1
[72]
T1,0,0,200,13
T2,1,1,189,3
T3,2,0,108,1
T4,3,1,126,9
T5,4,0,54,2
T6,5,0,36,1
T7,6,0,25,2
T8,7,1,150,22
T9,8,1,60,2
[73]
T1,0,0,125,14
T2,1,1,200,12
T3,2,1,88,1
T4,3,1,150,1
T5,4,1,33,2
T6,5,0,48,2
T7,6,0,77,3
T8,7,0,150,5
T9,8,0,110,3
[74]
T1,0,0,45,1
T2,1,0,160,3
T3,2,0,44,3
T4,3,1,156,2
T5,4,1,200,13
T6,5,1,130,1
T7,6,0,144,11
T8,7,1,128,3
T9,8,1,72,5
[75]
T1,0,0,21,2
T2,1,1,56,2
T3,2,1,20,2
T4,3,0,200,1
T5,4,0,78,3
T6,5,0,63,2
T7,6,0,195,12
T8,7,1,180,9
T9,8,0,80,2
[76]
T1,0,1,200,14
T2,1,0,155,6
T3,2,0,102,1
T4,3,0,32,2
T5,4,1,60,4
T6,5,0,155,2
T7,6,1,31,2
T8,7,0,102,8
T9,8,1,120,4
[77]
T1,0,1,195,7
T2,1,0,80,7
T3,2,0,56,2
T4,3,0,32,3
T5,4,0,35,2
T6,5,0,144,4
T7,6,1,200,3
T8,7,1,168,2
T9,8,0,90,5
[78]
T1,0,1,200,13
T2,1,0,75,2
T3,2,0,171,2
T4,3,1,30,2
T5,4,0,120,9
T6,5,0,192,5
T7,6,0,57,2
T8,7,1,128,9
T9,8,0,40,2
[79]
T1,0,1,85,1
T2,1,1,25,2
T3,2,1,23,2
T4,3,0,85,2
T5,4,0,136,2
T6,5,1,63,2
T7,6,0,170,11
T8,7,0,150,8
T9,8,0,200,8
[80]
T1,0,0,100,4
T2,1,1,87,3
T3,2,0,150,17
T4,3,1,168,6
T5,4,1,200,12
T6,5,0,126,5
T7,6,1,60,2
T8,7,0,23,2
T9,8,1,24,2
[81]
T1,0,0,41,2
T2,1,1,32,2
T3,2,1,140,12
T4,3,1,200,5
T5,4,0,192,4
T6,5,0,105,6
T7,6,0,128,4
T8,7,1,192,18
T9,8,1,112,2
[82]
T1,0,1,143,2
T2,1,1,84,2
T3,2,0,65,12
T4,3,1,150,2
T5,4,0,165,11
T6,5,0,70,1
T7,6,0,200,3
T8,7,1,54,2
T9,8,0,24,2
[83]
T1,0,1,104,7
T2,1,1,185,11
T3,2,1,25,2
T4,3,1,72,1
T5,4,0,104,1
T6,5,0,200,5
T7,6,1,180,22
T8,7,0,74,1
T9,8,0,53,2
[84]
T1,0,0,153,5
T2,1,0,110,3
T3,2,1,75,8
T4,3,0,68,1
T5,4,1,30,2
T6,5,1,41,3
T7,6,0,200,2
T8,7,0,100,2
T9,8,1,176,2
[85]
T1,0,0,156,3
T2,1,1,176,3
T3,2,1,100,7
T4,3,1,120,2
T5,4,0,90,2
T6,5,1,45,3
T7,6,0,99,5
T8,7,1,200,24
T9,8,1,39,2
[86]
T1,0,1,56,3
T2,1,0,100,4
T3,2,1,120,3
T4,3,0,90,2
T5,4,1,171,2
T6,5,1,200,1
T7,6,1,48,9
T8,7,0,45,2
T9,8,1,171,2
[87]
T1,0,0,45,1
T2,1,0,56,3
T3,2,0,109,5
T4,3,0,200,14
T5,4,1,175,11
T6,5,1,24,1
T7,6,0,75,2
T8,7,1,168,10
T9,8,0,80,2
[88]
T1,0,0,33,2
T2,1,0,57,2
T3,2,0,200,14
T4,3,1,125,8
T5,4,0,160,6
T6,5,0,25,2
T7,6,1,72,2
T8,7,1,120,11
T9,8,0,150,5
[89]
T1,0,1,75,4
T2,1,0,40,4
T3,2,0,165,14
T4,3,0,90,4
T5,4,0,200,2
T6,5,1,90,1
T7,6,1,150,1
T8,7,0,78,1
T9,8,0,43,2
[90]
T1,0,0,48,3
T2,1,1,200,21
T3,2,1,54,2
T4,3,1,195,2
T5,4,1,100,4
T6,5,0,150,2
T7,6,1,27,2
T8,7,1,80,5
T9,8,1,108,1
[91]
T1,0,1,196,24
T2,1,0,200,9
T3,2,1,65,2
T4,3,1,21,2
T5,4,0,104,5
T6,5,1,147,3
T7,6,1,156,4
T8,7,0,120,5
T9,8,1,51,2
[92]
T1,0,1,112,12
T2,1,0,29,2
T3,2,1,77,1
T4,3,1,90,2
T5,4,1,154,14
T6,5,0,21,1
T7,6,0,200,6
T8,7,1,54,1
T9,8,0,176,3
[93]
T1,0,0,200,1
T2,1,0,100,6
T3,2,1,54,2
T4,3,0,70,2
T5,4,0,171,2
T6,5,0,180,4
T7,6,0,31,1
T8,7,1,50,5
T9,8,1,90,7
[94]
T1,0,1,200,4
T2,1,1,26,1
T3,2,1,192,7
T4,3,1,21,2
T5,4,0,80,5
T6,5,0,56,6
T7,6,1,112,2
T8,7,0,76,1
T9,8,0,168,7
[95]
T1,0,1,150,6
T2,1,1,24,1
T3,2,1,180,1
T4,3,1,23,2
T5,4,1,200,40
T6,5,0,88,2
T7,6,0,69,2
T8,7,1,88,1
T9,8,1,72,2
[96]
T1,0,0,60,4
T2,1,0,35,2
T3,2,1,165,3
T4,3,1,200,22
T5,4,1,41,3
T6,5,0,90,3
T7,6,1,132,2
T8,7,1,160,1
T9,8,1,66,2
[97]
T1,0,0,132,7
T2,1,1,170,2
T3,2,0,175,17
T4,3,1,102,2
T5,4,1,200,2
T6,5,1,140,10
T7,6,1,55,4
T8,7,0,35,2
T9,8,1,21,2
[98]
T1,0,0,84,2
T2,1,0,60,1
T3,2,1,24,2
T4,3,1,200,4
T5,4,0,42,4
T6,5,1,147,4
T7,6,0,162,18
T8,7,0,100,4
T9,8,1,140,3
[99]
T1,0,1,128,2
T2,1,1,200,11
T3,2,1,41,2
T4,3,1,195,29
T5,4,0,78,2
T6,5,1,30,2
T7,6,0,84,2
T8,7,1,192,5
T9,8,1,104,9
[100]
T1,0,1,81,2
T2,1,0,189,6
T3,2,1,200,12
T4,3,1,72,5
T5,4,0,168,12
T6,5,1,36,2
T7,6,0,120,1
T8,7,1,33,1
T9,8,0,96,7
[101]
T1,0,0,200,9
T2,1,1,76,5
T3,2,1,30,2
T4,3,1,100,2
T5,4,0,80,3
T6,5,0,53,4
T7,6,1,152,3
T8,7,0,164,1
T9,8,0,95,8
[102]
T1,0,0,175,2
T2,1,0,102,2
T3,2,0,70,2
T4,3,1,41,4
T5,4,0,200,10
T6,5,1,56,3
T7,6,1,175,11
T8,7,1,80,2
T9,8,1,36,2
[103]
T1,0,0,110,5
T2,1,0,90,2
T3,2,0,200,5
T4,3,0,63,3
T5,4,1,154,5
T6,5,1,46,2
T7,6,0,49,1
T8,7,1,168,5
T9,8,0,98,14
[104]
T1,0,0,200,10
T2,1,1,102,2
T3,2,1,78,1
T4,3,1,91,7
T5,4,1,140,4
T6,5,0,156,3
T7,6,0,195,10
T8,7,1,52,3
T9,8,1,39,1
[105]
T1,0,1,200,18
T2,1,0,54,1
T3,2,1,180,3
T4,3,1,76,2
T5,4,0,120,6
T6,5,0,150,5
T7,6,0,57,3
T8,7,1,20,2
T9,8,0,32,2
[106]
T1,0,1,200,2
T2,1,0,33,2
T3,2,1,175,3
T4,3,0,168,4
T5,4,0,56,8
T6,5,0,30,1
T7,6,1,79,8
T8,7,0,126,3
T9,8,1,79,2
[107]
T1,0,1,56,2
T2,1,0,54,12
T3,2,1,162,6
T4,3,0,50,2
T5,4,1,135,1
T6,5,0,192,7
T7,6,0,49,2
T8,7,1,135,5
T9,8,0,200,3
[108]
T1,0,0,185,11
T2,1,1,200,5
T3,2,1,185,1
T4,3,0,70,2
T5,4,0,70,7
T6,5,1,76,7
T7,6,0,133,2
T8,7,1,22,1
T9,8,1,50,1
[109]
T1,0,1,180,3
T2,1,1,171,2
T3,2,1,42,2
T4,3,0,200,2
T5,4,1,95,2
T6,5,1,38,2
T7,6,1,133,24
T8,7,0,105,2
T9,8,1,100,5
[110]
T1,0,1,200,7
T2,1,0,77,3
T3,2,1,175,9
T4,3,1,150,2
T5,4,0,33,2
T6,5,1,140,2
T7,6,0,90,5
T8,7,0,125,4
T9,8,0,52,3
[111]
T1,0,1,200,1
T2,1,0,25,1
T3,2,0,132,4
T4,3,0,110,2
T5,4,1,90,3
T6,5,0,165,17
T7,6,0,53,1
T8,7,0,126,3
T9,8,1,160,17
[112]
T1,0,0,60,1
T2,1,0,23,1
T3,2,1,200,3
T4,3,0,75,1
T5,4,0,64,2
T6,5,1,160,2
T7,6,1,51,4
T8,7,0,168,16
T9,8,0,64,2
[113]
T1,0,0,58,1
T2,1,1,174,3
T3,2,1,120,1
T4,3,1,47,2
T5,4,0,200,5
T6,5,0,150,6
T7,6,0,100,6
T8,7,0,74,7
T9,8,0,29,1
[114]
T1,0,0,100,7
T2,1,1,46,1
T3,2,0,200,6
T4,3,0,78,2
T5,4,0,185,1
T6,5,0,65,2
T7,6,1,74,2
T8,7,0,48,6
T9,8,0,195,10
[115]
T1,0,0,56,1
T2,1,1,81,2
T3,2,0,31,6
T4,3,1,175,2
T5,4,1,180,2
T6,5,0,96,3
T7,6,1,50,2
T8,7,1,200,13
T9,8,1,64,2
[116]
T1,0,1,165,13
T2,1,1,105,2
T3,2,0,200,2
T4,3,1,66,1
T5,4,0,90,5
T6,5,0,105,14
T7,6,1,21,2
T8,7,0,198,11
T9,8,0,48,2
[117]
T1,0,1,195,2
T2,1,1,80,1
T3,2,0,200,10
T4,3,1,105,3
T5,4,0,156,2
T6,5,0,63,2
T7,6,1,51,13
T8,7,1,126,2
T9,8,1,45,2
[118]
T1,0,1,70,4
T2,1,1,90,10
T3,2,1,35,2
T4,3,0,195,2
T5,4,1,200,11
T6,5,0,104,3
T7,6,1,26,1
T8,7,0,156,6
T9,8,1,117,4
[119]
T1,0,1,130,3
T2,1,1,33,4
T3,2,0,70,2
T4,3,0,44,3
T5,4,1,165,3
T6,5,0,195,15
T7,6,0,200,2
T8,7,1,140,5
T9,8,0,77,1
[120]
T1,0,1,132,8
T2,1,0,176,5
T3,2,1,51,2
T4,3,0,60,2
T5,4,0,200,20
T6,5,1,66,1
T7,6,1,168,3
T8,7,0,20,2
T9,8,0,110,8
[121]
T1,0,1,105,1
T2,1,1,90,3
T3,2,1,22,2
T4,3,0,200,3
T5,4,1,165,12
T6,5,1,125,2
T7,6,0,44,1
T8,7,1,75,10
T9,8,0,180,8
[122]
T1,0,1,60,5
T2,1,0,198,2
T3,2,1,88,2
T4,3,1,200,10
T5,4,0,64,4
T6,5,1,55,5
T7,6,1,192,9
T8,7,1,24,2
T9,8,0,31,2
[123]
T1,0,0,135,8
T2,1,0,88,10
T3,2,1,88,2
T4,3,0,84,2
T5,4,1,200,3
T6,5,1,175,13
T7,6,1,176,3
T8,7,0,25,1
T9,8,1,38,2
[124]
T1,0,1,200,19
T2,1,0,132,23
T3,2,1,165,2
T4,3,1,135,3
T5,4,1,110,1
T6,5,1,35,2
T7,6,1,56,2
T8,7,0,165,7
T9,8,0,41,2
[125]
T1,0,1,135,10
T2,1,0,144,9
T3,2,0,135,14
T4,3,0,112,5
T5,4,1,176,1
T6,5,0,36,1
T7,6,0,200,8
T8,7,1,53,2
T9,8,1,165,1
[126]
T1,0,1,90,3
T2,1,1,200,4
T3,2,1,132,1
T4,3,0,72,9
T5,4,0,160,4
T6,5,0,24,2
T7,6,1,50,3
T8,7,0,154,5
T9,8,0,77,3
[127]
T1,0,1,84,7
T2,1,1,88,10
T3,2,1,200,5
T4,3,0,132,5
T5,4,0,150,1
T6,5,1,63,1
T7,6,0,168,1
T8,7,0,30,1
T9,8,0,24,2
[128]
T1,0,0,51,3
T2,1,1,150,8
T3,2,1,200,1
T4,3,1,81,1
T5,4,1,152,2
T6,5,1,72,7
T7,6,0,114,2
T8,7,1,114,7
T9,8,0,36,1
[129]
T1,0,0,156,5
T2,1,0,36,2
T3,2,0,91,2
T4,3,1,45,2
T5,4,1,104,5
T6,5,0,104,6
T7,6,1,200,2
T8,7,1,180,1
T9,8,1,90,12
[130]
T1,0,1,200,15
T2,1,0,77,2
T3,2,0,49,1
T4,3,1,24,2
T5,4,0,88,3
T6,5,0,98,11
T7,6,1,168,4
T8,7,1,66,2
T9,8,0,165,9
[131]
T1,0,0,200,6
T2,1,1,39,1
T3,2,0,80,2
T4,3,0,170,24
T5,4,0,148,2
T6,5,1,120,2
T7,6,0,75,5
T8,7,1,68,4
T9,8,1,30,2
[132]
T1,0,0,150,2
T2,1,0,136,10
T3,2,0,54,2
T4,3,0,27,1
T5,4,0,150,31
T6,5,0,125,2
T7,6,1,144,2
T8,7,1,42,2
T9,8,1,200,4
[133]
T1,0,1,144,18
T2,1,1,24,2
T3,2,1,56,3
T4,3,1,160,2
T5,4,0,200,4
T6,5,1,171,3
T7,6,1,57,2
T8,7,1,57,1
T9,8,1,20,2
[134]
T1,0,0,112,9
T2,1,1,96,2
T3,2,1,176,1
T4,3,1,35,4
T5,4,0,200,4
T6,5,0,168,4
T7,6,0,132,2
T8,7,1,120,3
T9,8,1,24,1
[135]
T1,0,1,50,2
T2,1,0,120,2
T3,2,1,24,2
T4,3,1,156,1
T5,4,1,200,6
T6,5,0,70,2
T7,6,0,195,7
T8,7,0,108,19
T9,8,0,91,2
[136]
T1,0,1,200,2
T2,1,0,37,2
T3,2,1,85,2
T4,3,0,68,1
T5,4,1,58,7
T6,5,0,60,5
T7,6,0,150,2
T8,7,1,30,1
T9,8,1,174,12
[137]
T1,0,1,175,2
T2,1,0,200,2
T3,2,0,99,4
T4,3,0,108,3
T5,4,0,132,14
T6,5,0,132,2
T7,6,0,30,2
T8,7,0,24,4
T9,8,1,176,1
[138]
T1,0,0,117,13
T2,1,1,35,2
T3,2,1,90,1
T4,3,0,162,4
T5,4,0,160,10
T6,5,0,26,2
T7,6,1,65,2
T8,7,1,120,16
T9,8,0,200,2
[139]
T1,0,0,200,2
T2,1,1,24,2
T3,2,0,168,9
T4,3,1,80,5
T5,4,1,66,1
T6,5,0,88,7
T7,6,0,84,4
T8,7,1,165,7
T9,8,0,36,2
[140]
T1,0,0,79,3
T2,1,0,158,1
T3,2,1,52,2
T4,3,0,75,3
T5,4,1,200,4
T6,5,0,158,3
T7,6,0,36,8
T8,7,0,84,2
T9,8,1,90,2
[141]
T1,0,0,75,1
T2,1,0,50,2
T3,2,1,186,2
T4,3,1,150,4
T5,4,0,129,1
T6,5,1,60,2
T7,6,1,100,14
T8,7,0,200,1
T9,8,1,37,4
[142]
T1,0,0,144,6
T2,1,1,26,1
T3,2,0,182,3
T4,3,1,70,1
T5,4,0,200,24
T6,5,1,104,10
T7,6,0,35,2
T8,7,1,60,2
T9,8,0,175,6
[143]
T1,0,1,96,3
T2,1,1,21,2
T3,2,0,20,2
T4,3,0,192,6
T5,4,0,100,1
T6,5,0,200,3
T7,6,1,56,2
T8,7,0,140,7
T9,8,0,150,23
[144]
T1,0,1,47,2
T2,1,1,100,7
T3,2,0,144,4
T4,3,0,35,3
T5,4,1,200,1
T6,5,1,90,5
T7,6,0,180,6
T8,7,1,72,4
T9,8,0,189,3
[145]
T1,0,1,110,7
T2,1,1,57,2
T3,2,0,190,5
T4,3,1,171,14
T5,4,1,100,3
T6,5,1,66,3
T7,6,1,30,2
T8,7,1,200,15
T9,8,0,22,2
[146]
T1,0,1,80,2
T2,1,1,63,3
T3,2,0,112,4
T4,3,0,25,2
T5,4,1,150,4
T6,5,0,36,2
T7,6,1,124,9
T8,7,1,168,14
T9,8,1,200,13
[147]
T1,0,0,45,2
T2,1,1,80,2
T3,2,1,60,1
T4,3,1,148,11
T5,4,1,66,1
T6,5,1,37,1
T7,6,1,150,15
T8,7,1,200,13
T9,8,0,66,2
[148]
T1,0,0,156,7
T2,1,1,200,1
T3,2,0,84,1
T4,3,1,168,4
T5,4,1,85,2
T6,5,0,50,2
T7,6,0,85,4
T8,7,1,85,12
T9,8,0,51,3
[149]
T1,0,1,180,3
T2,1,1,42,1
T3,2,1,120,1
T4,3,1,30,2
T5,4,1,54,9
T6,5,1,198,2
T7,6,1,200,3
T8,7,0,56,1
T9,8,0,120,3
[150]
T1,0,1,80,11
T2,1,1,132,5
T3,2,1,49,2
T4,3,1,44,3
T5,4,0,90,1
T6,5,0,200,1
T7,6,1,176,2
T8,7,0,102,4
T9,8,0,165,7
[151]
T1,0,1,136,2
T2,1,0,196,2
T3,2,0,120,6
T4,3,0,200,8
T5,4,1,168,1
T6,5,0,70,6
T7,6,0,136,8
T8,7,1,39,1
T9,8,0,21,2
[152]
T1,0,1,43,2
T2,1,0,56,3
T3,2,0,200,4
T4,3,0,144,3
T5,4,0,189,1
T6,5,1,154,2
T7,6,1,80,1
T8,7,0,28,2
T9,8,1,63,9
[153]
T1,0,1,154,7
T2,1,0,77,2
T3,2,0,165,8
T4,3,1,200,7
T5,4,1,42,4
T6,5,0,30,2
T7,6,0,105,2
T8,7,0,133,5
T9,8,1,114,3
[154]
T1,0,1,57,2
T2,1,1,96,7
T3,2,1,200,5
T4,3,1,72,1
T5,4,1,31,2
T6,5,0,190,21
T7,6,0,180,7
T8,7,0,45,1
T9,8,0,128,6
[155]
T1,0,0,45,2
T2,1,0,190,2
T3,2,1,200,13
T4,3,1,96,4
T5,4,1,70,2
T6,5,0,112,7
T7,6,0,53,3
T8,7,1,168,7
T9,8,1,76,6
[156]
T1,0,0,105,4
T2,1,0,28,2
T3,2,1,104,7
T4,3,1,165,1
T5,4,0,200,3
T6,5,0,120,2
T7,6,0,26,2
T8,7,0,175,22
T9,8,1,66,1
[157]
T1,0,0,25,2
T2,1,1,84,4
T3,2,0,200,26
T4,3,1,105,2
T5,4,0,25,2
T6,5,1,80,2
T7,6,0,171,3
T8,7,1,180,21
T9,8,1,96,1
[158]
T1,0,0,168,1
T2,1,0,130,2
T3,2,1,200,15
T4,3,0,168,13
T5,4,0,84,7
T6,5,0,84,2
T7,6,1,105,2
T8,7,1,35,3
T9,8,0,25,2
[159]
T1,0,0,30,2
T2,1,0,195,2
T3,2,0,75,7
T4,3,0,200,33
T5,4,0,65,4
T6,5,1,65,2
T7,6,0,40,2
T8,7,1,174,5
T9,8,0,78,2
[160]
T1,0,0,189,11
T2,1,1,175,13
T3,2,1,99,2
T4,3,1,36,4
T5,4,0,135,2
T6,5,1,132,8
T7,6,1,200,12
T8,7,1,35,2
T9,8,0,112,1
[161]
T1,0,1,120,6
T2,1,1,102,12
T3,2,0,150,1
T4,3,1,76,3
T5,4,1,200,6
T6,5,0,43,2
T7,6,1,51,2
T8,7,1,160,15
T9,8,1,60,1
[162]
T1,0,0,56,2
T2,1,1,150,1
T3,2,0,144,10
T4,3,1,200,16
T5,4,1,132,5
T6,5,0,44,1
T7,6,1,38,1
T8,7,0,70,2
T9,8,1,175,11
[163]
T1,0,0,35,2
T2,1,1,105,8
T3,2,1,60,5
T4,3,1,200,12
T5,4,0,43,2
T6,5,0,140,4
T7,6,0,54,1
T8,7,1,175,2
T9,8,1,168,2
[164]
T1,0,0,88,3
T2,1,0,189,7
T3,2,0,80,1
T4,3,0,200,29
T5,4,0,84,2
T6,5,1,39,2
T7,6,1,165,6
T8,7,1,99,2
T9,8,1,42,1
[165]
T1,0,0,68,5
T2,1,1,44,2
T3,2,0,119,2
T4,3,1,48,2
T5,4,1,200,4
T6,5,1,119,17
T7,6,0,153,2
T8,7,0,180,18
T9,8,1,60,2
[166]
T1,0,0,165,4
T2,1,1,189,19
T3,2,0,108,2
T4,3,1,100,2
T5,4,0,48,3
T6,5,0,33,2
T7,6,1,108,3
T8,7,1,126,1
T9,8,0,200,20
[167]
T1,0,0,120,6
T2,1,0,99,3
T3,2,0,175,14
T4,3,0,196,3
T5,4,0,43,2
T6,5,0,36,2
T7,6,1,75,4
T8,7,0,200,14
T9,8,0,147,1
[168]
T1,0,1,183,7
T2,1,1,122,6
T3,2,1,200,12
T4,3,0,150,2
T5,4,0,45,3
T6,5,0,100,1
T7,6,1,63,2
T8,7,1,52,2
T9,8,1,100,9
[169]
T1,0,1,70,1
T2,1,1,26,2
T3,2,0,200,18
T4,3,1,110,2
T5,4,1,35,4
T6,5,1,156,7
T7,6,0,120,1
T8,7,0,110,4
T9,8,0,154,4
[170]
T1,0,1,52,4
T2,1,1,78,5
T3,2,1,195,9
T4,3,1,29,2
T5,4,1,200,14
T6,5,1,65,1
T7,6,0,132,3
T8,7,1,192,6
T9,8,1,80,3
[171]
T1,0,0,60,1
T2,1,0,96,2
T3,2,0,77,3
T4,3,0,20,2
T5,4,0,165,1
T6,5,1,105,7
T7,6,1,160,17
T8,7,0,49,3
T9,8,1,200,2
[172]
T1,0,0,200,5
T2,1,1,81,7
T3,2,0,160,6
T4,3,1,26,2
T5,4,0,130,2
T6,5,0,162,4
T7,6,1,60,2
T8,7,0,72,4
T9,8,1,44,3
[173]
T1,0,1,135,8
T2,1,0,84,2
T3,2,1,176,3
T4,3,0,126,9
T5,4,0,100,2
T6,5,1,200,24
T7,6,0,28,2
T8,7,0,25,2
T9,8,0,176,10
[174]
T1,0,1,88,5
T2,1,0,80,2
T3,2,1,200,10
T4,3,1,34,1
T5,4,1,160,6
T6,5,1,110,2
T7,6,1,63,4
T8,7,1,198,27
T9,8,0,21,2
[175]
T1,0,0,31,2
T2,1,1,84,9
T3,2,0,84,1
T4,3,0,70,1
T5,4,0,189,24
T6,5,0,72,2
T7,6,0,180,5
T8,7,1,200,6
T9,8,0,40,2
[176]
T1,0,1,72,4
T2,1,0,155,17
T3,2,1,135,2
T4,3,1,49,1
T5,4,0,36,2
T6,5,1,62,1
T7,6,0,160,8
T8,7,1,200,10
T9,8,1,144,4
[177]
T1,0,0,200,4
T2,1,0,120,8
T3,2,1,33,2
T4,3,0,195,11
T5,4,1,165,3
T6,5,1,60,1
T7,6,1,84,1
T8,7,1,24,2
T9,8,0,70,7
[178]
T1,0,0,180,13
T2,1,1,20,2
T3,2,0,29,2
T4,3,0,144,2
T5,4,0,96,7
T6,5,1,182,2
T7,6,0,130,2
T8,7,0,200,8
T9,8,0,91,1
[179]
T1,0,1,200,3
T2,1,1,95,2
T3,2,1,47,3
T4,3,1,152,20
T5,4,0,55,2
T6,5,0,48,2
T7,6,1,60,3
T8,7,0,75,3
T9,8,0,150,4
[180]
T1,0,0,140,13
T2,1,1,100,3
T3,2,0,119,4
T4,3,0,150,2
T5,4,1,140,6
T6,5,0,153,1
T7,6,0,30,2
T8,7,1,200,6
T9,8,1,29,1
[181]
T1,0,1,200,8
T2,1,0,25,1
T3,2,1,99,1
T4,3,1,144,18
T5,4,0,55,2
T6,5,0,154,2
T7,6,1,176,13
T8,7,0,23,2
T9,8,0,108,3
[182]
T1,0,1,45,2
T2,1,0,80,3
T3,2,0,54,7
T4,3,1,63,6
T5,4,0,44,2
T6,5,1,200,3
T7,6,0,132,2
T8,7,0,189,1
T9,8,0,176,1
[183]
T1,0,1,86,1
T2,1,1,150,6
T3,2,0,90,6
T4,3,1,200,4
T5,4,0,120,3
T6,5,1,165,24
T7,6,1,44,1
T8,7,0,40,2
T9,8,0,100,2
[184]
T1,0,0,88,7
T2,1,1,152,1
T3,2,0,133,1
T4,3,1,140,3
T5,4,0,25,2
T6,5,0,33,2
T7,6,1,150,3
T8,7,1,200,1
T9,8,0,55,6
[185]
T1,0,1,84,2
T2,1,1,192,2
T3,2,0,150,3
T4,3,0,57,7
T5,4,1,21,2
T6,5,0,32,2
T7,6,1,133,2
T8,7,1,57,7
T9,8,0,200,5
[186]
T1,0,1,108,4
T2,1,1,189,1
T3,2,1,200,18
T4,3,1,39,2
T5,4,0,168,11
T6,5,1,105,1
T7,6,0,75,1
T8,7,0,54,3
T9,8,1,99,2
[187]
T1,0,1,60,2
T2,1,1,68,7
T3,2,1,132,4
T4,3,1,39,2
T5,4,1,20,2
T6,5,1,200,17
T7,6,1,198,1
T8,7,1,198,2
T9,8,0,102,10
[188]
T1,0,1,171,7
T2,1,1,57,1
T3,2,1,200,6
T4,3,0,180,2
T5,4,1,114,1
T6,5,0,95,12
T7,6,1,47,2
T8,7,1,84,2
T9,8,0,21,2
[189]
T1,0,0,200,35
T2,1,1,150,3
T3,2,1,60,2
T4,3,0,48,3
T5,4,1,130,1
T6,5,0,96,7
T7,6,1,34,2
T8,7,1,91,1
T9,8,1,195,2
[190]
T1,0,1,36,3
T2,1,0,104,2
T3,2,1,76,4
T4,3,0,195,9
T5,4,1,65,1
T6,5,1,152,1
T7,6,1,200,1
T8,7,0,26,2
T9,8,0,76,8
[191]
T1,0,0,174,11
T2,1,0,145,2
T3,2,0,24,1
T4,3,1,200,2
T5,4,0,80,7
T6,5,1,135,2
T7,6,0,40,3
T8,7,0,162,2
T9,8,0,80,3
[192]
T1,0,1,32,1
T2,1,1,150,5
T3,2,1,93,1
T4,3,1,88,2
T5,4,1,132,13
T6,5,1,93,2
T7,6,1,186,18
T8,7,0,200,5
T9,8,1,40,1
[193]
T1,0,0,154,7
T2,1,0,200,3
T3,2,0,165,13
T4,3,0,25,1
T5,4,1,42,1
T6,5,1,120,3
T7,6,0,100,2
T8,7,1,64,3
T9,8,1,75,6
[194]
T1,0,1,132,9
T2,1,0,99,2
T3,2,0,192,16
T4,3,0,50,4
T5,4,0,90,1
T6,5,1,132,4
T7,6,0,180,8
T8,7,0,200,1
T9,8,1,30,2
[195]
T1,0,1,46,2
T2,1,0,92,3
T3,2,1,33,1
T4,3,1,133,2
T5,4,0,161,14
T6,5,0,70,2
T7,6,1,200,6
T8,7,1,133,18
T9,8,1,190,2
[196]
T1,0,0,39,2
T2,1,0,150,2
T3,2,0,105,1
T4,3,0,56,2
T5,4,1,150,11
T6,5,0,132,2
T7,6,0,35,2
T8,7,0,200,8
T9,8,1,95,17
[197]
T1,0,1,94,8
T2,1,0,99,2
T3,2,1,200,2
T4,3,1,180,4
T5,4,0,132,3
T6,5,0,44,2
T7,6,1,43,2
T8,7,1,110,12
T9,8,1,150,10
[198]
T1,0,1,75,1
T2,1,1,25,1
T3,2,0,132,7
T4,3,0,154,1
T5,4,1,21,1
T6,5,0,110,2
T7,6,0,76,7
T8,7,1,200,16
T9,8,1,175,2
[199]
T1,0,1,154,2
T2,1,0,90,3
T3,2,0,132,2
T4,3,0,98,7
T5,4,0,32,1
T6,5,0,196,6
T7,6,0,200,1
T8,7,0,21,2
T9,8,1,132,7
[200]
T1,0,0,200,6
T2,1,0,100,5
T3,2,1,184,2
T4,3,1,75,3
T5,4,0,29,2
T6,5,1,60,2
T7,6,1,148,9
T8,7,1,25,1
T9,8,0,74,10
[201]
T1,0,1,160,1
T2,1,0,32,1
T3,2,1,154,2
T4,3,1,200,6
T5,4,1,110,4
T6,5,0,72,1
T7,6,1,40,5
T8,7,0,56,2
T9,8,0,126,10
[202]
T1,0,1,50,1
T2,1,0,175,2
T3,2,0,124,16
T4,3,0,84,2
T5,4,0,35,1
T6,5,1,155,2
T7,6,0,72,6
T8,7,0,144,5
T9,8,0,200,4
[203]
T1,0,0,64,6
T2,1,1,75,1
T3,2,1,192,2
T4,3,0,143,6
T5,4,0,43,1
T6,5,1,200,9
T7,6,0,30,2
T8,7,1,143,8
T9,8,1,192,15
[204]
T1,0,1,138,2
T2,1,1,105,8
T3,2,1,138,8
T4,3,1,180,2
T5,4,0,105,1
T6,5,1,200,18
T7,6,0,180,6
T8,7,1,46,3
T9,8,0,36,1
[205]
T1,0,1,140,2
T2,1,1,48,4
T3,2,0,175,3
T4,3,1,128,7
T5,4,0,200,2
T6,5,0,28,2
T7,6,0,64,1
T8,7,1,170,11
T9,8,0,70,7
[206]
T1,0,0,148,2
T2,1,1,90,3
T3,2,1,35,3
T4,3,0,200,6
T5,4,0,70,8
T6,5,1,144,2
T7,6,0,148,7
T8,7,0,140,2
T9,8,1,29,2
[207]
T1,0,1,70,2
T2,1,0,110,8
T3,2,1,70,2
T4,3,1,189,5
T5,4,1,42,2
T6,5,1,30,2
T7,6,1,72,3
T8,7,1,200,19
T9,8,0,180,15
[208]
T1,0,0,50,1
T2,1,0,120,9
T3,2,0,148,7
T4,3,1,132,12
T5,4,1,47,2
T6,5,1,160,5
T7,6,1,200,9
T8,7,1,111,5
T9,8,0,74,1
[209]
T1,0,1,138,9
T2,1,0,27,1
T3,2,1,110,4
T4,3,0,100,5
T5,4,1,165,9
T6,5,1,115,5
T7,6,0,160,7
T8,7,1,24,2
T9,8,0,200,5
[210]
T1,0,1,44,2
T2,1,1,200,2
T3,2,0,77,2
T4,3,0,110,1
T5,4,1,47,3
T6,5,1,165,15
T7,6,0,150,2
T8,7,1,108,5
T9,8,1,132,12
[211]
T1,0,1,75,2
T2,1,0,90,1
T3,2,1,172,4
T4,3,0,66,1
T5,4,0,43,2
T6,5,1,150,8
T7,6,1,200,3
T8,7,0,129,15
T9,8,0,43,4
[212]
T1,0,0,176,1
T2,1,1,56,2
T3,2,0,43,2
T4,3,0,140,3
T5,4,1,200,1
T6,5,0,24,2
T7,6,0,110,1
T8,7,0,165,19
T9,8,0,105,20
[213]
T1,0,1,56,1
T2,1,1,195,2
T3,2,1,117,2
T4,3,0,104,8
T5,4,1,42,2
T6,5,1,108,10
T7,6,0,25,1
T8,7,0,200,6
T9,8,1,180,8
[214]
T1,0,1,144,2
T2,1,0,105,4
T3,2,0,36,1
T4,3,1,49,3
T5,4,0,196,25
T6,5,1,147,1
T7,6,0,147,12
T8,7,0,84,1
T9,8,0,200,2
[215]
T1,0,0,38,1
T2,1,0,150,8
T3,2,0,85,2
T4,3,0,52,2
T5,4,1,84,2
T6,5,1,168,10
T7,6,0,130,2
T8,7,1,200,31
T9,8,0,78,2
[216]
T1,0,1,200,15
T2,1,1,153,2
T3,2,0,120,3
T4,3,0,108,8
T5,4,0,175,7
T6,5,0,50,2
T7,6,1,68,4
T8,7,1,23,1
T9,8,0,68,1
[217]
T1,0,0,77,1
T2,1,1,46,2
T3,2,0,165,24
T4,3,1,33,2
T5,4,1,154,17
T6,5,0,55,2
T7,6,0,78,2
T8,7,0,77,1
T9,8,0,200,2
[218]
T1,0,1,195,5
T2,1,1,60,2
T3,2,0,23,2
T4,3,1,88,2
T5,4,0,33,2
T6,5,1,65,6
T7,6,0,154,2
T8,7,0,65,2
T9,8,1,200,19
[219]
T1,0,0,112,4
T2,1,0,195,6
T3,2,1,104,5
T4,3,1,200,8
T5,4,0,104,2
T6,5,1,32,1
T7,6,0,120,10
T8,7,0,150,4
T9,8,0,39,2
[220]
T1,0,1,108,1
T2,1,1,180,4
T3,2,1,30,2
T4,3,0,80,3
T5,4,0,54,1
T6,5,1,136,16
T7,6,1,200,2
T8,7,0,39,1
T9,8,0,150,16
[221]
T1,0,0,27,1
T2,1,1,200,13
T3,2,1,69,2
T4,3,0,92,6
T5,4,0,108,1
T6,5,0,46,2
T7,6,1,161,2
T8,7,0,84,6
T9,8,0,180,8
[222]
T1,0,0,28,1
T2,1,0,33,1
T3,2,0,189,2
T4,3,0,140,6
T5,4,0,200,2
T6,5,0,165,17
T7,6,0,90,1
T8,7,1,84,4
T9,8,1,54,2
[223]
T1,0,0,66,2
T2,1,0,176,1
T3,2,1,170,12
T4,3,0,60,2
T5,4,1,25,2
T6,5,0,200,34
T7,6,1,102,3
T8,7,1,46,2
T9,8,0,80,4
[224]
T1,0,1,85,2
T2,1,0,170,4
T3,2,0,102,2
T4,3,1,75,12
T5,4,1,200,1
T6,5,1,42,2
T7,6,1,70,6
T8,7,1,153,4
T9,8,1,30,1
[225]
T1,0,0,90,14
T2,1,0,48,1
T3,2,1,114,3
T4,3,0,72,2
T5,4,0,190,1
T6,5,1,160,4
T7,6,1,56,2
T8,7,0,200,3
T9,8,0,25,1
[226]
T1,0,0,100,2
T2,1,0,64,2
T3,2,0,192,6
T4,3,0,170,22
T5,4,1,31,2
T6,5,0,70,3
T7,6,0,200,5
T8,7,0,84,6
T9,8,1,20,2
[227]
T1,0,1,45,3
T2,1,0,200,19
T3,2,0,21,2
T4,3,1,165,2
T5,4,1,150,8
T6,5,0,105,7
T7,6,0,77,2
T8,7,1,75,2
T9,8,0,99,5
[228]
T1,0,0,200,2
T2,1,1,24,2
T3,2,0,126,8
T4,3,1,154,1
T5,4,1,147,5
T6,5,1,120,1
T7,6,0,165,9
T8,7,1,51,2
T9,8,1,75,11
[229]
T1,0,1,27,2
T2,1,0,57,2
T3,2,1,50,2
T4,3,0,60,6
T5,4,1,200,1
T6,5,0,60,1
T7,6,1,190,35
T8,7,0,140,3
T9,8,0,190,4
[230]
T1,0,0,56,1
T2,1,1,120,13
T3,2,1,50,4
T4,3,0,152,9
T5,4,1,21,2
T6,5,0,75,2
T7,6,1,76,3
T8,7,0,200,5
T9,8,0,175,2
[231]
T1,0,0,60,7
T2,1,1,84,1
T3,2,1,150,3
T4,3,0,75,2
T5,4,1,48,4
T6,5,0,63,3
T7,6,0,200,10
T8,7,1,190,1
T9,8,1,23,2
[232]
T1,0,0,34,2
T2,1,1,200,1
T3,2,0,132,8
T4,3,0,80,1
T5,4,0,50,2
T6,5,0,136,2
T7,6,1,170,6
T8,7,1,144,11
T9,8,0,198,23
[233]
T1,0,1,150,3
T2,1,1,174,5
T3,2,0,88,4
T4,3,1,33,2
T5,4,1,132,6
T6,5,1,100,1
T7,6,0,44,2
T8,7,1,200,31
T9,8,1,145,1
[234]
T1,0,1,21,1
T2,1,1,165,5
T3,2,1,66,3
T4,3,0,168,2
T5,4,1,70,1
T6,5,0,136,11
T7,6,0,119,2
T8,7,0,200,6
T9,8,1,36,2
[235]
T1,0,0,150,1
T2,1,0,112,1
T3,2,0,200,6
T4,3,1,38,2
T5,4,0,120,10
T6,5,1,105,17
T7,6,0,184,4
T8,7,0,63,1
T9,8,0,45,2
[236]
T1,0,1,60,3
T2,1,0,32,2
T3,2,0,200,9
T4,3,1,88,2
T5,4,0,85,5
T6,5,0,150,13
T7,6,1,45,2
T8,7,0,80,2
T9,8,0,170,1
[237]
T1,0,0,195,6
T2,1,0,200,2
T3,2,0,56,2
T4,3,0,27,2
T5,4,0,34,1
T6,5,0,182,20
T7,6,1,144,13
T8,7,0,56,1
T9,8,0,100,4
[238]
T1,0,1,56,4
T2,1,0,96,5
T3,2,1,42,2
T4,3,0,168,3
T5,4,0,200,9
T6,5,1,171,9
T7,6,1,60,1
T8,7,0,27,1
T9,8,1,105,3
[239]
T1,0,1,200,6
T2,1,1,43,2
T3,2,1,96,4
T4,3,0,120,7
T5,4,1,192,3
T6,5,1,75,4
T7,6,1,42,5
T8,7,1,150,3
T9,8,1,64,2
[240]
T1,0,0,60,2
T2,1,1,200,9
T3,2,0,21,1
T4,3,1,160,2
T5,4,1,135,2
T6,5,0,117,15
T7,6,0,162,6
T8,7,0,27,2
T9,8,1,96,3
[241]
T1,0,1,144,7
T2,1,0,50,4
T3,2,1,156,5
T4,3,0,200,25
T5,4,0,175,2
T6,5,1,26,1
T7,6,1,60,2
T8,7,1,140,2
T9,8,1,144,4
[242]
T1,0,0,200,8
T2,1,1,153,8
T3,2,1,53,2
T4,3,0,85,13
T5,4,1,153,4
T6,5,0,72,3
T7,6,0,48,2
T8,7,0,120,2
T9,8,1,65,2
[243]
T1,0,1,30,2
T2,1,1,154,5
T3,2,0,200,23
T4,3,1,42,2
T5,4,0,180,2
T6,5,0,55,2
T7,6,1,56,9
T8,7,0,144,1
T9,8,0,126,1
[244]
T1,0,0,150,2
T2,1,1,136,10
T3,2,1,140,2
T4,3,1,24,2
T5,4,1,140,1
T6,5,0,200,8
T7,6,1,25,2
T8,7,0,64,10
T9,8,1,160,14
[245]
T1,0,0,200,8
T2,1,0,24,1
T3,2,1,56,2
T4,3,0,120,3
T5,4,1,96,2
T6,5,1,59,1
T7,6,0,175,1
T8,7,1,50,4
T9,8,1,175,20
[246]
T1,0,0,35,5
T2,1,1,40,2
T3,2,1,96,3
T4,3,0,65,5
T5,4,0,200,1
T6,5,1,96,2
T7,6,1,174,1
T8,7,0,156,7
T9,8,0,104,2
[247]
T1,0,0,56,5
T2,1,1,175,25
T3,2,0,21,2
T4,3,1,25,2
T5,4,0,200,3
T6,5,0,62,2
T7,6,1,152,12
T8,7,0,100,2
T9,8,1,95,3
[248]
T1,0,0,100,2
T2,1,1,108,2
T3,2,1,36,7
T4,3,0,40,2
T5,4,0,165,8
T6,5,0,88,6
T7,6,0,81,1
T8,7,0,200,2
T9,8,1,176,3
[249]
T1,0,0,200,41
T2,1,0,60,2
T3,2,0,117,1
T4,3,1,87,6
T5,4,1,65,2
T6,5,1,51,1
T7,6,1,36,2
T8,7,1,156,2
T9,8,0,174,1
[250]
T1,0,1,66,2
T2,1,1,49,2
T3,2,1,30,1
T4,3,1,144,1
T5,4,0,180,2
T6,5,0,200,18
T7,6,0,70,1
T8,7,1,126,24
T9,8,1,150,2
[251]
T1,0,0,87,2
T2,1,1,25,2
T3,2,0,150,1
T4,3,0,47,2
T5,4,1,105,1
T6,5,1,200,14
T7,6,0,150,5
T8,7,1,105,3
T9,8,1,64,7
[252]
T1,0,1,200,2
T2,1,0,56,2
T3,2,1,37,1
T4,3,0,111,2
T5,4,0,36,1
T6,5,1,185,8
T7,6,0,126,4
T8,7,0,175,3
T9,8,0,75,12
[253]
T1,0,1,45,2
T2,1,1,100,2
T3,2,0,108,1
T4,3,0,168,4
T5,4,1,44,2
T6,5,1,168,1
T7,6,1,80,3
T8,7,1,200,12
T9,8,0,135,26
[254]
T1,0,1,153,17
T2,1,1,108,2
T3,2,0,200,2
T4,3,0,105,3
T5,4,1,68,7
T6,5,0,34,1
T7,6,0,189,11
T8,7,1,32,2
T9,8,1,136,3
[255]
T1,0,1,55,2
T2,1,0,36,2
T3,2,0,198,2
T4,3,0,96,4
T5,4,1,165,6
T6,5,0,200,28
T7,6,0,96,6
T8,7,0,28,1
T9,8,1,55,1
[256]
T1,0,0,39,2
T2,1,0,154,9
T3,2,1,66,6
T4,3,0,200,11
T5,4,0,27,2
T6,5,0,77,2
T7,6,1,126,7
T8,7,1,189,1
T9,8,1,84,5
[257]
T1,0,0,63,1
T2,1,0,91,7
T3,2,0,75,3
T4,3,0,78,4
T5,4,1,160,1
T6,5,0,28,2
T7,6,0,156,4
T8,7,0,31,1
T9,8,1,200,12
[258]
T1,0,1,189,6
T2,1,0,200,3
T3,2,0,55,2
T4,3,1,144,5
T5,4,1,36,2
T6,5,0,66,6
T7,6,0,175,10
T8,7,0,25,1
T9,8,1,99,4
[259]
T1,0,1,99,4
T2,1,1,175,19
T3,2,0,66,2
T4,3,1,200,15
T5,4,0,189,1
T6,5,1,54,2
T7,6,0,60,2
T8,7,1,88,1
T9,8,0,31,1
[260]
T1,0,0,49,4
T2,1,0,63,2
T3,2,1,108,7
T4,3,0,168,4
T5,4,0,200,14
T6,5,1,99,2
T7,6,1,42,2
T8,7,0,154,10
T9,8,0,66,2
[261]
T1,0,0,63,2
T2,1,1,80,5
T3,2,0,200,4
T4,3,0,21,2
T5,4,1,168,15
T6,5,0,70,2
T7,6,1,165,8
T8,7,0,56,2
T9,8,0,28,1
[262]
T1,0,0,200,15
T2,1,1,55,2
T3,2,1,56,5
T4,3,0,33,1
T5,4,0,180,2
T6,5,0,175,10
T7,6,0,105,2
T8,7,1,110,1
T9,8,1,48,4
[263]
T1,0,0,96,7
T2,1,0,50,4
T3,2,0,72,8
T4,3,0,93,1
T5,4,0,150,2
T6,5,0,72,4
T7,6,0,200,2
T8,7,1,155,2
T9,8,0,50,2
[264]
T1,0,1,125,11
T2,1,1,189,7
T3,2,0,120,1
T4,3,0,28,2
T5,4,1,45,3
T6,5,1,108,11
T7,6,0,189,2
T8,7,0,200,1
T9,8,0,112,2
[265]
T1,0,0,200,20
T2,1,1,63,2
T3,2,0,168,3
T4,3,0,144,11
T5,4,1,22,2
T6,5,1,176,1
T7,6,0,55,2
T8,7,0,63,4
T9,8,1,53,4
[266]
T1,0,0,47,2
T2,1,1,192,8
T3,2,0,28,1
T4,3,1,110,2
T5,4,1,140,8
T6,5,0,80,8
T7,6,1,200,6
T8,7,0,154,9
T9,8,0,140,3
[267]
T1,0,0,150,2
T2,1,1,200,2
T3,2,0,72,6
T4,3,0,154,1
T5,4,1,63,2
T6,5,0,135,1
T7,6,0,29,4
T8,7,0,50,1
T9,8,0,84,5
[268]
T1,0,1,35,2
T2,1,0,135,1
T3,2,1,140,14
T4,3,0,96,7
T5,4,0,51,1
T6,5,1,189,5
T7,6,1,189,22
T8,7,0,63,2
T9,8,1,200,3
[269]
T1,0,1,105,2
T2,1,1,54,2
T3,2,1,200,1
T4,3,0,25,4
T5,4,1,192,9
T6,5,1,39,1
T7,6,0,126,6
T8,7,1,126,1
T9,8,0,162,6
[270]
T1,0,0,168,5
T2,1,1,144,6
T3,2,0,70,11
T4,3,0,200,6
T5,4,1,112,1
T6,5,1,182,10
T7,6,1,100,1
T8,7,0,42,2
T9,8,0,21,2
[271]
T1,0,0,150,6
T2,1,0,88,6
T3,2,0,120,3
T4,3,0,53,3
T5,4,0,200,2
T6,5,0,99,2
T7,6,0,120,2
T8,7,0,44,1
T9,8,1,170,16
[272]
T1,0,1,135,10
T2,1,1,64,2
T3,2,0,160,1
T4,3,1,25,2
T5,4,1,84,4
T6,5,0,108,10
T7,6,0,30,2
T8,7,0,200,23
T9,8,0,192,4
[273]
T1,0,1,200,19
T2,1,0,75,2
T3,2,1,189,7
T4,3,1,126,3
T5,4,1,168,6
T6,5,0,35,2
T7,6,1,100,3
T8,7,1,44,5
T9,8,0,70,2
[274]
T1,0,0,80,7
T2,1,0,115,3
T3,2,1,60,2
T4,3,1,180,3
T5,4,0,161,20
T6,5,1,26,2
T7,6,0,140,2
T8,7,1,24,2
T9,8,1,200,17
[275]
T1,0,1,91,5
T2,1,1,55,3
T3,2,1,35,2
T4,3,1,200,15
T5,4,0,100,4
T6,5,1,75,2
T7,6,1,195,1
T8,7,1,182,14
T9,8,1,22,2
[276]
T1,0,0,34,2
T2,1,0,144,13
T3,2,0,200,2
T4,3,1,50,2
T5,4,1,160,14
T6,5,1,164,2
T7,6,1,120,1
T8,7,1,123,2
T9,8,1,123,7
[277]
T1,0,1,53,2
T2,1,0,143,6
T3,2,1,120,2
T4,3,1,99,4
T5,4,1,200,1
T6,5,1,198,12
T7,6,0,52,3
T8,7,1,165,5
T9,8,1,90,10
[278]
T1,0,0,91,12
T2,1,0,28,2
T3,2,1,195,2
T4,3,0,23,1
T5,4,1,64,2
T6,5,0,84,1
T7,6,1,200,20
T8,7,1,150,2
T9,8,0,130,2
[279]
T1,0,1,120,6
T2,1,0,20,1
T3,2,0,136,5
T4,3,0,44,2
T5,4,1,187,6
T6,5,0,187,2
T7,6,1,144,11
T8,7,1,200,1
T9,8,0,100,3
[280]
T1,0,0,200,3
T2,1,1,80,1
T3,2,0,176,4
T4,3,0,110,6
T5,4,0,48,2
T6,5,1,175,14
T7,6,0,90,5
T8,7,1,21,2
T9,8,1,96,9
[281]
T1,0,0,200,2
T2,1,1,192,14
T3,2,0,25,2
T4,3,1,28,1
T5,4,0,100,2
T6,5,0,132,4
T7,6,1,160,7
T8,7,0,140,7
T9,8,1,77,8
[282]
T1,0,1,43,1
T2,1,1,52,2
T3,2,1,126,2
T4,3,1,104,10
T5,4,0,200,1
T6,5,0,156,13
T7,6,0,144,2
T8,7,1,70,1
T9,8,0,189,18
[283]
T1,0,0,64,7
T2,1,0,27,1
T3,2,1,45,1
T4,3,1,63,1
T5,4,1,81,3
T6,5,0,140,2
T7,6,0,192,7
T8,7,0,160,4
T9,8,1,200,5
[284]
T1,0,1,135,6
T2,1,0,108,1
T3,2,1,189,7
T4,3,1,90,6
T5,4,0,200,3
T6,5,0,50,2
T7,6,0,63,5
T8,7,1,162,8
T9,8,0,20,1
[285]
T1,0,0,80,2
T2,1,0,200,1
T3,2,1,46,2
T4,3,1,24,3
T5,4,1,110,2
T6,5,1,96,3
T7,6,1,72,2
T8,7,0,175,4
T9,8,0,198,29
[286]
T1,0,1,66,2
T2,1,0,32,1
T3,2,0,143,8
T4,3,0,176,5
T5,4,1,165,5
T6,5,1,200,6
T7,6,0,49,6
T8,7,0,78,3
T9,8,0,132,1
[287]
T1,0,0,39,2
T2,1,0,35,1
T3,2,1,72,3
T4,3,1,200,9
T5,4,0,152,2
T6,5,0,105,2
T7,6,1,160,10
T8,7,0,126,9
T9,8,0,57,6
[288]
T1,0,0,150,7
T2,1,0,48,2
T3,2,1,52,6
T4,3,0,87,2
T5,4,1,144,2
T6,5,1,200,26
T7,6,1,90,1
T8,7,1,60,3
T9,8,1,150,1
[289]
T1,0,0,90,12
T2,1,0,200,10
T3,2,1,186,18
T4,3,1,117,1
T5,4,0,100,1
T6,5,1,62,2
T7,6,0,27,2
T8,7,1,31,1
T9,8,0,195,2
[290]
T1,0,1,88,8
T2,1,1,180,9
T3,2,0,36,2
T4,3,0,80,1
T5,4,0,49,2
T6,5,0,84,11
T7,6,1,200,11
T8,7,0,154,4
T9,8,0,112,2
[291]
T1,0,0,180,12
T2,1,0,184,8
T3,2,0,23,2
T4,3,0,84,1
T5,4,1,92,8
T6,5,1,60,1
T7,6,0,200,17
T8,7,1,25,2
T9,8,0,100,3
[292]
T1,0,0,77,1
T2,1,0,70,6
T3,2,1,60,2
T4,3,0,48,4
T5,4,0,168,5
T6,5,1,200,5
T7,6,0,40,2
T8,7,0,80,1
T9,8,0,168,12
[293]
T1,0,1,92,6
T2,1,0,138,11
T3,2,0,35,1
T4,3,1,35,2
T5,4,0,105,2
T6,5,1,180,6
T7,6,0,200,15
T8,7,1,100,5
T9,8,1,189,2
[294]
T1,0,1,105,2
T2,1,1,36,1
T3,2,0,49,4
T4,3,0,200,3
T5,4,0,162,17
T6,5,1,64,2
T7,6,0,70,2
T8,7,0,162,14
T9,8,1,75,1
[295]
T1,0,1,186,8
T2,1,0,175,2
T3,2,1,126,1
T4,3,0,112,16
T5,4,0,60,4
T6,5,0,43,2
T7,6,0,126,1
T8,7,0,24,2
T9,8,0,200,9
[296]
T1,0,0,200,12
T2,1,1,56,1
T3,2,0,56,2
T4,3,0,114,10
T5,4,0,24,1
T6,5,1,32,2
T7,6,0,160,12
T8,7,0,190,4
T9,8,0,72,2
[297]
T1,0,0,180,2
T2,1,0,50,2
T3,2,1,175,18
T4,3,0,31,2
T5,4,0,100,3
T6,5,0,200,3
T7,6,1,85,2
T8,7,1,119,17
T9,8,0,108,1
[298]
T1,0,0,66,11
T2,1,0,147,8
T3,2,0,168,3
T4,3,1,25,2
T5,4,0,150,2
T6,5,1,120,4
T7,6,1,200,12
T8,7,1,49,1
T9,8,0,56,2
[299]
T1,0,1,40,2
T2,1,1,168,7
T3,2,1,100,8
T4,3,0,84,4
T5,4,0,200,2
T6,5,0,60,1
T7,6,0,76,1
T8,7,1,152,2
T9,8,0,20,2
[300]
T1,0,0,50,2
T2,1,0,180,9
T3,2,0,74,8
T4,3,0,104,8
T5,4,1,75,2
T6,5,0,50,2
T7,6,1,180,5
T8,7,0,60,2
T9,8,1,200,20
[301]
T1,0,0,132,1
T2,1,1,30,1
T3,2,1,165,1
T4,3,0,66,1
T5,4,0,24,2
T6,5,0,129,11
T7,6,1,198,2
T8,7,1,200,23
T9,8,0,72,4
[302]
T1,0,0,70,1
T2,1,0,200,1
T3,2,1,189,1
T4,3,0,112,2
T5,4,1,24,2
T6,5,1,175,1
T7,6,0,33,1
T8,7,1,54,11
T9,8,0,72,4
[303]
T1,0,0,40,1
T2,1,0,195,3
T3,2,1,130,5
T4,3,1,91,12
T5,4,1,27,2
T6,5,0,200,3
T7,6,0,117,1
T8,7,1,180,23
T9,8,0,117,1
[304]
T1,0,0,200,13
T2,1,0,160,7
T3,2,0,26,2
T4,3,0,52,1
T5,4,0,156,14
T6,5,1,75,4
T7,6,1,80,1
T8,7,0,60,3
T9,8,1,91,2
[305]
T1,0,1,84,2
T2,1,1,20,2
T3,2,1,175,11
T4,3,1,49,4
T5,4,1,165,2
T6,5,0,96,4
T7,6,1,56,1
T8,7,1,200,6
T9,8,1,100,10
[306]
T1,0,0,180,9
T2,1,1,77,1
T3,2,1,36,2
T4,3,0,200,6
T5,4,1,175,10
T6,5,1,75,4
T7,6,1,132,14
T8,7,0,120,1
T9,8,1,35,1
[307]
T1,0,0,40,2
T2,1,0,192,1
T3,2,1,200,2
T4,3,1,96,8
T5,4,1,100,2
T6,5,0,75,10
T7,6,1,150,2
T8,7,1,53,3
T9,8,0,124,6
[308]
T1,0,1,35,2
T2,1,0,120,3
T3,2,1,198,1
T4,3,1,160,6
T5,4,0,200,2
T6,5,1,128,1
T7,6,1,99,13
T8,7,1,120,2
T9,8,1,27,2
[309]
T1,0,1,200,3
T2,1,0,33,4
T3,2,0,90,2
T4,3,1,72,2
T5,4,0,184,14
T6,5,0,55,2
T7,6,0,46,1
T8,7,1,150,6
T9,8,1,69,2
[310]
T1,0,1,140,11
T2,1,0,20,2
T3,2,0,150,7
T4,3,1,110,4
T5,4,1,25,2
T6,5,1,200,16
T7,6,0,110,2
T8,7,1,198,6
T9,8,0,105,4
[311]
T1,0,1,56,5
T2,1,0,175,5
T3,2,0,23,1
T4,3,1,200,3
T5,4,0,168,5
T6,5,0,57,1
T7,6,1,27,1
T8,7,1,75,4
T9,8,1,95,2
[312]
T1,0,0,50,2
T2,1,1,180,6
T3,2,1,22,2
T4,3,1,76,2
T5,4,1,112,2
T6,5,1,126,18
T7,6,0,200,2
T8,7,0,140,5
T9,8,0,190,15
[313]
T1,0,1,36,2
T2,1,1,130,6
T3,2,1,120,18
T4,3,0,200,2
T5,4,1,153,1
T6,5,0,180,6
T7,6,1,34,1
T8,7,1,60,6
T9,8,1,144,2
[314]
T1,0,0,52,1
T2,1,1,156,4
T3,2,0,200,2
T4,3,0,104,2
T5,4,0,72,6
T6,5,1,105,2
T7,6,0,150,4
T8,7,1,41,2
T9,8,1,126,20
[315]
T1,0,1,22,2
T2,1,1,55,1
T3,2,0,143,25
T4,3,1,200,7
T5,4,1,180,1
T6,5,0,100,4
T7,6,1,104,5
T8,7,0,33,2
T9,8,1,165,4
[316]
T1,0,0,22,2
T2,1,1,80,8
T3,2,1,70,6
T4,3,0,31,2
T5,4,0,175,2
T6,5,1,100,4
T7,6,0,175,1
T8,7,1,62,5
T9,8,0,200,2
[317]
T1,0,1,84,1
T2,1,0,140,7
T3,2,1,156,8
T4,3,0,38,3
T5,4,0,150,1
T6,5,0,144,12
T7,6,0,126,3
T8,7,1,30,2
T9,8,1,200,10
[318]
T1,0,1,38,2
T2,1,1,54,1
T3,2,0,104,7
T4,3,0,50,2
T5,4,0,195,3
T6,5,0,189,18
T7,6,0,200,2
T8,7,0,108,3
T9,8,0,112,12
[319]
T1,0,0,75,2
T2,1,1,196,3
T3,2,0,112,9
T4,3,0,22,1
T5,4,0,55,1
T6,5,1,200,16
T7,6,0,43,1
T8,7,0,105,1
T9,8,0,165,8
[320]
T1,0,1,195,1
T2,1,1,78,5
T3,2,0,125,9
T4,3,1,117,7
T5,4,0,64,2
T6,5,0,160,8
T7,6,0,34,2
T8,7,1,200,1
T9,8,0,32,1
[321]
T1,0,1,24,3
T2,1,1,200,4
T3,2,1,117,1
T4,3,0,65,2
T5,4,1,108,1
T6,5,1,156,2
T7,6,1,198,16
T8,7,0,33,2
T9,8,0,120,14
[322]
T1,0,0,70,2
T2,1,1,200,13
T3,2,0,120,9
T4,3,0,150,1
T5,4,1,120,3
T6,5,0,24,1
T7,6,1,49,1
T8,7,0,65,5
T9,8,0,165,3
[323]
T1,0,1,200,12
T2,1,1,116,2
T3,2,0,120,4
T4,3,1,87,2
T5,4,0,110,7
T6,5,0,180,10
T7,6,1,41,2
T8,7,0,50,1
T9,8,1,165,7
[324]
T1,0,1,200,2
T2,1,0,20,2
T3,2,1,171,2
T4,3,0,180,18
T5,4,1,57,4
T6,5,1,100,4
T7,6,1,50,2
T8,7,1,60,1
T9,8,0,132,7
[325]
T1,0,1,75,5
T2,1,0,136,2
T3,2,1,200,4
T4,3,1,165,8
T5,4,0,168,8
T6,5,1,33,1
T7,6,0,70,2
T8,7,0,51,6
T9,8,0,132,1
[326]
T1,0,1,168,3
T2,1,1,144,6
T3,2,0,98,2
T4,3,1,196,3
T5,4,0,90,7
T6,5,1,49,2
T7,6,0,105,2
T8,7,0,43,3
T9,8,1,200,26
[327]
T1,0,1,125,12
T2,1,1,132,4
T3,2,0,154,3
T4,3,0,24,2
T5,4,0,180,2
T6,5,0,48,2
T7,6,1,66,6
T8,7,1,90,2
T9,8,0,200,16
[328]
T1,0,1,132,15
T2,1,0,200,11
T3,2,1,58,2
T4,3,0,43,3
T5,4,0,176,7
T6,5,0,176,6
T7,6,1,66,1
T8,7,1,44,2
T9,8,1,75,2
[329]
T1,0,1,26,3
T2,1,1,50,2
T3,2,0,165,6
T4,3,1,95,6
T5,4,1,84,8
T6,5,0,168,7
T7,6,0,77,2
T8,7,1,200,2
T9,8,0,100,2
[330]
T1,0,0,36,2
T2,1,1,200,1
T3,2,1,150,11
T4,3,0,99,10
T5,4,1,60,2
T6,5,0,162,12
T7,6,1,60,2
T8,7,0,21,1
T9,8,1,81,1
[331]
T1,0,1,40,2
T2,1,1,123,10
T3,2,1,120,7
T4,3,1,200,11
T5,4,0,81,5
T6,5,1,162,2
T7,6,0,162,6
T8,7,0,60,2
T9,8,0,40,1
[332]
T1,0,1,100,2
T2,1,0,80,1
T3,2,1,28,2
T4,3,0,26,1
T5,4,1,200,1
T6,5,0,90,2
T7,6,1,175,41
T8,7,0,165,1
T9,8,0,88,4
[333]
T1,0,1,20,2
T2,1,0,144,17
T3,2,0,100,2
T4,3,1,153,15
T5,4,0,200,9
T6,5,0,53,1
T7,6,0,80,1
T8,7,0,75,3
T9,8,0,176,4
[334]
T1,0,0,31,1
T2,1,1,70,1
T3,2,1,190,6
T4,3,0,60,2
T5,4,0,42,4
T6,5,1,135,5
T7,6,1,180,10
T8,7,1,200,2
T9,8,1,60,3
[335]
T1,0,1,104,4
T2,1,0,192,9
T3,2,1,35,2
T4,3,0,56,2
T5,4,0,140,22
T6,5,0,195,16
T7,6,1,105,2
T8,7,0,200,2
T9,8,1,40,1
[336]
T1,0,1,100,1
T2,1,0,198,7
T3,2,1,39,2
T4,3,0,143,4
T5,4,0,25,1
T6,5,1,90,4
T7,6,1,200,9
T8,7,1,120,11
T9,8,0,176,2
[337]
T1,0,0,200,3
T2,1,0,154,14
T3,2,1,55,3
T4,3,1,40,2
T5,4,1,168,13
T6,5,0,128,12
T7,6,0,140,2
T8,7,0,96,4
T9,8,1,24,2
[338]
T1,0,1,45,1
T2,1,0,150,2
T3,2,0,172,1
T4,3,1,78,2
T5,4,0,129,15
T6,5,1,130,8
T7,6,1,24,1
T8,7,0,200,19
T9,8,0,75,2
[339]
T1,0,1,135,9
T2,1,0,72,2
T3,2,0,140,6
T4,3,0,180,7
T5,4,1,90,8
T6,5,0,200,4
T7,6,1,45,2
T8,7,0,156,4
T9,8,1,22,1
[340]
T1,0,1,63,1
T2,1,0,154,11
T3,2,0,42,1
T4,3,0,75,2
T5,4,0,47,2
T6,5,1,140,22
T7,6,0,99,5
T8,7,0,200,4
T9,8,1,150,1
[341]
T1,0,0,112,11
T2,1,1,200,3
T3,2,0,105,1
T4,3,1,147,5
T5,4,1,27,2
T6,5,0,39,2
T7,6,1,175,14
T8,7,0,156,8
T9,8,1,147,4
[342]
T1,0,1,190,10
T2,1,1,28,1
T3,2,0,171,18
T4,3,0,70,2
T5,4,1,200,12
T6,5,0,140,5
T7,6,0,72,3
T8,7,0,36,2
T9,8,1,80,2
[343]
T1,0,0,80,3
T2,1,0,200,1
T3,2,1,120,1
T4,3,1,60,7
T5,4,1,144,11
T6,5,0,162,2
T7,6,1,25,1
T8,7,1,176,3
T9,8,0,24,1
[344]
T1,0,1,200,1
T2,1,0,29,4
T3,2,1,45,2
T4,3,0,91,1
T5,4,0,91,6
T6,5,1,182,8
T7,6,0,182,3
T8,7,1,84,1
T9,8,0,112,6
[345]
T1,0,0,160,4
T2,1,0,200,29
T3,2,0,80,2
T4,3,0,140,1
T5,4,1,63,2
T6,5,1,36,2
T7,6,1,32,1
T8,7,1,168,12
T9,8,1,120,1
[346]
T1,0,1,184,7
T2,1,0,75,1
T3,2,1,42,2
T4,3,1,112,8
T5,4,0,69,2
T6,5,1,115,5
T7,6,0,45,4
T8,7,1,192,7
T9,8,0,200,3
[347]
T1,0,0,190,4
T2,1,1,190,6
T3,2,0,42,1
T4,3,0,100,2
T5,4,0,80,2
T6,5,0,117,6
T7,6,0,48,1
T8,7,1,200,3
T9,8,1,117,23
[348]
T1,0,0,75,1
T2,1,0,180,5
T3,2,0,25,2
T4,3,0,70,2
T5,4,1,35,4
T6,5,1,112,3
T7,6,0,200,24
T8,7,0,189,4
T9,8,1,65,2
[349]
T1,0,1,165,7
T2,1,0,126,3
T3,2,1,21,1
T4,3,0,88,4
T5,4,0,200,8
T6,5,1,160,2
T7,6,0,144,16
T8,7,0,37,2
T9,8,1,132,4
[350]
T1,0,1,168,1
T2,1,0,200,28
T3,2,1,180,2
T4,3,0,24,1
T5,4,0,56,3
T6,5,0,41,2
T7,6,0,56,1
T8,7,0,76,2
T9,8,1,100,4
[351]
T1,0,1,140,1
T2,1,0,26,2
T3,2,0,72,2
T4,3,1,200,18
T5,4,1,24,2
T6,5,1,165,6
T7,6,0,108,2
T8,7,1,100,4
T9,8,0,154,2
[352]
T1,0,1,200,9
T2,1,0,162,5
T3,2,1,144,2
T4,3,1,140,10
T5,4,0,45,2
T6,5,1,36,2
T7,6,0,70,6
T8,7,1,144,5
T9,8,1,150,12
[353]
T1,0,1,42,3
T2,1,0,66,1
T3,2,1,105,2
T4,3,0,91,9
T5,4,0,51,2
T6,5,0,65,1
T7,6,0,168,2
T8,7,1,200,20
T9,8,1,165,3
[354]
T1,0,0,24,2
T2,1,1,92,2
T3,2,0,30,2
T4,3,1,84,1
T5,4,0,168,2
T6,5,0,135,2
T7,6,0,200,40
T8,7,0,180,4
T9,8,1,100,1
[355]
T1,0,1,198,1
T2,1,1,66,6
T3,2,0,129,2
T4,3,0,86,2
T5,4,0,100,2
T6,5,1,24,2
T7,6,1,200,16
T8,7,0,180,12
T9,8,1,25,1
[356]
T1,0,0,200,6
T2,1,1,105,9
T3,2,0,64,4
T4,3,0,175,2
T5,4,1,49,2
T6,5,1,84,3
T7,6,0,48,2
T8,7,0,140,2
T9,8,1,182,14
[357]
T1,0,1,45,2
T2,1,0,114,1
T3,2,0,180,17
T4,3,0,184,1
T5,4,0,200,9
T6,5,0,92,2
T7,6,0,60,1
T8,7,0,53,2
T9,8,0,120,9
[358]
T1,0,0,132,4
T2,1,0,60,5
T3,2,0,200,8
T4,3,0,51,2
T5,4,0,165,14
T6,5,0,180,6
T7,6,0,24,2
T8,7,0,64,2
T9,8,1,110,7
[359]
T1,0,0,47,2
T2,1,0,81,2
T3,2,0,39,1
T4,3,1,104,3
T5,4,1,80,7
T6,5,1,156,18
T7,6,1,195,7
T8,7,1,200,2
T9,8,1,108,4
[360]
T1,0,1,26,2
T2,1,1,180,31
T3,2,0,115,2
T4,3,1,92,2
T5,4,0,180,5
T6,5,1,200,2
T7,6,0,46,2
T8,7,1,144,2
T9,8,0,55,2
[361]
T1,0,0,200,5
T2,1,0,55,2
T3,2,0,168,22
T4,3,0,57,2
T5,4,0,25,1
T6,5,1,88,7
T7,6,1,43,2
T8,7,1,152,2
T9,8,0,84,1
[362]
T1,0,1,75,7
T2,1,1,130,2
T3,2,1,100,5
T4,3,1,150,6
T5,4,1,40,1
T6,5,1,90,2
T7,6,0,23,2
T8,7,0,200,8
T9,8,1,165,11
[363]
T1,0,0,39,2
T2,1,0,78,1
T3,2,1,200,9
T4,3,0,56,1
T5,4,0,130,3
T6,5,0,156,16
T7,6,0,156,14
T8,7,1,40,2
T9,8,1,56,2
[364]
T1,0,1,192,3
T2,1,1,200,5
T3,2,0,144,8
T4,3,0,90,1
T5,4,0,120,12
T6,5,1,52,1
T7,6,1,36,2
T8,7,1,81,3
T9,8,1,175,17
[365]
T1,0,1,117,4
T2,1,0,182,2
T3,2,0,200,3
T4,3,0,44,6
T5,4,0,90,1
T6,5,0,120,6
T7,6,1,175,2
T8,7,1,35,2
T9,8,0,65,2
[366]
T1,0,1,110,2
T2,1,0,182,1
T3,2,0,30,2
T4,3,1,150,1
T5,4,0,105,2
T6,5,1,88,2
T7,6,0,200,19
T8,7,1,88,3
T9,8,1,42,7
[367]
T1,0,1,168,25
T2,1,1,42,1
T3,2,0,200,4
T4,3,1,27,2
T5,4,0,76,2
T6,5,1,54,2
T7,6,1,120,2
T8,7,1,60,5
T9,8,1,168,10
[368]
T1,0,0,40,1
T2,1,0,200,23
T3,2,0,108,2
T4,3,0,176,6
T5,4,1,36,2
T6,5,0,165,9
T7,6,1,128,8
T8,7,0,72,1
T9,8,1,96,4
[369]
T1,0,1,60,2
T2,1,1,70,6
T3,2,1,152,1
T4,3,0,140,4
T5,4,0,175,3
T6,5,0,40,2
T7,6,1,200,23
T8,7,0,120,8
T9,8,1,30,2
[370]
T1,0,1,117,1
T2,1,1,180,5
T3,2,0,65,6
T4,3,1,180,10
T5,4,1,50,3
T6,5,1,55,2
T7,6,0,40,1
T8,7,0,200,3
T9,8,1,55,4
[371]
T1,0,1,102,2
T2,1,0,200,9
T3,2,0,85,8
T4,3,1,153,10
T5,4,1,108,5
T6,5,1,126,7
T7,6,1,28,1
T8,7,0,170,1
T9,8,0,37,2
[372]
T1,0,1,66,2
T2,1,0,21,2
T3,2,1,135,5
T4,3,0,150,11
T5,4,0,60,2
T6,5,0,200,6
T7,6,1,70,5
T8,7,1,23,2
T9,8,1,168,13
[373]
T1,0,0,56,1
T2,1,1,200,18
T3,2,1,189,7
T4,3,1,147,10
T5,4,1,144,2
T6,5,1,112,5
T7,6,0,28,2
T8,7,0,36,2
T9,8,0,80,5
[374]
T1,0,0,56,4
T2,1,1,200,1
T3,2,0,24,3
T4,3,1,102,1
T5,4,1,180,3
T6,5,0,168,13
T7,6,0,90,2
T8,7,1,24,2
T9,8,0,105,2
[375]
T1,0,1,40,2
T2,1,0,77,7
T3,2,0,108,2
T4,3,0,198,7
T5,4,1,200,4
T6,5,0,99,3
T7,6,1,31,2
T8,7,1,154,9
T9,8,1,75,3
[376]
T1,0,1,186,12
T2,1,1,200,14
T3,2,1,120,12
T4,3,1,53,2
T5,4,0,75,2
T6,5,1,124,1
T7,6,1,22,2
T8,7,1,186,2
T9,8,0,110,7
[377]
T1,0,0,22,2
T2,1,1,41,2
T3,2,1,54,2
T4,3,1,99,6
T5,4,1,180,6
T6,5,0,198,11
T7,6,1,144,23
T8,7,0,200,2
T9,8,1,99,3
[378]
T1,0,0,180,29
T2,1,0,35,1
T3,2,1,200,8
T4,3,0,105,8
T5,4,1,136,3
T6,5,0,56,2
T7,6,1,100,1
T8,7,1,46,2
T9,8,0,160,1
[379]
T1,0,0,70,1
T2,1,1,200,9
T3,2,1,27,1
T4,3,0,72,5
T5,4,0,175,5
T6,5,1,126,4
T7,6,0,122,1
T8,7,0,20,1
T9,8,1,150,9
[380]
T1,0,0,84,10
T2,1,0,96,1
T3,2,0,64,2
T4,3,0,168,1
T5,4,0,37,2
T6,5,1,80,14
T7,6,1,200,4
T8,7,1,48,2
T9,8,1,176,2
[381]
T1,0,0,41,2
T2,1,0,150,2
T3,2,1,150,2
T4,3,1,28,4
T5,4,0,60,2
T6,5,0,200,25
T7,6,0,126,3
T8,7,0,70,3
T9,8,1,91,2
[382]
T1,0,0,200,22
T2,1,1,68,2
T3,2,0,132,2
T4,3,1,187,5
T5,4,0,45,1
T6,5,0,132,10
T7,6,1,38,2
T8,7,0,132,13
T9,8,0,180,5
[383]
T1,0,0,78,2
T2,1,0,78,3
T3,2,0,85,8
T4,3,1,51,2
T5,4,0,60,4
T6,5,0,40,2
T7,6,0,170,13
T8,7,0,200,2
T9,8,1,156,5
[384]
T1,0,0,50,2
T2,1,1,78,4
T3,2,0,120,2
T4,3,1,120,6
T5,4,1,112,5
T6,5,0,30,2
T7,6,1,180,13
T8,7,1,189,7
T9,8,0,200,17
[385]
T1,0,0,75,1
T2,1,1,132,3
T3,2,1,100,2
T4,3,1,200,7
T5,4,1,36,5
T6,5,0,174,11
T7,6,1,58,1
T8,7,0,150,9
T9,8,0,20,2
[386]
T1,0,1,189,2
T2,1,0,63,2
T3,2,0,90,2
T4,3,1,66,4
T5,4,1,38,3
T6,5,1,35,1
T7,6,0,63,4
T8,7,0,200,15
T9,8,0,180,5
[387]
T1,0,0,128,6
T2,1,1,189,8
T3,2,1,20,2
T4,3,0,24,2
T5,4,1,108,2
T6,5,0,200,7
T7,6,1,180,7
T8,7,0,105,21
T9,8,1,63,2
[388]
T1,0,0,154,9
T2,1,0,200,3
T3,2,0,55,2
T4,3,1,35,1
T5,4,0,154,1
T6,5,1,29,1
T7,6,0,112,11
T8,7,1,88,5
T9,8,0,68,1
[389]
T1,0,0,195,2
T2,1,0,80,6
T3,2,1,84,10
T4,3,1,27,2
T5,4,0,72,5
T6,5,1,112,1
T7,6,1,36,1
T8,7,1,200,3
T9,8,0,168,7
[390]
T1,0,0,160,8
T2,1,1,29,2
T3,2,0,80,6
T4,3,0,60,1
T5,4,0,100,1
T6,5,0,165,1
T7,6,0,21,2
T8,7,0,200,2
T9,8,1,84,2
[391]
T1,0,0,189,2
T2,1,0,200,7
T3,2,0,84,2
T4,3,1,182,2
T5,4,0,35,3
T6,5,0,126,1
T7,6,0,52,3
T8,7,1,60,2
T9,8,1,130,16
[392]
T1,0,0,140,29
T2,1,0,160,6
T3,2,0,200,7
T4,3,1,100,1
T5,4,1,64,1
T6,5,1,23,2
T7,6,1,160,2
T8,7,1,64,2
T9,8,1,44,2
[393]
T1,0,1,180,28
T2,1,0,28,2
T3,2,1,200,11
T4,3,1,40,1
T5,4,0,80,1
T6,5,1,108,1
T7,6,0,90,2
T8,7,1,90,4
T9,8,1,172,6
[394]
T1,0,1,104,7
T2,1,0,29,2
T3,2,0,130,2
T4,3,1,200,15
T5,4,0,60,2
T6,5,1,160,2
T7,6,0,96,5
T8,7,1,160,2
T9,8,0,25,1
[395]
T1,0,0,72,2
T2,1,0,150,21
T3,2,0,175,8
T4,3,1,27,2
T5,4,0,200,3
T6,5,1,144,1
T7,6,1,140,7
T8,7,0,23,2
T9,8,1,126,10
[396]
T1,0,0,100,2
T2,1,1,112,3
T3,2,0,99,1
T4,3,0,45,3
T5,4,0,200,2
T6,5,1,168,19
T7,6,0,32,2
T8,7,0,77,2
T9,8,0,165,16
[397]
T1,0,0,140,2
T2,1,0,126,7
T3,2,0,200,8
T4,3,0,132,2
T5,4,0,30,1
T6,5,1,22,2
T7,6,1,150,2
T8,7,1,99,6
T9,8,1,160,8
[398]
T1,0,0,200,13
T2,1,0,80,1
T3,2,1,96,3
T4,3,0,196,8
T5,4,0,40,2
T6,5,0,112,1
T7,6,0,160,9
T8,7,1,147,9
T9,8,1,48,4
[399]
T1,0,0,52,6
T2,1,0,140,9
T3,2,0,175,1
T4,3,1,72,8
T5,4,0,63,2
T6,5,1,25,2
T7,6,1,125,1
T8,7,1,150,6
T9,8,1,200,2
[400]
T1,0,0,165,10
T2,1,1,80,4
T3,2,0,78,3
T4,3,1,150,3
T5,4,1,72,7
T6,5,0,72,2
T7,6,0,200,2
T8,7,1,26,1
T9,8,1,23,2
[401]
T1,0,1,164,22
T2,1,0,82,2
T3,2,0,22,2
T4,3,0,200,2
T5,4,0,123,1
T6,5,0,42,1
T7,6,0,180,23
T8,7,1,110,4
T9,8,0,132,2
[402]
T1,0,0,40,1
T2,1,1,21,2
T3,2,0,125,5
T4,3,1,72,2
T5,4,1,60,2
T6,5,0,195,2
T7,6,1,65,2
T8,7,0,195,7
T9,8,0,200,23
[403]
T1,0,0,70,4
T2,1,1,96,4
T3,2,0,145,10
T4,3,1,29,1
T5,4,0,64,4
T6,5,0,192,12
T7,6,1,50,2
T8,7,0,150,1
T9,8,0,200,1
[404]
T1,0,0,200,8
T2,1,1,108,10
T3,2,1,36,2
T4,3,1,150,3
T5,4,1,100,8
T6,5,1,41,2
T7,6,0,108,3
T8,7,0,174,13
T9,8,1,108,1
[405]
T1,0,1,198,7
T2,1,0,66,2
T3,2,1,64,5
T4,3,1,200,1
T5,4,0,64,8
T6,5,0,44,2
T7,6,0,125,2
T8,7,1,40,1
T9,8,1,160,5
[406]
T1,0,1,200,34
T2,1,1,174,2
T3,2,0,87,2
T4,3,0,60,2
T5,4,1,58,1
T6,5,1,195,5
T7,6,1,90,2
T8,7,1,27,2
T9,8,0,25,3
[407]
T1,0,0,162,2
T2,1,1,32,2
T3,2,0,64,4
T4,3,1,53,9
T5,4,1,70,3
T6,5,0,180,2
T7,6,1,54,2
T8,7,1,200,6
T9,8,1,54,1
[408]
T1,0,0,56,1
T2,1,1,102,2
T3,2,0,36,2
T4,3,0,85,2
T5,4,0,200,7
T6,5,1,135,12
T7,6,0,34,2
T8,7,0,189,9
T9,8,0,153,11
[409]
T1,0,0,84,2
T2,1,1,75,2
T3,2,1,32,2
T4,3,1,175,13
T5,4,1,200,14
T6,5,0,96,2
T7,6,0,53,2
T8,7,1,153,10
T9,8,0,126,11
[410]
T1,0,1,198,2
T2,1,1,63,1
T3,2,1,100,2
T4,3,1,140,10
T5,4,0,20,2
T6,5,0,21,3
T7,6,1,200,2
T8,7,1,150,10
T9,8,1,126,2
[411]
T1,0,0,156,1
T2,1,1,56,4
T3,2,0,65,3
T4,3,1,112,11
T5,4,0,40,2
T6,5,1,78,1
T7,6,1,33,1
T8,7,0,200,8
T9,8,0,195,9
[412]
T1,0,1,180,8
T2,1,0,55,2
T3,2,0,20,2
T4,3,1,135,9
T5,4,0,180,2
T6,5,1,120,2
T7,6,0,200,20
T8,7,1,110,1
T9,8,0,30,2
[413]
T1,0,0,30,1
T2,1,0,165,6
T3,2,1,160,18
T4,3,0,52,2
T5,4,1,126,2
T6,5,0,120,7
T7,6,1,56,3
T8,7,1,200,2
T9,8,0,55,2
[414]
T1,0,1,72,1
T2,1,0,114,5
T3,2,0,95,10
T4,3,0,41,2
T5,4,0,112,3
T6,5,0,200,3
T7,6,0,171,4
T8,7,0,36,1
T9,8,1,152,13
[415]
T1,0,1,130,2
T2,1,1,65,1
T3,2,0,20,1
T4,3,0,182,2
T5,4,1,54,3
T6,5,0,200,22
T7,6,1,64,2
T8,7,0,156,12
T9,8,1,105,4
[416]
T1,0,1,54,5
T2,1,1,84,1
T3,2,1,195,2
T4,3,0,182,6
T5,4,1,105,1
T6,5,0,200,16
T7,6,1,117,3
T8,7,0,28,3
T9,8,1,78,2
[417]
T1,0,0,38,3
T2,1,1,28,1
T3,2,1,154,1
T4,3,1,70,3
T5,4,0,154,13
T6,5,0,132,3
T7,6,1,125,6
T8,7,0,200,3
T9,8,1,90,1
[418]
T1,0,1,80,4
T2,1,1,126,2
T3,2,0,102,1
T4,3,0,200,10
T5,4,0,170,1
T6,5,0,48,4
T7,6,1,70,8
T8,7,0,31,2
T9,8,1,175,2
[419]
T1,0,1,21,2
T2,1,0,72,2
T3,2,0,31,2
T4,3,0,150,5
T5,4,1,75,2
T6,5,1,135,7
T7,6,0,200,17
T8,7,0,84,10
T9,8,0,156,8
[420]
T1,0,0,45,1
T2,1,0,168,33
T3,2,1,84,2
T4,3,1,200,2
T5,4,1,105,1
T6,5,0,100,4
T7,6,0,150,1
T8,7,0,145,5
T9,8,0,48,2
[421]
T1,0,0,117,5
T2,1,1,156,2
T3,2,0,41,1
T4,3,1,117,1
T5,4,1,104,9
T6,5,1,200,11
T7,6,1,192,2
T8,7,0,27,1
T9,8,0,78,9
[422]
T1,0,1,156,2
T2,1,1,150,3
T3,2,1,44,4
T4,3,0,200,3
T5,4,1,30,1
T6,5,0,65,1
T7,6,1,117,10
T8,7,1,78,5
T9,8,1,68,2
[423]
T1,0,0,20,2
T2,1,1,85,2
T3,2,1,132,6
T4,3,0,66,5
T5,4,1,170,4
T6,5,0,200,24
T7,6,1,150,5
T8,7,1,50,2
T9,8,0,72,1
[424]
T1,0,1,75,1
T2,1,1,72,1
T3,2,1,200,6
T4,3,0,35,2
T5,4,1,132,10
T6,5,1,180,8
T7,6,1,110,3
T8,7,1,47,3
T9,8,1,180,4
[425]
T1,0,0,144,10
T2,1,1,136,6
T3,2,0,85,3
T4,3,0,135,6
T5,4,1,51,1
T6,5,1,192,2
T7,6,0,200,1
T8,7,1,53,2
T9,8,1,153,13
[426]
T1,0,0,88,1
T2,1,1,28,3
T3,2,1,140,3
T4,3,0,84,5
T5,4,1,195,2
T6,5,1,91,4
T7,6,1,27,1
T8,7,1,195,5
T9,8,0,200,6
[427]
T1,0,0,168,3
T2,1,1,21,2
T3,2,0,120,10
T4,3,0,108,3
T5,4,0,44,1
T6,5,1,99,1
T7,6,1,126,5
T8,7,1,175,24
T9,8,0,200,2
[428]
T1,0,0,175,2
T2,1,0,133,1
T3,2,1,133,8
T4,3,1,200,2
T5,4,0,20,2
T6,5,1,55,2
T7,6,1,29,1
T8,7,0,150,12
T9,8,1,133,20
[429]
T1,0,0,168,1
T2,1,1,200,1
T3,2,1,91,2
T4,3,0,180,14
T5,4,0,60,6
T6,5,1,28,2
T7,6,1,72,1
T8,7,1,39,2
T9,8,0,72,9
[430]
T1,0,1,168,8
T2,1,1,20,2
T3,2,0,56,1
T4,3,1,75,1
T5,4,0,175,3
T6,5,0,141,2
T7,6,1,200,17
T8,7,1,100,13
T9,8,0,36,2
[431]
T1,0,0,200,8
T2,1,1,90,8
T3,2,0,20,2
T4,3,1,44,1
T5,4,0,192,12
T6,5,0,64,2
T7,6,1,75,4
T8,7,0,124,3
T9,8,0,160,10
[432]
T1,0,1,34,2
T2,1,0,124,2
T3,2,1,124,2
T4,3,1,75,2
T5,4,0,200,33
T6,5,1,162,3
T7,6,1,54,3
T8,7,1,162,3
T9,8,0,24,2
[433]
T1,0,1,88,2
T2,1,1,49,3
T3,2,0,30,2
T4,3,0,200,2
T5,4,0,66,2
T6,5,1,150,2
T7,6,0,165,16
T8,7,1,95,3
T9,8,0,90,10
[434]
T1,0,1,200,6
T2,1,1,154,8
T3,2,1,48,1
T4,3,0,45,1
T5,4,0,100,8
T6,5,0,80,2
T7,6,1,88,6
T8,7,1,160,2
T9,8,1,110,5
[435]
T1,0,1,125,3
T2,1,1,65,3
T3,2,0,50,2
T4,3,0,31,1
T5,4,1,200,31
T6,5,1,182,2
T7,6,1,180,7
T8,7,1,91,2
T9,8,0,120,8
[436]
T1,0,0,200,22
T2,1,0,168,9
T3,2,0,24,2
T4,3,0,58,2
T5,4,0,70,2
T6,5,1,21,2
T7,6,0,140,2
T8,7,1,80,5
T9,8,1,150,1
[437]
T1,0,0,60,2
T2,1,0,36,2
T3,2,0,195,1
T4,3,1,132,5
T5,4,1,120,5
T6,5,0,165,4
T7,6,0,80,10
T8,7,0,43,2
T9,8,1,200,15
[438]
T1,0,1,185,31
T2,1,0,44,2
T3,2,0,56,2
T4,3,0,80,3
T5,4,0,35,2
T6,5,0,140,6
T7,6,0,70,2
T8,7,0,148,2
T9,8,0,200,4
[439]
T1,0,0,175,17
T2,1,1,90,3
T3,2,1,58,4
T4,3,0,105,1
T5,4,0,150,1
T6,5,0,36,2
T7,6,1,56,2
T8,7,1,200,15
T9,8,0,29,1
[440]
T1,0,1,117,6
T2,1,1,60,1
T3,2,1,60,6
T4,3,1,38,1
T5,4,0,200,2
T6,5,1,150,5
T7,6,1,184,6
T8,7,1,40,2
T9,8,0,90,7
[441]
T1,0,1,147,8
T2,1,0,84,2
T3,2,1,55,6
T4,3,1,35,1
T5,4,0,110,5
T6,5,0,175,5
T7,6,0,200,6
T8,7,1,99,2
T9,8,0,21,2
[442]
T1,0,0,28,2
T2,1,1,200,13
T3,2,1,75,3
T4,3,1,98,8
T5,4,0,48,2
T6,5,1,56,2
T7,6,1,196,2
T8,7,0,192,7
T9,8,1,80,6
[443]
T1,0,0,150,6
T2,1,0,56,5
T3,2,0,25,2
T4,3,0,56,5
T5,4,0,175,3
T6,5,1,120,3
T7,6,0,200,6
T8,7,0,130,1
T9,8,0,21,2
[444]
T1,0,1,66,1
T2,1,0,200,7
T3,2,0,100,2
T4,3,0,42,1
T5,4,1,24,2
T6,5,1,56,1
T7,6,1,170,15
T8,7,0,85,4
T9,8,0,150,15
[445]
T1,0,1,150,2
T2,1,1,200,12
T3,2,0,70,1
T4,3,0,84,2
T5,4,0,35,2
T6,5,0,45,2
T7,6,0,171,9
T8,7,1,135,15
T9,8,1,126,2
[446]
T1,0,1,200,22
T2,1,0,40,1
T3,2,0,64,2
T4,3,0,66,4
T5,4,0,120,2
T6,5,0,75,3
T7,6,0,39,1
T8,7,0,156,5
T9,8,0,156,6
[447]
T1,0,0,33,2
T2,1,0,200,13
T3,2,0,112,10
T4,3,0,189,3
T5,4,0,144,7
T6,5,0,46,2
T7,6,1,176,13
T8,7,0,56,2
T9,8,1,126,1
[448]
T1,0,1,93,5
T2,1,1,34,2
T3,2,1,200,25
T4,3,0,40,2
T5,4,0,60,5
T6,5,1,72,2
T7,6,1,156,3
T8,7,1,186,8
T9,8,1,120,2
[449]
T1,0,1,120,1
T2,1,0,105,2
T3,2,0,28,2
T4,3,1,140,11
T5,4,1,168,2
T6,5,1,105,1
T7,6,1,200,15
T8,7,1,150,16
T9,8,1,21,1
[450]
T1,0,0,50,2
T2,1,1,110,1
T3,2,1,21,2
T4,3,0,160,15
T5,4,0,78,4
T6,5,1,65,2
T7,6,0,55,2
T8,7,1,165,11
T9,8,0,200,7
[451]
T1,0,0,125,2
T2,1,1,72,4
T3,2,0,45,3
T4,3,0,140,2
T5,4,0,125,11
T6,5,0,200,9
T7,6,1,165,4
T8,7,1,22,1
T9,8,0,150,4
[452]
T1,0,0,48,3
T2,1,0,63,2
T3,2,0,35,2
T4,3,1,74,5
T5,4,1,80,4
T6,5,1,200,1
T7,6,0,105,2
T8,7,0,180,6
T9,8,1,175,25
[453]
T1,0,1,28,2
T2,1,0,32,2
T3,2,0,168,8
T4,3,1,105,3
T5,4,0,120,2
T6,5,1,165,26
T7,6,1,200,8
T8,7,1,102,4
T9,8,0,66,1
[454]
T1,0,1,51,1
T2,1,0,125,5
T3,2,0,150,2
T4,3,1,20,2
T5,4,0,56,2
T6,5,1,200,23
T7,6,1,77,2
T8,7,0,84,1
T9,8,1,180,23
[455]
T1,0,0,148,3
T2,1,1,50,2
T3,2,0,200,1
T4,3,0,75,2
T5,4,1,96,2
T6,5,0,38,9
T7,6,1,72,2
T8,7,1,160,2
T9,8,1,111,2
[456]
T1,0,1,99,3
T2,1,1,200,7
T3,2,0,168,6
T4,3,0,43,1
T5,4,0,198,2
T6,5,0,66,3
T7,6,1,126,15
T8,7,0,20,2
T9,8,1,70,5
[457]
T1,0,1,112,5
T2,1,0,200,2
T3,2,0,132,12
T4,3,0,21,1
T5,4,1,165,4
T6,5,1,112,8
T7,6,1,66,1
T8,7,0,52,3
T9,8,1,198,1
[458]
T1,0,1,51,5
T2,1,1,120,8
T3,2,1,160,1
T4,3,0,200,11
T5,4,0,86,3
T6,5,1,105,9
T7,6,1,160,1
T8,7,0,32,2
T9,8,0,84,2
[459]
T1,0,1,189,2
T2,1,0,200,2
T3,2,0,126,25
T4,3,1,41,2
T5,4,1,105,4
T6,5,1,56,2
T7,6,1,63,1
T8,7,0,190,2
T9,8,0,30,2
[460]
T1,0,0,117,4
T2,1,0,132,11
T3,2,0,200,22
T4,3,1,165,2
T5,4,1,29,2
T6,5,0,72,2
T7,6,1,198,8
T8,7,1,65,1
T9,8,1,52,1
[461]
T1,0,1,108,4
T2,1,0,21,2
T3,2,1,50,2
T4,3,0,200,5
T5,4,1,100,10
T6,5,0,90,2
T7,6,0,76,8
T8,7,1,171,10
T9,8,0,171,3
[462]
T1,0,0,31,1
T2,1,0,105,5
T3,2,0,33,3
T4,3,1,55,2
T5,4,0,105,2
T6,5,1,182,11
T7,6,1,66,6
T8,7,1,182,4
T9,8,0,200,2
[463]
T1,0,1,200,2
T2,1,1,150,6
T3,2,0,140,5
T4,3,0,70,2
T5,4,1,100,2
T6,5,0,28,3
T7,6,0,168,11
T8,7,0,102,4
T9,8,1,49,2
[464]
T1,0,1,200,4
T2,1,1,153,13
T3,2,0,150,5
T4,3,0,31,1
T5,4,0,100,3
T6,5,0,136,5
T7,6,1,100,10
T8,7,0,85,1
T9,8,1,39,2
[465]
T1,0,0,51,4
T2,1,1,120,2
T3,2,1,80,2
T4,3,1,189,21
T5,4,1,81,2
T6,5,0,200,15
T7,6,1,36,2
T8,7,0,180,6
T9,8,1,60,2
[466]
T1,0,1,20,3
T2,1,1,135,2
T3,2,1,70,6
T4,3,1,189,1
T5,4,1,114,2
T6,5,1,51,2
T7,6,0,175,2
T8,7,1,200,15
T9,8,1,72,2
[467]
T1,0,1,168,6
T2,1,0,99,1
T3,2,0,200,4
T4,3,0,110,12
T5,4,0,29,2
T6,5,1,144,1
T7,6,1,36,4
T8,7,0,66,1
T9,8,1,198,7
[468]
T1,0,0,28,1
T2,1,0,76,11
T3,2,0,33,2
T4,3,1,132,2
T5,4,0,200,1
T6,5,0,77,2
T7,6,1,190,13
T8,7,0,66,1
T9,8,0,168,9
[469]
T1,0,1,150,2
T2,1,0,130,5
T3,2,1,30,2
T4,3,1,54,1
T5,4,1,75,2
T6,5,1,25,1
T7,6,0,200,1
T8,7,1,117,5
T9,8,0,195,37
[470]
T1,0,0,200,24
T2,1,1,20,2
T3,2,1,90,3
T4,3,1,88,6
T5,4,1,36,2
T6,5,1,190,6
T7,6,0,57,2
T8,7,1,55,3
T9,8,1,171,5
[471]
T1,0,0,105,12
T2,1,0,150,3
T3,2,1,33,2
T4,3,1,40,1
T5,4,0,200,6
T6,5,1,196,3
T7,6,1,60,3
T8,7,0,99,3
T9,8,0,140,9
[472]
T1,0,0,44,2
T2,1,1,110,8
T3,2,1,22,1
T4,3,0,200,8
T5,4,1,95,6
T6,5,1,171,2
T7,6,0,80,2
T8,7,0,57,2
T9,8,1,180,2
[473]
T1,0,1,170,16
T2,1,1,48,3
T3,2,0,60,2
T4,3,1,120,3
T5,4,0,175,9
T6,5,1,200,2
T7,6,1,126,4
T8,7,0,70,2
T9,8,0,24,2
[474]
T1,0,0,36,2
T2,1,1,84,1
T3,2,1,175,14
T4,3,0,56,1
T5,4,1,70,10
T6,5,1,200,4
T7,6,0,60,2
T8,7,0,48,1
T9,8,1,171,8
[475]
T1,0,1,164,10
T2,1,1,82,1
T3,2,1,100,7
T4,3,0,174,2
T5,4,0,120,1
T6,5,0,200,7
T7,6,1,24,2
T8,7,0,75,10
T9,8,1,28,1
[476]
T1,0,0,42,2
T2,1,0,140,11
T3,2,0,123,2
T4,3,0,175,4
T5,4,1,90,2
T6,5,0,75,8
T7,6,1,180,5
T8,7,0,43,3
T9,8,0,200,6
[477]
T1,0,0,80,4
T2,1,0,91,7
T3,2,1,140,2
T4,3,0,30,2
T5,4,1,104,13
T6,5,0,189,3
T7,6,1,200,4
T8,7,0,21,1
T9,8,1,180,2
[478]
T1,0,1,120,2
T2,1,0,132,2
T3,2,0,165,8
T4,3,1,88,4
T5,4,1,110,15
T6,5,0,200,18
T7,6,0,20,2
T8,7,0,158,3
T9,8,0,45,2
[479]
T1,0,1,95,1
T2,1,0,200,2
T3,2,1,48,5
T4,3,0,32,2
T5,4,0,140,2
T6,5,1,160,18
T7,6,1,75,6
T8,7,1,171,3
T9,8,0,140,3
[480]
T1,0,0,120,2
T2,1,1,87,5
T3,2,1,200,2
T4,3,1,58,2
T5,4,1,39,2
T6,5,1,156,14
T7,6,0,180,10
T8,7,0,30,4
T9,8,0,87,2
[481]
T1,0,1,49,2
T2,1,0,200,12
T3,2,1,192,2
T4,3,0,70,2
T5,4,0,30,1
T6,5,0,75,6
T7,6,1,64,2
T8,7,1,126,5
T9,8,1,168,17
[482]
T1,0,1,45,2
T2,1,1,42,2
T3,2,1,62,6
T4,3,1,175,9
T5,4,1,200,12
T6,5,0,100,2
T7,6,0,168,4
T8,7,0,84,2
T9,8,1,75,3
[483]
T1,0,0,84,1
T2,1,1,60,2
T3,2,0,46,4
T4,3,0,78,2
T5,4,0,25,2
T6,5,1,156,2
T7,6,1,195,6
T8,7,1,200,18
T9,8,0,117,4
[484]
T1,0,0,96,1
T2,1,0,84,1
T3,2,0,126,4
T4,3,0,48,1
T5,4,1,60,1
T6,5,0,200,36
T7,6,0,150,2
T8,7,1,171,9
T9,8,1,36,2
[485]
T1,0,0,88,8
T2,1,1,37,2
T3,2,0,168,2
T4,3,0,105,1
T5,4,1,42,5
T6,5,0,95,4
T7,6,1,168,2
T8,7,0,200,12
T9,8,1,100,1
[486]
T1,0,0,140,9
T2,1,0,196,1
T3,2,0,200,2
T4,3,0,196,1
T5,4,0,47,4
T6,5,1,120,17
T7,6,0,24,2
T8,7,0,140,4
T9,8,0,84,1
[487]
T1,0,1,110,4
T2,1,1,168,19
T3,2,0,72,2
T4,3,0,160,5
T5,4,0,200,6
T6,5,1,33,2
T7,6,1,110,5
T8,7,0,36,1
T9,8,0,84,1
[488]
T1,0,0,64,1
T2,1,0,24,1
T3,2,0,51,5
T4,3,1,96,5
T5,4,1,165,10
T6,5,0,170,2
T7,6,1,75,2
T8,7,0,200,9
T9,8,1,100,1
[489]
T1,0,1,108,4
T2,1,1,200,3
T3,2,0,168,16
T4,3,1,24,2
T5,4,1,28,2
T6,5,1,57,1
T7,6,1,72,1
T8,7,0,105,5
T9,8,0,180,4
[490]
T1,0,1,152,1
T2,1,0,24,2
T3,2,1,95,3
T4,3,0,75,4
T5,4,1,160,6
T6,5,0,200,2
T7,6,0,21,2
T8,7,0,95,14
T9,8,0,112,5
[491]
T1,0,1,60,2
T2,1,0,126,14
T3,2,1,88,4
T4,3,0,176,2
T5,4,1,189,2
T6,5,0,46,3
T7,6,0,24,1
T8,7,0,200,2
T9,8,0,105,4
[492]
T1,0,0,25,1
T2,1,0,200,2
T3,2,0,64,2
T4,3,1,80,3
T5,4,1,160,9
T6,5,1,31,1
T7,6,0,105,3
T8,7,1,77,7
T9,8,0,154,4
[493]
T1,0,1,45,3
T2,1,0,95,1
T3,2,0,63,2
T4,3,0,126,6
T5,4,1,171,16
T6,5,1,50,2
T7,6,1,200,2
T8,7,1,76,1
T9,8,1,152,12
[494]
T1,0,1,80,2
T2,1,0,168,12
T3,2,1,31,1
T4,3,0,30,2
T5,4,1,60,2
T6,5,1,150,2
T7,6,1,140,17
T8,7,1,124,3
T9,8,0,200,5
[495]
T1,0,0,192,14
T2,1,1,30,2
T3,2,0,200,12
T4,3,0,75,2
T5,4,1,168,13
T6,5,0,130,2
T7,6,0,32,2
T8,7,0,140,11
T9,8,1,120,3
[496]
T1,0,1,72,2
T2,1,1,180,15
T3,2,0,20,2
T4,3,0,189,11
T5,4,0,136,2
T6,5,1,25,3
T7,6,0,200,8
T8,7,1,108,1
T9,8,1,63,1
[497]
T1,0,1,112,7
T2,1,0,130,2
T3,2,0,144,5
T4,3,0,150,8
T5,4,1,160,2
T6,5,1,44,2
T7,6,1,32,2
T8,7,0,200,10
T9,8,1,70,7
[498]
T1,0,1,88,3
T2,1,1,154,4
T3,2,0,189,4
T4,3,0,200,6
T5,4,0,77,2
T6,5,0,44,3
T7,6,0,90,13
T8,7,0,31,2
T9,8,0,105,3
[499]
T1,0,1,160,2
T2,1,0,200,8
T3,2,1,122,10
T4,3,1,100,2
T5,4,0,125,6
T6,5,0,61,2
T7,6,1,22,1
T8,7,1,48,5
T9,8,0,160,2
[500]
T1,0,1,124,9
T2,1,0,153,8
T3,2,1,60,1
T4,3,1,180,17
T5,4,0,124,3
T6,5,0,200,6
T7,6,0,62,2
T8,7,1,24,2
T9,8,0,50,3
