num_task_per_taskset=9
num_taskset=500
//ID,Priority,Offset,Period,Execution Time
[1]
T1,0,1,195,2
T2,1,0,200,13
T3,2,1,104,4
T4,3,0,44,6
T5,4,0,25,2
T6,5,0,64,2
T7,6,0,78,5
T8,7,1,195,8
T9,8,0,78,2
[2]
T1,0,0,60,5
T2,1,1,188,9
T3,2,1,200,18
T4,3,1,58,1
T5,4,0,174,20
T6,5,0,100,1
T7,6,1,40,2
T8,7,1,141,11
T9,8,0,50,2
[3]
T1,0,0,200,11
T2,1,0,26,1
T3,2,0,24,2
T4,3,0,60,6
T5,4,0,75,10
T6,5,1,57,3
T7,6,1,190,2
T8,7,1,57,1
T9,8,0,152,1
[4]
T1,0,1,64,1
T2,1,0,33,1
T3,2,0,132,25
T4,3,0,143,3
T5,4,1,176,16
T6,5,0,75,4
T7,6,1,200,2
T8,7,1,24,2
T9,8,0,150,5
[5]
T1,0,0,50,1
T2,1,0,39,2
T3,2,1,192,26
T4,3,1,75,1
T5,4,1,200,4
T6,5,0,80,8
T7,6,1,96,3
T8,7,0,72,9
T9,8,0,195,3
[6]
T1,0,1,88,2
T2,1,1,55,7
T3,2,0,50,3
T4,3,0,51,2
T5,4,0,160,10
T6,5,1,165,4
T7,6,0,96,2
T8,7,1,143,10
T9,8,0,200,11
[7]
T1,0,1,88,10
T2,1,0,200,9
T3,2,1,156,7
T4,3,0,78,2
T5,4,0,182,2
T6,5,0,30,2
T7,6,0,100,4
T8,7,0,78,13
T9,8,1,51,2
[8]
T1,0,0,27,1
T2,1,0,168,2
T3,2,1,37,7
T4,3,0,138,1
T5,4,1,168,2
T6,5,1,108,16
T7,6,0,140,2
T8,7,1,56,2
T9,8,0,200,9
[9]
T1,0,1,180,5
T2,1,0,124,7
T3,2,1,88,9
T4,3,1,99,6
T5,4,1,24,1
T6,5,0,165,2
T7,6,1,120,5
T8,7,0,200,4
T9,8,0,33,2
[10]
T1,0,0,70,3
T2,1,0,200,27
T3,2,1,198,9
T4,3,1,63,2
T5,4,1,53,3
T6,5,0,30,3
T7,6,1,196,7
T8,7,0,60,2
T9,8,1,99,2
[11]
T1,0,1,120,1
T2,1,0,70,2
T3,2,1,150,6
T4,3,0,76,2
T5,4,0,76,15
T6,5,1,200,9
T7,6,1,171,9
T8,7,1,27,1
T9,8,0,33,1
[12]
T1,0,0,144,6
T2,1,0,21,1
T3,2,0,200,2
T4,3,1,130,20
T5,4,1,30,2
T6,5,1,175,7
T7,6,0,104,6
T8,7,1,112,2
T9,8,0,150,15
[13]
T1,0,1,44,1
T2,1,1,150,6
T3,2,1,64,10
T4,3,0,200,13
T5,4,0,57,6
T6,5,0,30,2
T7,6,0,96,1
T8,7,1,64,2
T9,8,1,152,3
[14]
T1,0,1,146,2
T2,1,0,150,3
T3,2,0,42,3
T4,3,1,73,14
T5,4,0,180,18
T6,5,1,24,2
T7,6,1,200,1
T8,7,1,80,4
T9,8,1,144,2
[15]
T1,0,1,126,2
T2,1,1,75,6
T3,2,0,84,18
T4,3,1,159,6
T5,4,0,200,8
T6,5,1,42,2
T7,6,0,24,2
T8,7,0,56,1
T9,8,0,150,4
[16]
T1,0,1,56,5
T2,1,1,200,2
T3,2,1,20,1
T4,3,1,100,2
T5,4,0,102,11
T6,5,0,120,3
T7,6,0,50,2
T8,7,1,187,1
T9,8,1,187,16
[17]
T1,0,0,20,1
T2,1,0,44,2
T3,2,1,190,20
T4,3,0,200,14
T5,4,1,100,7
T6,5,0,180,2
T7,6,0,117,8
T8,7,1,95,6
T9,8,1,72,2
[18]
T1,0,1,29,1
T2,1,0,84,10
T3,2,0,165,7
T4,3,0,154,7
T5,4,0,200,4
T6,5,0,130,1
T7,6,0,77,9
T8,7,1,33,2
T9,8,0,55,3
[19]
T1,0,1,126,2
T2,1,0,30,3
T3,2,0,126,4
T4,3,0,62,1
T5,4,1,175,26
T6,5,0,84,3
T7,6,1,200,8
T8,7,0,155,10
T9,8,0,40,2
[20]
T1,0,1,150,8
T2,1,1,144,5
T3,2,1,44,2
T4,3,1,200,2
T5,4,1,195,56
T6,5,0,78,2
T7,6,0,126,7
T8,7,1,20,2
T9,8,0,108,1
[21]
T1,0,0,70,2
T2,1,0,25,1
T3,2,0,180,33
T4,3,0,200,8
T5,4,1,114,3
T6,5,1,90,2
T7,6,0,41,2
T8,7,0,60,8
T9,8,1,171,2
[22]
T1,0,0,182,2
T2,1,1,130,10
T3,2,0,143,2
T4,3,0,160,15
T5,4,0,112,12
T6,5,0,24,2
T7,6,0,55,2
T8,7,0,22,1
T9,8,0,200,14
[23]
T1,0,0,135,3
T2,1,1,160,8
T3,2,0,35,2
T4,3,1,200,11
T5,4,0,114,2
T6,5,1,171,10
T7,6,1,80,4
T8,7,0,72,11
T9,8,1,25,2
[24]
T1,0,0,99,2
T2,1,0,132,7
T3,2,1,53,1
T4,3,1,105,5
T5,4,0,28,1
T6,5,0,160,6
T7,6,1,80,9
T8,7,1,176,25
T9,8,1,200,1
[25]
T1,0,1,200,2
T2,1,0,56,4
T3,2,0,160,7
T4,3,0,65,2
T5,4,0,192,2
T6,5,0,80,21
T7,6,0,50,2
T8,7,1,120,1
T9,8,0,21,1
[26]
T1,0,1,63,5
T2,1,0,140,3
T3,2,1,120,5
T4,3,1,150,9
T5,4,0,35,1
T6,5,1,64,2
T7,6,1,41,2
T8,7,0,200,26
T9,8,0,162,16
[27]
T1,0,1,140,28
T2,1,1,200,6
T3,2,1,194,26
T4,3,0,120,4
T5,4,0,54,2
T6,5,0,97,1
T7,6,0,194,2
T8,7,0,24,1
T9,8,0,70,2
[28]
T1,0,0,120,5
T2,1,1,120,2
T3,2,1,84,12
T4,3,1,160,2
T5,4,1,150,17
T6,5,1,24,2
T7,6,0,98,12
T8,7,1,200,4
T9,8,1,47,1
[29]
T1,0,0,29,2
T2,1,0,108,2
T3,2,1,200,9
T4,3,0,175,1
T5,4,1,35,1
T6,5,1,66,7
T7,6,0,150,1
T8,7,0,105,10
T9,8,0,112,5
[30]
T1,0,1,200,2
T2,1,1,192,21
T3,2,1,80,2
T4,3,1,24,1
T5,4,1,75,2
T6,5,0,144,1
T7,6,0,80,5
T8,7,1,159,2
T9,8,0,44,7
[31]
T1,0,0,170,3
T2,1,1,25,1
T3,2,0,136,5
T4,3,1,200,25
T5,4,0,68,2
T6,5,1,59,2
T7,6,0,52,3
T8,7,1,80,9
T9,8,0,170,4
[32]
T1,0,0,30,2
T2,1,1,195,18
T3,2,1,120,15
T4,3,0,39,2
T5,4,1,195,11
T6,5,1,120,2
T7,6,1,65,2
T8,7,0,100,1
T9,8,0,200,26
[33]
T1,0,0,200,2
T2,1,0,104,1
T3,2,0,156,21
T4,3,0,37,2
T5,4,0,143,1
T6,5,1,130,2
T7,6,1,165,28
T8,7,0,36,1
T9,8,0,117,11
[34]
T1,0,0,168,9
T2,1,1,108,3
T3,2,0,63,3
T4,3,0,40,1
T5,4,1,135,3
T6,5,0,200,39
T7,6,0,25,2
T8,7,0,161,3
T9,8,1,90,2
[35]
T1,0,0,98,4
T2,1,0,52,2
T3,2,1,200,23
T4,3,0,168,2
T5,4,1,49,2
T6,5,1,190,10
T7,6,1,100,2
T8,7,0,70,11
T9,8,0,76,5
[36]
T1,0,1,150,1
T2,1,1,60,1
T3,2,1,112,4
T4,3,0,100,17
T5,4,1,144,2
T6,5,1,200,13
T7,6,1,42,1
T8,7,0,195,22
T9,8,0,50,2
[37]
T1,0,1,200,2
T2,1,0,126,7
T3,2,1,125,13
T4,3,1,140,12
T5,4,1,198,16
T6,5,1,70,2
T7,6,1,51,2
T8,7,0,21,1
T9,8,0,175,1
[38]
T1,0,1,171,15
T2,1,0,200,33
T3,2,1,57,2
T4,3,1,144,2
T5,4,1,180,2
T6,5,1,39,3
T7,6,1,24,1
T8,7,0,130,5
T9,8,0,60,2
[39]
T1,0,1,180,8
T2,1,0,132,9
T3,2,1,36,2
T4,3,1,66,6
T5,4,0,135,2
T6,5,0,55,10
T7,6,0,200,2
T8,7,0,176,1
T9,8,1,35,2
[40]
T1,0,0,100,3
T2,1,0,112,12
T3,2,0,154,12
T4,3,0,176,6
T5,4,0,22,1
T6,5,1,63,10
T7,6,1,72,2
T8,7,1,200,3
T9,8,0,39,2
[41]
T1,0,1,33,2
T2,1,1,200,5
T3,2,1,84,2
T4,3,0,168,9
T5,4,0,77,1
T6,5,1,126,2
T7,6,0,56,1
T8,7,1,35,1
T9,8,0,150,40
[42]
T1,0,0,182,2
T2,1,1,70,2
T3,2,1,30,1
T4,3,0,52,7
T5,4,0,168,17
T6,5,1,112,10
T7,6,1,117,2
T8,7,1,200,2
T9,8,0,65,4
[43]
T1,0,1,63,1
T2,1,1,63,6
T3,2,0,160,1
T4,3,0,60,1
T5,4,1,200,1
T6,5,0,45,6
T7,6,1,24,2
T8,7,0,88,5
T9,8,1,175,19
[44]
T1,0,0,21,1
T2,1,0,140,3
T3,2,1,126,13
T4,3,0,175,32
T5,4,0,27,2
T6,5,0,80,4
T7,6,0,144,1
T8,7,1,200,1
T9,8,0,175,6
[45]
T1,0,1,168,32
T2,1,0,200,7
T3,2,0,50,4
T4,3,0,60,2
T5,4,1,98,2
T6,5,1,196,7
T7,6,1,147,7
T8,7,1,105,3
T9,8,0,24,2
[46]
T1,0,0,25,2
T2,1,0,42,5
T3,2,1,117,2
T4,3,1,130,27
T5,4,1,195,1
T6,5,1,144,4
T7,6,0,200,18
T8,7,1,126,2
T9,8,1,156,2
[47]
T1,0,1,175,2
T2,1,0,63,2
T3,2,1,40,2
T4,3,1,111,1
T5,4,0,200,2
T6,5,1,90,18
T7,6,1,34,2
T8,7,0,100,3
T9,8,1,185,13
[48]
T1,0,1,126,18
T2,1,1,132,6
T3,2,1,41,2
T4,3,1,120,2
T5,4,1,75,3
T6,5,0,160,8
T7,6,1,200,2
T8,7,1,24,3
T9,8,1,180,4
[49]
T1,0,1,28,2
T2,1,1,84,1
T3,2,1,150,7
T4,3,1,112,29
T5,4,1,200,1
T6,5,1,174,7
T7,6,1,84,2
T8,7,1,63,2
T9,8,0,43,2
[50]
T1,0,0,54,4
T2,1,0,120,6
T3,2,0,64,2
T4,3,0,42,2
T5,4,0,192,2
T6,5,0,120,7
T7,6,0,200,15
T8,7,0,22,2
T9,8,0,192,18
[51]
T1,0,0,112,3
T2,1,1,175,12
T3,2,1,180,3
T4,3,1,39,2
T5,4,0,126,34
T6,5,1,65,2
T7,6,0,105,2
T8,7,0,45,2
T9,8,1,200,12
[52]
T1,0,0,77,11
T2,1,1,112,2
T3,2,1,30,2
T4,3,1,26,2
T5,4,1,66,10
T6,5,1,200,4
T7,6,1,70,3
T8,7,1,160,7
T9,8,0,168,1
[53]
T1,0,1,120,8
T2,1,1,50,2
T3,2,0,78,2
T4,3,1,44,2
T5,4,1,60,1
T6,5,1,175,2
T7,6,1,200,7
T8,7,1,156,19
T9,8,0,55,9
[54]
T1,0,0,43,2
T2,1,1,30,1
T3,2,0,136,2
T4,3,1,125,9
T5,4,0,72,4
T6,5,1,135,10
T7,6,0,200,18
T8,7,1,153,11
T9,8,1,153,3
[55]
T1,0,1,80,4
T2,1,0,200,27
T3,2,1,90,6
T4,3,1,171,6
T5,4,1,31,2
T6,5,0,95,1
T7,6,1,192,21
T8,7,0,114,2
T9,8,0,25,2
[56]
T1,0,0,33,2
T2,1,0,114,11
T3,2,0,154,5
T4,3,1,43,1
T5,4,1,150,8
T6,5,0,132,6
T7,6,0,75,8
T8,7,1,70,4
T9,8,1,200,3
[57]
T1,0,1,48,5
T2,1,1,56,1
T3,2,1,100,2
T4,3,1,180,2
T5,4,1,171,21
T6,5,1,76,2
T7,6,0,200,23
T8,7,1,72,3
T9,8,0,48,2
[58]
T1,0,1,182,2
T2,1,0,195,19
T3,2,0,42,1
T4,3,0,65,1
T5,4,1,200,33
T6,5,1,54,3
T7,6,0,140,2
T8,7,1,56,3
T9,8,0,47,2
[59]
T1,0,0,165,1
T2,1,0,198,22
T3,2,0,200,3
T4,3,1,72,13
T5,4,1,50,3
T6,5,1,144,2
T7,6,1,68,1
T8,7,1,99,4
T9,8,1,37,1
[60]
T1,0,0,165,2
T2,1,1,200,39
T3,2,0,150,10
T4,3,0,100,4
T5,4,1,72,2
T6,5,0,56,2
T7,6,0,135,6
T8,7,1,22,1
T9,8,0,52,2
[61]
T1,0,0,33,2
T2,1,1,120,3
T3,2,1,154,9
T4,3,1,200,10
T5,4,1,70,2
T6,5,1,75,8
T7,6,1,88,6
T8,7,0,192,4
T9,8,0,33,3
[62]
T1,0,0,88,11
T2,1,0,200,9
T3,2,0,150,18
T4,3,0,108,6
T5,4,1,144,4
T6,5,0,180,10
T7,6,1,105,2
T8,7,0,36,2
T9,8,1,25,2
[63]
T1,0,1,21,2
T2,1,0,192,1
T3,2,1,180,4
T4,3,0,200,19
T5,4,1,72,6
T6,5,1,34,1
T7,6,1,128,11
T8,7,1,72,9
T9,8,0,60,2
[64]
T1,0,0,56,3
T2,1,1,168,4
T3,2,0,200,1
T4,3,1,175,4
T5,4,0,126,5
T6,5,1,22,3
T7,6,0,54,2
T8,7,1,41,1
T9,8,1,108,11
[65]
T1,0,1,49,3
T2,1,0,54,2
T3,2,0,200,7
T4,3,0,150,27
T5,4,0,176,5
T6,5,0,100,5
T7,6,0,55,4
T8,7,1,84,2
T9,8,0,112,2
[66]
T1,0,0,105,5
T2,1,1,156,2
T3,2,1,182,19
T4,3,0,200,9
T5,4,1,72,5
T6,5,0,46,6
T7,6,0,70,2
T8,7,0,50,2
T9,8,0,75,1
[67]
T1,0,1,150,9
T2,1,1,80,2
T3,2,1,135,6
T4,3,1,42,11
T5,4,0,132,1
T6,5,1,84,1
T7,6,0,165,1
T8,7,0,200,12
T9,8,1,48,2
[68]
T1,0,0,93,8
T2,1,0,30,2
T3,2,0,120,9
T4,3,0,70,2
T5,4,0,200,1
T6,5,0,72,8
T7,6,1,175,11
T8,7,0,50,1
T9,8,0,186,1
[69]
T1,0,1,96,11
T2,1,0,165,14
T3,2,1,76,5
T4,3,1,25,1
T5,4,1,176,1
T6,5,0,110,3
T7,6,0,24,2
T8,7,0,200,8
T9,8,1,60,3
[70]
T1,0,1,160,8
T2,1,0,90,2
T3,2,1,112,2
T4,3,0,168,11
T5,4,1,66,5
T6,5,1,63,8
T7,6,0,28,1
T8,7,1,200,10
T9,8,0,37,2
[71]
T1,0,1,105,1
T2,1,1,80,8
T3,2,1,200,6
T4,3,1,22,3
T5,4,0,88,12
T6,5,0,176,1
T7,6,1,40,2
T8,7,1,112,1
T9,8,1,198,3
[72]
T1,0,1,200,1
T2,1,0,175,6
T3,2,0,72,2
T4,3,1,130,27
T5,4,0,20,1
T6,5,1,53,2
T7,6,1,144,10
T8,7,0,112,2
T9,8,0,195,11
[73]
T1,0,0,180,5
T2,1,0,50,3
T3,2,0,32,1
T4,3,1,165,1
T5,4,0,200,6
T6,5,0,56,2
T7,6,1,66,1
T8,7,1,132,15
T9,8,1,75,13
[74]
T1,0,1,90,3
T2,1,0,81,6
T3,2,1,70,11
T4,3,0,27,1
T5,4,1,160,2
T6,5,1,200,7
T7,6,1,168,4
T8,7,1,84,2
T9,8,0,48,2
[75]
T1,0,0,126,6
T2,1,0,182,3
T3,2,0,200,17
T4,3,1,78,7
T5,4,0,182,1
T6,5,0,130,2
T7,6,1,32,2
T8,7,0,26,4
T9,8,1,120,5
[76]
T1,0,1,140,3
T2,1,1,37,1
T3,2,0,200,30
T4,3,1,52,1
T5,4,1,175,16
T6,5,0,110,3
T7,6,0,140,4
T8,7,1,105,2
T9,8,0,154,13
[77]
T1,0,1,180,18
T2,1,1,200,5
T3,2,1,55,3
T4,3,0,198,2
T5,4,1,108,13
T6,5,1,112,10
T7,6,0,110,3
T8,7,1,24,2
T9,8,0,40,1
[78]
T1,0,0,102,1
T2,1,0,126,18
T3,2,0,175,3
T4,3,0,51,3
T5,4,0,168,1
T6,5,1,72,1
T7,6,1,200,9
T8,7,1,105,3
T9,8,1,49,5
[79]
T1,0,0,108,2
T2,1,0,130,2
T3,2,1,27,1
T4,3,0,160,19
T5,4,0,130,9
T6,5,0,22,2
T7,6,1,104,3
T8,7,1,200,33
T9,8,1,156,2
[80]
T1,0,0,32,2
T2,1,1,180,12
T3,2,0,60,2
T4,3,0,64,4
T5,4,0,52,2
T6,5,0,156,2
T7,6,0,65,12
T8,7,1,200,2
T9,8,1,120,13
[81]
T1,0,1,104,9
T2,1,1,21,2
T3,2,0,105,2
T4,3,0,51,3
T5,4,0,169,5
T6,5,1,65,11
T7,6,0,156,8
T8,7,0,200,3
T9,8,0,100,3
[82]
T1,0,1,200,2
T2,1,0,38,1
T3,2,0,152,5
T4,3,0,140,4
T5,4,0,100,19
T6,5,0,42,3
T7,6,1,114,2
T8,7,0,57,2
T9,8,0,168,8
[83]
T1,0,1,153,14
T2,1,1,144,5
T3,2,0,104,10
T4,3,0,80,2
T5,4,0,50,3
T6,5,1,90,4
T7,6,0,48,2
T8,7,1,153,2
T9,8,1,200,14
[84]
T1,0,0,182,15
T2,1,1,70,2
T3,2,0,105,17
T4,3,0,126,3
T5,4,1,24,1
T6,5,0,135,5
T7,6,0,200,8
T8,7,1,180,10
T9,8,0,25,2
[85]
T1,0,1,105,4
T2,1,0,200,1
T3,2,0,165,10
T4,3,1,36,4
T5,4,1,52,2
T6,5,1,110,18
T7,6,1,168,3
T8,7,1,55,1
T9,8,1,77,2
[86]
T1,0,1,176,8
T2,1,0,200,2
T3,2,1,99,2
T4,3,0,99,6
T5,4,0,60,2
T6,5,0,40,7
T7,6,1,120,1
T8,7,1,150,18
T9,8,0,37,2
[87]
T1,0,1,200,9
T2,1,0,44,2
T3,2,0,150,4
T4,3,0,96,6
T5,4,1,80,6
T6,5,1,160,11
T7,6,1,42,4
T8,7,0,66,2
T9,8,1,143,7
[88]
T1,0,1,189,1
T2,1,0,189,2
T3,2,0,120,4
T4,3,0,200,43
T5,4,0,144,8
T6,5,0,70,2
T7,6,1,52,3
T8,7,1,48,1
T9,8,1,130,7
[89]
T1,0,0,200,26
T2,1,0,156,9
T3,2,0,60,2
T4,3,1,105,6
T5,4,0,35,3
T6,5,1,182,4
T7,6,1,100,6
T8,7,0,96,5
T9,8,1,27,2
[90]
T1,0,1,175,6
T2,1,0,78,1
T3,2,1,75,6
T4,3,1,30,2
T5,4,0,51,1
T6,5,1,192,14
T7,6,1,112,17
T8,7,0,56,4
T9,8,0,200,3
[91]
T1,0,0,32,3
T2,1,1,200,8
T3,2,0,80,2
T4,3,0,128,4
T5,4,0,156,2
T6,5,1,91,7
T7,6,1,80,5
T8,7,1,192,6
T9,8,0,44,4
[92]
T1,0,1,20,2
T2,1,0,170,5
T3,2,1,105,2
T4,3,1,125,17
T5,4,0,105,12
T6,5,1,170,6
T7,6,0,102,2
T8,7,1,200,12
T9,8,0,30,2
[93]
T1,0,0,100,14
T2,1,0,105,1
T3,2,1,35,2
T4,3,1,75,2
T5,4,0,44,2
T6,5,0,200,2
T7,6,1,175,20
T8,7,0,192,32
T9,8,1,112,2
[94]
T1,0,0,50,1
T2,1,0,130,2
T3,2,0,40,5
T4,3,0,130,12
T5,4,1,85,2
T6,5,0,200,11
T7,6,1,168,2
T8,7,0,168,11
T9,8,0,60,3
[95]
T1,0,1,135,7
T2,1,0,35,2
T3,2,0,189,7
T4,3,1,135,7
T5,4,1,105,10
T6,5,0,162,18
T7,6,1,96,2
T8,7,0,200,1
T9,8,1,22,2
[96]
T1,0,0,200,17
T2,1,0,40,4
T3,2,0,65,2
T4,3,1,56,7
T5,4,1,192,11
T6,5,1,70,1
T7,6,0,20,2
T8,7,0,195,2
T9,8,0,70,3
[97]
T1,0,0,180,12
T2,1,0,84,5
T3,2,0,56,2
T4,3,0,154,6
T5,4,1,84,4
T6,5,1,22,1
T7,6,0,200,4
T8,7,0,27,2
T9,8,1,140,21
[98]
T1,0,0,20,2
T2,1,0,200,2
T3,2,0,100,12
T4,3,0,56,2
T5,4,0,77,2
T6,5,1,150,12
T7,6,1,165,5
T8,7,1,54,2
T9,8,1,72,2
[99]
T1,0,1,189,4
T2,1,1,81,5
T3,2,0,150,5
T4,3,0,20,2
T5,4,0,125,2
T6,5,1,125,9
T7,6,0,56,8
T8,7,1,200,21
T9,8,1,41,1
[100]
T1,0,0,126,14
T2,1,1,63,2
T3,2,1,96,9
T4,3,1,196,14
T5,4,0,42,2
T6,5,1,112,4
T7,6,0,200,4
T8,7,1,150,5
T9,8,0,35,2
[101]
T1,0,1,200,19
T2,1,0,114,1
T3,2,0,168,3
T4,3,1,72,6
T5,4,0,84,5
T6,5,1,175,1
T7,6,1,84,2
T8,7,0,25,2
T9,8,1,37,2
[102]
T1,0,1,26,3
T2,1,0,117,4
T3,2,1,130,2
T4,3,1,63,8
T5,4,1,46,3
T6,5,0,180,9
T7,6,0,168,6
T8,7,0,80,2
T9,8,0,200,1
[103]
T1,0,1,154,7
T2,1,1,126,15
T3,2,1,154,14
T4,3,0,99,2
T5,4,0,105,8
T6,5,1,200,3
T7,6,0,144,5
T8,7,0,38,1
T9,8,1,21,1
[104]
T1,0,1,63,6
T2,1,0,39,2
T3,2,1,200,5
T4,3,0,70,4
T5,4,0,140,1
T6,5,0,196,4
T7,6,1,120,4
T8,7,0,154,15
T9,8,1,40,1
[105]
T1,0,0,112,1
T2,1,0,168,14
T3,2,1,135,3
T4,3,0,176,16
T5,4,0,100,3
T6,5,0,43,1
T7,6,0,140,7
T8,7,1,200,23
T9,8,1,22,2
[106]
T1,0,0,105,4
T2,1,1,46,2
T3,2,0,56,1
T4,3,1,40,4
T5,4,0,93,1
T6,5,0,200,15
T7,6,0,175,11
T8,7,0,186,7
T9,8,0,112,11
[107]
T1,0,1,200,12
T2,1,0,90,6
T3,2,1,150,5
T4,3,1,22,2
T5,4,1,156,8
T6,5,1,56,3
T7,6,1,70,6
T8,7,0,117,2
T9,8,0,35,3
[108]
T1,0,1,171,9
T2,1,1,200,2
T3,2,1,84,2
T4,3,0,31,2
T5,4,0,114,19
T6,5,0,180,40
T7,6,0,42,2
T8,7,1,90,1
T9,8,1,144,2
[109]
T1,0,0,72,4
T2,1,0,200,1
T3,2,1,75,2
T4,3,0,184,5
T5,4,1,25,4
T6,5,1,81,6
T7,6,0,184,3
T8,7,1,81,2
T9,8,0,23,2
[110]
T1,0,1,120,2
T2,1,0,200,5
T3,2,0,77,1
T4,3,0,38,4
T5,4,0,154,22
T6,5,1,43,2
T7,6,1,100,4
T8,7,1,66,2
T9,8,0,175,15
[111]
T1,0,0,112,8
T2,1,0,84,6
T3,2,1,72,1
T4,3,1,27,2
T5,4,0,32,2
T6,5,1,105,20
T7,6,0,200,7
T8,7,0,189,3
T9,8,0,147,6
[112]
T1,0,0,132,2
T2,1,0,96,5
T3,2,0,175,9
T4,3,0,200,13
T5,4,0,175,7
T6,5,1,36,2
T7,6,0,66,7
T8,7,1,36,2
T9,8,0,55,4
[113]
T1,0,0,90,3
T2,1,1,153,7
T3,2,0,65,7
T4,3,0,52,2
T5,4,0,153,5
T6,5,1,200,2
T7,6,1,80,1
T8,7,1,72,10
T9,8,1,24,2
[114]
T1,0,1,150,2
T2,1,0,190,2
T3,2,1,200,19
T4,3,0,44,2
T5,4,0,31,2
T6,5,0,77,5
T7,6,1,56,1
T8,7,0,70,4
T9,8,1,56,3
[115]
T1,0,0,119,6
T2,1,1,119,2
T3,2,0,200,9
T4,3,1,27,2
T5,4,0,63,3
T6,5,1,70,5
T7,6,0,180,35
T8,7,0,150,7
T9,8,0,35,2
[116]
T1,0,1,40,4
T2,1,1,200,6
T3,2,1,185,23
T4,3,1,175,17
T5,4,1,42,2
T6,5,0,120,1
T7,6,0,100,2
T8,7,1,140,13
T9,8,0,90,2
[117]
T1,0,1,90,2
T2,1,0,75,12
T3,2,1,150,9
T4,3,0,54,1
T5,4,0,39,2
T6,5,1,25,2
T7,6,0,200,11
T8,7,0,189,10
T9,8,0,72,1
[118]
T1,0,0,200,8
T2,1,1,22,2
T3,2,1,20,2
T4,3,1,152,6
T5,4,0,76,2
T6,5,1,57,2
T7,6,0,152,18
T8,7,0,55,5
T9,8,0,56,1
[119]
T1,0,0,52,2
T2,1,0,66,4
T3,2,0,22,2
T4,3,0,54,1
T5,4,0,132,15
T6,5,0,99,1
T7,6,0,162,9
T8,7,1,165,15
T9,8,1,200,14
[120]
T1,0,1,200,4
T2,1,1,112,7
T3,2,1,36,2
T4,3,0,150,25
T5,4,0,119,5
T6,5,0,120,19
T7,6,0,170,2
T8,7,1,68,2
T9,8,1,45,1
[121]
T1,0,1,200,20
T2,1,0,72,10
T3,2,1,168,1
T4,3,1,45,1
T5,4,1,136,2
T6,5,0,45,1
T7,6,0,189,5
T8,7,1,126,15
T9,8,0,56,2
[122]
T1,0,0,21,3
T2,1,1,150,1
T3,2,0,70,7
T4,3,1,21,2
T5,4,0,84,1
T6,5,1,96,5
T7,6,0,168,13
T8,7,0,98,6
T9,8,1,200,3
[123]
T1,0,1,38,2
T2,1,0,88,2
T3,2,0,90,5
T4,3,1,165,3
T5,4,1,165,17
T6,5,0,37,1
T7,6,1,80,1
T8,7,0,200,1
T9,8,1,99,16
[124]
T1,0,1,110,5
T2,1,1,123,6
T3,2,1,120,7
T4,3,0,37,1
T5,4,0,198,27
T6,5,0,200,3
T7,6,0,132,11
T8,7,1,41,2
T9,8,1,150,6
[125]
T1,0,1,78,2
T2,1,1,54,2
T3,2,1,34,2
T4,3,1,130,9
T5,4,1,65,1
T6,5,0,182,12
T7,6,0,200,1
T8,7,1,180,25
T9,8,0,63,3
[126]
T1,0,1,195,1
T2,1,0,52,4
T3,2,0,39,2
T4,3,0,96,2
T5,4,0,156,2
T6,5,0,72,2
T7,6,0,200,22
T8,7,0,72,14
T9,8,1,65,2
[127]
T1,0,1,80,2
T2,1,1,198,10
T3,2,1,92,6
T4,3,1,88,4
T5,4,1,200,6
T6,5,1,150,5
T7,6,1,40,4
T8,7,0,60,2
T9,8,0,44,5
[128]
T1,0,0,54,2
T2,1,1,99,17
T3,2,0,110,10
T4,3,0,156,7
T5,4,1,200,8
T6,5,1,130,1
T7,6,0,23,2
T8,7,1,156,6
T9,8,1,25,2
[129]
T1,0,1,200,15
T2,1,0,49,2
T3,2,0,160,19
T4,3,1,80,5
T5,4,0,154,2
T6,5,0,110,2
T7,6,0,29,2
T8,7,1,100,5
T9,8,1,88,6
[130]
T1,0,1,75,4
T2,1,0,54,2
T3,2,1,80,2
T4,3,0,100,4
T5,4,0,200,17
T6,5,0,96,5
T7,6,1,180,12
T8,7,0,32,3
T9,8,1,148,9
[131]
T1,0,0,100,7
T2,1,0,57,8
T3,2,1,84,1
T4,3,1,168,2
T5,4,1,200,28
T6,5,0,150,1
T7,6,1,108,3
T8,7,1,25,1
T9,8,0,25,2
[132]
T1,0,0,150,1
T2,1,0,200,25
T3,2,1,164,16
T4,3,0,99,6
T5,4,1,44,5
T6,5,0,60,2
T7,6,1,32,2
T8,7,1,60,2
T9,8,0,72,1
[133]
T1,0,1,80,5
T2,1,0,190,2
T3,2,0,50,6
T4,3,1,176,11
T5,4,0,66,2
T6,5,0,95,1
T7,6,0,30,1
T8,7,1,144,14
T9,8,1,200,7
[134]
T1,0,1,200,5
T2,1,1,195,2
T3,2,0,41,9
T4,3,1,40,1
T5,4,0,57,2
T6,5,0,65,1
T7,6,0,152,5
T8,7,0,144,1
T9,8,0,114,12
[135]
T1,0,0,154,4
T2,1,1,54,5
T3,2,1,30,1
T4,3,1,48,4
T5,4,1,200,4
T6,5,0,135,5
T7,6,0,99,2
T8,7,0,135,2
T9,8,0,180,26
[136]
T1,0,1,143,6
T2,1,0,200,5
T3,2,0,22,2
T4,3,0,143,10
T5,4,1,150,45
T6,5,1,60,2
T7,6,0,140,2
T8,7,1,21,2
T9,8,0,182,2
[137]
T1,0,0,96,4
T2,1,1,60,2
T3,2,1,32,1
T4,3,0,77,1
T5,4,0,200,10
T6,5,1,20,2
T7,6,1,77,11
T8,7,1,160,1
T9,8,0,175,4
[138]
T1,0,1,200,9
T2,1,0,180,13
T3,2,0,34,2
T4,3,0,90,1
T5,4,0,54,2
T6,5,0,180,15
T7,6,1,24,1
T8,7,1,85,7
T9,8,1,90,7
[139]
T1,0,0,120,4
T2,1,0,96,1
T3,2,0,95,4
T4,3,1,180,13
T5,4,0,27,4
T6,5,1,200,4
T7,6,1,23,2
T8,7,0,95,8
T9,8,0,192,8
[140]
T1,0,1,130,3
T2,1,1,156,8
T3,2,0,25,2
T4,3,1,66,2
T5,4,1,130,2
T6,5,0,23,3
T7,6,1,200,2
T8,7,0,165,10
T9,8,0,120,11
[141]
T1,0,0,34,6
T2,1,1,45,5
T3,2,1,142,9
T4,3,1,200,10
T5,4,0,150,2
T6,5,1,168,9
T7,6,0,120,2
T8,7,0,126,2
T9,8,1,63,2
[142]
T1,0,0,200,14
T2,1,1,96,3
T3,2,1,76,6
T4,3,0,114,2
T5,4,1,176,2
T6,5,1,190,32
T7,6,0,40,2
T8,7,1,76,6
T9,8,1,25,2
[143]
T1,0,0,54,1
T2,1,1,154,2
T3,2,1,175,9
T4,3,1,72,1
T5,4,0,60,10
T6,5,1,200,12
T7,6,0,22,2
T8,7,1,132,2
T9,8,1,126,1
[144]
T1,0,0,175,2
T2,1,0,126,2
T3,2,1,160,28
T4,3,1,90,3
T5,4,0,200,2
T6,5,1,37,1
T7,6,0,60,11
T8,7,1,20,2
T9,8,1,85,1
[145]
T1,0,1,144,2
T2,1,0,49,3
T3,2,0,63,6
T4,3,1,42,2
T5,4,1,152,6
T6,5,1,114,14
T7,6,0,140,2
T8,7,1,190,5
T9,8,0,200,7
[146]
T1,0,1,29,1
T2,1,0,40,2
T3,2,0,200,3
T4,3,1,65,17
T5,4,0,90,2
T6,5,1,192,5
T7,6,0,60,2
T8,7,1,180,2
T9,8,0,78,7
[147]
T1,0,1,128,7
T2,1,0,112,1
T3,2,1,200,2
T4,3,1,154,22
T5,4,1,84,1
T6,5,1,64,1
T7,6,0,50,5
T8,7,1,150,18
T9,8,0,29,2
[148]
T1,0,1,162,8
T2,1,1,120,3
T3,2,0,51,4
T4,3,1,80,2
T5,4,1,80,14
T6,5,1,50,1
T7,6,0,192,7
T8,7,1,112,4
T9,8,0,200,1
[149]
T1,0,1,126,8
T2,1,1,80,6
T3,2,1,162,15
T4,3,1,200,1
T5,4,1,168,2
T6,5,1,25,1
T7,6,0,70,2
T8,7,1,112,13
T9,8,0,20,2
[150]
T1,0,1,105,1
T2,1,0,80,6
T3,2,1,165,2
T4,3,0,45,2
T5,4,1,180,2
T6,5,0,135,5
T7,6,1,200,56
T8,7,1,33,1
T9,8,1,100,3
[151]
T1,0,0,31,2
T2,1,1,60,9
T3,2,0,96,3
T4,3,1,76,7
T5,4,0,76,8
T6,5,1,152,8
T7,6,1,200,2
T8,7,1,24,2
T9,8,0,152,2
[152]
T1,0,0,26,2
T2,1,1,76,6
T3,2,0,120,23
T4,3,1,190,5
T5,4,1,57,1
T6,5,1,152,2
T7,6,1,45,2
T8,7,0,87,3
T9,8,0,200,19
[153]
T1,0,0,65,1
T2,1,1,65,2
T3,2,0,200,8
T4,3,0,24,2
T5,4,1,180,15
T6,5,1,60,4
T7,6,1,47,6
T8,7,1,180,2
T9,8,1,65,5
[154]
T1,0,1,168,2
T2,1,0,24,2
T3,2,1,60,2
T4,3,0,170,18
T5,4,1,136,15
T6,5,1,36,2
T7,6,1,102,1
T8,7,1,144,27
T9,8,0,200,4
[155]
T1,0,0,87,5
T2,1,0,200,28
T3,2,1,160,2
T4,3,1,29,1
T5,4,0,87,4
T6,5,1,100,2
T7,6,1,116,14
T8,7,0,176,2
T9,8,1,46,1
[156]
T1,0,0,150,8
T2,1,0,66,1
T3,2,1,50,1
T4,3,1,105,2
T5,4,1,125,6
T6,5,0,90,16
T7,6,0,47,2
T8,7,1,168,14
T9,8,1,200,2
[157]
T1,0,0,52,3
T2,1,0,33,4
T3,2,0,200,9
T4,3,0,70,4
T5,4,1,100,2
T6,5,0,128,11
T7,6,0,165,2
T8,7,0,154,5
T9,8,1,64,2
[158]
T1,0,0,130,7
T2,1,1,90,2
T3,2,1,200,2
T4,3,0,72,6
T5,4,0,38,2
T6,5,0,180,13
T7,6,1,48,4
T8,7,0,100,4
T9,8,0,180,5
[159]
T1,0,1,54,2
T2,1,1,198,8
T3,2,0,126,8
T4,3,1,198,12
T5,4,1,32,1
T6,5,0,140,2
T7,6,1,66,14
T8,7,1,60,2
T9,8,1,200,7
[160]
T1,0,1,150,21
T2,1,0,90,2
T3,2,0,180,19
T4,3,0,125,5
T5,4,1,200,14
T6,5,0,32,2
T7,6,0,34,1
T8,7,1,135,5
T9,8,0,105,2
[161]
T1,0,1,156,6
T2,1,1,56,2
T3,2,0,192,20
T4,3,0,35,1
T5,4,0,75,9
T6,5,1,140,13
T7,6,1,200,7
T8,7,0,78,2
T9,8,0,20,2
[162]
T1,0,1,66,7
T2,1,1,45,7
T3,2,1,66,2
T4,3,1,100,3
T5,4,0,187,2
T6,5,1,200,8
T7,6,0,85,5
T8,7,0,25,2
T9,8,0,150,2
[163]
T1,0,0,184,8
T2,1,0,95,1
T3,2,1,38,2
T4,3,0,22,1
T5,4,0,150,1
T6,5,0,95,7
T7,6,0,57,5
T8,7,0,90,3
T9,8,0,200,20
[164]
T1,0,0,147,2
T2,1,0,112,7
T3,2,1,96,9
T4,3,0,22,2
T5,4,0,42,1
T6,5,1,200,4
T7,6,1,144,6
T8,7,1,175,19
T9,8,1,60,6
[165]
T1,0,0,192,10
T2,1,1,145,4
T3,2,0,96,2
T4,3,1,84,9
T5,4,1,150,4
T6,5,0,96,4
T7,6,1,28,1
T8,7,1,23,2
T9,8,1,200,14
[166]
T1,0,0,100,22
T2,1,1,198,4
T3,2,0,200,10
T4,3,0,90,1
T5,4,0,104,4
T6,5,0,41,1
T7,6,0,65,1
T8,7,1,44,3
T9,8,0,150,1
[167]
T1,0,0,38,1
T2,1,1,189,14
T3,2,1,75,2
T4,3,0,200,23
T5,4,1,152,13
T6,5,0,120,2
T7,6,0,24,3
T8,7,1,114,1
T9,8,1,133,2
[168]
T1,0,1,28,1
T2,1,1,112,2
T3,2,0,36,1
T4,3,1,140,5
T5,4,1,60,1
T6,5,0,200,17
T7,6,1,75,5
T8,7,0,155,1
T9,8,1,186,28
[169]
T1,0,0,80,2
T2,1,0,165,6
T3,2,1,198,2
T4,3,0,68,2
T5,4,1,110,1
T6,5,0,144,16
T7,6,1,51,5
T8,7,1,200,2
T9,8,0,44,8
[170]
T1,0,0,200,4
T2,1,1,56,2
T3,2,0,100,1
T4,3,0,168,8
T5,4,0,168,3
T6,5,0,108,2
T7,6,1,33,1
T8,7,1,48,2
T9,8,0,55,18
[171]
T1,0,0,40,2
T2,1,1,33,4
T3,2,1,75,3
T4,3,1,96,2
T5,4,1,160,2
T6,5,0,100,7
T7,6,0,126,11
T8,7,0,198,1
T9,8,1,200,18
[172]
T1,0,0,184,1
T2,1,1,66,6
T3,2,0,200,1
T4,3,0,110,7
T5,4,0,50,1
T6,5,0,55,4
T7,6,0,34,2
T8,7,0,184,28
T9,8,0,90,4
[173]
T1,0,0,32,2
T2,1,0,66,2
T3,2,0,165,10
T4,3,1,175,29
T5,4,1,70,1
T6,5,1,200,13
T7,6,1,100,3
T8,7,0,42,2
T9,8,1,121,2
[174]
T1,0,0,75,6
T2,1,0,56,3
T3,2,1,200,16
T4,3,1,70,1
T5,4,0,152,3
T6,5,0,196,12
T7,6,1,25,3
T8,7,0,75,2
T9,8,1,27,2
[175]
T1,0,1,135,10
T2,1,1,175,2
T3,2,0,40,2
T4,3,1,120,6
T5,4,1,180,15
T6,5,1,108,2
T7,6,1,128,12
T8,7,0,200,5
T9,8,1,39,2
[176]
T1,0,0,36,2
T2,1,0,80,8
T3,2,0,75,2
T4,3,1,200,34
T5,4,0,150,2
T6,5,1,119,6
T7,6,0,150,1
T8,7,1,119,2
T9,8,1,26,1
[177]
T1,0,1,175,23
T2,1,1,98,6
T3,2,1,92,6
T4,3,0,92,3
T5,4,1,200,2
T6,5,0,24,2
T7,6,1,175,7
T8,7,0,43,2
T9,8,1,69,1
[178]
T1,0,0,133,1
T2,1,1,30,3
T3,2,0,200,17
T4,3,1,63,2
T5,4,1,171,15
T6,5,0,27,1
T7,6,0,190,11
T8,7,0,144,1
T9,8,0,95,2
[179]
T1,0,0,170,2
T2,1,0,40,3
T3,2,1,68,5
T4,3,1,72,2
T5,4,0,68,14
T6,5,0,100,1
T7,6,0,40,2
T8,7,0,200,2
T9,8,0,175,5
[180]
T1,0,0,63,1
T2,1,1,160,20
T3,2,0,80,2
T4,3,1,21,2
T5,4,1,200,2
T6,5,0,95,13
T7,6,1,150,8
T8,7,0,20,2
T9,8,1,114,6
[181]
T1,0,1,135,6
T2,1,1,100,2
T3,2,0,200,14
T4,3,1,42,2
T5,4,0,108,3
T6,5,1,150,17
T7,6,1,108,5
T8,7,1,30,2
T9,8,1,165,18
[182]
T1,0,0,75,1
T2,1,0,176,20
T3,2,1,55,5
T4,3,0,115,5
T5,4,1,176,14
T6,5,1,50,1
T7,6,0,200,7
T8,7,1,110,5
T9,8,1,24,2
[183]
T1,0,0,37,1
T2,1,0,39,2
T3,2,1,120,2
T4,3,0,78,2
T5,4,1,182,10
T6,5,1,200,2
T7,6,0,154,24
T8,7,1,132,19
T9,8,1,65,4
[184]
T1,0,0,108,2
T2,1,1,200,1
T3,2,1,33,2
T4,3,1,108,6
T5,4,1,160,2
T6,5,1,27,2
T7,6,1,175,23
T8,7,1,135,19
T9,8,0,75,8
[185]
T1,0,1,175,2
T2,1,0,43,2
T3,2,1,25,1
T4,3,1,200,2
T5,4,0,100,2
T6,5,0,195,18
T7,6,0,126,2
T8,7,1,56,1
T9,8,1,125,29
[186]
T1,0,0,104,2
T2,1,0,43,5
T3,2,0,168,4
T4,3,1,100,2
T5,4,1,65,3
T6,5,0,150,16
T7,6,1,25,2
T8,7,1,125,3
T9,8,0,200,1
[187]
T1,0,0,200,12
T2,1,1,110,4
T3,2,0,176,13
T4,3,1,160,1
T5,4,1,51,2
T6,5,0,88,1
T7,6,0,80,3
T8,7,1,91,11
T9,8,1,20,1
[188]
T1,0,0,50,3
T2,1,0,57,2
T3,2,1,200,18
T4,3,0,77,2
T5,4,1,51,2
T6,5,1,152,7
T7,6,0,60,2
T8,7,0,168,14
T9,8,1,70,8
[189]
T1,0,1,90,2
T2,1,1,21,1
T3,2,0,78,7
T4,3,0,156,7
T5,4,0,185,6
T6,5,0,104,2
T7,6,1,74,3
T8,7,1,200,23
T9,8,0,36,1
[190]
T1,0,0,60,5
T2,1,0,23,2
T3,2,1,28,4
T4,3,1,80,2
T5,4,0,150,1
T6,5,0,80,11
T7,6,1,147,2
T8,7,1,200,4
T9,8,0,180,12
[191]
T1,0,0,200,25
T2,1,0,56,4
T3,2,0,20,2
T4,3,1,132,2
T5,4,1,105,11
T6,5,0,176,1
T7,6,0,135,1
T8,7,1,37,2
T9,8,0,198,12
[192]
T1,0,1,30,2
T2,1,0,98,2
T3,2,0,80,1
T4,3,1,175,15
T5,4,1,200,13
T6,5,0,189,20
T7,6,1,108,3
T8,7,1,20,1
T9,8,1,56,5
[193]
T1,0,1,135,14
T2,1,0,86,2
T3,2,1,200,2
T4,3,0,180,31
T5,4,0,172,12
T6,5,0,75,2
T7,6,1,36,2
T8,7,0,53,4
T9,8,0,135,1
[194]
T1,0,0,160,3
T2,1,0,192,8
T3,2,0,40,2
T4,3,1,66,4
T5,4,0,24,2
T6,5,1,128,12
T7,6,1,72,2
T8,7,1,200,12
T9,8,1,72,2
[195]
T1,0,1,175,3
T2,1,1,46,4
T3,2,0,98,2
T4,3,0,72,2
T5,4,0,70,2
T6,5,1,200,22
T7,6,0,45,1
T8,7,1,70,12
T9,8,0,198,5
[196]
T1,0,1,108,2
T2,1,1,54,2
T3,2,0,175,14
T4,3,0,175,2
T5,4,0,128,1
T6,5,0,30,2
T7,6,0,200,3
T8,7,1,108,11
T9,8,1,39,9
[197]
T1,0,0,84,1
T2,1,0,200,29
T3,2,1,70,5
T4,3,0,169,5
T5,4,1,169,4
T6,5,0,53,1
T7,6,0,70,5
T8,7,1,52,3
T9,8,1,65,1
[198]
T1,0,1,50,3
T2,1,0,40,7
T3,2,0,133,3
T4,3,1,152,14
T5,4,0,112,2
T6,5,0,95,2
T7,6,1,85,3
T8,7,1,152,6
T9,8,0,200,1
[199]
T1,0,0,168,1
T2,1,1,42,2
T3,2,0,150,5
T4,3,1,68,2
T5,4,1,23,2
T6,5,0,200,11
T7,6,1,63,6
T8,7,0,85,3
T9,8,1,72,6
[200]
T1,0,1,66,2
T2,1,1,43,2
T3,2,0,200,16
T4,3,1,176,7
T5,4,0,78,3
T6,5,1,22,2
T7,6,0,120,2
T8,7,1,180,21
T9,8,0,104,8
[201]
T1,0,0,78,5
T2,1,1,30,2
T3,2,0,104,8
T4,3,0,30,1
T5,4,1,130,1
T6,5,1,168,10
T7,6,0,72,4
T8,7,1,189,3
T9,8,1,200,23
[202]
T1,0,0,27,2
T2,1,0,99,8
T3,2,0,154,3
T4,3,0,140,5
T5,4,0,196,12
T6,5,0,84,2
T7,6,1,22,1
T8,7,1,200,5
T9,8,0,77,11
[203]
T1,0,0,20,2
T2,1,0,63,5
T3,2,0,168,5
T4,3,0,145,5
T5,4,1,47,1
T6,5,1,200,11
T7,6,1,180,16
T8,7,1,140,6
T9,8,1,105,7
[204]
T1,0,0,102,2
T2,1,0,168,1
T3,2,1,200,44
T4,3,1,175,20
T5,4,0,34,2
T6,5,0,55,4
T7,6,1,60,2
T8,7,1,84,2
T9,8,0,28,2
[205]
T1,0,1,66,3
T2,1,0,25,2
T3,2,0,132,4
T4,3,1,176,9
T5,4,1,160,10
T6,5,0,200,31
T7,6,1,108,2
T8,7,1,132,2
T9,8,1,20,1
[206]
T1,0,1,160,15
T2,1,1,200,6
T3,2,0,143,4
T4,3,0,55,2
T5,4,0,34,5
T6,5,1,143,7
T7,6,0,26,2
T8,7,0,132,9
T9,8,0,176,3
[207]
T1,0,1,63,2
T2,1,0,50,3
T3,2,1,200,6
T4,3,1,126,5
T5,4,0,120,2
T6,5,1,155,20
T7,6,0,25,1
T8,7,1,155,9
T9,8,0,56,4
[208]
T1,0,1,43,4
T2,1,0,175,11
T3,2,0,56,2
T4,3,0,140,9
T5,4,1,96,5
T6,5,0,200,2
T7,6,0,21,2
T8,7,0,100,12
T9,8,0,172,6
[209]
T1,0,1,155,14
T2,1,0,90,2
T3,2,0,22,2
T4,3,0,150,2
T5,4,0,33,2
T6,5,0,72,2
T7,6,1,200,14
T8,7,0,75,6
T9,8,1,90,2
[210]
T1,0,0,138,2
T2,1,0,150,8
T3,2,0,140,23
T4,3,1,200,4
T5,4,0,39,2
T6,5,0,45,3
T7,6,0,84,2
T8,7,0,175,2
T9,8,0,112,13
[211]
T1,0,1,57,2
T2,1,1,57,4
T3,2,0,110,9
T4,3,0,114,8
T5,4,1,200,6
T6,5,1,180,8
T7,6,0,31,1
T8,7,0,165,8
T9,8,0,36,1
[212]
T1,0,1,45,1
T2,1,0,156,4
T3,2,0,90,2
T4,3,1,200,17
T5,4,1,156,12
T6,5,0,120,4
T7,6,1,27,2
T8,7,0,60,2
T9,8,1,92,11
[213]
T1,0,1,99,1
T2,1,1,200,2
T3,2,0,154,10
T4,3,1,110,19
T5,4,0,154,12
T6,5,1,60,4
T7,6,0,44,2
T8,7,0,46,3
T9,8,1,63,2
[214]
T1,0,0,33,2
T2,1,0,200,3
T3,2,0,120,18
T4,3,1,154,6
T5,4,0,70,2
T6,5,0,60,12
T7,6,0,34,2
T8,7,0,154,3
T9,8,1,80,2
[215]
T1,0,0,90,2
T2,1,0,200,9
T3,2,1,68,6
T4,3,0,52,6
T5,4,0,150,4
T6,5,1,153,2
T7,6,1,50,2
T8,7,1,126,7
T9,8,1,60,4
[216]
T1,0,0,80,7
T2,1,0,75,3
T3,2,1,42,1
T4,3,1,144,2
T5,4,0,152,1
T6,5,1,35,2
T7,6,0,200,29
T8,7,1,80,9
T9,8,0,171,4
[217]
T1,0,1,28,2
T2,1,1,160,11
T3,2,0,200,24
T4,3,1,138,2
T5,4,0,115,3
T6,5,0,115,6
T7,6,1,92,11
T8,7,0,168,2
T9,8,1,46,2
[218]
T1,0,0,200,31
T2,1,1,80,2
T3,2,1,55,2
T4,3,0,168,19
T5,4,0,21,1
T6,5,0,112,1
T7,6,1,21,2
T8,7,1,175,4
T9,8,0,75,2
[219]
T1,0,0,75,12
T2,1,1,135,2
T3,2,1,156,1
T4,3,0,112,5
T5,4,0,200,2
T6,5,1,126,20
T7,6,0,50,1
T8,7,1,40,2
T9,8,1,156,2
[220]
T1,0,0,105,17
T2,1,0,189,18
T3,2,0,49,2
T4,3,1,100,2
T5,4,1,27,2
T6,5,1,189,9
T7,6,1,114,6
T8,7,1,76,2
T9,8,0,200,2
[221]
T1,0,1,133,13
T2,1,0,171,3
T3,2,1,20,1
T4,3,0,112,2
T5,4,0,171,2
T6,5,0,32,2
T7,6,1,105,1
T8,7,1,200,19
T9,8,0,126,13
[222]
T1,0,0,120,5
T2,1,0,165,2
T3,2,1,88,1
T4,3,1,200,19
T5,4,1,97,1
T6,5,0,194,9
T7,6,1,75,2
T8,7,1,33,5
T9,8,1,36,1
[223]
T1,0,0,175,35
T2,1,0,105,2
T3,2,1,200,15
T4,3,1,46,1
T5,4,1,29,2
T6,5,1,84,5
T7,6,0,84,2
T8,7,1,80,2
T9,8,0,161,14
[224]
T1,0,1,104,2
T2,1,1,144,5
T3,2,0,156,1
T4,3,0,32,1
T5,4,1,108,16
T6,5,1,96,4
T7,6,1,150,2
T8,7,0,200,22
T9,8,0,40,3
[225]
T1,0,1,43,1
T2,1,0,100,9
T3,2,1,80,1
T4,3,1,200,23
T5,4,0,63,2
T6,5,1,24,2
T7,6,0,168,1
T8,7,1,195,44
T9,8,0,130,2
[226]
T1,0,0,189,9
T2,1,0,96,10
T3,2,0,128,1
T4,3,1,105,8
T5,4,1,27,1
T6,5,0,70,2
T7,6,1,150,2
T8,7,0,31,2
T9,8,0,200,25
[227]
T1,0,1,150,4
T2,1,1,160,23
T3,2,1,88,2
T4,3,1,40,2
T5,4,0,200,5
T6,5,0,66,6
T7,6,0,74,4
T8,7,1,120,11
T9,8,0,31,2
[228]
T1,0,0,200,1
T2,1,1,168,2
T3,2,1,21,1
T4,3,1,126,16
T5,4,1,30,2
T6,5,1,100,10
T7,6,0,175,2
T8,7,1,81,6
T9,8,0,90,8
[229]
T1,0,1,150,5
T2,1,1,38,1
T3,2,0,60,1
T4,3,1,150,13
T5,4,0,115,22
T6,5,1,120,1
T7,6,0,200,3
T8,7,1,28,2
T9,8,0,75,3
[230]
T1,0,0,154,3
T2,1,0,192,11
T3,2,1,31,1
T4,3,1,30,2
T5,4,0,132,2
T6,5,0,77,7
T7,6,0,105,10
T8,7,0,200,1
T9,8,0,66,7
[231]
T1,0,0,150,2
T2,1,0,200,19
T3,2,1,21,2
T4,3,0,138,10
T5,4,1,189,12
T6,5,1,115,8
T7,6,1,42,4
T8,7,1,140,2
T9,8,1,100,6
[232]
T1,0,0,21,2
T2,1,0,75,4
T3,2,0,67,12
T4,3,0,168,5
T5,4,0,140,8
T6,5,0,67,2
T7,6,1,23,2
T8,7,1,200,14
T9,8,0,150,12
[233]
T1,0,0,43,2
T2,1,0,72,1
T3,2,0,172,24
T4,3,0,180,3
T5,4,0,60,2
T6,5,1,125,11
T7,6,0,200,9
T8,7,1,50,3
T9,8,1,80,1
[234]
T1,0,0,126,14
T2,1,1,117,2
T3,2,0,42,2
T4,3,0,105,3
T5,4,0,189,2
T6,5,0,91,20
T7,6,0,180,2
T8,7,1,200,9
T9,8,0,27,2
[235]
T1,0,0,200,6
T2,1,1,189,1
T3,2,0,100,6
T4,3,0,135,26
T5,4,1,30,2
T6,5,1,46,3
T7,6,0,105,2
T8,7,1,150,1
T9,8,1,112,2
[236]
T1,0,0,90,14
T2,1,1,30,2
T3,2,0,160,19
T4,3,0,140,18
T5,4,1,112,2
T6,5,1,72,2
T7,6,1,198,6
T8,7,1,25,2
T9,8,1,200,1
[237]
T1,0,1,75,2
T2,1,1,200,8
T3,2,0,168,5
T4,3,1,20,1
T5,4,0,112,3
T6,5,1,145,18
T7,6,1,26,3
T8,7,0,192,2
T9,8,0,116,3
[238]
T1,0,0,200,11
T2,1,0,114,6
T3,2,0,42,2
T4,3,0,60,13
T5,4,1,95,2
T6,5,0,175,3
T7,6,0,63,2
T8,7,1,168,2
T9,8,1,46,5
[239]
T1,0,0,26,2
T2,1,0,26,1
T3,2,0,160,8
T4,3,1,168,5
T5,4,1,84,2
T6,5,1,64,6
T7,6,0,128,23
T8,7,0,96,1
T9,8,1,200,4
[240]
T1,0,1,55,3
T2,1,0,175,12
T3,2,0,200,4
T4,3,0,44,1
T5,4,1,66,7
T6,5,0,75,4
T7,6,0,126,2
T8,7,0,150,5
T9,8,0,37,2
[241]
T1,0,1,39,1
T2,1,0,175,2
T3,2,0,84,5
T4,3,0,29,2
T5,4,1,75,2
T6,5,1,136,1
T7,6,0,150,9
T8,7,0,60,1
T9,8,0,200,36
[242]
T1,0,0,20,1
T2,1,1,78,2
T3,2,1,168,6
T4,3,1,75,6
T5,4,0,200,10
T6,5,1,70,1
T7,6,1,126,3
T8,7,1,189,2
T9,8,0,33,6
[243]
T1,0,1,200,11
T2,1,0,120,3
T3,2,0,195,9
T4,3,0,180,5
T5,4,1,25,2
T6,5,1,80,3
T7,6,1,117,10
T8,7,1,120,9
T9,8,1,27,2
[244]
T1,0,0,42,2
T2,1,1,165,2
T3,2,0,55,2
T4,3,1,50,5
T5,4,0,189,3
T6,5,0,200,18
T7,6,0,90,3
T8,7,0,56,6
T9,8,1,54,2
[245]
T1,0,0,90,11
T2,1,0,40,1
T3,2,0,120,1
T4,3,0,90,2
T5,4,0,123,13
T6,5,1,150,2
T7,6,0,200,10
T8,7,0,156,14
T9,8,1,46,1
[246]
T1,0,1,41,3
T2,1,1,66,2
T3,2,1,84,1
T4,3,1,55,2
T5,4,0,200,2
T6,5,0,189,5
T7,6,1,189,37
T8,7,0,55,4
T9,8,1,21,1
[247]
T1,0,1,147,2
T2,1,1,190,3
T3,2,1,133,3
T4,3,1,114,19
T5,4,1,46,6
T6,5,1,190,17
T7,6,0,133,2
T8,7,1,200,3
T9,8,1,25,2
[248]
T1,0,1,36,3
T2,1,1,200,5
T3,2,0,117,2
T4,3,0,160,10
T5,4,1,126,2
T6,5,1,156,9
T7,6,1,50,3
T8,7,1,105,5
T9,8,0,112,11
[249]
T1,0,1,120,7
T2,1,0,144,16
T3,2,1,40,2
T4,3,1,27,2
T5,4,0,190,4
T6,5,1,200,2
T7,6,0,104,3
T8,7,0,60,3
T9,8,1,180,32
[250]
T1,0,1,156,5
T2,1,1,80,10
T3,2,0,200,6
T4,3,0,46,2
T5,4,1,180,9
T6,5,1,80,2
T7,6,1,60,3
T8,7,1,50,3
T9,8,1,132,6
[251]
T1,0,0,116,6
T2,1,1,56,2
T3,2,0,75,2
T4,3,0,200,14
T5,4,1,180,12
T6,5,1,48,9
T7,6,0,48,2
T8,7,0,168,15
T9,8,0,72,2
[252]
T1,0,0,84,1
T2,1,0,200,9
T3,2,1,32,2
T4,3,0,105,2
T5,4,0,63,7
T6,5,0,30,2
T7,6,1,180,10
T8,7,1,57,7
T9,8,0,190,15
[253]
T1,0,0,175,25
T2,1,0,175,10
T3,2,0,66,1
T4,3,0,30,2
T5,4,0,200,4
T6,5,1,42,1
T7,6,0,84,2
T8,7,0,104,6
T9,8,0,66,6
[254]
T1,0,1,200,22
T2,1,1,42,1
T3,2,1,60,1
T4,3,1,196,2
T5,4,0,160,5
T6,5,1,112,6
T7,6,0,100,2
T8,7,1,35,3
T9,8,0,128,15
[255]
T1,0,1,80,6
T2,1,1,40,2
T3,2,1,84,5
T4,3,0,192,4
T5,4,1,200,13
T6,5,0,30,1
T7,6,1,96,4
T8,7,0,140,2
T9,8,0,180,21
[256]
T1,0,0,99,4
T2,1,0,50,2
T3,2,1,50,7
T4,3,1,168,5
T5,4,0,55,4
T6,5,0,96,4
T7,6,1,160,16
T8,7,1,112,2
T9,8,1,200,6
[257]
T1,0,1,180,9
T2,1,0,75,1
T3,2,0,75,6
T4,3,1,81,4
T5,4,1,21,2
T6,5,0,150,2
T7,6,0,200,12
T8,7,1,45,1
T9,8,1,135,20
[258]
T1,0,1,182,2
T2,1,1,96,2
T3,2,0,70,2
T4,3,1,104,5
T5,4,0,39,4
T6,5,1,39,5
T7,6,0,70,6
T8,7,0,195,3
T9,8,1,200,13
[259]
T1,0,1,200,1
T2,1,0,70,3
T3,2,1,126,4
T4,3,0,175,30
T5,4,1,150,9
T6,5,1,39,2
T7,6,1,42,3
T8,7,0,108,7
T9,8,0,77,2
[260]
T1,0,1,56,2
T2,1,1,55,2
T3,2,0,200,7
T4,3,0,84,4
T5,4,1,36,2
T6,5,1,165,7
T7,6,1,51,1
T8,7,1,63,5
T9,8,0,168,15
[261]
T1,0,0,44,3
T2,1,1,85,8
T3,2,0,120,17
T4,3,1,170,1
T5,4,0,48,1
T6,5,0,168,8
T7,6,1,85,1
T8,7,0,136,4
T9,8,0,200,6
[262]
T1,0,1,75,2
T2,1,0,49,6
T3,2,0,160,1
T4,3,0,120,2
T5,4,1,44,1
T6,5,0,125,18
T7,6,0,80,3
T8,7,0,192,2
T9,8,1,200,22
[263]
T1,0,0,36,1
T2,1,0,136,4
T3,2,1,200,6
T4,3,0,96,4
T5,4,1,168,17
T6,5,1,56,2
T7,6,1,170,19
T8,7,1,120,9
T9,8,0,43,1
[264]
T1,0,0,126,6
T2,1,1,200,7
T3,2,1,48,5
T4,3,1,189,1
T5,4,0,108,4
T6,5,0,144,19
T7,6,1,144,10
T8,7,0,20,2
T9,8,0,160,2
[265]
T1,0,0,110,7
T2,1,0,175,8
T3,2,1,60,4
T4,3,0,36,2
T5,4,1,63,2
T6,5,0,198,17
T7,6,0,36,2
T8,7,1,72,2
T9,8,1,200,20
[266]
T1,0,1,40,3
T2,1,1,108,2
T3,2,1,156,14
T4,3,1,182,14
T5,4,0,200,9
T6,5,0,32,2
T7,6,1,144,5
T8,7,1,90,8
T9,8,1,54,1
[267]
T1,0,1,200,10
T2,1,0,34,5
T3,2,1,171,6
T4,3,0,190,7
T5,4,1,60,2
T6,5,0,136,1
T7,6,0,42,1
T8,7,1,72,10
T9,8,0,57,1
[268]
T1,0,0,35,1
T2,1,0,120,24
T3,2,0,105,4
T4,3,1,200,4
T5,4,1,150,8
T6,5,1,138,2
T7,6,0,98,10
T8,7,0,46,2
T9,8,1,168,2
[269]
T1,0,0,110,4
T2,1,1,75,5
T3,2,1,138,4
T4,3,1,200,1
T5,4,1,46,5
T6,5,1,165,13
T7,6,0,150,6
T8,7,0,42,2
T9,8,0,88,4
[270]
T1,0,0,150,12
T2,1,1,200,4
T3,2,0,96,8
T4,3,0,105,14
T5,4,0,140,10
T6,5,0,66,3
T7,6,1,24,2
T8,7,0,180,2
T9,8,0,43,2
[271]
T1,0,0,70,2
T2,1,1,176,6
T3,2,0,41,2
T4,3,1,40,4
T5,4,0,189,15
T6,5,1,60,6
T7,6,1,80,3
T8,7,0,200,6
T9,8,0,120,4
[272]
T1,0,1,53,3
T2,1,1,88,12
T3,2,0,156,4
T4,3,0,65,3
T5,4,0,100,1
T6,5,0,26,1
T7,6,1,200,2
T8,7,0,175,2
T9,8,1,104,12
[273]
T1,0,0,110,19
T2,1,0,20,1
T3,2,1,168,2
T4,3,0,49,2
T5,4,1,126,6
T6,5,1,154,12
T7,6,1,66,1
T8,7,0,200,8
T9,8,0,105,2
[274]
T1,0,1,200,17
T2,1,1,189,4
T3,2,0,33,2
T4,3,1,63,4
T5,4,0,84,1
T6,5,1,55,1
T7,6,1,28,4
T8,7,0,60,2
T9,8,1,176,13
[275]
T1,0,0,126,10
T2,1,0,45,1
T3,2,0,105,2
T4,3,0,81,11
T5,4,1,196,1
T6,5,1,120,5
T7,6,1,162,14
T8,7,0,200,2
T9,8,1,52,3
[276]
T1,0,1,156,2
T2,1,1,120,4
T3,2,1,108,2
T4,3,1,100,1
T5,4,0,200,55
T6,5,0,195,2
T7,6,0,41,2
T8,7,1,60,7
T9,8,1,40,2
[277]
T1,0,1,140,8
T2,1,1,135,3
T3,2,0,200,17
T4,3,1,105,6
T5,4,0,135,3
T6,5,0,21,1
T7,6,1,160,2
T8,7,0,175,6
T9,8,0,36,4
[278]
T1,0,1,200,3
T2,1,0,35,3
T3,2,1,160,2
T4,3,1,72,2
T5,4,1,21,2
T6,5,0,90,2
T7,6,1,102,28
T8,7,1,180,1
T9,8,1,72,2
[279]
T1,0,1,168,8
T2,1,1,38,2
T3,2,0,28,2
T4,3,1,200,5
T5,4,1,195,16
T6,5,1,140,7
T7,6,0,130,1
T8,7,0,60,10
T9,8,1,64,1
[280]
T1,0,1,33,2
T2,1,1,132,3
T3,2,1,55,7
T4,3,1,175,7
T5,4,0,200,10
T6,5,0,170,2
T7,6,0,102,4
T8,7,1,132,10
T9,8,0,46,5
[281]
T1,0,1,152,4
T2,1,0,38,2
T3,2,0,144,9
T4,3,0,46,2
T5,4,0,80,2
T6,5,1,180,3
T7,6,0,90,2
T8,7,1,200,52
T9,8,1,114,3
[282]
T1,0,0,27,2
T2,1,0,105,14
T3,2,1,72,2
T4,3,1,120,12
T5,4,1,126,5
T6,5,0,175,4
T7,6,0,200,24
T8,7,1,22,2
T9,8,0,168,2
[283]
T1,0,1,105,2
T2,1,0,120,1
T3,2,1,42,4
T4,3,1,196,4
T5,4,1,196,5
T6,5,0,64,3
T7,6,0,200,5
T8,7,0,140,24
T9,8,1,38,2
[284]
T1,0,1,117,2
T2,1,1,130,5
T3,2,1,52,2
T4,3,1,182,5
T5,4,1,200,17
T6,5,0,63,2
T7,6,0,117,14
T8,7,0,180,5
T9,8,1,30,3
[285]
T1,0,0,20,2
T2,1,1,60,3
T3,2,1,100,2
T4,3,0,196,13
T5,4,1,24,2
T6,5,0,104,2
T7,6,0,98,2
T8,7,1,182,16
T9,8,1,200,16
[286]
T1,0,0,90,2
T2,1,1,200,7
T3,2,0,36,1
T4,3,0,182,5
T5,4,0,36,1
T6,5,1,90,1
T7,6,1,90,17
T8,7,0,160,8
T9,8,0,56,3
[287]
T1,0,0,24,3
T2,1,1,77,9
T3,2,1,126,5
T4,3,1,196,5
T5,4,0,49,3
T6,5,1,132,3
T7,6,0,180,2
T8,7,0,200,10
T9,8,0,99,2
[288]
T1,0,0,26,2
T2,1,0,170,26
T3,2,1,120,2
T4,3,1,39,2
T5,4,0,72,3
T6,5,0,170,5
T7,6,1,80,3
T8,7,0,130,15
T9,8,0,200,11
[289]
T1,0,1,175,6
T2,1,0,144,9
T3,2,0,26,2
T4,3,0,40,3
T5,4,0,120,9
T6,5,0,90,6
T7,6,1,195,3
T8,7,1,130,8
T9,8,0,200,9
[290]
T1,0,0,120,5
T2,1,1,200,4
T3,2,1,180,9
T4,3,0,138,5
T5,4,1,52,2
T6,5,1,136,10
T7,6,1,184,13
T8,7,1,23,3
T9,8,1,120,2
[291]
T1,0,0,64,1
T2,1,1,150,1
T3,2,0,160,8
T4,3,0,82,20
T5,4,1,25,2
T6,5,1,200,3
T7,6,1,100,10
T8,7,1,90,2
T9,8,1,52,2
[292]
T1,0,0,168,2
T2,1,1,22,2
T3,2,1,55,2
T4,3,1,200,11
T5,4,0,132,28
T6,5,1,84,2
T7,6,0,88,7
T8,7,1,24,2
T9,8,1,154,6
[293]
T1,0,1,168,26
T2,1,1,48,2
T3,2,0,22,2
T4,3,0,160,5
T5,4,1,200,13
T6,5,0,105,11
T7,6,0,112,3
T8,7,0,120,5
T9,8,0,99,2
[294]
T1,0,1,30,1
T2,1,0,200,8
T3,2,1,66,6
T4,3,0,172,4
T5,4,1,90,9
T6,5,0,66,2
T7,6,0,51,1
T8,7,0,180,6
T9,8,0,100,8
[295]
T1,0,1,125,2
T2,1,1,135,27
T3,2,1,63,2
T4,3,0,162,1
T5,4,0,28,1
T6,5,1,51,2
T7,6,1,200,2
T8,7,1,81,1
T9,8,0,180,22
[296]
T1,0,1,55,7
T2,1,1,66,2
T3,2,1,72,5
T4,3,0,143,20
T5,4,1,36,1
T6,5,1,200,1
T7,6,1,195,1
T8,7,0,35,1
T9,8,0,198,6
[297]
T1,0,1,35,2
T2,1,1,95,8
T3,2,0,200,34
T4,3,1,130,16
T5,4,0,133,2
T6,5,0,152,4
T7,6,0,190,2
T8,7,0,28,1
T9,8,0,100,2
[298]
T1,0,1,156,4
T2,1,0,144,3
T3,2,0,30,2
T4,3,1,200,15
T5,4,1,198,5
T6,5,1,120,1
T7,6,1,72,2
T8,7,1,130,27
T9,8,0,37,3
[299]
T1,0,0,133,4
T2,1,0,200,11
T3,2,1,105,3
T4,3,1,72,2
T5,4,0,190,8
T6,5,1,168,8
T7,6,0,30,2
T8,7,1,30,2
T9,8,1,84,11
[300]
T1,0,0,84,3
T2,1,0,144,15
T3,2,0,32,2
T4,3,0,200,5
T5,4,0,28,2
T6,5,0,165,6
T7,6,1,112,15
T8,7,1,99,1
T9,8,1,150,13
[301]
T1,0,0,79,4
T2,1,0,158,14
T3,2,0,60,2
T4,3,0,158,2
T5,4,1,53,2
T6,5,1,50,2
T7,6,1,200,14
T8,7,0,100,5
T9,8,0,128,10
[302]
T1,0,1,176,5
T2,1,0,102,3
T3,2,1,110,3
T4,3,1,110,6
T5,4,1,21,2
T6,5,0,22,2
T7,6,1,176,15
T8,7,1,200,20
T9,8,0,136,12
[303]
T1,0,1,144,3
T2,1,0,150,9
T3,2,1,156,13
T4,3,1,44,1
T5,4,0,126,8
T6,5,0,63,4
T7,6,1,104,2
T8,7,0,39,5
T9,8,0,200,3
[304]
T1,0,0,20,2
T2,1,1,72,9
T3,2,0,200,40
T4,3,0,88,1
T5,4,1,189,10
T6,5,1,72,2
T7,6,1,150,2
T8,7,1,27,2
T9,8,0,135,5
[305]
T1,0,1,200,2
T2,1,0,40,2
T3,2,1,88,12
T4,3,0,90,11
T5,4,0,162,1
T6,5,0,88,4
T7,6,0,150,16
T8,7,0,99,1
T9,8,0,31,2
[306]
T1,0,0,36,1
T2,1,1,51,3
T3,2,1,200,5
T4,3,0,75,5
T5,4,0,98,2
T6,5,1,126,22
T7,6,0,100,1
T8,7,0,196,14
T9,8,1,154,2
[307]
T1,0,1,120,7
T2,1,1,195,2
T3,2,0,156,1
T4,3,0,53,2
T5,4,0,24,2
T6,5,0,100,11
T7,6,0,66,15
T8,7,1,200,5
T9,8,1,70,1
[308]
T1,0,0,75,2
T2,1,0,49,2
T3,2,1,200,7
T4,3,1,105,13
T5,4,0,84,2
T6,5,1,64,3
T7,6,0,150,2
T8,7,0,161,35
T9,8,1,42,1
[309]
T1,0,0,55,2
T2,1,1,200,1
T3,2,1,70,3
T4,3,0,20,2
T5,4,1,49,5
T6,5,1,168,24
T7,6,1,80,2
T8,7,1,77,2
T9,8,0,196,20
[310]
T1,0,0,189,43
T2,1,1,150,6
T3,2,1,200,1
T4,3,0,105,3
T5,4,1,108,7
T6,5,1,99,3
T7,6,0,144,3
T8,7,0,27,1
T9,8,1,39,2
[311]
T1,0,0,100,14
T2,1,0,140,5
T3,2,1,200,21
T4,3,0,77,2
T5,4,1,20,2
T6,5,1,196,3
T7,6,1,196,20
T8,7,0,84,2
T9,8,1,52,1
[312]
T1,0,0,65,2
T2,1,0,130,1
T3,2,1,165,17
T4,3,0,200,2
T5,4,1,160,13
T6,5,1,23,1
T7,6,0,110,13
T8,7,0,88,3
T9,8,0,24,2
[313]
T1,0,0,48,5
T2,1,0,200,8
T3,2,0,192,22
T4,3,0,150,4
T5,4,1,135,3
T6,5,1,45,2
T7,6,1,108,8
T8,7,1,112,4
T9,8,0,54,1
[314]
T1,0,0,23,2
T2,1,0,48,2
T3,2,1,198,14
T4,3,0,126,5
T5,4,1,100,8
T6,5,0,150,14
T7,6,0,200,8
T8,7,0,120,2
T9,8,1,140,17
[315]
T1,0,0,41,2
T2,1,0,198,22
T3,2,1,99,17
T4,3,1,180,4
T5,4,0,60,3
T6,5,0,129,2
T7,6,0,36,2
T8,7,0,200,4
T9,8,1,110,5
[316]
T1,0,1,153,9
T2,1,0,156,23
T3,2,0,39,4
T4,3,1,130,9
T5,4,1,50,1
T6,5,0,200,4
T7,6,1,75,2
T8,7,0,60,2
T9,8,0,65,2
[317]
T1,0,0,168,14
T2,1,0,75,2
T3,2,0,44,2
T4,3,0,105,12
T5,4,1,154,15
T6,5,1,119,1
T7,6,0,46,2
T8,7,0,200,12
T9,8,0,84,5
[318]
T1,0,0,170,7
T2,1,0,75,6
T3,2,1,28,1
T4,3,1,110,2
T5,4,1,40,5
T6,5,1,56,1
T7,6,1,154,15
T8,7,1,85,1
T9,8,0,200,2
[319]
T1,0,1,175,1
T2,1,1,38,1
T3,2,0,100,2
T4,3,0,168,19
T5,4,0,200,18
T6,5,1,26,2
T7,6,0,95,11
T8,7,0,95,2
T9,8,0,114,9
[320]
T1,0,1,52,4
T2,1,0,160,3
T3,2,1,120,14
T4,3,1,85,2
T5,4,0,150,2
T6,5,0,100,2
T7,6,1,68,3
T8,7,1,200,3
T9,8,1,45,7
[321]
T1,0,0,72,7
T2,1,0,32,1
T3,2,1,192,12
T4,3,0,200,8
T5,4,1,56,2
T6,5,1,128,3
T7,6,0,35,2
T8,7,0,63,2
T9,8,0,160,20
[322]
T1,0,0,165,9
T2,1,1,55,3
T3,2,0,48,1
T4,3,1,135,16
T5,4,1,72,6
T6,5,0,175,2
T7,6,1,200,11
T8,7,0,48,2
T9,8,0,56,2
[323]
T1,0,1,35,4
T2,1,1,104,2
T3,2,0,195,9
T4,3,0,168,5
T5,4,1,144,3
T6,5,1,130,3
T7,6,1,126,8
T8,7,0,24,2
T9,8,0,200,13
[324]
T1,0,1,190,6
T2,1,1,175,16
T3,2,0,126,22
T4,3,1,126,8
T5,4,0,200,2
T6,5,1,27,2
T7,6,1,112,1
T8,7,1,126,3
T9,8,1,40,2
[325]
T1,0,0,125,7
T2,1,1,29,2
T3,2,0,70,2
T4,3,1,78,2
T5,4,1,126,1
T6,5,0,156,2
T7,6,0,35,7
T8,7,0,200,14
T9,8,0,180,8
[326]
T1,0,0,175,21
T2,1,0,60,1
T3,2,0,90,2
T4,3,0,200,11
T5,4,1,125,8
T6,5,1,45,1
T7,6,1,180,11
T8,7,0,50,4
T9,8,1,100,4
[327]
T1,0,1,105,2
T2,1,1,50,3
T3,2,0,160,16
T4,3,0,200,27
T5,4,0,20,2
T6,5,1,56,1
T7,6,1,112,6
T8,7,1,150,1
T9,8,0,59,3
[328]
T1,0,1,200,15
T2,1,1,56,3
T3,2,1,96,11
T4,3,0,30,2
T5,4,1,84,2
T6,5,1,175,2
T7,6,0,93,5
T8,7,0,42,3
T9,8,0,175,12
[329]
T1,0,1,88,8
T2,1,1,88,1
T3,2,1,69,2
T4,3,0,33,2
T5,4,1,200,24
T6,5,1,160,10
T7,6,0,33,2
T8,7,0,176,5
T9,8,0,120,5
[330]
T1,0,1,117,6
T2,1,1,156,9
T3,2,1,96,5
T4,3,1,195,2
T5,4,1,64,2
T6,5,0,64,4
T7,6,0,27,1
T8,7,1,200,18
T9,8,1,42,2
[331]
T1,0,1,135,12
T2,1,0,200,2
T3,2,0,192,25
T4,3,1,135,9
T5,4,0,152,2
T6,5,0,51,2
T7,6,0,24,1
T8,7,0,114,3
T9,8,0,144,7
[332]
T1,0,1,33,2
T2,1,0,77,2
T3,2,0,99,2
T4,3,1,150,6
T5,4,0,140,3
T6,5,1,175,14
T7,6,1,200,22
T8,7,1,105,16
T9,8,0,31,2
[333]
T1,0,0,34,1
T2,1,0,120,7
T3,2,1,200,14
T4,3,0,136,7
T5,4,0,100,16
T6,5,1,150,6
T7,6,1,60,2
T8,7,0,196,4
T9,8,0,51,1
[334]
T1,0,0,110,1
T2,1,0,44,2
T3,2,0,56,5
T4,3,0,175,9
T5,4,1,80,2
T6,5,1,192,13
T7,6,0,200,18
T8,7,1,38,4
T9,8,0,75,2
[335]
T1,0,1,135,2
T2,1,0,100,11
T3,2,0,200,10
T4,3,1,90,4
T5,4,0,36,2
T6,5,0,47,1
T7,6,1,195,37
T8,7,0,63,2
T9,8,1,168,7
[336]
T1,0,1,75,7
T2,1,1,75,2
T3,2,0,99,2
T4,3,0,160,4
T5,4,1,200,21
T6,5,0,77,7
T7,6,1,30,1
T8,7,1,150,9
T9,8,1,22,2
[337]
T1,0,0,165,1
T2,1,0,34,2
T3,2,1,85,7
T4,3,1,200,17
T5,4,0,110,2
T6,5,0,55,2
T7,6,0,52,4
T8,7,1,85,12
T9,8,0,153,4
[338]
T1,0,0,30,2
T2,1,0,168,30
T3,2,1,144,11
T4,3,1,200,1
T5,4,1,75,2
T6,5,0,175,15
T7,6,0,66,2
T8,7,0,49,2
T9,8,0,120,9
[339]
T1,0,0,125,13
T2,1,1,200,21
T3,2,0,57,3
T4,3,0,53,2
T5,4,1,120,1
T6,5,0,95,2
T7,6,1,38,2
T8,7,1,175,10
T9,8,0,175,7
[340]
T1,0,0,200,16
T2,1,0,75,5
T3,2,1,168,5
T4,3,1,54,5
T5,4,0,120,5
T6,5,0,40,1
T7,6,1,75,2
T8,7,1,195,23
T9,8,0,104,2
[341]
T1,0,0,175,8
T2,1,1,75,2
T3,2,1,182,6
T4,3,1,49,2
T5,4,1,90,5
T6,5,0,125,12
T7,6,0,65,2
T8,7,0,21,1
T9,8,1,200,17
[342]
T1,0,0,136,2
T2,1,1,170,6
T3,2,1,130,3
T4,3,1,125,6
T5,4,0,60,3
T6,5,1,170,1
T7,6,1,200,22
T8,7,0,40,5
T9,8,1,48,2
[343]
T1,0,1,66,3
T2,1,1,168,7
T3,2,0,50,2
T4,3,1,70,7
T5,4,0,28,2
T6,5,1,70,10
T7,6,1,72,1
T8,7,0,176,3
T9,8,1,200,14
[344]
T1,0,1,84,12
T2,1,1,44,1
T3,2,0,40,1
T4,3,1,135,1
T5,4,0,184,2
T6,5,0,200,19
T7,6,1,60,2
T8,7,1,56,3
T9,8,1,175,12
[345]
T1,0,1,100,11
T2,1,1,135,3
T3,2,1,63,3
T4,3,0,22,1
T5,4,1,152,2
T6,5,1,200,1
T7,6,0,171,26
T8,7,0,36,1
T9,8,1,133,4
[346]
T1,0,0,33,2
T2,1,1,40,8
T3,2,1,75,1
T4,3,0,150,2
T5,4,1,136,8
T6,5,0,200,2
T7,6,0,119,12
T8,7,0,168,7
T9,8,1,70,2
[347]
T1,0,1,20,1
T2,1,1,190,23
T3,2,0,28,2
T4,3,0,72,1
T5,4,1,200,23
T6,5,1,126,2
T7,6,1,84,2
T8,7,1,190,14
T9,8,1,75,3
[348]
T1,0,0,192,15
T2,1,1,47,3
T3,2,1,56,2
T4,3,0,48,2
T5,4,0,56,1
T6,5,1,84,5
T7,6,0,138,12
T8,7,0,200,23
T9,8,1,184,2
[349]
T1,0,1,60,2
T2,1,0,200,3
T3,2,0,50,2
T4,3,0,38,3
T5,4,0,108,1
T6,5,0,144,5
T7,6,0,70,1
T8,7,0,175,38
T9,8,1,160,2
[350]
T1,0,1,200,5
T2,1,1,40,6
T3,2,0,36,4
T4,3,0,108,2
T5,4,1,140,1
T6,5,1,68,2
T7,6,1,153,3
T8,7,0,175,2
T9,8,0,120,16
[351]
T1,0,0,51,5
T2,1,1,126,1
T3,2,1,184,3
T4,3,0,72,8
T5,4,0,184,3
T6,5,0,69,4
T7,6,0,200,20
T8,7,0,140,5
T9,8,0,30,2
[352]
T1,0,1,200,3
T2,1,0,180,25
T3,2,0,108,11
T4,3,1,195,22
T5,4,0,44,2
T6,5,0,84,2
T7,6,1,80,2
T8,7,1,75,2
T9,8,1,20,1
[353]
T1,0,0,70,10
T2,1,1,120,7
T3,2,0,196,2
T4,3,0,42,2
T5,4,0,65,6
T6,5,0,200,11
T7,6,0,31,1
T8,7,0,130,3
T9,8,0,195,12
[354]
T1,0,0,26,2
T2,1,1,200,37
T3,2,0,150,7
T4,3,1,192,6
T5,4,1,25,2
T6,5,0,91,2
T7,6,1,75,6
T8,7,1,60,4
T9,8,1,140,2
[355]
T1,0,0,90,7
T2,1,0,51,2
T3,2,0,120,3
T4,3,1,165,11
T5,4,1,85,8
T6,5,1,153,14
T7,6,1,22,2
T8,7,1,99,2
T9,8,1,200,13
[356]
T1,0,0,156,6
T2,1,0,39,5
T3,2,1,182,6
T4,3,1,90,6
T5,4,0,24,2
T6,5,0,84,8
T7,6,1,200,2
T8,7,1,90,2
T9,8,0,144,7
[357]
T1,0,0,28,2
T2,1,1,91,5
T3,2,1,128,14
T4,3,1,53,4
T5,4,1,200,16
T6,5,0,195,5
T7,6,0,160,2
T8,7,0,140,1
T9,8,1,80,2
[358]
T1,0,1,200,7
T2,1,0,112,8
T3,2,0,132,9
T4,3,0,39,2
T5,4,0,60,1
T6,5,0,154,3
T7,6,1,180,3
T8,7,0,72,12
T9,8,1,24,1
[359]
T1,0,1,195,12
T2,1,1,117,10
T3,2,0,72,3
T4,3,1,150,5
T5,4,0,200,16
T6,5,0,70,2
T7,6,1,40,1
T8,7,0,140,10
T9,8,0,22,1
[360]
T1,0,0,88,3
T2,1,1,200,32
T3,2,1,21,2
T4,3,0,184,2
T5,4,0,23,2
T6,5,1,165,3
T7,6,1,75,2
T8,7,0,96,11
T9,8,0,92,7
[361]
T1,0,1,32,2
T2,1,0,135,20
T3,2,1,165,2
T4,3,0,56,1
T5,4,1,168,2
T6,5,0,56,1
T7,6,1,54,3
T8,7,1,200,5
T9,8,1,44,5
[362]
T1,0,1,200,3
T2,1,0,160,1
T3,2,1,132,6
T4,3,0,120,6
T5,4,1,70,8
T6,5,1,48,2
T7,6,0,48,5
T8,7,1,198,10
T9,8,0,84,1
[363]
T1,0,1,34,1
T2,1,0,75,2
T3,2,0,75,6
T4,3,1,176,2
T5,4,1,144,16
T6,5,0,200,3
T7,6,0,99,6
T8,7,0,150,10
T9,8,1,52,4
[364]
T1,0,0,150,10
T2,1,1,112,2
T3,2,0,189,5
T4,3,0,200,1
T5,4,1,40,3
T6,5,0,147,1
T7,6,0,36,4
T8,7,1,144,6
T9,8,1,112,14
[365]
T1,0,1,200,5
T2,1,0,47,3
T3,2,0,175,2
T4,3,0,130,3
T5,4,0,78,2
T6,5,0,66,3
T7,6,0,154,21
T8,7,1,60,7
T9,8,1,44,2
[366]
T1,0,1,72,4
T2,1,0,90,11
T3,2,1,185,18
T4,3,1,148,1
T5,4,0,200,15
T6,5,1,125,2
T7,6,1,47,3
T8,7,0,90,2
T9,8,0,20,2
[367]
T1,0,1,112,5
T2,1,0,161,2
T3,2,0,84,1
T4,3,1,92,8
T5,4,1,25,2
T6,5,1,25,2
T7,6,1,72,13
T8,7,0,150,3
T9,8,0,200,5
[368]
T1,0,1,200,13
T2,1,1,100,1
T3,2,1,98,9
T4,3,1,24,1
T5,4,0,150,10
T6,5,1,196,31
T7,6,0,32,2
T8,7,0,84,2
T9,8,1,132,2
[369]
T1,0,1,42,2
T2,1,1,60,4
T3,2,0,105,4
T4,3,0,200,7
T5,4,1,45,1
T6,5,1,175,10
T7,6,1,168,34
T8,7,1,145,4
T9,8,1,100,2
[370]
T1,0,1,22,3
T2,1,0,20,1
T3,2,0,147,9
T4,3,0,99,1
T5,4,0,90,3
T6,5,1,200,4
T7,6,1,110,1
T8,7,0,168,12
T9,8,1,120,7
[371]
T1,0,0,20,2
T2,1,0,126,7
T3,2,0,200,8
T4,3,1,132,18
T5,4,0,165,6
T6,5,1,180,2
T7,6,1,30,2
T8,7,1,84,3
T9,8,0,132,3
[372]
T1,0,1,150,3
T2,1,1,32,1
T3,2,0,99,1
T4,3,0,105,2
T5,4,0,60,2
T6,5,0,200,2
T7,6,0,80,13
T8,7,0,21,1
T9,8,0,180,19
[373]
T1,0,0,56,2
T2,1,0,22,2
T3,2,0,189,6
T4,3,0,200,4
T5,4,0,21,2
T6,5,1,110,1
T7,6,1,100,14
T8,7,0,75,7
T9,8,1,168,17
[374]
T1,0,0,65,2
T2,1,0,51,4
T3,2,1,66,4
T4,3,1,55,2
T5,4,1,192,28
T6,5,0,165,10
T7,6,1,200,1
T8,7,1,25,2
T9,8,1,65,4
[375]
T1,0,1,126,3
T2,1,1,168,11
T3,2,0,56,2
T4,3,1,63,1
T5,4,1,144,15
T6,5,0,200,25
T7,6,0,39,2
T8,7,0,171,4
T9,8,1,40,2
[376]
T1,0,1,198,5
T2,1,1,126,4
T3,2,1,140,29
T4,3,1,31,1
T5,4,1,56,1
T6,5,0,135,8
T7,6,0,189,3
T8,7,1,30,1
T9,8,1,200,8
[377]
T1,0,1,192,3
T2,1,1,41,2
T3,2,1,105,6
T4,3,1,51,2
T5,4,0,102,15
T6,5,0,68,2
T7,6,1,85,2
T8,7,1,200,13
T9,8,1,175,13
[378]
T1,0,0,91,1
T2,1,1,40,2
T3,2,1,88,1
T4,3,0,150,14
T5,4,0,200,8
T6,5,1,130,2
T7,6,0,88,2
T8,7,1,22,2
T9,8,1,175,34
[379]
T1,0,0,80,2
T2,1,0,121,3
T3,2,0,64,2
T4,3,1,160,19
T5,4,1,160,12
T6,5,0,110,4
T7,6,1,200,11
T8,7,0,20,2
T9,8,1,44,4
[380]
T1,0,0,25,3
T2,1,0,25,1
T3,2,0,96,13
T4,3,0,121,2
T5,4,0,176,11
T6,5,0,200,2
T7,6,0,180,2
T8,7,0,88,2
T9,8,0,55,2
[381]
T1,0,0,180,6
T2,1,0,35,2
T3,2,1,135,2
T4,3,1,63,3
T5,4,1,200,5
T6,5,1,63,2
T7,6,1,132,32
T8,7,1,40,1
T9,8,1,189,14
[382]
T1,0,0,54,4
T2,1,0,195,7
T3,2,0,27,2
T4,3,1,200,13
T5,4,1,49,2
T6,5,0,56,6
T7,6,1,135,10
T8,7,0,80,2
T9,8,1,180,5
[383]
T1,0,1,68,2
T2,1,1,28,2
T3,2,0,182,31
T4,3,0,140,16
T5,4,0,119,9
T6,5,1,70,2
T7,6,0,200,2
T8,7,1,170,4
T9,8,1,43,2
[384]
T1,0,1,38,2
T2,1,0,50,3
T3,2,1,200,33
T4,3,1,186,2
T5,4,0,63,3
T6,5,1,72,2
T7,6,1,155,4
T8,7,1,120,1
T9,8,1,60,7
[385]
T1,0,0,150,2
T2,1,1,99,10
T3,2,0,114,8
T4,3,0,90,2
T5,4,0,200,10
T6,5,0,198,22
T7,6,0,24,2
T8,7,0,88,7
T9,8,1,23,2
[386]
T1,0,0,51,2
T2,1,1,75,2
T3,2,0,200,12
T4,3,0,154,11
T5,4,0,52,7
T6,5,1,60,4
T7,6,0,168,9
T8,7,1,120,2
T9,8,0,110,2
[387]
T1,0,0,120,8
T2,1,1,156,1
T3,2,0,165,21
T4,3,1,99,5
T5,4,0,78,1
T6,5,1,200,9
T7,6,0,120,5
T8,7,0,33,3
T9,8,0,37,2
[388]
T1,0,1,200,15
T2,1,1,64,2
T3,2,1,168,8
T4,3,0,156,10
T5,4,1,120,6
T6,5,0,60,2
T7,6,1,30,3
T8,7,1,65,2
T9,8,1,30,1
[389]
T1,0,0,54,1
T2,1,0,200,17
T3,2,0,33,2
T4,3,1,60,1
T5,4,1,165,14
T6,5,1,175,7
T7,6,1,126,1
T8,7,0,147,26
T9,8,0,75,1
[390]
T1,0,1,64,2
T2,1,1,200,3
T3,2,0,180,8
T4,3,1,64,1
T5,4,0,33,2
T6,5,0,147,2
T7,6,1,160,50
T8,7,1,144,2
T9,8,1,40,2
[391]
T1,0,1,117,7
T2,1,1,200,19
T3,2,0,75,2
T4,3,1,130,1
T5,4,1,195,39
T6,5,1,130,2
T7,6,0,33,1
T8,7,0,28,2
T9,8,1,195,2
[392]
T1,0,0,187,8
T2,1,1,200,7
T3,2,1,88,1
T4,3,1,60,5
T5,4,1,30,2
T6,5,0,30,2
T7,6,0,170,3
T8,7,1,60,3
T9,8,0,102,21
[393]
T1,0,1,52,2
T2,1,1,168,18
T3,2,1,72,3
T4,3,1,200,15
T5,4,1,72,3
T6,5,0,39,3
T7,6,0,96,2
T8,7,0,90,2
T9,8,1,150,13
[394]
T1,0,0,108,7
T2,1,1,24,2
T3,2,0,108,1
T4,3,1,54,2
T5,4,0,60,2
T6,5,0,180,5
T7,6,1,200,14
T8,7,1,188,16
T9,8,0,40,2
[395]
T1,0,1,132,2
T2,1,1,200,4
T3,2,1,54,4
T4,3,1,30,2
T5,4,0,165,23
T6,5,1,91,1
T7,6,1,195,20
T8,7,1,78,1
T9,8,0,77,2
[396]
T1,0,1,90,1
T2,1,1,72,2
T3,2,0,168,10
T4,3,1,105,8
T5,4,0,51,3
T6,5,1,175,1
T7,6,1,200,13
T8,7,0,119,2
T9,8,0,40,5
[397]
T1,0,1,36,6
T2,1,0,100,2
T3,2,1,153,11
T4,3,0,39,2
T5,4,1,117,2
T6,5,0,200,7
T7,6,0,180,17
T8,7,1,65,2
T9,8,1,68,1
[398]
T1,0,1,200,2
T2,1,0,31,3
T3,2,0,40,2
T4,3,0,140,4
T5,4,0,175,4
T6,5,1,112,12
T7,6,0,85,9
T8,7,1,77,3
T9,8,0,175,9
[399]
T1,0,1,43,2
T2,1,1,132,5
T3,2,1,150,9
T4,3,0,60,2
T5,4,0,153,6
T6,5,1,20,2
T7,6,0,200,17
T8,7,1,66,2
T9,8,0,55,4
[400]
T1,0,0,35,2
T2,1,0,200,22
T3,2,0,144,16
T4,3,1,117,11
T5,4,0,180,10
T6,5,0,120,5
T7,6,0,190,1
T8,7,1,60,1
T9,8,0,20,2
[401]
T1,0,1,25,3
T2,1,1,56,5
T3,2,1,20,2
T4,3,1,180,9
T5,4,1,175,2
T6,5,1,135,11
T7,6,0,85,2
T8,7,1,102,2
T9,8,0,200,4
[402]
T1,0,1,120,1
T2,1,1,80,6
T3,2,0,165,12
T4,3,0,114,8
T5,4,1,165,3
T6,5,0,132,5
T7,6,0,200,1
T8,7,1,22,1
T9,8,0,35,3
[403]
T1,0,0,105,2
T2,1,0,34,4
T3,2,1,144,3
T4,3,1,36,2
T5,4,0,56,2
T6,5,0,200,4
T7,6,0,108,14
T8,7,0,165,18
T9,8,1,168,6
[404]
T1,0,1,37,1
T2,1,0,100,5
T3,2,0,189,7
T4,3,0,200,8
T5,4,1,55,7
T6,5,1,154,2
T7,6,0,120,15
T8,7,1,140,2
T9,8,1,35,1
[405]
T1,0,0,195,18
T2,1,1,165,15
T3,2,1,200,1
T4,3,1,72,2
T5,4,1,75,2
T6,5,1,75,4
T7,6,0,99,9
T8,7,0,27,1
T9,8,1,31,1
[406]
T1,0,1,200,2
T2,1,0,88,1
T3,2,1,154,2
T4,3,1,154,9
T5,4,1,135,1
T6,5,0,60,7
T7,6,0,48,7
T8,7,0,30,2
T9,8,1,84,7
[407]
T1,0,0,44,2
T2,1,1,200,1
T3,2,1,190,1
T4,3,0,66,1
T5,4,0,34,1
T6,5,1,133,21
T7,6,1,110,10
T8,7,1,120,3
T9,8,1,168,17
[408]
T1,0,0,35,2
T2,1,1,180,2
T3,2,1,200,9
T4,3,1,105,17
T5,4,1,114,1
T6,5,0,95,9
T7,6,0,48,1
T8,7,1,175,3
T9,8,0,75,8
[409]
T1,0,1,200,9
T2,1,0,100,7
T3,2,1,39,1
T4,3,0,63,3
T5,4,0,24,2
T6,5,0,75,2
T7,6,0,174,10
T8,7,0,116,2
T9,8,0,150,19
[410]
T1,0,0,165,4
T2,1,0,55,2
T3,2,1,54,2
T4,3,1,90,17
T5,4,0,90,1
T6,5,0,168,10
T7,6,1,200,4
T8,7,1,99,10
T9,8,1,30,2
[411]
T1,0,0,150,12
T2,1,0,200,9
T3,2,0,136,5
T4,3,1,80,1
T5,4,0,48,5
T6,5,1,75,5
T7,6,1,180,10
T8,7,1,70,1
T9,8,1,51,2
[412]
T1,0,0,195,26
T2,1,1,200,1
T3,2,0,175,11
T4,3,0,28,2
T5,4,1,80,2
T6,5,0,128,6
T7,6,1,48,1
T8,7,0,56,8
T9,8,0,128,3
[413]
T1,0,0,78,2
T2,1,0,150,5
T3,2,1,200,3
T4,3,0,31,2
T5,4,1,85,3
T6,5,0,56,4
T7,6,1,65,13
T8,7,0,52,2
T9,8,1,170,8
[414]
T1,0,0,141,2
T2,1,1,165,2
T3,2,1,188,28
T4,3,1,200,3
T5,4,0,99,1
T6,5,1,20,2
T7,6,0,41,6
T8,7,1,72,3
T9,8,0,132,8
[415]
T1,0,0,27,2
T2,1,0,180,4
T3,2,0,200,2
T4,3,0,78,6
T5,4,1,130,24
T6,5,1,32,1
T7,6,0,140,2
T8,7,0,182,18
T9,8,1,70,1
[416]
T1,0,0,42,2
T2,1,1,200,15
T3,2,1,150,4
T4,3,1,96,9
T5,4,1,130,2
T6,5,0,175,2
T7,6,0,96,9
T8,7,1,45,5
T9,8,0,63,1
[417]
T1,0,0,40,1
T2,1,1,153,2
T3,2,0,63,7
T4,3,1,56,1
T5,4,1,200,13
T6,5,0,108,15
T7,6,1,180,4
T8,7,1,140,8
T9,8,1,47,1
[418]
T1,0,1,96,2
T2,1,0,43,2
T3,2,0,192,6
T4,3,0,152,6
T5,4,1,32,2
T6,5,1,140,28
T7,6,0,200,24
T8,7,1,60,3
T9,8,0,120,4
[419]
T1,0,0,168,5
T2,1,1,200,6
T3,2,1,63,2
T4,3,0,100,1
T5,4,1,126,29
T6,5,1,120,1
T7,6,1,26,2
T8,7,1,40,2
T9,8,0,195,7
[420]
T1,0,0,49,2
T2,1,1,66,2
T3,2,1,150,8
T4,3,0,120,14
T5,4,0,200,5
T6,5,1,78,2
T7,6,1,80,2
T8,7,0,20,3
T9,8,1,160,1
[421]
T1,0,1,112,2
T2,1,1,22,1
T3,2,1,60,2
T4,3,0,115,6
T5,4,1,200,6
T6,5,0,90,6
T7,6,0,175,8
T8,7,0,46,3
T9,8,1,184,22
[422]
T1,0,0,140,13
T2,1,0,132,14
T3,2,0,77,1
T4,3,1,56,2
T5,4,1,24,2
T6,5,0,160,3
T7,6,0,42,4
T8,7,1,165,9
T9,8,1,200,10
[423]
T1,0,0,95,4
T2,1,0,70,2
T3,2,1,28,2
T4,3,0,190,2
T5,4,0,200,1
T6,5,0,77,2
T7,6,0,32,1
T8,7,0,70,12
T9,8,0,168,24
[424]
T1,0,0,112,19
T2,1,0,115,5
T3,2,1,75,1
T4,3,0,160,7
T5,4,1,29,2
T6,5,1,21,1
T7,6,0,192,16
T8,7,1,75,1
T9,8,0,200,3
[425]
T1,0,1,80,2
T2,1,1,42,2
T3,2,1,182,3
T4,3,1,100,7
T5,4,1,56,5
T6,5,0,180,1
T7,6,1,50,2
T8,7,0,75,1
T9,8,1,200,48
[426]
T1,0,0,200,28
T2,1,1,75,7
T3,2,1,135,8
T4,3,1,135,2
T5,4,0,100,6
T6,5,1,50,3
T7,6,0,26,1
T8,7,1,161,2
T9,8,1,180,1
[427]
T1,0,0,105,2
T2,1,1,152,2
T3,2,1,56,2
T4,3,0,200,18
T5,4,1,21,3
T6,5,0,75,8
T7,6,0,55,2
T8,7,1,168,3
T9,8,1,29,2
[428]
T1,0,0,72,2
T2,1,0,56,8
T3,2,1,30,2
T4,3,0,200,17
T5,4,1,192,3
T6,5,0,160,7
T7,6,1,128,2
T8,7,0,43,2
T9,8,1,140,3
[429]
T1,0,0,140,12
T2,1,0,28,2
T3,2,1,77,2
T4,3,0,43,1
T5,4,1,120,1
T6,5,1,192,14
T7,6,0,66,9
T8,7,0,176,11
T9,8,1,200,9
[430]
T1,0,1,56,5
T2,1,1,112,3
T3,2,0,150,2
T4,3,1,175,2
T5,4,1,102,4
T6,5,0,42,4
T7,6,1,32,3
T8,7,0,200,2
T9,8,0,75,6
[431]
T1,0,1,50,2
T2,1,1,98,18
T3,2,0,145,3
T4,3,0,58,2
T5,4,1,140,2
T6,5,1,174,24
T7,6,0,174,14
T8,7,0,200,2
T9,8,1,31,2
[432]
T1,0,1,150,2
T2,1,1,175,3
T3,2,1,120,2
T4,3,1,77,7
T5,4,0,60,2
T6,5,0,38,2
T7,6,1,26,5
T8,7,0,60,1
T9,8,1,200,2
[433]
T1,0,1,45,4
T2,1,0,138,9
T3,2,0,120,2
T4,3,0,180,25
T5,4,1,35,2
T6,5,1,72,4
T7,6,1,200,13
T8,7,0,198,2
T9,8,0,90,1
[434]
T1,0,0,200,2
T2,1,0,120,5
T3,2,0,81,14
T4,3,1,176,3
T5,4,0,28,2
T6,5,0,135,9
T7,6,0,27,1
T8,7,1,144,12
T9,8,0,176,6
[435]
T1,0,1,152,3
T2,1,1,31,2
T3,2,0,150,6
T4,3,1,65,1
T5,4,0,117,22
T6,5,1,200,4
T7,6,1,117,2
T8,7,0,65,6
T9,8,1,26,2
[436]
T1,0,1,200,14
T2,1,1,190,12
T3,2,1,84,2
T4,3,0,42,6
T5,4,0,144,9
T6,5,1,84,2
T7,6,1,70,2
T8,7,0,160,4
T9,8,1,29,2
[437]
T1,0,1,33,2
T2,1,1,168,10
T3,2,1,60,2
T4,3,0,126,3
T5,4,1,176,25
T6,5,0,24,1
T7,6,1,200,5
T8,7,1,80,4
T9,8,0,90,2
[438]
T1,0,0,32,2
T2,1,0,22,2
T3,2,0,56,2
T4,3,0,168,14
T5,4,1,144,3
T6,5,0,200,12
T7,6,0,189,19
T8,7,1,144,8
T9,8,0,100,7
[439]
T1,0,1,84,4
T2,1,0,32,2
T3,2,0,200,22
T4,3,0,180,2
T5,4,0,175,11
T6,5,0,63,6
T7,6,1,30,1
T8,7,1,144,3
T9,8,0,117,8
[440]
T1,0,1,80,8
T2,1,0,200,10
T3,2,0,75,2
T4,3,0,156,5
T5,4,1,33,2
T6,5,1,40,6
T7,6,1,152,2
T8,7,0,144,8
T9,8,0,78,2
[441]
T1,0,1,70,8
T2,1,1,38,2
T3,2,0,100,2
T4,3,1,189,13
T5,4,0,28,2
T6,5,1,56,2
T7,6,1,105,2
T8,7,1,156,22
T9,8,1,200,7
[442]
T1,0,1,156,15
T2,1,1,38,2
T3,2,1,120,4
T4,3,0,144,5
T5,4,0,105,2
T6,5,1,24,2
T7,6,0,54,3
T8,7,1,200,12
T9,8,0,189,14
[443]
T1,0,0,165,26
T2,1,1,125,2
T3,2,1,198,2
T4,3,1,70,13
T5,4,1,60,2
T6,5,0,50,3
T7,6,1,51,2
T8,7,1,200,3
T9,8,1,60,2
[444]
T1,0,1,172,5
T2,1,1,112,2
T3,2,1,200,36
T4,3,1,129,3
T5,4,0,50,5
T6,5,0,52,2
T7,6,1,175,10
T8,7,1,86,2
T9,8,0,60,2
[445]
T1,0,1,135,12
T2,1,0,171,15
T3,2,0,162,7
T4,3,0,42,1
T5,4,1,54,4
T6,5,1,45,2
T7,6,0,114,10
T8,7,0,60,2
T9,8,1,200,2
[446]
T1,0,0,154,8
T2,1,1,66,1
T3,2,0,112,2
T4,3,0,70,1
T5,4,0,48,3
T6,5,1,135,6
T7,6,0,180,2
T8,7,0,39,4
T9,8,0,200,31
[447]
T1,0,0,200,3
T2,1,0,96,1
T3,2,1,104,8
T4,3,1,100,3
T5,4,1,180,11
T6,5,1,54,3
T7,6,0,50,1
T8,7,1,160,4
T9,8,1,37,6
[448]
T1,0,0,33,4
T2,1,1,63,1
T3,2,1,200,22
T4,3,0,198,14
T5,4,0,66,3
T6,5,1,80,3
T7,6,0,35,1
T8,7,0,75,2
T9,8,0,150,2
[449]
T1,0,0,37,4
T2,1,0,196,2
T3,2,1,63,2
T4,3,1,200,23
T5,4,0,154,13
T6,5,0,88,4
T7,6,0,44,2
T8,7,0,147,3
T9,8,1,84,5
[450]
T1,0,0,84,18
T2,1,0,46,2
T3,2,1,84,2
T4,3,0,184,4
T5,4,1,200,22
T6,5,0,84,2
T7,6,1,150,2
T8,7,1,42,1
T9,8,0,105,4
[451]
T1,0,1,182,1
T2,1,0,160,23
T3,2,1,48,2
T4,3,1,56,1
T5,4,0,200,22
T6,5,0,34,2
T7,6,0,75,2
T8,7,0,56,2
T9,8,1,78,10
[452]
T1,0,0,26,2
T2,1,0,200,1
T3,2,1,80,1
T4,3,1,56,11
T5,4,1,100,3
T6,5,1,180,15
T7,6,1,54,2
T8,7,0,60,4
T9,8,0,160,1
[453]
T1,0,1,200,1
T2,1,1,114,4
T3,2,1,42,2
T4,3,0,63,15
T5,4,1,95,6
T6,5,1,54,1
T7,6,0,40,2
T8,7,0,175,11
T9,8,1,180,4
[454]
T1,0,1,150,15
T2,1,0,62,1
T3,2,0,50,1
T4,3,1,99,2
T5,4,1,132,6
T6,5,1,200,6
T7,6,0,40,2
T8,7,0,198,6
T9,8,0,72,15
[455]
T1,0,1,28,5
T2,1,0,180,3
T3,2,0,153,7
T4,3,1,70,2
T5,4,1,80,1
T6,5,1,126,12
T7,6,1,45,1
T8,7,1,200,11
T9,8,0,140,2
[456]
T1,0,1,110,23
T2,1,1,180,2
T3,2,0,20,1
T4,3,1,77,4
T5,4,0,165,7
T6,5,0,42,2
T7,6,1,147,5
T8,7,1,200,13
T9,8,1,110,1
[457]
T1,0,1,92,2
T2,1,0,200,11
T3,2,0,198,26
T4,3,1,31,3
T5,4,0,132,6
T6,5,1,75,4
T7,6,0,22,2
T8,7,0,198,11
T9,8,0,115,1
[458]
T1,0,1,112,6
T2,1,0,140,1
T3,2,1,147,5
T4,3,1,100,2
T5,4,0,20,2
T6,5,1,38,4
T7,6,1,175,14
T8,7,1,200,28
T9,8,0,180,2
[459]
T1,0,1,135,6
T2,1,0,147,2
T3,2,1,150,13
T4,3,0,80,2
T5,4,0,20,1
T6,5,0,126,5
T7,6,0,200,14
T8,7,0,126,11
T9,8,1,30,2
[460]
T1,0,1,100,4
T2,1,0,189,8
T3,2,1,112,2
T4,3,1,77,11
T5,4,0,168,10
T6,5,0,200,2
T7,6,1,44,2
T8,7,1,54,7
T9,8,0,55,1
[461]
T1,0,0,154,9
T2,1,1,112,2
T3,2,0,154,1
T4,3,0,50,1
T5,4,1,52,9
T6,5,0,200,8
T7,6,1,135,6
T8,7,0,126,1
T9,8,1,112,10
[462]
T1,0,0,180,3
T2,1,1,200,6
T3,2,0,132,19
T4,3,0,125,12
T5,4,0,160,2
T6,5,1,23,2
T7,6,1,88,5
T8,7,0,144,4
T9,8,0,33,2
[463]
T1,0,0,75,2
T2,1,1,34,2
T3,2,1,200,46
T4,3,0,125,2
T5,4,0,70,6
T6,5,1,160,10
T7,6,1,27,2
T8,7,0,180,4
T9,8,1,56,2
[464]
T1,0,1,150,2
T2,1,1,175,9
T3,2,0,108,4
T4,3,0,27,2
T5,4,1,75,6
T6,5,0,88,2
T7,6,1,63,11
T8,7,1,47,1
T9,8,0,200,10
[465]
T1,0,0,29,1
T2,1,0,96,1
T3,2,1,77,2
T4,3,1,168,13
T5,4,1,200,1
T6,5,1,90,16
T7,6,1,198,15
T8,7,1,60,1
T9,8,0,36,1
[466]
T1,0,0,49,2
T2,1,0,175,1
T3,2,1,200,7
T4,3,1,70,4
T5,4,0,198,9
T6,5,0,55,2
T7,6,0,99,2
T8,7,1,36,8
T9,8,1,100,7
[467]
T1,0,0,105,19
T2,1,1,130,4
T3,2,1,140,5
T4,3,1,175,1
T5,4,1,49,4
T6,5,0,55,2
T7,6,0,200,4
T8,7,1,154,2
T9,8,1,21,2
[468]
T1,0,1,182,2
T2,1,1,112,2
T3,2,1,52,10
T4,3,1,117,2
T5,4,1,168,1
T6,5,0,38,4
T7,6,0,78,8
T8,7,1,200,9
T9,8,1,140,1
[469]
T1,0,0,84,2
T2,1,1,50,4
T3,2,1,140,15
T4,3,0,78,2
T5,4,1,140,3
T6,5,1,168,4
T7,6,0,49,2
T8,7,1,160,2
T9,8,1,200,36
[470]
T1,0,1,120,3
T2,1,0,176,6
T3,2,0,200,10
T4,3,0,41,2
T5,4,0,24,2
T6,5,0,120,10
T7,6,0,110,4
T8,7,0,63,1
T9,8,1,168,20
[471]
T1,0,1,21,1
T2,1,1,150,2
T3,2,0,150,9
T4,3,1,20,2
T5,4,1,114,3
T6,5,0,200,7
T7,6,1,138,14
T8,7,0,95,5
T9,8,1,57,2
[472]
T1,0,0,200,28
T2,1,1,160,7
T3,2,1,140,1
T4,3,1,70,2
T5,4,0,41,4
T6,5,0,160,1
T7,6,0,126,2
T8,7,0,55,6
T9,8,1,24,1
[473]
T1,0,1,102,3
T2,1,1,150,8
T3,2,0,126,3
T4,3,1,39,2
T5,4,0,200,9
T6,5,1,32,6
T7,6,0,56,2
T8,7,1,126,1
T9,8,1,153,13
[474]
T1,0,0,68,9
T2,1,0,200,19
T3,2,1,84,2
T4,3,0,132,4
T5,4,1,24,2
T6,5,0,100,2
T7,6,1,175,4
T8,7,0,32,5
T9,8,0,150,1
[475]
T1,0,0,40,2
T2,1,1,175,2
T3,2,1,77,1
T4,3,1,92,1
T5,4,1,37,1
T6,5,0,77,4
T7,6,0,184,2
T8,7,0,56,2
T9,8,0,200,56
[476]
T1,0,1,200,40
T2,1,0,119,5
T3,2,1,195,4
T4,3,0,105,2
T5,4,1,47,2
T6,5,1,170,1
T7,6,1,100,8
T8,7,0,68,2
T9,8,0,52,3
[477]
T1,0,1,54,3
T2,1,0,44,1
T3,2,0,75,1
T4,3,0,200,1
T5,4,1,65,5
T6,5,0,192,6
T7,6,0,192,8
T8,7,1,50,2
T9,8,0,108,21
[478]
T1,0,0,144,16
T2,1,1,200,13
T3,2,1,39,2
T4,3,0,57,2
T5,4,1,171,11
T6,5,0,90,11
T7,6,0,45,2
T8,7,1,195,3
T9,8,1,57,4
[479]
T1,0,0,108,8
T2,1,1,184,4
T3,2,1,26,1
T4,3,0,180,4
T5,4,0,120,13
T6,5,1,42,6
T7,6,0,200,6
T8,7,1,63,2
T9,8,0,105,3
[480]
T1,0,0,175,12
T2,1,0,56,1
T3,2,0,66,5
T4,3,0,33,4
T5,4,1,165,11
T6,5,0,90,2
T7,6,0,22,2
T8,7,1,200,1
T9,8,0,90,4
[481]
T1,0,0,200,2
T2,1,1,84,14
T3,2,1,104,2
T4,3,1,140,19
T5,4,0,195,11
T6,5,1,102,1
T7,6,0,28,2
T8,7,1,175,10
T9,8,0,42,2
[482]
T1,0,1,100,19
T2,1,1,117,1
T3,2,1,180,3
T4,3,0,66,6
T5,4,1,156,8
T6,5,0,30,2
T7,6,1,39,2
T8,7,1,200,13
T9,8,0,108,1
[483]
T1,0,1,46,2
T2,1,1,156,3
T3,2,0,70,1
T4,3,0,100,7
T5,4,1,136,36
T6,5,1,200,1
T7,6,1,78,2
T8,7,0,150,5
T9,8,0,34,1
[484]
T1,0,1,150,8
T2,1,0,22,1
T3,2,0,112,2
T4,3,1,189,2
T5,4,1,100,9
T6,5,0,70,1
T7,6,1,200,7
T8,7,0,80,12
T9,8,0,32,2
[485]
T1,0,1,66,4
T2,1,1,24,2
T3,2,1,105,6
T4,3,1,47,2
T5,4,0,200,32
T6,5,0,147,15
T7,6,1,198,5
T8,7,0,154,7
T9,8,1,140,2
[486]
T1,0,0,84,1
T2,1,1,183,2
T3,2,0,75,2
T4,3,1,100,5
T5,4,0,36,3
T6,5,1,49,3
T7,6,0,84,9
T8,7,1,150,9
T9,8,0,200,15
[487]
T1,0,0,99,2
T2,1,0,56,2
T3,2,1,200,8
T4,3,0,140,11
T5,4,0,34,1
T6,5,0,150,15
T7,6,1,30,2
T8,7,1,196,14
T9,8,1,147,1
[488]
T1,0,1,104,13
T2,1,0,27,2
T3,2,0,91,4
T4,3,1,168,3
T5,4,0,75,2
T6,5,0,200,6
T7,6,0,36,2
T8,7,0,126,20
T9,8,1,168,4
[489]
T1,0,1,32,1
T2,1,0,84,2
T3,2,0,160,2
T4,3,0,200,17
T5,4,1,80,2
T6,5,1,168,23
T7,6,1,80,8
T8,7,0,123,8
T9,8,1,26,2
[490]
T1,0,1,80,3
T2,1,0,55,2
T3,2,0,22,2
T4,3,0,200,12
T5,4,0,32,3
T6,5,0,108,2
T7,6,0,180,11
T8,7,1,160,8
T9,8,1,144,7
[491]
T1,0,0,150,12
T2,1,0,140,8
T3,2,0,48,6
T4,3,1,140,5
T5,4,0,153,2
T6,5,0,200,6
T7,6,0,144,11
T8,7,1,25,2
T9,8,1,100,2
[492]
T1,0,0,200,39
T2,1,1,54,2
T3,2,1,189,1
T4,3,0,105,6
T5,4,0,102,1
T6,5,1,53,2
T7,6,0,68,1
T8,7,0,72,7
T9,8,1,180,6
[493]
T1,0,1,100,14
T2,1,0,180,9
T3,2,0,128,5
T4,3,0,50,1
T5,4,1,200,1
T6,5,1,49,1
T7,6,0,150,22
T8,7,0,105,2
T9,8,0,72,2
[494]
T1,0,0,48,4
T2,1,1,119,1
T3,2,1,150,37
T4,3,1,200,4
T5,4,0,56,1
T6,5,1,26,2
T7,6,0,150,11
T8,7,1,56,2
T9,8,1,102,2
[495]
T1,0,1,28,1
T2,1,0,111,2
T3,2,0,60,4
T4,3,0,20,1
T5,4,0,148,13
T6,5,0,70,6
T7,6,0,148,2
T8,7,1,96,3
T9,8,1,200,7
[496]
T1,0,1,200,10
T2,1,0,28,2
T3,2,1,68,8
T4,3,1,154,2
T5,4,0,110,10
T6,5,0,34,5
T7,6,0,120,3
T8,7,0,168,1
T9,8,1,60,2
[497]
T1,0,1,75,4
T2,1,1,99,6
T3,2,0,36,4
T4,3,0,54,1
T5,4,0,80,5
T6,5,1,63,4
T7,6,0,175,3
T8,7,1,200,3
T9,8,1,165,7
[498]
T1,0,0,110,14
T2,1,1,168,11
T3,2,1,105,2
T4,3,0,39,2
T5,4,0,120,1
T6,5,0,100,2
T7,6,0,200,3
T8,7,0,165,8
T9,8,0,21,2
[499]
T1,0,0,60,3
T2,1,0,110,4
T3,2,1,22,1
T4,3,0,165,4
T5,4,0,198,3
T6,5,1,200,9
T7,6,0,72,2
T8,7,0,42,4
T9,8,0,123,11
[500]
T1,0,0,84,2
T2,1,1,200,22
T3,2,1,112,1
T4,3,0,98,7
T5,4,1,49,1
T6,5,1,196,9
T7,6,1,49,2
T8,7,1,110,12
T9,8,1,168,8
