num_task_per_taskset=9
num_taskset=500
//ID,Priority,Offset,Period,Execution Time
[1]
T1,0,1,198,6
T2,1,1,105,2
T3,2,0,29,3
T4,3,0,200,3
T5,4,1,160,19
T6,5,1,63,3
T7,6,1,126,8
T8,7,0,66,4
T9,8,1,20,1
[2]
T1,0,1,84,2
T2,1,0,150,3
T3,2,1,200,6
T4,3,1,98,2
T5,4,0,165,25
T6,5,0,42,5
T7,6,1,49,1
T8,7,1,55,7
T9,8,0,63,2
[3]
T1,0,1,171,7
T2,1,0,108,7
T3,2,1,120,28
T4,3,0,200,2
T5,4,0,36,2
T6,5,0,108,2
T7,6,1,29,2
T8,7,1,60,2
T9,8,1,150,19
[4]
T1,0,0,72,2
T2,1,0,84,1
T3,2,1,30,2
T4,3,0,156,15
T5,4,0,120,20
T6,5,1,200,35
T7,6,1,46,2
T8,7,1,90,4
T9,8,0,168,8
[5]
T1,0,1,35,1
T2,1,0,99,14
T3,2,1,176,9
T4,3,0,200,18
T5,4,1,176,18
T6,5,1,38,2
T7,6,1,120,3
T8,7,0,60,5
T9,8,1,70,2
[6]
T1,0,1,25,1
T2,1,1,20,2
T3,2,1,136,17
T4,3,1,116,10
T5,4,1,60,2
T6,5,1,150,15
T7,6,1,170,4
T8,7,0,87,2
T9,8,1,200,4
[7]
T1,0,1,200,2
T2,1,0,140,3
T3,2,0,112,2
T4,3,0,148,21
T5,4,0,35,2
T6,5,1,63,2
T7,6,1,74,14
T8,7,1,168,6
T9,8,0,24,1
[8]
T1,0,1,75,7
T2,1,1,190,12
T3,2,0,56,1
T4,3,1,54,5
T5,4,1,200,20
T6,5,0,50,2
T7,6,1,180,19
T8,7,0,47,2
T9,8,1,84,1
[9]
T1,0,0,75,1
T2,1,0,125,12
T3,2,1,200,9
T4,3,1,160,25
T5,4,1,74,4
T6,5,1,74,2
T7,6,1,31,2
T8,7,1,192,17
T9,8,0,50,2
[10]
T1,0,0,117,5
T2,1,1,156,13
T3,2,0,180,8
T4,3,1,144,12
T5,4,1,200,10
T6,5,0,20,2
T7,6,0,105,11
T8,7,1,38,5
T9,8,1,60,2
[11]
T1,0,1,170,12
T2,1,0,150,15
T3,2,0,200,4
T4,3,1,85,5
T5,4,0,43,6
T6,5,0,85,11
T7,6,0,86,2
T8,7,0,85,4
T9,8,1,26,2
[12]
T1,0,0,99,5
T2,1,0,26,2
T3,2,1,108,21
T4,3,1,200,2
T5,4,1,52,10
T6,5,0,156,8
T7,6,1,78,2
T8,7,0,165,4
T9,8,0,78,2
[13]
T1,0,1,120,3
T2,1,0,65,9
T3,2,0,32,2
T4,3,0,100,8
T5,4,1,176,20
T6,5,1,200,3
T7,6,0,88,1
T8,7,1,25,2
T9,8,0,198,18
[14]
T1,0,1,51,2
T2,1,0,84,4
T3,2,0,170,41
T4,3,1,30,2
T5,4,0,200,10
T6,5,1,60,2
T7,6,1,160,3
T8,7,0,64,2
T9,8,0,105,11
[15]
T1,0,0,44,2
T2,1,0,50,2
T3,2,0,70,2
T4,3,0,66,2
T5,4,0,165,2
T6,5,1,56,6
T7,6,1,200,48
T8,7,1,75,2
T9,8,0,187,20
[16]
T1,0,1,80,1
T2,1,0,200,3
T3,2,0,130,3
T4,3,1,70,4
T5,4,1,175,15
T6,5,1,176,12
T7,6,0,40,8
T8,7,1,55,3
T9,8,0,41,1
[17]
T1,0,1,200,2
T2,1,0,175,10
T3,2,0,152,10
T4,3,0,92,5
T5,4,1,92,2
T6,5,0,39,9
T7,6,1,140,2
T8,7,1,38,2
T9,8,0,92,10
[18]
T1,0,0,35,1
T2,1,1,100,1
T3,2,1,160,30
T4,3,1,168,6
T5,4,1,56,2
T6,5,1,80,2
T7,6,0,92,15
T8,7,1,200,18
T9,8,1,41,2
[19]
T1,0,0,56,7
T2,1,1,28,2
T3,2,1,195,2
T4,3,0,28,1
T5,4,1,126,1
T6,5,0,200,2
T7,6,0,130,29
T8,7,1,70,1
T9,8,1,175,1
[20]
T1,0,0,200,46
T2,1,1,66,2
T3,2,0,165,18
T4,3,1,42,2
T5,4,1,42,2
T6,5,0,150,4
T7,6,1,75,2
T8,7,0,78,5
T9,8,0,77,4
[21]
T1,0,1,91,8
T2,1,1,78,1
T3,2,1,128,21
T4,3,0,182,6
T5,4,0,70,2
T6,5,0,43,2
T7,6,0,40,6
T8,7,1,195,21
T9,8,0,200,1
[22]
T1,0,0,66,1
T2,1,1,66,6
T3,2,1,165,2
T4,3,1,51,1
T5,4,1,60,2
T6,5,0,198,4
T7,6,1,132,34
T8,7,0,26,2
T9,8,0,200,26
[23]
T1,0,0,182,25
T2,1,1,70,5
T3,2,0,72,4
T4,3,1,50,2
T5,4,0,180,25
T6,5,1,49,1
T7,6,0,120,7
T8,7,1,91,3
T9,8,0,200,2
[24]
T1,0,1,30,1
T2,1,1,120,5
T3,2,0,200,19
T4,3,1,90,10
T5,4,0,175,13
T6,5,0,72,3
T7,6,1,32,1
T8,7,1,175,19
T9,8,1,67,2
[25]
T1,0,1,56,2
T2,1,0,36,2
T3,2,1,135,9
T4,3,1,200,25
T5,4,1,56,6
T6,5,1,165,3
T7,6,0,88,1
T8,7,0,189,10
T9,8,0,30,5
[26]
T1,0,1,200,1
T2,1,0,25,2
T3,2,0,57,2
T4,3,0,30,2
T5,4,0,112,2
T6,5,1,133,13
T7,6,1,133,3
T8,7,1,168,15
T9,8,0,175,24
[27]
T1,0,1,110,9
T2,1,0,48,2
T3,2,0,80,2
T4,3,0,117,1
T5,4,0,165,12
T6,5,0,31,5
T7,6,0,200,7
T8,7,1,88,9
T9,8,1,180,9
[28]
T1,0,0,105,6
T2,1,0,150,7
T3,2,1,195,10
T4,3,1,120,10
T5,4,1,105,8
T6,5,0,47,2
T7,6,1,200,35
T8,7,1,80,2
T9,8,1,26,2
[29]
T1,0,0,33,1
T2,1,1,108,8
T3,2,1,200,12
T4,3,1,77,4
T5,4,1,30,4
T6,5,0,63,3
T7,6,1,189,7
T8,7,0,90,5
T9,8,0,176,13
[30]
T1,0,0,33,2
T2,1,0,144,5
T3,2,0,110,15
T4,3,0,165,37
T5,4,0,200,2
T6,5,1,154,4
T7,6,1,135,1
T8,7,0,126,12
T9,8,1,35,2
[31]
T1,0,1,60,1
T2,1,0,200,20
T3,2,1,184,8
T4,3,1,148,5
T5,4,1,25,2
T6,5,0,111,9
T7,6,0,69,8
T8,7,1,60,2
T9,8,0,43,1
[32]
T1,0,1,154,1
T2,1,1,84,2
T3,2,0,40,1
T4,3,0,150,1
T5,4,0,125,24
T6,5,0,21,2
T7,6,0,126,14
T8,7,0,126,2
T9,8,0,200,15
[33]
T1,0,1,200,1
T2,1,0,150,2
T3,2,0,75,4
T4,3,1,31,1
T5,4,1,40,2
T6,5,0,100,17
T7,6,0,183,19
T8,7,0,60,1
T9,8,0,95,15
[34]
T1,0,0,160,7
T2,1,0,100,2
T3,2,1,28,1
T4,3,1,88,11
T5,4,0,200,14
T6,5,1,140,11
T7,6,1,47,7
T8,7,0,66,1
T9,8,1,192,1
[35]
T1,0,0,75,2
T2,1,1,30,5
T3,2,1,189,13
T4,3,0,60,3
T5,4,1,38,2
T6,5,0,132,5
T7,6,0,165,23
T8,7,1,200,17
T9,8,0,100,1
[36]
T1,0,0,156,28
T2,1,1,90,2
T3,2,1,63,1
T4,3,0,39,1
T5,4,0,160,7
T6,5,0,91,5
T7,6,1,200,6
T8,7,1,72,14
T9,8,0,38,2
[37]
T1,0,1,85,7
T2,1,1,34,3
T3,2,1,200,5
T4,3,0,192,6
T5,4,1,28,1
T6,5,1,64,1
T7,6,0,85,9
T8,7,0,132,2
T9,8,1,176,23
[38]
T1,0,0,110,6
T2,1,1,100,2
T3,2,1,144,8
T4,3,0,25,2
T5,4,0,90,2
T6,5,0,168,1
T7,6,0,48,8
T8,7,1,200,38
T9,8,0,189,11
[39]
T1,0,1,200,21
T2,1,0,75,7
T3,2,1,192,2
T4,3,0,45,1
T5,4,1,112,8
T6,5,0,42,1
T7,6,0,68,6
T8,7,0,160,17
T9,8,0,96,2
[40]
T1,0,0,104,8
T2,1,1,195,2
T3,2,1,20,2
T4,3,1,200,21
T5,4,1,78,10
T6,5,1,189,11
T7,6,0,78,1
T8,7,0,60,2
T9,8,1,47,2
[41]
T1,0,0,99,20
T2,1,1,200,2
T3,2,1,100,28
T4,3,0,165,5
T5,4,0,132,2
T6,5,1,44,2
T7,6,0,25,2
T8,7,0,170,5
T9,8,1,85,2
[42]
T1,0,0,66,7
T2,1,0,192,10
T3,2,0,84,14
T4,3,1,88,8
T5,4,1,150,2
T6,5,0,200,7
T7,6,1,25,2
T8,7,0,24,2
T9,8,0,84,6
[43]
T1,0,1,50,6
T2,1,1,200,7
T3,2,0,144,10
T4,3,0,70,7
T5,4,0,72,6
T6,5,1,150,2
T7,6,0,175,14
T8,7,1,88,3
T9,8,0,44,2
[44]
T1,0,0,200,2
T2,1,1,150,15
T3,2,0,46,3
T4,3,1,138,11
T5,4,1,72,1
T6,5,1,135,14
T7,6,0,100,10
T8,7,0,184,1
T9,8,0,50,3
[45]
T1,0,1,84,7
T2,1,0,200,8
T3,2,0,51,1
T4,3,0,175,33
T5,4,1,60,1
T6,5,0,84,10
T7,6,0,50,2
T8,7,0,152,1
T9,8,0,96,9
[46]
T1,0,0,100,1
T2,1,1,78,6
T3,2,0,77,3
T4,3,1,30,5
T5,4,0,195,3
T6,5,1,110,6
T7,6,1,200,7
T8,7,1,28,2
T9,8,1,168,26
[47]
T1,0,1,68,7
T2,1,1,20,2
T3,2,1,112,3
T4,3,0,200,8
T5,4,1,80,2
T6,5,0,150,1
T7,6,0,125,1
T8,7,1,168,8
T9,8,1,23,4
[48]
T1,0,0,85,2
T2,1,1,26,5
T3,2,0,30,2
T4,3,1,168,15
T5,4,1,136,1
T6,5,1,168,4
T7,6,1,200,8
T8,7,0,147,19
T9,8,1,75,6
[49]
T1,0,1,190,11
T2,1,1,40,2
T3,2,1,171,4
T4,3,1,55,12
T5,4,1,200,2
T6,5,0,60,2
T7,6,1,26,2
T8,7,0,95,2
T9,8,1,72,14
[50]
T1,0,0,99,1
T2,1,1,154,17
T3,2,1,200,3
T4,3,0,55,3
T5,4,0,30,2
T6,5,1,56,1
T7,6,1,150,18
T8,7,0,21,2
T9,8,1,80,16
[51]
T1,0,0,112,4
T2,1,0,148,1
T3,2,0,52,3
T4,3,0,45,5
T5,4,1,140,7
T6,5,1,200,31
T7,6,0,60,3
T8,7,1,126,8
T9,8,1,175,8
[52]
T1,0,1,48,2
T2,1,1,200,60
T3,2,0,126,2
T4,3,1,32,2
T5,4,1,80,17
T6,5,0,75,2
T7,6,0,63,2
T8,7,1,150,2
T9,8,0,150,1
[53]
T1,0,1,120,9
T2,1,1,150,31
T3,2,1,38,2
T4,3,1,80,1
T5,4,0,120,1
T6,5,0,200,21
T7,6,1,162,9
T8,7,0,105,2
T9,8,1,40,3
[54]
T1,0,1,148,7
T2,1,0,120,2
T3,2,0,148,20
T4,3,1,72,1
T5,4,1,126,18
T6,5,1,200,33
T7,6,1,105,2
T8,7,1,21,1
T9,8,1,43,2
[55]
T1,0,0,25,2
T2,1,1,135,6
T3,2,1,120,1
T4,3,1,110,11
T5,4,0,49,5
T6,5,1,128,36
T7,6,0,198,2
T8,7,1,198,2
T9,8,0,200,4
[56]
T1,0,1,33,4
T2,1,1,110,6
T3,2,1,160,7
T4,3,1,84,1
T5,4,1,175,10
T6,5,0,200,16
T7,6,1,105,2
T8,7,0,39,4
T9,8,0,128,7
[57]
T1,0,1,20,2
T2,1,1,180,1
T3,2,1,200,3
T4,3,1,156,5
T5,4,1,99,2
T6,5,1,36,3
T7,6,0,100,19
T8,7,0,120,3
T9,8,1,132,12
[58]
T1,0,0,84,7
T2,1,1,130,7
T3,2,0,180,17
T4,3,1,56,2
T5,4,1,160,1
T6,5,0,39,3
T7,6,1,105,2
T8,7,0,42,2
T9,8,1,200,31
[59]
T1,0,0,80,3
T2,1,1,168,4
T3,2,1,35,5
T4,3,0,200,23
T5,4,0,125,3
T6,5,0,176,3
T7,6,1,84,8
T8,7,0,55,2
T9,8,1,21,1
[60]
T1,0,1,154,30
T2,1,1,98,10
T3,2,1,63,2
T4,3,1,200,12
T5,4,0,52,5
T6,5,0,77,1
T7,6,0,28,2
T8,7,1,55,2
T9,8,0,180,12
[61]
T1,0,1,64,5
T2,1,0,90,11
T3,2,1,162,6
T4,3,0,63,2
T5,4,0,90,4
T6,5,1,24,1
T7,6,1,200,30
T8,7,1,150,2
T9,8,1,50,2
[62]
T1,0,0,132,3
T2,1,1,66,1
T3,2,1,30,2
T4,3,1,170,38
T5,4,0,88,3
T6,5,1,200,8
T7,6,1,45,1
T8,7,0,100,19
T9,8,0,165,1
[63]
T1,0,0,190,3
T2,1,1,72,4
T3,2,1,160,6
T4,3,0,95,2
T5,4,1,24,2
T6,5,1,200,14
T7,6,1,26,2
T8,7,1,96,10
T9,8,0,57,8
[64]
T1,0,1,180,6
T2,1,0,31,2
T3,2,0,184,10
T4,3,0,75,2
T5,4,1,200,48
T6,5,1,100,6
T7,6,0,30,2
T8,7,1,70,8
T9,8,1,144,3
[65]
T1,0,1,150,3
T2,1,1,176,2
T3,2,0,143,5
T4,3,1,130,1
T5,4,0,45,2
T6,5,1,66,4
T7,6,1,22,3
T8,7,0,90,10
T9,8,1,200,33
[66]
T1,0,0,200,8
T2,1,1,29,1
T3,2,1,174,16
T4,3,1,22,2
T5,4,1,58,2
T6,5,1,66,5
T7,6,1,180,4
T8,7,1,120,3
T9,8,0,75,7
[67]
T1,0,0,105,9
T2,1,0,190,13
T3,2,0,175,22
T4,3,1,50,2
T5,4,0,90,7
T6,5,1,47,2
T7,6,1,57,3
T8,7,1,200,11
T9,8,1,54,4
[68]
T1,0,0,128,19
T2,1,1,196,21
T3,2,0,105,7
T4,3,1,200,17
T5,4,0,50,1
T6,5,0,160,5
T7,6,0,47,2
T8,7,0,64,4
T9,8,0,140,4
[69]
T1,0,1,56,2
T2,1,1,20,2
T3,2,1,72,12
T4,3,1,196,1
T5,4,0,147,2
T6,5,0,64,3
T7,6,0,144,2
T8,7,1,32,6
T9,8,0,200,18
[70]
T1,0,1,120,17
T2,1,1,192,11
T3,2,0,112,15
T4,3,1,64,3
T5,4,1,50,2
T6,5,1,38,2
T7,6,0,200,4
T8,7,1,176,16
T9,8,0,110,4
[71]
T1,0,1,44,2
T2,1,1,76,4
T3,2,1,200,2
T4,3,1,76,21
T5,4,1,39,2
T6,5,0,95,5
T7,6,1,152,5
T8,7,1,152,11
T9,8,1,132,8
[72]
T1,0,1,150,14
T2,1,0,72,2
T3,2,1,36,1
T4,3,0,68,14
T5,4,0,184,14
T6,5,0,90,3
T7,6,0,200,4
T8,7,1,136,6
T9,8,0,42,1
[73]
T1,0,0,150,2
T2,1,1,28,2
T3,2,1,99,18
T4,3,1,176,23
T5,4,1,72,2
T6,5,1,27,2
T7,6,1,70,2
T8,7,0,60,4
T9,8,0,200,10
[74]
T1,0,1,175,10
T2,1,1,160,7
T3,2,1,85,4
T4,3,1,32,8
T5,4,0,72,1
T6,5,0,80,1
T7,6,0,126,1
T8,7,1,24,1
T9,8,1,200,2
[75]
T1,0,0,98,21
T2,1,1,100,6
T3,2,1,128,3
T4,3,0,200,2
T5,4,0,37,3
T6,5,1,64,4
T7,6,1,168,11
T8,7,1,150,7
T9,8,1,21,2
[76]
T1,0,0,56,2
T2,1,1,65,2
T3,2,0,65,3
T4,3,1,156,5
T5,4,1,105,20
T6,5,1,195,14
T7,6,1,34,2
T8,7,0,32,1
T9,8,1,200,33
[77]
T1,0,0,88,1
T2,1,1,41,11
T3,2,1,180,2
T4,3,0,154,2
T5,4,0,77,5
T6,5,0,200,18
T7,6,0,35,1
T8,7,1,88,1
T9,8,0,75,3
[78]
T1,0,1,100,1
T2,1,0,47,2
T3,2,1,119,3
T4,3,0,200,13
T5,4,1,195,21
T6,5,1,68,2
T7,6,1,52,1
T8,7,0,91,24
T9,8,0,170,1
[79]
T1,0,0,35,3
T2,1,0,39,2
T3,2,0,56,16
T4,3,1,124,2
T5,4,1,147,2
T6,5,1,196,2
T7,6,1,168,2
T8,7,0,147,4
T9,8,0,200,15
[80]
T1,0,0,72,2
T2,1,0,80,6
T3,2,1,63,2
T4,3,0,45,2
T5,4,0,200,2
T6,5,1,160,13
T7,6,0,189,29
T8,7,0,125,3
T9,8,0,35,6
[81]
T1,0,0,63,7
T2,1,1,189,7
T3,2,0,30,2
T4,3,1,105,2
T5,4,1,189,1
T6,5,0,200,9
T7,6,0,76,4
T8,7,1,76,6
T9,8,0,45,10
[82]
T1,0,1,46,1
T2,1,1,165,18
T3,2,0,180,2
T4,3,1,99,2
T5,4,1,88,1
T6,5,0,200,30
T7,6,1,85,4
T8,7,0,110,9
T9,8,1,48,5
[83]
T1,0,1,40,1
T2,1,0,41,2
T3,2,0,87,1
T4,3,1,160,13
T5,4,1,200,46
T6,5,0,72,4
T7,6,0,174,7
T8,7,0,75,1
T9,8,0,75,3
[84]
T1,0,0,132,2
T2,1,0,180,2
T3,2,0,176,7
T4,3,1,135,6
T5,4,0,45,4
T6,5,0,110,11
T7,6,1,34,1
T8,7,0,90,17
T9,8,0,200,9
[85]
T1,0,1,45,2
T2,1,0,84,6
T3,2,1,57,2
T4,3,0,75,5
T5,4,0,180,9
T6,5,0,200,29
T7,6,1,47,1
T8,7,0,76,10
T9,8,0,160,6
[86]
T1,0,1,56,3
T2,1,1,175,14
T3,2,1,60,5
T4,3,0,136,2
T5,4,0,52,2
T6,5,1,105,14
T7,6,1,200,7
T8,7,0,20,1
T9,8,1,175,15
[87]
T1,0,1,175,4
T2,1,0,200,2
T3,2,1,105,8
T4,3,1,188,12
T5,4,0,141,17
T6,5,1,72,11
T7,6,0,28,1
T8,7,1,44,3
T9,8,0,70,2
[88]
T1,0,0,104,2
T2,1,0,200,11
T3,2,0,30,1
T4,3,0,156,7
T5,4,0,104,16
T6,5,0,32,3
T7,6,0,104,5
T8,7,1,150,7
T9,8,1,142,8
[89]
T1,0,0,80,7
T2,1,1,190,31
T3,2,1,33,2
T4,3,0,65,2
T5,4,0,57,3
T6,5,1,200,10
T7,6,0,45,5
T8,7,0,190,8
T9,8,1,60,3
[90]
T1,0,1,38,2
T2,1,1,200,13
T3,2,1,105,6
T4,3,1,72,10
T5,4,0,36,2
T6,5,1,195,29
T7,6,1,168,4
T8,7,1,135,12
T9,8,1,105,2
[91]
T1,0,1,100,3
T2,1,1,200,10
T3,2,0,140,16
T4,3,0,27,2
T5,4,1,192,2
T6,5,0,105,10
T7,6,1,40,2
T8,7,0,140,17
T9,8,1,165,25
[92]
T1,0,1,120,11
T2,1,0,100,2
T3,2,1,76,4
T4,3,1,200,25
T5,4,1,28,2
T6,5,1,30,2
T7,6,1,190,2
T8,7,1,71,5
T9,8,0,150,27
[93]
T1,0,1,25,2
T2,1,1,162,33
T3,2,1,105,8
T4,3,0,80,1
T5,4,0,80,5
T6,5,0,34,1
T7,6,1,56,2
T8,7,1,175,9
T9,8,1,200,5
[94]
T1,0,1,160,1
T2,1,1,200,6
T3,2,0,105,5
T4,3,1,150,23
T5,4,1,48,4
T6,5,0,64,7
T7,6,0,105,9
T8,7,1,37,2
T9,8,0,98,2
[95]
T1,0,0,144,12
T2,1,1,36,3
T3,2,0,80,1
T4,3,1,117,3
T5,4,1,200,7
T6,5,0,170,19
T7,6,1,49,7
T8,7,0,153,4
T9,8,1,136,4
[96]
T1,0,1,36,4
T2,1,0,66,4
T3,2,0,140,9
T4,3,1,154,3
T5,4,1,175,4
T6,5,0,200,14
T7,6,0,96,8
T8,7,1,96,8
T9,8,1,50,1
[97]
T1,0,1,74,4
T2,1,0,200,20
T3,2,1,170,2
T4,3,0,48,2
T5,4,1,170,9
T6,5,0,43,2
T7,6,0,120,6
T8,7,1,80,2
T9,8,0,60,10
[98]
T1,0,1,175,15
T2,1,0,138,3
T3,2,0,200,32
T4,3,0,120,2
T5,4,1,175,18
T6,5,1,138,1
T7,6,1,29,3
T8,7,1,36,2
T9,8,1,56,2
[99]
T1,0,1,144,5
T2,1,1,200,3
T3,2,0,182,11
T4,3,1,140,19
T5,4,1,56,6
T6,5,1,39,3
T7,6,0,160,16
T8,7,0,48,2
T9,8,1,112,2
[100]
T1,0,1,78,9
T2,1,0,52,2
T3,2,1,160,2
T4,3,0,200,5
T5,4,1,55,1
T6,5,1,104,4
T7,6,0,156,10
T8,7,0,47,9
T9,8,0,130,9
[101]
T1,0,1,117,18
T2,1,1,26,2
T3,2,1,24,2
T4,3,1,195,23
T5,4,1,80,2
T6,5,0,150,4
T7,6,1,200,3
T8,7,0,105,1
T9,8,1,91,11
[102]
T1,0,0,38,2
T2,1,0,180,2
T3,2,1,120,6
T4,3,0,126,4
T5,4,0,35,2
T6,5,1,125,26
T7,6,1,175,5
T8,7,0,105,6
T9,8,1,200,23
[103]
T1,0,0,144,3
T2,1,1,51,4
T3,2,0,54,6
T4,3,0,153,10
T5,4,1,34,1
T6,5,0,80,5
T7,6,1,170,7
T8,7,0,96,6
T9,8,1,200,19
[104]
T1,0,1,135,15
T2,1,1,120,13
T3,2,0,198,19
T4,3,0,200,7
T5,4,0,36,1
T6,5,0,108,4
T7,6,0,154,2
T8,7,1,75,4
T9,8,1,25,2
[105]
T1,0,0,200,16
T2,1,0,175,3
T3,2,1,68,14
T4,3,1,78,1
T5,4,0,29,2
T6,5,1,50,7
T7,6,0,170,4
T8,7,1,91,2
T9,8,1,120,6
[106]
T1,0,1,55,2
T2,1,0,88,2
T3,2,0,72,16
T4,3,1,160,2
T5,4,0,21,2
T6,5,1,200,41
T7,6,0,112,5
T8,7,0,165,12
T9,8,0,45,2
[107]
T1,0,0,156,7
T2,1,1,200,5
T3,2,1,33,2
T4,3,1,70,1
T5,4,1,143,19
T6,5,0,168,17
T7,6,0,132,4
T8,7,0,91,8
T9,8,0,39,2
[108]
T1,0,1,135,1
T2,1,1,45,9
T3,2,1,161,2
T4,3,1,105,17
T5,4,0,138,3
T6,5,1,200,14
T7,6,1,168,6
T8,7,1,31,2
T9,8,1,63,2
[109]
T1,0,0,50,2
T2,1,1,192,1
T3,2,1,196,25
T4,3,1,80,1
T5,4,1,63,7
T6,5,0,200,10
T7,6,1,100,6
T8,7,0,96,11
T9,8,1,27,2
[110]
T1,0,1,81,8
T2,1,1,26,1
T3,2,0,112,7
T4,3,0,162,2
T5,4,1,192,20
T6,5,0,42,3
T7,6,0,112,12
T8,7,0,96,2
T9,8,1,200,12
[111]
T1,0,1,152,19
T2,1,1,22,4
T3,2,0,56,2
T4,3,0,175,6
T5,4,0,114,2
T6,5,0,70,4
T7,6,0,76,2
T8,7,1,45,2
T9,8,1,200,19
[112]
T1,0,0,66,3
T2,1,1,200,18
T3,2,0,21,2
T4,3,0,77,1
T5,4,0,154,16
T6,5,1,156,19
T7,6,1,132,1
T8,7,1,26,3
T9,8,0,77,6
[113]
T1,0,0,32,2
T2,1,1,200,1
T3,2,1,192,11
T4,3,1,44,1
T5,4,1,189,21
T6,5,0,100,26
T7,6,1,81,3
T8,7,0,63,1
T9,8,0,70,1
[114]
T1,0,0,52,6
T2,1,1,168,6
T3,2,1,175,11
T4,3,1,110,11
T5,4,1,88,2
T6,5,1,76,2
T7,6,1,200,22
T8,7,0,22,2
T9,8,1,132,7
[115]
T1,0,1,66,2
T2,1,0,36,2
T3,2,0,200,12
T4,3,0,50,4
T5,4,1,60,10
T6,5,0,185,1
T7,6,0,74,1
T8,7,0,198,16
T9,8,1,110,11
[116]
T1,0,0,66,2
T2,1,1,154,3
T3,2,1,31,4
T4,3,0,25,2
T5,4,1,200,14
T6,5,0,110,11
T7,6,1,175,12
T8,7,0,144,21
T9,8,0,70,2
[117]
T1,0,0,108,4
T2,1,1,40,2
T3,2,0,200,2
T4,3,1,90,7
T5,4,1,168,27
T6,5,1,135,1
T7,6,0,48,3
T8,7,1,165,32
T9,8,1,70,1
[118]
T1,0,1,41,1
T2,1,0,171,5
T3,2,1,95,2
T4,3,1,76,6
T5,4,0,200,45
T6,5,0,40,1
T7,6,0,128,2
T8,7,1,128,7
T9,8,1,152,16
[119]
T1,0,0,150,22
T2,1,0,126,4
T3,2,1,105,2
T4,3,0,200,14
T5,4,1,26,2
T6,5,1,189,41
T7,6,1,54,1
T8,7,1,51,2
T9,8,0,108,3
[120]
T1,0,0,84,6
T2,1,1,120,5
T3,2,0,175,4
T4,3,0,100,1
T5,4,0,200,67
T6,5,1,168,1
T7,6,1,21,2
T8,7,0,90,6
T9,8,0,50,2
[121]
T1,0,0,156,1
T2,1,0,24,2
T3,2,1,200,6
T4,3,0,60,3
T5,4,0,105,26
T6,5,0,30,2
T7,6,1,156,1
T8,7,1,108,14
T9,8,1,70,4
[122]
T1,0,1,124,15
T2,1,1,70,5
T3,2,1,175,1
T4,3,1,93,5
T5,4,0,150,6
T6,5,0,70,3
T7,6,0,30,2
T8,7,0,49,5
T9,8,1,200,8
[123]
T1,0,0,175,8
T2,1,1,100,24
T3,2,1,35,2
T4,3,0,140,5
T5,4,1,77,2
T6,5,0,36,1
T7,6,0,112,9
T8,7,1,147,14
T9,8,0,200,4
[124]
T1,0,0,200,2
T2,1,0,35,4
T3,2,1,160,15
T4,3,1,192,1
T5,4,0,105,22
T6,5,0,68,4
T7,6,0,120,1
T8,7,1,51,2
T9,8,0,120,2
[125]
T1,0,1,150,3
T2,1,0,90,5
T3,2,0,165,16
T4,3,1,99,25
T5,4,0,54,3
T6,5,0,36,1
T7,6,1,52,2
T8,7,0,135,1
T9,8,0,200,9
[126]
T1,0,0,135,1
T2,1,0,20,2
T3,2,0,72,2
T4,3,0,31,7
T5,4,0,162,1
T6,5,0,192,2
T7,6,1,75,16
T8,7,1,128,4
T9,8,1,200,11
[127]
T1,0,1,78,2
T2,1,0,135,2
T3,2,0,200,26
T4,3,1,100,12
T5,4,0,20,2
T6,5,0,182,25
T7,6,0,65,2
T8,7,0,21,2
T9,8,1,195,24
[128]
T1,0,0,60,1
T2,1,1,110,12
T3,2,0,99,15
T4,3,1,180,22
T5,4,0,165,2
T6,5,0,43,1
T7,6,1,60,4
T8,7,0,200,7
T9,8,0,44,1
[129]
T1,0,1,128,8
T2,1,1,38,2
T3,2,1,168,10
T4,3,1,80,11
T5,4,1,182,10
T6,5,1,200,1
T7,6,1,75,6
T8,7,1,20,1
T9,8,0,112,3
[130]
T1,0,1,105,4
T2,1,1,33,2
T3,2,1,196,36
T4,3,0,182,3
T5,4,1,100,3
T6,5,1,84,2
T7,6,1,35,2
T8,7,1,200,18
T9,8,0,130,21
[131]
T1,0,1,115,30
T2,1,0,23,2
T3,2,0,190,3
T4,3,1,120,11
T5,4,0,200,5
T6,5,0,92,3
T7,6,1,95,9
T8,7,0,33,1
T9,8,1,184,1
[132]
T1,0,1,77,3
T2,1,0,122,4
T3,2,0,200,1
T4,3,0,36,1
T5,4,0,44,3
T6,5,0,175,20
T7,6,1,61,3
T8,7,1,77,13
T9,8,1,175,6
[133]
T1,0,1,171,2
T2,1,1,120,15
T3,2,0,200,36
T4,3,1,80,2
T5,4,1,38,1
T6,5,1,105,5
T7,6,1,168,7
T8,7,0,38,1
T9,8,0,112,10
[134]
T1,0,0,180,20
T2,1,1,53,6
T3,2,1,200,31
T4,3,1,66,3
T5,4,0,132,1
T6,5,1,88,5
T7,6,1,116,1
T8,7,1,150,7
T9,8,1,22,2
[135]
T1,0,1,70,11
T2,1,0,135,14
T3,2,1,54,2
T4,3,0,180,1
T5,4,0,50,8
T6,5,1,180,2
T7,6,0,48,2
T8,7,0,200,16
T9,8,1,72,2
[136]
T1,0,1,174,8
T2,1,1,30,2
T3,2,1,42,1
T4,3,1,75,2
T5,4,0,117,29
T6,5,0,200,8
T7,6,0,90,8
T8,7,1,174,5
T9,8,1,90,2
[137]
T1,0,0,25,2
T2,1,0,91,1
T3,2,0,175,1
T4,3,0,105,2
T5,4,0,90,2
T6,5,0,200,13
T7,6,1,150,21
T8,7,0,120,20
T9,8,0,53,5
[138]
T1,0,1,60,2
T2,1,0,162,6
T3,2,0,200,1
T4,3,0,156,5
T5,4,1,25,4
T6,5,0,117,2
T7,6,1,54,2
T8,7,1,78,15
T9,8,0,75,7
[139]
T1,0,1,200,8
T2,1,1,72,6
T3,2,1,165,13
T4,3,1,33,2
T5,4,0,147,1
T6,5,1,38,2
T7,6,0,132,3
T8,7,0,77,1
T9,8,0,105,33
[140]
T1,0,0,50,3
T2,1,1,110,10
T3,2,1,77,8
T4,3,0,176,9
T5,4,0,200,19
T6,5,1,35,2
T7,6,1,152,11
T8,7,0,55,2
T9,8,1,76,3
[141]
T1,0,0,132,8
T2,1,0,30,1
T3,2,0,36,2
T4,3,0,78,5
T5,4,0,195,44
T6,5,1,150,15
T7,6,0,200,14
T8,7,1,88,1
T9,8,1,78,2
[142]
T1,0,0,63,2
T2,1,0,25,2
T3,2,1,192,2
T4,3,0,200,6
T5,4,0,60,8
T6,5,0,175,35
T7,6,1,147,9
T8,7,0,70,2
T9,8,1,25,2
[143]
T1,0,1,189,15
T2,1,0,165,7
T3,2,0,132,18
T4,3,0,108,6
T5,4,1,43,1
T6,5,1,200,1
T7,6,0,99,7
T8,7,1,112,14
T9,8,1,36,1
[144]
T1,0,1,54,3
T2,1,1,42,2
T3,2,1,30,1
T4,3,0,200,3
T5,4,0,140,16
T6,5,0,63,9
T7,6,0,189,2
T8,7,1,184,2
T9,8,1,105,13
[145]
T1,0,1,100,5
T2,1,0,96,5
T3,2,1,148,17
T4,3,0,39,2
T5,4,0,100,3
T6,5,0,100,8
T7,6,0,45,3
T8,7,0,200,11
T9,8,0,185,24
[146]
T1,0,1,80,8
T2,1,1,48,1
T3,2,0,80,2
T4,3,0,64,5
T5,4,1,198,5
T6,5,0,26,5
T7,6,1,192,1
T8,7,0,128,1
T9,8,0,200,17
[147]
T1,0,1,33,2
T2,1,0,164,20
T3,2,1,60,1
T4,3,1,84,3
T5,4,1,200,4
T6,5,0,35,1
T7,6,1,150,13
T8,7,1,123,11
T9,8,0,63,7
[148]
T1,0,1,24,2
T2,1,0,200,12
T3,2,0,126,14
T4,3,0,60,2
T5,4,0,130,1
T6,5,1,156,2
T7,6,0,175,9
T8,7,0,130,20
T9,8,1,41,1
[149]
T1,0,0,200,3
T2,1,1,100,4
T3,2,0,63,5
T4,3,0,176,13
T5,4,0,56,6
T6,5,0,144,4
T7,6,1,48,6
T8,7,1,168,3
T9,8,1,40,2
[150]
T1,0,1,30,2
T2,1,0,200,27
T3,2,1,63,6
T4,3,1,70,9
T5,4,0,29,1
T6,5,0,75,2
T7,6,1,180,2
T8,7,1,150,14
T9,8,1,105,4
[151]
T1,0,1,140,6
T2,1,0,156,20
T3,2,1,200,10
T4,3,0,112,14
T5,4,1,60,2
T6,5,1,147,12
T7,6,1,35,1
T8,7,0,156,6
T9,8,0,20,2
[152]
T1,0,1,65,2
T2,1,1,104,4
T3,2,0,165,3
T4,3,1,65,2
T5,4,0,66,5
T6,5,0,200,5
T7,6,1,46,4
T8,7,0,165,10
T9,8,1,35,7
[153]
T1,0,1,25,2
T2,1,0,144,5
T3,2,1,150,12
T4,3,1,200,32
T5,4,1,100,2
T6,5,1,176,27
T7,6,0,20,2
T8,7,0,100,11
T9,8,1,99,2
[154]
T1,0,1,38,3
T2,1,1,64,3
T3,2,1,50,2
T4,3,1,64,3
T5,4,1,200,27
T6,5,1,100,1
T7,6,1,182,6
T8,7,1,195,30
T9,8,1,64,3
[155]
T1,0,0,70,10
T2,1,0,168,3
T3,2,1,76,8
T4,3,1,72,2
T5,4,1,36,1
T6,5,1,200,25
T7,6,0,34,3
T8,7,0,175,2
T9,8,0,72,2
[156]
T1,0,1,54,1
T2,1,1,78,3
T3,2,0,200,3
T4,3,0,78,2
T5,4,1,40,4
T6,5,0,40,2
T7,6,0,182,23
T8,7,1,144,17
T9,8,0,195,16
[157]
T1,0,1,180,7
T2,1,0,20,1
T3,2,0,90,8
T4,3,1,22,2
T5,4,0,63,1
T6,5,0,200,12
T7,6,1,196,9
T8,7,1,120,2
T9,8,1,75,15
[158]
T1,0,0,200,33
T2,1,0,27,1
T3,2,1,150,11
T4,3,0,90,10
T5,4,0,21,2
T6,5,1,72,2
T7,6,0,84,5
T8,7,0,105,3
T9,8,0,170,6
[159]
T1,0,0,156,2
T2,1,1,135,30
T3,2,1,99,2
T4,3,0,120,6
T5,4,1,32,2
T6,5,0,198,15
T7,6,1,60,2
T8,7,1,200,15
T9,8,1,40,1
[160]
T1,0,1,78,8
T2,1,1,200,6
T3,2,1,104,11
T4,3,1,195,28
T5,4,0,85,2
T6,5,0,38,2
T7,6,0,150,9
T8,7,0,48,3
T9,8,1,90,2
[161]
T1,0,0,165,7
T2,1,0,33,4
T3,2,0,114,12
T4,3,1,95,2
T5,4,0,55,5
T6,5,0,152,1
T7,6,1,200,31
T8,7,0,66,2
T9,8,0,39,1
[162]
T1,0,0,184,28
T2,1,1,88,2
T3,2,1,165,1
T4,3,0,90,6
T5,4,0,48,3
T6,5,1,35,2
T7,6,1,200,24
T8,7,1,110,10
T9,8,1,100,2
[163]
T1,0,0,70,1
T2,1,1,200,13
T3,2,1,105,1
T4,3,1,114,4
T5,4,1,152,1
T6,5,1,33,4
T7,6,0,24,4
T8,7,1,165,9
T9,8,1,88,6
[164]
T1,0,1,25,4
T2,1,1,75,2
T3,2,1,22,3
T4,3,1,198,3
T5,4,0,88,1
T6,5,1,200,3
T7,6,1,198,6
T8,7,0,120,3
T9,8,1,114,18
[165]
T1,0,0,40,1
T2,1,0,175,1
T3,2,0,140,2
T4,3,0,150,1
T5,4,0,110,21
T6,5,1,200,22
T7,6,0,33,3
T8,7,1,78,8
T9,8,0,104,2
[166]
T1,0,0,112,4
T2,1,0,176,2
T3,2,1,77,20
T4,3,0,21,1
T5,4,1,110,3
T6,5,0,200,17
T7,6,0,98,2
T8,7,1,30,2
T9,8,0,154,5
[167]
T1,0,0,190,3
T2,1,1,190,30
T3,2,1,200,23
T4,3,0,147,2
T5,4,0,76,2
T6,5,1,30,4
T7,6,1,29,2
T8,7,1,140,1
T9,8,0,76,9
[168]
T1,0,1,200,7
T2,1,0,100,4
T3,2,0,22,3
T4,3,1,95,3
T5,4,0,50,4
T6,5,0,171,9
T7,6,1,95,2
T8,7,1,76,6
T9,8,0,165,10
[169]
T1,0,1,128,23
T2,1,0,28,2
T3,2,1,100,9
T4,3,0,100,2
T5,4,1,30,2
T6,5,0,200,2
T7,6,1,165,18
T8,7,0,77,2
T9,8,1,175,11
[170]
T1,0,0,200,1
T2,1,1,30,2
T3,2,1,180,9
T4,3,0,132,9
T5,4,0,31,1
T6,5,1,105,4
T7,6,0,175,45
T8,7,0,75,2
T9,8,0,135,1
[171]
T1,0,0,70,14
T2,1,1,200,2
T3,2,1,31,1
T4,3,0,105,17
T5,4,0,155,2
T6,5,0,124,3
T7,6,0,47,2
T8,7,1,168,4
T9,8,1,70,5
[172]
T1,0,0,175,2
T2,1,1,96,1
T3,2,1,100,2
T4,3,1,39,3
T5,4,0,100,4
T6,5,1,200,1
T7,6,1,36,4
T8,7,1,63,10
T9,8,0,175,21
[173]
T1,0,1,165,1
T2,1,0,136,13
T3,2,0,25,2
T4,3,0,120,1
T5,4,0,136,3
T6,5,1,153,1
T7,6,1,200,1
T8,7,0,90,1
T9,8,0,47,19
[174]
T1,0,1,150,12
T2,1,1,147,24
T3,2,0,23,2
T4,3,1,200,3
T5,4,1,56,1
T6,5,0,70,2
T7,6,0,120,1
T8,7,0,154,29
T9,8,0,21,1
[175]
T1,0,1,144,5
T2,1,0,56,4
T3,2,0,200,4
T4,3,0,33,2
T5,4,0,160,11
T6,5,0,171,9
T7,6,1,112,11
T8,7,1,38,5
T9,8,0,112,3
[176]
T1,0,0,200,4
T2,1,1,28,1
T3,2,1,126,1
T4,3,1,72,13
T5,4,0,63,3
T6,5,0,168,19
T7,6,0,180,3
T8,7,1,122,13
T9,8,0,29,1
[177]
T1,0,1,156,5
T2,1,0,104,4
T3,2,1,60,1
T4,3,1,200,5
T5,4,1,31,2
T6,5,1,74,9
T7,6,1,26,5
T8,7,1,185,22
T9,8,0,78,2
[178]
T1,0,0,200,2
T2,1,0,150,9
T3,2,1,100,6
T4,3,0,70,10
T5,4,1,172,6
T6,5,0,50,3
T7,6,1,84,8
T8,7,1,40,3
T9,8,1,105,1
[179]
T1,0,1,26,1
T2,1,1,112,7
T3,2,0,91,4
T4,3,1,104,17
T5,4,0,52,2
T6,5,1,200,12
T7,6,0,156,22
T8,7,0,180,1
T9,8,0,120,6
[180]
T1,0,0,95,3
T2,1,1,200,25
T3,2,0,48,1
T4,3,1,152,8
T5,4,1,21,3
T6,5,1,114,11
T7,6,0,152,2
T8,7,0,57,2
T9,8,0,132,6
[181]
T1,0,1,168,10
T2,1,0,132,17
T3,2,0,55,1
T4,3,0,180,8
T5,4,1,200,26
T6,5,0,88,8
T7,6,0,90,2
T8,7,0,49,2
T9,8,1,40,2
[182]
T1,0,0,63,1
T2,1,1,200,29
T3,2,1,35,2
T4,3,1,136,21
T5,4,0,175,2
T6,5,1,180,23
T7,6,0,140,3
T8,7,0,22,2
T9,8,1,126,10
[183]
T1,0,1,138,13
T2,1,1,30,1
T3,2,1,200,15
T4,3,0,95,4
T5,4,1,38,2
T6,5,0,184,22
T7,6,0,92,12
T8,7,0,76,2
T9,8,1,190,3
[184]
T1,0,0,135,6
T2,1,1,200,8
T3,2,1,135,9
T4,3,0,190,28
T5,4,1,21,1
T6,5,0,27,1
T7,6,0,56,1
T8,7,1,63,2
T9,8,0,171,17
[185]
T1,0,0,35,2
T2,1,0,80,6
T3,2,1,44,1
T4,3,1,77,2
T5,4,0,176,10
T6,5,0,200,18
T7,6,0,187,15
T8,7,0,119,11
T9,8,1,100,6
[186]
T1,0,1,88,2
T2,1,0,189,20
T3,2,0,56,3
T4,3,0,50,2
T5,4,1,132,13
T6,5,0,144,10
T7,6,1,200,1
T8,7,1,154,10
T9,8,1,25,3
[187]
T1,0,0,168,8
T2,1,0,70,2
T3,2,1,56,3
T4,3,0,52,3
T5,4,1,78,9
T6,5,1,143,25
T7,6,0,21,2
T8,7,0,200,9
T9,8,0,165,10
[188]
T1,0,0,168,9
T2,1,0,200,24
T3,2,1,44,4
T4,3,1,84,14
T5,4,1,136,2
T6,5,1,55,3
T7,6,1,31,2
T8,7,1,140,2
T9,8,0,175,2
[189]
T1,0,0,200,2
T2,1,1,187,6
T3,2,0,180,18
T4,3,0,72,2
T5,4,1,50,1
T6,5,0,136,1
T7,6,1,33,2
T8,7,0,110,5
T9,8,1,60,20
[190]
T1,0,0,175,8
T2,1,0,36,2
T3,2,0,180,12
T4,3,1,200,6
T5,4,1,56,5
T6,5,1,126,9
T7,6,1,98,2
T8,7,0,31,2
T9,8,0,99,19
[191]
T1,0,1,175,1
T2,1,0,200,36
T3,2,1,140,21
T4,3,1,56,8
T5,4,1,45,1
T6,5,0,50,1
T7,6,0,147,4
T8,7,1,90,1
T9,8,0,105,2
[192]
T1,0,0,34,2
T2,1,1,171,8
T3,2,1,48,1
T4,3,1,75,19
T5,4,0,200,9
T6,5,0,135,13
T7,6,0,171,2
T8,7,1,60,2
T9,8,1,64,4
[193]
T1,0,1,90,4
T2,1,1,70,6
T3,2,0,124,20
T4,3,1,180,1
T5,4,1,126,3
T6,5,0,175,10
T7,6,0,31,1
T8,7,0,30,2
T9,8,1,200,19
[194]
T1,0,0,200,1
T2,1,1,105,20
T3,2,0,144,3
T4,3,0,153,2
T5,4,0,96,1
T6,5,0,48,1
T7,6,1,175,21
T8,7,1,85,16
T9,8,0,42,2
[195]
T1,0,0,28,2
T2,1,0,200,1
T3,2,1,196,2
T4,3,0,144,9
T5,4,0,105,1
T6,5,1,47,8
T7,6,1,120,12
T8,7,1,98,1
T9,8,0,192,34
[196]
T1,0,0,108,3
T2,1,1,126,1
T3,2,1,66,2
T4,3,0,84,12
T5,4,1,25,2
T6,5,1,150,18
T7,6,0,198,26
T8,7,1,47,3
T9,8,1,200,8
[197]
T1,0,0,150,2
T2,1,0,29,1
T3,2,0,52,8
T4,3,0,78,1
T5,4,0,102,4
T6,5,0,170,2
T7,6,0,125,7
T8,7,1,136,10
T9,8,0,200,28
[198]
T1,0,1,196,1
T2,1,1,63,4
T3,2,1,44,2
T4,3,0,55,11
T5,4,1,198,7
T6,5,1,60,1
T7,6,1,37,1
T8,7,1,90,17
T9,8,1,200,1
[199]
T1,0,1,30,4
T2,1,0,150,2
T3,2,0,112,21
T4,3,1,176,10
T5,4,0,70,2
T6,5,1,41,1
T7,6,0,96,12
T8,7,1,72,2
T9,8,1,200,3
[200]
T1,0,1,147,4
T2,1,1,200,49
T3,2,1,25,2
T4,3,1,144,2
T5,4,0,168,11
T6,5,0,64,2
T7,6,1,150,20
T8,7,0,53,2
T9,8,1,140,7
[201]
T1,0,0,60,3
T2,1,1,198,20
T3,2,1,112,9
T4,3,1,200,26
T5,4,1,165,4
T6,5,1,108,12
T7,6,0,30,2
T8,7,1,88,5
T9,8,0,32,2
[202]
T1,0,1,150,7
T2,1,0,60,7
T3,2,1,115,8
T4,3,0,189,7
T5,4,1,44,2
T6,5,1,27,2
T7,6,0,135,9
T8,7,0,200,23
T9,8,1,120,4
[203]
T1,0,1,60,2
T2,1,1,200,13
T3,2,0,152,9
T4,3,1,95,2
T5,4,0,58,5
T6,5,1,116,8
T7,6,0,48,7
T8,7,1,150,7
T9,8,1,45,2
[204]
T1,0,0,60,1
T2,1,1,160,8
T3,2,1,35,7
T4,3,0,160,2
T5,4,0,200,2
T6,5,0,112,1
T7,6,0,24,2
T8,7,1,85,15
T9,8,1,63,3
[205]
T1,0,0,148,10
T2,1,1,20,2
T3,2,1,60,2
T4,3,0,20,2
T5,4,1,126,4
T6,5,1,150,22
T7,6,0,200,14
T8,7,0,120,11
T9,8,0,120,2
[206]
T1,0,0,44,1
T2,1,1,55,4
T3,2,0,198,2
T4,3,0,60,2
T5,4,1,196,7
T6,5,0,90,16
T7,6,1,200,13
T8,7,0,32,1
T9,8,1,90,6
[207]
T1,0,0,64,5
T2,1,1,41,1
T3,2,0,175,2
T4,3,1,40,2
T5,4,1,200,48
T6,5,1,150,1
T7,6,0,80,2
T8,7,0,56,6
T9,8,1,84,4
[208]
T1,0,0,200,34
T2,1,1,176,13
T3,2,1,112,1
T4,3,1,182,2
T5,4,1,35,4
T6,5,0,55,4
T7,6,0,46,3
T8,7,0,104,2
T9,8,1,88,1
[209]
T1,0,1,152,6
T2,1,0,144,1
T3,2,0,110,6
T4,3,0,45,8
T5,4,1,200,7
T6,5,0,90,5
T7,6,1,44,1
T8,7,1,110,18
T9,8,0,152,2
[210]
T1,0,0,44,2
T2,1,0,100,2
T3,2,0,31,5
T4,3,1,144,8
T5,4,1,200,4
T6,5,0,152,2
T7,6,0,76,2
T8,7,0,152,33
T9,8,1,72,6
[211]
T1,0,0,154,36
T2,1,1,140,3
T3,2,0,165,7
T4,3,1,28,2
T5,4,0,65,2
T6,5,0,200,32
T7,6,1,105,4
T8,7,1,44,2
T9,8,0,70,2
[212]
T1,0,1,22,2
T2,1,1,154,18
T3,2,0,55,1
T4,3,0,75,5
T5,4,1,80,2
T6,5,0,200,6
T7,6,1,150,6
T8,7,0,41,2
T9,8,1,147,33
[213]
T1,0,0,180,28
T2,1,1,200,6
T3,2,1,52,2
T4,3,0,35,1
T5,4,0,60,2
T6,5,1,65,2
T7,6,1,76,1
T8,7,0,57,12
T9,8,1,190,18
[214]
T1,0,0,80,2
T2,1,1,65,8
T3,2,1,160,5
T4,3,0,200,7
T5,4,1,50,3
T6,5,0,32,2
T7,6,0,195,17
T8,7,1,80,12
T9,8,1,56,2
[215]
T1,0,0,200,9
T2,1,1,25,2
T3,2,0,156,1
T4,3,0,72,1
T5,4,0,182,25
T6,5,1,80,2
T7,6,1,70,9
T8,7,1,48,4
T9,8,0,108,1
[216]
T1,0,0,48,2
T2,1,0,200,8
T3,2,0,70,2
T4,3,0,124,4
T5,4,1,168,5
T6,5,1,98,17
T7,6,1,120,5
T8,7,1,24,2
T9,8,0,175,16
[217]
T1,0,0,54,1
T2,1,0,66,6
T3,2,0,165,19
T4,3,0,198,16
T5,4,1,49,4
T6,5,1,54,1
T7,6,0,60,3
T8,7,1,75,2
T9,8,1,200,16
[218]
T1,0,0,100,6
T2,1,1,152,3
T3,2,1,27,2
T4,3,0,63,12
T5,4,0,22,2
T6,5,1,200,21
T7,6,1,57,2
T8,7,1,120,1
T9,8,0,175,5
[219]
T1,0,0,136,4
T2,1,1,102,4
T3,2,0,200,12
T4,3,1,110,2
T5,4,1,154,8
T6,5,1,22,2
T7,6,0,84,6
T8,7,0,175,27
T9,8,1,44,2
[220]
T1,0,0,168,24
T2,1,1,28,1
T3,2,0,60,14
T4,3,0,142,13
T5,4,1,126,1
T6,5,0,27,2
T7,6,1,200,2
T8,7,1,120,1
T9,8,1,175,6
[221]
T1,0,0,119,3
T2,1,0,150,2
T3,2,1,44,1
T4,3,1,165,1
T5,4,1,21,2
T6,5,0,119,2
T7,6,0,70,2
T8,7,0,132,4
T9,8,0,200,94
[222]
T1,0,0,55,2
T2,1,0,168,1
T3,2,0,100,14
T4,3,0,144,3
T5,4,1,189,1
T6,5,1,200,35
T7,6,0,27,2
T8,7,0,43,2
T9,8,0,55,3
[223]
T1,0,0,90,2
T2,1,0,28,1
T3,2,0,170,23
T4,3,1,168,9
T5,4,0,200,9
T6,5,1,119,1
T7,6,1,40,9
T8,7,0,102,2
T9,8,0,96,2
[224]
T1,0,0,31,4
T2,1,1,60,5
T3,2,1,49,3
T4,3,0,200,8
T5,4,0,75,3
T6,5,1,115,12
T7,6,0,150,11
T8,7,1,184,5
T9,8,1,62,2
[225]
T1,0,0,160,9
T2,1,0,25,1
T3,2,0,200,8
T4,3,1,185,1
T5,4,0,84,20
T6,5,1,53,5
T7,6,1,84,2
T8,7,1,140,5
T9,8,1,56,1
[226]
T1,0,1,135,9
T2,1,0,31,2
T3,2,0,200,3
T4,3,0,56,1
T5,4,1,189,4
T6,5,1,78,16
T7,6,1,156,2
T8,7,1,48,3
T9,8,1,72,5
[227]
T1,0,1,189,2
T2,1,0,182,42
T3,2,0,126,15
T4,3,1,56,2
T5,4,0,45,3
T6,5,1,200,1
T7,6,1,27,2
T8,7,1,75,2
T9,8,0,135,18
[228]
T1,0,0,30,4
T2,1,1,200,2
T3,2,1,49,7
T4,3,1,56,4
T5,4,0,190,9
T6,5,0,147,6
T7,6,1,114,8
T8,7,1,175,1
T9,8,0,100,3
[229]
T1,0,0,33,2
T2,1,1,88,15
T3,2,1,198,36
T4,3,0,198,3
T5,4,0,74,2
T6,5,1,200,25
T7,6,0,99,6
T8,7,1,55,1
T9,8,0,39,2
[230]
T1,0,1,185,19
T2,1,0,100,1
T3,2,1,170,9
T4,3,1,200,6
T5,4,0,20,3
T6,5,1,23,2
T7,6,0,136,19
T8,7,0,85,4
T9,8,0,119,4
[231]
T1,0,1,180,21
T2,1,0,23,1
T3,2,1,63,4
T4,3,1,90,5
T5,4,0,54,3
T6,5,0,54,4
T7,6,1,32,2
T8,7,1,200,2
T9,8,1,161,5
[232]
T1,0,1,144,8
T2,1,1,45,4
T3,2,0,150,6
T4,3,1,150,35
T5,4,0,145,3
T6,5,0,200,8
T7,6,1,60,4
T8,7,0,126,1
T9,8,0,25,2
[233]
T1,0,1,168,4
T2,1,0,120,1
T3,2,0,98,3
T4,3,1,75,2
T5,4,1,39,2
T6,5,0,200,39
T7,6,1,147,3
T8,7,0,60,4
T9,8,0,24,3
[234]
T1,0,0,85,3
T2,1,0,85,1
T3,2,1,27,2
T4,3,0,27,6
T5,4,0,125,3
T6,5,0,180,31
T7,6,0,120,4
T8,7,0,170,2
T9,8,0,200,9
[235]
T1,0,1,50,4
T2,1,0,105,9
T3,2,1,200,3
T4,3,1,28,3
T5,4,1,80,3
T6,5,1,196,6
T7,6,0,147,10
T8,7,0,66,6
T9,8,0,175,5
[236]
T1,0,1,72,2
T2,1,1,119,25
T3,2,1,96,10
T4,3,1,180,9
T5,4,1,36,2
T6,5,1,200,13
T7,6,1,112,4
T8,7,1,35,2
T9,8,0,168,7
[237]
T1,0,1,150,9
T2,1,1,200,2
T3,2,1,195,4
T4,3,0,74,9
T5,4,1,39,5
T6,5,1,78,2
T7,6,0,130,6
T8,7,0,75,3
T9,8,1,26,2
[238]
T1,0,0,65,3
T2,1,0,29,2
T3,2,0,52,1
T4,3,1,200,13
T5,4,0,75,18
T6,5,1,128,1
T7,6,0,56,2
T8,7,1,150,4
T9,8,1,160,7
[239]
T1,0,0,27,3
T2,1,1,175,8
T3,2,0,33,1
T4,3,0,168,10
T5,4,0,200,12
T6,5,0,120,5
T7,6,1,72,2
T8,7,1,136,18
T9,8,1,108,4
[240]
T1,0,0,189,7
T2,1,0,80,6
T3,2,1,70,8
T4,3,1,54,1
T5,4,0,200,2
T6,5,1,24,2
T7,6,0,53,10
T8,7,1,90,10
T9,8,0,175,2
[241]
T1,0,1,36,2
T2,1,1,198,4
T3,2,0,33,1
T4,3,0,200,2
T5,4,0,140,3
T6,5,1,110,4
T7,6,1,168,17
T8,7,0,75,13
T9,8,1,54,7
[242]
T1,0,0,84,1
T2,1,1,200,30
T3,2,0,70,4
T4,3,1,150,2
T5,4,0,27,1
T6,5,1,108,1
T7,6,0,88,9
T8,7,1,31,2
T9,8,0,150,20
[243]
T1,0,1,60,6
T2,1,1,80,5
T3,2,1,54,3
T4,3,0,154,11
T5,4,0,168,2
T6,5,1,200,1
T7,6,1,50,3
T8,7,1,70,10
T9,8,1,30,1
[244]
T1,0,1,192,5
T2,1,0,24,1
T3,2,0,160,13
T4,3,0,56,5
T5,4,0,49,1
T6,5,0,136,4
T7,6,0,85,11
T8,7,0,102,6
T9,8,0,200,10
[245]
T1,0,1,68,2
T2,1,1,53,13
T3,2,1,150,6
T4,3,0,200,2
T5,4,0,90,3
T6,5,1,198,3
T7,6,1,85,7
T8,7,0,51,5
T9,8,0,102,4
[246]
T1,0,1,54,10
T2,1,0,90,2
T3,2,0,182,7
T4,3,0,30,3
T5,4,1,189,5
T6,5,0,80,1
T7,6,0,200,1
T8,7,1,112,2
T9,8,0,53,7
[247]
T1,0,0,24,3
T2,1,0,156,4
T3,2,1,51,2
T4,3,1,200,2
T5,4,0,91,5
T6,5,0,130,1
T7,6,1,130,18
T8,7,1,120,11
T9,8,1,160,17
[248]
T1,0,1,57,1
T2,1,0,171,39
T3,2,1,200,17
T4,3,0,75,4
T5,4,0,152,9
T6,5,0,76,2
T7,6,1,32,2
T8,7,0,90,3
T9,8,1,37,2
[249]
T1,0,1,34,1
T2,1,0,144,5
T3,2,1,64,2
T4,3,0,40,2
T5,4,1,72,3
T6,5,1,67,1
T7,6,1,160,6
T8,7,0,200,53
T9,8,0,192,22
[250]
T1,0,1,25,4
T2,1,0,35,6
T3,2,0,175,1
T4,3,1,200,6
T5,4,0,145,1
T6,5,0,112,2
T7,6,0,64,6
T8,7,0,160,13
T9,8,1,87,1
[251]
T1,0,1,75,1
T2,1,0,100,2
T3,2,0,20,1
T4,3,1,196,2
T5,4,0,91,2
T6,5,1,150,3
T7,6,1,39,4
T8,7,1,104,15
T9,8,0,200,34
[252]
T1,0,0,56,2
T2,1,0,175,29
T3,2,1,70,2
T4,3,0,200,16
T5,4,0,189,16
T6,5,0,40,2
T7,6,0,44,2
T8,7,1,70,5
T9,8,0,63,4
[253]
T1,0,1,55,11
T2,1,0,195,2
T3,2,1,104,2
T4,3,1,38,1
T5,4,0,104,2
T6,5,0,132,16
T7,6,1,36,6
T8,7,0,198,2
T9,8,0,200,3
[254]
T1,0,1,63,11
T2,1,0,200,2
T3,2,1,21,2
T4,3,0,60,3
T5,4,0,104,4
T6,5,0,160,2
T7,6,0,45,6
T8,7,1,90,1
T9,8,1,156,16
[255]
T1,0,0,26,2
T2,1,1,23,3
T3,2,1,150,4
T4,3,1,200,7
T5,4,0,108,2
T6,5,0,90,13
T7,6,0,100,6
T8,7,1,150,8
T9,8,0,110,1
[256]
T1,0,1,168,1
T2,1,0,102,3
T3,2,0,49,1
T4,3,0,49,13
T5,4,0,200,1
T6,5,0,112,12
T7,6,0,170,21
T8,7,0,105,2
T9,8,1,140,1
[257]
T1,0,0,20,1
T2,1,0,24,1
T3,2,1,108,2
T4,3,1,180,16
T5,4,1,120,31
T6,5,0,198,3
T7,6,1,81,1
T8,7,1,144,7
T9,8,0,200,1
[258]
T1,0,0,26,2
T2,1,0,175,12
T3,2,0,200,3
T4,3,1,65,4
T5,4,0,104,2
T6,5,0,150,10
T7,6,1,55,2
T8,7,0,44,3
T9,8,1,75,17
[259]
T1,0,0,150,1
T2,1,1,68,9
T3,2,0,200,30
T4,3,0,80,2
T5,4,1,119,5
T6,5,0,153,9
T7,6,1,72,9
T8,7,1,20,2
T9,8,1,23,2
[260]
T1,0,1,112,2
T2,1,1,198,9
T3,2,1,100,4
T4,3,0,200,8
T5,4,1,110,6
T6,5,1,25,3
T7,6,0,176,27
T8,7,0,99,2
T9,8,1,33,2
[261]
T1,0,0,55,5
T2,1,0,70,1
T3,2,1,154,1
T4,3,1,80,1
T5,4,1,176,15
T6,5,1,200,23
T7,6,1,36,8
T8,7,1,22,2
T9,8,1,133,1
[262]
T1,0,1,72,1
T2,1,0,56,2
T3,2,0,104,24
T4,3,1,175,6
T5,4,1,23,2
T6,5,1,40,5
T7,6,0,80,1
T8,7,0,160,5
T9,8,0,200,17
[263]
T1,0,1,70,3
T2,1,0,140,8
T3,2,1,200,2
T4,3,0,36,3
T5,4,1,80,7
T6,5,1,198,1
T7,6,1,28,2
T8,7,1,90,13
T9,8,0,165,16
[264]
T1,0,1,200,26
T2,1,0,133,4
T3,2,0,120,2
T4,3,0,50,3
T5,4,1,168,2
T6,5,0,180,17
T7,6,1,144,24
T8,7,1,140,6
T9,8,0,42,2
[265]
T1,0,1,54,2
T2,1,0,140,13
T3,2,0,200,24
T4,3,0,189,2
T5,4,1,136,8
T6,5,0,180,9
T7,6,1,21,1
T8,7,1,108,1
T9,8,1,25,3
[266]
T1,0,1,176,14
T2,1,1,60,2
T3,2,1,50,5
T4,3,1,25,2
T5,4,0,66,13
T6,5,0,200,5
T7,6,0,57,1
T8,7,1,198,2
T9,8,0,114,10
[267]
T1,0,0,51,2
T2,1,1,100,6
T3,2,0,200,21
T4,3,1,180,9
T5,4,0,24,1
T6,5,0,75,1
T7,6,0,160,2
T8,7,1,111,6
T9,8,1,120,22
[268]
T1,0,0,126,2
T2,1,0,200,16
T3,2,0,88,4
T4,3,0,40,8
T5,4,1,21,2
T6,5,0,60,2
T7,6,1,154,13
T8,7,0,160,2
T9,8,0,66,6
[269]
T1,0,0,136,4
T2,1,1,104,1
T3,2,0,156,12
T4,3,1,34,5
T5,4,0,117,18
T6,5,0,200,2
T7,6,0,36,2
T8,7,1,68,2
T9,8,1,170,11
[270]
T1,0,1,81,4
T2,1,0,100,2
T3,2,1,147,28
T4,3,1,33,2
T5,4,1,98,2
T6,5,0,200,5
T7,6,0,150,23
T8,7,0,28,2
T9,8,0,135,16
[271]
T1,0,0,40,1
T2,1,0,200,26
T3,2,1,105,13
T4,3,0,136,4
T5,4,0,119,1
T6,5,1,175,25
T7,6,0,52,2
T8,7,0,192,2
T9,8,1,119,10
[272]
T1,0,1,22,3
T2,1,1,189,1
T3,2,0,54,2
T4,3,0,99,5
T5,4,1,110,16
T6,5,0,88,2
T7,6,1,154,21
T8,7,1,200,2
T9,8,1,88,4
[273]
T1,0,0,34,2
T2,1,1,200,16
T3,2,1,80,2
T4,3,0,60,2
T5,4,1,44,6
T6,5,1,156,8
T7,6,1,72,4
T8,7,1,100,7
T9,8,1,165,8
[274]
T1,0,0,48,3
T2,1,1,118,27
T3,2,0,160,7
T4,3,1,30,1
T5,4,0,60,4
T6,5,0,200,1
T7,6,1,60,2
T8,7,0,168,9
T9,8,0,120,1
[275]
T1,0,1,84,8
T2,1,0,81,4
T3,2,0,140,11
T4,3,0,32,3
T5,4,1,168,3
T6,5,1,200,13
T7,6,1,27,1
T8,7,1,72,8
T9,8,1,196,2
[276]
T1,0,0,175,2
T2,1,0,48,5
T3,2,0,108,2
T4,3,0,26,2
T5,4,1,91,2
T6,5,0,135,2
T7,6,1,200,21
T8,7,1,54,9
T9,8,0,168,9
[277]
T1,0,0,40,2
T2,1,1,188,3
T3,2,1,69,6
T4,3,1,92,5
T5,4,0,33,1
T6,5,1,184,3
T7,6,0,92,5
T8,7,1,75,5
T9,8,1,200,39
[278]
T1,0,0,70,9
T2,1,1,150,5
T3,2,0,58,2
T4,3,1,150,1
T5,4,1,112,2
T6,5,1,20,1
T7,6,0,56,8
T8,7,0,200,5
T9,8,1,25,3
[279]
T1,0,1,53,5
T2,1,1,180,22
T3,2,1,165,1
T4,3,1,50,1
T5,4,0,75,4
T6,5,1,112,14
T7,6,1,105,3
T8,7,1,200,19
T9,8,1,88,1
[280]
T1,0,0,72,2
T2,1,1,126,6
T3,2,1,35,3
T4,3,1,180,3
T5,4,1,150,1
T6,5,0,36,5
T7,6,1,200,30
T8,7,1,130,9
T9,8,1,91,3
[281]
T1,0,0,54,2
T2,1,0,154,4
T3,2,1,84,2
T4,3,1,110,14
T5,4,1,53,1
T6,5,1,132,11
T7,6,1,45,2
T8,7,0,200,28
T9,8,1,198,23
[282]
T1,0,1,66,2
T2,1,0,39,2
T3,2,1,200,10
T4,3,0,78,6
T5,4,0,130,2
T6,5,1,156,1
T7,6,0,78,22
T8,7,0,198,21
T9,8,1,44,2
[283]
T1,0,0,68,3
T2,1,1,200,3
T3,2,0,44,2
T4,3,1,70,10
T5,4,0,102,16
T6,5,0,196,14
T7,6,1,40,3
T8,7,0,196,2
T9,8,0,112,1
[284]
T1,0,1,36,4
T2,1,0,120,4
T3,2,0,96,8
T4,3,0,133,15
T5,4,1,150,11
T6,5,1,168,8
T7,6,0,31,1
T8,7,1,95,5
T9,8,0,200,2
[285]
T1,0,1,200,10
T2,1,1,54,3
T3,2,0,36,2
T4,3,0,168,4
T5,4,0,99,6
T6,5,1,150,30
T7,6,0,50,6
T8,7,1,80,2
T9,8,0,66,2
[286]
T1,0,0,36,3
T2,1,1,189,27
T3,2,0,45,2
T4,3,1,90,2
T5,4,0,63,2
T6,5,0,180,3
T7,6,0,84,14
T8,7,0,70,2
T9,8,0,200,8
[287]
T1,0,0,56,8
T2,1,0,175,2
T3,2,1,195,37
T4,3,0,78,2
T5,4,0,30,1
T6,5,0,88,12
T7,6,0,40,2
T8,7,1,200,2
T9,8,1,77,2
[288]
T1,0,0,165,3
T2,1,0,105,2
T3,2,0,24,1
T4,3,1,168,9
T5,4,1,72,2
T6,5,1,99,15
T7,6,0,200,8
T8,7,0,80,5
T9,8,1,22,3
[289]
T1,0,1,34,2
T2,1,0,78,8
T3,2,0,102,4
T4,3,0,75,1
T5,4,1,68,6
T6,5,0,168,8
T7,6,1,200,32
T8,7,0,39,2
T9,8,1,168,15
[290]
T1,0,0,144,7
T2,1,1,95,25
T3,2,0,48,2
T4,3,1,168,2
T5,4,0,175,14
T6,5,0,70,2
T7,6,0,33,2
T8,7,1,200,4
T9,8,1,126,3
[291]
T1,0,1,52,2
T2,1,1,195,4
T3,2,0,200,31
T4,3,0,63,1
T5,4,0,135,3
T6,5,1,23,2
T7,6,0,156,3
T8,7,0,72,7
T9,8,1,70,5
[292]
T1,0,1,48,2
T2,1,0,150,10
T3,2,1,120,2
T4,3,0,144,19
T5,4,1,200,2
T6,5,0,165,2
T7,6,1,92,16
T8,7,1,60,7
T9,8,1,39,2
[293]
T1,0,1,21,2
T2,1,1,186,5
T3,2,0,200,17
T4,3,1,84,3
T5,4,1,47,2
T6,5,1,96,3
T7,6,0,112,21
T8,7,1,175,4
T9,8,0,124,20
[294]
T1,0,1,84,2
T2,1,0,39,1
T3,2,1,200,22
T4,3,1,156,2
T5,4,0,165,25
T6,5,0,55,2
T7,6,0,88,5
T8,7,1,88,5
T9,8,1,45,5
[295]
T1,0,0,138,14
T2,1,1,24,2
T3,2,0,140,10
T4,3,1,72,2
T5,4,0,200,1
T6,5,1,175,13
T7,6,0,112,2
T8,7,0,168,8
T9,8,1,23,5
[296]
T1,0,0,24,3
T2,1,0,47,2
T3,2,1,150,17
T4,3,0,78,13
T5,4,0,200,14
T6,5,0,189,5
T7,6,0,54,1
T8,7,0,75,1
T9,8,1,100,1
[297]
T1,0,0,200,21
T2,1,1,55,5
T3,2,0,110,4
T4,3,0,40,1
T5,4,1,165,3
T6,5,0,121,15
T7,6,1,121,12
T8,7,0,176,3
T9,8,1,50,1
[298]
T1,0,1,200,9
T2,1,0,143,22
T3,2,1,105,1
T4,3,1,24,1
T5,4,1,91,4
T6,5,1,20,2
T7,6,1,105,13
T8,7,1,154,16
T9,8,1,156,2
[299]
T1,0,1,45,2
T2,1,1,200,19
T3,2,0,51,1
T4,3,1,77,11
T5,4,0,56,3
T6,5,0,189,2
T7,6,1,90,2
T8,7,0,189,24
T9,8,1,60,3
[300]
T1,0,0,200,4
T2,1,1,80,2
T3,2,1,176,10
T4,3,0,105,1
T5,4,0,21,2
T6,5,0,66,2
T7,6,1,66,6
T8,7,1,30,6
T9,8,1,198,15
[301]
T1,0,1,56,6
T2,1,0,51,2
T3,2,0,70,1
T4,3,1,189,4
T5,4,0,20,2
T6,5,0,192,26
T7,6,1,200,5
T8,7,1,70,2
T9,8,0,144,25
[302]
T1,0,0,138,27
T2,1,1,192,11
T3,2,1,200,5
T4,3,0,150,21
T5,4,1,20,2
T6,5,1,80,4
T7,6,0,60,4
T8,7,0,135,1
T9,8,0,30,2
[303]
T1,0,0,200,27
T2,1,1,104,1
T3,2,1,182,41
T4,3,0,156,18
T5,4,1,70,1
T6,5,1,50,1
T7,6,0,77,3
T8,7,0,65,2
T9,8,0,31,2
[304]
T1,0,1,200,13
T2,1,1,148,5
T3,2,1,75,3
T4,3,1,25,3
T5,4,1,88,5
T6,5,0,22,3
T7,6,1,120,2
T8,7,0,165,6
T9,8,0,132,3
[305]
T1,0,0,200,13
T2,1,1,132,8
T3,2,1,66,3
T4,3,0,132,8
T5,4,1,21,2
T6,5,0,160,5
T7,6,0,42,3
T8,7,1,77,7
T9,8,0,175,16
[306]
T1,0,0,144,9
T2,1,0,90,2
T3,2,1,84,1
T4,3,1,168,5
T5,4,1,57,5
T6,5,0,190,28
T7,6,1,24,3
T8,7,1,200,7
T9,8,0,20,2
[307]
T1,0,0,65,7
T2,1,1,200,16
T3,2,1,148,5
T4,3,0,72,1
T5,4,1,45,9
T6,5,0,156,2
T7,6,1,50,3
T8,7,1,60,2
T9,8,0,90,5
[308]
T1,0,0,64,5
T2,1,0,39,1
T3,2,1,40,2
T4,3,1,65,8
T5,4,0,200,13
T6,5,0,180,17
T7,6,1,117,9
T8,7,1,72,2
T9,8,1,150,1
[309]
T1,0,1,165,5
T2,1,0,196,3
T3,2,0,98,6
T4,3,1,99,6
T5,4,0,27,2
T6,5,1,140,14
T7,6,0,200,9
T8,7,1,88,12
T9,8,0,35,2
[310]
T1,0,0,168,26
T2,1,0,84,4
T3,2,1,115,2
T4,3,1,189,2
T5,4,0,35,2
T6,5,1,200,2
T7,6,1,34,2
T8,7,1,105,25
T9,8,0,90,4
[311]
T1,0,1,200,1
T2,1,0,52,1
T3,2,1,192,7
T4,3,0,128,2
T5,4,1,70,13
T6,5,1,64,5
T7,6,0,21,2
T8,7,0,182,3
T9,8,0,70,7
[312]
T1,0,1,78,4
T2,1,0,108,12
T3,2,0,200,1
T4,3,0,56,4
T5,4,0,150,1
T6,5,0,39,2
T7,6,0,75,7
T8,7,0,175,30
T9,8,1,24,2
[313]
T1,0,1,50,5
T2,1,1,200,9
T3,2,1,72,2
T4,3,1,99,10
T5,4,0,176,2
T6,5,0,160,5
T7,6,1,72,1
T8,7,0,27,2
T9,8,0,99,11
[314]
T1,0,1,93,9
T2,1,0,168,3
T3,2,0,42,3
T4,3,0,42,1
T5,4,1,200,2
T6,5,0,124,6
T7,6,0,96,6
T8,7,0,140,8
T9,8,0,150,23
[315]
T1,0,1,87,1
T2,1,0,74,4
T3,2,1,200,35
T4,3,0,74,5
T5,4,1,51,9
T6,5,1,150,2
T7,6,0,20,2
T8,7,0,185,4
T9,8,1,75,1
[316]
T1,0,0,182,22
T2,1,1,130,6
T3,2,0,195,7
T4,3,0,200,8
T5,4,0,104,12
T6,5,0,60,1
T7,6,1,50,4
T8,7,1,35,3
T9,8,1,80,1
[317]
T1,0,1,180,5
T2,1,1,84,9
T3,2,0,105,2
T4,3,0,200,50
T5,4,0,135,4
T6,5,1,47,2
T7,6,0,72,2
T8,7,0,51,3
T9,8,1,170,2
[318]
T1,0,0,88,2
T2,1,0,189,2
T3,2,1,25,9
T4,3,0,200,2
T5,4,1,80,3
T6,5,0,100,4
T7,6,0,47,2
T8,7,1,66,2
T9,8,1,150,5
[319]
T1,0,0,120,4
T2,1,0,150,25
T3,2,1,77,2
T4,3,1,39,2
T5,4,1,54,3
T6,5,0,200,7
T7,6,1,175,30
T8,7,1,25,2
T9,8,1,110,2
[320]
T1,0,0,60,3
T2,1,0,56,1
T3,2,0,175,14
T4,3,1,22,2
T5,4,1,200,54
T6,5,1,140,14
T7,6,0,77,2
T8,7,1,170,2
T9,8,0,30,2
[321]
T1,0,0,58,2
T2,1,1,29,2
T3,2,0,175,5
T4,3,1,200,19
T5,4,1,192,43
T6,5,1,47,1
T7,6,0,96,4
T8,7,1,64,5
T9,8,0,58,2
[322]
T1,0,0,60,4
T2,1,1,40,2
T3,2,1,175,6
T4,3,1,55,5
T5,4,1,34,2
T6,5,1,200,3
T7,6,0,180,2
T8,7,0,63,8
T9,8,0,80,15
[323]
T1,0,0,192,3
T2,1,1,42,1
T3,2,1,105,1
T4,3,0,102,3
T5,4,0,70,6
T6,5,1,200,8
T7,6,0,140,2
T8,7,0,192,33
T9,8,1,31,6
[324]
T1,0,1,75,15
T2,1,0,45,3
T3,2,0,194,15
T4,3,1,20,1
T5,4,1,105,3
T6,5,0,120,2
T7,6,1,200,6
T8,7,1,70,2
T9,8,1,150,15
[325]
T1,0,1,35,2
T2,1,1,44,2
T3,2,1,160,2
T4,3,0,200,12
T5,4,1,63,1
T6,5,1,176,35
T7,6,0,75,2
T8,7,1,112,1
T9,8,0,99,16
[326]
T1,0,0,75,1
T2,1,0,52,3
T3,2,1,80,17
T4,3,1,200,8
T5,4,0,189,28
T6,5,1,120,8
T7,6,0,42,2
T8,7,0,108,1
T9,8,0,195,1
[327]
T1,0,1,41,4
T2,1,0,70,2
T3,2,1,165,15
T4,3,1,77,2
T5,4,1,52,2
T6,5,1,65,2
T7,6,0,195,16
T8,7,1,200,3
T9,8,0,84,19
[328]
T1,0,0,105,12
T2,1,0,200,28
T3,2,0,33,2
T4,3,1,126,7
T5,4,0,100,6
T6,5,0,189,1
T7,6,1,72,5
T8,7,1,170,8
T9,8,1,51,3
[329]
T1,0,0,171,8
T2,1,0,200,11
T3,2,0,30,8
T4,3,0,80,2
T5,4,1,40,2
T6,5,1,105,2
T7,6,0,90,1
T8,7,1,180,21
T9,8,1,140,1
[330]
T1,0,1,22,4
T2,1,0,135,4
T3,2,1,60,2
T4,3,0,128,17
T5,4,1,64,3
T6,5,1,200,1
T7,6,0,165,4
T8,7,1,48,5
T9,8,0,150,3
[331]
T1,0,0,112,6
T2,1,0,84,8
T3,2,1,112,11
T4,3,0,144,7
T5,4,1,175,6
T6,5,0,200,7
T7,6,1,39,6
T8,7,0,29,1
T9,8,1,195,2
[332]
T1,0,1,195,5
T2,1,0,65,8
T3,2,0,20,2
T4,3,1,126,15
T5,4,1,63,8
T6,5,1,200,4
T7,6,0,65,6
T8,7,1,175,2
T9,8,1,29,2
[333]
T1,0,1,20,3
T2,1,0,126,2
T3,2,1,190,1
T4,3,1,57,4
T5,4,0,57,2
T6,5,0,112,2
T7,6,1,200,2
T8,7,0,39,9
T9,8,1,152,3
[334]
T1,0,0,175,4
T2,1,0,64,4
T3,2,0,105,12
T4,3,1,35,2
T5,4,1,140,8
T6,5,1,189,1
T7,6,1,100,13
T8,7,1,200,27
T9,8,0,39,1
[335]
T1,0,0,36,2
T2,1,1,192,4
T3,2,0,51,4
T4,3,0,70,2
T5,4,1,112,32
T6,5,1,200,2
T7,6,1,112,2
T8,7,0,150,9
T9,8,0,56,5
[336]
T1,0,0,88,2
T2,1,1,48,2
T3,2,0,130,2
T4,3,0,176,48
T5,4,1,66,2
T6,5,0,33,2
T7,6,1,198,5
T8,7,1,200,11
T9,8,1,144,13
[337]
T1,0,1,116,6
T2,1,0,49,3
T3,2,0,70,1
T4,3,1,175,16
T5,4,1,200,6
T6,5,1,98,14
T7,6,1,175,1
T8,7,1,140,6
T9,8,1,33,4
[338]
T1,0,0,140,4
T2,1,1,154,16
T3,2,0,22,7
T4,3,0,200,7
T5,4,0,43,2
T6,5,0,112,2
T7,6,1,150,2
T8,7,1,132,2
T9,8,1,135,2
[339]
T1,0,1,140,27
T2,1,1,135,7
T3,2,1,36,1
T4,3,0,70,6
T5,4,1,175,2
T6,5,1,195,4
T7,6,0,200,2
T8,7,1,21,2
T9,8,0,70,10
[340]
T1,0,0,200,7
T2,1,0,175,9
T3,2,1,144,11
T4,3,0,27,3
T5,4,0,30,2
T6,5,1,112,2
T7,6,1,184,11
T8,7,0,69,6
T9,8,1,80,2
[341]
T1,0,1,75,2
T2,1,0,84,4
T3,2,1,180,2
T4,3,0,90,2
T5,4,0,50,4
T6,5,1,54,2
T7,6,0,189,2
T8,7,0,24,2
T9,8,0,200,65
[342]
T1,0,0,85,1
T2,1,0,60,7
T3,2,1,200,5
T4,3,0,80,2
T5,4,0,48,7
T6,5,0,170,11
T7,6,1,155,20
T8,7,1,124,2
T9,8,1,51,1
[343]
T1,0,0,41,5
T2,1,1,96,5
T3,2,1,35,2
T4,3,0,130,1
T5,4,1,182,2
T6,5,0,175,1
T7,6,1,140,18
T8,7,1,65,1
T9,8,0,200,32
[344]
T1,0,1,46,2
T2,1,1,75,6
T3,2,1,175,1
T4,3,0,112,13
T5,4,0,196,1
T6,5,0,70,6
T7,6,1,88,14
T8,7,0,40,2
T9,8,1,200,5
[345]
T1,0,1,200,16
T2,1,1,76,3
T3,2,1,30,2
T4,3,1,190,10
T5,4,0,31,4
T6,5,0,114,1
T7,6,0,55,2
T8,7,0,165,22
T9,8,0,125,1
[346]
T1,0,0,100,1
T2,1,0,105,28
T3,2,0,184,17
T4,3,0,20,2
T5,4,1,92,2
T6,5,1,80,1
T7,6,0,28,1
T8,7,1,200,8
T9,8,0,175,9
[347]
T1,0,1,84,3
T2,1,1,33,2
T3,2,1,180,3
T4,3,0,98,1
T5,4,1,63,2
T6,5,0,192,22
T7,6,0,35,6
T8,7,0,200,2
T9,8,1,70,10
[348]
T1,0,1,96,4
T2,1,0,192,10
T3,2,1,50,2
T4,3,0,117,7
T5,4,0,195,43
T6,5,1,128,14
T7,6,1,78,5
T8,7,0,20,2
T9,8,0,200,1
[349]
T1,0,1,100,5
T2,1,0,144,27
T3,2,0,44,2
T4,3,1,200,8
T5,4,0,112,8
T6,5,0,175,4
T7,6,0,189,5
T8,7,1,53,3
T9,8,0,100,5
[350]
T1,0,1,108,3
T2,1,0,91,2
T3,2,0,112,6
T4,3,0,200,41
T5,4,0,28,2
T6,5,0,180,2
T7,6,1,26,1
T8,7,0,135,2
T9,8,1,189,21
[351]
T1,0,0,130,2
T2,1,1,156,23
T3,2,0,117,3
T4,3,0,90,2
T5,4,1,40,5
T6,5,1,65,1
T7,6,1,148,23
T8,7,0,46,2
T9,8,1,200,4
[352]
T1,0,1,147,11
T2,1,1,30,1
T3,2,1,132,7
T4,3,0,196,2
T5,4,0,154,47
T6,5,1,55,1
T7,6,0,200,10
T8,7,0,90,2
T9,8,0,33,2
[353]
T1,0,1,180,1
T2,1,1,39,2
T3,2,1,78,2
T4,3,1,150,2
T5,4,0,42,3
T6,5,1,84,21
T7,6,0,200,15
T8,7,0,54,5
T9,8,1,100,1
[354]
T1,0,0,40,2
T2,1,0,33,2
T3,2,1,168,13
T4,3,1,75,2
T5,4,0,76,10
T6,5,0,200,9
T7,6,1,76,10
T8,7,0,150,14
T9,8,0,75,2
[355]
T1,0,0,100,6
T2,1,1,70,2
T3,2,1,98,5
T4,3,1,200,33
T5,4,1,44,4
T6,5,0,72,2
T7,6,1,20,1
T8,7,1,196,8
T9,8,1,192,13
[356]
T1,0,1,200,8
T2,1,1,63,1
T3,2,1,171,3
T4,3,1,120,9
T5,4,1,26,2
T6,5,1,126,29
T7,6,0,140,2
T8,7,0,40,2
T9,8,1,160,14
[357]
T1,0,0,81,1
T2,1,0,60,2
T3,2,0,162,19
T4,3,1,36,6
T5,4,1,200,3
T6,5,1,130,3
T7,6,0,195,2
T8,7,1,54,2
T9,8,1,96,19
[358]
T1,0,1,156,26
T2,1,1,60,1
T3,2,1,62,1
T4,3,0,28,1
T5,4,0,80,3
T6,5,1,186,42
T7,6,0,200,8
T8,7,0,32,2
T9,8,1,60,2
[359]
T1,0,1,125,1
T2,1,1,200,5
T3,2,0,80,6
T4,3,0,150,16
T5,4,0,132,13
T6,5,0,32,2
T7,6,1,77,6
T8,7,0,27,2
T9,8,1,165,19
[360]
T1,0,1,62,1
T2,1,0,64,5
T3,2,0,155,3
T4,3,0,45,4
T5,4,1,64,4
T6,5,0,200,5
T7,6,0,192,31
T8,7,0,30,2
T9,8,1,62,3
[361]
T1,0,0,96,5
T2,1,0,200,2
T3,2,0,150,12
T4,3,0,50,7
T5,4,1,30,1
T6,5,1,121,5
T7,6,0,64,4
T8,7,1,121,7
T9,8,0,192,14
[362]
T1,0,1,180,9
T2,1,1,176,18
T3,2,1,66,2
T4,3,0,84,9
T5,4,1,77,2
T6,5,0,110,6
T7,6,1,38,4
T8,7,0,20,1
T9,8,0,200,5
[363]
T1,0,0,200,9
T2,1,1,52,2
T3,2,1,175,4
T4,3,0,78,6
T5,4,1,144,6
T6,5,1,30,7
T7,6,1,75,8
T8,7,1,80,2
T9,8,0,189,4
[364]
T1,0,0,200,11
T2,1,0,90,2
T3,2,0,144,4
T4,3,1,159,17
T5,4,1,43,2
T6,5,1,159,10
T7,6,0,108,21
T8,7,0,90,5
T9,8,1,48,1
[365]
T1,0,1,24,2
T2,1,1,195,2
T3,2,1,120,10
T4,3,0,47,6
T5,4,1,200,16
T6,5,0,60,2
T7,6,0,120,5
T8,7,1,180,21
T9,8,0,123,1
[366]
T1,0,1,36,1
T2,1,1,30,1
T3,2,0,130,5
T4,3,0,176,18
T5,4,0,150,5
T6,5,1,132,14
T7,6,0,110,7
T8,7,1,200,5
T9,8,1,96,11
[367]
T1,0,1,176,15
T2,1,1,110,10
T3,2,0,51,2
T4,3,0,90,11
T5,4,1,180,23
T6,5,1,69,2
T7,6,0,44,1
T8,7,1,200,17
T9,8,1,110,2
[368]
T1,0,0,150,1
T2,1,1,66,5
T3,2,1,144,18
T4,3,1,51,7
T5,4,1,24,2
T6,5,0,144,7
T7,6,0,132,3
T8,7,1,200,11
T9,8,1,176,17
[369]
T1,0,1,195,2
T2,1,1,136,8
T3,2,1,104,5
T4,3,1,170,32
T5,4,0,24,1
T6,5,1,200,7
T7,6,1,144,8
T8,7,0,65,4
T9,8,0,20,1
[370]
T1,0,1,45,2
T2,1,1,188,47
T3,2,0,188,2
T4,3,1,120,2
T5,4,0,66,2
T6,5,1,55,2
T7,6,0,45,1
T8,7,1,141,15
T9,8,1,200,17
[371]
T1,0,0,200,17
T2,1,0,124,5
T3,2,0,72,6
T4,3,1,55,2
T5,4,1,39,5
T6,5,0,186,3
T7,6,1,99,3
T8,7,1,186,11
T9,8,1,33,2
[372]
T1,0,0,22,2
T2,1,0,125,13
T3,2,0,200,14
T4,3,0,161,3
T5,4,1,100,10
T6,5,1,24,2
T7,6,0,75,9
T8,7,0,140,2
T9,8,1,161,6
[373]
T1,0,1,84,2
T2,1,0,28,4
T3,2,0,195,7
T4,3,1,60,1
T5,4,0,200,15
T6,5,0,135,11
T7,6,1,28,2
T8,7,1,156,6
T9,8,1,60,3
[374]
T1,0,1,200,3
T2,1,0,104,27
T3,2,0,156,8
T4,3,0,143,6
T5,4,0,130,6
T6,5,0,156,7
T7,6,0,24,2
T8,7,0,96,8
T9,8,0,35,2
[375]
T1,0,1,124,2
T2,1,1,198,8
T3,2,0,120,3
T4,3,0,200,2
T5,4,0,36,4
T6,5,1,132,6
T7,6,0,20,4
T8,7,0,155,17
T9,8,0,90,2
[376]
T1,0,0,160,2
T2,1,0,175,19
T3,2,0,44,1
T4,3,1,110,2
T5,4,0,52,2
T6,5,0,110,1
T7,6,1,200,46
T8,7,1,105,12
T9,8,0,112,6
[377]
T1,0,0,56,3
T2,1,0,60,7
T3,2,1,44,3
T4,3,0,112,7
T5,4,1,112,5
T6,5,1,160,5
T7,6,1,32,1
T8,7,1,200,26
T9,8,0,165,3
[378]
T1,0,0,60,7
T2,1,1,35,2
T3,2,1,150,4
T4,3,0,144,9
T5,4,1,37,1
T6,5,0,200,3
T7,6,1,165,3
T8,7,1,77,2
T9,8,1,90,23
[379]
T1,0,0,75,1
T2,1,1,112,2
T3,2,1,150,5
T4,3,0,128,6
T5,4,1,200,48
T6,5,0,33,3
T7,6,0,22,1
T8,7,1,150,6
T9,8,1,100,2
[380]
T1,0,1,200,2
T2,1,0,84,9
T3,2,1,36,6
T4,3,1,92,9
T5,4,1,75,2
T6,5,1,161,9
T7,6,0,108,13
T8,7,0,175,2
T9,8,0,25,2
[381]
T1,0,1,64,12
T2,1,0,132,14
T3,2,0,175,2
T4,3,0,64,10
T5,4,0,35,1
T6,5,1,200,10
T7,6,1,176,1
T8,7,0,35,2
T9,8,0,84,2
[382]
T1,0,0,26,2
T2,1,1,29,2
T3,2,1,174,1
T4,3,1,200,46
T5,4,0,105,1
T6,5,1,180,7
T7,6,1,100,8
T8,7,1,112,14
T9,8,0,80,2
[383]
T1,0,1,168,2
T2,1,1,28,5
T3,2,1,200,28
T4,3,1,48,1
T5,4,0,125,3
T6,5,1,60,2
T7,6,1,160,2
T8,7,0,112,1
T9,8,1,72,11
[384]
T1,0,0,50,1
T2,1,0,96,3
T3,2,0,144,35
T4,3,1,168,8
T5,4,0,57,2
T6,5,0,75,6
T7,6,0,43,5
T8,7,1,180,2
T9,8,0,200,2
[385]
T1,0,1,96,6
T2,1,0,175,14
T3,2,0,85,11
T4,3,1,27,1
T5,4,1,68,7
T6,5,1,56,2
T7,6,0,35,2
T8,7,1,192,7
T9,8,1,200,11
[386]
T1,0,0,95,11
T2,1,1,75,8
T3,2,1,84,2
T4,3,0,175,12
T5,4,1,70,7
T6,5,1,200,1
T7,6,0,24,2
T8,7,0,29,2
T9,8,1,175,9
[387]
T1,0,0,40,7
T2,1,1,33,1
T3,2,1,133,5
T4,3,1,135,1
T5,4,1,200,30
T6,5,0,76,5
T7,6,1,171,4
T8,7,1,57,1
T9,8,1,189,5
[388]
T1,0,0,60,5
T2,1,0,30,3
T3,2,0,22,1
T4,3,0,126,1
T5,4,0,175,4
T6,5,0,168,27
T7,6,0,200,6
T8,7,1,90,2
T9,8,0,88,8
[389]
T1,0,1,150,47
T2,1,0,100,1
T3,2,0,200,2
T4,3,1,50,2
T5,4,1,88,6
T6,5,0,36,3
T7,6,0,150,2
T8,7,0,99,7
T9,8,1,125,3
[390]
T1,0,1,56,1
T2,1,0,99,2
T3,2,1,20,2
T4,3,0,88,17
T5,4,1,150,2
T6,5,0,21,2
T7,6,0,154,13
T8,7,1,125,12
T9,8,0,200,25
[391]
T1,0,0,43,2
T2,1,0,56,2
T3,2,1,150,6
T4,3,1,200,52
T5,4,0,132,2
T6,5,0,150,1
T7,6,1,22,2
T8,7,1,80,8
T9,8,1,135,7
[392]
T1,0,1,161,16
T2,1,0,27,2
T3,2,1,184,17
T4,3,1,36,2
T5,4,1,200,3
T6,5,0,92,1
T7,6,0,105,10
T8,7,0,108,15
T9,8,0,126,11
[393]
T1,0,1,150,6
T2,1,0,105,8
T3,2,0,28,2
T4,3,1,150,1
T5,4,0,25,2
T6,5,0,200,11
T7,6,0,56,4
T8,7,1,71,8
T9,8,0,90,3
[394]
T1,0,1,105,14
T2,1,1,49,2
T3,2,0,72,1
T4,3,0,180,2
T5,4,0,150,5
T6,5,0,22,4
T7,6,0,84,3
T8,7,1,200,13
T9,8,0,99,3
[395]
T1,0,1,100,2
T2,1,1,60,2
T3,2,1,144,11
T4,3,1,22,2
T5,4,0,29,2
T6,5,0,63,2
T7,6,1,168,40
T8,7,0,200,8
T9,8,0,180,16
[396]
T1,0,0,150,1
T2,1,1,145,12
T3,2,1,200,4
T4,3,1,36,3
T5,4,0,87,7
T6,5,1,49,6
T7,6,1,58,2
T8,7,1,87,1
T9,8,0,168,14
[397]
T1,0,0,32,1
T2,1,1,87,7
T3,2,0,180,2
T4,3,0,200,33
T5,4,1,180,5
T6,5,1,75,2
T7,6,1,75,12
T8,7,0,135,3
T9,8,0,48,3
[398]
T1,0,0,90,2
T2,1,1,34,2
T3,2,1,66,3
T4,3,0,176,2
T5,4,1,28,2
T6,5,0,80,11
T7,6,0,200,21
T8,7,0,72,2
T9,8,0,153,16
[399]
T1,0,0,26,2
T2,1,0,108,7
T3,2,1,140,12
T4,3,1,175,12
T5,4,1,200,22
T6,5,0,72,2
T7,6,1,115,7
T8,7,1,150,8
T9,8,0,40,4
[400]
T1,0,1,25,2
T2,1,0,160,23
T3,2,0,90,7
T4,3,1,200,6
T5,4,1,81,2
T6,5,1,75,4
T7,6,0,45,4
T8,7,1,189,23
T9,8,1,135,2
[401]
T1,0,0,100,7
T2,1,1,132,14
T3,2,1,45,2
T4,3,0,30,2
T5,4,1,175,2
T6,5,0,63,2
T7,6,1,96,2
T8,7,1,180,10
T9,8,0,200,47
[402]
T1,0,0,21,3
T2,1,0,120,3
T3,2,1,184,5
T4,3,1,33,3
T5,4,1,184,32
T6,5,0,100,2
T7,6,1,126,2
T8,7,1,200,12
T9,8,1,108,2
[403]
T1,0,1,150,17
T2,1,1,145,7
T3,2,1,60,3
T4,3,0,180,6
T5,4,1,200,2
T6,5,1,145,12
T7,6,1,145,1
T8,7,1,30,2
T9,8,0,45,7
[404]
T1,0,1,96,1
T2,1,1,63,5
T3,2,1,26,2
T4,3,0,150,4
T5,4,1,60,10
T6,5,1,162,19
T7,6,0,105,5
T8,7,1,50,2
T9,8,0,200,22
[405]
T1,0,0,200,1
T2,1,0,31,1
T3,2,0,175,10
T4,3,0,90,2
T5,4,0,28,2
T6,5,1,126,15
T7,6,0,165,4
T8,7,0,80,20
T9,8,1,126,4
[406]
T1,0,1,186,15
T2,1,1,30,2
T3,2,1,44,1
T4,3,1,62,1
T5,4,0,180,39
T6,5,0,62,4
T7,6,1,93,1
T8,7,0,200,5
T9,8,0,132,5
[407]
T1,0,1,81,15
T2,1,1,48,1
T3,2,0,160,7
T4,3,1,200,5
T5,4,0,20,2
T6,5,1,160,4
T7,6,0,72,2
T8,7,1,60,5
T9,8,0,117,9
[408]
T1,0,1,200,11
T2,1,1,28,2
T3,2,0,156,20
T4,3,1,80,19
T5,4,1,105,4
T6,5,0,180,11
T7,6,0,38,2
T8,7,0,63,2
T9,8,1,112,2
[409]
T1,0,1,140,2
T2,1,0,189,26
T3,2,0,68,3
T4,3,1,48,1
T5,4,1,56,2
T6,5,1,40,5
T7,6,1,200,2
T8,7,0,105,21
T9,8,0,180,1
[410]
T1,0,0,26,1
T2,1,1,105,3
T3,2,0,35,2
T4,3,1,150,9
T5,4,1,148,18
T6,5,1,75,3
T7,6,0,60,15
T8,7,0,200,3
T9,8,1,144,1
[411]
T1,0,1,80,6
T2,1,1,168,4
T3,2,1,42,6
T4,3,1,126,3
T5,4,1,76,5
T6,5,1,160,2
T7,6,0,144,18
T8,7,1,200,14
T9,8,0,45,2
[412]
T1,0,0,200,1
T2,1,1,90,14
T3,2,0,150,9
T4,3,1,60,8
T5,4,0,45,1
T6,5,1,120,2
T7,6,0,33,2
T8,7,0,161,14
T9,8,1,80,8
[413]
T1,0,1,100,7
T2,1,0,30,1
T3,2,0,60,2
T4,3,0,21,1
T5,4,1,180,11
T6,5,1,65,3
T7,6,1,60,4
T8,7,1,171,26
T9,8,1,200,6
[414]
T1,0,1,56,2
T2,1,0,187,2
T3,2,0,165,39
T4,3,0,105,9
T5,4,1,200,8
T6,5,1,120,17
T7,6,0,136,2
T8,7,1,34,2
T9,8,1,41,2
[415]
T1,0,0,200,16
T2,1,1,74,6
T3,2,1,48,3
T4,3,0,56,3
T5,4,1,185,23
T6,5,0,53,2
T7,6,1,84,5
T8,7,0,126,4
T9,8,0,180,7
[416]
T1,0,0,200,12
T2,1,1,156,20
T3,2,1,136,4
T4,3,0,119,2
T5,4,0,175,7
T6,5,0,36,10
T7,6,0,102,2
T8,7,0,50,2
T9,8,0,100,2
[417]
T1,0,0,75,2
T2,1,0,100,2
T3,2,0,24,2
T4,3,1,192,23
T5,4,1,200,22
T6,5,1,23,4
T7,6,1,55,2
T8,7,0,176,1
T9,8,0,136,2
[418]
T1,0,0,140,2
T2,1,0,175,6
T3,2,0,117,14
T4,3,0,26,3
T5,4,1,200,1
T6,5,0,100,10
T7,6,0,60,1
T8,7,0,50,2
T9,8,0,156,20
[419]
T1,0,1,65,4
T2,1,1,155,24
T3,2,0,104,2
T4,3,0,124,3
T5,4,0,130,5
T6,5,0,200,26
T7,6,1,180,21
T8,7,0,54,2
T9,8,1,50,1
[420]
T1,0,1,88,2
T2,1,1,100,4
T3,2,0,165,16
T4,3,0,105,19
T5,4,1,100,3
T6,5,1,44,2
T7,6,1,154,9
T8,7,1,200,17
T9,8,1,44,1
[421]
T1,0,1,154,18
T2,1,1,128,11
T3,2,0,128,2
T4,3,1,34,1
T5,4,1,50,2
T6,5,0,150,11
T7,6,0,200,30
T8,7,0,84,2
T9,8,0,88,5
[422]
T1,0,1,124,17
T2,1,1,56,1
T3,2,1,56,3
T4,3,0,41,2
T5,4,0,21,5
T6,5,0,90,1
T7,6,1,175,3
T8,7,1,200,2
T9,8,1,175,2
[423]
T1,0,1,144,43
T2,1,0,96,1
T3,2,1,150,1
T4,3,0,54,2
T5,4,1,112,7
T6,5,0,36,2
T7,6,1,200,1
T8,7,0,168,1
T9,8,1,99,16
[424]
T1,0,0,195,15
T2,1,1,140,9
T3,2,0,70,2
T4,3,0,65,5
T5,4,1,40,2
T6,5,0,49,5
T7,6,1,192,18
T8,7,0,130,7
T9,8,1,200,6
[425]
T1,0,1,77,2
T2,1,1,44,3
T3,2,1,91,6
T4,3,1,200,22
T5,4,0,143,10
T6,5,1,150,4
T7,6,1,66,2
T8,7,1,20,3
T9,8,1,168,4
[426]
T1,0,1,200,3
T2,1,1,192,2
T3,2,0,150,12
T4,3,1,84,4
T5,4,0,35,5
T6,5,1,64,1
T7,6,0,35,3
T8,7,0,116,17
T9,8,0,87,1
[427]
T1,0,1,200,2
T2,1,0,144,7
T3,2,1,154,5
T4,3,1,154,36
T5,4,0,77,1
T6,5,0,84,4
T7,6,1,26,2
T8,7,0,70,4
T9,8,0,28,2
[428]
T1,0,0,198,4
T2,1,0,96,8
T3,2,1,63,2
T4,3,0,20,2
T5,4,1,168,6
T6,5,0,126,26
T7,6,0,28,1
T8,7,0,60,9
T9,8,0,200,2
[429]
T1,0,0,200,7
T2,1,1,77,7
T3,2,1,77,13
T4,3,0,175,3
T5,4,0,50,2
T6,5,1,170,5
T7,6,0,66,12
T8,7,0,88,2
T9,8,0,36,1
[430]
T1,0,1,72,13
T2,1,0,200,2
T3,2,0,72,8
T4,3,1,39,1
T5,4,0,150,8
T6,5,0,55,2
T7,6,1,90,1
T8,7,1,198,20
T9,8,0,29,2
[431]
T1,0,0,112,4
T2,1,0,36,3
T3,2,0,154,1
T4,3,0,144,19
T5,4,0,200,19
T6,5,0,160,10
T7,6,0,30,3
T8,7,1,120,3
T9,8,1,72,2
[432]
T1,0,0,60,2
T2,1,0,120,1
T3,2,1,200,4
T4,3,0,48,3
T5,4,1,141,2
T6,5,1,188,8
T7,6,1,198,7
T8,7,1,33,3
T9,8,0,120,28
[433]
T1,0,1,54,1
T2,1,1,184,15
T3,2,1,35,7
T4,3,1,180,6
T5,4,1,69,3
T6,5,1,92,9
T7,6,0,32,2
T8,7,0,200,1
T9,8,1,100,1
[434]
T1,0,1,114,2
T2,1,0,160,2
T3,2,0,38,3
T4,3,1,27,2
T5,4,0,100,4
T6,5,0,200,61
T7,6,1,120,2
T8,7,0,168,7
T9,8,0,56,3
[435]
T1,0,1,84,2
T2,1,1,105,3
T3,2,0,150,19
T4,3,1,200,16
T5,4,0,90,2
T6,5,1,20,2
T7,6,0,50,3
T8,7,0,70,9
T9,8,0,154,13
[436]
T1,0,0,144,4
T2,1,0,50,8
T3,2,0,21,1
T4,3,1,100,6
T5,4,0,200,5
T6,5,1,176,11
T7,6,1,99,10
T8,7,0,132,3
T9,8,1,168,2
[437]
T1,0,1,27,2
T2,1,1,75,6
T3,2,0,75,2
T4,3,0,75,14
T5,4,0,186,6
T6,5,1,24,1
T7,6,1,93,2
T8,7,1,184,3
T9,8,1,200,7
[438]
T1,0,1,36,2
T2,1,1,110,10
T3,2,0,198,9
T4,3,1,100,12
T5,4,1,200,10
T6,5,0,32,3
T7,6,1,60,9
T8,7,0,85,2
T9,8,1,180,4
[439]
T1,0,0,75,2
T2,1,0,90,1
T3,2,1,120,8
T4,3,0,111,3
T5,4,0,185,36
T6,5,1,30,2
T7,6,1,33,3
T8,7,0,200,24
T9,8,1,180,4
[440]
T1,0,0,64,13
T2,1,1,42,1
T3,2,0,75,2
T4,3,1,174,10
T5,4,1,144,2
T6,5,0,192,4
T7,6,1,200,32
T8,7,0,60,2
T9,8,0,24,1
[441]
T1,0,0,196,35
T2,1,1,147,7
T3,2,1,66,2
T4,3,0,60,1
T5,4,1,45,11
T6,5,0,154,2
T7,6,0,200,4
T8,7,0,48,1
T9,8,1,110,2
[442]
T1,0,0,133,9
T2,1,0,171,11
T3,2,0,35,1
T4,3,0,200,9
T5,4,1,25,1
T6,5,1,120,1
T7,6,1,96,1
T8,7,0,175,35
T9,8,0,96,7
[443]
T1,0,1,41,2
T2,1,1,200,3
T3,2,0,111,6
T4,3,1,92,2
T5,4,1,120,11
T6,5,1,185,36
T7,6,0,92,2
T8,7,0,184,22
T9,8,1,23,1
[444]
T1,0,1,189,7
T2,1,1,36,1
T3,2,1,195,2
T4,3,1,70,8
T5,4,0,70,4
T6,5,0,65,5
T7,6,1,80,2
T8,7,1,200,19
T9,8,0,39,5
[445]
T1,0,0,72,5
T2,1,0,190,30
T3,2,0,66,2
T4,3,0,200,2
T5,4,1,45,7
T6,5,0,76,1
T7,6,1,76,5
T8,7,0,24,2
T9,8,1,180,11
[446]
T1,0,1,200,2
T2,1,1,25,2
T3,2,1,176,23
T4,3,1,88,8
T5,4,0,32,2
T6,5,0,120,7
T7,6,0,105,2
T8,7,1,165,8
T9,8,0,55,6
[447]
T1,0,1,36,4
T2,1,0,41,1
T3,2,1,108,8
T4,3,0,72,1
T5,4,1,75,2
T6,5,1,190,9
T7,6,0,200,33
T8,7,0,75,6
T9,8,1,192,5
[448]
T1,0,0,37,6
T2,1,0,65,1
T3,2,1,182,22
T4,3,1,60,1
T5,4,1,168,1
T6,5,1,70,3
T7,6,0,200,13
T8,7,0,88,9
T9,8,1,30,2
[449]
T1,0,1,200,17
T2,1,0,72,3
T3,2,1,190,11
T4,3,1,152,15
T5,4,0,38,1
T6,5,0,100,10
T7,6,0,24,2
T8,7,1,57,6
T9,8,1,115,2
[450]
T1,0,0,36,5
T2,1,0,75,7
T3,2,0,198,2
T4,3,0,168,3
T5,4,1,98,7
T6,5,0,200,7
T7,6,1,70,10
T8,7,1,24,2
T9,8,0,100,5
[451]
T1,0,1,48,11
T2,1,0,160,9
T3,2,1,25,2
T4,3,0,200,27
T5,4,0,70,2
T6,5,1,95,4
T7,6,0,112,9
T8,7,0,150,2
T9,8,0,57,2
[452]
T1,0,1,198,5
T2,1,1,200,3
T3,2,1,196,7
T4,3,0,100,5
T5,4,0,55,2
T6,5,0,126,2
T7,6,1,35,2
T8,7,1,63,11
T9,8,1,23,2
[453]
T1,0,0,28,1
T2,1,0,128,19
T3,2,0,132,5
T4,3,1,30,4
T5,4,1,176,2
T6,5,1,110,4
T7,6,1,200,3
T8,7,1,55,1
T9,8,1,165,14
[454]
T1,0,0,180,30
T2,1,0,63,1
T3,2,0,144,3
T4,3,1,21,1
T5,4,0,117,14
T6,5,0,200,13
T7,6,1,26,2
T8,7,1,189,18
T9,8,0,60,1
[455]
T1,0,0,110,7
T2,1,0,87,9
T3,2,1,198,5
T4,3,1,200,32
T5,4,0,198,10
T6,5,0,60,3
T7,6,0,55,4
T8,7,1,40,1
T9,8,0,31,2
[456]
T1,0,1,144,2
T2,1,1,108,14
T3,2,0,30,3
T4,3,1,200,6
T5,4,0,36,2
T6,5,0,182,8
T7,6,0,135,7
T8,7,1,130,10
T9,8,1,195,10
[457]
T1,0,1,200,2
T2,1,1,156,5
T3,2,1,135,7
T4,3,0,48,12
T5,4,0,168,2
T6,5,1,120,18
T7,6,0,91,2
T8,7,0,28,2
T9,8,1,105,9
[458]
T1,0,0,150,6
T2,1,1,75,4
T3,2,0,65,2
T4,3,0,65,2
T5,4,0,164,9
T6,5,1,200,37
T7,6,1,90,2
T8,7,0,40,1
T9,8,0,28,4
[459]
T1,0,0,96,5
T2,1,1,160,25
T3,2,1,32,2
T4,3,0,72,3
T5,4,1,147,4
T6,5,0,52,2
T7,6,1,64,2
T8,7,1,196,35
T9,8,0,200,21
[460]
T1,0,1,60,5
T2,1,0,30,2
T3,2,1,160,10
T4,3,0,121,5
T5,4,0,66,6
T6,5,1,88,1
T7,6,1,180,32
T8,7,1,200,13
T9,8,1,22,2
[461]
T1,0,0,200,9
T2,1,0,165,2
T3,2,0,22,4
T4,3,0,140,3
T5,4,1,100,9
T6,5,1,65,2
T7,6,1,91,9
T8,7,0,182,2
T9,8,0,28,2
[462]
T1,0,1,120,2
T2,1,1,28,4
T3,2,0,200,18
T4,3,0,168,2
T5,4,1,112,2
T6,5,1,52,3
T7,6,1,56,2
T8,7,1,155,4
T9,8,1,126,27
[463]
T1,0,1,200,1
T2,1,1,20,2
T3,2,1,54,2
T4,3,1,150,6
T5,4,1,160,16
T6,5,1,75,9
T7,6,0,102,6
T8,7,0,45,9
T9,8,0,64,2
[464]
T1,0,0,50,5
T2,1,1,150,25
T3,2,1,84,10
T4,3,0,132,2
T5,4,0,57,1
T6,5,1,77,4
T7,6,1,152,9
T8,7,0,200,5
T9,8,1,40,2
[465]
T1,0,1,72,2
T2,1,0,100,4
T3,2,1,152,7
T4,3,0,43,2
T5,4,1,54,2
T6,5,0,200,47
T7,6,0,180,16
T8,7,1,95,2
T9,8,1,100,5
[466]
T1,0,0,63,3
T2,1,0,200,3
T3,2,1,25,2
T4,3,1,84,10
T5,4,0,160,2
T6,5,0,75,1
T7,6,0,63,13
T8,7,1,47,4
T9,8,1,150,5
[467]
T1,0,1,144,30
T2,1,1,30,2
T3,2,0,175,2
T4,3,1,42,1
T5,4,0,200,12
T6,5,1,96,10
T7,6,1,156,15
T8,7,1,112,1
T9,8,1,140,8
[468]
T1,0,1,75,1
T2,1,0,50,2
T3,2,1,200,53
T4,3,1,44,1
T5,4,0,117,17
T6,5,0,180,5
T7,6,0,100,1
T8,7,0,176,9
T9,8,1,60,2
[469]
T1,0,0,200,5
T2,1,1,162,45
T3,2,1,104,8
T4,3,1,48,2
T5,4,1,72,1
T6,5,1,117,2
T7,6,1,54,2
T8,7,0,195,21
T9,8,1,29,1
[470]
T1,0,1,165,1
T2,1,1,55,12
T3,2,0,58,5
T4,3,0,26,1
T5,4,1,99,2
T6,5,1,200,28
T7,6,0,36,2
T8,7,1,180,11
T9,8,1,87,2
[471]
T1,0,0,32,4
T2,1,1,24,4
T3,2,0,168,2
T4,3,0,126,8
T5,4,0,195,2
T6,5,0,100,2
T7,6,0,200,5
T8,7,0,100,12
T9,8,0,126,3
[472]
T1,0,1,182,30
T2,1,0,51,2
T3,2,1,200,2
T4,3,0,36,2
T5,4,1,126,22
T6,5,0,112,6
T7,6,0,144,2
T8,7,0,90,7
T9,8,1,156,2
[473]
T1,0,0,54,1
T2,1,0,108,6
T3,2,1,144,5
T4,3,0,154,37
T5,4,1,112,2
T6,5,0,29,2
T7,6,1,150,9
T8,7,0,30,1
T9,8,1,200,20
[474]
T1,0,0,60,2
T2,1,0,111,12
T3,2,1,200,3
T4,3,0,36,6
T5,4,0,25,1
T6,5,1,150,16
T7,6,1,55,4
T8,7,1,111,4
T9,8,0,176,2
[475]
T1,0,1,180,41
T2,1,0,102,11
T3,2,0,200,15
T4,3,1,135,1
T5,4,0,160,3
T6,5,0,40,1
T7,6,0,135,1
T8,7,0,53,1
T9,8,0,108,7
[476]
T1,0,1,90,18
T2,1,1,140,6
T3,2,1,200,11
T4,3,1,56,1
T5,4,0,29,4
T6,5,1,45,1
T7,6,1,150,9
T8,7,1,168,2
T9,8,1,88,1
[477]
T1,0,0,48,8
T2,1,0,150,7
T3,2,1,85,8
T4,3,1,85,2
T5,4,1,37,2
T6,5,1,175,2
T7,6,1,75,2
T8,7,1,200,16
T9,8,1,90,6
[478]
T1,0,0,200,3
T2,1,0,49,1
T3,2,0,100,26
T4,3,0,75,3
T5,4,0,80,2
T6,5,1,96,3
T7,6,0,150,24
T8,7,0,184,2
T9,8,1,27,1
[479]
T1,0,0,22,1
T2,1,1,160,2
T3,2,0,143,7
T4,3,1,104,16
T5,4,1,80,2
T6,5,1,41,7
T7,6,0,66,7
T8,7,1,156,2
T9,8,1,200,7
[480]
T1,0,1,105,3
T2,1,1,75,4
T3,2,1,50,1
T4,3,0,75,1
T5,4,0,192,14
T6,5,1,29,3
T7,6,0,95,15
T8,7,0,150,3
T9,8,0,200,15
[481]
T1,0,0,64,2
T2,1,0,81,6
T3,2,0,200,9
T4,3,1,60,1
T5,4,0,30,2
T6,5,1,162,3
T7,6,1,120,3
T8,7,0,21,6
T9,8,1,180,12
[482]
T1,0,0,195,10
T2,1,1,120,7
T3,2,0,78,4
T4,3,1,120,17
T5,4,1,115,9
T6,5,1,200,14
T7,6,0,20,2
T8,7,0,32,3
T9,8,0,195,2
[483]
T1,0,1,200,5
T2,1,0,120,26
T3,2,0,125,2
T4,3,0,30,1
T5,4,1,108,13
T6,5,0,174,8
T7,6,1,29,2
T8,7,1,150,3
T9,8,1,75,5
[484]
T1,0,1,200,23
T2,1,0,63,6
T3,2,1,84,3
T4,3,1,21,2
T5,4,0,99,2
T6,5,1,80,3
T7,6,1,40,3
T8,7,1,150,11
T9,8,1,175,16
[485]
T1,0,1,120,6
T2,1,1,30,2
T3,2,1,102,2
T4,3,0,45,2
T5,4,0,150,21
T6,5,1,90,7
T7,6,0,200,2
T8,7,0,95,7
T9,8,1,152,16
[486]
T1,0,0,60,1
T2,1,1,176,7
T3,2,1,200,8
T4,3,1,121,26
T5,4,1,121,3
T6,5,1,25,1
T7,6,1,36,1
T8,7,0,99,7
T9,8,1,176,11
[487]
T1,0,1,85,1
T2,1,1,154,8
T3,2,0,154,2
T4,3,0,88,6
T5,4,0,41,3
T6,5,1,77,3
T7,6,0,55,9
T8,7,0,200,17
T9,8,1,50,2
[488]
T1,0,0,111,2
T2,1,0,148,4
T3,2,1,21,3
T4,3,0,150,5
T5,4,0,200,3
T6,5,1,72,1
T7,6,1,45,8
T8,7,0,75,6
T9,8,0,112,6
[489]
T1,0,1,48,7
T2,1,1,70,7
T3,2,1,168,6
T4,3,1,108,12
T5,4,0,165,4
T6,5,0,200,1
T7,6,0,43,2
T8,7,1,120,7
T9,8,0,63,2
[490]
T1,0,0,175,26
T2,1,0,126,8
T3,2,0,117,1
T4,3,0,168,1
T5,4,1,65,5
T6,5,1,45,2
T7,6,1,200,32
T8,7,0,32,1
T9,8,0,144,2
[491]
T1,0,0,125,2
T2,1,1,200,1
T3,2,1,93,26
T4,3,1,53,2
T5,4,1,180,3
T6,5,0,150,7
T7,6,1,100,2
T8,7,1,20,1
T9,8,1,124,17
[492]
T1,0,0,60,2
T2,1,1,140,11
T3,2,0,21,2
T4,3,0,190,14
T5,4,1,144,17
T6,5,0,43,3
T7,6,1,160,12
T8,7,0,200,17
T9,8,1,105,4
[493]
T1,0,1,144,2
T2,1,0,75,5
T3,2,0,190,5
T4,3,1,22,2
T5,4,0,200,4
T6,5,1,24,1
T7,6,0,70,8
T8,7,0,84,10
T9,8,0,180,7
[494]
T1,0,0,140,16
T2,1,0,160,1
T3,2,0,120,13
T4,3,1,120,2
T5,4,0,48,4
T6,5,0,200,9
T7,6,0,36,4
T8,7,0,100,6
T9,8,1,188,5
[495]
T1,0,0,117,7
T2,1,1,65,11
T3,2,0,93,8
T4,3,1,200,7
T5,4,0,62,1
T6,5,0,195,6
T7,6,1,156,4
T8,7,1,45,3
T9,8,0,33,2
[496]
T1,0,0,66,1
T2,1,0,27,4
T3,2,1,200,2
T4,3,1,45,1
T5,4,0,60,1
T6,5,1,90,2
T7,6,0,150,22
T8,7,1,154,23
T9,8,0,56,2
[497]
T1,0,0,39,3
T2,1,0,120,3
T3,2,0,156,23
T4,3,0,195,18
T5,4,1,200,23
T6,5,1,21,2
T7,6,0,91,2
T8,7,0,105,2
T9,8,1,91,1
[498]
T1,0,0,78,6
T2,1,0,176,3
T3,2,0,40,3
T4,3,1,120,2
T5,4,0,200,5
T6,5,0,150,2
T7,6,0,120,13
T8,7,0,66,11
T9,8,0,45,4
[499]
T1,0,1,110,3
T2,1,0,23,6
T3,2,1,143,5
T4,3,0,22,1
T5,4,1,168,11
T6,5,1,168,2
T7,6,1,78,2
T8,7,0,55,1
T9,8,1,200,9
[500]
T1,0,1,200,2
T2,1,1,180,29
T3,2,1,135,9
T4,3,1,132,7
T5,4,1,126,2
T6,5,0,45,2
T7,6,1,84,8
T8,7,1,43,4
T9,8,1,189,12
