num_task_per_taskset=9
num_taskset=500
//ID,Priority,Offset,Period,Execution Time
[1]
T1,0,0,175,4
T2,1,0,180,9
T3,2,0,108,15
T4,3,0,80,2
T5,4,1,100,16
T6,5,0,30,2
T7,6,0,80,6
T8,7,0,29,1
T9,8,1,200,1
[2]
T1,0,0,198,1
T2,1,0,72,1
T3,2,0,28,5
T4,3,1,187,20
T5,4,0,66,1
T6,5,1,200,4
T7,6,1,80,7
T8,7,1,33,3
T9,8,0,136,2
[3]
T1,0,0,30,2
T2,1,0,130,4
T3,2,1,169,9
T4,3,1,200,9
T5,4,1,169,7
T6,5,1,80,4
T7,6,0,78,10
T8,7,0,36,2
T9,8,1,65,8
[4]
T1,0,1,165,3
T2,1,1,150,1
T3,2,0,25,5
T4,3,1,75,18
T5,4,0,47,2
T6,5,1,124,2
T7,6,0,200,3
T8,7,1,132,2
T9,8,0,124,6
[5]
T1,0,0,170,23
T2,1,0,170,11
T3,2,1,46,2
T4,3,0,68,5
T5,4,1,24,2
T6,5,1,92,1
T7,6,1,200,37
T8,7,0,90,2
T9,8,1,92,2
[6]
T1,0,1,57,6
T2,1,0,192,17
T3,2,1,200,14
T4,3,1,128,8
T5,4,0,31,4
T6,5,0,114,6
T7,6,1,40,2
T8,7,1,144,3
T9,8,0,152,3
[7]
T1,0,0,171,22
T2,1,1,200,5
T3,2,0,95,7
T4,3,0,110,3
T5,4,1,176,2
T6,5,0,75,6
T7,6,1,66,2
T8,7,1,46,2
T9,8,0,44,5
[8]
T1,0,0,36,1
T2,1,1,175,5
T3,2,1,200,30
T4,3,1,150,2
T5,4,1,120,1
T6,5,1,25,5
T7,6,0,125,16
T8,7,0,58,2
T9,8,0,116,2
[9]
T1,0,1,66,2
T2,1,1,100,9
T3,2,1,51,10
T4,3,0,55,10
T5,4,1,154,2
T6,5,0,175,1
T7,6,0,200,1
T8,7,1,47,1
T9,8,0,56,2
[10]
T1,0,1,180,9
T2,1,1,200,27
T3,2,1,76,1
T4,3,1,57,2
T5,4,0,38,8
T6,5,1,190,4
T7,6,1,60,5
T8,7,1,81,2
T9,8,0,32,1
[11]
T1,0,0,160,10
T2,1,0,200,8
T3,2,1,31,2
T4,3,0,75,6
T5,4,0,154,18
T6,5,1,42,1
T7,6,0,100,7
T8,7,1,56,2
T9,8,0,90,10
[12]
T1,0,0,90,4
T2,1,0,144,8
T3,2,0,161,8
T4,3,1,120,4
T5,4,0,38,5
T6,5,1,70,4
T7,6,1,24,2
T8,7,0,200,5
T9,8,1,180,7
[13]
T1,0,0,108,2
T2,1,0,132,20
T3,2,0,200,1
T4,3,1,84,11
T5,4,0,165,14
T6,5,1,66,6
T7,6,1,22,2
T8,7,1,51,1
T9,8,0,154,6
[14]
T1,0,0,77,5
T2,1,0,42,2
T3,2,1,200,11
T4,3,1,105,3
T5,4,0,110,13
T6,5,0,144,2
T7,6,0,189,38
T8,7,0,20,2
T9,8,1,150,3
[15]
T1,0,1,189,49
T2,1,1,200,3
T3,2,1,112,4
T4,3,1,182,7
T5,4,0,20,2
T6,5,0,120,9
T7,6,0,63,2
T8,7,1,104,5
T9,8,0,30,1
[16]
T1,0,0,132,2
T2,1,0,120,19
T3,2,0,84,5
T4,3,1,175,2
T5,4,0,33,2
T6,5,0,48,6
T7,6,1,112,4
T8,7,1,160,10
T9,8,1,200,5
[17]
T1,0,1,114,6
T2,1,1,48,2
T3,2,1,168,23
T4,3,1,33,1
T5,4,1,144,28
T6,5,0,84,3
T7,6,1,133,2
T8,7,0,180,2
T9,8,0,200,14
[18]
T1,0,1,60,1
T2,1,1,170,32
T3,2,0,100,5
T4,3,1,170,1
T5,4,0,35,2
T6,5,0,135,1
T7,6,1,60,4
T8,7,0,25,2
T9,8,0,200,34
[19]
T1,0,0,175,33
T2,1,0,35,1
T3,2,0,41,1
T4,3,0,90,1
T5,4,0,200,8
T6,5,0,75,5
T7,6,1,56,4
T8,7,0,112,1
T9,8,0,174,16
[20]
T1,0,0,80,7
T2,1,1,51,2
T3,2,1,175,5
T4,3,1,105,3
T5,4,1,125,7
T6,5,0,200,8
T7,6,1,133,4
T8,7,0,175,43
T9,8,1,21,2
[21]
T1,0,1,200,83
T2,1,1,84,2
T3,2,0,81,1
T4,3,1,192,14
T5,4,0,175,2
T6,5,1,39,2
T7,6,1,27,2
T8,7,1,72,1
T9,8,0,72,1
[22]
T1,0,1,200,1
T2,1,1,39,3
T3,2,0,165,5
T4,3,0,20,1
T5,4,0,150,4
T6,5,0,138,2
T7,6,0,90,2
T8,7,1,60,13
T9,8,1,99,10
[23]
T1,0,1,175,1
T2,1,1,140,1
T3,2,1,70,3
T4,3,0,56,2
T5,4,1,200,9
T6,5,1,125,26
T7,6,0,174,3
T8,7,0,24,1
T9,8,0,39,6
[24]
T1,0,1,171,15
T2,1,0,24,2
T3,2,0,32,2
T4,3,1,105,4
T5,4,0,80,2
T6,5,1,200,8
T7,6,1,95,4
T8,7,1,100,20
T9,8,0,180,6
[25]
T1,0,0,168,19
T2,1,1,105,18
T3,2,0,200,29
T4,3,1,29,1
T5,4,0,77,2
T6,5,1,112,1
T7,6,0,45,1
T8,7,1,165,1
T9,8,1,99,2
[26]
T1,0,0,180,2
T2,1,0,180,22
T3,2,1,78,2
T4,3,0,126,4
T5,4,1,91,10
T6,5,1,28,4
T7,6,1,21,2
T8,7,0,200,3
T9,8,0,84,8
[27]
T1,0,1,185,1
T2,1,1,38,2
T3,2,0,150,5
T4,3,0,75,24
T5,4,1,200,13
T6,5,1,43,4
T7,6,0,129,4
T8,7,1,74,2
T9,8,0,86,2
[28]
T1,0,0,26,1
T2,1,1,132,3
T3,2,0,154,1
T4,3,1,63,6
T5,4,0,200,2
T6,5,1,50,2
T7,6,1,180,38
T8,7,0,108,12
T9,8,0,110,7
[29]
T1,0,1,153,15
T2,1,0,130,17
T3,2,0,65,7
T4,3,1,156,7
T5,4,0,78,3
T6,5,1,90,2
T7,6,1,30,1
T8,7,0,200,6
T9,8,0,53,2
[30]
T1,0,1,112,2
T2,1,1,162,3
T3,2,0,175,12
T4,3,0,100,2
T5,4,1,200,16
T6,5,1,28,2
T7,6,1,42,4
T8,7,0,84,2
T9,8,1,70,17
[31]
T1,0,0,110,2
T2,1,1,198,15
T3,2,0,144,1
T4,3,1,99,1
T5,4,0,27,1
T6,5,1,200,29
T7,6,1,81,2
T8,7,1,160,22
T9,8,1,20,2
[32]
T1,0,0,120,2
T2,1,1,30,2
T3,2,0,171,1
T4,3,1,120,22
T5,4,1,40,1
T6,5,1,168,36
T7,6,1,80,3
T8,7,0,84,3
T9,8,0,200,7
[33]
T1,0,1,200,40
T2,1,0,96,4
T3,2,0,52,7
T4,3,1,60,2
T5,4,0,192,7
T6,5,0,78,1
T7,6,1,33,4
T8,7,1,120,2
T9,8,0,150,1
[34]
T1,0,0,24,2
T2,1,0,150,2
T3,2,0,138,8
T4,3,1,190,3
T5,4,1,200,11
T6,5,0,38,5
T7,6,1,92,1
T8,7,1,138,3
T9,8,0,115,29
[35]
T1,0,1,88,3
T2,1,1,45,3
T3,2,1,175,7
T4,3,0,110,1
T5,4,0,80,18
T6,5,0,23,2
T7,6,1,115,2
T8,7,1,200,10
T9,8,0,184,19
[36]
T1,0,1,195,19
T2,1,1,150,2
T3,2,0,33,3
T4,3,0,91,5
T5,4,0,200,9
T6,5,1,60,3
T7,6,1,108,1
T8,7,0,27,4
T9,8,1,104,5
[37]
T1,0,1,104,33
T2,1,1,200,2
T3,2,1,104,2
T4,3,1,23,2
T5,4,1,72,6
T6,5,0,195,7
T7,6,0,65,1
T8,7,0,150,7
T9,8,0,20,2
[38]
T1,0,1,189,3
T2,1,1,175,1
T3,2,1,77,7
T4,3,0,28,3
T5,4,1,112,12
T6,5,0,200,14
T7,6,1,75,1
T8,7,0,126,12
T9,8,0,50,2
[39]
T1,0,0,160,3
T2,1,0,189,11
T3,2,0,200,12
T4,3,1,126,12
T5,4,1,64,5
T6,5,0,54,2
T7,6,1,144,5
T8,7,1,29,6
T9,8,0,20,2
[40]
T1,0,0,200,3
T2,1,1,160,23
T3,2,1,126,2
T4,3,0,42,5
T5,4,1,180,41
T6,5,1,126,2
T7,6,1,140,7
T8,7,0,54,2
T9,8,0,117,2
[41]
T1,0,1,34,2
T2,1,1,150,3
T3,2,0,152,2
T4,3,1,60,5
T5,4,0,200,68
T6,5,1,57,1
T7,6,1,20,2
T8,7,1,111,1
T9,8,1,74,1
[42]
T1,0,0,165,8
T2,1,1,108,2
T3,2,1,33,6
T4,3,0,165,12
T5,4,0,108,8
T6,5,1,30,3
T7,6,0,200,2
T8,7,1,104,2
T9,8,0,60,3
[43]
T1,0,1,144,6
T2,1,1,144,3
T3,2,0,125,22
T4,3,1,50,6
T5,4,0,200,2
T6,5,0,162,6
T7,6,0,162,13
T8,7,1,41,3
T9,8,0,144,1
[44]
T1,0,1,36,2
T2,1,1,112,1
T3,2,1,168,13
T4,3,0,200,9
T5,4,1,49,5
T6,5,1,98,8
T7,6,0,60,10
T8,7,0,125,1
T9,8,0,196,14
[45]
T1,0,1,200,25
T2,1,0,140,11
T3,2,1,150,2
T4,3,0,154,2
T5,4,1,26,2
T6,5,0,120,9
T7,6,1,102,15
T8,7,0,77,8
T9,8,0,42,2
[46]
T1,0,0,154,16
T2,1,1,63,2
T3,2,0,200,7
T4,3,1,24,3
T5,4,0,140,2
T6,5,0,54,1
T7,6,0,110,2
T8,7,1,175,7
T9,8,0,108,25
[47]
T1,0,1,60,3
T2,1,1,180,2
T3,2,0,200,17
T4,3,0,55,1
T5,4,1,53,4
T6,5,0,176,6
T7,6,0,56,12
T8,7,1,144,3
T9,8,1,48,2
[48]
T1,0,0,45,6
T2,1,1,170,7
T3,2,1,78,5
T4,3,0,25,1
T5,4,1,78,12
T6,5,0,200,5
T7,6,0,90,2
T8,7,1,153,2
T9,8,0,117,8
[49]
T1,0,1,42,3
T2,1,1,32,1
T3,2,0,200,24
T4,3,1,175,3
T5,4,0,63,2
T6,5,0,96,16
T7,6,1,70,6
T8,7,1,196,3
T9,8,1,64,1
[50]
T1,0,0,120,13
T2,1,1,55,5
T3,2,1,200,2
T4,3,1,51,3
T5,4,0,40,7
T6,5,1,72,2
T7,6,0,111,4
T8,7,1,198,8
T9,8,1,180,7
[51]
T1,0,0,56,1
T2,1,1,23,3
T3,2,0,51,5
T4,3,0,189,1
T5,4,0,175,9
T6,5,1,200,2
T7,6,1,102,5
T8,7,1,108,14
T9,8,0,102,3
[52]
T1,0,0,60,3
T2,1,1,165,3
T3,2,1,140,7
T4,3,0,200,32
T5,4,1,192,2
T6,5,1,80,2
T7,6,0,120,9
T8,7,0,32,5
T9,8,0,40,1
[53]
T1,0,1,100,7
T2,1,1,170,1
T3,2,0,136,5
T4,3,0,43,2
T5,4,0,30,1
T6,5,1,117,2
T7,6,1,100,3
T8,7,1,200,55
T9,8,1,170,17
[54]
T1,0,0,171,22
T2,1,0,160,4
T3,2,1,200,25
T4,3,0,140,10
T5,4,1,90,3
T6,5,1,96,7
T7,6,1,63,2
T8,7,0,28,2
T9,8,0,36,3
[55]
T1,0,1,36,2
T2,1,0,31,2
T3,2,1,180,12
T4,3,1,200,8
T5,4,0,110,6
T6,5,1,170,25
T7,6,1,85,6
T8,7,0,68,5
T9,8,1,99,2
[56]
T1,0,1,24,2
T2,1,1,165,40
T3,2,1,60,1
T4,3,1,200,1
T5,4,1,30,2
T6,5,0,100,1
T7,6,0,114,5
T8,7,1,154,2
T9,8,1,120,17
[57]
T1,0,1,110,14
T2,1,1,25,2
T3,2,1,200,13
T4,3,1,75,3
T5,4,0,198,1
T6,5,0,69,1
T7,6,0,69,4
T8,7,1,198,20
T9,8,1,20,1
[58]
T1,0,1,144,18
T2,1,1,110,10
T3,2,0,132,2
T4,3,0,21,2
T5,4,1,22,2
T6,5,1,57,3
T7,6,0,171,9
T8,7,1,200,12
T9,8,0,150,12
[59]
T1,0,1,45,2
T2,1,0,196,1
T3,2,0,200,23
T4,3,0,165,18
T5,4,0,105,7
T6,5,0,147,13
T7,6,0,39,2
T8,7,1,56,2
T9,8,0,126,17
[60]
T1,0,1,200,3
T2,1,0,133,2
T3,2,1,120,2
T4,3,0,29,2
T5,4,1,175,31
T6,5,1,126,1
T7,6,1,56,5
T8,7,0,38,3
T9,8,0,150,14
[61]
T1,0,0,78,7
T2,1,0,91,2
T3,2,1,200,2
T4,3,1,22,4
T5,4,0,154,6
T6,5,0,60,3
T7,6,1,88,11
T8,7,0,40,2
T9,8,1,168,7
[62]
T1,0,0,65,1
T2,1,0,156,1
T3,2,1,35,2
T4,3,0,75,3
T5,4,1,200,1
T6,5,0,85,16
T7,6,1,25,1
T8,7,0,150,21
T9,8,1,140,8
[63]
T1,0,0,200,5
T2,1,1,100,5
T3,2,0,168,13
T4,3,1,112,5
T5,4,0,100,6
T6,5,1,52,4
T7,6,1,70,15
T8,7,0,195,1
T9,8,0,28,2
[64]
T1,0,1,64,8
T2,1,0,156,15
T3,2,0,51,2
T4,3,0,108,2
T5,4,1,156,12
T6,5,0,72,1
T7,6,1,200,5
T8,7,1,100,18
T9,8,1,50,2
[65]
T1,0,0,150,5
T2,1,0,72,10
T3,2,0,48,2
T4,3,0,26,2
T5,4,0,78,4
T6,5,0,160,9
T7,6,0,126,2
T8,7,1,200,1
T9,8,1,100,21
[66]
T1,0,0,72,8
T2,1,0,140,4
T3,2,1,40,2
T4,3,0,112,3
T5,4,0,28,2
T6,5,0,150,2
T7,6,0,171,50
T8,7,1,200,10
T9,8,0,95,2
[67]
T1,0,1,125,2
T2,1,1,183,35
T3,2,0,200,5
T4,3,1,120,13
T5,4,1,75,3
T6,5,0,25,2
T7,6,0,72,2
T8,7,0,20,1
T9,8,1,183,9
[68]
T1,0,0,96,1
T2,1,1,125,7
T3,2,1,160,2
T4,3,0,100,2
T5,4,1,200,1
T6,5,1,48,2
T7,6,1,66,6
T8,7,0,168,18
T9,8,1,54,14
[69]
T1,0,0,120,6
T2,1,1,35,8
T3,2,0,70,2
T4,3,1,68,2
T5,4,0,22,1
T6,5,0,85,9
T7,6,1,195,5
T8,7,0,175,8
T9,8,0,200,6
[70]
T1,0,0,140,24
T2,1,1,75,1
T3,2,1,88,2
T4,3,1,200,24
T5,4,1,20,2
T6,5,1,39,4
T7,6,1,170,1
T8,7,0,187,21
T9,8,1,77,2
[71]
T1,0,0,75,2
T2,1,0,121,2
T3,2,0,54,3
T4,3,0,150,2
T5,4,1,200,40
T6,5,0,90,4
T7,6,0,38,3
T8,7,1,198,22
T9,8,1,55,2
[72]
T1,0,0,110,7
T2,1,1,74,5
T3,2,1,185,2
T4,3,1,200,17
T5,4,0,165,2
T6,5,1,49,5
T7,6,0,74,4
T8,7,1,50,2
T9,8,0,110,15
[73]
T1,0,0,198,2
T2,1,1,48,7
T3,2,0,168,1
T4,3,0,66,2
T5,4,1,120,2
T6,5,0,200,13
T7,6,0,88,11
T8,7,1,120,2
T9,8,0,52,10
[74]
T1,0,1,47,2
T2,1,1,80,1
T3,2,1,80,2
T4,3,1,200,83
T5,4,0,192,10
T6,5,0,122,2
T7,6,1,183,2
T8,7,0,24,2
T9,8,0,122,3
[75]
T1,0,1,189,7
T2,1,0,168,3
T3,2,1,120,1
T4,3,1,75,20
T5,4,1,128,2
T6,5,0,80,1
T7,6,1,200,16
T8,7,0,35,2
T9,8,0,32,2
[76]
T1,0,0,96,6
T2,1,0,130,13
T3,2,1,192,2
T4,3,1,65,1
T5,4,1,30,4
T6,5,1,150,8
T7,6,1,22,2
T8,7,0,200,12
T9,8,1,110,12
[77]
T1,0,0,200,6
T2,1,0,36,2
T3,2,1,160,3
T4,3,0,45,2
T5,4,0,140,21
T6,5,1,112,10
T7,6,1,75,2
T8,7,0,96,10
T9,8,0,175,17
[78]
T1,0,1,150,2
T2,1,1,24,2
T3,2,1,120,2
T4,3,1,156,11
T5,4,0,63,14
T6,5,0,23,2
T7,6,0,200,17
T8,7,0,126,12
T9,8,1,78,5
[79]
T1,0,1,150,27
T2,1,1,133,13
T3,2,1,114,6
T4,3,1,190,2
T5,4,1,110,3
T6,5,0,200,26
T7,6,1,84,1
T8,7,0,39,2
T9,8,1,42,2
[80]
T1,0,0,161,16
T2,1,0,120,25
T3,2,0,200,1
T4,3,1,125,9
T5,4,0,84,2
T6,5,1,24,2
T7,6,0,84,9
T8,7,0,47,1
T9,8,1,175,4
[81]
T1,0,0,175,1
T2,1,0,140,2
T3,2,0,182,4
T4,3,0,34,2
T5,4,1,143,6
T6,5,0,200,2
T7,6,0,33,2
T8,7,1,84,23
T9,8,0,75,4
[82]
T1,0,0,28,2
T2,1,0,20,1
T3,2,1,200,18
T4,3,0,180,24
T5,4,1,150,6
T6,5,1,119,11
T7,6,1,105,5
T8,7,1,60,3
T9,8,0,54,1
[83]
T1,0,1,112,8
T2,1,0,104,1
T3,2,0,195,10
T4,3,1,50,2
T5,4,0,90,4
T6,5,0,180,41
T7,6,0,126,8
T8,7,0,200,10
T9,8,0,23,1
[84]
T1,0,0,47,2
T2,1,1,63,2
T3,2,0,200,15
T4,3,0,174,36
T5,4,1,112,12
T6,5,1,180,2
T7,6,1,56,2
T8,7,1,21,2
T9,8,0,144,1
[85]
T1,0,0,156,23
T2,1,0,60,5
T3,2,0,36,2
T4,3,0,27,2
T5,4,0,117,2
T6,5,0,200,15
T7,6,0,150,1
T8,7,0,60,1
T9,8,0,105,14
[86]
T1,0,0,153,6
T2,1,1,136,42
T3,2,1,51,2
T4,3,1,200,8
T5,4,0,34,1
T6,5,0,56,1
T7,6,1,120,2
T8,7,0,153,13
T9,8,0,108,2
[87]
T1,0,0,117,7
T2,1,0,72,4
T3,2,0,176,17
T4,3,1,45,3
T5,4,1,165,20
T6,5,0,35,1
T7,6,0,144,4
T8,7,0,200,2
T9,8,0,132,10
[88]
T1,0,0,200,1
T2,1,0,126,1
T3,2,1,140,8
T4,3,1,175,7
T5,4,1,20,2
T6,5,0,54,4
T7,6,1,160,23
T8,7,0,135,6
T9,8,1,20,2
[89]
T1,0,0,32,1
T2,1,1,80,10
T3,2,0,198,1
T4,3,0,160,3
T5,4,1,112,10
T6,5,1,132,2
T7,6,1,200,36
T8,7,1,100,7
T9,8,0,26,2
[90]
T1,0,0,198,5
T2,1,0,198,4
T3,2,1,99,7
T4,3,0,99,5
T5,4,0,45,3
T6,5,1,98,3
T7,6,1,200,31
T8,7,1,30,3
T9,8,1,126,3
[91]
T1,0,0,91,2
T2,1,0,160,27
T3,2,1,47,2
T4,3,1,196,2
T5,4,0,80,12
T6,5,1,91,10
T7,6,0,200,2
T8,7,1,130,5
T9,8,1,35,1
[92]
T1,0,1,44,1
T2,1,1,124,2
T3,2,1,43,2
T4,3,1,186,34
T5,4,1,90,2
T6,5,0,75,6
T7,6,1,66,4
T8,7,0,200,21
T9,8,0,180,4
[93]
T1,0,1,200,22
T2,1,0,60,1
T3,2,1,25,1
T4,3,0,111,1
T5,4,1,43,6
T6,5,0,126,2
T7,6,1,90,16
T8,7,0,148,2
T9,8,0,150,7
[94]
T1,0,1,22,2
T2,1,1,70,1
T3,2,1,132,4
T4,3,0,168,19
T5,4,1,200,4
T6,5,0,126,2
T7,6,1,196,6
T8,7,0,132,9
T9,8,1,20,3
[95]
T1,0,1,54,4
T2,1,0,140,2
T3,2,1,200,16
T4,3,1,195,3
T5,4,1,140,11
T6,5,1,28,1
T7,6,1,100,4
T8,7,1,182,14
T9,8,1,30,4
[96]
T1,0,0,72,9
T2,1,1,68,2
T3,2,1,50,5
T4,3,1,136,14
T5,4,0,44,2
T6,5,1,144,5
T7,6,0,187,10
T8,7,0,170,20
T9,8,0,200,2
[97]
T1,0,1,78,4
T2,1,1,78,5
T3,2,1,200,2
T4,3,1,88,15
T5,4,1,100,13
T6,5,0,27,2
T7,6,1,180,14
T8,7,0,48,1
T9,8,1,156,4
[98]
T1,0,1,150,17
T2,1,1,39,1
T3,2,1,28,4
T4,3,1,192,12
T5,4,0,75,4
T6,5,0,200,2
T7,6,0,130,2
T8,7,1,112,3
T9,8,1,70,7
[99]
T1,0,1,200,9
T2,1,0,80,6
T3,2,0,105,2
T4,3,1,176,22
T5,4,1,63,9
T6,5,1,28,2
T7,6,1,36,1
T8,7,0,150,10
T9,8,0,56,2
[100]
T1,0,0,112,4
T2,1,0,156,6
T3,2,0,25,2
T4,3,0,105,10
T5,4,0,189,1
T6,5,0,63,9
T7,6,0,200,20
T8,7,0,104,2
T9,8,0,40,6
[101]
T1,0,0,60,2
T2,1,0,126,19
T3,2,0,200,2
T4,3,1,108,8
T5,4,1,24,1
T6,5,1,140,7
T7,6,1,189,3
T8,7,1,41,1
T9,8,1,170,34
[102]
T1,0,0,176,19
T2,1,0,30,2
T3,2,1,84,7
T4,3,1,20,1
T5,4,0,105,4
T6,5,0,140,11
T7,6,1,175,8
T8,7,1,200,1
T9,8,0,144,13
[103]
T1,0,0,130,4
T2,1,0,200,32
T3,2,0,26,2
T4,3,1,154,12
T5,4,0,33,2
T6,5,1,150,19
T7,6,1,65,2
T8,7,0,60,1
T9,8,0,66,6
[104]
T1,0,0,88,9
T2,1,0,26,1
T3,2,0,150,5
T4,3,1,66,3
T5,4,1,200,25
T6,5,0,47,4
T7,6,1,117,2
T8,7,1,198,14
T9,8,0,88,2
[105]
T1,0,0,187,2
T2,1,0,33,2
T3,2,1,170,22
T4,3,1,99,10
T5,4,0,102,1
T6,5,1,35,3
T7,6,1,75,8
T8,7,0,132,7
T9,8,0,200,8
[106]
T1,0,0,154,9
T2,1,0,84,12
T3,2,0,200,16
T4,3,0,66,4
T5,4,0,165,1
T6,5,1,49,2
T7,6,1,112,9
T8,7,1,44,3
T9,8,1,125,1
[107]
T1,0,1,31,9
T2,1,0,114,2
T3,2,1,140,2
T4,3,0,35,2
T5,4,1,120,3
T6,5,1,189,27
T7,6,0,175,8
T8,7,1,200,2
T9,8,1,126,2
[108]
T1,0,0,84,2
T2,1,1,200,1
T3,2,0,56,8
T4,3,0,156,4
T5,4,0,51,2
T6,5,1,195,5
T7,6,1,20,5
T8,7,0,91,3
T9,8,0,144,10
[109]
T1,0,0,156,5
T2,1,1,48,2
T3,2,0,30,2
T4,3,0,132,6
T5,4,1,200,7
T6,5,1,108,15
T7,6,1,108,2
T8,7,0,117,19
T9,8,1,180,17
[110]
T1,0,1,44,3
T2,1,0,188,4
T3,2,1,70,2
T4,3,0,105,3
T5,4,0,112,11
T6,5,1,70,1
T7,6,0,150,7
T8,7,1,42,9
T9,8,1,200,7
[111]
T1,0,1,26,2
T2,1,1,110,2
T3,2,0,195,38
T4,3,0,150,1
T5,4,1,120,2
T6,5,1,200,19
T7,6,1,120,1
T8,7,1,108,7
T9,8,1,46,8
[112]
T1,0,0,168,3
T2,1,1,112,7
T3,2,1,168,18
T4,3,0,26,2
T5,4,1,69,2
T6,5,1,115,3
T7,6,0,200,4
T8,7,0,46,9
T9,8,1,125,1
[113]
T1,0,1,35,5
T2,1,1,68,1
T3,2,0,34,2
T4,3,0,168,14
T5,4,1,102,11
T6,5,0,200,13
T7,6,0,56,2
T8,7,0,70,7
T9,8,0,154,7
[114]
T1,0,0,90,5
T2,1,1,168,10
T3,2,0,180,35
T4,3,0,34,2
T5,4,0,200,13
T6,5,1,147,3
T7,6,0,72,4
T8,7,0,25,1
T9,8,1,70,4
[115]
T1,0,0,51,2
T2,1,1,156,3
T3,2,1,91,8
T4,3,1,40,2
T5,4,1,200,24
T6,5,1,128,8
T7,6,1,105,7
T8,7,0,56,5
T9,8,0,156,3
[116]
T1,0,0,175,15
T2,1,0,70,13
T3,2,0,35,5
T4,3,0,21,2
T5,4,1,91,6
T6,5,0,182,2
T7,6,1,100,4
T8,7,1,143,1
T9,8,1,200,2
[117]
T1,0,1,180,34
T2,1,1,100,2
T3,2,1,156,21
T4,3,1,27,3
T5,4,0,40,2
T6,5,1,100,3
T7,6,1,200,4
T8,7,0,100,4
T9,8,1,54,1
[118]
T1,0,1,200,25
T2,1,0,78,2
T3,2,0,26,2
T4,3,0,65,2
T5,4,0,156,14
T6,5,0,43,2
T7,6,0,186,11
T8,7,1,80,1
T9,8,1,130,28
[119]
T1,0,1,174,24
T2,1,0,200,5
T3,2,0,80,2
T4,3,1,70,4
T5,4,1,112,2
T6,5,1,50,5
T7,6,0,126,15
T8,7,0,180,12
T9,8,1,46,2
[120]
T1,0,1,28,4
T2,1,1,153,8
T3,2,1,85,5
T4,3,0,136,1
T5,4,1,200,12
T6,5,0,180,32
T7,6,1,58,2
T8,7,1,75,1
T9,8,0,20,1
[121]
T1,0,0,56,6
T2,1,1,200,7
T3,2,1,112,7
T4,3,1,155,7
T5,4,0,38,2
T6,5,0,56,2
T7,6,0,80,1
T8,7,1,44,3
T9,8,1,175,29
[122]
T1,0,0,200,1
T2,1,1,20,1
T3,2,0,56,2
T4,3,1,102,5
T5,4,1,196,8
T6,5,0,32,3
T7,6,0,140,7
T8,7,0,150,20
T9,8,0,85,4
[123]
T1,0,1,75,2
T2,1,1,105,44
T3,2,1,196,2
T4,3,0,21,2
T5,4,1,200,3
T6,5,1,56,1
T7,6,1,22,2
T8,7,1,132,2
T9,8,0,150,4
[124]
T1,0,0,90,3
T2,1,1,175,1
T3,2,0,155,12
T4,3,1,200,2
T5,4,0,126,1
T6,5,1,25,6
T7,6,0,44,2
T8,7,1,72,2
T9,8,0,105,15
[125]
T1,0,1,72,5
T2,1,0,170,6
T3,2,0,68,9
T4,3,0,119,9
T5,4,0,112,9
T6,5,0,153,1
T7,6,1,35,2
T8,7,0,26,2
T9,8,0,200,3
[126]
T1,0,1,160,1
T2,1,0,81,6
T3,2,0,60,6
T4,3,1,150,9
T5,4,0,100,2
T6,5,0,200,18
T7,6,0,40,5
T8,7,0,30,2
T9,8,0,65,6
[127]
T1,0,1,120,1
T2,1,0,192,45
T3,2,0,120,15
T4,3,1,31,2
T5,4,0,200,3
T6,5,0,28,2
T7,6,1,116,12
T8,7,0,112,6
T9,8,1,160,3
[128]
T1,0,0,200,9
T2,1,0,92,10
T3,2,0,168,29
T4,3,0,54,1
T5,4,1,56,2
T6,5,0,161,2
T7,6,1,126,1
T8,7,0,37,6
T9,8,0,21,2
[129]
T1,0,0,98,1
T2,1,0,140,6
T3,2,0,98,7
T4,3,0,40,2
T5,4,0,196,5
T6,5,0,175,3
T7,6,1,20,2
T8,7,1,200,2
T9,8,0,86,22
[130]
T1,0,0,80,1
T2,1,1,42,3
T3,2,1,90,2
T4,3,1,40,2
T5,4,0,90,10
T6,5,1,161,7
T7,6,1,60,2
T8,7,0,200,38
T9,8,0,180,10
[131]
T1,0,1,120,2
T2,1,1,120,12
T3,2,0,176,6
T4,3,0,68,4
T5,4,1,90,5
T6,5,1,198,8
T7,6,0,200,26
T8,7,1,44,4
T9,8,0,36,1
[132]
T1,0,1,72,2
T2,1,0,80,19
T3,2,0,75,3
T4,3,1,156,24
T5,4,1,105,2
T6,5,1,200,2
T7,6,1,35,3
T8,7,0,156,4
T9,8,0,32,2
[133]
T1,0,0,56,6
T2,1,1,126,2
T3,2,1,200,13
T4,3,1,104,1
T5,4,0,150,24
T6,5,1,45,1
T7,6,1,156,11
T8,7,1,26,2
T9,8,1,144,3
[134]
T1,0,1,42,6
T2,1,0,60,1
T3,2,0,160,6
T4,3,1,52,8
T5,4,1,120,2
T6,5,1,55,1
T7,6,0,160,12
T8,7,0,77,6
T9,8,1,200,5
[135]
T1,0,1,54,3
T2,1,0,200,8
T3,2,0,96,6
T4,3,1,32,2
T5,4,1,56,2
T6,5,1,176,11
T7,6,0,96,2
T8,7,0,180,32
T9,8,1,105,13
[136]
T1,0,1,63,2
T2,1,0,119,38
T3,2,0,26,2
T4,3,0,200,2
T5,4,1,170,4
T6,5,1,153,6
T7,6,0,135,5
T8,7,1,51,2
T9,8,1,100,7
[137]
T1,0,0,72,10
T2,1,0,180,4
T3,2,1,200,16
T4,3,0,171,7
T5,4,1,75,1
T6,5,1,54,3
T7,6,1,140,4
T8,7,1,38,5
T9,8,0,36,1
[138]
T1,0,1,75,2
T2,1,0,27,2
T3,2,0,50,13
T4,3,0,100,7
T5,4,0,156,2
T6,5,1,195,11
T7,6,0,110,5
T8,7,1,200,15
T9,8,1,143,4
[139]
T1,0,1,76,19
T2,1,0,38,2
T3,2,1,105,10
T4,3,0,200,10
T5,4,1,120,2
T6,5,0,41,3
T7,6,1,152,2
T8,7,1,105,2
T9,8,0,192,8
[140]
T1,0,1,132,6
T2,1,0,200,4
T3,2,1,99,6
T4,3,0,154,7
T5,4,0,105,3
T6,5,1,50,2
T7,6,0,198,55
T8,7,0,43,2
T9,8,0,88,6
[141]
T1,0,1,90,2
T2,1,1,57,1
T3,2,1,72,2
T4,3,0,152,15
T5,4,1,160,4
T6,5,0,30,2
T7,6,1,80,7
T8,7,1,42,8
T9,8,1,200,12
[142]
T1,0,1,70,5
T2,1,0,184,7
T3,2,0,135,5
T4,3,1,34,2
T5,4,1,200,21
T6,5,0,105,13
T7,6,1,23,2
T8,7,0,168,25
T9,8,1,126,3
[143]
T1,0,0,20,1
T2,1,0,62,3
T3,2,1,63,1
T4,3,1,200,24
T5,4,1,84,10
T6,5,0,186,7
T7,6,0,48,5
T8,7,0,80,2
T9,8,0,175,2
[144]
T1,0,1,126,1
T2,1,0,33,2
T3,2,0,46,1
T4,3,1,168,9
T5,4,1,200,9
T6,5,1,98,19
T7,6,0,140,7
T8,7,0,180,1
T9,8,1,140,23
[145]
T1,0,0,44,1
T2,1,0,200,7
T3,2,1,24,2
T4,3,0,132,4
T5,4,1,182,32
T6,5,0,156,7
T7,6,1,84,4
T8,7,1,120,2
T9,8,1,56,9
[146]
T1,0,1,200,12
T2,1,0,27,2
T3,2,0,56,2
T4,3,0,189,17
T5,4,1,90,12
T6,5,0,138,2
T7,6,0,53,1
T8,7,1,184,30
T9,8,0,69,5
[147]
T1,0,1,170,7
T2,1,0,50,2
T3,2,0,28,2
T4,3,1,75,16
T5,4,0,85,7
T6,5,1,200,3
T7,6,1,170,7
T8,7,1,144,9
T9,8,0,68,2
[148]
T1,0,1,180,7
T2,1,1,25,1
T3,2,0,175,21
T4,3,1,36,2
T5,4,0,200,8
T6,5,1,72,7
T7,6,0,100,8
T8,7,0,88,9
T9,8,0,72,3
[149]
T1,0,0,133,1
T2,1,0,196,23
T3,2,0,95,7
T4,3,0,200,4
T5,4,1,140,1
T6,5,0,168,4
T7,6,1,100,2
T8,7,1,39,9
T9,8,0,25,1
[150]
T1,0,1,75,2
T2,1,1,84,2
T3,2,0,200,4
T4,3,1,41,11
T5,4,0,20,2
T6,5,1,175,16
T7,6,1,63,2
T8,7,1,182,5
T9,8,1,63,4
[151]
T1,0,0,64,8
T2,1,1,120,2
T3,2,1,21,1
T4,3,0,200,9
T5,4,0,189,21
T6,5,0,150,19
T7,6,0,39,2
T8,7,0,81,3
T9,8,1,112,6
[152]
T1,0,1,192,57
T2,1,0,160,14
T3,2,1,49,2
T4,3,0,20,2
T5,4,0,80,1
T6,5,1,64,2
T7,6,0,64,3
T8,7,0,200,6
T9,8,1,140,5
[153]
T1,0,0,32,2
T2,1,1,22,2
T3,2,1,156,13
T4,3,0,192,47
T5,4,1,105,19
T6,5,1,200,2
T7,6,0,56,1
T8,7,1,96,2
T9,8,0,75,2
[154]
T1,0,1,99,2
T2,1,0,50,2
T3,2,0,24,1
T4,3,0,72,3
T5,4,0,180,2
T6,5,1,115,9
T7,6,0,99,10
T8,7,1,200,24
T9,8,1,150,24
[155]
T1,0,0,189,15
T2,1,0,60,2
T3,2,0,80,2
T4,3,1,150,8
T5,4,0,200,8
T6,5,0,20,2
T7,6,0,130,2
T8,7,0,70,12
T9,8,0,28,1
[156]
T1,0,1,37,2
T2,1,1,175,14
T3,2,1,90,2
T4,3,0,92,12
T5,4,0,150,9
T6,5,1,115,3
T7,6,1,46,2
T8,7,1,200,13
T9,8,1,105,17
[157]
T1,0,0,108,9
T2,1,1,200,53
T3,2,0,120,9
T4,3,0,189,2
T5,4,0,36,1
T6,5,0,35,1
T7,6,1,161,2
T8,7,1,90,1
T9,8,1,60,3
[158]
T1,0,1,200,53
T2,1,0,175,5
T3,2,1,63,4
T4,3,1,27,2
T5,4,1,30,2
T6,5,0,75,1
T7,6,0,84,1
T8,7,0,183,2
T9,8,1,84,13
[159]
T1,0,1,180,4
T2,1,1,200,9
T3,2,1,56,2
T4,3,1,48,6
T5,4,0,120,17
T6,5,0,195,9
T7,6,0,26,2
T8,7,0,80,2
T9,8,0,108,8
[160]
T1,0,1,46,3
T2,1,1,56,1
T3,2,1,200,2
T4,3,1,150,30
T5,4,1,105,6
T6,5,0,125,2
T7,6,1,164,19
T8,7,1,20,2
T9,8,1,120,9
[161]
T1,0,0,72,9
T2,1,1,156,5
T3,2,1,104,2
T4,3,1,40,4
T5,4,1,80,3
T6,5,0,37,3
T7,6,1,195,2
T8,7,1,104,9
T9,8,1,200,11
[162]
T1,0,0,77,2
T2,1,1,28,1
T3,2,0,20,5
T4,3,1,168,8
T5,4,0,189,2
T6,5,0,77,2
T7,6,0,200,6
T8,7,0,135,3
T9,8,0,84,4
[163]
T1,0,1,63,10
T2,1,0,56,4
T3,2,1,200,15
T4,3,0,42,5
T5,4,0,152,8
T6,5,0,100,2
T7,6,1,36,1
T8,7,1,75,2
T9,8,0,189,5
[164]
T1,0,1,96,5
T2,1,0,165,1
T3,2,0,75,3
T4,3,0,50,3
T5,4,1,200,15
T6,5,1,100,13
T7,6,0,25,2
T8,7,0,100,2
T9,8,0,195,20
[165]
T1,0,1,136,6
T2,1,0,102,2
T3,2,0,200,15
T4,3,1,40,3
T5,4,1,65,11
T6,5,1,182,5
T7,6,1,100,7
T8,7,0,168,2
T9,8,1,46,4
[166]
T1,0,0,104,23
T2,1,1,144,30
T3,2,1,24,2
T4,3,0,120,3
T5,4,1,182,8
T6,5,1,195,2
T7,6,1,50,1
T8,7,0,96,2
T9,8,1,200,2
[167]
T1,0,0,160,4
T2,1,1,120,6
T3,2,1,200,8
T4,3,0,25,1
T5,4,1,30,5
T6,5,0,176,12
T7,6,1,100,14
T8,7,0,120,1
T9,8,1,114,1
[168]
T1,0,1,98,12
T2,1,1,110,10
T3,2,1,200,22
T4,3,1,132,9
T5,4,0,30,2
T6,5,0,56,2
T7,6,0,168,7
T8,7,0,53,1
T9,8,0,196,16
[169]
T1,0,0,88,2
T2,1,1,22,1
T3,2,1,200,35
T4,3,1,80,6
T5,4,0,100,9
T6,5,0,77,6
T7,6,0,165,2
T8,7,1,154,4
T9,8,1,50,3
[170]
T1,0,0,189,1
T2,1,1,84,8
T3,2,0,50,8
T4,3,0,200,3
T5,4,0,154,2
T6,5,0,90,2
T7,6,1,108,5
T8,7,1,27,4
T9,8,0,66,1
[171]
T1,0,0,76,2
T2,1,1,84,8
T3,2,1,40,2
T4,3,1,154,1
T5,4,0,88,1
T6,5,1,154,24
T7,6,1,35,1
T8,7,1,100,19
T9,8,0,200,6
[172]
T1,0,0,31,2
T2,1,0,72,7
T3,2,0,150,1
T4,3,0,75,7
T5,4,1,132,23
T6,5,0,200,9
T7,6,1,32,2
T8,7,0,176,19
T9,8,0,140,2
[173]
T1,0,1,39,2
T2,1,0,25,2
T3,2,1,75,3
T4,3,1,84,6
T5,4,1,200,11
T6,5,0,153,20
T7,6,0,85,1
T8,7,1,126,9
T9,8,0,175,15
[174]
T1,0,0,104,16
T2,1,0,36,5
T3,2,0,195,8
T4,3,0,75,1
T5,4,0,60,2
T6,5,0,65,2
T7,6,0,200,30
T8,7,0,182,2
T9,8,1,23,2
[175]
T1,0,0,50,7
T2,1,1,200,2
T3,2,0,55,1
T4,3,0,165,7
T5,4,0,187,8
T6,5,1,77,2
T7,6,1,60,5
T8,7,1,60,8
T9,8,0,42,3
[176]
T1,0,1,200,12
T2,1,0,120,7
T3,2,0,105,23
T4,3,0,150,1
T5,4,0,60,2
T6,5,1,96,10
T7,6,0,22,2
T8,7,0,50,2
T9,8,1,182,9
[177]
T1,0,0,120,8
T2,1,0,180,3
T3,2,0,174,4
T4,3,0,60,2
T5,4,0,30,2
T6,5,0,81,7
T7,6,1,116,17
T8,7,0,54,7
T9,8,0,200,7
[178]
T1,0,0,20,1
T2,1,1,90,2
T3,2,0,39,2
T4,3,0,152,12
T5,4,0,108,7
T6,5,1,180,2
T7,6,0,56,8
T8,7,1,200,4
T9,8,1,95,14
[179]
T1,0,1,75,1
T2,1,1,200,2
T3,2,0,63,2
T4,3,0,189,76
T5,4,0,108,1
T6,5,1,180,6
T7,6,0,28,2
T8,7,0,98,1
T9,8,1,47,2
[180]
T1,0,1,192,6
T2,1,1,64,18
T3,2,0,108,7
T4,3,0,33,1
T5,4,0,90,5
T6,5,0,200,3
T7,6,1,24,2
T8,7,1,150,6
T9,8,1,100,2
[181]
T1,0,0,24,4
T2,1,0,88,4
T3,2,0,24,2
T4,3,1,55,2
T5,4,1,75,10
T6,5,1,200,15
T7,6,1,192,12
T8,7,1,96,2
T9,8,0,154,4
[182]
T1,0,0,100,6
T2,1,0,200,10
T3,2,0,180,19
T4,3,0,160,4
T5,4,1,98,1
T6,5,0,35,4
T7,6,1,90,6
T8,7,1,72,2
T9,8,1,50,4
[183]
T1,0,0,150,7
T2,1,0,44,6
T3,2,1,189,9
T4,3,0,34,2
T5,4,0,56,1
T6,5,0,144,3
T7,6,1,126,3
T8,7,1,120,18
T9,8,0,200,21
[184]
T1,0,0,44,10
T2,1,1,105,3
T3,2,0,168,3
T4,3,1,88,13
T5,4,1,27,1
T6,5,0,168,2
T7,6,1,200,10
T8,7,1,88,1
T9,8,1,112,3
[185]
T1,0,1,150,18
T2,1,0,98,5
T3,2,1,196,14
T4,3,0,24,2
T5,4,0,42,2
T6,5,0,200,2
T7,6,0,92,5
T8,7,0,105,6
T9,8,1,98,8
[186]
T1,0,1,165,2
T2,1,1,100,13
T3,2,0,92,2
T4,3,1,23,1
T5,4,1,150,5
T6,5,1,200,2
T7,6,1,26,2
T8,7,1,88,2
T9,8,0,96,24
[187]
T1,0,1,33,2
T2,1,1,90,6
T3,2,0,21,2
T4,3,0,160,9
T5,4,1,66,1
T6,5,1,150,16
T7,6,1,56,1
T8,7,0,200,18
T9,8,1,55,10
[188]
T1,0,1,114,6
T2,1,1,96,26
T3,2,1,150,2
T4,3,0,200,1
T5,4,1,114,7
T6,5,1,32,1
T7,6,0,160,1
T8,7,0,40,2
T9,8,0,65,3
[189]
T1,0,0,175,1
T2,1,1,75,1
T3,2,0,43,6
T4,3,1,100,2
T5,4,0,168,11
T6,5,1,30,2
T7,6,0,200,6
T8,7,1,89,18
T9,8,1,80,7
[190]
T1,0,1,44,2
T2,1,0,78,19
T3,2,1,60,2
T4,3,0,195,7
T5,4,0,78,2
T6,5,0,154,2
T7,6,1,40,6
T8,7,0,56,2
T9,8,1,200,14
[191]
T1,0,0,42,1
T2,1,1,180,17
T3,2,0,180,23
T4,3,0,36,2
T5,4,0,140,4
T6,5,1,60,2
T7,6,0,200,7
T8,7,0,112,19
T9,8,0,124,10
[192]
T1,0,0,200,21
T2,1,0,80,6
T3,2,0,152,2
T4,3,0,95,10
T5,4,0,72,3
T6,5,1,171,11
T7,6,1,35,2
T8,7,1,21,2
T9,8,0,75,10
[193]
T1,0,0,87,5
T2,1,1,120,15
T3,2,1,90,4
T4,3,0,200,3
T5,4,1,162,4
T6,5,0,34,1
T7,6,1,54,4
T8,7,0,150,9
T9,8,1,81,10
[194]
T1,0,1,90,3
T2,1,0,156,4
T3,2,1,65,4
T4,3,0,56,2
T5,4,1,200,19
T6,5,0,175,20
T7,6,1,28,2
T8,7,0,27,1
T9,8,0,135,17
[195]
T1,0,0,152,2
T2,1,1,114,2
T3,2,0,39,3
T4,3,1,132,23
T5,4,1,110,1
T6,5,1,168,11
T7,6,0,76,9
T8,7,1,50,4
T9,8,0,200,2
[196]
T1,0,1,37,3
T2,1,0,102,3
T3,2,1,150,13
T4,3,1,75,7
T5,4,1,62,2
T6,5,0,30,1
T7,6,1,85,2
T8,7,0,180,1
T9,8,0,200,34
[197]
T1,0,0,100,6
T2,1,0,156,15
T3,2,1,162,2
T4,3,1,200,18
T5,4,0,135,16
T6,5,0,54,5
T7,6,1,26,2
T8,7,1,20,1
T9,8,0,120,3
[198]
T1,0,0,165,49
T2,1,1,30,2
T3,2,0,126,15
T4,3,0,108,4
T5,4,1,126,1
T6,5,0,126,1
T7,6,1,24,2
T8,7,0,200,7
T9,8,1,154,5
[199]
T1,0,0,200,12
T2,1,1,70,3
T3,2,0,132,21
T4,3,1,44,2
T5,4,1,196,6
T6,5,0,50,2
T7,6,1,150,9
T8,7,0,120,3
T9,8,1,99,11
[200]
T1,0,0,147,2
T2,1,0,200,35
T3,2,1,196,1
T4,3,0,50,6
T5,4,0,25,1
T6,5,0,102,5
T7,6,1,196,12
T8,7,0,105,1
T9,8,0,105,4
[201]
T1,0,1,23,2
T2,1,1,80,2
T3,2,0,90,2
T4,3,0,160,6
T5,4,1,32,4
T6,5,1,200,21
T7,6,0,132,12
T8,7,1,198,31
T9,8,1,84,3
[202]
T1,0,0,90,3
T2,1,0,152,2
T3,2,0,176,9
T4,3,1,36,7
T5,4,1,200,25
T6,5,0,22,2
T7,6,0,100,4
T8,7,1,55,2
T9,8,1,114,5
[203]
T1,0,0,48,8
T2,1,0,200,3
T3,2,0,55,2
T4,3,0,150,16
T5,4,1,104,1
T6,5,1,90,4
T7,6,0,150,13
T8,7,0,46,3
T9,8,1,132,6
[204]
T1,0,0,117,10
T2,1,0,48,5
T3,2,0,165,4
T4,3,1,200,1
T5,4,1,75,1
T6,5,0,36,2
T7,6,0,55,9
T8,7,0,130,17
T9,8,0,165,5
[205]
T1,0,0,160,8
T2,1,1,50,9
T3,2,0,31,1
T4,3,0,63,8
T5,4,1,81,2
T6,5,0,81,4
T7,6,0,200,2
T8,7,0,168,5
T9,8,0,112,4
[206]
T1,0,0,104,10
T2,1,0,34,8
T3,2,1,40,2
T4,3,1,117,4
T5,4,1,120,3
T6,5,1,200,10
T7,6,1,180,6
T8,7,1,72,5
T9,8,1,198,2
[207]
T1,0,0,200,27
T2,1,0,36,2
T3,2,0,24,2
T4,3,1,150,1
T5,4,0,124,2
T6,5,0,66,13
T7,6,1,186,5
T8,7,0,96,5
T9,8,1,75,2
[208]
T1,0,1,150,2
T2,1,1,55,1
T3,2,1,20,1
T4,3,1,200,24
T5,4,1,21,2
T6,5,1,176,12
T7,6,1,63,8
T8,7,0,132,13
T9,8,1,66,4
[209]
T1,0,0,31,2
T2,1,1,154,20
T3,2,1,154,2
T4,3,1,105,2
T5,4,1,200,4
T6,5,1,140,17
T7,6,0,144,7
T8,7,1,99,5
T9,8,1,36,3
[210]
T1,0,0,140,4
T2,1,0,52,2
T3,2,0,195,13
T4,3,0,135,3
T5,4,1,117,9
T6,5,1,200,14
T7,6,0,175,13
T8,7,0,108,8
T9,8,1,36,5
[211]
T1,0,1,26,2
T2,1,0,88,1
T3,2,1,100,7
T4,3,0,100,32
T5,4,1,120,10
T6,5,0,200,4
T7,6,0,31,1
T8,7,0,198,2
T9,8,0,165,3
[212]
T1,0,0,196,16
T2,1,0,200,7
T3,2,1,34,2
T4,3,1,147,9
T5,4,0,112,18
T6,5,1,176,33
T7,6,1,88,2
T8,7,0,105,1
T9,8,1,25,2
[213]
T1,0,1,200,44
T2,1,1,198,8
T3,2,0,20,1
T4,3,0,40,2
T5,4,1,144,3
T6,5,1,110,1
T7,6,0,84,6
T8,7,1,60,1
T9,8,1,175,14
[214]
T1,0,1,114,1
T2,1,1,114,5
T3,2,0,45,7
T4,3,0,200,3
T5,4,1,42,1
T6,5,0,72,2
T7,6,0,108,7
T8,7,1,168,4
T9,8,0,175,35
[215]
T1,0,1,169,12
T2,1,1,200,23
T3,2,0,80,1
T4,3,1,90,2
T5,4,1,47,3
T6,5,0,25,2
T7,6,1,72,16
T8,7,1,195,6
T9,8,1,72,1
[216]
T1,0,0,80,2
T2,1,1,180,7
T3,2,0,72,4
T4,3,1,70,5
T5,4,0,180,10
T6,5,0,200,12
T7,6,0,21,2
T8,7,1,32,3
T9,8,1,147,15
[217]
T1,0,0,108,5
T2,1,0,88,8
T3,2,0,40,3
T4,3,0,90,2
T5,4,0,168,16
T6,5,0,46,7
T7,6,1,198,3
T8,7,0,140,6
T9,8,1,200,4
[218]
T1,0,0,154,13
T2,1,1,132,2
T3,2,1,140,20
T4,3,0,165,10
T5,4,0,200,5
T6,5,1,24,3
T7,6,1,66,1
T8,7,1,66,2
T9,8,1,38,3
[219]
T1,0,1,200,36
T2,1,0,96,2
T3,2,0,43,2
T4,3,1,140,1
T5,4,0,175,12
T6,5,1,64,4
T7,6,1,174,13
T8,7,1,60,3
T9,8,1,50,5
[220]
T1,0,0,200,3
T2,1,0,100,16
T3,2,1,70,3
T4,3,0,39,2
T5,4,0,140,10
T6,5,0,175,3
T7,6,0,23,2
T8,7,0,140,27
T9,8,1,170,8
[221]
T1,0,1,132,5
T2,1,0,170,2
T3,2,1,30,1
T4,3,0,72,6
T5,4,1,136,3
T6,5,1,30,2
T7,6,0,200,66
T8,7,0,153,1
T9,8,0,132,6
[222]
T1,0,1,150,32
T2,1,1,144,8
T3,2,0,160,1
T4,3,1,200,11
T5,4,0,60,6
T6,5,0,26,1
T7,6,1,96,1
T8,7,0,24,2
T9,8,1,83,5
[223]
T1,0,1,179,2
T2,1,0,100,1
T3,2,1,175,2
T4,3,0,120,13
T5,4,1,50,7
T6,5,1,75,10
T7,6,0,56,2
T8,7,1,200,19
T9,8,0,30,1
[224]
T1,0,0,51,2
T2,1,1,175,19
T3,2,1,96,2
T4,3,1,200,3
T5,4,0,120,5
T6,5,0,63,1
T7,6,0,63,2
T8,7,1,39,8
T9,8,1,180,16
[225]
T1,0,0,200,25
T2,1,1,91,5
T3,2,0,175,5
T4,3,0,180,2
T5,4,1,20,2
T6,5,1,140,10
T7,6,0,65,2
T8,7,1,112,16
T9,8,1,43,5
[226]
T1,0,1,110,19
T2,1,0,189,6
T3,2,0,99,4
T4,3,0,198,9
T5,4,0,63,2
T6,5,0,49,7
T7,6,0,75,1
T8,7,0,22,2
T9,8,1,200,2
[227]
T1,0,1,183,9
T2,1,1,20,2
T3,2,1,81,17
T4,3,1,72,2
T5,4,1,183,6
T6,5,0,108,2
T7,6,1,200,10
T8,7,1,46,6
T9,8,1,122,2
[228]
T1,0,0,36,2
T2,1,0,153,10
T3,2,1,90,2
T4,3,0,56,7
T5,4,0,84,2
T6,5,1,180,17
T7,6,0,30,1
T8,7,1,90,17
T9,8,1,200,2
[229]
T1,0,1,99,2
T2,1,0,99,2
T3,2,0,200,17
T4,3,1,36,1
T5,4,1,47,8
T6,5,1,153,25
T7,6,1,88,1
T8,7,0,187,15
T9,8,1,90,2
[230]
T1,0,1,91,10
T2,1,0,180,4
T3,2,1,182,12
T4,3,0,200,9
T5,4,1,60,1
T6,5,0,28,4
T7,6,1,135,1
T8,7,1,38,2
T9,8,0,65,7
[231]
T1,0,0,200,4
T2,1,1,62,2
T3,2,1,46,3
T4,3,1,80,2
T5,4,0,30,2
T6,5,0,75,1
T7,6,1,155,10
T8,7,1,78,15
T9,8,1,155,19
[232]
T1,0,1,200,4
T2,1,0,75,1
T3,2,0,70,8
T4,3,0,31,4
T5,4,0,168,2
T6,5,1,100,15
T7,6,0,35,1
T8,7,0,180,1
T9,8,0,111,5
[233]
T1,0,0,54,2
T2,1,1,126,5
T3,2,1,105,7
T4,3,0,40,2
T5,4,0,200,12
T6,5,1,176,26
T7,6,0,60,7
T8,7,0,154,12
T9,8,1,51,2
[234]
T1,0,0,198,9
T2,1,1,75,4
T3,2,0,84,2
T4,3,1,200,2
T5,4,1,20,2
T6,5,0,32,5
T7,6,0,126,2
T8,7,0,105,9
T9,8,0,154,6
[235]
T1,0,1,43,2
T2,1,0,87,2
T3,2,1,168,16
T4,3,1,144,9
T5,4,1,112,2
T6,5,0,24,1
T7,6,1,200,17
T8,7,0,75,12
T9,8,0,175,11
[236]
T1,0,0,108,2
T2,1,0,55,1
T3,2,0,46,2
T4,3,0,36,3
T5,4,0,78,2
T6,5,1,120,15
T7,6,0,165,2
T8,7,1,165,46
T9,8,1,200,1
[237]
T1,0,1,104,6
T2,1,0,26,1
T3,2,1,136,5
T4,3,1,80,2
T5,4,1,28,2
T6,5,1,153,32
T7,6,0,68,1
T8,7,1,150,22
T9,8,0,200,8
[238]
T1,0,0,72,3
T2,1,1,60,3
T3,2,1,200,14
T4,3,0,33,3
T5,4,1,168,34
T6,5,0,54,2
T7,6,1,175,7
T8,7,1,102,2
T9,8,0,136,3
[239]
T1,0,1,108,3
T2,1,1,156,3
T3,2,1,38,6
T4,3,1,20,2
T5,4,1,140,2
T6,5,1,200,18
T7,6,0,75,9
T8,7,0,182,21
T9,8,0,135,2
[240]
T1,0,1,180,6
T2,1,0,60,2
T3,2,1,200,8
T4,3,0,154,2
T5,4,0,32,3
T6,5,0,80,15
T7,6,0,110,10
T8,7,0,56,4
T9,8,1,23,2
[241]
T1,0,1,47,2
T2,1,0,200,9
T3,2,1,171,13
T4,3,1,130,5
T5,4,1,144,23
T6,5,1,48,9
T7,6,1,65,2
T8,7,1,90,3
T9,8,1,152,5
[242]
T1,0,0,170,14
T2,1,0,200,34
T3,2,1,49,4
T4,3,0,130,4
T5,4,0,195,2
T6,5,0,75,4
T7,6,1,68,5
T8,7,1,105,3
T9,8,0,50,1
[243]
T1,0,1,55,1
T2,1,0,175,14
T3,2,1,36,4
T4,3,0,99,5
T5,4,1,200,32
T6,5,0,84,4
T7,6,1,154,5
T8,7,1,77,2
T9,8,1,22,1
[244]
T1,0,1,33,2
T2,1,0,49,4
T3,2,0,165,19
T4,3,0,200,2
T5,4,1,152,5
T6,5,1,132,22
T7,6,1,80,4
T8,7,1,57,1
T9,8,1,75,1
[245]
T1,0,1,56,2
T2,1,1,49,4
T3,2,0,189,5
T4,3,1,84,2
T5,4,1,29,2
T6,5,0,144,2
T7,6,1,84,1
T8,7,1,168,53
T9,8,0,200,11
[246]
T1,0,1,105,2
T2,1,1,75,10
T3,2,1,128,8
T4,3,0,35,1
T5,4,1,200,3
T6,5,0,176,11
T7,6,1,175,1
T8,7,1,88,18
T9,8,1,22,2
[247]
T1,0,0,130,4
T2,1,0,40,2
T3,2,0,182,3
T4,3,0,200,27
T5,4,0,20,4
T6,5,0,195,1
T7,6,1,117,9
T8,7,0,120,3
T9,8,0,108,2
[248]
T1,0,1,99,15
T2,1,1,60,2
T3,2,1,150,24
T4,3,0,66,7
T5,4,0,154,3
T6,5,0,63,2
T7,6,1,32,1
T8,7,0,49,3
T9,8,1,200,6
[249]
T1,0,0,180,18
T2,1,1,64,5
T3,2,1,180,24
T4,3,1,27,2
T5,4,1,100,7
T6,5,0,200,8
T7,6,1,31,1
T8,7,1,55,5
T9,8,0,90,2
[250]
T1,0,1,62,1
T2,1,0,155,8
T3,2,1,200,5
T4,3,1,125,2
T5,4,1,46,2
T6,5,0,48,13
T7,6,1,155,20
T8,7,0,60,1
T9,8,1,64,1
[251]
T1,0,0,200,22
T2,1,0,54,3
T3,2,1,180,16
T4,3,1,135,10
T5,4,0,42,2
T6,5,1,144,3
T7,6,1,132,1
T8,7,0,150,12
T9,8,0,21,1
[252]
T1,0,1,200,22
T2,1,1,184,9
T3,2,1,50,4
T4,3,0,92,1
T5,4,1,72,1
T6,5,1,189,30
T7,6,1,138,16
T8,7,1,100,3
T9,8,1,20,2
[253]
T1,0,0,44,2
T2,1,0,55,1
T3,2,1,96,2
T4,3,0,200,18
T5,4,1,175,2
T6,5,0,176,9
T7,6,0,128,5
T8,7,0,84,19
T9,8,0,25,2
[254]
T1,0,1,165,10
T2,1,1,110,6
T3,2,0,40,3
T4,3,1,55,1
T5,4,1,25,3
T6,5,1,189,16
T7,6,1,110,3
T8,7,1,105,2
T9,8,0,200,13
[255]
T1,0,1,63,8
T2,1,0,50,2
T3,2,0,200,3
T4,3,1,168,2
T5,4,0,140,9
T6,5,1,154,4
T7,6,1,66,6
T8,7,1,100,6
T9,8,0,27,3
[256]
T1,0,1,175,31
T2,1,1,105,2
T3,2,0,46,3
T4,3,0,27,2
T5,4,1,75,7
T6,5,0,150,1
T7,6,1,200,5
T8,7,0,98,7
T9,8,0,120,7
[257]
T1,0,1,160,7
T2,1,0,70,13
T3,2,0,98,5
T4,3,1,100,12
T5,4,1,60,2
T6,5,1,200,3
T7,6,1,192,17
T8,7,0,50,3
T9,8,0,23,2
[258]
T1,0,0,165,9
T2,1,0,21,2
T3,2,0,154,8
T4,3,1,96,4
T5,4,0,96,4
T6,5,1,77,5
T7,6,1,38,2
T8,7,0,200,4
T9,8,0,70,14
[259]
T1,0,0,70,9
T2,1,0,56,2
T3,2,1,150,28
T4,3,0,38,3
T5,4,0,96,2
T6,5,1,105,7
T7,6,0,200,3
T8,7,1,190,3
T9,8,1,21,2
[260]
T1,0,1,35,2
T2,1,1,75,2
T3,2,0,33,2
T4,3,0,135,2
T5,4,0,200,37
T6,5,0,81,3
T7,6,1,196,2
T8,7,0,140,15
T9,8,0,189,32
[261]
T1,0,0,162,6
T2,1,0,200,15
T3,2,1,112,7
T4,3,0,144,2
T5,4,1,25,4
T6,5,0,22,1
T7,6,0,56,5
T8,7,0,112,3
T9,8,1,192,12
[262]
T1,0,0,152,6
T2,1,1,195,11
T3,2,0,65,2
T4,3,0,48,2
T5,4,1,36,4
T6,5,0,200,15
T7,6,0,114,21
T8,7,1,72,5
T9,8,0,120,1
[263]
T1,0,1,168,15
T2,1,0,120,5
T3,2,0,58,2
T4,3,0,29,2
T5,4,0,84,4
T6,5,0,200,2
T7,6,0,42,2
T8,7,0,160,8
T9,8,0,64,12
[264]
T1,0,1,55,1
T2,1,0,128,11
T3,2,0,176,15
T4,3,0,200,20
T5,4,1,77,3
T6,5,0,20,3
T7,6,0,96,3
T8,7,0,25,2
T9,8,1,165,2
[265]
T1,0,0,144,38
T2,1,1,60,3
T3,2,0,75,1
T4,3,0,132,1
T5,4,0,200,28
T6,5,0,50,2
T7,6,0,162,13
T8,7,1,165,2
T9,8,1,27,2
[266]
T1,0,1,45,9
T2,1,0,168,10
T3,2,1,200,13
T4,3,1,70,2
T5,4,1,39,1
T6,5,0,105,2
T7,6,1,175,4
T8,7,1,75,12
T9,8,0,84,1
[267]
T1,0,0,195,11
T2,1,1,60,2
T3,2,0,112,36
T4,3,1,200,2
T5,4,0,52,6
T6,5,0,180,4
T7,6,0,78,1
T8,7,0,63,2
T9,8,0,37,2
[268]
T1,0,1,30,2
T2,1,1,196,2
T3,2,0,200,2
T4,3,0,132,3
T5,4,0,24,7
T6,5,1,72,6
T7,6,0,126,4
T8,7,0,72,1
T9,8,1,168,2
[269]
T1,0,0,80,2
T2,1,1,200,23
T3,2,1,33,2
T4,3,0,150,12
T5,4,1,55,2
T6,5,0,66,8
T7,6,0,184,13
T8,7,0,20,2
T9,8,1,60,7
[270]
T1,0,1,198,34
T2,1,1,100,6
T3,2,1,88,1
T4,3,1,162,2
T5,4,1,30,2
T6,5,1,60,3
T7,6,1,200,5
T8,7,1,44,2
T9,8,1,90,11
[271]
T1,0,0,48,2
T2,1,0,115,2
T3,2,0,84,2
T4,3,0,192,37
T5,4,0,75,2
T6,5,0,38,2
T7,6,1,192,6
T8,7,0,92,21
T9,8,0,200,7
[272]
T1,0,0,65,13
T2,1,1,195,5
T3,2,1,195,9
T4,3,1,104,6
T5,4,0,126,1
T6,5,1,26,2
T7,6,1,41,1
T8,7,1,125,9
T9,8,1,200,10
[273]
T1,0,0,136,11
T2,1,0,32,4
T3,2,0,160,1
T4,3,1,100,9
T5,4,0,200,3
T6,5,1,156,11
T7,6,0,25,3
T8,7,1,96,5
T9,8,0,65,2
[274]
T1,0,1,196,2
T2,1,1,28,1
T3,2,0,105,3
T4,3,0,29,2
T5,4,0,140,4
T6,5,0,200,1
T7,6,1,70,14
T8,7,1,154,20
T9,8,0,105,10
[275]
T1,0,1,75,5
T2,1,0,51,2
T3,2,0,102,6
T4,3,1,192,5
T5,4,0,50,4
T6,5,0,165,50
T7,6,1,110,2
T8,7,0,64,2
T9,8,1,200,2
[276]
T1,0,1,200,3
T2,1,0,63,1
T3,2,1,38,8
T4,3,0,50,3
T5,4,1,160,3
T6,5,1,195,10
T7,6,1,96,3
T8,7,0,72,2
T9,8,1,56,6
[277]
T1,0,0,70,4
T2,1,0,70,2
T3,2,0,152,11
T4,3,0,49,5
T5,4,0,30,2
T6,5,1,105,2
T7,6,0,200,28
T8,7,0,189,12
T9,8,1,135,3
[278]
T1,0,0,42,2
T2,1,0,60,2
T3,2,0,84,4
T4,3,1,200,3
T5,4,1,110,9
T6,5,1,150,16
T7,6,1,198,8
T8,7,0,49,12
T9,8,0,88,3
[279]
T1,0,0,156,11
T2,1,0,75,2
T3,2,0,64,2
T4,3,0,200,2
T5,4,1,182,21
T6,5,0,21,3
T7,6,1,96,7
T8,7,0,130,2
T9,8,0,24,3
[280]
T1,0,0,58,4
T2,1,1,174,3
T3,2,0,29,5
T4,3,0,54,3
T5,4,1,174,2
T6,5,1,87,1
T7,6,1,90,2
T8,7,1,25,2
T9,8,0,200,45
[281]
T1,0,0,30,2
T2,1,0,180,24
T3,2,0,200,2
T4,3,0,80,1
T5,4,1,102,11
T6,5,0,162,17
T7,6,0,100,3
T8,7,0,28,1
T9,8,1,54,1
[282]
T1,0,1,154,18
T2,1,0,90,2
T3,2,0,56,2
T4,3,1,144,4
T5,4,0,21,2
T6,5,0,88,5
T7,6,1,168,1
T8,7,0,200,24
T9,8,0,38,7
[283]
T1,0,1,196,24
T2,1,1,147,9
T3,2,1,47,1
T4,3,1,20,1
T5,4,1,196,15
T6,5,1,200,7
T7,6,0,96,4
T8,7,0,75,7
T9,8,1,70,2
[284]
T1,0,0,60,5
T2,1,0,153,15
T3,2,1,28,3
T4,3,1,20,2
T5,4,1,200,29
T6,5,1,150,10
T7,6,0,120,2
T8,7,1,60,1
T9,8,1,56,2
[285]
T1,0,0,124,10
T2,1,1,72,2
T3,2,1,93,1
T4,3,1,175,17
T5,4,0,126,20
T6,5,0,20,1
T7,6,1,36,2
T8,7,1,200,11
T9,8,0,186,15
[286]
T1,0,1,200,7
T2,1,0,198,8
T3,2,1,126,1
T4,3,0,140,9
T5,4,0,80,3
T6,5,0,165,5
T7,6,1,144,31
T8,7,0,44,2
T9,8,1,30,3
[287]
T1,0,1,66,5
T2,1,1,170,23
T3,2,1,52,2
T4,3,1,150,1
T5,4,1,80,21
T6,5,1,144,7
T7,6,1,22,2
T8,7,1,200,3
T9,8,1,85,2
[288]
T1,0,1,150,14
T2,1,1,176,18
T3,2,0,120,13
T4,3,1,200,6
T5,4,0,42,2
T6,5,1,132,7
T7,6,0,20,2
T8,7,0,96,8
T9,8,0,120,5
[289]
T1,0,1,200,2
T2,1,1,47,8
T3,2,1,153,9
T4,3,1,68,4
T5,4,0,135,1
T6,5,0,170,6
T7,6,1,60,8
T8,7,0,35,3
T9,8,0,72,2
[290]
T1,0,0,60,2
T2,1,1,160,12
T3,2,0,23,2
T4,3,1,88,4
T5,4,0,44,2
T6,5,1,200,21
T7,6,0,96,12
T8,7,1,96,3
T9,8,1,180,3
[291]
T1,0,1,150,8
T2,1,0,54,4
T3,2,1,189,2
T4,3,1,22,2
T5,4,0,200,54
T6,5,0,36,2
T7,6,1,75,3
T8,7,1,102,7
T9,8,0,102,2
[292]
T1,0,0,175,15
T2,1,1,128,7
T3,2,0,24,3
T4,3,1,100,2
T5,4,1,84,2
T6,5,1,160,20
T7,6,0,200,12
T8,7,1,135,1
T9,8,0,50,2
[293]
T1,0,1,180,1
T2,1,1,63,8
T3,2,0,200,6
T4,3,1,80,1
T5,4,0,25,5
T6,5,0,46,2
T7,6,1,105,7
T8,7,1,115,14
T9,8,1,168,2
[294]
T1,0,1,190,46
T2,1,1,84,3
T3,2,0,152,8
T4,3,1,57,4
T5,4,0,72,3
T6,5,0,27,2
T7,6,0,200,4
T8,7,0,84,2
T9,8,1,27,2
[295]
T1,0,1,90,2
T2,1,0,37,8
T3,2,0,135,19
T4,3,1,160,2
T5,4,0,192,20
T6,5,0,136,2
T7,6,0,90,3
T8,7,1,200,3
T9,8,1,45,1
[296]
T1,0,0,126,16
T2,1,0,75,2
T3,2,1,26,2
T4,3,1,30,3
T5,4,0,180,4
T6,5,1,96,1
T7,6,0,84,12
T8,7,1,160,21
T9,8,0,200,3
[297]
T1,0,0,200,21
T2,1,0,33,2
T3,2,0,60,7
T4,3,1,45,2
T5,4,1,70,4
T6,5,0,189,15
T7,6,1,75,3
T8,7,1,189,14
T9,8,0,132,2
[298]
T1,0,0,97,2
T2,1,0,35,9
T3,2,0,150,1
T4,3,0,200,2
T5,4,0,84,10
T6,5,0,36,2
T7,6,0,175,1
T8,7,0,112,14
T9,8,0,120,1
[299]
T1,0,1,125,10
T2,1,0,38,2
T3,2,1,49,2
T4,3,1,150,15
T5,4,0,56,2
T6,5,0,120,18
T7,6,1,63,7
T8,7,1,200,9
T9,8,0,150,2
[300]
T1,0,0,56,1
T2,1,1,21,2
T3,2,0,112,3
T4,3,0,150,9
T5,4,0,200,7
T6,5,1,23,2
T7,6,0,156,2
T8,7,1,63,11
T9,8,1,56,2
[301]
T1,0,1,52,5
T2,1,1,100,2
T3,2,0,124,6
T4,3,1,200,27
T5,4,1,155,20
T6,5,0,156,3
T7,6,1,25,1
T8,7,1,93,2
T9,8,1,96,6
[302]
T1,0,1,200,6
T2,1,1,52,2
T3,2,0,154,13
T4,3,1,75,15
T5,4,1,75,2
T6,5,1,50,2
T7,6,0,180,20
T8,7,0,88,4
T9,8,0,84,2
[303]
T1,0,0,75,1
T2,1,0,80,6
T3,2,1,168,2
T4,3,0,46,2
T5,4,1,75,20
T6,5,0,75,8
T7,6,1,32,1
T8,7,1,175,6
T9,8,1,200,7
[304]
T1,0,1,175,19
T2,1,0,33,1
T3,2,0,117,14
T4,3,0,135,2
T5,4,0,104,9
T6,5,1,182,14
T7,6,1,200,16
T8,7,0,48,2
T9,8,0,144,2
[305]
T1,0,1,95,2
T2,1,0,152,2
T3,2,0,76,2
T4,3,1,49,4
T5,4,1,25,5
T6,5,1,171,5
T7,6,0,200,10
T8,7,0,105,8
T9,8,1,112,9
[306]
T1,0,1,168,10
T2,1,0,96,4
T3,2,1,22,2
T4,3,0,200,10
T5,4,1,70,1
T6,5,1,24,2
T7,6,1,112,20
T8,7,1,165,13
T9,8,0,100,9
[307]
T1,0,1,200,37
T2,1,1,72,2
T3,2,1,40,2
T4,3,1,189,23
T5,4,0,63,1
T6,5,1,140,5
T7,6,1,77,5
T8,7,1,176,14
T9,8,1,33,1
[308]
T1,0,0,126,5
T2,1,1,36,3
T3,2,0,42,7
T4,3,1,160,3
T5,4,0,84,3
T6,5,0,200,13
T7,6,1,60,2
T8,7,1,90,12
T9,8,1,150,2
[309]
T1,0,0,171,2
T2,1,0,21,2
T3,2,0,180,39
T4,3,1,76,2
T5,4,1,126,4
T6,5,0,30,1
T7,6,0,72,3
T8,7,1,126,7
T9,8,1,200,10
[310]
T1,0,1,30,2
T2,1,1,114,17
T3,2,0,88,2
T4,3,1,200,16
T5,4,0,88,13
T6,5,0,44,4
T7,6,1,190,4
T8,7,0,152,6
T9,8,0,75,2
[311]
T1,0,1,144,7
T2,1,1,195,19
T3,2,1,34,7
T4,3,1,144,1
T5,4,1,72,4
T6,5,0,112,2
T7,6,0,39,2
T8,7,0,150,4
T9,8,0,200,8
[312]
T1,0,0,55,2
T2,1,0,121,8
T3,2,0,176,7
T4,3,0,200,27
T5,4,1,112,3
T6,5,0,40,9
T7,6,0,154,2
T8,7,0,50,2
T9,8,0,77,2
[313]
T1,0,0,33,2
T2,1,0,98,8
T3,2,0,184,8
T4,3,1,56,1
T5,4,1,200,31
T6,5,1,49,1
T7,6,0,92,9
T8,7,0,92,6
T9,8,0,147,10
[314]
T1,0,0,55,8
T2,1,0,112,12
T3,2,0,56,1
T4,3,1,132,2
T5,4,1,200,9
T6,5,0,196,8
T7,6,1,30,1
T8,7,0,21,1
T9,8,1,165,14
[315]
T1,0,0,140,8
T2,1,1,112,16
T3,2,0,23,2
T4,3,0,45,2
T5,4,1,105,8
T6,5,1,182,6
T7,6,0,200,2
T8,7,1,126,21
T9,8,1,189,5
[316]
T1,0,0,20,2
T2,1,1,72,2
T3,2,1,200,39
T4,3,1,150,8
T5,4,1,31,2
T6,5,0,135,8
T7,6,1,84,7
T8,7,0,99,6
T9,8,0,175,4
[317]
T1,0,1,68,2
T2,1,1,200,6
T3,2,1,187,6
T4,3,0,90,8
T5,4,0,36,1
T6,5,1,25,1
T7,6,0,55,7
T8,7,1,68,6
T9,8,0,165,18
[318]
T1,0,1,68,4
T2,1,1,126,18
T3,2,0,36,2
T4,3,1,168,3
T5,4,0,150,13
T6,5,1,120,3
T7,6,0,24,1
T8,7,1,120,13
T9,8,1,200,10
[319]
T1,0,0,200,20
T2,1,1,192,3
T3,2,0,27,2
T4,3,1,80,6
T5,4,1,31,1
T6,5,1,85,7
T7,6,1,102,3
T8,7,1,170,8
T9,8,0,100,5
[320]
T1,0,1,72,3
T2,1,1,49,5
T3,2,0,200,45
T4,3,0,196,3
T5,4,1,35,1
T6,5,1,98,2
T7,6,1,105,3
T8,7,1,63,1
T9,8,0,168,11
[321]
T1,0,1,150,20
T2,1,1,200,33
T3,2,1,64,3
T4,3,0,57,3
T5,4,1,112,2
T6,5,0,44,2
T7,6,1,190,2
T8,7,0,50,4
T9,8,1,75,2
[322]
T1,0,1,132,2
T2,1,1,55,1
T3,2,1,50,4
T4,3,0,55,2
T5,4,0,129,12
T6,5,0,165,2
T7,6,1,200,21
T8,7,0,36,2
T9,8,1,180,39
[323]
T1,0,1,54,2
T2,1,1,186,6
T3,2,1,130,15
T4,3,0,96,4
T5,4,0,65,3
T6,5,1,160,2
T7,6,0,96,2
T8,7,0,26,3
T9,8,1,200,39
[324]
T1,0,1,42,1
T2,1,1,200,20
T3,2,1,85,1
T4,3,1,72,15
T5,4,0,75,10
T6,5,0,180,3
T7,6,1,20,2
T8,7,0,99,6
T9,8,0,170,2
[325]
T1,0,0,74,2
T2,1,1,175,3
T3,2,1,56,2
T4,3,1,31,1
T5,4,1,74,2
T6,5,1,40,6
T7,6,0,100,4
T8,7,0,200,1
T9,8,1,170,45
[326]
T1,0,1,175,11
T2,1,0,85,2
T3,2,0,192,7
T4,3,1,200,7
T5,4,1,50,1
T6,5,1,53,4
T7,6,1,120,25
T8,7,1,136,3
T9,8,0,100,9
[327]
T1,0,0,70,4
T2,1,0,200,9
T3,2,0,25,1
T4,3,0,144,8
T5,4,0,72,4
T6,5,0,153,7
T7,6,1,126,31
T8,7,0,29,2
T9,8,0,175,2
[328]
T1,0,1,50,2
T2,1,0,175,6
T3,2,0,200,8
T4,3,0,100,3
T5,4,1,62,2
T6,5,0,133,13
T7,6,1,27,2
T8,7,0,95,2
T9,8,0,155,36
[329]
T1,0,0,182,2
T2,1,0,120,4
T3,2,1,96,3
T4,3,0,26,2
T5,4,0,35,1
T6,5,1,156,20
T7,6,1,130,29
T8,7,1,105,4
T9,8,1,200,13
[330]
T1,0,1,133,11
T2,1,0,133,3
T3,2,0,95,16
T4,3,0,63,1
T5,4,1,152,4
T6,5,1,200,18
T7,6,1,21,1
T8,7,0,37,2
T9,8,0,168,1
[331]
T1,0,0,51,1
T2,1,1,195,6
T3,2,0,60,10
T4,3,0,200,7
T5,4,1,21,1
T6,5,0,68,2
T7,6,0,180,15
T8,7,1,85,5
T9,8,0,68,4
[332]
T1,0,0,130,12
T2,1,0,70,2
T3,2,1,31,2
T4,3,0,105,2
T5,4,1,48,3
T6,5,1,160,19
T7,6,1,64,5
T8,7,1,168,26
T9,8,1,200,4
[333]
T1,0,0,160,2
T2,1,1,20,2
T3,2,1,104,3
T4,3,0,200,6
T5,4,1,91,4
T6,5,0,195,4
T7,6,0,80,4
T8,7,1,128,2
T9,8,0,24,6
[334]
T1,0,0,135,12
T2,1,1,200,28
T3,2,1,180,7
T4,3,1,120,2
T5,4,1,128,7
T6,5,1,33,4
T7,6,1,192,12
T8,7,1,20,2
T9,8,1,70,1
[335]
T1,0,1,200,29
T2,1,1,192,8
T3,2,0,24,2
T4,3,0,34,3
T5,4,0,105,15
T6,5,0,105,7
T7,6,0,105,2
T8,7,1,80,2
T9,8,1,192,2
[336]
T1,0,1,53,9
T2,1,1,180,5
T3,2,0,200,4
T4,3,0,80,3
T5,4,0,90,3
T6,5,1,40,2
T7,6,0,155,16
T8,7,1,100,2
T9,8,0,93,8
[337]
T1,0,1,111,9
T2,1,1,135,3
T3,2,0,37,4
T4,3,0,200,7
T5,4,1,148,5
T6,5,0,100,2
T7,6,1,50,4
T8,7,0,160,2
T9,8,0,108,17
[338]
T1,0,1,130,13
T2,1,1,200,20
T3,2,0,82,5
T4,3,0,156,5
T5,4,0,43,1
T6,5,1,41,2
T7,6,1,150,29
T8,7,1,120,1
T9,8,1,78,2
[339]
T1,0,1,63,3
T2,1,0,71,1
T3,2,0,45,8
T4,3,1,126,13
T5,4,1,175,11
T6,5,1,120,2
T7,6,0,200,2
T8,7,1,35,1
T9,8,0,168,16
[340]
T1,0,0,100,9
T2,1,1,180,9
T3,2,0,33,3
T4,3,1,77,6
T5,4,0,200,2
T6,5,1,126,3
T7,6,0,150,16
T8,7,0,125,7
T9,8,1,27,1
[341]
T1,0,1,132,13
T2,1,0,31,2
T3,2,0,84,6
T4,3,1,200,9
T5,4,1,84,5
T6,5,1,54,2
T7,6,1,180,3
T8,7,1,168,29
T9,8,0,30,2
[342]
T1,0,0,180,18
T2,1,0,75,1
T3,2,0,40,2
T4,3,0,36,4
T5,4,1,115,2
T6,5,0,56,1
T7,6,1,80,7
T8,7,0,200,7
T9,8,0,180,22
[343]
T1,0,1,27,2
T2,1,1,45,1
T3,2,1,195,18
T4,3,0,140,14
T5,4,0,130,2
T6,5,1,200,9
T7,6,0,120,6
T8,7,1,105,2
T9,8,1,180,25
[344]
T1,0,1,48,5
T2,1,0,132,5
T3,2,0,200,13
T4,3,0,198,2
T5,4,1,72,9
T6,5,0,100,1
T7,6,1,184,8
T8,7,1,20,1
T9,8,1,75,8
[345]
T1,0,0,156,3
T2,1,1,72,11
T3,2,1,104,1
T4,3,1,40,2
T5,4,0,162,13
T6,5,1,78,2
T7,6,1,200,1
T8,7,1,78,11
T9,8,0,26,3
[346]
T1,0,0,30,2
T2,1,1,76,5
T3,2,1,56,5
T4,3,1,75,14
T5,4,1,90,7
T6,5,1,25,1
T7,6,0,168,10
T8,7,0,200,3
T9,8,0,168,8
[347]
T1,0,1,38,2
T2,1,0,200,21
T3,2,1,40,1
T4,3,0,84,8
T5,4,0,190,8
T6,5,0,133,6
T7,6,0,114,9
T8,7,1,160,2
T9,8,1,64,9
[348]
T1,0,0,110,7
T2,1,0,180,3
T3,2,1,47,2
T4,3,0,40,2
T5,4,0,150,20
T6,5,0,70,8
T7,6,1,120,4
T8,7,1,135,7
T9,8,0,200,28
[349]
T1,0,1,195,2
T2,1,0,125,2
T3,2,0,88,2
T4,3,1,44,1
T5,4,0,156,9
T6,5,1,130,2
T7,6,1,200,36
T8,7,0,39,3
T9,8,0,60,9
[350]
T1,0,1,26,2
T2,1,1,156,27
T3,2,0,65,11
T4,3,1,182,2
T5,4,1,70,1
T6,5,1,31,2
T7,6,0,200,1
T8,7,1,143,10
T9,8,1,105,1
[351]
T1,0,1,160,7
T2,1,0,200,32
T3,2,0,32,2
T4,3,0,99,2
T5,4,0,160,9
T6,5,1,126,2
T7,6,0,66,3
T8,7,1,72,9
T9,8,0,43,1
[352]
T1,0,0,84,3
T2,1,0,112,6
T3,2,0,24,2
T4,3,1,177,22
T5,4,0,29,2
T6,5,1,200,10
T7,6,1,84,5
T8,7,0,160,10
T9,8,1,75,13
[353]
T1,0,0,200,12
T2,1,1,144,16
T3,2,1,126,4
T4,3,1,100,5
T5,4,0,40,1
T6,5,1,95,2
T7,6,0,168,31
T8,7,1,171,6
T9,8,1,36,1
[354]
T1,0,0,84,2
T2,1,1,63,3
T3,2,0,26,2
T4,3,1,150,1
T5,4,0,180,8
T6,5,1,200,4
T7,6,0,135,39
T8,7,1,63,7
T9,8,1,27,2
[355]
T1,0,1,47,10
T2,1,0,36,2
T3,2,1,99,4
T4,3,1,200,2
T5,4,1,180,15
T6,5,1,54,1
T7,6,1,195,6
T8,7,1,108,7
T9,8,0,130,2
[356]
T1,0,0,41,2
T2,1,0,28,2
T3,2,1,132,2
T4,3,0,200,52
T5,4,1,120,3
T6,5,1,66,7
T7,6,1,154,12
T8,7,1,176,1
T9,8,1,66,4
[357]
T1,0,1,126,22
T2,1,0,126,11
T3,2,1,175,2
T4,3,1,200,2
T5,4,1,20,2
T6,5,1,31,2
T7,6,0,165,15
T8,7,1,80,6
T9,8,0,77,2
[358]
T1,0,1,102,24
T2,1,0,200,10
T3,2,1,154,4
T4,3,1,75,1
T5,4,0,88,5
T6,5,0,187,4
T7,6,1,53,1
T8,7,1,84,8
T9,8,0,34,1
[359]
T1,0,1,88,24
T2,1,1,43,2
T3,2,0,110,2
T4,3,1,110,10
T5,4,1,75,4
T6,5,0,176,6
T7,6,0,153,2
T8,7,1,36,1
T9,8,1,200,4
[360]
T1,0,0,31,6
T2,1,0,100,1
T3,2,1,195,22
T4,3,1,195,9
T5,4,1,200,9
T6,5,0,80,2
T7,6,0,78,5
T8,7,1,60,2
T9,8,1,43,3
[361]
T1,0,0,69,8
T2,1,1,69,2
T3,2,0,75,3
T4,3,1,195,1
T5,4,1,51,9
T6,5,1,125,10
T7,6,1,184,6
T8,7,0,200,20
T9,8,0,40,2
[362]
T1,0,1,52,1
T2,1,0,91,17
T3,2,1,200,6
T4,3,1,160,11
T5,4,0,150,18
T6,5,1,30,2
T7,6,0,70,5
T8,7,0,126,3
T9,8,1,80,1
[363]
T1,0,0,33,5
T2,1,1,180,10
T3,2,0,190,3
T4,3,1,42,4
T5,4,1,54,2
T6,5,1,200,12
T7,6,0,90,2
T8,7,1,133,5
T9,8,0,114,6
[364]
T1,0,1,52,3
T2,1,1,175,19
T3,2,1,100,10
T4,3,0,200,2
T5,4,1,175,7
T6,5,1,90,13
T7,6,0,48,2
T8,7,0,72,6
T9,8,1,117,2
[365]
T1,0,1,64,5
T2,1,1,32,2
T3,2,1,75,4
T4,3,0,200,32
T5,4,0,80,3
T6,5,0,36,1
T7,6,0,171,6
T8,7,0,95,5
T9,8,1,160,19
[366]
T1,0,0,200,4
T2,1,0,144,7
T3,2,0,132,25
T4,3,0,150,5
T5,4,1,125,12
T6,5,1,24,2
T7,6,1,180,8
T8,7,0,110,1
T9,8,0,53,2
[367]
T1,0,1,49,2
T2,1,1,150,2
T3,2,0,200,27
T4,3,1,75,3
T5,4,0,66,5
T6,5,0,100,9
T7,6,1,50,2
T8,7,0,175,6
T9,8,1,55,9
[368]
T1,0,0,180,11
T2,1,0,175,9
T3,2,1,56,4
T4,3,1,60,2
T5,4,1,84,13
T6,5,0,38,2
T7,6,0,45,5
T8,7,1,200,2
T9,8,0,132,6
[369]
T1,0,1,200,1
T2,1,1,180,7
T3,2,1,140,3
T4,3,0,150,2
T5,4,0,140,34
T6,5,0,130,7
T7,6,1,42,4
T8,7,0,112,2
T9,8,0,48,4
[370]
T1,0,1,66,1
T2,1,0,55,2
T3,2,0,25,1
T4,3,0,100,2
T5,4,1,43,2
T6,5,1,100,4
T7,6,0,185,34
T8,7,0,180,9
T9,8,1,200,22
[371]
T1,0,0,120,12
T2,1,1,200,14
T3,2,1,120,3
T4,3,1,180,21
T5,4,0,78,5
T6,5,1,22,1
T7,6,0,180,4
T8,7,0,25,2
T9,8,0,108,11
[372]
T1,0,1,54,2
T2,1,1,200,2
T3,2,0,75,9
T4,3,0,126,22
T5,4,1,189,3
T6,5,0,100,10
T7,6,1,171,6
T8,7,0,29,2
T9,8,0,95,6
[373]
T1,0,0,66,11
T2,1,1,120,13
T3,2,0,198,3
T4,3,1,33,1
T5,4,0,102,2
T6,5,1,136,16
T7,6,0,200,6
T8,7,0,176,2
T9,8,1,52,2
[374]
T1,0,1,46,5
T2,1,1,60,13
T3,2,1,112,1
T4,3,1,195,3
T5,4,0,45,1
T6,5,0,78,2
T7,6,1,60,5
T8,7,1,150,12
T9,8,0,200,1
[375]
T1,0,0,150,15
T2,1,0,26,3
T3,2,1,200,3
T4,3,0,72,2
T5,4,1,126,4
T6,5,0,189,9
T7,6,0,46,1
T8,7,0,138,22
T9,8,1,63,2
[376]
T1,0,1,50,2
T2,1,1,200,11
T3,2,0,70,14
T4,3,0,96,6
T5,4,0,195,9
T6,5,1,128,5
T7,6,1,182,3
T8,7,1,21,2
T9,8,0,140,18
[377]
T1,0,0,48,3
T2,1,1,200,3
T3,2,1,196,39
T4,3,0,104,10
T5,4,1,130,2
T6,5,1,84,5
T7,6,0,175,6
T8,7,0,120,2
T9,8,1,45,4
[378]
T1,0,0,39,1
T2,1,1,104,6
T3,2,0,200,48
T4,3,1,182,1
T5,4,1,47,2
T6,5,1,91,5
T7,6,0,84,2
T8,7,1,75,1
T9,8,1,192,21
[379]
T1,0,0,180,11
T2,1,1,120,9
T3,2,1,182,3
T4,3,0,126,2
T5,4,1,144,3
T6,5,1,30,2
T7,6,1,25,1
T8,7,0,200,1
T9,8,1,84,23
[380]
T1,0,0,200,2
T2,1,1,55,6
T3,2,0,55,1
T4,3,1,175,25
T5,4,1,84,14
T6,5,1,168,8
T7,6,0,110,1
T8,7,0,44,2
T9,8,1,24,1
[381]
T1,0,1,150,2
T2,1,1,160,12
T3,2,0,22,2
T4,3,1,120,9
T5,4,0,93,10
T6,5,0,200,3
T7,6,0,100,19
T8,7,1,93,1
T9,8,0,44,3
[382]
T1,0,1,44,1
T2,1,0,160,7
T3,2,0,200,7
T4,3,1,133,2
T5,4,1,100,4
T6,5,1,60,2
T7,6,0,75,4
T8,7,0,48,15
T9,8,1,150,2
[383]
T1,0,1,200,5
T2,1,0,38,2
T3,2,0,120,2
T4,3,0,180,22
T5,4,1,180,9
T6,5,1,70,22
T7,6,0,92,1
T8,7,0,90,1
T9,8,0,30,2
[384]
T1,0,0,75,10
T2,1,0,200,17
T3,2,1,54,4
T4,3,0,45,1
T5,4,1,180,3
T6,5,0,189,2
T7,6,1,55,2
T8,7,0,105,23
T9,8,1,21,2
[385]
T1,0,1,32,1
T2,1,0,198,13
T3,2,0,200,2
T4,3,0,55,5
T5,4,1,165,4
T6,5,1,110,13
T7,6,0,126,8
T8,7,0,56,5
T9,8,1,32,2
[386]
T1,0,0,30,2
T2,1,0,115,8
T3,2,0,161,4
T4,3,1,184,5
T5,4,0,32,2
T6,5,0,200,6
T7,6,1,56,5
T8,7,1,125,4
T9,8,0,100,17
[387]
T1,0,0,176,3
T2,1,1,196,10
T3,2,1,70,12
T4,3,0,56,4
T5,4,0,112,9
T6,5,1,84,1
T7,6,1,200,1
T8,7,1,53,7
T9,8,1,35,2
[388]
T1,0,0,135,14
T2,1,1,48,5
T3,2,0,200,11
T4,3,0,156,7
T5,4,1,48,2
T6,5,1,117,2
T7,6,0,168,6
T8,7,1,63,1
T9,8,0,108,19
[389]
T1,0,1,200,2
T2,1,0,32,3
T3,2,0,76,5
T4,3,0,41,2
T5,4,1,150,35
T6,5,0,60,5
T7,6,0,60,2
T8,7,0,126,2
T9,8,0,168,2
[390]
T1,0,1,64,1
T2,1,0,40,2
T3,2,0,62,4
T4,3,0,124,16
T5,4,0,155,16
T6,5,1,96,7
T7,6,0,200,19
T8,7,0,29,2
T9,8,0,160,3
[391]
T1,0,1,90,2
T2,1,1,200,1
T3,2,0,75,11
T4,3,0,162,2
T5,4,1,28,3
T6,5,0,180,6
T7,6,1,60,5
T8,7,1,27,1
T9,8,0,125,8
[392]
T1,0,0,72,3
T2,1,0,56,2
T3,2,0,200,1
T4,3,0,72,20
T5,4,0,61,1
T6,5,1,35,2
T7,6,0,175,5
T8,7,0,180,4
T9,8,1,25,2
[393]
T1,0,1,99,2
T2,1,1,200,13
T3,2,0,198,17
T4,3,1,140,30
T5,4,1,135,1
T6,5,0,28,1
T7,6,1,112,2
T8,7,1,189,7
T9,8,0,23,2
[394]
T1,0,0,180,12
T2,1,0,90,7
T3,2,0,66,5
T4,3,0,36,2
T5,4,0,187,2
T6,5,0,200,34
T7,6,1,99,5
T8,7,0,31,2
T9,8,0,132,4
[395]
T1,0,1,72,3
T2,1,0,45,1
T3,2,0,200,19
T4,3,1,171,11
T5,4,1,152,6
T6,5,1,88,6
T7,6,1,60,3
T8,7,1,120,6
T9,8,0,44,5
[396]
T1,0,0,135,8
T2,1,1,45,4
T3,2,1,180,7
T4,3,1,200,15
T5,4,1,176,1
T6,5,1,140,10
T7,6,1,105,9
T8,7,1,90,6
T9,8,1,33,2
[397]
T1,0,1,160,1
T2,1,0,95,2
T3,2,1,85,1
T4,3,0,85,5
T5,4,1,85,2
T6,5,1,200,29
T7,6,0,30,2
T8,7,1,23,2
T9,8,1,150,19
[398]
T1,0,1,63,2
T2,1,1,200,67
T3,2,0,70,2
T4,3,0,56,1
T5,4,0,74,2
T6,5,0,150,21
T7,6,0,23,2
T8,7,0,150,6
T9,8,1,35,2
[399]
T1,0,1,200,5
T2,1,0,46,3
T3,2,1,80,20
T4,3,0,160,5
T5,4,0,86,1
T6,5,1,96,7
T7,6,0,160,13
T8,7,1,45,1
T9,8,1,86,2
[400]
T1,0,1,24,2
T2,1,0,190,7
T3,2,0,144,6
T4,3,1,152,9
T5,4,0,35,1
T6,5,1,76,9
T7,6,0,76,15
T8,7,0,100,2
T9,8,0,200,14
[401]
T1,0,1,102,9
T2,1,1,180,1
T3,2,0,34,2
T4,3,1,153,3
T5,4,0,136,29
T6,5,0,21,1
T7,6,1,88,2
T8,7,1,60,5
T9,8,0,200,15
[402]
T1,0,0,136,11
T2,1,0,100,2
T3,2,1,200,1
T4,3,0,68,5
T5,4,0,195,6
T6,5,0,60,1
T7,6,1,38,4
T8,7,0,156,23
T9,8,1,25,2
[403]
T1,0,1,132,13
T2,1,1,200,1
T3,2,0,31,1
T4,3,0,69,19
T5,4,1,198,13
T6,5,0,69,2
T7,6,0,69,3
T8,7,1,23,2
T9,8,0,176,4
[404]
T1,0,1,60,2
T2,1,0,180,10
T3,2,1,20,2
T4,3,0,70,7
T5,4,1,72,3
T6,5,0,184,5
T7,6,0,144,8
T8,7,0,200,45
T9,8,0,53,2
[405]
T1,0,1,78,7
T2,1,0,198,9
T3,2,1,200,1
T4,3,0,65,3
T5,4,1,198,22
T6,5,1,45,2
T7,6,1,55,9
T8,7,0,20,1
T9,8,0,104,5
[406]
T1,0,1,180,2
T2,1,0,69,6
T3,2,0,115,4
T4,3,0,60,6
T5,4,0,156,13
T6,5,0,90,9
T7,6,0,37,2
T8,7,0,39,2
T9,8,1,200,12
[407]
T1,0,1,72,1
T2,1,0,72,2
T3,2,0,25,2
T4,3,0,80,1
T5,4,1,40,5
T6,5,1,200,50
T7,6,0,95,6
T8,7,0,150,2
T9,8,1,171,3
[408]
T1,0,1,43,2
T2,1,0,80,5
T3,2,0,72,23
T4,3,1,176,1
T5,4,1,126,4
T6,5,1,175,13
T7,6,0,200,10
T8,7,0,132,2
T9,8,1,24,2
[409]
T1,0,1,114,6
T2,1,0,55,2
T3,2,0,190,12
T4,3,0,200,2
T5,4,1,33,4
T6,5,1,160,11
T7,6,1,60,1
T8,7,0,23,2
T9,8,1,95,19
[410]
T1,0,0,81,1
T2,1,1,34,1
T3,2,0,100,18
T4,3,0,48,7
T5,4,1,72,4
T6,5,1,150,2
T7,6,0,128,1
T8,7,1,192,2
T9,8,0,200,23
[411]
T1,0,1,21,1
T2,1,1,200,23
T3,2,0,35,1
T4,3,0,63,13
T5,4,0,144,2
T6,5,0,130,7
T7,6,0,63,3
T8,7,0,180,2
T9,8,0,160,2
[412]
T1,0,0,126,6
T2,1,0,49,2
T3,2,1,200,13
T4,3,0,80,3
T5,4,1,135,17
T6,5,1,189,3
T7,6,1,84,17
T8,7,0,175,3
T9,8,1,45,1
[413]
T1,0,0,176,10
T2,1,1,148,17
T3,2,0,132,4
T4,3,1,24,2
T5,4,1,55,2
T6,5,0,132,2
T7,6,0,43,2
T8,7,1,74,10
T9,8,1,200,40
[414]
T1,0,0,154,2
T2,1,0,200,9
T3,2,0,42,5
T4,3,0,121,11
T5,4,1,33,2
T6,5,1,75,8
T7,6,1,75,2
T8,7,0,168,12
T9,8,0,75,6
[415]
T1,0,0,105,12
T2,1,0,52,4
T3,2,1,200,23
T4,3,1,192,8
T5,4,0,69,2
T6,5,0,21,3
T7,6,1,75,1
T8,7,1,92,2
T9,8,1,168,7
[416]
T1,0,1,130,10
T2,1,0,200,17
T3,2,1,23,2
T4,3,1,95,8
T5,4,0,36,3
T6,5,1,114,7
T7,6,0,104,2
T8,7,1,195,14
T9,8,0,180,19
[417]
T1,0,1,165,46
T2,1,1,187,6
T3,2,0,55,4
T4,3,0,85,2
T5,4,1,55,1
T6,5,1,40,2
T7,6,1,119,2
T8,7,1,200,11
T9,8,0,52,2
[418]
T1,0,0,175,21
T2,1,0,45,5
T3,2,0,84,7
T4,3,0,126,12
T5,4,0,40,2
T6,5,1,186,3
T7,6,0,200,5
T8,7,0,112,4
T9,8,1,140,7
[419]
T1,0,0,155,40
T2,1,1,37,2
T3,2,1,62,3
T4,3,0,150,2
T5,4,0,31,2
T6,5,0,105,9
T7,6,0,200,9
T8,7,1,144,1
T9,8,1,112,1
[420]
T1,0,0,38,3
T2,1,1,180,30
T3,2,0,200,4
T4,3,1,189,3
T5,4,1,100,7
T6,5,1,110,5
T7,6,0,22,2
T8,7,0,140,11
T9,8,0,72,4
[421]
T1,0,1,200,5
T2,1,0,88,2
T3,2,0,132,1
T4,3,0,96,20
T5,4,0,33,2
T6,5,0,195,30
T7,6,1,55,2
T8,7,0,156,18
T9,8,0,32,1
[422]
T1,0,0,112,1
T2,1,1,180,12
T3,2,0,72,2
T4,3,0,200,12
T5,4,1,33,2
T6,5,0,65,12
T7,6,1,75,9
T8,7,0,180,13
T9,8,1,52,2
[423]
T1,0,0,30,1
T2,1,0,189,13
T3,2,0,88,24
T4,3,0,135,2
T5,4,1,38,2
T6,5,0,144,8
T7,6,0,135,13
T8,7,1,200,4
T9,8,0,154,3
[424]
T1,0,0,105,5
T2,1,1,70,2
T3,2,0,42,2
T4,3,1,200,7
T5,4,1,112,4
T6,5,1,150,13
T7,6,0,66,15
T8,7,1,175,14
T9,8,0,43,2
[425]
T1,0,1,168,11
T2,1,1,120,6
T3,2,1,38,2
T4,3,1,90,2
T5,4,0,40,2
T6,5,0,189,6
T7,6,1,56,9
T8,7,1,200,25
T9,8,0,128,1
[426]
T1,0,1,156,1
T2,1,0,108,9
T3,2,1,35,3
T4,3,1,90,2
T5,4,0,200,19
T6,5,0,27,1
T7,6,1,55,6
T8,7,0,156,11
T9,8,0,117,6
[427]
T1,0,0,132,3
T2,1,0,168,2
T3,2,1,154,10
T4,3,0,43,2
T5,4,0,126,24
T6,5,1,140,11
T7,6,0,200,19
T8,7,1,88,5
T9,8,1,24,1
[428]
T1,0,0,38,2
T2,1,0,84,2
T3,2,0,24,1
T4,3,0,66,8
T5,4,1,147,13
T6,5,0,200,47
T7,6,0,168,1
T8,7,1,100,2
T9,8,1,168,1
[429]
T1,0,1,76,8
T2,1,0,56,1
T3,2,1,72,6
T4,3,1,200,7
T5,4,0,171,8
T6,5,0,35,4
T7,6,1,27,3
T8,7,0,152,3
T9,8,0,84,1
[430]
T1,0,0,25,1
T2,1,1,200,15
T3,2,0,150,14
T4,3,0,29,2
T5,4,0,95,1
T6,5,1,175,9
T7,6,1,100,19
T8,7,0,144,5
T9,8,1,120,5
[431]
T1,0,0,52,2
T2,1,0,182,4
T3,2,0,78,2
T4,3,0,195,2
T5,4,0,60,11
T6,5,0,53,14
T7,6,1,200,5
T8,7,0,75,1
T9,8,1,55,1
[432]
T1,0,0,160,6
T2,1,1,64,1
T3,2,0,200,31
T4,3,1,40,1
T5,4,0,42,2
T6,5,0,95,15
T7,6,1,104,2
T8,7,0,64,6
T9,8,1,160,8
[433]
T1,0,1,84,1
T2,1,1,200,14
T3,2,1,147,2
T4,3,0,150,3
T5,4,0,30,5
T6,5,1,75,1
T7,6,1,36,2
T8,7,0,162,8
T9,8,0,105,17
[434]
T1,0,1,200,6
T2,1,0,175,18
T3,2,1,180,12
T4,3,0,95,3
T5,4,0,70,3
T6,5,1,36,3
T7,6,0,95,4
T8,7,1,126,6
T9,8,0,40,5
[435]
T1,0,0,124,4
T2,1,0,124,2
T3,2,1,114,14
T4,3,0,22,2
T5,4,1,190,40
T6,5,1,200,11
T7,6,0,57,1
T8,7,1,150,1
T9,8,0,48,4
[436]
T1,0,1,150,2
T2,1,1,128,7
T3,2,1,200,45
T4,3,0,96,2
T5,4,0,36,4
T6,5,1,64,1
T7,6,1,65,1
T8,7,0,25,2
T9,8,0,192,20
[437]
T1,0,1,112,7
T2,1,1,24,3
T3,2,0,168,5
T4,3,1,160,18
T5,4,1,200,4
T6,5,0,34,2
T7,6,1,60,6
T8,7,0,123,2
T9,8,1,140,8
[438]
T1,0,0,100,6
T2,1,0,112,6
T3,2,1,50,4
T4,3,0,110,1
T5,4,0,192,5
T6,5,0,20,3
T7,6,0,200,10
T8,7,0,154,1
T9,8,0,105,9
[439]
T1,0,0,114,16
T2,1,1,76,1
T3,2,0,60,1
T4,3,1,200,8
T5,4,0,195,1
T6,5,1,39,2
T7,6,0,150,13
T8,7,0,41,3
T9,8,1,57,9
[440]
T1,0,1,34,1
T2,1,1,126,1
T3,2,0,189,4
T4,3,1,24,7
T5,4,0,60,3
T6,5,1,190,9
T7,6,0,84,2
T8,7,0,200,3
T9,8,1,126,9
[441]
T1,0,1,77,2
T2,1,0,78,1
T3,2,0,33,4
T4,3,0,70,13
T5,4,1,84,3
T6,5,1,150,2
T7,6,1,168,2
T8,7,1,50,3
T9,8,1,200,24
[442]
T1,0,0,180,2
T2,1,1,120,8
T3,2,0,29,2
T4,3,0,171,9
T5,4,0,87,1
T6,5,1,200,5
T7,6,1,72,1
T8,7,0,21,7
T9,8,1,87,3
[443]
T1,0,1,40,4
T2,1,0,81,14
T3,2,1,180,19
T4,3,0,78,2
T5,4,0,180,2
T6,5,1,120,12
T7,6,1,200,8
T8,7,0,54,1
T9,8,1,75,2
[444]
T1,0,0,160,1
T2,1,1,78,3
T3,2,0,200,5
T4,3,0,90,1
T5,4,0,150,25
T6,5,0,49,6
T7,6,1,108,2
T8,7,0,40,3
T9,8,1,135,10
[445]
T1,0,1,65,1
T2,1,1,39,1
T3,2,0,125,25
T4,3,1,200,19
T5,4,1,175,2
T6,5,0,43,2
T7,6,0,75,1
T8,7,0,91,1
T9,8,0,182,24
[446]
T1,0,0,60,4
T2,1,0,175,11
T3,2,0,200,11
T4,3,1,45,2
T5,4,0,70,12
T6,5,0,95,3
T7,6,0,171,24
T8,7,1,36,2
T9,8,0,114,2
[447]
T1,0,1,24,2
T2,1,1,60,2
T3,2,0,168,20
T4,3,0,65,7
T5,4,0,52,2
T6,5,1,132,11
T7,6,1,200,18
T8,7,1,165,7
T9,8,0,65,2
[448]
T1,0,0,45,3
T2,1,0,77,7
T3,2,1,168,4
T4,3,0,70,2
T5,4,1,56,2
T6,5,0,198,24
T7,6,1,200,26
T8,7,1,110,11
T9,8,0,40,2
[449]
T1,0,0,160,23
T2,1,1,75,10
T3,2,1,60,1
T4,3,0,200,22
T5,4,1,35,3
T6,5,0,90,2
T7,6,0,27,2
T8,7,0,148,2
T9,8,0,74,2
[450]
T1,0,1,175,2
T2,1,1,126,22
T3,2,1,30,2
T4,3,1,49,2
T5,4,1,200,3
T6,5,1,196,25
T7,6,1,100,10
T8,7,0,56,2
T9,8,0,84,5
[451]
T1,0,0,162,29
T2,1,1,200,6
T3,2,1,75,2
T4,3,1,160,34
T5,4,1,128,13
T6,5,0,20,1
T7,6,1,128,2
T8,7,0,43,2
T9,8,1,96,2
[452]
T1,0,1,112,3
T2,1,1,37,3
T3,2,0,189,28
T4,3,1,162,15
T5,4,0,27,2
T6,5,0,200,6
T7,6,0,100,10
T8,7,0,105,8
T9,8,1,105,2
[453]
T1,0,0,135,20
T2,1,1,200,31
T3,2,1,37,2
T4,3,0,45,1
T5,4,0,55,3
T6,5,0,176,5
T7,6,1,88,1
T8,7,1,189,12
T9,8,1,55,3
[454]
T1,0,1,28,1
T2,1,0,144,1
T3,2,1,36,2
T4,3,0,200,29
T5,4,1,140,21
T6,5,0,80,4
T7,6,0,175,6
T8,7,0,170,14
T9,8,0,60,3
[455]
T1,0,1,150,2
T2,1,0,28,5
T3,2,1,144,2
T4,3,1,195,6
T5,4,0,100,22
T6,5,1,105,3
T7,6,0,36,2
T8,7,1,200,2
T9,8,1,126,8
[456]
T1,0,1,200,15
T2,1,1,115,2
T3,2,1,45,4
T4,3,0,184,4
T5,4,1,80,5
T6,5,1,115,17
T7,6,0,20,2
T8,7,1,69,6
T9,8,0,165,10
[457]
T1,0,1,162,5
T2,1,1,144,1
T3,2,1,38,2
T4,3,1,200,28
T5,4,1,99,2
T6,5,0,81,1
T7,6,1,27,1
T8,7,1,198,46
T9,8,1,110,7
[458]
T1,0,1,132,3
T2,1,0,176,20
T3,2,0,52,2
T4,3,1,136,11
T5,4,0,102,6
T6,5,0,33,2
T7,6,1,165,2
T8,7,1,200,26
T9,8,1,102,17
[459]
T1,0,1,24,1
T2,1,1,200,8
T3,2,1,150,8
T4,3,1,133,4
T5,4,1,190,9
T6,5,0,70,2
T7,6,1,90,6
T8,7,0,80,19
T9,8,0,32,2
[460]
T1,0,0,25,2
T2,1,0,100,1
T3,2,1,76,7
T4,3,1,165,7
T5,4,0,154,8
T6,5,0,200,1
T7,6,0,23,2
T8,7,1,88,20
T9,8,1,76,9
[461]
T1,0,1,105,3
T2,1,0,176,7
T3,2,1,22,3
T4,3,1,42,2
T5,4,0,200,5
T6,5,1,88,9
T7,6,1,140,17
T8,7,1,140,2
T9,8,1,165,14
[462]
T1,0,1,38,4
T2,1,1,45,10
T3,2,0,190,15
T4,3,0,57,2
T5,4,0,147,12
T6,5,1,175,5
T7,6,1,76,1
T8,7,0,200,1
T9,8,1,57,2
[463]
T1,0,0,45,5
T2,1,1,120,2
T3,2,0,169,6
T4,3,1,195,5
T5,4,0,130,13
T6,5,0,200,13
T7,6,0,44,9
T8,7,0,78,2
T9,8,1,135,2
[464]
T1,0,0,147,7
T2,1,1,120,2
T3,2,0,63,6
T4,3,1,36,3
T5,4,0,96,10
T6,5,1,147,2
T7,6,0,72,10
T8,7,1,41,1
T9,8,0,200,12
[465]
T1,0,0,54,6
T2,1,1,27,2
T3,2,1,200,26
T4,3,0,100,4
T5,4,1,144,14
T6,5,0,120,1
T7,6,0,184,13
T8,7,0,29,2
T9,8,0,184,3
[466]
T1,0,1,88,2
T2,1,0,70,1
T3,2,0,154,1
T4,3,0,36,1
T5,4,1,120,20
T6,5,0,200,6
T7,6,0,28,3
T8,7,0,180,35
T9,8,0,147,2
[467]
T1,0,0,200,12
T2,1,0,175,29
T3,2,1,152,4
T4,3,1,84,1
T5,4,1,72,4
T6,5,0,21,1
T7,6,0,80,4
T8,7,0,38,2
T9,8,1,90,10
[468]
T1,0,0,150,4
T2,1,1,132,3
T3,2,1,54,5
T4,3,0,200,2
T5,4,0,120,10
T6,5,1,37,3
T7,6,1,195,2
T8,7,1,132,9
T9,8,1,33,6
[469]
T1,0,1,48,4
T2,1,1,75,1
T3,2,0,132,11
T4,3,1,31,1
T5,4,1,170,18
T6,5,0,165,1
T7,6,0,200,20
T8,7,1,55,2
T9,8,0,60,5
[470]
T1,0,0,80,2
T2,1,0,80,8
T3,2,1,200,22
T4,3,1,75,6
T5,4,1,35,3
T6,5,1,168,17
T7,6,0,44,1
T8,7,0,112,3
T9,8,0,160,1
[471]
T1,0,1,154,2
T2,1,1,105,6
T3,2,1,198,13
T4,3,1,31,4
T5,4,1,140,4
T6,5,0,40,4
T7,6,1,200,2
T8,7,0,108,14
T9,8,1,66,1
[472]
T1,0,0,70,3
T2,1,0,21,1
T3,2,1,100,21
T4,3,0,60,2
T5,4,1,42,3
T6,5,0,189,12
T7,6,1,165,13
T8,7,0,200,2
T9,8,1,105,2
[473]
T1,0,0,50,7
T2,1,1,192,16
T3,2,0,72,1
T4,3,1,75,2
T5,4,0,200,12
T6,5,1,165,14
T7,6,0,48,2
T8,7,1,108,5
T9,8,0,135,13
[474]
T1,0,1,102,2
T2,1,0,187,1
T3,2,1,136,24
T4,3,0,150,12
T5,4,0,120,7
T6,5,1,50,3
T7,6,1,66,1
T8,7,0,34,2
T9,8,1,200,21
[475]
T1,0,0,45,2
T2,1,1,150,39
T3,2,0,50,2
T4,3,0,78,2
T5,4,1,200,14
T6,5,1,130,6
T7,6,0,165,2
T8,7,1,66,12
T9,8,1,117,2
[476]
T1,0,1,36,2
T2,1,1,100,9
T3,2,1,154,2
T4,3,0,48,10
T5,4,0,200,28
T6,5,1,165,4
T7,6,0,56,2
T8,7,1,77,2
T9,8,0,125,2
[477]
T1,0,0,25,2
T2,1,1,84,6
T3,2,1,168,1
T4,3,0,36,6
T5,4,1,71,11
T6,5,1,200,15
T7,6,0,60,2
T8,7,1,56,1
T9,8,1,150,8
[478]
T1,0,0,132,6
T2,1,1,100,3
T3,2,0,200,9
T4,3,0,110,20
T5,4,0,36,2
T6,5,0,47,2
T7,6,1,88,15
T8,7,0,174,3
T9,8,1,180,5
[479]
T1,0,0,189,3
T2,1,1,112,1
T3,2,0,80,2
T4,3,0,75,3
T5,4,1,200,19
T6,5,0,176,1
T7,6,1,36,5
T8,7,0,77,5
T9,8,1,20,3
[480]
T1,0,0,200,5
T2,1,0,117,17
T3,2,0,96,3
T4,3,0,75,5
T5,4,1,160,14
T6,5,1,50,2
T7,6,1,50,2
T8,7,1,156,15
T9,8,1,63,5
[481]
T1,0,0,190,22
T2,1,0,175,18
T3,2,0,200,2
T4,3,0,114,7
T5,4,1,60,6
T6,5,1,96,1
T7,6,1,53,2
T8,7,0,50,5
T9,8,1,75,1
[482]
T1,0,0,22,1
T2,1,0,114,1
T3,2,1,120,6
T4,3,0,198,2
T5,4,1,200,54
T6,5,0,57,2
T7,6,0,190,9
T8,7,0,46,2
T9,8,1,132,9
[483]
T1,0,1,66,1
T2,1,1,49,6
T3,2,1,195,2
T4,3,0,56,6
T5,4,0,200,5
T6,5,1,150,9
T7,6,0,100,3
T8,7,1,52,3
T9,8,0,75,8
[484]
T1,0,0,75,2
T2,1,1,144,5
T3,2,1,36,1
T4,3,0,72,6
T5,4,1,177,5
T6,5,1,60,4
T7,6,0,39,1
T8,7,0,200,1
T9,8,0,177,45
[485]
T1,0,1,175,14
T2,1,1,168,3
T3,2,0,40,1
T4,3,0,200,6
T5,4,1,88,2
T6,5,1,76,12
T7,6,0,38,4
T8,7,1,88,5
T9,8,0,77,2
[486]
T1,0,1,105,1
T2,1,0,200,4
T3,2,1,25,2
T4,3,0,105,20
T5,4,1,112,1
T6,5,1,180,10
T7,6,1,136,2
T8,7,1,170,18
T9,8,1,47,3
[487]
T1,0,0,150,10
T2,1,0,174,7
T3,2,1,80,17
T4,3,1,20,2
T5,4,1,120,1
T6,5,0,126,4
T7,6,0,200,4
T8,7,1,80,9
T9,8,0,50,2
[488]
T1,0,1,200,25
T2,1,0,70,1
T3,2,1,77,2
T4,3,1,36,2
T5,4,1,176,15
T6,5,1,22,1
T7,6,0,165,2
T8,7,1,120,8
T9,8,0,75,10
[489]
T1,0,0,128,4
T2,1,1,147,29
T3,2,1,200,9
T4,3,1,44,5
T5,4,1,40,3
T6,5,1,56,2
T7,6,1,168,1
T8,7,1,196,5
T9,8,1,140,2
[490]
T1,0,1,40,1
T2,1,0,190,22
T3,2,0,114,3
T4,3,1,150,2
T5,4,1,100,6
T6,5,1,200,38
T7,6,1,125,13
T8,7,0,21,2
T9,8,1,105,3
[491]
T1,0,0,38,5
T2,1,0,77,12
T3,2,1,132,6
T4,3,0,154,9
T5,4,0,72,2
T6,5,1,189,3
T7,6,1,28,3
T8,7,0,110,2
T9,8,0,200,2
[492]
T1,0,0,168,9
T2,1,1,36,7
T3,2,1,80,7
T4,3,1,176,5
T5,4,0,120,9
T6,5,0,200,1
T7,6,0,63,2
T8,7,0,72,6
T9,8,1,53,2
[493]
T1,0,0,72,18
T2,1,1,182,3
T3,2,1,168,5
T4,3,1,42,2
T5,4,0,200,24
T6,5,0,65,2
T7,6,0,125,6
T8,7,1,70,1
T9,8,1,31,2
[494]
T1,0,0,180,2
T2,1,1,200,8
T3,2,1,48,1
T4,3,0,82,14
T5,4,1,192,2
T6,5,1,90,13
T7,6,0,123,1
T8,7,0,123,16
T9,8,1,45,1
[495]
T1,0,1,46,3
T2,1,0,154,6
T3,2,0,88,1
T4,3,1,72,14
T5,4,1,72,2
T6,5,0,100,2
T7,6,1,200,22
T8,7,1,20,1
T9,8,1,165,2
[496]
T1,0,1,126,13
T2,1,1,100,10
T3,2,1,148,7
T4,3,1,180,7
T5,4,1,32,3
T6,5,1,200,3
T7,6,1,42,2
T8,7,0,56,2
T9,8,1,120,12
[497]
T1,0,1,60,2
T2,1,0,102,4
T3,2,0,200,45
T4,3,1,153,16
T5,4,1,68,1
T6,5,1,38,1
T7,6,0,190,9
T8,7,1,60,3
T9,8,1,49,1
[498]
T1,0,1,200,16
T2,1,0,40,3
T3,2,0,27,2
T4,3,0,132,6
T5,4,1,72,3
T6,5,1,189,6
T7,6,0,189,19
T8,7,1,105,19
T9,8,0,66,2
[499]
T1,0,0,88,3
T2,1,1,66,2
T3,2,1,192,10
T4,3,0,160,16
T5,4,0,27,1
T6,5,1,200,2
T7,6,0,25,5
T8,7,0,80,8
T9,8,0,55,2
[500]
T1,0,0,23,1
T2,1,1,200,13
T3,2,1,80,3
T4,3,1,60,2
T5,4,1,75,2
T6,5,0,39,5
T7,6,1,60,12
T8,7,1,198,13
T9,8,0,176,3
