num_task_per_taskset=9
num_taskset=500
//ID,Priority,Offset,Period,Execution Time
[1]
T1,0,1,112,2
T2,1,0,200,4
T3,2,0,42,4
T4,3,0,60,4
T5,4,0,189,4
T6,5,1,63,6
T7,6,0,63,11
T8,7,0,26,2
T9,8,0,192,9
[2]
T1,0,1,200,6
T2,1,0,55,1
T3,2,1,75,2
T4,3,0,198,62
T5,4,1,68,7
T6,5,1,198,3
T7,6,0,75,3
T8,7,1,48,2
T9,8,1,44,5
[3]
T1,0,0,174,2
T2,1,1,200,31
T3,2,0,174,18
T4,3,1,100,10
T5,4,1,105,2
T6,5,1,34,6
T7,6,1,25,2
T8,7,0,64,2
T9,8,1,80,5
[4]
T1,0,0,200,40
T2,1,1,160,2
T3,2,1,44,14
T4,3,1,96,2
T5,4,1,90,1
T6,5,0,63,3
T7,6,0,90,4
T8,7,1,36,2
T9,8,1,162,2
[5]
T1,0,0,200,9
T2,1,0,35,1
T3,2,0,56,2
T4,3,1,148,7
T5,4,1,185,10
T6,5,0,33,1
T7,6,1,60,6
T8,7,1,112,14
T9,8,1,105,16
[6]
T1,0,1,36,12
T2,1,0,99,7
T3,2,1,189,4
T4,3,1,132,1
T5,4,0,55,2
T6,5,0,72,7
T7,6,0,200,2
T8,7,0,165,3
T9,8,1,36,2
[7]
T1,0,1,28,3
T2,1,0,170,10
T3,2,1,187,14
T4,3,0,22,1
T5,4,0,55,1
T6,5,1,200,15
T7,6,1,80,2
T8,7,0,72,7
T9,8,0,102,11
[8]
T1,0,0,32,4
T2,1,0,154,6
T3,2,1,80,3
T4,3,0,100,10
T5,4,1,200,59
T6,5,0,160,4
T7,6,1,28,2
T8,7,0,104,2
T9,8,0,110,1
[9]
T1,0,1,20,3
T2,1,1,56,4
T3,2,1,88,8
T4,3,0,200,4
T5,4,1,84,2
T6,5,1,175,22
T7,6,1,34,1
T8,7,1,192,13
T9,8,1,75,2
[10]
T1,0,0,128,2
T2,1,1,105,16
T3,2,0,105,14
T4,3,1,180,9
T5,4,0,30,2
T6,5,0,47,3
T7,6,1,200,25
T8,7,1,150,13
T9,8,1,135,3
[11]
T1,0,1,140,12
T2,1,1,180,31
T3,2,1,192,6
T4,3,0,200,19
T5,4,0,27,1
T6,5,1,72,1
T7,6,1,36,4
T8,7,0,144,4
T9,8,1,120,11
[12]
T1,0,0,182,20
T2,1,0,91,4
T3,2,0,65,2
T4,3,1,100,9
T5,4,0,200,25
T6,5,0,31,4
T7,6,0,150,7
T8,7,0,75,2
T9,8,1,42,4
[13]
T1,0,1,100,5
T2,1,1,36,2
T3,2,1,200,1
T4,3,0,68,1
T5,4,1,29,8
T6,5,1,176,11
T7,6,0,88,16
T8,7,0,176,3
T9,8,0,144,5
[14]
T1,0,0,125,12
T2,1,1,125,9
T3,2,1,150,8
T4,3,1,200,2
T5,4,1,42,2
T6,5,0,31,7
T7,6,1,114,16
T8,7,1,152,7
T9,8,1,140,1
[15]
T1,0,0,60,2
T2,1,0,48,2
T3,2,1,66,2
T4,3,0,176,2
T5,4,1,200,9
T6,5,0,56,1
T7,6,0,55,12
T8,7,0,20,5
T9,8,1,189,3
[16]
T1,0,0,154,3
T2,1,1,110,11
T3,2,1,63,2
T4,3,1,198,10
T5,4,1,63,10
T6,5,0,26,2
T7,6,0,50,5
T8,7,0,200,18
T9,8,0,120,15
[17]
T1,0,1,108,23
T2,1,1,154,2
T3,2,1,63,3
T4,3,1,200,20
T5,4,1,88,2
T6,5,1,34,1
T7,6,0,189,5
T8,7,1,27,2
T9,8,1,108,24
[18]
T1,0,1,194,30
T2,1,0,75,4
T3,2,1,29,2
T4,3,0,120,8
T5,4,1,120,18
T6,5,1,36,2
T7,6,0,80,1
T8,7,0,200,2
T9,8,0,194,28
[19]
T1,0,1,66,2
T2,1,1,66,6
T3,2,0,195,31
T4,3,0,27,2
T5,4,1,200,8
T6,5,1,120,1
T7,6,1,39,2
T8,7,0,156,1
T9,8,1,88,14
[20]
T1,0,1,144,8
T2,1,0,35,2
T3,2,1,144,13
T4,3,0,200,38
T5,4,1,180,15
T6,5,0,165,1
T7,6,0,120,1
T8,7,1,55,3
T9,8,1,39,4
[21]
T1,0,0,165,18
T2,1,1,142,10
T3,2,0,200,31
T4,3,1,50,2
T5,4,1,55,3
T6,5,1,37,3
T7,6,1,165,6
T8,7,0,71,2
T9,8,0,80,12
[22]
T1,0,1,49,2
T2,1,0,46,2
T3,2,1,132,3
T4,3,0,200,49
T5,4,0,165,2
T6,5,0,147,9
T7,6,0,132,3
T8,7,1,66,3
T9,8,0,120,23
[23]
T1,0,0,28,2
T2,1,1,112,1
T3,2,0,36,4
T4,3,1,200,4
T5,4,1,150,14
T6,5,0,140,15
T7,6,1,196,29
T8,7,1,105,3
T9,8,1,90,10
[24]
T1,0,1,39,5
T2,1,1,24,2
T3,2,0,200,30
T4,3,1,91,1
T5,4,0,100,5
T6,5,1,54,2
T7,6,0,195,33
T8,7,1,72,1
T9,8,1,182,19
[25]
T1,0,1,200,26
T2,1,0,198,14
T3,2,0,72,6
T4,3,1,90,14
T5,4,1,60,2
T6,5,0,42,2
T7,6,0,99,15
T8,7,1,25,2
T9,8,0,186,12
[26]
T1,0,1,200,2
T2,1,1,189,24
T3,2,0,60,2
T4,3,1,114,4
T5,4,0,29,2
T6,5,1,135,23
T7,6,1,168,21
T8,7,0,75,12
T9,8,1,35,2
[27]
T1,0,0,140,1
T2,1,0,80,4
T3,2,0,60,1
T4,3,0,75,9
T5,4,1,200,23
T6,5,0,192,5
T7,6,0,34,5
T8,7,0,36,2
T9,8,1,180,29
[28]
T1,0,0,182,3
T2,1,1,182,9
T3,2,0,108,2
T4,3,0,135,10
T5,4,1,140,24
T6,5,0,200,45
T7,6,1,105,11
T8,7,0,20,2
T9,8,0,25,2
[29]
T1,0,1,200,1
T2,1,1,84,2
T3,2,0,175,28
T4,3,1,27,2
T5,4,1,65,2
T6,5,1,156,9
T7,6,0,126,7
T8,7,1,105,2
T9,8,1,26,6
[30]
T1,0,1,95,5
T2,1,0,171,2
T3,2,1,40,3
T4,3,1,99,1
T5,4,0,90,10
T6,5,0,180,15
T7,6,0,110,4
T8,7,0,200,24
T9,8,1,29,4
[31]
T1,0,0,133,2
T2,1,0,96,4
T3,2,1,175,16
T4,3,0,126,25
T5,4,1,200,23
T6,5,0,48,6
T7,6,1,160,2
T8,7,0,133,10
T9,8,0,48,2
[32]
T1,0,0,114,13
T2,1,0,180,22
T3,2,0,144,15
T4,3,0,200,14
T5,4,0,76,12
T6,5,1,60,2
T7,6,0,150,2
T8,7,1,28,2
T9,8,0,21,2
[33]
T1,0,0,200,26
T2,1,0,38,3
T3,2,0,68,5
T4,3,0,72,2
T5,4,1,189,35
T6,5,1,36,2
T7,6,0,102,8
T8,7,0,84,6
T9,8,1,180,2
[34]
T1,0,1,43,4
T2,1,1,148,1
T3,2,1,48,2
T4,3,0,100,3
T5,4,0,200,13
T6,5,1,144,3
T7,6,1,80,29
T8,7,1,180,10
T9,8,1,75,1
[35]
T1,0,0,108,22
T2,1,1,30,2
T3,2,1,200,10
T4,3,0,21,2
T5,4,1,72,5
T6,5,0,180,14
T7,6,0,195,7
T8,7,1,117,20
T9,8,0,117,3
[36]
T1,0,1,70,8
T2,1,1,200,13
T3,2,1,175,5
T4,3,1,50,9
T5,4,0,23,1
T6,5,0,105,7
T7,6,0,84,6
T8,7,0,70,1
T9,8,0,149,10
[37]
T1,0,1,80,3
T2,1,1,200,13
T3,2,0,150,28
T4,3,0,96,2
T5,4,0,142,3
T6,5,0,30,3
T7,6,0,160,13
T8,7,1,48,2
T9,8,1,90,9
[38]
T1,0,1,200,23
T2,1,1,175,24
T3,2,1,96,13
T4,3,0,42,1
T5,4,0,133,6
T6,5,0,160,3
T7,6,1,63,2
T8,7,1,63,10
T9,8,1,42,2
[39]
T1,0,1,200,38
T2,1,1,80,1
T3,2,1,100,13
T4,3,0,20,2
T5,4,0,25,1
T6,5,0,60,3
T7,6,1,177,11
T8,7,0,112,14
T9,8,1,168,11
[40]
T1,0,1,189,2
T2,1,0,200,26
T3,2,1,100,3
T4,3,1,42,5
T5,4,1,43,1
T6,5,1,162,2
T7,6,0,70,4
T8,7,0,100,4
T9,8,0,112,23
[41]
T1,0,0,54,2
T2,1,1,75,2
T3,2,1,200,16
T4,3,0,52,2
T5,4,0,180,26
T6,5,0,90,5
T7,6,1,60,9
T8,7,0,130,2
T9,8,0,165,30
[42]
T1,0,1,200,7
T2,1,0,112,5
T3,2,1,36,2
T4,3,1,83,7
T5,4,1,35,4
T6,5,1,70,4
T7,6,0,150,5
T8,7,0,140,9
T9,8,0,168,22
[43]
T1,0,1,105,7
T2,1,1,120,2
T3,2,1,72,2
T4,3,1,150,13
T5,4,1,26,2
T6,5,0,168,36
T7,6,0,200,12
T8,7,1,28,1
T9,8,0,112,21
[44]
T1,0,1,42,2
T2,1,1,64,3
T3,2,0,150,9
T4,3,1,133,10
T5,4,1,70,5
T6,5,0,76,1
T7,6,0,200,45
T8,7,1,190,1
T9,8,0,23,3
[45]
T1,0,0,140,6
T2,1,0,72,5
T3,2,1,168,11
T4,3,0,33,3
T5,4,0,200,5
T6,5,1,99,5
T7,6,0,88,5
T8,7,1,24,2
T9,8,1,175,29
[46]
T1,0,1,48,3
T2,1,0,65,1
T3,2,1,50,2
T4,3,0,144,1
T5,4,0,200,53
T6,5,0,81,14
T7,6,0,162,3
T8,7,0,195,15
T9,8,1,96,2
[47]
T1,0,1,24,2
T2,1,0,56,1
T3,2,0,63,17
T4,3,0,68,4
T5,4,1,150,11
T6,5,1,170,2
T7,6,0,200,18
T8,7,1,126,4
T9,8,1,34,3
[48]
T1,0,0,200,1
T2,1,0,49,13
T3,2,1,156,2
T4,3,0,84,1
T5,4,1,84,14
T6,5,0,75,4
T7,6,1,140,4
T8,7,1,48,1
T9,8,1,192,15
[49]
T1,0,1,22,2
T2,1,1,200,9
T3,2,0,42,2
T4,3,0,55,5
T5,4,0,72,11
T6,5,1,150,21
T7,6,1,132,6
T8,7,0,84,3
T9,8,1,168,20
[50]
T1,0,0,84,2
T2,1,0,123,2
T3,2,1,75,2
T4,3,0,80,21
T5,4,1,200,2
T6,5,1,150,28
T7,6,1,21,3
T8,7,0,20,2
T9,8,0,175,5
[51]
T1,0,0,43,2
T2,1,0,126,4
T3,2,0,150,43
T4,3,1,133,2
T5,4,0,95,10
T6,5,0,189,15
T7,6,0,200,1
T8,7,0,108,7
T9,8,0,24,1
[52]
T1,0,0,55,15
T2,1,1,105,1
T3,2,1,21,2
T4,3,1,95,6
T5,4,1,57,4
T6,5,1,175,6
T7,6,1,168,4
T8,7,1,200,5
T9,8,1,31,1
[53]
T1,0,0,38,2
T2,1,1,45,6
T3,2,0,54,5
T4,3,0,200,1
T5,4,1,75,21
T6,5,0,168,4
T7,6,1,168,12
T8,7,1,126,2
T9,8,1,104,2
[54]
T1,0,1,200,5
T2,1,0,31,2
T3,2,0,112,12
T4,3,1,105,12
T5,4,1,84,8
T6,5,0,42,2
T7,6,1,198,27
T8,7,1,154,7
T9,8,1,63,6
[55]
T1,0,1,190,15
T2,1,0,135,2
T3,2,1,90,5
T4,3,0,95,8
T5,4,0,200,17
T6,5,0,192,7
T7,6,1,60,2
T8,7,0,20,2
T9,8,0,31,5
[56]
T1,0,1,180,11
T2,1,0,200,40
T3,2,0,160,5
T4,3,0,37,6
T5,4,0,105,5
T6,5,1,60,3
T7,6,0,28,2
T8,7,1,144,4
T9,8,1,98,5
[57]
T1,0,0,200,21
T2,1,1,30,1
T3,2,0,37,2
T4,3,0,150,3
T5,4,0,144,9
T6,5,1,90,27
T7,6,1,124,8
T8,7,1,90,2
T9,8,1,150,2
[58]
T1,0,1,60,4
T2,1,1,195,23
T3,2,1,56,2
T4,3,1,189,2
T5,4,0,21,2
T6,5,0,200,11
T7,6,0,24,1
T8,7,0,108,16
T9,8,0,70,8
[59]
T1,0,0,39,10
T2,1,0,200,5
T3,2,1,132,7
T4,3,0,168,17
T5,4,1,20,1
T6,5,1,77,4
T7,6,1,114,2
T8,7,1,150,2
T9,8,1,75,5
[60]
T1,0,1,66,12
T2,1,1,75,3
T3,2,1,176,2
T4,3,0,21,2
T5,4,1,63,9
T6,5,0,44,4
T7,6,1,96,2
T8,7,0,180,10
T9,8,1,200,20
[61]
T1,0,0,75,2
T2,1,1,88,17
T3,2,0,150,8
T4,3,1,38,2
T5,4,1,93,5
T6,5,1,30,2
T7,6,0,165,7
T8,7,1,120,4
T9,8,0,200,21
[62]
T1,0,1,168,2
T2,1,1,63,6
T3,2,1,70,1
T4,3,0,21,3
T5,4,0,108,1
T6,5,0,154,38
T7,6,1,200,18
T8,7,0,55,1
T9,8,1,41,2
[63]
T1,0,1,42,1
T2,1,1,175,2
T3,2,0,78,16
T4,3,0,130,2
T5,4,0,200,5
T6,5,0,90,5
T7,6,1,91,2
T8,7,0,37,8
T9,8,0,160,15
[64]
T1,0,1,47,2
T2,1,1,180,44
T3,2,0,84,16
T4,3,1,82,3
T5,4,0,200,2
T6,5,1,105,6
T7,6,0,150,5
T8,7,1,24,2
T9,8,1,123,6
[65]
T1,0,1,160,5
T2,1,0,90,11
T3,2,1,200,5
T4,3,1,120,8
T5,4,1,28,5
T6,5,1,81,12
T7,6,0,31,1
T8,7,1,100,3
T9,8,1,150,1
[66]
T1,0,0,60,2
T2,1,0,63,8
T3,2,1,110,26
T4,3,1,28,1
T5,4,0,100,4
T6,5,0,165,2
T7,6,0,21,2
T8,7,1,200,7
T9,8,0,154,15
[67]
T1,0,0,105,1
T2,1,0,90,2
T3,2,1,30,2
T4,3,1,175,8
T5,4,0,200,4
T6,5,0,119,5
T7,6,0,24,2
T8,7,0,189,57
T9,8,1,90,20
[68]
T1,0,0,95,2
T2,1,0,171,6
T3,2,0,200,70
T4,3,0,50,5
T5,4,1,84,1
T6,5,0,27,1
T7,6,1,70,2
T8,7,1,108,2
T9,8,0,150,9
[69]
T1,0,0,27,2
T2,1,0,182,16
T3,2,0,78,3
T4,3,0,119,31
T5,4,1,56,2
T6,5,0,156,6
T7,6,0,39,2
T8,7,0,100,2
T9,8,0,200,38
[70]
T1,0,1,52,2
T2,1,1,51,6
T3,2,0,200,5
T4,3,1,119,11
T5,4,0,168,6
T6,5,0,84,8
T7,6,1,156,25
T8,7,0,136,10
T9,8,0,70,3
[71]
T1,0,0,28,1
T2,1,1,168,1
T3,2,1,120,2
T4,3,1,200,2
T5,4,1,108,5
T6,5,1,175,5
T7,6,1,54,15
T8,7,1,63,7
T9,8,0,60,6
[72]
T1,0,0,200,6
T2,1,0,160,4
T3,2,0,40,2
T4,3,1,75,1
T5,4,1,198,9
T6,5,0,144,14
T7,6,0,81,21
T8,7,0,42,5
T9,8,0,110,7
[73]
T1,0,1,144,23
T2,1,1,200,17
T3,2,0,99,2
T4,3,0,195,5
T5,4,0,66,11
T6,5,1,150,18
T7,6,1,66,3
T8,7,0,20,2
T9,8,0,32,1
[74]
T1,0,1,160,12
T2,1,1,36,2
T3,2,0,120,6
T4,3,1,42,3
T5,4,1,136,3
T6,5,1,90,6
T7,6,0,180,24
T8,7,0,200,34
T9,8,0,108,7
[75]
T1,0,0,60,2
T2,1,0,147,2
T3,2,0,200,39
T4,3,0,42,2
T5,4,0,135,4
T6,5,0,84,17
T7,6,1,53,4
T8,7,0,168,15
T9,8,0,175,6
[76]
T1,0,1,200,16
T2,1,1,36,8
T3,2,0,168,1
T4,3,0,189,17
T5,4,1,20,2
T6,5,1,120,2
T7,6,0,63,4
T8,7,0,112,18
T9,8,0,128,2
[77]
T1,0,0,42,1
T2,1,0,75,2
T3,2,1,165,32
T4,3,1,140,2
T5,4,1,55,3
T6,5,0,152,13
T7,6,0,84,15
T8,7,1,200,15
T9,8,1,38,2
[78]
T1,0,1,96,1
T2,1,0,100,8
T3,2,1,75,4
T4,3,1,200,65
T5,4,0,126,1
T6,5,1,42,2
T7,6,0,50,2
T8,7,0,170,5
T9,8,0,168,12
[79]
T1,0,1,136,24
T2,1,0,25,2
T3,2,0,170,27
T4,3,0,168,5
T5,4,0,30,1
T6,5,1,119,6
T7,6,1,78,7
T8,7,1,200,14
T9,8,0,105,4
[80]
T1,0,0,105,13
T2,1,1,42,2
T3,2,1,54,6
T4,3,1,43,2
T5,4,0,128,1
T6,5,0,189,13
T7,6,0,84,2
T8,7,1,192,15
T9,8,0,200,46
[81]
T1,0,1,184,5
T2,1,1,175,2
T3,2,0,140,13
T4,3,0,32,6
T5,4,1,20,1
T6,5,0,200,2
T7,6,0,55,8
T8,7,1,115,9
T9,8,0,110,3
[82]
T1,0,1,78,2
T2,1,0,182,26
T3,2,0,44,3
T4,3,1,25,2
T5,4,1,200,35
T6,5,0,104,2
T7,6,1,195,15
T8,7,1,64,8
T9,8,0,65,1
[83]
T1,0,0,30,2
T2,1,0,105,3
T3,2,1,55,4
T4,3,1,200,51
T5,4,1,41,2
T6,5,1,100,2
T7,6,0,176,10
T8,7,0,176,7
T9,8,1,63,10
[84]
T1,0,0,24,3
T2,1,1,31,1
T3,2,1,96,15
T4,3,0,200,27
T5,4,1,80,1
T6,5,1,144,2
T7,6,1,165,1
T8,7,1,176,27
T9,8,0,77,1
[85]
T1,0,0,200,17
T2,1,0,54,2
T3,2,1,75,6
T4,3,1,54,2
T5,4,1,53,11
T6,5,1,80,8
T7,6,1,128,2
T8,7,1,162,18
T9,8,1,192,2
[86]
T1,0,1,200,5
T2,1,1,23,1
T3,2,1,140,16
T4,3,0,96,6
T5,4,0,63,4
T6,5,1,84,8
T7,6,1,35,2
T8,7,0,150,8
T9,8,1,180,34
[87]
T1,0,0,200,26
T2,1,0,84,3
T3,2,0,52,3
T4,3,1,120,7
T5,4,0,189,9
T6,5,0,180,1
T7,6,0,20,3
T8,7,0,65,1
T9,8,0,144,16
[88]
T1,0,0,195,19
T2,1,1,154,14
T3,2,0,140,5
T4,3,1,33,2
T5,4,1,132,4
T6,5,0,200,5
T7,6,1,65,8
T8,7,1,30,3
T9,8,0,78,8
[89]
T1,0,0,189,24
T2,1,0,135,2
T3,2,0,105,2
T4,3,1,42,2
T5,4,1,126,5
T6,5,1,160,13
T7,6,1,140,7
T8,7,0,200,67
T9,8,1,51,2
[90]
T1,0,0,108,2
T2,1,0,40,3
T3,2,1,154,5
T4,3,0,56,3
T5,4,1,25,3
T6,5,0,176,7
T7,6,1,60,9
T8,7,1,77,8
T9,8,1,200,6
[91]
T1,0,1,51,4
T2,1,0,34,1
T3,2,0,80,2
T4,3,1,100,24
T5,4,1,198,3
T6,5,0,88,1
T7,6,1,165,27
T8,7,1,99,9
T9,8,1,200,2
[92]
T1,0,0,200,1
T2,1,0,38,2
T3,2,0,88,15
T4,3,0,110,8
T5,4,0,35,2
T6,5,0,168,25
T7,6,1,112,12
T8,7,1,176,11
T9,8,1,88,1
[93]
T1,0,1,115,1
T2,1,0,56,2
T3,2,0,52,6
T4,3,1,200,2
T5,4,0,30,6
T6,5,1,161,5
T7,6,1,189,1
T8,7,1,115,23
T9,8,0,92,6
[94]
T1,0,0,200,2
T2,1,1,25,1
T3,2,0,24,2
T4,3,1,60,2
T5,4,0,104,5
T6,5,0,176,7
T7,6,1,130,6
T8,7,1,156,2
T9,8,1,60,21
[95]
T1,0,1,60,6
T2,1,1,24,4
T3,2,1,175,2
T4,3,1,105,2
T5,4,0,189,15
T6,5,1,200,9
T7,6,1,132,2
T8,7,1,90,11
T9,8,0,52,5
[96]
T1,0,0,168,9
T2,1,1,180,12
T3,2,0,200,23
T4,3,1,140,6
T5,4,0,63,9
T6,5,1,135,10
T7,6,1,25,2
T8,7,0,125,2
T9,8,0,51,8
[97]
T1,0,1,175,12
T2,1,1,195,7
T3,2,1,144,2
T4,3,0,140,8
T5,4,0,21,2
T6,5,1,50,2
T7,6,0,70,12
T8,7,0,200,27
T9,8,0,105,2
[98]
T1,0,1,24,5
T2,1,0,96,5
T3,2,1,200,15
T4,3,1,36,2
T5,4,0,154,19
T6,5,1,55,1
T7,6,0,150,17
T8,7,1,88,2
T9,8,1,110,4
[99]
T1,0,0,192,32
T2,1,0,75,2
T3,2,0,171,31
T4,3,0,52,2
T5,4,1,200,9
T6,5,1,95,13
T7,6,0,96,1
T8,7,1,128,2
T9,8,1,36,4
[100]
T1,0,1,135,7
T2,1,0,133,1
T3,2,0,190,9
T4,3,1,60,25
T5,4,1,200,7
T6,5,0,70,2
T7,6,1,35,3
T8,7,0,175,1
T9,8,0,37,2
[101]
T1,0,1,34,1
T2,1,1,66,8
T3,2,0,55,9
T4,3,0,68,6
T5,4,0,200,8
T6,5,1,170,12
T7,6,1,33,2
T8,7,1,136,11
T9,8,0,154,7
[102]
T1,0,1,91,5
T2,1,0,154,8
T3,2,0,49,11
T4,3,0,24,3
T5,4,1,120,4
T6,5,0,200,2
T7,6,1,165,5
T8,7,1,55,5
T9,8,0,132,3
[103]
T1,0,1,25,2
T2,1,0,34,9
T3,2,0,75,2
T4,3,0,150,2
T5,4,1,200,3
T6,5,0,140,10
T7,6,1,105,10
T8,7,1,186,4
T9,8,1,60,6
[104]
T1,0,0,124,1
T2,1,1,20,1
T3,2,1,160,3
T4,3,1,200,8
T5,4,0,88,10
T6,5,1,55,5
T7,6,1,132,15
T8,7,0,186,17
T9,8,0,26,3
[105]
T1,0,1,154,22
T2,1,0,36,2
T3,2,0,41,3
T4,3,1,72,2
T5,4,0,200,22
T6,5,1,154,15
T7,6,0,144,14
T8,7,0,88,7
T9,8,0,56,1
[106]
T1,0,1,176,8
T2,1,1,48,3
T3,2,1,55,7
T4,3,1,126,8
T5,4,0,54,4
T6,5,1,168,3
T7,6,1,20,2
T8,7,0,132,9
T9,8,0,200,19
[107]
T1,0,1,44,2
T2,1,0,200,7
T3,2,1,147,10
T4,3,0,147,2
T5,4,1,154,44
T6,5,0,88,2
T7,6,1,99,1
T8,7,1,46,3
T9,8,1,150,22
[108]
T1,0,0,200,50
T2,1,1,180,2
T3,2,0,128,1
T4,3,0,27,4
T5,4,1,64,2
T6,5,1,50,2
T7,6,0,105,10
T8,7,1,80,1
T9,8,0,180,9
[109]
T1,0,0,20,2
T2,1,0,50,2
T3,2,0,180,29
T4,3,0,174,18
T5,4,1,200,18
T6,5,0,90,3
T7,6,1,116,4
T8,7,0,75,18
T9,8,1,114,2
[110]
T1,0,0,108,3
T2,1,0,24,7
T3,2,1,90,3
T4,3,0,200,3
T5,4,1,160,2
T6,5,1,104,2
T7,6,0,135,14
T8,7,0,35,3
T9,8,0,195,10
[111]
T1,0,0,25,2
T2,1,0,26,4
T3,2,1,189,16
T4,3,0,85,9
T5,4,0,140,8
T6,5,0,175,4
T7,6,0,119,2
T8,7,0,200,8
T9,8,1,105,7
[112]
T1,0,1,100,3
T2,1,1,25,1
T3,2,0,53,7
T4,3,0,56,2
T5,4,0,75,4
T6,5,0,195,6
T7,6,0,200,6
T8,7,1,165,51
T9,8,1,66,1
[113]
T1,0,1,162,17
T2,1,0,162,19
T3,2,1,135,10
T4,3,1,144,2
T5,4,1,81,15
T6,5,1,46,1
T7,6,0,200,7
T8,7,1,95,1
T9,8,0,50,5
[114]
T1,0,0,76,13
T2,1,1,29,1
T3,2,0,24,1
T4,3,1,84,5
T5,4,1,150,18
T6,5,0,57,3
T7,6,1,168,21
T8,7,1,200,2
T9,8,1,72,1
[115]
T1,0,0,160,2
T2,1,1,90,14
T3,2,1,195,9
T4,3,1,80,4
T5,4,1,47,8
T6,5,0,200,28
T7,6,0,91,3
T8,7,0,45,1
T9,8,1,84,3
[116]
T1,0,1,20,2
T2,1,1,170,1
T3,2,0,64,8
T4,3,0,60,10
T5,4,1,200,11
T6,5,1,170,6
T7,6,0,70,2
T8,7,1,60,3
T9,8,1,28,4
[117]
T1,0,1,80,2
T2,1,0,22,2
T3,2,0,132,6
T4,3,0,110,9
T5,4,1,200,9
T6,5,0,135,6
T7,6,0,175,30
T8,7,1,20,3
T9,8,0,168,13
[118]
T1,0,0,154,2
T2,1,0,72,2
T3,2,0,42,11
T4,3,0,108,3
T5,4,0,200,3
T6,5,0,33,2
T7,6,1,165,19
T8,7,0,144,6
T9,8,1,140,22
[119]
T1,0,1,30,3
T2,1,1,165,20
T3,2,0,30,2
T4,3,0,200,17
T5,4,1,60,2
T6,5,0,140,10
T7,6,1,56,1
T8,7,0,56,2
T9,8,0,168,21
[120]
T1,0,1,90,3
T2,1,1,100,19
T3,2,1,44,2
T4,3,1,99,2
T5,4,0,190,20
T6,5,0,200,2
T7,6,0,38,7
T8,7,1,165,1
T9,8,0,132,14
[121]
T1,0,1,153,3
T2,1,1,200,40
T3,2,1,64,6
T4,3,0,136,4
T5,4,1,136,12
T6,5,1,39,3
T7,6,1,34,2
T8,7,1,192,2
T9,8,0,100,8
[122]
T1,0,1,180,10
T2,1,1,140,19
T3,2,0,44,2
T4,3,1,72,2
T5,4,0,90,1
T6,5,0,21,2
T7,6,0,180,16
T8,7,1,200,18
T9,8,1,76,12
[123]
T1,0,1,104,2
T2,1,1,184,13
T3,2,0,100,1
T4,3,0,140,33
T5,4,0,184,21
T6,5,1,40,1
T7,6,1,200,3
T8,7,0,70,10
T9,8,0,26,2
[124]
T1,0,1,54,1
T2,1,1,100,20
T3,2,1,200,9
T4,3,1,55,3
T5,4,1,70,3
T6,5,1,35,2
T7,6,1,50,3
T8,7,1,165,1
T9,8,0,150,31
[125]
T1,0,1,140,2
T2,1,0,132,10
T3,2,1,200,26
T4,3,0,114,2
T5,4,1,50,3
T6,5,0,154,14
T7,6,1,165,10
T8,7,1,100,20
T9,8,0,22,2
[126]
T1,0,1,100,3
T2,1,1,165,2
T3,2,0,195,13
T4,3,1,51,8
T5,4,0,143,8
T6,5,1,30,1
T7,6,0,200,1
T8,7,0,88,23
T9,8,0,56,1
[127]
T1,0,1,100,10
T2,1,0,105,2
T3,2,1,200,38
T4,3,1,48,2
T5,4,1,70,10
T6,5,0,176,4
T7,6,0,192,4
T8,7,1,112,2
T9,8,0,47,7
[128]
T1,0,0,198,25
T2,1,1,200,12
T3,2,1,60,2
T4,3,1,144,2
T5,4,0,40,1
T6,5,0,60,6
T7,6,0,160,7
T8,7,1,75,20
T9,8,1,23,2
[129]
T1,0,0,75,2
T2,1,1,60,2
T3,2,1,95,2
T4,3,0,110,4
T5,4,0,43,2
T6,5,0,152,2
T7,6,1,200,5
T8,7,1,165,79
T9,8,0,40,1
[130]
T1,0,1,126,8
T2,1,1,200,7
T3,2,0,110,4
T4,3,0,120,4
T5,4,1,44,11
T6,5,1,154,19
T7,6,0,126,1
T8,7,1,38,2
T9,8,1,160,8
[131]
T1,0,1,200,2
T2,1,1,105,5
T3,2,0,152,7
T4,3,1,152,38
T5,4,1,63,2
T6,5,0,20,2
T7,6,0,36,2
T8,7,1,60,2
T9,8,1,80,15
[132]
T1,0,0,162,2
T2,1,1,54,2
T3,2,1,153,5
T4,3,0,144,1
T5,4,0,120,22
T6,5,1,28,5
T7,6,0,200,3
T8,7,1,54,8
T9,8,1,136,11
[133]
T1,0,1,90,17
T2,1,1,128,2
T3,2,1,160,2
T4,3,0,39,2
T5,4,0,200,30
T6,5,1,63,4
T7,6,1,30,1
T8,7,1,168,13
T9,8,0,144,10
[134]
T1,0,0,54,9
T2,1,0,189,20
T3,2,0,30,2
T4,3,0,88,4
T5,4,0,33,1
T6,5,1,88,10
T7,6,1,77,3
T8,7,0,176,4
T9,8,1,200,11
[135]
T1,0,1,29,2
T2,1,1,54,3
T3,2,0,28,3
T4,3,0,174,8
T5,4,1,144,31
T6,5,0,162,3
T7,6,0,116,10
T8,7,1,200,17
T9,8,1,135,4
[136]
T1,0,0,78,4
T2,1,1,21,2
T3,2,1,112,5
T4,3,0,40,10
T5,4,1,180,13
T6,5,1,72,2
T7,6,1,126,11
T8,7,1,189,10
T9,8,0,200,10
[137]
T1,0,1,55,3
T2,1,1,140,15
T3,2,1,48,4
T4,3,0,126,7
T5,4,1,160,22
T6,5,1,165,8
T7,6,0,144,7
T8,7,1,200,23
T9,8,0,52,2
[138]
T1,0,1,200,18
T2,1,1,75,18
T3,2,0,64,1
T4,3,0,195,4
T5,4,1,66,5
T6,5,0,130,5
T7,6,1,38,1
T8,7,1,48,3
T9,8,0,176,13
[139]
T1,0,0,29,4
T2,1,0,120,9
T3,2,0,72,8
T4,3,0,144,6
T5,4,1,39,2
T6,5,1,168,6
T7,6,0,140,11
T8,7,0,180,13
T9,8,1,200,15
[140]
T1,0,0,168,6
T2,1,1,32,2
T3,2,0,180,1
T4,3,0,200,37
T5,4,0,70,14
T6,5,0,35,3
T7,6,0,120,1
T8,7,0,133,2
T9,8,1,112,6
[141]
T1,0,0,96,12
T2,1,0,192,18
T3,2,1,180,8
T4,3,0,80,2
T5,4,0,108,2
T6,5,0,35,1
T7,6,1,52,7
T8,7,1,144,7
T9,8,1,200,33
[142]
T1,0,1,80,2
T2,1,1,153,3
T3,2,0,153,4
T4,3,1,51,3
T5,4,0,200,18
T6,5,1,102,4
T7,6,0,100,20
T8,7,0,30,1
T9,8,1,102,19
[143]
T1,0,1,20,2
T2,1,1,66,3
T3,2,0,160,3
T4,3,1,66,2
T5,4,1,200,14
T6,5,1,65,9
T7,6,1,104,9
T8,7,1,165,15
T9,8,0,39,8
[144]
T1,0,1,88,11
T2,1,0,24,2
T3,2,0,200,5
T4,3,1,165,2
T5,4,1,40,9
T6,5,1,70,1
T7,6,0,91,8
T8,7,0,70,1
T9,8,0,165,13
[145]
T1,0,1,34,2
T2,1,1,32,8
T3,2,1,75,1
T4,3,1,200,30
T5,4,0,150,2
T6,5,0,94,10
T7,6,0,120,14
T8,7,0,168,2
T9,8,0,84,2
[146]
T1,0,0,90,13
T2,1,1,162,9
T3,2,1,60,5
T4,3,0,153,2
T5,4,0,102,5
T6,5,1,120,10
T7,6,0,200,9
T8,7,0,45,3
T9,8,1,20,2
[147]
T1,0,0,160,8
T2,1,1,80,2
T3,2,0,125,16
T4,3,1,29,1
T5,4,0,175,19
T6,5,1,112,5
T7,6,0,21,2
T8,7,1,200,4
T9,8,0,105,18
[148]
T1,0,1,70,1
T2,1,1,200,10
T3,2,1,154,40
T4,3,0,21,2
T5,4,0,53,9
T6,5,1,140,8
T7,6,1,132,2
T8,7,1,136,9
T9,8,0,165,1
[149]
T1,0,1,50,6
T2,1,1,80,3
T3,2,0,78,3
T4,3,0,130,4
T5,4,1,156,2
T6,5,0,192,7
T7,6,1,200,36
T8,7,1,20,2
T9,8,0,100,17
[150]
T1,0,0,108,17
T2,1,0,64,3
T3,2,0,192,20
T4,3,0,160,17
T5,4,0,200,1
T6,5,1,40,2
T7,6,1,40,4
T8,7,1,130,14
T9,8,0,78,2
[151]
T1,0,0,125,29
T2,1,1,70,7
T3,2,0,200,3
T4,3,0,125,23
T5,4,0,40,2
T6,5,0,140,2
T7,6,0,23,2
T8,7,1,150,5
T9,8,1,155,12
[152]
T1,0,0,27,4
T2,1,0,154,34
T3,2,0,70,2
T4,3,0,154,4
T5,4,1,200,9
T6,5,1,144,13
T7,6,1,43,1
T8,7,0,75,2
T9,8,0,80,2
[153]
T1,0,0,200,8
T2,1,1,180,12
T3,2,1,140,1
T4,3,1,75,2
T5,4,1,33,6
T6,5,0,120,10
T7,6,1,30,2
T8,7,0,175,11
T9,8,0,140,19
[154]
T1,0,0,171,2
T2,1,1,63,2
T3,2,0,23,2
T4,3,0,108,5
T5,4,1,84,26
T6,5,0,180,12
T7,6,1,200,13
T8,7,1,105,6
T9,8,1,50,3
[155]
T1,0,0,84,4
T2,1,0,54,5
T3,2,1,161,9
T4,3,0,24,1
T5,4,0,90,2
T6,5,1,36,7
T7,6,0,200,5
T8,7,0,60,4
T9,8,1,175,12
[156]
T1,0,1,150,4
T2,1,0,33,3
T3,2,1,68,2
T4,3,0,102,15
T5,4,1,200,32
T6,5,1,20,2
T7,6,1,130,17
T8,7,0,195,6
T9,8,1,104,7
[157]
T1,0,0,152,8
T2,1,0,60,2
T3,2,0,24,2
T4,3,0,152,20
T5,4,1,200,5
T6,5,1,60,2
T7,6,1,100,21
T8,7,0,140,30
T9,8,0,42,1
[158]
T1,0,1,192,4
T2,1,0,29,1
T3,2,1,60,7
T4,3,1,175,55
T5,4,1,48,1
T6,5,1,75,9
T7,6,1,80,2
T8,7,0,200,1
T9,8,1,98,2
[159]
T1,0,1,112,6
T2,1,1,38,2
T3,2,0,140,1
T4,3,0,120,2
T5,4,0,42,2
T6,5,0,75,10
T7,6,1,200,16
T8,7,1,190,11
T9,8,0,150,36
[160]
T1,0,1,150,18
T2,1,1,68,8
T3,2,1,175,2
T4,3,1,23,2
T5,4,0,119,4
T6,5,0,75,2
T7,6,1,40,9
T8,7,1,119,2
T9,8,0,200,25
[161]
T1,0,1,100,2
T2,1,0,153,12
T3,2,0,115,13
T4,3,0,200,17
T5,4,0,51,1
T6,5,0,72,5
T7,6,0,170,17
T8,7,0,69,4
T9,8,1,46,5
[162]
T1,0,1,153,19
T2,1,1,42,1
T3,2,1,85,8
T4,3,0,63,8
T5,4,0,153,11
T6,5,0,72,6
T7,6,1,200,6
T8,7,1,85,8
T9,8,1,49,2
[163]
T1,0,0,72,4
T2,1,0,32,2
T3,2,0,84,2
T4,3,1,54,16
T5,4,0,75,2
T6,5,1,175,8
T7,6,0,70,5
T8,7,1,180,1
T9,8,1,200,29
[164]
T1,0,0,63,1
T2,1,0,27,4
T3,2,1,23,2
T4,3,1,168,35
T5,4,1,150,14
T6,5,1,200,1
T7,6,1,90,5
T8,7,0,108,4
T9,8,0,114,2
[165]
T1,0,0,200,6
T2,1,0,143,2
T3,2,1,65,8
T4,3,0,84,2
T5,4,0,195,5
T6,5,0,30,7
T7,6,1,21,1
T8,7,1,110,4
T9,8,1,195,22
[166]
T1,0,0,200,1
T2,1,1,57,3
T3,2,0,72,4
T4,3,0,152,8
T5,4,1,180,59
T6,5,0,21,2
T7,6,1,140,11
T8,7,1,63,3
T9,8,1,28,1
[167]
T1,0,1,136,5
T2,1,0,200,13
T3,2,1,68,2
T4,3,0,46,1
T5,4,1,80,21
T6,5,0,192,14
T7,6,1,170,12
T8,7,1,85,12
T9,8,0,21,2
[168]
T1,0,1,160,6
T2,1,1,200,16
T3,2,0,72,5
T4,3,1,80,5
T5,4,0,24,1
T6,5,0,114,5
T7,6,1,31,2
T8,7,1,72,13
T9,8,1,192,25
[169]
T1,0,1,78,8
T2,1,1,176,34
T3,2,0,160,32
T4,3,1,200,4
T5,4,0,31,2
T6,5,0,30,2
T7,6,0,96,2
T8,7,1,55,2
T9,8,1,78,4
[170]
T1,0,0,112,12
T2,1,1,20,2
T3,2,1,55,4
T4,3,1,150,3
T5,4,0,48,3
T6,5,0,180,3
T7,6,1,200,44
T8,7,0,112,1
T9,8,0,132,7
[171]
T1,0,0,99,3
T2,1,0,168,10
T3,2,1,45,5
T4,3,1,99,2
T5,4,1,200,24
T6,5,1,29,1
T7,6,0,198,5
T8,7,1,56,1
T9,8,0,105,26
[172]
T1,0,1,175,1
T2,1,0,84,1
T3,2,0,120,2
T4,3,1,200,3
T5,4,0,42,3
T6,5,1,67,10
T7,6,0,80,3
T8,7,1,45,13
T9,8,1,150,4
[173]
T1,0,1,70,2
T2,1,0,40,3
T3,2,0,150,9
T4,3,0,200,10
T5,4,0,153,5
T6,5,1,44,9
T7,6,0,85,2
T8,7,1,75,12
T9,8,0,60,2
[174]
T1,0,0,189,17
T2,1,0,48,3
T3,2,1,70,9
T4,3,0,31,2
T5,4,0,104,4
T6,5,1,200,51
T7,6,1,126,1
T8,7,1,168,3
T9,8,1,120,6
[175]
T1,0,0,150,1
T2,1,0,25,2
T3,2,0,92,12
T4,3,1,105,5
T5,4,1,150,32
T6,5,1,25,2
T7,6,0,80,8
T8,7,0,200,24
T9,8,0,126,1
[176]
T1,0,1,33,2
T2,1,0,90,30
T3,2,1,154,13
T4,3,0,200,4
T5,4,0,50,1
T6,5,0,135,6
T7,6,0,105,14
T8,7,1,175,1
T9,8,0,55,2
[177]
T1,0,1,40,6
T2,1,0,90,2
T3,2,0,165,2
T4,3,0,200,12
T5,4,1,165,10
T6,5,1,108,23
T7,6,0,144,2
T8,7,1,41,4
T9,8,1,80,4
[178]
T1,0,1,33,2
T2,1,1,200,21
T3,2,1,35,9
T4,3,0,150,11
T5,4,0,195,17
T6,5,0,60,3
T7,6,0,108,2
T8,7,1,130,9
T9,8,1,100,2
[179]
T1,0,0,99,5
T2,1,1,189,5
T3,2,0,105,14
T4,3,1,75,3
T5,4,1,112,6
T6,5,0,31,1
T7,6,0,168,4
T8,7,0,22,3
T9,8,1,200,27
[180]
T1,0,0,30,1
T2,1,1,121,14
T3,2,1,24,1
T4,3,1,88,19
T5,4,1,200,16
T6,5,1,60,2
T7,6,0,72,1
T8,7,1,198,11
T9,8,0,176,11
[181]
T1,0,0,165,6
T2,1,1,48,8
T3,2,0,56,2
T4,3,0,99,14
T5,4,0,33,3
T6,5,0,200,15
T7,6,0,198,2
T8,7,1,105,11
T9,8,0,147,4
[182]
T1,0,0,20,2
T2,1,1,200,37
T3,2,0,75,12
T4,3,0,63,2
T5,4,1,42,2
T6,5,1,161,3
T7,6,1,189,17
T8,7,1,100,13
T9,8,0,56,3
[183]
T1,0,1,64,2
T2,1,1,100,1
T3,2,0,200,27
T4,3,0,80,6
T5,4,1,196,29
T6,5,1,175,15
T7,6,0,30,2
T8,7,0,60,5
T9,8,0,20,2
[184]
T1,0,0,21,1
T2,1,0,132,19
T3,2,0,99,18
T4,3,0,132,9
T5,4,1,200,8
T6,5,1,66,6
T7,6,0,180,7
T8,7,0,196,5
T9,8,1,40,1
[185]
T1,0,1,154,14
T2,1,0,39,2
T3,2,1,36,4
T4,3,0,84,5
T5,4,1,75,1
T6,5,0,200,16
T7,6,1,90,2
T8,7,0,189,29
T9,8,1,108,11
[186]
T1,0,0,72,6
T2,1,0,200,5
T3,2,1,51,1
T4,3,0,195,4
T5,4,0,116,16
T6,5,1,36,1
T7,6,0,75,15
T8,7,0,145,17
T9,8,1,180,3
[187]
T1,0,0,54,8
T2,1,0,200,5
T3,2,0,48,6
T4,3,0,126,2
T5,4,1,168,2
T6,5,0,56,3
T7,6,1,108,13
T8,7,1,165,29
T9,8,1,53,2
[188]
T1,0,1,55,5
T2,1,0,189,5
T3,2,0,84,16
T4,3,1,112,5
T5,4,1,99,14
T6,5,1,180,14
T7,6,1,200,2
T8,7,0,22,2
T9,8,0,43,2
[189]
T1,0,1,198,7
T2,1,1,80,10
T3,2,0,54,4
T4,3,1,189,36
T5,4,1,100,2
T6,5,1,50,5
T7,6,0,99,3
T8,7,0,27,1
T9,8,1,200,11
[190]
T1,0,1,120,8
T2,1,1,200,12
T3,2,0,99,2
T4,3,1,42,5
T5,4,1,121,2
T6,5,1,75,1
T7,6,1,176,28
T8,7,1,48,7
T9,8,0,180,9
[191]
T1,0,1,150,47
T2,1,1,63,4
T3,2,0,40,1
T4,3,1,100,2
T5,4,0,190,10
T6,5,0,34,2
T7,6,1,135,4
T8,7,0,200,32
T9,8,0,84,1
[192]
T1,0,0,168,20
T2,1,0,21,1
T3,2,1,200,3
T4,3,1,120,2
T5,4,1,84,1
T6,5,0,133,16
T7,6,1,36,2
T8,7,0,64,15
T9,8,1,160,2
[193]
T1,0,0,117,3
T2,1,1,78,3
T3,2,1,75,1
T4,3,1,184,31
T5,4,0,200,27
T6,5,1,23,3
T7,6,1,156,11
T8,7,1,138,4
T9,8,1,40,2
[194]
T1,0,1,150,9
T2,1,0,93,5
T3,2,0,84,4
T4,3,1,39,2
T5,4,1,200,2
T6,5,1,75,3
T7,6,0,180,27
T8,7,0,126,31
T9,8,0,50,2
[195]
T1,0,1,68,2
T2,1,1,136,11
T3,2,1,102,2
T4,3,0,53,20
T5,4,1,156,2
T6,5,1,150,10
T7,6,0,52,2
T8,7,0,200,8
T9,8,0,105,7
[196]
T1,0,1,90,2
T2,1,1,108,10
T3,2,1,180,31
T4,3,1,38,2
T5,4,1,63,2
T6,5,0,126,22
T7,6,1,200,4
T8,7,0,180,16
T9,8,1,36,2
[197]
T1,0,1,200,2
T2,1,1,30,2
T3,2,1,77,3
T4,3,0,168,37
T5,4,0,154,12
T6,5,0,88,3
T7,6,1,60,2
T8,7,0,72,12
T9,8,0,50,2
[198]
T1,0,1,105,3
T2,1,1,90,5
T3,2,0,56,3
T4,3,0,175,9
T5,4,0,200,13
T6,5,0,88,1
T7,6,1,29,2
T8,7,0,25,2
T9,8,1,196,74
[199]
T1,0,0,41,2
T2,1,1,156,7
T3,2,1,75,1
T4,3,1,130,25
T5,4,1,60,2
T6,5,1,42,2
T7,6,0,156,15
T8,7,1,200,41
T9,8,0,110,4
[200]
T1,0,0,53,2
T2,1,1,108,2
T3,2,1,30,2
T4,3,0,130,3
T5,4,0,200,39
T6,5,1,175,29
T7,6,0,117,1
T8,7,1,84,1
T9,8,0,156,36
[201]
T1,0,1,44,7
T2,1,1,160,2
T3,2,1,110,1
T4,3,0,112,6
T5,4,0,105,18
T6,5,1,198,10
T7,6,0,36,5
T8,7,0,200,1
T9,8,1,66,3
[202]
T1,0,0,200,33
T2,1,1,92,5
T3,2,0,32,2
T4,3,1,115,11
T5,4,1,104,1
T6,5,1,104,8
T7,6,1,156,9
T8,7,1,156,2
T9,8,1,22,4
[203]
T1,0,1,168,34
T2,1,1,150,13
T3,2,0,44,2
T4,3,1,114,12
T5,4,1,112,3
T6,5,1,126,7
T7,6,1,200,17
T8,7,1,50,2
T9,8,0,100,4
[204]
T1,0,0,112,2
T2,1,1,44,2
T3,2,1,120,5
T4,3,1,55,4
T5,4,1,180,8
T6,5,0,43,3
T7,6,0,200,6
T8,7,0,198,63
T9,8,0,80,1
[205]
T1,0,0,182,42
T2,1,1,200,5
T3,2,0,68,1
T4,3,1,150,7
T5,4,1,102,9
T6,5,0,24,1
T7,6,0,119,5
T8,7,0,85,12
T9,8,0,35,1
[206]
T1,0,1,165,20
T2,1,1,72,4
T3,2,0,36,2
T4,3,0,160,52
T5,4,0,200,3
T6,5,1,54,2
T7,6,1,81,9
T8,7,0,55,1
T9,8,1,40,2
[207]
T1,0,0,168,9
T2,1,1,48,1
T3,2,1,98,4
T4,3,1,200,12
T5,4,0,26,6
T6,5,1,66,3
T7,6,1,165,3
T8,7,1,56,5
T9,8,0,110,8
[208]
T1,0,0,80,3
T2,1,1,116,5
T3,2,0,44,2
T4,3,1,150,27
T5,4,0,21,1
T6,5,0,87,3
T7,6,1,72,11
T8,7,1,150,2
T9,8,0,200,26
[209]
T1,0,0,21,2
T2,1,0,119,2
T3,2,1,75,3
T4,3,1,192,14
T5,4,0,30,2
T6,5,0,200,13
T7,6,0,192,31
T8,7,0,112,15
T9,8,0,100,5
[210]
T1,0,0,105,1
T2,1,1,147,10
T3,2,0,140,7
T4,3,1,168,16
T5,4,1,180,47
T6,5,1,49,8
T7,6,0,24,2
T8,7,1,200,1
T9,8,1,105,1
[211]
T1,0,1,70,10
T2,1,1,188,27
T3,2,1,200,18
T4,3,1,47,4
T5,4,1,55,4
T6,5,1,88,2
T7,6,1,175,1
T8,7,0,20,1
T9,8,1,88,1
[212]
T1,0,0,56,1
T2,1,0,196,1
T3,2,0,76,1
T4,3,0,70,9
T5,4,1,200,21
T6,5,1,37,2
T7,6,1,112,2
T8,7,0,32,5
T9,8,0,196,31
[213]
T1,0,0,98,10
T2,1,0,189,9
T3,2,1,84,5
T4,3,0,21,2
T5,4,1,81,3
T6,5,1,34,2
T7,6,0,108,6
T8,7,0,200,10
T9,8,0,180,40
[214]
T1,0,1,105,3
T2,1,1,32,1
T3,2,0,168,4
T4,3,1,27,3
T5,4,1,154,23
T6,5,1,135,9
T7,6,1,55,2
T8,7,1,88,20
T9,8,1,200,1
[215]
T1,0,1,48,7
T2,1,0,200,18
T3,2,1,135,2
T4,3,0,175,1
T5,4,0,75,22
T6,5,0,108,4
T7,6,0,198,7
T8,7,0,47,1
T9,8,1,84,3
[216]
T1,0,0,115,28
T2,1,0,161,4
T3,2,1,84,2
T4,3,1,160,2
T5,4,1,200,6
T6,5,0,22,2
T7,6,1,50,2
T8,7,1,112,26
T9,8,1,69,1
[217]
T1,0,0,200,12
T2,1,1,174,21
T3,2,0,25,3
T4,3,0,145,6
T5,4,1,124,7
T6,5,0,116,4
T7,6,0,145,11
T8,7,1,38,2
T9,8,1,155,12
[218]
T1,0,1,28,2
T2,1,0,77,9
T3,2,1,168,11
T4,3,0,130,10
T5,4,1,182,8
T6,5,0,52,1
T7,6,0,200,20
T8,7,1,91,2
T9,8,1,105,14
[219]
T1,0,0,175,5
T2,1,1,132,7
T3,2,0,119,12
T4,3,1,120,3
T5,4,0,28,3
T6,5,0,20,2
T7,6,0,66,2
T8,7,1,200,44
T9,8,0,168,14
[220]
T1,0,1,36,2
T2,1,1,80,11
T3,2,0,60,6
T4,3,1,200,8
T5,4,0,153,8
T6,5,0,31,6
T7,6,0,68,3
T8,7,1,80,1
T9,8,1,150,2
[221]
T1,0,0,93,1
T2,1,1,200,1
T3,2,1,180,36
T4,3,0,144,7
T5,4,1,80,2
T6,5,0,42,7
T7,6,1,72,3
T8,7,0,40,2
T9,8,0,192,21
[222]
T1,0,0,42,2
T2,1,0,63,6
T3,2,1,78,3
T4,3,0,28,3
T5,4,1,140,31
T6,5,0,70,1
T7,6,1,150,2
T8,7,1,200,22
T9,8,0,189,10
[223]
T1,0,0,40,2
T2,1,1,152,6
T3,2,1,100,7
T4,3,0,120,2
T5,4,0,105,15
T6,5,0,200,16
T7,6,1,95,2
T8,7,0,53,12
T9,8,0,150,13
[224]
T1,0,1,200,1
T2,1,0,125,3
T3,2,1,195,2
T4,3,1,28,1
T5,4,1,30,3
T6,5,0,140,50
T7,6,1,70,2
T8,7,1,168,17
T9,8,1,91,2
[225]
T1,0,1,182,13
T2,1,0,168,8
T3,2,1,48,1
T4,3,1,200,12
T5,4,0,144,43
T6,5,0,140,11
T7,6,0,48,2
T8,7,0,130,9
T9,8,0,70,2
[226]
T1,0,1,25,2
T2,1,0,175,12
T3,2,1,66,6
T4,3,1,75,2
T5,4,0,200,21
T6,5,0,21,2
T7,6,0,112,20
T8,7,1,140,6
T9,8,1,175,12
[227]
T1,0,1,22,2
T2,1,0,53,4
T3,2,1,108,20
T4,3,1,80,3
T5,4,1,192,10
T6,5,0,198,32
T7,6,1,200,4
T8,7,0,110,8
T9,8,1,108,4
[228]
T1,0,1,195,11
T2,1,0,156,2
T3,2,1,91,1
T4,3,0,200,1
T5,4,0,64,9
T6,5,0,52,14
T7,6,1,45,2
T8,7,1,104,12
T9,8,0,70,3
[229]
T1,0,0,87,8
T2,1,0,120,5
T3,2,1,47,1
T4,3,0,200,16
T5,4,1,88,11
T6,5,0,20,2
T7,6,0,150,5
T8,7,1,198,39
T9,8,1,145,9
[230]
T1,0,1,200,31
T2,1,0,22,1
T3,2,1,66,5
T4,3,0,32,2
T5,4,1,182,14
T6,5,0,140,6
T7,6,0,65,5
T8,7,1,66,2
T9,8,0,165,19
[231]
T1,0,0,200,14
T2,1,0,110,12
T3,2,1,88,12
T4,3,0,60,4
T5,4,0,30,1
T6,5,0,45,2
T7,6,1,198,6
T8,7,0,162,11
T9,8,0,66,6
[232]
T1,0,1,176,14
T2,1,0,88,4
T3,2,0,70,17
T4,3,1,70,1
T5,4,0,170,35
T6,5,1,112,6
T7,6,1,200,3
T8,7,1,44,2
T9,8,0,27,2
[233]
T1,0,1,180,6
T2,1,0,150,6
T3,2,0,138,2
T4,3,1,117,9
T5,4,0,104,1
T6,5,0,69,9
T7,6,1,200,55
T8,7,1,36,1
T9,8,1,46,2
[234]
T1,0,1,78,1
T2,1,1,195,2
T3,2,0,100,18
T4,3,0,23,3
T5,4,0,51,3
T6,5,1,68,2
T7,6,1,200,14
T8,7,1,195,26
T9,8,1,117,3
[235]
T1,0,0,33,1
T2,1,1,130,22
T3,2,0,75,6
T4,3,0,78,2
T5,4,0,48,2
T6,5,0,174,2
T7,6,0,200,29
T8,7,1,120,7
T9,8,1,174,22
[236]
T1,0,1,46,10
T2,1,1,84,12
T3,2,1,184,5
T4,3,0,69,1
T5,4,1,105,2
T6,5,1,196,17
T7,6,1,56,3
T8,7,0,21,2
T9,8,0,200,19
[237]
T1,0,1,30,4
T2,1,0,68,9
T3,2,0,105,9
T4,3,1,78,3
T5,4,0,100,8
T6,5,0,170,9
T7,6,0,170,9
T8,7,0,29,1
T9,8,0,200,6
[238]
T1,0,0,72,5
T2,1,0,78,4
T3,2,1,200,2
T4,3,1,25,2
T5,4,1,84,3
T6,5,0,180,8
T7,6,1,105,3
T8,7,0,44,2
T9,8,1,180,58
[239]
T1,0,0,28,1
T2,1,0,128,5
T3,2,1,168,31
T4,3,1,200,1
T5,4,0,144,15
T6,5,0,32,2
T7,6,0,150,2
T8,7,1,140,2
T9,8,0,84,23
[240]
T1,0,1,75,1
T2,1,0,34,1
T3,2,0,72,10
T4,3,0,200,33
T5,4,0,76,3
T6,5,1,190,15
T7,6,1,75,2
T8,7,1,174,6
T9,8,0,30,3
[241]
T1,0,1,200,2
T2,1,0,95,6
T3,2,0,80,19
T4,3,1,66,1
T5,4,0,35,3
T6,5,0,190,15
T7,6,0,150,2
T8,7,1,33,3
T9,8,0,100,5
[242]
T1,0,0,104,10
T2,1,1,80,2
T3,2,0,56,7
T4,3,1,23,2
T5,4,1,182,4
T6,5,1,75,3
T7,6,1,195,29
T8,7,0,200,29
T9,8,0,27,1
[243]
T1,0,1,195,1
T2,1,0,180,26
T3,2,1,200,12
T4,3,1,108,26
T5,4,1,90,1
T6,5,1,28,2
T7,6,1,120,2
T8,7,1,126,4
T9,8,0,25,4
[244]
T1,0,0,55,2
T2,1,0,70,10
T3,2,1,110,30
T4,3,0,175,1
T5,4,0,25,3
T6,5,1,53,1
T7,6,0,200,6
T8,7,0,165,3
T9,8,1,88,2
[245]
T1,0,1,100,9
T2,1,1,180,11
T3,2,0,66,1
T4,3,0,60,7
T5,4,0,20,2
T6,5,0,200,11
T7,6,1,123,16
T8,7,1,198,26
T9,8,0,44,1
[246]
T1,0,1,30,2
T2,1,0,186,14
T3,2,0,53,2
T4,3,1,148,16
T5,4,1,200,15
T6,5,1,93,2
T7,6,0,74,2
T8,7,0,124,42
T9,8,1,124,2
[247]
T1,0,1,196,44
T2,1,1,200,16
T3,2,1,22,5
T4,3,1,99,1
T5,4,0,120,4
T6,5,0,180,1
T7,6,0,60,3
T8,7,0,132,1
T9,8,0,46,1
[248]
T1,0,0,121,1
T2,1,0,143,16
T3,2,0,25,1
T4,3,1,195,10
T5,4,0,31,2
T6,5,0,200,21
T7,6,0,132,33
T8,7,1,156,5
T9,8,0,60,4
[249]
T1,0,0,60,6
T2,1,1,44,2
T3,2,1,80,2
T4,3,0,55,7
T5,4,1,154,18
T6,5,1,150,2
T7,6,0,200,29
T8,7,1,36,3
T9,8,1,132,2
[250]
T1,0,1,49,2
T2,1,0,128,2
T3,2,1,66,20
T4,3,1,132,10
T5,4,1,165,2
T6,5,0,192,19
T7,6,0,200,25
T8,7,0,110,5
T9,8,1,28,2
[251]
T1,0,1,200,8
T2,1,1,69,2
T3,2,1,120,1
T4,3,1,28,3
T5,4,1,115,5
T6,5,1,161,36
T7,6,0,45,1
T8,7,0,161,8
T9,8,0,144,17
[252]
T1,0,1,150,2
T2,1,1,27,4
T3,2,1,70,1
T4,3,0,147,11
T5,4,0,84,2
T6,5,1,24,2
T7,6,1,60,7
T8,7,1,200,12
T9,8,1,126,16
[253]
T1,0,0,175,63
T2,1,0,140,6
T3,2,1,152,6
T4,3,0,120,5
T5,4,0,144,3
T6,5,0,40,1
T7,6,0,96,5
T8,7,0,200,8
T9,8,1,21,2
[254]
T1,0,1,30,5
T2,1,1,75,5
T3,2,1,23,2
T4,3,0,90,2
T5,4,0,180,23
T6,5,1,200,8
T7,6,0,140,8
T8,7,0,99,3
T9,8,0,165,6
[255]
T1,0,1,48,7
T2,1,0,152,9
T3,2,0,160,17
T4,3,0,144,8
T5,4,0,64,2
T6,5,1,200,1
T7,6,1,57,7
T8,7,1,33,3
T9,8,0,95,1
[256]
T1,0,0,33,1
T2,1,0,200,13
T3,2,1,23,1
T4,3,0,144,19
T5,4,1,135,5
T6,5,1,160,24
T7,6,1,60,8
T8,7,0,160,4
T9,8,1,80,2
[257]
T1,0,0,50,2
T2,1,1,200,55
T3,2,0,168,6
T4,3,0,24,2
T5,4,0,56,1
T6,5,0,150,5
T7,6,0,129,3
T8,7,0,96,8
T9,8,0,86,2
[258]
T1,0,1,200,4
T2,1,0,123,10
T3,2,1,75,11
T4,3,0,21,3
T5,4,0,140,2
T6,5,0,36,2
T7,6,1,123,2
T8,7,1,150,24
T9,8,1,168,11
[259]
T1,0,1,182,6
T2,1,1,70,11
T3,2,1,195,7
T4,3,1,200,26
T5,4,0,88,4
T6,5,0,52,4
T7,6,1,52,3
T8,7,0,77,6
T9,8,0,56,2
[260]
T1,0,0,138,2
T2,1,1,150,2
T3,2,1,64,1
T4,3,1,135,3
T5,4,0,46,2
T6,5,1,200,27
T7,6,0,36,4
T8,7,1,69,12
T9,8,1,150,27
[261]
T1,0,1,198,11
T2,1,0,32,6
T3,2,1,90,17
T4,3,1,150,1
T5,4,1,64,1
T6,5,0,135,11
T7,6,0,96,7
T8,7,1,45,1
T9,8,1,200,3
[262]
T1,0,1,195,18
T2,1,0,66,2
T3,2,0,200,20
T4,3,0,47,2
T5,4,0,143,26
T6,5,1,160,7
T7,6,0,120,8
T8,7,1,78,1
T9,8,0,39,3
[263]
T1,0,1,148,22
T2,1,0,40,2
T3,2,0,22,1
T4,3,1,90,1
T5,4,1,175,2
T6,5,0,100,27
T7,6,0,70,4
T8,7,1,120,2
T9,8,1,200,14
[264]
T1,0,0,30,2
T2,1,1,102,18
T3,2,0,43,1
T4,3,1,144,3
T5,4,0,100,11
T6,5,0,165,14
T7,6,0,170,11
T8,7,0,200,14
T9,8,1,72,7
[265]
T1,0,0,195,4
T2,1,0,108,19
T3,2,1,195,14
T4,3,0,140,9
T5,4,0,200,39
T6,5,0,56,2
T7,6,0,35,2
T8,7,1,75,4
T9,8,1,27,2
[266]
T1,0,0,63,16
T2,1,1,112,4
T3,2,1,200,3
T4,3,1,33,2
T5,4,1,162,8
T6,5,0,60,2
T7,6,0,40,5
T8,7,1,60,1
T9,8,1,180,14
[267]
T1,0,0,200,2
T2,1,0,175,8
T3,2,1,165,8
T4,3,0,60,16
T5,4,1,120,10
T6,5,0,28,4
T7,6,1,130,2
T8,7,1,43,2
T9,8,1,70,2
[268]
T1,0,0,70,2
T2,1,0,40,2
T3,2,0,200,40
T4,3,1,60,4
T5,4,1,75,17
T6,5,0,85,2
T7,6,0,153,12
T8,7,0,29,2
T9,8,0,150,4
[269]
T1,0,0,200,38
T2,1,0,45,2
T3,2,0,36,1
T4,3,0,60,1
T5,4,0,60,4
T6,5,1,195,7
T7,6,0,104,9
T8,7,1,76,2
T9,8,1,152,32
[270]
T1,0,1,120,5
T2,1,0,80,15
T3,2,1,160,21
T4,3,0,200,21
T5,4,1,26,2
T6,5,0,34,2
T7,6,1,87,8
T8,7,1,104,1
T9,8,1,174,7
[271]
T1,0,1,41,3
T2,1,0,190,7
T3,2,1,90,7
T4,3,0,200,23
T5,4,1,190,19
T6,5,0,57,10
T7,6,1,120,2
T8,7,1,120,4
T9,8,0,20,2
[272]
T1,0,1,88,3
T2,1,1,78,5
T3,2,1,40,2
T4,3,0,200,8
T5,4,0,77,2
T6,5,0,143,8
T7,6,0,150,32
T8,7,0,50,7
T9,8,1,182,12
[273]
T1,0,1,96,2
T2,1,0,192,6
T3,2,1,140,6
T4,3,0,160,3
T5,4,0,91,2
T6,5,1,200,31
T7,6,0,52,1
T8,7,0,104,26
T9,8,0,46,5
[274]
T1,0,0,70,2
T2,1,1,150,19
T3,2,0,188,7
T4,3,0,80,1
T5,4,1,120,2
T6,5,1,49,13
T7,6,0,20,2
T8,7,0,200,21
T9,8,0,120,5
[275]
T1,0,1,60,9
T2,1,0,80,2
T3,2,1,25,2
T4,3,0,60,2
T5,4,0,52,2
T6,5,0,200,3
T7,6,1,180,7
T8,7,0,156,30
T9,8,1,132,7
[276]
T1,0,1,200,3
T2,1,0,180,27
T3,2,0,150,10
T4,3,0,135,1
T5,4,0,88,14
T6,5,1,120,2
T7,6,0,28,6
T8,7,1,75,4
T9,8,0,41,2
[277]
T1,0,1,154,3
T2,1,1,154,50
T3,2,1,32,2
T4,3,1,27,2
T5,4,1,64,1
T6,5,0,55,6
T7,6,0,125,1
T8,7,0,200,2
T9,8,0,140,9
[278]
T1,0,1,200,10
T2,1,1,38,3
T3,2,0,108,5
T4,3,1,168,7
T5,4,1,68,12
T6,5,0,170,12
T7,6,0,27,1
T8,7,0,60,2
T9,8,1,60,9
[279]
T1,0,0,63,7
T2,1,0,47,1
T3,2,0,200,28
T4,3,0,23,1
T5,4,0,180,15
T6,5,0,63,1
T7,6,1,184,2
T8,7,1,92,12
T9,8,0,144,12
[280]
T1,0,0,175,10
T2,1,1,55,2
T3,2,1,200,40
T4,3,1,22,1
T5,4,1,105,16
T6,5,0,60,4
T7,6,1,170,1
T8,7,1,28,2
T9,8,1,75,8
[281]
T1,0,1,27,4
T2,1,1,200,15
T3,2,0,165,3
T4,3,0,80,2
T5,4,1,77,5
T6,5,1,135,18
T7,6,1,32,5
T8,7,0,176,2
T9,8,1,144,7
[282]
T1,0,1,112,2
T2,1,0,135,4
T3,2,1,60,2
T4,3,1,180,2
T5,4,1,40,2
T6,5,1,41,17
T7,6,1,165,6
T8,7,0,60,6
T9,8,1,200,3
[283]
T1,0,1,150,18
T2,1,0,75,6
T3,2,1,34,2
T4,3,0,88,20
T5,4,1,54,4
T6,5,0,80,4
T7,6,0,105,1
T8,7,1,200,2
T9,8,0,176,1
[284]
T1,0,1,90,2
T2,1,1,90,11
T3,2,1,150,25
T4,3,1,43,1
T5,4,1,48,2
T6,5,0,65,6
T7,6,0,65,5
T8,7,1,200,2
T9,8,1,176,19
[285]
T1,0,1,140,39
T2,1,0,34,2
T3,2,1,200,12
T4,3,1,100,3
T5,4,1,42,2
T6,5,0,66,11
T7,6,0,75,7
T8,7,1,196,4
T9,8,0,165,1
[286]
T1,0,1,105,2
T2,1,1,108,2
T3,2,1,28,9
T4,3,1,56,3
T5,4,0,150,1
T6,5,1,200,25
T7,6,0,105,5
T8,7,0,41,1
T9,8,1,196,12
[287]
T1,0,1,52,2
T2,1,0,88,1
T3,2,0,88,15
T4,3,0,23,2
T5,4,1,154,17
T6,5,1,184,2
T7,6,1,77,9
T8,7,0,140,6
T9,8,0,200,13
[288]
T1,0,1,60,4
T2,1,0,84,13
T3,2,1,168,8
T4,3,1,197,20
T5,4,1,40,2
T6,5,1,29,2
T7,6,0,200,30
T8,7,0,75,1
T9,8,1,70,5
[289]
T1,0,1,96,8
T2,1,0,200,13
T3,2,0,156,15
T4,3,1,40,4
T5,4,1,32,4
T6,5,0,78,1
T7,6,1,88,2
T8,7,0,195,11
T9,8,1,64,5
[290]
T1,0,1,60,2
T2,1,0,180,13
T3,2,0,140,5
T4,3,0,31,4
T5,4,0,35,2
T6,5,1,66,2
T7,6,0,70,22
T8,7,0,176,1
T9,8,0,200,13
[291]
T1,0,0,200,14
T2,1,1,150,13
T3,2,1,57,1
T4,3,1,36,2
T5,4,1,115,4
T6,5,0,138,12
T7,6,1,100,14
T8,7,1,190,29
T9,8,1,53,3
[292]
T1,0,1,135,2
T2,1,0,34,3
T3,2,1,200,15
T4,3,1,72,1
T5,4,1,72,7
T6,5,0,192,2
T7,6,1,180,14
T8,7,0,20,2
T9,8,0,68,17
[293]
T1,0,0,200,11
T2,1,1,96,2
T3,2,1,165,5
T4,3,1,165,15
T5,4,1,60,8
T6,5,1,55,10
T7,6,1,37,4
T8,7,0,25,2
T9,8,1,124,4
[294]
T1,0,1,175,3
T2,1,1,105,5
T3,2,0,98,16
T4,3,0,105,7
T5,4,0,175,4
T6,5,0,36,1
T7,6,0,46,2
T8,7,1,105,24
T9,8,0,200,16
[295]
T1,0,0,200,25
T2,1,1,110,7
T3,2,1,52,2
T4,3,0,150,2
T5,4,1,77,4
T6,5,0,24,2
T7,6,1,99,1
T8,7,0,198,2
T9,8,1,105,30
[296]
T1,0,0,195,24
T2,1,1,200,21
T3,2,1,22,1
T4,3,1,78,2
T5,4,0,130,1
T6,5,1,20,2
T7,6,0,117,26
T8,7,0,117,3
T9,8,0,150,7
[297]
T1,0,1,152,35
T2,1,0,60,8
T3,2,0,42,1
T4,3,1,190,10
T5,4,1,66,1
T6,5,0,70,3
T7,6,1,114,2
T8,7,1,33,2
T9,8,0,200,30
[298]
T1,0,0,200,17
T2,1,0,44,2
T3,2,0,100,11
T4,3,0,165,19
T5,4,1,86,13
T6,5,1,132,6
T7,6,1,150,7
T8,7,0,86,3
T9,8,1,44,2
[299]
T1,0,1,80,17
T2,1,1,200,9
T3,2,1,28,2
T4,3,1,195,2
T5,4,1,56,4
T6,5,1,70,14
T7,6,0,192,17
T8,7,0,34,1
T9,8,0,84,2
[300]
T1,0,1,69,3
T2,1,1,175,2
T3,2,0,29,8
T4,3,0,30,2
T5,4,0,200,4
T6,5,0,90,3
T7,6,1,126,10
T8,7,0,115,4
T9,8,1,189,14
[301]
T1,0,1,21,2
T2,1,0,200,29
T3,2,0,56,1
T4,3,1,87,5
T5,4,1,180,1
T6,5,0,100,22
T7,6,1,180,7
T8,7,1,42,1
T9,8,0,56,2
[302]
T1,0,0,175,12
T2,1,0,180,6
T3,2,1,90,11
T4,3,0,60,2
T5,4,0,70,2
T6,5,0,134,3
T7,6,1,28,1
T8,7,0,51,15
T9,8,1,200,5
[303]
T1,0,1,100,2
T2,1,0,74,1
T3,2,1,175,8
T4,3,1,48,6
T5,4,0,28,1
T6,5,0,75,2
T7,6,0,200,3
T8,7,1,111,41
T9,8,1,148,5
[304]
T1,0,1,200,6
T2,1,1,120,10
T3,2,0,169,5
T4,3,1,64,3
T5,4,0,26,5
T6,5,0,156,9
T7,6,0,64,5
T8,7,0,40,5
T9,8,0,64,2
[305]
T1,0,0,98,13
T2,1,1,22,5
T3,2,1,150,9
T4,3,0,28,1
T5,4,1,200,1
T6,5,0,168,6
T7,6,1,112,8
T8,7,0,88,3
T9,8,1,75,2
[306]
T1,0,0,168,30
T2,1,0,200,8
T3,2,1,24,3
T4,3,1,30,2
T5,4,0,110,8
T6,5,0,198,19
T7,6,0,140,13
T8,7,0,108,1
T9,8,0,100,2
[307]
T1,0,1,80,13
T2,1,1,84,11
T3,2,1,114,2
T4,3,1,200,26
T5,4,0,100,1
T6,5,1,37,1
T7,6,1,168,2
T8,7,1,36,3
T9,8,0,152,14
[308]
T1,0,0,70,2
T2,1,0,160,27
T3,2,0,60,1
T4,3,0,126,10
T5,4,1,24,4
T6,5,1,49,2
T7,6,0,150,7
T8,7,0,200,19
T9,8,1,76,4
[309]
T1,0,0,96,6
T2,1,0,75,10
T3,2,0,192,2
T4,3,1,76,8
T5,4,0,37,1
T6,5,1,64,2
T7,6,0,200,7
T8,7,0,30,4
T9,8,1,192,21
[310]
T1,0,0,105,1
T2,1,1,22,2
T3,2,0,56,5
T4,3,1,200,40
T5,4,1,106,1
T6,5,1,175,48
T7,6,1,45,2
T8,7,1,72,4
T9,8,1,175,6
[311]
T1,0,0,150,1
T2,1,1,60,14
T3,2,0,200,7
T4,3,0,150,4
T5,4,1,53,1
T6,5,1,94,19
T7,6,1,40,2
T8,7,0,105,2
T9,8,0,96,6
[312]
T1,0,0,168,29
T2,1,1,175,24
T3,2,0,128,4
T4,3,0,130,7
T5,4,1,40,1
T6,5,1,39,2
T7,6,1,200,21
T8,7,0,60,2
T9,8,1,128,14
[313]
T1,0,1,125,1
T2,1,1,100,4
T3,2,1,200,2
T4,3,1,56,7
T5,4,1,75,2
T6,5,0,37,3
T7,6,1,189,53
T8,7,1,160,10
T9,8,0,27,2
[314]
T1,0,1,126,2
T2,1,0,72,1
T3,2,0,200,1
T4,3,1,42,10
T5,4,0,105,10
T6,5,0,198,40
T7,6,1,43,2
T8,7,1,63,5
T9,8,1,180,1
[315]
T1,0,0,92,2
T2,1,1,24,5
T3,2,0,200,17
T4,3,0,27,2
T5,4,1,120,2
T6,5,1,161,19
T7,6,1,92,5
T8,7,0,175,2
T9,8,0,135,15
[316]
T1,0,1,154,10
T2,1,1,154,16
T3,2,1,23,2
T4,3,0,60,2
T5,4,0,112,8
T6,5,0,200,11
T7,6,1,144,11
T8,7,1,105,18
T9,8,1,21,1
[317]
T1,0,0,200,13
T2,1,1,99,7
T3,2,1,100,9
T4,3,1,60,8
T5,4,0,40,3
T6,5,0,77,7
T7,6,1,47,2
T8,7,1,165,21
T9,8,1,160,1
[318]
T1,0,1,25,2
T2,1,1,200,2
T3,2,0,32,1
T4,3,0,150,6
T5,4,0,92,21
T6,5,0,104,4
T7,6,1,104,11
T8,7,1,72,9
T9,8,1,184,11
[319]
T1,0,0,60,4
T2,1,0,90,32
T3,2,1,187,19
T4,3,1,200,3
T5,4,1,66,1
T6,5,0,40,2
T7,6,1,180,4
T8,7,0,40,1
T9,8,1,85,4
[320]
T1,0,1,112,9
T2,1,1,21,2
T3,2,0,117,3
T4,3,1,70,21
T5,4,0,180,2
T6,5,0,200,11
T7,6,0,120,16
T8,7,1,26,2
T9,8,1,160,4
[321]
T1,0,0,50,2
T2,1,0,156,8
T3,2,1,140,2
T4,3,1,60,5
T5,4,1,33,2
T6,5,0,80,1
T7,6,1,140,11
T8,7,0,192,74
T9,8,1,200,4
[322]
T1,0,1,200,23
T2,1,0,44,5
T3,2,0,69,5
T4,3,1,184,27
T5,4,0,100,1
T6,5,0,105,1
T7,6,0,125,2
T8,7,1,23,3
T9,8,1,168,3
[323]
T1,0,0,84,2
T2,1,0,105,3
T3,2,1,200,14
T4,3,0,168,16
T5,4,0,59,1
T6,5,1,24,5
T7,6,0,72,14
T8,7,1,36,2
T9,8,1,180,2
[324]
T1,0,1,42,4
T2,1,0,105,4
T3,2,1,117,9
T4,3,1,200,6
T5,4,0,72,13
T6,5,1,156,24
T7,6,1,160,8
T8,7,0,52,2
T9,8,0,65,2
[325]
T1,0,1,49,1
T2,1,1,105,16
T3,2,0,175,1
T4,3,0,35,4
T5,4,0,200,8
T6,5,0,96,22
T7,6,0,56,1
T8,7,0,91,2
T9,8,0,160,12
[326]
T1,0,1,37,3
T2,1,0,160,7
T3,2,0,140,30
T4,3,0,65,4
T5,4,0,168,16
T6,5,0,70,2
T7,6,1,84,2
T8,7,0,40,1
T9,8,1,200,18
[327]
T1,0,1,26,2
T2,1,0,100,8
T3,2,0,31,2
T4,3,0,117,17
T5,4,0,200,32
T6,5,0,125,3
T7,6,1,195,2
T8,7,0,100,2
T9,8,1,180,36
[328]
T1,0,0,180,36
T2,1,0,92,4
T3,2,1,92,6
T4,3,0,84,7
T5,4,0,20,1
T6,5,1,30,3
T7,6,1,175,2
T8,7,0,200,6
T9,8,0,70,6
[329]
T1,0,0,168,2
T2,1,1,60,5
T3,2,1,168,17
T4,3,0,28,3
T5,4,1,94,3
T6,5,0,200,15
T7,6,1,60,8
T8,7,1,45,3
T9,8,1,140,7
[330]
T1,0,0,105,2
T2,1,1,44,1
T3,2,1,63,9
T4,3,0,40,3
T5,4,1,56,3
T6,5,0,154,8
T7,6,0,75,12
T8,7,1,200,6
T9,8,1,176,19
[331]
T1,0,0,65,2
T2,1,1,91,1
T3,2,0,34,2
T4,3,0,175,11
T5,4,0,110,19
T6,5,0,143,14
T7,6,1,175,6
T8,7,1,52,2
T9,8,1,200,32
[332]
T1,0,0,132,2
T2,1,1,176,1
T3,2,1,60,2
T4,3,1,22,2
T5,4,1,84,22
T6,5,1,35,5
T7,6,0,120,2
T8,7,1,200,20
T9,8,1,180,8
[333]
T1,0,1,99,4
T2,1,1,48,1
T3,2,1,200,8
T4,3,1,140,13
T5,4,0,63,1
T6,5,1,168,8
T7,6,1,110,3
T8,7,0,22,7
T9,8,1,154,7
[334]
T1,0,0,25,2
T2,1,0,98,7
T3,2,1,22,2
T4,3,0,132,5
T5,4,0,176,26
T6,5,1,70,2
T7,6,0,176,41
T8,7,1,200,18
T9,8,0,70,2
[335]
T1,0,1,162,10
T2,1,1,75,3
T3,2,0,140,22
T4,3,1,162,21
T5,4,0,50,3
T6,5,1,28,2
T7,6,0,56,4
T8,7,1,63,8
T9,8,0,200,1
[336]
T1,0,1,112,27
T2,1,0,190,2
T3,2,0,42,2
T4,3,0,200,7
T5,4,0,96,6
T6,5,1,39,1
T7,6,0,180,24
T8,7,0,120,10
T9,8,0,90,6
[337]
T1,0,0,51,2
T2,1,0,175,3
T3,2,0,90,18
T4,3,0,152,2
T5,4,1,84,2
T6,5,0,144,8
T7,6,1,30,2
T8,7,1,76,8
T9,8,1,200,26
[338]
T1,0,0,105,4
T2,1,1,104,14
T3,2,1,50,5
T4,3,0,160,24
T5,4,0,78,13
T6,5,1,63,2
T7,6,0,28,2
T8,7,1,200,2
T9,8,1,160,8
[339]
T1,0,0,128,11
T2,1,0,120,3
T3,2,1,28,3
T4,3,1,100,2
T5,4,1,195,2
T6,5,0,200,10
T7,6,1,112,15
T8,7,0,24,3
T9,8,1,182,14
[340]
T1,0,1,80,3
T2,1,0,126,5
T3,2,1,70,4
T4,3,1,200,46
T5,4,1,60,4
T6,5,1,33,2
T7,6,0,168,17
T8,7,0,40,2
T9,8,0,184,21
[341]
T1,0,0,170,11
T2,1,0,60,16
T3,2,0,60,2
T4,3,1,36,1
T5,4,0,93,2
T6,5,0,180,36
T7,6,1,200,5
T8,7,1,32,2
T9,8,1,90,4
[342]
T1,0,0,115,3
T2,1,1,24,6
T3,2,1,200,15
T4,3,0,156,12
T5,4,0,125,3
T6,5,1,24,2
T7,6,1,125,18
T8,7,1,69,1
T9,8,1,156,3
[343]
T1,0,0,28,2
T2,1,0,150,13
T3,2,1,200,1
T4,3,1,72,7
T5,4,1,180,15
T6,5,0,104,9
T7,6,1,70,2
T8,7,0,34,1
T9,8,0,126,25
[344]
T1,0,1,200,1
T2,1,0,25,2
T3,2,1,60,2
T4,3,1,189,6
T5,4,0,132,12
T6,5,0,175,11
T7,6,0,99,19
T8,7,0,66,10
T9,8,0,46,2
[345]
T1,0,1,138,2
T2,1,1,60,8
T3,2,1,20,2
T4,3,1,41,3
T5,4,1,55,1
T6,5,1,200,40
T7,6,0,138,3
T8,7,1,198,3
T9,8,1,180,15
[346]
T1,0,1,48,1
T2,1,1,132,16
T3,2,1,64,2
T4,3,1,46,2
T5,4,0,176,7
T6,5,0,200,2
T7,6,1,96,12
T8,7,0,140,34
T9,8,0,165,3
[347]
T1,0,1,150,8
T2,1,1,200,38
T3,2,1,90,13
T4,3,0,40,2
T5,4,0,108,3
T6,5,0,80,5
T7,6,1,150,7
T8,7,1,27,1
T9,8,0,99,5
[348]
T1,0,0,200,3
T2,1,1,36,2
T3,2,1,182,10
T4,3,0,140,18
T5,4,1,34,1
T6,5,0,189,22
T7,6,0,120,21
T8,7,1,135,15
T9,8,0,60,1
[349]
T1,0,0,108,3
T2,1,1,72,2
T3,2,1,160,13
T4,3,1,20,2
T5,4,1,162,58
T6,5,0,28,1
T7,6,0,72,3
T8,7,0,200,13
T9,8,0,105,4
[350]
T1,0,1,54,2
T2,1,1,40,6
T3,2,1,99,5
T4,3,0,200,3
T5,4,0,51,2
T6,5,1,64,10
T7,6,0,176,5
T8,7,0,192,18
T9,8,1,72,8
[351]
T1,0,1,49,1
T2,1,0,42,4
T3,2,0,132,6
T4,3,1,140,12
T5,4,0,70,6
T6,5,0,176,6
T7,6,1,98,2
T8,7,1,200,23
T9,8,0,168,27
[352]
T1,0,0,126,2
T2,1,0,105,12
T3,2,1,80,11
T4,3,1,35,2
T5,4,0,80,15
T6,5,0,168,4
T7,6,1,189,2
T8,7,1,40,2
T9,8,1,200,18
[353]
T1,0,1,80,5
T2,1,0,200,9
T3,2,0,198,2
T4,3,0,99,20
T5,4,0,132,3
T6,5,1,72,6
T7,6,1,50,2
T8,7,1,23,1
T9,8,1,189,36
[354]
T1,0,0,200,9
T2,1,0,96,2
T3,2,1,24,2
T4,3,0,168,10
T5,4,0,168,2
T6,5,0,48,10
T7,6,0,132,6
T8,7,1,80,12
T9,8,0,110,12
[355]
T1,0,0,32,3
T2,1,0,192,27
T3,2,0,192,48
T4,3,1,90,6
T5,4,1,42,1
T6,5,1,114,2
T7,6,0,114,6
T8,7,0,90,2
T9,8,0,200,1
[356]
T1,0,1,36,2
T2,1,0,180,5
T3,2,1,150,15
T4,3,1,200,22
T5,4,1,75,17
T6,5,1,108,1
T7,6,1,24,2
T8,7,0,102,1
T9,8,0,100,8
[357]
T1,0,0,92,2
T2,1,0,36,1
T3,2,0,69,19
T4,3,1,189,21
T5,4,0,54,2
T6,5,0,200,1
T7,6,0,25,2
T8,7,1,161,8
T9,8,0,120,15
[358]
T1,0,1,28,2
T2,1,1,22,2
T3,2,1,60,2
T4,3,0,200,22
T5,4,1,133,1
T6,5,1,100,4
T7,6,0,175,29
T8,7,0,168,19
T9,8,0,56,5
[359]
T1,0,0,156,1
T2,1,1,200,21
T3,2,0,60,6
T4,3,1,40,5
T5,4,1,66,5
T6,5,1,43,3
T7,6,1,143,6
T8,7,0,176,4
T9,8,1,75,6
[360]
T1,0,0,180,4
T2,1,1,69,13
T3,2,1,48,4
T4,3,1,53,2
T5,4,0,200,4
T6,5,1,75,15
T7,6,0,198,23
T8,7,1,144,1
T9,8,0,115,1
[361]
T1,0,0,130,2
T2,1,1,200,2
T3,2,1,130,6
T4,3,1,50,3
T5,4,0,102,18
T6,5,1,48,4
T7,6,0,160,17
T8,7,0,160,15
T9,8,0,102,9
[362]
T1,0,1,112,4
T2,1,1,130,14
T3,2,0,22,2
T4,3,0,200,37
T5,4,0,192,8
T6,5,1,21,3
T7,6,1,195,12
T8,7,0,60,4
T9,8,1,75,2
[363]
T1,0,1,180,2
T2,1,0,96,1
T3,2,0,84,10
T4,3,0,75,5
T5,4,1,49,8
T6,5,0,180,18
T7,6,1,99,14
T8,7,0,200,5
T9,8,1,45,1
[364]
T1,0,1,156,6
T2,1,0,168,15
T3,2,0,112,2
T4,3,1,200,21
T5,4,1,24,3
T6,5,0,90,1
T7,6,0,35,7
T8,7,1,104,7
T9,8,1,108,2
[365]
T1,0,1,24,2
T2,1,1,168,12
T3,2,1,105,11
T4,3,1,165,23
T5,4,1,200,6
T6,5,1,32,2
T7,6,1,77,2
T8,7,0,140,10
T9,8,0,112,6
[366]
T1,0,0,114,3
T2,1,1,36,3
T3,2,0,165,4
T4,3,1,28,6
T5,4,1,88,2
T6,5,0,168,2
T7,6,0,56,6
T8,7,1,200,3
T9,8,1,57,9
[367]
T1,0,1,196,6
T2,1,0,50,5
T3,2,0,80,2
T4,3,1,200,45
T5,4,1,43,5
T6,5,1,56,1
T7,6,1,192,5
T8,7,1,96,3
T9,8,0,120,14
[368]
T1,0,0,144,13
T2,1,1,156,14
T3,2,1,200,2
T4,3,1,160,5
T5,4,0,84,9
T6,5,1,33,2
T7,6,0,70,1
T8,7,0,25,4
T9,8,1,80,6
[369]
T1,0,1,43,8
T2,1,0,200,28
T3,2,0,44,2
T4,3,1,84,10
T5,4,0,91,2
T6,5,0,175,3
T7,6,0,154,3
T8,7,0,91,2
T9,8,0,140,14
[370]
T1,0,1,95,3
T2,1,1,190,23
T3,2,1,133,1
T4,3,1,100,7
T5,4,0,160,12
T6,5,0,72,2
T7,6,1,200,1
T8,7,1,30,2
T9,8,1,40,11
[371]
T1,0,0,30,3
T2,1,0,147,9
T3,2,0,60,3
T4,3,1,22,2
T5,4,1,200,22
T6,5,0,95,8
T7,6,1,95,2
T8,7,0,196,20
T9,8,1,140,17
[372]
T1,0,1,46,2
T2,1,1,110,13
T3,2,0,140,4
T4,3,1,84,10
T5,4,0,110,18
T6,5,1,180,13
T7,6,1,180,15
T8,7,1,25,1
T9,8,1,200,8
[373]
T1,0,0,200,4
T2,1,0,25,2
T3,2,0,150,40
T4,3,1,84,5
T5,4,0,104,10
T6,5,1,65,2
T7,6,1,120,5
T8,7,0,180,23
T9,8,1,20,2
[374]
T1,0,0,143,16
T2,1,1,200,20
T3,2,1,108,3
T4,3,1,130,12
T5,4,0,27,2
T6,5,1,120,14
T7,6,1,150,7
T8,7,1,198,7
T9,8,0,25,2
[375]
T1,0,0,145,12
T2,1,1,200,4
T3,2,0,100,18
T4,3,1,176,3
T5,4,0,88,12
T6,5,0,41,2
T7,6,1,66,6
T8,7,0,24,2
T9,8,0,176,5
[376]
T1,0,1,85,2
T2,1,1,80,1
T3,2,1,120,11
T4,3,1,150,4
T5,4,0,20,4
T6,5,1,50,1
T7,6,0,160,2
T8,7,0,200,8
T9,8,0,60,14
[377]
T1,0,1,105,18
T2,1,0,130,11
T3,2,1,200,1
T4,3,0,120,10
T5,4,0,120,6
T6,5,0,39,1
T7,6,1,170,15
T8,7,1,30,4
T9,8,1,170,2
[378]
T1,0,1,48,9
T2,1,0,95,1
T3,2,1,200,12
T4,3,0,32,2
T5,4,1,171,34
T6,5,1,84,1
T7,6,0,140,1
T8,7,1,120,2
T9,8,1,160,25
[379]
T1,0,0,41,2
T2,1,0,50,4
T3,2,0,160,24
T4,3,1,99,5
T5,4,1,198,33
T6,5,0,88,5
T7,6,0,200,6
T8,7,1,90,1
T9,8,0,90,5
[380]
T1,0,0,200,17
T2,1,1,78,2
T3,2,0,78,14
T4,3,1,46,2
T5,4,1,100,14
T6,5,1,20,2
T7,6,1,156,16
T8,7,1,108,5
T9,8,1,195,2
[381]
T1,0,0,28,2
T2,1,1,180,4
T3,2,1,120,3
T4,3,0,168,7
T5,4,1,200,13
T6,5,0,56,2
T7,6,0,98,39
T8,7,0,47,2
T9,8,0,132,6
[382]
T1,0,0,150,9
T2,1,0,65,3
T3,2,1,54,2
T4,3,1,45,1
T5,4,1,180,3
T6,5,1,105,15
T7,6,1,117,2
T8,7,1,200,2
T9,8,0,130,47
[383]
T1,0,1,66,15
T2,1,0,200,43
T3,2,1,75,6
T4,3,1,63,2
T5,4,0,90,4
T6,5,0,165,7
T7,6,0,24,2
T8,7,0,189,9
T9,8,0,36,2
[384]
T1,0,0,120,4
T2,1,1,90,2
T3,2,0,60,2
T4,3,1,200,18
T5,4,0,155,7
T6,5,1,132,6
T7,6,0,165,14
T8,7,1,26,6
T9,8,1,50,5
[385]
T1,0,1,200,9
T2,1,0,63,4
T3,2,0,168,23
T4,3,1,70,2
T5,4,1,124,1
T6,5,1,144,9
T7,6,1,42,7
T8,7,0,28,2
T9,8,1,150,20
[386]
T1,0,1,200,8
T2,1,0,180,2
T3,2,0,189,13
T4,3,0,29,1
T5,4,1,54,1
T6,5,0,120,1
T7,6,0,105,22
T8,7,1,65,14
T9,8,0,36,1
[387]
T1,0,1,117,6
T2,1,0,156,6
T3,2,0,180,14
T4,3,0,110,15
T5,4,1,22,5
T6,5,0,75,2
T7,6,0,200,2
T8,7,1,32,2
T9,8,0,110,2
[388]
T1,0,1,96,18
T2,1,0,96,8
T3,2,0,56,1
T4,3,0,162,9
T5,4,1,200,18
T6,5,0,27,2
T7,6,0,160,8
T8,7,1,30,2
T9,8,1,60,5
[389]
T1,0,0,184,12
T2,1,0,200,2
T3,2,1,140,2
T4,3,0,92,3
T5,4,0,56,12
T6,5,1,161,5
T7,6,0,42,2
T8,7,1,48,9
T9,8,1,75,3
[390]
T1,0,1,200,2
T2,1,0,50,17
T3,2,0,100,2
T4,3,0,165,8
T5,4,1,144,6
T6,5,0,165,29
T7,6,0,39,2
T8,7,1,144,6
T9,8,1,108,2
[391]
T1,0,1,95,17
T2,1,1,168,17
T3,2,1,154,13
T4,3,0,31,5
T5,4,0,100,2
T6,5,1,200,13
T7,6,0,30,2
T8,7,1,114,1
T9,8,0,76,2
[392]
T1,0,1,168,14
T2,1,0,200,12
T3,2,0,54,5
T4,3,1,108,1
T5,4,0,50,3
T6,5,1,47,2
T7,6,1,114,2
T8,7,0,180,4
T9,8,0,108,30
[393]
T1,0,1,105,18
T2,1,0,166,2
T3,2,0,40,5
T4,3,0,29,3
T5,4,0,140,12
T6,5,1,105,5
T7,6,0,112,2
T8,7,0,166,6
T9,8,1,200,12
[394]
T1,0,1,140,10
T2,1,1,154,5
T3,2,0,70,2
T4,3,0,41,1
T5,4,0,200,21
T6,5,0,160,3
T7,6,1,60,7
T8,7,1,35,7
T9,8,1,66,2
[395]
T1,0,0,44,5
T2,1,1,112,9
T3,2,0,200,17
T4,3,0,21,2
T5,4,0,168,4
T6,5,0,75,6
T7,6,0,198,2
T8,7,0,126,20
T9,8,1,120,14
[396]
T1,0,1,21,1
T2,1,1,180,10
T3,2,1,200,5
T4,3,1,36,3
T5,4,1,80,3
T6,5,1,126,1
T7,6,0,90,20
T8,7,1,144,5
T9,8,1,155,19
[397]
T1,0,1,90,6
T2,1,1,114,19
T3,2,0,35,2
T4,3,1,140,24
T5,4,1,108,5
T6,5,0,168,20
T7,6,1,175,3
T8,7,1,200,11
T9,8,1,29,2
[398]
T1,0,1,112,12
T2,1,0,34,3
T3,2,0,140,4
T4,3,1,60,3
T5,4,0,200,6
T6,5,1,56,6
T7,6,1,147,10
T8,7,0,150,3
T9,8,0,27,4
[399]
T1,0,0,56,2
T2,1,0,144,3
T3,2,1,32,5
T4,3,1,200,10
T5,4,0,104,2
T6,5,1,156,10
T7,6,0,50,1
T8,7,1,120,28
T9,8,1,180,16
[400]
T1,0,0,21,2
T2,1,0,45,2
T3,2,1,140,2
T4,3,1,175,1
T5,4,1,150,38
T6,5,0,88,2
T7,6,0,55,10
T8,7,1,88,12
T9,8,1,200,5
[401]
T1,0,0,182,4
T2,1,0,84,4
T3,2,0,84,8
T4,3,0,47,2
T5,4,0,27,3
T6,5,0,200,6
T7,6,1,144,5
T8,7,0,175,46
T9,8,0,120,3
[402]
T1,0,0,152,9
T2,1,0,63,14
T3,2,1,200,1
T4,3,0,80,2
T5,4,0,48,1
T6,5,1,160,7
T7,6,0,96,9
T8,7,1,75,2
T9,8,0,24,3
[403]
T1,0,1,25,1
T2,1,0,200,46
T3,2,0,175,7
T4,3,1,165,5
T5,4,0,110,9
T6,5,1,120,5
T7,6,0,63,4
T8,7,1,25,2
T9,8,0,77,7
[404]
T1,0,1,150,15
T2,1,1,160,4
T3,2,0,26,6
T4,3,1,25,1
T5,4,0,56,2
T6,5,0,135,12
T7,6,0,200,3
T8,7,1,120,2
T9,8,1,64,8
[405]
T1,0,1,55,1
T2,1,0,75,13
T3,2,1,200,3
T4,3,0,49,2
T5,4,1,64,4
T6,5,1,22,6
T7,6,0,168,12
T8,7,0,168,1
T9,8,0,88,2
[406]
T1,0,1,56,5
T2,1,0,56,1
T3,2,0,180,16
T4,3,0,155,8
T5,4,1,33,4
T6,5,1,70,1
T7,6,1,200,28
T8,7,0,75,9
T9,8,1,28,2
[407]
T1,0,0,200,10
T2,1,1,198,12
T3,2,0,25,1
T4,3,0,66,1
T5,4,1,99,13
T6,5,1,138,2
T7,6,1,72,10
T8,7,1,184,7
T9,8,1,26,4
[408]
T1,0,0,68,2
T2,1,0,100,3
T3,2,1,40,9
T4,3,0,64,4
T5,4,0,165,11
T6,5,1,160,5
T7,6,0,96,6
T8,7,0,200,17
T9,8,0,44,2
[409]
T1,0,0,37,2
T2,1,1,168,33
T3,2,0,84,4
T4,3,0,126,5
T5,4,0,53,2
T6,5,0,200,16
T7,6,0,72,2
T8,7,0,84,12
T9,8,0,180,6
[410]
T1,0,0,117,3
T2,1,1,41,5
T3,2,1,91,2
T4,3,0,65,4
T5,4,1,200,39
T6,5,1,112,2
T7,6,1,195,2
T8,7,1,150,4
T9,8,0,20,3
[411]
T1,0,1,162,33
T2,1,1,108,1
T3,2,0,120,18
T4,3,1,48,2
T5,4,0,81,7
T6,5,0,72,5
T7,6,1,171,13
T8,7,1,200,4
T9,8,1,49,1
[412]
T1,0,1,26,2
T2,1,1,200,2
T3,2,1,165,9
T4,3,0,104,2
T5,4,1,55,13
T6,5,0,140,11
T7,6,1,66,3
T8,7,0,168,6
T9,8,1,32,2
[413]
T1,0,0,200,31
T2,1,0,66,2
T3,2,0,154,11
T4,3,0,66,5
T5,4,1,165,5
T6,5,0,33,2
T7,6,1,143,17
T8,7,1,34,2
T9,8,1,56,6
[414]
T1,0,0,150,2
T2,1,0,144,4
T3,2,0,56,1
T4,3,1,64,18
T5,4,0,26,2
T6,5,0,160,6
T7,6,0,36,8
T8,7,0,125,2
T9,8,0,200,2
[415]
T1,0,0,176,27
T2,1,0,200,6
T3,2,0,99,4
T4,3,0,55,2
T5,4,0,143,21
T6,5,1,198,7
T7,6,1,50,9
T8,7,0,66,2
T9,8,0,51,3
[416]
T1,0,0,100,2
T2,1,0,200,36
T3,2,1,30,8
T4,3,1,92,2
T5,4,0,25,1
T6,5,1,175,7
T7,6,1,98,2
T8,7,0,84,2
T9,8,1,196,19
[417]
T1,0,0,48,2
T2,1,1,200,10
T3,2,1,104,5
T4,3,0,23,3
T5,4,1,160,21
T6,5,0,128,4
T7,6,0,192,20
T8,7,1,128,23
T9,8,0,60,2
[418]
T1,0,0,26,2
T2,1,0,104,5
T3,2,1,150,4
T4,3,0,78,9
T5,4,0,102,22
T6,5,1,200,1
T7,6,1,156,3
T8,7,1,51,6
T9,8,0,75,6
[419]
T1,0,0,200,35
T2,1,0,32,2
T3,2,1,150,19
T4,3,0,165,3
T5,4,0,76,2
T6,5,0,110,16
T7,6,0,57,9
T8,7,0,23,2
T9,8,0,96,2
[420]
T1,0,0,75,5
T2,1,0,27,1
T3,2,1,81,1
T4,3,0,200,31
T5,4,0,100,2
T6,5,1,168,22
T7,6,0,196,38
T8,7,0,29,2
T9,8,0,120,1
[421]
T1,0,0,112,15
T2,1,1,91,15
T3,2,0,150,7
T4,3,0,50,2
T5,4,0,180,3
T6,5,1,72,1
T7,6,1,140,12
T8,7,1,42,6
T9,8,1,200,11
[422]
T1,0,0,47,1
T2,1,1,100,17
T3,2,1,200,32
T4,3,1,40,4
T5,4,1,114,2
T6,5,0,176,17
T7,6,1,120,7
T8,7,1,150,2
T9,8,1,100,1
[423]
T1,0,0,72,10
T2,1,1,21,2
T3,2,1,36,5
T4,3,1,165,7
T5,4,0,96,17
T6,5,1,77,4
T7,6,0,176,3
T8,7,0,56,1
T9,8,0,200,9
[424]
T1,0,0,200,21
T2,1,0,176,27
T3,2,0,80,1
T4,3,1,55,2
T5,4,0,34,5
T6,5,0,55,2
T7,6,1,105,2
T8,7,1,189,21
T9,8,1,30,2
[425]
T1,0,1,200,1
T2,1,0,42,3
T3,2,1,70,12
T4,3,1,175,12
T5,4,0,145,6
T6,5,1,60,4
T7,6,1,28,2
T8,7,1,174,13
T9,8,0,116,5
[426]
T1,0,0,128,9
T2,1,0,112,8
T3,2,1,175,8
T4,3,0,41,1
T5,4,1,70,11
T6,5,1,200,30
T7,6,0,80,1
T8,7,1,47,3
T9,8,1,164,9
[427]
T1,0,1,85,2
T2,1,0,96,14
T3,2,1,153,11
T4,3,1,80,3
T5,4,1,25,3
T6,5,0,200,13
T7,6,0,102,14
T8,7,1,32,1
T9,8,1,153,6
[428]
T1,0,1,136,30
T2,1,0,90,2
T3,2,1,156,1
T4,3,1,53,2
T5,4,0,200,26
T6,5,1,68,2
T7,6,1,75,7
T8,7,1,195,18
T9,8,0,48,2
[429]
T1,0,1,165,13
T2,1,1,150,21
T3,2,1,88,7
T4,3,0,126,6
T5,4,1,36,1
T6,5,0,200,2
T7,6,1,80,2
T8,7,0,26,2
T9,8,0,90,22
[430]
T1,0,0,105,3
T2,1,1,150,9
T3,2,0,42,7
T4,3,0,30,1
T5,4,1,85,2
T6,5,1,84,9
T7,6,0,90,17
T8,7,1,153,6
T9,8,0,200,5
[431]
T1,0,0,36,2
T2,1,0,102,5
T3,2,0,175,1
T4,3,1,20,1
T5,4,1,72,13
T6,5,0,96,21
T7,6,1,200,11
T8,7,1,175,4
T9,8,0,85,3
[432]
T1,0,0,133,16
T2,1,0,154,5
T3,2,1,105,2
T4,3,0,190,2
T5,4,0,77,13
T6,5,0,21,3
T7,6,0,200,28
T8,7,1,55,2
T9,8,0,21,2
[433]
T1,0,1,100,4
T2,1,0,60,4
T3,2,1,200,11
T4,3,0,162,18
T5,4,0,108,9
T6,5,0,136,1
T7,6,0,36,3
T8,7,0,162,18
T9,8,0,44,3
[434]
T1,0,1,42,1
T2,1,0,160,4
T3,2,1,171,4
T4,3,1,90,3
T5,4,0,35,3
T6,5,1,57,3
T7,6,1,84,19
T8,7,0,200,21
T9,8,1,140,9
[435]
T1,0,0,35,6
T2,1,0,182,20
T3,2,1,28,1
T4,3,0,104,8
T5,4,1,150,2
T6,5,0,77,7
T7,6,0,105,6
T8,7,0,65,5
T9,8,0,200,6
[436]
T1,0,1,150,2
T2,1,1,61,1
T3,2,1,29,2
T4,3,0,200,25
T5,4,1,150,5
T6,5,1,61,1
T7,6,0,38,7
T8,7,1,100,25
T9,8,1,75,1
[437]
T1,0,1,76,10
T2,1,0,76,7
T3,2,0,160,12
T4,3,0,200,4
T5,4,1,45,1
T6,5,1,36,5
T7,6,1,64,2
T8,7,1,152,10
T9,8,0,72,4
[438]
T1,0,1,70,2
T2,1,1,42,3
T3,2,0,66,4
T4,3,1,38,6
T5,4,0,120,2
T6,5,1,120,20
T7,6,1,175,11
T8,7,0,180,1
T9,8,0,200,23
[439]
T1,0,0,63,1
T2,1,0,36,6
T3,2,1,140,16
T4,3,0,180,35
T5,4,0,145,10
T6,5,1,200,4
T7,6,1,174,2
T8,7,0,24,2
T9,8,1,126,2
[440]
T1,0,0,180,3
T2,1,0,44,4
T3,2,0,21,4
T4,3,0,168,13
T5,4,1,75,10
T6,5,1,140,2
T7,6,0,126,15
T8,7,1,200,3
T9,8,1,126,1
[441]
T1,0,0,24,1
T2,1,1,165,19
T3,2,0,77,3
T4,3,0,112,15
T5,4,1,200,2
T6,5,0,22,2
T7,6,1,150,3
T8,7,0,112,9
T9,8,0,90,8
[442]
T1,0,1,200,12
T2,1,1,108,14
T3,2,1,20,1
T4,3,0,180,10
T5,4,0,24,2
T6,5,0,56,2
T7,6,1,54,2
T8,7,0,130,2
T9,8,1,182,51
[443]
T1,0,1,124,9
T2,1,0,31,2
T3,2,1,200,7
T4,3,1,110,5
T5,4,0,72,13
T6,5,0,62,3
T7,6,1,150,20
T8,7,1,24,1
T9,8,1,186,21
[444]
T1,0,1,200,4
T2,1,1,50,12
T3,2,1,147,20
T4,3,0,37,4
T5,4,0,189,5
T6,5,0,80,1
T7,6,0,175,21
T8,7,0,75,2
T9,8,1,126,2
[445]
T1,0,0,28,2
T2,1,1,150,2
T3,2,0,102,2
T4,3,1,30,1
T5,4,0,102,10
T6,5,1,200,15
T7,6,1,132,13
T8,7,1,102,13
T9,8,0,150,24
[446]
T1,0,1,185,25
T2,1,0,80,3
T3,2,1,200,16
T4,3,1,34,1
T5,4,0,90,6
T6,5,0,180,1
T7,6,1,24,2
T8,7,0,74,6
T9,8,0,75,10
[447]
T1,0,0,60,11
T2,1,1,186,3
T3,2,0,24,1
T4,3,0,200,18
T5,4,1,93,11
T6,5,0,144,2
T7,6,0,128,1
T8,7,0,192,21
T9,8,1,49,3
[448]
T1,0,0,174,27
T2,1,0,168,19
T3,2,0,105,2
T4,3,0,35,1
T5,4,0,140,13
T6,5,0,116,2
T7,6,1,44,2
T8,7,0,126,8
T9,8,1,200,38
[449]
T1,0,1,100,9
T2,1,0,175,7
T3,2,1,140,2
T4,3,1,200,6
T5,4,0,45,1
T6,5,1,150,29
T7,6,1,105,8
T8,7,1,20,2
T9,8,0,75,13
[450]
T1,0,0,64,3
T2,1,1,200,40
T3,2,1,100,5
T4,3,0,100,2
T5,4,0,160,2
T6,5,1,175,9
T7,6,1,44,7
T8,7,1,63,1
T9,8,0,30,3
[451]
T1,0,1,65,4
T2,1,0,50,5
T3,2,0,195,2
T4,3,1,200,18
T5,4,1,31,4
T6,5,0,136,8
T7,6,1,130,2
T8,7,1,150,4
T9,8,0,85,15
[452]
T1,0,0,175,33
T2,1,1,77,4
T3,2,0,91,3
T4,3,0,132,3
T5,4,0,40,5
T6,5,0,120,2
T7,6,0,200,2
T8,7,0,50,8
T9,8,0,175,8
[453]
T1,0,1,100,4
T2,1,1,50,1
T3,2,0,156,2
T4,3,0,100,9
T5,4,1,80,9
T6,5,1,80,2
T7,6,1,200,57
T8,7,1,50,4
T9,8,0,195,2
[454]
T1,0,0,133,15
T2,1,1,30,1
T3,2,1,180,3
T4,3,1,126,6
T5,4,1,34,6
T6,5,1,75,12
T7,6,1,200,5
T8,7,0,60,4
T9,8,0,150,4
[455]
T1,0,1,126,21
T2,1,1,30,2
T3,2,1,168,2
T4,3,1,54,4
T5,4,0,154,34
T6,5,1,66,4
T7,6,0,53,1
T8,7,0,108,8
T9,8,1,200,2
[456]
T1,0,0,182,11
T2,1,0,31,2
T3,2,1,27,3
T4,3,1,144,29
T5,4,1,104,6
T6,5,0,100,2
T7,6,1,200,11
T8,7,1,56,5
T9,8,0,168,8
[457]
T1,0,0,175,18
T2,1,1,50,2
T3,2,1,95,2
T4,3,0,200,23
T5,4,0,57,2
T6,5,0,23,1
T7,6,1,84,2
T8,7,0,133,2
T9,8,1,154,40
[458]
T1,0,1,192,12
T2,1,1,192,19
T3,2,0,70,6
T4,3,1,96,4
T5,4,0,200,23
T6,5,0,39,2
T7,6,0,51,8
T8,7,1,56,1
T9,8,0,70,1
[459]
T1,0,1,200,26
T2,1,1,123,12
T3,2,0,126,8
T4,3,1,75,3
T5,4,1,40,2
T6,5,1,150,32
T7,6,1,150,6
T8,7,0,105,4
T9,8,0,35,1
[460]
T1,0,1,39,2
T2,1,1,100,2
T3,2,1,23,1
T4,3,0,195,5
T5,4,0,138,19
T6,5,1,200,21
T7,6,0,72,2
T8,7,1,92,30
T9,8,1,150,3
[461]
T1,0,1,200,8
T2,1,0,20,1
T3,2,0,27,1
T4,3,0,148,20
T5,4,1,175,12
T6,5,0,60,2
T7,6,1,144,14
T8,7,1,111,2
T9,8,1,100,20
[462]
T1,0,0,100,21
T2,1,0,105,10
T3,2,1,168,9
T4,3,1,200,10
T5,4,1,140,11
T6,5,1,34,2
T7,6,0,196,9
T8,7,0,56,2
T9,8,0,37,4
[463]
T1,0,1,54,2
T2,1,0,46,5
T3,2,1,40,1
T4,3,0,70,1
T5,4,0,90,21
T6,5,1,200,2
T7,6,1,168,3
T8,7,0,88,10
T9,8,0,154,15
[464]
T1,0,1,38,3
T2,1,0,175,25
T3,2,0,20,2
T4,3,1,92,6
T5,4,1,56,5
T6,5,1,70,9
T7,6,1,56,1
T8,7,0,180,7
T9,8,1,200,12
[465]
T1,0,0,126,11
T2,1,1,154,34
T3,2,0,52,2
T4,3,0,100,14
T5,4,1,84,4
T6,5,1,120,10
T7,6,0,200,3
T8,7,1,168,9
T9,8,0,44,2
[466]
T1,0,1,84,1
T2,1,0,200,4
T3,2,0,84,2
T4,3,1,25,2
T5,4,0,53,8
T6,5,1,114,2
T7,6,1,152,42
T8,7,1,63,2
T9,8,0,180,25
[467]
T1,0,0,112,7
T2,1,0,37,4
T3,2,1,48,2
T4,3,1,168,23
T5,4,0,57,8
T6,5,0,144,17
T7,6,0,171,5
T8,7,0,75,2
T9,8,1,200,3
[468]
T1,0,1,143,2
T2,1,1,176,2
T3,2,1,91,2
T4,3,1,104,4
T5,4,0,154,11
T6,5,1,91,24
T7,6,0,200,27
T8,7,1,30,2
T9,8,1,52,5
[469]
T1,0,1,125,3
T2,1,1,168,12
T3,2,1,64,11
T4,3,1,150,26
T5,4,0,53,3
T6,5,1,200,9
T7,6,0,63,2
T8,7,0,84,6
T9,8,1,25,2
[470]
T1,0,0,200,13
T2,1,0,110,9
T3,2,1,21,3
T4,3,0,195,8
T5,4,0,41,1
T6,5,1,168,2
T7,6,1,120,3
T8,7,0,84,7
T9,8,0,75,12
[471]
T1,0,0,60,2
T2,1,1,45,2
T3,2,0,200,4
T4,3,1,130,2
T5,4,0,185,12
T6,5,0,65,15
T7,6,1,25,3
T8,7,0,180,23
T9,8,0,78,2
[472]
T1,0,0,42,4
T2,1,0,28,2
T3,2,0,200,14
T4,3,0,72,11
T5,4,0,100,10
T6,5,0,84,4
T7,6,1,135,2
T8,7,1,182,2
T9,8,0,150,29
[473]
T1,0,1,189,2
T2,1,0,84,13
T3,2,0,50,2
T4,3,1,25,2
T5,4,1,108,2
T6,5,0,105,4
T7,6,1,63,1
T8,7,1,160,55
T9,8,1,200,21
[474]
T1,0,0,198,3
T2,1,1,48,11
T3,2,1,120,1
T4,3,1,55,6
T5,4,1,80,1
T6,5,0,195,23
T7,6,0,39,1
T8,7,0,143,11
T9,8,0,200,8
[475]
T1,0,1,80,6
T2,1,0,105,8
T3,2,0,56,4
T4,3,1,160,13
T5,4,0,200,2
T6,5,1,112,2
T7,6,0,153,30
T8,7,1,41,1
T9,8,1,36,2
[476]
T1,0,1,30,1
T2,1,0,168,11
T3,2,0,68,2
T4,3,0,200,1
T5,4,0,65,2
T6,5,1,40,3
T7,6,1,105,36
T8,7,0,150,17
T9,8,0,78,2
[477]
T1,0,1,42,3
T2,1,1,200,7
T3,2,1,154,10
T4,3,0,90,1
T5,4,0,43,2
T6,5,0,66,2
T7,6,1,100,20
T8,7,1,84,15
T9,8,0,165,11
[478]
T1,0,1,100,14
T2,1,0,62,14
T3,2,0,112,2
T4,3,0,168,2
T5,4,0,180,22
T6,5,0,50,3
T7,6,0,75,1
T8,7,0,35,2
T9,8,0,200,9
[479]
T1,0,0,200,35
T2,1,0,31,2
T3,2,0,150,31
T4,3,0,180,14
T5,4,1,66,2
T6,5,1,90,6
T7,6,1,58,1
T8,7,0,45,2
T9,8,0,99,4
[480]
T1,0,1,28,1
T2,1,1,100,11
T3,2,0,140,1
T4,3,0,116,10
T5,4,0,184,36
T6,5,1,161,6
T7,6,0,44,2
T8,7,1,115,19
T9,8,0,200,3
[481]
T1,0,0,162,2
T2,1,1,200,18
T3,2,1,40,2
T4,3,0,96,2
T5,4,1,40,3
T6,5,1,70,16
T7,6,1,54,2
T8,7,1,189,45
T9,8,0,96,1
[482]
T1,0,1,26,2
T2,1,0,156,2
T3,2,0,156,1
T4,3,1,105,10
T5,4,0,20,5
T6,5,0,200,20
T7,6,1,78,7
T8,7,0,117,1
T9,8,0,126,1
[483]
T1,0,1,20,2
T2,1,0,200,3
T3,2,0,56,1
T4,3,0,94,2
T5,4,1,180,1
T6,5,1,168,11
T7,6,0,39,2
T8,7,1,140,23
T9,8,0,60,14
[484]
T1,0,0,100,1
T2,1,1,72,2
T3,2,0,33,11
T4,3,1,176,12
T5,4,0,31,1
T6,5,1,110,17
T7,6,0,200,2
T8,7,0,90,2
T9,8,1,192,8
[485]
T1,0,0,20,2
T2,1,1,38,3
T3,2,0,75,2
T4,3,1,132,2
T5,4,0,156,22
T6,5,0,200,27
T7,6,1,168,13
T8,7,1,140,12
T9,8,1,91,7
[486]
T1,0,1,162,7
T2,1,1,96,8
T3,2,0,195,1
T4,3,1,200,53
T5,4,0,144,3
T6,5,1,90,6
T7,6,0,72,3
T8,7,1,45,1
T9,8,0,26,2
[487]
T1,0,1,150,11
T2,1,0,192,27
T3,2,1,32,1
T4,3,0,110,2
T5,4,0,54,2
T6,5,1,135,1
T7,6,1,100,1
T8,7,0,200,39
T9,8,1,20,4
[488]
T1,0,1,192,2
T2,1,0,26,2
T3,2,0,72,2
T4,3,1,99,19
T5,4,1,22,2
T6,5,0,150,5
T7,6,0,72,11
T8,7,0,200,12
T9,8,0,144,25
[489]
T1,0,1,176,8
T2,1,0,115,2
T3,2,0,160,2
T4,3,1,115,37
T5,4,0,200,3
T6,5,0,88,4
T7,6,0,40,2
T8,7,0,55,3
T9,8,1,52,7
[490]
T1,0,1,175,1
T2,1,0,90,15
T3,2,1,168,17
T4,3,1,24,2
T5,4,0,135,9
T6,5,1,21,2
T7,6,0,136,9
T8,7,1,200,15
T9,8,0,119,4
[491]
T1,0,1,51,1
T2,1,1,180,7
T3,2,0,200,57
T4,3,1,87,1
T5,4,1,72,12
T6,5,0,145,7
T7,6,0,153,7
T8,7,0,40,1
T9,8,0,145,2
[492]
T1,0,0,200,5
T2,1,0,105,2
T3,2,1,84,2
T4,3,1,84,5
T5,4,1,95,2
T6,5,0,190,77
T7,6,1,189,1
T8,7,0,43,6
T9,8,0,24,2
[493]
T1,0,0,119,5
T2,1,0,140,10
T3,2,1,52,1
T4,3,0,75,6
T5,4,1,132,9
T6,5,0,175,2
T7,6,0,42,2
T8,7,1,170,37
T9,8,0,200,30
[494]
T1,0,1,200,1
T2,1,0,96,1
T3,2,1,50,2
T4,3,1,150,2
T5,4,1,36,2
T6,5,0,130,13
T7,6,1,112,24
T8,7,0,156,36
T9,8,1,78,4
[495]
T1,0,0,168,6
T2,1,0,46,3
T3,2,1,70,4
T4,3,0,140,10
T5,4,0,200,5
T6,5,0,92,8
T7,6,1,140,20
T8,7,1,184,25
T9,8,1,45,1
[496]
T1,0,1,143,20
T2,1,1,21,2
T3,2,1,200,5
T4,3,0,24,2
T5,4,0,65,1
T6,5,1,168,44
T7,6,0,84,3
T8,7,0,88,2
T9,8,0,156,20
[497]
T1,0,1,32,2
T2,1,1,180,3
T3,2,0,112,20
T4,3,1,54,6
T5,4,0,91,23
T6,5,0,200,12
T7,6,1,56,2
T8,7,1,26,2
T9,8,1,195,3
[498]
T1,0,1,170,6
T2,1,1,33,2
T3,2,0,132,13
T4,3,0,84,3
T5,4,1,84,2
T6,5,1,68,10
T7,6,0,25,6
T8,7,1,200,7
T9,8,0,165,13
[499]
T1,0,1,154,2
T2,1,0,180,12
T3,2,1,72,5
T4,3,0,72,2
T5,4,0,63,6
T6,5,1,200,27
T7,6,1,48,2
T8,7,0,112,4
T9,8,0,33,7
[500]
T1,0,0,52,3
T2,1,0,168,17
T3,2,1,160,6
T4,3,0,90,4
T5,4,1,55,8
T6,5,1,200,1
T7,6,0,32,2
T8,7,0,63,12
T9,8,1,80,4
