num_task_per_taskset=9
num_taskset=500
//ID,Priority,Offset,Period,Execution Time
[1]
T1,0,0,160,3
T2,1,1,108,14
T3,2,1,60,6
T4,3,1,75,2
T5,4,1,27,2
T6,5,1,195,5
T7,6,0,200,11
T8,7,0,80,7
T9,8,0,29,4
[2]
T1,0,1,160,2
T2,1,1,48,2
T3,2,0,153,2
T4,3,1,90,5
T5,4,1,72,19
T6,5,1,44,2
T7,6,1,136,19
T8,7,0,200,6
T9,8,0,84,3
[3]
T1,0,1,165,31
T2,1,1,23,2
T3,2,1,160,20
T4,3,1,99,10
T5,4,1,55,5
T6,5,1,55,2
T7,6,1,72,2
T8,7,1,25,1
T9,8,0,200,2
[4]
T1,0,1,54,1
T2,1,0,200,5
T3,2,0,150,3
T4,3,1,75,2
T5,4,0,31,8
T6,5,0,69,6
T7,6,0,40,2
T8,7,1,72,2
T9,8,1,175,34
[5]
T1,0,0,57,5
T2,1,0,132,16
T3,2,0,44,2
T4,3,0,30,2
T5,4,1,114,6
T6,5,1,175,5
T7,6,0,132,27
T8,7,1,175,23
T9,8,0,200,4
[6]
T1,0,0,168,12
T2,1,0,126,2
T3,2,0,45,1
T4,3,0,100,9
T5,4,0,120,13
T6,5,0,200,26
T7,6,0,189,20
T8,7,1,119,3
T9,8,0,28,2
[7]
T1,0,1,36,2
T2,1,0,56,6
T3,2,1,200,5
T4,3,0,43,1
T5,4,1,120,11
T6,5,0,105,4
T7,6,1,56,3
T8,7,1,180,27
T9,8,0,192,28
[8]
T1,0,1,168,4
T2,1,1,63,2
T3,2,0,140,2
T4,3,0,105,7
T5,4,0,20,3
T6,5,0,200,10
T7,6,1,42,5
T8,7,0,165,22
T9,8,0,70,1
[9]
T1,0,0,56,4
T2,1,1,150,5
T3,2,0,42,2
T4,3,0,150,8
T5,4,0,60,11
T6,5,0,200,2
T7,6,0,115,2
T8,7,1,90,11
T9,8,1,21,3
[10]
T1,0,0,25,1
T2,1,1,39,5
T3,2,0,184,25
T4,3,0,120,18
T5,4,1,200,4
T6,5,1,100,7
T7,6,0,90,1
T8,7,1,102,3
T9,8,1,150,7
[11]
T1,0,0,119,1
T2,1,1,51,6
T3,2,1,153,16
T4,3,0,112,7
T5,4,1,200,8
T6,5,0,170,14
T7,6,1,119,7
T8,7,1,45,7
T9,8,1,90,1
[12]
T1,0,0,195,2
T2,1,1,48,3
T3,2,0,65,4
T4,3,1,130,10
T5,4,1,75,18
T6,5,1,196,4
T7,6,1,200,8
T8,7,1,70,4
T9,8,1,40,3
[13]
T1,0,1,150,18
T2,1,0,66,1
T3,2,0,25,2
T4,3,1,44,9
T5,4,1,100,2
T6,5,1,124,15
T7,6,0,176,12
T8,7,1,96,9
T9,8,0,200,9
[14]
T1,0,0,25,3
T2,1,0,60,3
T3,2,1,92,2
T4,3,0,180,2
T5,4,0,161,22
T6,5,1,20,1
T7,6,0,200,53
T8,7,0,90,2
T9,8,1,120,1
[15]
T1,0,0,168,17
T2,1,1,200,2
T3,2,0,114,5
T4,3,0,56,1
T5,4,0,28,1
T6,5,0,100,22
T7,6,1,147,20
T8,7,1,52,1
T9,8,1,152,10
[16]
T1,0,1,200,6
T2,1,0,60,16
T3,2,1,99,2
T4,3,1,62,4
T5,4,1,52,5
T6,5,0,150,8
T7,6,0,55,4
T8,7,1,44,1
T9,8,1,150,4
[17]
T1,0,1,70,2
T2,1,0,190,8
T3,2,1,190,45
T4,3,1,36,1
T5,4,1,84,2
T6,5,1,84,5
T7,6,1,63,3
T8,7,1,42,4
T9,8,0,200,25
[18]
T1,0,0,138,9
T2,1,0,28,1
T3,2,0,161,36
T4,3,0,75,2
T5,4,1,161,22
T6,5,1,135,12
T7,6,1,200,9
T8,7,1,63,2
T9,8,1,51,2
[19]
T1,0,1,160,8
T2,1,1,70,12
T3,2,0,200,6
T4,3,1,22,1
T5,4,1,160,4
T6,5,1,30,5
T7,6,0,70,4
T8,7,0,110,3
T9,8,0,120,7
[20]
T1,0,1,43,1
T2,1,0,57,1
T3,2,1,200,33
T4,3,1,100,13
T5,4,1,120,13
T6,5,0,170,5
T7,6,1,50,1
T8,7,1,153,18
T9,8,1,68,3
[21]
T1,0,1,200,38
T2,1,1,66,2
T3,2,0,20,1
T4,3,0,120,2
T5,4,1,80,2
T6,5,1,176,13
T7,6,0,162,23
T8,7,1,48,2
T9,8,0,135,18
[22]
T1,0,0,156,6
T2,1,1,20,2
T3,2,1,117,2
T4,3,1,39,3
T5,4,1,111,24
T6,5,0,117,14
T7,6,1,104,14
T8,7,0,156,5
T9,8,1,200,2
[23]
T1,0,1,200,11
T2,1,0,26,2
T3,2,1,130,1
T4,3,1,143,19
T5,4,0,130,1
T6,5,1,160,2
T7,6,0,47,11
T8,7,0,156,8
T9,8,1,132,9
[24]
T1,0,0,144,4
T2,1,0,152,8
T3,2,0,48,3
T4,3,0,126,11
T5,4,1,168,4
T6,5,1,70,9
T7,6,1,133,21
T8,7,1,40,1
T9,8,1,200,19
[25]
T1,0,1,28,1
T2,1,0,75,5
T3,2,1,68,2
T4,3,0,150,11
T5,4,0,44,6
T6,5,0,64,8
T7,6,0,192,2
T8,7,0,60,8
T9,8,0,200,15
[26]
T1,0,1,75,8
T2,1,1,24,2
T3,2,0,160,11
T4,3,0,34,3
T5,4,0,136,6
T6,5,0,110,9
T7,6,1,96,2
T8,7,1,200,15
T9,8,0,187,29
[27]
T1,0,1,80,2
T2,1,0,21,1
T3,2,0,150,4
T4,3,0,105,14
T5,4,0,126,8
T6,5,1,200,24
T7,6,1,35,2
T8,7,1,111,19
T9,8,0,180,12
[28]
T1,0,1,198,2
T2,1,0,140,9
T3,2,1,160,29
T4,3,0,33,3
T5,4,0,200,12
T6,5,1,72,5
T7,6,1,100,5
T8,7,0,50,4
T9,8,0,75,5
[29]
T1,0,1,70,2
T2,1,0,200,25
T3,2,1,41,5
T4,3,0,22,2
T5,4,1,154,27
T6,5,0,175,4
T7,6,0,72,4
T8,7,0,98,6
T9,8,1,120,6
[30]
T1,0,0,180,24
T2,1,0,32,2
T3,2,1,138,19
T4,3,1,115,5
T5,4,1,115,14
T6,5,1,72,2
T7,6,0,150,6
T8,7,0,200,20
T9,8,1,43,3
[31]
T1,0,0,43,4
T2,1,0,56,1
T3,2,0,200,7
T4,3,0,165,22
T5,4,0,20,2
T6,5,1,154,14
T7,6,0,140,2
T8,7,0,120,21
T9,8,1,85,6
[32]
T1,0,0,110,4
T2,1,1,175,10
T3,2,0,28,2
T4,3,1,200,20
T5,4,0,75,5
T6,5,1,144,6
T7,6,1,21,2
T8,7,1,77,13
T9,8,0,180,9
[33]
T1,0,1,175,17
T2,1,1,200,4
T3,2,1,75,1
T4,3,1,105,8
T5,4,0,45,4
T6,5,0,180,11
T7,6,1,20,2
T8,7,0,78,4
T9,8,0,91,22
[34]
T1,0,1,176,45
T2,1,0,70,2
T3,2,1,154,5
T4,3,0,52,3
T5,4,0,70,7
T6,5,0,70,1
T7,6,0,50,6
T8,7,1,125,2
T9,8,0,200,10
[35]
T1,0,0,198,47
T2,1,1,84,1
T3,2,1,72,5
T4,3,0,150,20
T5,4,0,31,2
T6,5,0,200,2
T7,6,1,98,8
T8,7,0,140,9
T9,8,1,25,1
[36]
T1,0,1,60,5
T2,1,0,144,27
T3,2,0,91,2
T4,3,0,200,15
T5,4,1,32,4
T6,5,1,104,4
T7,6,0,156,15
T8,7,1,160,2
T9,8,1,24,1
[37]
T1,0,1,195,4
T2,1,0,80,2
T3,2,0,200,15
T4,3,1,128,26
T5,4,0,160,3
T6,5,0,125,14
T7,6,0,65,3
T8,7,1,27,2
T9,8,1,24,1
[38]
T1,0,0,30,2
T2,1,1,192,2
T3,2,0,60,1
T4,3,1,192,32
T5,4,1,68,2
T6,5,0,72,4
T7,6,0,72,10
T8,7,0,40,10
T9,8,0,200,2
[39]
T1,0,0,120,5
T2,1,1,65,2
T3,2,0,130,8
T4,3,1,156,2
T5,4,0,51,2
T6,5,1,200,34
T7,6,1,154,23
T8,7,0,24,2
T9,8,0,66,6
[40]
T1,0,1,200,29
T2,1,1,105,3
T3,2,0,35,6
T4,3,0,55,1
T5,4,1,182,1
T6,5,1,120,8
T7,6,0,20,1
T8,7,0,130,13
T9,8,1,165,8
[41]
T1,0,1,120,2
T2,1,1,200,32
T3,2,0,36,2
T4,3,0,196,5
T5,4,1,84,11
T6,5,0,154,2
T7,6,0,105,24
T8,7,0,50,1
T9,8,0,105,10
[42]
T1,0,1,91,20
T2,1,1,168,2
T3,2,1,192,5
T4,3,1,65,7
T5,4,1,38,2
T6,5,1,200,2
T7,6,1,105,1
T8,7,0,104,14
T9,8,0,24,3
[43]
T1,0,0,72,20
T2,1,1,75,7
T3,2,1,162,4
T4,3,1,90,4
T5,4,0,100,2
T6,5,0,200,21
T7,6,1,24,2
T8,7,0,37,1
T9,8,1,183,3
[44]
T1,0,0,36,2
T2,1,0,115,18
T3,2,1,75,1
T4,3,0,32,7
T5,4,0,200,7
T6,5,0,160,1
T7,6,0,160,14
T8,7,0,69,4
T9,8,1,120,1
[45]
T1,0,0,200,15
T2,1,0,63,2
T3,2,0,168,21
T4,3,1,36,3
T5,4,0,100,7
T6,5,0,120,19
T7,6,0,40,1
T8,7,1,126,12
T9,8,0,154,2
[46]
T1,0,0,80,15
T2,1,0,105,1
T3,2,0,180,10
T4,3,0,50,9
T5,4,0,40,2
T6,5,1,200,2
T7,6,1,115,2
T8,7,1,140,10
T9,8,1,161,18
[47]
T1,0,1,47,3
T2,1,0,200,17
T3,2,0,48,2
T4,3,0,160,22
T5,4,1,120,10
T6,5,0,128,2
T7,6,0,100,15
T8,7,1,156,3
T9,8,1,128,10
[48]
T1,0,1,114,2
T2,1,0,140,1
T3,2,0,180,2
T4,3,1,21,2
T5,4,0,200,38
T6,5,0,126,7
T7,6,1,37,3
T8,7,0,114,9
T9,8,0,190,23
[49]
T1,0,0,75,2
T2,1,1,126,3
T3,2,0,200,1
T4,3,1,180,12
T5,4,0,88,8
T6,5,0,33,2
T7,6,0,75,18
T8,7,0,168,14
T9,8,1,44,3
[50]
T1,0,0,200,45
T2,1,1,138,2
T3,2,1,69,10
T4,3,0,49,2
T5,4,1,92,2
T6,5,1,150,25
T7,6,1,198,1
T8,7,1,25,1
T9,8,1,110,1
[51]
T1,0,0,63,3
T2,1,0,171,4
T3,2,0,20,3
T4,3,1,39,2
T5,4,1,75,1
T6,5,0,200,2
T7,6,1,95,10
T8,7,0,96,20
T9,8,0,180,9
[52]
T1,0,1,156,8
T2,1,0,91,5
T3,2,0,30,2
T4,3,0,196,17
T5,4,0,147,14
T6,5,1,105,2
T7,6,1,200,48
T8,7,1,91,11
T9,8,0,29,2
[53]
T1,0,1,90,7
T2,1,0,111,24
T3,2,1,27,2
T4,3,0,162,6
T5,4,0,60,2
T6,5,0,162,4
T7,6,1,111,2
T8,7,1,21,3
T9,8,0,200,23
[54]
T1,0,0,132,13
T2,1,1,88,3
T3,2,0,28,2
T4,3,0,105,7
T5,4,1,190,37
T6,5,1,120,2
T7,6,1,190,21
T8,7,0,200,8
T9,8,0,20,2
[55]
T1,0,1,200,27
T2,1,0,63,1
T3,2,1,168,3
T4,3,1,75,2
T5,4,0,24,2
T6,5,1,55,5
T7,6,1,49,2
T8,7,0,175,57
T9,8,1,88,1
[56]
T1,0,1,180,30
T2,1,0,140,14
T3,2,1,168,2
T4,3,0,75,4
T5,4,1,51,2
T6,5,1,122,3
T7,6,0,90,6
T8,7,1,200,16
T9,8,1,40,5
[57]
T1,0,0,37,2
T2,1,0,120,4
T3,2,0,196,10
T4,3,0,150,7
T5,4,1,98,16
T6,5,1,125,15
T7,6,1,200,15
T8,7,0,56,6
T9,8,1,40,2
[58]
T1,0,0,200,15
T2,1,1,165,12
T3,2,1,84,5
T4,3,1,23,2
T5,4,0,105,13
T6,5,0,75,3
T7,6,1,72,6
T8,7,0,27,1
T9,8,1,165,23
[59]
T1,0,1,95,7
T2,1,1,95,4
T3,2,1,200,3
T4,3,0,49,4
T5,4,0,38,7
T6,5,1,192,34
T7,6,0,75,6
T8,7,0,84,2
T9,8,0,190,2
[60]
T1,0,1,43,2
T2,1,1,136,44
T3,2,0,85,4
T4,3,0,34,1
T5,4,0,128,4
T6,5,0,68,2
T7,6,1,200,3
T8,7,1,153,13
T9,8,0,180,21
[61]
T1,0,0,200,9
T2,1,0,100,13
T3,2,0,66,4
T4,3,0,176,40
T5,4,0,25,2
T6,5,0,150,1
T7,6,0,100,2
T8,7,0,76,2
T9,8,1,50,5
[62]
T1,0,1,72,6
T2,1,1,192,19
T3,2,0,135,16
T4,3,1,55,2
T5,4,1,198,37
T6,5,1,48,2
T7,6,0,120,6
T8,7,0,39,4
T9,8,1,200,4
[63]
T1,0,1,22,2
T2,1,0,180,2
T3,2,1,126,7
T4,3,0,75,5
T5,4,1,56,1
T6,5,0,24,1
T7,6,0,200,72
T8,7,0,86,7
T9,8,1,168,2
[64]
T1,0,0,153,2
T2,1,1,60,3
T3,2,1,72,3
T4,3,0,150,8
T5,4,1,34,9
T6,5,1,32,3
T7,6,0,90,4
T8,7,0,110,2
T9,8,1,200,16
[65]
T1,0,1,126,10
T2,1,0,200,10
T3,2,0,28,2
T4,3,1,168,30
T5,4,0,40,1
T6,5,1,129,7
T7,6,0,100,5
T8,7,0,140,16
T9,8,0,180,20
[66]
T1,0,1,100,3
T2,1,0,196,4
T3,2,1,74,2
T4,3,0,200,55
T5,4,1,175,3
T6,5,0,80,9
T7,6,1,42,5
T8,7,0,35,2
T9,8,1,140,10
[67]
T1,0,1,53,9
T2,1,1,175,5
T3,2,1,200,40
T4,3,1,105,5
T5,4,0,108,2
T6,5,1,144,4
T7,6,0,50,4
T8,7,0,70,3
T9,8,0,176,7
[68]
T1,0,0,32,2
T2,1,1,55,7
T3,2,0,200,9
T4,3,0,175,13
T5,4,0,126,7
T6,5,1,110,3
T7,6,0,96,10
T8,7,0,168,13
T9,8,1,50,7
[69]
T1,0,1,75,2
T2,1,1,28,2
T3,2,1,200,1
T4,3,1,120,22
T5,4,1,83,9
T6,5,1,128,2
T7,6,1,192,15
T8,7,0,166,33
T9,8,0,50,2
[70]
T1,0,0,79,6
T2,1,1,75,3
T3,2,0,140,9
T4,3,0,158,2
T5,4,0,200,46
T6,5,1,158,6
T7,6,1,24,3
T8,7,1,35,2
T9,8,0,120,2
[71]
T1,0,1,45,1
T2,1,0,60,2
T3,2,0,192,18
T4,3,0,64,14
T5,4,0,134,2
T6,5,0,200,12
T7,6,0,40,3
T8,7,1,150,6
T9,8,0,96,9
[72]
T1,0,0,153,25
T2,1,1,135,16
T3,2,0,100,2
T4,3,0,35,1
T5,4,0,60,2
T6,5,0,51,2
T7,6,0,180,37
T8,7,0,200,13
T9,8,0,60,3
[73]
T1,0,1,182,18
T2,1,0,90,7
T3,2,1,31,3
T4,3,1,24,2
T5,4,1,200,16
T6,5,0,144,9
T7,6,1,135,21
T8,7,0,168,9
T9,8,1,80,1
[74]
T1,0,0,84,1
T2,1,1,200,13
T3,2,0,100,7
T4,3,1,43,3
T5,4,1,189,10
T6,5,1,55,4
T7,6,1,154,21
T8,7,1,90,8
T9,8,0,40,2
[75]
T1,0,1,100,7
T2,1,1,35,5
T3,2,0,133,4
T4,3,1,55,1
T5,4,0,200,2
T6,5,0,60,2
T7,6,1,154,9
T8,7,1,168,17
T9,8,0,46,10
[76]
T1,0,0,140,2
T2,1,0,150,17
T3,2,0,27,4
T4,3,0,168,13
T5,4,0,108,4
T6,5,0,200,4
T7,6,0,54,2
T8,7,0,20,2
T9,8,1,108,12
[77]
T1,0,1,160,2
T2,1,1,140,9
T3,2,0,200,44
T4,3,1,58,13
T5,4,0,80,2
T6,5,0,84,5
T7,6,1,40,2
T8,7,1,192,2
T9,8,1,44,1
[78]
T1,0,1,200,15
T2,1,0,109,1
T3,2,1,176,19
T4,3,1,32,3
T5,4,0,100,5
T6,5,1,176,2
T7,6,0,55,2
T8,7,1,53,6
T9,8,0,80,14
[79]
T1,0,1,175,1
T2,1,0,168,1
T3,2,0,21,3
T4,3,0,75,7
T5,4,1,77,1
T6,5,0,60,7
T7,6,0,64,5
T8,7,1,23,1
T9,8,0,200,29
[80]
T1,0,0,120,1
T2,1,0,198,33
T3,2,0,156,4
T4,3,0,80,7
T5,4,1,55,2
T6,5,0,45,4
T7,6,0,200,51
T8,7,0,65,2
T9,8,0,35,2
[81]
T1,0,1,130,3
T2,1,0,150,12
T3,2,1,200,1
T4,3,0,72,3
T5,4,1,117,5
T6,5,0,75,2
T7,6,1,156,24
T8,7,1,52,9
T9,8,0,38,5
[82]
T1,0,0,33,2
T2,1,0,96,3
T3,2,1,133,16
T4,3,0,171,30
T5,4,0,100,10
T6,5,1,60,6
T7,6,0,45,2
T8,7,1,200,1
T9,8,1,190,11
[83]
T1,0,1,200,2
T2,1,0,97,9
T3,2,0,46,4
T4,3,0,50,10
T5,4,1,150,3
T6,5,0,75,10
T7,6,1,120,3
T8,7,0,96,2
T9,8,1,150,11
[84]
T1,0,1,200,14
T2,1,1,100,6
T3,2,0,84,1
T4,3,1,23,2
T5,4,1,112,10
T6,5,1,175,20
T7,6,0,23,2
T8,7,0,112,24
T9,8,1,175,2
[85]
T1,0,1,66,5
T2,1,0,165,2
T3,2,1,135,2
T4,3,1,63,6
T5,4,1,200,4
T6,5,0,168,30
T7,6,1,31,1
T8,7,0,84,1
T9,8,0,48,11
[86]
T1,0,0,29,2
T2,1,1,25,2
T3,2,1,135,4
T4,3,0,150,5
T5,4,1,200,38
T6,5,1,75,5
T7,6,0,128,3
T8,7,1,198,48
T9,8,1,99,2
[87]
T1,0,0,186,9
T2,1,0,60,15
T3,2,0,175,5
T4,3,1,48,1
T5,4,1,45,2
T6,5,1,60,2
T7,6,0,200,13
T8,7,0,100,11
T9,8,1,93,8
[88]
T1,0,0,100,2
T2,1,0,63,1
T3,2,0,90,2
T4,3,0,183,39
T5,4,1,30,2
T6,5,0,200,18
T7,6,1,30,5
T8,7,0,100,10
T9,8,0,168,1
[89]
T1,0,1,156,12
T2,1,1,104,11
T3,2,0,180,43
T4,3,0,100,2
T5,4,1,72,2
T6,5,1,32,2
T7,6,1,20,2
T8,7,0,91,8
T9,8,0,200,10
[90]
T1,0,0,160,35
T2,1,1,182,7
T3,2,0,200,36
T4,3,1,70,2
T5,4,0,70,4
T6,5,0,91,9
T7,6,0,27,2
T8,7,0,50,2
T9,8,1,126,1
[91]
T1,0,0,40,3
T2,1,1,21,2
T3,2,0,168,1
T4,3,0,108,10
T5,4,1,150,2
T6,5,1,63,8
T7,6,1,200,27
T8,7,0,80,13
T9,8,1,60,2
[92]
T1,0,0,20,2
T2,1,0,90,5
T3,2,1,72,24
T4,3,1,153,10
T5,4,1,63,2
T6,5,0,85,1
T7,6,1,200,7
T8,7,0,50,2
T9,8,1,175,21
[93]
T1,0,0,200,21
T2,1,0,110,2
T3,2,1,87,2
T4,3,1,32,2
T5,4,1,44,3
T6,5,1,160,7
T7,6,1,80,14
T8,7,1,174,6
T9,8,0,60,10
[94]
T1,0,1,49,2
T2,1,1,153,11
T3,2,0,54,2
T4,3,0,68,1
T5,4,0,126,8
T6,5,1,200,5
T7,6,0,90,24
T8,7,0,180,15
T9,8,1,102,7
[95]
T1,0,1,55,5
T2,1,0,65,1
T3,2,1,105,2
T4,3,0,35,2
T5,4,0,182,25
T6,5,1,165,15
T7,6,0,200,16
T8,7,1,77,16
T9,8,0,26,2
[96]
T1,0,1,138,26
T2,1,0,120,1
T3,2,1,40,2
T4,3,1,120,7
T5,4,1,72,19
T6,5,0,152,3
T7,6,0,171,5
T8,7,0,200,1
T9,8,0,25,1
[97]
T1,0,0,60,2
T2,1,0,200,11
T3,2,1,192,12
T4,3,0,66,12
T5,4,0,30,2
T6,5,0,64,2
T7,6,0,165,27
T8,7,1,66,7
T9,8,0,50,2
[98]
T1,0,0,102,2
T2,1,0,200,5
T3,2,0,144,8
T4,3,0,180,9
T5,4,0,140,23
T6,5,0,168,5
T7,6,0,22,2
T8,7,1,35,4
T9,8,0,90,18
[99]
T1,0,1,180,40
T2,1,0,171,25
T3,2,0,117,1
T4,3,0,29,2
T5,4,1,114,23
T6,5,1,65,1
T7,6,1,200,5
T8,7,1,39,1
T9,8,0,80,2
[100]
T1,0,0,78,20
T2,1,0,168,13
T3,2,1,24,2
T4,3,1,200,13
T5,4,1,150,19
T6,5,1,112,2
T7,6,1,21,2
T8,7,0,84,3
T9,8,1,78,6
[101]
T1,0,0,42,2
T2,1,0,165,2
T3,2,1,88,13
T4,3,0,53,9
T5,4,1,200,5
T6,5,1,112,11
T7,6,1,112,13
T8,7,1,54,2
T9,8,0,180,9
[102]
T1,0,1,121,27
T2,1,0,99,2
T3,2,1,66,5
T4,3,1,45,4
T5,4,1,200,21
T6,5,0,198,10
T7,6,0,80,1
T8,7,1,150,2
T9,8,1,34,2
[103]
T1,0,1,58,2
T2,1,1,175,6
T3,2,1,140,21
T4,3,0,84,5
T5,4,0,116,2
T6,5,1,200,18
T7,6,1,35,2
T8,7,0,41,6
T9,8,0,196,18
[104]
T1,0,1,200,20
T2,1,1,27,1
T3,2,0,171,9
T4,3,1,152,7
T5,4,0,54,8
T6,5,0,140,6
T7,6,1,95,2
T8,7,1,28,2
T9,8,1,75,13
[105]
T1,0,0,200,4
T2,1,0,144,5
T3,2,0,100,4
T4,3,1,162,27
T5,4,0,60,2
T6,5,0,120,1
T7,6,0,20,5
T8,7,0,32,2
T9,8,0,160,15
[106]
T1,0,0,25,2
T2,1,0,120,1
T3,2,0,200,2
T4,3,1,175,7
T5,4,0,86,13
T6,5,1,26,2
T7,6,1,100,3
T8,7,1,175,24
T9,8,1,56,15
[107]
T1,0,1,27,4
T2,1,0,120,2
T3,2,1,56,1
T4,3,0,33,2
T5,4,0,168,8
T6,5,0,126,19
T7,6,0,200,10
T8,7,1,189,20
T9,8,1,56,8
[108]
T1,0,0,120,19
T2,1,1,25,2
T3,2,0,126,1
T4,3,1,43,2
T5,4,0,156,18
T6,5,1,100,7
T7,6,0,160,21
T8,7,0,100,7
T9,8,0,200,3
[109]
T1,0,0,90,2
T2,1,1,22,2
T3,2,1,126,14
T4,3,1,200,8
T5,4,1,28,2
T6,5,0,55,3
T7,6,0,150,23
T8,7,1,88,3
T9,8,0,154,9
[110]
T1,0,0,96,2
T2,1,0,160,27
T3,2,0,200,2
T4,3,0,60,2
T5,4,0,47,2
T6,5,1,141,27
T7,6,0,141,1
T8,7,1,53,3
T9,8,1,150,17
[111]
T1,0,0,144,8
T2,1,1,80,8
T3,2,0,20,1
T4,3,0,156,26
T5,4,1,24,2
T6,5,1,192,29
T7,6,0,200,13
T8,7,0,72,2
T9,8,0,135,1
[112]
T1,0,1,88,8
T2,1,1,198,9
T3,2,0,20,1
T4,3,0,33,1
T5,4,0,84,2
T6,5,1,198,47
T7,6,1,200,6
T8,7,1,126,5
T9,8,0,77,6
[113]
T1,0,1,189,2
T2,1,0,35,6
T3,2,1,63,9
T4,3,1,200,12
T5,4,0,60,4
T6,5,1,168,4
T7,6,1,104,2
T8,7,1,135,8
T9,8,1,25,3
[114]
T1,0,1,200,27
T2,1,1,80,14
T3,2,0,180,2
T4,3,1,152,24
T5,4,1,20,2
T6,5,0,81,2
T7,6,1,120,1
T8,7,0,72,6
T9,8,1,42,2
[115]
T1,0,1,72,2
T2,1,1,55,7
T3,2,1,150,21
T4,3,1,30,2
T5,4,1,192,10
T6,5,1,200,13
T7,6,1,110,13
T8,7,1,132,13
T9,8,0,49,3
[116]
T1,0,1,92,4
T2,1,0,115,9
T3,2,1,126,3
T4,3,1,184,2
T5,4,0,200,2
T6,5,0,135,14
T7,6,1,42,5
T8,7,1,180,30
T9,8,1,33,3
[117]
T1,0,1,78,5
T2,1,0,182,24
T3,2,1,25,2
T4,3,0,37,2
T5,4,1,65,4
T6,5,0,182,11
T7,6,1,75,9
T8,7,0,65,10
T9,8,0,200,5
[118]
T1,0,0,54,2
T2,1,0,35,5
T3,2,0,175,12
T4,3,0,96,9
T5,4,0,135,2
T6,5,1,200,13
T7,6,1,42,7
T8,7,0,175,13
T9,8,0,125,3
[119]
T1,0,1,200,24
T2,1,0,48,5
T3,2,0,104,3
T4,3,1,170,5
T5,4,0,120,23
T6,5,0,25,2
T7,6,0,168,20
T8,7,1,136,3
T9,8,0,60,2
[120]
T1,0,1,135,4
T2,1,1,135,7
T3,2,1,200,11
T4,3,0,153,59
T5,4,0,20,2
T6,5,1,32,1
T7,6,1,108,2
T8,7,1,189,5
T9,8,1,68,3
[121]
T1,0,1,200,13
T2,1,0,154,5
T3,2,0,152,12
T4,3,0,105,5
T5,4,0,140,2
T6,5,1,60,9
T7,6,1,88,4
T8,7,0,25,2
T9,8,0,39,5
[122]
T1,0,1,57,5
T2,1,1,30,1
T3,2,1,171,1
T4,3,0,200,7
T5,4,0,114,26
T6,5,0,66,8
T7,6,0,150,6
T8,7,1,75,4
T9,8,1,35,1
[123]
T1,0,0,100,4
T2,1,0,30,4
T3,2,1,198,2
T4,3,0,200,18
T5,4,1,32,2
T6,5,1,66,4
T7,6,1,90,9
T8,7,0,102,5
T9,8,0,165,30
[124]
T1,0,0,90,4
T2,1,0,180,50
T3,2,1,140,3
T4,3,0,144,16
T5,4,1,87,7
T6,5,0,28,2
T7,6,0,200,8
T8,7,1,30,2
T9,8,0,180,14
[125]
T1,0,1,41,3
T2,1,0,192,22
T3,2,1,90,2
T4,3,0,64,10
T5,4,1,200,14
T6,5,1,60,2
T7,6,1,180,8
T8,7,0,25,2
T9,8,0,118,14
[126]
T1,0,0,50,2
T2,1,1,150,4
T3,2,0,50,4
T4,3,0,105,24
T5,4,0,120,7
T6,5,0,174,3
T7,6,0,116,8
T8,7,1,87,11
T9,8,0,200,3
[127]
T1,0,1,38,1
T2,1,1,75,1
T3,2,0,180,14
T4,3,0,70,4
T5,4,1,200,11
T6,5,1,27,1
T7,6,0,130,21
T8,7,1,180,29
T9,8,1,65,1
[128]
T1,0,0,175,22
T2,1,1,189,49
T3,2,0,54,2
T4,3,0,66,2
T5,4,0,110,1
T6,5,1,40,2
T7,6,1,60,1
T8,7,0,200,12
T9,8,0,80,10
[129]
T1,0,1,160,50
T2,1,0,100,2
T3,2,0,200,13
T4,3,0,140,16
T5,4,0,42,2
T6,5,0,23,2
T7,6,1,76,4
T8,7,1,152,8
T9,8,0,95,2
[130]
T1,0,1,190,26
T2,1,1,170,21
T3,2,1,114,4
T4,3,0,32,8
T5,4,1,23,1
T6,5,1,102,2
T7,6,1,200,3
T8,7,0,76,3
T9,8,1,57,2
[131]
T1,0,0,53,1
T2,1,1,108,4
T3,2,1,132,8
T4,3,1,132,4
T5,4,1,180,29
T6,5,0,45,3
T7,6,1,176,8
T8,7,1,200,14
T9,8,1,63,10
[132]
T1,0,0,98,3
T2,1,1,33,1
T3,2,0,80,17
T4,3,1,72,7
T5,4,0,168,9
T6,5,1,126,1
T7,6,1,196,7
T8,7,1,200,36
T9,8,0,30,2
[133]
T1,0,0,70,2
T2,1,0,100,7
T3,2,0,200,28
T4,3,1,140,3
T5,4,1,110,33
T6,5,1,175,1
T7,6,1,30,1
T8,7,0,152,7
T9,8,1,22,2
[134]
T1,0,0,84,3
T2,1,1,200,5
T3,2,1,45,1
T4,3,1,63,1
T5,4,1,40,4
T6,5,0,100,8
T7,6,0,156,2
T8,7,0,175,35
T9,8,0,75,11
[135]
T1,0,0,33,1
T2,1,0,81,2
T3,2,0,108,2
T4,3,1,55,14
T5,4,1,165,2
T6,5,0,20,4
T7,6,0,200,5
T8,7,1,132,15
T9,8,0,165,2
[136]
T1,0,1,154,16
T2,1,1,176,14
T3,2,0,105,7
T4,3,0,140,6
T5,4,1,63,2
T6,5,1,200,20
T7,6,0,25,2
T8,7,0,144,5
T9,8,0,31,6
[137]
T1,0,0,182,2
T2,1,0,28,2
T3,2,1,150,5
T4,3,1,70,21
T5,4,0,117,18
T6,5,0,21,2
T7,6,0,72,1
T8,7,0,200,16
T9,8,0,96,3
[138]
T1,0,1,48,4
T2,1,1,84,6
T3,2,1,154,9
T4,3,1,200,70
T5,4,0,36,2
T6,5,0,98,3
T7,6,1,60,1
T8,7,0,140,4
T9,8,1,180,2
[139]
T1,0,1,64,6
T2,1,1,25,2
T3,2,1,100,4
T4,3,0,78,1
T5,4,0,200,26
T6,5,0,195,26
T7,6,1,75,2
T8,7,0,39,5
T9,8,1,160,11
[140]
T1,0,1,112,2
T2,1,0,200,7
T3,2,1,147,2
T4,3,1,56,8
T5,4,0,72,12
T6,5,0,192,11
T7,6,0,49,11
T8,7,0,150,3
T9,8,1,38,2
[141]
T1,0,0,150,5
T2,1,0,75,4
T3,2,1,80,2
T4,3,0,146,16
T5,4,0,200,36
T6,5,0,51,5
T7,6,1,64,7
T8,7,1,30,2
T9,8,0,150,4
[142]
T1,0,0,171,4
T2,1,0,200,2
T3,2,1,133,7
T4,3,1,33,2
T5,4,0,56,2
T6,5,0,105,6
T7,6,0,168,33
T8,7,1,84,11
T9,8,1,21,3
[143]
T1,0,0,136,2
T2,1,0,49,7
T3,2,1,20,1
T4,3,0,140,8
T5,4,0,84,5
T6,5,0,126,17
T7,6,1,200,21
T8,7,0,153,12
T9,8,0,150,2
[144]
T1,0,1,90,14
T2,1,0,41,1
T3,2,1,196,27
T4,3,0,56,4
T5,4,0,90,4
T6,5,1,77,2
T7,6,0,50,3
T8,7,1,198,6
T9,8,1,200,28
[145]
T1,0,0,88,3
T2,1,0,53,2
T3,2,1,36,3
T4,3,0,150,32
T5,4,0,54,1
T6,5,0,64,1
T7,6,0,100,21
T8,7,1,165,1
T9,8,0,200,6
[146]
T1,0,0,64,4
T2,1,1,175,2
T3,2,1,45,2
T4,3,1,35,2
T5,4,1,120,1
T6,5,0,114,17
T7,6,0,150,38
T8,7,0,57,3
T9,8,0,200,25
[147]
T1,0,1,133,7
T2,1,1,33,7
T3,2,0,152,11
T4,3,0,76,4
T5,4,1,38,2
T6,5,0,132,21
T7,6,0,55,2
T8,7,1,200,16
T9,8,1,152,1
[148]
T1,0,1,154,17
T2,1,1,68,5
T3,2,0,100,11
T4,3,1,170,1
T5,4,0,40,1
T6,5,0,200,27
T7,6,0,66,6
T8,7,0,43,2
T9,8,0,140,12
[149]
T1,0,1,168,23
T2,1,1,37,2
T3,2,0,64,2
T4,3,0,128,12
T5,4,0,22,3
T6,5,0,200,10
T7,6,0,120,29
T8,7,1,55,2
T9,8,0,192,2
[150]
T1,0,0,140,4
T2,1,1,70,11
T3,2,0,75,14
T4,3,1,168,6
T5,4,0,200,8
T6,5,1,28,4
T7,6,0,40,2
T8,7,0,59,2
T9,8,1,160,8
[151]
T1,0,0,200,30
T2,1,1,168,2
T3,2,0,150,20
T4,3,0,21,3
T5,4,0,120,2
T6,5,1,67,4
T7,6,0,134,8
T8,7,0,46,4
T9,8,1,75,2
[152]
T1,0,0,168,12
T2,1,1,200,19
T3,2,1,88,2
T4,3,0,144,2
T5,4,0,48,2
T6,5,1,66,11
T7,6,1,20,1
T8,7,0,189,28
T9,8,0,126,7
[153]
T1,0,1,57,3
T2,1,1,43,8
T3,2,0,190,11
T4,3,1,200,2
T5,4,1,175,13
T6,5,0,49,4
T7,6,0,76,2
T8,7,1,95,5
T9,8,1,98,13
[154]
T1,0,0,160,2
T2,1,1,140,11
T3,2,0,140,9
T4,3,1,21,2
T5,4,1,156,2
T6,5,0,40,1
T7,6,1,80,4
T8,7,1,120,10
T9,8,1,200,45
[155]
T1,0,1,200,6
T2,1,0,144,4
T3,2,0,54,2
T4,3,1,21,1
T5,4,1,56,6
T6,5,0,40,2
T7,6,1,180,9
T8,7,0,189,14
T9,8,1,120,30
[156]
T1,0,1,28,3
T2,1,1,80,7
T3,2,1,189,22
T4,3,1,54,6
T5,4,0,168,2
T6,5,1,100,1
T7,6,1,200,21
T8,7,1,23,2
T9,8,1,110,2
[157]
T1,0,0,80,13
T2,1,1,60,1
T3,2,0,36,2
T4,3,0,150,26
T5,4,0,200,11
T6,5,0,65,2
T7,6,0,23,2
T8,7,1,78,3
T9,8,0,195,33
[158]
T1,0,1,24,5
T2,1,1,56,3
T3,2,1,154,1
T4,3,0,21,2
T5,4,1,150,7
T6,5,1,88,3
T7,6,0,120,25
T8,7,0,110,1
T9,8,0,200,16
[159]
T1,0,0,200,11
T2,1,1,25,1
T3,2,1,84,6
T4,3,0,34,2
T5,4,1,150,15
T6,5,0,100,1
T7,6,1,136,21
T8,7,1,150,23
T9,8,0,135,6
[160]
T1,0,1,200,20
T2,1,1,80,12
T3,2,0,80,10
T4,3,1,189,1
T5,4,0,180,2
T6,5,1,60,3
T7,6,1,36,2
T8,7,1,147,2
T9,8,1,30,4
[161]
T1,0,1,200,23
T2,1,0,130,4
T3,2,0,44,2
T4,3,0,80,2
T5,4,1,66,11
T6,5,1,156,20
T7,6,1,150,9
T8,7,1,26,1
T9,8,1,60,4
[162]
T1,0,0,48,2
T2,1,1,192,39
T3,2,1,180,2
T4,3,1,200,15
T5,4,1,110,19
T6,5,1,100,1
T7,6,1,100,3
T8,7,1,144,14
T9,8,1,36,1
[163]
T1,0,0,105,12
T2,1,0,98,4
T3,2,1,150,3
T4,3,0,26,1
T5,4,0,22,3
T6,5,0,196,19
T7,6,1,200,2
T8,7,0,126,22
T9,8,1,70,2
[164]
T1,0,1,28,2
T2,1,1,54,2
T3,2,1,36,1
T4,3,0,100,16
T5,4,1,180,2
T6,5,1,200,55
T7,6,0,198,14
T8,7,0,70,4
T9,8,0,110,3
[165]
T1,0,1,200,13
T2,1,0,90,22
T3,2,0,49,2
T4,3,0,140,11
T5,4,0,132,2
T6,5,1,110,5
T7,6,1,165,20
T8,7,0,175,4
T9,8,0,26,2
[166]
T1,0,1,91,4
T2,1,1,154,15
T3,2,0,25,2
T4,3,0,200,50
T5,4,1,60,2
T6,5,1,30,2
T7,6,1,132,6
T8,7,0,104,5
T9,8,0,195,11
[167]
T1,0,0,88,1
T2,1,1,35,1
T3,2,1,21,2
T4,3,0,88,4
T5,4,0,200,19
T6,5,1,132,15
T7,6,1,189,29
T8,7,0,198,21
T9,8,1,77,4
[168]
T1,0,0,80,2
T2,1,1,200,19
T3,2,0,47,6
T4,3,1,25,2
T5,4,1,56,16
T6,5,0,72,1
T7,6,1,153,2
T8,7,1,180,5
T9,8,0,70,2
[169]
T1,0,0,45,1
T2,1,1,160,2
T3,2,0,150,19
T4,3,1,200,2
T5,4,1,138,6
T6,5,1,54,4
T7,6,0,138,16
T8,7,1,27,2
T9,8,0,69,11
[170]
T1,0,1,60,1
T2,1,0,95,6
T3,2,0,88,5
T4,3,1,152,7
T5,4,1,21,1
T6,5,1,41,5
T7,6,1,200,12
T8,7,1,60,13
T9,8,0,190,2
[171]
T1,0,1,132,15
T2,1,1,198,17
T3,2,1,100,5
T4,3,0,42,2
T5,4,0,195,28
T6,5,0,78,6
T7,6,1,200,16
T8,7,0,44,1
T9,8,1,104,5
[172]
T1,0,0,124,4
T2,1,1,24,2
T3,2,1,200,18
T4,3,1,60,8
T5,4,1,96,7
T6,5,0,30,1
T7,6,1,160,3
T8,7,1,88,2
T9,8,1,160,22
[173]
T1,0,1,23,2
T2,1,1,48,11
T3,2,0,90,10
T4,3,0,64,2
T5,4,1,56,1
T6,5,1,150,27
T7,6,1,200,3
T8,7,1,160,2
T9,8,0,75,7
[174]
T1,0,1,140,1
T2,1,1,180,2
T3,2,1,35,2
T4,3,1,200,70
T5,4,0,61,12
T6,5,0,175,1
T7,6,1,24,2
T8,7,1,61,2
T9,8,0,61,2
[175]
T1,0,0,150,25
T2,1,1,100,3
T3,2,0,35,2
T4,3,1,90,1
T5,4,0,100,2
T6,5,1,100,9
T7,6,0,184,7
T8,7,0,200,55
T9,8,0,47,2
[176]
T1,0,0,175,41
T2,1,0,120,15
T3,2,1,200,9
T4,3,0,56,2
T5,4,1,143,8
T6,5,1,84,2
T7,6,0,21,2
T8,7,0,35,1
T9,8,1,165,21
[177]
T1,0,1,200,7
T2,1,1,144,1
T3,2,1,112,12
T4,3,0,196,22
T5,4,1,21,1
T6,5,1,125,15
T7,6,0,40,3
T8,7,0,56,5
T9,8,1,196,5
[178]
T1,0,1,144,8
T2,1,1,182,15
T3,2,0,54,3
T4,3,1,20,2
T5,4,1,180,2
T6,5,1,72,16
T7,6,0,52,6
T8,7,0,84,5
T9,8,1,200,3
[179]
T1,0,1,65,12
T2,1,1,80,8
T3,2,0,200,27
T4,3,1,25,2
T5,4,0,88,3
T6,5,1,144,11
T7,6,1,180,2
T8,7,0,20,2
T9,8,1,176,17
[180]
T1,0,0,168,8
T2,1,1,37,1
T3,2,1,60,2
T4,3,0,21,2
T5,4,0,104,2
T6,5,0,175,54
T7,6,0,200,8
T8,7,0,108,4
T9,8,1,100,4
[181]
T1,0,1,160,2
T2,1,1,105,10
T3,2,1,32,2
T4,3,1,132,11
T5,4,1,42,8
T6,5,0,132,2
T7,6,0,70,6
T8,7,1,165,6
T9,8,0,200,20
[182]
T1,0,0,200,21
T2,1,0,96,6
T3,2,0,68,9
T4,3,0,170,2
T5,4,1,88,17
T6,5,1,60,3
T7,6,0,20,2
T8,7,1,42,2
T9,8,0,165,2
[183]
T1,0,0,200,10
T2,1,0,175,5
T3,2,0,28,2
T4,3,0,21,3
T5,4,1,63,13
T6,5,0,120,2
T7,6,0,126,7
T8,7,0,85,1
T9,8,0,160,20
[184]
T1,0,1,200,28
T2,1,1,182,5
T3,2,1,30,1
T4,3,1,54,5
T5,4,1,70,9
T6,5,1,70,2
T7,6,1,168,4
T8,7,0,135,16
T9,8,1,39,3
[185]
T1,0,0,34,2
T2,1,0,40,3
T3,2,0,60,2
T4,3,1,168,31
T5,4,1,120,6
T6,5,0,56,9
T7,6,1,96,6
T8,7,1,200,2
T9,8,0,162,8
[186]
T1,0,1,168,11
T2,1,0,128,7
T3,2,1,150,11
T4,3,1,91,18
T5,4,0,56,2
T6,5,1,200,19
T7,6,0,140,11
T8,7,1,32,1
T9,8,0,31,2
[187]
T1,0,0,168,2
T2,1,1,75,3
T3,2,0,25,2
T4,3,1,126,3
T5,4,1,200,19
T6,5,0,104,2
T7,6,1,44,3
T8,7,1,91,14
T9,8,1,150,40
[188]
T1,0,1,140,12
T2,1,0,28,3
T3,2,0,75,2
T4,3,0,200,31
T5,4,0,138,3
T6,5,0,161,27
T7,6,0,84,1
T8,7,0,160,8
T9,8,1,25,2
[189]
T1,0,0,30,1
T2,1,0,81,2
T3,2,1,180,2
T4,3,0,21,1
T5,4,1,170,2
T6,5,0,85,4
T7,6,0,100,10
T8,7,1,100,6
T9,8,0,200,74
[190]
T1,0,0,68,5
T2,1,0,40,2
T3,2,1,70,4
T4,3,0,60,4
T5,4,0,192,19
T6,5,0,175,17
T7,6,1,38,6
T8,7,0,200,12
T9,8,1,119,5
[191]
T1,0,0,33,2
T2,1,1,50,2
T3,2,1,55,4
T4,3,1,150,5
T5,4,1,187,41
T6,5,0,55,5
T7,6,1,200,18
T8,7,0,70,3
T9,8,1,110,2
[192]
T1,0,1,49,1
T2,1,0,68,6
T3,2,1,200,56
T4,3,0,102,4
T5,4,0,155,2
T6,5,1,68,1
T7,6,0,180,22
T8,7,1,30,2
T9,8,0,124,1
[193]
T1,0,1,88,4
T2,1,0,53,1
T3,2,0,200,19
T4,3,0,84,12
T5,4,1,63,2
T6,5,1,150,2
T7,6,1,154,26
T8,7,1,21,1
T9,8,0,108,9
[194]
T1,0,1,175,5
T2,1,0,21,4
T3,2,0,96,2
T4,3,1,120,26
T5,4,1,60,5
T6,5,1,152,10
T7,6,0,84,1
T8,7,1,200,6
T9,8,0,49,2
[195]
T1,0,1,165,14
T2,1,0,37,2
T3,2,0,56,12
T4,3,1,168,27
T5,4,0,200,31
T6,5,1,63,2
T7,6,1,70,2
T8,7,0,70,2
T9,8,0,32,2
[196]
T1,0,0,180,1
T2,1,0,40,4
T3,2,1,168,10
T4,3,0,80,12
T5,4,0,140,3
T6,5,0,70,2
T7,6,1,68,10
T8,7,0,200,23
T9,8,0,28,1
[197]
T1,0,1,56,3
T2,1,1,153,3
T3,2,0,70,4
T4,3,0,112,2
T5,4,1,200,48
T6,5,1,24,1
T7,6,1,150,2
T8,7,1,144,25
T9,8,0,50,1
[198]
T1,0,0,152,49
T2,1,0,70,2
T3,2,1,200,2
T4,3,0,23,2
T5,4,0,42,1
T6,5,0,168,2
T7,6,0,100,1
T8,7,0,75,4
T9,8,1,144,11
[199]
T1,0,1,128,19
T2,1,0,170,6
T3,2,0,80,1
T4,3,1,33,3
T5,4,1,80,6
T6,5,1,200,36
T7,6,1,45,3
T8,7,1,136,2
T9,8,0,160,6
[200]
T1,0,0,132,7
T2,1,1,30,2
T3,2,0,143,18
T4,3,1,198,27
T5,4,1,33,2
T6,5,1,150,6
T7,6,1,143,2
T8,7,1,200,8
T9,8,1,72,19
[201]
T1,0,0,200,30
T2,1,1,110,3
T3,2,0,25,8
T4,3,1,55,1
T5,4,0,34,2
T6,5,0,150,2
T7,6,0,72,4
T8,7,0,175,3
T9,8,0,108,5
[202]
T1,0,0,100,15
T2,1,1,165,16
T3,2,1,200,31
T4,3,0,43,4
T5,4,0,26,2
T6,5,1,175,3
T7,6,0,65,1
T8,7,0,110,6
T9,8,1,77,3
[203]
T1,0,0,200,6
T2,1,1,30,2
T3,2,0,133,2
T4,3,0,168,3
T5,4,0,133,23
T6,5,0,144,2
T7,6,0,168,3
T8,7,1,39,1
T9,8,0,126,48
[204]
T1,0,0,168,29
T2,1,1,66,4
T3,2,1,84,3
T4,3,1,198,2
T5,4,1,70,5
T6,5,0,72,4
T7,6,0,21,2
T8,7,0,48,2
T9,8,1,200,31
[205]
T1,0,1,63,2
T2,1,0,200,9
T3,2,1,180,5
T4,3,1,126,6
T5,4,0,192,3
T6,5,0,36,9
T7,6,1,45,1
T8,7,1,140,29
T9,8,0,63,2
[206]
T1,0,1,51,4
T2,1,0,48,4
T3,2,1,200,1
T4,3,0,160,1
T5,4,0,108,2
T6,5,0,70,8
T7,6,0,105,3
T8,7,0,112,11
T9,8,1,180,43
[207]
T1,0,1,77,2
T2,1,1,35,1
T3,2,0,31,6
T4,3,0,66,2
T5,4,1,110,24
T6,5,1,176,2
T7,6,1,200,9
T8,7,1,175,6
T9,8,0,140,10
[208]
T1,0,0,88,1
T2,1,0,29,1
T3,2,1,200,19
T4,3,1,180,5
T5,4,0,108,1
T6,5,1,50,1
T7,6,1,150,27
T8,7,0,65,2
T9,8,0,90,21
[209]
T1,0,0,57,4
T2,1,1,198,2
T3,2,0,198,5
T4,3,1,200,19
T5,4,0,33,2
T6,5,0,90,8
T7,6,1,60,11
T8,7,0,95,15
T9,8,0,39,2
[210]
T1,0,0,72,2
T2,1,0,130,8
T3,2,0,48,4
T4,3,0,200,7
T5,4,1,150,8
T6,5,1,165,24
T7,6,0,41,2
T8,7,0,99,14
T9,8,1,66,8
[211]
T1,0,0,90,14
T2,1,0,46,2
T3,2,0,40,2
T4,3,1,162,4
T5,4,0,72,8
T6,5,0,80,1
T7,6,0,189,10
T8,7,1,54,8
T9,8,1,200,20
[212]
T1,0,0,114,31
T2,1,0,200,5
T3,2,1,33,2
T4,3,0,100,2
T5,4,1,90,1
T6,5,0,95,2
T7,6,1,190,15
T8,7,1,29,4
T9,8,1,180,10
[213]
T1,0,0,160,4
T2,1,0,100,10
T3,2,1,60,6
T4,3,1,140,7
T5,4,0,51,8
T6,5,0,120,18
T7,6,1,32,2
T8,7,1,200,7
T9,8,1,195,4
[214]
T1,0,1,41,1
T2,1,0,156,8
T3,2,1,30,4
T4,3,1,200,24
T5,4,1,100,5
T6,5,1,120,8
T7,6,0,64,4
T8,7,0,80,2
T9,8,1,169,20
[215]
T1,0,0,99,1
T2,1,1,154,2
T3,2,1,176,36
T4,3,0,38,1
T5,4,1,70,4
T6,5,1,66,9
T7,6,1,200,24
T8,7,1,72,7
T9,8,1,30,2
[216]
T1,0,0,200,38
T2,1,0,74,3
T3,2,1,198,30
T4,3,0,90,4
T5,4,1,72,1
T6,5,0,26,1
T7,6,1,20,2
T8,7,0,88,4
T9,8,1,148,12
[217]
T1,0,0,84,1
T2,1,0,156,2
T3,2,1,72,4
T4,3,1,32,1
T5,4,0,200,44
T6,5,0,91,15
T7,6,0,180,7
T8,7,1,27,2
T9,8,0,91,10
[218]
T1,0,0,21,4
T2,1,1,84,2
T3,2,1,200,25
T4,3,1,126,2
T5,4,0,80,2
T6,5,1,182,17
T7,6,0,180,2
T8,7,1,38,2
T9,8,1,96,12
[219]
T1,0,1,192,7
T2,1,0,54,7
T3,2,0,90,2
T4,3,1,120,19
T5,4,1,120,8
T6,5,0,190,10
T7,6,0,25,2
T8,7,1,95,6
T9,8,0,200,15
[220]
T1,0,1,80,9
T2,1,1,24,2
T3,2,1,126,4
T4,3,0,160,4
T5,4,0,171,1
T6,5,1,21,2
T7,6,0,144,9
T8,7,0,200,66
T9,8,0,76,6
[221]
T1,0,0,200,13
T2,1,1,20,2
T3,2,0,80,11
T4,3,0,176,2
T5,4,1,88,9
T6,5,0,121,3
T7,6,1,43,1
T8,7,1,66,7
T9,8,0,150,26
[222]
T1,0,0,84,8
T2,1,1,84,5
T3,2,1,100,13
T4,3,0,48,3
T5,4,0,150,23
T6,5,1,155,5
T7,6,1,72,6
T8,7,0,200,4
T9,8,0,34,2
[223]
T1,0,0,200,8
T2,1,0,35,1
T3,2,1,90,7
T4,3,1,72,2
T5,4,0,162,7
T6,5,1,24,6
T7,6,1,88,13
T8,7,0,176,2
T9,8,0,72,5
[224]
T1,0,0,23,2
T2,1,0,70,2
T3,2,1,200,28
T4,3,0,80,2
T5,4,0,132,7
T6,5,1,32,4
T7,6,1,198,11
T8,7,0,198,9
T9,8,1,88,12
[225]
T1,0,0,68,7
T2,1,0,26,1
T3,2,0,200,5
T4,3,0,140,19
T5,4,1,153,23
T6,5,0,75,2
T7,6,0,135,12
T8,7,1,20,2
T9,8,0,189,10
[226]
T1,0,1,28,2
T2,1,1,195,2
T3,2,0,77,6
T4,3,1,56,11
T5,4,0,200,21
T6,5,0,56,1
T7,6,0,21,2
T8,7,0,182,16
T9,8,0,88,5
[227]
T1,0,0,63,8
T2,1,0,170,2
T3,2,1,189,68
T4,3,0,39,1
T5,4,0,56,3
T6,5,1,70,1
T7,6,0,126,4
T8,7,1,200,3
T9,8,1,27,2
[228]
T1,0,1,160,8
T2,1,1,120,2
T3,2,0,150,15
T4,3,0,115,4
T5,4,0,22,2
T6,5,1,112,17
T7,6,1,96,5
T8,7,0,200,3
T9,8,0,32,8
[229]
T1,0,0,154,3
T2,1,0,77,2
T3,2,0,200,3
T4,3,1,28,3
T5,4,1,31,2
T6,5,0,170,14
T7,6,1,68,2
T8,7,0,88,18
T9,8,0,112,11
[230]
T1,0,0,195,2
T2,1,1,200,37
T3,2,0,31,2
T4,3,0,120,19
T5,4,0,52,2
T6,5,0,120,2
T7,6,1,156,7
T8,7,1,91,18
T9,8,1,130,8
[231]
T1,0,1,76,6
T2,1,0,200,32
T3,2,0,130,5
T4,3,0,156,5
T5,4,0,75,2
T6,5,1,150,2
T7,6,0,120,20
T8,7,1,32,3
T9,8,0,23,1
[232]
T1,0,0,84,7
T2,1,1,150,4
T3,2,0,148,16
T4,3,0,34,2
T5,4,1,84,12
T6,5,1,200,17
T7,6,1,37,1
T8,7,0,144,11
T9,8,1,126,5
[233]
T1,0,0,130,24
T2,1,0,55,3
T3,2,0,200,7
T4,3,1,130,2
T5,4,0,30,2
T6,5,0,150,33
T7,6,0,156,1
T8,7,1,21,2
T9,8,1,78,11
[234]
T1,0,0,110,13
T2,1,1,132,19
T3,2,0,190,4
T4,3,1,180,21
T5,4,0,200,15
T6,5,1,50,2
T7,6,1,50,4
T8,7,0,60,2
T9,8,0,100,3
[235]
T1,0,1,32,3
T2,1,0,84,16
T3,2,1,60,2
T4,3,0,28,2
T5,4,0,200,31
T6,5,0,160,2
T7,6,1,112,2
T8,7,0,54,4
T9,8,0,192,11
[236]
T1,0,0,100,1
T2,1,1,24,2
T3,2,1,93,22
T4,3,1,153,6
T5,4,1,72,11
T6,5,1,75,2
T7,6,1,186,2
T8,7,0,200,8
T9,8,1,34,6
[237]
T1,0,0,60,2
T2,1,1,182,39
T3,2,0,20,2
T4,3,1,156,6
T5,4,0,91,1
T6,5,1,200,35
T7,6,1,48,2
T8,7,0,105,2
T9,8,1,70,9
[238]
T1,0,1,47,2
T2,1,1,25,5
T3,2,1,168,23
T4,3,0,184,8
T5,4,1,63,1
T6,5,0,140,10
T7,6,0,115,10
T8,7,1,144,2
T9,8,0,200,11
[239]
T1,0,1,51,18
T2,1,0,74,2
T3,2,1,200,7
T4,3,0,99,1
T5,4,0,24,2
T6,5,1,185,2
T7,6,1,72,12
T8,7,1,165,2
T9,8,0,111,3
[240]
T1,0,1,41,7
T2,1,0,200,10
T3,2,1,150,3
T4,3,1,75,2
T5,4,1,88,13
T6,5,0,144,8
T7,6,1,150,12
T8,7,1,57,5
T9,8,1,24,2
[241]
T1,0,0,165,19
T2,1,1,182,15
T3,2,0,104,6
T4,3,0,50,6
T5,4,1,33,2
T6,5,0,77,8
T7,6,1,200,9
T8,7,0,60,8
T9,8,0,77,2
[242]
T1,0,1,175,13
T2,1,0,35,2
T3,2,0,55,3
T4,3,0,125,26
T5,4,0,126,2
T6,5,0,165,8
T7,6,1,40,1
T8,7,0,200,2
T9,8,0,105,16
[243]
T1,0,0,160,10
T2,1,1,200,24
T3,2,0,60,2
T4,3,1,60,2
T5,4,1,56,2
T6,5,0,27,4
T7,6,1,153,27
T8,7,1,45,2
T9,8,0,80,4
[244]
T1,0,0,84,3
T2,1,1,105,8
T3,2,0,200,14
T4,3,0,50,2
T5,4,1,32,5
T6,5,1,188,28
T7,6,1,112,6
T8,7,1,56,2
T9,8,1,160,12
[245]
T1,0,0,195,11
T2,1,0,96,2
T3,2,0,90,10
T4,3,1,200,10
T5,4,1,32,3
T6,5,1,192,33
T7,6,0,117,13
T8,7,1,78,4
T9,8,1,45,1
[246]
T1,0,1,84,5
T2,1,1,72,5
T3,2,1,52,1
T4,3,0,160,5
T5,4,1,200,2
T6,5,0,100,8
T7,6,0,144,16
T8,7,0,171,36
T9,8,0,45,3
[247]
T1,0,0,88,1
T2,1,0,90,18
T3,2,1,126,5
T4,3,0,198,10
T5,4,1,160,7
T6,5,0,33,2
T7,6,0,96,15
T8,7,0,53,1
T9,8,0,200,28
[248]
T1,0,1,132,10
T2,1,0,198,10
T3,2,1,144,2
T4,3,1,44,4
T5,4,1,51,6
T6,5,0,54,1
T7,6,1,200,4
T8,7,0,180,9
T9,8,1,90,20
[249]
T1,0,0,46,2
T2,1,0,200,43
T3,2,0,24,2
T4,3,1,192,3
T5,4,1,115,13
T6,5,0,175,6
T7,6,0,69,10
T8,7,0,105,1
T9,8,1,80,3
[250]
T1,0,0,75,7
T2,1,1,189,15
T3,2,1,41,2
T4,3,0,119,20
T5,4,1,50,2
T6,5,1,170,31
T7,6,0,90,1
T8,7,0,200,16
T9,8,1,100,2
[251]
T1,0,1,150,4
T2,1,0,200,6
T3,2,0,40,2
T4,3,1,60,6
T5,4,0,147,54
T6,5,0,30,2
T7,6,0,180,2
T8,7,0,100,9
T9,8,0,98,3
[252]
T1,0,1,31,1
T2,1,0,200,23
T3,2,0,175,14
T4,3,1,60,3
T5,4,1,135,6
T6,5,1,75,4
T7,6,1,150,10
T8,7,1,34,3
T9,8,1,108,13
[253]
T1,0,1,200,9
T2,1,0,100,3
T3,2,1,84,2
T4,3,1,46,15
T5,4,0,80,3
T6,5,0,96,7
T7,6,0,22,2
T8,7,0,150,10
T9,8,0,175,11
[254]
T1,0,1,126,8
T2,1,0,200,5
T3,2,1,160,6
T4,3,0,45,9
T5,4,0,126,12
T6,5,1,56,2
T7,6,1,162,6
T8,7,0,40,5
T9,8,1,81,4
[255]
T1,0,0,144,2
T2,1,1,154,9
T3,2,0,24,1
T4,3,0,126,2
T5,4,1,70,7
T6,5,0,54,7
T7,6,0,72,2
T8,7,1,176,30
T9,8,0,200,26
[256]
T1,0,0,135,8
T2,1,1,175,2
T3,2,1,196,25
T4,3,1,112,2
T5,4,0,120,11
T6,5,0,46,4
T7,6,1,27,2
T8,7,0,144,16
T9,8,0,200,25
[257]
T1,0,1,126,32
T2,1,0,150,2
T3,2,1,182,15
T4,3,0,65,2
T5,4,0,60,1
T6,5,1,200,2
T7,6,0,30,2
T8,7,1,24,3
T9,8,0,125,9
[258]
T1,0,1,80,12
T2,1,1,135,2
T3,2,0,45,4
T4,3,1,64,1
T5,4,1,108,1
T6,5,1,200,31
T7,6,1,42,1
T8,7,1,152,13
T9,8,0,160,18
[259]
T1,0,0,36,1
T2,1,0,200,6
T3,2,1,91,1
T4,3,1,70,2
T5,4,0,189,1
T6,5,1,126,18
T7,6,0,150,4
T8,7,1,90,30
T9,8,0,42,2
[260]
T1,0,1,200,2
T2,1,1,144,8
T3,2,0,48,4
T4,3,1,168,14
T5,4,0,182,16
T6,5,1,41,2
T7,6,1,84,5
T8,7,0,130,27
T9,8,1,104,2
[261]
T1,0,0,200,30
T2,1,1,102,11
T3,2,0,22,2
T4,3,0,88,7
T5,4,0,60,2
T6,5,1,45,2
T7,6,1,187,15
T8,7,1,66,12
T9,8,1,160,3
[262]
T1,0,0,165,6
T2,1,1,24,2
T3,2,0,49,2
T4,3,0,135,8
T5,4,1,70,1
T6,5,0,200,7
T7,6,1,88,8
T8,7,1,63,3
T9,8,1,175,56
[263]
T1,0,0,90,3
T2,1,1,200,29
T3,2,1,117,4
T4,3,0,104,5
T5,4,0,126,3
T6,5,0,42,4
T7,6,1,195,39
T8,7,0,182,7
T9,8,0,33,1
[264]
T1,0,0,25,2
T2,1,0,60,7
T3,2,1,185,5
T4,3,1,90,4
T5,4,1,35,3
T6,5,0,200,1
T7,6,1,180,30
T8,7,1,90,18
T9,8,0,125,2
[265]
T1,0,0,66,4
T2,1,1,156,2
T3,2,1,37,2
T4,3,0,180,42
T5,4,0,143,10
T6,5,1,200,2
T7,6,0,54,10
T8,7,0,65,3
T9,8,0,90,1
[266]
T1,0,0,189,18
T2,1,1,20,2
T3,2,0,75,16
T4,3,0,108,5
T5,4,1,200,2
T6,5,1,65,5
T7,6,1,156,12
T8,7,0,91,10
T9,8,0,49,1
[267]
T1,0,0,90,4
T2,1,1,72,4
T3,2,0,30,2
T4,3,1,200,18
T5,4,1,22,3
T6,5,0,154,26
T7,6,1,120,4
T8,7,1,175,7
T9,8,1,126,2
[268]
T1,0,0,91,10
T2,1,0,56,2
T3,2,1,200,4
T4,3,1,42,6
T5,4,1,182,2
T6,5,1,154,15
T7,6,0,91,12
T8,7,1,34,2
T9,8,0,143,9
[269]
T1,0,1,34,2
T2,1,0,175,13
T3,2,0,196,47
T4,3,1,56,3
T5,4,1,130,3
T6,5,1,30,2
T7,6,0,200,26
T8,7,1,84,2
T9,8,0,147,18
[270]
T1,0,1,51,2
T2,1,0,90,5
T3,2,0,200,9
T4,3,1,160,2
T5,4,0,42,3
T6,5,1,132,25
T7,6,1,55,12
T8,7,1,96,5
T9,8,0,176,1
[271]
T1,0,0,50,2
T2,1,1,64,1
T3,2,0,56,2
T4,3,1,162,11
T5,4,1,168,7
T6,5,1,96,12
T7,6,0,72,1
T8,7,1,40,8
T9,8,0,200,15
[272]
T1,0,1,22,1
T2,1,0,176,23
T3,2,0,165,34
T4,3,0,80,4
T5,4,1,82,1
T6,5,0,66,1
T7,6,0,200,7
T8,7,0,88,6
T9,8,0,24,1
[273]
T1,0,0,57,1
T2,1,1,150,10
T3,2,1,150,17
T4,3,0,31,5
T5,4,1,60,2
T6,5,1,200,16
T7,6,0,60,9
T8,7,0,33,1
T9,8,0,66,1
[274]
T1,0,0,198,4
T2,1,1,64,3
T3,2,0,30,1
T4,3,1,110,5
T5,4,0,200,18
T6,5,1,35,1
T7,6,1,125,3
T8,7,1,90,2
T9,8,0,192,66
[275]
T1,0,1,84,2
T2,1,1,170,2
T3,2,0,150,46
T4,3,0,120,7
T5,4,1,120,20
T6,5,1,41,2
T7,6,0,32,3
T8,7,0,60,1
T9,8,0,200,4
[276]
T1,0,0,50,2
T2,1,1,175,17
T3,2,1,66,2
T4,3,1,189,20
T5,4,1,120,32
T6,5,0,80,5
T7,6,1,135,1
T8,7,1,200,13
T9,8,0,25,1
[277]
T1,0,0,200,9
T2,1,0,125,16
T3,2,1,56,14
T4,3,1,140,4
T5,4,1,150,5
T6,5,0,53,2
T7,6,1,21,1
T8,7,0,176,11
T9,8,1,140,2
[278]
T1,0,1,90,2
T2,1,0,132,30
T3,2,1,200,6
T4,3,0,40,4
T5,4,1,31,2
T6,5,0,100,3
T7,6,0,126,2
T8,7,0,198,25
T9,8,0,180,23
[279]
T1,0,1,75,2
T2,1,0,42,6
T3,2,0,182,20
T4,3,0,200,1
T5,4,0,36,2
T6,5,1,144,4
T7,6,1,108,15
T8,7,0,156,8
T9,8,1,75,10
[280]
T1,0,0,156,7
T2,1,0,154,4
T3,2,0,84,11
T4,3,0,200,5
T5,4,1,24,2
T6,5,1,130,25
T7,6,1,77,6
T8,7,1,104,8
T9,8,1,32,2
[281]
T1,0,0,156,4
T2,1,1,140,9
T3,2,1,36,3
T4,3,1,39,1
T5,4,1,140,19
T6,5,1,200,17
T7,6,1,140,3
T8,7,0,75,9
T9,8,0,168,14
[282]
T1,0,0,176,4
T2,1,0,63,4
T3,2,0,54,3
T4,3,1,108,2
T5,4,0,105,11
T6,5,1,176,4
T7,6,0,99,23
T8,7,1,200,13
T9,8,1,45,4
[283]
T1,0,0,192,2
T2,1,0,120,28
T3,2,1,190,4
T4,3,1,21,1
T5,4,1,200,9
T6,5,1,120,15
T7,6,0,100,4
T8,7,0,76,6
T9,8,0,25,2
[284]
T1,0,0,140,10
T2,1,1,184,12
T3,2,0,28,3
T4,3,1,80,2
T5,4,1,168,32
T6,5,0,115,5
T7,6,1,200,23
T8,7,0,69,3
T9,8,1,33,2
[285]
T1,0,0,175,2
T2,1,1,24,4
T3,2,1,117,10
T4,3,0,200,32
T5,4,1,54,2
T6,5,0,100,2
T7,6,0,195,24
T8,7,1,96,1
T9,8,0,140,6
[286]
T1,0,1,39,3
T2,1,1,39,4
T3,2,0,160,27
T4,3,1,96,4
T5,4,1,72,6
T6,5,0,72,3
T7,6,0,126,7
T8,7,1,200,13
T9,8,0,150,1
[287]
T1,0,0,100,1
T2,1,0,39,4
T3,2,0,136,8
T4,3,0,46,2
T5,4,1,120,15
T6,5,0,160,2
T7,6,0,200,31
T8,7,1,96,9
T9,8,1,156,11
[288]
T1,0,0,75,2
T2,1,0,200,20
T3,2,1,47,1
T4,3,1,108,2
T5,4,1,45,4
T6,5,0,100,4
T7,6,1,196,1
T8,7,1,150,36
T9,8,0,63,9
[289]
T1,0,1,192,3
T2,1,0,192,3
T3,2,0,96,23
T4,3,1,54,6
T5,4,1,42,2
T6,5,1,72,3
T7,6,0,200,21
T8,7,1,136,9
T9,8,1,48,2
[290]
T1,0,0,160,8
T2,1,0,92,9
T3,2,1,65,13
T4,3,1,92,5
T5,4,0,80,10
T6,5,0,22,2
T7,6,0,52,5
T8,7,1,200,3
T9,8,0,160,1
[291]
T1,0,1,200,4
T2,1,0,189,2
T3,2,1,47,2
T4,3,1,75,11
T5,4,0,180,28
T6,5,1,38,5
T7,6,0,70,9
T8,7,1,120,6
T9,8,0,84,2
[292]
T1,0,0,60,4
T2,1,0,150,7
T3,2,0,99,8
T4,3,1,63,6
T5,4,1,125,4
T6,5,1,200,9
T7,6,0,40,2
T8,7,1,33,1
T9,8,1,150,30
[293]
T1,0,1,93,4
T2,1,0,39,1
T3,2,0,180,25
T4,3,1,200,3
T5,4,0,53,2
T6,5,1,180,7
T7,6,1,130,15
T8,7,1,65,2
T9,8,0,65,13
[294]
T1,0,0,50,4
T2,1,1,38,2
T3,2,1,190,2
T4,3,0,100,6
T5,4,1,80,14
T6,5,1,115,5
T7,6,1,200,18
T8,7,0,60,1
T9,8,1,152,19
[295]
T1,0,0,96,3
T2,1,1,170,8
T3,2,1,200,2
T4,3,1,45,6
T5,4,0,63,4
T6,5,0,150,27
T7,6,1,120,2
T8,7,1,28,5
T9,8,0,56,1
[296]
T1,0,0,32,3
T2,1,0,170,11
T3,2,0,119,2
T4,3,0,180,3
T5,4,0,136,30
T6,5,1,120,8
T7,6,0,63,2
T8,7,0,200,8
T9,8,1,51,8
[297]
T1,0,1,25,1
T2,1,1,74,23
T3,2,1,200,7
T4,3,0,93,2
T5,4,0,186,2
T6,5,1,20,2
T7,6,1,100,7
T8,7,1,124,16
T9,8,0,150,4
[298]
T1,0,1,135,1
T2,1,0,200,33
T3,2,0,95,3
T4,3,1,135,8
T5,4,0,171,8
T6,5,1,108,7
T7,6,1,29,2
T8,7,1,189,7
T9,8,0,21,4
[299]
T1,0,1,168,5
T2,1,0,132,22
T3,2,1,200,9
T4,3,1,37,1
T5,4,0,108,7
T6,5,0,27,1
T7,6,0,144,11
T8,7,1,168,6
T9,8,0,88,15
[300]
T1,0,1,63,7
T2,1,0,180,1
T3,2,1,195,2
T4,3,0,28,1
T5,4,0,200,18
T6,5,1,45,7
T7,6,1,91,2
T8,7,1,84,15
T9,8,0,105,4
[301]
T1,0,0,105,10
T2,1,1,20,1
T3,2,0,200,51
T4,3,0,175,6
T5,4,1,195,2
T6,5,1,80,4
T7,6,0,90,2
T8,7,0,90,2
T9,8,0,48,7
[302]
T1,0,1,28,5
T2,1,0,90,4
T3,2,0,200,28
T4,3,1,105,8
T5,4,0,198,7
T6,5,1,160,8
T7,6,0,75,2
T8,7,1,144,5
T9,8,1,32,2
[303]
T1,0,1,47,2
T2,1,0,180,4
T3,2,1,66,9
T4,3,1,72,1
T5,4,0,156,7
T6,5,1,117,5
T7,6,0,48,2
T8,7,0,200,6
T9,8,0,72,25
[304]
T1,0,1,104,6
T2,1,1,189,9
T3,2,0,36,2
T4,3,1,35,4
T5,4,1,200,6
T6,5,1,100,22
T7,6,1,56,1
T8,7,0,90,4
T9,8,0,168,7
[305]
T1,0,0,182,3
T2,1,0,65,8
T3,2,1,168,9
T4,3,0,130,2
T5,4,0,40,2
T6,5,0,39,2
T7,6,0,200,45
T8,7,1,98,14
T9,8,0,112,9
[306]
T1,0,0,136,28
T2,1,1,160,9
T3,2,1,200,25
T4,3,0,125,10
T5,4,1,55,4
T6,5,1,136,2
T7,6,1,176,2
T8,7,0,50,5
T9,8,0,38,2
[307]
T1,0,1,38,1
T2,1,0,114,8
T3,2,1,120,3
T4,3,1,133,11
T5,4,0,200,48
T6,5,0,28,2
T7,6,1,175,6
T8,7,0,171,1
T9,8,1,84,8
[308]
T1,0,1,44,2
T2,1,1,189,23
T3,2,1,72,8
T4,3,0,126,2
T5,4,1,66,9
T6,5,0,200,32
T7,6,1,198,3
T8,7,0,42,2
T9,8,0,132,6
[309]
T1,0,1,22,2
T2,1,0,70,13
T3,2,0,126,6
T4,3,1,200,10
T5,4,1,168,25
T6,5,0,144,2
T7,6,1,64,2
T8,7,0,162,12
T9,8,1,45,4
[310]
T1,0,1,20,2
T2,1,1,200,2
T3,2,1,43,2
T4,3,1,175,13
T5,4,1,124,11
T6,5,0,155,12
T7,6,0,56,9
T8,7,1,96,16
T9,8,0,100,3
[311]
T1,0,1,75,2
T2,1,0,195,15
T3,2,0,156,8
T4,3,1,140,8
T5,4,0,96,9
T6,5,1,22,2
T7,6,1,104,8
T8,7,1,52,12
T9,8,0,200,12
[312]
T1,0,0,165,12
T2,1,1,27,4
T3,2,0,33,3
T4,3,0,180,26
T5,4,1,100,1
T6,5,1,116,6
T7,6,1,116,3
T8,7,0,100,12
T9,8,1,200,2
[313]
T1,0,0,126,1
T2,1,1,200,23
T3,2,0,176,16
T4,3,1,99,8
T5,4,0,44,9
T6,5,1,77,1
T7,6,1,25,2
T8,7,0,100,12
T9,8,0,180,5
[314]
T1,0,0,104,6
T2,1,0,35,3
T3,2,0,192,43
T4,3,0,34,2
T5,4,1,70,2
T6,5,1,200,9
T7,6,1,112,7
T8,7,1,105,5
T9,8,1,150,17
[315]
T1,0,1,128,1
T2,1,1,200,72
T3,2,0,54,2
T4,3,1,51,2
T5,4,1,75,1
T6,5,1,175,1
T7,6,0,40,5
T8,7,1,189,26
T9,8,0,60,2
[316]
T1,0,0,91,2
T2,1,1,35,6
T3,2,1,200,21
T4,3,0,154,2
T5,4,0,84,3
T6,5,1,88,5
T7,6,0,165,31
T8,7,1,48,1
T9,8,0,70,4
[317]
T1,0,0,200,12
T2,1,0,36,5
T3,2,1,180,11
T4,3,0,60,7
T5,4,0,132,3
T6,5,0,55,4
T7,6,1,165,5
T8,7,1,32,2
T9,8,0,92,8
[318]
T1,0,0,96,5
T2,1,0,160,2
T3,2,1,96,3
T4,3,1,23,1
T5,4,0,65,6
T6,5,1,184,21
T7,6,0,200,6
T8,7,1,22,6
T9,8,0,138,4
[319]
T1,0,0,60,12
T2,1,0,35,2
T3,2,0,180,10
T4,3,1,120,2
T5,4,1,125,19
T6,5,1,20,1
T7,6,0,190,16
T8,7,0,200,4
T9,8,1,114,10
[320]
T1,0,0,35,2
T2,1,0,80,7
T3,2,1,74,2
T4,3,0,148,2
T5,4,0,200,10
T6,5,1,28,3
T7,6,0,144,26
T8,7,0,111,21
T9,8,0,185,9
[321]
T1,0,1,50,2
T2,1,0,126,37
T3,2,0,119,2
T4,3,1,85,6
T5,4,0,200,42
T6,5,1,168,2
T7,6,1,180,9
T8,7,1,80,2
T9,8,1,40,2
[322]
T1,0,0,48,2
T2,1,1,150,10
T3,2,0,180,1
T4,3,0,72,2
T5,4,1,88,5
T6,5,0,50,1
T7,6,1,200,3
T8,7,1,132,28
T9,8,0,124,34
[323]
T1,0,0,20,2
T2,1,1,100,2
T3,2,1,75,10
T4,3,0,56,2
T5,4,0,84,2
T6,5,1,154,20
T7,6,1,200,51
T8,7,0,52,2
T9,8,1,175,2
[324]
T1,0,1,126,7
T2,1,0,200,12
T3,2,1,60,6
T4,3,1,25,4
T5,4,1,168,15
T6,5,1,189,6
T7,6,1,65,1
T8,7,0,36,2
T9,8,1,120,4
[325]
T1,0,0,93,5
T2,1,0,60,4
T3,2,0,60,2
T4,3,1,48,7
T5,4,1,69,2
T6,5,0,200,9
T7,6,0,186,36
T8,7,1,40,2
T9,8,0,155,12
[326]
T1,0,1,175,11
T2,1,1,75,5
T3,2,1,30,1
T4,3,1,64,2
T5,4,1,30,8
T6,5,0,105,7
T7,6,0,70,6
T8,7,1,168,5
T9,8,0,200,4
[327]
T1,0,1,175,31
T2,1,0,192,1
T3,2,1,112,2
T4,3,1,100,2
T5,4,0,200,10
T6,5,0,105,4
T7,6,1,38,7
T8,7,0,100,1
T9,8,1,49,7
[328]
T1,0,0,162,22
T2,1,0,160,14
T3,2,0,99,14
T4,3,1,28,1
T5,4,0,50,1
T6,5,1,60,5
T7,6,0,200,8
T8,7,1,100,6
T9,8,1,81,3
[329]
T1,0,0,56,2
T2,1,1,168,9
T3,2,0,200,13
T4,3,1,77,2
T5,4,1,24,2
T6,5,1,120,3
T7,6,1,140,9
T8,7,1,42,9
T9,8,0,180,26
[330]
T1,0,0,175,2
T2,1,1,200,21
T3,2,1,120,12
T4,3,1,36,7
T5,4,1,175,12
T6,5,0,51,1
T7,6,0,63,2
T8,7,0,56,6
T9,8,0,100,5
[331]
T1,0,0,114,1
T2,1,0,168,2
T3,2,0,25,2
T4,3,0,80,13
T5,4,1,95,4
T6,5,1,28,1
T7,6,1,190,6
T8,7,1,144,33
T9,8,1,200,4
[332]
T1,0,0,111,21
T2,1,1,111,8
T3,2,0,195,37
T4,3,1,52,2
T5,4,0,180,11
T6,5,0,200,7
T7,6,1,104,7
T8,7,1,130,3
T9,8,0,50,2
[333]
T1,0,1,64,1
T2,1,0,200,9
T3,2,0,53,7
T4,3,0,160,15
T5,4,1,60,1
T6,5,1,192,1
T7,6,1,75,13
T8,7,0,90,9
T9,8,1,20,1
[334]
T1,0,1,20,2
T2,1,0,108,15
T3,2,1,81,9
T4,3,0,81,2
T5,4,1,184,6
T6,5,1,200,14
T7,6,0,162,9
T8,7,0,50,2
T9,8,0,92,13
[335]
T1,0,0,130,11
T2,1,0,54,2
T3,2,0,21,2
T4,3,0,156,2
T5,4,1,32,1
T6,5,1,75,13
T7,6,0,192,31
T8,7,1,117,2
T9,8,1,200,21
[336]
T1,0,1,150,11
T2,1,1,25,1
T3,2,1,100,6
T4,3,1,25,3
T5,4,0,76,9
T6,5,1,70,6
T7,6,0,200,15
T8,7,0,100,6
T9,8,0,180,3
[337]
T1,0,1,200,17
T2,1,1,24,4
T3,2,0,20,2
T4,3,1,150,11
T5,4,0,104,11
T6,5,0,171,3
T7,6,0,114,9
T8,7,0,57,1
T9,8,1,76,3
[338]
T1,0,0,20,2
T2,1,1,120,40
T3,2,1,80,4
T4,3,0,200,15
T5,4,0,189,10
T6,5,0,80,6
T7,6,0,168,3
T8,7,0,135,5
T9,8,0,35,2
[339]
T1,0,1,20,2
T2,1,0,110,19
T3,2,1,176,3
T4,3,0,44,2
T5,4,0,69,10
T6,5,1,120,2
T7,6,1,80,4
T8,7,1,176,29
T9,8,0,200,1
[340]
T1,0,1,37,2
T2,1,0,112,1
T3,2,0,40,2
T4,3,1,72,5
T5,4,0,200,3
T6,5,1,168,18
T7,6,1,156,2
T8,7,1,84,27
T9,8,0,140,17
[341]
T1,0,1,87,3
T2,1,1,150,2
T3,2,1,168,5
T4,3,1,58,15
T5,4,0,90,5
T6,5,1,116,13
T7,6,0,47,5
T8,7,0,48,2
T9,8,1,200,10
[342]
T1,0,0,198,25
T2,1,1,160,24
T3,2,1,60,4
T4,3,0,54,2
T5,4,0,132,5
T6,5,0,200,36
T7,6,1,24,2
T8,7,1,38,1
T9,8,1,132,2
[343]
T1,0,0,136,14
T2,1,0,88,2
T3,2,0,200,9
T4,3,1,120,6
T5,4,1,52,3
T6,5,1,192,3
T7,6,0,160,20
T8,7,0,40,9
T9,8,0,136,2
[344]
T1,0,1,72,3
T2,1,1,75,2
T3,2,1,153,20
T4,3,1,153,3
T5,4,0,51,5
T6,5,0,100,15
T7,6,1,200,18
T8,7,1,76,7
T9,8,1,34,2
[345]
T1,0,0,63,2
T2,1,0,48,2
T3,2,0,150,7
T4,3,0,36,1
T5,4,1,80,6
T6,5,1,99,1
T7,6,1,66,7
T8,7,0,200,63
T9,8,0,165,8
[346]
T1,0,1,155,18
T2,1,0,186,5
T3,2,1,50,1
T4,3,0,90,5
T5,4,0,33,5
T6,5,0,124,8
T7,6,0,200,3
T8,7,0,90,8
T9,8,0,110,13
[347]
T1,0,0,56,6
T2,1,1,170,6
T3,2,1,70,1
T4,3,0,32,1
T5,4,0,105,3
T6,5,1,150,55
T7,6,1,96,5
T8,7,1,29,2
T9,8,1,200,2
[348]
T1,0,1,200,30
T2,1,0,90,3
T3,2,0,39,1
T4,3,1,84,1
T5,4,0,189,18
T6,5,0,45,5
T7,6,0,108,10
T8,7,1,153,16
T9,8,0,90,1
[349]
T1,0,1,96,8
T2,1,1,91,2
T3,2,0,40,5
T4,3,0,75,2
T5,4,0,195,40
T6,5,1,200,11
T7,6,0,160,19
T8,7,0,56,2
T9,8,0,42,2
[350]
T1,0,1,91,2
T2,1,0,54,2
T3,2,0,70,3
T4,3,1,150,1
T5,4,0,75,3
T6,5,0,200,33
T7,6,0,117,8
T8,7,0,150,21
T9,8,0,20,2
[351]
T1,0,1,90,3
T2,1,0,50,6
T3,2,0,40,9
T4,3,0,195,4
T5,4,0,126,3
T6,5,0,200,17
T7,6,1,130,2
T8,7,0,180,13
T9,8,0,126,9
[352]
T1,0,0,200,2
T2,1,1,145,1
T3,2,1,145,1
T4,3,0,100,11
T5,4,1,68,2
T6,5,1,150,10
T7,6,1,51,1
T8,7,1,46,14
T9,8,1,180,15
[353]
T1,0,1,132,14
T2,1,0,112,19
T3,2,1,198,26
T4,3,1,200,2
T5,4,0,110,2
T6,5,1,56,2
T7,6,1,21,2
T8,7,1,160,27
T9,8,1,36,3
[354]
T1,0,0,44,4
T2,1,1,200,11
T3,2,0,77,7
T4,3,1,180,46
T5,4,1,96,2
T6,5,1,100,2
T7,6,1,77,7
T8,7,1,45,2
T9,8,0,175,2
[355]
T1,0,0,100,5
T2,1,0,55,1
T3,2,0,75,7
T4,3,0,75,3
T5,4,0,25,4
T6,5,1,30,1
T7,6,1,200,15
T8,7,1,164,9
T9,8,0,165,21
[356]
T1,0,1,143,8
T2,1,1,154,2
T3,2,0,200,19
T4,3,0,168,22
T5,4,0,84,8
T6,5,1,29,1
T7,6,1,75,2
T8,7,0,132,26
T9,8,1,33,2
[357]
T1,0,0,200,36
T2,1,0,150,12
T3,2,0,126,2
T4,3,1,28,1
T5,4,1,80,3
T6,5,1,90,5
T7,6,1,120,11
T8,7,1,165,16
T9,8,1,32,1
[358]
T1,0,0,150,6
T2,1,0,64,3
T3,2,1,40,6
T4,3,1,75,2
T5,4,0,200,2
T6,5,1,135,2
T7,6,1,168,30
T8,7,0,100,6
T9,8,1,36,4
[359]
T1,0,1,35,4
T2,1,1,31,1
T3,2,0,140,7
T4,3,1,55,12
T5,4,0,196,2
T6,5,1,100,2
T7,6,1,154,21
T8,7,0,200,7
T9,8,0,105,4
[360]
T1,0,0,200,2
T2,1,0,72,1
T3,2,0,156,12
T4,3,0,84,6
T5,4,0,50,5
T6,5,0,180,46
T7,6,1,126,1
T8,7,0,120,10
T9,8,1,40,1
[361]
T1,0,1,64,1
T2,1,0,192,21
T3,2,0,21,2
T4,3,0,56,9
T5,4,1,108,3
T6,5,1,180,1
T7,6,1,45,2
T8,7,1,64,5
T9,8,0,200,20
[362]
T1,0,0,150,4
T2,1,0,70,4
T3,2,0,33,2
T4,3,1,64,2
T5,4,0,165,16
T6,5,0,200,18
T7,6,1,39,3
T8,7,1,128,20
T9,8,1,64,5
[363]
T1,0,1,168,18
T2,1,1,75,2
T3,2,1,63,9
T4,3,1,35,2
T5,4,0,35,2
T6,5,0,70,4
T7,6,0,165,9
T8,7,0,88,9
T9,8,1,200,12
[364]
T1,0,1,60,10
T2,1,0,108,10
T3,2,0,21,1
T4,3,1,184,10
T5,4,1,184,5
T6,5,1,200,23
T7,6,0,63,2
T8,7,0,32,3
T9,8,0,56,2
[365]
T1,0,0,100,1
T2,1,0,160,9
T3,2,1,48,3
T4,3,0,27,2
T5,4,1,200,20
T6,5,0,55,2
T7,6,0,99,4
T8,7,1,60,13
T9,8,0,154,16
[366]
T1,0,0,108,10
T2,1,1,48,1
T3,2,0,200,9
T4,3,1,120,6
T5,4,0,65,16
T6,5,1,36,1
T7,6,0,162,10
T8,7,0,195,17
T9,8,0,90,2
[367]
T1,0,0,56,6
T2,1,0,165,11
T3,2,0,22,2
T4,3,1,66,9
T5,4,1,140,21
T6,5,0,100,7
T7,6,1,200,17
T8,7,1,176,2
T9,8,1,51,1
[368]
T1,0,1,168,10
T2,1,1,30,2
T3,2,1,40,2
T4,3,1,105,12
T5,4,0,63,2
T6,5,0,153,22
T7,6,0,200,10
T8,7,1,105,10
T9,8,1,75,4
[369]
T1,0,1,130,7
T2,1,0,52,3
T3,2,1,60,2
T4,3,1,130,4
T5,4,1,95,7
T6,5,1,44,10
T7,6,1,200,10
T8,7,1,190,4
T9,8,0,190,20
[370]
T1,0,1,104,7
T2,1,1,189,12
T3,2,1,30,2
T4,3,0,60,3
T5,4,0,126,9
T6,5,0,75,6
T7,6,1,50,2
T8,7,1,189,6
T9,8,0,200,41
[371]
T1,0,0,75,2
T2,1,1,92,1
T3,2,0,200,62
T4,3,0,195,7
T5,4,1,125,2
T6,5,1,69,1
T7,6,1,24,1
T8,7,1,49,3
T9,8,1,184,29
[372]
T1,0,1,70,1
T2,1,1,55,2
T3,2,1,32,3
T4,3,1,99,11
T5,4,0,48,3
T6,5,1,150,26
T7,6,1,72,3
T8,7,1,200,16
T9,8,1,175,10
[373]
T1,0,1,56,5
T2,1,0,48,8
T3,2,1,160,12
T4,3,1,118,2
T5,4,0,160,1
T6,5,0,31,2
T7,6,1,70,8
T8,7,0,96,1
T9,8,1,200,31
[374]
T1,0,1,45,2
T2,1,0,72,14
T3,2,0,168,2
T4,3,1,154,6
T5,4,1,105,26
T6,5,1,200,2
T7,6,1,100,12
T8,7,1,47,1
T9,8,0,90,2
[375]
T1,0,1,200,2
T2,1,1,164,9
T3,2,1,51,10
T4,3,1,164,7
T5,4,0,75,3
T6,5,0,20,2
T7,6,0,136,2
T8,7,1,60,6
T9,8,1,102,12
[376]
T1,0,0,98,9
T2,1,0,75,2
T3,2,1,77,10
T4,3,1,72,12
T5,4,0,165,7
T6,5,0,37,2
T7,6,0,45,6
T8,7,1,200,2
T9,8,1,165,6
[377]
T1,0,1,92,2
T2,1,1,120,20
T3,2,0,200,1
T4,3,0,29,1
T5,4,0,92,2
T6,5,0,161,49
T7,6,0,28,2
T8,7,0,126,2
T9,8,0,180,13
[378]
T1,0,0,120,17
T2,1,1,48,5
T3,2,1,56,3
T4,3,1,39,6
T5,4,1,180,2
T6,5,0,200,11
T7,6,0,180,3
T8,7,1,105,12
T9,8,1,105,3
[379]
T1,0,0,98,1
T2,1,1,33,8
T3,2,1,154,7
T4,3,1,40,2
T5,4,0,98,1
T6,5,1,168,4
T7,6,1,200,48
T8,7,0,126,5
T9,8,1,90,2
[380]
T1,0,1,52,2
T2,1,1,70,8
T3,2,1,33,2
T4,3,1,200,1
T5,4,1,182,28
T6,5,1,182,12
T7,6,0,80,10
T8,7,0,64,4
T9,8,1,65,2
[381]
T1,0,0,31,4
T2,1,1,144,12
T3,2,0,40,6
T4,3,0,200,2
T5,4,1,140,4
T6,5,1,150,7
T7,6,0,170,2
T8,7,1,68,10
T9,8,1,144,4
[382]
T1,0,0,112,2
T2,1,1,85,2
T3,2,0,53,3
T4,3,0,175,21
T5,4,1,88,2
T6,5,0,200,27
T7,6,1,50,1
T8,7,0,110,30
T9,8,1,170,2
[383]
T1,0,0,27,2
T2,1,1,180,24
T3,2,0,30,4
T4,3,1,100,7
T5,4,0,171,2
T6,5,0,200,31
T7,6,0,140,5
T8,7,1,70,2
T9,8,0,63,6
[384]
T1,0,1,65,11
T2,1,0,43,1
T3,2,1,130,2
T4,3,0,130,4
T5,4,0,180,8
T6,5,1,100,9
T7,6,0,24,1
T8,7,1,200,29
T9,8,0,153,10
[385]
T1,0,0,20,2
T2,1,1,200,11
T3,2,0,105,14
T4,3,1,40,2
T5,4,1,104,22
T6,5,1,165,7
T7,6,1,130,13
T8,7,1,168,4
T9,8,0,132,11
[386]
T1,0,1,168,2
T2,1,1,175,11
T3,2,0,200,2
T4,3,0,72,14
T5,4,1,36,8
T6,5,1,31,2
T7,6,0,72,2
T8,7,1,60,2
T9,8,0,146,9
[387]
T1,0,0,54,2
T2,1,0,56,3
T3,2,1,156,4
T4,3,1,24,1
T5,4,1,104,3
T6,5,1,200,9
T7,6,1,36,7
T8,7,1,156,23
T9,8,1,84,6
[388]
T1,0,0,200,2
T2,1,1,106,1
T3,2,1,70,2
T4,3,0,175,48
T5,4,0,140,33
T6,5,1,20,2
T7,6,0,120,3
T8,7,1,180,15
T9,8,1,30,2
[389]
T1,0,0,80,6
T2,1,1,42,2
T3,2,0,133,5
T4,3,1,96,6
T5,4,1,171,35
T6,5,0,112,17
T7,6,1,200,6
T8,7,1,36,2
T9,8,0,180,15
[390]
T1,0,1,72,2
T2,1,0,108,7
T3,2,0,50,5
T4,3,0,36,5
T5,4,1,175,2
T6,5,1,200,21
T7,6,0,80,2
T8,7,1,156,8
T9,8,1,126,23
[391]
T1,0,0,56,3
T2,1,1,147,5
T3,2,0,154,43
T4,3,1,98,3
T5,4,1,105,6
T6,5,1,200,1
T7,6,0,24,1
T8,7,1,165,2
T9,8,0,51,6
[392]
T1,0,1,80,14
T2,1,1,104,6
T3,2,1,110,3
T4,3,0,198,2
T5,4,1,42,9
T6,5,1,99,2
T7,6,1,200,4
T8,7,0,150,10
T9,8,1,33,3
[393]
T1,0,1,100,3
T2,1,1,20,1
T3,2,0,169,1
T4,3,0,200,28
T5,4,0,20,1
T6,5,0,112,13
T7,6,1,182,17
T8,7,0,91,8
T9,8,1,70,4
[394]
T1,0,1,96,14
T2,1,0,24,1
T3,2,1,112,2
T4,3,1,196,2
T5,4,0,30,4
T6,5,1,175,14
T7,6,0,56,3
T8,7,0,60,1
T9,8,0,200,31
[395]
T1,0,1,55,3
T2,1,0,75,5
T3,2,0,176,1
T4,3,0,84,2
T5,4,1,29,7
T6,5,1,45,2
T7,6,1,176,6
T8,7,1,200,29
T9,8,1,88,1
[396]
T1,0,0,110,4
T2,1,1,36,4
T3,2,0,120,3
T4,3,1,135,28
T5,4,0,150,17
T6,5,1,72,3
T7,6,1,45,3
T8,7,1,200,5
T9,8,1,150,4
[397]
T1,0,1,36,2
T2,1,0,20,3
T3,2,1,75,2
T4,3,1,80,6
T5,4,1,108,5
T6,5,0,144,7
T7,6,0,150,24
T8,7,1,200,4
T9,8,1,180,21
[398]
T1,0,1,28,8
T2,1,1,182,12
T3,2,1,98,2
T4,3,0,28,1
T5,4,1,104,10
T6,5,1,156,13
T7,6,0,200,1
T8,7,0,60,2
T9,8,1,56,1
[399]
T1,0,0,155,2
T2,1,0,120,1
T3,2,0,75,1
T4,3,1,90,6
T5,4,0,53,9
T6,5,0,200,5
T7,6,1,22,4
T8,7,1,186,21
T9,8,1,99,2
[400]
T1,0,1,105,1
T2,1,1,140,13
T3,2,0,53,9
T4,3,1,136,1
T5,4,0,165,33
T6,5,0,200,10
T7,6,0,30,2
T8,7,1,85,3
T9,8,1,175,15
[401]
T1,0,0,120,27
T2,1,0,200,23
T3,2,1,35,2
T4,3,0,126,9
T5,4,0,153,17
T6,5,0,153,5
T7,6,1,43,4
T8,7,0,102,1
T9,8,0,105,2
[402]
T1,0,1,65,8
T2,1,1,32,2
T3,2,1,160,5
T4,3,1,100,5
T5,4,0,112,19
T6,5,0,29,2
T7,6,0,200,52
T8,7,1,117,2
T9,8,1,160,1
[403]
T1,0,0,70,1
T2,1,0,72,6
T3,2,0,70,2
T4,3,1,21,2
T5,4,1,200,1
T6,5,0,112,12
T7,6,1,198,21
T8,7,0,168,42
T9,8,0,20,1
[404]
T1,0,1,200,24
T2,1,1,60,5
T3,2,1,30,2
T4,3,0,184,9
T5,4,1,108,8
T6,5,1,72,5
T7,6,0,64,9
T8,7,1,44,2
T9,8,1,192,10
[405]
T1,0,1,150,4
T2,1,0,52,2
T3,2,0,60,6
T4,3,0,60,7
T5,4,0,20,2
T6,5,1,152,23
T7,6,0,200,2
T8,7,0,75,12
T9,8,1,118,4
[406]
T1,0,0,160,8
T2,1,1,120,3
T3,2,1,75,4
T4,3,1,88,2
T5,4,0,176,51
T6,5,1,200,1
T7,6,0,28,4
T8,7,0,132,2
T9,8,0,32,2
[407]
T1,0,0,189,8
T2,1,1,161,5
T3,2,1,138,1
T4,3,1,72,7
T5,4,0,115,26
T6,5,0,46,2
T7,6,1,42,4
T8,7,1,200,11
T9,8,0,63,7
[408]
T1,0,0,98,6
T2,1,0,49,4
T3,2,0,110,2
T4,3,0,105,5
T5,4,1,150,2
T6,5,0,126,3
T7,6,0,200,36
T8,7,0,168,38
T9,8,0,37,1
[409]
T1,0,0,60,6
T2,1,1,170,11
T3,2,1,24,2
T4,3,0,187,5
T5,4,1,32,1
T6,5,0,136,9
T7,6,1,66,2
T8,7,1,200,51
T9,8,0,105,2
[410]
T1,0,0,70,4
T2,1,1,140,11
T3,2,0,156,20
T4,3,0,44,2
T5,4,1,35,2
T6,5,1,200,2
T7,6,0,84,6
T8,7,0,90,26
T9,8,0,156,2
[411]
T1,0,1,120,24
T2,1,0,72,5
T3,2,1,144,13
T4,3,0,147,5
T5,4,1,180,23
T6,5,1,200,1
T7,6,0,53,2
T8,7,0,24,1
T9,8,0,180,13
[412]
T1,0,1,104,18
T2,1,0,20,2
T3,2,1,51,8
T4,3,1,189,4
T5,4,0,63,3
T6,5,1,182,16
T7,6,1,72,6
T8,7,1,200,11
T9,8,0,75,1
[413]
T1,0,1,180,7
T2,1,0,56,9
T3,2,1,80,6
T4,3,0,200,28
T5,4,0,95,6
T6,5,1,21,2
T7,6,0,180,1
T8,7,0,95,1
T9,8,1,34,1
[414]
T1,0,1,56,3
T2,1,1,168,20
T3,2,0,81,24
T4,3,1,200,2
T5,4,1,21,1
T6,5,0,28,2
T7,6,1,125,3
T8,7,1,150,5
T9,8,1,120,1
[415]
T1,0,0,64,4
T2,1,1,55,7
T3,2,0,49,2
T4,3,1,168,4
T5,4,1,24,3
T6,5,1,200,49
T7,6,1,154,3
T8,7,0,84,1
T9,8,0,60,1
[416]
T1,0,1,29,2
T2,1,1,105,7
T3,2,0,168,3
T4,3,1,35,4
T5,4,0,150,8
T6,5,1,77,4
T7,6,1,200,6
T8,7,1,57,5
T9,8,0,76,11
[417]
T1,0,1,63,6
T2,1,0,20,1
T3,2,1,160,8
T4,3,0,96,3
T5,4,0,144,7
T6,5,1,180,9
T7,6,0,47,1
T8,7,0,200,14
T9,8,0,114,23
[418]
T1,0,0,130,12
T2,1,1,117,2
T3,2,1,78,11
T4,3,1,91,5
T5,4,0,50,7
T6,5,1,156,1
T7,6,0,200,39
T8,7,1,35,2
T9,8,0,182,2
[419]
T1,0,0,36,4
T2,1,1,100,12
T3,2,0,123,14
T4,3,1,41,2
T5,4,0,200,8
T6,5,1,164,21
T7,6,0,99,8
T8,7,0,120,1
T9,8,0,150,7
[420]
T1,0,0,96,5
T2,1,1,120,8
T3,2,0,116,12
T4,3,0,200,9
T5,4,0,37,2
T6,5,0,21,1
T7,6,0,174,27
T8,7,1,64,3
T9,8,0,175,6
[421]
T1,0,1,96,11
T2,1,1,150,2
T3,2,0,130,22
T4,3,0,60,1
T5,4,0,168,6
T6,5,1,20,2
T7,6,0,24,1
T8,7,1,140,4
T9,8,0,200,40
[422]
T1,0,0,200,17
T2,1,1,156,5
T3,2,1,114,2
T4,3,1,180,2
T5,4,0,114,1
T6,5,0,144,11
T7,6,0,47,2
T8,7,1,75,10
T9,8,1,38,11
[423]
T1,0,0,47,6
T2,1,1,115,2
T3,2,1,120,8
T4,3,1,184,41
T5,4,0,100,2
T6,5,0,186,34
T7,6,1,69,2
T8,7,0,200,8
T9,8,0,24,2
[424]
T1,0,1,93,4
T2,1,0,24,3
T3,2,0,192,2
T4,3,1,124,15
T5,4,1,62,1
T6,5,0,50,2
T7,6,0,93,5
T8,7,1,186,7
T9,8,0,200,33
[425]
T1,0,0,200,29
T2,1,1,72,3
T3,2,0,39,1
T4,3,1,140,3
T5,4,0,144,1
T6,5,0,182,33
T7,6,0,75,4
T8,7,0,54,5
T9,8,0,182,15
[426]
T1,0,0,150,2
T2,1,1,96,2
T3,2,1,192,50
T4,3,1,200,4
T5,4,0,44,4
T6,5,0,100,2
T7,6,1,43,4
T8,7,0,55,6
T9,8,0,84,3
[427]
T1,0,0,98,16
T2,1,0,100,12
T3,2,1,165,11
T4,3,0,60,2
T5,4,0,77,4
T6,5,1,35,3
T7,6,0,200,10
T8,7,0,154,4
T9,8,0,53,2
[428]
T1,0,1,164,4
T2,1,0,25,2
T3,2,1,56,2
T4,3,0,180,14
T5,4,1,200,11
T6,5,1,126,1
T7,6,0,24,2
T8,7,0,123,38
T9,8,0,75,10
[429]
T1,0,0,20,2
T2,1,1,200,3
T3,2,1,22,2
T4,3,0,198,17
T5,4,0,75,22
T6,5,1,110,3
T7,6,1,112,3
T8,7,1,168,13
T9,8,0,108,13
[430]
T1,0,1,198,32
T2,1,0,34,2
T3,2,1,72,10
T4,3,0,48,7
T5,4,1,120,2
T6,5,0,100,1
T7,6,0,75,5
T8,7,1,200,7
T9,8,1,160,12
[431]
T1,0,0,78,3
T2,1,0,156,6
T3,2,1,26,3
T4,3,1,200,11
T5,4,1,72,5
T6,5,1,114,5
T7,6,1,24,2
T8,7,1,150,16
T9,8,0,114,16
[432]
T1,0,1,110,2
T2,1,1,30,1
T3,2,0,60,2
T4,3,1,200,12
T5,4,0,168,7
T6,5,0,108,16
T7,6,1,21,4
T8,7,1,63,1
T9,8,0,154,20
[433]
T1,0,0,49,2
T2,1,1,50,2
T3,2,0,120,3
T4,3,1,60,2
T5,4,0,95,20
T6,5,0,116,23
T7,6,1,190,6
T8,7,0,200,19
T9,8,0,171,2
[434]
T1,0,0,75,2
T2,1,1,200,14
T3,2,0,35,6
T4,3,1,33,1
T5,4,1,184,16
T6,5,0,161,11
T7,6,0,63,3
T8,7,0,108,4
T9,8,0,105,12
[435]
T1,0,1,182,10
T2,1,1,75,2
T3,2,0,130,23
T4,3,0,120,13
T5,4,1,56,2
T6,5,1,165,8
T7,6,1,35,2
T8,7,0,200,2
T9,8,0,35,8
[436]
T1,0,0,135,1
T2,1,1,45,5
T3,2,1,135,28
T4,3,1,144,9
T5,4,1,180,23
T6,5,0,200,23
T7,6,1,85,2
T8,7,0,162,3
T9,8,1,24,2
[437]
T1,0,1,72,1
T2,1,0,170,9
T3,2,1,38,9
T4,3,0,180,36
T5,4,0,200,12
T6,5,1,80,1
T7,6,0,132,4
T8,7,1,45,2
T9,8,1,120,4
[438]
T1,0,0,32,2
T2,1,0,144,2
T3,2,1,75,22
T4,3,0,162,1
T5,4,0,35,5
T6,5,0,80,4
T7,6,1,168,9
T8,7,0,72,6
T9,8,1,200,4
[439]
T1,0,1,66,9
T2,1,1,176,4
T3,2,1,110,21
T4,3,1,200,12
T5,4,1,100,2
T6,5,0,37,3
T7,6,0,37,2
T8,7,1,160,11
T9,8,0,110,3
[440]
T1,0,0,80,8
T2,1,1,108,23
T3,2,1,192,2
T4,3,1,160,8
T5,4,1,36,2
T6,5,1,56,2
T7,6,0,54,4
T8,7,0,25,2
T9,8,1,200,13
[441]
T1,0,0,143,5
T2,1,1,160,48
T3,2,1,39,1
T4,3,1,160,1
T5,4,1,75,3
T6,5,1,200,4
T7,6,1,43,5
T8,7,0,100,9
T9,8,1,110,3
[442]
T1,0,0,24,2
T2,1,1,120,2
T3,2,0,192,15
T4,3,0,34,13
T5,4,0,130,2
T6,5,0,100,12
T7,6,0,200,1
T8,7,1,180,3
T9,8,0,60,1
[443]
T1,0,1,48,4
T2,1,1,200,32
T3,2,0,180,8
T4,3,0,144,7
T5,4,0,75,7
T6,5,0,177,2
T7,6,0,37,3
T8,7,0,118,1
T9,8,0,72,9
[444]
T1,0,0,150,3
T2,1,1,200,12
T3,2,0,72,4
T4,3,0,100,11
T5,4,1,180,19
T6,5,1,92,6
T7,6,0,46,2
T8,7,0,35,2
T9,8,0,80,14
[445]
T1,0,0,117,6
T2,1,1,45,1
T3,2,0,198,48
T4,3,1,24,1
T5,4,0,144,9
T6,5,0,200,11
T7,6,0,156,6
T8,7,1,65,7
T9,8,1,132,1
[446]
T1,0,0,80,3
T2,1,1,60,1
T3,2,0,200,46
T4,3,0,125,15
T5,4,0,43,1
T6,5,0,150,7
T7,6,1,125,5
T8,7,1,26,1
T9,8,0,165,18
[447]
T1,0,0,90,1
T2,1,1,90,15
T3,2,1,200,13
T4,3,0,33,5
T5,4,1,90,2
T6,5,1,125,2
T7,6,0,26,4
T8,7,1,175,19
T9,8,0,150,2
[448]
T1,0,0,105,4
T2,1,1,84,4
T3,2,0,40,2
T4,3,0,81,7
T5,4,0,37,5
T6,5,0,200,9
T7,6,1,168,1
T8,7,0,90,14
T9,8,1,175,25
[449]
T1,0,1,135,5
T2,1,0,147,1
T3,2,0,175,10
T4,3,0,75,6
T5,4,1,200,20
T6,5,1,175,4
T7,6,0,28,7
T8,7,1,40,2
T9,8,1,126,8
[450]
T1,0,0,195,24
T2,1,1,30,4
T3,2,0,200,25
T4,3,0,100,7
T5,4,0,144,10
T6,5,1,35,1
T7,6,0,56,2
T8,7,1,135,3
T9,8,1,195,15
[451]
T1,0,0,200,8
T2,1,0,70,2
T3,2,0,22,2
T4,3,0,95,14
T5,4,0,45,10
T6,5,0,175,1
T7,6,0,96,2
T8,7,0,160,8
T9,8,1,100,12
[452]
T1,0,1,54,2
T2,1,1,200,1
T3,2,1,156,26
T4,3,0,169,6
T5,4,0,43,3
T6,5,0,65,4
T7,6,1,65,2
T8,7,0,65,3
T9,8,0,45,11
[453]
T1,0,1,110,2
T2,1,1,200,2
T3,2,0,24,1
T4,3,1,150,5
T5,4,1,60,12
T6,5,1,39,2
T7,6,0,72,9
T8,7,0,66,1
T9,8,1,160,27
[454]
T1,0,1,100,11
T2,1,1,140,2
T3,2,1,200,4
T4,3,1,66,6
T5,4,0,165,15
T6,5,1,36,1
T7,6,1,154,19
T8,7,0,132,8
T9,8,0,21,2
[455]
T1,0,0,45,3
T2,1,0,160,10
T3,2,0,182,10
T4,3,0,78,7
T5,4,1,56,2
T6,5,0,78,7
T7,6,0,112,14
T8,7,0,200,8
T9,8,1,52,4
[456]
T1,0,1,200,2
T2,1,0,57,1
T3,2,1,75,9
T4,3,0,120,2
T5,4,0,152,17
T6,5,1,31,2
T7,6,1,152,7
T8,7,1,20,5
T9,8,0,66,4
[457]
T1,0,0,150,2
T2,1,1,165,20
T3,2,1,200,31
T4,3,0,102,2
T5,4,1,100,1
T6,5,0,40,8
T7,6,1,90,1
T8,7,0,90,8
T9,8,1,25,1
[458]
T1,0,0,99,6
T2,1,0,126,4
T3,2,1,33,1
T4,3,1,200,34
T5,4,0,154,2
T6,5,0,28,2
T7,6,1,66,2
T8,7,1,90,16
T9,8,1,176,20
[459]
T1,0,1,160,33
T2,1,1,26,4
T3,2,1,180,7
T4,3,0,114,5
T5,4,0,60,1
T6,5,0,108,9
T7,6,1,200,9
T8,7,1,30,1
T9,8,0,100,3
[460]
T1,0,1,52,1
T2,1,0,200,1
T3,2,0,63,2
T4,3,1,77,13
T5,4,1,154,1
T6,5,1,112,12
T7,6,1,120,5
T8,7,1,160,36
T9,8,1,30,2
[461]
T1,0,1,25,9
T2,1,0,174,4
T3,2,0,190,17
T4,3,1,60,6
T5,4,0,200,3
T6,5,1,76,1
T7,6,0,31,2
T8,7,1,57,1
T9,8,1,90,2
[462]
T1,0,0,44,2
T2,1,1,55,1
T3,2,1,200,13
T4,3,1,77,15
T5,4,1,20,2
T6,5,1,132,2
T7,6,1,63,2
T8,7,1,168,26
T9,8,0,180,2
[463]
T1,0,0,49,4
T2,1,1,36,6
T3,2,1,200,1
T4,3,1,180,15
T5,4,1,84,8
T6,5,0,126,5
T7,6,1,150,13
T8,7,1,102,10
T9,8,1,102,2
[464]
T1,0,1,188,8
T2,1,0,60,5
T3,2,1,47,8
T4,3,1,141,4
T5,4,0,150,21
T6,5,1,104,3
T7,6,0,200,23
T8,7,0,33,2
T9,8,0,60,2
[465]
T1,0,0,175,13
T2,1,0,114,5
T3,2,1,95,6
T4,3,0,57,2
T5,4,1,200,17
T6,5,1,22,2
T7,6,0,63,5
T8,7,1,171,28
T9,8,1,48,2
[466]
T1,0,1,77,7
T2,1,0,200,42
T3,2,1,45,1
T4,3,1,72,2
T5,4,0,198,2
T6,5,1,198,19
T7,6,0,98,11
T8,7,1,100,13
T9,8,1,46,2
[467]
T1,0,0,63,4
T2,1,0,80,4
T3,2,1,50,1
T4,3,1,200,70
T5,4,1,126,2
T6,5,0,174,6
T7,6,1,150,19
T8,7,1,58,2
T9,8,0,36,2
[468]
T1,0,1,150,2
T2,1,1,180,20
T3,2,0,80,8
T4,3,1,102,25
T5,4,0,25,2
T6,5,0,75,2
T7,6,0,200,8
T8,7,0,33,2
T9,8,1,68,5
[469]
T1,0,0,48,6
T2,1,0,26,2
T3,2,0,180,11
T4,3,0,72,3
T5,4,0,87,11
T6,5,1,200,22
T7,6,0,64,4
T8,7,0,100,4
T9,8,1,180,11
[470]
T1,0,1,117,13
T2,1,1,40,4
T3,2,0,189,7
T4,3,0,22,2
T5,4,0,90,4
T6,5,1,195,16
T7,6,1,200,3
T8,7,1,54,3
T9,8,0,108,12
[471]
T1,0,0,110,4
T2,1,1,132,6
T3,2,0,53,2
T4,3,1,54,4
T5,4,1,165,2
T6,5,1,154,17
T7,6,1,56,1
T8,7,0,135,40
T9,8,1,200,7
[472]
T1,0,0,104,7
T2,1,0,200,50
T3,2,1,143,9
T4,3,1,182,17
T5,4,0,78,8
T6,5,0,26,2
T7,6,0,56,2
T8,7,0,26,2
T9,8,1,165,5
[473]
T1,0,0,165,17
T2,1,0,198,10
T3,2,0,66,2
T4,3,1,49,2
T5,4,0,200,13
T6,5,1,100,3
T7,6,0,48,2
T8,7,0,56,3
T9,8,1,108,29
[474]
T1,0,1,77,1
T2,1,0,143,5
T3,2,0,52,12
T4,3,0,75,2
T5,4,1,30,2
T6,5,0,200,38
T7,6,0,165,17
T8,7,1,182,9
T9,8,0,60,2
[475]
T1,0,0,91,4
T2,1,0,20,4
T3,2,1,110,2
T4,3,1,28,1
T5,4,1,200,1
T6,5,1,154,11
T7,6,1,154,37
T8,7,1,66,2
T9,8,0,56,3
[476]
T1,0,0,24,2
T2,1,0,21,2
T3,2,0,150,15
T4,3,1,154,35
T5,4,1,78,8
T6,5,1,200,2
T7,6,0,55,5
T8,7,0,60,4
T9,8,0,56,1
[477]
T1,0,1,90,11
T2,1,1,200,13
T3,2,1,162,23
T4,3,1,120,5
T5,4,0,196,11
T6,5,0,120,19
T7,6,0,98,3
T8,7,1,45,2
T9,8,0,28,2
[478]
T1,0,1,168,12
T2,1,0,100,7
T3,2,1,42,1
T4,3,0,100,7
T5,4,0,50,5
T6,5,1,178,18
T7,6,1,75,3
T8,7,0,200,8
T9,8,0,120,17
[479]
T1,0,1,96,9
T2,1,1,25,2
T3,2,1,75,9
T4,3,1,75,1
T5,4,1,150,1
T6,5,0,161,29
T7,6,0,140,3
T8,7,0,200,39
T9,8,1,50,1
[480]
T1,0,0,150,4
T2,1,1,57,10
T3,2,0,130,11
T4,3,1,171,9
T5,4,1,22,1
T6,5,1,90,11
T7,6,1,48,2
T8,7,1,200,10
T9,8,0,95,3
[481]
T1,0,0,135,5
T2,1,1,56,19
T3,2,0,189,1
T4,3,0,200,8
T5,4,0,33,2
T6,5,1,144,5
T7,6,1,175,18
T8,7,0,110,9
T9,8,0,39,1
[482]
T1,0,1,40,2
T2,1,0,21,1
T3,2,0,64,3
T4,3,0,200,19
T5,4,0,126,14
T6,5,0,180,2
T7,6,0,160,21
T8,7,1,56,4
T9,8,1,70,10
[483]
T1,0,1,44,5
T2,1,1,88,5
T3,2,0,88,34
T4,3,0,140,2
T5,4,0,200,2
T6,5,0,66,1
T7,6,1,168,2
T8,7,0,32,1
T9,8,1,187,4
[484]
T1,0,1,44,2
T2,1,0,108,9
T3,2,1,63,3
T4,3,0,54,4
T5,4,1,75,5
T6,5,0,42,1
T7,6,1,171,20
T8,7,1,200,27
T9,8,0,150,13
[485]
T1,0,0,88,15
T2,1,0,118,15
T3,2,0,40,3
T4,3,1,200,22
T5,4,0,110,5
T6,5,1,37,2
T7,6,0,59,2
T8,7,1,165,3
T9,8,0,176,16
[486]
T1,0,0,150,2
T2,1,1,200,39
T3,2,1,66,4
T4,3,1,100,16
T5,4,1,69,2
T6,5,1,180,7
T7,6,0,23,2
T8,7,1,69,9
T9,8,1,20,2
[487]
T1,0,0,200,15
T2,1,1,90,12
T3,2,1,70,7
T4,3,0,33,1
T5,4,0,168,32
T6,5,1,72,2
T7,6,0,56,2
T8,7,1,43,2
T9,8,0,198,12
[488]
T1,0,1,98,13
T2,1,1,20,4
T3,2,1,130,3
T4,3,1,182,12
T5,4,1,91,1
T6,5,1,175,9
T7,6,1,52,2
T8,7,1,84,2
T9,8,1,200,33
[489]
T1,0,0,112,9
T2,1,1,200,2
T3,2,0,195,24
T4,3,0,34,10
T5,4,1,98,1
T6,5,1,26,2
T7,6,0,112,4
T8,7,0,150,2
T9,8,1,70,5
[490]
T1,0,0,200,19
T2,1,1,90,8
T3,2,1,80,13
T4,3,0,44,2
T5,4,0,138,12
T6,5,0,50,4
T7,6,0,184,25
T8,7,0,69,1
T9,8,0,160,2
[491]
T1,0,1,200,39
T2,1,0,84,3
T3,2,1,43,2
T4,3,1,182,15
T5,4,0,45,9
T6,5,0,130,12
T7,6,0,96,1
T8,7,0,144,2
T9,8,1,180,4
[492]
T1,0,1,48,3
T2,1,1,140,11
T3,2,1,66,2
T4,3,0,120,15
T5,4,0,96,3
T6,5,1,200,12
T7,6,1,150,6
T8,7,1,176,2
T9,8,0,45,10
[493]
T1,0,0,75,9
T2,1,0,165,25
T3,2,0,189,37
T4,3,1,38,2
T5,4,1,56,6
T6,5,0,200,2
T7,6,1,56,2
T8,7,0,25,2
T9,8,0,100,5
[494]
T1,0,0,44,1
T2,1,1,99,6
T3,2,0,36,6
T4,3,0,150,3
T5,4,0,75,9
T6,5,1,200,16
T7,6,1,60,3
T8,7,1,175,4
T9,8,1,80,8
[495]
T1,0,1,200,25
T2,1,1,90,15
T3,2,1,126,2
T4,3,0,98,12
T5,4,1,140,14
T6,5,0,198,16
T7,6,1,29,2
T8,7,0,22,1
T9,8,0,180,1
[496]
T1,0,1,145,7
T2,1,0,100,1
T3,2,0,145,14
T4,3,0,36,2
T5,4,0,200,55
T6,5,0,174,9
T7,6,1,58,6
T8,7,1,30,2
T9,8,1,190,15
[497]
T1,0,1,135,4
T2,1,1,70,1
T3,2,1,100,18
T4,3,1,200,10
T5,4,1,45,4
T6,5,0,176,11
T7,6,1,40,8
T8,7,0,135,3
T9,8,0,175,3
[498]
T1,0,1,36,1
T2,1,0,196,25
T3,2,1,56,13
T4,3,1,70,4
T5,4,0,24,1
T6,5,0,174,6
T7,6,1,100,6
T8,7,0,200,4
T9,8,1,87,4
[499]
T1,0,0,200,18
T2,1,0,60,8
T3,2,0,56,2
T4,3,1,162,22
T5,4,1,81,2
T6,5,1,39,2
T7,6,1,35,4
T8,7,0,175,2
T9,8,0,60,4
[500]
T1,0,1,100,6
T2,1,0,150,3
T3,2,0,200,7
T4,3,1,90,8
T5,4,1,96,8
T6,5,0,28,5
T7,6,0,176,3
T8,7,1,42,3
T9,8,0,105,9
