num_task_per_taskset=7
num_taskset=500
//ID,Priority,Offset,Period,Execution Time
[1]
T1,0,1,130,2
T2,1,0,156,11
T3,2,1,200,8
T4,3,0,175,7
T5,4,0,24,2
T6,5,1,46,2
T7,6,0,100,2
[2]
T1,0,0,49,2
T2,1,1,50,2
T3,2,1,190,24
T4,3,0,200,2
T5,4,0,189,4
T6,5,1,70,2
T7,6,0,54,2
[3]
T1,0,0,133,4
T2,1,1,33,2
T3,2,0,20,2
T4,3,1,200,2
T5,4,1,133,5
T6,5,0,152,3
T7,6,1,189,3
[4]
T1,0,1,42,2
T2,1,0,200,13
T3,2,1,38,1
T4,3,1,164,2
T5,4,0,80,1
T6,5,1,175,9
T7,6,0,82,2
[5]
T1,0,0,125,6
T2,1,0,36,1
T3,2,1,200,2
T4,3,1,150,2
T5,4,0,22,2
T6,5,0,94,1
T7,6,0,180,6
[6]
T1,0,0,42,2
T2,1,0,42,2
T3,2,0,132,2
T4,3,1,150,2
T5,4,0,200,14
T6,5,1,56,1
T7,6,0,198,12
[7]
T1,0,1,150,3
T2,1,0,25,2
T3,2,0,107,7
T4,3,1,33,2
T5,4,0,75,2
T6,5,0,180,2
T7,6,1,200,2
[8]
T1,0,1,195,6
T2,1,0,160,2
T3,2,1,24,1
T4,3,1,144,2
T5,4,0,200,1
T6,5,1,36,1
T7,6,1,104,4
[9]
T1,0,0,110,3
T2,1,0,165,5
T3,2,1,25,1
T4,3,1,200,17
T5,4,1,44,2
T6,5,0,120,2
T7,6,0,162,2
[10]
T1,0,1,36,4
T2,1,1,43,2
T3,2,1,77,1
T4,3,0,80,1
T5,4,0,168,3
T6,5,1,176,2
T7,6,1,200,2
[11]
T1,0,1,49,1
T2,1,0,108,4
T3,2,1,27,2
T4,3,1,200,7
T5,4,0,90,2
T6,5,1,180,2
T7,6,1,156,10
[12]
T1,0,0,30,1
T2,1,1,175,2
T3,2,1,100,5
T4,3,1,42,2
T5,4,0,196,7
T6,5,1,105,3
T7,6,0,200,1
[13]
T1,0,1,47,3
T2,1,1,55,2
T3,2,0,154,5
T4,3,0,45,1
T5,4,1,175,4
T6,5,0,200,4
T7,6,0,54,2
[14]
T1,0,0,50,3
T2,1,0,105,6
T3,2,0,165,2
T4,3,1,198,5
T5,4,1,110,2
T6,5,1,200,2
T7,6,1,20,2
[15]
T1,0,0,200,2
T2,1,0,180,5
T3,2,0,49,2
T4,3,0,69,1
T5,4,0,132,1
T6,5,1,33,2
T7,6,0,180,21
[16]
T1,0,1,72,3
T2,1,1,176,12
T3,2,0,42,2
T4,3,1,168,2
T5,4,0,99,1
T6,5,1,200,2
T7,6,0,35,1
[17]
T1,0,0,42,2
T2,1,1,150,3
T3,2,0,21,2
T4,3,0,80,7
T5,4,1,126,2
T6,5,1,152,2
T7,6,1,200,2
[18]
T1,0,1,100,2
T2,1,1,97,2
T3,2,1,194,7
T4,3,1,194,2
T5,4,0,200,5
T6,5,0,46,3
T7,6,1,38,2
[19]
T1,0,1,90,3
T2,1,1,180,7
T3,2,1,104,6
T4,3,1,37,2
T5,4,1,192,2
T6,5,0,50,2
T7,6,1,200,8
[20]
T1,0,0,195,1
T2,1,0,160,6
T3,2,1,33,2
T4,3,1,65,2
T5,4,0,45,1
T6,5,1,200,2
T7,6,1,80,1
[21]
T1,0,0,84,2
T2,1,1,26,1
T3,2,1,160,6
T4,3,1,200,3
T5,4,0,40,2
T6,5,1,198,9
T7,6,1,77,2
[22]
T1,0,1,184,2
T2,1,1,69,2
T3,2,0,112,2
T4,3,1,200,1
T5,4,1,46,3
T6,5,0,53,1
T7,6,1,160,2
[23]
T1,0,1,54,2
T2,1,1,42,2
T3,2,0,24,2
T4,3,0,180,1
T5,4,0,72,1
T6,5,0,184,14
T7,6,1,200,9
[24]
T1,0,0,36,2
T2,1,1,180,2
T3,2,1,90,4
T4,3,0,31,2
T5,4,1,72,2
T6,5,0,200,9
T7,6,0,198,9
[25]
T1,0,0,24,2
T2,1,0,54,1
T3,2,1,169,6
T4,3,0,168,1
T5,4,1,75,4
T6,5,0,130,5
T7,6,1,200,2
[26]
T1,0,1,170,3
T2,1,1,165,6
T3,2,1,200,15
T4,3,0,88,2
T5,4,0,45,2
T6,5,1,32,2
T7,6,1,132,4
[27]
T1,0,1,176,3
T2,1,1,54,2
T3,2,1,40,2
T4,3,0,200,6
T5,4,0,160,7
T6,5,1,88,1
T7,6,0,84,2
[28]
T1,0,1,196,2
T2,1,0,49,2
T3,2,1,72,2
T4,3,1,140,1
T5,4,1,192,3
T6,5,0,45,2
T7,6,0,200,10
[29]
T1,0,0,200,6
T2,1,1,53,2
T3,2,0,128,2
T4,3,0,35,1
T5,4,0,189,6
T6,5,1,70,2
T7,6,1,192,7
[30]
T1,0,1,200,5
T2,1,0,81,2
T3,2,1,135,14
T4,3,0,180,2
T5,4,1,49,2
T6,5,0,185,5
T7,6,0,20,2
[31]
T1,0,1,25,2
T2,1,1,46,2
T3,2,1,152,23
T4,3,0,160,2
T5,4,1,112,2
T6,5,1,200,2
T7,6,1,80,1
[32]
T1,0,1,160,1
T2,1,0,25,1
T3,2,0,94,2
T4,3,1,47,1
T5,4,1,200,5
T6,5,1,192,7
T7,6,1,75,1
[33]
T1,0,1,52,2
T2,1,1,25,2
T3,2,0,176,2
T4,3,1,128,2
T5,4,1,176,2
T6,5,1,104,1
T7,6,0,200,16
[34]
T1,0,0,160,2
T2,1,1,135,2
T3,2,1,22,2
T4,3,0,144,11
T5,4,1,200,5
T6,5,0,25,1
T7,6,0,153,2
[35]
T1,0,0,135,2
T2,1,0,162,1
T3,2,1,200,15
T4,3,0,54,1
T5,4,1,28,2
T6,5,0,147,3
T7,6,0,27,1
[36]
T1,0,0,200,22
T2,1,0,21,2
T3,2,0,147,2
T4,3,0,195,9
T5,4,1,140,1
T6,5,0,182,1
T7,6,1,36,2
[37]
T1,0,0,200,16
T2,1,0,40,2
T3,2,0,182,11
T4,3,1,25,2
T5,4,1,64,2
T6,5,0,156,3
T7,6,0,100,2
[38]
T1,0,0,72,2
T2,1,1,22,1
T3,2,1,200,2
T4,3,0,150,13
T5,4,0,34,2
T6,5,0,165,4
T7,6,0,85,1
[39]
T1,0,0,200,3
T2,1,1,91,1
T3,2,0,195,5
T4,3,0,180,2
T5,4,0,27,1
T6,5,1,56,3
T7,6,1,26,2
[40]
T1,0,0,125,3
T2,1,1,60,3
T3,2,1,200,4
T4,3,1,174,2
T5,4,0,53,2
T6,5,1,44,2
T7,6,0,165,8
[41]
T1,0,0,80,3
T2,1,1,115,6
T3,2,1,42,1
T4,3,0,21,2
T5,4,0,200,5
T6,5,0,184,4
T7,6,0,180,1
[42]
T1,0,0,35,2
T2,1,0,196,11
T3,2,0,200,9
T4,3,1,115,3
T5,4,0,160,6
T6,5,1,49,2
T7,6,1,115,2
[43]
T1,0,0,105,2
T2,1,1,20,2
T3,2,1,100,2
T4,3,1,168,1
T5,4,1,39,2
T6,5,0,152,1
T7,6,1,200,28
[44]
T1,0,0,120,2
T2,1,1,36,2
T3,2,0,200,9
T4,3,1,64,2
T5,4,0,41,2
T6,5,0,196,4
T7,6,1,168,5
[45]
T1,0,0,66,4
T2,1,1,100,2
T3,2,0,22,2
T4,3,0,160,2
T5,4,0,195,5
T6,5,1,200,2
T7,6,1,40,2
[46]
T1,0,0,154,2
T2,1,1,42,2
T3,2,0,70,2
T4,3,1,200,1
T5,4,1,43,2
T6,5,0,126,1
T7,6,0,154,14
[47]
T1,0,1,200,1
T2,1,1,75,5
T3,2,1,184,1
T4,3,1,180,2
T5,4,0,33,2
T6,5,1,24,2
T7,6,0,99,4
[48]
T1,0,0,200,5
T2,1,1,20,2
T3,2,1,28,2
T4,3,0,160,1
T5,4,0,66,2
T6,5,1,136,11
T7,6,0,165,3
[49]
T1,0,1,39,1
T2,1,0,80,4
T3,2,1,96,1
T4,3,1,170,11
T5,4,1,25,2
T6,5,1,200,1
T7,6,1,170,2
[50]
T1,0,1,117,3
T2,1,1,180,3
T3,2,0,200,2
T4,3,0,176,3
T5,4,0,33,2
T6,5,0,48,2
T7,6,1,130,4
[51]
T1,0,0,100,5
T2,1,1,20,2
T3,2,1,116,1
T4,3,0,175,2
T5,4,0,50,1
T6,5,1,200,13
T7,6,0,154,1
[52]
T1,0,0,104,4
T2,1,1,200,3
T3,2,1,25,2
T4,3,1,54,2
T5,4,1,180,12
T6,5,1,40,1
T7,6,1,180,2
[53]
T1,0,1,49,2
T2,1,1,20,2
T3,2,0,200,1
T4,3,0,168,7
T5,4,0,185,7
T6,5,0,100,1
T7,6,0,72,2
[54]
T1,0,1,29,2
T2,1,1,54,2
T3,2,1,48,1
T4,3,0,168,7
T5,4,0,200,5
T6,5,0,56,2
T7,6,0,182,14
[55]
T1,0,1,150,2
T2,1,0,77,5
T3,2,0,33,2
T4,3,0,200,3
T5,4,1,152,2
T6,5,1,105,1
T7,6,1,36,2
[56]
T1,0,1,27,1
T2,1,1,200,10
T3,2,0,112,3
T4,3,1,150,2
T5,4,1,140,2
T6,5,0,30,2
T7,6,0,153,2
[57]
T1,0,0,168,1
T2,1,1,146,16
T3,2,1,150,1
T4,3,1,23,2
T5,4,1,200,1
T6,5,1,56,1
T7,6,1,36,2
[58]
T1,0,1,171,12
T2,1,1,36,1
T3,2,1,200,9
T4,3,1,144,2
T5,4,0,53,1
T6,5,0,176,2
T7,6,0,57,2
[59]
T1,0,0,200,13
T2,1,0,65,3
T3,2,1,192,3
T4,3,0,130,2
T5,4,1,150,6
T6,5,0,25,2
T7,6,0,43,2
[60]
T1,0,0,168,3
T2,1,1,21,2
T3,2,0,119,2
T4,3,1,35,2
T5,4,0,200,14
T6,5,0,65,2
T7,6,0,150,3
[61]
T1,0,0,200,3
T2,1,0,48,3
T3,2,1,175,1
T4,3,0,75,4
T5,4,1,29,2
T6,5,0,196,5
T7,6,1,135,2
[62]
T1,0,1,177,6
T2,1,0,44,1
T3,2,0,200,12
T4,3,0,175,1
T5,4,1,28,1
T6,5,1,56,2
T7,6,1,126,2
[63]
T1,0,1,186,9
T2,1,1,198,2
T3,2,1,66,1
T4,3,1,23,2
T5,4,1,100,3
T6,5,1,20,2
T7,6,0,200,10
[64]
T1,0,0,200,3
T2,1,1,174,17
T3,2,0,96,2
T4,3,0,150,2
T5,4,1,53,2
T6,5,0,132,2
T7,6,0,48,1
[65]
T1,0,0,200,8
T2,1,1,100,2
T3,2,0,182,4
T4,3,0,40,1
T5,4,1,46,2
T6,5,0,78,3
T7,6,0,156,4
[66]
T1,0,0,154,6
T2,1,1,152,2
T3,2,1,110,3
T4,3,1,66,5
T5,4,1,52,2
T6,5,1,44,2
T7,6,1,200,1
[67]
T1,0,0,29,2
T2,1,1,175,2
T3,2,1,143,6
T4,3,1,77,1
T5,4,0,20,2
T6,5,1,200,9
T7,6,1,195,7
[68]
T1,0,0,20,2
T2,1,1,168,9
T3,2,0,200,2
T4,3,0,79,6
T5,4,1,175,2
T6,5,1,54,1
T7,6,0,72,2
[69]
T1,0,1,200,15
T2,1,1,154,1
T3,2,0,34,2
T4,3,1,132,1
T5,4,1,96,5
T6,5,1,24,2
T7,6,1,160,3
[70]
T1,0,0,80,1
T2,1,0,20,2
T3,2,0,36,1
T4,3,0,200,5
T5,4,0,138,14
T6,5,1,160,2
T7,6,1,180,2
[71]
T1,0,0,98,5
T2,1,1,49,2
T3,2,0,165,3
T4,3,0,27,2
T5,4,1,154,4
T6,5,1,120,5
T7,6,1,200,4
[72]
T1,0,1,165,3
T2,1,0,75,1
T3,2,1,110,3
T4,3,1,200,7
T5,4,1,170,3
T6,5,0,54,2
T7,6,0,35,2
[73]
T1,0,1,152,2
T2,1,0,135,2
T3,2,1,57,3
T4,3,1,160,4
T5,4,1,25,2
T6,5,1,46,1
T7,6,0,200,3
[74]
T1,0,1,200,3
T2,1,1,95,5
T3,2,1,25,2
T4,3,0,152,9
T5,4,1,171,2
T6,5,0,22,1
T7,6,1,105,2
[75]
T1,0,0,200,8
T2,1,1,25,2
T3,2,0,165,5
T4,3,0,99,2
T5,4,0,54,2
T6,5,0,45,2
T7,6,0,192,1
[76]
T1,0,1,108,3
T2,1,1,200,14
T3,2,0,42,2
T4,3,1,40,1
T5,4,1,147,2
T6,5,0,150,3
T7,6,1,84,1
[77]
T1,0,0,80,2
T2,1,0,180,10
T3,2,0,38,1
T4,3,0,81,2
T5,4,1,160,9
T6,5,0,22,2
T7,6,0,200,2
[78]
T1,0,0,200,2
T2,1,0,36,2
T3,2,0,180,3
T4,3,0,190,4
T5,4,0,84,2
T6,5,1,84,3
T7,6,0,42,2
[79]
T1,0,0,143,7
T2,1,1,27,2
T3,2,0,198,2
T4,3,1,24,2
T5,4,0,200,2
T6,5,0,180,1
T7,6,0,72,2
[80]
T1,0,0,31,2
T2,1,0,200,10
T3,2,1,96,2
T4,3,1,150,6
T5,4,1,63,2
T6,5,0,48,2
T7,6,1,152,1
[81]
T1,0,1,38,2
T2,1,0,100,9
T3,2,0,28,2
T4,3,1,150,2
T5,4,0,189,6
T6,5,0,200,8
T7,6,1,115,1
[82]
T1,0,1,38,2
T2,1,1,102,1
T3,2,1,150,5
T4,3,1,21,2
T5,4,0,175,1
T6,5,1,77,6
T7,6,1,200,4
[83]
T1,0,0,200,11
T2,1,0,39,2
T3,2,0,75,2
T4,3,0,50,2
T5,4,0,178,3
T6,5,0,75,1
T7,6,1,178,9
[84]
T1,0,1,104,2
T2,1,0,154,1
T3,2,0,200,4
T4,3,1,77,1
T5,4,1,33,1
T6,5,1,24,2
T7,6,0,175,7
[85]
T1,0,0,200,1
T2,1,0,120,4
T3,2,0,50,4
T4,3,1,25,2
T5,4,1,64,2
T6,5,1,195,9
T7,6,0,195,2
[86]
T1,0,0,200,7
T2,1,0,175,12
T3,2,0,54,2
T4,3,0,34,2
T5,4,0,56,2
T6,5,0,63,1
T7,6,1,189,2
[87]
T1,0,1,200,8
T2,1,0,27,2
T3,2,1,21,2
T4,3,0,136,2
T5,4,0,187,9
T6,5,0,165,2
T7,6,0,140,1
[88]
T1,0,0,168,19
T2,1,1,168,3
T3,2,1,20,2
T4,3,0,102,1
T5,4,1,70,2
T6,5,0,45,2
T7,6,1,200,5
[89]
T1,0,0,84,3
T2,1,1,35,1
T3,2,1,22,2
T4,3,0,160,2
T5,4,1,78,2
T6,5,0,175,7
T7,6,1,200,6
[90]
T1,0,0,189,2
T2,1,1,180,5
T3,2,1,85,1
T4,3,1,85,4
T5,4,1,54,2
T6,5,1,200,12
T7,6,1,51,1
[91]
T1,0,0,40,2
T2,1,1,200,10
T3,2,0,180,1
T4,3,1,198,2
T5,4,0,135,2
T6,5,0,125,1
T7,6,1,49,2
[92]
T1,0,0,50,2
T2,1,1,100,2
T3,2,0,200,2
T4,3,0,191,2
T5,4,0,150,13
T6,5,0,105,1
T7,6,0,42,2
[93]
T1,0,0,44,2
T2,1,0,23,2
T3,2,0,77,1
T4,3,1,140,2
T5,4,1,187,11
T6,5,1,154,5
T7,6,0,200,1
[94]
T1,0,0,189,7
T2,1,1,165,1
T3,2,1,112,2
T4,3,1,200,3
T5,4,0,33,2
T6,5,1,45,2
T7,6,1,80,4
[95]
T1,0,0,95,5
T2,1,1,158,6
T3,2,1,114,2
T4,3,1,200,4
T5,4,0,38,2
T6,5,0,33,2
T7,6,0,158,2
[96]
T1,0,0,143,1
T2,1,0,160,2
T3,2,1,44,2
T4,3,0,44,1
T5,4,0,154,2
T6,5,0,112,6
T7,6,0,200,3
[97]
T1,0,1,200,6
T2,1,0,183,17
T3,2,1,20,2
T4,3,1,144,2
T5,4,1,96,2
T6,5,0,192,1
T7,6,0,44,1
[98]
T1,0,1,57,1
T2,1,0,120,2
T3,2,0,42,2
T4,3,0,32,1
T5,4,0,156,1
T6,5,1,152,7
T7,6,1,200,8
[99]
T1,0,1,200,10
T2,1,0,50,4
T3,2,1,168,2
T4,3,0,25,2
T5,4,0,180,3
T6,5,0,72,1
T7,6,1,120,1
[100]
T1,0,1,24,2
T2,1,0,70,2
T3,2,0,200,6
T4,3,1,177,6
T5,4,0,96,4
T6,5,1,49,2
T7,6,1,177,3
[101]
T1,0,1,159,4
T2,1,1,36,2
T3,2,1,195,3
T4,3,1,200,3
T5,4,1,120,5
T6,5,1,25,2
T7,6,1,60,3
[102]
T1,0,0,100,4
T2,1,1,160,2
T3,2,0,200,6
T4,3,0,32,1
T5,4,0,38,2
T6,5,0,61,2
T7,6,1,160,6
[103]
T1,0,0,150,2
T2,1,1,156,10
T3,2,0,75,2
T4,3,1,50,3
T5,4,0,200,2
T6,5,1,56,2
T7,6,1,23,1
[104]
T1,0,1,40,2
T2,1,0,161,2
T3,2,0,125,1
T4,3,0,92,2
T5,4,0,200,10
T6,5,0,184,11
T7,6,1,24,2
[105]
T1,0,1,175,1
T2,1,0,200,2
T3,2,1,95,2
T4,3,0,180,16
T5,4,0,28,2
T6,5,1,21,2
T7,6,0,90,6
[106]
T1,0,0,200,1
T2,1,0,148,14
T3,2,0,86,2
T4,3,0,172,1
T5,4,1,50,2
T6,5,0,25,2
T7,6,0,86,2
[107]
T1,0,0,29,1
T2,1,1,34,2
T3,2,0,176,6
T4,3,0,120,8
T5,4,1,200,4
T6,5,0,85,2
T7,6,1,165,1
[108]
T1,0,1,200,1
T2,1,0,180,9
T3,2,1,23,2
T4,3,0,143,1
T5,4,0,99,3
T6,5,1,50,2
T7,6,0,150,5
[109]
T1,0,0,32,2
T2,1,0,200,1
T3,2,0,138,7
T4,3,0,184,7
T5,4,0,44,3
T6,5,1,60,2
T7,6,0,150,1
[110]
T1,0,0,147,2
T2,1,1,98,1
T3,2,1,35,1
T4,3,0,200,3
T5,4,0,154,6
T6,5,0,44,2
T7,6,0,84,1
[111]
T1,0,1,46,2
T2,1,1,150,3
T3,2,0,45,2
T4,3,1,200,6
T5,4,0,180,6
T6,5,1,92,4
T7,6,1,68,2
[112]
T1,0,1,123,8
T2,1,0,50,2
T3,2,0,164,8
T4,3,0,123,2
T5,4,1,38,1
T6,5,0,186,2
T7,6,0,200,2
[113]
T1,0,1,32,2
T2,1,0,144,1
T3,2,1,23,2
T4,3,0,180,4
T5,4,0,180,2
T6,5,1,200,4
T7,6,0,140,3
[114]
T1,0,0,21,1
T2,1,1,168,8
T3,2,1,169,2
T4,3,1,75,2
T5,4,0,39,2
T6,5,1,200,4
T7,6,0,56,2
[115]
T1,0,0,35,1
T2,1,0,65,2
T3,2,1,91,4
T4,3,1,175,1
T5,4,1,200,1
T6,5,1,21,2
T7,6,1,175,12
[116]
T1,0,1,63,3
T2,1,1,81,4
T3,2,0,196,5
T4,3,0,40,1
T5,4,1,31,2
T6,5,1,200,3
T7,6,1,162,2
[117]
T1,0,1,200,3
T2,1,1,90,1
T3,2,1,27,2
T4,3,0,150,9
T5,4,0,40,2
T6,5,0,175,7
T7,6,0,115,5
[118]
T1,0,1,85,3
T2,1,0,50,1
T3,2,0,175,1
T4,3,0,110,4
T5,4,1,38,1
T6,5,0,200,2
T7,6,0,175,6
[119]
T1,0,0,70,4
T2,1,0,200,2
T3,2,0,51,1
T4,3,0,53,4
T5,4,0,150,2
T6,5,1,104,1
T7,6,1,195,2
[120]
T1,0,1,126,7
T2,1,1,28,2
T3,2,0,24,2
T4,3,0,144,2
T5,4,1,190,6
T6,5,0,160,1
T7,6,0,200,6
[121]
T1,0,0,84,5
T2,1,1,50,2
T3,2,0,184,1
T4,3,0,100,2
T5,4,0,196,1
T6,5,1,35,2
T7,6,1,200,12
[122]
T1,0,1,196,12
T2,1,1,100,3
T3,2,0,178,2
T4,3,1,40,2
T5,4,1,53,1
T6,5,1,200,7
T7,6,0,56,1
[123]
T1,0,1,136,2
T2,1,0,60,1
T3,2,0,23,2
T4,3,0,200,11
T5,4,0,50,2
T6,5,0,170,2
T7,6,1,177,14
[124]
T1,0,1,200,2
T2,1,0,24,1
T3,2,1,76,3
T4,3,1,165,2
T5,4,1,55,2
T6,5,1,20,2
T7,6,1,175,10
[125]
T1,0,1,25,1
T2,1,1,146,1
T3,2,1,65,1
T4,3,0,200,4
T5,4,0,195,12
T6,5,0,150,1
T7,6,0,36,2
[126]
T1,0,0,110,4
T2,1,0,46,1
T3,2,1,200,3
T4,3,0,192,7
T5,4,1,198,2
T6,5,1,144,2
T7,6,1,22,2
[127]
T1,0,0,157,1
T2,1,0,60,5
T3,2,0,200,1
T4,3,0,175,7
T5,4,0,30,2
T6,5,1,70,1
T7,6,0,37,2
[128]
T1,0,1,200,4
T2,1,0,75,4
T3,2,0,170,6
T4,3,0,22,2
T5,4,0,168,3
T6,5,0,110,1
T7,6,1,30,2
[129]
T1,0,0,180,2
T2,1,1,190,10
T3,2,1,57,1
T4,3,1,100,1
T5,4,1,200,12
T6,5,0,24,2
T7,6,0,31,2
[130]
T1,0,1,200,2
T2,1,1,52,2
T3,2,1,70,1
T4,3,0,21,2
T5,4,1,159,13
T6,5,0,72,2
T7,6,1,150,4
[131]
T1,0,1,27,2
T2,1,1,40,2
T3,2,0,200,18
T4,3,1,155,4
T5,4,1,155,2
T6,5,1,62,3
T7,6,0,141,2
[132]
T1,0,1,43,2
T2,1,1,108,2
T3,2,0,102,2
T4,3,0,180,7
T5,4,1,168,5
T6,5,1,200,1
T7,6,0,24,2
[133]
T1,0,1,133,1
T2,1,0,36,2
T3,2,1,24,2
T4,3,1,200,1
T5,4,1,189,6
T6,5,1,190,5
T7,6,1,75,2
[134]
T1,0,1,84,2
T2,1,0,189,6
T3,2,1,80,4
T4,3,1,168,2
T5,4,0,43,2
T6,5,1,200,3
T7,6,0,28,2
[135]
T1,0,0,175,2
T2,1,1,200,6
T3,2,0,33,2
T4,3,0,156,4
T5,4,0,100,1
T6,5,1,88,8
T7,6,0,28,2
[136]
T1,0,1,89,2
T2,1,1,178,2
T3,2,1,180,1
T4,3,1,36,2
T5,4,1,200,17
T6,5,0,26,2
T7,6,0,72,2
[137]
T1,0,0,130,1
T2,1,0,25,2
T3,2,1,25,2
T4,3,0,168,8
T5,4,1,78,4
T6,5,1,195,2
T7,6,0,200,8
[138]
T1,0,1,140,8
T2,1,0,200,5
T3,2,1,60,2
T4,3,1,175,2
T5,4,0,168,6
T6,5,0,50,1
T7,6,1,28,2
[139]
T1,0,0,26,2
T2,1,0,24,2
T3,2,0,135,2
T4,3,0,162,4
T5,4,0,150,2
T6,5,1,200,9
T7,6,1,78,4
[140]
T1,0,1,52,2
T2,1,0,40,3
T3,2,0,147,1
T4,3,0,84,4
T5,4,1,150,2
T6,5,0,112,3
T7,6,1,200,2
[141]
T1,0,0,40,1
T2,1,1,200,1
T3,2,0,120,7
T4,3,1,147,6
T5,4,0,150,4
T6,5,1,39,2
T7,6,0,195,2
[142]
T1,0,1,58,2
T2,1,1,192,2
T3,2,0,100,5
T4,3,0,175,7
T5,4,0,200,10
T6,5,0,35,2
T7,6,1,24,2
[143]
T1,0,1,29,1
T2,1,1,150,2
T3,2,1,52,2
T4,3,1,200,1
T5,4,0,170,2
T6,5,1,80,7
T7,6,0,60,2
[144]
T1,0,0,189,2
T2,1,1,130,2
T3,2,0,80,2
T4,3,1,156,3
T5,4,0,21,2
T6,5,1,27,2
T7,6,0,200,21
[145]
T1,0,1,125,1
T2,1,1,38,1
T3,2,0,114,1
T4,3,1,40,2
T5,4,0,175,12
T6,5,1,200,1
T7,6,1,190,8
[146]
T1,0,0,112,2
T2,1,1,51,2
T3,2,0,30,1
T4,3,0,160,2
T5,4,0,117,2
T6,5,1,175,14
T7,6,0,200,1
[147]
T1,0,0,46,2
T2,1,1,25,2
T3,2,1,136,6
T4,3,0,112,6
T5,4,1,200,3
T6,5,0,150,2
T7,6,0,192,5
[148]
T1,0,0,153,8
T2,1,0,24,2
T3,2,0,144,2
T4,3,0,200,6
T5,4,0,20,2
T6,5,1,180,8
T7,6,0,64,2
[149]
T1,0,1,66,2
T2,1,1,200,18
T3,2,0,168,1
T4,3,1,53,2
T5,4,1,95,1
T6,5,0,150,6
T7,6,1,33,2
[150]
T1,0,0,50,2
T2,1,1,99,2
T3,2,1,200,1
T4,3,0,190,8
T5,4,1,75,1
T6,5,1,42,1
T7,6,1,152,10
[151]
T1,0,0,155,3
T2,1,1,200,7
T3,2,1,175,13
T4,3,0,77,1
T5,4,1,34,2
T6,5,0,22,2
T7,6,0,56,2
[152]
T1,0,0,46,2
T2,1,1,100,8
T3,2,1,125,3
T4,3,1,50,2
T5,4,1,150,7
T6,5,0,160,1
T7,6,0,200,1
[153]
T1,0,0,30,1
T2,1,1,200,11
T3,2,0,43,2
T4,3,0,189,1
T5,4,0,98,2
T6,5,1,189,7
T7,6,1,56,2
[154]
T1,0,1,25,2
T2,1,0,165,4
T3,2,0,200,2
T4,3,1,132,10
T5,4,0,120,4
T6,5,1,32,1
T7,6,1,198,2
[155]
T1,0,1,154,3
T2,1,1,31,2
T3,2,1,120,2
T4,3,1,30,1
T5,4,1,66,5
T6,5,0,198,4
T7,6,0,200,1
[156]
T1,0,1,150,5
T2,1,0,84,2
T3,2,1,45,2
T4,3,0,200,6
T5,4,1,133,1
T6,5,1,150,3
T7,6,0,34,2
[157]
T1,0,0,192,2
T2,1,0,39,2
T3,2,1,144,6
T4,3,0,45,1
T5,4,1,200,5
T6,5,0,152,9
T7,6,1,135,1
[158]
T1,0,0,76,6
T2,1,0,200,15
T3,2,0,150,2
T4,3,0,198,1
T5,4,0,23,2
T6,5,1,88,1
T7,6,1,40,2
[159]
T1,0,1,200,2
T2,1,0,195,1
T3,2,0,100,5
T4,3,1,160,3
T5,4,1,60,4
T6,5,1,40,1
T7,6,0,47,2
[160]
T1,0,0,32,1
T2,1,1,160,3
T3,2,1,90,7
T4,3,1,39,2
T5,4,1,180,3
T6,5,0,200,2
T7,6,1,70,2
[161]
T1,0,1,96,7
T2,1,0,64,1
T3,2,1,46,2
T4,3,0,150,2
T5,4,0,192,1
T6,5,0,42,2
T7,6,0,200,8
[162]
T1,0,0,160,2
T2,1,0,200,22
T3,2,1,165,3
T4,3,1,105,2
T5,4,1,21,2
T6,5,1,66,2
T7,6,1,25,2
[163]
T1,0,1,180,1
T2,1,0,200,2
T3,2,1,136,7
T4,3,0,130,6
T5,4,0,34,2
T6,5,0,170,6
T7,6,1,51,2
[164]
T1,0,0,200,1
T2,1,1,90,2
T3,2,1,171,3
T4,3,1,34,4
T5,4,0,198,4
T6,5,1,22,2
T7,6,1,100,1
[165]
T1,0,1,168,6
T2,1,1,121,1
T3,2,1,70,2
T4,3,1,21,2
T5,4,0,175,10
T6,5,1,200,2
T7,6,1,29,1
[166]
T1,0,1,198,5
T2,1,0,200,4
T3,2,1,55,1
T4,3,0,31,2
T5,4,1,65,1
T6,5,0,165,9
T7,6,0,40,1
[167]
T1,0,1,75,3
T2,1,0,110,2
T3,2,0,22,2
T4,3,0,182,2
T5,4,1,200,3
T6,5,0,43,2
T7,6,1,150,10
[168]
T1,0,1,168,1
T2,1,1,189,1
T3,2,1,26,2
T4,3,0,30,2
T5,4,1,120,12
T6,5,0,104,3
T7,6,0,200,8
[169]
T1,0,0,70,2
T2,1,1,56,2
T3,2,1,168,14
T4,3,1,41,2
T5,4,0,25,2
T6,5,1,168,5
T7,6,0,200,4
[170]
T1,0,0,35,1
T2,1,0,200,8
T3,2,1,168,1
T4,3,1,118,1
T5,4,0,42,1
T6,5,1,72,3
T7,6,0,175,3
[171]
T1,0,1,200,2
T2,1,1,186,9
T3,2,0,39,1
T4,3,1,32,1
T5,4,0,80,2
T6,5,0,55,3
T7,6,1,186,2
[172]
T1,0,1,41,1
T2,1,1,168,2
T3,2,0,72,1
T4,3,1,182,2
T5,4,0,25,2
T6,5,1,144,6
T7,6,0,200,10
[173]
T1,0,0,32,1
T2,1,1,33,2
T3,2,1,150,2
T4,3,1,170,4
T5,4,1,200,5
T6,5,0,88,5
T7,6,0,132,2
[174]
T1,0,1,81,3
T2,1,0,200,8
T3,2,0,108,3
T4,3,1,162,4
T5,4,0,183,5
T6,5,1,47,2
T7,6,0,30,2
[175]
T1,0,0,200,8
T2,1,0,164,3
T3,2,1,68,3
T4,3,0,160,5
T5,4,1,40,1
T6,5,0,33,2
T7,6,1,68,1
[176]
T1,0,1,34,2
T2,1,0,200,4
T3,2,1,185,4
T4,3,1,20,2
T5,4,0,66,4
T6,5,1,120,3
T7,6,1,180,1
[177]
T1,0,1,28,2
T2,1,1,190,5
T3,2,1,126,7
T4,3,1,31,2
T5,4,1,180,4
T6,5,0,75,2
T7,6,0,200,5
[178]
T1,0,1,175,5
T2,1,0,200,6
T3,2,1,96,5
T4,3,0,182,3
T5,4,0,44,2
T6,5,0,24,2
T7,6,1,65,2
[179]
T1,0,0,156,9
T2,1,1,156,1
T3,2,1,66,1
T4,3,1,130,9
T5,4,0,200,2
T6,5,1,52,2
T7,6,1,42,2
[180]
T1,0,1,90,7
T2,1,0,180,6
T3,2,0,200,1
T4,3,0,37,2
T5,4,0,45,1
T6,5,1,108,2
T7,6,0,159,3
[181]
T1,0,1,147,2
T2,1,1,200,3
T3,2,1,180,4
T4,3,0,44,2
T5,4,0,99,1
T6,5,1,36,2
T7,6,1,198,6
[182]
T1,0,1,168,1
T2,1,0,102,2
T3,2,0,200,14
T4,3,0,150,2
T5,4,0,112,3
T6,5,0,24,1
T7,6,1,44,1
[183]
T1,0,1,24,1
T2,1,0,47,2
T3,2,1,54,2
T4,3,1,72,2
T5,4,1,181,1
T6,5,0,150,1
T7,6,0,200,8
[184]
T1,0,0,51,1
T2,1,1,162,12
T3,2,0,130,6
T4,3,1,26,2
T5,4,0,90,2
T6,5,1,200,3
T7,6,0,160,1
[185]
T1,0,0,200,4
T2,1,1,132,2
T3,2,0,25,1
T4,3,1,30,2
T5,4,1,76,2
T6,5,1,168,4
T7,6,1,175,2
[186]
T1,0,1,52,2
T2,1,0,162,2
T3,2,0,200,13
T4,3,0,66,5
T5,4,0,54,1
T6,5,0,160,2
T7,6,0,90,2
[187]
T1,0,1,200,1
T2,1,1,30,1
T3,2,1,162,3
T4,3,0,144,1
T5,4,1,108,2
T6,5,0,47,2
T7,6,1,156,13
[188]
T1,0,0,126,2
T2,1,0,150,1
T3,2,1,95,8
T4,3,0,41,2
T5,4,0,200,9
T6,5,1,171,3
T7,6,0,24,2
[189]
T1,0,1,136,1
T2,1,0,150,4
T3,2,1,26,2
T4,3,1,90,1
T5,4,1,200,6
T6,5,1,27,1
T7,6,0,175,5
[190]
T1,0,0,175,1
T2,1,1,77,1
T3,2,1,26,1
T4,3,1,51,1
T5,4,1,182,2
T6,5,0,132,2
T7,6,1,200,14
[191]
T1,0,1,42,2
T2,1,1,37,2
T3,2,0,84,3
T4,3,0,200,2
T5,4,0,174,4
T6,5,1,180,15
T7,6,0,90,1
[192]
T1,0,1,165,1
T2,1,0,200,10
T3,2,1,132,2
T4,3,0,34,2
T5,4,1,50,2
T6,5,1,180,11
T7,6,1,82,4
[193]
T1,0,1,108,3
T2,1,1,100,2
T3,2,1,162,2
T4,3,0,25,2
T5,4,0,34,2
T6,5,0,152,1
T7,6,1,200,23
[194]
T1,0,1,150,4
T2,1,0,95,4
T3,2,1,200,5
T4,3,0,30,2
T5,4,1,95,2
T6,5,1,176,5
T7,6,0,37,1
[195]
T1,0,1,53,6
T2,1,0,75,1
T3,2,0,132,2
T4,3,1,22,2
T5,4,0,180,1
T6,5,1,200,2
T7,6,1,176,1
[196]
T1,0,1,38,2
T2,1,1,200,1
T3,2,1,160,8
T4,3,0,51,1
T5,4,0,68,1
T6,5,0,95,4
T7,6,1,150,6
[197]
T1,0,1,200,2
T2,1,0,75,3
T3,2,0,165,1
T4,3,0,132,10
T5,4,1,30,2
T6,5,1,149,2
T7,6,0,35,1
[198]
T1,0,1,168,6
T2,1,0,31,2
T3,2,1,40,2
T4,3,1,62,2
T5,4,1,200,1
T6,5,0,150,1
T7,6,1,126,11
[199]
T1,0,1,87,2
T2,1,1,200,3
T3,2,0,174,4
T4,3,0,25,1
T5,4,1,53,1
T6,5,1,180,2
T7,6,1,125,8
[200]
T1,0,0,180,2
T2,1,0,200,7
T3,2,1,45,1
T4,3,0,100,9
T5,4,1,116,2
T6,5,1,36,2
T7,6,0,198,2
[201]
T1,0,1,84,2
T2,1,0,60,1
T3,2,1,25,2
T4,3,1,200,13
T5,4,0,38,2
T6,5,1,175,12
T7,6,0,190,2
[202]
T1,0,0,192,4
T2,1,1,80,2
T3,2,1,32,2
T4,3,1,44,1
T5,4,1,121,2
T6,5,0,200,16
T7,6,0,150,3
[203]
T1,0,0,20,2
T2,1,1,44,2
T3,2,1,66,2
T4,3,1,170,8
T5,4,1,200,2
T6,5,1,168,4
T7,6,0,119,5
[204]
T1,0,0,161,3
T2,1,1,50,5
T3,2,1,26,2
T4,3,0,152,1
T5,4,0,70,1
T6,5,0,133,1
T7,6,1,200,2
[205]
T1,0,1,198,2
T2,1,0,110,2
T3,2,0,86,2
T4,3,1,198,2
T5,4,1,200,2
T6,5,1,52,2
T7,6,0,30,4
[206]
T1,0,0,29,1
T2,1,0,40,3
T3,2,0,200,1
T4,3,0,150,2
T5,4,0,120,2
T6,5,0,195,8
T7,6,1,124,2
[207]
T1,0,1,200,1
T2,1,0,196,10
T3,2,1,30,2
T4,3,1,20,2
T5,4,0,144,6
T6,5,1,168,2
T7,6,0,90,1
[208]
T1,0,0,175,2
T2,1,0,102,2
T3,2,0,36,3
T4,3,0,200,2
T5,4,1,189,10
T6,5,1,68,2
T7,6,0,22,2
[209]
T1,0,1,190,5
T2,1,1,32,2
T3,2,0,135,3
T4,3,0,21,1
T5,4,0,200,2
T6,5,1,90,2
T7,6,1,180,2
[210]
T1,0,0,189,1
T2,1,1,200,5
T3,2,1,100,3
T4,3,1,20,2
T5,4,0,45,2
T6,5,1,150,12
T7,6,1,76,2
[211]
T1,0,1,104,4
T2,1,0,200,4
T3,2,0,154,4
T4,3,0,32,2
T5,4,0,78,1
T6,5,0,168,4
T7,6,1,22,2
[212]
T1,0,0,70,2
T2,1,1,25,1
T3,2,1,200,14
T4,3,0,160,2
T5,4,1,143,3
T6,5,1,154,2
T7,6,1,23,2
[213]
T1,0,0,96,2
T2,1,0,75,2
T3,2,1,40,3
T4,3,0,180,1
T5,4,1,28,2
T6,5,0,158,7
T7,6,1,200,1
[214]
T1,0,0,175,7
T2,1,1,108,2
T3,2,0,165,2
T4,3,0,47,2
T5,4,1,200,6
T6,5,0,135,5
T7,6,1,21,1
[215]
T1,0,1,150,9
T2,1,1,32,2
T3,2,0,175,5
T4,3,1,84,4
T5,4,0,88,2
T6,5,0,32,1
T7,6,0,200,2
[216]
T1,0,0,176,2
T2,1,1,143,5
T3,2,1,200,8
T4,3,1,104,3
T5,4,1,20,2
T6,5,1,198,2
T7,6,0,38,2
[217]
T1,0,1,122,2
T2,1,1,110,1
T3,2,1,200,4
T4,3,1,48,4
T5,4,1,150,3
T6,5,1,183,4
T7,6,1,41,2
[218]
T1,0,1,60,2
T2,1,0,165,6
T3,2,1,160,1
T4,3,1,25,2
T5,4,1,200,4
T6,5,0,56,1
T7,6,1,26,2
[219]
T1,0,0,175,1
T2,1,0,200,2
T3,2,0,135,6
T4,3,1,37,1
T5,4,1,168,2
T6,5,0,49,1
T7,6,1,140,7
[220]
T1,0,1,161,2
T2,1,1,63,3
T3,2,0,100,1
T4,3,0,200,8
T5,4,1,52,2
T6,5,0,175,1
T7,6,1,46,2
[221]
T1,0,0,180,6
T2,1,1,95,5
T3,2,1,30,2
T4,3,1,190,5
T5,4,0,105,2
T6,5,1,200,3
T7,6,1,36,1
[222]
T1,0,1,56,2
T2,1,0,166,10
T3,2,1,166,1
T4,3,1,26,2
T5,4,1,24,2
T6,5,0,140,1
T7,6,0,200,12
[223]
T1,0,0,165,5
T2,1,0,192,2
T3,2,1,75,4
T4,3,0,33,2
T5,4,0,34,1
T6,5,1,200,2
T7,6,0,64,1
[224]
T1,0,0,49,1
T2,1,1,93,1
T3,2,0,186,9
T4,3,1,120,2
T5,4,1,200,1
T6,5,1,186,2
T7,6,0,30,2
[225]
T1,0,0,44,2
T2,1,0,68,2
T3,2,1,100,2
T4,3,1,150,1
T5,4,0,192,32
T6,5,0,200,2
T7,6,1,21,2
[226]
T1,0,1,25,2
T2,1,1,150,4
T3,2,1,40,2
T4,3,0,99,2
T5,4,0,200,2
T6,5,1,165,1
T7,6,0,130,2
[227]
T1,0,0,195,2
T2,1,0,200,4
T3,2,0,57,6
T4,3,1,52,2
T5,4,0,36,2
T6,5,0,75,2
T7,6,1,150,3
[228]
T1,0,1,168,1
T2,1,0,200,11
T3,2,1,140,10
T4,3,1,80,2
T5,4,0,148,2
T6,5,1,50,2
T7,6,1,30,2
[229]
T1,0,1,175,3
T2,1,1,108,5
T3,2,0,37,1
T4,3,0,60,1
T5,4,0,161,1
T6,5,1,36,1
T7,6,0,200,1
[230]
T1,0,0,160,2
T2,1,1,37,2
T3,2,1,64,2
T4,3,0,72,2
T5,4,0,200,1
T6,5,1,20,1
T7,6,1,185,5
[231]
T1,0,0,72,6
T2,1,0,35,2
T3,2,1,180,8
T4,3,0,29,2
T5,4,0,87,2
T6,5,0,192,2
T7,6,0,200,1
[232]
T1,0,1,160,2
T2,1,0,70,2
T3,2,1,51,1
T4,3,0,38,2
T5,4,1,200,2
T6,5,0,152,7
T7,6,1,133,2
[233]
T1,0,0,126,2
T2,1,1,90,2
T3,2,1,22,2
T4,3,1,42,1
T5,4,1,165,8
T6,5,1,168,2
T7,6,1,200,14
[234]
T1,0,1,37,2
T2,1,0,200,3
T3,2,0,150,2
T4,3,1,54,2
T5,4,1,120,3
T6,5,1,152,14
T7,6,1,57,2
[235]
T1,0,1,34,2
T2,1,0,96,3
T3,2,1,160,3
T4,3,1,200,6
T5,4,1,23,2
T6,5,0,132,2
T7,6,0,165,1
[236]
T1,0,0,200,6
T2,1,0,174,2
T3,2,0,40,2
T4,3,0,168,2
T5,4,1,126,4
T6,5,1,60,2
T7,6,1,30,2
[237]
T1,0,1,26,2
T2,1,0,175,8
T3,2,1,200,2
T4,3,0,40,2
T5,4,1,140,8
T6,5,1,197,5
T7,6,1,56,1
[238]
T1,0,1,25,2
T2,1,0,120,2
T3,2,0,185,1
T4,3,1,150,7
T5,4,1,145,7
T6,5,0,38,2
T7,6,0,200,10
[239]
T1,0,1,43,1
T2,1,0,26,2
T3,2,0,130,2
T4,3,1,166,1
T5,4,1,200,11
T6,5,1,78,3
T7,6,0,150,2
[240]
T1,0,0,32,2
T2,1,0,80,4
T3,2,1,200,3
T4,3,1,158,6
T5,4,1,160,3
T6,5,1,64,3
T7,6,0,44,2
[241]
T1,0,0,31,2
T2,1,0,75,2
T3,2,0,140,2
T4,3,1,200,9
T5,4,0,168,7
T6,5,0,180,8
T7,6,1,51,1
[242]
T1,0,0,150,2
T2,1,1,86,1
T3,2,1,172,3
T4,3,0,20,1
T5,4,0,54,2
T6,5,1,200,8
T7,6,1,20,2
[243]
T1,0,0,200,2
T2,1,0,168,9
T3,2,0,63,2
T4,3,0,160,9
T5,4,1,53,2
T6,5,0,81,3
T7,6,1,45,1
[244]
T1,0,1,200,11
T2,1,0,182,3
T3,2,0,35,2
T4,3,1,22,2
T5,4,0,126,1
T6,5,0,168,7
T7,6,1,108,1
[245]
T1,0,1,34,2
T2,1,1,126,4
T3,2,0,95,1
T4,3,1,168,4
T5,4,0,160,1
T6,5,1,200,3
T7,6,1,45,2
[246]
T1,0,0,120,2
T2,1,0,50,2
T3,2,0,150,9
T4,3,1,180,8
T5,4,1,52,2
T6,5,1,60,2
T7,6,0,200,8
[247]
T1,0,0,60,4
T2,1,0,180,5
T3,2,0,47,2
T4,3,1,110,2
T5,4,1,30,2
T6,5,0,180,2
T7,6,0,200,11
[248]
T1,0,0,136,2
T2,1,0,200,9
T3,2,1,180,2
T4,3,0,120,1
T5,4,1,27,2
T6,5,0,35,1
T7,6,0,150,2
[249]
T1,0,0,180,2
T2,1,0,160,2
T3,2,1,105,2
T4,3,0,200,3
T5,4,0,108,8
T6,5,1,36,3
T7,6,0,52,2
[250]
T1,0,1,50,1
T2,1,0,182,2
T3,2,1,105,2
T4,3,1,102,2
T5,4,1,156,1
T6,5,0,200,16
T7,6,0,31,1
[251]
T1,0,0,30,2
T2,1,1,72,2
T3,2,1,21,2
T4,3,0,54,4
T5,4,0,200,2
T6,5,1,156,9
T7,6,0,182,1
[252]
T1,0,1,63,2
T2,1,1,165,2
T3,2,0,98,9
T4,3,1,200,4
T5,4,1,168,2
T6,5,1,49,1
T7,6,1,53,1
[253]
T1,0,1,175,5
T2,1,0,60,1
T3,2,0,90,2
T4,3,1,39,1
T5,4,0,168,11
T6,5,1,200,5
T7,6,0,43,2
[254]
T1,0,0,168,4
T2,1,1,26,2
T3,2,0,90,6
T4,3,0,57,2
T5,4,0,200,2
T6,5,0,40,3
T7,6,0,189,2
[255]
T1,0,0,90,3
T2,1,0,40,2
T3,2,0,47,3
T4,3,0,150,5
T5,4,0,200,2
T6,5,1,175,1
T7,6,0,68,3
[256]
T1,0,0,69,2
T2,1,0,200,2
T3,2,1,144,4
T4,3,0,48,2
T5,4,1,198,7
T6,5,1,176,3
T7,6,1,25,1
[257]
T1,0,1,160,2
T2,1,1,160,1
T3,2,0,145,9
T4,3,0,200,3
T5,4,1,128,3
T6,5,1,26,2
T7,6,0,29,1
[258]
T1,0,1,200,6
T2,1,1,31,2
T3,2,1,171,1
T4,3,1,160,10
T5,4,1,50,1
T6,5,0,72,1
T7,6,0,95,5
[259]
T1,0,0,36,1
T2,1,1,200,5
T3,2,0,180,2
T4,3,1,72,2
T5,4,1,150,4
T6,5,1,26,2
T7,6,1,92,7
[260]
T1,0,1,60,2
T2,1,1,48,2
T3,2,0,169,1
T4,3,0,100,4
T5,4,1,200,5
T6,5,0,35,2
T7,6,1,195,4
[261]
T1,0,1,186,6
T2,1,1,20,2
T3,2,0,200,11
T4,3,0,28,2
T5,4,0,126,4
T6,5,0,150,1
T7,6,0,93,1
[262]
T1,0,1,152,2
T2,1,0,200,3
T3,2,0,33,2
T4,3,1,63,3
T5,4,1,63,1
T6,5,0,190,3
T7,6,1,38,2
[263]
T1,0,1,125,2
T2,1,0,177,3
T3,2,1,50,1
T4,3,1,200,1
T5,4,0,150,12
T6,5,1,80,2
T7,6,0,30,1
[264]
T1,0,1,120,2
T2,1,0,24,2
T3,2,1,175,5
T4,3,1,200,5
T5,4,0,27,2
T6,5,1,156,2
T7,6,0,91,2
[265]
T1,0,0,104,2
T2,1,1,31,2
T3,2,0,36,2
T4,3,1,200,4
T5,4,0,150,5
T6,5,1,60,2
T7,6,0,171,2
[266]
T1,0,0,72,3
T2,1,0,40,2
T3,2,0,65,2
T4,3,1,200,9
T5,4,1,185,2
T6,5,1,195,3
T7,6,1,24,2
[267]
T1,0,1,200,2
T2,1,1,196,2
T3,2,1,105,2
T4,3,0,100,6
T5,4,1,182,11
T6,5,1,52,1
T7,6,0,52,2
[268]
T1,0,0,120,2
T2,1,0,40,1
T3,2,0,200,2
T4,3,0,40,1
T5,4,1,108,7
T6,5,0,160,2
T7,6,1,185,1
[269]
T1,0,0,88,1
T2,1,1,180,2
T3,2,0,200,2
T4,3,0,154,10
T5,4,0,44,2
T6,5,1,22,2
T7,6,0,77,4
[270]
T1,0,0,140,6
T2,1,0,42,1
T3,2,1,153,3
T4,3,1,200,4
T5,4,1,160,2
T6,5,1,119,1
T7,6,1,26,1
[271]
T1,0,1,118,2
T2,1,0,152,10
T3,2,1,30,2
T4,3,1,150,4
T5,4,0,24,2
T6,5,0,200,5
T7,6,1,75,3
[272]
T1,0,1,70,1
T2,1,1,150,2
T3,2,1,173,14
T4,3,0,200,7
T5,4,0,50,1
T6,5,0,46,2
T7,6,0,100,1
[273]
T1,0,1,93,2
T2,1,1,44,1
T3,2,1,80,2
T4,3,1,165,2
T5,4,1,200,6
T6,5,0,48,1
T7,6,0,160,6
[274]
T1,0,0,168,6
T2,1,0,68,1
T3,2,0,200,2
T4,3,0,85,2
T5,4,0,25,2
T6,5,0,165,1
T7,6,0,23,2
[275]
T1,0,1,49,2
T2,1,1,160,16
T3,2,1,40,1
T4,3,1,150,5
T5,4,1,200,2
T6,5,0,114,2
T7,6,1,68,2
[276]
T1,0,1,100,4
T2,1,1,25,2
T3,2,1,155,1
T4,3,0,200,8
T5,4,0,170,7
T6,5,0,62,2
T7,6,1,44,1
[277]
T1,0,1,50,2
T2,1,0,120,2
T3,2,1,20,1
T4,3,0,180,3
T5,4,0,200,2
T6,5,0,119,1
T7,6,1,189,13
[278]
T1,0,1,99,2
T2,1,0,176,12
T3,2,0,66,2
T4,3,1,22,2
T5,4,0,180,7
T6,5,0,200,15
T7,6,1,35,2
[279]
T1,0,1,153,1
T2,1,0,124,2
T3,2,1,42,2
T4,3,0,180,3
T5,4,0,51,1
T6,5,0,200,21
T7,6,0,100,2
[280]
T1,0,1,40,2
T2,1,0,52,2
T3,2,0,57,2
T4,3,1,200,8
T5,4,1,171,3
T6,5,0,175,3
T7,6,1,90,7
[281]
T1,0,1,98,2
T2,1,0,200,1
T3,2,1,150,6
T4,3,0,100,10
T5,4,1,29,2
T6,5,0,195,3
T7,6,1,48,2
[282]
T1,0,0,105,5
T2,1,1,160,4
T3,2,0,200,2
T4,3,1,175,9
T5,4,0,35,2
T6,5,1,20,2
T7,6,1,72,2
[283]
T1,0,1,175,1
T2,1,0,200,2
T3,2,0,143,5
T4,3,1,150,1
T5,4,1,24,3
T6,5,1,52,2
T7,6,0,132,1
[284]
T1,0,0,200,7
T2,1,1,100,3
T3,2,0,180,4
T4,3,1,159,2
T5,4,0,36,2
T6,5,0,105,2
T7,6,0,52,3
[285]
T1,0,1,69,1
T2,1,1,69,1
T3,2,0,200,7
T4,3,1,25,2
T5,4,1,161,3
T6,5,1,51,2
T7,6,1,161,5
[286]
T1,0,1,200,2
T2,1,0,120,5
T3,2,0,195,7
T4,3,1,50,2
T5,4,0,195,8
T6,5,1,90,2
T7,6,1,26,2
[287]
T1,0,0,200,3
T2,1,1,175,2
T3,2,0,40,2
T4,3,1,90,8
T5,4,0,150,2
T6,5,1,37,2
T7,6,1,64,2
[288]
T1,0,0,168,12
T2,1,0,52,1
T3,2,0,70,2
T4,3,1,192,4
T5,4,0,133,5
T6,5,0,25,2
T7,6,1,200,3
[289]
T1,0,1,51,1
T2,1,1,25,1
T3,2,0,180,2
T4,3,1,62,2
T5,4,0,200,1
T6,5,1,175,14
T7,6,1,62,2
[290]
T1,0,1,120,2
T2,1,0,200,10
T3,2,1,113,5
T4,3,0,150,1
T5,4,0,150,6
T6,5,1,42,1
T7,6,0,38,2
[291]
T1,0,0,96,2
T2,1,0,34,2
T3,2,1,150,1
T4,3,1,72,3
T5,4,1,36,2
T6,5,0,200,9
T7,6,1,188,8
[292]
T1,0,0,65,2
T2,1,0,31,2
T3,2,0,75,1
T4,3,0,186,4
T5,4,1,20,2
T6,5,1,195,7
T7,6,1,200,2
[293]
T1,0,0,80,2
T2,1,0,200,10
T3,2,0,52,2
T4,3,0,44,2
T5,4,0,165,8
T6,5,0,143,2
T7,6,1,156,5
[294]
T1,0,0,125,5
T2,1,0,80,2
T3,2,1,200,3
T4,3,0,23,2
T5,4,1,175,2
T6,5,1,23,2
T7,6,1,160,1
[295]
T1,0,1,120,1
T2,1,1,200,4
T3,2,0,195,4
T4,3,1,39,2
T5,4,0,136,3
T6,5,0,153,3
T7,6,0,40,1
[296]
T1,0,0,105,11
T2,1,1,200,2
T3,2,1,24,2
T4,3,0,180,2
T5,4,0,153,2
T6,5,1,29,1
T7,6,1,108,2
[297]
T1,0,0,33,2
T2,1,1,79,1
T3,2,0,200,1
T4,3,0,30,1
T5,4,0,180,2
T6,5,0,158,12
T7,6,0,84,1
[298]
T1,0,1,189,18
T2,1,0,28,2
T3,2,0,105,1
T4,3,0,50,1
T5,4,1,165,2
T6,5,0,55,1
T7,6,1,200,2
[299]
T1,0,1,175,6
T2,1,1,22,2
T3,2,0,21,2
T4,3,0,165,2
T5,4,1,70,3
T6,5,0,95,4
T7,6,0,200,3
[300]
T1,0,0,111,3
T2,1,0,180,9
T3,2,1,49,1
T4,3,0,110,1
T5,4,0,180,3
T6,5,0,50,1
T7,6,0,200,5
[301]
T1,0,1,162,3
T2,1,0,39,1
T3,2,1,200,4
T4,3,1,104,3
T5,4,1,144,13
T6,5,0,51,2
T7,6,1,160,2
[302]
T1,0,0,144,2
T2,1,1,152,3
T3,2,1,30,2
T4,3,0,38,2
T5,4,0,117,4
T6,5,0,200,7
T7,6,1,156,3
[303]
T1,0,0,162,2
T2,1,1,33,2
T3,2,0,198,4
T4,3,1,120,1
T5,4,1,34,2
T6,5,0,144,6
T7,6,0,200,19
[304]
T1,0,0,170,1
T2,1,0,35,2
T3,2,1,86,3
T4,3,0,80,1
T5,4,0,24,1
T6,5,1,150,2
T7,6,0,200,5
[305]
T1,0,1,168,14
T2,1,1,27,2
T3,2,1,27,2
T4,3,1,200,7
T5,4,0,70,2
T6,5,0,108,2
T7,6,1,180,7
[306]
T1,0,1,165,2
T2,1,0,30,2
T3,2,0,200,2
T4,3,1,88,2
T5,4,0,178,8
T6,5,0,47,1
T7,6,1,120,7
[307]
T1,0,0,200,12
T2,1,0,50,2
T3,2,0,72,2
T4,3,1,84,2
T5,4,0,180,7
T6,5,0,180,2
T7,6,1,50,1
[308]
T1,0,0,175,2
T2,1,1,200,1
T3,2,1,63,2
T4,3,1,56,2
T5,4,1,24,2
T6,5,1,34,2
T7,6,1,185,20
[309]
T1,0,0,192,1
T2,1,1,54,2
T3,2,1,34,2
T4,3,1,175,1
T5,4,1,200,2
T6,5,0,144,3
T7,6,1,84,6
[310]
T1,0,0,28,2
T2,1,0,84,2
T3,2,1,25,2
T4,3,1,200,13
T5,4,1,170,2
T6,5,0,75,2
T7,6,1,154,18
[311]
T1,0,1,189,2
T2,1,1,200,19
T3,2,0,45,2
T4,3,1,91,2
T5,4,0,100,2
T6,5,1,53,1
T7,6,1,180,1
[312]
T1,0,1,22,2
T2,1,1,200,17
T3,2,0,180,1
T4,3,1,75,2
T5,4,0,65,2
T6,5,0,169,6
T7,6,1,25,2
[313]
T1,0,1,77,6
T2,1,1,200,3
T3,2,0,22,2
T4,3,0,32,1
T5,4,1,165,1
T6,5,1,64,2
T7,6,1,176,1
[314]
T1,0,1,196,5
T2,1,1,200,2
T3,2,0,45,2
T4,3,1,84,7
T5,4,1,32,2
T6,5,1,140,2
T7,6,1,150,2
[315]
T1,0,1,189,2
T2,1,1,75,4
T3,2,0,200,4
T4,3,0,51,2
T5,4,1,180,9
T6,5,0,100,2
T7,6,1,30,1
[316]
T1,0,0,114,2
T2,1,1,175,1
T3,2,0,38,1
T4,3,0,42,2
T5,4,1,108,3
T6,5,0,200,2
T7,6,0,175,4
[317]
T1,0,1,55,1
T2,1,0,180,16
T3,2,0,22,2
T4,3,0,200,1
T5,4,0,44,2
T6,5,0,84,1
T7,6,0,160,8
[318]
T1,0,1,197,1
T2,1,1,200,13
T3,2,1,32,1
T4,3,0,25,2
T5,4,1,80,1
T6,5,1,197,10
T7,6,1,72,2
[319]
T1,0,1,42,2
T2,1,1,200,12
T3,2,1,160,4
T4,3,0,33,1
T5,4,1,99,2
T6,5,1,165,5
T7,6,0,54,2
[320]
T1,0,0,200,4
T2,1,0,119,1
T3,2,1,26,1
T4,3,0,100,2
T5,4,1,20,1
T6,5,0,184,2
T7,6,0,184,5
[321]
T1,0,1,200,2
T2,1,0,52,2
T3,2,0,156,4
T4,3,1,112,4
T5,4,1,46,2
T6,5,0,90,2
T7,6,1,160,8
[322]
T1,0,0,72,1
T2,1,1,160,5
T3,2,1,56,3
T4,3,0,165,7
T5,4,1,200,1
T6,5,1,27,2
T7,6,0,45,2
[323]
T1,0,0,30,2
T2,1,1,43,2
T3,2,1,192,1
T4,3,1,147,2
T5,4,1,100,6
T6,5,0,200,9
T7,6,1,180,4
[324]
T1,0,1,200,6
T2,1,0,175,8
T3,2,0,126,3
T4,3,1,164,2
T5,4,1,28,2
T6,5,0,140,4
T7,6,0,50,2
[325]
T1,0,1,200,2
T2,1,0,104,2
T3,2,1,104,2
T4,3,0,189,5
T5,4,0,24,1
T6,5,1,195,12
T7,6,1,48,2
[326]
T1,0,0,175,7
T2,1,0,49,1
T3,2,0,168,2
T4,3,0,200,3
T5,4,1,138,9
T6,5,1,92,2
T7,6,1,42,1
[327]
T1,0,0,147,10
T2,1,0,30,2
T3,2,1,150,1
T4,3,0,26,2
T5,4,1,119,5
T6,5,0,200,5
T7,6,0,102,2
[328]
T1,0,1,54,1
T2,1,0,176,2
T3,2,1,200,7
T4,3,1,110,10
T5,4,0,135,4
T6,5,1,51,2
T7,6,1,176,2
[329]
T1,0,0,182,6
T2,1,1,143,2
T3,2,1,36,2
T4,3,0,60,1
T5,4,0,150,2
T6,5,1,200,3
T7,6,1,44,2
[330]
T1,0,1,192,1
T2,1,1,183,13
T3,2,0,122,1
T4,3,0,37,2
T5,4,1,200,7
T6,5,0,45,2
T7,6,0,60,2
[331]
T1,0,0,22,1
T2,1,1,174,1
T3,2,0,100,5
T4,3,0,95,3
T5,4,1,171,1
T6,5,0,200,2
T7,6,1,30,2
[332]
T1,0,1,180,1
T2,1,1,45,1
T3,2,0,68,2
T4,3,1,25,1
T5,4,1,84,1
T6,5,1,150,4
T7,6,0,200,5
[333]
T1,0,0,200,2
T2,1,1,160,2
T3,2,1,88,2
T4,3,0,53,2
T5,4,0,20,1
T6,5,0,160,7
T7,6,0,80,5
[334]
T1,0,1,37,1
T2,1,0,200,1
T3,2,1,60,3
T4,3,1,171,11
T5,4,1,60,2
T6,5,0,24,2
T7,6,1,184,1
[335]
T1,0,1,135,2
T2,1,0,184,2
T3,2,1,69,3
T4,3,1,21,2
T5,4,0,43,2
T6,5,1,175,8
T7,6,0,200,10
[336]
T1,0,1,42,2
T2,1,0,60,6
T3,2,1,192,2
T4,3,1,196,2
T5,4,1,41,2
T6,5,1,200,5
T7,6,0,147,1
[337]
T1,0,0,58,2
T2,1,1,120,3
T3,2,1,200,16
T4,3,1,37,2
T5,4,0,29,2
T6,5,0,174,2
T7,6,0,175,7
[338]
T1,0,1,34,2
T2,1,1,56,1
T3,2,0,135,2
T4,3,1,200,1
T5,4,1,165,2
T6,5,1,168,6
T7,6,0,48,4
[339]
T1,0,0,40,1
T2,1,0,33,2
T3,2,1,140,2
T4,3,1,169,8
T5,4,0,200,2
T6,5,0,140,3
T7,6,1,160,2
[340]
T1,0,1,90,2
T2,1,1,26,1
T3,2,1,200,3
T4,3,0,160,8
T5,4,0,189,2
T6,5,0,96,1
T7,6,1,36,1
[341]
T1,0,0,104,3
T2,1,1,195,3
T3,2,1,200,2
T4,3,0,31,2
T5,4,1,20,2
T6,5,1,180,1
T7,6,1,128,3
[342]
T1,0,0,164,3
T2,1,1,123,2
T3,2,0,200,10
T4,3,1,72,2
T5,4,1,40,1
T6,5,1,150,7
T7,6,1,29,2
[343]
T1,0,1,56,2
T2,1,0,175,2
T3,2,0,49,1
T4,3,0,200,1
T5,4,1,26,2
T6,5,1,170,9
T7,6,1,112,3
[344]
T1,0,1,110,7
T2,1,0,29,1
T3,2,0,100,3
T4,3,1,184,2
T5,4,1,165,2
T6,5,0,200,1
T7,6,0,45,1
[345]
T1,0,1,200,1
T2,1,0,116,1
T3,2,1,150,9
T4,3,0,45,2
T5,4,0,36,1
T6,5,0,152,2
T7,6,0,76,2
[346]
T1,0,1,200,6
T2,1,0,56,2
T3,2,1,29,1
T4,3,1,176,2
T5,4,1,45,1
T6,5,1,168,10
T7,6,0,66,1
[347]
T1,0,1,200,19
T2,1,0,168,2
T3,2,1,168,7
T4,3,1,36,2
T5,4,1,75,1
T6,5,1,31,2
T7,6,0,81,2
[348]
T1,0,1,200,10
T2,1,0,36,1
T3,2,0,148,4
T4,3,0,47,2
T5,4,1,120,2
T6,5,1,175,1
T7,6,0,100,2
[349]
T1,0,0,192,5
T2,1,1,35,1
T3,2,1,81,1
T4,3,0,180,2
T5,4,0,39,1
T6,5,0,200,3
T7,6,0,100,4
[350]
T1,0,1,160,1
T2,1,0,120,4
T3,2,0,20,1
T4,3,0,177,3
T5,4,1,125,3
T6,5,0,42,2
T7,6,1,200,2
[351]
T1,0,1,27,2
T2,1,0,50,1
T3,2,1,76,2
T4,3,1,175,10
T5,4,1,190,5
T6,5,1,200,2
T7,6,0,147,6
[352]
T1,0,1,154,1
T2,1,1,33,1
T3,2,0,132,5
T4,3,0,168,9
T5,4,0,27,2
T6,5,0,200,2
T7,6,1,120,2
[353]
T1,0,1,200,2
T2,1,0,188,4
T3,2,0,100,2
T4,3,0,20,1
T5,4,0,48,2
T6,5,0,160,3
T7,6,1,100,8
[354]
T1,0,0,186,7
T2,1,0,20,1
T3,2,1,200,5
T4,3,0,40,2
T5,4,0,124,2
T6,5,0,156,1
T7,6,1,96,1
[355]
T1,0,0,156,2
T2,1,0,105,1
T3,2,0,156,8
T4,3,1,200,6
T5,4,0,39,1
T6,5,0,37,1
T7,6,0,128,2
[356]
T1,0,1,75,1
T2,1,1,44,1
T3,2,0,200,2
T4,3,0,41,2
T5,4,0,56,1
T6,5,1,187,7
T7,6,1,187,11
[357]
T1,0,1,152,6
T2,1,0,200,2
T3,2,0,190,2
T4,3,0,33,2
T5,4,1,37,2
T6,5,0,144,10
T7,6,0,114,4
[358]
T1,0,1,30,1
T2,1,1,184,1
T3,2,0,150,2
T4,3,0,105,6
T5,4,0,35,2
T6,5,1,144,2
T7,6,1,200,10
[359]
T1,0,1,45,2
T2,1,1,48,2
T3,2,0,200,2
T4,3,1,175,11
T5,4,0,111,3
T6,5,1,180,1
T7,6,0,126,1
[360]
T1,0,1,200,1
T2,1,1,147,1
T3,2,0,25,2
T4,3,0,31,1
T5,4,1,63,2
T6,5,0,154,5
T7,6,0,180,17
[361]
T1,0,1,200,2
T2,1,1,25,1
T3,2,0,196,8
T4,3,0,91,1
T5,4,1,175,6
T6,5,0,34,1
T7,6,0,120,1
[362]
T1,0,1,20,2
T2,1,1,114,2
T3,2,0,190,1
T4,3,0,190,4
T5,4,1,200,4
T6,5,0,81,6
T7,6,0,52,1
[363]
T1,0,1,25,2
T2,1,0,25,2
T3,2,0,56,2
T4,3,0,200,2
T5,4,0,85,8
T6,5,0,150,5
T7,6,0,182,2
[364]
T1,0,0,200,2
T2,1,1,20,2
T3,2,0,24,2
T4,3,0,150,2
T5,4,1,119,2
T6,5,1,196,17
T7,6,1,60,2
[365]
T1,0,1,140,2
T2,1,1,180,1
T3,2,1,200,21
T4,3,0,40,2
T5,4,1,150,5
T6,5,0,24,2
T7,6,1,146,2
[366]
T1,0,0,156,1
T2,1,0,39,3
T3,2,1,27,2
T4,3,0,200,7
T5,4,1,160,3
T6,5,0,70,2
T7,6,1,120,4
[367]
T1,0,0,71,3
T2,1,0,31,2
T3,2,1,180,5
T4,3,1,175,10
T5,4,1,200,5
T6,5,0,21,2
T7,6,1,56,2
[368]
T1,0,1,192,2
T2,1,1,66,2
T3,2,0,200,3
T4,3,1,168,1
T5,4,1,32,1
T6,5,1,105,5
T7,6,0,21,1
[369]
T1,0,0,200,2
T2,1,0,196,2
T3,2,1,44,2
T4,3,0,176,2
T5,4,1,140,7
T6,5,1,120,4
T7,6,1,47,3
[370]
T1,0,1,180,5
T2,1,1,124,4
T3,2,1,150,1
T4,3,0,41,2
T5,4,0,200,6
T6,5,1,72,6
T7,6,1,45,2
[371]
T1,0,0,165,2
T2,1,0,87,4
T3,2,0,200,1
T4,3,1,25,1
T5,4,1,45,2
T6,5,1,165,2
T7,6,0,88,5
[372]
T1,0,0,192,8
T2,1,0,200,4
T3,2,0,35,1
T4,3,1,140,4
T5,4,1,145,2
T6,5,1,43,1
T7,6,1,168,2
[373]
T1,0,0,200,6
T2,1,1,30,3
T3,2,0,150,5
T4,3,0,28,2
T5,4,1,102,1
T6,5,0,91,2
T7,6,0,175,1
[374]
T1,0,0,29,2
T2,1,0,200,1
T3,2,1,188,1
T4,3,0,116,8
T5,4,1,60,2
T6,5,0,174,7
T7,6,1,28,1
[375]
T1,0,1,30,1
T2,1,1,78,6
T3,2,0,78,1
T4,3,1,41,2
T5,4,1,200,2
T6,5,0,162,1
T7,6,0,162,2
[376]
T1,0,0,150,6
T2,1,0,25,2
T3,2,0,153,1
T4,3,0,92,2
T5,4,1,29,1
T6,5,0,200,11
T7,6,1,60,2
[377]
T1,0,0,168,1
T2,1,0,168,6
T3,2,0,61,2
T4,3,1,112,1
T5,4,1,200,5
T6,5,1,31,1
T7,6,1,30,1
[378]
T1,0,0,148,4
T2,1,1,200,3
T3,2,1,45,2
T4,3,1,99,2
T5,4,0,26,2
T6,5,0,198,4
T7,6,0,111,2
[379]
T1,0,0,24,2
T2,1,1,200,12
T3,2,0,165,5
T4,3,1,50,2
T5,4,1,153,8
T6,5,0,88,2
T7,6,1,60,2
[380]
T1,0,0,27,2
T2,1,0,180,1
T3,2,0,128,1
T4,3,0,184,10
T5,4,0,200,19
T6,5,0,48,2
T7,6,1,75,2
[381]
T1,0,1,48,2
T2,1,1,46,3
T3,2,0,108,2
T4,3,1,70,2
T5,4,1,200,11
T6,5,0,192,3
T7,6,0,162,2
[382]
T1,0,1,123,6
T2,1,1,33,1
T3,2,0,45,2
T4,3,1,200,8
T5,4,0,162,5
T6,5,1,162,2
T7,6,1,90,2
[383]
T1,0,0,128,7
T2,1,1,44,2
T3,2,0,50,1
T4,3,0,200,4
T5,4,1,168,4
T6,5,0,175,8
T7,6,1,110,2
[384]
T1,0,1,45,2
T2,1,0,200,2
T3,2,1,39,1
T4,3,1,165,2
T5,4,1,156,21
T6,5,0,135,2
T7,6,1,66,2
[385]
T1,0,0,120,6
T2,1,1,80,3
T3,2,1,31,1
T4,3,1,200,4
T5,4,1,25,2
T6,5,0,180,2
T7,6,1,189,5
[386]
T1,0,1,182,15
T2,1,0,24,2
T3,2,1,126,4
T4,3,1,91,2
T5,4,1,48,2
T6,5,1,200,3
T7,6,1,182,3
[387]
T1,0,1,177,11
T2,1,1,150,2
T3,2,1,55,2
T4,3,1,33,2
T5,4,1,55,2
T6,5,1,40,2
T7,6,1,200,14
[388]
T1,0,0,175,10
T2,1,0,35,2
T3,2,1,32,1
T4,3,0,150,1
T5,4,0,56,2
T6,5,1,95,2
T7,6,1,200,1
[389]
T1,0,0,42,1
T2,1,0,160,5
T3,2,0,135,2
T4,3,1,63,2
T5,4,0,180,14
T6,5,1,50,2
T7,6,1,200,6
[390]
T1,0,0,160,7
T2,1,1,65,1
T3,2,0,35,1
T4,3,1,81,1
T5,4,1,26,2
T6,5,1,200,6
T7,6,0,156,6
[391]
T1,0,0,132,12
T2,1,0,184,5
T3,2,0,53,2
T4,3,0,200,1
T5,4,0,80,2
T6,5,1,176,4
T7,6,0,45,2
[392]
T1,0,1,80,1
T2,1,1,150,2
T3,2,1,200,8
T4,3,0,35,2
T5,4,1,176,6
T6,5,0,99,1
T7,6,0,25,2
[393]
T1,0,0,55,1
T2,1,1,176,5
T3,2,0,200,19
T4,3,1,60,2
T5,4,1,41,2
T6,5,1,154,2
T7,6,1,22,2
[394]
T1,0,1,21,1
T2,1,1,36,2
T3,2,0,200,16
T4,3,1,104,2
T5,4,0,150,2
T6,5,1,72,3
T7,6,0,155,2
[395]
T1,0,1,68,2
T2,1,0,184,2
T3,2,1,200,10
T4,3,0,175,4
T5,4,0,24,2
T6,5,0,25,2
T7,6,1,92,8
[396]
T1,0,1,60,5
T2,1,0,33,1
T3,2,1,120,1
T4,3,0,154,1
T5,4,1,48,2
T6,5,0,200,6
T7,6,0,168,2
[397]
T1,0,1,49,1
T2,1,0,56,1
T3,2,0,58,2
T4,3,0,174,1
T5,4,1,200,14
T6,5,1,35,2
T7,6,1,180,2
[398]
T1,0,0,20,1
T2,1,0,75,2
T3,2,1,102,1
T4,3,0,170,3
T5,4,1,200,11
T6,5,0,25,2
T7,6,1,198,7
[399]
T1,0,1,160,11
T2,1,1,162,2
T3,2,1,78,2
T4,3,1,25,1
T5,4,0,21,2
T6,5,1,96,1
T7,6,1,200,8
[400]
T1,0,1,150,5
T2,1,0,20,2
T3,2,0,34,2
T4,3,1,100,1
T5,4,1,168,6
T6,5,1,200,5
T7,6,0,69,2
[401]
T1,0,1,60,1
T2,1,1,196,2
T3,2,1,54,2
T4,3,0,56,2
T5,4,1,150,13
T6,5,1,200,5
T7,6,1,24,2
[402]
T1,0,0,25,1
T2,1,0,64,2
T3,2,1,175,12
T4,3,0,43,1
T5,4,0,78,2
T6,5,1,168,2
T7,6,1,200,6
[403]
T1,0,1,42,3
T2,1,0,28,2
T3,2,1,108,2
T4,3,1,95,3
T5,4,1,200,5
T6,5,0,189,5
T7,6,0,150,2
[404]
T1,0,0,175,2
T2,1,0,32,2
T3,2,1,88,1
T4,3,0,161,2
T5,4,0,70,2
T6,5,0,200,2
T7,6,0,23,2
[405]
T1,0,1,88,6
T2,1,1,200,4
T3,2,0,165,2
T4,3,1,32,1
T5,4,0,66,1
T6,5,0,187,3
T7,6,0,25,2
[406]
T1,0,0,57,2
T2,1,0,160,2
T3,2,1,40,2
T4,3,1,34,2
T5,4,1,96,2
T6,5,1,200,8
T7,6,0,180,3
[407]
T1,0,1,105,2
T2,1,0,150,9
T3,2,1,183,4
T4,3,0,50,3
T5,4,0,105,2
T6,5,1,200,8
T7,6,0,30,2
[408]
T1,0,0,25,2
T2,1,0,200,7
T3,2,1,150,5
T4,3,1,60,2
T5,4,1,48,2
T6,5,1,141,2
T7,6,0,195,3
[409]
T1,0,1,91,4
T2,1,0,168,4
T3,2,1,48,2
T4,3,0,156,7
T5,4,0,39,2
T6,5,0,65,2
T7,6,0,200,4
[410]
T1,0,1,55,2
T2,1,0,200,4
T3,2,1,175,2
T4,3,1,175,6
T5,4,0,50,2
T6,5,1,60,2
T7,6,1,40,1
[411]
T1,0,0,144,10
T2,1,0,200,5
T3,2,1,150,4
T4,3,1,24,2
T5,4,1,24,2
T6,5,0,68,2
T7,6,1,162,2
[412]
T1,0,1,75,1
T2,1,1,42,2
T3,2,0,128,6
T4,3,1,28,2
T5,4,1,175,5
T6,5,1,200,10
T7,6,1,196,1
[413]
T1,0,0,125,4
T2,1,1,184,2
T3,2,1,125,2
T4,3,0,52,2
T5,4,0,164,9
T6,5,0,200,1
T7,6,1,46,3
[414]
T1,0,1,37,1
T2,1,1,41,1
T3,2,0,200,3
T4,3,1,160,2
T5,4,0,60,1
T6,5,1,110,2
T7,6,0,160,5
[415]
T1,0,1,54,2
T2,1,1,171,1
T3,2,1,36,3
T4,3,0,53,2
T5,4,1,200,5
T6,5,1,135,2
T7,6,1,168,6
[416]
T1,0,1,160,2
T2,1,1,200,1
T3,2,1,192,12
T4,3,1,98,2
T5,4,1,39,2
T6,5,1,56,2
T7,6,1,40,4
[417]
T1,0,0,200,2
T2,1,0,32,2
T3,2,1,150,9
T4,3,0,75,2
T5,4,1,176,2
T6,5,0,136,1
T7,6,1,28,2
[418]
T1,0,0,24,2
T2,1,0,200,9
T3,2,1,60,1
T4,3,0,24,2
T5,4,0,156,1
T6,5,0,102,3
T7,6,1,160,8
[419]
T1,0,1,44,2
T2,1,0,200,1
T3,2,0,168,7
T4,3,0,24,2
T5,4,0,170,2
T6,5,1,102,4
T7,6,1,63,1
[420]
T1,0,0,200,2
T2,1,0,180,6
T3,2,0,84,4
T4,3,0,172,14
T5,4,1,29,2
T6,5,0,105,2
T7,6,0,25,2
[421]
T1,0,0,60,2
T2,1,0,30,1
T3,2,0,168,2
T4,3,0,150,3
T5,4,0,62,2
T6,5,0,37,1
T7,6,1,200,5
[422]
T1,0,0,168,2
T2,1,1,63,4
T3,2,0,175,4
T4,3,0,49,2
T5,4,1,24,2
T6,5,1,200,6
T7,6,1,91,2
[423]
T1,0,1,72,2
T2,1,1,198,2
T3,2,1,54,1
T4,3,0,35,2
T5,4,0,49,1
T6,5,0,180,13
T7,6,1,200,2
[424]
T1,0,0,164,4
T2,1,0,24,1
T3,2,0,140,2
T4,3,0,126,2
T5,4,1,168,11
T6,5,0,200,4
T7,6,1,38,2
[425]
T1,0,1,144,1
T2,1,1,22,2
T3,2,1,30,2
T4,3,1,72,2
T5,4,1,165,1
T6,5,0,200,11
T7,6,1,176,8
[426]
T1,0,0,75,2
T2,1,1,160,2
T3,2,1,25,1
T4,3,1,200,7
T5,4,1,32,2
T6,5,0,152,3
T7,6,0,133,2
[427]
T1,0,1,51,1
T2,1,0,200,23
T3,2,0,150,2
T4,3,1,152,1
T5,4,1,22,2
T6,5,1,144,3
T7,6,0,88,2
[428]
T1,0,1,50,2
T2,1,0,162,15
T3,2,0,180,3
T4,3,0,200,4
T5,4,0,41,2
T6,5,0,70,2
T7,6,1,60,2
[429]
T1,0,0,70,5
T2,1,0,32,1
T3,2,1,170,2
T4,3,1,175,5
T5,4,0,200,1
T6,5,1,24,2
T7,6,1,144,1
[430]
T1,0,0,200,2
T2,1,0,198,2
T3,2,0,54,2
T4,3,0,66,3
T5,4,1,60,4
T6,5,0,48,2
T7,6,0,160,6
[431]
T1,0,1,43,2
T2,1,1,144,17
T3,2,0,32,2
T4,3,0,111,2
T5,4,1,200,6
T6,5,1,160,1
T7,6,0,148,2
[432]
T1,0,1,200,14
T2,1,1,115,1
T3,2,0,28,2
T4,3,0,161,8
T5,4,1,126,1
T6,5,1,168,6
T7,6,0,37,2
[433]
T1,0,0,180,11
T2,1,1,60,4
T3,2,1,25,2
T4,3,1,200,1
T5,4,0,195,7
T6,5,0,41,2
T7,6,0,62,2
[434]
T1,0,1,60,2
T2,1,1,36,2
T3,2,0,29,2
T4,3,0,123,1
T5,4,1,180,8
T6,5,0,192,6
T7,6,0,200,12
[435]
T1,0,1,184,6
T2,1,0,200,6
T3,2,0,63,2
T4,3,1,27,2
T5,4,1,161,14
T6,5,1,46,2
T7,6,0,72,1
[436]
T1,0,0,132,2
T2,1,0,30,1
T3,2,0,85,1
T4,3,1,187,4
T5,4,0,198,4
T6,5,0,200,11
T7,6,0,40,1
[437]
T1,0,1,56,2
T2,1,0,165,11
T3,2,0,156,3
T4,3,0,200,9
T5,4,1,40,2
T6,5,0,28,2
T7,6,1,143,1
[438]
T1,0,0,119,2
T2,1,0,102,2
T3,2,0,26,2
T4,3,1,150,17
T5,4,1,200,2
T6,5,0,43,1
T7,6,0,195,2
[439]
T1,0,0,52,2
T2,1,0,195,7
T3,2,1,42,2
T4,3,1,105,2
T5,4,0,195,2
T6,5,1,130,2
T7,6,0,200,13
[440]
T1,0,1,150,1
T2,1,0,140,15
T3,2,1,200,4
T4,3,1,176,2
T5,4,0,40,2
T6,5,1,33,2
T7,6,1,90,2
[441]
T1,0,0,81,1
T2,1,1,39,2
T3,2,0,162,8
T4,3,1,43,2
T5,4,1,150,2
T6,5,0,65,1
T7,6,1,200,6
[442]
T1,0,1,47,1
T2,1,0,175,2
T3,2,1,30,1
T4,3,1,200,13
T5,4,0,170,2
T6,5,0,112,1
T7,6,0,75,1
[443]
T1,0,1,150,2
T2,1,0,60,1
T3,2,1,200,15
T4,3,0,156,1
T5,4,1,45,2
T6,5,0,42,2
T7,6,0,80,2
[444]
T1,0,1,100,1
T2,1,0,46,2
T3,2,1,80,2
T4,3,1,200,26
T5,4,0,165,5
T6,5,1,168,1
T7,6,1,24,2
[445]
T1,0,0,188,5
T2,1,1,65,5
T3,2,0,45,1
T4,3,1,175,7
T5,4,1,28,2
T6,5,1,130,2
T7,6,0,200,2
[446]
T1,0,0,48,2
T2,1,1,144,2
T3,2,1,200,3
T4,3,1,33,2
T5,4,0,165,2
T6,5,0,69,4
T7,6,0,198,11
[447]
T1,0,0,170,2
T2,1,0,136,15
T3,2,0,170,2
T4,3,0,200,7
T5,4,0,35,2
T6,5,1,105,2
T7,6,0,20,2
[448]
T1,0,1,56,2
T2,1,1,200,7
T3,2,1,21,2
T4,3,0,33,2
T5,4,0,169,2
T6,5,0,168,2
T7,6,1,91,4
[449]
T1,0,1,65,6
T2,1,0,150,4
T3,2,0,195,2
T4,3,0,200,1
T5,4,0,138,3
T6,5,0,34,2
T7,6,0,45,2
[450]
T1,0,1,200,3
T2,1,1,45,1
T3,2,0,152,2
T4,3,0,189,2
T5,4,1,41,2
T6,5,1,95,2
T7,6,1,60,5
[451]
T1,0,1,51,2
T2,1,1,200,1
T3,2,1,75,5
T4,3,0,176,8
T5,4,1,154,3
T6,5,1,125,3
T7,6,1,30,2
[452]
T1,0,1,150,9
T2,1,0,186,6
T3,2,0,200,5
T4,3,1,99,4
T5,4,1,25,2
T6,5,1,36,2
T7,6,0,100,1
[453]
T1,0,0,65,1
T2,1,1,176,2
T3,2,0,160,7
T4,3,1,200,4
T5,4,1,26,1
T6,5,1,34,1
T7,6,0,100,1
[454]
T1,0,0,42,1
T2,1,1,182,2
T3,2,0,168,6
T4,3,0,200,1
T5,4,1,50,2
T6,5,0,72,2
T7,6,0,108,6
[455]
T1,0,1,56,2
T2,1,1,150,2
T3,2,1,200,1
T4,3,0,144,2
T5,4,0,195,9
T6,5,1,52,3
T7,6,1,42,2
[456]
T1,0,1,128,1
T2,1,1,40,2
T3,2,0,96,1
T4,3,0,182,16
T5,4,1,200,12
T6,5,0,35,2
T7,6,1,160,1
[457]
T1,0,1,60,4
T2,1,0,192,1
T3,2,1,44,2
T4,3,0,200,13
T5,4,1,52,2
T6,5,1,192,1
T7,6,0,125,1
[458]
T1,0,1,200,16
T2,1,1,160,4
T3,2,1,28,2
T4,3,1,160,5
T5,4,0,33,1
T6,5,1,99,2
T7,6,1,140,2
[459]
T1,0,0,56,5
T2,1,0,192,7
T3,2,1,200,1
T4,3,0,48,2
T5,4,0,196,3
T6,5,1,25,2
T7,6,1,56,1
[460]
T1,0,1,170,2
T2,1,1,25,2
T3,2,0,200,12
T4,3,0,90,1
T5,4,1,168,11
T6,5,0,56,2
T7,6,1,51,2
[461]
T1,0,0,200,2
T2,1,1,60,1
T3,2,1,189,1
T4,3,0,63,2
T5,4,0,26,2
T6,5,1,51,3
T7,6,0,175,6
[462]
T1,0,1,44,1
T2,1,0,33,2
T3,2,0,180,3
T4,3,0,55,2
T5,4,1,60,3
T6,5,0,171,7
T7,6,0,200,4
[463]
T1,0,1,99,1
T2,1,0,25,1
T3,2,1,165,3
T4,3,1,200,5
T5,4,0,150,7
T6,5,1,132,2
T7,6,0,26,2
[464]
T1,0,1,46,1
T2,1,0,160,6
T3,2,1,32,2
T4,3,1,128,8
T5,4,0,80,1
T6,5,0,147,2
T7,6,1,200,7
[465]
T1,0,0,72,2
T2,1,0,50,2
T3,2,1,192,2
T4,3,1,188,5
T5,4,1,200,6
T6,5,1,94,2
T7,6,0,42,2
[466]
T1,0,0,154,5
T2,1,1,21,2
T3,2,1,176,2
T4,3,1,143,3
T5,4,0,80,2
T6,5,1,200,5
T7,6,1,44,3
[467]
T1,0,1,175,1
T2,1,0,200,6
T3,2,0,20,1
T4,3,1,46,2
T5,4,0,168,2
T6,5,0,56,2
T7,6,0,54,2
[468]
T1,0,0,171,1
T2,1,1,180,9
T3,2,1,32,2
T4,3,0,200,2
T5,4,1,36,2
T6,5,1,80,1
T7,6,0,120,10
[469]
T1,0,0,196,1
T2,1,0,63,2
T3,2,0,27,1
T4,3,0,200,2
T5,4,1,180,2
T6,5,0,44,4
T7,6,0,70,2
[470]
T1,0,0,35,2
T2,1,1,112,3
T3,2,0,24,1
T4,3,0,185,5
T5,4,1,75,2
T6,5,1,200,10
T7,6,0,150,2
[471]
T1,0,0,180,3
T2,1,0,200,2
T3,2,1,108,2
T4,3,1,105,4
T5,4,1,184,3
T6,5,1,46,3
T7,6,1,25,1
[472]
T1,0,1,100,3
T2,1,1,197,3
T3,2,1,175,22
T4,3,0,52,2
T5,4,1,56,2
T6,5,0,200,2
T7,6,0,42,2
[473]
T1,0,1,50,2
T2,1,1,190,17
T3,2,1,57,1
T4,3,1,200,3
T5,4,0,22,2
T6,5,0,106,1
T7,6,0,159,3
[474]
T1,0,1,90,1
T2,1,1,36,2
T3,2,0,176,1
T4,3,1,49,2
T5,4,0,200,12
T6,5,0,108,6
T7,6,0,162,2
[475]
T1,0,1,105,1
T2,1,0,160,3
T3,2,1,152,14
T4,3,1,21,2
T5,4,1,200,8
T6,5,0,70,1
T7,6,1,45,2
[476]
T1,0,0,21,2
T2,1,0,150,10
T3,2,1,200,2
T4,3,0,189,2
T5,4,1,65,2
T6,5,1,36,2
T7,6,0,78,1
[477]
T1,0,0,49,2
T2,1,1,200,8
T3,2,1,87,5
T4,3,1,116,2
T5,4,1,155,2
T6,5,0,31,2
T7,6,1,150,9
[478]
T1,0,1,50,3
T2,1,0,200,5
T3,2,1,42,2
T4,3,1,81,1
T5,4,1,168,7
T6,5,0,72,2
T7,6,1,180,2
[479]
T1,0,0,154,3
T2,1,0,200,7
T3,2,1,54,2
T4,3,1,154,2
T5,4,1,90,6
T6,5,0,28,1
T7,6,0,47,2
[480]
T1,0,1,156,2
T2,1,0,170,1
T3,2,0,200,2
T4,3,0,30,2
T5,4,0,117,2
T6,5,1,120,8
T7,6,0,49,3
[481]
T1,0,0,198,5
T2,1,1,200,3
T3,2,1,30,2
T4,3,0,80,1
T5,4,0,55,2
T6,5,1,22,1
T7,6,1,154,2
[482]
T1,0,0,182,5
T2,1,1,200,3
T3,2,0,60,2
T4,3,1,189,8
T5,4,1,63,1
T6,5,0,45,1
T7,6,0,30,2
[483]
T1,0,1,34,2
T2,1,1,21,2
T3,2,0,120,5
T4,3,0,96,4
T5,4,1,200,5
T6,5,1,180,3
T7,6,0,192,7
[484]
T1,0,0,50,4
T2,1,1,78,2
T3,2,1,21,2
T4,3,1,200,2
T5,4,0,195,2
T6,5,0,79,2
T7,6,0,195,5
[485]
T1,0,1,64,1
T2,1,1,200,2
T3,2,0,160,16
T4,3,1,196,2
T5,4,0,64,3
T6,5,1,25,2
T7,6,0,20,2
[486]
T1,0,1,42,1
T2,1,1,200,2
T3,2,1,66,2
T4,3,1,166,7
T5,4,0,165,3
T6,5,1,75,2
T7,6,0,40,2
[487]
T1,0,0,37,2
T2,1,0,132,1
T3,2,1,200,2
T4,3,1,156,7
T5,4,1,125,1
T6,5,1,50,2
T7,6,0,150,7
[488]
T1,0,0,153,1
T2,1,1,39,1
T3,2,1,85,2
T4,3,1,100,5
T5,4,1,34,2
T6,5,1,190,4
T7,6,0,200,6
[489]
T1,0,0,175,12
T2,1,1,98,2
T3,2,0,168,1
T4,3,1,30,2
T5,4,1,200,12
T6,5,0,85,2
T7,6,0,45,2
[490]
T1,0,0,200,23
T2,1,1,66,2
T3,2,1,48,2
T4,3,0,165,6
T5,4,1,25,2
T6,5,1,168,2
T7,6,1,57,2
[491]
T1,0,0,168,15
T2,1,0,200,2
T3,2,1,70,2
T4,3,0,47,1
T5,4,1,182,2
T6,5,1,21,2
T7,6,0,102,5
[492]
T1,0,0,144,5
T2,1,1,31,2
T3,2,1,105,3
T4,3,1,200,2
T5,4,0,22,2
T6,5,1,160,1
T7,6,1,165,17
[493]
T1,0,1,30,2
T2,1,1,56,5
T3,2,1,150,2
T4,3,0,163,1
T5,4,1,29,2
T6,5,1,200,9
T7,6,1,56,2
[494]
T1,0,0,200,20
T2,1,0,156,1
T3,2,1,84,2
T4,3,1,168,8
T5,4,1,22,2
T6,5,1,48,2
T7,6,1,84,1
[495]
T1,0,0,45,2
T2,1,1,170,2
T3,2,0,200,12
T4,3,1,21,2
T5,4,1,84,3
T6,5,0,77,2
T7,6,0,168,2
[496]
T1,0,1,48,1
T2,1,1,195,1
T3,2,1,90,2
T4,3,0,200,16
T5,4,1,160,5
T6,5,0,60,2
T7,6,1,21,2
[497]
T1,0,0,102,3
T2,1,1,32,2
T3,2,0,198,13
T4,3,0,200,7
T5,4,1,68,2
T6,5,1,153,8
T7,6,0,20,2
[498]
T1,0,1,148,9
T2,1,1,40,2
T3,2,0,111,2
T4,3,0,155,5
T5,4,0,62,2
T6,5,0,200,3
T7,6,0,40,1
[499]
T1,0,1,175,12
T2,1,1,105,2
T3,2,0,200,5
T4,3,1,180,3
T5,4,0,27,1
T6,5,1,20,2
T7,6,0,92,2
[500]
T1,0,1,30,2
T2,1,0,60,2
T3,2,1,45,1
T4,3,0,200,11
T5,4,0,152,1
T6,5,1,76,2
T7,6,0,147,2
