num_task_per_taskset=7
num_taskset=500
//ID,Priority,Offset,Period,Execution Time
[1]
T1,0,1,60,2
T2,1,0,107,9
T3,2,0,200,7
T4,3,1,192,1
T5,4,1,50,2
T6,5,1,28,2
T7,6,0,150,1
[2]
T1,0,1,23,2
T2,1,0,200,1
T3,2,1,182,3
T4,3,1,195,3
T5,4,1,24,2
T6,5,0,84,6
T7,6,1,117,6
[3]
T1,0,0,125,4
T2,1,1,43,2
T3,2,0,150,8
T4,3,1,182,2
T5,4,0,125,2
T6,5,1,24,2
T7,6,0,200,2
[4]
T1,0,1,36,2
T2,1,1,176,6
T3,2,0,50,2
T4,3,0,100,10
T5,4,1,200,2
T6,5,0,155,1
T7,6,1,132,1
[5]
T1,0,1,190,1
T2,1,1,45,1
T3,2,1,200,11
T4,3,0,125,3
T5,4,0,65,1
T6,5,0,39,1
T7,6,1,150,2
[6]
T1,0,1,75,1
T2,1,1,39,2
T3,2,0,175,19
T4,3,0,43,2
T5,4,0,189,2
T6,5,0,200,3
T7,6,1,54,1
[7]
T1,0,1,34,2
T2,1,1,200,10
T3,2,1,160,13
T4,3,1,44,2
T5,4,0,85,2
T6,5,0,152,1
T7,6,0,85,1
[8]
T1,0,1,88,3
T2,1,1,200,7
T3,2,1,110,2
T4,3,1,174,2
T5,4,0,26,2
T6,5,1,160,16
T7,6,0,32,2
[9]
T1,0,1,93,4
T2,1,0,200,1
T3,2,0,175,1
T4,3,0,30,1
T5,4,0,175,2
T6,5,1,84,4
T7,6,1,35,2
[10]
T1,0,0,45,2
T2,1,0,102,2
T3,2,0,34,2
T4,3,0,170,2
T5,4,0,156,4
T6,5,1,102,2
T7,6,1,200,22
[11]
T1,0,0,200,28
T2,1,0,160,2
T3,2,1,110,2
T4,3,0,29,2
T5,4,0,30,2
T6,5,1,140,2
T7,6,1,150,3
[12]
T1,0,1,154,2
T2,1,1,30,1
T3,2,1,35,1
T4,3,0,200,4
T5,4,0,75,2
T6,5,0,105,3
T7,6,1,198,10
[13]
T1,0,1,129,2
T2,1,1,50,1
T3,2,1,87,2
T4,3,0,174,6
T5,4,0,200,2
T6,5,0,174,4
T7,6,1,48,3
[14]
T1,0,0,170,10
T2,1,1,198,2
T3,2,0,44,2
T4,3,1,66,4
T5,4,1,72,3
T6,5,0,20,2
T7,6,0,200,1
[15]
T1,0,1,96,2
T2,1,1,112,4
T3,2,0,200,2
T4,3,0,190,2
T5,4,1,24,2
T6,5,0,30,2
T7,6,0,190,19
[16]
T1,0,1,176,3
T2,1,1,33,2
T3,2,1,198,13
T4,3,1,51,2
T5,4,0,110,4
T6,5,0,200,1
T7,6,1,110,3
[17]
T1,0,1,45,2
T2,1,1,33,2
T3,2,1,189,6
T4,3,1,68,3
T5,4,1,72,2
T6,5,1,170,3
T7,6,0,200,2
[18]
T1,0,0,117,2
T2,1,1,35,2
T3,2,1,100,3
T4,3,0,200,3
T5,4,1,190,6
T6,5,0,190,2
T7,6,0,25,1
[19]
T1,0,1,186,12
T2,1,0,75,2
T3,2,1,21,2
T4,3,0,200,5
T5,4,1,40,2
T6,5,1,152,2
T7,6,0,100,2
[20]
T1,0,1,36,2
T2,1,0,200,2
T3,2,1,90,4
T4,3,0,132,4
T5,4,0,153,2
T6,5,1,187,10
T7,6,0,20,2
[21]
T1,0,1,63,1
T2,1,0,200,15
T3,2,0,84,1
T4,3,0,30,2
T5,4,0,156,1
T6,5,0,40,1
T7,6,0,182,4
[22]
T1,0,1,20,2
T2,1,0,182,8
T3,2,0,150,1
T4,3,1,120,2
T5,4,0,98,3
T6,5,0,38,2
T7,6,1,200,10
[23]
T1,0,1,21,2
T2,1,0,126,6
T3,2,0,168,6
T4,3,1,200,1
T5,4,0,196,2
T6,5,0,84,2
T7,6,0,25,1
[24]
T1,0,0,75,4
T2,1,1,55,2
T3,2,0,200,5
T4,3,1,192,2
T5,4,0,180,11
T6,5,0,44,2
T7,6,0,38,2
[25]
T1,0,0,33,1
T2,1,1,28,2
T3,2,1,170,2
T4,3,0,168,4
T5,4,1,102,2
T6,5,0,200,11
T7,6,1,100,2
[26]
T1,0,1,80,3
T2,1,0,168,8
T3,2,1,37,2
T4,3,1,200,2
T5,4,1,100,2
T6,5,1,170,2
T7,6,0,51,3
[27]
T1,0,1,90,6
T2,1,1,41,2
T3,2,1,33,2
T4,3,1,180,4
T5,4,0,140,2
T6,5,0,200,7
T7,6,0,165,2
[28]
T1,0,1,150,8
T2,1,0,102,1
T3,2,1,40,2
T4,3,0,72,1
T5,4,1,42,2
T6,5,1,200,4
T7,6,0,156,1
[29]
T1,0,0,114,1
T2,1,1,160,16
T3,2,1,44,2
T4,3,1,160,2
T5,4,0,132,3
T6,5,0,200,4
T7,6,0,48,2
[30]
T1,0,0,24,1
T2,1,1,188,2
T3,2,0,43,2
T4,3,1,200,5
T5,4,1,88,2
T6,5,1,55,1
T7,6,0,180,10
[31]
T1,0,0,28,2
T2,1,1,74,2
T3,2,1,49,2
T4,3,0,148,3
T5,4,1,200,4
T6,5,0,91,8
T7,6,1,175,3
[32]
T1,0,0,200,2
T2,1,1,112,10
T3,2,0,175,2
T4,3,1,126,2
T5,4,1,33,2
T6,5,0,175,2
T7,6,1,31,2
[33]
T1,0,0,200,1
T2,1,0,182,2
T3,2,0,182,1
T4,3,1,48,4
T5,4,1,75,2
T6,5,1,80,4
T7,6,1,28,2
[34]
T1,0,0,55,2
T2,1,0,51,1
T3,2,0,200,9
T4,3,1,175,2
T5,4,0,110,2
T6,5,1,180,3
T7,6,1,36,1
[35]
T1,0,1,78,3
T2,1,0,148,1
T3,2,0,30,1
T4,3,0,150,1
T5,4,1,27,2
T6,5,1,200,7
T7,6,1,117,3
[36]
T1,0,1,30,2
T2,1,0,192,1
T3,2,1,200,16
T4,3,1,112,1
T5,4,1,174,2
T6,5,0,49,2
T7,6,1,112,2
[37]
T1,0,1,52,2
T2,1,1,165,3
T3,2,0,21,1
T4,3,0,56,2
T5,4,0,200,3
T6,5,0,66,1
T7,6,1,198,1
[38]
T1,0,1,80,2
T2,1,0,51,2
T3,2,0,30,1
T4,3,1,102,2
T5,4,0,200,15
T6,5,1,170,5
T7,6,0,165,2
[39]
T1,0,1,23,1
T2,1,1,102,1
T3,2,1,165,1
T4,3,1,48,2
T5,4,1,90,2
T6,5,0,200,7
T7,6,1,187,2
[40]
T1,0,1,165,6
T2,1,1,200,2
T3,2,1,48,1
T4,3,0,42,2
T5,4,0,196,2
T6,5,1,66,3
T7,6,0,120,8
[41]
T1,0,1,175,2
T2,1,0,185,2
T3,2,0,72,2
T4,3,1,200,2
T5,4,0,48,3
T6,5,0,21,1
T7,6,0,90,6
[42]
T1,0,1,96,2
T2,1,1,75,3
T3,2,0,29,2
T4,3,1,165,10
T5,4,1,28,1
T6,5,1,200,3
T7,6,1,174,4
[43]
T1,0,0,76,1
T2,1,1,102,1
T3,2,0,170,1
T4,3,1,200,15
T5,4,0,39,2
T6,5,0,150,11
T7,6,1,40,2
[44]
T1,0,0,162,2
T2,1,1,135,2
T3,2,1,200,10
T4,3,0,36,1
T5,4,1,160,13
T6,5,0,20,2
T7,6,1,104,2
[45]
T1,0,0,192,5
T2,1,1,51,1
T3,2,1,22,2
T4,3,1,200,12
T5,4,1,156,2
T6,5,0,132,2
T7,6,1,110,2
[46]
T1,0,0,150,3
T2,1,0,27,2
T3,2,1,102,1
T4,3,0,32,2
T5,4,0,136,9
T6,5,0,200,8
T7,6,1,184,4
[47]
T1,0,1,200,10
T2,1,1,100,1
T3,2,1,70,2
T4,3,0,190,5
T5,4,0,150,3
T6,5,1,45,2
T7,6,0,25,2
[48]
T1,0,0,175,2
T2,1,1,92,2
T3,2,1,21,2
T4,3,1,147,6
T5,4,1,200,2
T6,5,0,28,1
T7,6,1,150,9
[49]
T1,0,0,60,4
T2,1,0,189,1
T3,2,0,72,2
T4,3,1,168,4
T5,4,1,200,3
T6,5,1,35,1
T7,6,1,24,2
[50]
T1,0,1,175,2
T2,1,1,182,11
T3,2,1,115,2
T4,3,1,35,1
T5,4,1,40,2
T6,5,1,70,2
T7,6,1,200,11
[51]
T1,0,0,125,2
T2,1,0,50,1
T3,2,0,144,2
T4,3,0,196,1
T5,4,0,200,11
T6,5,0,20,1
T7,6,0,175,2
[52]
T1,0,1,185,4
T2,1,0,52,2
T3,2,1,148,1
T4,3,1,130,4
T5,4,1,28,2
T6,5,1,200,19
T7,6,0,90,1
[53]
T1,0,0,27,1
T2,1,1,184,9
T3,2,0,39,2
T4,3,0,108,2
T5,4,1,60,2
T6,5,1,160,5
T7,6,0,200,2
[54]
T1,0,0,27,1
T2,1,0,126,2
T3,2,0,174,2
T4,3,0,200,2
T5,4,0,168,2
T6,5,1,48,2
T7,6,1,75,2
[55]
T1,0,1,105,2
T2,1,1,176,9
T3,2,0,50,2
T4,3,0,176,5
T5,4,1,200,7
T6,5,0,22,2
T7,6,0,99,4
[56]
T1,0,0,192,4
T2,1,1,75,1
T3,2,0,200,9
T4,3,1,33,1
T5,4,0,154,7
T6,5,0,112,1
T7,6,1,37,2
[57]
T1,0,0,200,14
T2,1,0,160,1
T3,2,0,80,4
T4,3,0,136,2
T5,4,1,42,2
T6,5,0,187,4
T7,6,1,48,1
[58]
T1,0,1,72,2
T2,1,0,35,2
T3,2,1,133,2
T4,3,0,180,9
T5,4,0,200,7
T6,5,1,171,12
T7,6,0,30,2
[59]
T1,0,0,165,11
T2,1,0,99,1
T3,2,1,33,2
T4,3,0,72,2
T5,4,0,22,1
T6,5,0,152,3
T7,6,1,200,3
[60]
T1,0,0,21,2
T2,1,1,182,13
T3,2,1,200,2
T4,3,1,150,2
T5,4,0,31,1
T6,5,0,54,2
T7,6,0,80,2
[61]
T1,0,0,148,2
T2,1,1,96,3
T3,2,1,25,2
T4,3,0,200,9
T5,4,0,150,4
T6,5,0,60,2
T7,6,1,32,2
[62]
T1,0,1,31,2
T2,1,1,114,4
T3,2,1,150,3
T4,3,0,177,7
T5,4,0,200,15
T6,5,1,24,2
T7,6,1,114,2
[63]
T1,0,0,112,1
T2,1,0,192,1
T3,2,0,140,13
T4,3,1,150,3
T5,4,1,35,1
T6,5,1,23,2
T7,6,0,200,2
[64]
T1,0,0,200,2
T2,1,0,70,2
T3,2,1,37,2
T4,3,1,152,2
T5,4,1,25,3
T6,5,0,114,1
T7,6,0,180,4
[65]
T1,0,1,200,5
T2,1,0,27,1
T3,2,0,175,7
T4,3,1,70,2
T5,4,1,180,1
T6,5,0,104,7
T7,6,0,42,2
[66]
T1,0,1,69,5
T2,1,1,156,1
T3,2,0,150,7
T4,3,0,50,2
T5,4,1,200,7
T6,5,0,78,2
T7,6,0,37,2
[67]
T1,0,0,60,2
T2,1,0,200,2
T3,2,1,152,1
T4,3,0,80,2
T5,4,0,44,5
T6,5,1,152,3
T7,6,0,33,1
[68]
T1,0,1,21,2
T2,1,0,175,2
T3,2,0,189,13
T4,3,0,36,2
T5,4,0,126,9
T6,5,0,68,1
T7,6,1,200,2
[69]
T1,0,0,110,2
T2,1,0,196,2
T3,2,1,42,1
T4,3,0,196,1
T5,4,1,43,2
T6,5,1,200,7
T7,6,1,88,5
[70]
T1,0,1,72,1
T2,1,0,170,3
T3,2,0,200,2
T4,3,0,34,1
T5,4,1,21,2
T6,5,1,171,5
T7,6,1,120,8
[71]
T1,0,0,27,2
T2,1,0,125,2
T3,2,1,154,2
T4,3,0,110,1
T5,4,1,168,3
T6,5,0,200,18
T7,6,0,42,2
[72]
T1,0,0,116,4
T2,1,0,168,1
T3,2,0,20,2
T4,3,1,196,17
T5,4,0,75,2
T6,5,1,39,2
T7,6,0,200,1
[73]
T1,0,0,64,1
T2,1,1,200,6
T3,2,1,171,5
T4,3,0,180,8
T5,4,1,135,1
T6,5,1,53,2
T7,6,1,32,1
[74]
T1,0,1,50,2
T2,1,0,54,2
T3,2,1,91,2
T4,3,1,175,4
T5,4,1,189,2
T6,5,0,51,5
T7,6,0,200,6
[75]
T1,0,1,28,5
T2,1,0,153,2
T3,2,0,150,2
T4,3,1,136,2
T5,4,1,42,2
T6,5,0,60,2
T7,6,0,200,2
[76]
T1,0,1,66,2
T2,1,1,165,1
T3,2,1,200,8
T4,3,1,165,8
T5,4,0,20,2
T6,5,0,71,2
T7,6,1,54,1
[77]
T1,0,0,52,4
T2,1,0,150,1
T3,2,1,200,10
T4,3,1,84,2
T5,4,0,40,2
T6,5,0,182,2
T7,6,1,90,2
[78]
T1,0,0,90,2
T2,1,1,200,1
T3,2,1,54,6
T4,3,0,180,2
T5,4,1,20,2
T6,5,0,175,4
T7,6,1,29,2
[79]
T1,0,0,138,2
T2,1,1,200,4
T3,2,1,36,2
T4,3,0,150,2
T5,4,1,175,9
T6,5,0,112,5
T7,6,0,48,2
[80]
T1,0,1,48,1
T2,1,0,29,1
T3,2,0,170,6
T4,3,1,102,2
T5,4,0,120,2
T6,5,0,200,2
T7,6,1,195,7
[81]
T1,0,0,55,1
T2,1,1,48,2
T3,2,1,187,2
T4,3,0,198,5
T5,4,1,50,1
T6,5,0,200,6
T7,6,1,110,5
[82]
T1,0,0,160,8
T2,1,0,160,6
T3,2,1,121,3
T4,3,1,28,2
T5,4,1,200,2
T6,5,1,34,1
T7,6,1,112,2
[83]
T1,0,1,187,5
T2,1,0,200,20
T3,2,1,100,2
T4,3,1,50,2
T5,4,1,35,1
T6,5,1,55,2
T7,6,1,187,2
[84]
T1,0,1,196,2
T2,1,1,21,2
T3,2,1,200,6
T4,3,0,30,2
T5,4,0,160,2
T6,5,1,80,2
T7,6,1,63,6
[85]
T1,0,0,130,14
T2,1,1,150,1
T3,2,1,66,2
T4,3,0,51,2
T5,4,1,20,2
T6,5,1,200,2
T7,6,1,175,12
[86]
T1,0,1,188,8
T2,1,1,184,17
T3,2,1,50,2
T4,3,0,75,2
T5,4,0,200,2
T6,5,1,115,3
T7,6,1,24,2
[87]
T1,0,0,45,2
T2,1,1,78,1
T3,2,1,189,9
T4,3,1,65,2
T5,4,0,195,11
T6,5,0,20,2
T7,6,1,200,4
[88]
T1,0,1,62,1
T2,1,0,49,2
T3,2,0,164,1
T4,3,1,164,9
T5,4,0,41,2
T6,5,1,200,1
T7,6,1,82,2
[89]
T1,0,1,27,2
T2,1,0,25,2
T3,2,0,90,2
T4,3,1,176,16
T5,4,1,105,2
T6,5,1,200,11
T7,6,1,150,2
[90]
T1,0,1,24,2
T2,1,0,200,1
T3,2,1,94,3
T4,3,1,94,7
T5,4,0,51,1
T6,5,1,175,2
T7,6,1,160,2
[91]
T1,0,1,136,4
T2,1,1,187,2
T3,2,1,64,1
T4,3,1,25,2
T5,4,0,52,3
T6,5,1,200,1
T7,6,1,187,9
[92]
T1,0,0,76,1
T2,1,1,150,2
T3,2,0,40,2
T4,3,1,176,6
T5,4,1,114,2
T6,5,0,48,2
T7,6,1,200,12
[93]
T1,0,0,135,2
T2,1,0,200,3
T3,2,1,182,4
T4,3,0,104,7
T5,4,1,54,2
T6,5,1,40,2
T7,6,1,175,9
[94]
T1,0,1,50,2
T2,1,0,200,1
T3,2,0,35,1
T4,3,0,60,2
T5,4,1,190,12
T6,5,0,165,11
T7,6,0,55,2
[95]
T1,0,0,190,1
T2,1,0,165,7
T3,2,0,95,2
T4,3,0,20,2
T5,4,1,53,4
T6,5,0,132,2
T7,6,1,200,8
[96]
T1,0,1,200,20
T2,1,1,22,2
T3,2,0,176,2
T4,3,1,42,1
T5,4,0,71,2
T6,5,0,165,1
T7,6,0,60,2
[97]
T1,0,0,200,6
T2,1,0,150,1
T3,2,0,40,3
T4,3,1,72,2
T5,4,1,75,2
T6,5,1,36,2
T7,6,1,169,4
[98]
T1,0,1,75,3
T2,1,0,84,3
T3,2,0,180,2
T4,3,0,54,1
T5,4,0,160,6
T6,5,1,200,3
T7,6,1,42,1
[99]
T1,0,0,28,1
T2,1,1,126,2
T3,2,1,189,1
T4,3,1,138,5
T5,4,0,200,2
T6,5,0,150,10
T7,6,1,39,2
[100]
T1,0,1,120,2
T2,1,0,180,8
T3,2,0,26,1
T4,3,0,25,2
T5,4,1,200,5
T6,5,0,63,3
T7,6,0,156,3
[101]
T1,0,1,21,2
T2,1,1,96,1
T3,2,1,90,1
T4,3,1,152,1
T5,4,0,200,3
T6,5,0,150,2
T7,6,0,44,1
[102]
T1,0,0,200,16
T2,1,1,184,2
T3,2,0,51,1
T4,3,1,168,7
T5,4,1,108,1
T6,5,0,40,2
T7,6,0,63,2
[103]
T1,0,0,200,5
T2,1,0,56,2
T3,2,0,34,2
T4,3,1,53,2
T5,4,0,160,2
T6,5,0,85,4
T7,6,1,180,7
[104]
T1,0,1,175,2
T2,1,1,106,3
T3,2,0,48,2
T4,3,1,160,15
T5,4,1,112,2
T6,5,0,200,3
T7,6,0,29,2
[105]
T1,0,1,49,1
T2,1,0,98,1
T3,2,0,200,8
T4,3,0,24,1
T5,4,1,147,4
T6,5,1,198,4
T7,6,1,196,1
[106]
T1,0,1,144,2
T2,1,0,110,1
T3,2,1,176,6
T4,3,0,200,3
T5,4,0,22,2
T6,5,0,171,8
T7,6,0,33,1
[107]
T1,0,1,150,2
T2,1,1,200,7
T3,2,0,31,1
T4,3,0,170,14
T5,4,1,80,2
T6,5,0,75,2
T7,6,1,52,2
[108]
T1,0,0,130,3
T2,1,1,165,2
T3,2,1,28,1
T4,3,1,160,2
T5,4,0,200,17
T6,5,0,65,2
T7,6,1,20,2
[109]
T1,0,0,120,2
T2,1,0,200,10
T3,2,0,150,2
T4,3,0,44,1
T5,4,1,29,1
T6,5,1,184,5
T7,6,1,75,2
[110]
T1,0,0,120,1
T2,1,1,200,3
T3,2,0,184,5
T4,3,1,24,1
T5,4,1,153,2
T6,5,0,41,3
T7,6,0,68,2
[111]
T1,0,0,200,11
T2,1,1,112,2
T3,2,0,30,1
T4,3,0,35,2
T5,4,0,168,4
T6,5,0,162,9
T7,6,0,80,2
[112]
T1,0,0,168,6
T2,1,0,49,2
T3,2,1,200,10
T4,3,0,87,3
T5,4,0,35,2
T6,5,1,140,2
T7,6,1,192,5
[113]
T1,0,0,95,2
T2,1,1,80,3
T3,2,1,160,1
T4,3,1,35,2
T5,4,1,180,4
T6,5,0,44,2
T7,6,1,200,9
[114]
T1,0,1,144,1
T2,1,1,20,2
T3,2,0,198,3
T4,3,0,168,7
T5,4,0,32,1
T6,5,0,63,2
T7,6,0,200,6
[115]
T1,0,0,85,2
T2,1,0,176,2
T3,2,1,35,1
T4,3,0,200,5
T5,4,1,154,4
T6,5,1,77,1
T7,6,1,44,3
[116]
T1,0,1,35,1
T2,1,1,115,3
T3,2,0,56,2
T4,3,0,184,18
T5,4,0,152,2
T6,5,1,200,2
T7,6,0,29,2
[117]
T1,0,0,42,1
T2,1,1,152,3
T3,2,0,200,20
T4,3,0,60,2
T5,4,1,75,1
T6,5,1,183,2
T7,6,1,30,2
[118]
T1,0,1,126,2
T2,1,0,200,7
T3,2,0,140,2
T4,3,0,198,17
T5,4,0,50,2
T6,5,0,36,2
T7,6,1,165,4
[119]
T1,0,1,35,1
T2,1,1,70,3
T3,2,0,24,2
T4,3,1,160,4
T5,4,0,108,1
T6,5,0,200,13
T7,6,1,162,2
[120]
T1,0,1,144,2
T2,1,0,120,2
T3,2,1,48,4
T4,3,0,156,2
T5,4,1,152,11
T6,5,0,200,2
T7,6,1,22,2
[121]
T1,0,1,58,2
T2,1,0,200,18
T3,2,0,160,4
T4,3,0,20,2
T5,4,1,104,2
T6,5,0,174,4
T7,6,1,51,2
[122]
T1,0,1,33,2
T2,1,0,34,2
T3,2,1,200,3
T4,3,1,64,2
T5,4,0,150,13
T6,5,0,176,2
T7,6,1,75,2
[123]
T1,0,0,196,2
T2,1,1,160,2
T3,2,0,29,2
T4,3,1,128,6
T5,4,0,21,2
T6,5,0,200,13
T7,6,1,75,2
[124]
T1,0,1,195,6
T2,1,1,63,1
T3,2,0,200,3
T4,3,0,43,2
T5,4,0,175,9
T6,5,0,100,2
T7,6,0,32,1
[125]
T1,0,1,150,6
T2,1,0,195,2
T3,2,1,112,2
T4,3,1,200,3
T5,4,0,54,4
T6,5,1,46,1
T7,6,1,35,2
[126]
T1,0,1,22,2
T2,1,1,72,6
T3,2,1,183,2
T4,3,0,200,13
T5,4,1,180,2
T6,5,0,40,2
T7,6,1,81,2
[127]
T1,0,0,152,1
T2,1,0,40,2
T3,2,0,133,3
T4,3,0,33,2
T5,4,1,165,1
T6,5,0,200,9
T7,6,0,55,2
[128]
T1,0,0,85,2
T2,1,0,34,2
T3,2,0,102,2
T4,3,1,33,1
T5,4,0,200,1
T6,5,1,171,16
T7,6,1,150,2
[129]
T1,0,0,112,3
T2,1,1,168,5
T3,2,0,200,6
T4,3,1,160,7
T5,4,1,33,2
T6,5,1,34,2
T7,6,1,56,1
[130]
T1,0,0,200,9
T2,1,0,132,3
T3,2,1,67,2
T4,3,0,30,2
T5,4,1,24,2
T6,5,1,150,2
T7,6,1,150,8
[131]
T1,0,1,200,2
T2,1,0,180,8
T3,2,0,43,2
T4,3,0,60,3
T5,4,1,129,2
T6,5,0,160,3
T7,6,0,27,2
[132]
T1,0,1,195,3
T2,1,0,49,3
T3,2,0,38,2
T4,3,0,195,10
T5,4,0,95,2
T6,5,0,200,7
T7,6,1,125,1
[133]
T1,0,0,56,2
T2,1,1,64,6
T3,2,1,200,4
T4,3,0,170,2
T5,4,0,51,2
T6,5,1,192,1
T7,6,1,35,2
[134]
T1,0,1,57,2
T2,1,0,21,2
T3,2,0,47,2
T4,3,1,189,18
T5,4,0,200,2
T6,5,0,84,3
T7,6,0,152,3
[135]
T1,0,1,60,2
T2,1,1,200,6
T3,2,1,120,5
T4,3,1,23,2
T5,4,0,48,2
T6,5,0,160,6
T7,6,0,150,2
[136]
T1,0,1,200,2
T2,1,0,49,2
T3,2,0,170,8
T4,3,0,50,2
T5,4,1,80,2
T6,5,0,75,3
T7,6,1,160,3
[137]
T1,0,1,119,2
T2,1,1,144,2
T3,2,1,36,2
T4,3,0,41,2
T5,4,0,168,6
T6,5,0,170,6
T7,6,1,200,2
[138]
T1,0,1,200,16
T2,1,0,50,2
T3,2,1,186,5
T4,3,1,53,2
T5,4,0,62,2
T6,5,1,190,5
T7,6,0,100,2
[139]
T1,0,0,152,2
T2,1,0,200,7
T3,2,0,125,1
T4,3,0,190,3
T5,4,0,32,2
T6,5,1,48,1
T7,6,1,90,8
[140]
T1,0,0,21,1
T2,1,1,27,1
T3,2,0,176,1
T4,3,0,200,3
T5,4,1,120,4
T6,5,0,176,3
T7,6,1,54,2
[141]
T1,0,1,66,2
T2,1,1,20,2
T3,2,1,200,13
T4,3,0,198,10
T5,4,0,123,1
T6,5,1,198,5
T7,6,1,24,2
[142]
T1,0,1,42,2
T2,1,0,150,2
T3,2,1,143,2
T4,3,0,175,2
T5,4,0,60,1
T6,5,0,38,2
T7,6,0,200,4
[143]
T1,0,0,31,2
T2,1,0,30,2
T3,2,0,200,2
T4,3,0,176,2
T5,4,1,95,1
T6,5,0,66,2
T7,6,0,198,14
[144]
T1,0,0,100,2
T2,1,0,153,3
T3,2,1,24,2
T4,3,1,200,11
T5,4,0,115,2
T6,5,0,46,2
T7,6,1,150,10
[145]
T1,0,0,175,1
T2,1,1,38,2
T3,2,0,84,1
T4,3,0,161,2
T5,4,0,105,10
T6,5,0,200,3
T7,6,0,49,1
[146]
T1,0,0,25,3
T2,1,1,170,3
T3,2,1,38,2
T4,3,1,100,1
T5,4,0,200,4
T6,5,0,108,2
T7,6,1,150,2
[147]
T1,0,1,124,3
T2,1,1,43,2
T3,2,1,84,4
T4,3,0,50,2
T5,4,1,196,3
T6,5,1,200,4
T7,6,0,186,2
[148]
T1,0,1,50,1
T2,1,1,192,13
T3,2,0,192,2
T4,3,1,26,2
T5,4,1,75,1
T6,5,0,200,2
T7,6,1,58,2
[149]
T1,0,0,38,2
T2,1,0,200,1
T3,2,1,77,1
T4,3,1,21,2
T5,4,0,110,6
T6,5,1,150,10
T7,6,0,195,2
[150]
T1,0,0,200,4
T2,1,0,169,7
T3,2,0,60,2
T4,3,0,26,2
T5,4,0,175,1
T6,5,0,91,1
T7,6,1,25,2
[151]
T1,0,1,49,1
T2,1,1,126,1
T3,2,1,110,4
T4,3,1,198,15
T5,4,0,45,2
T6,5,0,176,1
T7,6,1,200,1
[152]
T1,0,0,189,9
T2,1,0,175,1
T3,2,0,200,2
T4,3,0,120,1
T5,4,0,20,2
T6,5,1,68,2
T7,6,0,50,3
[153]
T1,0,1,200,1
T2,1,0,182,2
T3,2,0,195,6
T4,3,1,120,2
T5,4,1,100,5
T6,5,0,22,2
T7,6,1,48,2
[154]
T1,0,1,42,2
T2,1,0,80,2
T3,2,0,175,3
T4,3,0,161,2
T5,4,0,72,4
T6,5,1,200,5
T7,6,0,30,2
[155]
T1,0,0,142,6
T2,1,1,200,2
T3,2,1,75,1
T4,3,1,38,2
T5,4,0,36,1
T6,5,1,150,6
T7,6,0,175,5
[156]
T1,0,0,26,2
T2,1,1,200,4
T3,2,0,130,2
T4,3,1,170,1
T5,4,0,21,2
T6,5,1,150,2
T7,6,1,78,3
[157]
T1,0,1,175,2
T2,1,0,150,1
T3,2,1,120,5
T4,3,1,200,9
T5,4,1,78,1
T6,5,1,40,1
T7,6,1,53,1
[158]
T1,0,0,200,16
T2,1,0,36,2
T3,2,0,174,2
T4,3,0,70,1
T5,4,0,37,2
T6,5,0,105,6
T7,6,0,175,4
[159]
T1,0,0,22,1
T2,1,1,174,4
T3,2,1,180,2
T4,3,1,200,2
T5,4,1,32,1
T6,5,0,72,2
T7,6,1,144,1
[160]
T1,0,1,200,9
T2,1,1,182,6
T3,2,0,54,1
T4,3,1,104,1
T5,4,0,35,2
T6,5,0,150,3
T7,6,1,41,1
[161]
T1,0,0,54,2
T2,1,0,152,10
T3,2,1,140,4
T4,3,1,41,2
T5,4,1,72,4
T6,5,0,171,1
T7,6,0,200,2
[162]
T1,0,1,160,2
T2,1,0,37,3
T3,2,1,198,2
T4,3,0,200,1
T5,4,1,77,1
T6,5,0,55,1
T7,6,1,42,2
[163]
T1,0,1,20,1
T2,1,1,200,4
T3,2,0,196,4
T4,3,0,93,1
T5,4,0,36,2
T6,5,1,186,3
T7,6,1,105,2
[164]
T1,0,1,20,2
T2,1,0,133,1
T3,2,1,60,2
T4,3,1,196,19
T5,4,0,200,7
T6,5,1,196,2
T7,6,0,21,2
[165]
T1,0,1,123,2
T2,1,0,75,2
T3,2,1,170,20
T4,3,1,200,6
T5,4,0,164,3
T6,5,1,24,2
T7,6,1,24,2
[166]
T1,0,0,80,2
T2,1,1,160,5
T3,2,1,144,2
T4,3,0,36,1
T5,4,1,200,3
T6,5,0,171,2
T7,6,1,32,2
[167]
T1,0,0,200,2
T2,1,0,27,2
T3,2,0,176,1
T4,3,1,150,4
T5,4,0,66,3
T6,5,1,33,1
T7,6,1,126,1
[168]
T1,0,1,160,2
T2,1,1,40,2
T3,2,0,60,2
T4,3,0,160,11
T5,4,0,104,5
T6,5,1,44,2
T7,6,0,200,6
[169]
T1,0,0,175,4
T2,1,0,196,4
T3,2,1,104,6
T4,3,1,75,2
T5,4,1,27,2
T6,5,0,200,4
T7,6,0,49,1
[170]
T1,0,1,150,7
T2,1,0,200,2
T3,2,0,42,2
T4,3,1,124,4
T5,4,1,198,3
T6,5,0,44,2
T7,6,0,124,9
[171]
T1,0,1,32,2
T2,1,1,161,1
T3,2,0,161,2
T4,3,0,32,2
T5,4,1,105,5
T6,5,1,200,17
T7,6,1,64,1
[172]
T1,0,1,46,2
T2,1,0,92,2
T3,2,0,92,1
T4,3,0,177,1
T5,4,0,200,2
T6,5,1,184,1
T7,6,1,49,3
[173]
T1,0,0,21,2
T2,1,0,164,15
T3,2,0,180,1
T4,3,1,100,1
T5,4,1,63,2
T6,5,0,34,1
T7,6,0,200,2
[174]
T1,0,0,200,13
T2,1,0,175,1
T3,2,1,180,1
T4,3,1,63,2
T5,4,1,130,10
T6,5,1,28,2
T7,6,0,42,2
[175]
T1,0,1,75,1
T2,1,0,49,2
T3,2,1,196,1
T4,3,1,140,5
T5,4,0,200,9
T6,5,0,192,6
T7,6,1,24,2
[176]
T1,0,1,105,3
T2,1,0,160,2
T3,2,1,32,1
T4,3,1,80,4
T5,4,0,31,2
T6,5,0,168,2
T7,6,1,200,3
[177]
T1,0,0,62,1
T2,1,1,196,11
T3,2,1,35,1
T4,3,1,53,2
T5,4,1,155,3
T6,5,0,200,3
T7,6,1,147,3
[178]
T1,0,1,126,2
T2,1,0,180,6
T3,2,1,80,4
T4,3,1,30,2
T5,4,1,200,7
T6,5,0,185,5
T7,6,1,33,2
[179]
T1,0,0,20,2
T2,1,1,117,7
T3,2,0,160,6
T4,3,1,126,5
T5,4,1,182,5
T6,5,1,200,2
T7,6,1,31,2
[180]
T1,0,1,32,2
T2,1,1,102,4
T3,2,1,187,2
T4,3,0,36,1
T5,4,1,85,2
T6,5,0,200,3
T7,6,1,150,1
[181]
T1,0,0,68,3
T2,1,0,165,2
T3,2,1,37,1
T4,3,0,120,1
T5,4,0,187,2
T6,5,1,200,13
T7,6,1,21,2
[182]
T1,0,1,68,3
T2,1,1,150,11
T3,2,1,124,4
T4,3,1,153,1
T5,4,0,200,2
T6,5,0,28,2
T7,6,1,34,2
[183]
T1,0,0,44,2
T2,1,0,165,2
T3,2,1,200,6
T4,3,0,20,1
T5,4,1,112,2
T6,5,1,105,4
T7,6,1,180,9
[184]
T1,0,1,200,1
T2,1,1,42,1
T3,2,0,162,1
T4,3,1,189,1
T5,4,1,90,2
T6,5,1,40,3
T7,6,0,81,2
[185]
T1,0,0,55,2
T2,1,1,49,1
T3,2,1,165,7
T4,3,0,24,1
T5,4,1,200,4
T6,5,1,150,1
T7,6,1,99,2
[186]
T1,0,0,50,2
T2,1,0,46,2
T3,2,0,140,2
T4,3,1,135,8
T5,4,0,200,17
T6,5,1,162,4
T7,6,1,189,2
[187]
T1,0,1,30,1
T2,1,0,105,2
T3,2,0,180,1
T4,3,1,168,7
T5,4,1,36,2
T6,5,1,200,9
T7,6,1,120,1
[188]
T1,0,1,44,2
T2,1,1,190,1
T3,2,1,175,2
T4,3,0,25,2
T5,4,0,145,2
T6,5,1,200,5
T7,6,1,133,2
[189]
T1,0,0,60,2
T2,1,0,200,2
T3,2,1,45,2
T4,3,0,42,3
T5,4,0,168,4
T6,5,0,92,3
T7,6,0,189,7
[190]
T1,0,0,180,1
T2,1,1,85,3
T3,2,1,200,2
T4,3,0,21,2
T5,4,1,187,2
T6,5,1,120,6
T7,6,1,48,2
[191]
T1,0,1,176,2
T2,1,1,27,2
T3,2,1,126,9
T4,3,1,22,2
T5,4,0,99,3
T6,5,0,200,4
T7,6,0,175,1
[192]
T1,0,1,33,1
T2,1,0,181,7
T3,2,0,150,2
T4,3,0,28,2
T5,4,1,200,6
T6,5,0,84,2
T7,6,1,100,4
[193]
T1,0,1,184,6
T2,1,1,96,1
T3,2,1,200,11
T4,3,0,41,1
T5,4,0,184,2
T6,5,0,96,1
T7,6,1,51,1
[194]
T1,0,0,26,2
T2,1,1,196,4
T3,2,0,200,7
T4,3,1,140,2
T5,4,0,102,1
T6,5,1,34,1
T7,6,1,175,8
[195]
T1,0,1,180,2
T2,1,0,130,2
T3,2,1,91,2
T4,3,0,182,7
T5,4,0,200,7
T6,5,1,50,2
T7,6,1,27,2
[196]
T1,0,0,200,16
T2,1,1,20,2
T3,2,0,93,2
T4,3,1,56,2
T5,4,0,186,4
T6,5,0,23,2
T7,6,0,150,2
[197]
T1,0,1,168,3
T2,1,1,39,2
T3,2,0,104,9
T4,3,1,52,1
T5,4,0,200,6
T6,5,1,91,2
T7,6,1,170,2
[198]
T1,0,1,32,2
T2,1,1,200,1
T3,2,1,180,5
T4,3,0,150,1
T5,4,0,66,1
T6,5,0,66,4
T7,6,0,46,2
[199]
T1,0,0,27,2
T2,1,0,56,4
T3,2,0,175,1
T4,3,0,23,2
T5,4,0,184,2
T6,5,0,200,13
T7,6,0,90,2
[200]
T1,0,1,45,2
T2,1,0,161,11
T3,2,0,52,1
T4,3,0,69,2
T5,4,0,200,2
T6,5,0,150,9
T7,6,1,54,2
[201]
T1,0,1,60,2
T2,1,1,200,1
T3,2,1,149,3
T4,3,0,20,2
T5,4,0,64,1
T6,5,1,192,8
T7,6,0,26,1
[202]
T1,0,0,176,2
T2,1,0,50,2
T3,2,0,70,3
T4,3,1,52,2
T5,4,1,175,2
T6,5,1,200,7
T7,6,1,126,4
[203]
T1,0,0,48,1
T2,1,1,160,1
T3,2,0,56,1
T4,3,0,154,3
T5,4,1,42,5
T6,5,0,100,2
T7,6,1,200,2
[204]
T1,0,1,200,4
T2,1,1,50,2
T3,2,1,123,3
T4,3,0,82,2
T5,4,0,24,2
T6,5,0,192,6
T7,6,1,192,18
[205]
T1,0,1,44,1
T2,1,0,66,2
T3,2,0,154,12
T4,3,1,39,1
T5,4,1,70,1
T6,5,0,182,3
T7,6,1,200,2
[206]
T1,0,1,180,4
T2,1,1,90,1
T3,2,1,200,5
T4,3,0,51,2
T5,4,1,31,1
T6,5,0,119,2
T7,6,0,170,2
[207]
T1,0,0,160,6
T2,1,1,175,9
T3,2,1,50,1
T4,3,0,117,1
T5,4,0,72,3
T6,5,1,200,2
T7,6,0,33,2
[208]
T1,0,1,67,2
T2,1,1,170,2
T3,2,0,60,1
T4,3,0,36,2
T5,4,1,200,3
T6,5,0,24,1
T7,6,1,170,2
[209]
T1,0,0,91,1
T2,1,0,156,1
T3,2,1,110,2
T4,3,1,182,2
T5,4,1,49,2
T6,5,0,42,2
T7,6,1,200,13
[210]
T1,0,1,84,2
T2,1,0,200,8
T3,2,0,175,2
T4,3,1,45,3
T5,4,1,21,2
T6,5,1,158,4
T7,6,0,70,1
[211]
T1,0,1,50,1
T2,1,1,200,2
T3,2,1,120,2
T4,3,0,66,7
T5,4,0,189,2
T6,5,1,176,2
T7,6,1,33,2
[212]
T1,0,1,183,12
T2,1,1,183,6
T3,2,0,37,2
T4,3,0,38,1
T5,4,1,200,2
T6,5,1,114,2
T7,6,0,76,2
[213]
T1,0,0,32,2
T2,1,0,72,2
T3,2,0,41,1
T4,3,1,200,6
T5,4,0,148,6
T6,5,0,185,2
T7,6,1,100,5
[214]
T1,0,0,30,1
T2,1,0,143,7
T3,2,0,165,2
T4,3,1,44,2
T5,4,0,132,8
T6,5,0,182,1
T7,6,0,200,5
[215]
T1,0,0,196,2
T2,1,0,47,1
T3,2,0,40,1
T4,3,0,200,8
T5,4,1,54,1
T6,5,1,100,2
T7,6,0,175,6
[216]
T1,0,0,34,2
T2,1,1,180,2
T3,2,1,63,3
T4,3,1,200,2
T5,4,1,49,1
T6,5,1,72,2
T7,6,0,189,8
[217]
T1,0,0,160,2
T2,1,1,37,2
T3,2,0,77,2
T4,3,0,198,12
T5,4,1,56,2
T6,5,1,200,5
T7,6,1,45,2
[218]
T1,0,0,170,6
T2,1,1,136,10
T3,2,0,46,2
T4,3,1,60,1
T5,4,0,186,3
T6,5,1,200,6
T7,6,0,36,2
[219]
T1,0,0,160,2
T2,1,0,200,1
T3,2,0,155,14
T4,3,1,50,2
T5,4,0,100,2
T6,5,1,24,1
T7,6,0,90,2
[220]
T1,0,0,165,3
T2,1,1,50,2
T3,2,0,66,4
T4,3,0,200,2
T5,4,0,39,2
T6,5,1,184,2
T7,6,1,66,2
[221]
T1,0,0,45,1
T2,1,0,200,14
T3,2,1,150,2
T4,3,1,98,1
T5,4,0,165,2
T6,5,1,31,2
T7,6,1,66,2
[222]
T1,0,0,200,2
T2,1,1,37,2
T3,2,1,96,8
T4,3,1,192,9
T5,4,0,150,3
T6,5,1,81,2
T7,6,0,45,2
[223]
T1,0,0,175,9
T2,1,1,91,2
T3,2,1,48,2
T4,3,1,200,2
T5,4,0,108,2
T6,5,1,195,19
T7,6,1,41,2
[224]
T1,0,1,32,1
T2,1,0,114,2
T3,2,1,120,7
T4,3,1,150,5
T5,4,0,39,2
T6,5,0,165,2
T7,6,1,200,2
[225]
T1,0,1,154,11
T2,1,1,88,2
T3,2,0,37,2
T4,3,1,200,2
T5,4,0,196,1
T6,5,1,20,2
T7,6,1,100,7
[226]
T1,0,1,168,2
T2,1,1,35,2
T3,2,0,189,2
T4,3,0,200,1
T5,4,0,112,7
T6,5,0,108,8
T7,6,1,36,2
[227]
T1,0,0,35,2
T2,1,0,192,6
T3,2,0,102,2
T4,3,1,28,2
T5,4,0,200,5
T6,5,0,192,14
T7,6,1,105,2
[228]
T1,0,1,120,2
T2,1,1,200,1
T3,2,0,156,7
T4,3,1,20,2
T5,4,1,147,4
T6,5,0,34,2
T7,6,1,168,16
[229]
T1,0,0,37,3
T2,1,0,164,9
T3,2,0,72,2
T4,3,1,144,1
T5,4,0,200,2
T6,5,1,192,3
T7,6,1,45,2
[230]
T1,0,1,144,2
T2,1,0,156,13
T3,2,1,144,2
T4,3,0,150,3
T5,4,1,38,1
T6,5,0,200,2
T7,6,1,53,2
[231]
T1,0,0,165,6
T2,1,1,72,2
T3,2,0,200,13
T4,3,0,64,2
T5,4,1,43,2
T6,5,0,24,1
T7,6,1,192,5
[232]
T1,0,0,150,2
T2,1,1,58,3
T3,2,0,174,3
T4,3,1,200,3
T5,4,0,28,1
T6,5,1,20,2
T7,6,0,60,2
[233]
T1,0,1,52,2
T2,1,0,70,2
T3,2,0,165,7
T4,3,0,150,1
T5,4,1,200,8
T6,5,0,54,2
T7,6,1,126,9
[234]
T1,0,0,28,1
T2,1,0,80,2
T3,2,1,150,2
T4,3,0,24,2
T5,4,1,88,2
T6,5,1,196,19
T7,6,0,200,3
[235]
T1,0,1,200,2
T2,1,0,147,4
T3,2,1,175,2
T4,3,0,48,2
T5,4,1,55,2
T6,5,1,168,9
T7,6,1,26,1
[236]
T1,0,1,95,3
T2,1,0,132,2
T3,2,1,45,2
T4,3,0,200,13
T5,4,0,198,1
T6,5,0,29,2
T7,6,1,150,8
[237]
T1,0,0,200,2
T2,1,1,62,1
T3,2,0,42,1
T4,3,1,140,2
T5,4,0,53,1
T6,5,0,168,8
T7,6,0,150,8
[238]
T1,0,1,45,2
T2,1,1,100,11
T3,2,0,152,1
T4,3,0,42,1
T5,4,0,200,2
T6,5,1,152,3
T7,6,0,104,2
[239]
T1,0,0,111,4
T2,1,1,51,2
T3,2,0,200,2
T4,3,1,37,1
T5,4,0,150,13
T6,5,0,150,2
T7,6,0,117,1
[240]
T1,0,1,54,2
T2,1,0,80,2
T3,2,1,147,2
T4,3,0,150,1
T5,4,1,35,1
T6,5,1,200,12
T7,6,1,55,2
[241]
T1,0,0,100,3
T2,1,0,200,1
T3,2,1,50,1
T4,3,0,159,1
T5,4,0,168,2
T6,5,1,24,2
T7,6,0,70,5
[242]
T1,0,1,36,1
T2,1,1,186,2
T3,2,0,140,3
T4,3,1,200,2
T5,4,1,150,6
T6,5,1,34,1
T7,6,0,60,2
[243]
T1,0,0,169,8
T2,1,1,175,8
T3,2,0,200,2
T4,3,0,25,2
T5,4,0,80,2
T6,5,0,70,4
T7,6,0,52,2
[244]
T1,0,1,42,1
T2,1,0,100,2
T3,2,0,200,7
T4,3,0,180,10
T5,4,1,165,2
T6,5,0,20,1
T7,6,1,140,2
[245]
T1,0,1,36,2
T2,1,0,164,14
T3,2,0,150,1
T4,3,0,96,1
T5,4,1,48,2
T6,5,0,82,2
T7,6,1,200,3
[246]
T1,0,0,140,2
T2,1,0,37,1
T3,2,1,33,2
T4,3,0,165,4
T5,4,1,200,7
T6,5,1,182,1
T7,6,0,66,2
[247]
T1,0,0,200,1
T2,1,0,110,2
T3,2,0,132,6
T4,3,0,24,2
T5,4,0,165,7
T6,5,0,44,2
T7,6,0,171,11
[248]
T1,0,1,78,6
T2,1,0,180,1
T3,2,1,44,1
T4,3,1,90,1
T5,4,0,164,2
T6,5,1,52,1
T7,6,1,200,2
[249]
T1,0,1,180,1
T2,1,0,120,4
T3,2,1,53,2
T4,3,0,200,6
T5,4,1,60,2
T6,5,1,34,1
T7,6,0,152,11
[250]
T1,0,1,200,13
T2,1,1,168,7
T3,2,0,108,4
T4,3,1,105,3
T5,4,0,36,2
T6,5,1,29,2
T7,6,1,182,1
[251]
T1,0,0,140,2
T2,1,0,176,1
T3,2,1,25,2
T4,3,0,150,6
T5,4,0,135,1
T6,5,0,53,2
T7,6,1,200,16
[252]
T1,0,0,36,1
T2,1,1,150,3
T3,2,0,200,1
T4,3,1,120,11
T5,4,0,138,2
T6,5,1,184,2
T7,6,1,33,2
[253]
T1,0,1,198,2
T2,1,1,24,2
T3,2,0,165,2
T4,3,1,200,17
T5,4,1,135,2
T6,5,1,44,1
T7,6,0,112,7
[254]
T1,0,1,44,2
T2,1,0,35,2
T3,2,0,168,2
T4,3,0,125,1
T5,4,0,200,2
T6,5,1,184,9
T7,6,1,80,2
[255]
T1,0,1,27,1
T2,1,0,190,4
T3,2,1,154,2
T4,3,0,33,2
T5,4,0,57,1
T6,5,0,200,6
T7,6,1,140,3
[256]
T1,0,0,200,4
T2,1,0,49,2
T3,2,0,144,3
T4,3,1,39,1
T5,4,0,175,1
T6,5,1,56,3
T7,6,0,168,2
[257]
T1,0,0,23,2
T2,1,1,162,9
T3,2,1,92,2
T4,3,1,108,1
T5,4,0,150,2
T6,5,0,200,4
T7,6,0,50,3
[258]
T1,0,0,39,1
T2,1,1,200,20
T3,2,1,30,2
T4,3,1,55,2
T5,4,1,156,2
T6,5,0,108,2
T7,6,1,165,7
[259]
T1,0,0,177,7
T2,1,0,85,2
T3,2,0,44,1
T4,3,1,136,3
T5,4,0,25,2
T6,5,1,200,6
T7,6,0,177,8
[260]
T1,0,1,200,12
T2,1,1,125,5
T3,2,0,170,2
T4,3,1,44,2
T5,4,0,100,3
T6,5,1,150,6
T7,6,1,47,2
[261]
T1,0,1,72,3
T2,1,1,64,2
T3,2,0,200,1
T4,3,0,49,2
T5,4,1,160,3
T6,5,0,150,10
T7,6,0,39,2
[262]
T1,0,0,40,2
T2,1,0,75,2
T3,2,0,200,2
T4,3,0,154,8
T5,4,1,37,2
T6,5,1,198,2
T7,6,0,132,7
[263]
T1,0,1,156,4
T2,1,1,156,1
T3,2,1,35,2
T4,3,0,135,3
T5,4,0,200,9
T6,5,1,72,2
T7,6,0,24,1
[264]
T1,0,0,180,2
T2,1,0,100,1
T3,2,1,26,2
T4,3,0,189,10
T5,4,0,36,1
T6,5,0,75,5
T7,6,0,200,2
[265]
T1,0,1,40,2
T2,1,1,200,3
T3,2,0,96,2
T4,3,1,135,2
T5,4,1,192,5
T6,5,0,42,2
T7,6,1,195,25
[266]
T1,0,1,60,2
T2,1,0,45,1
T3,2,0,196,1
T4,3,0,175,9
T5,4,0,24,1
T6,5,1,100,2
T7,6,0,200,7
[267]
T1,0,1,45,1
T2,1,1,80,2
T3,2,0,180,3
T4,3,1,160,3
T5,4,0,37,2
T6,5,0,200,4
T7,6,1,126,10
[268]
T1,0,0,182,6
T2,1,0,41,2
T3,2,0,200,19
T4,3,0,154,1
T5,4,1,132,2
T6,5,1,75,2
T7,6,1,26,2
[269]
T1,0,1,45,3
T2,1,0,150,4
T3,2,0,52,2
T4,3,1,200,2
T5,4,1,160,1
T6,5,0,127,2
T7,6,0,60,3
[270]
T1,0,1,168,1
T2,1,1,25,2
T3,2,0,120,1
T4,3,1,182,9
T5,4,1,200,6
T6,5,0,20,2
T7,6,0,110,5
[271]
T1,0,1,100,2
T2,1,1,28,2
T3,2,1,180,6
T4,3,0,63,4
T5,4,0,30,2
T6,5,1,200,9
T7,6,1,176,2
[272]
T1,0,0,122,2
T2,1,0,38,2
T3,2,1,200,9
T4,3,1,183,3
T5,4,1,25,1
T6,5,1,88,2
T7,6,1,150,1
[273]
T1,0,0,38,1
T2,1,1,200,8
T3,2,0,65,2
T4,3,1,48,1
T5,4,1,64,1
T6,5,0,156,4
T7,6,0,182,3
[274]
T1,0,1,42,2
T2,1,1,189,1
T3,2,1,195,1
T4,3,1,126,9
T5,4,0,200,8
T6,5,1,84,2
T7,6,1,20,2
[275]
T1,0,0,24,2
T2,1,0,175,2
T3,2,0,150,2
T4,3,0,28,1
T5,4,0,103,3
T6,5,0,200,1
T7,6,0,100,10
[276]
T1,0,0,132,2
T2,1,1,198,4
T3,2,0,100,2
T4,3,1,200,6
T5,4,1,36,2
T6,5,0,28,2
T7,6,0,165,6
[277]
T1,0,1,154,1
T2,1,1,54,2
T3,2,1,200,6
T4,3,1,24,2
T5,4,0,35,2
T6,5,0,77,5
T7,6,1,150,8
[278]
T1,0,0,160,1
T2,1,1,200,1
T3,2,1,60,2
T4,3,1,30,2
T5,4,0,192,2
T6,5,1,53,1
T7,6,1,98,4
[279]
T1,0,1,200,7
T2,1,0,182,1
T3,2,1,168,6
T4,3,0,54,2
T5,4,1,52,2
T6,5,1,119,3
T7,6,1,120,7
[280]
T1,0,0,24,2
T2,1,1,200,10
T3,2,1,75,1
T4,3,0,187,7
T5,4,0,99,2
T6,5,0,198,6
T7,6,0,44,1
[281]
T1,0,1,20,2
T2,1,0,60,2
T3,2,1,200,6
T4,3,0,39,1
T5,4,1,63,4
T6,5,1,175,2
T7,6,1,189,2
[282]
T1,0,1,42,1
T2,1,0,200,5
T3,2,0,35,2
T4,3,1,84,2
T5,4,0,175,12
T6,5,1,63,1
T7,6,0,159,2
[283]
T1,0,1,100,2
T2,1,1,176,14
T3,2,0,60,2
T4,3,0,51,1
T5,4,1,154,5
T6,5,1,45,2
T7,6,0,200,2
[284]
T1,0,1,160,5
T2,1,1,46,1
T3,2,0,35,1
T4,3,0,84,2
T5,4,1,200,8
T6,5,0,156,1
T7,6,1,117,2
[285]
T1,0,0,100,2
T2,1,0,189,2
T3,2,0,36,1
T4,3,1,171,17
T5,4,1,35,2
T6,5,1,200,4
T7,6,0,126,2
[286]
T1,0,0,170,7
T2,1,0,48,5
T3,2,0,200,2
T4,3,1,144,1
T5,4,1,45,2
T6,5,0,120,1
T7,6,0,168,3
[287]
T1,0,0,200,2
T2,1,1,37,2
T3,2,1,100,2
T4,3,1,40,2
T5,4,0,192,17
T6,5,1,191,4
T7,6,1,100,4
[288]
T1,0,1,200,8
T2,1,1,46,1
T3,2,0,180,10
T4,3,1,160,2
T5,4,1,54,2
T6,5,0,112,1
T7,6,1,35,2
[289]
T1,0,1,200,2
T2,1,0,72,4
T3,2,0,160,1
T4,3,0,135,5
T5,4,0,160,6
T6,5,0,39,1
T7,6,0,51,2
[290]
T1,0,0,200,2
T2,1,0,77,2
T3,2,0,46,2
T4,3,0,189,8
T5,4,1,60,2
T6,5,1,180,2
T7,6,1,21,2
[291]
T1,0,1,40,2
T2,1,1,176,3
T3,2,0,150,1
T4,3,1,200,8
T5,4,0,118,6
T6,5,0,132,7
T7,6,0,34,2
[292]
T1,0,1,54,1
T2,1,0,200,17
T3,2,0,156,2
T4,3,1,162,2
T5,4,0,120,2
T6,5,0,32,2
T7,6,1,81,4
[293]
T1,0,1,180,2
T2,1,0,36,2
T3,2,1,124,1
T4,3,1,32,2
T5,4,1,120,2
T6,5,1,160,2
T7,6,1,200,8
[294]
T1,0,1,60,2
T2,1,1,27,2
T3,2,0,200,14
T4,3,0,168,3
T5,4,1,41,2
T6,5,0,98,2
T7,6,1,189,8
[295]
T1,0,1,150,4
T2,1,1,117,2
T3,2,0,160,7
T4,3,1,26,2
T5,4,1,200,3
T6,5,0,40,3
T7,6,1,91,2
[296]
T1,0,0,200,2
T2,1,1,152,10
T3,2,1,33,2
T4,3,1,24,2
T5,4,1,105,1
T6,5,1,105,9
T7,6,0,168,2
[297]
T1,0,1,168,2
T2,1,1,28,2
T3,2,0,136,8
T4,3,1,104,8
T5,4,1,34,2
T6,5,0,200,2
T7,6,1,170,4
[298]
T1,0,0,198,14
T2,1,1,200,2
T3,2,0,51,2
T4,3,1,168,4
T5,4,0,90,2
T6,5,0,32,2
T7,6,0,112,3
[299]
T1,0,0,165,6
T2,1,0,55,2
T3,2,1,40,2
T4,3,1,88,2
T5,4,1,200,7
T6,5,1,175,4
T7,6,1,51,4
[300]
T1,0,1,69,3
T2,1,0,188,2
T3,2,1,30,1
T4,3,1,188,8
T5,4,0,47,2
T6,5,1,200,3
T7,6,1,94,1
[301]
T1,0,1,170,5
T2,1,1,200,2
T3,2,1,100,8
T4,3,1,41,2
T5,4,1,132,2
T6,5,0,176,3
T7,6,1,40,1
[302]
T1,0,1,200,16
T2,1,1,168,4
T3,2,0,72,2
T4,3,0,154,5
T5,4,0,29,2
T6,5,0,35,2
T7,6,0,140,3
[303]
T1,0,1,84,2
T2,1,1,155,2
T3,2,0,175,2
T4,3,0,33,3
T5,4,0,200,1
T6,5,0,21,2
T7,6,0,125,1
[304]
T1,0,0,66,2
T2,1,0,63,2
T3,2,1,200,4
T4,3,0,42,2
T5,4,1,176,3
T6,5,0,41,2
T7,6,1,165,14
[305]
T1,0,1,25,1
T2,1,1,72,2
T3,2,0,200,8
T4,3,0,180,1
T5,4,1,88,2
T6,5,0,185,3
T7,6,0,21,2
[306]
T1,0,0,200,5
T2,1,0,42,1
T3,2,0,22,2
T4,3,0,188,3
T5,4,0,56,3
T6,5,0,84,2
T7,6,1,168,7
[307]
T1,0,0,200,6
T2,1,0,130,4
T3,2,1,168,5
T4,3,0,150,2
T5,4,1,45,2
T6,5,1,26,1
T7,6,1,90,2
[308]
T1,0,0,160,1
T2,1,0,96,3
T3,2,1,159,6
T4,3,0,128,10
T5,4,0,31,2
T6,5,0,200,1
T7,6,0,32,2
[309]
T1,0,1,42,3
T2,1,0,60,1
T3,2,1,65,1
T4,3,0,189,4
T5,4,0,200,4
T6,5,1,180,1
T7,6,1,24,2
[310]
T1,0,1,200,11
T2,1,1,150,6
T3,2,0,119,2
T4,3,0,48,2
T5,4,0,192,4
T6,5,1,45,2
T7,6,1,120,6
[311]
T1,0,1,24,1
T2,1,1,200,2
T3,2,1,80,2
T4,3,1,172,7
T5,4,1,150,2
T6,5,0,54,1
T7,6,0,72,2
[312]
T1,0,1,200,16
T2,1,0,40,2
T3,2,1,150,4
T4,3,0,78,2
T5,4,0,26,2
T6,5,0,174,5
T7,6,1,78,2
[313]
T1,0,1,171,6
T2,1,0,99,2
T3,2,1,41,1
T4,3,0,25,2
T5,4,1,176,7
T6,5,0,132,6
T7,6,1,200,6
[314]
T1,0,1,200,10
T2,1,0,90,3
T3,2,1,44,2
T4,3,0,189,4
T5,4,0,180,4
T6,5,1,95,2
T7,6,1,38,1
[315]
T1,0,0,156,6
T2,1,1,156,2
T3,2,0,39,2
T4,3,1,129,10
T5,4,0,129,4
T6,5,1,53,2
T7,6,0,200,5
[316]
T1,0,1,175,2
T2,1,1,32,2
T3,2,1,140,1
T4,3,1,88,5
T5,4,1,21,2
T6,5,1,150,2
T7,6,0,200,13
[317]
T1,0,1,180,5
T2,1,0,145,5
T3,2,0,46,2
T4,3,0,180,7
T5,4,0,200,2
T6,5,1,20,2
T7,6,0,66,1
[318]
T1,0,0,176,8
T2,1,1,36,2
T3,2,1,180,13
T4,3,1,25,2
T5,4,1,136,2
T6,5,1,200,4
T7,6,0,85,2
[319]
T1,0,1,170,8
T2,1,1,108,2
T3,2,0,54,1
T4,3,0,45,2
T5,4,1,175,7
T6,5,1,72,1
T7,6,0,200,5
[320]
T1,0,1,183,2
T2,1,1,122,1
T3,2,0,40,1
T4,3,0,200,3
T5,4,1,150,6
T6,5,1,95,2
T7,6,1,47,1
[321]
T1,0,0,175,4
T2,1,1,200,2
T3,2,0,110,1
T4,3,1,24,1
T5,4,1,100,2
T6,5,1,27,2
T7,6,1,150,9
[322]
T1,0,1,48,3
T2,1,0,110,1
T3,2,0,200,3
T4,3,1,150,1
T5,4,1,38,1
T6,5,0,175,1
T7,6,1,125,6
[323]
T1,0,1,44,2
T2,1,1,35,2
T3,2,0,175,3
T4,3,1,200,8
T5,4,0,154,2
T6,5,1,85,1
T7,6,0,84,4
[324]
T1,0,0,200,3
T2,1,0,20,2
T3,2,1,180,14
T4,3,0,27,2
T5,4,0,72,2
T6,5,1,189,8
T7,6,1,81,2
[325]
T1,0,1,150,2
T2,1,1,50,4
T3,2,0,162,11
T4,3,1,111,2
T5,4,0,75,2
T6,5,1,200,3
T7,6,1,30,2
[326]
T1,0,0,100,6
T2,1,0,128,2
T3,2,1,200,1
T4,3,0,198,4
T5,4,1,160,2
T6,5,1,24,2
T7,6,0,48,2
[327]
T1,0,1,200,7
T2,1,0,120,2
T3,2,0,196,4
T4,3,1,48,2
T5,4,1,70,4
T6,5,1,21,2
T7,6,0,174,8
[328]
T1,0,1,50,2
T2,1,1,133,9
T3,2,1,200,2
T4,3,0,190,2
T5,4,0,190,6
T6,5,0,119,7
T7,6,1,24,2
[329]
T1,0,0,56,2
T2,1,0,38,3
T3,2,0,50,2
T4,3,0,200,16
T5,4,0,112,1
T6,5,1,189,2
T7,6,0,165,2
[330]
T1,0,0,32,2
T2,1,0,175,2
T3,2,0,200,3
T4,3,0,195,8
T5,4,0,84,2
T6,5,0,80,2
T7,6,0,44,2
[331]
T1,0,1,150,12
T2,1,0,49,2
T3,2,0,200,2
T4,3,1,49,1
T5,4,0,150,4
T6,5,0,78,1
T7,6,0,56,2
[332]
T1,0,1,200,9
T2,1,0,144,4
T3,2,0,192,11
T4,3,1,45,1
T5,4,1,100,1
T6,5,1,51,2
T7,6,0,162,1
[333]
T1,0,0,64,2
T2,1,0,26,1
T3,2,0,150,3
T4,3,1,200,2
T5,4,1,50,2
T6,5,0,136,10
T7,6,0,150,2
[334]
T1,0,1,168,2
T2,1,0,200,9
T3,2,0,54,2
T4,3,0,136,6
T5,4,1,46,2
T6,5,1,168,1
T7,6,1,30,2
[335]
T1,0,1,200,5
T2,1,1,29,2
T3,2,0,168,16
T4,3,1,156,2
T5,4,1,120,3
T6,5,1,21,2
T7,6,1,117,3
[336]
T1,0,0,186,1
T2,1,0,200,14
T3,2,1,60,3
T4,3,1,42,1
T5,4,1,48,2
T6,5,0,76,1
T7,6,0,152,2
[337]
T1,0,1,69,6
T2,1,1,200,3
T3,2,0,138,1
T4,3,0,184,1
T5,4,0,28,2
T6,5,1,160,8
T7,6,1,45,2
[338]
T1,0,1,99,2
T2,1,0,24,2
T3,2,1,180,2
T4,3,1,121,5
T5,4,1,200,10
T6,5,1,24,2
T7,6,1,180,2
[339]
T1,0,0,200,5
T2,1,0,88,2
T3,2,0,182,7
T4,3,0,165,10
T5,4,0,49,2
T6,5,0,40,1
T7,6,1,56,1
[340]
T1,0,1,200,13
T2,1,0,180,1
T3,2,0,84,4
T4,3,1,50,2
T5,4,1,43,2
T6,5,1,70,1
T7,6,1,164,3
[341]
T1,0,0,108,2
T2,1,0,64,2
T3,2,0,20,2
T4,3,0,189,7
T5,4,1,200,1
T6,5,1,189,19
T7,6,1,35,2
[342]
T1,0,1,155,6
T2,1,0,24,1
T3,2,0,25,1
T4,3,0,60,2
T5,4,0,138,1
T6,5,0,200,2
T7,6,0,150,2
[343]
T1,0,1,200,9
T2,1,1,170,2
T3,2,1,75,1
T4,3,1,162,8
T5,4,0,47,2
T6,5,1,20,1
T7,6,0,100,2
[344]
T1,0,0,150,6
T2,1,0,200,2
T3,2,0,150,2
T4,3,0,32,2
T5,4,1,117,1
T6,5,0,75,3
T7,6,1,27,1
[345]
T1,0,1,200,1
T2,1,1,195,8
T3,2,0,43,1
T4,3,1,80,5
T5,4,1,60,2
T6,5,0,177,1
T7,6,1,50,1
[346]
T1,0,0,22,2
T2,1,0,200,12
T3,2,0,76,2
T4,3,0,96,1
T5,4,0,165,3
T6,5,0,46,2
T7,6,1,152,7
[347]
T1,0,0,48,2
T2,1,0,200,5
T3,2,0,21,1
T4,3,0,104,3
T5,4,0,102,2
T6,5,1,195,1
T7,6,1,182,5
[348]
T1,0,1,57,3
T2,1,1,80,2
T3,2,1,44,2
T4,3,1,20,2
T5,4,1,200,2
T6,5,0,165,5
T7,6,1,198,1
[349]
T1,0,1,22,2
T2,1,0,165,8
T3,2,1,66,1
T4,3,1,160,5
T5,4,1,33,2
T6,5,1,200,5
T7,6,0,111,2
[350]
T1,0,0,180,8
T2,1,0,45,2
T3,2,0,168,3
T4,3,1,140,4
T5,4,1,200,16
T6,5,1,104,2
T7,6,0,48,2
[351]
T1,0,0,154,1
T2,1,0,200,4
T3,2,1,40,2
T4,3,1,29,2
T5,4,1,75,1
T6,5,1,144,10
T7,6,0,176,2
[352]
T1,0,1,93,2
T2,1,1,175,3
T3,2,0,35,2
T4,3,0,180,4
T5,4,0,35,2
T6,5,0,120,5
T7,6,1,200,6
[353]
T1,0,0,180,4
T2,1,0,45,2
T3,2,1,134,8
T4,3,1,175,2
T5,4,0,37,1
T6,5,1,200,1
T7,6,1,140,6
[354]
T1,0,1,39,2
T2,1,0,200,7
T3,2,0,180,1
T4,3,0,180,2
T5,4,1,50,2
T6,5,0,72,2
T7,6,1,72,2
[355]
T1,0,1,150,7
T2,1,0,195,12
T3,2,1,26,2
T4,3,1,200,3
T5,4,0,29,2
T6,5,1,120,2
T7,6,1,88,2
[356]
T1,0,0,176,5
T2,1,1,144,10
T3,2,0,200,2
T4,3,0,33,2
T5,4,0,168,4
T6,5,1,60,2
T7,6,1,26,2
[357]
T1,0,0,65,1
T2,1,0,195,3
T3,2,1,63,1
T4,3,1,40,1
T5,4,0,200,2
T6,5,1,50,4
T7,6,1,160,3
[358]
T1,0,1,138,5
T2,1,0,40,2
T3,2,0,120,2
T4,3,0,200,1
T5,4,1,28,2
T6,5,0,184,9
T7,6,1,152,1
[359]
T1,0,0,21,2
T2,1,0,92,2
T3,2,0,150,14
T4,3,1,42,2
T5,4,1,168,8
T6,5,0,200,2
T7,6,1,80,2
[360]
T1,0,1,105,4
T2,1,1,152,1
T3,2,0,110,2
T4,3,1,50,2
T5,4,1,150,13
T6,5,1,200,5
T7,6,1,40,2
[361]
T1,0,0,75,1
T2,1,0,176,2
T3,2,1,200,5
T4,3,1,21,2
T5,4,1,188,1
T6,5,0,30,2
T7,6,1,80,3
[362]
T1,0,0,126,2
T2,1,0,90,7
T3,2,0,27,2
T4,3,1,200,2
T5,4,0,27,2
T6,5,1,175,2
T7,6,0,154,7
[363]
T1,0,1,104,2
T2,1,1,36,1
T3,2,1,55,2
T4,3,0,160,10
T5,4,0,25,2
T6,5,1,150,8
T7,6,1,200,2
[364]
T1,0,0,96,6
T2,1,0,200,2
T3,2,0,180,9
T4,3,0,170,3
T5,4,1,30,2
T6,5,1,54,1
T7,6,1,47,2
[365]
T1,0,1,190,11
T2,1,0,24,2
T3,2,1,22,2
T4,3,0,200,11
T5,4,0,99,1
T6,5,1,190,3
T7,6,0,75,2
[366]
T1,0,1,61,2
T2,1,0,200,5
T3,2,1,100,2
T4,3,1,183,17
T5,4,0,150,1
T6,5,0,27,2
T7,6,1,22,1
[367]
T1,0,0,25,2
T2,1,0,80,8
T3,2,0,43,2
T4,3,0,56,2
T5,4,1,186,2
T6,5,1,200,10
T7,6,0,155,1
[368]
T1,0,0,49,1
T2,1,1,50,2
T3,2,1,75,1
T4,3,1,85,2
T5,4,1,187,11
T6,5,0,198,6
T7,6,1,200,11
[369]
T1,0,0,132,1
T2,1,1,32,1
T3,2,1,110,4
T4,3,0,174,3
T5,4,0,200,2
T6,5,1,165,6
T7,6,0,47,2
[370]
T1,0,1,29,1
T2,1,0,170,5
T3,2,1,200,1
T4,3,0,195,2
T5,4,1,102,1
T6,5,1,96,1
T7,6,1,20,1
[371]
T1,0,1,44,2
T2,1,1,200,4
T3,2,0,28,2
T4,3,1,176,1
T5,4,1,135,2
T6,5,1,110,3
T7,6,1,176,1
[372]
T1,0,1,80,3
T2,1,1,35,1
T3,2,0,138,2
T4,3,0,168,4
T5,4,0,180,10
T6,5,1,200,1
T7,6,1,50,1
[373]
T1,0,1,150,3
T2,1,0,84,2
T3,2,0,164,3
T4,3,0,63,4
T5,4,0,22,2
T6,5,1,200,14
T7,6,0,28,2
[374]
T1,0,0,160,1
T2,1,1,38,2
T3,2,1,176,1
T4,3,1,108,1
T5,4,0,200,9
T6,5,1,81,1
T7,6,1,50,5
[375]
T1,0,0,150,3
T2,1,1,24,2
T3,2,0,200,12
T4,3,0,38,1
T5,4,1,190,2
T6,5,1,140,6
T7,6,0,88,2
[376]
T1,0,1,21,2
T2,1,0,47,2
T3,2,0,148,2
T4,3,1,56,2
T5,4,0,150,2
T6,5,1,200,2
T7,6,1,120,10
[377]
T1,0,0,200,5
T2,1,1,108,6
T3,2,1,148,4
T4,3,0,42,2
T5,4,1,185,4
T6,5,1,81,2
T7,6,1,50,2
[378]
T1,0,0,153,4
T2,1,0,40,1
T3,2,1,90,1
T4,3,1,58,2
T5,4,0,25,1
T6,5,1,200,8
T7,6,0,153,1
[379]
T1,0,1,152,3
T2,1,0,200,8
T3,2,0,36,2
T4,3,0,171,5
T5,4,0,57,2
T6,5,1,39,3
T7,6,0,100,2
[380]
T1,0,1,200,9
T2,1,1,35,2
T3,2,0,184,7
T4,3,1,184,1
T5,4,1,56,1
T6,5,1,110,3
T7,6,1,40,2
[381]
T1,0,1,159,6
T2,1,1,35,1
T3,2,1,200,9
T4,3,1,105,2
T5,4,0,180,5
T6,5,0,60,2
T7,6,0,40,2
[382]
T1,0,0,27,2
T2,1,1,175,10
T3,2,0,200,2
T4,3,1,48,2
T5,4,0,162,2
T6,5,1,108,5
T7,6,1,54,1
[383]
T1,0,0,165,2
T2,1,0,82,2
T3,2,1,200,2
T4,3,0,180,23
T5,4,1,50,2
T6,5,0,55,2
T7,6,1,54,2
[384]
T1,0,1,39,2
T2,1,1,192,11
T3,2,0,40,1
T4,3,0,64,1
T5,4,0,200,10
T6,5,1,150,2
T7,6,0,106,2
[385]
T1,0,1,25,2
T2,1,1,120,1
T3,2,1,180,3
T4,3,1,24,1
T5,4,1,105,3
T6,5,1,200,6
T7,6,1,186,6
[386]
T1,0,1,176,3
T2,1,0,33,2
T3,2,1,36,1
T4,3,1,132,2
T5,4,1,200,7
T6,5,1,84,3
T7,6,1,176,7
[387]
T1,0,1,200,2
T2,1,0,50,1
T3,2,1,114,7
T4,3,1,165,1
T5,4,0,165,2
T6,5,0,46,2
T7,6,1,132,2
[388]
T1,0,1,195,7
T2,1,1,72,2
T3,2,1,160,8
T4,3,0,28,2
T5,4,1,26,1
T6,5,1,144,3
T7,6,1,200,3
[389]
T1,0,0,150,3
T2,1,1,108,2
T3,2,0,200,7
T4,3,1,178,1
T5,4,0,72,3
T6,5,1,45,2
T7,6,0,52,3
[390]
T1,0,1,88,2
T2,1,0,176,1
T3,2,0,200,7
T4,3,1,195,3
T5,4,0,96,4
T6,5,1,51,2
T7,6,1,20,2
[391]
T1,0,1,50,2
T2,1,0,198,2
T3,2,1,72,2
T4,3,1,42,1
T5,4,0,117,9
T6,5,1,156,2
T7,6,1,200,3
[392]
T1,0,0,60,2
T2,1,0,200,5
T3,2,0,168,3
T4,3,0,85,2
T5,4,1,28,2
T6,5,1,34,2
T7,6,0,180,11
[393]
T1,0,0,63,1
T2,1,1,153,2
T3,2,1,112,2
T4,3,0,200,1
T5,4,1,23,1
T6,5,1,153,2
T7,6,1,36,2
[394]
T1,0,1,125,2
T2,1,0,200,3
T3,2,1,22,1
T4,3,0,64,1
T5,4,0,22,1
T6,5,1,176,2
T7,6,0,175,3
[395]
T1,0,1,141,12
T2,1,1,160,2
T3,2,0,32,2
T4,3,0,141,3
T5,4,0,49,1
T6,5,1,200,2
T7,6,0,180,6
[396]
T1,0,1,135,1
T2,1,0,168,2
T3,2,1,162,8
T4,3,1,28,1
T5,4,0,100,1
T6,5,1,51,2
T7,6,0,200,12
[397]
T1,0,1,40,2
T2,1,0,175,20
T3,2,1,84,1
T4,3,0,200,1
T5,4,0,150,4
T6,5,0,24,2
T7,6,0,146,2
[398]
T1,0,1,51,4
T2,1,0,75,1
T3,2,1,170,1
T4,3,1,200,11
T5,4,0,160,1
T6,5,1,44,2
T7,6,1,85,2
[399]
T1,0,0,154,5
T2,1,1,57,2
T3,2,1,175,2
T4,3,1,200,4
T5,4,1,36,1
T6,5,0,25,2
T7,6,1,70,2
[400]
T1,0,0,90,1
T2,1,1,196,4
T3,2,1,200,21
T4,3,1,30,2
T5,4,0,196,4
T6,5,1,75,2
T7,6,0,26,2
[401]
T1,0,1,170,2
T2,1,1,90,3
T3,2,0,132,2
T4,3,1,51,1
T5,4,1,42,3
T6,5,1,198,1
T7,6,1,200,1
[402]
T1,0,0,132,2
T2,1,1,154,7
T3,2,1,125,2
T4,3,0,51,2
T5,4,1,28,1
T6,5,0,200,6
T7,6,0,175,9
[403]
T1,0,0,36,2
T2,1,0,120,1
T3,2,1,180,2
T4,3,1,200,3
T5,4,1,175,5
T6,5,1,40,1
T7,6,1,60,2
[404]
T1,0,0,144,3
T2,1,0,35,2
T3,2,0,200,8
T4,3,1,78,4
T5,4,0,160,1
T6,5,0,43,2
T7,6,0,150,2
[405]
T1,0,0,184,2
T2,1,1,92,4
T3,2,1,21,2
T4,3,0,174,2
T5,4,0,48,2
T6,5,0,200,13
T7,6,0,116,1
[406]
T1,0,1,200,2
T2,1,1,148,2
T3,2,0,93,1
T4,3,1,37,2
T5,4,1,49,5
T6,5,1,74,1
T7,6,0,185,2
[407]
T1,0,1,132,3
T2,1,1,200,1
T3,2,0,33,2
T4,3,1,165,2
T5,4,1,21,2
T6,5,0,151,7
T7,6,1,66,5
[408]
T1,0,1,176,5
T2,1,0,46,2
T3,2,0,196,2
T4,3,0,200,20
T5,4,0,112,2
T6,5,0,24,2
T7,6,1,120,2
[409]
T1,0,1,200,12
T2,1,0,49,2
T3,2,0,75,1
T4,3,0,31,2
T5,4,0,110,2
T6,5,1,180,12
T7,6,1,168,1
[410]
T1,0,0,100,2
T2,1,0,185,2
T3,2,0,100,6
T4,3,1,150,7
T5,4,1,39,2
T6,5,0,33,1
T7,6,0,200,5
[411]
T1,0,0,150,9
T2,1,0,26,1
T3,2,1,168,1
T4,3,0,200,3
T5,4,0,108,2
T6,5,0,136,2
T7,6,1,21,2
[412]
T1,0,1,165,2
T2,1,1,165,6
T3,2,0,200,2
T4,3,0,140,9
T5,4,0,90,2
T6,5,0,46,2
T7,6,1,22,1
[413]
T1,0,0,39,2
T2,1,1,60,4
T3,2,1,24,2
T4,3,1,165,2
T5,4,0,200,10
T6,5,1,150,1
T7,6,0,105,3
[414]
T1,0,1,27,2
T2,1,0,70,2
T3,2,1,46,2
T4,3,0,161,8
T5,4,1,189,21
T6,5,1,56,2
T7,6,0,200,2
[415]
T1,0,1,200,11
T2,1,1,36,2
T3,2,0,195,2
T4,3,1,108,4
T5,4,1,91,4
T6,5,0,195,1
T7,6,0,48,1
[416]
T1,0,0,27,2
T2,1,1,88,2
T3,2,1,96,2
T4,3,0,198,2
T5,4,0,192,11
T6,5,0,200,5
T7,6,0,25,1
[417]
T1,0,1,160,2
T2,1,0,130,8
T3,2,1,45,1
T4,3,1,200,3
T5,4,0,52,1
T6,5,0,71,1
T7,6,1,160,2
[418]
T1,0,1,100,3
T2,1,0,148,2
T3,2,1,25,2
T4,3,1,172,12
T5,4,0,40,2
T6,5,0,200,10
T7,6,0,75,2
[419]
T1,0,1,96,1
T2,1,1,22,2
T3,2,1,176,17
T4,3,0,30,2
T5,4,1,192,4
T6,5,0,140,2
T7,6,1,200,2
[420]
T1,0,0,60,4
T2,1,0,200,4
T3,2,1,52,1
T4,3,1,25,2
T5,4,0,150,3
T6,5,1,183,2
T7,6,0,122,2
[421]
T1,0,1,168,9
T2,1,1,55,2
T3,2,1,200,13
T4,3,1,154,2
T5,4,0,38,2
T6,5,1,35,2
T7,6,0,66,2
[422]
T1,0,1,160,5
T2,1,1,21,1
T3,2,1,48,2
T4,3,1,96,4
T5,4,1,200,2
T6,5,1,60,2
T7,6,0,192,6
[423]
T1,0,1,186,3
T2,1,0,62,1
T3,2,1,60,1
T4,3,1,25,2
T5,4,1,200,1
T6,5,0,48,2
T7,6,0,155,16
[424]
T1,0,1,30,1
T2,1,1,60,1
T3,2,0,50,1
T4,3,1,183,10
T5,4,1,150,3
T6,5,1,56,2
T7,6,0,200,3
[425]
T1,0,0,49,1
T2,1,0,55,1
T3,2,1,180,2
T4,3,0,185,2
T5,4,0,200,6
T6,5,0,111,7
T7,6,0,45,2
[426]
T1,0,1,168,6
T2,1,0,198,7
T3,2,1,45,4
T4,3,0,84,2
T5,4,1,200,2
T6,5,0,125,2
T7,6,0,35,2
[427]
T1,0,1,189,8
T2,1,1,200,2
T3,2,1,100,4
T4,3,1,30,1
T5,4,0,30,2
T6,5,0,66,1
T7,6,0,154,2
[428]
T1,0,1,52,1
T2,1,0,91,1
T3,2,0,130,2
T4,3,0,176,1
T5,4,1,40,2
T6,5,1,200,10
T7,6,0,154,4
[429]
T1,0,0,184,6
T2,1,1,92,2
T3,2,0,46,1
T4,3,0,200,2
T5,4,1,115,9
T6,5,1,52,1
T7,6,1,171,3
[430]
T1,0,0,155,2
T2,1,0,200,5
T3,2,1,74,2
T4,3,0,155,16
T5,4,1,25,2
T6,5,1,111,2
T7,6,1,31,2
[431]
T1,0,0,174,2
T2,1,1,96,1
T3,2,1,39,2
T4,3,0,120,7
T5,4,0,48,2
T6,5,0,200,2
T7,6,1,156,7
[432]
T1,0,1,21,1
T2,1,0,144,11
T3,2,1,200,2
T4,3,0,165,2
T5,4,1,46,2
T6,5,0,198,9
T7,6,0,108,2
[433]
T1,0,1,140,2
T2,1,0,200,4
T3,2,0,29,2
T4,3,1,105,9
T5,4,1,184,1
T6,5,1,32,2
T7,6,0,168,3
[434]
T1,0,0,195,5
T2,1,1,33,2
T3,2,0,150,1
T4,3,0,100,1
T5,4,0,200,7
T6,5,0,62,1
T7,6,1,32,2
[435]
T1,0,0,108,2
T2,1,1,72,4
T3,2,1,52,1
T4,3,0,23,2
T5,4,0,182,9
T6,5,0,168,1
T7,6,1,200,2
[436]
T1,0,0,188,10
T2,1,0,21,2
T3,2,0,200,2
T4,3,1,90,6
T5,4,0,72,2
T6,5,1,50,2
T7,6,0,150,1
[437]
T1,0,0,175,3
T2,1,0,32,1
T3,2,1,200,1
T4,3,1,30,2
T5,4,1,150,9
T6,5,1,54,1
T7,6,1,128,2
[438]
T1,0,1,22,1
T2,1,1,200,20
T3,2,0,72,2
T4,3,0,28,2
T5,4,0,175,2
T6,5,0,112,2
T7,6,1,154,1
[439]
T1,0,1,180,6
T2,1,1,66,2
T3,2,1,66,2
T4,3,0,26,1
T5,4,0,49,4
T6,5,0,150,2
T7,6,1,200,2
[440]
T1,0,0,196,2
T2,1,1,126,2
T3,2,1,200,2
T4,3,0,40,2
T5,4,0,64,2
T6,5,0,168,19
T7,6,0,30,2
[441]
T1,0,0,20,2
T2,1,1,200,4
T3,2,1,180,16
T4,3,0,120,3
T5,4,0,72,2
T6,5,0,21,2
T7,6,1,156,7
[442]
T1,0,0,156,1
T2,1,0,37,2
T3,2,1,170,1
T4,3,1,136,4
T5,4,1,200,13
T6,5,1,40,2
T7,6,0,72,3
[443]
T1,0,0,22,1
T2,1,1,165,2
T3,2,0,72,2
T4,3,0,162,5
T5,4,1,200,1
T6,5,0,24,2
T7,6,0,99,5
[444]
T1,0,0,63,1
T2,1,0,168,2
T3,2,1,20,2
T4,3,0,136,4
T5,4,0,39,2
T6,5,1,200,2
T7,6,0,170,7
[445]
T1,0,0,56,1
T2,1,0,29,1
T3,2,0,175,2
T4,3,0,56,2
T5,4,0,200,3
T6,5,0,152,1
T7,6,0,28,2
[446]
T1,0,0,21,1
T2,1,0,126,2
T3,2,0,148,4
T4,3,1,30,1
T5,4,1,90,2
T6,5,1,200,4
T7,6,1,175,2
[447]
T1,0,0,24,1
T2,1,1,80,2
T3,2,0,200,11
T4,3,1,135,1
T5,4,0,155,5
T6,5,1,40,2
T7,6,1,155,2
[448]
T1,0,0,200,5
T2,1,0,90,2
T3,2,1,28,2
T4,3,0,192,1
T5,4,1,24,2
T6,5,1,90,2
T7,6,0,150,4
[449]
T1,0,0,75,1
T2,1,0,155,6
T3,2,1,36,2
T4,3,1,126,2
T5,4,1,155,16
T6,5,0,23,2
T7,6,0,200,1
[450]
T1,0,1,117,2
T2,1,1,150,2
T3,2,1,104,3
T4,3,1,200,16
T5,4,1,40,2
T6,5,1,152,2
T7,6,1,31,2
[451]
T1,0,0,135,2
T2,1,1,30,1
T3,2,1,175,9
T4,3,1,56,1
T5,4,0,50,2
T6,5,1,180,5
T7,6,1,200,5
[452]
T1,0,1,21,2
T2,1,1,60,1
T3,2,1,24,2
T4,3,0,175,8
T5,4,1,75,4
T6,5,1,150,5
T7,6,1,200,2
[453]
T1,0,1,91,2
T2,1,1,160,12
T3,2,1,49,3
T4,3,1,80,2
T5,4,1,200,7
T6,5,0,20,2
T7,6,1,176,1
[454]
T1,0,1,84,2
T2,1,1,75,4
T3,2,0,197,4
T4,3,0,40,2
T5,4,1,200,12
T6,5,0,52,2
T7,6,0,168,1
[455]
T1,0,0,164,2
T2,1,0,25,2
T3,2,0,56,3
T4,3,1,200,2
T5,4,0,180,4
T6,5,0,28,2
T7,6,0,70,4
[456]
T1,0,0,195,4
T2,1,1,200,5
T3,2,0,116,3
T4,3,0,180,2
T5,4,1,117,2
T6,5,1,52,1
T7,6,1,25,1
[457]
T1,0,1,60,2
T2,1,0,22,2
T3,2,1,200,8
T4,3,0,47,2
T5,4,1,77,2
T6,5,0,176,6
T7,6,0,189,2
[458]
T1,0,0,103,1
T2,1,1,168,13
T3,2,0,175,6
T4,3,1,33,1
T5,4,1,56,2
T6,5,0,200,2
T7,6,0,24,2
[459]
T1,0,1,152,9
T2,1,1,99,4
T3,2,1,51,2
T4,3,0,75,2
T5,4,0,36,2
T6,5,0,200,2
T7,6,0,171,9
[460]
T1,0,1,100,2
T2,1,0,54,1
T3,2,0,38,2
T4,3,0,200,10
T5,4,0,142,2
T6,5,1,180,14
T7,6,1,150,1
[461]
T1,0,1,174,13
T2,1,1,180,3
T3,2,0,84,1
T4,3,1,42,2
T5,4,1,44,2
T6,5,1,200,1
T7,6,0,120,2
[462]
T1,0,0,190,2
T2,1,0,40,2
T3,2,1,125,2
T4,3,0,190,4
T5,4,0,51,3
T6,5,1,200,1
T7,6,0,144,6
[463]
T1,0,0,200,5
T2,1,0,65,2
T3,2,0,156,2
T4,3,0,31,1
T5,4,1,48,2
T6,5,0,104,7
T7,6,0,155,2
[464]
T1,0,0,26,2
T2,1,0,124,8
T3,2,1,195,6
T4,3,1,72,2
T5,4,1,200,5
T6,5,1,150,5
T7,6,1,52,2
[465]
T1,0,0,200,25
T2,1,1,180,2
T3,2,1,140,2
T4,3,0,43,2
T5,4,1,28,2
T6,5,0,135,2
T7,6,1,175,4
[466]
T1,0,1,60,6
T2,1,0,25,2
T3,2,0,39,2
T4,3,0,200,11
T5,4,1,168,5
T6,5,0,100,2
T7,6,1,196,2
[467]
T1,0,1,25,2
T2,1,1,105,2
T3,2,0,176,16
T4,3,0,30,1
T5,4,0,196,3
T6,5,1,56,2
T7,6,0,200,2
[468]
T1,0,0,144,4
T2,1,0,150,1
T3,2,1,59,3
T4,3,1,45,2
T5,4,0,192,2
T6,5,1,200,6
T7,6,0,46,2
[469]
T1,0,0,160,2
T2,1,1,66,2
T3,2,1,156,8
T4,3,1,65,2
T5,4,0,39,2
T6,5,0,26,2
T7,6,0,200,16
[470]
T1,0,1,200,2
T2,1,0,156,3
T3,2,1,147,3
T4,3,1,25,2
T5,4,1,100,3
T6,5,0,195,16
T7,6,0,43,1
[471]
T1,0,1,200,3
T2,1,1,160,17
T3,2,0,25,2
T4,3,0,172,1
T5,4,1,20,2
T6,5,0,112,1
T7,6,0,140,3
[472]
T1,0,1,50,2
T2,1,0,120,6
T3,2,1,100,2
T4,3,1,24,2
T5,4,0,176,20
T6,5,1,200,2
T7,6,0,168,2
[473]
T1,0,0,200,13
T2,1,1,147,1
T3,2,1,25,2
T4,3,1,24,2
T5,4,0,168,6
T6,5,0,161,3
T7,6,0,56,2
[474]
T1,0,0,50,1
T2,1,1,198,2
T3,2,0,48,2
T4,3,1,99,2
T5,4,0,184,13
T6,5,1,90,2
T7,6,0,200,4
[475]
T1,0,0,25,1
T2,1,0,48,2
T3,2,1,78,1
T4,3,1,150,2
T5,4,0,150,8
T6,5,1,200,8
T7,6,1,146,1
[476]
T1,0,1,186,1
T2,1,1,88,2
T3,2,1,45,1
T4,3,1,200,6
T5,4,1,132,1
T6,5,1,33,1
T7,6,0,186,9
[477]
T1,0,1,160,5
T2,1,1,120,5
T3,2,0,24,2
T4,3,1,156,7
T5,4,0,28,2
T6,5,0,126,1
T7,6,1,200,3
[478]
T1,0,0,200,2
T2,1,1,182,6
T3,2,0,156,8
T4,3,0,49,2
T5,4,0,36,2
T6,5,0,105,3
T7,6,0,60,3
[479]
T1,0,0,144,4
T2,1,1,200,2
T3,2,0,72,1
T4,3,1,48,2
T5,4,1,36,2
T6,5,1,192,19
T7,6,0,176,1
[480]
T1,0,0,200,11
T2,1,0,39,2
T3,2,1,184,3
T4,3,1,84,2
T5,4,0,105,2
T6,5,1,48,1
T7,6,1,180,1
[481]
T1,0,1,104,7
T2,1,1,30,2
T3,2,0,65,2
T4,3,1,156,3
T5,4,0,49,2
T6,5,1,196,2
T7,6,1,200,2
[482]
T1,0,0,25,2
T2,1,0,77,2
T3,2,1,46,2
T4,3,1,200,2
T5,4,1,154,2
T6,5,0,66,1
T7,6,0,156,7
[483]
T1,0,1,175,9
T2,1,0,140,5
T3,2,1,200,6
T4,3,1,95,2
T5,4,1,184,7
T6,5,1,40,1
T7,6,1,20,2
[484]
T1,0,0,150,7
T2,1,1,162,2
T3,2,0,147,6
T4,3,0,200,4
T5,4,1,20,2
T6,5,0,21,2
T7,6,0,72,4
[485]
T1,0,1,39,2
T2,1,0,175,2
T3,2,0,28,2
T4,3,1,175,1
T5,4,1,200,13
T6,5,1,71,2
T7,6,0,120,5
[486]
T1,0,0,72,2
T2,1,0,31,1
T3,2,1,200,8
T4,3,1,120,1
T5,4,0,32,1
T6,5,1,160,4
T7,6,0,155,2
[487]
T1,0,1,120,2
T2,1,0,35,2
T3,2,0,160,2
T4,3,0,200,5
T5,4,1,110,1
T6,5,0,43,1
T7,6,1,198,10
[488]
T1,0,0,53,2
T2,1,1,40,2
T3,2,0,69,1
T4,3,1,200,1
T5,4,1,180,3
T6,5,1,156,16
T7,6,0,115,3
[489]
T1,0,0,176,2
T2,1,0,110,2
T3,2,0,140,1
T4,3,1,200,22
T5,4,0,46,2
T6,5,1,198,7
T7,6,1,27,2
[490]
T1,0,1,200,2
T2,1,0,175,4
T3,2,1,140,1
T4,3,1,75,4
T5,4,1,154,2
T6,5,0,42,2
T7,6,0,27,2
[491]
T1,0,0,51,2
T2,1,0,200,6
T3,2,0,175,2
T4,3,0,96,1
T5,4,1,170,14
T6,5,0,34,1
T7,6,1,56,2
[492]
T1,0,1,200,2
T2,1,1,165,2
T3,2,0,40,1
T4,3,0,105,3
T5,4,1,34,1
T6,5,0,170,2
T7,6,1,84,2
[493]
T1,0,1,25,1
T2,1,1,32,1
T3,2,1,105,1
T4,3,1,185,1
T5,4,0,75,4
T6,5,0,200,1
T7,6,1,175,3
[494]
T1,0,1,162,3
T2,1,0,200,2
T3,2,0,120,5
T4,3,0,75,2
T5,4,1,40,2
T6,5,0,29,1
T7,6,0,155,7
[495]
T1,0,1,80,2
T2,1,0,48,2
T3,2,1,48,1
T4,3,1,60,6
T5,4,1,200,2
T6,5,0,175,2
T7,6,1,161,7
[496]
T1,0,0,66,2
T2,1,1,152,2
T3,2,1,200,6
T4,3,0,150,10
T5,4,0,84,2
T6,5,1,22,2
T7,6,1,44,1
[497]
T1,0,1,30,2
T2,1,1,136,2
T3,2,0,182,4
T4,3,1,91,1
T5,4,1,51,2
T6,5,1,200,2
T7,6,0,170,10
[498]
T1,0,0,112,1
T2,1,1,40,1
T3,2,1,123,2
T4,3,1,27,2
T5,4,1,164,10
T6,5,1,164,3
T7,6,0,200,10
[499]
T1,0,0,99,2
T2,1,0,22,1
T3,2,1,200,2
T4,3,0,33,1
T5,4,1,174,3
T6,5,1,180,11
T7,6,0,72,2
[500]
T1,0,1,200,1
T2,1,1,44,1
T3,2,1,84,1
T4,3,0,40,2
T5,4,1,195,10
T6,5,0,195,11
T7,6,0,60,1
