num_task_per_taskset=7
num_taskset=500
//ID,Priority,Offset,Period,Execution Time
[1]
T1,0,1,20,1
T2,1,1,200,4
T3,2,0,176,3
T4,3,1,92,2
T5,4,1,144,13
T6,5,0,184,17
T7,6,0,40,2
[2]
T1,0,0,150,2
T2,1,0,84,3
T3,2,1,195,28
T4,3,1,23,2
T5,4,0,35,2
T6,5,0,75,1
T7,6,0,200,7
[3]
T1,0,1,144,5
T2,1,1,80,1
T3,2,0,156,9
T4,3,0,30,2
T5,4,0,200,1
T6,5,1,192,15
T7,6,0,50,2
[4]
T1,0,0,58,2
T2,1,0,44,1
T3,2,1,200,4
T4,3,0,168,10
T5,4,1,175,6
T6,5,1,49,2
T7,6,1,105,4
[5]
T1,0,0,186,2
T2,1,0,105,4
T3,2,0,42,2
T4,3,0,200,5
T5,4,1,175,4
T6,5,1,84,9
T7,6,1,37,2
[6]
T1,0,0,200,5
T2,1,0,180,3
T3,2,0,100,3
T4,3,1,87,1
T5,4,1,180,9
T6,5,1,33,2
T7,6,0,45,6
[7]
T1,0,0,180,10
T2,1,0,120,5
T3,2,1,152,2
T4,3,1,38,2
T5,4,0,120,7
T6,5,1,200,1
T7,6,1,20,2
[8]
T1,0,0,200,26
T2,1,0,100,2
T3,2,0,75,1
T4,3,0,169,2
T5,4,1,150,3
T6,5,0,32,2
T7,6,1,39,2
[9]
T1,0,0,90,3
T2,1,0,194,10
T3,2,0,52,2
T4,3,1,72,4
T5,4,1,50,2
T6,5,0,150,11
T7,6,0,200,8
[10]
T1,0,0,180,2
T2,1,0,135,2
T3,2,1,200,4
T4,3,0,50,4
T5,4,0,24,1
T6,5,1,108,7
T7,6,1,157,3
[11]
T1,0,1,150,4
T2,1,0,120,7
T3,2,0,166,4
T4,3,1,75,4
T5,4,0,200,7
T6,5,1,25,2
T7,6,0,29,1
[12]
T1,0,1,150,15
T2,1,1,200,24
T3,2,0,100,1
T4,3,0,102,3
T5,4,0,28,2
T6,5,1,182,1
T7,6,1,46,2
[13]
T1,0,0,177,2
T2,1,0,50,2
T3,2,1,60,4
T4,3,0,200,2
T5,4,0,84,2
T6,5,0,40,1
T7,6,0,160,18
[14]
T1,0,0,160,1
T2,1,0,26,1
T3,2,0,168,13
T4,3,1,60,1
T5,4,1,74,5
T6,5,0,200,7
T7,6,0,30,2
[15]
T1,0,0,22,2
T2,1,1,104,6
T3,2,0,168,7
T4,3,0,42,2
T5,4,0,200,4
T6,5,1,66,6
T7,6,1,156,9
[16]
T1,0,0,21,2
T2,1,0,168,2
T3,2,0,111,7
T4,3,1,80,1
T5,4,1,27,1
T6,5,1,200,11
T7,6,1,175,10
[17]
T1,0,1,200,26
T2,1,0,132,3
T3,2,1,20,2
T4,3,0,30,2
T5,4,1,140,4
T6,5,1,160,12
T7,6,1,165,2
[18]
T1,0,0,180,7
T2,1,0,112,2
T3,2,1,189,1
T4,3,0,32,2
T5,4,0,126,12
T6,5,0,40,4
T7,6,1,200,9
[19]
T1,0,0,156,2
T2,1,1,47,1
T3,2,1,200,16
T4,3,0,195,3
T5,4,1,128,7
T6,5,0,48,2
T7,6,0,140,13
[20]
T1,0,0,162,7
T2,1,1,132,4
T3,2,1,43,2
T4,3,1,80,1
T5,4,1,50,4
T6,5,0,200,9
T7,6,0,176,3
[21]
T1,0,0,64,2
T2,1,1,20,2
T3,2,1,180,25
T4,3,1,190,3
T5,4,0,40,2
T6,5,0,200,16
T7,6,1,60,1
[22]
T1,0,1,21,4
T2,1,0,75,2
T3,2,0,132,2
T4,3,1,185,5
T5,4,1,200,4
T6,5,0,20,2
T7,6,1,150,2
[23]
T1,0,0,56,2
T2,1,1,70,2
T3,2,1,200,8
T4,3,0,182,6
T5,4,0,188,1
T6,5,1,20,2
T7,6,1,40,3
[24]
T1,0,0,80,3
T2,1,1,200,6
T3,2,1,45,2
T4,3,0,180,14
T5,4,0,180,16
T6,5,1,86,2
T7,6,0,20,2
[25]
T1,0,0,22,2
T2,1,1,96,5
T3,2,0,155,5
T4,3,1,192,2
T5,4,1,60,7
T6,5,0,50,2
T7,6,1,200,3
[26]
T1,0,1,200,27
T2,1,0,160,5
T3,2,0,52,1
T4,3,0,143,2
T5,4,1,37,1
T6,5,1,110,1
T7,6,1,150,3
[27]
T1,0,1,200,7
T2,1,1,52,2
T3,2,1,175,5
T4,3,1,105,5
T5,4,1,168,3
T6,5,0,88,9
T7,6,0,48,1
[28]
T1,0,0,200,2
T2,1,0,155,10
T3,2,0,128,1
T4,3,1,150,12
T5,4,0,50,1
T6,5,1,96,5
T7,6,1,36,1
[29]
T1,0,1,160,2
T2,1,1,66,4
T3,2,0,20,2
T4,3,1,24,1
T5,4,0,200,6
T6,5,0,184,11
T7,6,1,138,7
[30]
T1,0,0,150,9
T2,1,1,75,2
T3,2,0,200,23
T4,3,1,160,5
T5,4,1,68,2
T6,5,0,29,1
T7,6,1,30,2
[31]
T1,0,0,168,14
T2,1,0,200,2
T3,2,1,130,4
T4,3,1,180,10
T5,4,1,52,1
T6,5,0,84,5
T7,6,0,25,2
[32]
T1,0,1,32,2
T2,1,1,187,2
T3,2,0,168,5
T4,3,0,60,2
T5,4,0,22,2
T6,5,1,55,10
T7,6,1,200,2
[33]
T1,0,0,170,2
T2,1,0,200,7
T3,2,0,153,6
T4,3,0,20,2
T5,4,1,21,2
T6,5,1,84,10
T7,6,0,119,3
[34]
T1,0,0,28,2
T2,1,0,100,7
T3,2,0,160,9
T4,3,1,175,9
T5,4,1,200,11
T6,5,1,127,2
T7,6,0,42,1
[35]
T1,0,1,45,2
T2,1,1,32,1
T3,2,1,156,14
T4,3,0,125,8
T5,4,1,150,2
T6,5,0,200,3
T7,6,0,104,3
[36]
T1,0,1,96,4
T2,1,1,38,2
T3,2,0,190,2
T4,3,0,200,13
T5,4,0,175,6
T6,5,1,36,2
T7,6,0,100,9
[37]
T1,0,0,25,2
T2,1,0,192,7
T3,2,1,64,10
T4,3,0,150,2
T5,4,0,120,2
T6,5,0,200,8
T7,6,0,20,2
[38]
T1,0,0,90,2
T2,1,0,126,6
T3,2,1,200,2
T4,3,0,36,2
T5,4,1,165,14
T6,5,1,27,2
T7,6,0,154,19
[39]
T1,0,1,117,3
T2,1,0,200,22
T3,2,0,195,1
T4,3,0,50,1
T5,4,1,180,11
T6,5,1,60,2
T7,6,1,36,1
[40]
T1,0,0,160,2
T2,1,1,130,1
T3,2,0,156,6
T4,3,1,32,1
T5,4,0,200,9
T6,5,1,91,4
T7,6,1,22,2
[41]
T1,0,0,192,9
T2,1,0,185,3
T3,2,0,64,2
T4,3,0,48,2
T5,4,1,90,2
T6,5,0,200,20
T7,6,1,30,2
[42]
T1,0,0,44,2
T2,1,0,21,2
T3,2,1,180,4
T4,3,0,82,3
T5,4,0,164,9
T6,5,1,82,6
T7,6,1,200,2
[43]
T1,0,0,158,6
T2,1,0,22,2
T3,2,1,158,4
T4,3,1,39,1
T5,4,1,200,17
T6,5,0,132,2
T7,6,1,100,3
[44]
T1,0,0,37,2
T2,1,0,78,8
T3,2,1,144,2
T4,3,1,165,13
T5,4,1,40,2
T6,5,1,200,1
T7,6,1,150,10
[45]
T1,0,1,144,8
T2,1,0,200,11
T3,2,1,132,3
T4,3,0,154,2
T5,4,1,189,7
T6,5,1,44,2
T7,6,0,36,2
[46]
T1,0,1,124,4
T2,1,0,30,3
T3,2,1,200,13
T4,3,0,155,2
T5,4,1,130,5
T6,5,0,180,2
T7,6,1,27,2
[47]
T1,0,0,132,10
T2,1,1,165,8
T3,2,1,200,14
T4,3,1,26,2
T5,4,0,45,1
T6,5,1,110,3
T7,6,1,175,1
[48]
T1,0,0,25,2
T2,1,1,198,4
T3,2,1,64,2
T4,3,1,192,1
T5,4,0,125,4
T6,5,1,49,2
T7,6,0,200,37
[49]
T1,0,0,110,4
T2,1,0,44,3
T3,2,0,48,2
T4,3,1,200,2
T5,4,1,152,14
T6,5,1,143,6
T7,6,0,152,2
[50]
T1,0,0,100,2
T2,1,1,70,9
T3,2,0,200,14
T4,3,0,152,2
T5,4,0,24,2
T6,5,0,155,2
T7,6,1,28,1
[51]
T1,0,1,125,3
T2,1,0,200,1
T3,2,0,64,2
T4,3,1,44,2
T5,4,1,24,2
T6,5,0,198,9
T7,6,1,150,8
[52]
T1,0,0,45,2
T2,1,1,198,8
T3,2,0,33,2
T4,3,0,75,2
T5,4,1,150,3
T6,5,1,80,12
T7,6,0,200,10
[53]
T1,0,0,108,11
T2,1,1,91,2
T3,2,0,28,2
T4,3,1,200,16
T5,4,0,180,2
T6,5,0,26,2
T7,6,0,189,9
[54]
T1,0,0,154,5
T2,1,0,165,6
T3,2,0,34,2
T4,3,1,120,3
T5,4,1,200,10
T6,5,0,39,2
T7,6,1,68,7
[55]
T1,0,0,192,18
T2,1,0,34,2
T3,2,0,90,4
T4,3,0,192,2
T5,4,1,200,2
T6,5,1,102,3
T7,6,1,39,1
[56]
T1,0,0,28,2
T2,1,0,152,6
T3,2,0,165,1
T4,3,1,76,10
T5,4,0,200,17
T6,5,1,38,2
T7,6,1,95,2
[57]
T1,0,1,40,2
T2,1,0,34,2
T3,2,1,200,2
T4,3,1,65,7
T5,4,0,198,10
T6,5,1,156,7
T7,6,1,72,4
[58]
T1,0,1,59,1
T2,1,1,34,2
T3,2,0,200,9
T4,3,1,150,3
T5,4,0,39,5
T6,5,1,59,2
T7,6,0,177,2
[59]
T1,0,0,200,1
T2,1,0,166,17
T3,2,0,120,1
T4,3,1,52,6
T5,4,1,25,2
T6,5,0,168,1
T7,6,1,84,2
[60]
T1,0,1,28,1
T2,1,0,168,1
T3,2,1,50,2
T4,3,0,98,2
T5,4,0,200,17
T6,5,0,70,6
T7,6,1,156,1
[61]
T1,0,0,120,6
T2,1,0,33,1
T3,2,1,170,10
T4,3,1,154,8
T5,4,1,44,1
T6,5,0,200,6
T7,6,0,102,2
[62]
T1,0,1,140,19
T2,1,1,90,3
T3,2,1,200,8
T4,3,1,22,1
T5,4,0,29,2
T6,5,0,150,2
T7,6,0,175,3
[63]
T1,0,1,189,13
T2,1,0,44,2
T3,2,0,144,1
T4,3,0,189,8
T5,4,0,70,6
T6,5,0,28,2
T7,6,0,200,2
[64]
T1,0,1,190,11
T2,1,1,29,1
T3,2,0,200,15
T4,3,1,80,5
T5,4,1,20,2
T6,5,0,75,1
T7,6,0,164,2
[65]
T1,0,0,27,1
T2,1,0,156,3
T3,2,1,195,2
T4,3,1,99,2
T5,4,0,200,6
T6,5,0,117,7
T7,6,1,52,5
[66]
T1,0,1,64,2
T2,1,0,47,2
T3,2,0,168,24
T4,3,0,160,4
T5,4,0,119,1
T6,5,1,200,5
T7,6,0,30,2
[67]
T1,0,0,170,14
T2,1,0,200,11
T3,2,0,68,1
T4,3,0,47,2
T5,4,1,174,2
T6,5,0,34,1
T7,6,1,80,4
[68]
T1,0,0,25,3
T2,1,1,38,2
T3,2,1,180,2
T4,3,1,200,9
T5,4,0,195,4
T6,5,0,114,6
T7,6,0,144,2
[69]
T1,0,0,46,2
T2,1,0,68,1
T3,2,1,25,2
T4,3,1,178,1
T5,4,0,170,5
T6,5,1,200,3
T7,6,0,102,4
[70]
T1,0,1,133,12
T2,1,0,120,1
T3,2,0,30,2
T4,3,0,165,12
T5,4,1,200,2
T6,5,0,165,10
T7,6,0,33,2
[71]
T1,0,1,150,2
T2,1,1,36,3
T3,2,0,114,3
T4,3,0,66,2
T5,4,0,200,2
T6,5,1,171,9
T7,6,0,20,1
[72]
T1,0,0,175,11
T2,1,0,44,1
T3,2,0,60,1
T4,3,1,160,21
T5,4,0,200,2
T6,5,1,30,2
T7,6,1,93,2
[73]
T1,0,0,200,2
T2,1,1,170,3
T3,2,0,27,3
T4,3,1,65,4
T5,4,0,72,2
T6,5,1,25,2
T7,6,1,170,3
[74]
T1,0,0,176,4
T2,1,0,96,6
T3,2,1,20,1
T4,3,1,26,2
T5,4,0,200,2
T6,5,0,84,5
T7,6,0,175,7
[75]
T1,0,1,200,13
T2,1,1,150,11
T3,2,0,176,2
T4,3,1,44,2
T5,4,0,44,2
T6,5,1,87,2
T7,6,1,116,1
[76]
T1,0,1,200,5
T2,1,0,52,2
T3,2,0,32,1
T4,3,1,125,17
T5,4,1,195,2
T6,5,1,195,3
T7,6,1,104,7
[77]
T1,0,1,84,4
T2,1,1,161,6
T3,2,0,42,1
T4,3,0,46,2
T5,4,0,200,7
T6,5,0,161,2
T7,6,0,100,9
[78]
T1,0,1,175,1
T2,1,1,192,4
T3,2,0,44,1
T4,3,1,36,1
T5,4,1,200,10
T6,5,1,64,4
T7,6,0,64,4
[79]
T1,0,1,32,2
T2,1,0,98,3
T3,2,1,150,15
T4,3,0,200,11
T5,4,0,120,5
T6,5,1,152,1
T7,6,0,24,2
[80]
T1,0,0,120,2
T2,1,0,200,19
T3,2,0,41,2
T4,3,0,153,7
T5,4,0,84,3
T6,5,1,50,2
T7,6,0,180,3
[81]
T1,0,1,108,8
T2,1,0,144,4
T3,2,1,196,6
T4,3,0,200,4
T5,4,0,196,7
T6,5,1,28,2
T7,6,1,29,2
[82]
T1,0,0,23,2
T2,1,0,60,2
T3,2,1,192,5
T4,3,0,152,11
T5,4,0,140,1
T6,5,1,30,4
T7,6,1,200,5
[83]
T1,0,1,40,2
T2,1,0,150,15
T3,2,1,75,2
T4,3,1,200,5
T5,4,0,44,4
T6,5,0,105,2
T7,6,0,158,2
[84]
T1,0,1,150,4
T2,1,1,150,3
T3,2,0,20,2
T4,3,1,134,1
T5,4,0,200,15
T6,5,1,26,1
T7,6,0,60,4
[85]
T1,0,0,46,2
T2,1,0,198,16
T3,2,0,200,9
T4,3,1,75,1
T5,4,0,150,12
T6,5,0,145,4
T7,6,1,36,1
[86]
T1,0,1,200,11
T2,1,1,51,4
T3,2,1,175,8
T4,3,0,20,2
T5,4,1,70,1
T6,5,1,182,2
T7,6,0,120,7
[87]
T1,0,0,50,1
T2,1,1,200,20
T3,2,0,192,14
T4,3,1,150,1
T5,4,0,143,6
T6,5,0,65,2
T7,6,0,53,1
[88]
T1,0,0,150,8
T2,1,0,159,10
T3,2,0,81,1
T4,3,0,25,2
T5,4,1,90,2
T6,5,1,200,14
T7,6,1,50,3
[89]
T1,0,1,189,2
T2,1,1,60,2
T3,2,0,54,2
T4,3,1,165,5
T5,4,1,29,1
T6,5,0,200,4
T7,6,0,30,4
[90]
T1,0,1,30,2
T2,1,1,62,2
T3,2,0,200,10
T4,3,1,77,6
T5,4,0,155,8
T6,5,1,31,1
T7,6,1,154,2
[91]
T1,0,0,200,4
T2,1,0,177,7
T3,2,0,59,1
T4,3,1,177,14
T5,4,1,22,2
T6,5,0,125,5
T7,6,1,50,2
[92]
T1,0,0,46,2
T2,1,1,200,5
T3,2,0,122,3
T4,3,1,37,2
T5,4,1,183,6
T6,5,1,183,26
T7,6,1,122,5
[93]
T1,0,0,150,19
T2,1,0,20,1
T3,2,1,200,2
T4,3,0,70,1
T5,4,0,30,1
T6,5,0,186,2
T7,6,0,100,1
[94]
T1,0,0,58,3
T2,1,1,30,2
T3,2,0,174,3
T4,3,0,52,3
T5,4,1,65,5
T6,5,0,200,5
T7,6,0,150,4
[95]
T1,0,0,23,1
T2,1,1,160,13
T3,2,1,200,3
T4,3,1,100,2
T5,4,0,160,6
T6,5,0,36,2
T7,6,0,131,6
[96]
T1,0,1,102,6
T2,1,0,37,2
T3,2,0,28,2
T4,3,1,153,4
T5,4,1,102,2
T6,5,0,168,18
T7,6,0,200,6
[97]
T1,0,0,42,2
T2,1,1,200,10
T3,2,1,140,1
T4,3,1,150,2
T5,4,0,48,8
T6,5,0,66,2
T7,6,1,198,8
[98]
T1,0,1,153,2
T2,1,1,30,2
T3,2,1,102,5
T4,3,0,51,4
T5,4,0,180,1
T6,5,1,56,2
T7,6,1,200,13
[99]
T1,0,0,24,2
T2,1,1,31,2
T3,2,0,75,3
T4,3,1,180,7
T5,4,0,200,24
T6,5,1,60,2
T7,6,0,158,3
[100]
T1,0,0,55,2
T2,1,1,168,2
T3,2,0,44,2
T4,3,1,154,23
T5,4,0,55,1
T6,5,0,200,16
T7,6,1,28,2
[101]
T1,0,1,176,2
T2,1,0,176,2
T3,2,1,121,11
T4,3,1,29,1
T5,4,1,34,2
T6,5,1,200,6
T7,6,0,88,9
[102]
T1,0,0,66,2
T2,1,0,32,1
T3,2,1,165,5
T4,3,1,152,7
T5,4,0,200,8
T6,5,1,66,5
T7,6,0,45,2
[103]
T1,0,0,20,2
T2,1,0,144,1
T3,2,1,189,4
T4,3,0,135,2
T5,4,0,200,7
T6,5,0,45,2
T7,6,1,162,22
[104]
T1,0,1,21,2
T2,1,0,34,2
T3,2,1,175,22
T4,3,1,192,1
T5,4,0,200,12
T6,5,1,102,3
T7,6,1,100,2
[105]
T1,0,0,189,2
T2,1,0,102,2
T3,2,0,200,2
T4,3,1,34,2
T5,4,0,26,2
T6,5,0,56,9
T7,6,0,150,8
[106]
T1,0,0,126,10
T2,1,1,200,4
T3,2,0,171,14
T4,3,1,47,2
T5,4,0,171,1
T6,5,0,57,2
T7,6,1,50,2
[107]
T1,0,0,200,7
T2,1,0,51,2
T3,2,0,60,3
T4,3,1,190,19
T5,4,1,50,1
T6,5,0,57,1
T7,6,0,166,5
[108]
T1,0,1,200,26
T2,1,0,65,1
T3,2,1,156,3
T4,3,1,25,2
T5,4,1,25,2
T6,5,1,160,2
T7,6,0,93,4
[109]
T1,0,0,189,7
T2,1,0,45,2
T3,2,1,161,6
T4,3,1,69,2
T5,4,0,60,3
T6,5,0,43,2
T7,6,1,200,26
[110]
T1,0,1,200,24
T2,1,0,100,7
T3,2,1,154,8
T4,3,1,88,1
T5,4,0,154,1
T6,5,1,39,2
T7,6,0,38,2
[111]
T1,0,0,30,2
T2,1,0,90,7
T3,2,1,200,5
T4,3,1,190,2
T5,4,1,171,1
T6,5,1,31,2
T7,6,0,69,9
[112]
T1,0,1,175,2
T2,1,1,200,7
T3,2,0,28,2
T4,3,0,26,2
T5,4,1,156,5
T6,5,0,64,1
T7,6,1,100,1
[113]
T1,0,0,40,4
T2,1,1,52,2
T3,2,0,200,1
T4,3,1,150,2
T5,4,0,69,3
T6,5,1,118,6
T7,6,1,177,3
[114]
T1,0,0,41,2
T2,1,1,152,1
T3,2,0,120,2
T4,3,0,50,2
T5,4,1,56,5
T6,5,1,200,6
T7,6,1,175,14
[115]
T1,0,1,152,2
T2,1,1,44,1
T3,2,0,200,1
T4,3,1,64,2
T5,4,0,128,16
T6,5,0,53,2
T7,6,1,160,11
[116]
T1,0,0,189,7
T2,1,1,21,2
T3,2,0,200,11
T4,3,0,112,2
T5,4,1,147,10
T6,5,0,42,4
T7,6,1,70,1
[117]
T1,0,1,160,11
T2,1,1,75,5
T3,2,0,164,3
T4,3,1,200,9
T5,4,0,56,1
T6,5,0,47,2
T7,6,0,40,2
[118]
T1,0,1,154,15
T2,1,0,88,2
T3,2,0,84,2
T4,3,0,37,3
T5,4,1,200,2
T6,5,1,42,2
T7,6,1,150,2
[119]
T1,0,0,175,16
T2,1,1,63,1
T3,2,1,28,1
T4,3,0,161,5
T5,4,0,23,1
T6,5,0,92,1
T7,6,0,200,5
[120]
T1,0,1,76,2
T2,1,1,200,4
T3,2,1,150,12
T4,3,1,76,2
T5,4,1,27,2
T6,5,1,150,5
T7,6,0,42,1
[121]
T1,0,0,161,3
T2,1,0,184,1
T3,2,0,200,8
T4,3,0,41,1
T5,4,1,100,2
T6,5,1,35,2
T7,6,0,105,16
[122]
T1,0,0,20,2
T2,1,1,88,1
T3,2,0,110,6
T4,3,0,200,6
T5,4,1,190,7
T6,5,0,25,2
T7,6,1,187,1
[123]
T1,0,1,24,2
T2,1,0,200,13
T3,2,1,131,8
T4,3,1,175,4
T5,4,1,100,5
T6,5,1,168,2
T7,6,1,39,2
[124]
T1,0,1,25,1
T2,1,0,175,6
T3,2,0,144,3
T4,3,0,174,6
T5,4,0,60,2
T6,5,1,28,2
T7,6,0,200,20
[125]
T1,0,0,150,1
T2,1,0,52,4
T3,2,1,50,2
T4,3,1,135,8
T5,4,1,180,10
T6,5,0,82,2
T7,6,1,200,3
[126]
T1,0,1,189,6
T2,1,0,48,2
T3,2,1,200,13
T4,3,1,44,2
T5,4,0,160,17
T6,5,0,54,3
T7,6,0,81,2
[127]
T1,0,0,200,11
T2,1,0,98,7
T3,2,1,175,6
T4,3,1,37,1
T5,4,1,98,2
T6,5,1,168,1
T7,6,0,34,1
[128]
T1,0,0,52,2
T2,1,0,182,2
T3,2,1,154,24
T4,3,0,130,6
T5,4,1,38,1
T6,5,1,200,7
T7,6,0,80,2
[129]
T1,0,1,38,2
T2,1,0,50,2
T3,2,1,155,23
T4,3,0,155,4
T5,4,0,200,14
T6,5,0,88,1
T7,6,0,62,2
[130]
T1,0,0,24,2
T2,1,0,96,2
T3,2,0,156,16
T4,3,0,192,6
T5,4,1,39,1
T6,5,0,100,8
T7,6,0,200,2
[131]
T1,0,1,160,2
T2,1,1,200,1
T3,2,0,168,1
T4,3,0,23,1
T5,4,1,105,11
T6,5,0,20,1
T7,6,1,106,4
[132]
T1,0,1,88,1
T2,1,0,132,4
T3,2,1,45,2
T4,3,1,154,15
T5,4,0,192,2
T6,5,0,28,1
T7,6,0,200,14
[133]
T1,0,0,45,2
T2,1,0,170,2
T3,2,1,102,11
T4,3,1,75,2
T5,4,1,51,2
T6,5,0,168,21
T7,6,1,200,1
[134]
T1,0,1,200,2
T2,1,0,26,2
T3,2,1,48,2
T4,3,1,160,9
T5,4,0,75,4
T6,5,1,95,4
T7,6,0,156,7
[135]
T1,0,1,144,2
T2,1,0,162,5
T3,2,0,43,2
T4,3,0,200,8
T5,4,1,156,2
T6,5,1,32,1
T7,6,0,78,12
[136]
T1,0,0,190,6
T2,1,0,126,1
T3,2,1,28,1
T4,3,1,200,34
T5,4,1,175,2
T6,5,0,47,2
T7,6,1,57,2
[137]
T1,0,1,108,1
T2,1,1,175,2
T3,2,0,52,1
T4,3,0,168,2
T5,4,0,140,10
T6,5,1,200,24
T7,6,0,45,1
[138]
T1,0,1,28,2
T2,1,1,200,18
T3,2,0,168,7
T4,3,0,27,1
T5,4,1,154,2
T6,5,0,105,5
T7,6,1,112,1
[139]
T1,0,1,30,3
T2,1,0,37,2
T3,2,0,200,2
T4,3,1,136,2
T5,4,0,120,2
T6,5,1,168,7
T7,6,1,156,14
[140]
T1,0,0,71,8
T2,1,1,96,2
T3,2,1,40,2
T4,3,1,192,2
T5,4,0,150,2
T6,5,1,32,2
T7,6,0,200,6
[141]
T1,0,1,120,2
T2,1,0,172,7
T3,2,0,200,10
T4,3,0,63,2
T5,4,1,25,2
T6,5,1,175,23
T7,6,1,22,1
[142]
T1,0,0,153,3
T2,1,1,85,6
T3,2,1,153,15
T4,3,0,200,2
T5,4,1,145,10
T6,5,1,34,2
T7,6,1,25,2
[143]
T1,0,1,56,2
T2,1,1,126,6
T3,2,1,21,2
T4,3,0,200,1
T5,4,1,171,29
T6,5,1,152,4
T7,6,0,30,2
[144]
T1,0,0,160,5
T2,1,0,32,2
T3,2,1,98,5
T4,3,1,126,2
T5,4,0,192,9
T6,5,1,200,4
T7,6,1,42,4
[145]
T1,0,0,200,21
T2,1,1,84,1
T3,2,0,41,2
T4,3,1,148,13
T5,4,1,175,2
T6,5,1,20,1
T7,6,0,100,1
[146]
T1,0,0,168,10
T2,1,1,140,4
T3,2,0,47,2
T4,3,1,148,6
T5,4,0,36,2
T6,5,1,105,3
T7,6,0,200,22
[147]
T1,0,0,30,2
T2,1,1,117,13
T3,2,1,175,1
T4,3,0,200,2
T5,4,1,75,6
T6,5,1,39,1
T7,6,1,175,2
[148]
T1,0,0,185,6
T2,1,1,40,1
T3,2,0,88,2
T4,3,1,74,9
T5,4,1,47,2
T6,5,0,175,2
T7,6,1,200,6
[149]
T1,0,0,160,2
T2,1,0,48,2
T3,2,0,90,5
T4,3,1,200,13
T5,4,0,140,10
T6,5,0,22,2
T7,6,1,190,7
[150]
T1,0,0,200,2
T2,1,0,150,3
T3,2,1,95,2
T4,3,0,160,3
T5,4,1,40,5
T6,5,0,84,1
T7,6,1,44,3
[151]
T1,0,1,200,10
T2,1,1,38,4
T3,2,1,152,2
T4,3,1,55,2
T5,4,0,26,1
T6,5,0,154,7
T7,6,1,84,2
[152]
T1,0,0,132,2
T2,1,1,132,4
T3,2,1,200,1
T4,3,1,150,2
T5,4,0,182,2
T6,5,1,50,4
T7,6,0,46,6
[153]
T1,0,0,150,3
T2,1,0,46,4
T3,2,0,28,2
T4,3,0,192,1
T5,4,1,112,2
T6,5,0,125,14
T7,6,1,200,5
[154]
T1,0,0,40,1
T2,1,1,196,2
T3,2,0,196,39
T4,3,1,200,3
T5,4,0,29,1
T6,5,0,56,2
T7,6,0,83,2
[155]
T1,0,1,200,1
T2,1,0,168,8
T3,2,0,105,7
T4,3,0,21,2
T5,4,0,112,4
T6,5,1,178,11
T7,6,1,30,1
[156]
T1,0,1,60,2
T2,1,1,196,7
T3,2,1,100,2
T4,3,0,47,2
T5,4,1,30,1
T6,5,0,162,3
T7,6,0,200,13
[157]
T1,0,0,185,2
T2,1,1,144,9
T3,2,1,185,13
T4,3,0,25,2
T5,4,1,24,2
T6,5,0,200,1
T7,6,0,84,2
[158]
T1,0,0,36,1
T2,1,0,200,6
T3,2,0,99,9
T4,3,0,170,5
T5,4,0,32,2
T6,5,1,144,11
T7,6,1,153,1
[159]
T1,0,0,198,3
T2,1,0,24,2
T3,2,0,22,1
T4,3,0,180,7
T5,4,0,104,3
T6,5,1,104,1
T7,6,0,200,24
[160]
T1,0,1,154,12
T2,1,0,49,2
T3,2,1,33,5
T4,3,0,84,2
T5,4,1,200,5
T6,5,0,180,2
T7,6,0,132,2
[161]
T1,0,0,26,1
T2,1,0,25,2
T3,2,1,180,15
T4,3,0,78,2
T5,4,0,200,2
T6,5,0,192,2
T7,6,1,144,18
[162]
T1,0,0,80,5
T2,1,1,55,1
T3,2,1,45,2
T4,3,1,188,15
T5,4,1,48,2
T6,5,0,200,5
T7,6,1,165,4
[163]
T1,0,1,105,5
T2,1,1,122,6
T3,2,1,50,2
T4,3,0,200,2
T5,4,1,183,11
T6,5,1,40,2
T7,6,1,150,9
[164]
T1,0,0,175,9
T2,1,1,28,2
T3,2,1,31,2
T4,3,0,76,2
T5,4,0,200,18
T6,5,0,140,11
T7,6,0,190,8
[165]
T1,0,1,189,2
T2,1,1,63,4
T3,2,1,63,7
T4,3,1,45,1
T5,4,1,54,2
T6,5,0,161,4
T7,6,0,200,3
[166]
T1,0,0,178,9
T2,1,0,72,7
T3,2,1,27,2
T4,3,1,37,2
T5,4,0,178,6
T6,5,1,90,2
T7,6,0,200,5
[167]
T1,0,0,56,2
T2,1,1,159,10
T3,2,1,50,6
T4,3,1,41,2
T5,4,1,63,2
T6,5,1,200,9
T7,6,0,180,6
[168]
T1,0,1,64,2
T2,1,1,36,3
T3,2,1,180,17
T4,3,1,200,2
T5,4,1,183,7
T6,5,1,24,2
T7,6,1,60,1
[169]
T1,0,0,170,4
T2,1,0,68,2
T3,2,0,200,13
T4,3,1,100,1
T5,4,0,164,5
T6,5,1,27,1
T7,6,1,41,3
[170]
T1,0,1,54,2
T2,1,1,150,2
T3,2,0,200,3
T4,3,0,52,2
T5,4,1,30,1
T6,5,1,164,13
T7,6,1,72,7
[171]
T1,0,0,178,2
T2,1,1,89,1
T3,2,0,104,4
T4,3,1,178,18
T5,4,1,40,2
T6,5,0,200,8
T7,6,1,22,2
[172]
T1,0,1,95,1
T2,1,1,36,2
T3,2,1,40,3
T4,3,1,200,12
T5,4,0,180,6
T6,5,0,171,2
T7,6,1,95,8
[173]
T1,0,0,50,1
T2,1,0,88,2
T3,2,0,154,8
T4,3,1,200,1
T5,4,0,154,13
T6,5,1,66,2
T7,6,1,24,1
[174]
T1,0,0,200,29
T2,1,1,100,2
T3,2,0,175,1
T4,3,0,96,1
T5,4,1,156,6
T6,5,1,40,1
T7,6,1,24,2
[175]
T1,0,0,200,8
T2,1,0,88,5
T3,2,0,160,9
T4,3,1,39,1
T5,4,1,24,1
T6,5,1,150,2
T7,6,0,60,2
[176]
T1,0,0,150,8
T2,1,0,52,1
T3,2,1,132,8
T4,3,0,62,5
T5,4,0,200,9
T6,5,0,180,2
T7,6,0,25,2
[177]
T1,0,0,66,1
T2,1,1,200,27
T3,2,1,120,2
T4,3,1,26,1
T5,4,0,175,5
T6,5,0,44,2
T7,6,0,175,9
[178]
T1,0,0,178,15
T2,1,1,89,1
T3,2,0,200,4
T4,3,0,32,1
T5,4,0,29,2
T6,5,1,192,2
T7,6,0,89,2
[179]
T1,0,1,200,3
T2,1,0,176,9
T3,2,0,129,9
T4,3,1,129,3
T5,4,0,28,2
T6,5,1,40,3
T7,6,1,176,3
[180]
T1,0,1,105,4
T2,1,0,200,1
T3,2,1,24,2
T4,3,1,189,2
T5,4,1,30,2
T6,5,0,102,2
T7,6,1,170,23
[181]
T1,0,1,189,9
T2,1,0,180,9
T3,2,1,30,1
T4,3,1,104,4
T5,4,0,24,2
T6,5,1,200,5
T7,6,0,135,5
[182]
T1,0,0,108,1
T2,1,1,25,2
T3,2,1,162,6
T4,3,1,200,19
T5,4,1,88,1
T6,5,1,31,2
T7,6,0,162,16
[183]
T1,0,0,120,2
T2,1,0,174,2
T3,2,1,190,4
T4,3,0,27,2
T5,4,1,87,4
T6,5,1,29,2
T7,6,0,200,17
[184]
T1,0,0,112,12
T2,1,1,51,2
T3,2,0,150,3
T4,3,1,189,11
T5,4,1,120,4
T6,5,1,200,5
T7,6,1,40,1
[185]
T1,0,1,90,2
T2,1,1,176,16
T3,2,1,200,3
T4,3,1,20,2
T5,4,0,184,9
T6,5,0,72,6
T7,6,1,40,1
[186]
T1,0,0,120,5
T2,1,0,42,2
T3,2,1,51,4
T4,3,0,180,18
T5,4,0,150,2
T6,5,1,200,2
T7,6,0,108,5
[187]
T1,0,1,88,2
T2,1,0,200,14
T3,2,1,40,1
T4,3,0,45,1
T5,4,0,72,3
T6,5,1,184,9
T7,6,0,165,7
[188]
T1,0,0,155,13
T2,1,0,180,4
T3,2,0,45,2
T4,3,1,200,4
T5,4,0,33,2
T6,5,1,55,5
T7,6,0,99,4
[189]
T1,0,0,75,3
T2,1,0,49,2
T3,2,1,100,4
T4,3,1,200,33
T5,4,1,48,2
T6,5,0,155,2
T7,6,0,195,1
[190]
T1,0,1,121,4
T2,1,0,22,2
T3,2,1,168,9
T4,3,0,77,2
T5,4,0,53,3
T6,5,0,200,17
T7,6,0,175,2
[191]
T1,0,0,44,3
T2,1,0,187,27
T3,2,0,150,2
T4,3,1,48,1
T5,4,0,55,2
T6,5,0,200,3
T7,6,0,144,2
[192]
T1,0,0,120,3
T2,1,0,28,2
T3,2,0,105,10
T4,3,1,175,22
T5,4,1,38,2
T6,5,1,200,1
T7,6,0,189,2
[193]
T1,0,0,160,9
T2,1,0,160,3
T3,2,0,90,6
T4,3,1,200,10
T5,4,1,30,2
T6,5,0,21,2
T7,6,0,57,4
[194]
T1,0,0,161,8
T2,1,1,189,5
T3,2,0,90,2
T4,3,0,115,2
T5,4,0,30,2
T6,5,0,23,1
T7,6,1,200,20
[195]
T1,0,0,154,3
T2,1,1,187,3
T3,2,0,42,2
T4,3,1,200,5
T5,4,1,21,2
T6,5,1,110,5
T7,6,1,140,3
[196]
T1,0,1,162,4
T2,1,0,200,3
T3,2,0,162,2
T4,3,0,135,4
T5,4,1,38,2
T6,5,0,38,6
T7,6,1,57,2
[197]
T1,0,1,100,2
T2,1,1,130,2
T3,2,0,170,11
T4,3,1,24,2
T5,4,0,32,2
T6,5,0,182,24
T7,6,1,200,6
[198]
T1,0,0,198,4
T2,1,1,20,2
T3,2,0,200,16
T4,3,0,150,1
T5,4,1,25,2
T6,5,0,110,6
T7,6,1,80,5
[199]
T1,0,1,175,15
T2,1,0,63,3
T3,2,0,32,2
T4,3,1,200,11
T5,4,1,135,2
T6,5,0,182,6
T7,6,1,27,1
[200]
T1,0,0,49,1
T2,1,0,45,2
T3,2,1,150,12
T4,3,1,165,10
T5,4,0,100,5
T6,5,1,200,2
T7,6,0,112,5
[201]
T1,0,1,20,1
T2,1,1,156,4
T3,2,0,96,6
T4,3,0,38,2
T5,4,1,60,2
T6,5,1,200,5
T7,6,1,155,11
[202]
T1,0,1,48,2
T2,1,0,160,2
T3,2,1,200,9
T4,3,0,27,2
T5,4,1,192,4
T6,5,0,138,9
T7,6,1,60,3
[203]
T1,0,0,200,1
T2,1,0,152,5
T3,2,0,190,35
T4,3,0,69,2
T5,4,1,40,2
T6,5,0,20,2
T7,6,0,92,2
[204]
T1,0,0,195,28
T2,1,0,200,1
T3,2,1,60,1
T4,3,0,117,2
T5,4,0,43,3
T6,5,0,160,1
T7,6,1,35,2
[205]
T1,0,0,150,7
T2,1,0,132,5
T3,2,0,110,1
T4,3,1,47,1
T5,4,0,168,3
T6,5,1,200,27
T7,6,0,32,2
[206]
T1,0,0,192,2
T2,1,1,30,2
T3,2,0,96,2
T4,3,0,166,21
T5,4,1,200,10
T6,5,0,64,2
T7,6,0,50,2
[207]
T1,0,1,180,2
T2,1,0,168,6
T3,2,1,124,10
T4,3,1,200,15
T5,4,0,21,2
T6,5,0,72,2
T7,6,0,24,2
[208]
T1,0,0,175,8
T2,1,0,64,2
T3,2,1,112,2
T4,3,1,182,12
T5,4,1,200,2
T6,5,1,47,5
T7,6,0,39,2
[209]
T1,0,0,96,6
T2,1,0,45,2
T3,2,1,187,7
T4,3,1,200,2
T5,4,0,150,8
T6,5,1,100,4
T7,6,1,40,2
[210]
T1,0,0,200,8
T2,1,0,154,1
T3,2,0,104,2
T4,3,0,132,7
T5,4,0,20,1
T6,5,0,44,1
T7,6,1,154,12
[211]
T1,0,1,200,1
T2,1,0,24,1
T3,2,0,195,7
T4,3,0,24,1
T5,4,0,156,2
T6,5,1,70,2
T7,6,1,91,11
[212]
T1,0,0,135,7
T2,1,0,81,4
T3,2,1,24,2
T4,3,0,195,11
T5,4,1,160,3
T6,5,1,20,2
T7,6,0,200,14
[213]
T1,0,0,23,2
T2,1,1,165,19
T3,2,1,174,4
T4,3,1,145,1
T5,4,0,200,4
T6,5,1,20,1
T7,6,1,145,7
[214]
T1,0,0,200,22
T2,1,0,26,2
T3,2,1,191,1
T4,3,0,191,5
T5,4,0,25,1
T6,5,1,64,2
T7,6,0,75,2
[215]
T1,0,0,184,2
T2,1,0,200,3
T3,2,1,40,2
T4,3,0,100,2
T5,4,1,165,5
T6,5,0,60,5
T7,6,0,32,4
[216]
T1,0,1,36,2
T2,1,0,135,2
T3,2,0,60,4
T4,3,0,162,7
T5,4,1,35,2
T6,5,0,168,5
T7,6,1,200,8
[217]
T1,0,1,192,32
T2,1,0,70,3
T3,2,1,29,2
T4,3,1,200,1
T5,4,1,168,2
T6,5,0,56,2
T7,6,0,45,1
[218]
T1,0,1,168,2
T2,1,0,26,1
T3,2,0,105,4
T4,3,0,195,2
T5,4,1,200,3
T6,5,0,44,1
T7,6,1,105,12
[219]
T1,0,1,153,2
T2,1,0,115,8
T3,2,1,90,2
T4,3,0,34,1
T5,4,0,200,3
T6,5,0,180,21
T7,6,0,26,1
[220]
T1,0,0,162,12
T2,1,1,152,7
T3,2,0,36,2
T4,3,0,200,7
T5,4,0,72,3
T6,5,1,45,2
T7,6,1,108,1
[221]
T1,0,1,200,3
T2,1,1,150,2
T3,2,0,96,3
T4,3,1,180,23
T5,4,0,85,2
T6,5,0,35,1
T7,6,0,47,2
[222]
T1,0,1,20,2
T2,1,0,176,1
T3,2,0,110,5
T4,3,1,200,11
T5,4,0,50,3
T6,5,1,148,9
T7,6,0,66,3
[223]
T1,0,0,68,2
T2,1,0,65,3
T3,2,1,170,14
T4,3,0,200,2
T5,4,0,30,2
T6,5,1,28,2
T7,6,0,170,13
[224]
T1,0,1,156,5
T2,1,1,78,1
T3,2,1,165,14
T4,3,1,30,2
T5,4,1,45,3
T6,5,0,200,9
T7,6,0,144,2
[225]
T1,0,0,130,8
T2,1,0,53,2
T3,2,0,200,1
T4,3,1,182,19
T5,4,0,156,6
T6,5,1,49,2
T7,6,0,112,2
[226]
T1,0,0,175,10
T2,1,0,200,11
T3,2,1,51,2
T4,3,0,28,2
T5,4,0,56,2
T6,5,1,85,6
T7,6,1,165,4
[227]
T1,0,0,200,9
T2,1,1,100,5
T3,2,0,55,1
T4,3,1,48,1
T5,4,0,196,11
T6,5,0,175,5
T7,6,0,45,2
[228]
T1,0,1,41,1
T2,1,0,190,8
T3,2,1,200,14
T4,3,1,165,5
T5,4,1,57,2
T6,5,0,114,3
T7,6,1,28,1
[229]
T1,0,0,200,12
T2,1,0,150,5
T3,2,1,172,10
T4,3,1,100,2
T5,4,0,24,1
T6,5,0,35,2
T7,6,1,55,4
[230]
T1,0,0,80,12
T2,1,1,186,2
T3,2,0,46,2
T4,3,1,35,2
T5,4,0,72,4
T6,5,1,186,2
T7,6,1,200,1
[231]
T1,0,1,45,4
T2,1,1,180,2
T3,2,0,200,6
T4,3,1,37,2
T5,4,1,134,4
T6,5,0,90,2
T7,6,1,175,18
[232]
T1,0,0,200,6
T2,1,0,42,2
T3,2,0,28,2
T4,3,1,192,11
T5,4,0,152,2
T6,5,1,105,9
T7,6,0,56,4
[233]
T1,0,0,165,7
T2,1,1,147,11
T3,2,1,132,4
T4,3,0,24,2
T5,4,1,200,8
T6,5,1,165,2
T7,6,0,45,3
[234]
T1,0,1,200,2
T2,1,0,40,2
T3,2,0,100,2
T4,3,0,49,1
T5,4,0,152,23
T6,5,1,190,4
T7,6,1,59,2
[235]
T1,0,1,144,4
T2,1,1,50,1
T3,2,0,200,1
T4,3,1,156,13
T5,4,0,144,2
T6,5,0,39,3
T7,6,1,170,12
[236]
T1,0,0,200,10
T2,1,0,24,1
T3,2,1,46,2
T4,3,1,184,8
T5,4,1,114,6
T6,5,1,76,5
T7,6,1,171,2
[237]
T1,0,0,150,4
T2,1,1,200,8
T3,2,0,110,2
T4,3,1,40,1
T5,4,1,55,5
T6,5,1,32,2
T7,6,1,187,8
[238]
T1,0,0,168,2
T2,1,1,41,2
T3,2,1,200,29
T4,3,1,68,1
T5,4,0,165,5
T6,5,1,119,3
T7,6,1,40,2
[239]
T1,0,0,104,16
T2,1,0,32,2
T3,2,0,27,2
T4,3,0,140,9
T5,4,0,196,5
T6,5,0,200,5
T7,6,1,196,2
[240]
T1,0,1,47,2
T2,1,0,165,15
T3,2,1,36,1
T4,3,0,55,1
T5,4,1,85,1
T6,5,0,200,8
T7,6,1,150,9
[241]
T1,0,1,176,15
T2,1,1,176,1
T3,2,1,50,2
T4,3,1,200,2
T5,4,1,66,1
T6,5,0,84,1
T7,6,1,40,5
[242]
T1,0,0,130,3
T2,1,0,165,10
T3,2,1,110,7
T4,3,0,53,3
T5,4,0,25,2
T6,5,1,200,3
T7,6,0,154,2
[243]
T1,0,0,84,7
T2,1,1,114,2
T3,2,1,24,1
T4,3,0,31,2
T5,4,0,168,2
T6,5,0,200,4
T7,6,0,190,13
[244]
T1,0,1,120,2
T2,1,0,195,15
T3,2,0,112,7
T4,3,0,40,2
T5,4,1,48,2
T6,5,0,168,10
T7,6,1,200,6
[245]
T1,0,1,200,18
T2,1,1,152,1
T3,2,0,114,2
T4,3,1,47,4
T5,4,0,44,2
T6,5,0,198,11
T7,6,0,80,2
[246]
T1,0,1,43,1
T2,1,0,112,5
T3,2,1,175,6
T4,3,1,60,1
T5,4,0,48,1
T6,5,0,172,2
T7,6,0,200,24
[247]
T1,0,1,168,11
T2,1,0,46,2
T3,2,0,28,2
T4,3,0,84,2
T5,4,0,150,10
T6,5,1,200,24
T7,6,0,89,2
[248]
T1,0,0,54,3
T2,1,1,77,3
T3,2,0,200,10
T4,3,1,175,3
T5,4,0,110,7
T6,5,1,36,2
T7,6,0,180,6
[249]
T1,0,0,48,1
T2,1,0,100,2
T3,2,0,200,5
T4,3,1,188,6
T5,4,1,32,1
T6,5,1,60,5
T7,6,0,176,10
[250]
T1,0,1,200,2
T2,1,0,85,7
T3,2,0,154,11
T4,3,0,33,2
T5,4,0,132,2
T6,5,0,175,18
T7,6,1,48,2
[251]
T1,0,1,168,1
T2,1,1,22,2
T3,2,1,200,4
T4,3,1,145,6
T5,4,0,63,1
T6,5,1,24,1
T7,6,1,168,7
[252]
T1,0,1,90,6
T2,1,0,198,26
T3,2,0,195,12
T4,3,1,22,2
T5,4,0,200,3
T6,5,1,100,2
T7,6,0,26,2
[253]
T1,0,0,160,1
T2,1,1,176,6
T3,2,1,41,3
T4,3,1,38,2
T5,4,0,200,12
T6,5,0,132,9
T7,6,1,120,3
[254]
T1,0,1,176,2
T2,1,1,165,21
T3,2,0,35,2
T4,3,1,32,2
T5,4,1,128,1
T6,5,1,80,4
T7,6,0,200,5
[255]
T1,0,0,186,2
T2,1,0,200,23
T3,2,0,54,2
T4,3,1,45,1
T5,4,1,93,2
T6,5,0,135,6
T7,6,0,160,11
[256]
T1,0,0,26,1
T2,1,0,81,2
T3,2,0,150,2
T4,3,1,180,3
T5,4,1,21,2
T6,5,0,200,5
T7,6,0,125,7
[257]
T1,0,1,27,2
T2,1,0,180,3
T3,2,1,162,1
T4,3,0,200,8
T5,4,1,40,2
T6,5,0,66,4
T7,6,0,120,8
[258]
T1,0,1,200,5
T2,1,1,72,2
T3,2,1,186,3
T4,3,0,110,9
T5,4,0,50,3
T6,5,0,48,4
T7,6,0,150,2
[259]
T1,0,1,23,1
T2,1,1,35,3
T3,2,0,200,6
T4,3,0,96,2
T5,4,0,138,7
T6,5,1,184,1
T7,6,1,180,3
[260]
T1,0,0,62,1
T2,1,1,150,1
T3,2,1,50,7
T4,3,1,184,1
T5,4,1,69,2
T6,5,1,20,2
T7,6,0,200,7
[261]
T1,0,1,150,1
T2,1,0,45,2
T3,2,0,195,2
T4,3,0,130,2
T5,4,1,200,35
T6,5,1,62,2
T7,6,1,20,2
[262]
T1,0,0,66,2
T2,1,0,80,4
T3,2,0,50,5
T4,3,0,200,12
T5,4,1,175,2
T6,5,1,22,2
T7,6,0,168,1
[263]
T1,0,1,45,3
T2,1,0,80,2
T3,2,1,160,24
T4,3,0,200,2
T5,4,0,20,2
T6,5,0,189,1
T7,6,0,63,1
[264]
T1,0,1,22,1
T2,1,1,117,3
T3,2,1,40,1
T4,3,0,180,19
T5,4,0,156,2
T6,5,1,116,1
T7,6,1,200,13
[265]
T1,0,1,65,6
T2,1,1,156,4
T3,2,1,195,1
T4,3,0,50,2
T5,4,0,124,3
T6,5,0,200,12
T7,6,1,30,2
[266]
T1,0,1,100,4
T2,1,0,200,3
T3,2,0,38,2
T4,3,1,192,33
T5,4,1,41,1
T6,5,0,84,2
T7,6,1,192,3
[267]
T1,0,0,46,1
T2,1,0,136,2
T3,2,0,150,9
T4,3,1,156,2
T5,4,0,125,7
T6,5,1,25,3
T7,6,1,200,2
[268]
T1,0,0,150,2
T2,1,0,200,7
T3,2,1,162,2
T4,3,1,27,2
T5,4,1,84,4
T6,5,1,96,2
T7,6,0,35,2
[269]
T1,0,0,112,1
T2,1,1,165,12
T3,2,1,105,2
T4,3,1,32,2
T5,4,0,180,3
T6,5,1,24,2
T7,6,1,200,22
[270]
T1,0,1,200,10
T2,1,1,45,2
T3,2,0,187,1
T4,3,1,30,2
T5,4,0,60,8
T6,5,1,102,2
T7,6,0,198,6
[271]
T1,0,0,42,1
T2,1,1,90,7
T3,2,0,189,8
T4,3,1,48,3
T5,4,1,200,3
T6,5,1,75,1
T7,6,0,196,4
[272]
T1,0,1,64,1
T2,1,0,31,2
T3,2,0,36,1
T4,3,1,192,1
T5,4,1,120,4
T6,5,1,184,14
T7,6,1,200,21
[273]
T1,0,0,100,2
T2,1,0,124,5
T3,2,1,200,6
T4,3,1,155,3
T5,4,0,29,2
T6,5,1,34,2
T7,6,1,186,8
[274]
T1,0,0,200,4
T2,1,1,148,1
T3,2,1,105,3
T4,3,0,45,2
T5,4,0,180,16
T6,5,0,74,4
T7,6,0,25,2
[275]
T1,0,0,187,19
T2,1,1,200,5
T3,2,1,24,2
T4,3,1,165,9
T5,4,0,26,1
T6,5,0,100,1
T7,6,0,56,1
[276]
T1,0,0,136,2
T2,1,1,196,4
T3,2,0,175,19
T4,3,0,56,2
T5,4,0,24,2
T6,5,0,52,2
T7,6,1,200,12
[277]
T1,0,1,66,5
T2,1,1,160,12
T3,2,1,28,2
T4,3,1,200,14
T5,4,0,165,4
T6,5,0,140,1
T7,6,1,29,2
[278]
T1,0,0,108,7
T2,1,0,56,6
T3,2,0,44,3
T4,3,0,189,2
T5,4,0,24,2
T6,5,0,200,2
T7,6,0,150,2
[279]
T1,0,1,168,20
T2,1,1,80,2
T3,2,0,153,1
T4,3,1,200,17
T5,4,0,32,2
T6,5,1,33,1
T7,6,1,126,3
[280]
T1,0,0,75,4
T2,1,1,39,2
T3,2,0,165,13
T4,3,0,138,1
T5,4,1,200,8
T6,5,1,150,2
T7,6,1,20,2
[281]
T1,0,1,45,2
T2,1,0,74,2
T3,2,0,100,5
T4,3,0,152,3
T5,4,0,32,2
T6,5,0,185,5
T7,6,0,200,5
[282]
T1,0,1,200,22
T2,1,0,165,4
T3,2,0,21,2
T4,3,0,152,2
T5,4,1,26,2
T6,5,1,88,2
T7,6,0,55,3
[283]
T1,0,0,200,10
T2,1,0,121,2
T3,2,0,156,2
T4,3,1,165,9
T5,4,0,30,2
T6,5,1,43,3
T7,6,0,120,9
[284]
T1,0,0,43,2
T2,1,1,35,2
T3,2,0,165,7
T4,3,1,95,3
T5,4,1,190,6
T6,5,1,200,4
T7,6,1,77,6
[285]
T1,0,1,75,1
T2,1,1,200,3
T3,2,1,31,2
T4,3,0,47,2
T5,4,1,84,5
T6,5,1,180,28
T7,6,1,168,3
[286]
T1,0,1,152,10
T2,1,0,56,2
T3,2,1,28,2
T4,3,0,200,4
T5,4,1,110,2
T6,5,0,29,2
T7,6,1,176,8
[287]
T1,0,0,112,3
T2,1,0,159,2
T3,2,1,70,2
T4,3,1,53,7
T5,4,1,36,1
T6,5,0,200,9
T7,6,0,160,7
[288]
T1,0,1,195,16
T2,1,1,156,11
T3,2,0,200,1
T4,3,1,54,1
T5,4,0,91,4
T6,5,1,65,2
T7,6,1,26,2
[289]
T1,0,1,154,11
T2,1,0,105,8
T3,2,1,105,3
T4,3,0,45,2
T5,4,0,200,2
T6,5,1,40,2
T7,6,1,176,16
[290]
T1,0,0,31,2
T2,1,1,200,14
T3,2,0,21,2
T4,3,0,190,2
T5,4,1,72,4
T6,5,1,133,6
T7,6,1,190,1
[291]
T1,0,0,81,6
T2,1,1,60,3
T3,2,1,25,1
T4,3,1,175,2
T5,4,1,32,2
T6,5,1,200,11
T7,6,1,162,6
[292]
T1,0,1,28,2
T2,1,0,200,2
T3,2,0,56,2
T4,3,0,162,6
T5,4,0,33,2
T6,5,1,162,33
T7,6,1,144,1
[293]
T1,0,1,200,2
T2,1,0,192,15
T3,2,1,45,2
T4,3,0,144,7
T5,4,0,183,4
T6,5,0,44,2
T7,6,1,122,6
[294]
T1,0,0,150,6
T2,1,1,90,6
T3,2,1,156,10
T4,3,0,65,2
T5,4,1,53,2
T6,5,1,32,1
T7,6,1,200,2
[295]
T1,0,1,32,2
T2,1,1,40,2
T3,2,0,88,5
T4,3,0,96,7
T5,4,1,150,4
T6,5,0,185,2
T7,6,0,200,12
[296]
T1,0,0,183,7
T2,1,1,183,2
T3,2,0,24,2
T4,3,0,64,2
T5,4,0,80,2
T6,5,1,20,2
T7,6,1,200,38
[297]
T1,0,0,90,3
T2,1,1,164,4
T3,2,0,200,5
T4,3,0,37,2
T5,4,0,198,19
T6,5,1,25,2
T7,6,1,72,5
[298]
T1,0,1,198,3
T2,1,0,162,3
T3,2,0,200,8
T4,3,1,30,3
T5,4,0,100,4
T6,5,0,48,2
T7,6,1,81,2
[299]
T1,0,1,200,12
T2,1,0,25,1
T3,2,1,37,2
T4,3,0,144,2
T5,4,1,120,13
T6,5,0,176,2
T7,6,0,192,7
[300]
T1,0,1,175,7
T2,1,1,56,1
T3,2,1,27,2
T4,3,1,150,2
T5,4,1,115,7
T6,5,1,30,2
T7,6,0,200,15
[301]
T1,0,1,96,8
T2,1,0,32,1
T3,2,0,49,3
T4,3,0,176,1
T5,4,1,120,2
T6,5,0,200,10
T7,6,1,185,7
[302]
T1,0,1,170,1
T2,1,0,200,5
T3,2,0,50,2
T4,3,0,60,2
T5,4,0,25,2
T6,5,1,171,27
T7,6,1,75,2
[303]
T1,0,0,27,2
T2,1,1,116,8
T3,2,0,144,10
T4,3,1,54,2
T5,4,1,180,3
T6,5,0,162,4
T7,6,1,200,1
[304]
T1,0,0,42,4
T2,1,1,50,2
T3,2,0,200,9
T4,3,0,190,10
T5,4,0,145,1
T6,5,0,180,5
T7,6,1,76,2
[305]
T1,0,0,200,2
T2,1,0,55,7
T3,2,1,150,1
T4,3,0,50,2
T5,4,0,23,2
T6,5,1,168,12
T7,6,0,70,2
[306]
T1,0,1,70,2
T2,1,0,96,9
T3,2,1,48,3
T4,3,0,200,2
T5,4,1,150,5
T6,5,1,190,2
T7,6,1,50,2
[307]
T1,0,0,48,1
T2,1,1,44,2
T3,2,0,192,8
T4,3,0,176,2
T5,4,0,70,4
T6,5,1,100,8
T7,6,0,200,10
[308]
T1,0,1,47,2
T2,1,1,180,6
T3,2,1,30,2
T4,3,0,200,9
T5,4,0,56,1
T6,5,0,177,12
T7,6,1,60,2
[309]
T1,0,1,196,3
T2,1,0,154,22
T3,2,1,49,2
T4,3,1,200,1
T5,4,0,132,2
T6,5,1,53,3
T7,6,1,112,2
[310]
T1,0,1,165,3
T2,1,0,196,2
T3,2,0,72,8
T4,3,1,44,3
T5,4,0,200,2
T6,5,1,110,7
T7,6,1,24,2
[311]
T1,0,0,56,1
T2,1,0,175,4
T3,2,0,40,2
T4,3,0,200,16
T5,4,1,24,1
T6,5,0,70,5
T7,6,1,193,2
[312]
T1,0,1,28,2
T2,1,0,140,6
T3,2,1,168,4
T4,3,0,49,2
T5,4,0,125,1
T6,5,1,200,1
T7,6,1,161,12
[313]
T1,0,0,189,2
T2,1,1,200,1
T3,2,0,22,2
T4,3,1,72,5
T5,4,1,168,2
T6,5,0,75,11
T7,6,0,40,1
[314]
T1,0,0,65,3
T2,1,0,52,2
T3,2,1,175,16
T4,3,0,28,2
T5,4,1,56,1
T6,5,1,200,2
T7,6,0,182,17
[315]
T1,0,1,91,2
T2,1,1,168,2
T3,2,1,200,7
T4,3,1,20,1
T5,4,1,175,19
T6,5,1,38,2
T7,6,0,72,1
[316]
T1,0,0,24,1
T2,1,1,80,1
T3,2,0,46,3
T4,3,1,176,9
T5,4,1,57,3
T6,5,0,190,4
T7,6,0,200,2
[317]
T1,0,0,76,4
T2,1,0,152,2
T3,2,0,165,10
T4,3,0,114,1
T5,4,1,44,6
T6,5,0,29,2
T7,6,0,200,2
[318]
T1,0,0,195,20
T2,1,0,69,2
T3,2,1,150,1
T4,3,0,23,2
T5,4,1,138,3
T6,5,0,27,2
T7,6,0,200,22
[319]
T1,0,0,45,1
T2,1,1,150,4
T3,2,0,175,17
T4,3,0,81,2
T5,4,1,51,2
T6,5,1,64,2
T7,6,1,200,6
[320]
T1,0,0,22,1
T2,1,0,140,1
T3,2,1,150,8
T4,3,0,200,1
T5,4,0,175,13
T6,5,1,32,2
T7,6,0,66,1
[321]
T1,0,1,150,6
T2,1,0,190,20
T3,2,1,200,6
T4,3,1,76,2
T5,4,1,88,2
T6,5,1,25,1
T7,6,0,49,2
[322]
T1,0,1,155,2
T2,1,0,50,2
T3,2,0,175,17
T4,3,1,147,4
T5,4,1,70,1
T6,5,0,45,3
T7,6,1,200,7
[323]
T1,0,1,40,2
T2,1,1,182,1
T3,2,0,24,2
T4,3,0,128,2
T5,4,1,80,1
T6,5,1,195,3
T7,6,1,200,27
[324]
T1,0,0,91,2
T2,1,0,195,13
T3,2,1,200,2
T4,3,0,28,1
T5,4,0,140,9
T6,5,1,192,17
T7,6,1,35,2
[325]
T1,0,1,115,7
T2,1,0,180,1
T3,2,0,200,18
T4,3,1,60,2
T5,4,1,41,1
T6,5,0,46,1
T7,6,1,162,5
[326]
T1,0,1,40,2
T2,1,0,48,2
T3,2,0,200,8
T4,3,1,143,6
T5,4,0,182,7
T6,5,1,168,22
T7,6,1,100,2
[327]
T1,0,0,200,2
T2,1,1,156,7
T3,2,1,25,1
T4,3,1,104,8
T5,4,1,43,2
T6,5,1,195,1
T7,6,1,88,8
[328]
T1,0,1,48,4
T2,1,1,47,4
T3,2,1,99,2
T4,3,0,198,4
T5,4,1,168,5
T6,5,1,200,10
T7,6,1,84,2
[329]
T1,0,1,196,2
T2,1,1,154,5
T3,2,1,98,1
T4,3,1,22,1
T5,4,0,46,4
T6,5,1,126,8
T7,6,0,200,4
[330]
T1,0,0,52,4
T2,1,0,192,3
T3,2,0,72,2
T4,3,0,150,3
T5,4,0,65,5
T6,5,0,50,1
T7,6,1,200,11
[331]
T1,0,1,90,2
T2,1,1,27,1
T3,2,1,176,2
T4,3,0,180,9
T5,4,1,54,5
T6,5,0,40,1
T7,6,0,200,6
[332]
T1,0,0,200,26
T2,1,1,148,2
T3,2,1,60,2
T4,3,0,180,5
T5,4,1,140,4
T6,5,0,25,2
T7,6,0,25,1
[333]
T1,0,0,200,11
T2,1,1,48,2
T3,2,1,152,8
T4,3,0,55,2
T5,4,1,171,8
T6,5,0,72,2
T7,6,0,29,1
[334]
T1,0,1,130,4
T2,1,1,200,14
T3,2,0,28,2
T4,3,0,154,9
T5,4,1,47,1
T6,5,0,160,13
T7,6,1,112,2
[335]
T1,0,1,49,2
T2,1,1,150,17
T3,2,1,26,2
T4,3,0,140,4
T5,4,1,200,2
T6,5,1,108,2
T7,6,1,189,23
[336]
T1,0,1,200,23
T2,1,1,150,4
T3,2,0,31,1
T4,3,1,20,2
T5,4,0,190,1
T6,5,1,75,2
T7,6,0,60,1
[337]
T1,0,0,52,1
T2,1,0,189,5
T3,2,0,50,2
T4,3,1,165,18
T5,4,0,135,2
T6,5,0,200,2
T7,6,0,55,2
[338]
T1,0,0,30,1
T2,1,1,63,1
T3,2,0,200,13
T4,3,1,175,2
T5,4,0,86,2
T6,5,0,42,3
T7,6,0,180,8
[339]
T1,0,1,50,4
T2,1,0,200,1
T3,2,0,184,9
T4,3,0,51,1
T5,4,0,100,2
T6,5,0,184,2
T7,6,1,62,5
[340]
T1,0,1,104,2
T2,1,1,150,10
T3,2,0,200,1
T4,3,0,32,2
T5,4,0,45,5
T6,5,1,150,2
T7,6,0,135,2
[341]
T1,0,1,182,8
T2,1,0,75,11
T3,2,1,80,4
T4,3,1,200,2
T5,4,1,35,1
T6,5,1,28,2
T7,6,1,189,1
[342]
T1,0,1,176,6
T2,1,1,44,2
T3,2,0,114,1
T4,3,1,176,11
T5,4,1,47,2
T6,5,1,66,1
T7,6,1,200,28
[343]
T1,0,1,100,2
T2,1,0,120,2
T3,2,1,21,2
T4,3,1,180,24
T5,4,0,200,7
T6,5,0,22,2
T7,6,1,186,9
[344]
T1,0,0,132,1
T2,1,0,132,1
T3,2,0,50,2
T4,3,1,32,2
T5,4,1,200,2
T6,5,1,165,8
T7,6,0,175,17
[345]
T1,0,1,165,6
T2,1,0,200,8
T3,2,0,46,1
T4,3,0,24,1
T5,4,0,152,11
T6,5,1,57,1
T7,6,1,125,2
[346]
T1,0,1,105,4
T2,1,1,20,3
T3,2,0,52,2
T4,3,0,200,3
T5,4,0,165,2
T6,5,1,195,3
T7,6,0,66,1
[347]
T1,0,0,54,1
T2,1,0,22,1
T3,2,1,200,20
T4,3,1,195,2
T5,4,0,110,4
T6,5,0,130,2
T7,6,0,198,1
[348]
T1,0,0,62,1
T2,1,0,106,3
T3,2,0,40,2
T4,3,0,186,7
T5,4,1,155,2
T6,5,0,200,4
T7,6,1,37,5
[349]
T1,0,0,78,2
T2,1,1,200,5
T3,2,0,78,6
T4,3,1,195,1
T5,4,1,171,6
T6,5,1,38,2
T7,6,1,44,5
[350]
T1,0,0,26,2
T2,1,0,150,7
T3,2,0,70,1
T4,3,1,34,2
T5,4,1,200,7
T6,5,1,140,8
T7,6,1,168,2
[351]
T1,0,0,100,1
T2,1,1,42,3
T3,2,0,168,8
T4,3,0,27,2
T5,4,1,60,2
T6,5,0,156,6
T7,6,0,200,1
[352]
T1,0,1,148,18
T2,1,0,200,19
T3,2,0,109,2
T4,3,0,148,2
T5,4,0,40,2
T6,5,0,38,2
T7,6,0,100,2
[353]
T1,0,0,200,23
T2,1,1,150,3
T3,2,0,189,1
T4,3,1,21,1
T5,4,0,27,1
T6,5,1,112,2
T7,6,1,66,2
[354]
T1,0,1,105,2
T2,1,0,42,2
T3,2,0,40,2
T4,3,1,195,34
T5,4,0,165,8
T6,5,0,130,1
T7,6,1,200,9
[355]
T1,0,1,57,2
T2,1,0,135,9
T3,2,0,180,11
T4,3,0,30,1
T5,4,0,53,1
T6,5,1,200,10
T7,6,0,152,2
[356]
T1,0,1,26,1
T2,1,0,196,2
T3,2,0,60,4
T4,3,1,50,3
T5,4,0,150,9
T6,5,0,116,2
T7,6,1,200,5
[357]
T1,0,0,152,22
T2,1,0,109,5
T3,2,1,200,2
T4,3,0,50,2
T5,4,1,109,4
T6,5,0,152,4
T7,6,0,32,2
[358]
T1,0,0,106,3
T2,1,0,20,2
T3,2,1,150,10
T4,3,0,176,7
T5,4,1,120,8
T6,5,1,41,2
T7,6,0,200,2
[359]
T1,0,0,20,1
T2,1,1,156,8
T3,2,1,22,1
T4,3,0,195,3
T5,4,0,75,2
T6,5,1,200,5
T7,6,1,90,5
[360]
T1,0,1,40,2
T2,1,0,180,18
T3,2,0,48,2
T4,3,1,72,5
T5,4,1,150,1
T6,5,1,115,3
T7,6,0,200,10
[361]
T1,0,1,148,2
T2,1,1,66,2
T3,2,1,37,6
T4,3,0,31,2
T5,4,1,75,2
T6,5,1,200,2
T7,6,0,150,1
[362]
T1,0,1,99,1
T2,1,0,42,2
T3,2,1,88,5
T4,3,1,176,4
T5,4,0,200,10
T6,5,1,25,2
T7,6,1,198,22
[363]
T1,0,1,30,2
T2,1,1,198,3
T3,2,0,138,3
T4,3,1,50,2
T5,4,1,66,4
T6,5,1,165,23
T7,6,0,200,4
[364]
T1,0,1,154,10
T2,1,0,200,4
T3,2,0,39,2
T4,3,0,147,20
T5,4,0,112,4
T6,5,1,24,2
T7,6,0,110,1
[365]
T1,0,1,170,2
T2,1,0,85,9
T3,2,0,26,2
T4,3,0,200,22
T5,4,1,65,1
T6,5,0,24,2
T7,6,1,180,2
[366]
T1,0,0,200,17
T2,1,0,63,3
T3,2,0,41,2
T4,3,0,175,11
T5,4,0,51,1
T6,5,1,102,3
T7,6,1,189,4
[367]
T1,0,1,140,5
T2,1,0,84,5
T3,2,0,174,3
T4,3,0,28,2
T5,4,0,180,2
T6,5,0,50,3
T7,6,1,200,2
[368]
T1,0,1,70,2
T2,1,0,187,12
T3,2,0,200,1
T4,3,1,37,3
T5,4,0,85,4
T6,5,1,21,2
T7,6,1,175,11
[369]
T1,0,1,32,1
T2,1,0,198,4
T3,2,0,100,4
T4,3,0,164,8
T5,4,0,200,5
T6,5,1,33,3
T7,6,1,90,2
[370]
T1,0,0,39,1
T2,1,0,70,10
T3,2,0,135,5
T4,3,1,48,2
T5,4,0,150,2
T6,5,1,180,8
T7,6,0,200,2
[371]
T1,0,0,39,1
T2,1,0,200,2
T3,2,1,60,3
T4,3,0,39,2
T5,4,0,100,2
T6,5,0,180,10
T7,6,1,150,7
[372]
T1,0,1,120,2
T2,1,1,196,9
T3,2,1,200,12
T4,3,1,144,10
T5,4,0,175,5
T6,5,0,28,2
T7,6,0,52,2
[373]
T1,0,0,180,2
T2,1,0,195,8
T3,2,0,24,1
T4,3,0,200,9
T5,4,0,105,1
T6,5,1,54,4
T7,6,1,117,4
[374]
T1,0,1,28,2
T2,1,1,43,7
T3,2,0,168,1
T4,3,0,65,1
T5,4,0,196,2
T6,5,1,84,1
T7,6,0,200,5
[375]
T1,0,1,175,4
T2,1,1,100,4
T3,2,0,45,1
T4,3,0,30,2
T5,4,1,200,2
T6,5,1,75,7
T7,6,0,170,3
[376]
T1,0,0,88,3
T2,1,0,200,9
T3,2,1,26,2
T4,3,0,33,2
T5,4,1,168,20
T6,5,0,154,5
T7,6,0,95,1
[377]
T1,0,1,80,2
T2,1,0,54,1
T3,2,0,110,3
T4,3,0,180,12
T5,4,0,25,2
T6,5,0,200,8
T7,6,0,184,20
[378]
T1,0,0,48,1
T2,1,1,140,1
T3,2,0,200,12
T4,3,1,70,1
T5,4,1,52,7
T6,5,1,180,4
T7,6,1,152,2
[379]
T1,0,0,46,2
T2,1,1,200,6
T3,2,1,36,2
T4,3,0,75,3
T5,4,0,160,20
T6,5,0,140,2
T7,6,1,171,4
[380]
T1,0,1,98,5
T2,1,1,93,5
T3,2,0,42,2
T4,3,1,45,2
T5,4,0,196,11
T6,5,0,186,15
T7,6,0,200,1
[381]
T1,0,0,200,2
T2,1,1,30,2
T3,2,1,187,4
T4,3,0,49,2
T5,4,1,85,1
T6,5,1,175,26
T7,6,1,55,2
[382]
T1,0,1,110,9
T2,1,0,200,2
T3,2,1,150,5
T4,3,1,190,2
T5,4,0,132,4
T6,5,1,48,1
T7,6,0,30,2
[383]
T1,0,1,35,1
T2,1,0,161,2
T3,2,0,200,3
T4,3,1,112,2
T5,4,1,175,8
T6,5,0,112,12
T7,6,0,33,2
[384]
T1,0,0,20,2
T2,1,0,125,12
T3,2,0,175,11
T4,3,0,83,6
T5,4,1,200,5
T6,5,1,37,2
T7,6,1,175,2
[385]
T1,0,0,90,3
T2,1,0,175,11
T3,2,0,200,2
T4,3,1,52,2
T5,4,0,140,9
T6,5,1,168,6
T7,6,1,44,3
[386]
T1,0,0,81,2
T2,1,1,180,10
T3,2,1,180,20
T4,3,0,86,2
T5,4,0,20,2
T6,5,0,200,9
T7,6,1,24,1
[387]
T1,0,0,46,2
T2,1,0,150,1
T3,2,0,200,39
T4,3,0,90,1
T5,4,0,189,1
T6,5,0,75,2
T7,6,1,36,1
[388]
T1,0,0,40,3
T2,1,1,200,8
T3,2,0,147,3
T4,3,1,77,1
T5,4,0,63,3
T6,5,0,39,2
T7,6,0,154,10
[389]
T1,0,0,85,1
T2,1,0,185,12
T3,2,1,136,3
T4,3,1,48,2
T5,4,1,185,23
T6,5,0,36,2
T7,6,0,200,1
[390]
T1,0,1,53,1
T2,1,1,35,2
T3,2,1,56,1
T4,3,0,175,6
T5,4,1,200,34
T6,5,0,65,1
T7,6,0,180,3
[391]
T1,0,1,200,13
T2,1,1,196,3
T3,2,0,180,1
T4,3,1,40,2
T5,4,0,105,11
T6,5,0,54,2
T7,6,1,24,2
[392]
T1,0,1,189,1
T2,1,0,168,2
T3,2,0,120,2
T4,3,0,27,2
T5,4,1,200,8
T6,5,1,22,2
T7,6,0,60,7
[393]
T1,0,0,105,7
T2,1,1,114,2
T3,2,0,152,8
T4,3,0,22,2
T5,4,1,200,4
T6,5,1,27,1
T7,6,1,189,6
[394]
T1,0,1,81,2
T2,1,0,200,7
T3,2,1,180,8
T4,3,0,54,3
T5,4,0,145,2
T6,5,1,24,2
T7,6,1,162,1
[395]
T1,0,0,34,2
T2,1,1,180,24
T3,2,1,92,8
T4,3,0,85,2
T5,4,0,184,2
T6,5,0,23,2
T7,6,1,200,6
[396]
T1,0,1,200,1
T2,1,0,78,3
T3,2,0,104,1
T4,3,0,50,6
T5,4,0,183,2
T6,5,0,32,2
T7,6,0,195,3
[397]
T1,0,0,180,2
T2,1,1,200,35
T3,2,0,177,1
T4,3,1,47,2
T5,4,0,100,2
T6,5,1,20,2
T7,6,0,108,6
[398]
T1,0,1,42,1
T2,1,0,156,10
T3,2,1,175,9
T4,3,1,110,6
T5,4,0,200,3
T6,5,0,110,3
T7,6,0,28,1
[399]
T1,0,0,160,3
T2,1,0,30,2
T3,2,0,93,4
T4,3,0,156,2
T5,4,1,78,5
T6,5,1,200,14
T7,6,1,23,1
[400]
T1,0,1,150,7
T2,1,0,48,2
T3,2,0,91,2
T4,3,1,168,13
T5,4,1,26,2
T6,5,0,200,8
T7,6,1,70,2
[401]
T1,0,1,189,2
T2,1,1,200,2
T3,2,0,133,15
T4,3,1,175,17
T5,4,0,50,1
T6,5,1,38,2
T7,6,0,100,3
[402]
T1,0,1,75,2
T2,1,1,200,6
T3,2,0,95,2
T4,3,1,24,1
T5,4,0,171,13
T6,5,0,39,2
T7,6,0,168,2
[403]
T1,0,0,75,1
T2,1,1,48,4
T3,2,0,200,11
T4,3,1,48,3
T5,4,1,180,3
T6,5,0,75,2
T7,6,0,181,1
[404]
T1,0,0,133,2
T2,1,0,95,13
T3,2,1,50,3
T4,3,0,200,1
T5,4,1,182,7
T6,5,1,175,3
T7,6,1,53,1
[405]
T1,0,1,120,2
T2,1,0,189,7
T3,2,1,44,3
T4,3,0,189,5
T5,4,1,200,19
T6,5,0,84,2
T7,6,1,21,2
[406]
T1,0,0,25,2
T2,1,1,200,8
T3,2,1,175,7
T4,3,1,70,2
T5,4,0,126,4
T6,5,0,27,2
T7,6,1,150,3
[407]
T1,0,1,47,4
T2,1,0,200,5
T3,2,0,176,19
T4,3,0,120,4
T5,4,0,21,2
T6,5,1,176,2
T7,6,1,72,2
[408]
T1,0,0,24,2
T2,1,1,60,2
T3,2,1,162,2
T4,3,1,200,17
T5,4,0,152,16
T6,5,0,135,2
T7,6,1,45,2
[409]
T1,0,1,53,2
T2,1,0,124,10
T3,2,0,200,7
T4,3,1,180,6
T5,4,0,50,1
T6,5,0,90,2
T7,6,0,186,18
[410]
T1,0,0,63,2
T2,1,0,21,1
T3,2,0,120,7
T4,3,1,175,7
T5,4,1,52,2
T6,5,0,200,1
T7,6,0,159,11
[411]
T1,0,1,95,3
T2,1,0,190,3
T3,2,1,21,2
T4,3,1,200,9
T5,4,0,160,2
T6,5,1,76,10
T7,6,1,46,2
[412]
T1,0,1,24,2
T2,1,1,138,1
T3,2,1,200,2
T4,3,0,100,3
T5,4,1,161,3
T6,5,1,36,4
T7,6,0,184,8
[413]
T1,0,1,196,7
T2,1,0,88,4
T3,2,0,33,2
T4,3,0,90,9
T5,4,1,200,2
T6,5,0,168,13
T7,6,1,32,2
[414]
T1,0,1,110,13
T2,1,1,180,8
T3,2,1,68,1
T4,3,1,38,2
T5,4,0,24,2
T6,5,1,200,4
T7,6,1,150,9
[415]
T1,0,1,27,3
T2,1,1,31,1
T3,2,0,200,4
T4,3,1,124,10
T5,4,0,168,2
T6,5,1,75,1
T7,6,0,160,1
[416]
T1,0,0,102,8
T2,1,0,25,2
T3,2,1,38,2
T4,3,0,175,1
T5,4,0,150,7
T6,5,1,200,7
T7,6,1,104,1
[417]
T1,0,1,35,1
T2,1,1,80,9
T3,2,1,192,4
T4,3,0,92,2
T5,4,1,30,2
T6,5,1,160,6
T7,6,0,200,2
[418]
T1,0,0,179,5
T2,1,0,200,18
T3,2,1,150,9
T4,3,1,40,2
T5,4,1,54,4
T6,5,0,23,2
T7,6,1,72,2
[419]
T1,0,1,189,1
T2,1,1,100,9
T3,2,0,54,2
T4,3,1,37,1
T5,4,0,200,2
T6,5,1,175,11
T7,6,1,98,3
[420]
T1,0,0,198,18
T2,1,0,175,2
T3,2,0,88,2
T4,3,0,200,19
T5,4,1,52,2
T6,5,1,110,2
T7,6,0,40,1
[421]
T1,0,1,100,4
T2,1,1,200,7
T3,2,0,45,1
T4,3,1,199,2
T5,4,0,90,4
T6,5,1,199,3
T7,6,1,48,5
[422]
T1,0,1,40,1
T2,1,0,148,1
T3,2,0,53,6
T4,3,0,168,11
T5,4,0,200,2
T6,5,1,74,2
T7,6,1,74,5
[423]
T1,0,0,37,2
T2,1,1,200,16
T3,2,0,78,2
T4,3,0,156,16
T5,4,1,113,2
T6,5,0,156,2
T7,6,0,50,2
[424]
T1,0,0,48,3
T2,1,0,150,2
T3,2,0,198,4
T4,3,1,49,2
T5,4,1,99,2
T6,5,0,200,20
T7,6,1,132,4
[425]
T1,0,1,108,4
T2,1,1,200,18
T3,2,1,162,1
T4,3,0,52,1
T5,4,0,39,3
T6,5,1,90,2
T7,6,0,150,3
[426]
T1,0,0,37,1
T2,1,1,200,2
T3,2,0,54,2
T4,3,0,27,1
T5,4,1,189,19
T6,5,1,184,5
T7,6,1,75,4
[427]
T1,0,1,195,7
T2,1,0,200,3
T3,2,0,56,2
T4,3,1,44,6
T5,4,0,90,2
T6,5,0,27,1
T7,6,0,168,7
[428]
T1,0,1,104,12
T2,1,0,38,1
T3,2,0,40,1
T4,3,1,130,10
T5,4,0,172,1
T6,5,1,200,3
T7,6,1,175,3
[429]
T1,0,1,85,5
T2,1,0,150,2
T3,2,0,75,5
T4,3,1,49,3
T5,4,1,48,2
T6,5,0,162,2
T7,6,0,200,12
[430]
T1,0,1,57,2
T2,1,1,33,2
T3,2,0,25,2
T4,3,1,200,38
T5,4,0,114,2
T6,5,0,185,1
T7,6,0,185,14
[431]
T1,0,1,180,24
T2,1,1,20,1
T3,2,0,200,8
T4,3,1,120,2
T5,4,1,21,2
T6,5,1,56,1
T7,6,0,160,2
[432]
T1,0,0,200,6
T2,1,1,195,7
T3,2,1,36,1
T4,3,1,20,2
T5,4,1,128,1
T6,5,1,112,4
T7,6,1,195,2
[433]
T1,0,0,112,7
T2,1,1,192,2
T3,2,0,20,2
T4,3,1,168,2
T5,4,0,200,2
T6,5,0,56,4
T7,6,1,46,1
[434]
T1,0,1,36,1
T2,1,0,69,1
T3,2,1,75,1
T4,3,0,196,13
T5,4,1,50,4
T6,5,1,168,4
T7,6,1,200,8
[435]
T1,0,0,200,28
T2,1,0,75,2
T3,2,1,30,1
T4,3,0,166,1
T5,4,1,150,2
T6,5,0,52,1
T7,6,1,56,3
[436]
T1,0,1,175,9
T2,1,1,25,2
T3,2,0,200,1
T4,3,1,28,2
T5,4,0,84,2
T6,5,1,136,2
T7,6,0,196,2
[437]
T1,0,0,80,2
T2,1,0,31,2
T3,2,1,132,9
T4,3,1,176,12
T5,4,0,160,9
T6,5,0,48,1
T7,6,0,200,11
[438]
T1,0,0,165,1
T2,1,0,189,3
T3,2,0,200,2
T4,3,1,110,8
T5,4,0,20,2
T6,5,0,75,7
T7,6,1,53,3
[439]
T1,0,1,108,1
T2,1,1,175,5
T3,2,1,30,2
T4,3,1,22,2
T5,4,1,135,3
T6,5,1,171,21
T7,6,1,200,2
[440]
T1,0,0,90,1
T2,1,0,200,3
T3,2,0,36,1
T4,3,0,160,1
T5,4,0,50,3
T6,5,0,198,14
T7,6,0,81,4
[441]
T1,0,0,154,10
T2,1,0,96,2
T3,2,1,26,1
T4,3,0,200,4
T5,4,1,24,1
T6,5,0,64,2
T7,6,0,168,5
[442]
T1,0,0,42,2
T2,1,1,80,3
T3,2,0,168,9
T4,3,1,53,1
T5,4,0,147,6
T6,5,1,200,2
T7,6,1,170,17
[443]
T1,0,1,200,8
T2,1,1,47,2
T3,2,1,150,21
T4,3,1,120,2
T5,4,1,152,5
T6,5,0,40,2
T7,6,1,96,1
[444]
T1,0,1,46,2
T2,1,1,120,2
T3,2,1,196,7
T4,3,0,45,3
T5,4,0,150,4
T6,5,1,200,26
T7,6,1,56,1
[445]
T1,0,0,24,3
T2,1,1,200,18
T3,2,1,170,1
T4,3,0,56,1
T5,4,0,102,3
T6,5,0,170,2
T7,6,1,41,2
[446]
T1,0,0,30,2
T2,1,0,120,2
T3,2,0,42,2
T4,3,0,151,9
T5,4,1,150,1
T6,5,0,56,7
T7,6,0,200,6
[447]
T1,0,1,135,2
T2,1,0,165,5
T3,2,0,200,2
T4,3,1,35,5
T5,4,0,35,2
T6,5,1,99,1
T7,6,0,165,10
[448]
T1,0,1,51,3
T2,1,0,99,7
T3,2,0,49,2
T4,3,0,144,1
T5,4,0,200,17
T6,5,0,165,2
T7,6,0,165,3
[449]
T1,0,1,150,9
T2,1,0,200,2
T3,2,1,30,2
T4,3,1,184,1
T5,4,1,88,2
T6,5,0,24,2
T7,6,1,80,7
[450]
T1,0,1,40,3
T2,1,1,70,2
T3,2,1,45,2
T4,3,0,156,3
T5,4,0,200,5
T6,5,0,56,2
T7,6,1,180,13
[451]
T1,0,1,72,3
T2,1,0,120,3
T3,2,0,54,5
T4,3,1,53,1
T5,4,0,200,6
T6,5,1,156,5
T7,6,0,168,6
[452]
T1,0,0,144,4
T2,1,1,26,2
T3,2,1,40,1
T4,3,0,168,1
T5,4,1,200,7
T6,5,1,196,9
T7,6,1,90,4
[453]
T1,0,0,168,15
T2,1,1,32,2
T3,2,1,200,12
T4,3,1,22,1
T5,4,0,192,5
T6,5,1,63,3
T7,6,0,98,2
[454]
T1,0,1,28,2
T2,1,0,200,1
T3,2,1,168,20
T4,3,1,154,2
T5,4,1,44,2
T6,5,0,100,1
T7,6,0,135,9
[455]
T1,0,1,91,2
T2,1,0,52,2
T3,2,0,150,12
T4,3,0,170,4
T5,4,0,200,5
T6,5,0,85,3
T7,6,1,41,1
[456]
T1,0,1,200,13
T2,1,0,198,3
T3,2,1,44,1
T4,3,0,90,4
T5,4,0,90,2
T6,5,0,44,4
T7,6,0,174,2
[457]
T1,0,1,180,17
T2,1,0,200,2
T3,2,1,30,1
T4,3,0,100,2
T5,4,1,30,2
T6,5,1,168,15
T7,6,0,62,2
[458]
T1,0,1,186,2
T2,1,0,62,7
T3,2,0,20,2
T4,3,1,114,1
T5,4,0,200,9
T6,5,0,186,14
T7,6,1,43,2
[459]
T1,0,0,160,1
T2,1,1,190,4
T3,2,0,23,2
T4,3,1,55,1
T5,4,1,200,31
T6,5,0,44,2
T7,6,1,128,3
[460]
T1,0,0,168,10
T2,1,0,200,10
T3,2,1,36,1
T4,3,0,42,1
T5,4,0,92,3
T6,5,1,161,7
T7,6,1,115,2
[461]
T1,0,0,160,3
T2,1,1,25,1
T3,2,1,138,2
T4,3,1,47,2
T5,4,0,176,12
T6,5,1,200,14
T7,6,1,69,4
[462]
T1,0,0,200,5
T2,1,1,135,14
T3,2,1,35,2
T4,3,0,84,2
T5,4,1,184,21
T6,5,1,180,4
T7,6,1,23,2
[463]
T1,0,1,164,7
T2,1,0,200,2
T3,2,1,45,2
T4,3,1,160,15
T5,4,1,90,2
T6,5,0,27,2
T7,6,0,60,2
[464]
T1,0,1,184,2
T2,1,1,132,6
T3,2,0,200,7
T4,3,0,144,6
T5,4,0,26,1
T6,5,1,45,4
T7,6,0,176,3
[465]
T1,0,1,200,12
T2,1,1,31,2
T3,2,0,55,2
T4,3,1,165,12
T5,4,1,155,4
T6,5,0,46,1
T7,6,1,120,11
[466]
T1,0,0,189,13
T2,1,0,200,7
T3,2,0,72,2
T4,3,0,56,4
T5,4,0,198,9
T6,5,0,48,1
T7,6,0,40,2
[467]
T1,0,0,120,3
T2,1,0,179,22
T3,2,0,25,2
T4,3,1,200,2
T5,4,1,22,2
T6,5,0,179,2
T7,6,1,56,3
[468]
T1,0,1,66,6
T2,1,0,54,2
T3,2,1,200,15
T4,3,0,42,2
T5,4,0,180,8
T6,5,1,150,7
T7,6,0,120,3
[469]
T1,0,1,44,1
T2,1,0,184,28
T3,2,0,180,2
T4,3,1,138,2
T5,4,0,138,5
T6,5,0,29,1
T7,6,1,200,4
[470]
T1,0,0,190,9
T2,1,1,176,18
T3,2,1,46,3
T4,3,0,72,2
T5,4,1,50,2
T6,5,1,144,2
T7,6,1,200,2
[471]
T1,0,0,147,2
T2,1,1,200,27
T3,2,1,42,3
T4,3,0,21,2
T5,4,0,120,3
T6,5,0,152,3
T7,6,1,95,2
[472]
T1,0,1,105,4
T2,1,1,150,11
T3,2,0,35,1
T4,3,0,200,2
T5,4,1,168,2
T6,5,0,31,3
T7,6,1,87,2
[473]
T1,0,0,200,2
T2,1,1,24,2
T3,2,0,160,4
T4,3,0,90,5
T5,4,1,125,18
T6,5,0,184,6
T7,6,1,36,2
[474]
T1,0,1,100,2
T2,1,1,180,1
T3,2,0,45,4
T4,3,1,200,5
T5,4,0,38,2
T6,5,1,99,3
T7,6,0,156,7
[475]
T1,0,0,128,3
T2,1,0,64,4
T3,2,0,200,7
T4,3,1,198,8
T5,4,1,25,1
T6,5,1,20,1
T7,6,1,192,1
[476]
T1,0,0,164,15
T2,1,1,150,2
T3,2,1,45,1
T4,3,1,72,3
T5,4,0,72,2
T6,5,0,200,12
T7,6,0,36,1
[477]
T1,0,1,120,6
T2,1,1,182,2
T3,2,0,200,2
T4,3,0,100,11
T5,4,1,175,5
T6,5,1,28,2
T7,6,0,53,4
[478]
T1,0,0,160,7
T2,1,1,105,3
T3,2,1,200,9
T4,3,1,82,2
T5,4,0,160,15
T6,5,1,28,2
T7,6,0,28,2
[479]
T1,0,0,200,4
T2,1,1,150,4
T3,2,0,150,14
T4,3,1,99,7
T5,4,0,21,2
T6,5,0,100,2
T7,6,1,43,1
[480]
T1,0,1,65,2
T2,1,1,200,22
T3,2,1,21,2
T4,3,0,110,1
T5,4,0,48,2
T6,5,0,154,9
T7,6,0,156,1
[481]
T1,0,0,45,2
T2,1,0,66,2
T3,2,1,156,2
T4,3,1,200,4
T5,4,0,198,25
T6,5,0,50,3
T7,6,1,65,1
[482]
T1,0,0,189,1
T2,1,0,27,3
T3,2,0,30,2
T4,3,1,81,7
T5,4,1,189,2
T6,5,0,200,4
T7,6,1,125,2
[483]
T1,0,0,200,7
T2,1,1,161,11
T3,2,0,75,2
T4,3,1,27,2
T5,4,1,175,6
T6,5,0,35,1
T7,6,1,105,10
[484]
T1,0,0,50,1
T2,1,0,24,1
T3,2,1,80,1
T4,3,1,140,2
T5,4,1,171,8
T6,5,0,200,6
T7,6,0,150,16
[485]
T1,0,1,171,5
T2,1,0,32,1
T3,2,1,31,1
T4,3,0,75,2
T5,4,1,84,1
T6,5,1,200,20
T7,6,1,168,8
[486]
T1,0,0,85,2
T2,1,0,150,5
T3,2,0,153,9
T4,3,0,120,10
T5,4,1,200,4
T6,5,1,46,1
T7,6,0,43,2
[487]
T1,0,1,144,2
T2,1,0,150,3
T3,2,0,200,2
T4,3,0,51,2
T5,4,1,29,1
T6,5,0,153,23
T7,6,1,110,4
[488]
T1,0,0,66,8
T2,1,0,200,4
T3,2,1,152,12
T4,3,1,171,2
T5,4,1,66,2
T6,5,0,31,2
T7,6,0,22,2
[489]
T1,0,1,182,7
T2,1,1,53,2
T3,2,1,22,2
T4,3,0,200,3
T5,4,1,100,2
T6,5,1,91,6
T7,6,0,176,17
[490]
T1,0,0,80,2
T2,1,1,20,2
T3,2,0,185,2
T4,3,0,100,13
T5,4,0,200,18
T6,5,1,192,10
T7,6,1,40,2
[491]
T1,0,0,185,7
T2,1,1,185,2
T3,2,1,25,2
T4,3,1,56,2
T5,4,1,47,2
T6,5,1,144,16
T7,6,0,200,13
[492]
T1,0,1,200,2
T2,1,1,47,2
T3,2,1,175,2
T4,3,0,36,4
T5,4,0,64,1
T6,5,0,175,7
T7,6,1,120,1
[493]
T1,0,0,175,3
T2,1,1,175,4
T3,2,0,28,2
T4,3,1,111,8
T5,4,0,42,3
T6,5,0,74,2
T7,6,1,200,14
[494]
T1,0,0,53,2
T2,1,1,200,16
T3,2,0,175,11
T4,3,1,34,2
T5,4,0,168,11
T6,5,0,75,4
T7,6,1,120,2
[495]
T1,0,1,200,5
T2,1,0,189,2
T3,2,0,130,1
T4,3,0,104,19
T5,4,0,52,2
T6,5,1,156,8
T7,6,0,45,2
[496]
T1,0,1,182,3
T2,1,0,200,2
T3,2,0,175,8
T4,3,0,42,3
T5,4,0,54,1
T6,5,0,42,3
T7,6,1,63,1
[497]
T1,0,1,200,3
T2,1,0,42,2
T3,2,0,189,2
T4,3,0,140,2
T5,4,1,198,7
T6,5,1,27,2
T7,6,0,90,16
[498]
T1,0,0,50,2
T2,1,1,95,1
T3,2,1,114,2
T4,3,0,43,1
T5,4,0,184,10
T6,5,0,184,19
T7,6,1,200,13
[499]
T1,0,0,41,1
T2,1,1,135,5
T3,2,1,162,5
T4,3,1,200,14
T5,4,0,76,2
T6,5,0,152,1
T7,6,1,50,3
[500]
T1,0,0,25,1
T2,1,0,176,2
T3,2,0,176,11
T4,3,1,136,16
T5,4,1,26,2
T6,5,1,144,2
T7,6,0,200,3
