num_task_per_taskset=7
num_taskset=500
//ID,Priority,Offset,Period,Execution Time
[1]
T1,0,1,176,11
T2,1,0,60,3
T3,2,1,35,2
T4,3,0,192,6
T5,4,1,77,4
T6,5,0,200,4
T7,6,1,49,3
[2]
T1,0,1,56,2
T2,1,0,45,3
T3,2,1,160,12
T4,3,1,147,14
T5,4,0,25,2
T6,5,1,180,2
T7,6,0,200,2
[3]
T1,0,1,72,2
T2,1,0,200,9
T3,2,0,48,2
T4,3,0,120,12
T5,4,1,154,9
T6,5,0,189,2
T7,6,1,35,2
[4]
T1,0,1,182,17
T2,1,1,150,8
T3,2,1,55,4
T4,3,0,143,2
T5,4,1,200,2
T6,5,1,24,2
T7,6,1,40,2
[5]
T1,0,0,165,3
T2,1,1,40,1
T3,2,1,200,12
T4,3,1,176,17
T5,4,0,118,3
T6,5,0,39,2
T7,6,1,132,5
[6]
T1,0,1,200,16
T2,1,1,41,1
T3,2,1,176,1
T4,3,0,100,8
T5,4,0,150,2
T6,5,1,102,3
T7,6,1,20,1
[7]
T1,0,0,28,2
T2,1,1,35,1
T3,2,0,180,12
T4,3,1,105,7
T5,4,1,60,2
T6,5,0,190,6
T7,6,1,200,4
[8]
T1,0,1,192,15
T2,1,1,200,1
T3,2,0,41,1
T4,3,0,30,1
T5,4,0,105,1
T6,5,1,100,4
T7,6,1,182,13
[9]
T1,0,0,46,1
T2,1,0,200,11
T3,2,0,99,4
T4,3,1,154,15
T5,4,0,147,2
T6,5,1,20,2
T7,6,0,198,8
[10]
T1,0,1,200,7
T2,1,1,132,5
T3,2,1,154,2
T4,3,0,49,3
T5,4,0,165,3
T6,5,1,56,2
T7,6,0,42,5
[11]
T1,0,1,200,7
T2,1,1,39,2
T3,2,1,160,5
T4,3,0,195,2
T5,4,0,24,3
T6,5,1,128,1
T7,6,0,78,3
[12]
T1,0,0,110,10
T2,1,0,21,2
T3,2,1,180,5
T4,3,0,200,3
T5,4,0,55,2
T6,5,0,50,2
T7,6,1,160,11
[13]
T1,0,0,51,2
T2,1,0,175,5
T3,2,1,20,1
T4,3,1,200,1
T5,4,1,80,4
T6,5,1,80,1
T7,6,0,188,20
[14]
T1,0,1,176,10
T2,1,1,42,1
T3,2,0,55,1
T4,3,1,64,5
T5,4,0,200,2
T6,5,1,196,4
T7,6,1,50,2
[15]
T1,0,1,150,4
T2,1,0,44,2
T3,2,1,190,16
T4,3,0,78,1
T5,4,0,25,1
T6,5,1,200,20
T7,6,1,104,2
[16]
T1,0,0,150,3
T2,1,1,112,2
T3,2,1,50,3
T4,3,1,120,4
T5,4,1,42,2
T6,5,0,195,2
T7,6,1,200,19
[17]
T1,0,1,160,13
T2,1,1,180,4
T3,2,1,146,2
T4,3,0,200,2
T5,4,0,51,7
T6,5,0,120,1
T7,6,1,24,2
[18]
T1,0,1,200,1
T2,1,1,161,2
T3,2,1,184,3
T4,3,0,100,2
T5,4,0,40,2
T6,5,1,95,16
T7,6,0,23,2
[19]
T1,0,0,150,4
T2,1,0,190,6
T3,2,1,200,16
T4,3,0,57,2
T5,4,0,39,2
T6,5,0,73,3
T7,6,0,40,2
[20]
T1,0,1,45,2
T2,1,0,86,9
T3,2,1,165,9
T4,3,1,75,2
T5,4,0,41,3
T6,5,1,200,2
T7,6,1,180,6
[21]
T1,0,1,190,2
T2,1,0,125,2
T3,2,0,98,15
T4,3,1,35,1
T5,4,0,25,2
T6,5,0,200,1
T7,6,0,175,8
[22]
T1,0,1,110,6
T2,1,1,33,2
T3,2,1,188,10
T4,3,0,200,21
T5,4,0,55,1
T6,5,1,52,2
T7,6,1,180,4
[23]
T1,0,0,23,2
T2,1,0,176,6
T3,2,1,64,4
T4,3,0,115,5
T5,4,0,200,7
T6,5,1,160,2
T7,6,0,36,2
[24]
T1,0,1,171,2
T2,1,0,90,8
T3,2,0,48,2
T4,3,0,25,2
T5,4,1,200,19
T6,5,0,176,4
T7,6,1,66,2
[25]
T1,0,1,200,4
T2,1,1,198,19
T3,2,1,44,2
T4,3,1,70,2
T5,4,1,154,2
T6,5,0,96,2
T7,6,1,28,2
[26]
T1,0,1,200,33
T2,1,1,132,3
T3,2,0,32,2
T4,3,0,38,2
T5,4,0,168,5
T6,5,1,60,2
T7,6,0,160,4
[27]
T1,0,1,158,2
T2,1,0,200,5
T3,2,1,20,2
T4,3,0,51,2
T5,4,1,156,16
T6,5,1,79,3
T7,6,1,78,7
[28]
T1,0,0,44,2
T2,1,1,60,2
T3,2,1,148,1
T4,3,1,200,11
T5,4,0,88,8
T6,5,0,37,2
T7,6,1,198,13
[29]
T1,0,0,78,4
T2,1,0,30,2
T3,2,1,42,2
T4,3,0,200,15
T5,4,0,182,10
T6,5,1,140,2
T7,6,0,150,1
[30]
T1,0,1,72,6
T2,1,0,171,2
T3,2,1,152,3
T4,3,0,26,2
T5,4,0,45,2
T6,5,0,200,12
T7,6,1,88,9
[31]
T1,0,0,104,5
T2,1,0,22,1
T3,2,0,200,2
T4,3,0,195,25
T5,4,1,20,2
T6,5,0,120,1
T7,6,0,184,3
[32]
T1,0,1,36,2
T2,1,0,90,3
T3,2,1,200,2
T4,3,0,153,3
T5,4,1,76,3
T6,5,1,51,7
T7,6,0,190,3
[33]
T1,0,1,53,2
T2,1,0,100,1
T3,2,1,200,14
T4,3,0,48,2
T5,4,1,150,4
T6,5,1,161,16
T7,6,0,64,1
[34]
T1,0,0,26,2
T2,1,0,72,3
T3,2,1,150,2
T4,3,0,156,3
T5,4,0,33,2
T6,5,1,55,1
T7,6,0,200,5
[35]
T1,0,1,63,2
T2,1,0,200,7
T3,2,1,41,2
T4,3,1,160,2
T5,4,1,81,8
T6,5,1,54,2
T7,6,1,160,19
[36]
T1,0,0,200,3
T2,1,1,165,20
T3,2,0,30,2
T4,3,0,22,1
T5,4,0,75,2
T6,5,1,153,6
T7,6,0,144,2
[37]
T1,0,1,78,8
T2,1,0,192,1
T3,2,1,41,1
T4,3,1,100,8
T5,4,1,30,2
T6,5,0,180,5
T7,6,1,200,2
[38]
T1,0,1,200,2
T2,1,0,20,2
T3,2,0,85,7
T4,3,1,72,7
T5,4,0,170,7
T6,5,1,150,4
T7,6,1,29,2
[39]
T1,0,1,100,1
T2,1,1,42,4
T3,2,0,183,2
T4,3,0,46,1
T5,4,1,200,12
T6,5,1,70,5
T7,6,0,183,2
[40]
T1,0,1,200,2
T2,1,0,153,8
T3,2,1,100,7
T4,3,1,48,5
T5,4,1,102,2
T6,5,1,160,5
T7,6,0,27,2
[41]
T1,0,1,54,3
T2,1,0,70,2
T3,2,0,40,1
T4,3,0,196,7
T5,4,1,21,2
T6,5,1,200,17
T7,6,0,189,4
[42]
T1,0,0,128,9
T2,1,1,30,2
T3,2,1,100,2
T4,3,0,200,9
T5,4,0,176,2
T6,5,1,45,5
T7,6,0,176,9
[43]
T1,0,1,20,2
T2,1,0,200,10
T3,2,0,170,11
T4,3,1,117,3
T5,4,0,50,2
T6,5,0,180,23
T7,6,0,104,2
[44]
T1,0,0,189,7
T2,1,0,156,1
T3,2,1,30,2
T4,3,0,43,2
T5,4,1,200,9
T6,5,0,60,2
T7,6,1,72,4
[45]
T1,0,0,60,2
T2,1,0,200,9
T3,2,0,38,2
T4,3,0,27,2
T5,4,0,96,2
T6,5,1,156,18
T7,6,1,192,1
[46]
T1,0,1,101,2
T2,1,1,80,2
T3,2,0,28,1
T4,3,0,175,2
T5,4,1,200,1
T6,5,0,52,5
T7,6,0,168,16
[47]
T1,0,1,110,2
T2,1,1,178,7
T3,2,0,200,2
T4,3,0,30,3
T5,4,0,60,1
T6,5,1,28,2
T7,6,0,178,11
[48]
T1,0,1,160,13
T2,1,0,126,2
T3,2,0,44,2
T4,3,0,102,9
T5,4,0,34,2
T6,5,0,150,2
T7,6,0,200,1
[49]
T1,0,0,140,6
T2,1,1,108,2
T3,2,1,154,2
T4,3,1,50,1
T5,4,0,154,3
T6,5,1,21,2
T7,6,1,200,24
[50]
T1,0,1,180,12
T2,1,0,81,2
T3,2,1,200,2
T4,3,1,96,4
T5,4,0,24,2
T6,5,0,27,1
T7,6,0,180,5
[51]
T1,0,0,161,5
T2,1,0,39,1
T3,2,0,28,2
T4,3,1,184,2
T5,4,1,92,2
T6,5,0,85,2
T7,6,1,200,30
[52]
T1,0,1,100,1
T2,1,0,99,2
T3,2,1,200,17
T4,3,0,29,2
T5,4,0,175,18
T6,5,1,25,1
T7,6,0,150,3
[53]
T1,0,1,50,2
T2,1,1,42,2
T3,2,0,180,2
T4,3,0,200,29
T5,4,1,192,8
T6,5,1,135,8
T7,6,1,105,4
[54]
T1,0,1,52,2
T2,1,1,136,3
T3,2,1,200,2
T4,3,0,186,12
T5,4,1,186,15
T6,5,1,75,1
T7,6,1,40,1
[55]
T1,0,0,44,2
T2,1,1,200,3
T3,2,1,43,6
T4,3,1,176,2
T5,4,1,64,2
T6,5,0,176,10
T7,6,0,76,3
[56]
T1,0,1,47,2
T2,1,0,42,2
T3,2,0,189,7
T4,3,0,120,2
T5,4,1,120,4
T6,5,1,171,24
T7,6,1,200,7
[57]
T1,0,0,200,18
T2,1,1,37,2
T3,2,1,75,2
T4,3,0,58,4
T5,4,0,39,1
T6,5,0,174,1
T7,6,0,195,2
[58]
T1,0,1,155,12
T2,1,1,72,4
T3,2,0,186,3
T4,3,1,65,2
T5,4,0,27,1
T6,5,1,24,2
T7,6,0,200,5
[59]
T1,0,1,178,3
T2,1,1,140,22
T3,2,1,48,2
T4,3,0,23,2
T5,4,1,140,2
T6,5,1,200,17
T7,6,0,150,3
[60]
T1,0,0,200,17
T2,1,0,21,2
T3,2,0,150,5
T4,3,0,111,2
T5,4,0,44,3
T6,5,0,100,3
T7,6,1,150,6
[61]
T1,0,0,78,2
T2,1,0,24,1
T3,2,0,182,3
T4,3,1,28,1
T5,4,0,165,24
T6,5,0,75,2
T7,6,1,200,2
[62]
T1,0,0,160,2
T2,1,0,96,2
T3,2,1,200,12
T4,3,0,112,6
T5,4,1,51,1
T6,5,1,150,2
T7,6,0,20,1
[63]
T1,0,1,180,2
T2,1,0,185,5
T3,2,1,200,16
T4,3,0,43,1
T5,4,1,63,7
T6,5,1,30,2
T7,6,0,56,1
[64]
T1,0,1,21,2
T2,1,1,65,4
T3,2,0,28,2
T4,3,0,150,20
T5,4,0,160,3
T6,5,0,200,1
T7,6,0,75,2
[65]
T1,0,1,160,3
T2,1,0,154,4
T3,2,0,112,2
T4,3,1,30,3
T5,4,1,20,2
T6,5,1,98,6
T7,6,1,200,6
[66]
T1,0,0,133,1
T2,1,1,33,2
T3,2,0,200,16
T4,3,1,42,3
T5,4,1,175,5
T6,5,0,76,2
T7,6,1,175,8
[67]
T1,0,1,154,10
T2,1,0,135,2
T3,2,1,198,12
T4,3,0,35,2
T5,4,0,43,2
T6,5,1,200,10
T7,6,1,100,2
[68]
T1,0,0,42,1
T2,1,1,132,1
T3,2,0,200,7
T4,3,1,20,1
T5,4,1,182,7
T6,5,0,91,1
T7,6,0,195,13
[69]
T1,0,1,25,1
T2,1,1,90,4
T3,2,1,150,1
T4,3,1,200,18
T5,4,1,26,2
T6,5,1,90,7
T7,6,1,164,2
[70]
T1,0,1,64,2
T2,1,0,160,1
T3,2,1,90,9
T4,3,1,200,27
T5,4,1,41,2
T6,5,0,54,1
T7,6,1,175,2
[71]
T1,0,0,200,27
T2,1,0,26,1
T3,2,1,180,1
T4,3,0,135,4
T5,4,0,23,2
T6,5,0,96,4
T7,6,1,192,2
[72]
T1,0,1,136,2
T2,1,0,200,30
T3,2,1,21,1
T4,3,0,175,1
T5,4,1,136,3
T6,5,1,195,3
T7,6,1,26,2
[73]
T1,0,1,49,2
T2,1,0,152,2
T3,2,1,100,5
T4,3,1,200,11
T5,4,1,114,7
T6,5,1,20,2
T7,6,1,189,18
[74]
T1,0,0,182,3
T2,1,0,175,5
T3,2,1,63,2
T4,3,0,200,8
T5,4,1,25,1
T6,5,0,65,8
T7,6,0,30,2
[75]
T1,0,1,45,2
T2,1,1,150,4
T3,2,0,56,1
T4,3,1,72,8
T5,4,0,152,1
T6,5,1,200,9
T7,6,1,48,2
[76]
T1,0,1,192,6
T2,1,0,80,5
T3,2,0,200,15
T4,3,1,30,1
T5,4,1,198,2
T6,5,0,54,1
T7,6,0,36,1
[77]
T1,0,0,43,3
T2,1,0,20,2
T3,2,0,171,5
T4,3,1,90,3
T5,4,1,190,11
T6,5,0,87,2
T7,6,0,200,8
[78]
T1,0,1,158,4
T2,1,0,39,2
T3,2,0,100,1
T4,3,0,200,9
T5,4,1,84,2
T6,5,0,158,2
T7,6,1,36,6
[79]
T1,0,1,30,3
T2,1,1,168,2
T3,2,1,36,2
T4,3,1,126,10
T5,4,1,185,5
T6,5,1,200,7
T7,6,0,126,2
[80]
T1,0,0,47,1
T2,1,0,160,1
T3,2,1,30,2
T4,3,1,54,3
T5,4,1,144,7
T6,5,1,200,22
T7,6,1,192,1
[81]
T1,0,1,56,7
T2,1,0,150,2
T3,2,0,200,2
T4,3,0,100,2
T5,4,1,32,2
T6,5,0,53,4
T7,6,1,159,2
[82]
T1,0,1,145,3
T2,1,0,30,2
T3,2,0,156,10
T4,3,0,51,3
T5,4,1,150,12
T6,5,0,120,3
T7,6,0,200,3
[83]
T1,0,0,53,3
T2,1,0,27,2
T3,2,1,200,7
T4,3,1,180,4
T5,4,1,128,2
T6,5,0,96,4
T7,6,0,175,1
[84]
T1,0,1,170,3
T2,1,0,48,2
T3,2,1,200,12
T4,3,0,174,26
T5,4,1,51,2
T6,5,1,60,2
T7,6,1,80,2
[85]
T1,0,0,175,13
T2,1,0,70,2
T3,2,1,160,2
T4,3,1,49,2
T5,4,1,32,2
T6,5,1,200,14
T7,6,1,140,15
[86]
T1,0,0,34,2
T2,1,0,200,2
T3,2,1,25,1
T4,3,0,171,12
T5,4,1,96,3
T6,5,0,171,16
T7,6,1,114,2
[87]
T1,0,0,200,27
T2,1,1,170,2
T3,2,0,168,3
T4,3,0,48,4
T5,4,1,84,1
T6,5,1,46,2
T7,6,1,119,1
[88]
T1,0,1,32,2
T2,1,0,70,2
T3,2,1,200,10
T4,3,0,29,2
T5,4,1,161,7
T6,5,0,112,8
T7,6,0,192,2
[89]
T1,0,1,160,9
T2,1,0,32,2
T3,2,1,100,2
T4,3,0,199,1
T5,4,0,75,2
T6,5,1,200,15
T7,6,1,42,4
[90]
T1,0,0,160,27
T2,1,1,21,2
T3,2,1,200,7
T4,3,0,168,7
T5,4,0,64,1
T6,5,0,33,2
T7,6,0,136,1
[91]
T1,0,0,150,1
T2,1,0,26,2
T3,2,0,85,1
T4,3,0,180,7
T5,4,0,136,7
T6,5,0,200,21
T7,6,1,32,1
[92]
T1,0,1,200,3
T2,1,0,136,19
T3,2,1,26,2
T4,3,1,34,2
T5,4,0,75,1
T6,5,0,180,4
T7,6,0,198,2
[93]
T1,0,0,33,2
T2,1,0,75,3
T3,2,0,30,1
T4,3,1,150,19
T5,4,1,166,5
T6,5,0,135,3
T7,6,1,200,1
[94]
T1,0,0,156,4
T2,1,1,200,5
T3,2,0,24,1
T4,3,1,49,7
T5,4,1,195,2
T6,5,1,100,2
T7,6,0,105,2
[95]
T1,0,1,53,1
T2,1,0,162,7
T3,2,0,49,2
T4,3,0,200,24
T5,4,1,189,9
T6,5,1,56,1
T7,6,0,56,2
[96]
T1,0,0,42,3
T2,1,0,200,20
T3,2,1,80,3
T4,3,0,30,2
T5,4,0,100,1
T6,5,1,148,4
T7,6,0,168,2
[97]
T1,0,0,130,2
T2,1,1,39,1
T3,2,1,200,6
T4,3,1,55,3
T5,4,0,198,2
T6,5,0,34,2
T7,6,0,180,13
[98]
T1,0,1,180,23
T2,1,1,119,3
T3,2,0,39,1
T4,3,0,200,14
T5,4,0,170,3
T6,5,0,70,2
T7,6,1,42,2
[99]
T1,0,1,46,2
T2,1,0,192,5
T3,2,0,45,1
T4,3,1,54,1
T5,4,1,170,3
T6,5,0,200,19
T7,6,0,80,4
[100]
T1,0,1,70,2
T2,1,1,140,2
T3,2,1,161,1
T4,3,1,50,2
T5,4,1,200,1
T6,5,1,152,2
T7,6,0,47,9
[101]
T1,0,0,168,17
T2,1,1,143,8
T3,2,1,31,2
T4,3,0,175,1
T5,4,1,52,1
T6,5,1,200,7
T7,6,1,105,3
[102]
T1,0,0,23,2
T2,1,0,48,2
T3,2,1,165,7
T4,3,1,200,16
T5,4,1,180,9
T6,5,0,99,2
T7,6,1,66,2
[103]
T1,0,1,200,2
T2,1,1,28,2
T3,2,1,40,1
T4,3,0,56,4
T5,4,1,175,7
T6,5,0,191,11
T7,6,1,140,8
[104]
T1,0,0,175,5
T2,1,0,50,1
T3,2,0,99,2
T4,3,0,165,9
T5,4,0,77,1
T6,5,1,44,4
T7,6,0,200,7
[105]
T1,0,1,93,4
T2,1,1,36,2
T3,2,1,100,11
T4,3,1,200,6
T5,4,0,165,1
T6,5,1,25,2
T7,6,1,155,4
[106]
T1,0,1,195,2
T2,1,1,20,2
T3,2,1,180,2
T4,3,0,200,5
T5,4,1,66,6
T6,5,0,60,4
T7,6,0,24,1
[107]
T1,0,0,192,6
T2,1,1,43,2
T3,2,0,160,2
T4,3,1,27,3
T5,4,0,200,3
T6,5,0,117,8
T7,6,1,80,2
[108]
T1,0,0,24,4
T2,1,0,180,1
T3,2,1,200,9
T4,3,1,84,1
T5,4,1,120,2
T6,5,1,42,2
T7,6,0,198,9
[109]
T1,0,1,49,2
T2,1,0,60,2
T3,2,0,25,2
T4,3,0,200,1
T5,4,0,70,12
T6,5,0,147,2
T7,6,0,170,1
[110]
T1,0,0,200,12
T2,1,1,168,5
T3,2,1,119,1
T4,3,1,40,3
T5,4,0,44,1
T6,5,1,102,2
T7,6,0,154,10
[111]
T1,0,1,22,2
T2,1,1,86,1
T3,2,1,200,12
T4,3,0,180,2
T5,4,1,86,5
T6,5,1,168,9
T7,6,0,30,1
[112]
T1,0,0,200,5
T2,1,1,175,7
T3,2,1,99,13
T4,3,1,168,7
T5,4,1,25,2
T6,5,0,144,2
T7,6,1,30,1
[113]
T1,0,0,189,2
T2,1,0,126,7
T3,2,0,200,5
T4,3,1,156,6
T5,4,0,80,2
T6,5,0,52,2
T7,6,1,30,3
[114]
T1,0,1,188,3
T2,1,0,68,2
T3,2,0,80,6
T4,3,0,170,3
T5,4,1,200,24
T6,5,1,40,2
T7,6,0,24,1
[115]
T1,0,1,64,2
T2,1,1,200,19
T3,2,0,160,6
T4,3,0,152,2
T5,4,0,30,1
T6,5,1,40,2
T7,6,1,64,2
[116]
T1,0,1,141,2
T2,1,1,47,6
T3,2,0,21,2
T4,3,0,160,1
T5,4,0,120,8
T6,5,1,200,2
T7,6,1,188,5
[117]
T1,0,1,35,1
T2,1,0,125,2
T3,2,1,200,8
T4,3,0,80,2
T5,4,0,188,17
T6,5,0,36,3
T7,6,1,188,2
[118]
T1,0,0,200,8
T2,1,1,54,2
T3,2,0,42,2
T4,3,1,150,28
T5,4,1,125,4
T6,5,1,170,2
T7,6,1,102,2
[119]
T1,0,0,180,9
T2,1,0,48,2
T3,2,1,135,14
T4,3,1,47,2
T5,4,1,174,10
T6,5,1,116,2
T7,6,0,200,8
[120]
T1,0,1,40,2
T2,1,0,72,9
T3,2,0,180,1
T4,3,1,156,2
T5,4,1,200,6
T6,5,1,45,3
T7,6,1,96,2
[121]
T1,0,0,47,1
T2,1,1,150,5
T3,2,1,129,2
T4,3,1,63,4
T5,4,0,150,12
T6,5,1,36,2
T7,6,0,200,8
[122]
T1,0,1,84,3
T2,1,0,105,1
T3,2,0,200,14
T4,3,1,38,2
T5,4,1,42,2
T6,5,1,150,2
T7,6,1,182,20
[123]
T1,0,0,60,2
T2,1,0,22,1
T3,2,0,200,2
T4,3,0,56,5
T5,4,0,170,3
T6,5,0,27,2
T7,6,1,168,7
[124]
T1,0,0,175,4
T2,1,1,147,4
T3,2,0,25,2
T4,3,1,200,5
T5,4,0,189,16
T6,5,0,35,3
T7,6,1,63,1
[125]
T1,0,1,135,1
T2,1,0,37,2
T3,2,0,166,13
T4,3,1,120,4
T5,4,1,150,1
T6,5,0,200,5
T7,6,1,25,1
[126]
T1,0,0,175,17
T2,1,1,198,4
T3,2,1,23,2
T4,3,1,28,1
T5,4,1,70,2
T6,5,0,200,2
T7,6,1,105,12
[127]
T1,0,0,100,2
T2,1,1,118,2
T3,2,1,200,42
T4,3,1,168,3
T5,4,1,40,2
T6,5,1,41,2
T7,6,1,175,2
[128]
T1,0,1,76,2
T2,1,1,200,6
T3,2,1,22,2
T4,3,1,32,2
T5,4,1,76,6
T6,5,1,152,5
T7,6,1,180,2
[129]
T1,0,0,190,12
T2,1,0,33,1
T3,2,1,148,2
T4,3,1,200,5
T5,4,1,30,2
T6,5,0,76,10
T7,6,0,114,2
[130]
T1,0,1,200,13
T2,1,1,42,4
T3,2,0,168,2
T4,3,0,150,2
T5,4,0,51,2
T6,5,0,126,2
T7,6,0,108,7
[131]
T1,0,0,200,5
T2,1,1,180,13
T3,2,1,192,4
T4,3,1,96,7
T5,4,0,49,2
T6,5,0,45,3
T7,6,0,86,2
[132]
T1,0,0,43,2
T2,1,0,160,11
T3,2,1,195,11
T4,3,0,200,5
T5,4,0,27,1
T6,5,1,120,6
T7,6,0,117,5
[133]
T1,0,1,46,2
T2,1,1,186,5
T3,2,1,200,21
T4,3,1,152,7
T5,4,0,25,1
T6,5,0,57,2
T7,6,1,76,3
[134]
T1,0,0,108,3
T2,1,1,194,10
T3,2,0,120,4
T4,3,0,24,1
T5,4,1,180,10
T6,5,0,36,2
T7,6,0,200,2
[135]
T1,0,1,170,2
T2,1,1,200,6
T3,2,1,108,3
T4,3,0,32,1
T5,4,0,96,5
T6,5,0,150,10
T7,6,1,45,3
[136]
T1,0,1,90,1
T2,1,0,25,1
T3,2,0,200,7
T4,3,1,45,2
T5,4,0,63,7
T6,5,1,192,7
T7,6,0,160,5
[137]
T1,0,0,152,11
T2,1,1,53,1
T3,2,0,164,3
T4,3,1,24,2
T5,4,0,200,12
T6,5,0,60,2
T7,6,0,75,6
[138]
T1,0,0,200,19
T2,1,1,176,10
T3,2,0,34,2
T4,3,1,136,2
T5,4,0,120,2
T6,5,1,29,2
T7,6,1,153,3
[139]
T1,0,1,105,5
T2,1,1,22,2
T3,2,1,175,2
T4,3,1,200,3
T5,4,1,45,2
T6,5,1,77,7
T7,6,0,168,16
[140]
T1,0,1,180,5
T2,1,1,30,2
T3,2,1,47,2
T4,3,1,168,12
T5,4,0,200,13
T6,5,1,76,4
T7,6,1,108,2
[141]
T1,0,1,180,12
T2,1,0,150,2
T3,2,1,75,2
T4,3,1,120,14
T5,4,0,27,2
T6,5,1,200,6
T7,6,0,22,1
[142]
T1,0,1,60,2
T2,1,1,192,4
T3,2,0,150,2
T4,3,0,68,7
T5,4,1,45,5
T6,5,0,200,3
T7,6,1,50,2
[143]
T1,0,0,130,2
T2,1,0,171,5
T3,2,0,31,2
T4,3,1,90,6
T5,4,0,52,2
T6,5,0,171,9
T7,6,1,200,8
[144]
T1,0,0,200,5
T2,1,0,92,2
T3,2,0,58,2
T4,3,1,50,4
T5,4,1,184,2
T6,5,0,161,14
T7,6,0,26,2
[145]
T1,0,0,50,1
T2,1,0,102,3
T3,2,0,102,4
T4,3,1,200,5
T5,4,0,198,9
T6,5,1,198,2
T7,6,1,40,4
[146]
T1,0,1,200,3
T2,1,1,94,8
T3,2,0,25,2
T4,3,1,30,1
T5,4,0,190,1
T6,5,0,188,15
T7,6,1,57,3
[147]
T1,0,0,200,2
T2,1,0,35,2
T3,2,0,39,3
T4,3,0,66,2
T5,4,0,114,1
T6,5,0,154,7
T7,6,1,175,4
[148]
T1,0,1,124,2
T2,1,1,35,3
T3,2,0,150,8
T4,3,0,25,1
T5,4,1,102,2
T6,5,0,200,14
T7,6,1,186,1
[149]
T1,0,1,171,9
T2,1,0,108,5
T3,2,0,45,2
T4,3,0,37,2
T5,4,0,57,8
T6,5,0,168,5
T7,6,1,200,1
[150]
T1,0,0,96,4
T2,1,1,195,2
T3,2,1,48,2
T4,3,0,26,2
T5,4,0,130,8
T6,5,1,160,20
T7,6,0,200,5
[151]
T1,0,1,165,6
T2,1,0,85,9
T3,2,1,60,1
T4,3,0,187,5
T5,4,0,32,1
T6,5,1,200,6
T7,6,1,47,1
[152]
T1,0,1,168,7
T2,1,1,25,1
T3,2,0,108,3
T4,3,1,162,1
T5,4,0,200,12
T6,5,1,27,2
T7,6,0,112,10
[153]
T1,0,0,190,2
T2,1,0,114,16
T3,2,1,57,3
T4,3,0,200,2
T5,4,0,150,1
T6,5,0,48,2
T7,6,1,29,1
[154]
T1,0,1,75,3
T2,1,1,200,1
T3,2,0,39,1
T4,3,0,186,5
T5,4,0,120,9
T6,5,0,25,2
T7,6,1,196,14
[155]
T1,0,0,36,1
T2,1,1,150,5
T3,2,0,68,2
T4,3,0,200,1
T5,4,0,85,7
T6,5,0,180,12
T7,6,1,29,2
[156]
T1,0,0,51,4
T2,1,0,152,5
T3,2,0,200,2
T4,3,0,60,3
T5,4,1,40,1
T6,5,0,71,1
T7,6,0,190,8
[157]
T1,0,1,154,1
T2,1,0,110,5
T3,2,0,180,7
T4,3,0,21,2
T5,4,1,200,2
T6,5,1,147,12
T7,6,0,21,1
[158]
T1,0,0,105,1
T2,1,0,33,2
T3,2,1,66,2
T4,3,0,156,2
T5,4,0,200,12
T6,5,0,48,2
T7,6,1,175,29
[159]
T1,0,0,180,1
T2,1,0,80,1
T3,2,1,148,7
T4,3,1,200,10
T5,4,0,80,2
T6,5,1,39,2
T7,6,0,21,1
[160]
T1,0,0,32,1
T2,1,1,200,3
T3,2,0,156,1
T4,3,0,60,2
T5,4,1,24,2
T6,5,1,128,3
T7,6,0,182,31
[161]
T1,0,0,132,3
T2,1,0,42,4
T3,2,0,170,15
T4,3,0,200,2
T5,4,1,85,2
T6,5,1,25,2
T7,6,1,175,2
[162]
T1,0,0,24,2
T2,1,0,155,17
T3,2,0,66,3
T4,3,1,150,5
T5,4,0,62,3
T6,5,0,200,4
T7,6,0,24,2
[163]
T1,0,1,51,4
T2,1,0,55,2
T3,2,0,192,1
T4,3,1,150,3
T5,4,0,200,22
T6,5,1,32,2
T7,6,1,75,2
[164]
T1,0,1,200,10
T2,1,1,96,1
T3,2,1,31,2
T4,3,0,64,2
T5,4,1,192,1
T6,5,0,25,3
T7,6,0,175,1
[165]
T1,0,0,192,9
T2,1,0,75,14
T3,2,1,95,1
T4,3,1,35,2
T5,4,1,200,2
T6,5,0,40,2
T7,6,0,152,2
[166]
T1,0,1,150,8
T2,1,0,195,9
T3,2,1,105,2
T4,3,1,39,1
T5,4,0,126,4
T6,5,0,200,8
T7,6,0,22,1
[167]
T1,0,1,52,1
T2,1,0,21,2
T3,2,0,195,2
T4,3,1,200,16
T5,4,1,78,3
T6,5,0,143,2
T7,6,0,182,19
[168]
T1,0,1,200,36
T2,1,1,46,2
T3,2,1,160,1
T4,3,1,45,2
T5,4,0,80,5
T6,5,1,158,1
T7,6,1,100,2
[169]
T1,0,0,126,2
T2,1,1,156,4
T3,2,1,200,9
T4,3,1,105,2
T5,4,0,25,2
T6,5,1,189,8
T7,6,1,37,5
[170]
T1,0,1,200,2
T2,1,1,150,2
T3,2,1,54,1
T4,3,0,20,1
T5,4,0,30,2
T6,5,1,54,4
T7,6,0,149,13
[171]
T1,0,1,52,2
T2,1,1,33,2
T3,2,0,195,2
T4,3,0,200,8
T5,4,0,114,1
T6,5,0,96,18
T7,6,0,195,1
[172]
T1,0,1,136,7
T2,1,1,25,2
T3,2,1,178,10
T4,3,0,29,2
T5,4,0,170,12
T6,5,1,60,1
T7,6,1,200,13
[173]
T1,0,0,60,2
T2,1,1,200,23
T3,2,1,140,2
T4,3,0,48,5
T5,4,0,42,2
T6,5,0,175,2
T7,6,1,167,6
[174]
T1,0,0,42,2
T2,1,1,42,1
T3,2,0,200,15
T4,3,1,175,5
T5,4,1,145,7
T6,5,1,126,2
T7,6,1,180,8
[175]
T1,0,1,119,17
T2,1,1,200,7
T3,2,0,195,7
T4,3,0,52,2
T5,4,1,150,3
T6,5,1,51,2
T7,6,0,104,2
[176]
T1,0,1,41,2
T2,1,1,98,13
T3,2,1,126,1
T4,3,1,200,2
T5,4,0,150,2
T6,5,1,198,8
T7,6,1,50,3
[177]
T1,0,1,160,3
T2,1,1,49,2
T3,2,0,136,1
T4,3,1,200,6
T5,4,0,150,15
T6,5,0,130,11
T7,6,1,51,1
[178]
T1,0,1,200,9
T2,1,1,100,3
T3,2,0,40,2
T4,3,0,20,2
T5,4,1,80,1
T6,5,1,198,2
T7,6,0,154,18
[179]
T1,0,1,105,4
T2,1,1,126,6
T3,2,0,192,1
T4,3,1,160,2
T5,4,0,47,2
T6,5,0,28,2
T7,6,1,200,33
[180]
T1,0,1,25,2
T2,1,1,180,3
T3,2,1,110,11
T4,3,0,200,16
T5,4,0,44,1
T6,5,1,148,3
T7,6,0,72,1
[181]
T1,0,0,22,2
T2,1,1,164,16
T3,2,1,22,1
T4,3,0,100,4
T5,4,1,200,2
T6,5,0,82,1
T7,6,1,180,3
[182]
T1,0,1,49,2
T2,1,0,104,9
T3,2,0,200,8
T4,3,0,42,2
T5,4,1,182,8
T6,5,0,80,1
T7,6,0,156,13
[183]
T1,0,0,189,11
T2,1,1,104,2
T3,2,1,50,2
T4,3,1,75,2
T5,4,1,49,5
T6,5,1,156,1
T7,6,0,200,16
[184]
T1,0,0,160,3
T2,1,1,189,10
T3,2,0,25,2
T4,3,1,125,14
T5,4,1,200,2
T6,5,0,43,2
T7,6,0,125,2
[185]
T1,0,0,80,1
T2,1,0,200,1
T3,2,0,184,19
T4,3,0,175,3
T5,4,1,38,2
T6,5,1,28,2
T7,6,1,125,9
[186]
T1,0,1,43,1
T2,1,1,200,2
T3,2,1,56,2
T4,3,1,165,5
T5,4,1,154,24
T6,5,0,72,1
T7,6,0,36,2
[187]
T1,0,1,144,1
T2,1,1,200,2
T3,2,1,27,2
T4,3,1,192,3
T5,4,0,30,2
T6,5,1,160,11
T7,6,0,67,6
[188]
T1,0,1,115,4
T2,1,0,150,3
T3,2,1,26,1
T4,3,0,150,6
T5,4,1,120,7
T6,5,1,200,4
T7,6,1,47,2
[189]
T1,0,0,66,9
T2,1,0,175,1
T3,2,1,21,2
T4,3,0,200,17
T5,4,1,80,2
T6,5,1,20,2
T7,6,1,150,1
[190]
T1,0,1,132,3
T2,1,0,120,1
T3,2,1,200,5
T4,3,1,41,1
T5,4,1,160,9
T6,5,0,35,2
T7,6,0,175,22
[191]
T1,0,0,35,2
T2,1,0,75,2
T3,2,0,200,6
T4,3,0,42,1
T5,4,0,190,20
T6,5,0,190,1
T7,6,0,125,2
[192]
T1,0,0,110,10
T2,1,0,21,2
T3,2,0,56,2
T4,3,0,200,4
T5,4,1,41,2
T6,5,1,192,6
T7,6,1,192,22
[193]
T1,0,1,105,4
T2,1,0,52,2
T3,2,0,200,3
T4,3,0,168,18
T5,4,1,188,6
T6,5,1,30,2
T7,6,0,70,5
[194]
T1,0,0,26,2
T2,1,0,170,10
T3,2,0,102,3
T4,3,0,136,8
T5,4,0,21,2
T6,5,0,200,2
T7,6,1,180,19
[195]
T1,0,0,152,2
T2,1,1,100,14
T3,2,0,50,2
T4,3,0,35,2
T5,4,0,60,2
T6,5,0,200,2
T7,6,1,189,11
[196]
T1,0,1,199,16
T2,1,0,200,2
T3,2,0,56,1
T4,3,0,150,6
T5,4,0,140,14
T6,5,1,44,1
T7,6,1,50,2
[197]
T1,0,0,175,7
T2,1,1,63,2
T3,2,0,100,2
T4,3,0,200,17
T5,4,1,27,2
T6,5,1,44,3
T7,6,1,198,4
[198]
T1,0,0,200,4
T2,1,1,198,14
T3,2,1,160,2
T4,3,0,126,2
T5,4,1,56,2
T6,5,1,38,2
T7,6,1,48,4
[199]
T1,0,0,47,6
T2,1,0,166,1
T3,2,1,52,2
T4,3,0,200,8
T5,4,0,130,9
T6,5,0,166,2
T7,6,0,100,1
[200]
T1,0,1,43,2
T2,1,0,157,2
T3,2,1,105,7
T4,3,0,200,3
T5,4,1,168,5
T6,5,1,105,8
T7,6,0,30,2
[201]
T1,0,0,150,4
T2,1,1,66,5
T3,2,0,23,2
T4,3,0,200,5
T5,4,0,184,3
T6,5,1,88,5
T7,6,1,30,1
[202]
T1,0,1,70,2
T2,1,1,36,2
T3,2,1,190,14
T4,3,0,200,10
T5,4,1,29,2
T6,5,0,76,1
T7,6,1,190,11
[203]
T1,0,1,30,2
T2,1,1,182,6
T3,2,0,195,3
T4,3,1,84,1
T5,4,1,44,1
T6,5,1,200,2
T7,6,1,128,10
[204]
T1,0,0,200,7
T2,1,1,34,2
T3,2,1,37,3
T4,3,0,170,16
T5,4,0,62,2
T6,5,1,100,1
T7,6,1,180,6
[205]
T1,0,0,176,12
T2,1,1,80,4
T3,2,0,72,1
T4,3,0,50,1
T5,4,0,49,2
T6,5,1,156,10
T7,6,0,200,11
[206]
T1,0,0,45,4
T2,1,0,125,2
T3,2,1,195,2
T4,3,1,200,10
T5,4,1,156,2
T6,5,1,27,1
T7,6,0,90,5
[207]
T1,0,0,200,35
T2,1,1,150,1
T3,2,1,87,4
T4,3,1,30,2
T5,4,0,82,2
T6,5,0,31,1
T7,6,1,174,2
[208]
T1,0,1,147,7
T2,1,0,25,2
T3,2,1,200,10
T4,3,0,20,1
T5,4,0,93,3
T6,5,0,196,8
T7,6,1,56,2
[209]
T1,0,0,170,3
T2,1,0,200,3
T3,2,1,48,2
T4,3,0,36,2
T5,4,0,62,3
T6,5,1,170,3
T7,6,1,85,8
[210]
T1,0,0,33,2
T2,1,1,28,2
T3,2,1,170,10
T4,3,0,160,6
T5,4,0,200,1
T6,5,0,140,8
T7,6,0,84,2
[211]
T1,0,0,200,9
T2,1,1,21,2
T3,2,0,29,2
T4,3,1,160,1
T5,4,1,70,10
T6,5,0,85,1
T7,6,0,153,1
[212]
T1,0,1,200,4
T2,1,0,68,5
T3,2,0,48,4
T4,3,1,187,9
T5,4,0,102,1
T6,5,1,40,2
T7,6,1,180,6
[213]
T1,0,0,32,2
T2,1,0,54,3
T3,2,0,43,1
T4,3,0,66,3
T5,4,0,176,9
T6,5,1,200,8
T7,6,1,180,5
[214]
T1,0,1,105,4
T2,1,0,170,18
T3,2,0,196,5
T4,3,0,49,4
T5,4,0,200,1
T6,5,0,54,2
T7,6,0,84,1
[215]
T1,0,1,37,1
T2,1,0,100,13
T3,2,0,99,2
T4,3,1,200,8
T5,4,0,35,2
T6,5,0,175,1
T7,6,1,175,4
[216]
T1,0,1,54,2
T2,1,0,28,1
T3,2,1,105,11
T4,3,1,35,2
T5,4,0,200,9
T6,5,1,171,1
T7,6,0,171,8
[217]
T1,0,1,200,1
T2,1,0,22,2
T3,2,0,184,9
T4,3,0,45,4
T5,4,0,161,8
T6,5,0,135,10
T7,6,1,120,2
[218]
T1,0,0,23,2
T2,1,0,50,2
T3,2,1,105,2
T4,3,1,102,14
T5,4,1,200,14
T6,5,1,196,2
T7,6,1,168,2
[219]
T1,0,1,50,2
T2,1,0,112,9
T3,2,0,168,5
T4,3,0,112,1
T5,4,1,178,6
T6,5,0,23,2
T7,6,1,200,3
[220]
T1,0,0,54,4
T2,1,0,200,8
T3,2,0,28,1
T4,3,0,48,1
T5,4,1,156,2
T6,5,1,75,1
T7,6,0,182,7
[221]
T1,0,1,45,1
T2,1,0,200,9
T3,2,0,160,3
T4,3,1,120,1
T5,4,0,110,15
T6,5,0,38,1
T7,6,0,162,1
[222]
T1,0,1,24,1
T2,1,1,50,1
T3,2,0,200,9
T4,3,1,160,8
T5,4,0,100,9
T6,5,1,154,1
T7,6,1,66,1
[223]
T1,0,0,180,2
T2,1,1,135,5
T3,2,0,45,1
T4,3,0,75,1
T5,4,0,190,19
T6,5,0,200,4
T7,6,0,54,4
[224]
T1,0,0,28,2
T2,1,1,165,15
T3,2,0,55,2
T4,3,1,88,4
T5,4,0,200,5
T6,5,0,32,2
T7,6,0,154,10
[225]
T1,0,0,92,1
T2,1,0,153,8
T3,2,0,102,3
T4,3,0,42,3
T5,4,0,36,2
T6,5,1,200,3
T7,6,1,153,3
[226]
T1,0,0,120,10
T2,1,1,28,1
T3,2,0,200,10
T4,3,1,161,5
T5,4,1,108,6
T6,5,0,37,2
T7,6,0,189,2
[227]
T1,0,0,68,2
T2,1,1,200,2
T3,2,0,170,7
T4,3,1,172,3
T5,4,0,30,1
T6,5,0,102,2
T7,6,0,52,8
[228]
T1,0,1,135,3
T2,1,0,189,22
T3,2,0,48,2
T4,3,1,56,2
T5,4,0,160,2
T6,5,1,200,8
T7,6,0,42,3
[229]
T1,0,1,84,7
T2,1,1,102,4
T3,2,0,26,1
T4,3,0,200,5
T5,4,0,22,2
T6,5,1,150,4
T7,6,1,170,8
[230]
T1,0,1,80,2
T2,1,0,32,2
T3,2,0,200,1
T4,3,0,96,1
T5,4,0,47,1
T6,5,1,160,1
T7,6,0,172,33
[231]
T1,0,0,40,2
T2,1,0,39,2
T3,2,0,150,13
T4,3,1,140,3
T5,4,1,150,9
T6,5,1,69,4
T7,6,1,200,1
[232]
T1,0,0,165,4
T2,1,1,195,2
T3,2,1,200,4
T4,3,1,40,1
T5,4,0,33,6
T6,5,0,132,1
T7,6,0,105,2
[233]
T1,0,0,175,16
T2,1,1,200,6
T3,2,0,65,2
T4,3,0,70,2
T5,4,1,50,1
T6,5,1,30,1
T7,6,1,155,6
[234]
T1,0,1,169,2
T2,1,1,32,2
T3,2,1,72,3
T4,3,1,36,2
T5,4,1,156,4
T6,5,0,144,13
T7,6,0,200,3
[235]
T1,0,0,152,1
T2,1,1,57,2
T3,2,1,152,3
T4,3,0,25,2
T5,4,0,200,14
T6,5,1,144,13
T7,6,1,30,1
[236]
T1,0,0,28,2
T2,1,0,29,2
T3,2,0,68,3
T4,3,1,170,13
T5,4,0,200,7
T6,5,0,119,8
T7,6,1,153,3
[237]
T1,0,1,40,1
T2,1,1,60,2
T3,2,1,22,2
T4,3,1,172,1
T5,4,0,198,12
T6,5,0,200,23
T7,6,0,132,2
[238]
T1,0,0,21,2
T2,1,0,140,2
T3,2,1,200,20
T4,3,1,99,3
T5,4,1,176,3
T6,5,1,165,2
T7,6,1,28,2
[239]
T1,0,0,160,28
T2,1,1,200,2
T3,2,1,35,2
T4,3,1,26,2
T5,4,1,195,4
T6,5,0,80,2
T7,6,1,105,3
[240]
T1,0,0,190,2
T2,1,0,45,2
T3,2,1,152,3
T4,3,1,72,2
T5,4,1,69,2
T6,5,0,39,4
T7,6,0,200,16
[241]
T1,0,1,48,1
T2,1,1,64,4
T3,2,1,21,2
T4,3,1,180,14
T5,4,0,200,6
T6,5,1,140,11
T7,6,1,160,2
[242]
T1,0,0,105,2
T2,1,0,35,2
T3,2,0,156,6
T4,3,1,200,10
T5,4,1,110,2
T6,5,0,43,6
T7,6,0,165,4
[243]
T1,0,0,171,3
T2,1,1,198,8
T3,2,0,90,2
T4,3,0,72,5
T5,4,1,200,6
T6,5,0,40,1
T7,6,1,54,3
[244]
T1,0,1,46,3
T2,1,1,90,2
T3,2,0,92,1
T4,3,0,198,6
T5,4,0,200,7
T6,5,1,150,2
T7,6,1,28,2
[245]
T1,0,1,168,14
T2,1,1,42,2
T3,2,1,150,9
T4,3,0,145,1
T5,4,1,200,4
T6,5,1,28,1
T7,6,0,112,2
[246]
T1,0,1,200,2
T2,1,1,148,13
T3,2,1,34,1
T4,3,1,168,11
T5,4,1,42,2
T6,5,1,126,2
T7,6,0,74,1
[247]
T1,0,1,21,2
T2,1,0,25,2
T3,2,0,175,5
T4,3,1,72,1
T5,4,1,186,5
T6,5,0,200,6
T7,6,0,120,5
[248]
T1,0,0,172,4
T2,1,1,93,6
T3,2,1,50,1
T4,3,0,120,2
T5,4,1,186,16
T6,5,0,22,1
T7,6,0,200,1
[249]
T1,0,0,47,2
T2,1,0,60,3
T3,2,1,180,10
T4,3,0,188,17
T5,4,1,135,2
T6,5,1,29,2
T7,6,1,200,6
[250]
T1,0,0,154,2
T2,1,1,56,7
T3,2,0,200,5
T4,3,0,192,4
T5,4,1,64,4
T6,5,1,30,2
T7,6,1,43,2
[251]
T1,0,1,200,2
T2,1,0,32,2
T3,2,1,46,3
T4,3,1,80,4
T5,4,0,166,23
T6,5,0,180,4
T7,6,0,100,2
[252]
T1,0,1,70,4
T2,1,0,46,3
T3,2,1,138,2
T4,3,0,175,5
T5,4,1,34,2
T6,5,1,192,20
T7,6,1,200,1
[253]
T1,0,0,153,6
T2,1,0,110,1
T3,2,1,150,7
T4,3,1,28,1
T5,4,0,136,3
T6,5,0,200,24
T7,6,0,48,2
[254]
T1,0,1,30,1
T2,1,1,192,9
T3,2,1,62,2
T4,3,1,60,1
T5,4,0,45,2
T6,5,1,200,15
T7,6,0,180,11
[255]
T1,0,1,46,2
T2,1,0,75,4
T3,2,1,160,4
T4,3,1,120,9
T5,4,0,34,2
T6,5,1,156,2
T7,6,1,200,22
[256]
T1,0,1,195,9
T2,1,0,60,2
T3,2,0,20,1
T4,3,1,65,2
T5,4,1,172,8
T6,5,0,50,1
T7,6,1,200,8
[257]
T1,0,1,168,12
T2,1,0,28,1
T3,2,0,132,7
T4,3,0,50,2
T5,4,1,152,1
T6,5,1,200,10
T7,6,0,60,2
[258]
T1,0,1,100,2
T2,1,1,24,2
T3,2,1,198,6
T4,3,0,160,6
T5,4,0,105,5
T6,5,1,200,16
T7,6,1,35,1
[259]
T1,0,0,20,1
T2,1,0,152,10
T3,2,0,45,2
T4,3,0,200,13
T5,4,1,190,2
T6,5,1,100,8
T7,6,0,64,2
[260]
T1,0,1,22,2
T2,1,0,150,3
T3,2,1,41,2
T4,3,0,200,7
T5,4,1,55,3
T6,5,1,176,21
T7,6,1,122,5
[261]
T1,0,0,124,10
T2,1,1,80,2
T3,2,0,186,8
T4,3,0,200,3
T5,4,1,155,7
T6,5,0,35,2
T7,6,0,49,2
[262]
T1,0,1,156,7
T2,1,0,168,3
T3,2,0,66,2
T4,3,0,200,2
T5,4,0,40,6
T6,5,1,140,4
T7,6,0,30,2
[263]
T1,0,0,96,4
T2,1,1,32,2
T3,2,0,52,2
T4,3,0,144,6
T5,4,1,200,8
T6,5,1,176,17
T7,6,1,176,2
[264]
T1,0,0,44,2
T2,1,1,20,2
T3,2,0,200,7
T4,3,0,75,12
T5,4,1,195,2
T6,5,1,172,6
T7,6,0,60,2
[265]
T1,0,0,147,2
T2,1,1,23,2
T3,2,1,200,30
T4,3,1,140,6
T5,4,0,184,4
T6,5,0,184,2
T7,6,0,51,3
[266]
T1,0,1,32,1
T2,1,1,125,3
T3,2,1,32,3
T4,3,1,200,11
T5,4,1,180,2
T6,5,0,105,4
T7,6,1,168,1
[267]
T1,0,1,54,1
T2,1,1,120,10
T3,2,1,175,2
T4,3,0,35,2
T5,4,0,190,5
T6,5,0,27,1
T7,6,1,200,16
[268]
T1,0,0,23,1
T2,1,1,20,2
T3,2,0,100,5
T4,3,0,160,3
T5,4,0,108,5
T6,5,0,153,2
T7,6,1,200,2
[269]
T1,0,0,194,4
T2,1,0,80,4
T3,2,0,168,3
T4,3,1,70,1
T5,4,0,200,26
T6,5,0,47,1
T7,6,1,28,2
[270]
T1,0,0,84,1
T2,1,0,42,2
T3,2,1,165,2
T4,3,0,126,6
T5,4,0,200,35
T6,5,1,150,4
T7,6,0,40,2
[271]
T1,0,1,192,5
T2,1,0,28,2
T3,2,0,27,1
T4,3,0,192,4
T5,4,0,135,15
T6,5,1,92,2
T7,6,1,200,11
[272]
T1,0,0,190,18
T2,1,0,95,6
T3,2,0,160,6
T4,3,1,24,1
T5,4,0,26,2
T6,5,0,200,4
T7,6,1,56,2
[273]
T1,0,0,47,2
T2,1,0,32,2
T3,2,0,153,1
T4,3,1,170,5
T5,4,0,120,7
T6,5,0,80,2
T7,6,1,200,19
[274]
T1,0,1,48,1
T2,1,1,180,5
T3,2,1,200,2
T4,3,1,105,5
T5,4,1,153,3
T6,5,1,84,11
T7,6,0,21,2
[275]
T1,0,1,192,16
T2,1,0,200,7
T3,2,1,120,9
T4,3,1,28,2
T5,4,1,150,7
T6,5,1,54,2
T7,6,1,108,1
[276]
T1,0,1,192,8
T2,1,0,145,1
T3,2,0,50,2
T4,3,1,200,22
T5,4,0,23,2
T6,5,0,87,3
T7,6,0,180,4
[277]
T1,0,0,200,20
T2,1,1,186,4
T3,2,1,27,1
T4,3,1,184,1
T5,4,1,124,5
T6,5,1,120,3
T7,6,0,30,1
[278]
T1,0,1,200,2
T2,1,1,165,8
T3,2,0,22,1
T4,3,0,174,12
T5,4,0,80,2
T6,5,0,88,4
T7,6,1,51,1
[279]
T1,0,1,90,1
T2,1,0,48,1
T3,2,0,166,19
T4,3,0,45,5
T5,4,1,200,2
T6,5,1,180,2
T7,6,1,72,1
[280]
T1,0,0,63,2
T2,1,1,84,2
T3,2,0,180,2
T4,3,0,200,17
T5,4,0,42,1
T6,5,1,154,15
T7,6,0,36,1
[281]
T1,0,1,104,2
T2,1,1,31,2
T3,2,0,80,2
T4,3,0,40,2
T5,4,0,153,4
T6,5,1,150,8
T7,6,1,200,17
[282]
T1,0,0,36,1
T2,1,1,170,6
T3,2,0,119,2
T4,3,1,26,2
T5,4,1,200,24
T6,5,1,150,2
T7,6,0,104,5
[283]
T1,0,0,192,17
T2,1,1,98,2
T3,2,1,168,2
T4,3,1,98,1
T5,4,0,42,2
T6,5,1,25,1
T7,6,1,200,20
[284]
T1,0,1,168,4
T2,1,1,126,9
T3,2,1,40,1
T4,3,1,115,8
T5,4,0,200,9
T6,5,1,168,5
T7,6,1,46,2
[285]
T1,0,1,92,3
T2,1,1,160,2
T3,2,1,40,1
T4,3,1,51,2
T5,4,0,200,38
T6,5,0,75,2
T7,6,0,184,3
[286]
T1,0,0,51,2
T2,1,1,85,4
T3,2,1,48,2
T4,3,1,188,11
T5,4,1,136,8
T6,5,0,200,4
T7,6,1,170,7
[287]
T1,0,1,88,1
T2,1,1,175,13
T3,2,1,60,1
T4,3,0,152,4
T5,4,0,200,2
T6,5,0,22,2
T7,6,1,50,5
[288]
T1,0,1,31,2
T2,1,0,41,1
T3,2,0,200,6
T4,3,1,150,3
T5,4,0,70,1
T6,5,1,126,18
T7,6,0,168,2
[289]
T1,0,1,100,4
T2,1,0,61,3
T3,2,0,160,3
T4,3,0,160,6
T5,4,0,51,4
T6,5,0,34,2
T7,6,1,200,7
[290]
T1,0,1,21,2
T2,1,0,144,12
T3,2,0,174,7
T4,3,1,29,2
T5,4,0,175,5
T6,5,1,200,6
T7,6,0,75,2
[291]
T1,0,1,100,6
T2,1,0,28,2
T3,2,0,25,3
T4,3,0,75,2
T5,4,1,175,2
T6,5,1,200,2
T7,6,0,157,3
[292]
T1,0,1,155,3
T2,1,1,23,2
T3,2,1,120,13
T4,3,1,93,1
T5,4,0,24,1
T6,5,1,200,11
T7,6,1,198,1
[293]
T1,0,1,200,11
T2,1,0,150,2
T3,2,0,105,2
T4,3,0,42,3
T5,4,0,190,6
T6,5,1,32,2
T7,6,0,90,2
[294]
T1,0,1,26,2
T2,1,1,120,2
T3,2,0,88,16
T4,3,0,182,2
T5,4,0,22,2
T6,5,0,200,12
T7,6,0,156,2
[295]
T1,0,0,200,6
T2,1,1,156,3
T3,2,1,70,2
T4,3,0,130,6
T5,4,1,175,2
T6,5,1,44,2
T7,6,0,20,2
[296]
T1,0,1,46,1
T2,1,0,40,3
T3,2,1,90,2
T4,3,0,100,14
T5,4,0,160,6
T6,5,0,178,2
T7,6,1,200,2
[297]
T1,0,1,35,1
T2,1,1,84,2
T3,2,0,189,2
T4,3,1,20,3
T5,4,0,200,2
T6,5,1,150,2
T7,6,0,91,1
[298]
T1,0,0,200,22
T2,1,0,90,1
T3,2,0,175,3
T4,3,1,81,8
T5,4,1,147,3
T6,5,1,42,2
T7,6,1,31,2
[299]
T1,0,1,40,1
T2,1,1,200,3
T3,2,0,161,4
T4,3,1,64,2
T5,4,0,160,7
T6,5,1,69,5
T7,6,1,29,2
[300]
T1,0,1,56,5
T2,1,1,40,2
T3,2,0,200,12
T4,3,0,47,2
T5,4,0,189,2
T6,5,0,108,2
T7,6,0,195,7
[301]
T1,0,1,187,13
T2,1,1,49,2
T3,2,0,80,3
T4,3,0,52,1
T5,4,0,170,1
T6,5,1,200,9
T7,6,1,136,13
[302]
T1,0,0,200,5
T2,1,1,90,3
T3,2,1,180,1
T4,3,1,100,11
T5,4,1,30,2
T6,5,0,151,11
T7,6,0,50,1
[303]
T1,0,0,52,2
T2,1,0,180,5
T3,2,0,24,2
T4,3,0,200,6
T5,4,1,150,3
T6,5,0,65,5
T7,6,0,123,1
[304]
T1,0,1,180,11
T2,1,1,155,9
T3,2,0,62,4
T4,3,0,20,2
T5,4,0,200,1
T6,5,1,130,6
T7,6,0,45,2
[305]
T1,0,0,140,1
T2,1,1,35,2
T3,2,0,70,2
T4,3,1,200,20
T5,4,0,175,2
T6,5,1,169,2
T7,6,1,35,4
[306]
T1,0,1,132,13
T2,1,1,170,13
T3,2,1,45,2
T4,3,1,187,2
T5,4,1,25,2
T6,5,1,75,3
T7,6,1,200,2
[307]
T1,0,0,180,16
T2,1,0,48,2
T3,2,0,200,7
T4,3,1,39,1
T5,4,0,185,1
T6,5,0,70,4
T7,6,0,60,1
[308]
T1,0,0,195,5
T2,1,0,30,1
T3,2,0,160,4
T4,3,1,96,5
T5,4,1,200,1
T6,5,1,85,2
T7,6,1,24,2
[309]
T1,0,0,168,31
T2,1,0,129,2
T3,2,1,24,2
T4,3,0,126,3
T5,4,0,200,2
T6,5,1,30,1
T7,6,0,180,2
[310]
T1,0,0,55,3
T2,1,0,200,21
T3,2,0,66,1
T4,3,0,182,2
T5,4,0,20,2
T6,5,1,22,2
T7,6,1,175,10
[311]
T1,0,0,56,1
T2,1,1,136,1
T3,2,0,200,47
T4,3,0,40,2
T5,4,1,154,1
T6,5,0,46,2
T7,6,0,154,1
[312]
T1,0,1,195,10
T2,1,1,130,8
T3,2,1,32,4
T4,3,1,184,2
T5,4,0,96,1
T6,5,1,34,2
T7,6,1,200,2
[313]
T1,0,1,198,10
T2,1,0,41,2
T3,2,0,129,14
T4,3,1,90,1
T5,4,1,200,4
T6,5,1,198,15
T7,6,1,45,2
[314]
T1,0,1,162,12
T2,1,1,90,6
T3,2,0,54,1
T4,3,1,200,6
T5,4,0,150,5
T6,5,1,30,1
T7,6,1,53,1
[315]
T1,0,0,28,3
T2,1,1,200,3
T3,2,0,175,8
T4,3,1,140,3
T5,4,1,180,1
T6,5,0,28,2
T7,6,1,76,5
[316]
T1,0,0,154,9
T2,1,0,200,14
T3,2,1,48,2
T4,3,1,130,8
T5,4,1,165,2
T6,5,0,140,11
T7,6,1,25,2
[317]
T1,0,1,192,7
T2,1,0,53,2
T3,2,1,176,17
T4,3,1,72,2
T5,4,1,200,1
T6,5,1,25,2
T7,6,0,144,3
[318]
T1,0,0,43,1
T2,1,1,33,2
T3,2,0,200,9
T4,3,0,116,6
T5,4,1,198,11
T6,5,0,58,2
T7,6,0,165,13
[319]
T1,0,0,200,2
T2,1,0,150,5
T3,2,1,80,2
T4,3,0,51,6
T5,4,1,172,8
T6,5,1,95,1
T7,6,0,43,2
[320]
T1,0,1,48,5
T2,1,0,120,2
T3,2,1,64,2
T4,3,0,34,1
T5,4,0,185,11
T6,5,0,200,7
T7,6,0,150,2
[321]
T1,0,1,150,1
T2,1,0,35,1
T3,2,1,183,1
T4,3,0,37,2
T5,4,1,200,13
T6,5,0,75,1
T7,6,1,80,8
[322]
T1,0,0,200,2
T2,1,0,175,12
T3,2,0,145,4
T4,3,1,34,1
T5,4,1,95,4
T6,5,1,38,2
T7,6,1,175,5
[323]
T1,0,1,42,2
T2,1,0,54,1
T3,2,1,154,1
T4,3,1,66,3
T5,4,0,52,3
T6,5,0,200,7
T7,6,0,189,6
[324]
T1,0,1,150,14
T2,1,0,75,9
T3,2,0,170,1
T4,3,1,40,2
T5,4,0,51,2
T6,5,1,86,2
T7,6,0,200,8
[325]
T1,0,1,165,10
T2,1,0,38,2
T3,2,0,120,3
T4,3,1,75,3
T5,4,1,200,2
T6,5,1,22,2
T7,6,0,149,19
[326]
T1,0,0,90,3
T2,1,0,23,2
T3,2,0,173,9
T4,3,1,45,2
T5,4,0,144,9
T6,5,1,200,2
T7,6,0,150,6
[327]
T1,0,0,24,1
T2,1,1,73,3
T3,2,1,42,1
T4,3,0,168,17
T5,4,1,100,2
T6,5,1,175,7
T7,6,1,200,1
[328]
T1,0,1,200,5
T2,1,0,92,3
T3,2,0,150,2
T4,3,0,147,10
T5,4,1,48,3
T6,5,0,196,10
T7,6,0,42,1
[329]
T1,0,1,45,3
T2,1,1,152,2
T3,2,1,165,5
T4,3,0,140,10
T5,4,1,200,3
T6,5,1,20,1
T7,6,1,77,2
[330]
T1,0,1,150,3
T2,1,0,89,5
T3,2,1,100,2
T4,3,1,40,5
T5,4,0,150,2
T6,5,1,40,1
T7,6,1,200,9
[331]
T1,0,1,200,7
T2,1,0,168,11
T3,2,1,140,12
T4,3,1,64,2
T5,4,0,170,2
T6,5,1,28,2
T7,6,0,51,1
[332]
T1,0,0,175,12
T2,1,1,36,2
T3,2,0,75,2
T4,3,0,100,6
T5,4,1,37,5
T6,5,1,200,2
T7,6,0,154,2
[333]
T1,0,0,160,2
T2,1,0,86,7
T3,2,1,200,2
T4,3,1,43,2
T5,4,0,176,7
T6,5,1,55,4
T7,6,0,40,2
[334]
T1,0,0,198,2
T2,1,1,82,2
T3,2,1,88,3
T4,3,1,30,3
T5,4,1,50,1
T6,5,1,200,2
T7,6,1,180,17
[335]
T1,0,1,150,3
T2,1,1,42,2
T3,2,0,102,2
T4,3,1,180,11
T5,4,0,110,14
T6,5,0,200,12
T7,6,1,34,2
[336]
T1,0,0,31,2
T2,1,1,200,1
T3,2,0,81,2
T4,3,0,186,2
T5,4,0,162,22
T6,5,1,93,6
T7,6,0,32,1
[337]
T1,0,0,84,3
T2,1,1,23,2
T3,2,0,72,8
T4,3,1,182,2
T5,4,0,195,15
T6,5,0,200,6
T7,6,0,20,2
[338]
T1,0,0,200,12
T2,1,1,25,1
T3,2,0,63,1
T4,3,0,171,2
T5,4,1,190,25
T6,5,1,40,2
T7,6,0,108,2
[339]
T1,0,0,108,1
T2,1,0,156,1
T3,2,1,26,2
T4,3,1,189,12
T5,4,0,200,23
T6,5,1,126,9
T7,6,0,35,2
[340]
T1,0,0,90,5
T2,1,0,56,1
T3,2,1,48,2
T4,3,1,200,3
T5,4,1,48,2
T6,5,1,171,18
T7,6,1,152,8
[341]
T1,0,1,200,23
T2,1,1,190,10
T3,2,1,34,2
T4,3,0,125,4
T5,4,0,152,2
T6,5,1,88,5
T7,6,0,40,2
[342]
T1,0,1,172,6
T2,1,1,126,9
T3,2,1,126,9
T4,3,0,200,1
T5,4,0,47,2
T6,5,0,172,7
T7,6,1,25,2
[343]
T1,0,1,114,4
T2,1,0,100,9
T3,2,0,152,2
T4,3,1,200,12
T5,4,0,175,3
T6,5,0,32,2
T7,6,1,23,1
[344]
T1,0,1,152,4
T2,1,1,50,3
T3,2,0,200,9
T4,3,1,140,4
T5,4,0,39,2
T6,5,0,190,3
T7,6,0,72,3
[345]
T1,0,1,200,2
T2,1,0,196,3
T3,2,1,80,2
T4,3,1,51,2
T5,4,1,175,16
T6,5,1,35,3
T7,6,1,145,1
[346]
T1,0,0,195,18
T2,1,1,50,2
T3,2,0,200,11
T4,3,1,45,2
T5,4,1,96,6
T6,5,0,182,1
T7,6,1,75,3
[347]
T1,0,0,75,4
T2,1,0,150,5
T3,2,1,200,29
T4,3,0,166,2
T5,4,0,25,2
T6,5,0,20,2
T7,6,1,140,6
[348]
T1,0,0,39,3
T2,1,0,200,12
T3,2,1,24,2
T4,3,0,56,2
T5,4,0,180,1
T6,5,0,120,4
T7,6,0,188,10
[349]
T1,0,0,196,14
T2,1,1,150,16
T3,2,1,145,2
T4,3,0,200,6
T5,4,0,145,6
T6,5,1,33,2
T7,6,1,21,2
[350]
T1,0,0,26,2
T2,1,0,136,6
T3,2,0,150,1
T4,3,1,200,1
T5,4,1,160,9
T6,5,1,96,5
T7,6,1,53,4
[351]
T1,0,0,124,4
T2,1,1,140,2
T3,2,0,160,5
T4,3,0,160,1
T5,4,1,40,2
T6,5,1,40,1
T7,6,1,200,17
[352]
T1,0,1,26,1
T2,1,0,56,2
T3,2,1,200,3
T4,3,0,152,11
T5,4,0,170,6
T6,5,0,50,3
T7,6,0,76,3
[353]
T1,0,0,52,3
T2,1,0,60,2
T3,2,1,25,2
T4,3,1,103,7
T5,4,1,180,5
T6,5,0,150,7
T7,6,1,200,7
[354]
T1,0,1,150,2
T2,1,1,152,2
T3,2,1,140,2
T4,3,1,45,1
T5,4,0,105,3
T6,5,0,24,3
T7,6,1,200,6
[355]
T1,0,0,150,16
T2,1,0,100,2
T3,2,1,78,3
T4,3,0,27,1
T5,4,1,156,11
T6,5,0,200,2
T7,6,1,30,2
[356]
T1,0,1,36,5
T2,1,1,180,8
T3,2,0,80,2
T4,3,1,200,6
T5,4,1,192,4
T6,5,1,39,1
T7,6,0,110,2
[357]
T1,0,0,128,3
T2,1,0,168,14
T3,2,1,45,2
T4,3,1,48,3
T5,4,0,200,9
T6,5,1,77,1
T7,6,0,150,1
[358]
T1,0,1,108,2
T2,1,0,60,2
T3,2,0,200,9
T4,3,0,27,2
T5,4,1,20,2
T6,5,1,170,17
T7,6,0,160,14
[359]
T1,0,1,180,5
T2,1,1,180,5
T3,2,1,45,2
T4,3,0,124,2
T5,4,0,200,28
T6,5,0,62,1
T7,6,0,34,2
[360]
T1,0,0,90,3
T2,1,0,200,9
T3,2,0,150,8
T4,3,1,22,2
T5,4,1,23,1
T6,5,1,63,1
T7,6,1,189,10
[361]
T1,0,0,55,2
T2,1,0,20,2
T3,2,0,37,1
T4,3,1,154,22
T5,4,1,200,4
T6,5,0,176,5
T7,6,1,119,2
[362]
T1,0,0,110,4
T2,1,0,32,2
T3,2,1,168,10
T4,3,0,200,23
T5,4,0,51,2
T6,5,0,60,2
T7,6,1,176,4
[363]
T1,0,1,51,1
T2,1,1,29,2
T3,2,0,200,1
T4,3,1,180,24
T5,4,0,116,1
T6,5,0,174,9
T7,6,0,126,5
[364]
T1,0,1,87,2
T2,1,0,200,7
T3,2,1,36,2
T4,3,1,85,3
T5,4,0,35,4
T6,5,1,174,2
T7,6,1,153,6
[365]
T1,0,0,104,8
T2,1,0,26,1
T3,2,0,200,9
T4,3,1,29,2
T5,4,1,156,16
T6,5,1,169,2
T7,6,1,135,1
[366]
T1,0,1,60,1
T2,1,0,50,7
T3,2,0,27,2
T4,3,1,200,2
T5,4,0,170,1
T6,5,0,136,2
T7,6,0,154,2
[367]
T1,0,0,200,3
T2,1,0,96,17
T3,2,1,195,4
T4,3,0,46,1
T5,4,0,184,2
T6,5,0,80,1
T7,6,1,53,2
[368]
T1,0,0,120,5
T2,1,0,33,1
T3,2,1,154,10
T4,3,0,200,5
T5,4,0,40,1
T6,5,0,105,1
T7,6,1,189,10
[369]
T1,0,1,25,2
T2,1,0,168,2
T3,2,1,91,1
T4,3,0,200,13
T5,4,0,29,1
T6,5,1,117,2
T7,6,1,175,9
[370]
T1,0,1,112,6
T2,1,0,48,2
T3,2,0,110,7
T4,3,1,41,2
T5,4,0,154,1
T6,5,1,165,2
T7,6,0,200,27
[371]
T1,0,1,78,6
T2,1,0,180,1
T3,2,0,165,18
T4,3,0,200,5
T5,4,1,44,1
T6,5,1,75,1
T7,6,0,31,2
[372]
T1,0,1,70,6
T2,1,1,56,2
T3,2,1,51,2
T4,3,0,198,7
T5,4,1,154,16
T6,5,1,200,3
T7,6,0,28,1
[373]
T1,0,0,168,6
T2,1,0,198,8
T3,2,1,126,5
T4,3,0,63,3
T5,4,0,43,2
T6,5,1,200,23
T7,6,1,20,2
[374]
T1,0,0,175,15
T2,1,1,30,2
T3,2,0,200,6
T4,3,1,45,1
T5,4,0,175,11
T6,5,1,110,2
T7,6,0,112,6
[375]
T1,0,0,23,2
T2,1,0,45,2
T3,2,1,135,3
T4,3,1,200,24
T5,4,0,165,2
T6,5,0,75,3
T7,6,0,154,5
[376]
T1,0,0,64,6
T2,1,1,176,4
T3,2,1,99,1
T4,3,0,44,1
T5,4,0,198,12
T6,5,0,45,1
T7,6,1,200,6
[377]
T1,0,0,112,2
T2,1,1,102,2
T3,2,1,170,21
T4,3,1,48,2
T5,4,0,44,3
T6,5,0,192,4
T7,6,0,200,5
[378]
T1,0,1,171,2
T2,1,0,190,1
T3,2,0,65,2
T4,3,1,36,1
T5,4,1,200,36
T6,5,0,72,1
T7,6,0,27,1
[379]
T1,0,0,189,20
T2,1,1,21,2
T3,2,0,200,7
T4,3,0,100,2
T5,4,0,28,2
T6,5,0,160,15
T7,6,1,70,2
[380]
T1,0,1,149,2
T2,1,0,66,4
T3,2,1,55,2
T4,3,1,33,2
T5,4,0,149,13
T6,5,1,39,1
T7,6,0,200,2
[381]
T1,0,0,156,9
T2,1,1,45,7
T3,2,0,25,2
T4,3,1,54,2
T5,4,0,120,1
T6,5,0,200,3
T7,6,0,168,3
[382]
T1,0,0,168,3
T2,1,1,63,1
T3,2,0,200,10
T4,3,0,41,2
T5,4,1,35,1
T6,5,1,105,1
T7,6,0,161,21
[383]
T1,0,0,99,2
T2,1,1,200,4
T3,2,1,44,4
T4,3,1,180,14
T5,4,1,35,2
T6,5,0,88,2
T7,6,0,150,4
[384]
T1,0,1,200,23
T2,1,1,26,2
T3,2,1,28,2
T4,3,0,154,2
T5,4,1,91,2
T6,5,0,175,1
T7,6,1,143,1
[385]
T1,0,0,90,2
T2,1,0,102,8
T3,2,1,180,8
T4,3,1,189,11
T5,4,1,20,2
T6,5,1,200,1
T7,6,1,39,2
[386]
T1,0,0,200,8
T2,1,1,70,5
T3,2,0,35,2
T4,3,1,156,2
T5,4,0,168,13
T6,5,1,42,2
T7,6,0,88,2
[387]
T1,0,0,44,3
T2,1,0,41,2
T3,2,1,200,2
T4,3,0,160,2
T5,4,1,110,2
T6,5,1,99,2
T7,6,0,175,34
[388]
T1,0,1,87,6
T2,1,0,200,21
T3,2,0,42,2
T4,3,0,48,1
T5,4,0,174,1
T6,5,0,145,6
T7,6,1,184,3
[389]
T1,0,1,45,6
T2,1,0,200,8
T3,2,1,75,2
T4,3,0,53,2
T5,4,1,162,5
T6,5,0,108,2
T7,6,0,170,4
[390]
T1,0,1,32,2
T2,1,0,24,1
T3,2,1,54,2
T4,3,1,200,3
T5,4,1,92,4
T6,5,1,189,4
T7,6,1,189,16
[391]
T1,0,1,125,1
T2,1,0,132,1
T3,2,1,50,2
T4,3,0,198,3
T5,4,1,198,7
T6,5,1,46,1
T7,6,0,200,39
[392]
T1,0,0,105,2
T2,1,0,46,1
T3,2,0,165,2
T4,3,1,200,21
T5,4,1,136,6
T6,5,0,150,2
T7,6,0,40,2
[393]
T1,0,1,180,8
T2,1,1,140,3
T3,2,0,175,2
T4,3,0,69,1
T5,4,1,200,19
T6,5,1,30,1
T7,6,1,29,1
[394]
T1,0,0,180,11
T2,1,1,162,4
T3,2,0,75,2
T4,3,1,25,1
T5,4,0,52,3
T6,5,1,200,7
T7,6,0,75,1
[395]
T1,0,1,42,2
T2,1,0,200,2
T3,2,0,99,4
T4,3,1,27,2
T5,4,1,150,4
T6,5,0,192,31
T7,6,0,120,3
[396]
T1,0,0,48,2
T2,1,1,125,4
T3,2,1,150,2
T4,3,1,50,2
T5,4,0,200,8
T6,5,0,55,2
T7,6,1,195,26
[397]
T1,0,0,52,2
T2,1,1,135,2
T3,2,1,200,10
T4,3,1,44,5
T5,4,0,75,7
T6,5,0,198,2
T7,6,1,180,3
[398]
T1,0,1,66,5
T2,1,1,138,3
T3,2,0,198,1
T4,3,0,200,11
T5,4,0,26,2
T6,5,0,25,2
T7,6,0,184,2
[399]
T1,0,1,182,2
T2,1,1,150,7
T3,2,1,25,2
T4,3,1,31,2
T5,4,0,80,4
T6,5,1,100,2
T7,6,0,200,12
[400]
T1,0,0,30,1
T2,1,1,171,1
T3,2,1,200,1
T4,3,1,112,13
T5,4,1,21,2
T6,5,1,180,1
T7,6,1,76,6
[401]
T1,0,1,66,2
T2,1,1,50,1
T3,2,1,200,7
T4,3,0,188,6
T5,4,1,141,6
T6,5,0,45,1
T7,6,0,150,11
[402]
T1,0,0,28,3
T2,1,0,160,8
T3,2,0,175,8
T4,3,1,98,3
T5,4,1,22,2
T6,5,1,200,3
T7,6,0,70,2
[403]
T1,0,0,33,2
T2,1,1,159,2
T3,2,1,65,1
T4,3,1,159,7
T5,4,0,200,2
T6,5,1,39,3
T7,6,0,80,4
[404]
T1,0,1,200,1
T2,1,0,90,2
T3,2,0,170,26
T4,3,0,175,2
T5,4,1,112,2
T6,5,1,37,2
T7,6,0,48,2
[405]
T1,0,1,156,4
T2,1,1,65,2
T3,2,0,200,9
T4,3,0,23,2
T5,4,1,52,2
T6,5,0,166,9
T7,6,1,100,4
[406]
T1,0,1,162,8
T2,1,1,150,2
T3,2,0,144,3
T4,3,0,25,2
T5,4,1,200,5
T6,5,1,87,12
T7,6,0,37,2
[407]
T1,0,0,52,3
T2,1,0,192,2
T3,2,0,36,3
T4,3,1,120,1
T5,4,0,160,3
T6,5,1,74,5
T7,6,1,200,2
[408]
T1,0,0,165,4
T2,1,1,90,6
T3,2,0,184,16
T4,3,1,26,2
T5,4,1,110,4
T6,5,0,200,3
T7,6,0,45,2
[409]
T1,0,0,180,2
T2,1,0,200,1
T3,2,1,25,1
T4,3,1,21,2
T5,4,1,157,10
T6,5,1,75,9
T7,6,1,135,2
[410]
T1,0,1,189,11
T2,1,1,35,1
T3,2,1,200,1
T4,3,0,182,2
T5,4,1,78,5
T6,5,0,56,2
T7,6,0,54,5
[411]
T1,0,0,60,2
T2,1,0,22,2
T3,2,0,200,10
T4,3,0,150,5
T5,4,1,150,8
T6,5,1,53,1
T7,6,0,80,2
[412]
T1,0,1,200,6
T2,1,1,68,1
T3,2,1,30,1
T4,3,1,188,19
T5,4,1,136,2
T6,5,0,53,1
T7,6,0,170,8
[413]
T1,0,1,40,2
T2,1,0,120,5
T3,2,0,88,2
T4,3,0,168,1
T5,4,0,160,6
T6,5,0,38,2
T7,6,0,200,26
[414]
T1,0,0,23,1
T2,1,0,64,2
T3,2,1,192,2
T4,3,0,200,25
T5,4,0,156,10
T6,5,0,56,1
T7,6,1,35,2
[415]
T1,0,0,55,6
T2,1,1,38,2
T3,2,1,190,2
T4,3,0,60,1
T5,4,1,200,10
T6,5,0,32,2
T7,6,0,165,13
[416]
T1,0,1,50,2
T2,1,1,84,6
T3,2,0,57,1
T4,3,0,152,7
T5,4,1,200,1
T6,5,0,20,2
T7,6,1,168,14
[417]
T1,0,0,38,2
T2,1,0,150,6
T3,2,0,68,6
T4,3,1,90,1
T5,4,0,42,1
T6,5,0,200,6
T7,6,1,189,2
[418]
T1,0,0,171,1
T2,1,0,160,11
T3,2,0,45,2
T4,3,0,63,2
T5,4,1,200,11
T6,5,0,114,1
T7,6,1,50,4
[419]
T1,0,0,64,3
T2,1,1,175,5
T3,2,0,115,6
T4,3,1,46,3
T5,4,0,168,2
T6,5,0,48,2
T7,6,1,200,15
[420]
T1,0,0,70,2
T2,1,0,162,15
T3,2,1,160,4
T4,3,0,42,4
T5,4,0,51,2
T6,5,0,64,2
T7,6,1,200,8
[421]
T1,0,1,24,2
T2,1,0,40,2
T3,2,0,108,11
T4,3,0,84,1
T5,4,1,200,15
T6,5,0,150,6
T7,6,0,150,1
[422]
T1,0,0,200,1
T2,1,0,22,2
T3,2,0,28,2
T4,3,1,125,4
T5,4,1,160,3
T6,5,0,150,2
T7,6,0,64,6
[423]
T1,0,1,176,14
T2,1,1,200,16
T3,2,1,55,3
T4,3,0,165,2
T5,4,0,50,2
T6,5,1,53,2
T7,6,0,100,5
[424]
T1,0,1,38,2
T2,1,0,165,5
T3,2,0,68,4
T4,3,1,77,8
T5,4,1,200,11
T6,5,0,25,2
T7,6,0,165,1
[425]
T1,0,0,175,4
T2,1,0,150,14
T3,2,1,100,1
T4,3,0,128,4
T5,4,0,22,2
T6,5,1,200,6
T7,6,1,42,3
[426]
T1,0,1,195,2
T2,1,0,100,3
T3,2,0,200,10
T4,3,1,156,18
T5,4,0,31,2
T6,5,1,80,5
T7,6,1,48,2
[427]
T1,0,1,195,17
T2,1,1,75,1
T3,2,1,200,7
T4,3,1,27,2
T5,4,0,180,16
T6,5,1,51,2
T7,6,1,64,2
[428]
T1,0,1,200,5
T2,1,0,154,3
T3,2,0,104,8
T4,3,1,25,2
T5,4,1,154,12
T6,5,0,22,2
T7,6,1,66,4
[429]
T1,0,0,90,1
T2,1,1,63,2
T3,2,1,192,10
T4,3,1,25,1
T5,4,1,48,2
T6,5,0,196,12
T7,6,0,200,23
[430]
T1,0,1,40,7
T2,1,1,100,3
T3,2,1,78,2
T4,3,1,200,1
T5,4,1,39,2
T6,5,0,189,2
T7,6,1,189,9
[431]
T1,0,0,66,2
T2,1,1,152,7
T3,2,0,110,2
T4,3,0,200,8
T5,4,1,37,2
T6,5,1,150,2
T7,6,0,25,2
[432]
T1,0,0,192,2
T2,1,0,180,10
T3,2,1,30,2
T4,3,0,48,1
T5,4,0,200,24
T6,5,1,135,7
T7,6,0,104,2
[433]
T1,0,0,185,2
T2,1,1,28,3
T3,2,0,56,3
T4,3,0,175,2
T5,4,1,77,5
T6,5,1,200,1
T7,6,0,25,2
[434]
T1,0,1,115,11
T2,1,0,189,8
T3,2,0,84,4
T4,3,1,45,2
T5,4,0,34,2
T6,5,0,180,2
T7,6,1,200,10
[435]
T1,0,0,55,2
T2,1,1,168,13
T3,2,0,47,2
T4,3,0,200,8
T5,4,1,105,3
T6,5,1,198,14
T7,6,0,42,2
[436]
T1,0,0,50,1
T2,1,1,63,7
T3,2,1,112,2
T4,3,1,200,10
T5,4,0,161,6
T6,5,0,32,2
T7,6,0,184,6
[437]
T1,0,0,150,2
T2,1,0,176,8
T3,2,0,37,1
T4,3,0,64,3
T5,4,1,84,1
T6,5,1,200,9
T7,6,1,44,3
[438]
T1,0,1,185,25
T2,1,0,133,2
T3,2,0,37,2
T4,3,0,185,14
T5,4,0,100,2
T6,5,1,200,1
T7,6,1,32,2
[439]
T1,0,1,36,2
T2,1,0,39,3
T3,2,1,154,7
T4,3,0,66,2
T5,4,1,96,2
T6,5,1,200,1
T7,6,1,165,6
[440]
T1,0,0,20,1
T2,1,0,45,5
T3,2,0,105,3
T4,3,1,200,1
T5,4,1,134,2
T6,5,0,175,7
T7,6,1,168,2
[441]
T1,0,0,200,9
T2,1,1,119,7
T3,2,0,25,1
T4,3,1,156,14
T5,4,0,156,5
T6,5,1,65,2
T7,6,0,49,2
[442]
T1,0,0,183,7
T2,1,0,120,2
T3,2,0,130,3
T4,3,1,200,4
T5,4,0,26,3
T6,5,0,24,2
T7,6,0,150,5
[443]
T1,0,1,156,10
T2,1,0,200,5
T3,2,0,78,4
T4,3,1,27,2
T5,4,1,72,4
T6,5,0,39,2
T7,6,0,171,9
[444]
T1,0,0,200,13
T2,1,1,35,1
T3,2,0,51,2
T4,3,0,85,2
T5,4,0,165,2
T6,5,1,170,8
T7,6,0,110,8
[445]
T1,0,0,200,24
T2,1,1,168,5
T3,2,0,100,5
T4,3,0,21,2
T5,4,1,168,7
T6,5,0,69,2
T7,6,1,45,1
[446]
T1,0,0,34,2
T2,1,0,78,2
T3,2,1,200,2
T4,3,0,175,2
T5,4,1,192,9
T6,5,1,50,6
T7,6,0,104,5
[447]
T1,0,0,200,1
T2,1,1,66,7
T3,2,0,23,1
T4,3,0,75,2
T5,4,1,35,1
T6,5,1,154,1
T7,6,0,189,14
[448]
T1,0,0,51,2
T2,1,1,200,2
T3,2,1,124,1
T4,3,1,180,1
T5,4,1,117,4
T6,5,1,195,20
T7,6,0,20,2
[449]
T1,0,0,72,3
T2,1,0,162,10
T3,2,1,95,2
T4,3,0,40,1
T5,4,0,22,2
T6,5,1,200,14
T7,6,0,180,11
[450]
T1,0,0,198,1
T2,1,0,165,3
T3,2,0,200,5
T4,3,1,41,2
T5,4,1,25,2
T6,5,1,138,5
T7,6,1,75,8
[451]
T1,0,1,200,9
T2,1,0,85,1
T3,2,1,31,2
T4,3,0,72,2
T5,4,1,46,7
T6,5,0,180,2
T7,6,0,200,1
[452]
T1,0,0,47,5
T2,1,1,112,11
T3,2,0,63,2
T4,3,0,186,2
T5,4,1,45,2
T6,5,0,155,2
T7,6,1,200,2
[453]
T1,0,0,125,4
T2,1,0,50,2
T3,2,0,168,3
T4,3,1,182,20
T5,4,1,42,1
T6,5,0,84,1
T7,6,0,200,6
[454]
T1,0,1,189,6
T2,1,0,39,2
T3,2,1,63,2
T4,3,1,65,4
T5,4,0,156,2
T6,5,1,200,9
T7,6,0,52,1
[455]
T1,0,0,100,9
T2,1,0,24,2
T3,2,1,200,17
T4,3,0,147,1
T5,4,1,56,1
T6,5,1,41,1
T7,6,1,198,7
[456]
T1,0,1,200,34
T2,1,0,144,2
T3,2,0,63,2
T4,3,0,162,2
T5,4,1,25,2
T6,5,1,150,2
T7,6,0,42,2
[457]
T1,0,1,200,9
T2,1,1,30,2
T3,2,0,175,11
T4,3,0,164,6
T5,4,0,50,2
T6,5,0,70,5
T7,6,1,120,4
[458]
T1,0,1,165,2
T2,1,1,128,6
T3,2,1,144,9
T4,3,0,200,8
T5,4,0,150,2
T6,5,0,44,3
T7,6,0,33,1
[459]
T1,0,0,30,3
T2,1,1,172,6
T3,2,1,24,2
T4,3,1,150,9
T5,4,1,126,2
T6,5,0,200,8
T7,6,0,60,1
[460]
T1,0,1,64,2
T2,1,1,200,8
T3,2,0,156,14
T4,3,1,195,7
T5,4,0,46,2
T6,5,1,120,1
T7,6,0,45,2
[461]
T1,0,1,40,1
T2,1,0,160,3
T3,2,1,43,1
T4,3,0,200,20
T5,4,0,196,2
T6,5,1,56,2
T7,6,0,55,5
[462]
T1,0,0,160,3
T2,1,0,100,8
T3,2,0,72,2
T4,3,0,200,2
T5,4,0,22,1
T6,5,1,188,18
T7,6,0,30,2
[463]
T1,0,1,35,2
T2,1,1,140,3
T3,2,0,49,3
T4,3,1,200,21
T5,4,0,175,2
T6,5,0,195,13
T7,6,0,120,1
[464]
T1,0,1,25,2
T2,1,1,200,1
T3,2,0,108,13
T4,3,1,54,3
T5,4,0,33,2
T6,5,0,175,11
T7,6,0,176,2
[465]
T1,0,1,200,3
T2,1,1,53,1
T3,2,0,189,13
T4,3,0,60,5
T5,4,0,42,2
T6,5,1,60,4
T7,6,0,162,2
[466]
T1,0,0,168,7
T2,1,0,105,7
T3,2,0,154,12
T4,3,1,47,1
T5,4,1,132,1
T6,5,1,200,7
T7,6,0,51,1
[467]
T1,0,1,158,12
T2,1,1,150,1
T3,2,0,200,8
T4,3,0,100,8
T5,4,1,25,2
T6,5,1,27,2
T7,6,1,95,4
[468]
T1,0,0,32,2
T2,1,1,183,2
T3,2,1,80,4
T4,3,1,200,9
T5,4,0,132,4
T6,5,1,150,3
T7,6,1,20,2
[469]
T1,0,1,52,2
T2,1,0,66,5
T3,2,1,156,7
T4,3,0,192,13
T5,4,1,29,2
T6,5,0,200,10
T7,6,1,132,2
[470]
T1,0,0,43,2
T2,1,1,84,5
T3,2,0,156,2
T4,3,1,200,17
T5,4,0,156,9
T6,5,0,140,4
T7,6,1,28,2
[471]
T1,0,1,150,2
T2,1,1,124,8
T3,2,1,39,2
T4,3,1,200,5
T5,4,0,100,5
T6,5,0,30,2
T7,6,1,160,16
[472]
T1,0,0,156,9
T2,1,0,195,1
T3,2,0,41,2
T4,3,1,200,7
T5,4,1,130,16
T6,5,0,91,5
T7,6,1,34,2
[473]
T1,0,0,120,4
T2,1,0,40,2
T3,2,1,150,9
T4,3,0,175,12
T5,4,0,200,4
T6,5,1,31,2
T7,6,0,105,7
[474]
T1,0,0,150,2
T2,1,1,52,2
T3,2,0,135,11
T4,3,0,162,2
T5,4,0,200,18
T6,5,1,120,10
T7,6,0,36,2
[475]
T1,0,0,88,2
T2,1,0,35,3
T3,2,1,165,1
T4,3,0,37,2
T5,4,1,175,7
T6,5,1,102,7
T7,6,0,200,7
[476]
T1,0,0,116,1
T2,1,0,160,1
T3,2,0,34,4
T4,3,1,20,2
T5,4,1,75,2
T6,5,1,156,10
T7,6,1,200,1
[477]
T1,0,0,200,8
T2,1,0,88,3
T3,2,0,144,2
T4,3,0,170,2
T5,4,1,40,2
T6,5,1,51,6
T7,6,0,150,9
[478]
T1,0,1,192,6
T2,1,1,27,2
T3,2,1,128,2
T4,3,1,200,7
T5,4,0,150,7
T6,5,1,58,2
T7,6,0,29,2
[479]
T1,0,1,200,2
T2,1,0,119,2
T3,2,1,65,2
T4,3,0,49,3
T5,4,1,195,9
T6,5,0,170,6
T7,6,0,42,3
[480]
T1,0,1,30,2
T2,1,1,200,4
T3,2,0,147,11
T4,3,1,175,2
T5,4,1,49,1
T6,5,1,84,9
T7,6,0,160,7
[481]
T1,0,1,189,4
T2,1,1,182,2
T3,2,0,200,16
T4,3,1,84,12
T5,4,1,25,2
T6,5,0,65,1
T7,6,1,54,2
[482]
T1,0,0,150,7
T2,1,1,40,2
T3,2,0,200,7
T4,3,1,73,5
T5,4,1,63,1
T6,5,0,180,1
T7,6,1,40,3
[483]
T1,0,1,53,1
T2,1,1,130,1
T3,2,0,160,2
T4,3,1,200,6
T5,4,0,52,9
T6,5,0,148,3
T7,6,0,80,1
[484]
T1,0,0,39,2
T2,1,0,41,1
T3,2,1,195,7
T4,3,0,130,2
T5,4,1,78,2
T6,5,1,152,13
T7,6,1,200,6
[485]
T1,0,1,38,2
T2,1,1,200,5
T3,2,1,30,2
T4,3,0,164,2
T5,4,1,66,2
T6,5,1,150,5
T7,6,0,90,6
[486]
T1,0,0,196,4
T2,1,1,147,2
T3,2,1,132,15
T4,3,0,165,5
T5,4,1,33,1
T6,5,0,28,2
T7,6,1,200,8
[487]
T1,0,0,200,1
T2,1,0,27,2
T3,2,1,180,4
T4,3,1,49,2
T5,4,0,70,2
T6,5,0,108,6
T7,6,0,192,27
[488]
T1,0,1,190,2
T2,1,1,55,1
T3,2,1,24,2
T4,3,1,175,18
T5,4,0,21,1
T6,5,0,200,2
T7,6,0,100,6
[489]
T1,0,0,33,2
T2,1,0,108,1
T3,2,0,164,19
T4,3,1,200,3
T5,4,1,160,3
T6,5,1,24,2
T7,6,0,75,6
[490]
T1,0,0,180,5
T2,1,1,55,3
T3,2,0,150,1
T4,3,0,200,4
T5,4,1,28,2
T6,5,1,147,18
T7,6,1,38,1
[491]
T1,0,1,200,6
T2,1,0,90,7
T3,2,1,40,1
T4,3,0,72,2
T5,4,1,188,8
T6,5,0,160,11
T7,6,1,35,2
[492]
T1,0,0,200,12
T2,1,1,196,15
T3,2,0,38,1
T4,3,1,53,2
T5,4,0,120,5
T6,5,0,105,5
T7,6,1,196,1
[493]
T1,0,0,200,2
T2,1,1,70,7
T3,2,1,29,1
T4,3,0,80,2
T5,4,0,50,4
T6,5,0,160,3
T7,6,0,182,4
[494]
T1,0,1,165,15
T2,1,1,175,2
T3,2,1,57,4
T4,3,0,33,2
T5,4,1,200,17
T6,5,0,114,2
T7,6,1,47,2
[495]
T1,0,1,174,1
T2,1,0,104,1
T3,2,0,160,9
T4,3,0,52,4
T5,4,0,200,2
T6,5,0,100,11
T7,6,1,22,2
[496]
T1,0,1,20,2
T2,1,1,168,3
T3,2,1,20,2
T4,3,1,200,11
T5,4,0,198,1
T6,5,1,56,2
T7,6,0,125,2
[497]
T1,0,0,45,2
T2,1,1,108,1
T3,2,0,200,2
T4,3,0,162,20
T5,4,0,156,2
T6,5,1,100,7
T7,6,0,46,2
[498]
T1,0,0,147,3
T2,1,0,161,10
T3,2,1,200,3
T4,3,1,98,4
T5,4,1,161,2
T6,5,0,46,2
T7,6,1,51,6
[499]
T1,0,1,45,2
T2,1,0,153,18
T3,2,1,57,1
T4,3,1,190,2
T5,4,1,120,11
T6,5,0,36,2
T7,6,0,200,4
[500]
T1,0,1,180,4
T2,1,0,150,6
T3,2,0,145,6
T4,3,0,200,14
T5,4,1,29,1
T6,5,0,112,4
T7,6,1,39,1
