num_task_per_taskset=7
num_taskset=500
//ID,Priority,Offset,Period,Execution Time
[1]
T1,0,1,85,4
T2,1,0,200,18
T3,2,1,21,2
T4,3,1,154,3
T5,4,0,42,7
T6,5,1,102,2
T7,6,0,170,2
[2]
T1,0,0,41,1
T2,1,0,175,6
T3,2,0,147,10
T4,3,1,192,16
T5,4,1,200,11
T6,5,0,70,3
T7,6,1,45,2
[3]
T1,0,0,33,1
T2,1,1,200,42
T3,2,0,195,13
T4,3,1,65,2
T5,4,0,195,4
T6,5,1,40,2
T7,6,1,59,2
[4]
T1,0,0,120,1
T2,1,0,21,4
T3,2,0,189,3
T4,3,1,35,2
T5,4,1,192,9
T6,5,1,200,6
T7,6,0,126,2
[5]
T1,0,1,43,2
T2,1,1,200,3
T3,2,0,112,9
T4,3,0,24,2
T5,4,1,189,36
T6,5,1,168,2
T7,6,0,135,11
[6]
T1,0,0,156,1
T2,1,0,125,8
T3,2,0,195,21
T4,3,0,100,10
T5,4,1,20,2
T6,5,1,23,2
T7,6,0,200,1
[7]
T1,0,1,21,2
T2,1,0,150,2
T3,2,0,75,6
T4,3,0,40,2
T5,4,1,184,12
T6,5,0,98,8
T7,6,1,200,1
[8]
T1,0,1,88,2
T2,1,1,200,3
T3,2,0,198,15
T4,3,0,23,2
T5,4,0,110,9
T6,5,1,184,30
T7,6,0,39,2
[9]
T1,0,0,81,2
T2,1,1,200,7
T3,2,1,180,8
T4,3,1,184,11
T5,4,0,30,1
T6,5,0,75,14
T7,6,1,37,2
[10]
T1,0,0,38,2
T2,1,1,60,2
T3,2,1,140,2
T4,3,1,200,5
T5,4,0,150,8
T6,5,0,44,9
T7,6,1,150,4
[11]
T1,0,1,198,2
T2,1,0,200,17
T3,2,0,96,12
T4,3,0,162,12
T5,4,1,132,4
T6,5,0,48,1
T7,6,1,45,1
[12]
T1,0,0,176,12
T2,1,0,100,13
T3,2,0,175,6
T4,3,1,200,22
T5,4,1,21,2
T6,5,1,21,2
T7,6,1,66,1
[13]
T1,0,0,100,5
T2,1,0,175,8
T3,2,1,35,4
T4,3,1,41,4
T5,4,0,85,1
T6,5,1,200,3
T7,6,1,176,4
[14]
T1,0,1,43,2
T2,1,0,190,6
T3,2,0,200,6
T4,3,0,98,9
T5,4,1,150,21
T6,5,1,49,4
T7,6,1,100,2
[15]
T1,0,1,168,3
T2,1,1,42,2
T3,2,0,56,2
T4,3,1,151,5
T5,4,1,200,2
T6,5,1,105,6
T7,6,1,50,10
[16]
T1,0,0,100,5
T2,1,1,30,1
T3,2,0,156,4
T4,3,1,195,10
T5,4,0,200,12
T6,5,0,34,2
T7,6,0,84,6
[17]
T1,0,1,190,4
T2,1,0,21,4
T3,2,1,84,1
T4,3,0,200,1
T5,4,1,27,2
T6,5,0,120,2
T7,6,1,165,13
[18]
T1,0,0,200,2
T2,1,1,25,1
T3,2,1,78,3
T4,3,1,160,21
T5,4,1,31,2
T6,5,0,175,3
T7,6,1,65,3
[19]
T1,0,0,140,11
T2,1,1,189,10
T3,2,0,27,2
T4,3,0,40,1
T5,4,0,176,5
T6,5,0,144,9
T7,6,0,200,23
[20]
T1,0,1,196,5
T2,1,0,39,2
T3,2,0,31,2
T4,3,1,147,7
T5,4,0,200,19
T6,5,1,195,4
T7,6,0,100,18
[21]
T1,0,1,200,20
T2,1,1,180,6
T3,2,1,41,1
T4,3,0,45,3
T5,4,0,180,20
T6,5,0,64,2
T7,6,0,74,2
[22]
T1,0,1,41,7
T2,1,0,46,2
T3,2,0,123,2
T4,3,0,150,7
T5,4,1,200,16
T6,5,0,150,2
T7,6,0,115,4
[23]
T1,0,1,200,13
T2,1,1,50,7
T3,2,0,75,1
T4,3,0,177,3
T5,4,0,162,14
T6,5,0,108,4
T7,6,0,49,2
[24]
T1,0,1,156,18
T2,1,0,200,6
T3,2,1,104,4
T4,3,0,48,2
T5,4,0,153,2
T6,5,1,34,2
T7,6,1,136,8
[25]
T1,0,0,40,2
T2,1,0,63,2
T3,2,1,180,2
T4,3,1,43,2
T5,4,1,175,22
T6,5,1,106,13
T7,6,1,200,10
[26]
T1,0,0,200,16
T2,1,1,50,1
T3,2,0,195,20
T4,3,1,177,7
T5,4,0,104,8
T6,5,1,30,2
T7,6,0,78,2
[27]
T1,0,0,30,2
T2,1,1,49,2
T3,2,1,200,2
T4,3,1,192,8
T5,4,1,56,8
T6,5,0,168,3
T7,6,0,105,3
[28]
T1,0,1,195,34
T2,1,0,65,1
T3,2,1,200,24
T4,3,1,25,2
T5,4,1,78,5
T6,5,1,21,2
T7,6,1,190,2
[29]
T1,0,0,24,2
T2,1,0,150,1
T3,2,1,31,3
T4,3,1,200,19
T5,4,0,100,11
T6,5,1,132,2
T7,6,1,162,4
[30]
T1,0,1,80,6
T2,1,1,56,1
T3,2,0,182,2
T4,3,0,200,25
T5,4,1,34,1
T6,5,1,47,4
T7,6,1,170,4
[31]
T1,0,1,23,1
T2,1,1,34,2
T3,2,1,200,2
T4,3,1,175,2
T5,4,1,156,10
T6,5,0,91,4
T7,6,1,68,8
[32]
T1,0,0,112,7
T2,1,1,144,2
T3,2,1,150,2
T4,3,0,200,3
T5,4,1,148,27
T6,5,1,30,1
T7,6,0,44,3
[33]
T1,0,1,38,6
T2,1,1,26,1
T3,2,1,165,6
T4,3,0,132,2
T5,4,1,200,16
T6,5,0,156,1
T7,6,0,96,3
[34]
T1,0,1,192,4
T2,1,0,200,21
T3,2,1,75,6
T4,3,1,32,2
T5,4,0,190,2
T6,5,1,64,8
T7,6,0,25,2
[35]
T1,0,0,176,9
T2,1,1,132,6
T3,2,0,126,6
T4,3,1,35,2
T5,4,0,200,1
T6,5,0,176,7
T7,6,0,20,3
[36]
T1,0,0,40,2
T2,1,0,196,1
T3,2,0,34,4
T4,3,0,200,12
T5,4,0,140,2
T6,5,1,100,1
T7,6,1,172,26
[37]
T1,0,1,24,1
T2,1,1,110,3
T3,2,1,170,5
T4,3,0,175,6
T5,4,0,75,7
T6,5,0,200,22
T7,6,0,28,1
[38]
T1,0,0,160,2
T2,1,0,200,13
T3,2,0,132,15
T4,3,0,150,15
T5,4,1,58,3
T6,5,1,25,2
T7,6,1,49,1
[39]
T1,0,0,200,28
T2,1,1,102,7
T3,2,1,34,2
T4,3,0,196,12
T5,4,1,170,2
T6,5,1,53,2
T7,6,1,112,7
[40]
T1,0,0,57,5
T2,1,0,32,2
T3,2,1,200,33
T4,3,0,125,2
T5,4,0,160,2
T6,5,0,180,2
T7,6,0,23,2
[41]
T1,0,0,41,3
T2,1,1,68,4
T3,2,0,165,20
T4,3,1,102,6
T5,4,0,187,9
T6,5,1,200,1
T7,6,0,20,2
[42]
T1,0,0,47,5
T2,1,1,56,1
T3,2,0,35,1
T4,3,0,138,6
T5,4,0,175,8
T6,5,0,175,12
T7,6,0,200,9
[43]
T1,0,0,176,2
T2,1,0,44,2
T3,2,1,99,4
T4,3,0,22,2
T5,4,0,75,17
T6,5,0,153,7
T7,6,1,200,4
[44]
T1,0,1,175,12
T2,1,1,37,5
T3,2,0,44,1
T4,3,1,77,8
T5,4,0,187,4
T6,5,1,110,2
T7,6,0,200,5
[45]
T1,0,0,180,35
T2,1,1,118,2
T3,2,0,48,1
T4,3,1,150,3
T5,4,1,200,17
T6,5,0,135,8
T7,6,1,45,2
[46]
T1,0,1,45,2
T2,1,1,171,5
T3,2,1,150,4
T4,3,0,23,3
T5,4,0,120,5
T6,5,1,200,13
T7,6,0,72,5
[47]
T1,0,1,84,12
T2,1,1,161,1
T3,2,1,150,7
T4,3,1,28,2
T5,4,0,126,4
T6,5,1,200,20
T7,6,0,45,1
[48]
T1,0,1,180,5
T2,1,1,27,2
T3,2,0,57,2
T4,3,1,200,3
T5,4,0,41,4
T6,5,1,190,24
T7,6,0,70,4
[49]
T1,0,0,175,37
T2,1,1,63,1
T3,2,1,200,4
T4,3,1,135,1
T5,4,0,22,2
T6,5,0,154,2
T7,6,1,44,2
[50]
T1,0,1,200,11
T2,1,0,48,5
T3,2,0,140,4
T4,3,0,45,1
T5,4,1,185,2
T6,5,1,168,12
T7,6,1,80,6
[51]
T1,0,0,80,2
T2,1,1,35,2
T3,2,1,26,2
T4,3,0,161,20
T5,4,1,200,3
T6,5,0,105,4
T7,6,1,184,22
[52]
T1,0,0,63,1
T2,1,0,200,18
T3,2,0,150,29
T4,3,1,132,2
T5,4,0,21,1
T6,5,0,47,2
T7,6,1,176,1
[53]
T1,0,0,200,7
T2,1,1,152,4
T3,2,0,75,4
T4,3,0,116,10
T5,4,1,150,4
T6,5,0,40,3
T7,6,1,25,2
[54]
T1,0,0,180,8
T2,1,1,26,3
T3,2,1,144,14
T4,3,0,149,4
T5,4,0,30,2
T6,5,0,200,1
T7,6,1,90,3
[55]
T1,0,1,200,2
T2,1,1,28,2
T3,2,0,165,14
T4,3,0,40,2
T5,4,1,196,17
T6,5,0,99,10
T7,6,1,70,1
[56]
T1,0,0,33,2
T2,1,1,189,2
T3,2,1,31,1
T4,3,1,200,6
T5,4,1,165,9
T6,5,0,99,9
T7,6,1,56,3
[57]
T1,0,0,84,7
T2,1,1,192,2
T3,2,1,200,16
T4,3,1,56,2
T5,4,0,50,2
T6,5,0,182,17
T7,6,0,39,2
[58]
T1,0,0,200,20
T2,1,0,80,2
T3,2,1,190,1
T4,3,1,50,4
T5,4,0,182,9
T6,5,0,26,1
T7,6,0,91,7
[59]
T1,0,1,186,2
T2,1,0,75,6
T3,2,1,60,2
T4,3,1,200,26
T5,4,0,44,2
T6,5,0,155,15
T7,6,1,46,2
[60]
T1,0,0,200,20
T2,1,0,30,2
T3,2,0,144,22
T4,3,1,35,3
T5,4,0,155,1
T6,5,0,168,1
T7,6,1,63,2
[61]
T1,0,0,51,6
T2,1,0,189,3
T3,2,0,112,17
T4,3,1,196,2
T5,4,0,24,1
T6,5,0,200,3
T7,6,1,98,1
[62]
T1,0,0,48,3
T2,1,1,128,8
T3,2,0,128,7
T4,3,1,200,8
T5,4,0,20,1
T6,5,1,194,3
T7,6,0,150,9
[63]
T1,0,0,60,2
T2,1,1,36,5
T3,2,1,176,7
T4,3,0,44,3
T5,4,0,95,6
T6,5,1,152,1
T7,6,1,200,7
[64]
T1,0,1,38,1
T2,1,1,186,1
T3,2,0,90,5
T4,3,0,22,2
T5,4,0,200,28
T6,5,1,62,1
T7,6,0,198,4
[65]
T1,0,0,171,14
T2,1,1,60,2
T3,2,1,75,3
T4,3,1,36,2
T5,4,0,200,2
T6,5,0,43,3
T7,6,1,189,21
[66]
T1,0,0,176,24
T2,1,1,200,1
T3,2,0,25,4
T4,3,0,57,2
T5,4,0,80,2
T6,5,0,25,1
T7,6,1,198,3
[67]
T1,0,1,140,9
T2,1,1,200,2
T3,2,1,28,2
T4,3,1,143,2
T5,4,1,195,11
T6,5,1,195,26
T7,6,1,26,2
[68]
T1,0,0,200,6
T2,1,1,45,2
T3,2,0,21,2
T4,3,1,66,4
T5,4,0,150,3
T6,5,0,66,10
T7,6,0,195,6
[69]
T1,0,0,200,10
T2,1,0,33,1
T3,2,1,53,1
T4,3,1,85,8
T5,4,1,88,2
T6,5,1,150,2
T7,6,1,175,30
[70]
T1,0,1,165,2
T2,1,0,80,9
T3,2,0,186,18
T4,3,1,120,8
T5,4,0,200,11
T6,5,0,21,2
T7,6,1,40,1
[71]
T1,0,1,90,4
T2,1,0,21,2
T3,2,0,200,2
T4,3,1,35,2
T5,4,1,156,4
T6,5,1,150,29
T7,6,0,130,2
[72]
T1,0,0,55,2
T2,1,1,150,31
T3,2,1,160,1
T4,3,0,50,1
T5,4,1,72,6
T6,5,1,20,2
T7,6,1,200,6
[73]
T1,0,0,153,2
T2,1,1,190,13
T3,2,1,31,2
T4,3,1,51,1
T5,4,0,200,2
T6,5,1,68,9
T7,6,0,95,12
[74]
T1,0,1,30,1
T2,1,0,28,1
T3,2,0,100,12
T4,3,0,200,6
T5,4,1,129,12
T6,5,0,175,1
T7,6,1,168,4
[75]
T1,0,0,85,2
T2,1,0,40,1
T3,2,0,32,1
T4,3,0,75,6
T5,4,0,150,10
T6,5,1,200,29
T7,6,1,180,1
[76]
T1,0,0,175,11
T2,1,0,200,6
T3,2,1,24,2
T4,3,1,138,5
T5,4,1,42,3
T6,5,0,98,2
T7,6,0,184,9
[77]
T1,0,0,46,4
T2,1,1,63,9
T3,2,0,180,14
T4,3,1,68,2
T5,4,0,35,1
T6,5,0,200,2
T7,6,0,160,1
[78]
T1,0,0,40,2
T2,1,1,75,2
T3,2,1,36,3
T4,3,0,196,28
T5,4,1,80,2
T6,5,1,156,10
T7,6,1,200,7
[79]
T1,0,0,38,2
T2,1,1,95,2
T3,2,0,200,1
T4,3,1,150,24
T5,4,1,80,2
T6,5,1,160,18
T7,6,1,20,2
[80]
T1,0,0,200,4
T2,1,1,195,19
T3,2,0,23,2
T4,3,0,180,10
T5,4,0,135,10
T6,5,1,35,2
T7,6,0,117,7
[81]
T1,0,1,150,1
T2,1,0,150,10
T3,2,0,144,20
T4,3,0,53,5
T5,4,0,20,2
T6,5,1,107,4
T7,6,1,200,3
[82]
T1,0,1,27,2
T2,1,1,153,8
T3,2,0,35,1
T4,3,0,200,4
T5,4,1,189,47
T6,5,1,72,1
T7,6,0,60,2
[83]
T1,0,0,190,21
T2,1,0,135,7
T3,2,1,45,1
T4,3,0,57,2
T5,4,0,42,2
T6,5,0,180,9
T7,6,1,200,12
[84]
T1,0,1,49,2
T2,1,0,150,22
T3,2,1,30,1
T4,3,1,200,2
T5,4,1,136,10
T6,5,1,55,3
T7,6,0,154,2
[85]
T1,0,0,200,31
T2,1,1,22,2
T3,2,0,35,2
T4,3,0,192,20
T5,4,1,91,4
T6,5,1,182,4
T7,6,0,96,2
[86]
T1,0,0,180,7
T2,1,0,95,8
T3,2,1,26,2
T4,3,0,95,1
T5,4,1,175,8
T6,5,1,48,4
T7,6,0,200,1
[87]
T1,0,0,20,2
T2,1,1,128,4
T3,2,0,200,5
T4,3,1,96,21
T5,4,1,158,3
T6,5,0,158,4
T7,6,1,38,1
[88]
T1,0,1,30,2
T2,1,1,80,4
T3,2,1,168,14
T4,3,1,200,9
T5,4,0,23,1
T6,5,1,144,5
T7,6,0,189,2
[89]
T1,0,0,29,2
T2,1,0,45,3
T3,2,1,63,1
T4,3,1,200,9
T5,4,0,189,5
T6,5,0,152,6
T7,6,1,56,4
[90]
T1,0,1,180,37
T2,1,0,44,3
T3,2,1,200,4
T4,3,0,183,6
T5,4,0,40,2
T6,5,1,84,1
T7,6,1,126,4
[91]
T1,0,0,170,9
T2,1,0,24,2
T3,2,1,77,7
T4,3,1,165,28
T5,4,0,55,2
T6,5,1,200,6
T7,6,1,41,2
[92]
T1,0,0,100,16
T2,1,1,44,2
T3,2,0,192,12
T4,3,1,168,1
T5,4,0,200,2
T6,5,0,90,7
T7,6,1,50,3
[93]
T1,0,0,72,2
T2,1,0,189,44
T3,2,1,140,2
T4,3,0,36,1
T5,4,1,176,5
T6,5,1,44,2
T7,6,0,200,6
[94]
T1,0,0,150,2
T2,1,0,175,22
T3,2,0,200,26
T4,3,0,24,2
T5,4,0,126,1
T6,5,0,45,2
T7,6,0,55,2
[95]
T1,0,1,141,2
T2,1,1,100,22
T3,2,0,50,1
T4,3,1,162,7
T5,4,1,180,3
T6,5,1,52,2
T7,6,0,200,14
[96]
T1,0,1,26,1
T2,1,1,91,8
T3,2,1,28,2
T4,3,1,160,7
T5,4,0,64,7
T6,5,1,200,14
T7,6,1,150,3
[97]
T1,0,1,196,10
T2,1,1,63,2
T3,2,1,200,17
T4,3,1,50,4
T5,4,1,31,1
T6,5,1,72,2
T7,6,1,165,17
[98]
T1,0,1,200,34
T2,1,0,128,3
T3,2,0,152,7
T4,3,1,60,1
T5,4,1,150,9
T6,5,0,29,2
T7,6,1,40,1
[99]
T1,0,1,88,5
T2,1,1,37,3
T3,2,1,52,2
T4,3,0,195,5
T5,4,1,144,2
T6,5,1,198,7
T7,6,1,200,21
[100]
T1,0,1,23,2
T2,1,0,105,1
T3,2,1,200,1
T4,3,0,105,21
T5,4,1,160,5
T6,5,1,180,4
T7,6,1,35,3
[101]
T1,0,1,192,5
T2,1,1,60,2
T3,2,1,48,2
T4,3,0,200,34
T5,4,0,162,20
T6,5,0,125,6
T7,6,0,45,2
[102]
T1,0,0,200,14
T2,1,0,132,7
T3,2,1,49,2
T4,3,0,26,3
T5,4,0,84,1
T6,5,0,198,10
T7,6,0,154,3
[103]
T1,0,0,41,6
T2,1,1,200,14
T3,2,0,160,3
T4,3,1,168,3
T5,4,0,45,1
T6,5,0,128,7
T7,6,1,63,2
[104]
T1,0,1,46,1
T2,1,1,96,27
T3,2,1,168,2
T4,3,1,35,2
T5,4,0,78,2
T6,5,0,200,3
T7,6,1,150,4
[105]
T1,0,1,170,8
T2,1,1,176,9
T3,2,0,200,15
T4,3,1,75,2
T5,4,0,24,2
T6,5,0,90,2
T7,6,0,53,9
[106]
T1,0,1,21,2
T2,1,1,120,1
T3,2,1,171,13
T4,3,0,200,3
T5,4,0,21,2
T6,5,1,171,8
T7,6,1,56,9
[107]
T1,0,1,125,5
T2,1,1,80,7
T3,2,0,170,2
T4,3,1,51,1
T5,4,0,175,9
T6,5,0,28,1
T7,6,1,200,23
[108]
T1,0,1,198,7
T2,1,0,21,2
T3,2,0,112,1
T4,3,0,200,18
T5,4,0,154,17
T6,5,0,41,2
T7,6,1,55,4
[109]
T1,0,1,144,10
T2,1,1,156,6
T3,2,0,176,12
T4,3,0,40,2
T5,4,1,60,2
T6,5,1,200,27
T7,6,0,30,2
[110]
T1,0,0,165,5
T2,1,1,55,1
T3,2,0,75,1
T4,3,0,168,12
T5,4,1,200,3
T6,5,0,48,3
T7,6,1,25,3
[111]
T1,0,0,72,12
T2,1,0,64,1
T3,2,0,200,12
T4,3,0,156,12
T5,4,1,150,4
T6,5,0,25,2
T7,6,1,26,2
[112]
T1,0,0,30,2
T2,1,1,39,3
T3,2,0,76,5
T4,3,0,180,8
T5,4,1,200,8
T6,5,0,195,13
T7,6,1,90,4
[113]
T1,0,0,52,8
T2,1,1,194,21
T3,2,0,100,6
T4,3,0,52,2
T5,4,1,200,1
T6,5,1,120,2
T7,6,1,150,2
[114]
T1,0,1,120,7
T2,1,0,120,3
T3,2,0,43,6
T4,3,1,200,2
T5,4,1,190,13
T6,5,1,195,13
T7,6,0,52,2
[115]
T1,0,0,105,4
T2,1,0,200,2
T3,2,0,198,24
T4,3,0,28,2
T5,4,1,126,8
T6,5,1,48,5
T7,6,0,175,5
[116]
T1,0,1,84,4
T2,1,0,200,46
T3,2,1,32,2
T4,3,1,120,4
T5,4,1,29,2
T6,5,0,150,2
T7,6,0,188,13
[117]
T1,0,0,120,3
T2,1,0,194,13
T3,2,1,25,3
T4,3,0,75,3
T5,4,0,36,2
T6,5,0,175,3
T7,6,0,200,11
[118]
T1,0,1,100,3
T2,1,0,187,2
T3,2,1,22,2
T4,3,0,46,7
T5,4,0,200,11
T6,5,0,170,13
T7,6,1,119,2
[119]
T1,0,0,20,2
T2,1,0,200,2
T3,2,1,160,14
T4,3,0,132,17
T5,4,1,180,14
T6,5,0,72,3
T7,6,1,40,2
[120]
T1,0,0,162,14
T2,1,1,180,15
T3,2,1,115,7
T4,3,1,45,4
T5,4,1,200,1
T6,5,1,60,2
T7,6,1,37,2
[121]
T1,0,1,200,30
T2,1,0,124,2
T3,2,1,46,2
T4,3,1,186,16
T5,4,1,175,10
T6,5,1,45,1
T7,6,0,144,4
[122]
T1,0,1,30,1
T2,1,1,200,9
T3,2,0,170,13
T4,3,0,47,2
T5,4,0,72,2
T6,5,0,171,12
T7,6,0,60,7
[123]
T1,0,0,180,45
T2,1,0,93,4
T3,2,0,40,2
T4,3,0,200,1
T5,4,1,28,2
T6,5,0,155,4
T7,6,0,140,4
[124]
T1,0,0,149,7
T2,1,1,149,13
T3,2,0,100,4
T4,3,1,200,2
T5,4,0,125,4
T6,5,0,20,2
T7,6,1,54,2
[125]
T1,0,1,87,3
T2,1,0,29,2
T3,2,0,116,3
T4,3,1,38,2
T5,4,0,175,21
T6,5,0,200,8
T7,6,0,175,23
[126]
T1,0,0,175,18
T2,1,0,100,15
T3,2,0,37,1
T4,3,0,105,3
T5,4,1,180,3
T6,5,0,30,2
T7,6,0,200,11
[127]
T1,0,1,41,6
T2,1,1,200,4
T3,2,1,21,2
T4,3,0,57,2
T5,4,1,112,1
T6,5,0,152,2
T7,6,1,160,19
[128]
T1,0,1,95,16
T2,1,1,200,2
T3,2,1,160,9
T4,3,0,95,7
T5,4,0,160,5
T6,5,1,29,2
T7,6,1,43,1
[129]
T1,0,1,34,2
T2,1,1,198,2
T3,2,1,152,15
T4,3,0,200,3
T5,4,1,120,2
T6,5,1,60,6
T7,6,0,38,5
[130]
T1,0,0,200,3
T2,1,1,29,2
T3,2,0,150,12
T4,3,1,76,13
T5,4,0,133,2
T6,5,0,152,2
T7,6,1,21,1
[131]
T1,0,0,133,13
T2,1,0,160,2
T3,2,1,192,10
T4,3,1,29,3
T5,4,1,48,1
T6,5,0,200,2
T7,6,0,96,5
[132]
T1,0,1,46,3
T2,1,0,175,9
T3,2,1,35,1
T4,3,0,92,11
T5,4,0,168,1
T6,5,0,200,17
T7,6,1,120,2
[133]
T1,0,0,136,1
T2,1,1,165,2
T3,2,1,72,9
T4,3,0,187,2
T5,4,1,37,3
T6,5,0,48,2
T7,6,0,200,16
[134]
T1,0,1,72,1
T2,1,1,115,13
T3,2,0,200,15
T4,3,0,27,2
T5,4,0,192,13
T6,5,1,150,2
T7,6,1,53,2
[135]
T1,0,0,160,3
T2,1,0,112,1
T3,2,1,200,3
T4,3,0,22,1
T5,4,0,22,1
T6,5,1,125,16
T7,6,0,168,16
[136]
T1,0,0,32,2
T2,1,0,200,17
T3,2,1,21,2
T4,3,0,60,1
T5,4,1,182,6
T6,5,0,102,11
T7,6,0,182,5
[137]
T1,0,1,105,2
T2,1,0,40,5
T3,2,0,154,14
T4,3,1,200,15
T5,4,0,37,2
T6,5,0,80,4
T7,6,0,150,2
[138]
T1,0,0,200,19
T2,1,1,150,2
T3,2,0,99,8
T4,3,1,37,5
T5,4,1,150,1
T6,5,1,35,2
T7,6,1,108,2
[139]
T1,0,1,56,5
T2,1,0,119,2
T3,2,1,50,6
T4,3,0,200,2
T5,4,0,52,2
T6,5,0,185,11
T7,6,0,185,7
[140]
T1,0,0,125,6
T2,1,0,25,1
T3,2,1,200,11
T4,3,1,70,2
T5,4,1,21,1
T6,5,0,168,26
T7,6,1,176,1
[141]
T1,0,1,133,1
T2,1,1,200,18
T3,2,0,24,2
T4,3,0,175,25
T5,4,1,32,1
T6,5,0,100,2
T7,6,1,192,10
[142]
T1,0,1,102,5
T2,1,1,162,10
T3,2,0,34,2
T4,3,1,34,1
T5,4,0,153,11
T6,5,1,144,9
T7,6,0,200,11
[143]
T1,0,0,200,7
T2,1,1,46,3
T3,2,0,92,3
T4,3,0,171,20
T5,4,1,72,4
T6,5,1,184,9
T7,6,0,41,2
[144]
T1,0,0,153,4
T2,1,0,48,2
T3,2,0,156,2
T4,3,0,200,2
T5,4,0,36,7
T6,5,0,136,15
T7,6,0,90,2
[145]
T1,0,1,189,12
T2,1,0,200,2
T3,2,1,180,8
T4,3,1,50,2
T5,4,0,105,18
T6,5,1,115,3
T7,6,1,44,1
[146]
T1,0,1,94,2
T2,1,1,196,13
T3,2,0,200,24
T4,3,0,56,2
T5,4,0,39,3
T6,5,0,25,1
T7,6,0,188,7
[147]
T1,0,0,149,19
T2,1,1,56,2
T3,2,0,52,3
T4,3,1,200,5
T5,4,0,21,1
T6,5,1,105,4
T7,6,0,149,5
[148]
T1,0,0,150,2
T2,1,1,192,7
T3,2,0,100,1
T4,3,1,200,1
T5,4,0,47,4
T6,5,1,31,2
T7,6,1,93,19
[149]
T1,0,0,144,33
T2,1,1,38,2
T3,2,0,28,2
T4,3,1,72,5
T5,4,0,165,1
T6,5,0,200,2
T7,6,0,176,2
[150]
T1,0,1,110,2
T2,1,1,192,2
T3,2,0,200,2
T4,3,0,100,24
T5,4,0,52,2
T6,5,1,165,12
T7,6,0,25,2
[151]
T1,0,0,72,1
T2,1,0,150,13
T3,2,0,200,2
T4,3,1,21,2
T5,4,1,158,9
T6,5,0,20,2
T7,6,1,105,20
[152]
T1,0,1,46,2
T2,1,1,150,5
T3,2,1,200,1
T4,3,0,45,2
T5,4,1,150,19
T6,5,1,76,2
T7,6,1,76,10
[153]
T1,0,0,93,4
T2,1,1,200,2
T3,2,0,186,6
T4,3,0,52,9
T5,4,1,117,9
T6,5,0,22,2
T7,6,1,180,6
[154]
T1,0,1,151,1
T2,1,1,120,6
T3,2,0,40,1
T4,3,1,80,5
T5,4,1,37,3
T6,5,1,200,5
T7,6,0,192,16
[155]
T1,0,0,200,16
T2,1,1,54,6
T3,2,0,48,2
T4,3,0,75,3
T5,4,0,160,11
T6,5,0,195,6
T7,6,0,90,4
[156]
T1,0,0,81,2
T2,1,0,26,7
T3,2,1,200,1
T4,3,0,198,1
T5,4,0,33,2
T6,5,0,160,4
T7,6,1,66,3
[157]
T1,0,0,175,1
T2,1,1,63,3
T3,2,1,44,3
T4,3,1,150,18
T5,4,0,200,1
T6,5,1,34,2
T7,6,1,75,5
[158]
T1,0,1,200,13
T2,1,1,26,2
T3,2,0,45,2
T4,3,0,130,3
T5,4,0,195,29
T6,5,0,188,6
T7,6,0,104,3
[159]
T1,0,1,38,2
T2,1,0,93,6
T3,2,0,150,4
T4,3,1,49,2
T5,4,0,155,5
T6,5,1,200,25
T7,6,1,75,6
[160]
T1,0,0,180,14
T2,1,1,38,2
T3,2,1,75,1
T4,3,1,161,1
T5,4,1,46,2
T6,5,1,200,31
T7,6,0,69,2
[161]
T1,0,0,110,12
T2,1,1,200,10
T3,2,1,120,4
T4,3,1,180,2
T5,4,1,48,2
T6,5,1,187,17
T7,6,0,48,2
[162]
T1,0,0,175,14
T2,1,1,144,1
T3,2,0,200,27
T4,3,0,180,4
T5,4,1,32,1
T6,5,1,28,1
T7,6,1,95,5
[163]
T1,0,0,200,3
T2,1,1,156,3
T3,2,1,40,2
T4,3,1,180,7
T5,4,1,33,1
T6,5,1,108,10
T7,6,0,72,11
[164]
T1,0,0,75,2
T2,1,0,200,4
T3,2,1,51,6
T4,3,0,176,2
T5,4,1,183,3
T6,5,0,24,1
T7,6,0,132,14
[165]
T1,0,1,63,2
T2,1,1,24,2
T3,2,0,45,8
T4,3,0,172,6
T5,4,0,140,2
T6,5,0,200,24
T7,6,1,175,1
[166]
T1,0,1,175,15
T2,1,0,144,6
T3,2,0,144,13
T4,3,1,33,1
T5,4,1,200,14
T6,5,0,30,1
T7,6,1,168,2
[167]
T1,0,0,126,2
T2,1,0,150,28
T3,2,0,200,2
T4,3,0,125,10
T5,4,0,192,2
T6,5,0,29,2
T7,6,0,20,2
[168]
T1,0,1,200,20
T2,1,1,45,2
T3,2,1,110,6
T4,3,1,36,3
T5,4,1,154,8
T6,5,1,108,5
T7,6,1,189,3
[169]
T1,0,0,39,2
T2,1,1,30,2
T3,2,0,180,2
T4,3,1,165,2
T5,4,0,60,14
T6,5,1,200,19
T7,6,1,135,2
[170]
T1,0,0,174,1
T2,1,1,120,1
T3,2,1,174,16
T4,3,1,200,2
T5,4,1,42,5
T6,5,0,57,2
T7,6,1,50,6
[171]
T1,0,0,29,2
T2,1,0,100,2
T3,2,0,154,23
T4,3,0,30,1
T5,4,0,60,6
T6,5,1,200,8
T7,6,0,168,1
[172]
T1,0,1,32,2
T2,1,0,168,14
T3,2,1,200,5
T4,3,0,30,2
T5,4,1,102,7
T6,5,1,112,1
T7,6,0,160,12
[173]
T1,0,0,45,2
T2,1,0,110,5
T3,2,1,33,4
T4,3,1,180,27
T5,4,1,132,2
T6,5,1,200,6
T7,6,0,156,4
[174]
T1,0,1,98,5
T2,1,1,40,1
T3,2,1,200,2
T4,3,1,132,8
T5,4,1,196,11
T6,5,0,176,1
T7,6,1,21,3
[175]
T1,0,0,68,11
T2,1,1,29,2
T3,2,1,72,1
T4,3,0,24,2
T5,4,1,153,6
T6,5,1,200,12
T7,6,0,174,12
[176]
T1,0,1,46,2
T2,1,1,168,2
T3,2,0,150,28
T4,3,0,25,2
T5,4,0,63,3
T6,5,0,63,1
T7,6,0,200,9
[177]
T1,0,1,200,6
T2,1,1,78,4
T3,2,0,28,1
T4,3,0,182,15
T5,4,1,22,2
T6,5,1,156,16
T7,6,0,108,3
[178]
T1,0,1,96,2
T2,1,0,200,41
T3,2,0,36,2
T4,3,1,49,2
T5,4,0,175,2
T6,5,0,126,1
T7,6,0,170,9
[179]
T1,0,0,50,1
T2,1,1,112,10
T3,2,1,84,3
T4,3,1,37,1
T5,4,0,168,15
T6,5,1,176,2
T7,6,1,200,21
[180]
T1,0,0,50,8
T2,1,1,59,1
T3,2,1,51,1
T4,3,1,150,2
T5,4,0,200,2
T6,5,1,175,23
T7,6,0,140,2
[181]
T1,0,1,86,11
T2,1,0,132,8
T3,2,1,34,2
T4,3,1,33,3
T5,4,0,200,5
T6,5,0,172,4
T7,6,1,180,5
[182]
T1,0,0,200,22
T2,1,0,192,2
T3,2,1,49,1
T4,3,1,150,21
T5,4,1,108,2
T6,5,0,20,2
T7,6,1,110,5
[183]
T1,0,1,156,5
T2,1,1,108,8
T3,2,1,156,12
T4,3,1,132,10
T5,4,0,50,2
T6,5,1,47,1
T7,6,0,200,19
[184]
T1,0,1,80,2
T2,1,0,200,2
T3,2,0,195,6
T4,3,0,76,2
T5,4,0,22,2
T6,5,0,156,48
T7,6,1,20,2
[185]
T1,0,0,93,2
T2,1,0,93,2
T3,2,1,185,15
T4,3,0,185,17
T5,4,1,50,2
T6,5,0,200,20
T7,6,1,33,1
[186]
T1,0,0,90,1
T2,1,1,42,1
T3,2,0,200,1
T4,3,0,160,10
T5,4,1,138,15
T6,5,1,45,3
T7,6,0,160,11
[187]
T1,0,0,150,2
T2,1,0,170,4
T3,2,1,49,3
T4,3,1,102,21
T5,4,1,200,3
T6,5,1,68,2
T7,6,1,36,1
[188]
T1,0,1,88,1
T2,1,1,135,14
T3,2,0,42,4
T4,3,0,200,7
T5,4,1,180,13
T6,5,0,165,3
T7,6,1,50,1
[189]
T1,0,1,192,24
T2,1,1,44,5
T3,2,0,200,5
T4,3,0,64,1
T5,4,0,140,3
T6,5,1,48,1
T7,6,0,154,8
[190]
T1,0,0,25,2
T2,1,0,38,2
T3,2,0,100,1
T4,3,0,155,13
T5,4,0,75,10
T6,5,1,176,12
T7,6,1,200,1
[191]
T1,0,0,120,12
T2,1,1,200,4
T3,2,1,160,3
T4,3,0,180,19
T5,4,0,21,1
T6,5,1,60,4
T7,6,0,23,2
[192]
T1,0,0,200,11
T2,1,1,56,1
T3,2,0,88,4
T4,3,0,192,7
T5,4,1,50,4
T6,5,1,28,2
T7,6,0,165,8
[193]
T1,0,0,200,16
T2,1,1,64,2
T3,2,0,192,14
T4,3,1,20,2
T5,4,1,150,1
T6,5,1,46,5
T7,6,1,58,5
[194]
T1,0,0,200,7
T2,1,1,175,12
T3,2,1,70,1
T4,3,0,72,3
T5,4,1,23,1
T6,5,0,28,2
T7,6,0,175,19
[195]
T1,0,1,22,1
T2,1,0,180,5
T3,2,1,150,8
T4,3,1,140,3
T5,4,0,200,11
T6,5,0,32,3
T7,6,1,126,8
[196]
T1,0,1,157,1
T2,1,1,100,8
T3,2,0,22,1
T4,3,0,20,1
T5,4,1,157,10
T6,5,1,58,2
T7,6,0,200,17
[197]
T1,0,1,33,1
T2,1,1,110,1
T3,2,0,40,2
T4,3,0,99,4
T5,4,1,200,18
T6,5,0,184,19
T7,6,1,180,4
[198]
T1,0,0,180,6
T2,1,1,20,2
T3,2,0,177,14
T4,3,0,200,9
T5,4,1,135,1
T6,5,1,120,5
T7,6,1,24,4
[199]
T1,0,0,200,2
T2,1,0,35,3
T3,2,1,160,7
T4,3,0,42,1
T5,4,0,112,9
T6,5,1,180,13
T7,6,0,140,4
[200]
T1,0,1,65,1
T2,1,0,130,5
T3,2,1,200,6
T4,3,0,150,32
T5,4,1,45,1
T6,5,1,165,5
T7,6,0,52,2
[201]
T1,0,1,184,2
T2,1,1,80,2
T3,2,1,130,3
T4,3,0,33,2
T5,4,0,20,1
T6,5,0,150,29
T7,6,1,200,1
[202]
T1,0,1,48,4
T2,1,1,63,6
T3,2,0,168,6
T4,3,1,47,2
T5,4,1,200,10
T6,5,1,189,8
T7,6,0,72,4
[203]
T1,0,1,165,2
T2,1,0,190,22
T3,2,0,90,5
T4,3,0,20,2
T5,4,1,33,1
T6,5,0,132,17
T7,6,1,200,5
[204]
T1,0,1,20,1
T2,1,1,40,5
T3,2,1,96,2
T4,3,1,144,6
T5,4,0,200,10
T6,5,1,180,8
T7,6,0,177,3
[205]
T1,0,1,78,2
T2,1,1,200,2
T3,2,0,192,26
T4,3,0,70,2
T5,4,1,48,1
T6,5,0,175,2
T7,6,0,53,10
[206]
T1,0,1,187,6
T2,1,0,56,2
T3,2,0,154,11
T4,3,1,51,3
T5,4,1,200,14
T6,5,0,21,2
T7,6,0,136,14
[207]
T1,0,0,200,10
T2,1,1,160,5
T3,2,1,42,2
T4,3,1,57,3
T5,4,0,160,10
T6,5,1,125,2
T7,6,0,20,3
[208]
T1,0,1,20,1
T2,1,0,45,2
T3,2,0,165,2
T4,3,0,98,6
T5,4,1,132,18
T6,5,1,180,2
T7,6,0,200,20
[209]
T1,0,0,47,3
T2,1,1,200,1
T3,2,1,156,4
T4,3,1,120,14
T5,4,0,75,2
T6,5,0,150,22
T7,6,1,24,2
[210]
T1,0,1,110,13
T2,1,0,200,23
T3,2,0,49,2
T4,3,1,25,2
T5,4,0,91,2
T6,5,0,156,2
T7,6,0,154,10
[211]
T1,0,0,90,2
T2,1,1,25,2
T3,2,0,200,27
T4,3,1,152,10
T5,4,1,76,1
T6,5,0,190,7
T7,6,1,51,4
[212]
T1,0,1,26,2
T2,1,0,165,21
T3,2,0,200,10
T4,3,1,21,2
T5,4,1,175,13
T6,5,0,135,1
T7,6,0,75,6
[213]
T1,0,0,75,6
T2,1,0,36,3
T3,2,1,200,6
T4,3,0,108,3
T5,4,0,148,6
T6,5,1,24,2
T7,6,1,148,1
[214]
T1,0,1,50,1
T2,1,0,175,16
T3,2,1,200,1
T4,3,1,70,5
T5,4,0,81,3
T6,5,1,160,3
T7,6,1,53,6
[215]
T1,0,1,35,2
T2,1,0,168,8
T3,2,1,80,2
T4,3,1,45,3
T5,4,1,68,2
T6,5,1,175,25
T7,6,0,200,21
[216]
T1,0,1,41,2
T2,1,1,100,4
T3,2,0,105,4
T4,3,1,200,27
T5,4,1,180,12
T6,5,1,52,3
T7,6,0,168,7
[217]
T1,0,0,200,14
T2,1,0,31,2
T3,2,0,40,2
T4,3,0,98,4
T5,4,1,98,9
T6,5,0,152,3
T7,6,0,175,2
[218]
T1,0,0,200,2
T2,1,1,93,1
T3,2,1,20,2
T4,3,1,38,4
T5,4,0,186,1
T6,5,1,75,1
T7,6,0,155,37
[219]
T1,0,1,180,1
T2,1,1,200,9
T3,2,0,98,1
T4,3,1,180,14
T5,4,0,112,22
T6,5,0,48,2
T7,6,0,48,2
[220]
T1,0,0,160,11
T2,1,1,170,2
T3,2,1,51,1
T4,3,0,115,1
T5,4,1,200,23
T6,5,0,34,4
T7,6,1,96,2
[221]
T1,0,0,30,2
T2,1,1,160,17
T3,2,0,72,1
T4,3,1,120,2
T5,4,0,24,2
T6,5,0,200,3
T7,6,0,162,7
[222]
T1,0,1,36,4
T2,1,1,175,1
T3,2,1,168,15
T4,3,0,38,3
T5,4,1,55,2
T6,5,1,120,6
T7,6,0,200,2
[223]
T1,0,1,50,4
T2,1,0,175,1
T3,2,1,85,2
T4,3,1,70,5
T5,4,1,36,2
T6,5,0,160,13
T7,6,0,200,17
[224]
T1,0,1,100,6
T2,1,1,200,10
T3,2,1,27,2
T4,3,1,169,24
T5,4,0,195,15
T6,5,1,20,2
T7,6,1,117,2
[225]
T1,0,1,192,14
T2,1,0,40,2
T3,2,1,25,2
T4,3,1,140,16
T5,4,0,200,3
T6,5,1,70,2
T7,6,0,175,6
[226]
T1,0,1,21,2
T2,1,0,100,5
T3,2,1,52,2
T4,3,1,200,18
T5,4,0,148,1
T6,5,1,111,20
T7,6,1,160,5
[227]
T1,0,0,45,2
T2,1,1,200,53
T3,2,1,128,2
T4,3,0,176,4
T5,4,1,85,2
T6,5,1,176,2
T7,6,0,22,2
[228]
T1,0,0,120,11
T2,1,1,55,3
T3,2,0,50,2
T4,3,0,156,13
T5,4,0,44,2
T6,5,1,200,2
T7,6,1,160,19
[229]
T1,0,1,156,11
T2,1,1,200,3
T3,2,0,30,3
T4,3,1,52,1
T5,4,1,66,2
T6,5,1,66,6
T7,6,0,168,6
[230]
T1,0,0,200,9
T2,1,1,37,1
T3,2,1,26,2
T4,3,1,140,9
T5,4,1,192,23
T6,5,1,60,1
T7,6,0,192,17
[231]
T1,0,1,176,19
T2,1,1,200,2
T3,2,1,55,9
T4,3,1,55,1
T5,4,1,165,3
T6,5,0,50,1
T7,6,1,30,1
[232]
T1,0,0,38,3
T2,1,1,100,10
T3,2,0,180,7
T4,3,0,63,2
T5,4,1,25,2
T6,5,0,200,2
T7,6,0,175,7
[233]
T1,0,0,104,8
T2,1,0,195,8
T3,2,1,77,3
T4,3,1,168,10
T5,4,1,40,2
T6,5,1,51,2
T7,6,1,200,30
[234]
T1,0,1,40,4
T2,1,0,200,13
T3,2,1,116,9
T4,3,1,174,3
T5,4,0,192,1
T6,5,0,64,6
T7,6,0,41,2
[235]
T1,0,0,22,1
T2,1,0,55,1
T3,2,1,168,11
T4,3,1,195,33
T5,4,1,200,3
T6,5,1,29,1
T7,6,1,56,2
[236]
T1,0,1,55,1
T2,1,1,25,2
T3,2,1,38,2
T4,3,1,154,3
T5,4,1,200,10
T6,5,1,176,18
T7,6,0,110,10
[237]
T1,0,0,147,6
T2,1,0,175,39
T3,2,0,155,3
T4,3,1,20,2
T5,4,1,120,2
T6,5,0,200,6
T7,6,0,30,2
[238]
T1,0,1,44,2
T2,1,1,198,19
T3,2,1,46,5
T4,3,0,200,3
T5,4,0,92,4
T6,5,0,150,4
T7,6,1,66,4
[239]
T1,0,0,200,10
T2,1,0,75,11
T3,2,0,100,9
T4,3,0,48,2
T5,4,1,192,1
T6,5,0,197,3
T7,6,0,45,2
[240]
T1,0,1,25,3
T2,1,1,190,2
T3,2,0,33,2
T4,3,0,74,5
T5,4,1,152,1
T6,5,1,140,18
T7,6,1,200,4
[241]
T1,0,0,126,9
T2,1,0,176,5
T3,2,1,27,2
T4,3,0,160,17
T5,4,0,200,18
T6,5,0,20,2
T7,6,0,70,5
[242]
T1,0,1,125,12
T2,1,1,200,9
T3,2,1,26,2
T4,3,0,180,5
T5,4,0,60,3
T6,5,0,24,1
T7,6,1,159,13
[243]
T1,0,1,53,5
T2,1,0,114,16
T3,2,0,176,8
T4,3,0,22,2
T5,4,0,80,2
T6,5,0,160,2
T7,6,0,200,16
[244]
T1,0,1,185,21
T2,1,0,200,30
T3,2,0,86,2
T4,3,1,43,2
T5,4,1,120,2
T6,5,1,27,1
T7,6,1,172,3
[245]
T1,0,1,68,3
T2,1,1,40,2
T3,2,1,60,2
T4,3,0,150,31
T5,4,1,200,12
T6,5,0,194,7
T7,6,1,34,2
[246]
T1,0,1,200,20
T2,1,1,162,7
T3,2,1,189,4
T4,3,0,28,2
T5,4,1,49,3
T6,5,0,84,13
T7,6,0,144,2
[247]
T1,0,0,117,2
T2,1,1,57,2
T3,2,1,39,2
T4,3,1,200,7
T5,4,1,180,2
T6,5,0,25,2
T7,6,0,171,44
[248]
T1,0,0,75,2
T2,1,0,28,2
T3,2,1,200,9
T4,3,1,160,12
T5,4,1,170,9
T6,5,0,45,3
T7,6,0,102,5
[249]
T1,0,0,200,3
T2,1,1,32,2
T3,2,1,22,2
T4,3,0,64,3
T5,4,0,120,15
T6,5,0,169,15
T7,6,0,192,15
[250]
T1,0,1,162,14
T2,1,0,200,29
T3,2,1,33,2
T4,3,0,60,1
T5,4,0,40,4
T6,5,0,160,4
T7,6,1,65,2
[251]
T1,0,1,21,2
T2,1,0,45,7
T3,2,0,160,2
T4,3,0,72,4
T5,4,1,120,3
T6,5,1,165,11
T7,6,1,200,3
[252]
T1,0,0,106,14
T2,1,1,25,1
T3,2,1,165,2
T4,3,1,200,1
T5,4,0,60,2
T6,5,1,33,6
T7,6,1,165,2
[253]
T1,0,0,160,2
T2,1,1,43,1
T3,2,0,150,2
T4,3,1,29,2
T5,4,1,145,5
T6,5,1,58,2
T7,6,1,200,50
[254]
T1,0,1,105,2
T2,1,1,190,9
T3,2,1,114,22
T4,3,0,45,3
T5,4,1,200,6
T6,5,1,47,2
T7,6,0,189,2
[255]
T1,0,0,31,1
T2,1,1,20,2
T3,2,1,187,22
T4,3,0,176,8
T5,4,0,100,10
T6,5,0,200,8
T7,6,1,96,2
[256]
T1,0,1,171,12
T2,1,0,30,7
T3,2,0,144,1
T4,3,1,55,2
T5,4,1,150,3
T6,5,0,200,1
T7,6,0,36,2
[257]
T1,0,1,200,10
T2,1,1,31,2
T3,2,0,168,6
T4,3,1,22,3
T5,4,0,88,2
T6,5,1,70,3
T7,6,0,152,1
[258]
T1,0,1,200,15
T2,1,1,77,1
T3,2,0,24,2
T4,3,1,154,2
T5,4,1,52,8
T6,5,0,104,1
T7,6,1,175,17
[259]
T1,0,1,160,34
T2,1,0,160,3
T3,2,0,36,2
T4,3,1,200,3
T5,4,0,124,1
T6,5,1,144,1
T7,6,1,39,1
[260]
T1,0,1,28,2
T2,1,1,175,9
T3,2,0,56,5
T4,3,0,80,9
T5,4,1,49,1
T6,5,1,200,1
T7,6,1,169,11
[261]
T1,0,1,170,7
T2,1,1,200,7
T3,2,1,165,31
T4,3,1,35,2
T5,4,1,120,8
T6,5,0,90,2
T7,6,0,45,1
[262]
T1,0,1,128,12
T2,1,1,39,2
T3,2,0,100,1
T4,3,0,156,2
T5,4,0,200,11
T6,5,0,52,2
T7,6,1,156,16
[263]
T1,0,1,200,4
T2,1,1,49,2
T3,2,0,130,4
T4,3,0,108,7
T5,4,1,189,25
T6,5,1,20,2
T7,6,0,195,5
[264]
T1,0,1,200,9
T2,1,0,72,4
T3,2,0,22,1
T4,3,1,189,11
T5,4,0,63,5
T6,5,1,25,2
T7,6,0,168,12
[265]
T1,0,0,24,2
T2,1,0,40,1
T3,2,1,130,7
T4,3,1,182,10
T5,4,0,84,9
T6,5,0,200,7
T7,6,0,154,13
[266]
T1,0,1,32,1
T2,1,0,170,1
T3,2,0,51,2
T4,3,1,85,2
T5,4,0,192,23
T6,5,0,200,15
T7,6,0,60,3
[267]
T1,0,0,40,3
T2,1,1,200,25
T3,2,1,150,7
T4,3,0,86,4
T5,4,0,160,9
T6,5,1,128,2
T7,6,1,22,2
[268]
T1,0,0,153,19
T2,1,0,200,2
T3,2,1,51,2
T4,3,0,136,8
T5,4,1,120,3
T6,5,0,20,2
T7,6,0,170,18
[269]
T1,0,1,112,3
T2,1,1,180,2
T3,2,0,140,1
T4,3,1,24,1
T5,4,0,200,13
T6,5,0,46,2
T7,6,1,155,36
[270]
T1,0,1,30,2
T2,1,0,55,8
T3,2,1,110,1
T4,3,0,46,1
T5,4,1,200,10
T6,5,1,150,3
T7,6,1,174,2
[271]
T1,0,0,32,1
T2,1,0,156,14
T3,2,1,93,3
T4,3,0,60,5
T5,4,1,39,2
T6,5,1,200,13
T7,6,1,160,8
[272]
T1,0,0,48,6
T2,1,1,75,3
T3,2,0,84,1
T4,3,1,200,1
T5,4,0,194,1
T6,5,0,175,28
T7,6,0,25,2
[273]
T1,0,1,200,3
T2,1,0,143,3
T3,2,1,66,1
T4,3,1,44,4
T5,4,1,175,6
T6,5,0,43,8
T7,6,1,182,2
[274]
T1,0,1,63,2
T2,1,0,126,2
T3,2,1,20,4
T4,3,1,46,2
T5,4,0,200,4
T6,5,1,158,2
T7,6,1,175,12
[275]
T1,0,0,176,23
T2,1,0,64,9
T3,2,1,60,3
T4,3,0,165,2
T5,4,1,25,1
T6,5,0,200,2
T7,6,1,39,2
[276]
T1,0,0,195,6
T2,1,0,90,1
T3,2,1,180,4
T4,3,0,25,2
T5,4,1,130,7
T6,5,0,45,2
T7,6,0,200,26
[277]
T1,0,0,200,1
T2,1,1,188,15
T3,2,1,68,7
T4,3,1,48,3
T5,4,0,85,3
T6,5,0,170,2
T7,6,0,39,3
[278]
T1,0,0,125,8
T2,1,1,40,1
T3,2,1,180,17
T4,3,1,31,1
T5,4,0,200,7
T6,5,0,105,10
T7,6,0,168,2
[279]
T1,0,1,150,3
T2,1,0,62,8
T3,2,0,200,1
T4,3,1,32,2
T5,4,0,92,8
T6,5,1,20,1
T7,6,0,184,8
[280]
T1,0,1,23,2
T2,1,0,150,2
T3,2,0,140,10
T4,3,1,49,2
T5,4,1,150,2
T6,5,1,200,27
T7,6,1,62,1
[281]
T1,0,0,62,2
T2,1,0,200,1
T3,2,0,186,33
T4,3,1,82,2
T5,4,0,50,3
T6,5,0,50,1
T7,6,0,155,11
[282]
T1,0,1,41,4
T2,1,0,198,4
T3,2,0,100,7
T4,3,1,120,2
T5,4,1,50,1
T6,5,0,196,16
T7,6,0,200,16
[283]
T1,0,0,156,2
T2,1,1,20,2
T3,2,1,35,2
T4,3,0,200,5
T5,4,0,60,3
T6,5,0,143,2
T7,6,1,154,32
[284]
T1,0,0,29,2
T2,1,1,174,4
T3,2,0,50,3
T4,3,1,192,4
T5,4,1,87,15
T6,5,1,75,4
T7,6,0,200,4
[285]
T1,0,1,200,6
T2,1,0,88,2
T3,2,0,36,2
T4,3,1,42,2
T5,4,1,176,8
T6,5,0,189,36
T7,6,0,77,2
[286]
T1,0,1,88,3
T2,1,0,90,2
T3,2,0,49,2
T4,3,1,200,37
T5,4,0,165,5
T6,5,0,22,1
T7,6,1,188,4
[287]
T1,0,0,28,2
T2,1,1,90,1
T3,2,0,60,2
T4,3,0,200,1
T5,4,1,165,15
T6,5,0,174,8
T7,6,1,22,4
[288]
T1,0,0,150,10
T2,1,0,33,2
T3,2,1,100,3
T4,3,0,50,7
T5,4,0,117,1
T6,5,0,160,6
T7,6,0,200,17
[289]
T1,0,1,49,2
T2,1,0,40,1
T3,2,0,165,1
T4,3,1,182,34
T5,4,1,104,4
T6,5,1,75,8
T7,6,1,200,2
[290]
T1,0,1,196,5
T2,1,1,63,2
T3,2,1,36,2
T4,3,0,189,42
T5,4,0,200,1
T6,5,0,44,2
T7,6,1,72,3
[291]
T1,0,0,190,19
T2,1,1,60,4
T3,2,0,150,6
T4,3,1,200,2
T5,4,0,32,2
T6,5,1,43,3
T7,6,1,75,2
[292]
T1,0,1,158,10
T2,1,0,34,2
T3,2,1,28,2
T4,3,0,200,10
T5,4,1,60,7
T6,5,0,168,1
T7,6,0,70,10
[293]
T1,0,1,43,2
T2,1,1,118,1
T3,2,1,200,13
T4,3,0,195,25
T5,4,1,20,2
T6,5,0,150,10
T7,6,0,59,5
[294]
T1,0,1,40,2
T2,1,1,162,20
T3,2,0,200,2
T4,3,0,33,2
T5,4,1,95,3
T6,5,0,190,5
T7,6,0,75,13
[295]
T1,0,0,22,1
T2,1,1,175,12
T3,2,1,106,10
T4,3,0,200,5
T5,4,0,25,2
T6,5,1,70,3
T7,6,0,160,2
[296]
T1,0,1,22,2
T2,1,0,55,2
T3,2,0,27,1
T4,3,1,180,4
T5,4,1,200,24
T6,5,1,180,15
T7,6,1,117,6
[297]
T1,0,1,27,2
T2,1,1,26,5
T3,2,0,176,5
T4,3,1,99,2
T5,4,0,60,4
T6,5,1,200,9
T7,6,0,168,4
[298]
T1,0,1,180,5
T2,1,1,176,5
T3,2,0,88,3
T4,3,0,200,13
T5,4,1,80,3
T6,5,1,25,3
T7,6,0,20,2
[299]
T1,0,1,106,9
T2,1,0,136,6
T3,2,1,150,1
T4,3,0,200,4
T5,4,1,24,1
T6,5,1,23,1
T7,6,1,150,13
[300]
T1,0,1,42,2
T2,1,1,25,2
T3,2,0,128,30
T4,3,1,200,9
T5,4,0,192,10
T6,5,0,116,2
T7,6,0,174,4
[301]
T1,0,0,33,3
T2,1,0,189,4
T3,2,1,144,9
T4,3,1,200,1
T5,4,0,51,2
T6,5,0,165,9
T7,6,1,63,6
[302]
T1,0,1,200,15
T2,1,1,132,8
T3,2,1,48,2
T4,3,1,33,2
T5,4,1,75,2
T6,5,1,154,2
T7,6,1,165,25
[303]
T1,0,0,170,3
T2,1,1,44,2
T3,2,1,42,1
T4,3,0,68,5
T5,4,0,200,29
T6,5,1,165,11
T7,6,1,105,5
[304]
T1,0,1,47,1
T2,1,1,175,1
T3,2,1,80,11
T4,3,1,200,5
T5,4,0,20,2
T6,5,1,96,11
T7,6,1,176,9
[305]
T1,0,1,128,3
T2,1,1,41,2
T3,2,0,160,7
T4,3,0,200,15
T5,4,1,176,2
T6,5,1,38,1
T7,6,0,100,17
[306]
T1,0,1,84,4
T2,1,1,195,2
T3,2,0,75,6
T4,3,0,22,1
T5,4,0,200,2
T6,5,1,195,6
T7,6,0,23,3
[307]
T1,0,1,51,3
T2,1,0,200,23
T3,2,1,36,2
T4,3,1,184,2
T5,4,1,92,3
T6,5,0,150,6
T7,6,1,96,8
[308]
T1,0,0,116,4
T2,1,0,200,34
T3,2,0,160,22
T4,3,0,45,1
T5,4,1,50,2
T6,5,1,150,2
T7,6,0,110,2
[309]
T1,0,0,187,5
T2,1,0,20,2
T3,2,1,49,1
T4,3,0,144,9
T5,4,0,200,5
T6,5,1,170,17
T7,6,0,72,2
[310]
T1,0,0,160,3
T2,1,0,72,1
T3,2,1,81,2
T4,3,1,200,11
T5,4,1,162,25
T6,5,1,32,2
T7,6,1,27,1
[311]
T1,0,1,168,29
T2,1,0,56,2
T3,2,0,30,4
T4,3,1,90,3
T5,4,0,177,1
T6,5,0,47,2
T7,6,1,200,2
[312]
T1,0,0,200,41
T2,1,1,175,8
T3,2,0,26,2
T4,3,1,190,7
T5,4,1,60,1
T6,5,0,66,4
T7,6,1,22,2
[313]
T1,0,0,40,6
T2,1,0,168,2
T3,2,0,77,3
T4,3,1,198,6
T5,4,1,84,1
T6,5,0,200,12
T7,6,1,46,3
[314]
T1,0,1,104,4
T2,1,0,105,2
T3,2,0,28,3
T4,3,1,21,3
T5,4,0,168,11
T6,5,0,195,2
T7,6,1,200,2
[315]
T1,0,0,125,7
T2,1,1,200,5
T3,2,0,198,6
T4,3,0,77,3
T5,4,1,165,36
T6,5,1,20,2
T7,6,1,22,2
[316]
T1,0,1,172,3
T2,1,1,63,1
T3,2,1,27,1
T4,3,0,180,2
T5,4,0,20,3
T6,5,0,90,7
T7,6,0,200,2
[317]
T1,0,1,175,2
T2,1,0,180,17
T3,2,0,138,2
T4,3,0,200,2
T5,4,0,25,2
T6,5,1,24,1
T7,6,1,126,15
[318]
T1,0,0,165,2
T2,1,0,180,2
T3,2,0,40,3
T4,3,0,145,9
T5,4,0,200,14
T6,5,0,33,2
T7,6,1,66,4
[319]
T1,0,1,176,11
T2,1,0,24,2
T3,2,0,200,10
T4,3,1,196,6
T5,4,1,51,4
T6,5,0,60,7
T7,6,0,80,2
[320]
T1,0,1,200,4
T2,1,0,40,6
T3,2,1,172,2
T4,3,0,184,15
T5,4,1,138,2
T6,5,0,69,5
T7,6,0,30,2
[321]
T1,0,1,165,1
T2,1,1,26,1
T3,2,0,200,31
T4,3,1,150,2
T5,4,1,47,4
T6,5,1,66,1
T7,6,1,140,5
[322]
T1,0,1,168,1
T2,1,0,189,20
T3,2,0,200,2
T4,3,0,114,2
T5,4,1,37,3
T6,5,1,21,1
T7,6,1,140,13
[323]
T1,0,0,189,27
T2,1,1,189,6
T3,2,1,66,5
T4,3,1,200,9
T5,4,1,42,1
T6,5,1,132,2
T7,6,0,21,2
[324]
T1,0,1,150,14
T2,1,1,56,1
T3,2,1,56,1
T4,3,0,148,10
T5,4,0,34,2
T6,5,1,200,1
T7,6,0,21,1
[325]
T1,0,0,28,2
T2,1,0,100,2
T3,2,1,200,11
T4,3,1,168,6
T5,4,0,54,9
T6,5,0,159,2
T7,6,0,90,5
[326]
T1,0,1,180,5
T2,1,0,129,4
T3,2,0,25,5
T4,3,1,172,2
T5,4,1,55,1
T6,5,0,200,11
T7,6,1,33,2
[327]
T1,0,1,195,1
T2,1,0,41,2
T3,2,0,132,3
T4,3,0,200,24
T5,4,1,150,4
T6,5,0,44,2
T7,6,0,55,10
[328]
T1,0,1,22,2
T2,1,0,33,3
T3,2,1,198,21
T4,3,0,168,2
T5,4,1,63,6
T6,5,1,200,9
T7,6,0,77,2
[329]
T1,0,1,196,7
T2,1,1,25,2
T3,2,1,200,7
T4,3,1,150,6
T5,4,1,105,15
T6,5,1,96,2
T7,6,0,23,2
[330]
T1,0,1,176,18
T2,1,0,130,1
T3,2,1,200,2
T4,3,1,175,10
T5,4,0,28,2
T6,5,0,52,1
T7,6,1,55,4
[331]
T1,0,0,36,3
T2,1,0,51,6
T3,2,0,87,1
T4,3,0,200,12
T5,4,1,168,9
T6,5,0,63,2
T7,6,0,175,8
[332]
T1,0,1,168,12
T2,1,0,200,3
T3,2,0,90,5
T4,3,0,72,14
T5,4,1,34,2
T6,5,1,150,4
T7,6,1,38,2
[333]
T1,0,0,33,2
T2,1,0,36,2
T3,2,1,200,11
T4,3,0,88,12
T5,4,0,165,5
T6,5,0,80,10
T7,6,0,187,2
[334]
T1,0,1,70,2
T2,1,0,63,2
T3,2,1,27,1
T4,3,0,182,26
T5,4,0,29,1
T6,5,0,200,17
T7,6,0,175,2
[335]
T1,0,1,90,2
T2,1,0,200,7
T3,2,0,180,1
T4,3,0,27,2
T5,4,1,24,1
T6,5,0,180,7
T7,6,0,143,33
[336]
T1,0,1,180,12
T2,1,0,184,3
T3,2,0,23,2
T4,3,1,200,4
T5,4,1,41,4
T6,5,0,136,8
T7,6,1,92,6
[337]
T1,0,0,156,5
T2,1,1,78,20
T3,2,0,30,2
T4,3,0,61,2
T5,4,0,183,6
T6,5,1,200,1
T7,6,1,35,2
[338]
T1,0,0,200,11
T2,1,1,69,1
T3,2,1,29,2
T4,3,0,150,22
T5,4,1,35,2
T6,5,0,108,10
T7,6,1,161,7
[339]
T1,0,0,179,2
T2,1,1,200,18
T3,2,1,135,7
T4,3,1,30,1
T5,4,0,150,9
T6,5,1,72,3
T7,6,1,50,3
[340]
T1,0,0,40,5
T2,1,1,39,1
T3,2,0,150,9
T4,3,1,95,2
T5,4,0,200,10
T6,5,0,190,8
T7,6,1,146,6
[341]
T1,0,1,100,1
T2,1,0,79,2
T3,2,0,200,24
T4,3,0,28,1
T5,4,1,32,2
T6,5,0,168,24
T7,6,1,158,6
[342]
T1,0,1,198,26
T2,1,0,54,2
T3,2,0,24,1
T4,3,0,190,9
T5,4,0,72,3
T6,5,1,200,10
T7,6,1,99,2
[343]
T1,0,0,33,3
T2,1,0,60,7
T3,2,1,150,2
T4,3,1,99,3
T5,4,1,200,15
T6,5,1,46,2
T7,6,0,198,7
[344]
T1,0,1,175,2
T2,1,0,36,2
T3,2,1,198,37
T4,3,0,35,2
T5,4,1,72,1
T6,5,1,110,14
T7,6,1,200,7
[345]
T1,0,1,184,2
T2,1,0,34,2
T3,2,1,170,23
T4,3,0,92,2
T5,4,1,80,8
T6,5,1,50,2
T7,6,1,200,2
[346]
T1,0,1,158,11
T2,1,0,158,10
T3,2,1,25,2
T4,3,0,79,7
T5,4,0,110,2
T6,5,1,20,2
T7,6,0,200,4
[347]
T1,0,0,72,2
T2,1,1,176,21
T3,2,1,108,2
T4,3,0,28,2
T5,4,1,200,38
T6,5,0,175,3
T7,6,0,38,2
[348]
T1,0,0,25,1
T2,1,0,180,13
T3,2,0,36,2
T4,3,0,164,2
T5,4,1,132,12
T6,5,0,200,12
T7,6,0,99,8
[349]
T1,0,1,110,17
T2,1,0,168,2
T3,2,1,200,10
T4,3,0,187,5
T5,4,0,22,2
T6,5,1,119,4
T7,6,1,32,2
[350]
T1,0,1,160,11
T2,1,1,186,15
T3,2,0,105,2
T4,3,0,44,1
T5,4,1,200,2
T6,5,0,120,1
T7,6,0,25,3
[351]
T1,0,1,192,34
T2,1,1,41,2
T3,2,0,45,2
T4,3,1,200,4
T5,4,1,56,3
T6,5,0,196,22
T7,6,1,90,2
[352]
T1,0,1,200,31
T2,1,1,126,5
T3,2,0,168,8
T4,3,1,30,1
T5,4,1,189,5
T6,5,1,26,2
T7,6,1,77,3
[353]
T1,0,0,200,13
T2,1,0,27,4
T3,2,1,75,2
T4,3,0,194,7
T5,4,1,47,1
T6,5,1,194,1
T7,6,0,120,5
[354]
T1,0,1,126,4
T2,1,0,45,2
T3,2,0,160,9
T4,3,0,60,2
T5,4,1,147,14
T6,5,0,48,6
T7,6,0,200,12
[355]
T1,0,1,28,2
T2,1,1,200,34
T3,2,0,84,2
T4,3,0,33,2
T5,4,0,55,2
T6,5,1,170,12
T7,6,1,175,5
[356]
T1,0,0,200,7
T2,1,0,44,1
T3,2,0,185,39
T4,3,0,36,2
T5,4,0,72,3
T6,5,0,162,7
T7,6,1,90,2
[357]
T1,0,0,48,2
T2,1,1,188,20
T3,2,1,100,1
T4,3,1,141,3
T5,4,1,200,5
T6,5,0,165,16
T7,6,1,49,4
[358]
T1,0,0,200,33
T2,1,0,25,2
T3,2,1,21,2
T4,3,1,76,1
T5,4,0,76,7
T6,5,0,161,9
T7,6,1,175,1
[359]
T1,0,1,66,1
T2,1,1,22,2
T3,2,1,168,6
T4,3,0,132,10
T5,4,1,175,18
T6,5,1,200,2
T7,6,1,24,2
[360]
T1,0,0,165,2
T2,1,0,27,1
T3,2,1,176,38
T4,3,0,48,3
T5,4,1,200,5
T6,5,0,129,5
T7,6,0,55,2
[361]
T1,0,0,200,13
T2,1,0,150,15
T3,2,1,66,2
T4,3,0,180,3
T5,4,1,21,1
T6,5,0,120,5
T7,6,0,40,2
[362]
T1,0,1,180,5
T2,1,1,72,11
T3,2,1,190,3
T4,3,1,47,2
T5,4,1,45,2
T6,5,1,72,6
T7,6,1,200,12
[363]
T1,0,1,164,9
T2,1,0,82,1
T3,2,0,40,3
T4,3,0,38,3
T5,4,1,154,5
T6,5,1,200,11
T7,6,0,110,5
[364]
T1,0,0,35,2
T2,1,1,197,5
T3,2,0,60,5
T4,3,0,24,1
T5,4,0,180,7
T6,5,1,80,5
T7,6,0,200,22
[365]
T1,0,0,24,2
T2,1,0,70,9
T3,2,0,200,2
T4,3,0,182,6
T5,4,1,196,37
T6,5,1,70,2
T7,6,1,54,1
[366]
T1,0,1,53,2
T2,1,1,136,2
T3,2,0,160,6
T4,3,1,200,7
T5,4,1,150,23
T6,5,1,64,5
T7,6,1,27,1
[367]
T1,0,1,32,2
T2,1,1,49,2
T3,2,0,195,18
T4,3,1,200,4
T5,4,0,195,19
T6,5,0,104,11
T7,6,0,60,2
[368]
T1,0,1,159,2
T2,1,1,200,13
T3,2,1,80,7
T4,3,0,53,2
T5,4,0,144,14
T6,5,1,160,16
T7,6,0,30,2
[369]
T1,0,0,88,18
T2,1,1,195,7
T3,2,1,176,2
T4,3,0,26,2
T5,4,0,36,2
T6,5,1,88,1
T7,6,0,200,24
[370]
T1,0,1,38,4
T2,1,1,200,2
T3,2,0,45,2
T4,3,0,80,2
T5,4,0,180,3
T6,5,0,144,11
T7,6,0,168,16
[371]
T1,0,1,175,6
T2,1,0,165,1
T3,2,0,143,2
T4,3,1,200,11
T5,4,0,52,2
T6,5,0,30,3
T7,6,1,110,15
[372]
T1,0,1,100,2
T2,1,0,200,20
T3,2,1,36,2
T4,3,1,170,4
T5,4,0,21,2
T6,5,0,102,14
T7,6,0,171,4
[373]
T1,0,1,74,1
T2,1,0,150,25
T3,2,1,80,10
T4,3,1,200,3
T5,4,0,32,2
T6,5,0,36,2
T7,6,1,175,3
[374]
T1,0,0,36,1
T2,1,1,200,1
T3,2,1,152,29
T4,3,0,172,3
T5,4,0,43,1
T6,5,0,125,7
T7,6,0,95,4
[375]
T1,0,1,100,1
T2,1,0,49,1
T3,2,0,33,2
T4,3,1,200,20
T5,4,0,176,2
T6,5,1,186,24
T7,6,0,62,5
[376]
T1,0,1,150,3
T2,1,0,54,5
T3,2,0,162,5
T4,3,0,200,24
T5,4,1,40,2
T6,5,0,28,1
T7,6,1,54,1
[377]
T1,0,0,25,2
T2,1,0,156,6
T3,2,1,192,8
T4,3,1,41,1
T5,4,0,200,30
T6,5,1,56,2
T7,6,0,78,4
[378]
T1,0,0,200,2
T2,1,1,62,1
T3,2,1,155,2
T4,3,1,152,1
T5,4,0,33,5
T6,5,0,20,3
T7,6,0,95,2
[379]
T1,0,1,54,2
T2,1,0,160,52
T3,2,0,126,2
T4,3,1,24,2
T5,4,1,22,2
T6,5,1,200,2
T7,6,0,162,1
[380]
T1,0,1,38,1
T2,1,0,150,4
T3,2,0,95,3
T4,3,1,21,1
T5,4,0,200,34
T6,5,1,105,2
T7,6,0,175,3
[381]
T1,0,1,29,2
T2,1,0,177,9
T3,2,1,40,3
T4,3,1,200,2
T5,4,0,150,5
T6,5,1,125,4
T7,6,1,118,18
[382]
T1,0,1,20,2
T2,1,0,75,2
T3,2,1,130,1
T4,3,1,180,5
T5,4,1,38,8
T6,5,1,200,1
T7,6,1,171,12
[383]
T1,0,0,68,5
T2,1,1,36,1
T3,2,0,54,4
T4,3,1,84,1
T5,4,1,200,11
T6,5,0,153,2
T7,6,0,150,20
[384]
T1,0,1,200,10
T2,1,0,57,2
T3,2,1,150,19
T4,3,1,31,1
T5,4,1,99,4
T6,5,0,152,1
T7,6,0,48,2
[385]
T1,0,0,196,14
T2,1,1,112,9
T3,2,1,196,6
T4,3,1,200,30
T5,4,1,28,2
T6,5,1,28,1
T7,6,0,55,2
[386]
T1,0,0,55,4
T2,1,0,33,2
T3,2,0,188,16
T4,3,1,200,13
T5,4,0,150,12
T6,5,1,48,2
T7,6,1,94,1
[387]
T1,0,0,200,12
T2,1,1,86,1
T3,2,1,145,4
T4,3,0,174,25
T5,4,0,150,1
T6,5,1,27,2
T7,6,0,43,4
[388]
T1,0,0,78,4
T2,1,0,98,7
T3,2,1,200,35
T4,3,1,182,2
T5,4,0,25,2
T6,5,1,168,1
T7,6,1,24,2
[389]
T1,0,0,200,17
T2,1,1,116,2
T3,2,1,29,2
T4,3,1,111,2
T5,4,1,174,6
T6,5,1,31,2
T7,6,1,150,11
[390]
T1,0,0,143,9
T2,1,0,50,2
T3,2,0,80,2
T4,3,1,23,3
T5,4,0,200,12
T6,5,1,192,12
T7,6,0,176,4
[391]
T1,0,1,90,1
T2,1,0,41,2
T3,2,1,190,22
T4,3,1,114,5
T5,4,1,198,13
T6,5,0,200,7
T7,6,1,38,2
[392]
T1,0,1,48,2
T2,1,0,42,3
T3,2,0,150,6
T4,3,0,192,5
T5,4,0,84,17
T6,5,1,200,4
T7,6,1,108,2
[393]
T1,0,1,26,1
T2,1,1,200,15
T3,2,0,75,9
T4,3,1,105,5
T5,4,1,189,4
T6,5,0,27,2
T7,6,1,168,3
[394]
T1,0,0,200,6
T2,1,1,91,9
T3,2,0,195,9
T4,3,1,34,2
T5,4,0,84,2
T6,5,1,150,4
T7,6,0,52,4
[395]
T1,0,0,70,3
T2,1,1,115,1
T3,2,0,46,4
T4,3,0,200,34
T5,4,1,35,2
T6,5,0,189,6
T7,6,1,180,2
[396]
T1,0,1,150,6
T2,1,0,200,30
T3,2,0,48,1
T4,3,0,111,4
T5,4,1,40,2
T6,5,0,75,2
T7,6,0,185,13
[397]
T1,0,0,33,2
T2,1,1,26,2
T3,2,1,55,2
T4,3,0,132,13
T5,4,0,200,9
T6,5,0,196,20
T7,6,1,196,27
[398]
T1,0,0,159,2
T2,1,0,144,17
T3,2,1,54,5
T4,3,1,26,1
T5,4,0,50,2
T6,5,0,150,13
T7,6,1,200,1
[399]
T1,0,0,200,32
T2,1,1,180,2
T3,2,1,27,1
T4,3,1,180,20
T5,4,1,86,2
T6,5,1,60,2
T7,6,1,38,2
[400]
T1,0,0,53,1
T2,1,1,200,25
T3,2,1,174,9
T4,3,1,64,2
T5,4,0,35,1
T6,5,0,160,6
T7,6,1,116,7
[401]
T1,0,0,52,4
T2,1,1,155,9
T3,2,0,124,4
T4,3,0,186,16
T5,4,0,27,2
T6,5,0,65,6
T7,6,1,200,2
[402]
T1,0,0,72,2
T2,1,1,192,3
T3,2,1,38,1
T4,3,0,125,2
T5,4,0,32,4
T6,5,0,160,22
T7,6,0,200,1
[403]
T1,0,1,192,22
T2,1,1,25,1
T3,2,1,106,6
T4,3,1,100,3
T5,4,1,20,2
T6,5,0,200,2
T7,6,1,159,1
[404]
T1,0,0,49,1
T2,1,0,126,7
T3,2,0,28,1
T4,3,0,175,3
T5,4,1,108,23
T6,5,1,162,5
T7,6,1,200,2
[405]
T1,0,1,55,2
T2,1,0,198,2
T3,2,0,21,3
T4,3,1,85,4
T5,4,0,200,20
T6,5,0,25,1
T7,6,1,153,5
[406]
T1,0,0,42,2
T2,1,1,100,6
T3,2,0,150,7
T4,3,1,180,4
T5,4,1,200,27
T6,5,1,48,2
T7,6,0,115,9
[407]
T1,0,1,88,2
T2,1,1,44,2
T3,2,1,150,6
T4,3,1,168,2
T5,4,1,200,38
T6,5,1,56,2
T7,6,0,27,3
[408]
T1,0,1,102,3
T2,1,1,39,1
T3,2,0,91,4
T4,3,0,168,9
T5,4,0,200,12
T6,5,0,35,1
T7,6,0,170,16
[409]
T1,0,0,161,6
T2,1,0,84,4
T3,2,0,184,2
T4,3,0,200,34
T5,4,1,50,2
T6,5,0,22,2
T7,6,0,98,3
[410]
T1,0,1,42,2
T2,1,0,200,6
T3,2,1,76,5
T4,3,1,24,2
T5,4,0,100,6
T6,5,0,152,2
T7,6,1,148,27
[411]
T1,0,0,190,6
T2,1,1,55,2
T3,2,0,200,2
T4,3,1,24,1
T5,4,1,25,1
T6,5,0,180,41
T7,6,1,144,1
[412]
T1,0,1,195,7
T2,1,1,116,2
T3,2,0,60,4
T4,3,0,150,2
T5,4,1,44,2
T6,5,1,200,25
T7,6,0,32,3
[413]
T1,0,0,126,1
T2,1,0,156,11
T3,2,0,75,2
T4,3,0,44,2
T5,4,0,189,27
T6,5,0,50,3
T7,6,1,200,17
[414]
T1,0,0,66,2
T2,1,0,180,14
T3,2,1,170,5
T4,3,0,72,6
T5,4,1,200,24
T6,5,1,47,3
T7,6,0,51,2
[415]
T1,0,1,132,11
T2,1,0,51,2
T3,2,1,36,4
T4,3,0,90,2
T5,4,0,152,16
T6,5,0,200,8
T7,6,0,165,1
[416]
T1,0,0,84,15
T2,1,1,200,4
T3,2,0,28,1
T4,3,0,54,2
T5,4,1,168,2
T6,5,1,40,2
T7,6,1,192,15
[417]
T1,0,0,172,5
T2,1,0,100,4
T3,2,0,200,2
T4,3,0,80,14
T5,4,0,22,1
T6,5,1,168,5
T7,6,1,40,2
[418]
T1,0,1,24,2
T2,1,1,135,5
T3,2,1,35,4
T4,3,1,200,2
T5,4,0,120,2
T6,5,1,156,25
T7,6,0,182,6
[419]
T1,0,1,22,2
T2,1,1,182,3
T3,2,0,160,4
T4,3,1,80,8
T5,4,1,29,1
T6,5,0,70,5
T7,6,0,200,19
[420]
T1,0,1,180,2
T2,1,0,23,2
T3,2,1,184,5
T4,3,1,24,1
T5,4,0,138,17
T6,5,1,75,5
T7,6,0,200,18
[421]
T1,0,1,200,1
T2,1,0,100,2
T3,2,1,170,13
T4,3,1,138,32
T5,4,0,184,6
T6,5,1,50,2
T7,6,1,37,2
[422]
T1,0,1,126,6
T2,1,1,152,18
T3,2,1,54,2
T4,3,0,114,9
T5,4,1,200,8
T6,5,1,21,2
T7,6,0,180,1
[423]
T1,0,0,48,2
T2,1,0,150,4
T3,2,0,192,41
T4,3,1,23,2
T5,4,0,130,2
T6,5,0,104,1
T7,6,1,200,12
[424]
T1,0,1,130,8
T2,1,1,200,20
T3,2,0,150,17
T4,3,0,29,2
T5,4,0,46,1
T6,5,1,65,2
T7,6,0,150,2
[425]
T1,0,0,200,6
T2,1,1,126,4
T3,2,1,57,4
T4,3,1,189,24
T5,4,1,180,2
T6,5,0,50,4
T7,6,0,30,2
[426]
T1,0,0,40,2
T2,1,0,187,28
T3,2,1,48,2
T4,3,1,187,9
T5,4,0,112,2
T6,5,1,200,9
T7,6,1,100,14
[427]
T1,0,0,20,2
T2,1,0,45,4
T3,2,0,90,5
T4,3,1,195,5
T5,4,0,75,2
T6,5,1,162,14
T7,6,1,200,2
[428]
T1,0,0,74,4
T2,1,1,51,2
T3,2,0,200,9
T4,3,1,148,15
T5,4,1,196,7
T6,5,1,37,1
T7,6,0,112,5
[429]
T1,0,0,126,3
T2,1,0,154,2
T3,2,0,200,9
T4,3,0,28,6
T5,4,0,80,2
T6,5,0,52,2
T7,6,1,198,9
[430]
T1,0,0,200,17
T2,1,1,120,10
T3,2,1,24,2
T4,3,0,120,1
T5,4,0,161,5
T6,5,1,27,2
T7,6,0,189,12
[431]
T1,0,1,30,2
T2,1,0,176,2
T3,2,0,46,2
T4,3,0,186,3
T5,4,0,124,16
T6,5,0,200,2
T7,6,0,110,17
[432]
T1,0,0,51,2
T2,1,1,200,2
T3,2,1,55,4
T4,3,1,187,9
T5,4,1,99,1
T6,5,0,187,31
T7,6,0,21,1
[433]
T1,0,1,88,2
T2,1,0,48,3
T3,2,1,140,9
T4,3,1,25,2
T5,4,0,200,5
T6,5,0,176,17
T7,6,1,180,16
[434]
T1,0,1,192,12
T2,1,0,180,4
T3,2,0,200,4
T4,3,1,45,6
T5,4,0,80,6
T6,5,1,41,2
T7,6,0,88,5
[435]
T1,0,0,28,2
T2,1,0,200,22
T3,2,1,196,5
T4,3,1,156,2
T5,4,0,140,4
T6,5,0,31,5
T7,6,1,91,2
[436]
T1,0,0,174,5
T2,1,1,42,2
T3,2,1,120,2
T4,3,0,196,8
T5,4,0,200,16
T6,5,0,145,22
T7,6,0,35,1
[437]
T1,0,1,135,8
T2,1,1,200,29
T3,2,0,90,3
T4,3,1,150,5
T5,4,0,198,10
T6,5,0,30,2
T7,6,0,35,1
[438]
T1,0,0,23,2
T2,1,1,189,7
T3,2,1,45,4
T4,3,0,126,5
T5,4,1,78,2
T6,5,0,200,26
T7,6,0,182,10
[439]
T1,0,1,176,9
T2,1,0,96,6
T3,2,1,20,2
T4,3,0,200,24
T5,4,0,152,2
T6,5,0,60,7
T7,6,1,33,2
[440]
T1,0,1,105,10
T2,1,0,190,8
T3,2,0,25,1
T4,3,1,200,11
T5,4,1,150,8
T6,5,0,76,3
T7,6,1,36,1
[441]
T1,0,1,120,4
T2,1,1,192,19
T3,2,1,200,7
T4,3,0,27,2
T5,4,1,175,9
T6,5,1,38,2
T7,6,1,140,11
[442]
T1,0,1,27,1
T2,1,1,170,1
T3,2,1,96,6
T4,3,1,170,3
T5,4,1,39,6
T6,5,0,54,2
T7,6,1,200,16
[443]
T1,0,0,198,11
T2,1,1,200,2
T3,2,1,88,5
T4,3,1,36,1
T5,4,1,24,2
T6,5,0,198,10
T7,6,1,78,5
[444]
T1,0,0,200,3
T2,1,1,177,4
T3,2,0,156,3
T4,3,0,60,3
T5,4,0,78,7
T6,5,0,53,1
T7,6,1,26,3
[445]
T1,0,1,64,1
T2,1,0,26,3
T3,2,1,30,2
T4,3,0,195,19
T5,4,0,200,5
T6,5,0,192,3
T7,6,0,78,2
[446]
T1,0,0,150,2
T2,1,1,112,7
T3,2,1,75,1
T4,3,1,35,3
T5,4,0,27,1
T6,5,1,200,1
T7,6,1,198,20
[447]
T1,0,0,20,1
T2,1,0,60,3
T3,2,1,200,2
T4,3,1,195,13
T5,4,0,54,3
T6,5,0,25,3
T7,6,0,165,5
[448]
T1,0,1,32,2
T2,1,1,160,7
T3,2,1,126,4
T4,3,0,200,41
T5,4,0,37,1
T6,5,1,63,1
T7,6,0,154,2
[449]
T1,0,0,200,8
T2,1,0,165,10
T3,2,0,72,8
T4,3,1,55,1
T5,4,1,35,2
T6,5,1,186,1
T7,6,1,24,1
[450]
T1,0,1,44,3
T2,1,0,25,2
T3,2,0,190,7
T4,3,1,99,6
T5,4,1,190,11
T6,5,0,132,2
T7,6,0,200,25
[451]
T1,0,1,112,7
T2,1,1,45,4
T3,2,1,190,19
T4,3,0,200,15
T5,4,0,90,4
T6,5,0,27,2
T7,6,1,180,2
[452]
T1,0,1,200,10
T2,1,1,166,31
T3,2,1,166,9
T4,3,1,24,2
T5,4,0,96,1
T6,5,1,120,2
T7,6,0,27,1
[453]
T1,0,0,130,8
T2,1,1,130,15
T3,2,1,168,2
T4,3,0,200,1
T5,4,0,50,2
T6,5,1,180,26
T7,6,0,37,1
[454]
T1,0,1,30,2
T2,1,0,200,2
T3,2,0,178,25
T4,3,1,178,17
T5,4,0,96,2
T6,5,0,64,1
T7,6,1,23,2
[455]
T1,0,0,200,2
T2,1,0,160,3
T3,2,0,40,4
T4,3,1,115,5
T5,4,1,76,8
T6,5,1,26,2
T7,6,0,152,13
[456]
T1,0,1,38,2
T2,1,1,196,24
T3,2,0,200,4
T4,3,0,84,7
T5,4,1,150,3
T6,5,1,20,1
T7,6,1,104,2
[457]
T1,0,0,44,3
T2,1,0,46,2
T3,2,1,96,10
T4,3,0,180,2
T5,4,0,200,20
T6,5,0,176,4
T7,6,1,54,1
[458]
T1,0,0,192,8
T2,1,1,113,4
T3,2,1,120,12
T4,3,0,25,2
T5,4,0,200,15
T6,5,1,150,13
T7,6,1,46,1
[459]
T1,0,1,33,3
T2,1,1,98,1
T3,2,1,46,1
T4,3,0,168,2
T5,4,1,200,21
T6,5,1,56,3
T7,6,1,168,13
[460]
T1,0,1,120,6
T2,1,1,200,1
T3,2,1,180,9
T4,3,1,45,2
T5,4,0,26,2
T6,5,0,177,15
T7,6,1,64,11
[461]
T1,0,1,132,11
T2,1,1,44,2
T3,2,1,187,20
T4,3,0,198,13
T5,4,1,21,2
T6,5,1,90,6
T7,6,1,200,4
[462]
T1,0,0,90,1
T2,1,1,81,2
T3,2,0,48,2
T4,3,1,195,34
T5,4,0,50,1
T6,5,1,200,7
T7,6,0,156,20
[463]
T1,0,1,105,8
T2,1,0,200,13
T3,2,0,35,2
T4,3,0,73,7
T5,4,1,168,3
T6,5,0,33,2
T7,6,0,168,7
[464]
T1,0,1,90,13
T2,1,0,200,5
T3,2,0,48,2
T4,3,1,160,3
T5,4,1,72,5
T6,5,0,176,11
T7,6,0,20,2
[465]
T1,0,0,35,2
T2,1,1,22,2
T3,2,0,198,9
T4,3,1,171,2
T5,4,0,95,2
T6,5,1,200,34
T7,6,1,76,1
[466]
T1,0,1,200,26
T2,1,1,44,2
T3,2,1,144,1
T4,3,1,165,17
T5,4,0,104,1
T6,5,0,198,19
T7,6,0,48,1
[467]
T1,0,0,20,2
T2,1,0,117,16
T3,2,1,200,2
T4,3,0,150,3
T5,4,0,68,3
T6,5,1,153,2
T7,6,1,29,1
[468]
T1,0,0,189,2
T2,1,1,25,2
T3,2,1,63,9
T4,3,0,168,4
T5,4,0,39,1
T6,5,0,200,1
T7,6,0,80,4
[469]
T1,0,0,170,8
T2,1,1,200,12
T3,2,1,126,3
T4,3,0,102,11
T5,4,0,168,6
T6,5,1,28,2
T7,6,1,28,2
[470]
T1,0,1,144,5
T2,1,1,52,7
T3,2,0,200,2
T4,3,0,108,7
T5,4,0,34,2
T6,5,0,160,15
T7,6,0,150,4
[471]
T1,0,1,200,8
T2,1,1,31,2
T3,2,1,156,11
T4,3,0,75,6
T5,4,1,55,2
T6,5,0,26,4
T7,6,0,180,4
[472]
T1,0,1,200,1
T2,1,0,104,12
T3,2,0,78,2
T4,3,0,154,5
T5,4,1,195,15
T6,5,0,26,1
T7,6,1,22,1
[473]
T1,0,0,93,4
T2,1,0,124,1
T3,2,0,21,2
T4,3,0,200,19
T5,4,0,35,2
T6,5,0,150,14
T7,6,0,180,20
[474]
T1,0,1,60,3
T2,1,1,156,1
T3,2,1,200,4
T4,3,0,150,9
T5,4,0,32,2
T6,5,1,100,1
T7,6,1,28,5
[475]
T1,0,0,31,3
T2,1,0,200,6
T3,2,0,140,1
T4,3,1,168,7
T5,4,1,195,16
T6,5,1,98,9
T7,6,1,52,1
[476]
T1,0,0,36,2
T2,1,0,180,2
T3,2,1,176,7
T4,3,0,57,5
T5,4,1,200,15
T6,5,0,53,1
T7,6,1,57,4
[477]
T1,0,1,75,4
T2,1,1,45,2
T3,2,0,168,41
T4,3,1,132,1
T5,4,0,20,2
T6,5,0,198,11
T7,6,0,200,2
[478]
T1,0,1,21,1
T2,1,0,200,2
T3,2,0,198,25
T4,3,0,80,2
T5,4,0,100,6
T6,5,0,32,1
T7,6,1,165,12
[479]
T1,0,1,200,3
T2,1,1,150,8
T3,2,0,22,1
T4,3,1,90,7
T5,4,1,32,2
T6,5,1,175,8
T7,6,1,120,12
[480]
T1,0,0,135,1
T2,1,1,200,2
T3,2,1,195,3
T4,3,0,78,2
T5,4,0,156,36
T6,5,0,34,3
T7,6,1,48,2
[481]
T1,0,1,48,3
T2,1,1,200,15
T3,2,0,160,3
T4,3,1,125,4
T5,4,0,44,2
T6,5,0,189,10
T7,6,0,80,8
[482]
T1,0,0,168,7
T2,1,0,93,2
T3,2,1,50,2
T4,3,1,105,1
T5,4,0,54,8
T6,5,1,200,14
T7,6,1,160,8
[483]
T1,0,0,162,4
T2,1,0,24,2
T3,2,1,150,6
T4,3,1,23,1
T5,4,0,81,4
T6,5,1,125,15
T7,6,1,200,12
[484]
T1,0,0,200,12
T2,1,1,160,3
T3,2,0,102,13
T4,3,1,30,1
T5,4,0,35,1
T6,5,0,120,8
T7,6,0,180,2
[485]
T1,0,0,140,2
T2,1,1,28,2
T3,2,0,156,1
T4,3,0,117,10
T5,4,1,200,15
T6,5,0,49,7
T7,6,0,182,10
[486]
T1,0,0,126,2
T2,1,0,175,16
T3,2,1,162,3
T4,3,1,126,2
T5,4,1,40,5
T6,5,0,23,2
T7,6,0,200,1
[487]
T1,0,1,168,16
T2,1,0,115,7
T3,2,0,168,4
T4,3,0,70,5
T5,4,1,200,8
T6,5,1,49,2
T7,6,0,34,1
[488]
T1,0,1,50,2
T2,1,0,196,22
T3,2,0,110,1
T4,3,1,49,2
T5,4,1,154,4
T6,5,0,64,2
T7,6,0,200,37
[489]
T1,0,1,161,4
T2,1,0,115,7
T3,2,1,38,1
T4,3,0,200,7
T5,4,1,42,7
T6,5,0,135,7
T7,6,1,175,1
[490]
T1,0,1,200,6
T2,1,1,150,18
T3,2,1,152,15
T4,3,1,55,4
T5,4,0,95,2
T6,5,1,44,2
T7,6,0,42,1
[491]
T1,0,0,120,14
T2,1,1,169,11
T3,2,1,156,2
T4,3,0,200,11
T5,4,0,42,3
T6,5,1,96,2
T7,6,1,20,2
[492]
T1,0,0,175,27
T2,1,0,160,2
T3,2,0,25,1
T4,3,1,70,4
T5,4,0,200,10
T6,5,0,75,1
T7,6,0,26,2
[493]
T1,0,0,178,2
T2,1,1,178,11
T3,2,1,96,9
T4,3,0,41,1
T5,4,0,120,3
T6,5,0,200,21
T7,6,0,24,1
[494]
T1,0,1,88,8
T2,1,0,58,2
T3,2,1,35,1
T4,3,1,200,10
T5,4,1,175,1
T6,5,1,48,4
T7,6,1,154,8
[495]
T1,0,1,96,12
T2,1,1,175,12
T3,2,0,150,4
T4,3,0,22,1
T5,4,1,200,5
T6,5,1,96,5
T7,6,1,27,2
[496]
T1,0,0,21,2
T2,1,0,168,2
T3,2,1,150,17
T4,3,1,73,7
T5,4,0,200,2
T6,5,1,35,1
T7,6,0,80,9
[497]
T1,0,1,84,10
T2,1,0,200,6
T3,2,1,168,26
T4,3,1,159,1
T5,4,1,126,1
T6,5,1,31,1
T7,6,0,36,2
[498]
T1,0,1,165,8
T2,1,1,65,11
T3,2,0,96,3
T4,3,1,200,2
T5,4,1,47,1
T6,5,0,195,3
T7,6,1,30,2
[499]
T1,0,1,170,10
T2,1,1,32,2
T3,2,1,200,2
T4,3,0,102,5
T5,4,0,132,9
T6,5,0,22,2
T7,6,0,150,3
[500]
T1,0,0,68,10
T2,1,1,192,1
T3,2,0,30,1
T4,3,1,200,11
T5,4,1,48,1
T6,5,1,150,8
T7,6,0,135,6
