num_task_per_taskset=7
num_taskset=500
//ID,Priority,Offset,Period,Execution Time
[1]
T1,0,1,54,2
T2,1,0,175,6
T3,2,0,48,1
T4,3,1,200,10
T5,4,0,176,23
T6,5,0,84,5
T7,6,0,40,3
[2]
T1,0,0,152,12
T2,1,0,57,2
T3,2,0,170,13
T4,3,0,50,2
T5,4,1,95,7
T6,5,1,23,2
T7,6,1,200,10
[3]
T1,0,0,182,9
T2,1,1,65,4
T3,2,0,169,5
T4,3,0,200,3
T5,4,0,91,9
T6,5,1,26,1
T7,6,0,37,1
[4]
T1,0,1,153,2
T2,1,0,72,14
T3,2,1,200,8
T4,3,1,50,2
T5,4,1,32,1
T6,5,0,150,3
T7,6,0,114,8
[5]
T1,0,0,100,13
T2,1,0,34,1
T3,2,0,150,7
T4,3,1,168,2
T5,4,0,200,5
T6,5,1,58,6
T7,6,0,36,2
[6]
T1,0,1,99,7
T2,1,0,180,4
T3,2,1,35,2
T4,3,0,56,2
T5,4,1,42,8
T6,5,0,200,2
T7,6,0,168,12
[7]
T1,0,0,114,4
T2,1,0,190,9
T3,2,0,175,3
T4,3,0,35,2
T5,4,0,200,39
T6,5,0,120,4
T7,6,1,30,2
[8]
T1,0,0,55,1
T2,1,1,200,32
T3,2,1,165,10
T4,3,1,57,2
T5,4,0,40,2
T6,5,1,168,6
T7,6,1,42,3
[9]
T1,0,0,20,1
T2,1,0,50,4
T3,2,0,200,14
T4,3,1,192,12
T5,4,1,100,4
T6,5,1,76,3
T7,6,0,192,3
[10]
T1,0,1,161,1
T2,1,0,180,14
T3,2,1,37,5
T4,3,1,200,13
T5,4,0,112,4
T6,5,1,48,2
T7,6,1,92,4
[11]
T1,0,1,25,3
T2,1,0,80,1
T3,2,1,200,2
T4,3,1,165,5
T5,4,1,102,12
T6,5,1,27,2
T7,6,1,180,11
[12]
T1,0,0,44,2
T2,1,1,144,6
T3,2,0,192,6
T4,3,0,200,3
T5,4,1,150,1
T6,5,1,64,2
T7,6,1,22,4
[13]
T1,0,1,200,8
T2,1,1,132,16
T3,2,0,21,2
T4,3,1,175,12
T5,4,0,29,2
T6,5,1,182,3
T7,6,0,55,6
[14]
T1,0,1,200,27
T2,1,1,192,1
T3,2,0,174,21
T4,3,0,29,2
T5,4,1,64,3
T6,5,0,35,2
T7,6,0,84,2
[15]
T1,0,1,168,6
T2,1,1,28,6
T3,2,1,200,4
T4,3,0,24,2
T5,4,1,56,2
T6,5,0,147,8
T7,6,0,96,1
[16]
T1,0,1,33,2
T2,1,1,180,14
T3,2,0,102,8
T4,3,1,187,3
T5,4,1,90,7
T6,5,0,200,10
T7,6,1,46,2
[17]
T1,0,1,108,6
T2,1,0,198,31
T3,2,1,200,2
T4,3,1,38,2
T5,4,0,99,4
T6,5,0,50,2
T7,6,0,195,15
[18]
T1,0,0,24,1
T2,1,0,116,2
T3,2,0,200,2
T4,3,1,150,3
T5,4,0,152,5
T6,5,0,20,1
T7,6,0,145,27
[19]
T1,0,0,165,2
T2,1,1,44,3
T3,2,0,200,11
T4,3,1,165,2
T5,4,0,42,8
T6,5,1,100,2
T7,6,0,135,4
[20]
T1,0,1,30,2
T2,1,0,95,7
T3,2,0,165,2
T4,3,0,76,9
T5,4,1,160,16
T6,5,1,53,2
T7,6,0,200,1
[21]
T1,0,0,160,1
T2,1,0,48,2
T3,2,1,160,3
T4,3,0,200,12
T5,4,1,72,12
T6,5,0,20,1
T7,6,0,115,2
[22]
T1,0,1,180,13
T2,1,1,64,2
T3,2,1,160,4
T4,3,0,38,2
T5,4,1,200,4
T6,5,0,30,1
T7,6,1,95,15
[23]
T1,0,1,38,3
T2,1,0,200,17
T3,2,1,60,4
T4,3,1,196,5
T5,4,0,98,1
T6,5,1,35,3
T7,6,0,168,2
[24]
T1,0,1,200,2
T2,1,0,184,3
T3,2,0,57,1
T4,3,1,150,6
T5,4,1,60,7
T6,5,0,48,7
T7,6,0,36,1
[25]
T1,0,1,190,11
T2,1,0,78,4
T3,2,1,125,6
T4,3,1,38,1
T5,4,0,31,1
T6,5,1,200,19
T7,6,0,156,3
[26]
T1,0,1,42,3
T2,1,0,165,1
T3,2,0,110,2
T4,3,1,200,20
T5,4,0,189,15
T6,5,1,77,3
T7,6,0,25,1
[27]
T1,0,0,156,22
T2,1,0,200,2
T3,2,1,44,2
T4,3,1,65,1
T5,4,1,39,2
T6,5,1,120,10
T7,6,0,159,9
[28]
T1,0,1,96,4
T2,1,1,24,2
T3,2,1,40,2
T4,3,0,150,22
T5,4,1,128,4
T6,5,1,177,2
T7,6,0,200,10
[29]
T1,0,0,120,2
T2,1,1,168,14
T3,2,1,44,9
T4,3,0,170,1
T5,4,0,200,2
T6,5,0,130,6
T7,6,0,50,1
[30]
T1,0,0,200,5
T2,1,1,130,2
T3,2,0,170,24
T4,3,0,30,1
T5,4,0,34,3
T6,5,1,65,2
T7,6,0,153,5
[31]
T1,0,0,120,13
T2,1,0,200,7
T3,2,1,23,2
T4,3,1,180,6
T5,4,1,96,6
T6,5,0,165,6
T7,6,0,25,2
[32]
T1,0,0,147,14
T2,1,1,24,2
T3,2,1,105,1
T4,3,0,53,1
T5,4,1,200,13
T6,5,1,77,2
T7,6,0,150,13
[33]
T1,0,0,147,11
T2,1,1,150,4
T3,2,1,115,15
T4,3,0,24,2
T5,4,0,175,5
T6,5,0,200,2
T7,6,1,37,3
[34]
T1,0,1,44,4
T2,1,0,170,17
T3,2,1,200,8
T4,3,0,85,3
T5,4,1,176,19
T6,5,1,43,2
T7,6,1,55,2
[35]
T1,0,1,180,23
T2,1,1,36,2
T3,2,0,100,16
T4,3,0,130,4
T5,4,1,184,2
T6,5,1,200,2
T7,6,0,52,1
[36]
T1,0,1,168,9
T2,1,0,27,2
T3,2,0,63,3
T4,3,0,161,14
T5,4,0,200,8
T6,5,1,36,4
T7,6,1,80,1
[37]
T1,0,0,54,2
T2,1,1,25,1
T3,2,1,189,9
T4,3,1,114,15
T5,4,1,171,3
T6,5,1,57,1
T7,6,0,200,22
[38]
T1,0,1,190,1
T2,1,0,112,5
T3,2,1,60,2
T4,3,1,190,2
T5,4,1,26,6
T6,5,0,20,2
T7,6,0,200,8
[39]
T1,0,0,45,5
T2,1,1,150,4
T3,2,0,126,2
T4,3,1,164,8
T5,4,1,26,1
T6,5,0,200,8
T7,6,1,60,4
[40]
T1,0,1,42,4
T2,1,0,32,5
T3,2,1,65,1
T4,3,0,200,2
T5,4,1,192,2
T6,5,1,175,13
T7,6,1,65,2
[41]
T1,0,0,49,6
T2,1,1,72,1
T3,2,0,200,5
T4,3,0,180,4
T5,4,0,150,8
T6,5,1,140,5
T7,6,1,44,3
[42]
T1,0,1,115,11
T2,1,1,63,2
T3,2,0,161,3
T4,3,0,189,10
T5,4,1,30,1
T6,5,0,53,2
T7,6,0,200,15
[43]
T1,0,1,140,3
T2,1,1,150,2
T3,2,1,42,2
T4,3,0,140,23
T5,4,1,27,1
T6,5,1,200,15
T7,6,0,150,6
[44]
T1,0,1,40,2
T2,1,1,135,1
T3,2,0,168,19
T4,3,0,95,3
T5,4,1,171,2
T6,5,1,200,22
T7,6,1,44,2
[45]
T1,0,0,27,2
T2,1,1,120,2
T3,2,1,200,11
T4,3,1,40,2
T5,4,1,158,11
T6,5,1,158,4
T7,6,0,72,10
[46]
T1,0,0,20,2
T2,1,1,52,2
T3,2,0,200,19
T4,3,1,72,2
T5,4,1,144,17
T6,5,1,170,22
T7,6,1,176,5
[47]
T1,0,1,48,2
T2,1,1,21,3
T3,2,0,200,1
T4,3,0,56,2
T5,4,0,168,11
T6,5,1,88,3
T7,6,0,156,2
[48]
T1,0,0,125,2
T2,1,0,25,2
T3,2,0,200,3
T4,3,1,147,21
T5,4,0,125,2
T6,5,1,180,14
T7,6,0,48,6
[49]
T1,0,1,28,2
T2,1,0,63,2
T3,2,1,200,31
T4,3,0,29,2
T5,4,0,189,13
T6,5,0,147,6
T7,6,1,175,2
[50]
T1,0,1,46,1
T2,1,1,140,9
T3,2,0,200,2
T4,3,0,23,2
T5,4,1,168,1
T6,5,1,138,22
T7,6,0,196,2
[51]
T1,0,1,90,11
T2,1,1,135,1
T3,2,1,184,1
T4,3,0,54,2
T5,4,1,192,7
T6,5,1,36,5
T7,6,0,200,12
[52]
T1,0,1,168,1
T2,1,1,96,4
T3,2,1,200,12
T4,3,0,117,1
T5,4,1,31,4
T6,5,0,32,1
T7,6,0,175,12
[53]
T1,0,1,66,2
T2,1,0,44,2
T3,2,1,104,15
T4,3,1,154,8
T5,4,0,200,2
T6,5,1,168,4
T7,6,1,44,4
[54]
T1,0,1,200,10
T2,1,1,50,2
T3,2,0,56,1
T4,3,0,56,6
T5,4,1,38,2
T6,5,1,160,13
T7,6,1,172,22
[55]
T1,0,1,104,10
T2,1,0,200,9
T3,2,0,198,4
T4,3,0,156,8
T5,4,1,32,2
T6,5,0,22,1
T7,6,0,100,1
[56]
T1,0,0,21,1
T2,1,0,50,2
T3,2,1,171,16
T4,3,0,100,2
T5,4,0,180,26
T6,5,0,108,4
T7,6,1,200,5
[57]
T1,0,0,75,2
T2,1,0,184,8
T3,2,1,200,7
T4,3,1,40,2
T5,4,1,29,2
T6,5,0,76,8
T7,6,0,171,2
[58]
T1,0,1,25,2
T2,1,1,200,32
T3,2,0,84,5
T4,3,0,75,1
T5,4,1,199,12
T6,5,1,21,1
T7,6,1,199,1
[59]
T1,0,0,40,2
T2,1,0,155,31
T3,2,0,200,3
T4,3,0,154,3
T5,4,0,56,2
T6,5,0,50,2
T7,6,0,124,6
[60]
T1,0,0,200,4
T2,1,0,36,4
T3,2,1,100,5
T4,3,0,180,8
T5,4,1,144,22
T6,5,1,21,2
T7,6,1,182,2
[61]
T1,0,0,64,7
T2,1,0,120,21
T3,2,1,24,2
T4,3,0,170,1
T5,4,0,153,10
T6,5,0,200,2
T7,6,0,43,2
[62]
T1,0,0,90,8
T2,1,0,200,2
T3,2,0,165,20
T4,3,0,27,2
T5,4,0,38,1
T6,5,0,125,2
T7,6,1,180,4
[63]
T1,0,0,60,2
T2,1,0,35,1
T3,2,0,33,2
T4,3,0,200,3
T5,4,1,187,11
T6,5,0,176,33
T7,6,1,68,4
[64]
T1,0,1,55,4
T2,1,1,26,2
T3,2,1,110,5
T4,3,1,176,6
T5,4,1,200,3
T6,5,0,22,2
T7,6,0,185,5
[65]
T1,0,1,200,29
T2,1,1,184,8
T3,2,0,80,6
T4,3,1,136,3
T5,4,1,25,2
T6,5,0,184,1
T7,6,0,38,2
[66]
T1,0,0,66,2
T2,1,1,150,6
T3,2,1,180,45
T4,3,0,132,3
T5,4,1,23,2
T6,5,0,200,2
T7,6,0,50,1
[67]
T1,0,1,110,1
T2,1,1,160,21
T3,2,0,28,2
T4,3,0,20,2
T5,4,1,200,4
T6,5,1,64,11
T7,6,1,154,3
[68]
T1,0,1,42,3
T2,1,1,22,1
T3,2,0,75,2
T4,3,0,198,1
T5,4,1,196,26
T6,5,0,84,2
T7,6,1,200,13
[69]
T1,0,0,24,2
T2,1,1,123,2
T3,2,0,164,39
T4,3,0,52,2
T5,4,1,200,7
T6,5,0,162,4
T7,6,0,120,9
[70]
T1,0,1,160,2
T2,1,1,200,8
T3,2,1,66,3
T4,3,1,78,4
T5,4,0,25,1
T6,5,1,30,2
T7,6,1,150,12
[71]
T1,0,0,196,4
T2,1,0,98,1
T3,2,1,200,2
T4,3,1,33,3
T5,4,1,48,1
T6,5,1,140,28
T7,6,0,196,2
[72]
T1,0,0,200,16
T2,1,1,53,1
T3,2,0,180,5
T4,3,0,33,1
T5,4,0,64,5
T6,5,0,165,18
T7,6,0,72,1
[73]
T1,0,1,53,5
T2,1,0,136,5
T3,2,0,187,19
T4,3,1,187,16
T5,4,1,45,2
T6,5,0,200,5
T7,6,0,85,3
[74]
T1,0,0,170,6
T2,1,0,200,8
T3,2,1,53,2
T4,3,1,92,2
T5,4,0,153,12
T6,5,0,100,18
T7,6,0,30,2
[75]
T1,0,1,148,2
T2,1,1,148,15
T3,2,1,130,3
T4,3,1,26,2
T5,4,0,130,8
T6,5,1,47,3
T7,6,1,200,2
[76]
T1,0,1,200,2
T2,1,1,23,2
T3,2,1,60,6
T4,3,0,120,2
T5,4,0,180,17
T6,5,0,20,2
T7,6,1,161,18
[77]
T1,0,1,40,2
T2,1,0,85,18
T3,2,0,176,2
T4,3,1,200,24
T5,4,1,40,2
T6,5,0,68,2
T7,6,1,160,1
[78]
T1,0,0,195,5
T2,1,1,165,9
T3,2,1,75,2
T4,3,0,43,2
T5,4,0,55,3
T6,5,1,200,27
T7,6,1,44,2
[79]
T1,0,0,200,4
T2,1,1,120,2
T3,2,1,186,13
T4,3,1,37,4
T5,4,0,186,8
T6,5,0,33,1
T7,6,1,60,5
[80]
T1,0,0,88,13
T2,1,1,32,1
T3,2,1,198,4
T4,3,1,154,17
T5,4,0,200,7
T6,5,0,105,2
T7,6,0,47,2
[81]
T1,0,1,150,6
T2,1,0,84,2
T3,2,0,70,3
T4,3,1,30,5
T5,4,0,200,3
T6,5,0,40,1
T7,6,0,176,11
[82]
T1,0,1,105,3
T2,1,1,23,2
T3,2,1,32,1
T4,3,1,170,12
T5,4,1,175,2
T6,5,0,60,3
T7,6,1,200,10
[83]
T1,0,1,50,2
T2,1,1,195,4
T3,2,0,200,10
T4,3,0,91,4
T5,4,1,44,2
T6,5,1,77,6
T7,6,1,182,12
[84]
T1,0,0,168,12
T2,1,0,200,6
T3,2,0,36,2
T4,3,0,90,2
T5,4,0,150,24
T6,5,0,37,2
T7,6,1,122,4
[85]
T1,0,0,25,2
T2,1,0,154,11
T3,2,0,200,5
T4,3,1,130,21
T5,4,1,175,4
T6,5,0,140,5
T7,6,0,51,2
[86]
T1,0,0,84,6
T2,1,0,155,14
T3,2,0,175,12
T4,3,1,36,3
T5,4,1,48,2
T6,5,1,200,1
T7,6,0,124,7
[87]
T1,0,1,44,2
T2,1,0,130,8
T3,2,0,200,14
T4,3,1,72,4
T5,4,1,156,4
T6,5,0,176,8
T7,6,1,33,3
[88]
T1,0,1,120,1
T2,1,1,150,20
T3,2,0,31,1
T4,3,0,42,2
T5,4,0,67,2
T6,5,1,168,9
T7,6,0,200,26
[89]
T1,0,0,36,2
T2,1,0,198,2
T3,2,1,200,42
T4,3,0,150,2
T5,4,0,58,1
T6,5,1,100,4
T7,6,0,50,2
[90]
T1,0,1,180,5
T2,1,0,180,15
T3,2,0,51,2
T4,3,1,105,4
T5,4,0,92,6
T6,5,1,27,2
T7,6,0,200,26
[91]
T1,0,0,112,2
T2,1,1,120,7
T3,2,1,168,7
T4,3,0,49,1
T5,4,1,200,27
T6,5,1,189,3
T7,6,1,49,4
[92]
T1,0,0,76,9
T2,1,0,200,4
T3,2,0,152,10
T4,3,1,47,2
T5,4,1,57,4
T6,5,1,21,2
T7,6,1,175,7
[93]
T1,0,1,20,2
T2,1,1,120,1
T3,2,1,200,8
T4,3,0,123,11
T5,4,0,21,2
T6,5,0,198,2
T7,6,1,164,12
[94]
T1,0,1,48,2
T2,1,1,136,3
T3,2,0,33,2
T4,3,1,168,3
T5,4,1,200,22
T6,5,0,84,3
T7,6,0,165,14
[95]
T1,0,1,34,2
T2,1,1,130,1
T3,2,0,150,28
T4,3,1,200,1
T5,4,1,25,2
T6,5,1,96,6
T7,6,0,170,1
[96]
T1,0,1,192,17
T2,1,1,96,11
T3,2,1,20,2
T4,3,0,200,7
T5,4,1,157,2
T6,5,0,96,8
T7,6,0,38,1
[97]
T1,0,1,180,8
T2,1,1,184,2
T3,2,0,23,6
T4,3,0,200,2
T5,4,0,30,1
T6,5,0,115,1
T7,6,0,95,2
[98]
T1,0,0,30,1
T2,1,0,35,4
T3,2,0,60,2
T4,3,0,150,7
T5,4,1,172,2
T6,5,1,136,11
T7,6,0,200,17
[99]
T1,0,0,200,6
T2,1,0,164,13
T3,2,0,100,6
T4,3,0,146,1
T5,4,0,41,1
T6,5,0,164,13
T7,6,1,39,3
[100]
T1,0,0,200,24
T2,1,0,40,1
T3,2,1,99,2
T4,3,1,51,1
T5,4,1,198,12
T6,5,1,185,6
T7,6,0,90,8
[101]
T1,0,0,120,2
T2,1,0,44,4
T3,2,1,168,2
T4,3,0,20,2
T5,4,0,76,4
T6,5,0,200,32
T7,6,0,190,1
[102]
T1,0,1,90,2
T2,1,1,80,5
T3,2,1,200,9
T4,3,1,152,7
T5,4,0,26,2
T6,5,0,156,12
T7,6,0,31,3
[103]
T1,0,1,32,2
T2,1,1,50,3
T3,2,0,96,18
T4,3,0,198,2
T5,4,0,200,2
T6,5,0,150,7
T7,6,0,60,3
[104]
T1,0,1,136,1
T2,1,1,60,2
T3,2,1,46,1
T4,3,0,29,2
T5,4,1,200,15
T6,5,1,170,14
T7,6,1,170,14
[105]
T1,0,0,44,5
T2,1,0,47,1
T3,2,0,200,7
T4,3,1,100,7
T5,4,1,64,1
T6,5,0,188,18
T7,6,0,192,2
[106]
T1,0,1,194,13
T2,1,1,200,44
T3,2,0,140,6
T4,3,1,35,2
T5,4,1,194,2
T6,5,1,120,2
T7,6,0,21,2
[107]
T1,0,1,175,6
T2,1,0,200,8
T3,2,0,36,6
T4,3,1,54,2
T5,4,1,75,2
T6,5,0,84,6
T7,6,0,176,7
[108]
T1,0,1,58,6
T2,1,1,98,12
T3,2,1,49,2
T4,3,0,147,7
T5,4,1,41,1
T6,5,1,200,3
T7,6,0,150,1
[109]
T1,0,1,180,14
T2,1,0,135,10
T3,2,1,102,1
T4,3,0,160,5
T5,4,1,27,4
T6,5,1,200,2
T7,6,0,46,1
[110]
T1,0,1,34,2
T2,1,0,172,14
T3,2,0,129,15
T4,3,0,30,2
T5,4,0,170,2
T6,5,1,80,6
T7,6,0,200,18
[111]
T1,0,0,50,3
T2,1,1,57,5
T3,2,0,43,4
T4,3,1,180,3
T5,4,1,150,4
T6,5,1,145,5
T7,6,1,200,10
[112]
T1,0,0,120,4
T2,1,0,200,7
T3,2,0,148,1
T4,3,0,45,2
T5,4,0,75,2
T6,5,1,25,3
T7,6,1,156,9
[113]
T1,0,0,194,8
T2,1,0,84,3
T3,2,0,32,2
T4,3,1,20,2
T5,4,1,200,6
T6,5,1,175,30
T7,6,0,140,2
[114]
T1,0,0,37,3
T2,1,0,90,3
T3,2,0,200,7
T4,3,0,36,1
T5,4,0,125,13
T6,5,1,154,1
T7,6,0,180,12
[115]
T1,0,0,165,15
T2,1,1,30,3
T3,2,0,200,14
T4,3,1,66,2
T5,4,0,51,2
T6,5,1,166,16
T7,6,0,75,2
[116]
T1,0,1,200,6
T2,1,0,180,2
T3,2,1,150,2
T4,3,0,49,2
T5,4,1,144,7
T6,5,0,47,4
T7,6,0,144,24
[117]
T1,0,0,43,8
T2,1,0,140,2
T3,2,0,200,5
T4,3,1,189,17
T5,4,1,132,2
T6,5,1,50,1
T7,6,1,165,3
[118]
T1,0,1,200,1
T2,1,1,26,1
T3,2,0,35,3
T4,3,0,60,3
T5,4,0,153,16
T6,5,0,144,1
T7,6,0,180,10
[119]
T1,0,1,200,23
T2,1,0,164,8
T3,2,1,80,5
T4,3,0,90,4
T5,4,0,24,1
T6,5,1,160,4
T7,6,1,36,2
[120]
T1,0,1,57,2
T2,1,1,40,2
T3,2,1,150,11
T4,3,0,160,1
T5,4,1,200,2
T6,5,0,88,4
T7,6,1,47,9
[121]
T1,0,1,34,2
T2,1,0,56,2
T3,2,1,200,9
T4,3,0,51,5
T5,4,0,196,2
T6,5,1,56,6
T7,6,1,175,14
[122]
T1,0,1,160,2
T2,1,1,200,4
T3,2,1,143,11
T4,3,0,26,2
T5,4,1,176,2
T6,5,1,27,1
T7,6,1,88,10
[123]
T1,0,1,200,2
T2,1,1,42,2
T3,2,1,75,3
T4,3,1,60,10
T5,4,0,30,2
T6,5,1,150,2
T7,6,0,156,4
[124]
T1,0,0,84,11
T2,1,0,20,1
T3,2,1,36,2
T4,3,1,96,2
T5,4,0,182,8
T6,5,0,160,14
T7,6,0,200,1
[125]
T1,0,0,154,4
T2,1,0,165,11
T3,2,1,200,22
T4,3,1,85,2
T5,4,0,48,2
T6,5,1,40,4
T7,6,1,100,2
[126]
T1,0,0,180,3
T2,1,0,44,1
T3,2,0,200,11
T4,3,0,130,9
T5,4,0,156,2
T6,5,1,102,15
T7,6,0,48,2
[127]
T1,0,0,67,5
T2,1,0,150,9
T3,2,1,165,5
T4,3,0,40,3
T5,4,1,200,4
T6,5,0,66,5
T7,6,0,51,1
[128]
T1,0,0,60,7
T2,1,1,91,6
T3,2,1,23,2
T4,3,0,170,2
T5,4,0,170,3
T6,5,0,51,5
T7,6,1,200,5
[129]
T1,0,1,130,14
T2,1,0,156,12
T3,2,1,200,10
T4,3,1,39,2
T5,4,0,52,2
T6,5,0,98,7
T7,6,0,156,7
[130]
T1,0,0,72,2
T2,1,0,155,1
T3,2,1,26,2
T4,3,0,200,3
T5,4,1,24,3
T6,5,0,99,14
T7,6,1,150,8
[131]
T1,0,0,20,2
T2,1,0,181,2
T3,2,1,200,34
T4,3,0,25,2
T5,4,0,150,2
T6,5,1,100,3
T7,6,0,84,9
[132]
T1,0,0,200,9
T2,1,1,180,21
T3,2,1,180,7
T4,3,1,120,2
T5,4,0,27,3
T6,5,1,69,3
T7,6,1,43,2
[133]
T1,0,0,75,5
T2,1,1,147,6
T3,2,1,42,3
T4,3,0,175,11
T5,4,0,28,1
T6,5,0,200,8
T7,6,0,98,2
[134]
T1,0,0,52,1
T2,1,0,143,17
T3,2,1,43,2
T4,3,0,175,12
T5,4,0,60,1
T6,5,0,200,25
T7,6,1,156,3
[135]
T1,0,0,39,3
T2,1,1,176,10
T3,2,1,30,1
T4,3,1,200,4
T5,4,0,165,20
T6,5,1,143,2
T7,6,0,120,8
[136]
T1,0,1,63,2
T2,1,0,105,7
T3,2,0,182,25
T4,3,0,175,4
T5,4,1,40,2
T6,5,1,30,2
T7,6,1,200,16
[137]
T1,0,1,198,4
T2,1,0,198,9
T3,2,1,53,2
T4,3,0,65,3
T5,4,0,200,7
T6,5,0,52,11
T7,6,1,90,1
[138]
T1,0,0,34,2
T2,1,0,200,2
T3,2,0,160,27
T4,3,0,49,2
T5,4,0,80,2
T6,5,1,144,4
T7,6,0,160,10
[139]
T1,0,0,196,2
T2,1,1,165,5
T3,2,0,43,2
T4,3,1,200,8
T5,4,1,112,2
T6,5,0,30,6
T7,6,0,84,8
[140]
T1,0,0,180,14
T2,1,1,60,2
T3,2,0,172,2
T4,3,1,50,2
T5,4,0,99,13
T6,5,0,48,2
T7,6,1,200,14
[141]
T1,0,0,24,1
T2,1,0,42,2
T3,2,0,175,1
T4,3,0,200,17
T5,4,1,135,1
T6,5,0,180,13
T7,6,0,88,10
[142]
T1,0,1,30,2
T2,1,0,24,2
T3,2,1,125,6
T4,3,0,168,10
T5,4,0,200,21
T6,5,1,57,2
T7,6,1,152,2
[143]
T1,0,1,195,59
T2,1,0,168,2
T3,2,0,200,1
T4,3,0,52,2
T5,4,1,33,1
T6,5,1,60,2
T7,6,0,147,2
[144]
T1,0,1,78,2
T2,1,0,200,5
T3,2,1,29,2
T4,3,0,81,6
T5,4,1,180,45
T6,5,1,150,2
T7,6,0,24,2
[145]
T1,0,1,184,14
T2,1,1,24,2
T3,2,1,138,6
T4,3,0,200,1
T5,4,1,32,1
T6,5,0,90,10
T7,6,0,160,2
[146]
T1,0,0,30,2
T2,1,0,168,1
T3,2,0,200,35
T4,3,1,165,1
T5,4,0,95,2
T6,5,0,43,2
T7,6,1,132,15
[147]
T1,0,0,192,40
T2,1,0,108,3
T3,2,0,200,13
T4,3,1,130,7
T5,4,0,192,2
T6,5,0,29,2
T7,6,1,48,2
[148]
T1,0,1,115,4
T2,1,1,160,22
T3,2,1,69,4
T4,3,0,200,23
T5,4,0,35,2
T6,5,1,48,2
T7,6,1,184,1
[149]
T1,0,1,48,2
T2,1,1,100,10
T3,2,1,200,14
T4,3,1,198,11
T5,4,1,165,2
T6,5,0,85,2
T7,6,1,43,5
[150]
T1,0,1,200,20
T2,1,0,41,4
T3,2,0,184,1
T4,3,0,160,9
T5,4,1,100,6
T6,5,0,125,1
T7,6,1,45,2
[151]
T1,0,0,200,8
T2,1,1,75,4
T3,2,1,48,8
T4,3,0,173,3
T5,4,1,60,1
T6,5,0,192,13
T7,6,0,30,2
[152]
T1,0,0,135,6
T2,1,0,34,2
T3,2,0,175,1
T4,3,1,189,25
T5,4,1,200,16
T6,5,0,84,1
T7,6,1,52,5
[153]
T1,0,0,100,2
T2,1,1,33,2
T3,2,0,176,19
T4,3,0,176,5
T5,4,0,200,39
T6,5,1,25,2
T7,6,1,90,2
[154]
T1,0,0,77,11
T2,1,1,200,6
T3,2,0,46,2
T4,3,1,165,6
T5,4,1,168,14
T6,5,1,21,2
T7,6,0,75,2
[155]
T1,0,0,112,1
T2,1,0,35,4
T3,2,1,200,14
T4,3,1,196,8
T5,4,1,46,4
T6,5,1,66,2
T7,6,0,176,8
[156]
T1,0,1,88,2
T2,1,0,168,9
T3,2,1,28,2
T4,3,1,80,1
T5,4,1,39,8
T6,5,0,189,1
T7,6,1,200,10
[157]
T1,0,1,200,7
T2,1,1,45,4
T3,2,0,198,10
T4,3,1,90,3
T5,4,0,180,6
T6,5,0,30,1
T7,6,0,117,7
[158]
T1,0,0,200,46
T2,1,1,170,6
T3,2,1,140,1
T4,3,0,33,1
T5,4,0,180,4
T6,5,1,90,3
T7,6,0,27,2
[159]
T1,0,1,35,2
T2,1,1,172,4
T3,2,0,200,13
T4,3,1,160,13
T5,4,1,100,17
T6,5,1,30,2
T7,6,0,96,2
[160]
T1,0,1,87,1
T2,1,0,42,6
T3,2,1,172,5
T4,3,0,25,2
T5,4,0,58,1
T6,5,1,172,23
T7,6,1,200,4
[161]
T1,0,1,160,35
T2,1,0,200,6
T3,2,1,22,1
T4,3,0,50,2
T5,4,1,146,2
T6,5,1,175,6
T7,6,0,73,2
[162]
T1,0,0,190,32
T2,1,1,23,2
T3,2,0,200,7
T4,3,0,100,3
T5,4,1,130,2
T6,5,0,52,3
T7,6,0,171,9
[163]
T1,0,1,60,3
T2,1,0,41,1
T3,2,0,150,3
T4,3,1,112,3
T5,4,1,28,2
T6,5,0,189,4
T7,6,0,200,28
[164]
T1,0,1,40,2
T2,1,0,182,7
T3,2,1,169,10
T4,3,0,120,2
T5,4,1,50,8
T6,5,0,200,5
T7,6,0,60,2
[165]
T1,0,1,28,2
T2,1,0,188,13
T3,2,1,200,8
T4,3,1,120,2
T5,4,1,72,2
T6,5,0,165,41
T7,6,1,36,2
[166]
T1,0,0,77,2
T2,1,1,160,2
T3,2,1,100,14
T4,3,0,200,17
T5,4,1,52,2
T6,5,0,49,4
T7,6,0,182,6
[167]
T1,0,1,168,20
T2,1,1,140,12
T3,2,0,75,5
T4,3,1,190,2
T5,4,0,200,7
T6,5,1,24,2
T7,6,0,29,1
[168]
T1,0,1,150,1
T2,1,1,52,3
T3,2,0,200,10
T4,3,0,117,2
T5,4,0,165,14
T6,5,0,99,11
T7,6,0,33,1
[169]
T1,0,0,165,17
T2,1,1,53,2
T3,2,1,175,2
T4,3,1,110,6
T5,4,0,200,6
T6,5,0,22,1
T7,6,0,120,9
[170]
T1,0,0,200,3
T2,1,0,55,3
T3,2,1,180,2
T4,3,0,28,1
T5,4,0,140,8
T6,5,1,180,6
T7,6,0,21,3
[171]
T1,0,0,85,4
T2,1,0,35,2
T3,2,0,153,12
T4,3,1,52,1
T5,4,1,200,19
T6,5,1,170,11
T7,6,0,72,4
[172]
T1,0,1,100,13
T2,1,1,155,10
T3,2,1,100,8
T4,3,1,150,4
T5,4,0,200,4
T6,5,0,42,2
T7,6,0,24,1
[173]
T1,0,0,200,7
T2,1,1,27,1
T3,2,0,30,2
T4,3,0,188,24
T5,4,0,60,5
T6,5,0,160,3
T7,6,1,144,7
[174]
T1,0,1,108,2
T2,1,1,200,3
T3,2,0,114,8
T4,3,1,30,5
T5,4,0,30,2
T6,5,1,175,7
T7,6,0,152,6
[175]
T1,0,1,27,2
T2,1,1,53,2
T3,2,0,144,3
T4,3,1,165,31
T5,4,1,150,2
T6,5,1,200,13
T7,6,0,75,5
[176]
T1,0,0,165,15
T2,1,0,25,2
T3,2,1,50,5
T4,3,1,176,14
T5,4,0,110,7
T6,5,1,67,2
T7,6,1,200,7
[177]
T1,0,1,154,4
T2,1,1,94,8
T3,2,1,154,2
T4,3,0,44,7
T5,4,1,200,9
T6,5,0,50,2
T7,6,0,88,5
[178]
T1,0,0,200,6
T2,1,1,70,3
T3,2,1,45,2
T4,3,1,49,4
T5,4,0,153,15
T6,5,0,85,4
T7,6,0,175,5
[179]
T1,0,0,108,6
T2,1,0,200,36
T3,2,1,192,4
T4,3,0,48,2
T5,4,0,180,11
T6,5,0,40,2
T7,6,0,95,2
[180]
T1,0,0,88,1
T2,1,0,200,20
T3,2,0,50,3
T4,3,0,175,2
T5,4,1,46,1
T6,5,0,56,6
T7,6,0,188,10
[181]
T1,0,0,45,4
T2,1,1,200,18
T3,2,0,56,2
T4,3,0,153,2
T5,4,0,50,2
T6,5,1,175,19
T7,6,1,72,2
[182]
T1,0,1,45,1
T2,1,1,171,7
T3,2,1,200,11
T4,3,1,108,5
T5,4,1,38,2
T6,5,0,168,14
T7,6,0,63,7
[183]
T1,0,0,91,4
T2,1,1,26,2
T3,2,1,156,5
T4,3,0,56,6
T5,4,0,37,2
T6,5,1,195,3
T7,6,0,200,12
[184]
T1,0,1,200,17
T2,1,1,111,1
T3,2,0,174,32
T4,3,1,148,2
T5,4,0,37,1
T6,5,1,58,2
T7,6,1,27,1
[185]
T1,0,0,24,2
T2,1,1,200,29
T3,2,0,112,2
T4,3,1,198,10
T5,4,0,24,2
T6,5,1,77,7
T7,6,1,175,9
[186]
T1,0,0,99,1
T2,1,1,176,2
T3,2,1,200,10
T4,3,0,22,2
T5,4,0,189,8
T6,5,0,31,2
T7,6,0,63,9
[187]
T1,0,0,200,2
T2,1,0,174,18
T3,2,1,112,7
T4,3,1,30,2
T5,4,1,100,5
T6,5,1,160,14
T7,6,0,24,1
[188]
T1,0,0,20,2
T2,1,0,72,3
T3,2,1,165,12
T4,3,1,200,9
T5,4,1,176,22
T6,5,0,52,2
T7,6,0,135,2
[189]
T1,0,0,100,2
T2,1,0,36,1
T3,2,0,108,13
T4,3,1,159,6
T5,4,0,162,2
T6,5,0,30,5
T7,6,0,200,2
[190]
T1,0,0,100,8
T2,1,0,195,9
T3,2,1,51,4
T4,3,0,52,2
T5,4,1,182,8
T6,5,0,120,6
T7,6,0,200,5
[191]
T1,0,0,119,6
T2,1,1,175,12
T3,2,1,28,2
T4,3,1,200,2
T5,4,1,120,8
T6,5,0,196,28
T7,6,0,42,1
[192]
T1,0,0,200,6
T2,1,0,54,3
T3,2,0,156,3
T4,3,1,120,2
T5,4,0,175,11
T6,5,0,45,8
T7,6,0,53,2
[193]
T1,0,0,116,2
T2,1,1,200,17
T3,2,0,150,10
T4,3,1,51,4
T5,4,0,150,2
T6,5,0,85,8
T7,6,1,34,1
[194]
T1,0,0,153,2
T2,1,0,93,6
T3,2,0,200,2
T4,3,0,186,16
T5,4,1,72,2
T6,5,1,40,4
T7,6,1,40,4
[195]
T1,0,1,136,25
T2,1,1,170,2
T3,2,1,27,1
T4,3,1,200,1
T5,4,1,50,3
T6,5,0,104,1
T7,6,1,175,9
[196]
T1,0,1,192,3
T2,1,0,49,1
T3,2,0,115,12
T4,3,0,160,20
T5,4,0,115,5
T6,5,1,32,2
T7,6,1,200,10
[197]
T1,0,1,120,4
T2,1,1,165,26
T3,2,1,144,2
T4,3,1,27,2
T5,4,0,180,18
T6,5,0,43,2
T7,6,0,200,5
[198]
T1,0,1,20,2
T2,1,0,52,2
T3,2,0,170,2
T4,3,0,200,6
T5,4,0,78,8
T6,5,1,72,3
T7,6,1,180,28
[199]
T1,0,0,77,3
T2,1,1,200,9
T3,2,0,160,7
T4,3,1,105,4
T5,4,0,30,2
T6,5,0,33,3
T7,6,1,160,6
[200]
T1,0,0,200,1
T2,1,0,44,7
T3,2,1,190,5
T4,3,0,57,2
T5,4,1,175,11
T6,5,1,95,5
T7,6,0,26,2
[201]
T1,0,0,143,1
T2,1,0,53,3
T3,2,1,182,2
T4,3,0,200,15
T5,4,0,42,1
T6,5,1,132,25
T7,6,1,175,1
[202]
T1,0,0,39,4
T2,1,1,144,12
T3,2,0,198,7
T4,3,1,76,1
T5,4,0,150,2
T6,5,0,200,22
T7,6,0,44,2
[203]
T1,0,1,37,2
T2,1,1,126,1
T3,2,1,183,7
T4,3,1,183,11
T5,4,0,61,1
T6,5,0,24,4
T7,6,1,200,1
[204]
T1,0,0,200,8
T2,1,0,76,8
T3,2,1,40,2
T4,3,0,192,2
T5,4,1,135,4
T6,5,1,180,16
T7,6,1,48,4
[205]
T1,0,1,200,27
T2,1,1,64,2
T3,2,1,71,5
T4,3,0,192,6
T5,4,0,24,2
T6,5,1,160,11
T7,6,0,30,1
[206]
T1,0,1,196,2
T2,1,1,168,13
T3,2,1,200,3
T4,3,1,21,2
T5,4,0,70,1
T6,5,1,25,3
T7,6,0,81,10
[207]
T1,0,1,147,1
T2,1,0,53,4
T3,2,0,25,1
T4,3,1,196,5
T5,4,1,115,21
T6,5,1,98,3
T7,6,0,200,4
[208]
T1,0,0,198,22
T2,1,0,200,16
T3,2,0,150,8
T4,3,1,30,2
T5,4,1,35,2
T6,5,0,63,4
T7,6,0,110,2
[209]
T1,0,0,176,10
T2,1,1,42,1
T3,2,1,108,2
T4,3,1,176,17
T5,4,0,200,13
T6,5,1,56,2
T7,6,0,36,2
[210]
T1,0,1,198,1
T2,1,0,165,6
T3,2,0,47,1
T4,3,1,33,3
T5,4,0,200,6
T6,5,1,138,4
T7,6,0,144,24
[211]
T1,0,1,36,3
T2,1,1,72,10
T3,2,0,120,4
T4,3,1,200,3
T5,4,1,183,5
T6,5,0,175,1
T7,6,0,29,2
[212]
T1,0,0,200,1
T2,1,1,90,2
T3,2,1,30,5
T4,3,1,198,3
T5,4,1,44,1
T6,5,1,135,13
T7,6,1,175,11
[213]
T1,0,1,23,2
T2,1,0,69,9
T3,2,0,180,6
T4,3,1,200,16
T5,4,1,165,7
T6,5,1,23,2
T7,6,1,90,4
[214]
T1,0,1,200,11
T2,1,1,150,3
T3,2,1,39,3
T4,3,0,180,8
T5,4,0,136,23
T6,5,0,35,2
T7,6,1,120,1
[215]
T1,0,0,110,4
T2,1,1,55,2
T3,2,0,27,2
T4,3,0,200,4
T5,4,1,44,3
T6,5,0,165,28
T7,6,1,150,8
[216]
T1,0,0,49,2
T2,1,1,170,1
T3,2,1,130,8
T4,3,1,200,4
T5,4,0,150,24
T6,5,1,21,2
T7,6,0,120,6
[217]
T1,0,1,165,2
T2,1,0,200,43
T3,2,0,187,7
T4,3,0,88,3
T5,4,0,51,1
T6,5,0,136,3
T7,6,0,30,1
[218]
T1,0,1,195,2
T2,1,0,21,2
T3,2,0,65,2
T4,3,0,29,2
T5,4,0,195,20
T6,5,0,200,10
T7,6,1,120,11
[219]
T1,0,0,117,9
T2,1,1,165,5
T3,2,1,200,21
T4,3,0,48,1
T5,4,1,165,16
T6,5,0,45,1
T7,6,1,110,1
[220]
T1,0,0,175,4
T2,1,0,57,1
T3,2,0,40,3
T4,3,1,135,17
T5,4,0,31,2
T6,5,1,189,2
T7,6,0,200,22
[221]
T1,0,0,200,2
T2,1,0,100,5
T3,2,0,29,2
T4,3,1,30,1
T5,4,0,120,7
T6,5,0,170,31
T7,6,1,184,4
[222]
T1,0,0,102,2
T2,1,1,46,2
T3,2,1,30,2
T4,3,0,152,31
T5,4,1,170,3
T6,5,0,80,2
T7,6,1,200,10
[223]
T1,0,1,96,3
T2,1,1,20,2
T3,2,0,42,1
T4,3,0,200,16
T5,4,1,180,6
T6,5,0,150,23
T7,6,0,99,4
[224]
T1,0,1,200,12
T2,1,1,44,2
T3,2,1,66,2
T4,3,0,144,2
T5,4,1,168,1
T6,5,0,51,2
T7,6,1,198,46
[225]
T1,0,1,198,21
T2,1,0,147,2
T3,2,0,24,2
T4,3,1,50,2
T5,4,1,200,9
T6,5,0,72,2
T7,6,0,175,27
[226]
T1,0,0,60,3
T2,1,1,195,5
T3,2,1,176,9
T4,3,0,80,2
T5,4,1,20,3
T6,5,1,200,1
T7,6,1,39,2
[227]
T1,0,1,200,2
T2,1,1,150,7
T3,2,0,184,17
T4,3,0,35,1
T5,4,1,110,2
T6,5,0,24,1
T7,6,0,69,6
[228]
T1,0,0,172,1
T2,1,1,80,3
T3,2,0,54,3
T4,3,0,64,8
T5,4,0,36,2
T6,5,0,180,18
T7,6,1,200,3
[229]
T1,0,1,200,28
T2,1,1,98,4
T3,2,1,180,2
T4,3,1,72,3
T5,4,0,34,2
T6,5,0,45,1
T7,6,0,160,5
[230]
T1,0,1,112,5
T2,1,1,200,11
T3,2,1,28,2
T4,3,1,171,1
T5,4,0,150,24
T6,5,1,34,1
T7,6,0,63,3
[231]
T1,0,0,192,2
T2,1,0,24,2
T3,2,0,23,2
T4,3,1,140,2
T5,4,1,175,25
T6,5,0,200,3
T7,6,0,132,23
[232]
T1,0,0,45,2
T2,1,0,152,30
T3,2,1,95,11
T4,3,0,104,2
T5,4,1,200,2
T6,5,0,171,5
T7,6,1,40,1
[233]
T1,0,1,20,2
T2,1,1,102,7
T3,2,0,200,5
T4,3,1,99,1
T5,4,1,180,20
T6,5,0,45,1
T7,6,1,153,21
[234]
T1,0,0,38,2
T2,1,0,156,3
T3,2,0,117,4
T4,3,0,65,16
T5,4,1,180,5
T6,5,1,200,2
T7,6,1,33,1
[235]
T1,0,1,160,7
T2,1,0,47,9
T3,2,0,160,1
T4,3,1,200,3
T5,4,0,72,2
T6,5,1,96,5
T7,6,0,30,2
[236]
T1,0,0,144,1
T2,1,1,200,7
T3,2,0,24,2
T4,3,0,26,2
T5,4,0,160,18
T6,5,0,70,5
T7,6,0,150,4
[237]
T1,0,1,108,2
T2,1,1,200,9
T3,2,1,20,2
T4,3,0,48,2
T5,4,1,180,27
T6,5,1,55,5
T7,6,1,154,2
[238]
T1,0,1,144,19
T2,1,1,46,1
T3,2,1,48,1
T4,3,0,180,7
T5,4,0,148,6
T6,5,1,80,4
T7,6,1,200,11
[239]
T1,0,0,175,22
T2,1,1,189,2
T3,2,0,45,2
T4,3,1,100,2
T5,4,0,21,1
T6,5,0,200,3
T7,6,1,68,8
[240]
T1,0,1,56,5
T2,1,0,176,10
T3,2,1,176,2
T4,3,0,24,1
T5,4,0,28,1
T6,5,0,200,3
T7,6,1,54,7
[241]
T1,0,0,50,2
T2,1,1,200,4
T3,2,1,150,3
T4,3,0,105,2
T5,4,0,50,2
T6,5,1,64,5
T7,6,1,152,28
[242]
T1,0,1,75,7
T2,1,0,176,20
T3,2,1,88,2
T4,3,1,160,5
T5,4,0,200,4
T6,5,1,47,4
T7,6,0,35,2
[243]
T1,0,1,192,8
T2,1,0,96,12
T3,2,1,40,2
T4,3,0,192,11
T5,4,1,82,9
T6,5,0,43,2
T7,6,0,200,8
[244]
T1,0,1,84,2
T2,1,1,95,5
T3,2,1,37,2
T4,3,1,165,3
T5,4,0,50,4
T6,5,1,190,16
T7,6,0,200,26
[245]
T1,0,1,132,3
T2,1,0,200,25
T3,2,1,180,3
T4,3,0,28,3
T5,4,0,40,2
T6,5,0,176,16
T7,6,0,92,2
[246]
T1,0,0,104,2
T2,1,0,200,44
T3,2,1,120,2
T4,3,1,150,5
T5,4,0,40,3
T6,5,0,160,3
T7,6,0,36,1
[247]
T1,0,1,23,2
T2,1,0,184,26
T3,2,1,60,2
T4,3,1,128,5
T5,4,1,180,20
T6,5,0,23,1
T7,6,0,200,4
[248]
T1,0,1,70,2
T2,1,0,200,3
T3,2,1,175,1
T4,3,1,159,14
T5,4,0,34,4
T6,5,1,28,2
T7,6,0,80,8
[249]
T1,0,1,105,1
T2,1,0,200,13
T3,2,1,84,1
T4,3,0,152,9
T5,4,1,50,3
T6,5,1,171,27
T7,6,1,30,2
[250]
T1,0,1,31,2
T2,1,1,44,4
T3,2,1,200,2
T4,3,1,150,6
T5,4,1,60,2
T6,5,0,195,19
T7,6,0,96,5
[251]
T1,0,0,24,1
T2,1,1,150,1
T3,2,1,200,14
T4,3,0,45,2
T5,4,1,72,7
T6,5,0,192,22
T7,6,0,120,1
[252]
T1,0,0,200,3
T2,1,1,160,6
T3,2,1,140,11
T4,3,1,35,3
T5,4,1,165,19
T6,5,1,45,2
T7,6,0,110,5
[253]
T1,0,0,40,2
T2,1,1,200,9
T3,2,0,100,22
T4,3,1,168,7
T5,4,0,43,1
T6,5,0,171,6
T7,6,0,95,2
[254]
T1,0,0,175,4
T2,1,1,200,4
T3,2,0,52,7
T4,3,0,123,21
T5,4,1,28,2
T6,5,1,150,1
T7,6,0,100,1
[255]
T1,0,0,35,2
T2,1,0,200,18
T3,2,1,56,1
T4,3,1,175,16
T5,4,0,56,3
T6,5,1,42,1
T7,6,1,177,13
[256]
T1,0,1,50,2
T2,1,0,26,2
T3,2,0,168,1
T4,3,1,135,2
T5,4,1,200,5
T6,5,0,156,27
T7,6,1,126,10
[257]
T1,0,1,22,2
T2,1,1,170,1
T3,2,0,51,2
T4,3,0,200,20
T5,4,0,85,16
T6,5,1,153,4
T7,6,0,60,1
[258]
T1,0,0,68,1
T2,1,0,57,5
T3,2,0,160,23
T4,3,0,20,2
T5,4,0,152,14
T6,5,1,200,1
T7,6,0,30,2
[259]
T1,0,0,23,1
T2,1,0,60,1
T3,2,0,195,2
T4,3,0,25,4
T5,4,1,182,1
T6,5,1,144,16
T7,6,0,200,3
[260]
T1,0,0,195,1
T2,1,0,120,15
T3,2,0,200,13
T4,3,1,160,8
T5,4,1,46,3
T6,5,1,115,6
T7,6,0,33,2
[261]
T1,0,1,150,20
T2,1,0,80,5
T3,2,1,33,1
T4,3,0,200,2
T5,4,1,50,2
T6,5,1,171,5
T7,6,0,144,8
[262]
T1,0,1,200,2
T2,1,1,105,1
T3,2,0,175,30
T4,3,0,24,1
T5,4,1,154,4
T6,5,0,39,2
T7,6,1,56,1
[263]
T1,0,1,160,12
T2,1,0,186,3
T3,2,1,65,10
T4,3,0,48,1
T5,4,0,104,10
T6,5,0,26,2
T7,6,1,200,3
[264]
T1,0,1,32,2
T2,1,1,200,6
T3,2,1,36,2
T4,3,1,96,32
T5,4,0,144,2
T6,5,1,176,2
T7,6,1,180,2
[265]
T1,0,1,188,1
T2,1,1,100,4
T3,2,1,47,1
T4,3,0,200,10
T5,4,1,48,2
T6,5,0,168,34
T7,6,0,141,5
[266]
T1,0,0,26,2
T2,1,0,57,8
T3,2,0,20,1
T4,3,1,189,3
T5,4,0,108,1
T6,5,0,175,1
T7,6,0,200,25
[267]
T1,0,0,30,3
T2,1,0,22,2
T3,2,0,154,25
T4,3,1,126,1
T5,4,0,150,3
T6,5,0,200,7
T7,6,1,110,5
[268]
T1,0,1,51,5
T2,1,0,150,6
T3,2,1,112,5
T4,3,1,24,1
T5,4,0,200,4
T6,5,0,176,9
T7,6,1,135,5
[269]
T1,0,1,175,9
T2,1,0,87,1
T3,2,0,175,17
T4,3,1,42,2
T5,4,0,200,17
T6,5,1,84,1
T7,6,1,34,2
[270]
T1,0,1,135,18
T2,1,1,42,2
T3,2,0,20,2
T4,3,1,110,8
T5,4,1,176,7
T6,5,0,200,5
T7,6,0,189,7
[271]
T1,0,1,33,1
T2,1,1,70,1
T3,2,1,200,4
T4,3,1,25,1
T5,4,0,150,12
T6,5,1,93,11
T7,6,1,155,4
[272]
T1,0,0,60,2
T2,1,0,114,20
T3,2,1,200,31
T4,3,1,48,1
T5,4,1,45,2
T6,5,1,172,2
T7,6,1,190,3
[273]
T1,0,1,46,2
T2,1,1,45,2
T3,2,0,90,5
T4,3,0,60,2
T5,4,0,188,20
T6,5,1,175,21
T7,6,1,200,9
[274]
T1,0,1,165,1
T2,1,0,20,2
T3,2,0,40,2
T4,3,0,189,30
T5,4,1,80,4
T6,5,0,200,5
T7,6,0,100,11
[275]
T1,0,0,200,2
T2,1,0,45,6
T3,2,0,189,20
T4,3,0,144,9
T5,4,1,44,2
T6,5,1,105,2
T7,6,1,189,11
[276]
T1,0,0,96,2
T2,1,1,58,3
T3,2,1,25,2
T4,3,1,150,8
T5,4,1,200,20
T6,5,0,180,24
T7,6,1,35,2
[277]
T1,0,0,22,2
T2,1,1,200,5
T3,2,0,168,6
T4,3,0,33,2
T5,4,0,165,11
T6,5,1,143,7
T7,6,1,105,6
[278]
T1,0,0,40,2
T2,1,0,151,2
T3,2,1,100,3
T4,3,0,128,1
T5,4,0,200,44
T6,5,0,151,13
T7,6,1,45,1
[279]
T1,0,0,200,2
T2,1,0,55,6
T3,2,1,27,1
T4,3,1,175,13
T5,4,1,126,2
T6,5,0,154,19
T7,6,0,25,2
[280]
T1,0,1,22,2
T2,1,1,180,27
T3,2,0,88,3
T4,3,1,200,6
T5,4,0,49,2
T6,5,1,150,6
T7,6,0,84,8
[281]
T1,0,1,161,3
T2,1,1,200,1
T3,2,1,23,1
T4,3,0,115,18
T5,4,1,189,6
T6,5,1,42,2
T7,6,0,60,7
[282]
T1,0,0,50,2
T2,1,1,200,2
T3,2,0,180,5
T4,3,0,84,2
T5,4,0,126,1
T6,5,1,148,9
T7,6,1,35,9
[283]
T1,0,1,196,2
T2,1,1,138,2
T3,2,1,200,25
T4,3,0,69,8
T5,4,1,184,18
T6,5,0,21,2
T7,6,1,29,2
[284]
T1,0,0,45,5
T2,1,1,175,2
T3,2,1,96,5
T4,3,1,200,7
T5,4,0,49,2
T6,5,0,114,9
T7,6,1,171,14
[285]
T1,0,0,48,1
T2,1,0,200,11
T3,2,1,180,2
T4,3,1,48,5
T5,4,1,108,4
T6,5,1,180,27
T7,6,1,85,2
[286]
T1,0,1,26,2
T2,1,0,105,3
T3,2,0,200,9
T4,3,0,44,5
T5,4,1,195,22
T6,5,0,156,2
T7,6,1,117,3
[287]
T1,0,1,200,35
T2,1,1,184,10
T3,2,0,28,2
T4,3,1,161,10
T5,4,1,133,10
T6,5,0,100,1
T7,6,1,43,2
[288]
T1,0,0,171,2
T2,1,1,114,4
T3,2,0,171,20
T4,3,1,55,6
T5,4,1,45,3
T6,5,1,200,2
T7,6,1,42,1
[289]
T1,0,1,88,1
T2,1,0,154,3
T3,2,0,155,4
T4,3,0,31,2
T5,4,0,22,3
T6,5,0,56,5
T7,6,1,200,6
[290]
T1,0,1,152,9
T2,1,0,200,19
T3,2,1,135,5
T4,3,1,96,5
T5,4,0,47,2
T6,5,0,40,1
T7,6,1,150,14
[291]
T1,0,1,120,2
T2,1,0,156,7
T3,2,1,44,8
T4,3,0,200,7
T5,4,0,100,2
T6,5,1,42,2
T7,6,0,195,13
[292]
T1,0,0,24,2
T2,1,1,140,5
T3,2,1,150,4
T4,3,1,200,3
T5,4,0,135,8
T6,5,0,170,22
T7,6,0,34,2
[293]
T1,0,0,25,2
T2,1,1,119,3
T3,2,1,200,12
T4,3,1,40,1
T5,4,0,150,13
T6,5,0,160,19
T7,6,0,112,5
[294]
T1,0,0,25,2
T2,1,1,22,1
T3,2,0,200,7
T4,3,1,196,20
T5,4,1,70,4
T6,5,1,198,7
T7,6,0,75,5
[295]
T1,0,1,136,6
T2,1,0,160,3
T3,2,0,32,2
T4,3,1,200,37
T5,4,0,190,11
T6,5,0,95,3
T7,6,0,40,1
[296]
T1,0,0,30,2
T2,1,1,190,36
T3,2,0,25,2
T4,3,0,200,21
T5,4,1,72,2
T6,5,0,189,6
T7,6,1,57,2
[297]
T1,0,1,135,7
T2,1,1,176,2
T3,2,0,50,2
T4,3,1,32,2
T5,4,0,88,8
T6,5,1,200,15
T7,6,1,180,19
[298]
T1,0,1,39,1
T2,1,0,35,1
T3,2,0,175,11
T4,3,0,200,2
T5,4,1,138,33
T6,5,0,175,2
T7,6,1,63,1
[299]
T1,0,0,26,2
T2,1,0,150,2
T3,2,0,195,2
T4,3,1,64,3
T5,4,0,200,32
T6,5,0,47,6
T7,6,0,84,1
[300]
T1,0,1,200,15
T2,1,1,180,4
T3,2,0,45,5
T4,3,1,96,2
T5,4,0,76,6
T6,5,1,49,2
T7,6,0,171,4
[301]
T1,0,0,190,4
T2,1,1,33,1
T3,2,0,132,18
T4,3,0,75,8
T5,4,1,200,10
T6,5,1,154,2
T7,6,0,39,1
[302]
T1,0,0,140,6
T2,1,0,28,3
T3,2,1,152,6
T4,3,0,48,1
T5,4,1,176,11
T6,5,1,110,4
T7,6,0,200,8
[303]
T1,0,1,200,35
T2,1,0,84,2
T3,2,1,25,2
T4,3,0,160,15
T5,4,0,115,8
T6,5,1,160,3
T7,6,1,37,2
[304]
T1,0,0,200,11
T2,1,1,35,2
T3,2,1,60,1
T4,3,0,24,1
T5,4,1,156,9
T6,5,1,188,17
T7,6,1,100,8
[305]
T1,0,1,105,6
T2,1,1,36,1
T3,2,0,200,9
T4,3,1,168,6
T5,4,0,114,12
T6,5,0,150,13
T7,6,1,24,2
[306]
T1,0,1,200,13
T2,1,0,148,2
T3,2,0,60,2
T4,3,0,100,5
T5,4,0,150,11
T6,5,1,48,2
T7,6,0,52,5
[307]
T1,0,1,180,4
T2,1,0,120,12
T3,2,1,200,7
T4,3,0,183,9
T5,4,1,28,3
T6,5,0,26,2
T7,6,1,63,3
[308]
T1,0,1,55,1
T2,1,0,28,2
T3,2,1,192,40
T4,3,1,200,16
T5,4,1,105,3
T6,5,0,160,4
T7,6,1,24,2
[309]
T1,0,0,38,2
T2,1,0,200,17
T3,2,1,34,2
T4,3,0,175,1
T5,4,0,100,3
T6,5,0,96,2
T7,6,0,175,16
[310]
T1,0,0,160,1
T2,1,1,40,3
T3,2,1,45,1
T4,3,1,88,7
T5,4,0,200,18
T6,5,1,55,3
T7,6,0,150,3
[311]
T1,0,1,80,2
T2,1,1,150,2
T3,2,0,23,3
T4,3,0,50,1
T5,4,1,154,15
T6,5,1,200,11
T7,6,1,126,2
[312]
T1,0,1,50,2
T2,1,1,200,14
T3,2,0,55,1
T4,3,0,180,18
T5,4,0,51,5
T6,5,0,165,11
T7,6,0,120,2
[313]
T1,0,0,168,10
T2,1,0,64,2
T3,2,0,154,4
T4,3,1,42,4
T5,4,1,75,4
T6,5,0,200,10
T7,6,0,46,3
[314]
T1,0,0,160,3
T2,1,1,192,15
T3,2,1,200,9
T4,3,0,23,2
T5,4,1,100,4
T6,5,0,33,1
T7,6,0,120,13
[315]
T1,0,1,150,20
T2,1,1,62,2
T3,2,0,43,4
T4,3,1,175,9
T5,4,0,98,2
T6,5,1,40,1
T7,6,0,200,6
[316]
T1,0,0,60,2
T2,1,1,154,3
T3,2,1,72,11
T4,3,0,32,1
T5,4,0,200,10
T6,5,1,54,1
T7,6,0,154,10
[317]
T1,0,1,66,5
T2,1,0,150,2
T3,2,0,70,3
T4,3,0,200,23
T5,4,1,154,2
T6,5,0,49,3
T7,6,1,50,3
[318]
T1,0,1,120,5
T2,1,0,170,2
T3,2,1,22,1
T4,3,0,28,2
T5,4,0,136,18
T6,5,0,200,5
T7,6,0,170,4
[319]
T1,0,1,180,7
T2,1,0,32,4
T3,2,1,60,3
T4,3,1,160,2
T5,4,0,200,2
T6,5,0,123,17
T7,6,1,54,1
[320]
T1,0,1,175,33
T2,1,1,200,1
T3,2,1,65,9
T4,3,0,100,3
T5,4,1,150,2
T6,5,1,21,2
T7,6,0,33,2
[321]
T1,0,1,35,2
T2,1,0,182,1
T3,2,1,80,19
T4,3,1,168,2
T5,4,1,98,2
T6,5,1,200,2
T7,6,0,48,4
[322]
T1,0,0,30,2
T2,1,1,72,1
T3,2,0,150,12
T4,3,0,200,14
T5,4,1,163,11
T6,5,0,37,3
T7,6,1,72,2
[323]
T1,0,0,64,3
T2,1,1,32,2
T3,2,1,200,11
T4,3,0,192,36
T5,4,0,192,7
T6,5,0,35,2
T7,6,1,145,3
[324]
T1,0,0,100,2
T2,1,0,152,16
T3,2,0,35,2
T4,3,1,200,6
T5,4,0,24,2
T6,5,0,196,18
T7,6,1,56,1
[325]
T1,0,1,26,4
T2,1,0,78,2
T3,2,0,200,5
T4,3,0,180,7
T5,4,1,93,1
T6,5,0,46,3
T7,6,0,195,2
[326]
T1,0,0,21,2
T2,1,0,160,4
T3,2,1,160,7
T4,3,1,133,7
T5,4,1,35,2
T6,5,0,95,12
T7,6,0,200,1
[327]
T1,0,0,44,1
T2,1,0,188,26
T3,2,0,192,1
T4,3,1,200,23
T5,4,1,50,2
T6,5,1,96,8
T7,6,0,75,1
[328]
T1,0,1,184,8
T2,1,1,198,3
T3,2,1,66,2
T4,3,0,200,26
T5,4,1,115,7
T6,5,1,50,1
T7,6,1,48,5
[329]
T1,0,1,30,2
T2,1,0,200,26
T3,2,0,96,1
T4,3,1,148,2
T5,4,0,140,22
T6,5,1,40,2
T7,6,1,175,6
[330]
T1,0,0,196,3
T2,1,1,200,4
T3,2,0,21,2
T4,3,0,84,6
T5,4,0,136,11
T6,5,1,170,14
T7,6,0,42,3
[331]
T1,0,1,72,4
T2,1,1,200,10
T3,2,0,36,2
T4,3,1,180,2
T5,4,1,151,28
T6,5,1,20,2
T7,6,1,135,2
[332]
T1,0,0,21,2
T2,1,1,168,3
T3,2,1,147,22
T4,3,0,200,10
T5,4,0,124,6
T6,5,0,168,14
T7,6,0,23,2
[333]
T1,0,1,200,15
T2,1,1,133,2
T3,2,0,168,18
T4,3,0,25,1
T5,4,1,110,1
T6,5,1,22,2
T7,6,0,154,1
[334]
T1,0,1,152,2
T2,1,0,200,8
T3,2,1,114,5
T4,3,1,39,1
T5,4,0,100,7
T6,5,0,156,25
T7,6,1,41,2
[335]
T1,0,1,200,1
T2,1,1,115,5
T3,2,0,49,2
T4,3,0,92,9
T5,4,1,48,3
T6,5,0,155,2
T7,6,0,186,27
[336]
T1,0,1,27,2
T2,1,1,160,5
T3,2,1,73,3
T4,3,1,32,2
T5,4,0,150,8
T6,5,0,146,17
T7,6,1,200,9
[337]
T1,0,1,200,5
T2,1,1,76,7
T3,2,1,51,5
T4,3,1,20,2
T5,4,1,168,7
T6,5,1,192,3
T7,6,1,64,5
[338]
T1,0,1,154,27
T2,1,1,63,1
T3,2,0,200,13
T4,3,0,168,2
T5,4,0,144,8
T6,5,1,42,2
T7,6,0,20,2
[339]
T1,0,0,125,4
T2,1,0,49,4
T3,2,0,63,2
T4,3,1,189,8
T5,4,0,160,4
T6,5,0,28,1
T7,6,1,200,24
[340]
T1,0,0,200,5
T2,1,0,23,2
T3,2,1,170,14
T4,3,1,75,8
T5,4,1,195,3
T6,5,0,65,2
T7,6,0,52,1
[341]
T1,0,0,100,1
T2,1,0,31,1
T3,2,0,25,2
T4,3,1,166,24
T5,4,0,150,16
T6,5,0,200,4
T7,6,1,110,3
[342]
T1,0,0,175,13
T2,1,0,200,20
T3,2,1,60,3
T4,3,0,52,1
T5,4,1,175,3
T6,5,1,72,1
T7,6,0,53,5
[343]
T1,0,0,200,33
T2,1,0,128,12
T3,2,0,64,1
T4,3,0,31,2
T5,4,0,168,2
T6,5,0,21,2
T7,6,0,182,1
[344]
T1,0,0,176,1
T2,1,0,200,14
T3,2,0,132,10
T4,3,1,154,11
T5,4,0,35,3
T6,5,1,26,2
T7,6,0,108,6
[345]
T1,0,0,156,3
T2,1,0,150,4
T3,2,0,49,3
T4,3,0,32,2
T5,4,0,104,9
T6,5,0,200,4
T7,6,1,105,10
[346]
T1,0,0,34,4
T2,1,0,176,8
T3,2,0,80,3
T4,3,1,49,1
T5,4,1,176,14
T6,5,1,200,1
T7,6,0,110,5
[347]
T1,0,0,200,7
T2,1,0,156,2
T3,2,1,27,2
T4,3,0,108,15
T5,4,0,180,11
T6,5,1,96,1
T7,6,0,25,3
[348]
T1,0,1,176,10
T2,1,1,21,1
T3,2,0,176,9
T4,3,0,200,12
T5,4,1,48,1
T6,5,1,110,10
T7,6,1,132,5
[349]
T1,0,0,100,2
T2,1,1,23,2
T3,2,1,24,2
T4,3,1,80,3
T5,4,0,170,37
T6,5,0,162,4
T7,6,0,200,9
[350]
T1,0,1,134,4
T2,1,1,28,4
T3,2,0,27,2
T4,3,0,105,5
T5,4,0,175,3
T6,5,1,175,23
T7,6,1,200,1
[351]
T1,0,1,53,5
T2,1,1,45,3
T3,2,1,200,18
T4,3,0,63,4
T5,4,0,165,4
T6,5,0,150,4
T7,6,0,110,2
[352]
T1,0,1,200,2
T2,1,1,40,2
T3,2,0,174,6
T4,3,1,110,25
T5,4,0,24,2
T6,5,0,99,2
T7,6,1,198,1
[353]
T1,0,0,49,2
T2,1,1,162,2
T3,2,1,200,24
T4,3,0,30,2
T5,4,0,90,9
T6,5,1,54,3
T7,6,1,176,6
[354]
T1,0,0,64,1
T2,1,0,184,14
T3,2,1,96,2
T4,3,0,180,32
T5,4,1,50,2
T6,5,0,30,2
T7,6,0,200,19
[355]
T1,0,0,28,1
T2,1,1,200,16
T3,2,0,140,2
T4,3,0,160,12
T5,4,0,112,2
T6,5,1,186,8
T7,6,0,31,4
[356]
T1,0,1,165,3
T2,1,0,24,3
T3,2,0,40,2
T4,3,0,174,15
T5,4,0,145,4
T6,5,0,200,2
T7,6,0,120,10
[357]
T1,0,0,63,1
T2,1,0,176,13
T3,2,0,24,1
T4,3,0,189,13
T5,4,0,100,2
T6,5,1,200,6
T7,6,0,46,3
[358]
T1,0,1,26,1
T2,1,1,25,2
T3,2,0,150,2
T4,3,1,168,18
T5,4,1,94,7
T6,5,1,112,3
T7,6,1,200,1
[359]
T1,0,1,22,2
T2,1,0,168,2
T3,2,0,72,1
T4,3,1,20,2
T5,4,0,200,5
T6,5,1,60,7
T7,6,1,158,27
[360]
T1,0,1,168,5
T2,1,0,195,2
T3,2,1,147,3
T4,3,0,33,1
T5,4,1,26,2
T6,5,0,200,29
T7,6,0,70,10
[361]
T1,0,1,63,5
T2,1,1,126,2
T3,2,1,27,2
T4,3,1,200,24
T5,4,0,182,14
T6,5,0,40,3
T7,6,0,168,2
[362]
T1,0,1,117,15
T2,1,1,200,4
T3,2,1,90,1
T4,3,0,31,2
T5,4,0,180,34
T6,5,1,148,1
T7,6,0,40,2
[363]
T1,0,0,170,10
T2,1,1,85,1
T3,2,1,28,3
T4,3,1,35,1
T5,4,0,102,4
T6,5,1,196,10
T7,6,1,200,10
[364]
T1,0,1,25,2
T2,1,1,24,2
T3,2,0,108,2
T4,3,1,200,35
T5,4,1,108,4
T6,5,1,180,7
T7,6,0,177,4
[365]
T1,0,0,36,3
T2,1,0,200,19
T3,2,1,156,15
T4,3,1,50,2
T5,4,1,147,1
T6,5,0,112,6
T7,6,1,182,2
[366]
T1,0,1,28,1
T2,1,0,153,18
T3,2,0,108,4
T4,3,1,153,2
T5,4,0,200,13
T6,5,1,56,2
T7,6,1,42,2
[367]
T1,0,0,119,4
T2,1,1,150,11
T3,2,0,104,14
T4,3,0,52,3
T5,4,1,52,1
T6,5,1,200,7
T7,6,0,156,2
[368]
T1,0,1,30,1
T2,1,0,200,6
T3,2,1,170,14
T4,3,1,120,8
T5,4,1,168,2
T6,5,1,68,4
T7,6,0,33,3
[369]
T1,0,1,187,6
T2,1,1,132,9
T3,2,1,200,4
T4,3,0,38,1
T5,4,1,187,14
T6,5,0,132,17
T7,6,0,25,2
[370]
T1,0,0,200,3
T2,1,1,44,3
T3,2,0,156,7
T4,3,0,60,2
T5,4,1,66,4
T6,5,0,27,2
T7,6,0,175,20
[371]
T1,0,0,192,17
T2,1,1,30,2
T3,2,1,160,9
T4,3,0,57,2
T5,4,0,41,5
T6,5,1,200,6
T7,6,0,133,6
[372]
T1,0,0,150,10
T2,1,1,123,4
T3,2,1,30,2
T4,3,0,190,10
T5,4,1,120,17
T6,5,1,200,12
T7,6,0,21,2
[373]
T1,0,1,46,2
T2,1,0,41,1
T3,2,1,198,17
T4,3,0,66,3
T5,4,0,180,7
T6,5,1,200,29
T7,6,0,75,1
[374]
T1,0,1,44,2
T2,1,0,88,2
T3,2,0,168,2
T4,3,0,130,7
T5,4,1,51,2
T6,5,1,200,14
T7,6,1,182,35
[375]
T1,0,1,200,5
T2,1,1,21,1
T3,2,0,175,11
T4,3,0,152,13
T5,4,0,95,1
T6,5,1,64,2
T7,6,0,20,2
[376]
T1,0,1,200,2
T2,1,1,48,2
T3,2,0,160,2
T4,3,1,80,9
T5,4,0,91,1
T6,5,1,26,3
T7,6,1,150,4
[377]
T1,0,0,200,13
T2,1,1,186,14
T3,2,0,90,5
T4,3,1,37,2
T5,4,0,110,4
T6,5,0,180,6
T7,6,0,20,1
[378]
T1,0,1,182,1
T2,1,1,200,5
T3,2,0,117,22
T4,3,0,27,1
T5,4,1,54,4
T6,5,1,26,2
T7,6,0,189,1
[379]
T1,0,0,45,1
T2,1,0,184,3
T3,2,0,54,2
T4,3,1,70,1
T5,4,1,180,24
T6,5,0,200,2
T7,6,1,52,7
[380]
T1,0,1,70,2
T2,1,0,200,2
T3,2,0,50,4
T4,3,0,156,10
T5,4,0,26,1
T6,5,1,84,12
T7,6,0,170,9
[381]
T1,0,0,176,24
T2,1,0,22,2
T3,2,0,112,3
T4,3,1,140,11
T5,4,0,160,10
T6,5,1,200,10
T7,6,1,42,2
[382]
T1,0,0,200,3
T2,1,0,51,8
T3,2,0,42,2
T4,3,1,189,2
T5,4,1,175,8
T6,5,1,108,13
T7,6,1,114,3
[383]
T1,0,1,155,5
T2,1,0,200,7
T3,2,0,51,8
T4,3,0,31,1
T5,4,1,153,5
T6,5,0,120,2
T7,6,0,62,2
[384]
T1,0,0,75,5
T2,1,1,114,2
T3,2,0,176,21
T4,3,1,200,4
T5,4,1,160,23
T6,5,1,30,2
T7,6,1,48,2
[385]
T1,0,0,162,33
T2,1,0,177,12
T3,2,1,200,2
T4,3,1,54,2
T5,4,1,100,1
T6,5,1,40,2
T7,6,0,29,2
[386]
T1,0,0,34,2
T2,1,1,170,15
T3,2,0,200,2
T4,3,0,105,3
T5,4,1,45,2
T6,5,0,154,11
T7,6,1,70,4
[387]
T1,0,1,117,12
T2,1,1,144,2
T3,2,1,28,2
T4,3,1,175,15
T5,4,1,200,6
T6,5,1,51,2
T7,6,0,182,2
[388]
T1,0,1,20,2
T2,1,1,200,24
T3,2,1,168,4
T4,3,0,98,1
T5,4,0,54,8
T6,5,0,189,5
T7,6,0,25,2
[389]
T1,0,0,152,4
T2,1,0,45,7
T3,2,0,57,1
T4,3,0,200,9
T5,4,0,26,2
T6,5,0,190,2
T7,6,0,90,10
[390]
T1,0,0,182,18
T2,1,0,50,2
T3,2,1,26,2
T4,3,1,200,8
T5,4,0,168,1
T6,5,0,70,1
T7,6,1,90,7
[391]
T1,0,1,60,2
T2,1,0,20,2
T3,2,1,84,2
T4,3,0,168,23
T5,4,1,48,2
T6,5,1,190,27
T7,6,0,200,3
[392]
T1,0,0,51,6
T2,1,0,153,12
T3,2,1,125,3
T4,3,0,35,1
T5,4,0,60,1
T6,5,1,200,17
T7,6,0,153,1
[393]
T1,0,0,78,2
T2,1,1,48,6
T3,2,1,76,4
T4,3,1,195,8
T5,4,0,38,1
T6,5,0,152,6
T7,6,1,200,17
[394]
T1,0,0,198,4
T2,1,0,60,8
T3,2,1,33,2
T4,3,0,43,2
T5,4,1,165,2
T6,5,0,80,2
T7,6,1,200,23
[395]
T1,0,1,160,10
T2,1,1,25,2
T3,2,0,52,2
T4,3,0,200,1
T5,4,1,54,2
T6,5,1,180,15
T7,6,1,130,7
[396]
T1,0,0,200,9
T2,1,1,190,27
T3,2,0,120,2
T4,3,0,26,2
T5,4,1,120,5
T6,5,1,38,5
T7,6,1,185,2
[397]
T1,0,1,180,19
T2,1,1,200,2
T3,2,0,90,2
T4,3,0,20,2
T5,4,0,31,3
T6,5,1,162,13
T7,6,0,99,6
[398]
T1,0,1,165,24
T2,1,0,125,2
T3,2,0,34,2
T4,3,0,110,9
T5,4,1,168,5
T6,5,1,30,2
T7,6,0,200,1
[399]
T1,0,0,20,2
T2,1,0,171,2
T3,2,0,200,5
T4,3,0,104,18
T5,4,1,30,2
T6,5,1,150,18
T7,6,0,120,6
[400]
T1,0,1,38,1
T2,1,0,98,2
T3,2,0,168,9
T4,3,0,200,6
T5,4,0,41,2
T6,5,1,190,32
T7,6,0,98,3
[401]
T1,0,0,150,4
T2,1,1,135,2
T3,2,0,54,1
T4,3,1,200,2
T5,4,0,99,1
T6,5,0,176,30
T7,6,0,50,6
[402]
T1,0,0,44,3
T2,1,0,182,2
T3,2,0,72,1
T4,3,0,200,4
T5,4,0,80,16
T6,5,1,54,2
T7,6,0,175,2
[403]
T1,0,0,40,2
T2,1,0,123,9
T3,2,0,160,2
T4,3,0,45,1
T5,4,1,75,9
T6,5,0,180,3
T7,6,1,200,18
[404]
T1,0,1,21,1
T2,1,0,162,1
T3,2,0,43,8
T4,3,0,150,8
T5,4,0,200,4
T6,5,0,64,2
T7,6,0,80,3
[405]
T1,0,1,42,2
T2,1,0,200,11
T3,2,1,150,4
T4,3,0,150,8
T5,4,1,96,6
T6,5,0,45,5
T7,6,1,137,6
[406]
T1,0,1,105,1
T2,1,0,72,1
T3,2,1,35,2
T4,3,1,180,4
T5,4,1,39,8
T6,5,0,200,11
T7,6,0,150,2
[407]
T1,0,0,200,17
T2,1,1,45,2
T3,2,0,144,9
T4,3,1,52,2
T5,4,1,165,7
T6,5,1,153,8
T7,6,1,110,7
[408]
T1,0,1,187,9
T2,1,1,200,12
T3,2,1,20,3
T4,3,0,102,2
T5,4,1,150,6
T6,5,1,77,2
T7,6,1,41,1
[409]
T1,0,0,66,9
T2,1,1,200,9
T3,2,1,165,11
T4,3,0,22,1
T5,4,0,88,2
T6,5,1,40,2
T7,6,0,153,9
[410]
T1,0,0,176,3
T2,1,1,136,10
T3,2,0,110,7
T4,3,1,200,1
T5,4,1,44,3
T6,5,0,175,2
T7,6,0,22,3
[411]
T1,0,1,40,1
T2,1,0,200,20
T3,2,0,198,19
T4,3,1,40,2
T5,4,0,80,3
T6,5,0,165,11
T7,6,1,75,2
[412]
T1,0,0,200,13
T2,1,1,150,1
T3,2,0,55,5
T4,3,1,44,1
T5,4,1,150,7
T6,5,1,107,1
T7,6,1,27,3
[413]
T1,0,1,75,6
T2,1,0,200,15
T3,2,1,160,5
T4,3,0,184,6
T5,4,1,28,3
T6,5,0,50,1
T7,6,1,136,1
[414]
T1,0,0,132,4
T2,1,0,56,4
T3,2,0,33,1
T4,3,0,30,2
T5,4,1,200,18
T6,5,1,154,16
T7,6,0,154,4
[415]
T1,0,1,70,10
T2,1,0,20,2
T3,2,1,136,15
T4,3,0,200,10
T5,4,0,40,2
T6,5,1,195,2
T7,6,1,156,5
[416]
T1,0,0,200,2
T2,1,0,43,2
T3,2,1,62,2
T4,3,0,150,7
T5,4,1,45,8
T6,5,1,110,3
T7,6,1,198,11
[417]
T1,0,0,196,19
T2,1,1,168,1
T3,2,1,28,5
T4,3,0,138,2
T5,4,0,200,5
T6,5,0,105,2
T7,6,0,27,2
[418]
T1,0,1,84,2
T2,1,0,21,2
T3,2,1,34,2
T4,3,1,112,13
T5,4,1,192,13
T6,5,0,200,7
T7,6,1,195,20
[419]
T1,0,0,192,15
T2,1,1,112,4
T3,2,1,51,2
T4,3,1,28,2
T5,4,1,200,12
T6,5,0,168,11
T7,6,0,119,2
[420]
T1,0,0,150,2
T2,1,0,198,5
T3,2,1,29,4
T4,3,0,78,5
T5,4,0,99,2
T6,5,1,200,3
T7,6,0,44,4
[421]
T1,0,0,119,2
T2,1,1,200,6
T3,2,1,170,8
T4,3,0,54,10
T5,4,1,80,2
T6,5,1,49,2
T7,6,1,160,9
[422]
T1,0,0,72,5
T2,1,1,150,6
T3,2,0,52,2
T4,3,0,68,6
T5,4,0,200,10
T6,5,1,50,2
T7,6,1,152,10
[423]
T1,0,1,80,3
T2,1,1,182,8
T3,2,0,20,3
T4,3,1,200,2
T5,4,0,182,2
T6,5,1,52,1
T7,6,1,63,6
[424]
T1,0,1,81,1
T2,1,1,72,3
T3,2,0,200,3
T4,3,1,164,5
T5,4,0,164,12
T6,5,1,20,3
T7,6,0,48,1
[425]
T1,0,0,190,2
T2,1,1,125,8
T3,2,1,160,16
T4,3,1,80,7
T5,4,0,42,2
T6,5,0,26,2
T7,6,0,200,11
[426]
T1,0,0,24,1
T2,1,1,200,3
T3,2,0,80,4
T4,3,1,160,22
T5,4,1,44,2
T6,5,0,144,9
T7,6,1,168,2
[427]
T1,0,0,45,4
T2,1,0,28,1
T3,2,0,80,7
T4,3,0,175,6
T5,4,0,91,2
T6,5,1,147,7
T7,6,0,200,12
[428]
T1,0,0,168,4
T2,1,1,105,5
T3,2,1,133,1
T4,3,0,200,6
T5,4,1,50,3
T6,5,1,152,1
T7,6,0,34,6
[429]
T1,0,1,91,6
T2,1,1,31,2
T3,2,1,200,6
T4,3,0,84,2
T5,4,0,52,2
T6,5,1,165,23
T7,6,0,154,13
[430]
T1,0,1,200,3
T2,1,1,39,1
T3,2,1,175,22
T4,3,0,195,2
T5,4,1,112,19
T6,5,0,38,2
T7,6,0,112,1
[431]
T1,0,0,200,17
T2,1,1,90,2
T3,2,1,24,1
T4,3,1,150,6
T5,4,0,138,3
T6,5,0,168,27
T7,6,0,50,2
[432]
T1,0,1,22,4
T2,1,1,76,1
T3,2,0,200,2
T4,3,0,51,4
T5,4,0,165,1
T6,5,1,171,2
T7,6,1,80,4
[433]
T1,0,0,188,2
T2,1,0,144,12
T3,2,0,200,30
T4,3,0,150,3
T5,4,0,36,2
T6,5,1,54,4
T7,6,0,80,1
[434]
T1,0,1,93,1
T2,1,1,44,2
T3,2,1,176,12
T4,3,1,200,20
T5,4,1,165,2
T6,5,0,43,5
T7,6,0,100,2
[435]
T1,0,1,77,1
T2,1,1,160,2
T3,2,1,50,2
T4,3,1,112,15
T5,4,0,200,3
T6,5,0,37,6
T7,6,0,165,3
[436]
T1,0,1,92,2
T2,1,0,200,8
T3,2,1,48,3
T4,3,0,81,3
T5,4,0,180,5
T6,5,0,184,23
T7,6,1,23,1
[437]
T1,0,1,78,1
T2,1,0,182,7
T3,2,0,182,2
T4,3,0,24,3
T5,4,0,117,8
T6,5,0,46,3
T7,6,1,200,5
[438]
T1,0,1,154,8
T2,1,0,26,2
T3,2,0,165,2
T4,3,1,95,1
T5,4,0,200,2
T6,5,0,55,10
T7,6,0,44,4
[439]
T1,0,1,200,14
T2,1,1,96,2
T3,2,1,156,6
T4,3,0,60,1
T5,4,0,27,2
T6,5,1,35,2
T7,6,0,180,14
[440]
T1,0,0,28,2
T2,1,0,200,3
T3,2,0,60,2
T4,3,1,88,16
T5,4,1,154,6
T6,5,1,47,2
T7,6,1,165,21
[441]
T1,0,1,25,1
T2,1,0,200,10
T3,2,0,105,7
T4,3,0,26,3
T5,4,0,100,5
T6,5,1,160,1
T7,6,0,175,6
[442]
T1,0,0,42,3
T2,1,0,168,9
T3,2,1,84,2
T4,3,1,178,2
T5,4,0,200,2
T6,5,1,89,5
T7,6,0,28,3
[443]
T1,0,0,184,31
T2,1,1,45,2
T3,2,0,23,1
T4,3,0,120,10
T5,4,1,168,5
T6,5,1,200,4
T7,6,1,90,2
[444]
T1,0,1,200,26
T2,1,1,104,13
T3,2,0,104,1
T4,3,1,189,4
T5,4,0,27,2
T6,5,0,180,3
T7,6,0,21,1
[445]
T1,0,0,135,2
T2,1,0,45,1
T3,2,0,200,35
T4,3,1,54,1
T5,4,1,176,12
T6,5,1,49,4
T7,6,0,165,2
[446]
T1,0,1,200,22
T2,1,0,168,14
T3,2,0,90,2
T4,3,0,165,2
T5,4,1,108,3
T6,5,0,23,2
T7,6,0,33,2
[447]
T1,0,0,172,2
T2,1,1,200,2
T3,2,1,52,5
T4,3,0,91,3
T5,4,0,172,20
T6,5,1,35,3
T7,6,0,100,3
[448]
T1,0,0,110,12
T2,1,1,26,1
T3,2,0,180,14
T4,3,0,185,17
T5,4,0,88,1
T6,5,0,33,2
T7,6,0,200,3
[449]
T1,0,0,49,2
T2,1,1,133,10
T3,2,0,44,2
T4,3,0,175,13
T5,4,1,150,1
T6,5,1,84,11
T7,6,1,200,7
[450]
T1,0,1,200,9
T2,1,0,96,2
T3,2,0,195,10
T4,3,0,96,4
T5,4,0,46,2
T6,5,0,180,17
T7,6,0,36,4
[451]
T1,0,0,36,6
T2,1,0,150,1
T3,2,0,61,2
T4,3,0,60,2
T5,4,0,195,6
T6,5,1,25,2
T7,6,0,200,15
[452]
T1,0,0,25,2
T2,1,1,200,16
T3,2,0,196,2
T4,3,0,162,3
T5,4,0,84,2
T6,5,0,75,8
T7,6,0,24,2
[453]
T1,0,1,160,1
T2,1,0,75,3
T3,2,1,81,19
T4,3,1,21,2
T5,4,1,22,2
T6,5,1,200,1
T7,6,0,168,7
[454]
T1,0,1,65,2
T2,1,1,175,21
T3,2,0,175,5
T4,3,0,112,8
T5,4,0,31,1
T6,5,0,200,9
T7,6,1,40,2
[455]
T1,0,0,175,3
T2,1,0,23,2
T3,2,1,124,12
T4,3,1,200,8
T5,4,1,62,1
T6,5,1,20,1
T7,6,1,175,14
[456]
T1,0,1,160,3
T2,1,1,64,2
T3,2,1,200,10
T4,3,1,25,2
T5,4,1,33,5
T6,5,1,176,12
T7,6,1,72,3
[457]
T1,0,1,150,2
T2,1,1,20,1
T3,2,0,87,4
T4,3,1,145,3
T5,4,0,200,20
T6,5,1,23,2
T7,6,0,186,22
[458]
T1,0,0,40,1
T2,1,1,106,3
T3,2,1,159,2
T4,3,1,156,2
T5,4,0,30,2
T6,5,0,200,13
T7,6,1,104,17
[459]
T1,0,1,110,4
T2,1,1,37,3
T3,2,1,200,12
T4,3,1,170,2
T5,4,1,34,2
T6,5,0,119,2
T7,6,1,154,26
[460]
T1,0,0,195,9
T2,1,1,46,6
T3,2,1,104,1
T4,3,1,200,7
T5,4,1,189,22
T6,5,0,108,2
T7,6,1,30,2
[461]
T1,0,1,114,6
T2,1,1,168,7
T3,2,1,120,5
T4,3,0,48,4
T5,4,0,175,11
T6,5,1,200,18
T7,6,0,49,2
[462]
T1,0,1,150,4
T2,1,1,108,5
T3,2,1,200,4
T4,3,0,189,23
T5,4,1,49,1
T6,5,1,27,2
T7,6,0,69,3
[463]
T1,0,1,200,7
T2,1,1,24,2
T3,2,1,126,22
T4,3,1,63,2
T5,4,0,161,7
T6,5,1,32,2
T7,6,0,189,12
[464]
T1,0,1,160,29
T2,1,0,28,2
T3,2,0,80,8
T4,3,0,109,2
T5,4,0,35,2
T6,5,1,200,11
T7,6,0,175,3
[465]
T1,0,0,47,2
T2,1,1,95,2
T3,2,0,30,2
T4,3,1,90,3
T5,4,0,200,11
T6,5,0,150,2
T7,6,1,198,40
[466]
T1,0,1,168,5
T2,1,0,129,17
T3,2,1,42,2
T4,3,1,129,9
T5,4,0,200,1
T6,5,0,160,14
T7,6,0,47,2
[467]
T1,0,0,200,12
T2,1,1,73,2
T3,2,1,165,14
T4,3,0,33,1
T5,4,1,30,1
T6,5,1,110,13
T7,6,0,150,5
[468]
T1,0,1,105,7
T2,1,1,200,2
T3,2,0,21,2
T4,3,0,75,1
T5,4,0,175,6
T6,5,1,37,1
T7,6,0,175,23
[469]
T1,0,1,200,22
T2,1,1,51,2
T3,2,1,125,13
T4,3,0,160,8
T5,4,0,128,7
T6,5,1,30,2
T7,6,1,192,9
[470]
T1,0,0,200,6
T2,1,1,68,1
T3,2,1,80,1
T4,3,0,24,2
T5,4,0,31,7
T6,5,0,192,12
T7,6,0,165,2
[471]
T1,0,1,156,14
T2,1,1,182,11
T3,2,0,200,8
T4,3,1,84,6
T5,4,0,35,2
T6,5,1,21,2
T7,6,0,140,6
[472]
T1,0,1,70,6
T2,1,1,140,6
T3,2,0,28,2
T4,3,1,180,14
T5,4,0,165,5
T6,5,0,200,9
T7,6,0,45,4
[473]
T1,0,1,76,2
T2,1,1,28,1
T3,2,0,176,15
T4,3,1,165,2
T5,4,1,95,2
T6,5,1,25,3
T7,6,1,200,10
[474]
T1,0,0,108,15
T2,1,0,156,15
T3,2,0,65,3
T4,3,0,156,7
T5,4,0,25,2
T6,5,0,42,2
T7,6,0,200,3
[475]
T1,0,0,51,1
T2,1,0,80,3
T3,2,1,24,2
T4,3,0,194,11
T5,4,0,70,2
T6,5,1,200,35
T7,6,1,168,8
[476]
T1,0,1,25,4
T2,1,0,20,2
T3,2,0,200,2
T4,3,0,125,2
T5,4,0,135,4
T6,5,0,150,16
T7,6,1,148,9
[477]
T1,0,1,153,3
T2,1,0,200,31
T3,2,1,63,7
T4,3,1,44,2
T5,4,0,85,2
T6,5,1,160,4
T7,6,0,21,2
[478]
T1,0,1,24,5
T2,1,1,200,2
T3,2,1,104,4
T4,3,0,180,10
T5,4,1,38,2
T6,5,1,190,1
T7,6,0,72,1
[479]
T1,0,0,156,12
T2,1,0,30,1
T3,2,1,190,1
T4,3,0,42,2
T5,4,0,200,24
T6,5,0,65,1
T7,6,0,120,7
[480]
T1,0,0,171,1
T2,1,1,190,33
T3,2,1,76,2
T4,3,0,54,2
T5,4,0,200,25
T6,5,0,20,2
T7,6,0,36,2
[481]
T1,0,0,75,5
T2,1,0,54,2
T3,2,1,90,2
T4,3,1,187,5
T5,4,1,170,26
T6,5,1,24,1
T7,6,1,200,9
[482]
T1,0,0,150,12
T2,1,1,56,5
T3,2,0,22,1
T4,3,0,170,5
T5,4,1,20,2
T6,5,0,64,2
T7,6,1,200,1
[483]
T1,0,1,200,13
T2,1,1,78,2
T3,2,0,20,2
T4,3,0,198,8
T5,4,0,108,8
T6,5,0,44,5
T7,6,1,156,5
[484]
T1,0,1,192,9
T2,1,0,170,13
T3,2,0,120,4
T4,3,1,200,19
T5,4,1,144,11
T6,5,0,40,1
T7,6,1,51,1
[485]
T1,0,1,175,8
T2,1,0,75,4
T3,2,0,200,11
T4,3,0,168,5
T5,4,0,37,5
T6,5,0,25,2
T7,6,1,56,1
[486]
T1,0,1,196,5
T2,1,0,37,1
T3,2,0,200,2
T4,3,0,147,21
T5,4,1,125,4
T6,5,1,35,3
T7,6,0,168,9
[487]
T1,0,1,34,2
T2,1,1,150,13
T3,2,1,120,8
T4,3,1,85,6
T5,4,1,200,2
T6,5,0,168,6
T7,6,1,49,1
[488]
T1,0,0,155,6
T2,1,1,70,1
T3,2,0,23,3
T4,3,0,155,6
T5,4,0,42,3
T6,5,1,200,10
T7,6,0,144,2
[489]
T1,0,1,28,2
T2,1,1,108,2
T3,2,1,25,1
T4,3,1,180,14
T5,4,0,200,8
T6,5,1,126,8
T7,6,0,189,19
[490]
T1,0,1,90,9
T2,1,1,44,2
T3,2,0,69,4
T4,3,1,180,19
T5,4,1,180,9
T6,5,0,200,8
T7,6,1,43,2
[491]
T1,0,1,25,2
T2,1,0,56,5
T3,2,1,57,3
T4,3,0,192,2
T5,4,1,30,2
T6,5,0,200,5
T7,6,1,190,25
[492]
T1,0,0,200,2
T2,1,1,180,2
T3,2,1,160,2
T4,3,1,24,2
T5,4,0,100,2
T6,5,0,20,1
T7,6,1,109,29
[493]
T1,0,1,147,4
T2,1,0,28,2
T3,2,0,150,9
T4,3,1,200,16
T5,4,0,28,2
T6,5,0,126,6
T7,6,0,180,11
[494]
T1,0,1,40,1
T2,1,0,200,34
T3,2,0,96,2
T4,3,1,140,22
T5,4,0,160,3
T6,5,0,42,2
T7,6,0,154,1
[495]
T1,0,1,117,9
T2,1,1,60,1
T3,2,1,200,12
T4,3,1,43,3
T5,4,1,180,2
T6,5,0,150,10
T7,6,0,50,3
[496]
T1,0,1,40,2
T2,1,0,200,5
T3,2,1,160,14
T4,3,0,24,4
T5,4,1,120,2
T6,5,0,155,8
T7,6,1,112,1
[497]
T1,0,1,80,1
T2,1,1,50,8
T3,2,0,160,5
T4,3,1,80,3
T5,4,1,200,6
T6,5,1,29,2
T7,6,0,190,18
[498]
T1,0,1,76,1
T2,1,0,190,9
T3,2,1,135,17
T4,3,1,21,2
T5,4,1,168,14
T6,5,0,21,2
T7,6,0,200,17
[499]
T1,0,1,184,15
T2,1,0,92,5
T3,2,1,84,3
T4,3,1,40,2
T5,4,1,189,18
T6,5,1,33,1
T7,6,1,200,8
[500]
T1,0,0,27,4
T2,1,1,195,12
T3,2,1,195,2
T4,3,0,90,3
T5,4,1,42,2
T6,5,0,200,5
T7,6,0,70,2
