num_task_per_taskset=7
num_taskset=500
//ID,Priority,Offset,Period,Execution Time
[1]
T1,0,1,90,6
T2,1,0,200,32
T3,2,0,152,15
T4,3,1,190,10
T5,4,1,28,2
T6,5,0,50,2
T7,6,0,63,2
[2]
T1,0,0,54,4
T2,1,1,200,16
T3,2,1,30,2
T4,3,0,172,18
T5,4,0,43,3
T6,5,0,180,10
T7,6,1,135,9
[3]
T1,0,1,100,2
T2,1,0,165,10
T3,2,0,65,8
T4,3,1,45,1
T5,4,0,200,14
T6,5,1,150,23
T7,6,0,39,2
[4]
T1,0,0,48,10
T2,1,0,75,12
T3,2,0,200,2
T4,3,0,61,3
T5,4,1,195,5
T6,5,0,150,2
T7,6,1,53,2
[5]
T1,0,1,176,28
T2,1,0,200,3
T3,2,0,160,4
T4,3,0,44,2
T5,4,0,80,2
T6,5,0,120,2
T7,6,1,23,4
[6]
T1,0,1,64,2
T2,1,0,175,35
T3,2,0,58,10
T4,3,1,175,8
T5,4,1,24,2
T6,5,1,200,3
T7,6,1,28,2
[7]
T1,0,0,32,5
T2,1,0,35,2
T3,2,1,80,5
T4,3,1,200,22
T5,4,0,175,10
T6,5,1,126,1
T7,6,0,175,8
[8]
T1,0,0,160,17
T2,1,0,200,9
T3,2,1,25,2
T4,3,1,85,2
T5,4,1,110,5
T6,5,0,192,20
T7,6,1,32,1
[9]
T1,0,1,196,32
T2,1,1,42,1
T3,2,1,200,4
T4,3,0,91,2
T5,4,0,31,1
T6,5,1,150,23
T7,6,0,112,5
[10]
T1,0,1,51,6
T2,1,0,36,5
T3,2,0,160,2
T4,3,1,160,9
T5,4,1,200,10
T6,5,0,95,4
T7,6,0,102,6
[11]
T1,0,1,200,19
T2,1,1,44,2
T3,2,1,100,1
T4,3,1,160,2
T5,4,0,152,38
T6,5,1,59,3
T7,6,1,32,1
[12]
T1,0,1,22,2
T2,1,1,64,3
T3,2,1,174,4
T4,3,1,160,13
T5,4,0,200,16
T6,5,1,48,2
T7,6,1,56,4
[13]
T1,0,1,72,12
T2,1,0,24,1
T3,2,0,46,2
T4,3,0,88,4
T5,4,0,160,8
T6,5,0,175,15
T7,6,1,200,5
[14]
T1,0,0,148,23
T2,1,1,156,2
T3,2,0,20,2
T4,3,1,130,22
T5,4,0,200,6
T6,5,1,74,7
T7,6,0,23,2
[15]
T1,0,0,200,24
T2,1,1,41,4
T3,2,0,77,10
T4,3,1,77,4
T5,4,0,168,12
T6,5,1,28,2
T7,6,0,180,2
[16]
T1,0,0,102,1
T2,1,1,24,2
T3,2,1,200,71
T4,3,0,48,2
T5,4,0,150,3
T6,5,1,195,9
T7,6,1,72,1
[17]
T1,0,0,76,12
T2,1,0,50,2
T3,2,0,200,2
T4,3,0,176,1
T5,4,0,120,3
T6,5,1,29,2
T7,6,1,180,46
[18]
T1,0,0,69,1
T2,1,1,160,8
T3,2,1,200,2
T4,3,0,21,1
T5,4,1,138,29
T6,5,0,50,2
T7,6,0,160,9
[19]
T1,0,0,156,2
T2,1,0,75,2
T3,2,0,195,2
T4,3,0,28,5
T5,4,1,51,9
T6,5,1,200,2
T7,6,0,96,7
[20]
T1,0,0,105,2
T2,1,0,200,14
T3,2,1,119,3
T4,3,1,180,14
T5,4,0,23,2
T6,5,1,32,8
T7,6,1,160,7
[21]
T1,0,1,200,7
T2,1,1,64,2
T3,2,1,112,2
T4,3,1,33,1
T5,4,1,150,2
T6,5,0,189,12
T7,6,0,24,8
[22]
T1,0,0,125,5
T2,1,0,25,4
T3,2,1,33,2
T4,3,1,200,4
T5,4,0,172,2
T6,5,1,180,24
T7,6,0,90,4
[23]
T1,0,0,200,30
T2,1,0,48,1
T3,2,0,186,3
T4,3,0,29,2
T5,4,1,180,23
T6,5,1,96,7
T7,6,1,124,2
[24]
T1,0,0,21,2
T2,1,0,63,2
T3,2,1,200,31
T4,3,0,195,31
T5,4,0,84,6
T6,5,0,195,1
T7,6,1,26,1
[25]
T1,0,0,180,6
T2,1,1,200,10
T3,2,0,56,4
T4,3,0,84,6
T5,4,1,49,2
T6,5,1,175,5
T7,6,0,30,5
[26]
T1,0,0,200,8
T2,1,1,25,2
T3,2,1,30,1
T4,3,1,84,5
T5,4,1,162,5
T6,5,1,108,2
T7,6,1,162,42
[27]
T1,0,1,76,3
T2,1,0,25,1
T3,2,0,180,15
T4,3,1,200,24
T5,4,0,152,1
T6,5,1,35,5
T7,6,0,120,4
[28]
T1,0,1,75,3
T2,1,0,180,45
T3,2,0,40,1
T4,3,0,200,9
T5,4,1,60,1
T6,5,1,164,3
T7,6,1,40,3
[29]
T1,0,0,148,3
T2,1,1,29,1
T3,2,1,38,2
T4,3,1,75,2
T5,4,1,148,32
T6,5,1,200,11
T7,6,1,60,6
[30]
T1,0,0,39,2
T2,1,1,67,14
T3,2,0,130,9
T4,3,0,200,18
T5,4,0,23,2
T6,5,1,150,4
T7,6,1,195,1
[31]
T1,0,1,200,15
T2,1,0,75,1
T3,2,0,150,41
T4,3,1,196,6
T5,4,0,28,1
T6,5,0,69,2
T7,6,0,30,2
[32]
T1,0,1,182,22
T2,1,1,182,23
T3,2,1,110,15
T4,3,0,33,2
T5,4,1,56,3
T6,5,1,45,2
T7,6,1,200,4
[33]
T1,0,1,36,2
T2,1,1,75,17
T3,2,1,180,7
T4,3,1,68,4
T5,4,0,48,4
T6,5,0,152,7
T7,6,1,200,1
[34]
T1,0,1,77,7
T2,1,0,200,7
T3,2,1,44,2
T4,3,0,36,1
T5,4,1,180,12
T6,5,0,70,13
T7,6,0,150,7
[35]
T1,0,0,41,1
T2,1,0,189,15
T3,2,0,112,6
T4,3,0,105,7
T5,4,1,200,11
T6,5,0,27,1
T7,6,1,195,24
[36]
T1,0,0,150,2
T2,1,1,35,2
T3,2,0,32,4
T4,3,1,75,16
T5,4,1,200,13
T6,5,0,150,3
T7,6,0,136,3
[37]
T1,0,0,68,4
T2,1,1,200,7
T3,2,0,42,6
T4,3,0,180,1
T5,4,1,102,1
T6,5,0,49,3
T7,6,0,153,21
[38]
T1,0,1,68,4
T2,1,1,36,1
T3,2,0,21,1
T4,3,0,170,19
T5,4,1,175,15
T6,5,0,200,5
T7,6,0,56,3
[39]
T1,0,0,200,15
T2,1,0,144,16
T3,2,0,37,2
T4,3,0,198,23
T5,4,1,198,18
T6,5,0,44,1
T7,6,1,117,6
[40]
T1,0,1,152,4
T2,1,1,68,1
T3,2,0,72,5
T4,3,1,36,3
T5,4,1,153,10
T6,5,0,200,20
T7,6,1,20,2
[41]
T1,0,1,129,40
T2,1,1,180,2
T3,2,0,200,15
T4,3,0,43,2
T5,4,0,110,2
T6,5,0,28,1
T7,6,1,165,2
[42]
T1,0,1,84,4
T2,1,0,200,11
T3,2,0,96,18
T4,3,0,160,2
T5,4,1,48,7
T6,5,0,152,2
T7,6,0,30,1
[43]
T1,0,0,192,2
T2,1,0,21,2
T3,2,0,200,10
T4,3,1,45,12
T5,4,0,88,5
T6,5,0,140,2
T7,6,1,168,12
[44]
T1,0,1,31,3
T2,1,0,126,11
T3,2,0,200,14
T4,3,1,105,9
T5,4,1,176,10
T6,5,1,154,1
T7,6,1,22,1
[45]
T1,0,0,104,7
T2,1,1,200,20
T3,2,0,175,1
T4,3,1,176,4
T5,4,0,88,11
T6,5,0,44,5
T7,6,0,36,1
[46]
T1,0,0,56,2
T2,1,0,189,18
T3,2,1,36,7
T4,3,0,114,2
T5,4,0,40,2
T6,5,0,150,22
T7,6,0,200,1
[47]
T1,0,1,23,2
T2,1,0,200,1
T3,2,1,156,19
T4,3,0,165,4
T5,4,1,91,4
T6,5,0,21,3
T7,6,0,143,2
[48]
T1,0,0,62,6
T2,1,0,170,2
T3,2,0,75,7
T4,3,0,48,6
T5,4,0,155,5
T6,5,0,23,1
T7,6,0,200,13
[49]
T1,0,1,30,3
T2,1,1,152,3
T3,2,0,153,3
T4,3,0,200,13
T5,4,0,48,4
T6,5,1,102,5
T7,6,1,136,15
[50]
T1,0,1,98,2
T2,1,0,156,7
T3,2,1,42,1
T4,3,1,105,9
T5,4,0,30,2
T6,5,1,200,23
T7,6,1,168,16
[51]
T1,0,0,99,2
T2,1,0,165,20
T3,2,0,43,2
T4,3,1,200,9
T5,4,0,172,2
T6,5,1,75,9
T7,6,1,40,5
[52]
T1,0,0,66,20
T2,1,0,200,4
T3,2,0,25,2
T4,3,0,165,16
T5,4,0,100,2
T6,5,0,26,1
T7,6,0,176,2
[53]
T1,0,0,175,18
T2,1,1,53,2
T3,2,1,120,14
T4,3,0,126,8
T5,4,1,150,4
T6,5,1,34,2
T7,6,0,200,21
[54]
T1,0,1,129,4
T2,1,1,165,1
T3,2,1,198,45
T4,3,0,44,4
T5,4,1,66,1
T6,5,0,31,1
T7,6,1,200,8
[55]
T1,0,0,189,23
T2,1,1,200,9
T3,2,0,72,8
T4,3,1,100,1
T5,4,1,25,1
T6,5,1,25,2
T7,6,1,161,15
[56]
T1,0,1,152,2
T2,1,1,200,3
T3,2,0,184,2
T4,3,0,80,13
T5,4,1,20,3
T6,5,0,24,2
T7,6,1,138,10
[57]
T1,0,0,22,2
T2,1,0,154,2
T3,2,0,170,13
T4,3,1,21,2
T5,4,1,66,1
T6,5,0,200,12
T7,6,0,84,23
[58]
T1,0,1,150,8
T2,1,0,88,2
T3,2,1,20,2
T4,3,1,35,2
T5,4,1,165,2
T6,5,1,200,23
T7,6,0,114,23
[59]
T1,0,1,171,1
T2,1,0,95,2
T3,2,1,35,2
T4,3,0,162,40
T5,4,1,36,1
T6,5,0,200,7
T7,6,1,95,12
[60]
T1,0,1,125,1
T2,1,1,175,36
T3,2,1,160,2
T4,3,1,42,1
T5,4,1,136,13
T6,5,1,40,1
T7,6,0,200,20
[61]
T1,0,0,200,12
T2,1,1,100,3
T3,2,1,150,10
T4,3,1,43,11
T5,4,0,37,2
T6,5,0,111,5
T7,6,0,172,2
[62]
T1,0,0,24,1
T2,1,0,180,20
T3,2,0,108,5
T4,3,0,60,5
T5,4,0,165,8
T6,5,1,200,13
T7,6,0,26,1
[63]
T1,0,1,43,2
T2,1,0,200,17
T3,2,1,36,2
T4,3,1,160,9
T5,4,1,80,6
T6,5,0,54,10
T7,6,0,170,8
[64]
T1,0,1,96,4
T2,1,1,156,2
T3,2,0,22,3
T4,3,0,200,27
T5,4,1,104,7
T6,5,0,36,2
T7,6,0,165,2
[65]
T1,0,0,80,2
T2,1,0,148,4
T3,2,0,29,1
T4,3,0,200,29
T5,4,1,48,3
T6,5,0,75,5
T7,6,0,192,21
[66]
T1,0,0,140,2
T2,1,0,28,2
T3,2,0,200,44
T4,3,0,80,2
T5,4,0,35,2
T6,5,1,182,1
T7,6,1,195,32
[67]
T1,0,1,52,1
T2,1,0,21,1
T3,2,1,126,13
T4,3,0,56,7
T5,4,0,200,4
T6,5,1,165,1
T7,6,1,160,17
[68]
T1,0,0,57,15
T2,1,0,30,1
T3,2,1,200,8
T4,3,1,38,2
T5,4,1,150,4
T6,5,1,150,10
T7,6,0,105,5
[69]
T1,0,0,44,4
T2,1,0,22,2
T3,2,1,200,4
T4,3,0,175,13
T5,4,1,80,9
T6,5,0,54,5
T7,6,1,165,5
[70]
T1,0,1,22,6
T2,1,0,200,5
T3,2,0,168,13
T4,3,1,25,2
T5,4,0,72,2
T6,5,1,80,2
T7,6,0,171,8
[71]
T1,0,0,40,5
T2,1,0,125,17
T3,2,1,90,6
T4,3,1,171,4
T5,4,0,34,2
T6,5,0,180,2
T7,6,1,200,11
[72]
T1,0,0,192,6
T2,1,1,39,1
T3,2,0,150,14
T4,3,0,66,2
T5,4,1,200,36
T6,5,1,44,2
T7,6,1,99,10
[73]
T1,0,0,80,4
T2,1,0,200,4
T3,2,0,156,5
T4,3,0,28,2
T5,4,1,112,4
T6,5,0,36,4
T7,6,0,195,42
[74]
T1,0,1,50,2
T2,1,1,64,2
T3,2,0,46,3
T4,3,0,177,30
T5,4,0,96,4
T6,5,0,200,33
T7,6,0,192,1
[75]
T1,0,1,150,30
T2,1,1,184,3
T3,2,1,31,2
T4,3,1,61,3
T5,4,0,69,1
T6,5,0,50,5
T7,6,0,200,14
[76]
T1,0,1,35,2
T2,1,0,200,43
T3,2,1,63,10
T4,3,0,45,1
T5,4,0,75,1
T6,5,0,150,7
T7,6,0,195,3
[77]
T1,0,1,100,3
T2,1,0,200,33
T3,2,0,176,24
T4,3,0,30,1
T5,4,1,108,1
T6,5,0,165,7
T7,6,0,31,1
[78]
T1,0,1,96,7
T2,1,0,175,42
T3,2,1,25,2
T4,3,1,86,2
T5,4,1,150,12
T6,5,1,30,2
T7,6,0,200,4
[79]
T1,0,0,128,4
T2,1,0,89,12
T3,2,0,192,15
T4,3,1,32,2
T5,4,0,160,24
T6,5,1,200,1
T7,6,0,51,3
[80]
T1,0,1,21,2
T2,1,1,46,6
T3,2,0,70,8
T4,3,1,180,9
T5,4,0,140,1
T6,5,0,200,8
T7,6,0,161,22
[81]
T1,0,0,150,7
T2,1,1,125,2
T3,2,0,200,7
T4,3,0,180,14
T5,4,0,40,8
T6,5,0,109,3
T7,6,0,26,2
[82]
T1,0,1,171,2
T2,1,0,200,2
T3,2,0,36,2
T4,3,0,30,4
T5,4,1,90,4
T6,5,0,54,5
T7,6,1,189,21
[83]
T1,0,0,180,6
T2,1,1,200,5
T3,2,1,21,1
T4,3,0,24,2
T5,4,0,90,14
T6,5,1,181,22
T7,6,0,120,1
[84]
T1,0,0,196,28
T2,1,1,60,1
T3,2,1,85,13
T4,3,0,22,2
T5,4,0,170,7
T6,5,1,42,2
T7,6,1,200,12
[85]
T1,0,1,200,13
T2,1,0,185,8
T3,2,0,120,2
T4,3,0,99,2
T5,4,0,148,8
T6,5,0,45,5
T7,6,0,40,7
[86]
T1,0,0,30,2
T2,1,1,100,12
T3,2,0,51,3
T4,3,0,176,2
T5,4,0,187,3
T6,5,1,120,24
T7,6,1,200,1
[87]
T1,0,1,104,1
T2,1,0,200,22
T3,2,1,68,6
T4,3,1,180,1
T5,4,1,30,2
T6,5,0,38,1
T7,6,0,170,24
[88]
T1,0,1,43,1
T2,1,0,200,10
T3,2,0,192,4
T4,3,1,55,2
T5,4,1,100,16
T6,5,1,20,2
T7,6,1,187,39
[89]
T1,0,0,43,2
T2,1,0,96,7
T3,2,0,160,10
T4,3,0,162,31
T5,4,1,140,4
T6,5,1,200,2
T7,6,0,30,1
[90]
T1,0,1,200,16
T2,1,1,27,1
T3,2,0,77,2
T4,3,0,43,1
T5,4,1,154,38
T6,5,0,168,7
T7,6,1,60,1
[91]
T1,0,1,200,25
T2,1,0,100,2
T3,2,0,70,4
T4,3,0,34,1
T5,4,0,27,2
T6,5,0,171,39
T7,6,0,180,1
[92]
T1,0,1,198,31
T2,1,1,55,2
T3,2,0,200,2
T4,3,1,105,3
T5,4,0,30,4
T6,5,0,42,4
T7,6,1,165,3
[93]
T1,0,1,120,21
T2,1,1,75,2
T3,2,1,28,2
T4,3,1,175,9
T5,4,0,200,11
T6,5,0,177,3
T7,6,1,32,4
[94]
T1,0,1,200,13
T2,1,1,25,2
T3,2,1,81,7
T4,3,1,180,1
T5,4,0,108,19
T6,5,0,155,5
T7,6,1,20,1
[95]
T1,0,1,165,26
T2,1,1,60,2
T3,2,0,100,9
T4,3,1,44,2
T5,4,1,189,8
T6,5,0,200,9
T7,6,0,29,1
[96]
T1,0,0,38,1
T2,1,0,155,30
T3,2,0,50,2
T4,3,1,168,2
T5,4,0,60,2
T6,5,0,200,8
T7,6,1,126,19
[97]
T1,0,1,75,10
T2,1,1,152,9
T3,2,1,180,2
T4,3,1,72,1
T5,4,1,47,6
T6,5,1,200,5
T7,6,1,45,5
[98]
T1,0,1,192,2
T2,1,0,200,32
T3,2,1,24,2
T4,3,1,192,6
T5,4,0,67,3
T6,5,1,37,1
T7,6,0,60,6
[99]
T1,0,0,110,2
T2,1,1,165,18
T3,2,1,39,2
T4,3,0,200,41
T5,4,0,100,12
T6,5,0,175,1
T7,6,0,27,2
[100]
T1,0,1,75,2
T2,1,1,50,3
T3,2,1,196,18
T4,3,0,56,4
T5,4,0,174,16
T6,5,0,39,4
T7,6,1,200,3
[101]
T1,0,0,26,1
T2,1,1,70,5
T3,2,0,192,15
T4,3,0,75,2
T5,4,1,168,6
T6,5,0,200,21
T7,6,0,26,3
[102]
T1,0,1,80,4
T2,1,0,188,6
T3,2,0,180,23
T4,3,0,24,4
T5,4,0,200,2
T6,5,0,32,1
T7,6,0,96,2
[103]
T1,0,1,42,1
T2,1,0,196,4
T3,2,0,200,32
T4,3,1,147,15
T5,4,0,184,1
T6,5,0,56,4
T7,6,0,40,3
[104]
T1,0,0,110,11
T2,1,1,132,27
T3,2,1,176,8
T4,3,1,41,1
T5,4,1,200,13
T6,5,1,28,2
T7,6,0,176,1
[105]
T1,0,1,21,2
T2,1,1,36,6
T3,2,1,183,17
T4,3,1,75,1
T5,4,0,180,3
T6,5,0,200,11
T7,6,1,96,2
[106]
T1,0,0,180,14
T2,1,0,100,2
T3,2,0,200,56
T4,3,1,90,7
T5,4,1,198,8
T6,5,1,22,2
T7,6,1,44,2
[107]
T1,0,1,86,1
T2,1,0,200,55
T3,2,1,180,2
T4,3,0,39,2
T5,4,0,55,2
T6,5,1,180,25
T7,6,1,24,2
[108]
T1,0,0,160,10
T2,1,1,45,2
T3,2,1,88,3
T4,3,1,200,12
T5,4,0,39,4
T6,5,1,192,16
T7,6,1,66,6
[109]
T1,0,0,25,2
T2,1,0,195,11
T3,2,0,42,6
T4,3,1,200,33
T5,4,1,150,8
T6,5,1,147,4
T7,6,0,104,3
[110]
T1,0,1,50,3
T2,1,0,200,14
T3,2,1,30,1
T4,3,1,180,7
T5,4,0,72,5
T6,5,1,75,5
T7,6,1,171,21
[111]
T1,0,0,100,6
T2,1,0,156,13
T3,2,1,47,4
T4,3,0,200,4
T5,4,1,160,11
T6,5,0,42,3
T7,6,0,120,8
[112]
T1,0,1,150,20
T2,1,0,20,1
T3,2,1,56,2
T4,3,0,200,8
T5,4,0,48,5
T6,5,0,120,2
T7,6,0,154,16
[113]
T1,0,1,200,7
T2,1,1,190,4
T3,2,1,20,2
T4,3,0,100,28
T5,4,0,180,1
T6,5,0,100,8
T7,6,1,37,2
[114]
T1,0,1,144,14
T2,1,1,171,18
T3,2,0,21,2
T4,3,0,64,2
T5,4,0,152,2
T6,5,1,25,2
T7,6,1,200,2
[115]
T1,0,0,150,12
T2,1,1,42,3
T3,2,0,43,4
T4,3,0,144,13
T5,4,1,100,7
T6,5,0,196,7
T7,6,1,200,1
[116]
T1,0,0,168,6
T2,1,1,116,5
T3,2,0,112,2
T4,3,1,33,4
T5,4,0,200,16
T6,5,1,32,3
T7,6,1,192,14
[117]
T1,0,0,200,9
T2,1,1,70,11
T3,2,1,160,4
T4,3,0,40,2
T5,4,0,53,2
T6,5,0,69,8
T7,6,1,150,5
[118]
T1,0,1,36,1
T2,1,1,152,20
T3,2,0,162,3
T4,3,1,200,2
T5,4,0,114,14
T6,5,0,100,7
T7,6,1,20,1
[119]
T1,0,1,162,6
T2,1,1,20,1
T3,2,0,44,2
T4,3,1,180,34
T5,4,0,108,8
T6,5,1,99,2
T7,6,0,200,8
[120]
T1,0,0,62,2
T2,1,1,160,19
T3,2,1,53,2
T4,3,0,180,20
T5,4,1,60,7
T6,5,1,45,4
T7,6,1,200,3
[121]
T1,0,0,69,9
T2,1,1,27,2
T3,2,0,161,18
T4,3,0,192,2
T5,4,0,200,14
T6,5,1,64,1
T7,6,1,24,1
[122]
T1,0,0,52,1
T2,1,0,140,1
T3,2,1,33,3
T4,3,0,200,37
T5,4,1,175,7
T6,5,1,160,5
T7,6,0,77,7
[123]
T1,0,0,186,14
T2,1,1,150,12
T3,2,0,200,3
T4,3,1,96,10
T5,4,0,50,8
T6,5,0,62,2
T7,6,0,35,2
[124]
T1,0,1,88,12
T2,1,0,200,27
T3,2,1,55,5
T4,3,0,28,1
T5,4,1,155,5
T6,5,1,176,7
T7,6,0,30,2
[125]
T1,0,0,200,17
T2,1,0,198,39
T3,2,1,175,3
T4,3,0,51,2
T5,4,1,99,1
T6,5,1,144,12
T7,6,1,21,1
[126]
T1,0,0,168,24
T2,1,0,135,1
T3,2,0,176,5
T4,3,1,50,9
T5,4,1,84,2
T6,5,0,200,3
T7,6,0,48,3
[127]
T1,0,0,41,1
T2,1,1,75,2
T3,2,1,45,2
T4,3,1,72,15
T5,4,1,198,2
T6,5,0,200,4
T7,6,0,148,24
[128]
T1,0,0,181,15
T2,1,0,26,2
T3,2,0,120,1
T4,3,0,200,2
T5,4,1,150,9
T6,5,1,36,7
T7,6,1,75,7
[129]
T1,0,1,23,1
T2,1,1,200,31
T3,2,0,85,8
T4,3,1,119,8
T5,4,1,175,7
T6,5,1,184,1
T7,6,0,25,2
[130]
T1,0,1,162,8
T2,1,1,40,2
T3,2,0,200,18
T4,3,0,135,1
T5,4,0,120,10
T6,5,0,195,8
T7,6,0,50,7
[131]
T1,0,1,75,8
T2,1,1,110,18
T3,2,1,200,3
T4,3,0,21,2
T5,4,1,49,2
T6,5,1,175,24
T7,6,0,176,8
[132]
T1,0,0,200,8
T2,1,1,112,4
T3,2,0,165,1
T4,3,1,198,10
T5,4,1,24,8
T6,5,0,66,2
T7,6,0,41,2
[133]
T1,0,0,160,15
T2,1,1,27,7
T3,2,0,81,1
T4,3,0,50,1
T5,4,0,200,3
T6,5,0,108,1
T7,6,0,160,5
[134]
T1,0,0,37,4
T2,1,0,26,2
T3,2,1,156,14
T4,3,0,60,1
T5,4,1,156,2
T6,5,0,95,11
T7,6,0,200,5
[135]
T1,0,1,21,1
T2,1,0,200,11
T3,2,0,108,8
T4,3,0,105,1
T5,4,1,30,5
T6,5,0,189,17
T7,6,1,168,2
[136]
T1,0,0,182,5
T2,1,1,200,53
T3,2,0,51,2
T4,3,0,26,1
T5,4,1,189,12
T6,5,0,84,1
T7,6,0,80,4
[137]
T1,0,1,29,2
T2,1,1,195,3
T3,2,1,80,2
T4,3,0,125,4
T5,4,1,200,32
T6,5,0,156,20
T7,6,1,33,3
[138]
T1,0,0,30,2
T2,1,0,40,3
T3,2,0,98,10
T4,3,1,150,11
T5,4,0,140,14
T6,5,1,200,4
T7,6,1,174,18
[139]
T1,0,1,30,3
T2,1,1,20,1
T3,2,1,155,3
T4,3,0,200,3
T5,4,1,155,14
T6,5,0,93,10
T7,6,1,65,2
[140]
T1,0,1,65,4
T2,1,1,175,18
T3,2,0,165,7
T4,3,1,20,2
T5,4,1,56,4
T6,5,0,200,32
T7,6,1,21,2
[141]
T1,0,1,200,2
T2,1,0,35,2
T3,2,1,77,3
T4,3,0,30,3
T5,4,0,175,24
T6,5,1,112,3
T7,6,1,168,24
[142]
T1,0,0,190,14
T2,1,0,30,2
T3,2,1,49,5
T4,3,0,60,4
T5,4,1,156,6
T6,5,0,144,5
T7,6,0,200,16
[143]
T1,0,0,112,2
T2,1,0,100,3
T3,2,0,45,4
T4,3,0,200,10
T5,4,1,165,40
T6,5,0,180,7
T7,6,0,34,2
[144]
T1,0,1,34,2
T2,1,0,100,2
T3,2,0,28,2
T4,3,0,182,26
T5,4,1,100,10
T6,5,1,200,38
T7,6,0,165,2
[145]
T1,0,1,200,2
T2,1,0,64,1
T3,2,0,148,21
T4,3,0,34,2
T5,4,1,185,6
T6,5,1,65,4
T7,6,0,52,7
[146]
T1,0,1,200,16
T2,1,0,160,19
T3,2,0,94,8
T4,3,1,175,26
T5,4,1,42,1
T6,5,1,23,2
T7,6,1,140,2
[147]
T1,0,1,57,7
T2,1,1,200,3
T3,2,0,36,4
T4,3,0,20,1
T5,4,0,100,5
T6,5,1,188,14
T7,6,0,188,6
[148]
T1,0,1,42,2
T2,1,0,100,2
T3,2,1,200,5
T4,3,1,150,26
T5,4,0,117,2
T6,5,0,36,1
T7,6,1,169,25
[149]
T1,0,0,175,18
T2,1,0,200,4
T3,2,1,43,11
T4,3,0,108,3
T5,4,0,24,2
T6,5,0,56,1
T7,6,0,153,3
[150]
T1,0,0,48,2
T2,1,1,40,8
T3,2,0,200,17
T4,3,0,135,14
T5,4,0,100,2
T6,5,1,175,1
T7,6,0,189,9
[151]
T1,0,0,200,9
T2,1,1,180,9
T3,2,0,28,2
T4,3,1,22,2
T5,4,1,195,36
T6,5,0,135,14
T7,6,0,108,8
[152]
T1,0,0,70,2
T2,1,0,200,2
T3,2,0,55,7
T4,3,0,37,8
T5,4,1,22,1
T6,5,1,198,2
T7,6,0,168,11
[153]
T1,0,1,29,1
T2,1,0,171,7
T3,2,1,190,6
T4,3,1,80,8
T5,4,1,24,2
T6,5,0,55,10
T7,6,1,200,11
[154]
T1,0,1,100,4
T2,1,0,49,2
T3,2,0,50,2
T4,3,1,174,20
T5,4,1,150,21
T6,5,0,200,2
T7,6,0,110,15
[155]
T1,0,1,54,2
T2,1,1,126,11
T3,2,0,189,24
T4,3,0,180,3
T5,4,1,200,37
T6,5,0,36,1
T7,6,1,120,1
[156]
T1,0,1,80,5
T2,1,1,41,6
T3,2,0,24,2
T4,3,0,198,3
T5,4,1,112,3
T6,5,1,200,20
T7,6,0,176,14
[157]
T1,0,1,20,1
T2,1,1,94,10
T3,2,1,188,21
T4,3,1,200,3
T5,4,0,175,16
T6,5,1,44,1
T7,6,1,94,3
[158]
T1,0,1,200,34
T2,1,0,105,2
T3,2,1,42,2
T4,3,0,126,1
T5,4,1,188,2
T6,5,0,188,29
T7,6,0,47,4
[159]
T1,0,1,56,9
T2,1,1,28,2
T3,2,1,53,2
T4,3,1,195,4
T5,4,1,200,39
T6,5,0,144,4
T7,6,0,195,5
[160]
T1,0,0,43,2
T2,1,1,60,1
T3,2,1,171,35
T4,3,0,45,6
T5,4,0,100,6
T6,5,0,150,4
T7,6,0,200,2
[161]
T1,0,0,164,3
T2,1,1,175,7
T3,2,1,105,2
T4,3,0,42,9
T5,4,1,126,20
T6,5,1,200,5
T7,6,1,40,2
[162]
T1,0,1,161,22
T2,1,1,112,2
T3,2,0,200,40
T4,3,1,20,2
T5,4,1,160,3
T6,5,1,53,2
T7,6,0,92,6
[163]
T1,0,0,200,40
T2,1,1,100,7
T3,2,0,174,5
T4,3,1,29,2
T5,4,1,150,11
T6,5,1,28,1
T7,6,0,63,2
[164]
T1,0,1,182,2
T2,1,0,35,2
T3,2,0,75,11
T4,3,0,25,2
T5,4,0,200,14
T6,5,0,182,26
T7,6,0,80,1
[165]
T1,0,1,80,3
T2,1,0,154,17
T3,2,1,36,1
T4,3,1,49,2
T5,4,0,70,11
T6,5,0,200,1
T7,6,0,175,19
[166]
T1,0,1,200,7
T2,1,0,72,14
T3,2,1,198,1
T4,3,0,50,5
T5,4,1,168,13
T6,5,1,53,2
T7,6,1,135,3
[167]
T1,0,1,196,23
T2,1,1,93,7
T3,2,1,49,1
T4,3,1,40,2
T5,4,1,200,7
T6,5,1,168,24
T7,6,0,140,10
[168]
T1,0,0,69,8
T2,1,0,40,1
T3,2,1,92,4
T4,3,1,200,2
T5,4,0,20,1
T6,5,0,150,27
T7,6,1,176,7
[169]
T1,0,1,153,28
T2,1,0,168,7
T3,2,1,35,2
T4,3,0,200,12
T5,4,0,41,1
T6,5,1,63,2
T7,6,0,126,19
[170]
T1,0,0,56,2
T2,1,0,182,2
T3,2,1,148,20
T4,3,1,27,3
T5,4,1,200,18
T6,5,0,37,2
T7,6,0,130,11
[171]
T1,0,1,154,5
T2,1,1,21,1
T3,2,1,75,5
T4,3,0,187,20
T5,4,0,119,15
T6,5,0,24,1
T7,6,1,200,2
[172]
T1,0,0,70,11
T2,1,1,50,2
T3,2,0,180,10
T4,3,1,42,2
T5,4,0,190,24
T6,5,1,140,3
T7,6,0,200,8
[173]
T1,0,1,39,1
T2,1,0,196,19
T3,2,0,32,2
T4,3,1,200,10
T5,4,0,56,7
T6,5,1,156,18
T7,6,0,112,4
[174]
T1,0,0,120,20
T2,1,0,200,5
T3,2,1,180,5
T4,3,1,160,5
T5,4,0,141,2
T6,5,0,40,2
T7,6,0,45,6
[175]
T1,0,0,51,3
T2,1,1,145,26
T3,2,1,200,14
T4,3,0,174,1
T5,4,0,32,4
T6,5,0,195,2
T7,6,1,104,2
[176]
T1,0,1,200,9
T2,1,0,42,5
T3,2,1,50,3
T4,3,1,195,13
T5,4,1,89,6
T6,5,1,195,6
T7,6,0,130,8
[177]
T1,0,1,44,2
T2,1,1,60,2
T3,2,0,200,17
T4,3,1,33,3
T5,4,0,165,12
T6,5,1,189,17
T7,6,1,63,3
[178]
T1,0,1,100,11
T2,1,0,96,6
T3,2,1,180,18
T4,3,0,200,4
T5,4,1,49,2
T6,5,1,51,2
T7,6,1,160,19
[179]
T1,0,1,80,2
T2,1,1,200,4
T3,2,1,48,3
T4,3,1,180,16
T5,4,0,150,9
T6,5,1,27,2
T7,6,0,82,10
[180]
T1,0,1,33,2
T2,1,0,198,17
T3,2,0,43,4
T4,3,1,154,15
T5,4,0,132,4
T6,5,1,126,6
T7,6,1,200,21
[181]
T1,0,1,75,14
T2,1,0,200,11
T3,2,1,54,1
T4,3,1,42,1
T5,4,0,189,2
T6,5,1,41,4
T7,6,0,156,9
[182]
T1,0,1,21,1
T2,1,1,80,2
T3,2,1,60,1
T4,3,0,200,22
T5,4,0,192,26
T6,5,0,160,3
T7,6,1,38,4
[183]
T1,0,1,112,6
T2,1,1,158,6
T3,2,0,200,2
T4,3,0,158,13
T5,4,0,112,13
T6,5,0,51,5
T7,6,1,32,2
[184]
T1,0,1,165,7
T2,1,0,76,4
T3,2,0,43,3
T4,3,1,95,10
T5,4,0,40,2
T6,5,0,180,16
T7,6,0,200,22
[185]
T1,0,0,130,7
T2,1,0,196,10
T3,2,0,42,1
T4,3,0,182,27
T5,4,1,70,1
T6,5,1,200,24
T7,6,0,20,1
[186]
T1,0,1,32,2
T2,1,1,120,7
T3,2,0,47,1
T4,3,0,176,11
T5,4,0,93,18
T6,5,0,150,5
T7,6,0,200,8
[187]
T1,0,0,24,6
T2,1,1,200,6
T3,2,0,88,1
T4,3,0,174,12
T5,4,1,165,1
T6,5,0,58,4
T7,6,1,52,1
[188]
T1,0,0,88,22
T2,1,1,43,1
T3,2,1,168,2
T4,3,1,152,2
T5,4,1,84,2
T6,5,0,200,17
T7,6,1,40,3
[189]
T1,0,0,144,1
T2,1,0,41,2
T3,2,1,175,28
T4,3,0,72,4
T5,4,0,175,1
T6,5,0,200,39
T7,6,1,42,1
[190]
T1,0,1,200,12
T2,1,1,198,7
T3,2,0,175,16
T4,3,0,100,2
T5,4,0,22,2
T6,5,1,22,3
T7,6,0,80,4
[191]
T1,0,0,99,1
T2,1,0,39,1
T3,2,1,126,9
T4,3,1,200,8
T5,4,1,20,3
T6,5,0,196,3
T7,6,1,180,20
[192]
T1,0,0,123,3
T2,1,1,27,1
T3,2,0,123,3
T4,3,1,164,19
T5,4,0,200,22
T6,5,0,180,2
T7,6,1,42,5
[193]
T1,0,1,140,18
T2,1,1,189,16
T3,2,1,70,5
T4,3,0,200,5
T5,4,0,50,2
T6,5,0,156,10
T7,6,0,48,4
[194]
T1,0,1,144,14
T2,1,0,160,8
T3,2,1,33,1
T4,3,1,21,2
T5,4,0,130,10
T6,5,0,200,5
T7,6,1,195,15
[195]
T1,0,1,166,44
T2,1,0,140,8
T3,2,0,52,1
T4,3,0,168,5
T5,4,1,83,4
T6,5,0,200,10
T7,6,0,50,2
[196]
T1,0,0,175,2
T2,1,0,72,3
T3,2,1,171,3
T4,3,0,108,2
T5,4,1,40,10
T6,5,1,20,1
T7,6,1,200,10
[197]
T1,0,1,200,10
T2,1,0,168,2
T3,2,1,26,2
T4,3,1,140,5
T5,4,1,20,2
T6,5,1,170,33
T7,6,0,60,3
[198]
T1,0,0,200,12
T2,1,1,88,2
T3,2,1,75,6
T4,3,1,33,2
T5,4,0,170,13
T6,5,0,49,6
T7,6,0,153,7
[199]
T1,0,0,160,10
T2,1,1,150,5
T3,2,0,112,7
T4,3,0,119,13
T5,4,1,21,2
T6,5,0,20,3
T7,6,0,200,2
[200]
T1,0,1,175,1
T2,1,0,45,7
T3,2,0,200,39
T4,3,1,144,5
T5,4,0,161,5
T6,5,1,25,2
T7,6,0,72,4
[201]
T1,0,1,37,3
T2,1,0,63,2
T3,2,1,200,22
T4,3,0,112,4
T5,4,0,33,2
T6,5,1,150,5
T7,6,0,160,12
[202]
T1,0,1,42,8
T2,1,1,136,15
T3,2,1,196,2
T4,3,0,22,2
T5,4,1,196,2
T6,5,0,68,1
T7,6,1,200,13
[203]
T1,0,0,60,2
T2,1,0,35,5
T3,2,0,39,1
T4,3,1,192,30
T5,4,0,138,5
T6,5,0,192,2
T7,6,0,200,15
[204]
T1,0,0,195,19
T2,1,0,150,8
T3,2,1,200,33
T4,3,0,30,2
T5,4,1,72,1
T6,5,0,125,18
T7,6,0,40,2
[205]
T1,0,1,200,1
T2,1,1,190,11
T3,2,0,57,5
T4,3,0,29,2
T5,4,1,60,5
T6,5,1,156,27
T7,6,0,48,2
[206]
T1,0,1,200,37
T2,1,1,180,6
T3,2,0,28,2
T4,3,0,105,9
T5,4,1,105,2
T6,5,1,39,2
T7,6,1,189,13
[207]
T1,0,0,160,20
T2,1,0,75,5
T3,2,1,200,17
T4,3,1,152,14
T5,4,1,27,2
T6,5,0,90,1
T7,6,0,54,3
[208]
T1,0,0,195,1
T2,1,1,20,2
T3,2,1,168,20
T4,3,0,52,1
T5,4,0,100,11
T6,5,0,200,33
T7,6,1,135,6
[209]
T1,0,1,24,2
T2,1,0,63,2
T3,2,0,200,16
T4,3,0,158,8
T5,4,0,45,7
T6,5,1,100,2
T7,6,0,150,24
[210]
T1,0,0,37,2
T2,1,0,28,2
T3,2,0,55,2
T4,3,1,200,6
T5,4,0,168,26
T6,5,1,126,12
T7,6,0,180,25
[211]
T1,0,1,171,4
T2,1,1,46,3
T3,2,0,102,2
T4,3,1,200,16
T5,4,1,90,12
T6,5,1,170,25
T7,6,0,34,2
[212]
T1,0,0,189,1
T2,1,0,76,4
T3,2,1,200,23
T4,3,0,35,2
T5,4,0,180,18
T6,5,1,57,7
T7,6,0,24,1
[213]
T1,0,0,126,2
T2,1,1,52,2
T3,2,1,20,2
T4,3,0,132,16
T5,4,0,200,13
T6,5,0,150,12
T7,6,0,147,27
[214]
T1,0,1,45,2
T2,1,0,200,2
T3,2,1,46,1
T4,3,1,152,31
T5,4,1,145,2
T6,5,1,150,2
T7,6,1,100,18
[215]
T1,0,0,200,3
T2,1,0,160,17
T3,2,1,195,7
T4,3,0,60,5
T5,4,0,70,7
T6,5,1,25,1
T7,6,0,24,1
[216]
T1,0,1,56,3
T2,1,1,102,7
T3,2,1,165,5
T4,3,0,154,12
T5,4,0,200,29
T6,5,0,48,2
T7,6,0,25,2
[217]
T1,0,1,150,9
T2,1,1,26,2
T3,2,1,180,13
T4,3,0,200,13
T5,4,1,50,2
T6,5,1,55,13
T7,6,1,65,2
[218]
T1,0,0,27,2
T2,1,0,36,1
T3,2,0,198,44
T4,3,1,55,2
T5,4,1,187,2
T6,5,0,200,19
T7,6,1,55,1
[219]
T1,0,0,200,14
T2,1,1,135,11
T3,2,1,35,5
T4,3,0,192,2
T5,4,1,20,1
T6,5,0,192,11
T7,6,0,81,4
[220]
T1,0,1,108,14
T2,1,0,26,2
T3,2,0,165,10
T4,3,0,66,5
T5,4,1,200,15
T6,5,0,198,2
T7,6,0,41,5
[221]
T1,0,0,75,3
T2,1,0,200,1
T3,2,1,42,4
T4,3,1,24,3
T5,4,1,55,2
T6,5,1,180,18
T7,6,1,190,17
[222]
T1,0,1,165,1
T2,1,0,192,28
T3,2,1,25,2
T4,3,0,77,3
T5,4,1,60,7
T6,5,1,200,28
T7,6,0,31,2
[223]
T1,0,1,36,7
T2,1,0,165,1
T3,2,0,28,2
T4,3,1,126,11
T5,4,1,150,9
T6,5,0,60,1
T7,6,0,200,5
[224]
T1,0,0,152,4
T2,1,0,170,27
T3,2,0,95,3
T4,3,0,200,14
T5,4,0,34,4
T6,5,0,25,2
T7,6,1,114,4
[225]
T1,0,0,188,1
T2,1,0,176,6
T3,2,0,200,1
T4,3,0,80,4
T5,4,1,47,9
T6,5,1,23,2
T7,6,0,132,12
[226]
T1,0,0,180,3
T2,1,1,36,2
T3,2,0,200,16
T4,3,1,63,10
T5,4,1,46,2
T6,5,1,177,4
T7,6,1,59,8
[227]
T1,0,0,184,2
T2,1,1,180,11
T3,2,1,39,5
T4,3,0,60,2
T5,4,0,115,22
T6,5,1,200,12
T7,6,0,51,2
[228]
T1,0,0,160,10
T2,1,0,83,1
T3,2,1,200,7
T4,3,1,33,1
T5,4,0,36,1
T6,5,1,180,43
T7,6,1,144,4
[229]
T1,0,0,200,2
T2,1,0,180,8
T3,2,1,50,2
T4,3,0,33,6
T5,4,0,120,2
T6,5,0,125,22
T7,6,0,177,11
[230]
T1,0,0,156,1
T2,1,0,54,6
T3,2,1,22,3
T4,3,1,195,14
T5,4,1,126,5
T6,5,1,126,7
T7,6,0,200,4
[231]
T1,0,0,140,27
T2,1,0,38,2
T3,2,0,30,2
T4,3,0,175,20
T5,4,1,200,18
T6,5,0,84,2
T7,6,1,190,3
[232]
T1,0,1,72,2
T2,1,0,120,5
T3,2,0,180,27
T4,3,1,49,3
T5,4,1,156,4
T6,5,1,24,3
T7,6,1,200,13
[233]
T1,0,0,30,2
T2,1,0,62,4
T3,2,1,28,1
T4,3,1,160,15
T5,4,1,75,2
T6,5,0,155,19
T7,6,0,200,4
[234]
T1,0,0,21,3
T2,1,1,125,3
T3,2,1,200,17
T4,3,0,84,6
T5,4,1,165,6
T6,5,1,24,2
T7,6,1,198,9
[235]
T1,0,0,170,9
T2,1,1,102,5
T3,2,0,35,5
T4,3,0,200,2
T5,4,1,41,3
T6,5,0,165,4
T7,6,0,56,5
[236]
T1,0,0,21,1
T2,1,1,150,4
T3,2,1,100,4
T4,3,0,186,11
T5,4,1,52,3
T6,5,1,200,7
T7,6,1,63,13
[237]
T1,0,1,60,11
T2,1,0,175,2
T3,2,0,53,2
T4,3,1,24,2
T5,4,1,105,1
T6,5,0,200,40
T7,6,1,165,1
[238]
T1,0,1,196,2
T2,1,1,200,2
T3,2,1,195,2
T4,3,0,130,2
T5,4,1,34,8
T6,5,0,78,7
T7,6,1,28,2
[239]
T1,0,1,200,19
T2,1,1,100,6
T3,2,1,150,22
T4,3,1,164,11
T5,4,1,104,2
T6,5,0,37,2
T7,6,0,50,4
[240]
T1,0,1,42,7
T2,1,0,41,2
T3,2,0,150,1
T4,3,1,200,10
T5,4,0,74,1
T6,5,0,168,17
T7,6,1,60,7
[241]
T1,0,1,38,2
T2,1,0,60,2
T3,2,1,150,16
T4,3,1,166,11
T5,4,0,200,7
T6,5,1,43,4
T7,6,0,120,15
[242]
T1,0,1,200,32
T2,1,1,162,6
T3,2,1,198,3
T4,3,0,100,4
T5,4,1,60,4
T6,5,1,45,3
T7,6,1,24,1
[243]
T1,0,0,35,1
T2,1,1,176,13
T3,2,0,88,2
T4,3,1,200,12
T5,4,0,175,16
T6,5,0,26,4
T7,6,0,108,3
[244]
T1,0,1,160,20
T2,1,0,150,15
T3,2,1,33,5
T4,3,0,200,3
T5,4,1,103,2
T6,5,1,50,2
T7,6,0,60,2
[245]
T1,0,0,200,10
T2,1,1,198,4
T3,2,0,143,13
T4,3,1,30,2
T5,4,0,36,2
T6,5,1,165,6
T7,6,1,120,25
[246]
T1,0,1,168,7
T2,1,1,45,2
T3,2,1,175,9
T4,3,1,138,13
T5,4,0,48,5
T6,5,0,140,7
T7,6,1,200,14
[247]
T1,0,0,24,5
T2,1,1,63,2
T3,2,1,182,3
T4,3,0,195,16
T5,4,1,135,4
T6,5,0,53,2
T7,6,1,200,12
[248]
T1,0,1,178,1
T2,1,1,20,1
T3,2,1,22,4
T4,3,1,160,2
T5,4,1,112,3
T6,5,0,112,2
T7,6,1,200,36
[249]
T1,0,1,52,9
T2,1,1,160,27
T3,2,1,200,2
T4,3,1,192,5
T5,4,0,125,1
T6,5,0,65,1
T7,6,1,24,2
[250]
T1,0,1,105,6
T2,1,1,75,1
T3,2,0,189,23
T4,3,0,168,2
T5,4,0,200,17
T6,5,1,48,2
T7,6,0,20,2
[251]
T1,0,1,186,24
T2,1,1,45,2
T3,2,1,75,8
T4,3,1,26,1
T5,4,0,200,12
T6,5,1,186,10
T7,6,1,96,6
[252]
T1,0,0,192,13
T2,1,0,160,9
T3,2,0,49,2
T4,3,0,41,2
T5,4,1,84,1
T6,5,1,200,55
T7,6,0,80,2
[253]
T1,0,1,60,4
T2,1,0,188,2
T3,2,0,200,2
T4,3,1,174,40
T5,4,1,47,3
T6,5,1,94,5
T7,6,0,51,1
[254]
T1,0,0,40,14
T2,1,0,88,1
T3,2,1,184,4
T4,3,1,23,2
T5,4,0,115,1
T6,5,0,170,1
T7,6,1,200,6
[255]
T1,0,0,56,1
T2,1,0,25,3
T3,2,0,200,18
T4,3,0,43,2
T5,4,0,150,4
T6,5,1,84,9
T7,6,1,197,18
[256]
T1,0,0,140,4
T2,1,1,160,1
T3,2,1,200,17
T4,3,1,27,3
T5,4,0,84,9
T6,5,1,174,20
T7,6,1,30,2
[257]
T1,0,1,160,6
T2,1,1,72,9
T3,2,0,50,2
T4,3,1,198,23
T5,4,1,125,19
T6,5,0,25,2
T7,6,0,200,3
[258]
T1,0,1,200,6
T2,1,1,25,2
T3,2,0,110,3
T4,3,1,165,3
T5,4,0,53,19
T6,5,0,194,3
T7,6,0,120,3
[259]
T1,0,0,160,3
T2,1,0,200,12
T3,2,0,152,33
T4,3,1,39,1
T5,4,1,88,2
T6,5,0,20,2
T7,6,0,80,10
[260]
T1,0,1,35,2
T2,1,1,165,18
T3,2,0,110,2
T4,3,1,200,2
T5,4,0,48,2
T6,5,1,182,13
T7,6,1,91,18
[261]
T1,0,0,50,2
T2,1,0,175,41
T3,2,0,156,7
T4,3,0,100,8
T5,4,1,200,3
T6,5,1,28,2
T7,6,1,90,2
[262]
T1,0,1,49,1
T2,1,0,170,7
T3,2,1,200,5
T4,3,1,48,3
T5,4,0,160,42
T6,5,1,57,2
T7,6,1,60,3
[263]
T1,0,0,169,8
T2,1,1,23,2
T3,2,1,168,1
T4,3,0,200,2
T5,4,1,78,5
T6,5,0,28,2
T7,6,0,60,16
[264]
T1,0,1,133,15
T2,1,0,70,1
T3,2,1,189,2
T4,3,1,200,29
T5,4,0,28,2
T6,5,0,21,2
T7,6,0,175,25
[265]
T1,0,0,46,6
T2,1,0,50,2
T3,2,0,200,8
T4,3,0,180,8
T5,4,0,125,11
T6,5,1,180,26
T7,6,1,123,4
[266]
T1,0,0,22,1
T2,1,0,177,5
T3,2,0,120,16
T4,3,0,176,28
T5,4,1,118,6
T6,5,0,50,2
T7,6,1,200,9
[267]
T1,0,1,175,9
T2,1,1,176,25
T3,2,1,25,2
T4,3,0,144,5
T5,4,0,110,14
T6,5,1,39,2
T7,6,1,200,21
[268]
T1,0,0,87,5
T2,1,0,30,2
T3,2,1,150,9
T4,3,0,200,5
T5,4,0,104,22
T6,5,1,21,2
T7,6,1,195,6
[269]
T1,0,0,150,6
T2,1,1,30,1
T3,2,1,198,25
T4,3,1,45,5
T5,4,1,75,2
T6,5,0,124,16
T7,6,1,200,6
[270]
T1,0,1,144,29
T2,1,1,189,4
T3,2,1,200,1
T4,3,1,33,2
T5,4,1,26,2
T6,5,1,144,19
T7,6,1,168,4
[271]
T1,0,0,41,2
T2,1,1,133,12
T3,2,1,200,24
T4,3,0,84,7
T5,4,1,45,3
T6,5,1,180,4
T7,6,0,168,4
[272]
T1,0,0,138,9
T2,1,0,200,10
T3,2,1,64,2
T4,3,1,184,8
T5,4,1,54,7
T6,5,1,32,4
T7,6,1,150,4
[273]
T1,0,0,20,2
T2,1,0,90,4
T3,2,0,53,2
T4,3,0,190,9
T5,4,1,200,15
T6,5,1,76,18
T7,6,1,176,7
[274]
T1,0,0,196,32
T2,1,0,200,2
T3,2,0,57,8
T4,3,0,190,3
T5,4,1,57,2
T6,5,1,29,4
T7,6,0,49,2
[275]
T1,0,1,88,10
T2,1,1,25,2
T3,2,1,200,11
T4,3,1,132,3
T5,4,1,187,8
T6,5,1,170,14
T7,6,0,32,5
[276]
T1,0,0,200,29
T2,1,0,69,1
T3,2,0,30,2
T4,3,1,24,2
T5,4,1,76,8
T6,5,1,152,5
T7,6,0,180,10
[277]
T1,0,0,184,22
T2,1,1,23,2
T3,2,1,115,1
T4,3,1,37,1
T5,4,0,161,1
T6,5,1,100,15
T7,6,0,200,9
[278]
T1,0,0,153,6
T2,1,0,50,2
T3,2,0,200,19
T4,3,1,175,10
T5,4,1,43,4
T6,5,0,54,2
T7,6,0,90,7
[279]
T1,0,1,200,8
T2,1,0,48,7
T3,2,1,41,2
T4,3,0,80,11
T5,4,0,195,16
T6,5,0,183,1
T7,6,1,65,2
[280]
T1,0,0,92,10
T2,1,0,34,1
T3,2,1,43,7
T4,3,1,180,5
T5,4,0,180,2
T6,5,0,120,3
T7,6,1,200,16
[281]
T1,0,1,182,12
T2,1,0,41,4
T3,2,1,195,11
T4,3,0,72,3
T5,4,1,200,15
T6,5,0,48,3
T7,6,0,108,6
[282]
T1,0,0,153,18
T2,1,1,90,4
T3,2,1,40,2
T4,3,1,187,12
T5,4,1,200,26
T6,5,1,85,2
T7,6,0,31,2
[283]
T1,0,0,150,13
T2,1,0,200,18
T3,2,1,84,2
T4,3,0,175,23
T5,4,1,48,2
T6,5,1,79,13
T7,6,0,53,2
[284]
T1,0,1,174,2
T2,1,1,116,15
T3,2,0,200,25
T4,3,0,88,2
T5,4,1,25,2
T6,5,0,165,27
T7,6,0,43,1
[285]
T1,0,0,200,2
T2,1,1,40,1
T3,2,1,150,4
T4,3,0,147,26
T5,4,1,175,3
T6,5,1,41,2
T7,6,0,58,12
[286]
T1,0,1,200,22
T2,1,1,30,3
T3,2,0,152,5
T4,3,0,76,3
T5,4,0,40,2
T6,5,1,94,6
T7,6,1,190,11
[287]
T1,0,1,112,2
T2,1,0,200,9
T3,2,1,30,2
T4,3,0,44,10
T5,4,1,154,3
T6,5,1,152,5
T7,6,0,56,4
[288]
T1,0,0,176,15
T2,1,0,48,7
T3,2,0,55,2
T4,3,0,88,4
T5,4,0,153,14
T6,5,1,200,8
T7,6,0,30,1
[289]
T1,0,0,36,8
T2,1,1,140,1
T3,2,0,198,7
T4,3,0,200,8
T5,4,0,165,7
T6,5,1,84,2
T7,6,1,42,4
[290]
T1,0,1,168,6
T2,1,0,200,16
T3,2,1,84,4
T4,3,1,155,6
T5,4,0,40,2
T6,5,0,120,10
T7,6,1,52,10
[291]
T1,0,1,180,2
T2,1,1,147,31
T3,2,1,180,5
T4,3,0,43,1
T5,4,1,20,1
T6,5,1,56,4
T7,6,0,200,13
[292]
T1,0,1,200,1
T2,1,0,136,5
T3,2,0,170,9
T4,3,1,39,8
T5,4,1,119,5
T6,5,1,189,15
T7,6,0,27,1
[293]
T1,0,0,200,47
T2,1,1,84,1
T3,2,0,182,1
T4,3,1,36,2
T5,4,1,32,1
T6,5,1,144,2
T7,6,1,168,21
[294]
T1,0,0,170,1
T2,1,0,80,5
T3,2,1,56,2
T4,3,1,180,18
T5,4,1,200,1
T6,5,0,21,2
T7,6,0,52,10
[295]
T1,0,1,47,1
T2,1,1,150,3
T3,2,0,108,1
T4,3,1,165,4
T5,4,0,25,2
T6,5,0,120,2
T7,6,1,200,76
[296]
T1,0,1,148,25
T2,1,1,42,5
T3,2,1,176,2
T4,3,0,20,1
T5,4,1,200,7
T6,5,0,111,10
T7,6,1,100,2
[297]
T1,0,0,165,23
T2,1,0,200,17
T3,2,1,40,2
T4,3,0,154,19
T5,4,0,22,2
T6,5,0,90,9
T7,6,0,140,4
[298]
T1,0,1,76,11
T2,1,1,50,1
T3,2,1,200,41
T4,3,1,150,2
T5,4,0,51,2
T6,5,0,75,2
T7,6,1,156,7
[299]
T1,0,0,200,8
T2,1,0,189,13
T3,2,0,171,2
T4,3,0,126,2
T5,4,1,42,12
T6,5,1,120,4
T7,6,0,42,1
[300]
T1,0,1,24,1
T2,1,0,150,1
T3,2,1,200,17
T4,3,0,150,16
T5,4,0,85,4
T6,5,0,41,6
T7,6,0,112,2
[301]
T1,0,0,176,3
T2,1,1,24,2
T3,2,0,25,2
T4,3,1,63,7
T5,4,1,160,8
T6,5,1,55,10
T7,6,0,200,10
[302]
T1,0,1,154,10
T2,1,0,33,3
T3,2,1,154,9
T4,3,0,121,8
T5,4,0,200,3
T6,5,0,88,6
T7,6,0,49,5
[303]
T1,0,0,200,40
T2,1,0,120,2
T3,2,0,192,15
T4,3,0,89,12
T5,4,0,192,1
T6,5,0,20,2
T7,6,0,31,2
[304]
T1,0,0,104,2
T2,1,0,42,10
T3,2,0,192,3
T4,3,1,52,1
T5,4,0,200,1
T6,5,0,175,26
T7,6,0,112,2
[305]
T1,0,1,39,2
T2,1,1,147,3
T3,2,1,98,18
T4,3,1,147,8
T5,4,1,196,4
T6,5,1,21,2
T7,6,1,200,15
[306]
T1,0,0,55,2
T2,1,0,200,26
T3,2,0,98,3
T4,3,0,27,2
T5,4,0,176,8
T6,5,1,30,2
T7,6,1,150,19
[307]
T1,0,0,44,1
T2,1,1,108,7
T3,2,0,161,3
T4,3,0,90,19
T5,4,0,150,5
T6,5,1,21,2
T7,6,1,200,16
[308]
T1,0,1,43,6
T2,1,1,200,13
T3,2,1,170,2
T4,3,0,190,2
T5,4,0,100,12
T6,5,1,50,6
T7,6,0,65,2
[309]
T1,0,1,168,19
T2,1,1,40,1
T3,2,0,132,4
T4,3,0,60,3
T5,4,0,200,19
T6,5,0,45,1
T7,6,1,147,17
[310]
T1,0,0,147,4
T2,1,0,168,29
T3,2,1,200,45
T4,3,1,182,1
T5,4,1,44,2
T6,5,1,50,2
T7,6,0,75,3
[311]
T1,0,0,25,1
T2,1,1,200,24
T3,2,0,156,6
T4,3,0,189,14
T5,4,0,80,3
T6,5,1,35,2
T7,6,0,140,18
[312]
T1,0,0,27,1
T2,1,1,187,28
T3,2,1,125,15
T4,3,0,136,8
T5,4,1,200,5
T6,5,1,165,13
T7,6,0,20,2
[313]
T1,0,1,20,2
T2,1,0,153,18
T3,2,1,170,11
T4,3,1,93,2
T5,4,1,200,2
T6,5,0,124,8
T7,6,1,50,4
[314]
T1,0,0,190,3
T2,1,0,77,10
T3,2,1,200,21
T4,3,1,20,1
T5,4,1,154,2
T6,5,0,110,14
T7,6,0,50,2
[315]
T1,0,0,100,2
T2,1,0,72,16
T3,2,1,38,2
T4,3,0,50,3
T5,4,0,180,3
T6,5,0,196,11
T7,6,0,200,19
[316]
T1,0,1,90,5
T2,1,1,200,7
T3,2,1,180,11
T4,3,1,176,38
T5,4,1,28,1
T6,5,0,100,5
T7,6,0,50,2
[317]
T1,0,0,145,1
T2,1,1,200,7
T3,2,0,47,1
T4,3,1,87,17
T5,4,1,50,2
T6,5,0,156,17
T7,6,0,156,16
[318]
T1,0,0,83,7
T2,1,1,190,2
T3,2,1,51,8
T4,3,0,30,2
T5,4,0,200,14
T6,5,0,75,4
T7,6,1,166,13
[319]
T1,0,1,34,2
T2,1,1,48,2
T3,2,0,120,42
T4,3,0,80,4
T5,4,1,183,2
T6,5,0,200,2
T7,6,0,156,10
[320]
T1,0,0,50,2
T2,1,0,123,5
T3,2,0,174,4
T4,3,1,82,5
T5,4,1,150,3
T6,5,0,200,15
T7,6,0,24,6
[321]
T1,0,1,200,44
T2,1,1,87,10
T3,2,1,180,8
T4,3,1,44,1
T5,4,1,198,7
T6,5,0,87,3
T7,6,0,41,2
[322]
T1,0,0,135,17
T2,1,1,180,11
T3,2,0,160,15
T4,3,0,200,1
T5,4,0,144,16
T6,5,0,34,2
T7,6,0,43,2
[323]
T1,0,1,165,8
T2,1,1,44,2
T3,2,1,143,14
T4,3,1,200,22
T5,4,1,66,1
T6,5,0,180,16
T7,6,0,46,5
[324]
T1,0,1,22,2
T2,1,0,48,7
T3,2,0,200,16
T4,3,1,156,4
T5,4,0,65,2
T6,5,0,85,8
T7,6,1,180,23
[325]
T1,0,1,42,4
T2,1,0,37,1
T3,2,0,135,3
T4,3,1,200,15
T5,4,0,72,3
T6,5,0,175,13
T7,6,1,154,21
[326]
T1,0,0,177,9
T2,1,0,118,4
T3,2,1,140,6
T4,3,0,180,16
T5,4,1,49,6
T6,5,1,200,10
T7,6,1,50,4
[327]
T1,0,0,20,2
T2,1,0,150,2
T3,2,1,48,1
T4,3,0,200,11
T5,4,0,104,16
T6,5,1,156,5
T7,6,1,80,7
[328]
T1,0,1,25,3
T2,1,0,81,7
T3,2,1,60,2
T4,3,0,168,15
T5,4,1,200,2
T6,5,1,27,2
T7,6,0,189,5
[329]
T1,0,0,52,2
T2,1,0,65,2
T3,2,1,132,1
T4,3,1,43,2
T5,4,1,200,37
T6,5,1,168,20
T7,6,1,182,12
[330]
T1,0,1,200,3
T2,1,0,75,10
T3,2,0,175,1
T4,3,1,32,6
T5,4,1,91,1
T6,5,0,182,16
T7,6,0,23,2
[331]
T1,0,1,114,12
T2,1,1,40,2
T3,2,1,168,2
T4,3,1,110,24
T5,4,1,165,3
T6,5,1,200,11
T7,6,1,45,2
[332]
T1,0,1,126,2
T2,1,0,155,7
T3,2,0,140,2
T4,3,0,28,2
T5,4,0,53,3
T6,5,1,150,29
T7,6,1,200,27
[333]
T1,0,0,110,9
T2,1,0,104,11
T3,2,1,175,3
T4,3,0,46,5
T5,4,1,165,21
T6,5,0,20,2
T7,6,0,200,1
[334]
T1,0,1,35,1
T2,1,1,150,4
T3,2,0,20,1
T4,3,0,125,15
T5,4,0,63,2
T6,5,0,200,7
T7,6,0,182,41
[335]
T1,0,0,160,5
T2,1,1,29,2
T3,2,1,104,13
T4,3,0,160,9
T5,4,0,78,2
T6,5,0,28,2
T7,6,1,200,18
[336]
T1,0,0,198,2
T2,1,0,26,2
T3,2,1,34,3
T4,3,0,150,35
T5,4,0,200,10
T6,5,0,143,7
T7,6,0,120,4
[337]
T1,0,1,200,38
T2,1,0,56,2
T3,2,1,96,1
T4,3,1,28,2
T5,4,0,192,13
T6,5,0,33,3
T7,6,1,147,10
[338]
T1,0,0,115,17
T2,1,1,24,2
T3,2,0,200,10
T4,3,0,138,2
T5,4,0,153,12
T6,5,1,184,1
T7,6,1,35,6
[339]
T1,0,1,200,3
T2,1,1,180,11
T3,2,0,147,17
T4,3,1,25,4
T5,4,1,49,2
T6,5,0,100,5
T7,6,0,189,11
[340]
T1,0,1,165,2
T2,1,0,175,11
T3,2,0,80,1
T4,3,1,35,2
T5,4,0,25,2
T6,5,0,200,43
T7,6,0,72,11
[341]
T1,0,0,88,6
T2,1,0,22,2
T3,2,0,200,1
T4,3,1,160,25
T5,4,0,43,6
T6,5,1,185,2
T7,6,0,75,2
[342]
T1,0,1,150,19
T2,1,0,168,3
T3,2,1,112,1
T4,3,0,24,1
T5,4,0,49,10
T6,5,0,126,4
T7,6,1,200,7
[343]
T1,0,0,78,5
T2,1,1,156,2
T3,2,1,52,1
T4,3,0,27,4
T5,4,0,200,26
T6,5,1,190,15
T7,6,1,72,1
[344]
T1,0,1,45,1
T2,1,0,200,4
T3,2,1,108,1
T4,3,0,144,16
T5,4,1,40,4
T6,5,0,180,22
T7,6,0,150,11
[345]
T1,0,1,120,1
T2,1,0,43,2
T3,2,1,200,37
T4,3,1,150,1
T5,4,0,136,12
T6,5,0,182,16
T7,6,1,24,1
[346]
T1,0,1,44,2
T2,1,0,200,8
T3,2,1,171,9
T4,3,1,175,40
T5,4,1,76,5
T6,5,0,35,2
T7,6,1,54,1
[347]
T1,0,0,200,4
T2,1,0,20,2
T3,2,1,24,2
T4,3,1,180,2
T5,4,0,132,6
T6,5,0,190,45
T7,6,0,110,10
[348]
T1,0,0,159,2
T2,1,0,32,2
T3,2,1,144,2
T4,3,1,200,13
T5,4,1,40,7
T6,5,1,64,13
T7,6,1,160,4
[349]
T1,0,1,52,4
T2,1,1,200,1
T3,2,1,100,13
T4,3,1,116,12
T5,4,0,160,2
T6,5,0,160,5
T7,6,1,50,6
[350]
T1,0,1,180,13
T2,1,1,195,17
T3,2,0,34,3
T4,3,1,36,2
T5,4,0,130,15
T6,5,0,135,1
T7,6,1,200,2
[351]
T1,0,0,65,6
T2,1,0,165,16
T3,2,1,130,14
T4,3,0,29,2
T5,4,1,200,10
T6,5,1,25,2
T7,6,1,176,4
[352]
T1,0,1,99,1
T2,1,1,165,4
T3,2,0,200,22
T4,3,0,44,4
T5,4,1,56,6
T6,5,0,189,14
T7,6,1,50,2
[353]
T1,0,0,190,10
T2,1,0,51,2
T3,2,0,57,3
T4,3,0,25,3
T5,4,1,120,1
T6,5,1,160,29
T7,6,0,200,9
[354]
T1,0,0,148,2
T2,1,1,200,31
T3,2,1,33,1
T4,3,1,160,18
T5,4,1,32,1
T6,5,1,112,4
T7,6,0,75,6
[355]
T1,0,0,175,6
T2,1,0,40,2
T3,2,0,100,2
T4,3,0,42,7
T5,4,1,200,2
T6,5,1,190,24
T7,6,1,98,4
[356]
T1,0,1,100,2
T2,1,0,196,21
T3,2,0,180,21
T4,3,0,200,4
T5,4,0,20,1
T6,5,1,52,3
T7,6,0,135,10
[357]
T1,0,0,200,16
T2,1,1,108,7
T3,2,0,68,10
T4,3,0,40,2
T5,4,0,180,4
T6,5,1,150,15
T7,6,1,27,1
[358]
T1,0,1,100,9
T2,1,0,182,4
T3,2,0,34,2
T4,3,0,85,13
T5,4,0,31,1
T6,5,1,195,12
T7,6,1,200,21
[359]
T1,0,1,29,4
T2,1,1,58,3
T3,2,1,54,2
T4,3,0,175,30
T5,4,0,58,2
T6,5,0,200,5
T7,6,0,147,8
[360]
T1,0,0,48,7
T2,1,1,180,2
T3,2,1,152,14
T4,3,1,100,4
T5,4,1,90,2
T6,5,0,29,4
T7,6,0,200,4
[361]
T1,0,1,23,1
T2,1,1,56,1
T3,2,1,160,18
T4,3,0,70,3
T5,4,1,50,4
T6,5,1,160,12
T7,6,0,200,18
[362]
T1,0,1,104,12
T2,1,0,195,2
T3,2,1,78,3
T4,3,1,24,2
T5,4,1,158,4
T6,5,0,200,18
T7,6,1,45,4
[363]
T1,0,0,100,7
T2,1,1,36,2
T3,2,0,38,1
T4,3,0,60,7
T5,4,1,150,9
T6,5,0,174,8
T7,6,0,200,22
[364]
T1,0,1,50,2
T2,1,1,198,1
T3,2,0,54,2
T4,3,0,200,10
T5,4,1,90,16
T6,5,1,60,8
T7,6,0,162,10
[365]
T1,0,1,200,48
T2,1,0,156,3
T3,2,1,153,7
T4,3,1,28,2
T5,4,1,75,6
T6,5,0,144,7
T7,6,0,40,2
[366]
T1,0,1,175,9
T2,1,1,100,5
T3,2,1,112,20
T4,3,0,42,2
T5,4,0,200,13
T6,5,1,171,11
T7,6,0,42,2
[367]
T1,0,1,76,4
T2,1,0,200,19
T3,2,1,38,2
T4,3,0,152,9
T5,4,1,68,11
T6,5,1,36,1
T7,6,0,170,8
[368]
T1,0,1,160,11
T2,1,0,29,2
T3,2,1,44,4
T4,3,1,96,2
T5,4,1,124,8
T6,5,1,186,31
T7,6,0,200,9
[369]
T1,0,1,100,3
T2,1,0,185,9
T3,2,0,144,37
T4,3,1,200,2
T5,4,1,28,2
T6,5,0,175,5
T7,6,0,35,3
[370]
T1,0,0,165,7
T2,1,1,200,1
T3,2,0,144,15
T4,3,1,54,2
T5,4,1,99,13
T6,5,1,49,7
T7,6,0,192,9
[371]
T1,0,1,37,1
T2,1,1,28,2
T3,2,0,200,7
T4,3,0,189,2
T5,4,0,63,1
T6,5,1,76,5
T7,6,0,175,34
[372]
T1,0,0,182,10
T2,1,1,126,12
T3,2,1,42,3
T4,3,1,84,2
T5,4,1,189,14
T6,5,1,200,11
T7,6,0,49,4
[373]
T1,0,1,41,1
T2,1,1,154,33
T3,2,0,70,2
T4,3,1,150,2
T5,4,0,200,14
T6,5,0,27,3
T7,6,0,72,2
[374]
T1,0,0,60,2
T2,1,0,192,35
T3,2,1,52,6
T4,3,1,200,2
T5,4,1,150,2
T6,5,1,40,3
T7,6,1,88,2
[375]
T1,0,1,175,1
T2,1,0,200,14
T3,2,0,160,1
T4,3,1,56,1
T5,4,0,35,4
T6,5,0,25,2
T7,6,1,69,9
[376]
T1,0,0,187,16
T2,1,1,176,2
T3,2,0,200,21
T4,3,0,45,4
T5,4,0,30,2
T6,5,0,72,12
T7,6,1,66,2
[377]
T1,0,1,200,1
T2,1,0,25,2
T3,2,0,180,27
T4,3,1,175,7
T5,4,0,72,13
T6,5,1,25,1
T7,6,0,85,2
[378]
T1,0,0,116,2
T2,1,1,195,28
T3,2,1,195,14
T4,3,0,200,33
T5,4,0,45,2
T6,5,0,47,1
T7,6,1,75,2
[379]
T1,0,0,171,2
T2,1,1,120,5
T3,2,1,42,2
T4,3,1,200,30
T5,4,0,31,2
T6,5,0,133,7
T7,6,1,180,32
[380]
T1,0,0,200,12
T2,1,1,76,8
T3,2,1,190,8
T4,3,1,45,1
T5,4,0,55,3
T6,5,1,39,6
T7,6,1,150,1
[381]
T1,0,1,200,1
T2,1,1,112,16
T3,2,0,80,6
T4,3,1,174,9
T5,4,1,30,2
T6,5,1,175,20
T7,6,1,31,2
[382]
T1,0,1,100,5
T2,1,1,152,5
T3,2,1,40,2
T4,3,0,38,2
T5,4,0,152,20
T6,5,1,200,6
T7,6,1,137,22
[383]
T1,0,1,200,1
T2,1,1,35,2
T3,2,0,180,29
T4,3,0,66,6
T5,4,1,41,6
T6,5,0,66,1
T7,6,0,150,3
[384]
T1,0,1,200,32
T2,1,0,56,3
T3,2,0,106,2
T4,3,0,37,4
T5,4,1,28,2
T6,5,1,160,2
T7,6,0,160,8
[385]
T1,0,0,112,3
T2,1,1,112,15
T3,2,0,196,10
T4,3,1,37,1
T5,4,1,25,1
T6,5,1,148,3
T7,6,1,200,32
[386]
T1,0,1,200,1
T2,1,1,143,6
T3,2,1,37,4
T4,3,0,168,10
T5,4,1,195,19
T6,5,0,33,4
T7,6,0,75,3
[387]
T1,0,1,176,2
T2,1,0,171,6
T3,2,1,20,2
T4,3,0,200,24
T5,4,0,99,10
T6,5,1,33,2
T7,6,0,66,13
[388]
T1,0,1,200,2
T2,1,1,37,2
T3,2,1,77,2
T4,3,0,175,1
T5,4,0,60,10
T6,5,0,35,7
T7,6,1,195,11
[389]
T1,0,1,114,2
T2,1,1,46,1
T3,2,1,152,28
T4,3,0,36,1
T5,4,1,200,11
T6,5,0,84,9
T7,6,1,180,10
[390]
T1,0,0,200,8
T2,1,0,112,5
T3,2,1,150,37
T4,3,0,31,2
T5,4,0,175,20
T6,5,0,132,2
T7,6,0,45,2
[391]
T1,0,1,192,3
T2,1,1,40,13
T3,2,0,34,1
T4,3,1,100,2
T5,4,0,80,4
T6,5,1,159,2
T7,6,0,200,3
[392]
T1,0,0,160,7
T2,1,1,200,16
T3,2,0,182,4
T4,3,0,70,3
T5,4,1,44,2
T6,5,1,40,5
T7,6,1,77,12
[393]
T1,0,0,165,10
T2,1,1,48,2
T3,2,0,80,5
T4,3,0,180,2
T5,4,0,200,19
T6,5,1,20,2
T7,6,1,117,26
[394]
T1,0,1,49,2
T2,1,0,28,2
T3,2,0,110,16
T4,3,0,176,9
T5,4,1,152,15
T6,5,0,56,8
T7,6,1,200,6
[395]
T1,0,1,35,2
T2,1,0,200,9
T3,2,1,23,1
T4,3,1,160,4
T5,4,1,84,22
T6,5,1,100,2
T7,6,0,170,2
[396]
T1,0,1,150,14
T2,1,0,115,4
T3,2,0,200,26
T4,3,1,124,2
T5,4,0,48,2
T6,5,1,48,1
T7,6,0,155,27
[397]
T1,0,0,200,4
T2,1,0,168,21
T3,2,1,25,2
T4,3,0,140,5
T5,4,0,48,2
T6,5,0,175,39
T7,6,1,60,3
[398]
T1,0,0,140,2
T2,1,0,27,2
T3,2,0,77,5
T4,3,0,200,16
T5,4,1,187,24
T6,5,0,175,14
T7,6,1,51,5
[399]
T1,0,1,148,4
T2,1,1,74,19
T3,2,1,111,6
T4,3,1,24,1
T5,4,1,200,5
T6,5,0,180,5
T7,6,1,28,2
[400]
T1,0,0,164,10
T2,1,1,200,25
T3,2,1,70,3
T4,3,1,22,2
T5,4,0,154,15
T6,5,0,82,1
T7,6,0,44,2
[401]
T1,0,1,160,3
T2,1,1,23,2
T3,2,0,156,2
T4,3,1,200,29
T5,4,0,69,15
T6,5,0,30,2
T7,6,1,75,6
[402]
T1,0,1,200,10
T2,1,0,25,1
T3,2,0,63,7
T4,3,0,150,27
T5,4,0,168,7
T6,5,1,81,3
T7,6,1,35,2
[403]
T1,0,1,35,11
T2,1,0,84,4
T3,2,0,64,1
T4,3,0,152,7
T5,4,1,44,2
T6,5,1,160,3
T7,6,1,200,2
[404]
T1,0,1,200,4
T2,1,0,48,3
T3,2,1,160,5
T4,3,0,75,10
T5,4,1,143,3
T6,5,1,200,31
T7,6,0,24,1
[405]
T1,0,0,30,4
T2,1,1,168,18
T3,2,1,200,15
T4,3,1,85,2
T5,4,0,72,5
T6,5,1,24,1
T7,6,0,153,1
[406]
T1,0,1,117,1
T2,1,0,160,20
T3,2,1,200,29
T4,3,1,104,11
T5,4,0,33,2
T6,5,1,30,2
T7,6,1,195,2
[407]
T1,0,1,65,6
T2,1,0,180,16
T3,2,0,40,2
T4,3,0,56,2
T5,4,0,168,16
T6,5,0,29,2
T7,6,1,200,3
[408]
T1,0,1,155,2
T2,1,0,25,2
T3,2,0,30,1
T4,3,1,80,13
T5,4,0,200,6
T6,5,1,130,2
T7,6,0,160,20
[409]
T1,0,0,195,40
T2,1,0,200,4
T3,2,1,46,1
T4,3,1,60,1
T5,4,0,192,5
T6,5,0,104,10
T7,6,0,30,2
[410]
T1,0,1,200,20
T2,1,0,160,21
T3,2,1,40,2
T4,3,1,36,2
T5,4,0,64,3
T6,5,0,180,21
T7,6,0,69,5
[411]
T1,0,1,140,8
T2,1,1,28,2
T3,2,0,160,10
T4,3,0,200,1
T5,4,0,190,14
T6,5,0,45,4
T7,6,0,57,9
[412]
T1,0,1,189,4
T2,1,1,200,1
T3,2,0,72,2
T4,3,1,63,10
T5,4,0,23,2
T6,5,0,180,13
T7,6,0,45,7
[413]
T1,0,0,175,14
T2,1,1,121,12
T3,2,1,35,4
T4,3,1,200,11
T5,4,1,49,3
T6,5,1,150,5
T7,6,0,66,1
[414]
T1,0,0,45,4
T2,1,0,24,2
T3,2,0,110,2
T4,3,1,175,28
T5,4,1,75,2
T6,5,1,200,13
T7,6,1,196,26
[415]
T1,0,1,200,50
T2,1,1,154,1
T3,2,1,110,1
T4,3,0,26,2
T5,4,0,21,1
T6,5,0,108,4
T7,6,1,150,3
[416]
T1,0,0,200,2
T2,1,0,198,1
T3,2,0,26,1
T4,3,0,176,7
T5,4,1,75,10
T6,5,0,39,9
T7,6,1,75,2
[417]
T1,0,0,46,2
T2,1,1,180,4
T3,2,1,150,21
T4,3,0,105,11
T5,4,1,200,16
T6,5,0,46,2
T7,6,1,72,5
[418]
T1,0,1,152,21
T2,1,0,104,3
T3,2,1,200,19
T4,3,0,156,2
T5,4,0,96,11
T6,5,0,35,2
T7,6,1,39,1
[419]
T1,0,1,53,6
T2,1,0,150,18
T3,2,1,26,2
T4,3,0,78,3
T5,4,1,200,1
T6,5,1,75,1
T7,6,1,192,33
[420]
T1,0,0,33,2
T2,1,0,49,3
T3,2,0,162,21
T4,3,1,200,4
T5,4,0,162,9
T6,5,1,144,25
T7,6,1,55,1
[421]
T1,0,1,136,2
T2,1,1,154,7
T3,2,0,165,21
T4,3,0,48,8
T5,4,1,56,1
T6,5,0,33,2
T7,6,0,200,16
[422]
T1,0,0,125,1
T2,1,0,165,2
T3,2,0,25,6
T4,3,0,168,7
T5,4,0,99,12
T6,5,0,41,1
T7,6,1,200,3
[423]
T1,0,1,176,3
T2,1,0,140,14
T3,2,0,200,4
T4,3,0,42,2
T5,4,1,35,2
T6,5,1,176,14
T7,6,0,121,25
[424]
T1,0,1,200,20
T2,1,0,63,2
T3,2,1,180,34
T4,3,0,147,2
T5,4,0,40,4
T6,5,1,75,1
T7,6,1,27,2
[425]
T1,0,1,46,2
T2,1,1,75,5
T3,2,0,176,16
T4,3,0,176,2
T5,4,0,200,43
T6,5,1,50,2
T7,6,1,124,3
[426]
T1,0,0,32,4
T2,1,1,200,20
T3,2,0,130,3
T4,3,1,85,7
T5,4,0,160,11
T6,5,0,195,17
T7,6,1,40,2
[427]
T1,0,1,36,2
T2,1,1,200,9
T3,2,0,100,1
T4,3,1,174,22
T5,4,0,38,5
T6,5,1,156,16
T7,6,1,87,4
[428]
T1,0,1,88,13
T2,1,1,47,3
T3,2,0,36,1
T4,3,1,200,1
T5,4,0,144,2
T6,5,1,160,9
T7,6,1,160,21
[429]
T1,0,1,24,2
T2,1,0,33,1
T3,2,1,75,4
T4,3,0,200,25
T5,4,1,165,23
T6,5,1,192,3
T7,6,1,84,6
[430]
T1,0,0,150,6
T2,1,1,21,1
T3,2,0,34,2
T4,3,1,168,1
T5,4,0,58,1
T6,5,1,200,19
T7,6,0,145,38
[431]
T1,0,0,174,7
T2,1,1,29,2
T3,2,0,156,2
T4,3,1,100,4
T5,4,0,200,16
T6,5,0,104,22
T7,6,0,32,2
[432]
T1,0,0,150,6
T2,1,0,189,16
T3,2,0,200,32
T4,3,1,120,1
T5,4,1,120,2
T6,5,0,40,5
T7,6,1,49,2
[433]
T1,0,0,66,4
T2,1,1,186,54
T3,2,1,25,2
T4,3,0,200,4
T5,4,1,176,2
T6,5,1,88,7
T7,6,0,48,2
[434]
T1,0,0,200,33
T2,1,0,60,2
T3,2,0,31,2
T4,3,0,192,14
T5,4,1,120,6
T6,5,1,40,1
T7,6,0,179,14
[435]
T1,0,0,152,16
T2,1,0,160,5
T3,2,0,20,1
T4,3,0,200,8
T5,4,0,52,2
T6,5,1,104,6
T7,6,0,130,23
[436]
T1,0,0,80,5
T2,1,0,160,13
T3,2,1,200,9
T4,3,0,21,2
T5,4,0,196,12
T6,5,0,72,4
T7,6,1,37,5
[437]
T1,0,1,200,21
T2,1,0,150,5
T3,2,1,105,2
T4,3,1,112,5
T5,4,1,47,6
T6,5,1,35,5
T7,6,1,186,2
[438]
T1,0,0,192,17
T2,1,0,140,2
T3,2,1,154,9
T4,3,0,35,3
T5,4,1,200,3
T6,5,0,80,10
T7,6,1,46,4
[439]
T1,0,1,38,2
T2,1,1,160,19
T3,2,0,114,8
T4,3,0,168,12
T5,4,1,38,1
T6,5,1,133,1
T7,6,0,200,26
[440]
T1,0,1,200,19
T2,1,1,40,2
T3,2,0,165,33
T4,3,1,124,16
T5,4,1,40,2
T6,5,1,176,4
T7,6,0,55,1
[441]
T1,0,0,159,10
T2,1,0,150,5
T3,2,1,64,2
T4,3,0,27,2
T5,4,0,30,2
T6,5,1,75,19
T7,6,0,200,2
[442]
T1,0,0,75,1
T2,1,0,56,9
T3,2,0,40,2
T4,3,1,29,1
T5,4,0,192,12
T6,5,1,200,22
T7,6,0,175,12
[443]
T1,0,0,47,2
T2,1,1,200,2
T3,2,1,50,6
T4,3,1,120,15
T5,4,0,168,16
T6,5,0,175,12
T7,6,1,56,1
[444]
T1,0,1,150,29
T2,1,1,80,2
T3,2,1,148,2
T4,3,0,120,7
T5,4,0,26,2
T6,5,0,200,34
T7,6,1,37,1
[445]
T1,0,0,50,4
T2,1,1,198,5
T3,2,1,45,2
T4,3,0,135,15
T5,4,0,144,6
T6,5,1,160,19
T7,6,1,200,7
[446]
T1,0,0,51,2
T2,1,0,56,6
T3,2,1,30,2
T4,3,0,152,17
T5,4,0,165,2
T6,5,0,70,13
T7,6,0,200,2
[447]
T1,0,0,72,2
T2,1,1,28,2
T3,2,0,150,13
T4,3,0,68,3
T5,4,1,200,13
T6,5,1,180,28
T7,6,1,26,2
[448]
T1,0,1,91,9
T2,1,0,20,3
T3,2,1,135,1
T4,3,1,46,2
T5,4,0,168,3
T6,5,0,200,8
T7,6,0,180,19
[449]
T1,0,0,30,2
T2,1,1,165,15
T3,2,0,200,5
T4,3,0,90,1
T5,4,0,68,2
T6,5,0,165,11
T7,6,0,29,7
[450]
T1,0,1,200,16
T2,1,1,21,1
T3,2,0,170,11
T4,3,1,119,8
T5,4,1,22,2
T6,5,0,136,5
T7,6,0,189,12
[451]
T1,0,0,35,2
T2,1,0,200,6
T3,2,0,176,49
T4,3,0,48,2
T5,4,1,138,11
T6,5,1,176,2
T7,6,0,144,2
[452]
T1,0,1,45,2
T2,1,0,77,2
T3,2,1,42,6
T4,3,1,63,15
T5,4,0,168,13
T6,5,0,200,2
T7,6,0,180,2
[453]
T1,0,0,200,6
T2,1,0,65,11
T3,2,1,80,2
T4,3,0,175,18
T5,4,0,53,3
T6,5,0,196,2
T7,6,0,48,5
[454]
T1,0,1,140,3
T2,1,0,192,18
T3,2,1,25,1
T4,3,0,80,3
T5,4,1,200,7
T6,5,0,35,3
T7,6,1,150,23
[455]
T1,0,0,40,4
T2,1,1,141,13
T3,2,0,200,5
T4,3,1,156,10
T5,4,1,50,3
T6,5,0,130,6
T7,6,0,150,9
[456]
T1,0,1,85,3
T2,1,1,27,1
T3,2,1,51,3
T4,3,1,168,2
T5,4,0,195,4
T6,5,1,200,2
T7,6,1,130,37
[457]
T1,0,0,160,6
T2,1,0,50,7
T3,2,0,160,10
T4,3,1,39,2
T5,4,0,200,10
T6,5,1,124,15
T7,6,1,120,6
[458]
T1,0,0,43,2
T2,1,1,150,14
T3,2,1,50,5
T4,3,0,58,2
T5,4,0,200,12
T6,5,1,150,18
T7,6,1,105,4
[459]
T1,0,0,105,4
T2,1,1,96,2
T3,2,1,31,3
T4,3,1,44,8
T5,4,1,150,12
T6,5,0,160,1
T7,6,1,200,9
[460]
T1,0,0,160,17
T2,1,1,200,3
T3,2,1,168,10
T4,3,1,32,6
T5,4,0,120,1
T6,5,0,29,1
T7,6,0,115,3
[461]
T1,0,1,91,2
T2,1,1,126,13
T3,2,1,156,16
T4,3,1,24,1
T5,4,0,180,1
T6,5,1,200,21
T7,6,0,30,2
[462]
T1,0,1,44,4
T2,1,1,200,28
T3,2,0,198,23
T4,3,1,160,7
T5,4,0,26,1
T6,5,1,108,4
T7,6,0,100,2
[463]
T1,0,0,57,4
T2,1,1,176,5
T3,2,1,22,1
T4,3,0,160,12
T5,4,0,20,2
T6,5,1,76,8
T7,6,1,200,30
[464]
T1,0,0,175,10
T2,1,1,200,7
T3,2,0,24,1
T4,3,0,52,1
T5,4,0,65,2
T6,5,0,195,39
T7,6,0,110,7
[465]
T1,0,0,88,11
T2,1,1,30,2
T3,2,1,198,2
T4,3,0,110,22
T5,4,1,45,2
T6,5,0,200,21
T7,6,0,192,7
[466]
T1,0,0,66,2
T2,1,1,43,7
T3,2,0,200,2
T4,3,1,176,5
T5,4,1,48,9
T6,5,0,176,7
T7,6,1,75,3
[467]
T1,0,1,41,4
T2,1,0,39,2
T3,2,1,65,2
T4,3,0,182,6
T5,4,1,55,7
T6,5,1,150,22
T7,6,1,200,10
[468]
T1,0,1,200,8
T2,1,1,161,1
T3,2,1,110,2
T4,3,1,22,2
T5,4,0,46,2
T6,5,0,161,4
T7,6,0,77,21
[469]
T1,0,0,20,2
T2,1,1,200,26
T3,2,0,176,17
T4,3,0,40,1
T5,4,1,66,9
T6,5,1,135,7
T7,6,1,189,3
[470]
T1,0,1,90,3
T2,1,0,175,3
T3,2,1,81,3
T4,3,1,40,1
T5,4,1,29,2
T6,5,1,200,40
T7,6,1,175,22
[471]
T1,0,1,40,2
T2,1,1,160,4
T3,2,1,176,2
T4,3,0,145,26
T5,4,0,200,18
T6,5,0,44,2
T7,6,0,87,10
[472]
T1,0,0,200,11
T2,1,1,168,18
T3,2,0,102,2
T4,3,1,47,2
T5,4,0,98,7
T6,5,1,49,3
T7,6,0,196,25
[473]
T1,0,1,196,3
T2,1,1,120,15
T3,2,0,40,2
T4,3,1,200,6
T5,4,0,150,2
T6,5,0,29,8
T7,6,0,66,2
[474]
T1,0,1,63,2
T2,1,0,200,19
T3,2,1,160,2
T4,3,1,47,2
T5,4,1,162,42
T6,5,0,96,4
T7,6,0,40,1
[475]
T1,0,0,82,19
T2,1,1,54,1
T3,2,1,20,2
T4,3,0,150,7
T5,4,0,58,2
T6,5,0,150,1
T7,6,1,200,20
[476]
T1,0,1,80,5
T2,1,0,175,43
T3,2,1,33,2
T4,3,0,155,17
T5,4,0,20,2
T6,5,1,140,7
T7,6,0,200,1
[477]
T1,0,0,21,2
T2,1,1,135,24
T3,2,1,156,9
T4,3,1,72,3
T5,4,0,200,6
T6,5,0,46,4
T7,6,0,175,14
[478]
T1,0,0,200,5
T2,1,0,150,9
T3,2,1,26,2
T4,3,1,45,5
T5,4,0,60,9
T6,5,0,120,1
T7,6,1,172,16
[479]
T1,0,1,88,7
T2,1,0,42,1
T3,2,0,176,7
T4,3,0,44,6
T5,4,1,150,7
T6,5,0,96,13
T7,6,0,200,2
[480]
T1,0,0,150,29
T2,1,1,40,2
T3,2,0,70,3
T4,3,0,150,17
T5,4,0,44,2
T6,5,1,113,2
T7,6,0,200,11
[481]
T1,0,1,196,33
T2,1,1,200,3
T3,2,1,70,6
T4,3,1,168,2
T5,4,1,55,3
T6,5,1,23,1
T7,6,1,35,3
[482]
T1,0,1,36,2
T2,1,1,175,8
T3,2,0,36,7
T4,3,0,147,2
T5,4,0,160,13
T6,5,0,112,6
T7,6,1,200,5
[483]
T1,0,1,114,21
T2,1,0,28,2
T3,2,1,200,5
T4,3,0,49,4
T5,4,1,75,4
T6,5,1,180,2
T7,6,1,180,16
[484]
T1,0,0,40,7
T2,1,1,120,3
T3,2,1,160,6
T4,3,0,200,19
T5,4,1,24,2
T6,5,0,193,18
T7,6,1,75,2
[485]
T1,0,1,91,9
T2,1,1,50,3
T3,2,1,156,2
T4,3,1,200,9
T5,4,1,150,22
T6,5,0,43,1
T7,6,0,135,14
[486]
T1,0,0,100,3
T2,1,1,153,8
T3,2,1,36,2
T4,3,0,119,7
T5,4,0,189,55
T6,5,1,32,2
T7,6,1,200,2
[487]
T1,0,1,200,16
T2,1,0,96,12
T3,2,0,140,2
T4,3,0,46,3
T5,4,1,161,9
T6,5,0,21,1
T7,6,1,175,13
[488]
T1,0,0,78,1
T2,1,1,28,1
T3,2,0,168,3
T4,3,1,27,3
T5,4,1,182,3
T6,5,0,200,27
T7,6,0,120,13
[489]
T1,0,1,200,27
T2,1,1,186,9
T3,2,0,34,1
T4,3,1,75,1
T5,4,0,190,18
T6,5,0,80,10
T7,6,1,20,2
[490]
T1,0,1,75,5
T2,1,0,96,21
T3,2,1,200,13
T4,3,0,31,2
T5,4,0,165,5
T6,5,1,192,4
T7,6,0,21,1
[491]
T1,0,1,170,16
T2,1,0,29,2
T3,2,1,50,1
T4,3,1,85,11
T5,4,0,198,12
T6,5,0,200,16
T7,6,1,144,3
[492]
T1,0,0,200,12
T2,1,1,155,5
T3,2,1,170,9
T4,3,0,93,11
T5,4,0,48,1
T6,5,0,68,10
T7,6,1,50,1
[493]
T1,0,0,75,1
T2,1,0,200,27
T3,2,0,66,5
T4,3,1,174,8
T5,4,0,34,1
T6,5,1,45,5
T7,6,1,180,7
[494]
T1,0,0,125,5
T2,1,1,88,2
T3,2,1,162,24
T4,3,1,200,18
T5,4,1,20,2
T6,5,1,50,4
T7,6,0,165,9
[495]
T1,0,0,116,19
T2,1,0,33,3
T3,2,1,200,9
T4,3,0,96,10
T5,4,0,45,2
T6,5,0,176,2
T7,6,0,165,2
[496]
T1,0,0,168,7
T2,1,0,110,9
T3,2,0,20,1
T4,3,0,192,23
T5,4,1,22,1
T6,5,0,200,23
T7,6,0,88,2
[497]
T1,0,0,170,23
T2,1,1,200,5
T3,2,1,153,4
T4,3,0,48,6
T5,4,1,56,6
T6,5,1,53,2
T7,6,0,84,2
[498]
T1,0,0,90,2
T2,1,1,180,3
T3,2,0,200,2
T4,3,0,195,20
T5,4,1,55,9
T6,5,1,24,1
T7,6,1,25,2
[499]
T1,0,1,176,2
T2,1,1,84,3
T3,2,0,32,2
T4,3,1,40,3
T5,4,0,200,29
T6,5,1,75,7
T7,6,1,160,16
[500]
T1,0,1,174,2
T2,1,1,75,11
T3,2,0,87,3
T4,3,1,40,3
T5,4,0,34,2
T6,5,0,200,13
T7,6,0,155,18
