num_task_per_taskset=7
num_taskset=500
//ID,Priority,Offset,Period,Execution Time
[1]
T1,0,0,189,17
T2,1,0,200,7
T3,2,0,175,5
T4,3,1,35,7
T5,4,0,63,2
T6,5,0,138,9
T7,6,0,48,2
[2]
T1,0,1,200,14
T2,1,1,176,4
T3,2,0,135,18
T4,3,1,120,16
T5,4,0,44,2
T6,5,0,189,14
T7,6,1,35,2
[3]
T1,0,0,200,11
T2,1,0,175,1
T3,2,0,108,22
T4,3,1,45,3
T5,4,0,45,4
T6,5,1,189,5
T7,6,1,84,1
[4]
T1,0,1,140,6
T2,1,1,152,27
T3,2,1,192,7
T4,3,0,60,2
T5,4,0,21,1
T6,5,1,200,23
T7,6,1,25,2
[5]
T1,0,1,161,14
T2,1,0,200,11
T3,2,0,170,24
T4,3,1,92,3
T5,4,0,70,3
T6,5,0,31,1
T7,6,0,20,1
[6]
T1,0,0,145,15
T2,1,0,198,8
T3,2,0,150,9
T4,3,0,200,9
T5,4,1,26,2
T6,5,1,87,1
T7,6,0,24,4
[7]
T1,0,1,75,10
T2,1,0,30,1
T3,2,0,180,11
T4,3,1,45,2
T5,4,0,72,14
T6,5,0,150,2
T7,6,0,200,11
[8]
T1,0,0,150,24
T2,1,0,200,8
T3,2,0,156,14
T4,3,1,140,2
T5,4,1,33,2
T6,5,1,85,9
T7,6,1,28,2
[9]
T1,0,0,23,1
T2,1,1,200,10
T3,2,1,140,10
T4,3,1,177,4
T5,4,0,56,6
T6,5,0,168,15
T7,6,1,45,3
[10]
T1,0,0,150,13
T2,1,1,200,17
T3,2,0,85,13
T4,3,0,100,2
T5,4,1,20,2
T6,5,0,40,2
T7,6,0,170,2
[11]
T1,0,1,200,12
T2,1,0,196,16
T3,2,1,56,9
T4,3,1,28,2
T5,4,1,43,1
T6,5,1,160,16
T7,6,1,96,2
[12]
T1,0,0,200,12
T2,1,0,32,4
T3,2,0,155,2
T4,3,1,120,21
T5,4,0,155,2
T6,5,1,94,8
T7,6,1,50,2
[13]
T1,0,0,92,5
T2,1,0,189,7
T3,2,0,45,2
T4,3,1,52,1
T5,4,0,108,4
T6,5,1,200,11
T7,6,1,168,33
[14]
T1,0,0,32,5
T2,1,1,177,6
T3,2,1,52,1
T4,3,0,118,12
T5,4,1,56,2
T6,5,1,150,2
T7,6,0,200,26
[15]
T1,0,1,66,3
T2,1,1,28,5
T3,2,1,160,7
T4,3,0,66,5
T5,4,1,42,1
T6,5,0,200,12
T7,6,1,192,1
[16]
T1,0,1,200,1
T2,1,1,168,23
T3,2,0,28,2
T4,3,0,85,2
T5,4,0,36,2
T6,5,1,105,15
T7,6,0,189,17
[17]
T1,0,0,48,2
T2,1,1,162,2
T3,2,1,190,21
T4,3,1,54,3
T5,4,0,120,1
T6,5,0,46,2
T7,6,1,200,45
[18]
T1,0,1,184,2
T2,1,1,85,1
T3,2,1,34,1
T4,3,1,184,9
T5,4,1,110,11
T6,5,1,54,3
T7,6,1,200,44
[19]
T1,0,0,91,21
T2,1,0,20,2
T3,2,0,176,17
T4,3,0,91,2
T5,4,0,200,14
T6,5,1,52,2
T7,6,0,175,5
[20]
T1,0,1,200,6
T2,1,0,100,10
T3,2,1,53,2
T4,3,1,90,15
T5,4,0,30,2
T6,5,0,171,7
T7,6,1,189,19
[21]
T1,0,1,65,2
T2,1,1,154,3
T3,2,1,200,5
T4,3,1,26,4
T5,4,0,195,24
T6,5,0,75,2
T7,6,1,25,2
[22]
T1,0,0,196,14
T2,1,1,175,11
T3,2,0,70,2
T4,3,1,29,2
T5,4,0,140,35
T6,5,1,46,1
T7,6,0,200,1
[23]
T1,0,0,156,5
T2,1,1,195,5
T3,2,0,117,2
T4,3,0,34,2
T5,4,0,200,33
T6,5,0,33,6
T7,6,0,130,3
[24]
T1,0,1,150,4
T2,1,0,26,2
T3,2,0,136,17
T4,3,1,200,41
T5,4,0,144,1
T6,5,0,30,2
T7,6,1,150,2
[25]
T1,0,1,160,21
T2,1,0,180,20
T3,2,1,135,7
T4,3,0,200,6
T5,4,0,48,4
T6,5,1,90,3
T7,6,0,22,2
[26]
T1,0,1,200,2
T2,1,1,100,2
T3,2,1,20,2
T4,3,1,28,6
T5,4,1,132,7
T6,5,1,155,6
T7,6,1,150,13
[27]
T1,0,0,44,2
T2,1,0,136,1
T3,2,1,102,2
T4,3,0,160,55
T5,4,0,170,3
T6,5,0,200,19
T7,6,1,36,2
[28]
T1,0,0,38,2
T2,1,1,75,2
T3,2,1,200,20
T4,3,1,171,9
T5,4,1,28,2
T6,5,1,56,12
T7,6,1,171,3
[29]
T1,0,0,31,2
T2,1,1,148,25
T3,2,0,117,9
T4,3,0,52,5
T5,4,1,72,3
T6,5,1,200,6
T7,6,0,156,8
[30]
T1,0,0,22,2
T2,1,1,56,2
T3,2,1,189,13
T4,3,1,200,4
T5,4,0,80,4
T6,5,0,25,2
T7,6,1,198,42
[31]
T1,0,0,200,27
T2,1,1,176,11
T3,2,1,26,2
T4,3,0,100,5
T5,4,1,34,2
T6,5,0,154,14
T7,6,1,56,2
[32]
T1,0,0,200,30
T2,1,1,150,5
T3,2,1,192,19
T4,3,1,26,2
T5,4,1,48,2
T6,5,1,120,13
T7,6,1,128,6
[33]
T1,0,0,41,9
T2,1,1,200,7
T3,2,0,149,2
T4,3,1,149,28
T5,4,1,20,2
T6,5,1,70,3
T7,6,1,105,2
[34]
T1,0,0,164,13
T2,1,1,50,3
T3,2,0,140,16
T4,3,0,25,2
T5,4,1,96,8
T6,5,0,200,4
T7,6,0,160,16
[35]
T1,0,1,200,19
T2,1,1,95,2
T3,2,1,38,2
T4,3,1,88,13
T5,4,1,152,8
T6,5,0,152,6
T7,6,1,46,5
[36]
T1,0,0,153,18
T2,1,0,200,2
T3,2,1,160,9
T4,3,0,51,1
T5,4,1,128,31
T6,5,1,30,2
T7,6,0,80,2
[37]
T1,0,1,22,2
T2,1,0,170,22
T3,2,0,180,9
T4,3,1,60,7
T5,4,1,99,4
T6,5,1,51,5
T7,6,0,200,2
[38]
T1,0,1,40,9
T2,1,0,95,2
T3,2,1,192,32
T4,3,1,76,2
T5,4,1,53,2
T6,5,1,168,8
T7,6,0,200,2
[39]
T1,0,0,144,5
T2,1,0,80,5
T3,2,0,200,12
T4,3,0,30,5
T5,4,1,180,8
T6,5,0,40,1
T7,6,0,185,15
[40]
T1,0,0,148,8
T2,1,1,40,2
T3,2,0,200,4
T4,3,0,100,5
T5,4,1,174,11
T6,5,1,58,3
T7,6,0,34,7
[41]
T1,0,0,91,2
T2,1,1,182,17
T3,2,1,20,2
T4,3,0,48,2
T5,4,1,80,13
T6,5,0,192,15
T7,6,0,200,18
[42]
T1,0,0,162,5
T2,1,1,180,4
T3,2,1,60,1
T4,3,0,108,2
T5,4,1,35,7
T6,5,1,200,31
T7,6,1,31,1
[43]
T1,0,0,200,8
T2,1,1,30,2
T3,2,0,26,2
T4,3,0,75,8
T5,4,1,168,26
T6,5,1,79,6
T7,6,0,175,13
[44]
T1,0,0,55,2
T2,1,0,168,18
T3,2,1,126,8
T4,3,1,200,8
T5,4,0,30,5
T6,5,1,180,10
T7,6,0,25,2
[45]
T1,0,0,200,7
T2,1,1,62,5
T3,2,0,150,11
T4,3,1,160,2
T5,4,1,27,1
T6,5,0,22,1
T7,6,0,124,22
[46]
T1,0,1,195,20
T2,1,1,200,20
T3,2,0,34,2
T4,3,0,102,4
T5,4,1,80,2
T6,5,0,170,15
T7,6,1,36,2
[47]
T1,0,1,200,2
T2,1,0,42,2
T3,2,0,100,13
T4,3,1,175,27
T5,4,1,29,2
T6,5,0,165,16
T7,6,1,77,4
[48]
T1,0,0,120,24
T2,1,1,177,3
T3,2,0,100,4
T4,3,1,184,7
T5,4,0,200,7
T6,5,1,50,2
T7,6,0,30,3
[49]
T1,0,1,70,3
T2,1,1,22,2
T3,2,0,33,1
T4,3,0,200,32
T5,4,0,165,7
T6,5,0,189,11
T7,6,0,108,11
[50]
T1,0,1,136,5
T2,1,0,51,2
T3,2,1,152,6
T4,3,0,21,2
T5,4,1,200,8
T6,5,0,72,14
T7,6,0,170,24
[51]
T1,0,0,149,12
T2,1,0,200,17
T3,2,0,56,2
T4,3,0,149,14
T5,4,1,140,15
T6,5,1,33,2
T7,6,1,35,2
[52]
T1,0,0,70,1
T2,1,1,28,2
T3,2,1,200,5
T4,3,1,182,2
T5,4,0,117,2
T6,5,0,180,67
T7,6,0,37,1
[53]
T1,0,1,177,31
T2,1,0,180,28
T3,2,0,24,1
T4,3,1,200,1
T5,4,1,59,3
T6,5,1,63,2
T7,6,0,46,2
[54]
T1,0,0,186,32
T2,1,1,22,2
T3,2,1,41,2
T4,3,0,124,7
T5,4,0,155,6
T6,5,1,200,7
T7,6,0,124,4
[55]
T1,0,1,150,3
T2,1,1,155,4
T3,2,0,99,6
T4,3,1,200,41
T5,4,1,44,3
T6,5,1,40,2
T7,6,0,75,1
[56]
T1,0,0,20,2
T2,1,1,159,9
T3,2,0,104,5
T4,3,1,75,3
T5,4,1,34,2
T6,5,0,200,13
T7,6,0,150,24
[57]
T1,0,1,156,30
T2,1,1,100,3
T3,2,1,47,6
T4,3,0,75,6
T5,4,1,185,2
T6,5,0,200,8
T7,6,1,25,2
[58]
T1,0,1,176,11
T2,1,1,135,2
T3,2,0,23,2
T4,3,1,200,15
T5,4,1,198,21
T6,5,0,30,2
T7,6,1,64,11
[59]
T1,0,1,24,2
T2,1,0,48,16
T3,2,1,200,3
T4,3,1,112,2
T5,4,1,112,3
T6,5,1,175,5
T7,6,1,175,4
[60]
T1,0,0,148,2
T2,1,1,38,1
T3,2,1,111,6
T4,3,0,200,33
T5,4,1,111,10
T6,5,0,20,2
T7,6,1,160,13
[61]
T1,0,0,174,26
T2,1,0,174,9
T3,2,1,200,9
T4,3,0,23,2
T5,4,0,22,1
T6,5,0,145,6
T7,6,1,80,8
[62]
T1,0,1,30,2
T2,1,1,168,4
T3,2,1,200,69
T4,3,0,58,1
T5,4,0,24,2
T6,5,0,105,5
T7,6,1,196,7
[63]
T1,0,1,198,5
T2,1,0,200,1
T3,2,1,74,2
T4,3,1,180,27
T5,4,0,30,2
T6,5,1,53,10
T7,6,1,72,1
[64]
T1,0,1,155,3
T2,1,1,28,1
T3,2,1,26,1
T4,3,1,200,14
T5,4,1,150,7
T6,5,1,60,12
T7,6,1,144,5
[65]
T1,0,1,147,8
T2,1,1,200,21
T3,2,0,30,2
T4,3,0,147,10
T5,4,0,165,23
T6,5,1,24,2
T7,6,0,150,2
[66]
T1,0,1,200,2
T2,1,0,31,1
T3,2,1,49,3
T4,3,0,182,17
T5,4,1,80,1
T6,5,0,56,8
T7,6,1,160,14
[67]
T1,0,1,33,1
T2,1,1,105,4
T3,2,0,90,23
T4,3,1,150,10
T5,4,0,200,2
T6,5,1,24,1
T7,6,1,196,2
[68]
T1,0,0,150,8
T2,1,1,124,9
T3,2,1,200,26
T4,3,0,62,4
T5,4,1,186,23
T6,5,0,49,1
T7,6,1,46,2
[69]
T1,0,1,168,20
T2,1,0,30,1
T3,2,0,48,2
T4,3,1,60,1
T5,4,1,200,19
T6,5,1,168,17
T7,6,1,89,2
[70]
T1,0,0,200,11
T2,1,0,196,6
T3,2,0,40,2
T4,3,0,88,3
T5,4,1,40,5
T6,5,0,70,11
T7,6,0,198,13
[71]
T1,0,0,195,18
T2,1,1,70,5
T3,2,0,200,23
T4,3,1,130,2
T5,4,1,195,6
T6,5,0,35,1
T7,6,1,54,6
[72]
T1,0,0,24,1
T2,1,1,200,1
T3,2,0,80,6
T4,3,1,21,4
T5,4,1,195,5
T6,5,0,143,1
T7,6,0,160,16
[73]
T1,0,1,25,4
T2,1,1,22,1
T3,2,0,185,19
T4,3,1,125,7
T5,4,0,192,4
T6,5,1,74,3
T7,6,0,200,2
[74]
T1,0,1,138,6
T2,1,0,180,10
T3,2,0,38,7
T4,3,0,180,5
T5,4,0,115,3
T6,5,1,27,2
T7,6,1,200,7
[75]
T1,0,1,92,1
T2,1,0,150,18
T3,2,1,43,3
T4,3,1,172,12
T5,4,1,52,3
T6,5,0,200,28
T7,6,1,75,2
[76]
T1,0,1,154,18
T2,1,0,66,3
T3,2,1,35,5
T4,3,1,33,2
T5,4,1,128,10
T6,5,0,160,2
T7,6,0,200,3
[77]
T1,0,1,24,2
T2,1,1,170,2
T3,2,1,53,2
T4,3,0,60,3
T5,4,0,75,2
T6,5,0,200,50
T7,6,0,168,1
[78]
T1,0,0,50,3
T2,1,0,108,4
T3,2,1,99,15
T4,3,1,150,8
T5,4,0,48,2
T6,5,0,200,33
T7,6,0,165,1
[79]
T1,0,0,68,4
T2,1,0,85,2
T3,2,1,190,6
T4,3,1,170,9
T5,4,0,200,33
T6,5,0,28,2
T7,6,0,43,5
[80]
T1,0,0,20,2
T2,1,0,94,3
T3,2,1,60,5
T4,3,1,200,21
T5,4,1,160,10
T6,5,1,36,3
T7,6,0,180,14
[81]
T1,0,1,195,17
T2,1,0,150,1
T3,2,1,105,8
T4,3,1,40,2
T5,4,0,143,2
T6,5,1,200,15
T7,6,0,28,5
[82]
T1,0,1,77,8
T2,1,1,32,2
T3,2,1,98,4
T4,3,0,24,2
T5,4,1,175,28
T6,5,0,200,5
T7,6,1,160,5
[83]
T1,0,0,145,19
T2,1,0,49,4
T3,2,1,105,7
T4,3,1,200,10
T5,4,0,23,1
T6,5,0,150,8
T7,6,1,168,5
[84]
T1,0,1,200,15
T2,1,0,155,11
T3,2,0,93,2
T4,3,1,56,4
T5,4,1,25,1
T6,5,1,150,18
T7,6,1,20,1
[85]
T1,0,1,190,3
T2,1,0,60,3
T3,2,0,28,2
T4,3,0,133,24
T5,4,1,28,4
T6,5,0,200,2
T7,6,1,196,5
[86]
T1,0,1,36,4
T2,1,0,200,1
T3,2,0,40,2
T4,3,1,180,3
T5,4,1,81,5
T6,5,0,170,4
T7,6,1,72,17
[87]
T1,0,0,200,4
T2,1,0,42,4
T3,2,1,70,5
T4,3,1,110,9
T5,4,1,51,8
T6,5,0,154,5
T7,6,0,187,1
[88]
T1,0,0,25,4
T2,1,1,32,2
T3,2,1,168,8
T4,3,0,190,9
T5,4,0,57,6
T6,5,1,90,3
T7,6,0,200,10
[89]
T1,0,1,135,23
T2,1,1,171,8
T3,2,0,160,11
T4,3,1,25,2
T5,4,0,80,9
T6,5,0,200,7
T7,6,0,40,1
[90]
T1,0,1,77,11
T2,1,0,44,4
T3,2,0,168,4
T4,3,1,200,3
T5,4,1,45,5
T6,5,0,180,11
T7,6,0,60,2
[91]
T1,0,1,20,2
T2,1,0,71,2
T3,2,1,180,3
T4,3,1,180,5
T5,4,0,51,3
T6,5,1,63,16
T7,6,0,200,18
[92]
T1,0,0,170,6
T2,1,0,200,18
T3,2,0,52,6
T4,3,1,60,5
T5,4,1,65,2
T6,5,0,153,4
T7,6,0,44,5
[93]
T1,0,0,160,2
T2,1,1,105,3
T3,2,1,23,3
T4,3,0,200,20
T5,4,0,168,29
T6,5,1,30,2
T7,6,0,77,2
[94]
T1,0,0,93,14
T2,1,1,36,2
T3,2,1,200,20
T4,3,1,60,2
T5,4,0,180,1
T6,5,0,26,2
T7,6,0,192,32
[95]
T1,0,0,54,1
T2,1,0,172,5
T3,2,0,198,26
T4,3,1,88,16
T5,4,1,66,2
T6,5,1,200,3
T7,6,0,22,2
[96]
T1,0,1,189,7
T2,1,0,200,21
T3,2,1,44,1
T4,3,1,75,13
T5,4,1,189,2
T6,5,0,54,6
T7,6,1,27,2
[97]
T1,0,1,200,24
T2,1,1,35,3
T3,2,0,102,9
T4,3,0,28,2
T5,4,0,180,2
T6,5,0,150,5
T7,6,0,68,6
[98]
T1,0,0,184,29
T2,1,0,108,1
T3,2,0,100,3
T4,3,0,200,2
T5,4,1,40,7
T6,5,1,150,2
T7,6,1,32,2
[99]
T1,0,1,51,1
T2,1,0,166,19
T3,2,0,80,2
T4,3,1,84,9
T5,4,0,150,13
T6,5,1,200,4
T7,6,0,30,2
[100]
T1,0,0,155,9
T2,1,1,64,3
T3,2,0,27,1
T4,3,0,40,5
T5,4,0,170,8
T6,5,0,200,14
T7,6,1,124,8
[101]
T1,0,1,42,4
T2,1,0,168,2
T3,2,1,39,1
T4,3,0,56,1
T5,4,1,200,46
T6,5,1,166,6
T7,6,1,83,4
[102]
T1,0,0,22,2
T2,1,0,60,2
T3,2,0,200,13
T4,3,0,180,11
T5,4,0,91,7
T6,5,1,32,6
T7,6,1,160,5
[103]
T1,0,1,112,1
T2,1,0,84,3
T3,2,0,45,5
T4,3,1,32,1
T5,4,0,200,45
T6,5,0,186,3
T7,6,1,150,5
[104]
T1,0,0,77,10
T2,1,0,165,13
T3,2,0,168,21
T4,3,1,108,2
T5,4,0,200,14
T6,5,0,38,2
T7,6,1,28,2
[105]
T1,0,0,165,5
T2,1,0,200,1
T3,2,0,56,11
T4,3,0,154,2
T5,4,0,98,5
T6,5,1,22,2
T7,6,0,30,2
[106]
T1,0,0,156,1
T2,1,1,80,14
T3,2,1,21,2
T4,3,0,150,7
T5,4,1,200,43
T6,5,1,38,2
T7,6,0,72,2
[107]
T1,0,1,200,1
T2,1,1,38,2
T3,2,0,36,5
T4,3,0,125,8
T5,4,0,178,39
T6,5,0,178,2
T7,6,1,100,2
[108]
T1,0,0,175,4
T2,1,0,150,11
T3,2,0,20,2
T4,3,0,31,8
T5,4,0,200,17
T6,5,0,137,1
T7,6,0,100,2
[109]
T1,0,1,176,1
T2,1,0,45,1
T3,2,0,112,4
T4,3,0,200,15
T5,4,1,180,7
T6,5,1,53,7
T7,6,1,144,22
[110]
T1,0,1,22,1
T2,1,0,200,1
T3,2,1,115,1
T4,3,0,40,1
T5,4,0,144,28
T6,5,1,198,6
T7,6,1,198,28
[111]
T1,0,0,200,4
T2,1,0,25,3
T3,2,0,25,1
T4,3,1,78,4
T5,4,0,190,32
T6,5,0,78,2
T7,6,1,171,2
[112]
T1,0,1,162,2
T2,1,1,32,1
T3,2,1,46,2
T4,3,1,90,5
T5,4,1,150,42
T6,5,1,55,2
T7,6,0,200,4
[113]
T1,0,0,30,2
T2,1,1,60,2
T3,2,0,33,2
T4,3,0,200,14
T5,4,1,174,12
T6,5,1,195,1
T7,6,1,87,13
[114]
T1,0,1,200,40
T2,1,0,112,2
T3,2,0,168,1
T4,3,1,153,2
T5,4,0,22,1
T6,5,0,105,20
T7,6,1,51,2
[115]
T1,0,1,34,1
T2,1,1,170,16
T3,2,1,200,32
T4,3,0,110,7
T5,4,0,68,2
T6,5,1,180,1
T7,6,0,30,3
[116]
T1,0,0,156,20
T2,1,0,84,4
T3,2,0,26,5
T4,3,1,200,12
T5,4,0,51,2
T6,5,1,125,2
T7,6,0,182,8
[117]
T1,0,1,200,26
T2,1,1,30,2
T3,2,1,150,4
T4,3,0,195,25
T5,4,1,49,4
T6,5,0,135,8
T7,6,0,110,5
[118]
T1,0,1,200,35
T2,1,1,29,4
T3,2,1,24,2
T4,3,1,102,3
T5,4,1,160,11
T6,5,1,170,2
T7,6,0,138,3
[119]
T1,0,1,200,21
T2,1,1,169,12
T3,2,0,120,2
T4,3,1,91,7
T5,4,1,35,2
T6,5,0,150,12
T7,6,0,20,2
[120]
T1,0,1,160,34
T2,1,1,148,2
T3,2,1,20,2
T4,3,1,200,2
T5,4,1,111,1
T6,5,1,42,7
T7,6,0,90,2
[121]
T1,0,0,164,6
T2,1,0,30,2
T3,2,0,170,15
T4,3,1,60,3
T5,4,1,24,2
T6,5,0,200,44
T7,6,0,136,2
[122]
T1,0,0,75,2
T2,1,1,37,2
T3,2,1,80,4
T4,3,1,160,12
T5,4,1,200,54
T6,5,0,168,2
T7,6,0,21,1
[123]
T1,0,1,31,4
T2,1,0,75,2
T3,2,0,196,7
T4,3,0,22,1
T5,4,0,150,6
T6,5,1,200,15
T7,6,1,100,13
[124]
T1,0,0,100,10
T2,1,1,176,15
T3,2,1,42,1
T4,3,0,189,8
T5,4,1,200,36
T6,5,1,110,5
T7,6,0,42,2
[125]
T1,0,0,50,2
T2,1,1,180,5
T3,2,1,200,20
T4,3,1,120,24
T5,4,0,119,3
T6,5,1,160,2
T7,6,1,49,6
[126]
T1,0,1,200,4
T2,1,1,60,1
T3,2,1,36,2
T4,3,0,156,2
T5,4,0,40,6
T6,5,0,105,2
T7,6,1,165,31
[127]
T1,0,1,102,3
T2,1,1,52,2
T3,2,1,168,7
T4,3,1,200,49
T5,4,0,168,10
T6,5,0,140,2
T7,6,1,25,1
[128]
T1,0,0,114,23
T2,1,0,200,10
T3,2,1,84,2
T4,3,0,180,15
T5,4,1,45,3
T6,5,0,168,2
T7,6,1,36,2
[129]
T1,0,1,108,4
T2,1,1,160,11
T3,2,1,46,1
T4,3,0,33,2
T5,4,1,144,10
T6,5,1,192,11
T7,6,0,200,31
[130]
T1,0,0,48,4
T2,1,1,152,6
T3,2,0,200,44
T4,3,1,190,4
T5,4,1,57,2
T6,5,1,31,2
T7,6,1,60,2
[131]
T1,0,1,42,4
T2,1,1,56,7
T3,2,0,75,10
T4,3,1,36,1
T5,4,1,200,3
T6,5,0,158,8
T7,6,0,150,2
[132]
T1,0,1,76,6
T2,1,0,200,32
T3,2,0,140,2
T4,3,1,152,17
T5,4,1,48,2
T6,5,0,152,9
T7,6,1,31,2
[133]
T1,0,0,195,17
T2,1,1,200,2
T3,2,0,94,2
T4,3,1,188,6
T5,4,0,40,4
T6,5,0,30,7
T7,6,1,65,2
[134]
T1,0,1,56,10
T2,1,0,200,11
T3,2,1,25,2
T4,3,0,117,2
T5,4,0,160,28
T6,5,1,30,2
T7,6,0,168,7
[135]
T1,0,0,168,14
T2,1,1,36,1
T3,2,1,66,4
T4,3,1,200,3
T5,4,1,120,9
T6,5,0,25,4
T7,6,0,175,7
[136]
T1,0,1,171,16
T2,1,0,65,2
T3,2,0,65,5
T4,3,1,53,5
T5,4,1,200,26
T6,5,0,190,8
T7,6,1,25,2
[137]
T1,0,1,50,4
T2,1,0,100,3
T3,2,1,190,10
T4,3,1,175,19
T5,4,0,32,1
T6,5,0,200,11
T7,6,1,80,9
[138]
T1,0,1,32,5
T2,1,1,176,2
T3,2,1,96,8
T4,3,0,20,3
T5,4,0,186,7
T6,5,1,200,2
T7,6,1,100,3
[139]
T1,0,0,150,11
T2,1,1,35,5
T3,2,0,45,2
T4,3,1,200,9
T5,4,1,56,5
T6,5,1,140,13
T7,6,0,189,4
[140]
T1,0,0,25,2
T2,1,1,200,24
T3,2,0,121,17
T4,3,1,165,3
T5,4,0,60,2
T6,5,1,21,2
T7,6,1,154,14
[141]
T1,0,1,75,3
T2,1,0,24,1
T3,2,0,153,14
T4,3,1,130,17
T5,4,0,180,7
T6,5,1,28,3
T7,6,0,200,1
[142]
T1,0,1,192,9
T2,1,1,192,2
T3,2,0,128,9
T4,3,1,32,2
T5,4,0,83,5
T6,5,1,51,9
T7,6,0,200,9
[143]
T1,0,1,63,9
T2,1,1,29,2
T3,2,1,200,27
T4,3,1,175,3
T5,4,1,190,19
T6,5,1,28,1
T7,6,0,80,2
[144]
T1,0,1,112,10
T2,1,1,48,2
T3,2,1,80,3
T4,3,1,200,7
T5,4,1,175,48
T6,5,1,161,2
T7,6,0,48,2
[145]
T1,0,1,100,2
T2,1,0,24,2
T3,2,1,150,8
T4,3,0,192,3
T5,4,0,51,6
T6,5,1,200,11
T7,6,1,70,14
[146]
T1,0,0,30,1
T2,1,1,25,6
T3,2,1,68,2
T4,3,0,200,13
T5,4,1,180,2
T6,5,0,144,9
T7,6,1,175,8
[147]
T1,0,0,23,2
T2,1,1,75,7
T3,2,0,200,37
T4,3,1,171,26
T5,4,1,125,2
T6,5,0,50,2
T7,6,1,180,8
[148]
T1,0,0,160,36
T2,1,0,75,2
T3,2,0,60,1
T4,3,1,200,14
T5,4,1,35,2
T6,5,0,49,4
T7,6,0,190,13
[149]
T1,0,1,28,2
T2,1,0,160,1
T3,2,0,36,3
T4,3,0,156,15
T5,4,0,56,8
T6,5,1,70,1
T7,6,1,200,7
[150]
T1,0,1,165,14
T2,1,1,36,1
T3,2,0,165,2
T4,3,0,66,13
T5,4,1,47,2
T6,5,1,200,10
T7,6,0,141,12
[151]
T1,0,0,144,13
T2,1,0,154,10
T3,2,0,200,2
T4,3,0,154,2
T5,4,1,35,2
T6,5,1,53,11
T7,6,0,135,7
[152]
T1,0,0,200,1
T2,1,1,20,2
T3,2,1,56,3
T4,3,0,164,7
T5,4,1,70,3
T6,5,1,160,33
T7,6,1,30,3
[153]
T1,0,0,51,3
T2,1,0,200,6
T3,2,1,150,19
T4,3,1,132,13
T5,4,1,77,9
T6,5,0,42,2
T7,6,1,190,4
[154]
T1,0,1,90,6
T2,1,0,200,5
T3,2,1,168,4
T4,3,0,20,1
T5,4,0,28,7
T6,5,1,56,1
T7,6,0,182,3
[155]
T1,0,0,159,9
T2,1,1,200,2
T3,2,0,25,2
T4,3,0,42,3
T5,4,1,160,1
T6,5,0,60,10
T7,6,0,84,13
[156]
T1,0,1,144,7
T2,1,0,200,5
T3,2,0,27,5
T4,3,0,150,4
T5,4,0,112,18
T6,5,0,184,2
T7,6,1,48,2
[157]
T1,0,0,63,2
T2,1,1,30,2
T3,2,0,125,1
T4,3,0,200,8
T5,4,1,44,6
T6,5,0,165,37
T7,6,1,165,3
[158]
T1,0,1,24,1
T2,1,1,65,6
T3,2,0,200,11
T4,3,0,184,22
T5,4,1,78,2
T6,5,0,21,2
T7,6,0,184,22
[159]
T1,0,0,130,4
T2,1,1,32,1
T3,2,0,200,15
T4,3,0,195,26
T5,4,0,50,3
T6,5,1,65,5
T7,6,1,156,9
[160]
T1,0,0,49,3
T2,1,0,28,1
T3,2,0,170,10
T4,3,0,200,28
T5,4,1,84,2
T6,5,0,168,21
T7,6,0,98,3
[161]
T1,0,1,33,4
T2,1,0,198,5
T3,2,1,200,19
T4,3,0,154,17
T5,4,1,20,2
T6,5,1,99,2
T7,6,1,98,5
[162]
T1,0,0,53,1
T2,1,1,88,1
T3,2,1,165,14
T4,3,1,24,2
T5,4,0,110,3
T6,5,0,200,55
T7,6,1,164,3
[163]
T1,0,0,56,7
T2,1,0,152,3
T3,2,0,192,7
T4,3,0,42,1
T5,4,1,56,1
T6,5,1,200,32
T7,6,1,50,4
[164]
T1,0,0,105,4
T2,1,0,20,2
T3,2,1,189,8
T4,3,0,135,4
T5,4,1,20,3
T6,5,0,200,1
T7,6,1,192,14
[165]
T1,0,0,200,2
T2,1,1,35,2
T3,2,1,182,19
T4,3,1,180,16
T5,4,0,75,7
T6,5,0,144,15
T7,6,1,27,2
[166]
T1,0,0,66,1
T2,1,1,162,12
T3,2,1,66,6
T4,3,1,180,11
T5,4,1,33,2
T6,5,1,40,8
T7,6,0,200,3
[167]
T1,0,1,64,2
T2,1,1,180,10
T3,2,1,196,4
T4,3,1,50,1
T5,4,1,200,16
T6,5,0,100,6
T7,6,0,42,9
[168]
T1,0,0,25,4
T2,1,0,162,13
T3,2,0,60,1
T4,3,1,200,2
T5,4,0,45,2
T6,5,1,185,12
T7,6,1,60,5
[169]
T1,0,1,156,1
T2,1,1,52,2
T3,2,1,68,5
T4,3,1,100,4
T5,4,1,41,2
T6,5,0,200,15
T7,6,1,150,32
[170]
T1,0,1,190,11
T2,1,1,144,6
T3,2,0,39,4
T4,3,0,135,7
T5,4,1,171,17
T6,5,1,50,2
T7,6,0,200,24
[171]
T1,0,0,32,1
T2,1,1,187,17
T3,2,1,170,2
T4,3,0,132,7
T5,4,1,34,2
T6,5,0,140,6
T7,6,0,200,49
[172]
T1,0,0,53,4
T2,1,0,198,9
T3,2,0,175,22
T4,3,0,105,12
T5,4,0,200,5
T6,5,1,56,3
T7,6,1,32,2
[173]
T1,0,0,35,1
T2,1,1,22,1
T3,2,0,77,10
T4,3,0,110,16
T5,4,0,180,7
T6,5,0,150,3
T7,6,0,200,10
[174]
T1,0,1,165,6
T2,1,1,176,13
T3,2,1,28,1
T4,3,1,200,6
T5,4,1,90,9
T6,5,0,60,3
T7,6,0,23,3
[175]
T1,0,1,200,5
T2,1,0,160,21
T3,2,1,22,2
T4,3,1,116,2
T5,4,0,160,12
T6,5,0,128,11
T7,6,1,20,2
[176]
T1,0,0,150,15
T2,1,1,110,2
T3,2,1,200,8
T4,3,1,49,6
T5,4,0,110,1
T6,5,0,152,20
T7,6,0,38,2
[177]
T1,0,1,200,19
T2,1,0,176,2
T3,2,0,43,3
T4,3,1,80,10
T5,4,1,81,2
T6,5,0,162,1
T7,6,0,27,3
[178]
T1,0,0,28,1
T2,1,1,45,2
T3,2,1,200,16
T4,3,1,102,6
T5,4,1,68,3
T6,5,0,150,28
T7,6,1,196,8
[179]
T1,0,0,72,1
T2,1,1,41,2
T3,2,0,60,2
T4,3,1,200,1
T5,4,1,180,10
T6,5,0,21,4
T7,6,0,150,19
[180]
T1,0,0,31,2
T2,1,0,96,5
T3,2,1,66,3
T4,3,0,35,4
T5,4,1,180,2
T6,5,1,200,20
T7,6,1,176,15
[181]
T1,0,1,39,3
T2,1,0,165,27
T3,2,1,200,5
T4,3,1,195,35
T5,4,0,108,2
T6,5,1,22,2
T7,6,0,72,2
[182]
T1,0,1,150,5
T2,1,1,200,5
T3,2,0,180,2
T4,3,1,143,3
T5,4,1,55,3
T6,5,1,31,1
T7,6,1,45,13
[183]
T1,0,0,155,2
T2,1,0,20,1
T3,2,0,200,2
T4,3,0,147,4
T5,4,1,50,2
T6,5,0,120,30
T7,6,0,175,10
[184]
T1,0,1,93,5
T2,1,0,44,2
T3,2,1,32,1
T4,3,1,150,34
T5,4,0,72,2
T6,5,0,180,11
T7,6,0,200,9
[185]
T1,0,1,100,10
T2,1,1,32,2
T3,2,1,124,1
T4,3,1,160,17
T5,4,0,156,13
T6,5,0,200,6
T7,6,0,40,3
[186]
T1,0,1,20,2
T2,1,0,195,23
T3,2,0,42,5
T4,3,1,200,1
T5,4,1,195,7
T6,5,1,84,6
T7,6,0,66,1
[187]
T1,0,0,84,2
T2,1,0,150,4
T3,2,1,90,1
T4,3,0,200,44
T5,4,0,27,2
T6,5,1,155,3
T7,6,0,21,1
[188]
T1,0,0,52,2
T2,1,0,104,10
T3,2,1,46,1
T4,3,1,60,9
T5,4,0,170,11
T6,5,1,153,5
T7,6,0,200,12
[189]
T1,0,1,45,1
T2,1,1,70,8
T3,2,0,200,14
T4,3,0,29,2
T5,4,0,180,38
T6,5,0,145,2
T7,6,1,150,4
[190]
T1,0,1,170,16
T2,1,0,100,2
T3,2,1,200,23
T4,3,0,171,2
T5,4,0,40,1
T6,5,1,32,5
T7,6,0,60,3
[191]
T1,0,0,22,2
T2,1,1,199,3
T3,2,0,75,1
T4,3,1,200,36
T5,4,1,150,1
T6,5,0,40,3
T7,6,0,75,5
[192]
T1,0,1,180,6
T2,1,0,45,2
T3,2,0,42,2
T4,3,0,90,7
T5,4,0,200,37
T6,5,0,160,6
T7,6,1,102,12
[193]
T1,0,0,34,1
T2,1,1,200,15
T3,2,0,40,4
T4,3,1,160,7
T5,4,0,72,2
T6,5,0,112,10
T7,6,1,150,14
[194]
T1,0,0,121,7
T2,1,1,175,5
T3,2,1,20,1
T4,3,1,200,17
T5,4,0,38,5
T6,5,0,175,14
T7,6,0,70,3
[195]
T1,0,0,91,11
T2,1,1,48,7
T3,2,0,80,2
T4,3,0,182,6
T5,4,0,52,3
T6,5,0,200,20
T7,6,1,169,1
[196]
T1,0,0,21,2
T2,1,0,26,1
T3,2,1,96,1
T4,3,1,200,36
T5,4,0,176,3
T6,5,0,55,2
T7,6,1,195,8
[197]
T1,0,1,90,5
T2,1,0,171,45
T3,2,1,184,5
T4,3,1,30,2
T5,4,1,200,9
T6,5,1,138,9
T7,6,1,46,2
[198]
T1,0,0,47,1
T2,1,1,177,18
T3,2,1,55,11
T4,3,1,50,2
T5,4,1,132,10
T6,5,1,200,2
T7,6,0,165,11
[199]
T1,0,1,150,12
T2,1,1,56,2
T3,2,1,150,3
T4,3,1,200,4
T5,4,0,29,1
T6,5,1,84,21
T7,6,1,23,2
[200]
T1,0,0,55,1
T2,1,1,200,7
T3,2,1,36,2
T4,3,1,85,6
T5,4,0,150,2
T6,5,0,170,32
T7,6,0,37,3
[201]
T1,0,0,76,2
T2,1,0,200,1
T3,2,0,38,1
T4,3,1,195,1
T5,4,1,34,5
T6,5,0,96,6
T7,6,1,152,34
[202]
T1,0,0,150,16
T2,1,1,36,1
T3,2,0,90,4
T4,3,1,168,10
T5,4,1,30,2
T6,5,1,126,13
T7,6,0,200,10
[203]
T1,0,0,96,1
T2,1,0,200,48
T3,2,1,23,2
T4,3,0,28,2
T5,4,0,153,1
T6,5,0,160,15
T7,6,0,63,5
[204]
T1,0,0,165,11
T2,1,1,60,2
T3,2,0,154,9
T4,3,1,38,7
T5,4,1,32,1
T6,5,0,200,23
T7,6,1,132,2
[205]
T1,0,0,161,2
T2,1,1,125,19
T3,2,1,150,27
T4,3,0,25,2
T5,4,0,200,13
T6,5,0,125,1
T7,6,0,36,1
[206]
T1,0,0,68,2
T2,1,0,85,25
T3,2,1,51,1
T4,3,0,200,10
T5,4,1,168,3
T6,5,0,35,2
T7,6,1,189,15
[207]
T1,0,1,105,1
T2,1,1,200,56
T3,2,1,165,2
T4,3,0,152,9
T5,4,0,84,9
T6,5,1,22,2
T7,6,0,50,2
[208]
T1,0,0,29,2
T2,1,1,45,11
T3,2,1,200,1
T4,3,0,162,10
T5,4,0,150,2
T6,5,1,63,7
T7,6,0,70,1
[209]
T1,0,0,200,2
T2,1,1,33,1
T3,2,0,160,43
T4,3,1,40,1
T5,4,0,156,11
T6,5,0,69,2
T7,6,1,130,7
[210]
T1,0,1,200,24
T2,1,0,86,2
T3,2,1,154,15
T4,3,1,35,3
T5,4,1,172,1
T6,5,0,30,3
T7,6,1,56,1
[211]
T1,0,0,22,2
T2,1,1,140,1
T3,2,0,154,5
T4,3,1,80,10
T5,4,0,200,2
T6,5,0,196,19
T7,6,0,36,6
[212]
T1,0,1,72,8
T2,1,0,48,3
T3,2,1,160,2
T4,3,0,125,12
T5,4,1,200,17
T6,5,1,160,4
T7,6,1,22,2
[213]
T1,0,1,40,3
T2,1,0,153,12
T3,2,0,39,5
T4,3,1,200,25
T5,4,1,90,2
T6,5,1,72,2
T7,6,0,195,3
[214]
T1,0,0,182,2
T2,1,0,42,3
T3,2,1,100,2
T4,3,0,36,4
T5,4,1,112,7
T6,5,1,200,22
T7,6,1,160,19
[215]
T1,0,0,150,21
T2,1,0,128,3
T3,2,1,65,6
T4,3,0,50,1
T5,4,0,200,2
T6,5,0,27,2
T7,6,1,160,27
[216]
T1,0,0,35,2
T2,1,1,64,2
T3,2,1,144,26
T4,3,1,45,2
T5,4,1,160,11
T6,5,0,160,10
T7,6,0,200,25
[217]
T1,0,1,34,5
T2,1,0,170,5
T3,2,1,46,2
T4,3,0,146,10
T5,4,0,200,1
T6,5,0,160,23
T7,6,0,68,4
[218]
T1,0,0,165,7
T2,1,0,33,2
T3,2,0,75,8
T4,3,1,54,9
T5,4,1,150,9
T6,5,1,47,3
T7,6,1,200,3
[219]
T1,0,1,200,7
T2,1,1,184,28
T3,2,0,88,6
T4,3,1,64,3
T5,4,1,26,1
T6,5,0,40,2
T7,6,1,160,16
[220]
T1,0,0,176,15
T2,1,1,200,14
T3,2,1,120,14
T4,3,0,154,22
T5,4,0,29,1
T6,5,1,40,2
T7,6,1,84,2
[221]
T1,0,1,20,4
T2,1,0,80,5
T3,2,0,141,13
T4,3,0,195,7
T5,4,1,195,8
T6,5,0,29,2
T7,6,0,200,4
[222]
T1,0,1,200,8
T2,1,0,168,2
T3,2,0,32,3
T4,3,0,180,7
T5,4,1,52,5
T6,5,0,90,15
T7,6,0,70,2
[223]
T1,0,1,200,2
T2,1,1,50,6
T3,2,1,115,8
T4,3,0,160,6
T5,4,1,110,9
T6,5,0,184,8
T7,6,0,33,3
[224]
T1,0,0,156,17
T2,1,1,117,2
T3,2,0,43,2
T4,3,0,150,3
T5,4,1,66,6
T6,5,0,33,5
T7,6,0,200,4
[225]
T1,0,0,130,2
T2,1,0,33,3
T3,2,1,175,18
T4,3,0,188,2
T5,4,1,47,6
T6,5,0,200,3
T7,6,1,65,7
[226]
T1,0,0,22,2
T2,1,1,136,4
T3,2,1,50,6
T4,3,1,200,42
T5,4,1,177,8
T6,5,1,102,4
T7,6,1,177,2
[227]
T1,0,1,43,2
T2,1,0,148,14
T3,2,1,36,3
T4,3,1,125,10
T5,4,1,144,11
T6,5,0,200,10
T7,6,1,148,12
[228]
T1,0,1,33,6
T2,1,0,36,2
T3,2,1,196,2
T4,3,0,200,20
T5,4,0,77,2
T6,5,1,55,3
T7,6,0,168,14
[229]
T1,0,1,180,36
T2,1,0,52,2
T3,2,1,104,1
T4,3,0,88,4
T5,4,0,198,6
T6,5,0,200,14
T7,6,1,25,1
[230]
T1,0,0,34,2
T2,1,0,120,7
T3,2,1,69,6
T4,3,0,170,1
T5,4,0,23,2
T6,5,1,150,3
T7,6,1,200,56
[231]
T1,0,0,40,2
T2,1,0,150,25
T3,2,0,64,2
T4,3,0,44,2
T5,4,1,200,34
T6,5,1,162,2
T7,6,1,120,5
[232]
T1,0,1,88,2
T2,1,1,176,2
T3,2,1,24,2
T4,3,0,200,9
T5,4,1,175,24
T6,5,1,42,2
T7,6,1,144,26
[233]
T1,0,1,51,4
T2,1,0,37,2
T3,2,1,150,5
T4,3,0,60,2
T5,4,0,200,34
T6,5,0,85,1
T7,6,0,183,24
[234]
T1,0,0,200,15
T2,1,1,168,6
T3,2,1,25,2
T4,3,0,77,6
T5,4,1,66,8
T6,5,1,28,3
T7,6,1,175,1
[235]
T1,0,1,45,2
T2,1,0,200,24
T3,2,0,92,8
T4,3,1,184,1
T5,4,0,100,14
T6,5,0,198,3
T7,6,1,42,4
[236]
T1,0,1,200,17
T2,1,0,43,2
T3,2,1,105,13
T4,3,1,112,11
T5,4,0,35,2
T6,5,0,172,18
T7,6,0,172,2
[237]
T1,0,0,42,2
T2,1,1,135,21
T3,2,1,200,19
T4,3,1,45,1
T5,4,1,63,5
T6,5,1,154,6
T7,6,1,165,10
[238]
T1,0,0,180,5
T2,1,0,126,14
T3,2,1,34,1
T4,3,0,56,4
T5,4,1,200,10
T6,5,1,47,4
T7,6,0,160,12
[239]
T1,0,0,176,63
T2,1,0,25,2
T3,2,1,38,1
T4,3,0,138,3
T5,4,1,75,2
T6,5,0,180,3
T7,6,1,200,2
[240]
T1,0,0,56,2
T2,1,0,148,2
T3,2,0,200,2
T4,3,1,50,8
T5,4,1,36,4
T6,5,0,148,14
T7,6,0,125,2
[241]
T1,0,0,132,5
T2,1,0,160,12
T3,2,1,112,2
T4,3,1,165,6
T5,4,1,45,2
T6,5,1,200,58
T7,6,0,53,2
[242]
T1,0,0,56,2
T2,1,1,200,2
T3,2,1,20,2
T4,3,1,29,2
T5,4,0,84,23
T6,5,0,169,22
T7,6,1,156,8
[243]
T1,0,0,174,9
T2,1,0,200,26
T3,2,1,93,1
T4,3,0,47,6
T5,4,1,150,1
T6,5,1,24,2
T7,6,1,62,8
[244]
T1,0,0,33,2
T2,1,1,31,2
T3,2,0,100,17
T4,3,1,140,5
T5,4,0,200,26
T6,5,1,168,8
T7,6,0,180,3
[245]
T1,0,1,195,2
T2,1,0,200,24
T3,2,0,95,10
T4,3,0,20,1
T5,4,0,171,5
T6,5,0,120,2
T7,6,0,25,3
[246]
T1,0,1,130,14
T2,1,0,132,12
T3,2,0,156,16
T4,3,1,43,1
T5,4,1,200,17
T6,5,0,24,2
T7,6,0,160,10
[247]
T1,0,1,170,18
T2,1,0,168,13
T3,2,1,200,3
T4,3,0,75,2
T5,4,0,45,6
T6,5,1,96,5
T7,6,1,32,2
[248]
T1,0,1,200,46
T2,1,1,100,1
T3,2,1,22,2
T4,3,1,183,1
T5,4,1,21,2
T6,5,1,80,3
T7,6,1,165,23
[249]
T1,0,1,189,2
T2,1,0,184,1
T3,2,1,75,1
T4,3,1,56,6
T5,4,1,200,2
T6,5,0,25,5
T7,6,0,46,5
[250]
T1,0,0,30,2
T2,1,1,120,22
T3,2,0,111,8
T4,3,1,156,18
T5,4,0,200,2
T6,5,1,180,6
T7,6,0,20,1
[251]
T1,0,0,36,2
T2,1,1,175,1
T3,2,1,200,16
T4,3,0,108,4
T5,4,1,171,29
T6,5,0,29,2
T7,6,0,84,15
[252]
T1,0,0,21,2
T2,1,1,144,23
T3,2,1,161,2
T4,3,0,84,6
T5,4,1,200,11
T6,5,1,26,2
T7,6,0,161,11
[253]
T1,0,0,75,7
T2,1,1,161,2
T3,2,0,168,7
T4,3,0,26,2
T5,4,0,50,8
T6,5,0,115,8
T7,6,0,200,2
[254]
T1,0,0,38,2
T2,1,1,154,1
T3,2,0,156,35
T4,3,0,110,10
T5,4,1,132,1
T6,5,0,200,17
T7,6,1,42,2
[255]
T1,0,1,189,1
T2,1,1,27,5
T3,2,0,182,3
T4,3,1,54,10
T5,4,0,140,2
T6,5,1,47,2
T7,6,0,200,3
[256]
T1,0,0,45,1
T2,1,0,153,2
T3,2,1,200,11
T4,3,0,84,3
T5,4,0,53,4
T6,5,1,150,18
T7,6,1,60,8
[257]
T1,0,0,108,2
T2,1,1,60,3
T3,2,1,169,1
T4,3,1,54,10
T5,4,0,33,4
T6,5,1,200,14
T7,6,0,169,3
[258]
T1,0,0,200,4
T2,1,1,192,14
T3,2,1,75,21
T4,3,0,35,1
T5,4,1,100,1
T6,5,0,159,1
T7,6,1,45,1
[259]
T1,0,1,168,12
T2,1,0,192,7
T3,2,1,136,4
T4,3,0,50,6
T5,4,0,28,2
T6,5,1,84,8
T7,6,1,200,24
[260]
T1,0,1,140,5
T2,1,1,75,22
T3,2,1,183,4
T4,3,0,29,2
T5,4,1,48,2
T6,5,1,150,2
T7,6,0,200,2
[261]
T1,0,0,165,17
T2,1,1,200,8
T3,2,0,144,11
T4,3,0,41,5
T5,4,1,168,2
T6,5,1,90,5
T7,6,1,20,1
[262]
T1,0,0,168,2
T2,1,1,132,1
T3,2,1,37,15
T4,3,0,33,1
T5,4,0,75,2
T6,5,0,198,4
T7,6,1,200,2
[263]
T1,0,0,182,11
T2,1,0,150,9
T3,2,0,119,2
T4,3,1,34,1
T5,4,1,50,3
T6,5,1,75,2
T7,6,0,200,44
[264]
T1,0,1,105,3
T2,1,1,200,18
T3,2,0,172,26
T4,3,1,150,14
T5,4,0,39,2
T6,5,0,24,2
T7,6,0,70,2
[265]
T1,0,0,190,12
T2,1,0,152,1
T3,2,1,105,5
T4,3,0,100,17
T5,4,0,24,2
T6,5,1,200,4
T7,6,1,28,4
[266]
T1,0,0,160,10
T2,1,1,38,2
T3,2,0,68,16
T4,3,1,42,1
T5,4,1,160,1
T6,5,0,119,8
T7,6,0,200,9
[267]
T1,0,0,45,5
T2,1,0,190,6
T3,2,0,200,9
T4,3,1,76,7
T5,4,1,40,6
T6,5,1,100,2
T7,6,0,195,3
[268]
T1,0,1,150,19
T2,1,0,200,2
T3,2,0,99,6
T4,3,0,170,4
T5,4,1,68,2
T6,5,0,25,2
T7,6,0,49,8
[269]
T1,0,0,162,27
T2,1,1,177,4
T3,2,0,200,20
T4,3,1,21,2
T5,4,0,100,2
T6,5,0,108,5
T7,6,1,25,2
[270]
T1,0,1,152,7
T2,1,0,168,1
T3,2,1,40,2
T4,3,1,200,8
T5,4,0,95,10
T6,5,1,84,10
T7,6,1,28,4
[271]
T1,0,1,37,2
T2,1,1,110,7
T3,2,0,154,20
T4,3,0,200,2
T5,4,0,176,5
T6,5,1,36,2
T7,6,1,105,24
[272]
T1,0,0,63,4
T2,1,0,200,28
T3,2,1,63,2
T4,3,1,36,3
T5,4,1,28,2
T6,5,1,190,17
T7,6,1,189,11
[273]
T1,0,0,184,2
T2,1,0,36,2
T3,2,0,95,1
T4,3,0,48,4
T5,4,0,200,5
T6,5,0,115,34
T7,6,1,150,5
[274]
T1,0,1,200,4
T2,1,0,174,18
T3,2,0,41,3
T4,3,0,60,2
T5,4,0,196,25
T6,5,1,87,3
T7,6,0,35,2
[275]
T1,0,1,36,4
T2,1,0,189,9
T3,2,1,200,1
T4,3,1,126,7
T5,4,1,31,3
T6,5,0,65,1
T7,6,0,182,22
[276]
T1,0,1,20,2
T2,1,1,75,5
T3,2,1,200,42
T4,3,1,150,2
T5,4,1,110,1
T6,5,0,192,17
T7,6,0,31,2
[277]
T1,0,0,200,19
T2,1,0,175,3
T3,2,0,40,1
T4,3,1,90,3
T5,4,0,150,2
T6,5,1,90,14
T7,6,1,40,4
[278]
T1,0,1,20,2
T2,1,1,120,2
T3,2,1,177,4
T4,3,1,176,5
T5,4,0,132,21
T6,5,1,200,33
T7,6,0,34,3
[279]
T1,0,0,40,2
T2,1,0,66,9
T3,2,1,48,1
T4,3,1,120,6
T5,4,0,200,30
T6,5,0,182,15
T7,6,0,154,4
[280]
T1,0,0,191,3
T2,1,1,191,7
T3,2,1,50,2
T4,3,0,104,10
T5,4,1,80,5
T6,5,0,36,3
T7,6,1,200,35
[281]
T1,0,0,153,3
T2,1,1,43,5
T3,2,0,135,7
T4,3,0,200,2
T5,4,1,27,2
T6,5,1,153,32
T7,6,1,75,3
[282]
T1,0,1,60,1
T2,1,0,200,16
T3,2,1,30,2
T4,3,1,50,2
T5,4,1,167,53
T6,5,0,64,1
T7,6,1,160,4
[283]
T1,0,1,180,49
T2,1,0,32,2
T3,2,0,57,2
T4,3,1,180,13
T5,4,0,32,1
T6,5,0,63,2
T7,6,0,200,3
[284]
T1,0,1,44,2
T2,1,1,20,2
T3,2,0,150,2
T4,3,1,72,5
T5,4,1,90,6
T6,5,0,200,57
T7,6,1,156,2
[285]
T1,0,1,36,1
T2,1,1,175,3
T3,2,1,112,2
T4,3,1,32,2
T5,4,1,96,4
T6,5,0,172,16
T7,6,1,200,53
[286]
T1,0,0,153,11
T2,1,0,49,2
T3,2,0,170,1
T4,3,1,39,3
T5,4,0,78,8
T6,5,1,120,17
T7,6,0,200,14
[287]
T1,0,0,150,4
T2,1,0,27,5
T3,2,1,63,5
T4,3,0,190,1
T5,4,1,36,1
T6,5,0,200,19
T7,6,0,105,2
[288]
T1,0,1,184,2
T2,1,0,200,25
T3,2,1,45,9
T4,3,0,69,6
T5,4,1,37,2
T6,5,0,75,3
T7,6,1,190,2
[289]
T1,0,0,80,5
T2,1,0,200,8
T3,2,1,180,15
T4,3,1,96,13
T5,4,1,51,2
T6,5,1,175,18
T7,6,1,21,2
[290]
T1,0,1,34,2
T2,1,1,133,3
T3,2,0,38,4
T4,3,0,200,21
T5,4,0,189,17
T6,5,0,95,11
T7,6,0,171,2
[291]
T1,0,0,168,11
T2,1,1,157,16
T3,2,1,37,2
T4,3,1,120,1
T5,4,0,35,1
T6,5,0,200,4
T7,6,1,120,21
[292]
T1,0,1,150,13
T2,1,0,21,2
T3,2,1,32,5
T4,3,0,192,8
T5,4,0,90,1
T6,5,1,200,3
T7,6,0,128,1
[293]
T1,0,1,66,3
T2,1,0,30,2
T3,2,0,37,2
T4,3,0,198,25
T5,4,0,200,12
T6,5,1,58,5
T7,6,1,165,25
[294]
T1,0,1,150,4
T2,1,0,42,1
T3,2,1,141,2
T4,3,1,31,2
T5,4,1,168,16
T6,5,1,200,48
T7,6,0,120,5
[295]
T1,0,1,168,40
T2,1,0,200,22
T3,2,1,35,2
T4,3,0,180,6
T5,4,0,47,2
T6,5,1,91,1
T7,6,0,112,3
[296]
T1,0,1,120,3
T2,1,1,160,2
T3,2,1,136,11
T4,3,0,160,9
T5,4,1,51,6
T6,5,0,200,1
T7,6,1,24,4
[297]
T1,0,1,120,15
T2,1,1,25,5
T3,2,0,26,2
T4,3,1,84,3
T5,4,1,200,7
T6,5,0,161,2
T7,6,0,184,4
[298]
T1,0,0,180,3
T2,1,0,187,7
T3,2,1,30,2
T4,3,0,29,10
T5,4,1,110,2
T6,5,1,200,2
T7,6,1,66,4
[299]
T1,0,0,75,4
T2,1,0,200,56
T3,2,0,96,1
T4,3,0,20,2
T5,4,0,168,1
T6,5,1,30,2
T7,6,0,147,15
[300]
T1,0,1,26,1
T2,1,1,34,6
T3,2,0,182,3
T4,3,0,56,3
T5,4,1,136,10
T6,5,0,200,13
T7,6,1,150,5
[301]
T1,0,0,190,12
T2,1,0,31,1
T3,2,0,125,9
T4,3,0,200,20
T5,4,1,175,4
T6,5,1,32,4
T7,6,0,76,2
[302]
T1,0,0,52,1
T2,1,1,180,18
T3,2,0,53,3
T4,3,0,117,17
T5,4,1,153,11
T6,5,1,200,12
T7,6,1,90,1
[303]
T1,0,1,168,11
T2,1,1,63,5
T3,2,0,34,1
T4,3,0,174,30
T5,4,1,42,4
T6,5,1,144,2
T7,6,0,200,1
[304]
T1,0,1,168,2
T2,1,1,26,1
T3,2,0,200,45
T4,3,0,95,4
T5,4,1,56,2
T6,5,0,168,9
T7,6,0,22,2
[305]
T1,0,0,47,1
T2,1,1,82,9
T3,2,0,150,6
T4,3,0,88,10
T5,4,1,165,6
T6,5,0,41,1
T7,6,1,200,22
[306]
T1,0,1,26,3
T2,1,0,200,5
T3,2,1,164,12
T4,3,1,37,1
T5,4,1,130,28
T6,5,0,180,2
T7,6,0,65,2
[307]
T1,0,1,21,1
T2,1,0,43,2
T3,2,1,200,22
T4,3,1,162,2
T5,4,1,81,14
T6,5,0,150,14
T7,6,0,72,1
[308]
T1,0,0,160,3
T2,1,1,26,2
T3,2,1,192,9
T4,3,1,40,1
T5,4,1,56,14
T6,5,0,104,9
T7,6,1,200,8
[309]
T1,0,0,40,2
T2,1,1,56,5
T3,2,0,21,2
T4,3,1,180,17
T5,4,1,200,4
T6,5,1,64,8
T7,6,1,175,16
[310]
T1,0,0,44,2
T2,1,0,55,11
T3,2,0,180,2
T4,3,0,30,1
T5,4,0,120,1
T6,5,0,200,2
T7,6,0,148,28
[311]
T1,0,0,45,2
T2,1,1,124,3
T3,2,0,160,12
T4,3,0,150,46
T5,4,1,24,2
T6,5,0,112,3
T7,6,1,200,8
[312]
T1,0,1,168,26
T2,1,0,35,2
T3,2,1,156,17
T4,3,1,144,7
T5,4,1,24,1
T6,5,0,200,13
T7,6,0,135,7
[313]
T1,0,1,200,2
T2,1,1,24,1
T3,2,1,164,51
T4,3,1,90,4
T5,4,0,72,2
T6,5,1,150,2
T7,6,1,49,2
[314]
T1,0,0,24,3
T2,1,1,200,30
T3,2,1,120,12
T4,3,0,192,4
T5,4,0,180,5
T6,5,1,42,2
T7,6,0,70,2
[315]
T1,0,1,200,6
T2,1,0,189,1
T3,2,1,150,14
T4,3,0,27,1
T5,4,0,53,2
T6,5,1,84,17
T7,6,0,136,6
[316]
T1,0,1,20,2
T2,1,1,105,4
T3,2,1,200,37
T4,3,1,80,2
T5,4,0,168,2
T6,5,1,171,36
T7,6,0,45,2
[317]
T1,0,1,88,14
T2,1,0,22,2
T3,2,1,26,2
T4,3,1,198,3
T5,4,0,165,6
T6,5,0,200,25
T7,6,1,88,8
[318]
T1,0,1,48,10
T2,1,0,165,2
T3,2,1,35,3
T4,3,0,105,3
T5,4,0,192,3
T6,5,0,55,2
T7,6,0,200,22
[319]
T1,0,1,36,1
T2,1,0,192,10
T3,2,1,200,38
T4,3,0,33,1
T5,4,0,84,5
T6,5,0,160,11
T7,6,1,120,1
[320]
T1,0,0,38,1
T2,1,0,150,20
T3,2,0,23,2
T4,3,1,120,9
T5,4,0,150,5
T6,5,0,142,23
T7,6,1,200,4
[321]
T1,0,0,200,2
T2,1,1,180,47
T3,2,1,68,5
T4,3,0,35,2
T5,4,0,153,3
T6,5,1,32,2
T7,6,1,102,2
[322]
T1,0,1,110,17
T2,1,0,154,2
T3,2,0,75,1
T4,3,1,154,35
T5,4,0,45,2
T6,5,0,45,1
T7,6,1,200,8
[323]
T1,0,0,153,20
T2,1,1,35,2
T3,2,0,200,2
T4,3,0,175,21
T5,4,1,96,10
T6,5,1,38,1
T7,6,1,102,10
[324]
T1,0,0,175,26
T2,1,1,56,5
T3,2,1,200,9
T4,3,1,45,1
T5,4,0,145,8
T6,5,1,22,1
T7,6,0,174,7
[325]
T1,0,0,38,2
T2,1,0,64,2
T3,2,1,140,4
T4,3,0,48,2
T5,4,1,200,44
T6,5,1,175,1
T7,6,0,192,21
[326]
T1,0,0,28,1
T2,1,1,33,3
T3,2,0,200,4
T4,3,0,168,22
T5,4,0,160,4
T6,5,0,72,7
T7,6,1,55,3
[327]
T1,0,1,112,2
T2,1,0,32,5
T3,2,0,200,2
T4,3,1,150,2
T5,4,0,147,16
T6,5,1,63,9
T7,6,1,42,1
[328]
T1,0,1,100,2
T2,1,0,172,22
T3,2,0,20,2
T4,3,0,172,34
T5,4,1,144,1
T6,5,1,200,24
T7,6,1,40,2
[329]
T1,0,0,51,2
T2,1,1,170,27
T3,2,0,80,2
T4,3,0,200,3
T5,4,1,150,22
T6,5,1,124,16
T7,6,0,34,2
[330]
T1,0,0,26,1
T2,1,0,200,17
T3,2,0,156,27
T4,3,1,78,2
T5,4,0,190,13
T6,5,1,120,3
T7,6,0,42,2
[331]
T1,0,0,132,14
T2,1,0,200,23
T3,2,0,192,4
T4,3,1,175,17
T5,4,0,32,1
T6,5,1,27,2
T7,6,1,64,2
[332]
T1,0,0,170,1
T2,1,1,200,35
T3,2,1,34,2
T4,3,0,136,2
T5,4,0,153,7
T6,5,0,30,2
T7,6,1,72,12
[333]
T1,0,0,200,2
T2,1,1,104,2
T3,2,1,156,8
T4,3,0,44,4
T5,4,0,192,19
T6,5,1,75,10
T7,6,1,47,2
[334]
T1,0,0,192,8
T2,1,0,70,7
T3,2,0,25,2
T4,3,0,160,3
T5,4,0,136,13
T6,5,1,200,7
T7,6,0,29,4
[335]
T1,0,1,20,1
T2,1,1,64,5
T3,2,0,48,2
T4,3,0,196,33
T5,4,1,200,13
T6,5,0,84,2
T7,6,1,192,2
[336]
T1,0,0,200,3
T2,1,1,27,2
T3,2,1,30,4
T4,3,1,120,4
T5,4,0,75,2
T6,5,0,195,34
T7,6,0,195,2
[337]
T1,0,1,200,1
T2,1,0,90,2
T3,2,1,160,2
T4,3,0,23,2
T5,4,0,160,20
T6,5,0,112,6
T7,6,0,25,4
[338]
T1,0,1,21,2
T2,1,0,33,1
T3,2,0,200,49
T4,3,1,55,2
T5,4,1,165,7
T6,5,0,165,3
T7,6,0,125,1
[339]
T1,0,0,130,8
T2,1,0,60,9
T3,2,1,190,7
T4,3,1,35,2
T5,4,0,48,2
T6,5,0,200,10
T7,6,0,190,26
[340]
T1,0,1,32,2
T2,1,0,168,25
T3,2,0,36,1
T4,3,0,85,3
T5,4,0,200,27
T6,5,0,153,3
T7,6,0,63,4
[341]
T1,0,1,200,14
T2,1,0,70,3
T3,2,1,154,10
T4,3,1,25,2
T5,4,1,132,2
T6,5,0,165,49
T7,6,0,50,2
[342]
T1,0,1,200,18
T2,1,1,50,8
T3,2,1,100,2
T4,3,0,175,9
T5,4,0,175,6
T6,5,1,107,5
T7,6,0,37,3
[343]
T1,0,0,64,2
T2,1,0,154,12
T3,2,0,33,2
T4,3,1,150,1
T5,4,1,100,13
T6,5,1,41,7
T7,6,1,200,16
[344]
T1,0,1,42,6
T2,1,1,94,2
T3,2,1,46,1
T4,3,0,200,28
T5,4,1,175,20
T6,5,1,180,7
T7,6,0,141,1
[345]
T1,0,0,33,2
T2,1,0,175,7
T3,2,0,200,12
T4,3,0,56,6
T5,4,1,55,4
T6,5,0,150,10
T7,6,1,48,4
[346]
T1,0,1,22,1
T2,1,1,154,16
T3,2,1,176,3
T4,3,0,41,3
T5,4,1,66,1
T6,5,0,132,4
T7,6,1,200,36
[347]
T1,0,1,200,21
T2,1,0,80,9
T3,2,1,152,3
T4,3,1,24,2
T5,4,0,70,10
T6,5,0,40,2
T7,6,0,190,1
[348]
T1,0,0,90,5
T2,1,0,25,1
T3,2,1,60,4
T4,3,0,200,22
T5,4,1,32,3
T6,5,1,185,12
T7,6,1,160,2
[349]
T1,0,0,175,2
T2,1,0,200,9
T3,2,0,40,2
T4,3,1,198,11
T5,4,0,96,23
T6,5,1,25,2
T7,6,1,88,2
[350]
T1,0,1,23,3
T2,1,0,96,5
T3,2,1,138,9
T4,3,0,168,5
T5,4,0,200,23
T6,5,1,43,2
T7,6,1,150,9
[351]
T1,0,0,200,1
T2,1,0,192,23
T3,2,1,20,1
T4,3,1,168,9
T5,4,0,63,1
T6,5,0,30,1
T7,6,1,140,20
[352]
T1,0,0,24,2
T2,1,0,168,7
T3,2,0,168,16
T4,3,0,46,1
T5,4,1,74,2
T6,5,1,200,29
T7,6,1,63,5
[353]
T1,0,0,165,6
T2,1,0,165,11
T3,2,1,200,4
T4,3,0,21,2
T5,4,1,100,20
T6,5,1,99,11
T7,6,1,46,1
[354]
T1,0,1,182,5
T2,1,1,30,2
T3,2,1,180,8
T4,3,0,112,2
T5,4,1,52,17
T6,5,1,65,4
T7,6,0,200,2
[355]
T1,0,1,32,2
T2,1,1,88,11
T3,2,1,176,20
T4,3,1,40,2
T5,4,0,165,14
T6,5,1,105,9
T7,6,0,200,3
[356]
T1,0,1,189,16
T2,1,0,36,5
T3,2,0,80,6
T4,3,1,24,2
T5,4,1,198,12
T6,5,0,200,20
T7,6,0,77,2
[357]
T1,0,0,22,2
T2,1,1,160,23
T3,2,1,80,3
T4,3,1,120,4
T5,4,0,200,5
T6,5,0,148,30
T7,6,0,30,2
[358]
T1,0,0,168,29
T2,1,1,120,8
T3,2,0,56,3
T4,3,1,45,2
T5,4,1,34,2
T6,5,1,200,11
T7,6,0,155,12
[359]
T1,0,0,156,5
T2,1,0,200,9
T3,2,1,31,2
T4,3,0,25,3
T5,4,1,180,2
T6,5,0,112,7
T7,6,0,70,8
[360]
T1,0,1,50,3
T2,1,1,38,2
T3,2,1,64,2
T4,3,0,195,2
T5,4,0,56,2
T6,5,0,175,45
T7,6,1,200,10
[361]
T1,0,1,119,13
T2,1,1,182,12
T3,2,1,47,3
T4,3,1,175,12
T5,4,0,80,8
T6,5,1,200,13
T7,6,1,28,2
[362]
T1,0,0,96,22
T2,1,0,48,2
T3,2,0,36,2
T4,3,0,156,10
T5,4,1,160,4
T6,5,0,110,7
T7,6,1,200,5
[363]
T1,0,0,150,10
T2,1,0,75,11
T3,2,0,102,1
T4,3,0,51,2
T5,4,0,160,30
T6,5,1,200,2
T7,6,0,23,2
[364]
T1,0,0,25,1
T2,1,1,90,3
T3,2,0,49,5
T4,3,1,168,12
T5,4,0,200,26
T6,5,1,190,4
T7,6,0,54,2
[365]
T1,0,1,156,9
T2,1,1,150,12
T3,2,1,95,2
T4,3,1,40,1
T5,4,0,90,1
T6,5,0,200,17
T7,6,1,28,6
[366]
T1,0,0,100,3
T2,1,1,25,2
T3,2,0,175,2
T4,3,1,55,5
T5,4,1,200,24
T6,5,0,35,5
T7,6,1,188,11
[367]
T1,0,0,140,19
T2,1,0,105,9
T3,2,1,200,2
T4,3,0,31,2
T5,4,0,30,2
T6,5,1,175,26
T7,6,0,168,3
[368]
T1,0,0,156,4
T2,1,0,198,19
T3,2,1,44,2
T4,3,0,41,10
T5,4,0,90,2
T6,5,1,200,4
T7,6,1,135,6
[369]
T1,0,1,27,2
T2,1,0,182,1
T3,2,0,52,2
T4,3,0,200,10
T5,4,1,150,21
T6,5,1,78,6
T7,6,1,112,20
[370]
T1,0,0,200,43
T2,1,1,55,3
T3,2,1,154,9
T4,3,1,37,1
T5,4,0,50,4
T6,5,1,140,2
T7,6,0,189,2
[371]
T1,0,1,132,2
T2,1,0,200,21
T3,2,1,168,30
T4,3,1,156,6
T5,4,0,46,2
T6,5,1,30,2
T7,6,1,104,3
[372]
T1,0,0,162,16
T2,1,0,33,2
T3,2,0,20,2
T4,3,0,60,1
T5,4,0,200,6
T6,5,0,56,6
T7,6,1,162,24
[373]
T1,0,0,186,7
T2,1,0,31,2
T3,2,0,200,13
T4,3,0,140,12
T5,4,1,62,10
T6,5,0,20,2
T7,6,0,196,19
[374]
T1,0,1,182,16
T2,1,0,54,7
T3,2,1,112,5
T4,3,1,150,2
T5,4,0,29,2
T6,5,1,104,14
T7,6,1,200,2
[375]
T1,0,1,174,15
T2,1,1,40,4
T3,2,1,69,2
T4,3,1,35,1
T5,4,0,184,18
T6,5,1,200,6
T7,6,0,87,11
[376]
T1,0,0,55,6
T2,1,1,24,2
T3,2,1,150,15
T4,3,0,175,6
T5,4,0,35,2
T6,5,1,75,10
T7,6,0,200,17
[377]
T1,0,1,112,5
T2,1,1,32,2
T3,2,0,52,10
T4,3,1,105,1
T5,4,0,150,11
T6,5,1,190,11
T7,6,1,200,15
[378]
T1,0,1,176,14
T2,1,0,200,27
T3,2,0,150,3
T4,3,0,80,2
T5,4,1,40,2
T6,5,0,71,3
T7,6,0,34,5
[379]
T1,0,0,188,18
T2,1,1,49,1
T3,2,1,94,9
T4,3,0,200,12
T5,4,0,156,8
T6,5,1,25,1
T7,6,0,60,5
[380]
T1,0,1,200,38
T2,1,1,45,3
T3,2,1,150,5
T4,3,1,102,6
T5,4,0,168,10
T6,5,1,52,2
T7,6,0,100,1
[381]
T1,0,0,70,16
T2,1,1,189,9
T3,2,1,31,2
T4,3,0,200,9
T5,4,0,165,14
T6,5,1,63,1
T7,6,0,40,1
[382]
T1,0,0,182,7
T2,1,1,195,2
T3,2,1,200,33
T4,3,0,100,4
T5,4,1,37,2
T6,5,1,26,2
T7,6,1,78,10
[383]
T1,0,0,117,1
T2,1,0,56,9
T3,2,0,45,2
T4,3,0,200,8
T5,4,1,150,27
T6,5,1,21,2
T7,6,1,180,11
[384]
T1,0,1,200,15
T2,1,1,140,19
T3,2,1,38,2
T4,3,0,42,2
T5,4,0,190,2
T6,5,0,196,30
T7,6,0,100,9
[385]
T1,0,0,180,25
T2,1,1,176,2
T3,2,1,200,10
T4,3,1,140,17
T5,4,1,41,1
T6,5,0,60,4
T7,6,0,35,2
[386]
T1,0,1,60,10
T2,1,0,25,1
T3,2,0,39,2
T4,3,0,176,14
T5,4,1,156,9
T6,5,0,125,9
T7,6,1,200,8
[387]
T1,0,0,200,3
T2,1,1,108,2
T3,2,0,39,2
T4,3,1,130,4
T5,4,0,168,16
T6,5,1,28,1
T7,6,0,180,50
[388]
T1,0,0,43,4
T2,1,0,85,7
T3,2,0,200,16
T4,3,0,24,2
T5,4,0,153,16
T6,5,1,90,1
T7,6,0,186,14
[389]
T1,0,0,80,2
T2,1,1,30,2
T3,2,0,79,2
T4,3,1,200,16
T5,4,1,158,24
T6,5,0,158,27
T7,6,1,52,2
[390]
T1,0,1,30,2
T2,1,1,64,6
T3,2,0,165,12
T4,3,1,150,2
T5,4,0,33,2
T6,5,0,200,6
T7,6,0,66,11
[391]
T1,0,0,66,3
T2,1,1,88,4
T3,2,0,30,2
T4,3,0,162,6
T5,4,1,160,3
T6,5,0,200,28
T7,6,0,36,4
[392]
T1,0,1,150,5
T2,1,0,80,11
T3,2,0,196,3
T4,3,0,24,2
T5,4,0,200,1
T6,5,1,49,6
T7,6,0,96,14
[393]
T1,0,0,114,2
T2,1,1,44,5
T3,2,1,200,4
T4,3,0,33,2
T5,4,1,160,2
T6,5,0,55,3
T7,6,0,152,36
[394]
T1,0,0,196,19
T2,1,0,200,2
T3,2,0,75,1
T4,3,0,120,3
T5,4,1,42,6
T6,5,0,46,2
T7,6,1,170,22
[395]
T1,0,1,46,2
T2,1,1,154,11
T3,2,1,62,1
T4,3,0,175,4
T5,4,0,40,2
T6,5,1,77,11
T7,6,0,200,21
[396]
T1,0,0,33,1
T2,1,1,66,4
T3,2,0,84,10
T4,3,1,42,4
T5,4,0,160,8
T6,5,1,200,13
T7,6,1,150,9
[397]
T1,0,0,156,2
T2,1,0,108,9
T3,2,1,200,11
T4,3,0,40,2
T5,4,0,90,1
T6,5,0,156,19
T7,6,0,26,3
[398]
T1,0,1,200,26
T2,1,0,132,2
T3,2,0,66,5
T4,3,0,192,11
T5,4,0,27,2
T6,5,0,51,2
T7,6,0,176,22
[399]
T1,0,1,180,19
T2,1,0,190,1
T3,2,1,200,2
T4,3,1,50,5
T5,4,0,117,10
T6,5,0,80,9
T7,6,1,36,2
[400]
T1,0,1,200,5
T2,1,1,168,26
T3,2,0,98,5
T4,3,1,54,3
T5,4,0,20,1
T6,5,0,189,5
T7,6,1,24,2
[401]
T1,0,1,60,5
T2,1,1,50,1
T3,2,1,84,6
T4,3,0,154,16
T5,4,0,200,1
T6,5,0,152,1
T7,6,0,21,3
[402]
T1,0,0,30,2
T2,1,0,20,2
T3,2,0,180,7
T4,3,1,112,5
T5,4,0,200,13
T6,5,1,93,11
T7,6,1,180,17
[403]
T1,0,0,176,19
T2,1,1,21,1
T3,2,1,150,8
T4,3,1,60,2
T5,4,1,200,2
T6,5,0,30,5
T7,6,0,123,5
[404]
T1,0,1,36,2
T2,1,1,156,9
T3,2,1,200,8
T4,3,0,120,19
T5,4,1,56,1
T6,5,1,156,13
T7,6,0,36,2
[405]
T1,0,1,200,6
T2,1,0,186,1
T3,2,0,36,1
T4,3,1,155,11
T5,4,1,84,9
T6,5,1,72,2
T7,6,0,29,6
[406]
T1,0,0,140,2
T2,1,1,200,35
T3,2,1,49,1
T4,3,1,44,3
T5,4,1,175,2
T6,5,0,162,6
T7,6,1,72,10
[407]
T1,0,1,132,12
T2,1,1,200,13
T3,2,0,165,2
T4,3,1,26,1
T5,4,1,91,2
T6,5,1,54,6
T7,6,1,168,17
[408]
T1,0,1,100,14
T2,1,0,65,4
T3,2,1,195,17
T4,3,0,200,29
T5,4,0,169,2
T6,5,1,26,2
T7,6,0,40,1
[409]
T1,0,1,22,2
T2,1,1,154,7
T3,2,0,200,14
T4,3,1,126,15
T5,4,1,38,2
T6,5,0,70,4
T7,6,1,160,24
[410]
T1,0,0,200,13
T2,1,1,108,1
T3,2,0,144,2
T4,3,1,48,5
T5,4,1,150,8
T6,5,1,186,2
T7,6,1,24,5
[411]
T1,0,0,96,1
T2,1,1,24,2
T3,2,1,200,25
T4,3,0,78,9
T5,4,0,156,18
T6,5,1,195,11
T7,6,1,51,2
[412]
T1,0,0,45,3
T2,1,0,99,8
T3,2,1,144,27
T4,3,1,20,2
T5,4,0,180,7
T6,5,0,162,2
T7,6,1,200,19
[413]
T1,0,0,200,2
T2,1,1,120,2
T3,2,0,52,5
T4,3,0,72,1
T5,4,0,155,3
T6,5,0,153,47
T7,6,0,45,2
[414]
T1,0,1,75,4
T2,1,0,195,18
T3,2,1,87,5
T4,3,0,24,2
T5,4,1,48,2
T6,5,1,156,15
T7,6,0,200,24
[415]
T1,0,1,196,10
T2,1,1,147,12
T3,2,1,200,17
T4,3,0,50,7
T5,4,1,70,2
T6,5,0,48,1
T7,6,1,161,9
[416]
T1,0,0,128,2
T2,1,0,24,6
T3,2,1,185,16
T4,3,1,45,2
T5,4,1,74,2
T6,5,1,200,7
T7,6,1,160,11
[417]
T1,0,1,45,5
T2,1,1,200,1
T3,2,1,100,1
T4,3,0,22,2
T5,4,1,57,10
T6,5,0,176,10
T7,6,0,176,19
[418]
T1,0,1,162,18
T2,1,1,61,5
T3,2,1,27,4
T4,3,0,81,1
T5,4,0,200,17
T6,5,1,183,6
T7,6,1,54,2
[419]
T1,0,1,200,1
T2,1,0,162,15
T3,2,0,150,5
T4,3,0,50,2
T5,4,1,72,18
T6,5,0,40,1
T7,6,1,68,5
[420]
T1,0,0,200,20
T2,1,0,180,2
T3,2,1,105,18
T4,3,1,141,3
T5,4,1,25,1
T6,5,1,150,1
T7,6,1,38,4
[421]
T1,0,0,37,2
T2,1,1,21,1
T3,2,0,176,2
T4,3,1,200,7
T5,4,0,99,1
T6,5,0,160,24
T7,6,1,88,12
[422]
T1,0,1,80,5
T2,1,0,29,6
T3,2,1,56,5
T4,3,1,192,5
T5,4,1,168,8
T6,5,0,25,2
T7,6,1,200,2
[423]
T1,0,1,25,4
T2,1,0,98,11
T3,2,1,28,2
T4,3,1,100,6
T5,4,1,161,5
T6,5,1,200,3
T7,6,1,168,11
[424]
T1,0,1,165,6
T2,1,0,200,22
T3,2,0,168,34
T4,3,0,42,2
T5,4,1,132,7
T6,5,0,40,1
T7,6,0,88,2
[425]
T1,0,0,105,7
T2,1,1,184,6
T3,2,0,200,1
T4,3,1,36,2
T5,4,1,92,12
T6,5,0,42,6
T7,6,1,180,16
[426]
T1,0,1,85,10
T2,1,0,152,16
T3,2,0,190,3
T4,3,0,200,6
T5,4,1,35,2
T6,5,1,70,14
T7,6,1,45,2
[427]
T1,0,1,150,24
T2,1,0,63,1
T3,2,1,63,6
T4,3,1,200,25
T5,4,1,155,2
T6,5,0,35,1
T7,6,0,42,1
[428]
T1,0,0,150,8
T2,1,1,24,2
T3,2,0,90,4
T4,3,1,200,6
T5,4,0,180,11
T6,5,0,35,5
T7,6,1,77,10
[429]
T1,0,1,56,6
T2,1,1,27,1
T3,2,0,176,30
T4,3,1,63,1
T5,4,0,42,2
T6,5,1,200,16
T7,6,0,189,8
[430]
T1,0,1,150,10
T2,1,0,188,1
T3,2,0,50,1
T4,3,0,120,23
T5,4,0,200,10
T6,5,0,44,2
T7,6,0,100,8
[431]
T1,0,0,150,14
T2,1,0,50,2
T3,2,1,129,16
T4,3,1,200,2
T5,4,0,162,14
T6,5,0,135,14
T7,6,1,29,2
[432]
T1,0,0,172,18
T2,1,1,51,7
T3,2,1,172,1
T4,3,0,144,21
T5,4,1,129,3
T6,5,1,48,2
T7,6,0,200,2
[433]
T1,0,0,65,1
T2,1,0,200,19
T3,2,1,150,8
T4,3,0,150,28
T5,4,0,23,2
T6,5,1,44,1
T7,6,0,130,8
[434]
T1,0,1,192,4
T2,1,0,132,10
T3,2,1,165,12
T4,3,0,200,4
T5,4,1,130,13
T6,5,0,26,1
T7,6,0,39,5
[435]
T1,0,0,165,6
T2,1,0,200,40
T3,2,1,198,13
T4,3,1,40,5
T5,4,1,44,2
T6,5,0,94,1
T7,6,0,75,1
[436]
T1,0,1,175,2
T2,1,1,48,8
T3,2,1,44,3
T4,3,1,105,2
T5,4,1,176,22
T6,5,1,200,14
T7,6,0,64,2
[437]
T1,0,0,200,9
T2,1,0,175,15
T3,2,1,75,9
T4,3,1,58,2
T5,4,1,37,2
T6,5,0,160,9
T7,6,1,24,1
[438]
T1,0,0,126,30
T2,1,0,200,20
T3,2,1,168,4
T4,3,1,168,10
T5,4,0,20,2
T6,5,1,63,2
T7,6,1,37,2
[439]
T1,0,0,40,5
T2,1,0,50,8
T3,2,0,199,2
T4,3,1,115,2
T5,4,1,184,24
T6,5,1,200,13
T7,6,0,115,1
[440]
T1,0,0,25,2
T2,1,1,66,2
T3,2,1,200,15
T4,3,0,175,24
T5,4,1,154,8
T6,5,1,133,11
T7,6,0,30,1
[441]
T1,0,1,64,3
T2,1,1,144,2
T3,2,0,192,53
T4,3,0,54,2
T5,4,0,37,2
T6,5,1,200,14
T7,6,0,175,3
[442]
T1,0,0,40,2
T2,1,0,175,21
T3,2,1,23,2
T4,3,1,119,2
T5,4,0,200,10
T6,5,0,136,2
T7,6,1,148,19
[443]
T1,0,0,200,1
T2,1,0,47,3
T3,2,1,70,1
T4,3,0,37,4
T5,4,0,190,31
T6,5,0,190,3
T7,6,1,140,13
[444]
T1,0,1,110,1
T2,1,1,200,3
T3,2,0,100,2
T4,3,1,41,5
T5,4,1,51,15
T6,5,1,187,1
T7,6,1,176,4
[445]
T1,0,1,80,1
T2,1,0,150,13
T3,2,1,22,2
T4,3,1,200,15
T5,4,0,55,2
T6,5,1,49,5
T7,6,1,168,8
[446]
T1,0,0,45,3
T2,1,1,200,11
T3,2,0,150,1
T4,3,1,152,22
T5,4,0,69,2
T6,5,1,24,4
T7,6,0,92,3
[447]
T1,0,0,24,2
T2,1,0,154,40
T3,2,0,200,7
T4,3,0,84,10
T5,4,0,168,2
T6,5,0,110,2
T7,6,1,34,2
[448]
T1,0,0,153,9
T2,1,1,135,1
T3,2,1,153,19
T4,3,0,200,1
T5,4,0,30,3
T6,5,0,21,2
T7,6,0,136,15
[449]
T1,0,0,136,4
T2,1,0,47,2
T3,2,0,176,15
T4,3,1,200,1
T5,4,0,25,2
T6,5,1,102,5
T7,6,1,198,53
[450]
T1,0,1,160,11
T2,1,0,54,1
T3,2,1,180,36
T4,3,0,100,12
T5,4,0,145,7
T6,5,1,30,2
T7,6,1,200,2
[451]
T1,0,1,200,6
T2,1,1,160,12
T3,2,0,48,5
T4,3,1,41,5
T5,4,0,180,13
T6,5,1,74,4
T7,6,1,54,2
[452]
T1,0,0,169,5
T2,1,1,24,2
T3,2,0,78,3
T4,3,0,91,10
T5,4,1,31,1
T6,5,1,200,8
T7,6,1,195,39
[453]
T1,0,1,200,1
T2,1,1,43,4
T3,2,1,196,36
T4,3,1,161,3
T5,4,0,105,3
T6,5,0,69,6
T7,6,0,28,1
[454]
T1,0,1,41,2
T2,1,1,70,2
T3,2,1,140,14
T4,3,0,178,11
T5,4,1,160,15
T6,5,1,20,2
T7,6,0,200,19
[455]
T1,0,1,90,19
T2,1,0,147,6
T3,2,1,175,3
T4,3,0,35,2
T5,4,0,200,13
T6,5,0,66,6
T7,6,1,23,2
[456]
T1,0,0,151,4
T2,1,1,150,28
T3,2,1,25,3
T4,3,1,70,5
T5,4,0,200,1
T6,5,1,105,3
T7,6,0,48,2
[457]
T1,0,1,176,7
T2,1,0,28,2
T3,2,1,75,1
T4,3,1,32,2
T5,4,0,120,14
T6,5,0,200,6
T7,6,0,176,32
[458]
T1,0,1,150,1
T2,1,0,147,3
T3,2,1,72,9
T4,3,0,34,2
T5,4,0,189,2
T6,5,1,200,26
T7,6,0,45,7
[459]
T1,0,1,40,1
T2,1,1,40,3
T3,2,1,70,10
T4,3,1,144,2
T5,4,1,160,23
T6,5,0,200,13
T7,6,0,182,3
[460]
T1,0,0,162,15
T2,1,1,90,14
T3,2,0,32,1
T4,3,0,144,22
T5,4,0,150,1
T6,5,1,200,1
T7,6,0,35,1
[461]
T1,0,1,199,13
T2,1,0,200,10
T3,2,0,112,2
T4,3,0,51,14
T5,4,1,40,2
T6,5,0,199,7
T7,6,1,140,3
[462]
T1,0,1,72,8
T2,1,0,88,2
T3,2,1,30,3
T4,3,0,200,11
T5,4,1,160,19
T6,5,0,198,2
T7,6,1,32,1
[463]
T1,0,0,63,8
T2,1,1,56,3
T3,2,0,200,1
T4,3,0,195,24
T5,4,0,20,1
T6,5,0,54,1
T7,6,0,150,13
[464]
T1,0,1,39,1
T2,1,1,91,17
T3,2,1,160,21
T4,3,1,28,2
T5,4,0,77,2
T6,5,1,200,2
T7,6,0,182,17
[465]
T1,0,0,25,2
T2,1,0,78,5
T3,2,0,152,30
T4,3,0,200,1
T5,4,0,104,3
T6,5,0,195,24
T7,6,1,40,2
[466]
T1,0,0,24,2
T2,1,1,177,10
T3,2,1,59,5
T4,3,1,120,7
T5,4,1,36,1
T6,5,0,180,10
T7,6,1,200,30
[467]
T1,0,0,80,5
T2,1,1,200,7
T3,2,0,46,8
T4,3,0,35,1
T5,4,0,150,6
T6,5,0,60,2
T7,6,1,195,14
[468]
T1,0,0,35,1
T2,1,0,185,42
T3,2,0,100,2
T4,3,0,132,1
T5,4,1,33,1
T6,5,1,185,19
T7,6,1,200,8
[469]
T1,0,1,120,1
T2,1,1,27,4
T3,2,0,152,1
T4,3,0,33,3
T5,4,0,150,14
T6,5,0,200,22
T7,6,0,77,2
[470]
T1,0,0,77,2
T2,1,0,42,5
T3,2,1,165,2
T4,3,0,200,57
T5,4,0,30,2
T6,5,1,190,4
T7,6,1,70,1
[471]
T1,0,1,56,2
T2,1,1,169,4
T3,2,1,32,4
T4,3,0,50,3
T5,4,0,160,7
T6,5,0,200,30
T7,6,0,130,1
[472]
T1,0,1,148,10
T2,1,0,88,3
T3,2,1,30,4
T4,3,1,28,2
T5,4,1,148,2
T6,5,1,200,11
T7,6,1,110,16
[473]
T1,0,0,198,10
T2,1,1,180,16
T3,2,0,80,16
T4,3,1,200,1
T5,4,1,33,2
T6,5,0,41,4
T7,6,0,70,1
[474]
T1,0,0,168,3
T2,1,0,50,7
T3,2,1,76,4
T4,3,0,152,27
T5,4,0,133,1
T6,5,0,38,2
T7,6,0,200,2
[475]
T1,0,0,54,9
T2,1,0,200,2
T3,2,0,156,39
T4,3,1,31,2
T5,4,1,160,4
T6,5,0,20,2
T7,6,0,54,2
[476]
T1,0,0,200,38
T2,1,0,57,2
T3,2,1,180,13
T4,3,1,49,2
T5,4,0,100,6
T6,5,0,22,1
T7,6,1,180,4
[477]
T1,0,0,63,11
T2,1,0,200,8
T3,2,1,156,9
T4,3,1,54,2
T5,4,1,20,2
T6,5,1,29,2
T7,6,1,175,9
[478]
T1,0,1,160,9
T2,1,1,40,2
T3,2,0,30,2
T4,3,0,126,1
T5,4,1,189,48
T6,5,0,200,8
T7,6,0,126,7
[479]
T1,0,0,24,2
T2,1,0,200,26
T3,2,0,70,4
T4,3,0,195,32
T5,4,1,48,3
T6,5,0,150,2
T7,6,0,63,2
[480]
T1,0,1,168,15
T2,1,0,110,5
T3,2,0,125,25
T4,3,1,200,6
T5,4,1,21,1
T6,5,1,30,2
T7,6,1,176,3
[481]
T1,0,0,200,1
T2,1,1,186,36
T3,2,0,23,2
T4,3,1,124,9
T5,4,0,160,28
T6,5,1,50,2
T7,6,1,125,1
[482]
T1,0,0,20,2
T2,1,0,195,23
T3,2,0,130,9
T4,3,1,200,3
T5,4,0,41,2
T6,5,1,105,2
T7,6,1,180,25
[483]
T1,0,0,50,1
T2,1,1,115,8
T3,2,0,196,2
T4,3,0,48,12
T5,4,0,184,4
T6,5,0,112,4
T7,6,1,200,12
[484]
T1,0,0,84,1
T2,1,0,180,7
T3,2,0,33,2
T4,3,0,55,2
T5,4,0,27,3
T6,5,1,175,24
T7,6,0,200,14
[485]
T1,0,0,140,8
T2,1,1,150,7
T3,2,1,32,3
T4,3,0,192,5
T5,4,0,200,2
T6,5,0,21,4
T7,6,1,115,6
[486]
T1,0,1,144,11
T2,1,1,180,5
T3,2,1,189,16
T4,3,1,25,2
T5,4,1,200,19
T6,5,0,65,5
T7,6,1,21,2
[487]
T1,0,1,200,5
T2,1,1,32,7
T3,2,0,160,16
T4,3,0,72,2
T5,4,0,198,8
T6,5,0,100,2
T7,6,1,23,1
[488]
T1,0,1,196,7
T2,1,1,34,3
T3,2,1,176,2
T4,3,1,200,45
T5,4,0,112,6
T6,5,0,35,2
T7,6,0,132,7
[489]
T1,0,0,171,5
T2,1,0,31,3
T3,2,0,88,8
T4,3,1,200,5
T5,4,1,75,3
T6,5,1,190,28
T7,6,1,50,1
[490]
T1,0,1,104,3
T2,1,0,180,9
T3,2,0,200,12
T4,3,0,21,2
T5,4,0,126,9
T6,5,0,156,3
T7,6,1,24,3
[491]
T1,0,1,200,4
T2,1,1,180,3
T3,2,0,36,7
T4,3,1,184,12
T5,4,0,20,2
T6,5,0,75,2
T7,6,0,81,10
[492]
T1,0,1,200,27
T2,1,0,34,2
T3,2,0,175,8
T4,3,1,36,1
T5,4,1,75,2
T6,5,0,150,1
T7,6,0,110,18
[493]
T1,0,1,175,2
T2,1,0,171,3
T3,2,1,56,2
T4,3,1,48,6
T5,4,0,76,2
T6,5,0,200,25
T7,6,0,20,3
[494]
T1,0,0,160,31
T2,1,1,110,5
T3,2,1,200,10
T4,3,1,154,10
T5,4,0,56,2
T6,5,1,20,1
T7,6,1,26,1
[495]
T1,0,0,25,1
T2,1,1,60,2
T3,2,1,200,16
T4,3,1,93,3
T5,4,1,23,2
T6,5,1,196,10
T7,6,1,150,21
[496]
T1,0,1,184,21
T2,1,1,159,6
T3,2,1,106,3
T4,3,0,200,2
T5,4,0,50,2
T6,5,0,69,19
T7,6,1,27,2
[497]
T1,0,1,76,2
T2,1,0,25,2
T3,2,1,200,2
T4,3,0,160,15
T5,4,0,110,25
T6,5,1,190,26
T7,6,1,38,1
[498]
T1,0,0,162,26
T2,1,1,200,7
T3,2,1,36,1
T4,3,1,171,14
T5,4,1,45,3
T6,5,1,108,4
T7,6,1,72,4
[499]
T1,0,0,175,33
T2,1,1,144,2
T3,2,0,160,10
T4,3,1,120,1
T5,4,0,200,2
T6,5,1,49,8
T7,6,1,39,1
[500]
T1,0,1,60,2
T2,1,1,195,3
T3,2,1,200,16
T4,3,1,120,16
T5,4,1,153,2
T6,5,1,24,2
T7,6,0,52,4
