num_task_per_taskset=7
num_taskset=500
//ID,Priority,Offset,Period,Execution Time
[1]
T1,0,0,30,2
T2,1,1,180,4
T3,2,0,200,31
T4,3,1,165,1
T5,4,1,45,5
T6,5,0,112,17
T7,6,1,135,12
[2]
T1,0,1,168,7
T2,1,1,189,9
T3,2,1,200,32
T4,3,0,35,1
T5,4,1,60,11
T6,5,1,132,7
T7,6,0,41,2
[3]
T1,0,1,45,1
T2,1,1,26,1
T3,2,1,156,12
T4,3,1,200,27
T5,4,1,72,3
T6,5,0,198,24
T7,6,0,143,16
[4]
T1,0,1,200,8
T2,1,1,160,2
T3,2,0,144,17
T4,3,1,36,2
T5,4,1,175,8
T6,5,1,40,8
T7,6,0,91,15
[5]
T1,0,1,156,1
T2,1,1,182,4
T3,2,0,112,5
T4,3,0,28,2
T5,4,1,200,27
T6,5,0,25,3
T7,6,1,100,20
[6]
T1,0,1,22,8
T2,1,0,200,2
T3,2,1,88,1
T4,3,1,42,2
T5,4,0,57,1
T6,5,0,150,7
T7,6,1,176,8
[7]
T1,0,0,200,16
T2,1,0,192,18
T3,2,1,120,6
T4,3,1,24,1
T5,4,0,175,8
T6,5,0,138,18
T7,6,1,40,4
[8]
T1,0,1,25,2
T2,1,0,200,44
T3,2,0,176,8
T4,3,0,55,3
T5,4,0,189,38
T6,5,0,60,2
T7,6,1,27,2
[9]
T1,0,0,28,2
T2,1,0,196,29
T3,2,0,168,8
T4,3,0,66,3
T5,4,1,110,25
T6,5,0,22,2
T7,6,0,200,19
[10]
T1,0,0,128,9
T2,1,1,200,34
T3,2,0,32,2
T4,3,0,190,2
T5,4,0,48,10
T6,5,1,171,16
T7,6,1,76,1
[11]
T1,0,1,72,8
T2,1,0,34,1
T3,2,0,180,41
T4,3,0,112,14
T5,4,1,174,3
T6,5,0,200,1
T7,6,1,45,1
[12]
T1,0,1,60,3
T2,1,1,29,3
T3,2,1,200,10
T4,3,0,171,18
T5,4,1,171,14
T6,5,1,42,6
T7,6,0,90,2
[13]
T1,0,1,119,5
T2,1,1,200,32
T3,2,1,182,16
T4,3,1,136,6
T5,4,0,182,19
T6,5,1,52,3
T7,6,0,45,3
[14]
T1,0,1,128,3
T2,1,0,50,8
T3,2,1,196,14
T4,3,1,96,13
T5,4,0,200,18
T6,5,1,50,2
T7,6,0,150,9
[15]
T1,0,1,147,11
T2,1,0,90,9
T3,2,0,60,2
T4,3,1,154,27
T5,4,1,200,32
T6,5,0,45,2
T7,6,0,25,2
[16]
T1,0,1,186,8
T2,1,1,180,5
T3,2,0,200,37
T4,3,1,36,5
T5,4,1,45,1
T6,5,0,100,2
T7,6,0,78,8
[17]
T1,0,0,69,9
T2,1,1,108,11
T3,2,0,200,2
T4,3,1,50,3
T5,4,0,192,20
T6,5,0,30,4
T7,6,1,180,3
[18]
T1,0,1,42,3
T2,1,1,200,11
T3,2,1,36,2
T4,3,1,189,27
T5,4,0,180,11
T6,5,1,63,9
T7,6,0,84,3
[19]
T1,0,0,36,2
T2,1,0,55,3
T3,2,0,150,10
T4,3,1,22,2
T5,4,1,200,29
T6,5,1,190,33
T7,6,0,84,1
[20]
T1,0,0,175,14
T2,1,0,64,13
T3,2,0,39,3
T4,3,1,150,7
T5,4,1,28,1
T6,5,1,133,5
T7,6,0,200,9
[21]
T1,0,1,45,2
T2,1,0,196,21
T3,2,1,72,5
T4,3,1,49,2
T5,4,0,154,3
T6,5,1,56,15
T7,6,1,200,18
[22]
T1,0,1,180,23
T2,1,0,73,5
T3,2,0,23,4
T4,3,1,90,11
T5,4,0,200,3
T6,5,1,150,2
T7,6,0,35,2
[23]
T1,0,1,200,25
T2,1,0,198,5
T3,2,0,108,23
T4,3,0,77,1
T5,4,0,44,2
T6,5,1,29,3
T7,6,0,165,8
[24]
T1,0,0,175,25
T2,1,1,65,2
T3,2,1,49,2
T4,3,1,200,37
T5,4,1,26,2
T6,5,0,80,15
T7,6,1,169,5
[25]
T1,0,1,195,14
T2,1,1,135,12
T3,2,0,25,4
T4,3,1,160,25
T5,4,1,80,4
T6,5,0,28,1
T7,6,1,200,1
[26]
T1,0,0,200,57
T2,1,0,196,10
T3,2,1,68,2
T4,3,0,44,2
T5,4,0,98,1
T6,5,0,170,14
T7,6,1,48,5
[27]
T1,0,0,200,2
T2,1,0,198,2
T3,2,0,24,2
T4,3,1,75,1
T5,4,0,49,10
T6,5,0,172,23
T7,6,0,75,14
[28]
T1,0,0,160,27
T2,1,1,65,2
T3,2,0,20,3
T4,3,1,200,1
T5,4,0,55,6
T6,5,1,35,3
T7,6,0,176,5
[29]
T1,0,0,125,39
T2,1,0,200,6
T3,2,0,150,10
T4,3,1,35,1
T5,4,1,175,10
T6,5,0,25,1
T7,6,0,91,2
[30]
T1,0,1,29,1
T2,1,0,196,2
T3,2,0,200,35
T4,3,1,100,16
T5,4,1,49,5
T6,5,0,172,10
T7,6,1,86,2
[31]
T1,0,1,200,22
T2,1,0,175,22
T3,2,0,68,2
T4,3,0,196,14
T5,4,1,136,11
T6,5,0,32,4
T7,6,1,20,1
[32]
T1,0,0,27,2
T2,1,0,200,20
T3,2,0,62,1
T4,3,0,180,42
T5,4,1,180,22
T6,5,1,24,2
T7,6,1,75,4
[33]
T1,0,0,51,5
T2,1,0,130,12
T3,2,0,200,24
T4,3,1,26,1
T5,4,1,180,11
T6,5,0,130,17
T7,6,0,174,2
[34]
T1,0,0,150,25
T2,1,0,31,5
T3,2,0,168,21
T4,3,1,90,2
T5,4,0,36,1
T6,5,0,62,2
T7,6,0,200,9
[35]
T1,0,0,27,1
T2,1,1,50,11
T3,2,1,200,12
T4,3,1,72,2
T5,4,1,123,2
T6,5,0,150,27
T7,6,1,160,5
[36]
T1,0,0,23,2
T2,1,0,159,15
T3,2,0,174,14
T4,3,0,58,4
T5,4,1,24,2
T6,5,1,58,4
T7,6,1,200,33
[37]
T1,0,0,188,67
T2,1,1,130,8
T3,2,0,35,2
T4,3,1,200,2
T5,4,1,175,2
T6,5,0,35,1
T7,6,1,140,14
[38]
T1,0,0,200,5
T2,1,0,43,7
T3,2,1,176,5
T4,3,0,154,13
T5,4,1,44,6
T6,5,0,55,2
T7,6,1,143,16
[39]
T1,0,0,56,14
T2,1,0,168,21
T3,2,1,44,1
T4,3,1,174,4
T5,4,0,42,2
T6,5,0,63,7
T7,6,0,200,4
[40]
T1,0,0,165,9
T2,1,1,160,17
T3,2,0,66,10
T4,3,1,200,13
T5,4,0,50,2
T6,5,1,81,4
T7,6,1,32,3
[41]
T1,0,1,40,2
T2,1,1,154,11
T3,2,0,175,8
T4,3,1,200,11
T5,4,0,55,5
T6,5,1,110,8
T7,6,1,33,6
[42]
T1,0,0,150,2
T2,1,1,64,2
T3,2,0,154,15
T4,3,1,32,3
T5,4,1,50,11
T6,5,1,200,18
T7,6,1,84,2
[43]
T1,0,0,170,16
T2,1,0,31,2
T3,2,0,192,7
T4,3,1,84,1
T5,4,0,200,8
T6,5,0,42,12
T7,6,1,140,2
[44]
T1,0,1,92,3
T2,1,1,168,29
T3,2,1,200,7
T4,3,1,21,2
T5,4,0,184,18
T6,5,1,45,2
T7,6,0,120,18
[45]
T1,0,0,42,2
T2,1,0,170,5
T3,2,0,96,2
T4,3,0,55,1
T5,4,1,150,13
T6,5,1,40,8
T7,6,1,200,45
[46]
T1,0,0,160,19
T2,1,0,200,2
T3,2,0,46,2
T4,3,1,196,29
T5,4,0,98,18
T6,5,1,130,8
T7,6,1,28,2
[47]
T1,0,0,64,4
T2,1,0,80,13
T3,2,1,30,1
T4,3,0,160,2
T5,4,0,200,30
T6,5,1,198,2
T7,6,1,48,6
[48]
T1,0,0,90,7
T2,1,1,196,15
T3,2,1,200,9
T4,3,0,38,1
T5,4,0,50,1
T6,5,0,150,3
T7,6,1,140,42
[49]
T1,0,1,140,1
T2,1,0,22,4
T3,2,1,28,2
T4,3,0,200,1
T5,4,0,112,7
T6,5,1,160,2
T7,6,0,159,46
[50]
T1,0,0,78,3
T2,1,0,156,6
T3,2,1,156,5
T4,3,1,36,10
T5,4,0,65,4
T6,5,0,200,4
T7,6,0,23,1
[51]
T1,0,1,60,2
T2,1,0,179,24
T3,2,1,40,2
T4,3,1,24,2
T5,4,1,180,13
T6,5,1,80,26
T7,6,1,200,8
[52]
T1,0,0,81,16
T2,1,0,32,1
T3,2,1,162,3
T4,3,0,20,1
T5,4,0,141,2
T6,5,0,200,10
T7,6,1,162,32
[53]
T1,0,1,180,5
T2,1,0,176,1
T3,2,0,143,18
T4,3,1,200,20
T5,4,1,50,9
T6,5,1,31,2
T7,6,0,78,9
[54]
T1,0,1,30,1
T2,1,0,200,37
T3,2,0,60,1
T4,3,1,175,23
T5,4,0,35,3
T6,5,1,140,12
T7,6,0,191,5
[55]
T1,0,1,135,25
T2,1,1,24,3
T3,2,0,190,9
T4,3,1,189,7
T5,4,0,200,8
T6,5,1,54,1
T7,6,0,63,7
[56]
T1,0,0,120,5
T2,1,1,76,6
T3,2,1,176,30
T4,3,1,165,4
T5,4,0,200,21
T6,5,1,47,1
T7,6,1,36,4
[57]
T1,0,0,70,2
T2,1,1,20,2
T3,2,0,20,2
T4,3,0,84,6
T5,4,1,189,23
T6,5,0,153,12
T7,6,0,200,60
[58]
T1,0,1,39,1
T2,1,1,130,14
T3,2,0,24,1
T4,3,1,150,2
T5,4,0,54,6
T6,5,1,169,11
T7,6,0,200,39
[59]
T1,0,1,200,36
T2,1,0,175,11
T3,2,1,24,3
T4,3,0,28,1
T5,4,0,147,11
T6,5,1,60,5
T7,6,1,105,2
[60]
T1,0,0,182,7
T2,1,0,150,6
T3,2,0,200,14
T4,3,0,65,2
T5,4,1,35,8
T6,5,0,104,16
T7,6,0,37,2
[61]
T1,0,1,95,13
T2,1,0,52,6
T3,2,0,66,1
T4,3,1,25,2
T5,4,0,175,37
T6,5,0,200,10
T7,6,0,150,5
[62]
T1,0,1,160,1
T2,1,1,182,9
T3,2,1,96,6
T4,3,0,38,9
T5,4,1,200,33
T6,5,1,72,1
T7,6,0,24,1
[63]
T1,0,1,120,32
T2,1,0,160,13
T3,2,1,200,14
T4,3,1,30,1
T5,4,1,150,11
T6,5,1,30,2
T7,6,1,87,3
[64]
T1,0,1,50,2
T2,1,1,200,21
T3,2,0,198,18
T4,3,0,110,19
T5,4,0,116,12
T6,5,1,21,2
T7,6,0,174,4
[65]
T1,0,1,75,7
T2,1,1,24,4
T3,2,1,104,8
T4,3,0,152,8
T5,4,0,150,14
T6,5,0,40,2
T7,6,1,200,6
[66]
T1,0,1,102,3
T2,1,0,158,3
T3,2,1,200,9
T4,3,0,60,1
T5,4,0,25,1
T6,5,1,158,45
T7,6,1,53,5
[67]
T1,0,0,195,11
T2,1,1,154,26
T3,2,0,53,3
T4,3,1,70,1
T5,4,1,91,17
T6,5,1,200,3
T7,6,1,28,2
[68]
T1,0,0,57,6
T2,1,1,40,4
T3,2,0,159,13
T4,3,0,150,10
T5,4,1,60,11
T6,5,0,53,2
T7,6,1,200,3
[69]
T1,0,1,200,12
T2,1,1,32,3
T3,2,1,51,5
T4,3,0,126,4
T5,4,1,175,20
T6,5,1,162,15
T7,6,0,135,11
[70]
T1,0,0,27,2
T2,1,1,200,5
T3,2,1,53,2
T4,3,1,108,12
T5,4,1,154,53
T6,5,1,77,1
T7,6,1,165,9
[71]
T1,0,0,200,5
T2,1,0,45,2
T3,2,0,68,6
T4,3,1,120,7
T5,4,1,198,55
T6,5,1,50,1
T7,6,1,153,4
[72]
T1,0,0,156,37
T2,1,1,200,1
T3,2,0,150,2
T4,3,0,25,3
T5,4,1,96,4
T6,5,0,33,2
T7,6,1,57,6
[73]
T1,0,0,200,15
T2,1,0,172,4
T3,2,0,198,5
T4,3,1,86,18
T5,4,1,27,2
T6,5,1,43,2
T7,6,1,60,6
[74]
T1,0,1,30,5
T2,1,0,175,2
T3,2,1,200,16
T4,3,1,150,19
T5,4,0,22,2
T6,5,1,112,5
T7,6,1,130,2
[75]
T1,0,0,140,3
T2,1,1,52,2
T3,2,1,150,14
T4,3,0,195,2
T5,4,1,42,2
T6,5,0,200,52
T7,6,1,68,13
[76]
T1,0,0,150,9
T2,1,0,121,39
T3,2,0,64,2
T4,3,0,150,7
T5,4,0,25,2
T6,5,1,200,8
T7,6,0,48,4
[77]
T1,0,1,96,32
T2,1,0,21,2
T3,2,1,161,11
T4,3,1,80,2
T5,4,1,37,2
T6,5,1,184,3
T7,6,1,200,11
[78]
T1,0,0,56,4
T2,1,1,182,7
T3,2,0,200,14
T4,3,0,196,6
T5,4,1,23,2
T6,5,1,20,2
T7,6,1,65,14
[79]
T1,0,0,150,5
T2,1,0,74,1
T3,2,0,150,17
T4,3,1,20,4
T5,4,0,200,22
T6,5,0,105,4
T7,6,1,40,1
[80]
T1,0,1,60,1
T2,1,1,200,1
T3,2,0,198,13
T4,3,0,52,1
T5,4,1,156,53
T6,5,0,143,12
T7,6,0,36,1
[81]
T1,0,0,144,4
T2,1,0,68,2
T3,2,1,33,2
T4,3,0,37,2
T5,4,0,200,50
T6,5,0,150,33
T7,6,0,170,3
[82]
T1,0,0,165,13
T2,1,1,32,2
T3,2,0,175,4
T4,3,0,144,14
T5,4,0,77,17
T6,5,1,200,9
T7,6,1,52,5
[83]
T1,0,1,150,7
T2,1,1,200,10
T3,2,0,80,18
T4,3,0,20,2
T5,4,0,168,9
T6,5,1,42,7
T7,6,1,67,2
[84]
T1,0,0,150,19
T2,1,1,84,11
T3,2,1,40,1
T4,3,0,120,7
T5,4,0,200,2
T6,5,0,175,18
T7,6,1,38,3
[85]
T1,0,0,112,15
T2,1,1,21,2
T3,2,1,24,5
T4,3,0,200,31
T5,4,1,182,12
T6,5,0,117,2
T7,6,1,168,2
[86]
T1,0,0,174,12
T2,1,1,147,10
T3,2,1,200,37
T4,3,0,174,9
T5,4,0,147,21
T6,5,1,44,2
T7,6,1,49,2
[87]
T1,0,1,100,5
T2,1,1,160,22
T3,2,0,28,1
T4,3,1,25,1
T5,4,0,200,12
T6,5,1,122,2
T7,6,1,152,31
[88]
T1,0,1,117,9
T2,1,1,150,2
T3,2,0,150,16
T4,3,1,200,15
T5,4,0,25,3
T6,5,1,68,9
T7,6,1,41,2
[89]
T1,0,0,133,16
T2,1,0,27,2
T3,2,1,150,13
T4,3,1,48,7
T5,4,0,200,10
T6,5,1,190,5
T7,6,0,57,6
[90]
T1,0,0,120,19
T2,1,0,103,11
T3,2,1,200,16
T4,3,1,160,10
T5,4,1,48,2
T6,5,1,160,4
T7,6,1,36,3
[91]
T1,0,1,51,12
T2,1,0,200,24
T3,2,1,175,9
T4,3,1,170,20
T5,4,0,29,1
T6,5,1,54,2
T7,6,1,105,2
[92]
T1,0,1,160,4
T2,1,1,46,5
T3,2,1,39,2
T4,3,1,130,7
T5,4,0,75,12
T6,5,0,200,40
T7,6,1,176,1
[93]
T1,0,0,168,19
T2,1,1,189,38
T3,2,0,147,4
T4,3,1,63,3
T5,4,1,29,2
T6,5,0,200,1
T7,6,1,28,5
[94]
T1,0,1,64,2
T2,1,0,170,5
T3,2,0,60,12
T4,3,0,200,6
T5,4,0,165,10
T6,5,0,24,2
T7,6,0,33,7
[95]
T1,0,1,150,16
T2,1,0,84,4
T3,2,1,112,12
T4,3,0,25,4
T5,4,1,200,4
T6,5,0,164,14
T7,6,1,45,1
[96]
T1,0,0,32,2
T2,1,1,180,45
T3,2,1,116,3
T4,3,0,145,17
T5,4,0,36,1
T6,5,1,192,9
T7,6,1,200,5
[97]
T1,0,0,200,22
T2,1,0,30,2
T3,2,1,168,7
T4,3,1,43,5
T5,4,0,100,2
T6,5,0,192,31
T7,6,1,90,8
[98]
T1,0,0,44,5
T2,1,1,132,4
T3,2,0,200,31
T4,3,1,176,14
T5,4,0,95,8
T6,5,1,198,13
T7,6,0,45,1
[99]
T1,0,1,200,16
T2,1,1,90,2
T3,2,0,64,5
T4,3,1,25,9
T5,4,1,180,7
T6,5,0,148,1
T7,6,1,49,2
[100]
T1,0,0,156,37
T2,1,1,182,15
T3,2,0,30,2
T4,3,0,84,12
T5,4,1,46,3
T6,5,1,78,1
T7,6,0,200,4
[101]
T1,0,0,129,2
T2,1,0,25,2
T3,2,1,95,7
T4,3,0,200,18
T5,4,1,150,13
T6,5,1,20,2
T7,6,0,172,47
[102]
T1,0,0,50,2
T2,1,1,105,23
T3,2,1,20,2
T4,3,0,150,6
T5,4,0,198,33
T6,5,0,200,3
T7,6,1,70,4
[103]
T1,0,1,58,5
T2,1,0,200,50
T3,2,0,116,3
T4,3,0,176,29
T5,4,0,160,3
T6,5,0,37,2
T7,6,1,40,1
[104]
T1,0,0,45,5
T2,1,0,21,2
T3,2,0,200,1
T4,3,1,198,66
T5,4,0,84,1
T6,5,0,98,1
T7,6,1,175,1
[105]
T1,0,1,48,7
T2,1,1,35,2
T3,2,1,160,17
T4,3,1,140,15
T5,4,1,112,10
T6,5,1,200,11
T7,6,1,176,2
[106]
T1,0,0,80,17
T2,1,0,100,10
T3,2,0,51,4
T4,3,1,150,8
T5,4,1,21,2
T6,5,1,176,18
T7,6,1,200,2
[107]
T1,0,1,176,4
T2,1,0,140,1
T3,2,0,200,46
T4,3,0,26,2
T5,4,0,182,1
T6,5,0,20,1
T7,6,0,88,21
[108]
T1,0,0,125,17
T2,1,0,100,13
T3,2,1,33,1
T4,3,1,187,24
T5,4,1,34,1
T6,5,0,165,10
T7,6,1,200,7
[109]
T1,0,0,45,2
T2,1,1,53,7
T3,2,1,102,12
T4,3,0,180,13
T5,4,1,175,13
T6,5,0,200,5
T7,6,1,75,6
[110]
T1,0,0,182,19
T2,1,0,30,1
T3,2,0,91,23
T4,3,0,156,8
T5,4,1,108,9
T6,5,1,200,2
T7,6,0,35,1
[111]
T1,0,0,60,8
T2,1,0,48,1
T3,2,1,40,2
T4,3,1,176,29
T5,4,0,77,9
T6,5,0,198,11
T7,6,1,200,13
[112]
T1,0,1,200,4
T2,1,0,29,2
T3,2,0,60,18
T4,3,1,189,33
T5,4,1,25,2
T6,5,1,156,2
T7,6,1,105,5
[113]
T1,0,0,80,4
T2,1,1,32,2
T3,2,1,184,25
T4,3,0,80,2
T5,4,0,200,25
T6,5,1,192,21
T7,6,0,35,2
[114]
T1,0,1,175,3
T2,1,1,135,50
T3,2,0,200,16
T4,3,0,29,2
T5,4,0,165,2
T6,5,1,105,6
T7,6,1,33,1
[115]
T1,0,0,192,23
T2,1,1,200,17
T3,2,0,37,2
T4,3,0,38,2
T5,4,1,108,3
T6,5,1,160,35
T7,6,0,95,10
[116]
T1,0,0,200,11
T2,1,0,99,16
T3,2,1,155,3
T4,3,0,155,22
T5,4,1,22,2
T6,5,0,51,2
T7,6,1,100,19
[117]
T1,0,0,54,2
T2,1,1,162,9
T3,2,0,125,12
T4,3,0,162,25
T5,4,0,200,7
T6,5,1,31,2
T7,6,1,105,23
[118]
T1,0,1,200,25
T2,1,1,29,1
T3,2,0,176,25
T4,3,1,100,8
T5,4,0,128,14
T6,5,0,198,12
T7,6,1,44,2
[119]
T1,0,1,168,3
T2,1,0,170,24
T3,2,1,200,9
T4,3,1,108,5
T5,4,1,46,2
T6,5,1,35,2
T7,6,0,100,26
[120]
T1,0,0,36,1
T2,1,0,170,11
T3,2,1,153,58
T4,3,1,95,2
T5,4,1,38,2
T6,5,1,85,2
T7,6,1,200,7
[121]
T1,0,1,45,2
T2,1,1,77,18
T3,2,1,175,22
T4,3,0,50,1
T5,4,1,170,6
T6,5,1,132,4
T7,6,1,200,12
[122]
T1,0,0,92,2
T2,1,1,32,2
T3,2,0,147,13
T4,3,1,161,38
T5,4,1,184,21
T6,5,0,40,2
T7,6,0,200,16
[123]
T1,0,1,33,2
T2,1,0,120,11
T3,2,1,138,2
T4,3,0,48,3
T5,4,0,150,35
T6,5,0,170,26
T7,6,1,200,2
[124]
T1,0,1,20,2
T2,1,1,175,14
T3,2,0,175,26
T4,3,0,200,5
T5,4,0,41,2
T6,5,1,108,9
T7,6,0,119,20
[125]
T1,0,0,125,18
T2,1,1,152,21
T3,2,1,20,2
T4,3,1,21,2
T5,4,1,95,6
T6,5,0,200,12
T7,6,1,195,6
[126]
T1,0,0,29,1
T2,1,0,88,26
T3,2,0,176,17
T4,3,0,165,5
T5,4,1,125,9
T6,5,0,200,5
T7,6,0,39,1
[127]
T1,0,0,60,2
T2,1,0,184,17
T3,2,0,23,2
T4,3,1,60,9
T5,4,1,21,1
T6,5,1,177,19
T7,6,1,200,15
[128]
T1,0,1,148,5
T2,1,1,34,4
T3,2,0,126,11
T4,3,0,175,22
T5,4,1,75,4
T6,5,1,200,25
T7,6,0,45,1
[129]
T1,0,0,187,31
T2,1,1,49,6
T3,2,1,132,8
T4,3,0,187,5
T5,4,0,45,6
T6,5,0,200,6
T7,6,1,100,2
[130]
T1,0,1,43,2
T2,1,0,182,11
T3,2,0,84,4
T4,3,0,112,1
T5,4,0,168,6
T6,5,0,200,66
T7,6,0,24,2
[131]
T1,0,0,120,1
T2,1,0,200,8
T3,2,0,21,2
T4,3,0,150,4
T5,4,1,186,64
T6,5,0,36,3
T7,6,0,65,1
[132]
T1,0,1,170,1
T2,1,1,51,11
T3,2,1,102,2
T4,3,0,200,2
T5,4,1,20,1
T6,5,0,84,6
T7,6,0,170,30
[133]
T1,0,0,105,3
T2,1,0,53,5
T3,2,0,42,2
T4,3,1,168,40
T5,4,0,175,8
T6,5,0,200,1
T7,6,0,61,10
[134]
T1,0,0,20,2
T2,1,1,200,4
T3,2,0,46,9
T4,3,0,120,7
T5,4,1,188,42
T6,5,1,132,2
T7,6,1,150,7
[135]
T1,0,0,90,10
T2,1,1,162,24
T3,2,1,152,6
T4,3,0,50,2
T5,4,1,200,35
T6,5,0,31,1
T7,6,1,144,8
[136]
T1,0,1,56,2
T2,1,0,70,1
T3,2,1,168,2
T4,3,0,177,22
T5,4,1,200,20
T6,5,0,45,2
T7,6,0,42,11
[137]
T1,0,1,46,4
T2,1,1,92,10
T3,2,1,69,8
T4,3,0,200,1
T5,4,1,160,18
T6,5,1,195,25
T7,6,1,31,2
[138]
T1,0,1,185,8
T2,1,1,52,2
T3,2,1,200,36
T4,3,1,31,2
T5,4,0,74,11
T6,5,0,160,9
T7,6,1,64,3
[139]
T1,0,0,44,8
T2,1,0,48,2
T3,2,0,153,3
T4,3,0,99,8
T5,4,1,150,14
T6,5,0,200,5
T7,6,1,75,11
[140]
T1,0,1,152,23
T2,1,1,43,13
T3,2,1,63,2
T4,3,1,200,5
T5,4,0,25,2
T6,5,0,168,13
T7,6,1,135,1
[141]
T1,0,1,161,2
T2,1,1,35,5
T3,2,0,52,4
T4,3,0,84,1
T5,4,0,63,4
T6,5,1,175,8
T7,6,0,200,42
[142]
T1,0,0,34,1
T2,1,0,200,10
T3,2,1,60,5
T4,3,0,195,9
T5,4,1,155,12
T6,5,1,80,5
T7,6,1,40,8
[143]
T1,0,0,200,28
T2,1,1,24,1
T3,2,1,100,7
T4,3,1,90,9
T5,4,1,153,2
T6,5,0,30,5
T7,6,1,175,6
[144]
T1,0,1,60,2
T2,1,1,26,4
T3,2,1,36,2
T4,3,1,200,11
T5,4,0,198,16
T6,5,0,104,5
T7,6,0,180,33
[145]
T1,0,0,164,2
T2,1,0,200,21
T3,2,1,180,1
T4,3,0,75,26
T5,4,1,23,2
T6,5,0,96,1
T7,6,0,25,1
[146]
T1,0,0,182,17
T2,1,1,200,16
T3,2,0,65,15
T4,3,0,52,2
T5,4,0,66,1
T6,5,1,150,11
T7,6,0,25,2
[147]
T1,0,1,54,9
T2,1,0,31,1
T3,2,0,200,17
T4,3,1,174,1
T5,4,1,72,5
T6,5,1,180,33
T7,6,0,81,1
[148]
T1,0,1,75,3
T2,1,1,143,19
T3,2,0,24,2
T4,3,0,150,32
T5,4,1,31,1
T6,5,0,165,5
T7,6,0,200,15
[149]
T1,0,0,24,4
T2,1,1,78,2
T3,2,1,150,24
T4,3,1,200,3
T5,4,0,30,1
T6,5,1,150,14
T7,6,1,74,4
[150]
T1,0,0,200,3
T2,1,0,60,2
T3,2,0,183,23
T4,3,0,162,12
T5,4,1,20,5
T6,5,0,122,2
T7,6,1,25,2
[151]
T1,0,1,40,3
T2,1,0,38,2
T3,2,0,195,10
T4,3,0,144,2
T5,4,1,55,5
T6,5,0,195,37
T7,6,0,200,29
[152]
T1,0,1,180,7
T2,1,0,200,19
T3,2,0,27,2
T4,3,1,50,2
T5,4,1,171,21
T6,5,1,68,12
T7,6,1,136,12
[153]
T1,0,0,136,29
T2,1,0,200,27
T3,2,0,26,1
T4,3,0,161,11
T5,4,1,56,2
T6,5,1,175,12
T7,6,0,28,1
[154]
T1,0,0,161,4
T2,1,1,180,2
T3,2,1,200,18
T4,3,1,105,12
T5,4,1,112,21
T6,5,0,28,1
T7,6,1,49,4
[155]
T1,0,1,63,12
T2,1,0,108,2
T3,2,1,39,5
T4,3,1,200,19
T5,4,0,150,14
T6,5,0,189,6
T7,6,1,38,1
[156]
T1,0,1,184,2
T2,1,1,68,15
T3,2,1,39,6
T4,3,1,92,2
T5,4,1,28,2
T6,5,1,170,6
T7,6,0,200,28
[157]
T1,0,0,170,33
T2,1,0,99,1
T3,2,0,198,5
T4,3,1,200,2
T5,4,1,34,7
T6,5,1,23,1
T7,6,0,110,9
[158]
T1,0,0,32,4
T2,1,1,50,2
T3,2,0,180,3
T4,3,0,200,13
T5,4,0,188,11
T6,5,0,56,3
T7,6,0,63,10
[159]
T1,0,0,120,10
T2,1,1,160,9
T3,2,0,20,2
T4,3,0,72,1
T5,4,0,51,11
T6,5,1,192,10
T7,6,0,200,7
[160]
T1,0,0,111,16
T2,1,1,200,23
T3,2,0,160,10
T4,3,1,40,1
T5,4,1,80,8
T6,5,0,23,1
T7,6,0,168,15
[161]
T1,0,0,155,16
T2,1,1,45,4
T3,2,1,80,7
T4,3,1,30,1
T5,4,1,186,39
T6,5,1,200,2
T7,6,0,63,1
[162]
T1,0,0,25,2
T2,1,0,197,22
T3,2,1,64,14
T4,3,1,197,23
T5,4,1,80,2
T6,5,0,200,8
T7,6,1,46,2
[163]
T1,0,0,119,1
T2,1,0,75,3
T3,2,1,187,20
T4,3,1,21,3
T5,4,1,34,2
T6,5,0,175,13
T7,6,0,200,34
[164]
T1,0,0,25,3
T2,1,1,200,30
T3,2,0,160,5
T4,3,0,72,10
T5,4,1,80,3
T6,5,0,184,3
T7,6,0,43,3
[165]
T1,0,1,196,10
T2,1,1,28,8
T3,2,0,60,4
T4,3,1,200,7
T5,4,0,147,6
T6,5,1,78,3
T7,6,0,52,2
[166]
T1,0,0,156,8
T2,1,1,27,4
T3,2,1,200,2
T4,3,0,104,16
T5,4,0,165,6
T6,5,0,60,10
T7,6,0,54,2
[167]
T1,0,0,200,37
T2,1,1,48,2
T3,2,1,198,1
T4,3,1,20,1
T5,4,1,80,14
T6,5,1,120,2
T7,6,1,168,24
[168]
T1,0,1,184,36
T2,1,0,148,15
T3,2,0,32,3
T4,3,1,75,5
T5,4,0,60,2
T6,5,0,46,2
T7,6,1,200,7
[169]
T1,0,0,176,8
T2,1,1,126,26
T3,2,0,44,1
T4,3,0,200,23
T5,4,1,154,6
T6,5,1,26,3
T7,6,0,84,3
[170]
T1,0,1,200,4
T2,1,0,55,2
T3,2,1,175,4
T4,3,1,110,2
T5,4,1,24,2
T6,5,0,152,57
T7,6,0,37,1
[171]
T1,0,0,200,17
T2,1,0,22,6
T3,2,0,168,1
T4,3,1,75,4
T5,4,0,54,7
T6,5,0,170,2
T7,6,1,42,2
[172]
T1,0,1,184,7
T2,1,1,56,2
T3,2,1,200,1
T4,3,0,175,9
T5,4,1,22,2
T6,5,0,36,8
T7,6,0,105,20
[173]
T1,0,0,165,21
T2,1,1,200,13
T3,2,1,75,18
T4,3,1,110,6
T5,4,1,168,12
T6,5,0,27,2
T7,6,0,33,2
[174]
T1,0,0,30,1
T2,1,1,180,16
T3,2,1,200,31
T4,3,0,75,13
T5,4,1,199,16
T6,5,0,25,2
T7,6,1,144,6
[175]
T1,0,0,44,2
T2,1,1,200,29
T3,2,1,112,1
T4,3,1,28,1
T5,4,1,180,20
T6,5,1,144,7
T7,6,1,152,33
[176]
T1,0,0,30,3
T2,1,1,81,2
T3,2,0,180,43
T4,3,1,150,6
T5,4,0,61,1
T6,5,0,200,11
T7,6,0,47,5
[177]
T1,0,0,105,7
T2,1,1,32,4
T3,2,1,180,10
T4,3,1,200,16
T5,4,0,132,19
T6,5,1,168,5
T7,6,1,29,1
[178]
T1,0,1,20,2
T2,1,0,169,32
T3,2,1,24,2
T4,3,0,192,1
T5,4,0,104,5
T6,5,0,200,10
T7,6,0,60,5
[179]
T1,0,1,75,1
T2,1,1,135,14
T3,2,0,30,2
T4,3,1,151,7
T5,4,0,200,15
T6,5,0,151,6
T7,6,1,30,6
[180]
T1,0,1,80,2
T2,1,0,200,9
T3,2,0,184,13
T4,3,0,115,22
T5,4,1,166,11
T6,5,1,40,3
T7,6,0,25,2
[181]
T1,0,0,160,4
T2,1,1,200,11
T3,2,1,20,2
T4,3,0,175,15
T5,4,1,40,5
T6,5,1,84,2
T7,6,1,123,12
[182]
T1,0,0,30,1
T2,1,0,195,9
T3,2,0,200,7
T4,3,1,102,1
T5,4,1,85,33
T6,5,1,195,1
T7,6,0,32,2
[183]
T1,0,0,165,9
T2,1,1,200,36
T3,2,1,24,1
T4,3,0,189,6
T5,4,1,45,4
T6,5,0,112,5
T7,6,0,56,5
[184]
T1,0,1,50,5
T2,1,1,200,5
T3,2,0,41,1
T4,3,1,135,13
T5,4,1,180,14
T6,5,1,133,2
T7,6,1,171,42
[185]
T1,0,0,190,3
T2,1,1,84,4
T3,2,0,171,11
T4,3,0,200,10
T5,4,1,25,2
T6,5,1,39,8
T7,6,1,133,12
[186]
T1,0,0,75,3
T2,1,0,154,5
T3,2,1,32,5
T4,3,1,105,15
T5,4,0,44,3
T6,5,1,192,2
T7,6,0,200,24
[187]
T1,0,1,90,4
T2,1,0,26,4
T3,2,1,160,12
T4,3,0,66,2
T5,4,0,50,6
T6,5,1,200,15
T7,6,0,154,9
[188]
T1,0,0,165,2
T2,1,0,140,6
T3,2,0,200,7
T4,3,1,198,25
T5,4,0,22,3
T6,5,0,30,4
T7,6,1,105,9
[189]
T1,0,1,50,2
T2,1,0,200,23
T3,2,0,116,8
T4,3,1,176,16
T5,4,1,52,4
T6,5,0,120,3
T7,6,1,160,31
[190]
T1,0,0,55,9
T2,1,1,20,1
T3,2,1,187,9
T4,3,1,35,2
T5,4,0,60,15
T6,5,0,176,3
T7,6,0,200,1
[191]
T1,0,0,25,2
T2,1,1,112,2
T3,2,1,200,7
T4,3,0,90,23
T5,4,0,36,2
T6,5,1,152,11
T7,6,1,160,10
[192]
T1,0,0,189,14
T2,1,0,35,1
T3,2,1,20,2
T4,3,1,96,2
T5,4,1,64,2
T6,5,1,200,26
T7,6,0,175,35
[193]
T1,0,1,200,39
T2,1,0,135,2
T3,2,0,195,11
T4,3,1,108,27
T5,4,1,52,2
T6,5,0,37,1
T7,6,1,165,6
[194]
T1,0,1,182,3
T2,1,1,195,25
T3,2,0,100,10
T4,3,1,46,2
T5,4,0,200,3
T6,5,1,33,2
T7,6,1,143,37
[195]
T1,0,1,154,3
T2,1,1,29,4
T3,2,0,126,2
T4,3,1,200,6
T5,4,1,165,6
T6,5,1,24,6
T7,6,0,120,8
[196]
T1,0,1,176,2
T2,1,1,75,3
T3,2,0,195,58
T4,3,1,40,2
T5,4,0,143,13
T6,5,0,36,3
T7,6,0,200,6
[197]
T1,0,0,20,1
T2,1,0,104,17
T3,2,0,125,5
T4,3,1,150,1
T5,4,0,28,5
T6,5,0,195,19
T7,6,0,200,4
[198]
T1,0,1,190,50
T2,1,0,32,2
T3,2,0,116,5
T4,3,1,114,17
T5,4,1,152,4
T6,5,0,200,2
T7,6,1,24,2
[199]
T1,0,1,24,7
T2,1,0,99,11
T3,2,1,200,5
T4,3,0,132,14
T5,4,1,45,1
T6,5,0,155,4
T7,6,0,180,2
[200]
T1,0,1,40,6
T2,1,0,152,21
T3,2,1,72,1
T4,3,1,40,2
T5,4,1,165,1
T6,5,0,200,24
T7,6,1,114,11
[201]
T1,0,1,47,1
T2,1,1,200,5
T3,2,0,20,3
T4,3,1,174,2
T5,4,0,174,45
T6,5,0,56,3
T7,6,1,87,2
[202]
T1,0,1,110,2
T2,1,1,30,2
T3,2,1,120,1
T4,3,0,200,47
T5,4,0,25,5
T6,5,1,165,1
T7,6,1,162,2
[203]
T1,0,1,26,7
T2,1,1,200,11
T3,2,1,78,8
T4,3,0,80,2
T5,4,1,39,1
T6,5,1,175,11
T7,6,0,150,5
[204]
T1,0,1,168,2
T2,1,0,48,2
T3,2,1,200,18
T4,3,0,140,9
T5,4,1,35,9
T6,5,0,112,11
T7,6,0,178,3
[205]
T1,0,0,75,8
T2,1,0,30,2
T3,2,1,168,2
T4,3,0,152,15
T5,4,1,64,1
T6,5,0,200,16
T7,6,1,30,7
[206]
T1,0,1,100,9
T2,1,0,200,4
T3,2,0,192,8
T4,3,0,54,10
T5,4,1,45,1
T6,5,0,184,9
T7,6,1,36,5
[207]
T1,0,0,20,3
T2,1,1,51,1
T3,2,0,174,31
T4,3,0,175,2
T5,4,0,63,4
T6,5,0,90,6
T7,6,0,200,10
[208]
T1,0,1,175,2
T2,1,0,160,10
T3,2,1,200,15
T4,3,0,112,2
T5,4,1,30,7
T6,5,0,46,5
T7,6,1,126,8
[209]
T1,0,1,65,7
T2,1,1,39,10
T3,2,0,200,10
T4,3,0,168,1
T5,4,1,120,7
T6,5,0,48,3
T7,6,1,180,1
[210]
T1,0,1,200,11
T2,1,0,44,10
T3,2,1,80,1
T4,3,0,22,2
T5,4,1,110,2
T6,5,0,193,43
T7,6,0,193,8
[211]
T1,0,0,130,37
T2,1,1,50,2
T3,2,0,182,11
T4,3,1,140,15
T5,4,0,46,2
T6,5,0,200,7
T7,6,1,169,8
[212]
T1,0,0,155,10
T2,1,0,200,6
T3,2,1,24,8
T4,3,1,140,4
T5,4,1,49,3
T6,5,1,180,2
T7,6,1,144,7
[213]
T1,0,1,200,24
T2,1,1,51,5
T3,2,0,186,1
T4,3,0,51,4
T5,4,1,90,14
T6,5,0,153,14
T7,6,1,68,1
[214]
T1,0,1,174,14
T2,1,1,80,7
T3,2,0,20,1
T4,3,0,58,1
T5,4,1,156,10
T6,5,0,200,7
T7,6,0,29,6
[215]
T1,0,1,33,2
T2,1,1,132,3
T3,2,0,176,34
T4,3,0,24,4
T5,4,0,171,4
T6,5,0,120,5
T7,6,0,200,14
[216]
T1,0,0,88,1
T2,1,1,154,17
T3,2,1,200,18
T4,3,0,114,4
T5,4,0,190,21
T6,5,1,41,3
T7,6,0,44,6
[217]
T1,0,0,125,4
T2,1,0,168,7
T3,2,1,200,31
T4,3,1,195,10
T5,4,1,100,19
T6,5,0,48,2
T7,6,0,33,1
[218]
T1,0,1,58,2
T2,1,1,180,6
T3,2,1,39,11
T4,3,0,200,16
T5,4,1,36,2
T6,5,1,168,8
T7,6,1,84,5
[219]
T1,0,1,84,7
T2,1,1,155,44
T3,2,1,200,2
T4,3,1,20,2
T5,4,0,38,1
T6,5,1,150,16
T7,6,1,124,6
[220]
T1,0,1,171,18
T2,1,1,190,2
T3,2,0,200,20
T4,3,0,28,3
T5,4,1,145,21
T6,5,1,25,2
T7,6,0,60,2
[221]
T1,0,0,200,7
T2,1,1,144,9
T3,2,1,160,22
T4,3,1,45,2
T5,4,0,24,2
T6,5,1,57,1
T7,6,1,171,53
[222]
T1,0,1,30,2
T2,1,0,186,3
T3,2,0,200,4
T4,3,0,28,2
T5,4,1,170,21
T6,5,1,60,8
T7,6,0,100,11
[223]
T1,0,0,200,9
T2,1,0,192,2
T3,2,0,195,24
T4,3,1,54,1
T5,4,1,26,6
T6,5,0,32,3
T7,6,1,130,1
[224]
T1,0,1,35,1
T2,1,0,90,23
T3,2,1,188,7
T4,3,0,52,3
T5,4,0,200,9
T6,5,1,188,11
T7,6,0,84,7
[225]
T1,0,0,38,4
T2,1,1,154,9
T3,2,1,45,6
T4,3,0,126,2
T5,4,1,200,18
T6,5,0,189,2
T7,6,1,55,7
[226]
T1,0,1,108,1
T2,1,1,198,33
T3,2,0,80,17
T4,3,1,47,2
T5,4,1,30,1
T6,5,0,200,8
T7,6,1,198,20
[227]
T1,0,1,92,2
T2,1,0,65,2
T3,2,1,195,6
T4,3,0,150,27
T5,4,1,34,6
T6,5,0,23,2
T7,6,0,200,3
[228]
T1,0,1,200,1
T2,1,1,80,8
T3,2,1,49,1
T4,3,0,126,21
T5,4,1,175,7
T6,5,0,39,6
T7,6,0,180,11
[229]
T1,0,1,51,2
T2,1,0,150,17
T3,2,1,200,46
T4,3,1,138,9
T5,4,1,180,11
T6,5,1,138,11
T7,6,1,42,1
[230]
T1,0,0,154,14
T2,1,1,175,13
T3,2,0,50,2
T4,3,0,77,1
T5,4,1,144,40
T6,5,0,30,2
T7,6,1,200,14
[231]
T1,0,0,156,2
T2,1,1,51,6
T3,2,0,36,2
T4,3,1,200,6
T5,4,1,123,8
T6,5,0,104,16
T7,6,1,180,37
[232]
T1,0,1,154,1
T2,1,0,105,8
T3,2,0,30,5
T4,3,0,33,2
T5,4,0,196,29
T6,5,1,100,12
T7,6,0,200,11
[233]
T1,0,1,66,1
T2,1,0,200,16
T3,2,1,96,9
T4,3,1,48,2
T5,4,1,22,4
T6,5,0,165,23
T7,6,0,175,8
[234]
T1,0,0,27,2
T2,1,0,144,2
T3,2,1,20,1
T4,3,0,200,5
T5,4,0,150,55
T6,5,0,100,2
T7,6,0,150,1
[235]
T1,0,0,75,5
T2,1,1,153,2
T3,2,0,136,5
T4,3,1,35,2
T5,4,0,38,7
T6,5,0,200,26
T7,6,1,150,20
[236]
T1,0,1,161,27
T2,1,1,26,1
T3,2,0,30,2
T4,3,1,160,22
T5,4,0,115,13
T6,5,1,112,2
T7,6,1,200,4
[237]
T1,0,1,60,6
T2,1,0,48,4
T3,2,0,185,2
T4,3,1,50,1
T5,4,0,185,10
T6,5,1,200,16
T7,6,0,86,16
[238]
T1,0,0,32,2
T2,1,1,200,4
T3,2,1,140,32
T4,3,0,156,2
T5,4,1,36,4
T6,5,0,182,29
T7,6,1,80,2
[239]
T1,0,1,24,2
T2,1,1,52,4
T3,2,0,54,1
T4,3,1,200,11
T5,4,1,63,4
T6,5,0,168,24
T7,6,0,195,32
[240]
T1,0,1,51,4
T2,1,0,104,7
T3,2,0,200,5
T4,3,1,60,5
T5,4,1,156,2
T6,5,0,45,9
T7,6,0,152,15
[241]
T1,0,1,100,10
T2,1,0,90,2
T3,2,0,186,21
T4,3,0,24,2
T5,4,0,186,23
T6,5,1,200,11
T7,6,1,44,6
[242]
T1,0,1,105,25
T2,1,0,196,11
T3,2,0,98,3
T4,3,1,28,2
T5,4,0,200,20
T6,5,1,195,16
T7,6,0,29,1
[243]
T1,0,0,76,2
T2,1,1,25,2
T3,2,0,171,1
T4,3,0,34,2
T5,4,1,200,27
T6,5,1,153,12
T7,6,0,114,21
[244]
T1,0,1,51,3
T2,1,1,100,1
T3,2,0,58,23
T4,3,0,195,12
T5,4,0,24,2
T6,5,1,200,6
T7,6,1,195,2
[245]
T1,0,0,20,1
T2,1,0,150,1
T3,2,1,200,6
T4,3,1,40,2
T5,4,0,110,33
T6,5,1,66,4
T7,6,0,155,13
[246]
T1,0,0,198,34
T2,1,1,30,2
T3,2,0,144,34
T4,3,0,80,2
T5,4,0,184,1
T6,5,1,200,2
T7,6,0,36,2
[247]
T1,0,1,156,2
T2,1,0,102,14
T3,2,1,30,2
T4,3,0,200,26
T5,4,1,46,2
T6,5,1,105,10
T7,6,0,168,30
[248]
T1,0,0,20,4
T2,1,0,87,2
T3,2,1,174,9
T4,3,0,200,24
T5,4,0,100,2
T6,5,1,164,18
T7,6,1,26,2
[249]
T1,0,0,126,14
T2,1,1,35,1
T3,2,0,63,2
T4,3,1,200,30
T5,4,1,23,5
T6,5,1,162,5
T7,6,1,175,2
[250]
T1,0,1,39,4
T2,1,0,195,19
T3,2,0,65,10
T4,3,1,64,2
T5,4,0,175,10
T6,5,1,200,17
T7,6,0,46,2
[251]
T1,0,0,195,14
T2,1,0,132,15
T3,2,1,200,6
T4,3,0,175,33
T5,4,0,48,6
T6,5,1,52,2
T7,6,1,130,2
[252]
T1,0,0,66,2
T2,1,1,200,2
T3,2,1,54,5
T4,3,0,38,4
T5,4,0,156,32
T6,5,1,198,12
T7,6,1,108,10
[253]
T1,0,1,200,17
T2,1,1,152,9
T3,2,1,35,2
T4,3,1,27,5
T5,4,0,120,8
T6,5,1,175,14
T7,6,0,133,2
[254]
T1,0,0,200,17
T2,1,1,192,18
T3,2,1,94,2
T4,3,0,192,2
T5,4,1,44,2
T6,5,1,48,16
T7,6,0,94,2
[255]
T1,0,1,165,4
T2,1,0,200,7
T3,2,1,46,3
T4,3,0,100,1
T5,4,1,33,4
T6,5,1,180,51
T7,6,1,57,1
[256]
T1,0,1,175,1
T2,1,0,200,9
T3,2,1,160,53
T4,3,1,56,3
T5,4,1,21,2
T6,5,0,48,4
T7,6,1,128,6
[257]
T1,0,1,70,5
T2,1,0,40,5
T3,2,0,188,11
T4,3,1,182,40
T5,4,1,140,8
T6,5,1,200,6
T7,6,1,22,2
[258]
T1,0,1,175,22
T2,1,1,200,30
T3,2,1,56,3
T4,3,0,27,2
T5,4,0,116,2
T6,5,1,28,3
T7,6,1,168,17
[259]
T1,0,1,51,3
T2,1,0,36,3
T3,2,1,54,10
T4,3,0,168,8
T5,4,0,68,2
T6,5,1,175,28
T7,6,1,200,1
[260]
T1,0,1,200,37
T2,1,1,21,1
T3,2,1,196,1
T4,3,1,105,12
T5,4,0,174,10
T6,5,0,28,2
T7,6,1,120,15
[261]
T1,0,1,135,5
T2,1,1,152,39
T3,2,1,27,3
T4,3,1,171,2
T5,4,0,126,1
T6,5,1,200,23
T7,6,0,27,1
[262]
T1,0,0,45,4
T2,1,1,100,13
T3,2,1,124,6
T4,3,1,180,8
T5,4,1,28,1
T6,5,1,200,21
T7,6,1,180,14
[263]
T1,0,0,40,4
T2,1,1,200,14
T3,2,1,92,4
T4,3,1,175,35
T5,4,1,25,1
T6,5,0,133,5
T7,6,1,190,6
[264]
T1,0,1,120,7
T2,1,1,98,23
T3,2,1,20,2
T4,3,1,154,2
T5,4,0,42,2
T6,5,0,180,8
T7,6,1,200,8
[265]
T1,0,0,88,2
T2,1,1,170,9
T3,2,0,120,4
T4,3,1,187,6
T5,4,1,51,13
T6,5,0,42,4
T7,6,0,200,20
[266]
T1,0,1,192,32
T2,1,1,165,16
T3,2,1,70,7
T4,3,0,44,3
T5,4,0,200,3
T6,5,0,120,13
T7,6,1,46,2
[267]
T1,0,0,170,6
T2,1,0,180,2
T3,2,1,85,6
T4,3,1,200,1
T5,4,1,21,1
T6,5,0,37,8
T7,6,0,84,13
[268]
T1,0,1,184,1
T2,1,0,198,10
T3,2,0,66,1
T4,3,0,200,17
T5,4,0,44,3
T6,5,0,52,13
T7,6,0,120,10
[269]
T1,0,0,160,49
T2,1,1,48,2
T3,2,0,96,3
T4,3,1,200,26
T5,4,0,162,7
T6,5,0,60,2
T7,6,1,38,2
[270]
T1,0,1,45,4
T2,1,1,68,11
T3,2,0,144,19
T4,3,0,170,5
T5,4,1,200,8
T6,5,0,30,3
T7,6,1,195,3
[271]
T1,0,0,200,37
T2,1,1,168,7
T3,2,0,189,22
T4,3,1,46,1
T5,4,1,56,3
T6,5,1,140,2
T7,6,0,49,6
[272]
T1,0,1,28,2
T2,1,1,98,34
T3,2,1,182,2
T4,3,1,47,2
T5,4,1,175,6
T6,5,1,200,5
T7,6,0,125,14
[273]
T1,0,1,38,1
T2,1,0,100,18
T3,2,1,32,2
T4,3,1,200,12
T5,4,0,170,22
T6,5,0,96,4
T7,6,0,190,18
[274]
T1,0,1,182,18
T2,1,0,195,11
T3,2,1,60,1
T4,3,1,96,2
T5,4,0,30,2
T6,5,1,34,7
T7,6,1,200,34
[275]
T1,0,0,200,38
T2,1,1,42,12
T3,2,0,31,2
T4,3,1,152,5
T5,4,0,60,1
T6,5,1,150,4
T7,6,1,133,3
[276]
T1,0,1,80,9
T2,1,1,174,2
T3,2,0,28,1
T4,3,0,27,4
T5,4,0,140,20
T6,5,1,174,5
T7,6,1,200,14
[277]
T1,0,0,80,2
T2,1,1,161,7
T3,2,0,150,4
T4,3,0,44,6
T5,4,0,200,25
T6,5,0,92,2
T7,6,1,42,8
[278]
T1,0,0,126,9
T2,1,0,186,18
T3,2,0,60,1
T4,3,1,180,14
T5,4,0,30,1
T6,5,1,200,20
T7,6,1,31,5
[279]
T1,0,1,108,15
T2,1,1,200,24
T3,2,0,31,2
T4,3,1,27,2
T5,4,0,56,2
T6,5,0,150,9
T7,6,0,175,22
[280]
T1,0,0,54,2
T2,1,1,200,15
T3,2,1,180,8
T4,3,0,120,2
T5,4,1,20,1
T6,5,0,52,4
T7,6,1,192,47
[281]
T1,0,1,32,3
T2,1,0,156,12
T3,2,1,200,8
T4,3,1,192,19
T5,4,0,80,4
T6,5,1,70,2
T7,6,1,43,6
[282]
T1,0,0,90,6
T2,1,1,165,12
T3,2,0,200,11
T4,3,1,198,20
T5,4,1,22,1
T6,5,0,56,1
T7,6,1,50,8
[283]
T1,0,1,150,16
T2,1,1,195,2
T3,2,1,68,4
T4,3,1,130,21
T5,4,0,200,19
T6,5,0,34,2
T7,6,1,50,6
[284]
T1,0,1,182,2
T2,1,1,182,17
T3,2,1,200,29
T4,3,1,110,12
T5,4,1,33,1
T6,5,1,22,1
T7,6,1,105,12
[285]
T1,0,1,28,2
T2,1,1,152,40
T3,2,0,114,6
T4,3,1,200,2
T5,4,1,180,2
T6,5,1,75,16
T7,6,1,33,2
[286]
T1,0,0,34,2
T2,1,1,197,12
T3,2,1,175,40
T4,3,0,20,2
T5,4,0,140,8
T6,5,1,200,11
T7,6,0,75,2
[287]
T1,0,0,53,6
T2,1,0,26,4
T3,2,0,96,4
T4,3,0,65,2
T5,4,1,200,45
T6,5,1,156,2
T7,6,0,175,6
[288]
T1,0,1,45,1
T2,1,1,62,14
T3,2,1,26,2
T4,3,0,186,13
T5,4,0,80,11
T6,5,0,200,5
T7,6,0,160,13
[289]
T1,0,1,200,2
T2,1,1,48,10
T3,2,0,192,15
T4,3,1,105,22
T5,4,1,25,2
T6,5,1,174,3
T7,6,0,100,1
[290]
T1,0,0,160,21
T2,1,0,170,27
T3,2,1,40,1
T4,3,1,80,2
T5,4,1,42,1
T6,5,0,126,23
T7,6,0,200,5
[291]
T1,0,1,160,4
T2,1,0,45,10
T3,2,1,174,5
T4,3,0,104,18
T5,4,1,26,2
T6,5,0,200,10
T7,6,0,75,2
[292]
T1,0,1,24,2
T2,1,0,192,6
T3,2,1,150,25
T4,3,0,96,12
T5,4,0,200,36
T6,5,0,32,2
T7,6,0,92,3
[293]
T1,0,0,172,4
T2,1,1,43,4
T3,2,1,20,2
T4,3,0,104,8
T5,4,1,200,2
T6,5,0,86,20
T7,6,1,182,22
[294]
T1,0,1,154,22
T2,1,0,40,5
T3,2,0,200,2
T4,3,1,65,1
T5,4,0,65,5
T6,5,1,195,6
T7,6,1,39,7
[295]
T1,0,1,135,1
T2,1,0,27,5
T3,2,0,24,1
T4,3,0,175,22
T5,4,1,75,3
T6,5,0,200,20
T7,6,1,152,8
[296]
T1,0,1,200,12
T2,1,1,28,4
T3,2,1,144,6
T4,3,1,130,3
T5,4,1,153,2
T6,5,1,45,9
T7,6,0,195,15
[297]
T1,0,0,120,2
T2,1,1,126,2
T3,2,1,40,4
T4,3,1,182,27
T5,4,0,27,3
T6,5,0,180,35
T7,6,1,200,2
[298]
T1,0,0,195,2
T2,1,1,90,15
T3,2,1,195,62
T4,3,1,102,2
T5,4,0,48,3
T6,5,1,31,1
T7,6,1,200,2
[299]
T1,0,1,47,1
T2,1,0,50,2
T3,2,1,57,4
T4,3,0,192,70
T5,4,1,200,3
T6,5,1,57,3
T7,6,0,168,5
[300]
T1,0,0,99,10
T2,1,1,180,50
T3,2,0,176,2
T4,3,1,29,4
T5,4,1,24,2
T6,5,1,68,2
T7,6,0,200,8
[301]
T1,0,1,180,4
T2,1,0,23,2
T3,2,0,33,5
T4,3,1,200,38
T5,4,1,155,7
T6,5,1,72,8
T7,6,1,99,3
[302]
T1,0,0,200,17
T2,1,0,72,2
T3,2,1,40,4
T4,3,1,174,3
T5,4,0,39,1
T6,5,1,165,4
T7,6,0,66,19
[303]
T1,0,0,105,10
T2,1,0,154,15
T3,2,0,182,35
T4,3,1,200,2
T5,4,1,91,7
T6,5,1,30,1
T7,6,0,34,2
[304]
T1,0,0,147,15
T2,1,1,200,31
T3,2,0,35,2
T4,3,1,105,5
T5,4,1,81,12
T6,5,0,21,2
T7,6,1,147,9
[305]
T1,0,0,120,2
T2,1,1,78,2
T3,2,1,200,32
T4,3,1,195,25
T5,4,0,40,2
T6,5,1,38,1
T7,6,0,196,40
[306]
T1,0,1,68,2
T2,1,0,25,2
T3,2,0,150,33
T4,3,0,45,2
T5,4,1,170,12
T6,5,1,200,18
T7,6,0,60,9
[307]
T1,0,1,152,9
T2,1,0,20,2
T3,2,1,200,53
T4,3,1,95,5
T5,4,1,155,5
T6,5,0,41,1
T7,6,1,64,7
[308]
T1,0,1,150,3
T2,1,1,198,12
T3,2,0,50,5
T4,3,1,52,2
T5,4,0,96,19
T6,5,0,200,2
T7,6,1,88,14
[309]
T1,0,0,150,4
T2,1,0,60,4
T3,2,0,189,13
T4,3,0,50,1
T5,4,1,200,2
T6,5,0,110,30
T7,6,1,26,2
[310]
T1,0,0,68,9
T2,1,1,27,1
T3,2,0,170,22
T4,3,1,150,5
T5,4,0,125,4
T6,5,0,42,3
T7,6,1,200,27
[311]
T1,0,0,24,2
T2,1,0,200,1
T3,2,0,126,2
T4,3,1,180,9
T5,4,0,150,23
T6,5,0,34,5
T7,6,0,136,14
[312]
T1,0,0,161,33
T2,1,0,120,1
T3,2,0,200,13
T4,3,1,27,1
T5,4,1,168,17
T6,5,1,30,2
T7,6,0,126,9
[313]
T1,0,0,200,2
T2,1,1,180,11
T3,2,1,108,14
T4,3,0,90,4
T5,4,1,54,6
T6,5,0,174,10
T7,6,1,46,7
[314]
T1,0,0,182,16
T2,1,1,68,10
T3,2,0,39,2
T4,3,0,150,13
T5,4,1,200,9
T6,5,1,30,2
T7,6,1,91,16
[315]
T1,0,0,21,5
T2,1,1,38,3
T3,2,1,90,3
T4,3,1,175,15
T5,4,1,200,4
T6,5,0,150,11
T7,6,0,123,4
[316]
T1,0,0,184,2
T2,1,0,80,1
T3,2,1,37,2
T4,3,0,184,60
T5,4,1,93,13
T6,5,0,200,1
T7,6,0,23,2
[317]
T1,0,0,200,17
T2,1,0,126,7
T3,2,1,48,4
T4,3,1,175,7
T5,4,1,22,5
T6,5,1,165,1
T7,6,0,140,7
[318]
T1,0,1,171,15
T2,1,0,190,15
T3,2,1,34,2
T4,3,1,42,2
T5,4,0,200,47
T6,5,0,100,7
T7,6,0,56,2
[319]
T1,0,1,180,2
T2,1,0,180,12
T3,2,0,36,1
T4,3,0,200,6
T5,4,0,114,1
T6,5,1,56,6
T7,6,0,25,7
[320]
T1,0,1,50,3
T2,1,1,132,26
T3,2,1,200,41
T4,3,1,37,2
T5,4,1,110,4
T6,5,0,186,2
T7,6,0,155,8
[321]
T1,0,1,24,2
T2,1,0,119,23
T3,2,1,96,17
T4,3,1,32,2
T5,4,1,160,13
T6,5,0,200,5
T7,6,0,170,11
[322]
T1,0,1,200,1
T2,1,0,198,14
T3,2,1,72,5
T4,3,0,49,2
T5,4,1,154,8
T6,5,0,110,20
T7,6,0,28,5
[323]
T1,0,0,150,1
T2,1,1,160,15
T3,2,0,75,13
T4,3,0,104,1
T5,4,0,49,7
T6,5,1,33,2
T7,6,0,200,26
[324]
T1,0,0,200,5
T2,1,1,150,11
T3,2,0,115,2
T4,3,1,185,15
T5,4,0,40,2
T6,5,1,28,5
T7,6,0,60,11
[325]
T1,0,0,189,20
T2,1,0,42,5
T3,2,1,200,1
T4,3,0,112,5
T5,4,0,150,22
T6,5,0,72,3
T7,6,0,27,2
[326]
T1,0,0,200,66
T2,1,1,132,1
T3,2,0,35,2
T4,3,1,156,3
T5,4,0,70,2
T6,5,1,156,28
T7,6,0,25,1
[327]
T1,0,1,200,2
T2,1,1,40,1
T3,2,0,80,2
T4,3,1,165,2
T5,4,1,190,5
T6,5,1,88,32
T7,6,0,20,2
[328]
T1,0,1,36,1
T2,1,1,150,26
T3,2,1,192,21
T4,3,1,36,4
T5,4,1,200,17
T6,5,1,100,4
T7,6,0,135,4
[329]
T1,0,0,40,2
T2,1,1,175,2
T3,2,1,88,16
T4,3,1,49,10
T5,4,0,80,1
T6,5,0,196,3
T7,6,1,200,29
[330]
T1,0,0,53,2
T2,1,0,84,16
T3,2,0,175,4
T4,3,1,200,25
T5,4,1,53,2
T6,5,1,159,8
T7,6,0,60,8
[331]
T1,0,0,174,8
T2,1,1,32,1
T3,2,1,74,2
T4,3,1,40,10
T5,4,0,200,8
T6,5,1,100,9
T7,6,1,185,19
[332]
T1,0,1,20,2
T2,1,1,58,2
T3,2,0,200,31
T4,3,1,92,6
T5,4,0,23,3
T6,5,1,150,1
T7,6,1,150,4
[333]
T1,0,0,160,1
T2,1,1,162,23
T3,2,1,200,5
T4,3,0,47,5
T5,4,1,20,3
T6,5,1,84,8
T7,6,0,120,2
[334]
T1,0,0,200,29
T2,1,0,43,3
T3,2,1,30,1
T4,3,0,152,5
T5,4,1,90,14
T6,5,1,171,13
T7,6,0,99,2
[335]
T1,0,1,200,14
T2,1,1,190,27
T3,2,0,45,1
T4,3,1,188,2
T5,4,1,94,3
T6,5,0,47,5
T7,6,1,80,16
[336]
T1,0,0,30,2
T2,1,1,200,11
T3,2,0,168,10
T4,3,1,60,2
T5,4,0,190,35
T6,5,1,96,13
T7,6,0,47,5
[337]
T1,0,1,40,3
T2,1,0,53,4
T3,2,1,126,8
T4,3,1,176,2
T5,4,0,200,17
T6,5,1,165,10
T7,6,0,60,12
[338]
T1,0,0,175,4
T2,1,1,53,6
T3,2,0,200,1
T4,3,1,28,8
T5,4,0,75,1
T6,5,0,65,4
T7,6,1,169,8
[339]
T1,0,1,50,2
T2,1,0,148,23
T3,2,1,108,14
T4,3,1,75,7
T5,4,0,200,3
T6,5,1,51,3
T7,6,0,162,18
[340]
T1,0,1,75,2
T2,1,1,200,2
T3,2,0,189,37
T4,3,1,28,2
T5,4,1,105,30
T6,5,0,190,4
T7,6,1,25,1
[341]
T1,0,0,200,5
T2,1,1,33,3
T3,2,0,100,5
T4,3,1,112,10
T5,4,1,150,16
T6,5,1,176,17
T7,6,1,52,5
[342]
T1,0,0,200,13
T2,1,0,52,6
T3,2,0,54,2
T4,3,0,66,2
T5,4,0,168,22
T6,5,0,24,5
T7,6,0,175,2
[343]
T1,0,1,178,1
T2,1,0,86,2
T3,2,0,50,1
T4,3,1,89,30
T5,4,0,53,1
T6,5,1,200,15
T7,6,0,172,16
[344]
T1,0,0,158,5
T2,1,0,22,2
T3,2,1,30,2
T4,3,0,105,13
T5,4,1,60,2
T6,5,0,175,38
T7,6,1,200,16
[345]
T1,0,0,189,2
T2,1,0,135,2
T3,2,1,39,3
T4,3,1,175,2
T5,4,1,144,48
T6,5,1,200,1
T7,6,1,33,4
[346]
T1,0,0,180,2
T2,1,0,90,10
T3,2,0,196,22
T4,3,1,44,3
T5,4,1,21,2
T6,5,1,84,12
T7,6,0,200,20
[347]
T1,0,0,96,1
T2,1,1,32,5
T3,2,0,200,2
T4,3,0,31,2
T5,4,1,148,12
T6,5,0,165,15
T7,6,1,75,15
[348]
T1,0,0,200,50
T2,1,1,68,2
T3,2,1,70,1
T4,3,0,42,2
T5,4,1,165,24
T6,5,0,154,12
T7,6,1,39,2
[349]
T1,0,1,25,2
T2,1,0,104,3
T3,2,1,195,8
T4,3,1,200,31
T5,4,1,130,7
T6,5,0,44,2
T7,6,0,176,32
[350]
T1,0,0,21,1
T2,1,1,150,3
T3,2,0,180,12
T4,3,1,42,2
T5,4,1,98,6
T6,5,0,200,1
T7,6,1,120,38
[351]
T1,0,0,171,1
T2,1,1,200,4
T3,2,0,156,10
T4,3,1,30,5
T5,4,0,60,9
T6,5,0,120,6
T7,6,0,25,2
[352]
T1,0,1,32,4
T2,1,1,140,14
T3,2,1,180,3
T4,3,0,96,6
T5,4,0,200,9
T6,5,0,22,4
T7,6,0,182,5
[353]
T1,0,1,102,8
T2,1,1,200,79
T3,2,0,44,2
T4,3,0,192,5
T5,4,0,96,1
T6,5,0,176,6
T7,6,1,20,2
[354]
T1,0,0,150,11
T2,1,0,200,13
T3,2,0,34,4
T4,3,0,50,4
T5,4,1,152,13
T6,5,0,61,9
T7,6,1,57,2
[355]
T1,0,1,175,2
T2,1,1,25,5
T3,2,0,35,3
T4,3,1,75,5
T5,4,0,194,10
T6,5,1,200,23
T7,6,0,56,1
[356]
T1,0,0,56,2
T2,1,0,40,5
T3,2,1,186,7
T4,3,0,29,5
T5,4,1,175,5
T6,5,1,144,12
T7,6,0,200,27
[357]
T1,0,0,175,19
T2,1,0,36,2
T3,2,0,200,6
T4,3,0,84,11
T5,4,0,90,2
T6,5,0,160,3
T7,6,0,30,6
[358]
T1,0,0,175,20
T2,1,0,175,21
T3,2,1,26,2
T4,3,1,200,25
T5,4,1,29,2
T6,5,0,135,6
T7,6,0,75,7
[359]
T1,0,1,76,2
T2,1,0,189,2
T3,2,0,200,22
T4,3,1,190,12
T5,4,1,140,1
T6,5,0,27,2
T7,6,1,42,11
[360]
T1,0,0,200,3
T2,1,0,50,8
T3,2,0,180,11
T4,3,0,135,13
T5,4,0,39,4
T6,5,0,92,2
T7,6,1,175,19
[361]
T1,0,1,42,2
T2,1,1,60,2
T3,2,1,168,2
T4,3,0,195,1
T5,4,1,126,54
T6,5,1,200,16
T7,6,0,47,3
[362]
T1,0,1,190,8
T2,1,1,196,15
T3,2,0,84,4
T4,3,0,95,24
T5,4,0,40,2
T6,5,0,42,6
T7,6,0,200,3
[363]
T1,0,0,200,46
T2,1,1,198,7
T3,2,0,135,21
T4,3,1,51,2
T5,4,0,45,3
T6,5,1,80,3
T7,6,0,176,8
[364]
T1,0,0,60,4
T2,1,1,40,3
T3,2,1,38,2
T4,3,0,153,3
T5,4,1,170,7
T6,5,0,75,3
T7,6,1,200,61
[365]
T1,0,0,192,4
T2,1,1,120,5
T3,2,1,104,1
T4,3,0,200,61
T5,4,0,41,2
T6,5,0,192,15
T7,6,0,45,3
[366]
T1,0,0,200,10
T2,1,0,154,8
T3,2,1,180,7
T4,3,1,42,13
T5,4,0,29,1
T6,5,0,72,2
T7,6,0,140,8
[367]
T1,0,1,160,21
T2,1,1,128,5
T3,2,0,35,7
T4,3,0,72,6
T5,4,0,170,10
T6,5,0,36,2
T7,6,0,200,6
[368]
T1,0,0,75,8
T2,1,1,153,11
T3,2,0,40,13
T4,3,1,200,4
T5,4,1,30,2
T6,5,0,165,1
T7,6,1,72,2
[369]
T1,0,0,88,3
T2,1,0,176,39
T3,2,1,132,7
T4,3,0,200,15
T5,4,0,50,8
T6,5,0,195,1
T7,6,0,49,2
[370]
T1,0,0,25,2
T2,1,1,32,1
T3,2,0,150,20
T4,3,1,200,32
T5,4,0,84,2
T6,5,0,141,6
T7,6,0,168,8
[371]
T1,0,1,176,3
T2,1,0,165,53
T3,2,1,120,3
T4,3,0,71,7
T5,4,1,42,2
T6,5,1,200,6
T7,6,1,44,3
[372]
T1,0,1,147,2
T2,1,1,40,1
T3,2,0,44,7
T4,3,0,100,2
T5,4,0,200,55
T6,5,0,175,2
T7,6,0,140,15
[373]
T1,0,1,200,72
T2,1,1,58,1
T3,2,0,94,3
T4,3,0,29,1
T5,4,0,39,1
T6,5,0,150,2
T7,6,0,150,10
[374]
T1,0,1,153,43
T2,1,0,35,2
T3,2,1,200,16
T4,3,1,23,2
T5,4,0,96,5
T6,5,1,90,2
T7,6,1,150,3
[375]
T1,0,1,200,29
T2,1,0,180,16
T3,2,1,155,1
T4,3,0,63,3
T5,4,0,38,2
T6,5,0,42,5
T7,6,0,105,16
[376]
T1,0,0,195,55
T2,1,1,60,1
T3,2,0,32,1
T4,3,1,186,12
T5,4,0,36,2
T6,5,0,96,14
T7,6,1,200,2
[377]
T1,0,0,39,2
T2,1,0,200,9
T3,2,0,195,22
T4,3,1,43,2
T5,4,1,189,35
T6,5,0,104,5
T7,6,1,84,10
[378]
T1,0,0,176,2
T2,1,1,200,10
T3,2,0,75,8
T4,3,1,78,4
T5,4,1,195,56
T6,5,1,38,2
T7,6,1,44,3
[379]
T1,0,1,200,7
T2,1,1,72,2
T3,2,1,54,6
T4,3,0,20,2
T5,4,0,170,3
T6,5,1,153,16
T7,6,0,24,4
[380]
T1,0,0,90,6
T2,1,0,160,30
T3,2,1,60,2
T4,3,0,200,44
T5,4,1,182,9
T6,5,1,45,2
T7,6,1,32,1
[381]
T1,0,1,200,4
T2,1,1,184,1
T3,2,0,22,2
T4,3,1,115,34
T5,4,0,187,2
T6,5,1,40,4
T7,6,1,136,4
[382]
T1,0,1,54,1
T2,1,0,168,23
T3,2,0,50,3
T4,3,0,160,34
T5,4,0,200,10
T6,5,0,72,7
T7,6,1,25,2
[383]
T1,0,0,51,4
T2,1,0,164,1
T3,2,1,30,2
T4,3,0,150,32
T5,4,1,124,7
T6,5,1,200,13
T7,6,1,93,12
[384]
T1,0,1,26,1
T2,1,0,176,7
T3,2,1,30,3
T4,3,1,195,24
T5,4,0,55,1
T6,5,0,64,12
T7,6,0,200,9
[385]
T1,0,1,50,2
T2,1,0,200,9
T3,2,0,129,5
T4,3,1,192,22
T5,4,0,20,2
T6,5,1,150,2
T7,6,0,96,31
[386]
T1,0,1,160,6
T2,1,0,21,6
T3,2,0,175,16
T4,3,0,128,9
T5,4,1,40,1
T6,5,1,200,4
T7,6,0,125,3
[387]
T1,0,0,168,17
T2,1,1,117,10
T3,2,0,47,2
T4,3,1,63,14
T5,4,1,189,3
T6,5,1,40,3
T7,6,1,200,14
[388]
T1,0,0,20,1
T2,1,1,105,5
T3,2,1,52,7
T4,3,1,200,29
T5,4,0,150,1
T6,5,0,135,20
T7,6,0,152,4
[389]
T1,0,1,80,2
T2,1,0,200,65
T3,2,0,112,3
T4,3,0,175,24
T5,4,1,162,7
T6,5,1,50,1
T7,6,1,29,2
[390]
T1,0,1,84,7
T2,1,0,200,7
T3,2,0,165,4
T4,3,1,54,4
T5,4,1,168,5
T6,5,0,65,15
T7,6,1,39,4
[391]
T1,0,0,196,7
T2,1,1,25,2
T3,2,1,56,2
T4,3,1,168,3
T5,4,0,102,8
T6,5,0,52,8
T7,6,0,200,45
[392]
T1,0,1,102,6
T2,1,1,49,3
T3,2,1,200,17
T4,3,0,152,4
T5,4,1,152,22
T6,5,1,120,14
T7,6,1,30,2
[393]
T1,0,1,22,1
T2,1,1,176,26
T3,2,0,200,2
T4,3,0,35,2
T5,4,1,108,4
T6,5,0,180,16
T7,6,0,100,24
[394]
T1,0,0,144,18
T2,1,0,80,12
T3,2,1,34,2
T4,3,0,200,3
T5,4,1,160,10
T6,5,1,170,16
T7,6,1,46,2
[395]
T1,0,0,42,9
T2,1,1,182,1
T3,2,1,100,10
T4,3,1,200,24
T5,4,1,80,2
T6,5,1,161,8
T7,6,1,50,3
[396]
T1,0,1,168,2
T2,1,0,39,5
T3,2,1,200,13
T4,3,0,165,4
T5,4,1,70,10
T6,5,1,120,24
T7,6,1,41,2
[397]
T1,0,1,47,1
T2,1,1,42,1
T3,2,1,190,2
T4,3,1,200,46
T5,4,0,165,13
T6,5,1,77,5
T7,6,1,84,11
[398]
T1,0,1,44,1
T2,1,0,195,9
T3,2,1,195,22
T4,3,1,103,26
T5,4,0,52,6
T6,5,1,100,1
T7,6,0,200,2
[399]
T1,0,1,120,20
T2,1,0,192,7
T3,2,1,31,3
T4,3,1,40,1
T5,4,0,177,23
T6,5,0,200,5
T7,6,1,128,9
[400]
T1,0,1,156,17
T2,1,0,40,3
T3,2,0,200,4
T4,3,1,195,25
T5,4,0,37,3
T6,5,0,143,6
T7,6,1,108,11
[401]
T1,0,1,21,2
T2,1,1,108,1
T3,2,0,200,28
T4,3,1,55,3
T5,4,0,165,13
T6,5,0,36,2
T7,6,0,162,37
[402]
T1,0,1,200,19
T2,1,1,112,10
T3,2,0,175,11
T4,3,1,28,2
T5,4,1,191,16
T6,5,0,30,2
T7,6,1,70,9
[403]
T1,0,1,152,2
T2,1,0,40,6
T3,2,0,126,3
T4,3,0,200,33
T5,4,1,60,9
T6,5,0,150,8
T7,6,0,26,2
[404]
T1,0,0,23,1
T2,1,1,176,20
T3,2,1,42,3
T4,3,1,200,37
T5,4,1,176,8
T6,5,0,80,5
T7,6,0,108,3
[405]
T1,0,0,56,9
T2,1,1,200,14
T3,2,1,52,6
T4,3,1,72,2
T5,4,0,20,2
T6,5,0,182,15
T7,6,0,168,12
[406]
T1,0,1,150,2
T2,1,0,147,15
T3,2,1,50,11
T4,3,0,87,10
T5,4,1,196,8
T6,5,1,200,12
T7,6,1,47,1
[407]
T1,0,0,185,6
T2,1,1,35,10
T3,2,1,200,23
T4,3,1,148,5
T5,4,1,136,6
T6,5,1,40,2
T7,6,1,119,5
[408]
T1,0,0,100,9
T2,1,0,168,1
T3,2,0,165,15
T4,3,1,200,29
T5,4,1,56,3
T6,5,0,28,5
T7,6,0,53,2
[409]
T1,0,1,45,1
T2,1,0,168,6
T3,2,0,144,37
T4,3,0,200,25
T5,4,1,160,2
T6,5,0,55,1
T7,6,0,30,3
[410]
T1,0,0,22,2
T2,1,1,170,29
T3,2,1,160,18
T4,3,0,69,5
T5,4,0,68,6
T6,5,1,200,5
T7,6,1,32,2
[411]
T1,0,0,196,38
T2,1,0,200,31
T3,2,1,64,3
T4,3,0,36,1
T5,4,1,42,2
T6,5,0,175,10
T7,6,0,63,5
[412]
T1,0,0,180,28
T2,1,0,135,3
T3,2,1,200,2
T4,3,1,81,3
T5,4,1,192,14
T6,5,0,32,6
T7,6,1,35,3
[413]
T1,0,0,180,1
T2,1,1,140,19
T3,2,1,30,2
T4,3,1,144,7
T5,4,0,26,2
T6,5,0,162,38
T7,6,1,200,2
[414]
T1,0,0,96,4
T2,1,0,126,24
T3,2,0,30,3
T4,3,0,171,17
T5,4,0,200,17
T6,5,0,35,2
T7,6,0,150,2
[415]
T1,0,0,200,16
T2,1,1,30,2
T3,2,1,150,7
T4,3,1,130,15
T5,4,1,130,21
T6,5,1,54,9
T7,6,1,183,1
[416]
T1,0,1,44,1
T2,1,0,42,3
T3,2,1,156,4
T4,3,0,200,8
T5,4,0,150,8
T6,5,0,130,37
T7,6,0,96,5
[417]
T1,0,0,26,2
T2,1,0,200,5
T3,2,1,150,4
T4,3,0,100,10
T5,4,0,27,2
T6,5,0,169,50
T7,6,0,72,5
[418]
T1,0,0,32,6
T2,1,1,48,4
T3,2,1,192,5
T4,3,0,162,5
T5,4,0,200,13
T6,5,1,120,1
T7,6,0,126,20
[419]
T1,0,1,77,2
T2,1,0,190,8
T3,2,0,35,1
T4,3,1,46,4
T5,4,0,200,18
T6,5,0,57,2
T7,6,1,152,47
[420]
T1,0,1,174,18
T2,1,0,200,45
T3,2,1,175,1
T4,3,0,25,3
T5,4,1,87,5
T6,5,1,46,1
T7,6,1,98,2
[421]
T1,0,0,160,23
T2,1,1,99,3
T3,2,0,100,2
T4,3,1,200,2
T5,4,1,168,18
T6,5,0,20,3
T7,6,0,31,2
[422]
T1,0,1,136,18
T2,1,1,200,3
T3,2,0,153,15
T4,3,1,100,7
T5,4,0,40,2
T6,5,1,40,1
T7,6,0,180,42
[423]
T1,0,0,150,26
T2,1,1,20,1
T3,2,1,196,23
T4,3,1,200,14
T5,4,0,100,1
T6,5,0,87,9
T7,6,1,46,2
[424]
T1,0,0,170,9
T2,1,0,200,2
T3,2,1,23,2
T4,3,0,144,4
T5,4,1,65,3
T6,5,1,39,6
T7,6,1,170,29
[425]
T1,0,0,175,22
T2,1,0,140,2
T3,2,1,25,2
T4,3,0,200,23
T5,4,1,156,10
T6,5,0,120,15
T7,6,0,22,1
[426]
T1,0,1,156,25
T2,1,0,195,8
T3,2,1,25,2
T4,3,0,64,7
T5,4,1,80,13
T6,5,0,41,2
T7,6,0,200,2
[427]
T1,0,1,90,5
T2,1,0,25,2
T3,2,0,198,26
T4,3,0,51,9
T5,4,0,171,26
T6,5,1,200,5
T7,6,1,80,1
[428]
T1,0,0,200,30
T2,1,0,75,3
T3,2,1,170,19
T4,3,1,48,4
T5,4,0,68,1
T6,5,1,184,28
T7,6,1,42,1
[429]
T1,0,0,160,14
T2,1,0,105,25
T3,2,1,40,2
T4,3,0,192,19
T5,4,1,125,6
T6,5,1,200,7
T7,6,0,23,1
[430]
T1,0,1,32,2
T2,1,1,200,48
T3,2,0,190,10
T4,3,1,105,8
T5,4,1,56,9
T6,5,1,150,3
T7,6,1,40,2
[431]
T1,0,0,46,3
T2,1,1,176,35
T3,2,0,200,11
T4,3,0,40,1
T5,4,0,145,3
T6,5,1,100,9
T7,6,0,154,16
[432]
T1,0,0,175,27
T2,1,0,42,3
T3,2,0,105,6
T4,3,1,30,2
T5,4,0,90,1
T6,5,0,148,5
T7,6,0,200,34
[433]
T1,0,0,150,26
T2,1,0,78,1
T3,2,0,200,10
T4,3,0,27,2
T5,4,1,30,3
T6,5,0,189,28
T7,6,1,120,4
[434]
T1,0,1,32,4
T2,1,1,116,20
T3,2,1,148,9
T4,3,1,120,7
T5,4,1,29,2
T6,5,0,200,8
T7,6,1,174,3
[435]
T1,0,1,148,8
T2,1,1,100,9
T3,2,0,176,4
T4,3,1,200,20
T5,4,1,25,7
T6,5,0,41,1
T7,6,0,120,2
[436]
T1,0,1,152,9
T2,1,1,32,1
T3,2,0,45,5
T4,3,1,80,1
T5,4,0,200,51
T6,5,0,108,3
T7,6,1,152,8
[437]
T1,0,1,175,25
T2,1,0,200,22
T3,2,0,150,21
T4,3,1,26,2
T5,4,1,25,2
T6,5,0,112,18
T7,6,0,56,2
[438]
T1,0,0,180,16
T2,1,1,200,2
T3,2,0,42,9
T4,3,0,99,4
T5,4,0,51,3
T6,5,0,110,2
T7,6,0,180,24
[439]
T1,0,0,200,3
T2,1,0,27,6
T3,2,1,192,7
T4,3,1,38,2
T5,4,0,175,18
T6,5,0,120,2
T7,6,1,60,9
[440]
T1,0,0,196,17
T2,1,1,44,2
T3,2,0,91,2
T4,3,1,28,2
T5,4,0,150,18
T6,5,1,200,51
T7,6,0,98,2
[441]
T1,0,0,66,5
T2,1,0,25,1
T3,2,1,150,2
T4,3,0,159,8
T5,4,0,200,22
T6,5,1,110,20
T7,6,1,45,5
[442]
T1,0,0,40,6
T2,1,0,200,3
T3,2,0,150,10
T4,3,0,140,19
T5,4,1,87,9
T6,5,1,192,9
T7,6,0,40,2
[443]
T1,0,1,39,5
T2,1,0,168,31
T3,2,1,66,3
T4,3,1,28,2
T5,4,1,175,25
T6,5,1,80,2
T7,6,0,200,8
[444]
T1,0,0,36,1
T2,1,1,158,5
T3,2,1,165,20
T4,3,0,55,3
T5,4,1,200,48
T6,5,0,24,2
T7,6,1,110,6
[445]
T1,0,0,25,2
T2,1,1,55,2
T3,2,0,76,1
T4,3,1,190,30
T5,4,0,200,38
T6,5,1,152,13
T7,6,1,53,4
[446]
T1,0,1,151,2
T2,1,0,48,10
T3,2,1,43,5
T4,3,1,64,5
T5,4,0,160,2
T6,5,0,120,8
T7,6,0,200,12
[447]
T1,0,1,106,19
T2,1,0,100,11
T3,2,1,159,8
T4,3,1,29,2
T5,4,1,200,28
T6,5,0,39,1
T7,6,0,195,5
[448]
T1,0,1,200,84
T2,1,0,60,1
T3,2,0,150,4
T4,3,1,196,12
T5,4,0,133,2
T6,5,1,48,1
T7,6,0,38,2
[449]
T1,0,0,72,2
T2,1,0,31,2
T3,2,1,34,3
T4,3,1,180,2
T5,4,0,180,9
T6,5,0,200,48
T7,6,1,132,14
[450]
T1,0,1,156,6
T2,1,1,105,4
T3,2,0,200,17
T4,3,0,31,2
T5,4,0,189,24
T6,5,0,60,10
T7,6,0,52,2
[451]
T1,0,0,148,5
T2,1,1,75,12
T3,2,1,29,2
T4,3,1,25,2
T5,4,1,64,13
T6,5,1,192,7
T7,6,1,200,20
[452]
T1,0,1,155,9
T2,1,0,150,12
T3,2,0,37,2
T4,3,1,81,3
T5,4,1,200,13
T6,5,1,72,4
T7,6,0,45,9
[453]
T1,0,1,47,1
T2,1,1,200,1
T3,2,1,22,3
T4,3,1,175,8
T5,4,1,98,4
T6,5,1,77,19
T7,6,0,198,7
[454]
T1,0,1,36,1
T2,1,0,200,11
T3,2,1,116,10
T4,3,1,168,15
T5,4,1,48,5
T6,5,1,75,9
T7,6,0,160,11
[455]
T1,0,0,96,8
T2,1,0,169,2
T3,2,0,169,67
T4,3,1,60,2
T5,4,0,52,2
T6,5,0,47,2
T7,6,1,200,2
[456]
T1,0,1,30,1
T2,1,0,75,2
T3,2,1,152,23
T4,3,0,170,55
T5,4,0,39,2
T6,5,1,200,7
T7,6,1,102,2
[457]
T1,0,1,24,2
T2,1,0,154,23
T3,2,1,200,11
T4,3,0,55,6
T5,4,0,66,2
T6,5,1,165,4
T7,6,1,44,4
[458]
T1,0,0,200,53
T2,1,1,108,2
T3,2,1,50,2
T4,3,0,42,2
T5,4,1,57,5
T6,5,0,189,8
T7,6,1,180,18
[459]
T1,0,1,200,1
T2,1,1,51,1
T3,2,1,48,3
T4,3,0,156,34
T5,4,1,195,3
T6,5,0,126,22
T7,6,0,75,4
[460]
T1,0,0,200,16
T2,1,0,176,24
T3,2,0,99,7
T4,3,1,24,2
T5,4,0,168,24
T6,5,1,66,2
T7,6,1,42,4
[461]
T1,0,0,200,52
T2,1,0,30,1
T3,2,0,164,2
T4,3,1,192,4
T5,4,0,123,7
T6,5,0,40,2
T7,6,1,120,14
[462]
T1,0,0,51,6
T2,1,1,160,19
T3,2,0,70,13
T4,3,0,200,18
T5,4,0,195,2
T6,5,1,112,1
T7,6,0,52,2
[463]
T1,0,1,200,6
T2,1,0,53,3
T3,2,1,180,11
T4,3,1,155,40
T5,4,1,99,1
T6,5,1,100,8
T7,6,0,25,2
[464]
T1,0,0,200,8
T2,1,1,30,5
T3,2,1,104,4
T4,3,0,49,3
T5,4,0,165,24
T6,5,0,143,6
T7,6,0,168,9
[465]
T1,0,0,189,1
T2,1,0,200,26
T3,2,1,60,6
T4,3,1,168,9
T5,4,1,51,2
T6,5,0,126,25
T7,6,0,30,2
[466]
T1,0,1,40,2
T2,1,0,200,13
T3,2,1,119,11
T4,3,0,36,2
T5,4,1,175,2
T6,5,1,91,2
T7,6,1,170,60
[467]
T1,0,1,102,8
T2,1,1,24,4
T3,2,0,200,2
T4,3,1,38,2
T5,4,0,78,2
T6,5,0,150,13
T7,6,0,195,32
[468]
T1,0,0,76,3
T2,1,1,44,2
T3,2,1,96,1
T4,3,0,24,3
T5,4,0,150,7
T6,5,1,200,10
T7,6,0,160,39
[469]
T1,0,1,24,1
T2,1,1,88,2
T3,2,1,76,3
T4,3,1,198,26
T5,4,1,200,47
T6,5,0,35,2
T7,6,0,171,9
[470]
T1,0,1,200,2
T2,1,0,50,7
T3,2,1,168,28
T4,3,0,175,2
T5,4,1,46,6
T6,5,0,126,6
T7,6,1,108,9
[471]
T1,0,1,156,4
T2,1,0,54,5
T3,2,1,162,32
T4,3,1,108,2
T5,4,0,108,9
T6,5,1,200,8
T7,6,1,41,5
[472]
T1,0,0,40,2
T2,1,0,200,11
T3,2,1,34,1
T4,3,0,100,11
T5,4,1,114,16
T6,5,1,188,26
T7,6,0,190,4
[473]
T1,0,0,190,12
T2,1,0,200,18
T3,2,1,152,1
T4,3,1,45,2
T5,4,1,57,17
T6,5,1,102,2
T7,6,0,37,3
[474]
T1,0,0,31,2
T2,1,0,60,4
T3,2,1,54,2
T4,3,1,36,2
T5,4,1,176,55
T6,5,1,200,16
T7,6,0,162,8
[475]
T1,0,1,78,2
T2,1,1,126,9
T3,2,1,182,17
T4,3,0,168,19
T5,4,0,43,1
T6,5,0,35,6
T7,6,1,200,10
[476]
T1,0,1,188,1
T2,1,0,64,12
T3,2,1,40,1
T4,3,0,100,2
T5,4,0,175,9
T6,5,0,200,26
T7,6,1,52,8
[477]
T1,0,1,94,1
T2,1,0,23,3
T3,2,1,188,4
T4,3,0,21,2
T5,4,1,94,23
T6,5,1,200,21
T7,6,0,160,7
[478]
T1,0,1,125,11
T2,1,1,200,32
T3,2,0,120,2
T4,3,1,168,18
T5,4,0,174,14
T6,5,0,42,1
T7,6,0,54,5
[479]
T1,0,1,170,1
T2,1,1,44,1
T3,2,0,68,5
T4,3,0,54,5
T5,4,1,120,31
T6,5,1,154,13
T7,6,1,200,2
[480]
T1,0,0,160,6
T2,1,0,25,2
T3,2,1,78,11
T4,3,0,42,2
T5,4,1,195,30
T6,5,0,96,13
T7,6,1,200,22
[481]
T1,0,0,24,2
T2,1,0,120,8
T3,2,0,153,1
T4,3,1,168,64
T5,4,1,200,3
T6,5,1,90,4
T7,6,0,35,1
[482]
T1,0,0,36,2
T2,1,0,176,22
T3,2,0,112,27
T4,3,0,120,2
T5,4,1,200,1
T6,5,0,35,2
T7,6,1,189,33
[483]
T1,0,1,200,2
T2,1,1,100,14
T3,2,0,45,10
T4,3,0,135,2
T5,4,0,162,17
T6,5,0,43,2
T7,6,0,148,5
[484]
T1,0,1,189,43
T2,1,0,25,2
T3,2,0,39,2
T4,3,1,76,3
T5,4,0,200,9
T6,5,0,75,3
T7,6,1,152,25
[485]
T1,0,0,171,25
T2,1,0,24,2
T3,2,0,76,3
T4,3,0,200,6
T5,4,1,190,25
T6,5,0,95,2
T7,6,0,28,3
[486]
T1,0,0,42,10
T2,1,1,200,2
T3,2,1,27,2
T4,3,1,190,1
T5,4,1,75,6
T6,5,0,60,6
T7,6,0,189,14
[487]
T1,0,0,175,11
T2,1,1,133,33
T3,2,0,39,2
T4,3,0,200,7
T5,4,0,38,2
T6,5,1,57,6
T7,6,0,189,7
[488]
T1,0,0,200,45
T2,1,1,28,4
T3,2,0,190,2
T4,3,0,120,2
T5,4,1,152,1
T6,5,1,123,19
T7,6,0,38,2
[489]
T1,0,0,150,9
T2,1,1,110,3
T3,2,0,160,2
T4,3,0,200,2
T5,4,1,50,16
T6,5,1,53,1
T7,6,1,140,18
[490]
T1,0,0,72,2
T2,1,1,45,2
T3,2,0,200,64
T4,3,0,90,6
T5,4,0,195,16
T6,5,0,180,8
T7,6,1,38,1
[491]
T1,0,0,110,5
T2,1,0,45,18
T3,2,0,150,9
T4,3,1,28,2
T5,4,1,104,1
T6,5,0,200,9
T7,6,1,156,2
[492]
T1,0,0,125,11
T2,1,1,200,25
T3,2,1,180,9
T4,3,1,175,22
T5,4,0,24,1
T6,5,1,130,4
T7,6,1,40,4
[493]
T1,0,1,34,1
T2,1,1,192,45
T3,2,0,54,2
T4,3,1,108,12
T5,4,1,150,16
T6,5,1,200,13
T7,6,1,120,2
[494]
T1,0,1,54,1
T2,1,0,33,2
T3,2,1,180,2
T4,3,0,192,27
T5,4,0,132,5
T6,5,1,48,4
T7,6,0,200,54
[495]
T1,0,0,192,8
T2,1,1,192,13
T3,2,1,39,2
T4,3,1,85,18
T5,4,1,32,7
T6,5,0,105,2
T7,6,0,200,8
[496]
T1,0,1,72,28
T2,1,1,21,2
T3,2,0,34,2
T4,3,1,129,13
T5,4,0,200,2
T6,5,0,175,9
T7,6,0,172,2
[497]
T1,0,0,63,11
T2,1,0,32,3
T3,2,1,84,2
T4,3,1,27,2
T5,4,1,195,1
T6,5,1,200,7
T7,6,0,182,40
[498]
T1,0,1,130,11
T2,1,0,20,2
T3,2,0,200,2
T4,3,0,150,26
T5,4,0,165,19
T6,5,0,77,7
T7,6,1,40,3
[499]
T1,0,1,56,2
T2,1,1,84,2
T3,2,0,200,12
T4,3,0,154,22
T5,4,1,41,10
T6,5,1,198,14
T7,6,1,22,2
[500]
T1,0,0,43,1
T2,1,1,200,19
T3,2,1,70,2
T4,3,1,25,1
T5,4,0,85,6
T6,5,1,168,28
T7,6,1,170,23
