num_task_per_taskset=7
num_taskset=500
//ID,Priority,Offset,Period,Execution Time
[1]
T1,0,0,27,1
T2,1,0,196,20
T3,2,1,24,2
T4,3,1,200,17
T5,4,0,72,11
T6,5,1,96,11
T7,6,0,175,7
[2]
T1,0,0,120,2
T2,1,1,80,3
T3,2,0,200,2
T4,3,1,39,2
T5,4,1,185,22
T6,5,1,48,14
T7,6,0,150,4
[3]
T1,0,1,45,6
T2,1,0,200,2
T3,2,1,168,12
T4,3,1,171,9
T5,4,1,32,2
T6,5,1,80,6
T7,6,1,120,26
[4]
T1,0,0,200,14
T2,1,1,192,2
T3,2,0,97,16
T4,3,1,64,1
T5,4,0,30,2
T6,5,0,192,35
T7,6,0,43,3
[5]
T1,0,1,30,1
T2,1,1,130,4
T3,2,0,24,1
T4,3,0,156,38
T5,4,1,170,11
T6,5,0,100,3
T7,6,0,200,17
[6]
T1,0,1,32,3
T2,1,1,160,7
T3,2,1,108,8
T4,3,1,200,33
T5,4,1,180,12
T6,5,1,40,1
T7,6,0,114,9
[7]
T1,0,1,34,6
T2,1,1,24,1
T3,2,0,80,12
T4,3,0,90,8
T5,4,1,195,9
T6,5,1,200,8
T7,6,1,153,2
[8]
T1,0,1,200,6
T2,1,1,120,32
T3,2,0,149,7
T4,3,0,75,3
T5,4,1,45,2
T6,5,0,20,3
T7,6,1,150,4
[9]
T1,0,1,56,4
T2,1,1,200,1
T3,2,1,27,4
T4,3,1,180,8
T5,4,1,108,25
T6,5,1,34,2
T7,6,1,160,10
[10]
T1,0,0,145,18
T2,1,0,160,2
T3,2,0,29,1
T4,3,0,145,13
T5,4,1,52,2
T6,5,1,176,43
T7,6,1,200,4
[11]
T1,0,1,138,11
T2,1,1,150,13
T3,2,1,20,2
T4,3,0,69,6
T5,4,0,161,16
T6,5,1,200,34
T7,6,0,46,2
[12]
T1,0,1,25,2
T2,1,1,168,13
T3,2,1,90,11
T4,3,0,150,15
T5,4,1,20,2
T6,5,0,200,18
T7,6,1,123,10
[13]
T1,0,0,189,10
T2,1,0,136,5
T3,2,1,200,13
T4,3,1,47,7
T5,4,0,35,6
T6,5,1,68,2
T7,6,0,150,8
[14]
T1,0,0,89,8
T2,1,1,72,17
T3,2,1,32,2
T4,3,0,180,8
T5,4,0,200,7
T6,5,0,37,1
T7,6,0,180,16
[15]
T1,0,1,48,4
T2,1,0,126,26
T3,2,1,52,2
T4,3,1,153,8
T5,4,1,60,4
T6,5,0,168,12
T7,6,0,200,17
[16]
T1,0,1,72,1
T2,1,0,45,3
T3,2,0,200,34
T4,3,0,80,5
T5,4,0,195,29
T6,5,0,160,2
T7,6,1,37,4
[17]
T1,0,1,120,2
T2,1,0,155,9
T3,2,0,30,2
T4,3,1,120,22
T5,4,1,200,28
T6,5,1,34,5
T7,6,1,180,8
[18]
T1,0,1,24,1
T2,1,0,186,35
T3,2,0,62,13
T4,3,0,200,3
T5,4,1,46,2
T6,5,1,99,4
T7,6,0,186,4
[19]
T1,0,0,120,19
T2,1,1,148,14
T3,2,0,27,6
T4,3,1,35,2
T5,4,1,150,2
T6,5,1,125,3
T7,6,1,200,9
[20]
T1,0,0,170,3
T2,1,0,33,1
T3,2,0,200,21
T4,3,1,68,7
T5,4,0,88,4
T6,5,0,50,12
T7,6,0,150,3
[21]
T1,0,1,91,2
T2,1,1,150,2
T3,2,1,21,2
T4,3,1,200,30
T5,4,1,150,12
T6,5,1,144,2
T7,6,1,28,8
[22]
T1,0,1,190,21
T2,1,1,152,27
T3,2,1,50,5
T4,3,1,20,1
T5,4,1,84,2
T6,5,1,84,2
T7,6,1,200,17
[23]
T1,0,1,200,23
T2,1,1,48,5
T3,2,1,150,5
T4,3,1,75,3
T5,4,0,192,5
T6,5,1,25,4
T7,6,1,90,5
[24]
T1,0,0,200,2
T2,1,1,75,9
T3,2,0,35,3
T4,3,0,175,30
T5,4,0,28,2
T6,5,1,100,2
T7,6,1,186,17
[25]
T1,0,1,200,16
T2,1,1,128,9
T3,2,0,68,3
T4,3,0,28,2
T5,4,0,153,20
T6,5,0,180,18
T7,6,1,45,5
[26]
T1,0,1,150,24
T2,1,0,200,27
T3,2,0,57,4
T4,3,0,56,6
T5,4,1,46,2
T6,5,1,30,2
T7,6,1,189,15
[27]
T1,0,1,200,6
T2,1,0,28,2
T3,2,0,96,6
T4,3,0,160,21
T5,4,1,175,28
T6,5,0,120,4
T7,6,0,33,2
[28]
T1,0,1,43,6
T2,1,0,90,10
T3,2,1,20,2
T4,3,0,170,1
T5,4,0,102,10
T6,5,1,175,27
T7,6,1,200,9
[29]
T1,0,1,125,3
T2,1,0,112,25
T3,2,0,200,2
T4,3,1,45,3
T5,4,1,24,4
T6,5,0,175,7
T7,6,1,168,2
[30]
T1,0,0,55,7
T2,1,1,29,2
T3,2,1,176,44
T4,3,0,32,1
T5,4,0,64,1
T6,5,1,148,1
T7,6,0,200,20
[31]
T1,0,0,26,6
T2,1,1,60,2
T3,2,0,168,16
T4,3,1,45,1
T5,4,0,152,26
T6,5,0,200,9
T7,6,1,114,2
[32]
T1,0,0,22,2
T2,1,1,72,1
T3,2,1,190,1
T4,3,0,190,43
T5,4,1,36,4
T6,5,0,69,3
T7,6,0,200,31
[33]
T1,0,0,84,12
T2,1,0,175,21
T3,2,0,159,23
T4,3,0,200,11
T5,4,1,53,5
T6,5,1,36,2
T7,6,1,72,2
[34]
T1,0,1,20,2
T2,1,0,200,38
T3,2,1,57,2
T4,3,1,57,4
T5,4,0,190,40
T6,5,0,160,14
T7,6,1,46,2
[35]
T1,0,0,182,5
T2,1,0,200,25
T3,2,0,28,3
T4,3,1,140,14
T5,4,0,100,2
T6,5,0,160,20
T7,6,0,50,3
[36]
T1,0,0,75,10
T2,1,0,156,2
T3,2,0,156,7
T4,3,1,60,1
T5,4,0,200,12
T6,5,0,22,1
T7,6,1,25,5
[37]
T1,0,0,200,27
T2,1,1,55,11
T3,2,1,180,10
T4,3,0,51,2
T5,4,1,154,8
T6,5,1,36,1
T7,6,1,54,2
[38]
T1,0,1,100,2
T2,1,0,165,6
T3,2,1,70,3
T4,3,0,180,40
T5,4,0,40,2
T6,5,1,200,40
T7,6,0,38,2
[39]
T1,0,1,96,8
T2,1,1,175,2
T3,2,0,170,2
T4,3,1,28,1
T5,4,1,24,3
T6,5,1,200,40
T7,6,0,63,7
[40]
T1,0,0,154,2
T2,1,1,200,9
T3,2,0,24,4
T4,3,1,30,4
T5,4,1,80,2
T6,5,1,160,1
T7,6,0,126,25
[41]
T1,0,1,90,2
T2,1,1,170,18
T3,2,0,51,1
T4,3,0,25,2
T5,4,0,112,10
T6,5,0,200,30
T7,6,1,150,23
[42]
T1,0,1,38,2
T2,1,0,200,6
T3,2,1,34,1
T4,3,0,165,17
T5,4,0,66,13
T6,5,1,153,11
T7,6,1,120,8
[43]
T1,0,0,148,2
T2,1,1,53,2
T3,2,0,200,44
T4,3,0,37,2
T5,4,1,148,19
T6,5,1,81,4
T7,6,1,135,18
[44]
T1,0,1,25,1
T2,1,0,100,13
T3,2,1,200,42
T4,3,0,190,5
T5,4,0,168,13
T6,5,0,63,2
T7,6,0,24,1
[45]
T1,0,1,154,8
T2,1,0,176,26
T3,2,1,22,2
T4,3,1,135,2
T5,4,1,200,68
T6,5,0,38,2
T7,6,0,140,2
[46]
T1,0,1,200,28
T2,1,0,168,26
T3,2,0,90,2
T4,3,1,162,12
T5,4,1,48,2
T6,5,1,40,7
T7,6,0,100,2
[47]
T1,0,1,145,4
T2,1,1,180,6
T3,2,1,95,19
T4,3,0,150,2
T5,4,0,45,6
T6,5,0,29,1
T7,6,1,200,21
[48]
T1,0,1,126,2
T2,1,1,35,2
T3,2,1,156,11
T4,3,1,104,4
T5,4,1,20,2
T6,5,0,150,52
T7,6,0,200,4
[49]
T1,0,1,26,1
T2,1,0,175,1
T3,2,1,47,5
T4,3,0,150,11
T5,4,1,65,14
T6,5,1,200,5
T7,6,0,90,6
[50]
T1,0,0,20,4
T2,1,0,198,1
T3,2,0,200,31
T4,3,1,99,4
T5,4,0,75,2
T6,5,0,50,4
T7,6,0,174,10
[51]
T1,0,1,120,14
T2,1,0,168,24
T3,2,0,140,8
T4,3,1,200,3
T5,4,1,153,4
T6,5,0,27,2
T7,6,0,35,5
[52]
T1,0,1,100,2
T2,1,1,114,4
T3,2,0,38,10
T4,3,0,150,7
T5,4,0,20,1
T6,5,0,200,16
T7,6,1,176,10
[53]
T1,0,0,140,1
T2,1,1,200,11
T3,2,1,30,2
T4,3,0,79,6
T5,4,1,158,2
T6,5,0,158,53
T7,6,0,43,3
[54]
T1,0,1,42,2
T2,1,1,200,12
T3,2,1,29,1
T4,3,0,192,7
T5,4,1,192,42
T6,5,0,128,8
T7,6,0,147,15
[55]
T1,0,0,130,4
T2,1,1,198,22
T3,2,1,33,3
T4,3,1,90,5
T5,4,0,176,9
T6,5,0,200,2
T7,6,0,23,4
[56]
T1,0,0,200,2
T2,1,0,176,27
T3,2,0,41,2
T4,3,0,29,2
T5,4,0,120,13
T6,5,1,164,21
T7,6,0,55,6
[57]
T1,0,0,42,4
T2,1,0,171,2
T3,2,1,39,2
T4,3,1,114,13
T5,4,1,200,22
T6,5,0,160,35
T7,6,0,144,3
[58]
T1,0,1,192,32
T2,1,1,22,2
T3,2,1,112,2
T4,3,0,27,3
T5,4,1,200,23
T6,5,1,126,9
T7,6,1,168,2
[59]
T1,0,0,177,11
T2,1,1,47,6
T3,2,1,102,1
T4,3,0,20,3
T5,4,0,68,9
T6,5,1,200,11
T7,6,0,150,2
[60]
T1,0,0,200,41
T2,1,0,100,1
T3,2,0,120,1
T4,3,1,49,5
T5,4,1,24,2
T6,5,1,178,13
T7,6,1,156,11
[61]
T1,0,0,40,2
T2,1,1,33,2
T3,2,0,126,25
T4,3,0,150,13
T5,4,1,126,7
T6,5,0,200,9
T7,6,1,162,20
[62]
T1,0,0,200,9
T2,1,0,160,12
T3,2,0,49,1
T4,3,0,32,2
T5,4,1,154,8
T6,5,0,70,11
T7,6,1,88,13
[63]
T1,0,0,56,10
T2,1,0,155,17
T3,2,1,136,2
T4,3,0,175,17
T5,4,1,39,2
T6,5,0,31,2
T7,6,0,200,29
[64]
T1,0,1,132,20
T2,1,1,66,2
T3,2,0,200,16
T4,3,1,176,21
T5,4,1,37,3
T6,5,0,148,9
T7,6,0,45,2
[65]
T1,0,0,162,22
T2,1,1,50,2
T3,2,1,200,35
T4,3,0,108,7
T5,4,1,171,9
T6,5,1,32,2
T7,6,1,72,6
[66]
T1,0,1,20,2
T2,1,0,130,3
T3,2,1,27,2
T4,3,0,200,20
T5,4,0,192,31
T6,5,0,112,2
T7,6,1,160,21
[67]
T1,0,0,42,2
T2,1,1,48,1
T3,2,1,80,2
T4,3,1,120,13
T5,4,1,165,3
T6,5,0,200,16
T7,6,1,177,57
[68]
T1,0,0,85,3
T2,1,1,45,4
T3,2,0,200,2
T4,3,0,102,1
T5,4,1,182,1
T6,5,1,30,6
T7,6,0,150,28
[69]
T1,0,1,99,35
T2,1,1,164,2
T3,2,0,200,3
T4,3,0,22,1
T5,4,0,120,5
T6,5,1,198,22
T7,6,0,49,2
[70]
T1,0,1,156,16
T2,1,0,200,1
T3,2,1,45,9
T4,3,1,150,1
T5,4,0,90,6
T6,5,1,70,10
T7,6,0,32,1
[71]
T1,0,0,200,13
T2,1,1,65,9
T3,2,0,192,5
T4,3,1,110,5
T5,4,0,165,8
T6,5,1,48,5
T7,6,1,30,4
[72]
T1,0,0,110,4
T2,1,1,24,2
T3,2,0,198,6
T4,3,1,200,82
T5,4,0,23,2
T6,5,0,90,5
T7,6,1,148,1
[73]
T1,0,0,35,8
T2,1,0,200,7
T3,2,0,30,1
T4,3,0,161,11
T5,4,0,175,18
T6,5,1,126,1
T7,6,0,140,12
[74]
T1,0,0,200,6
T2,1,0,150,8
T3,2,1,100,12
T4,3,1,34,4
T5,4,1,90,2
T6,5,1,52,1
T7,6,1,192,42
[75]
T1,0,0,50,4
T2,1,1,40,5
T3,2,0,144,5
T4,3,0,180,1
T5,4,0,80,13
T6,5,1,200,31
T7,6,0,198,2
[76]
T1,0,1,38,2
T2,1,0,160,15
T3,2,1,20,2
T4,3,1,200,5
T5,4,0,95,6
T6,5,0,152,44
T7,6,0,70,3
[77]
T1,0,1,190,16
T2,1,0,200,43
T3,2,0,85,2
T4,3,0,152,1
T5,4,0,25,4
T6,5,0,112,8
T7,6,1,20,2
[78]
T1,0,1,44,2
T2,1,1,200,7
T3,2,0,135,42
T4,3,1,174,5
T5,4,0,20,2
T6,5,0,80,2
T7,6,0,160,7
[79]
T1,0,1,43,1
T2,1,1,80,2
T3,2,0,186,14
T4,3,1,70,10
T5,4,0,31,5
T6,5,1,200,6
T7,6,0,160,21
[80]
T1,0,1,24,2
T2,1,1,102,2
T3,2,1,200,23
T4,3,1,53,2
T5,4,1,119,40
T6,5,0,170,4
T7,6,1,192,20
[81]
T1,0,0,112,6
T2,1,1,200,11
T3,2,0,168,43
T4,3,0,140,9
T5,4,1,28,2
T6,5,0,196,4
T7,6,0,26,2
[82]
T1,0,1,42,2
T2,1,1,175,1
T3,2,1,90,2
T4,3,1,41,13
T5,4,0,200,11
T6,5,0,80,2
T7,6,1,160,16
[83]
T1,0,0,96,4
T2,1,1,165,15
T3,2,0,200,20
T4,3,1,44,9
T5,4,1,175,2
T6,5,0,64,5
T7,6,0,35,1
[84]
T1,0,1,200,55
T2,1,0,195,10
T3,2,0,155,9
T4,3,1,117,14
T5,4,1,40,2
T6,5,1,100,5
T7,6,0,48,1
[85]
T1,0,0,125,2
T2,1,1,200,2
T3,2,1,160,33
T4,3,1,155,14
T5,4,0,24,4
T6,5,0,35,2
T7,6,0,124,11
[86]
T1,0,0,70,12
T2,1,1,24,2
T3,2,0,184,2
T4,3,1,161,28
T5,4,1,200,8
T6,5,1,23,1
T7,6,0,63,2
[87]
T1,0,0,105,10
T2,1,1,42,2
T3,2,0,175,33
T4,3,1,25,1
T5,4,1,90,1
T6,5,0,200,13
T7,6,1,174,24
[88]
T1,0,1,195,16
T2,1,0,200,12
T3,2,1,117,20
T4,3,0,135,2
T5,4,1,165,17
T6,5,0,40,3
T7,6,1,29,2
[89]
T1,0,1,180,26
T2,1,0,23,1
T3,2,0,141,1
T4,3,0,20,4
T5,4,0,90,8
T6,5,1,165,7
T7,6,1,200,3
[90]
T1,0,1,160,14
T2,1,0,200,1
T3,2,1,80,2
T4,3,1,31,2
T5,4,1,130,15
T6,5,1,195,68
T7,6,0,51,2
[91]
T1,0,1,119,7
T2,1,0,200,11
T3,2,0,20,2
T4,3,0,180,13
T5,4,0,40,2
T6,5,0,153,26
T7,6,1,84,6
[92]
T1,0,1,28,5
T2,1,0,168,9
T3,2,1,88,20
T4,3,0,126,1
T5,4,1,25,1
T6,5,0,196,3
T7,6,1,200,2
[93]
T1,0,0,200,5
T2,1,0,180,1
T3,2,1,24,3
T4,3,0,87,2
T5,4,0,26,7
T6,5,1,128,4
T7,6,0,180,16
[94]
T1,0,1,180,12
T2,1,1,117,1
T3,2,1,25,1
T4,3,0,41,2
T5,4,0,150,6
T6,5,1,200,40
T7,6,1,104,16
[95]
T1,0,0,195,14
T2,1,0,48,5
T3,2,1,180,5
T4,3,1,200,26
T5,4,0,60,9
T6,5,0,70,3
T7,6,0,20,2
[96]
T1,0,0,50,7
T2,1,0,200,52
T3,2,0,150,5
T4,3,0,104,3
T5,4,1,156,10
T6,5,1,26,2
T7,6,1,102,3
[97]
T1,0,0,200,34
T2,1,1,180,5
T3,2,0,120,22
T4,3,1,138,2
T5,4,1,45,2
T6,5,1,150,5
T7,6,1,36,3
[98]
T1,0,1,31,2
T2,1,1,165,21
T3,2,1,21,3
T4,3,0,189,34
T5,4,0,112,1
T6,5,0,55,2
T7,6,0,200,1
[99]
T1,0,1,200,10
T2,1,0,39,2
T3,2,1,100,7
T4,3,1,174,16
T5,4,0,51,7
T6,5,0,120,1
T7,6,1,160,21
[100]
T1,0,1,24,1
T2,1,1,150,24
T3,2,0,85,3
T4,3,0,200,13
T5,4,1,88,3
T6,5,1,33,2
T7,6,0,165,36
[101]
T1,0,1,200,14
T2,1,1,154,34
T3,2,0,75,9
T4,3,1,77,1
T5,4,1,21,1
T6,5,1,168,7
T7,6,1,52,1
[102]
T1,0,0,187,3
T2,1,1,88,4
T3,2,0,176,20
T4,3,1,100,3
T5,4,1,200,28
T6,5,1,24,2
T7,6,1,28,6
[103]
T1,0,1,200,16
T2,1,1,25,2
T3,2,0,88,3
T4,3,0,100,2
T5,4,1,40,2
T6,5,0,194,19
T7,6,1,194,62
[104]
T1,0,0,32,1
T2,1,0,152,39
T3,2,1,76,2
T4,3,0,28,2
T5,4,0,55,4
T6,5,1,154,8
T7,6,1,200,26
[105]
T1,0,1,168,5
T2,1,0,28,2
T3,2,1,94,10
T4,3,0,22,1
T5,4,1,200,30
T6,5,1,84,16
T7,6,1,180,1
[106]
T1,0,0,68,7
T2,1,1,25,5
T3,2,1,176,17
T4,3,1,66,1
T5,4,0,32,1
T6,5,1,192,10
T7,6,0,200,9
[107]
T1,0,0,105,26
T2,1,0,200,31
T3,2,1,52,2
T4,3,1,33,2
T5,4,0,195,2
T6,5,0,195,3
T7,6,1,55,7
[108]
T1,0,1,28,6
T2,1,0,75,2
T3,2,0,28,3
T4,3,1,200,2
T5,4,0,190,2
T6,5,1,175,13
T7,6,1,120,14
[109]
T1,0,0,35,4
T2,1,1,144,2
T3,2,1,186,61
T4,3,0,200,2
T5,4,0,53,2
T6,5,1,186,10
T7,6,0,60,5
[110]
T1,0,0,26,2
T2,1,0,154,33
T3,2,0,112,8
T4,3,1,44,5
T5,4,0,200,2
T6,5,0,66,2
T7,6,1,165,23
[111]
T1,0,1,69,12
T2,1,1,180,17
T3,2,0,23,1
T4,3,0,40,3
T5,4,0,200,13
T6,5,1,161,12
T7,6,0,120,3
[112]
T1,0,1,42,3
T2,1,0,45,2
T3,2,1,200,53
T4,3,0,162,10
T5,4,0,100,2
T6,5,0,153,13
T7,6,1,72,3
[113]
T1,0,0,48,4
T2,1,1,154,2
T3,2,1,100,25
T4,3,1,21,2
T5,4,1,176,1
T6,5,0,70,7
T7,6,0,200,2
[114]
T1,0,0,55,3
T2,1,0,36,2
T3,2,0,200,3
T4,3,0,114,31
T5,4,1,180,13
T6,5,1,176,7
T7,6,0,50,3
[115]
T1,0,0,200,18
T2,1,0,150,2
T3,2,0,46,2
T4,3,1,120,28
T5,4,0,23,2
T6,5,1,117,4
T7,6,1,180,19
[116]
T1,0,1,189,2
T2,1,1,42,6
T3,2,0,45,1
T4,3,0,105,19
T5,4,1,156,2
T6,5,1,60,8
T7,6,1,200,15
[117]
T1,0,0,198,4
T2,1,0,176,2
T3,2,1,72,9
T4,3,0,64,2
T5,4,0,200,8
T6,5,0,29,10
T7,6,1,50,2
[118]
T1,0,0,160,21
T2,1,1,128,2
T3,2,0,32,2
T4,3,1,122,1
T5,4,1,200,3
T6,5,0,54,9
T7,6,1,160,36
[119]
T1,0,1,40,2
T2,1,1,110,8
T3,2,1,150,10
T4,3,1,195,24
T5,4,0,143,9
T6,5,1,21,2
T7,6,0,200,50
[120]
T1,0,1,35,2
T2,1,1,196,12
T3,2,0,200,41
T4,3,1,147,2
T5,4,1,189,2
T6,5,1,112,13
T7,6,1,49,8
[121]
T1,0,0,60,2
T2,1,0,144,37
T3,2,0,200,3
T4,3,0,190,23
T5,4,1,25,2
T6,5,0,192,13
T7,6,1,53,5
[122]
T1,0,1,200,25
T2,1,1,33,3
T3,2,0,150,2
T4,3,0,132,2
T5,4,1,80,12
T6,5,1,25,3
T7,6,1,190,5
[123]
T1,0,0,182,18
T2,1,1,200,15
T3,2,1,20,1
T4,3,0,104,4
T5,4,0,164,1
T6,5,1,49,4
T7,6,0,82,18
[124]
T1,0,1,180,7
T2,1,1,44,2
T3,2,1,52,2
T4,3,0,65,10
T5,4,0,136,2
T6,5,0,200,54
T7,6,0,153,11
[125]
T1,0,1,176,29
T2,1,0,200,5
T3,2,1,60,2
T4,3,0,196,11
T5,4,1,77,7
T6,5,0,23,1
T7,6,0,50,9
[126]
T1,0,1,24,3
T2,1,1,195,11
T3,2,1,25,2
T4,3,1,96,15
T5,4,1,190,10
T6,5,1,200,5
T7,6,0,114,5
[127]
T1,0,1,105,6
T2,1,0,120,6
T3,2,1,33,3
T4,3,1,182,29
T5,4,0,200,4
T6,5,1,45,6
T7,6,0,160,5
[128]
T1,0,0,36,10
T2,1,0,198,9
T3,2,1,40,2
T4,3,1,60,3
T5,4,1,77,1
T6,5,0,189,11
T7,6,0,200,14
[129]
T1,0,1,200,9
T2,1,1,199,12
T3,2,1,128,5
T4,3,1,199,18
T5,4,1,64,2
T6,5,1,21,6
T7,6,0,20,2
[130]
T1,0,1,150,1
T2,1,1,154,3
T3,2,1,32,2
T4,3,1,200,24
T5,4,0,64,18
T6,5,0,84,1
T7,6,0,35,2
[131]
T1,0,0,58,8
T2,1,0,200,8
T3,2,1,159,26
T4,3,0,174,22
T5,4,0,24,2
T6,5,0,145,2
T7,6,1,28,2
[132]
T1,0,0,65,3
T2,1,1,200,2
T3,2,1,40,3
T4,3,0,154,25
T5,4,0,143,6
T6,5,0,53,1
T7,6,1,176,41
[133]
T1,0,1,192,23
T2,1,0,188,13
T3,2,0,144,4
T4,3,0,94,2
T5,4,0,200,7
T6,5,0,25,6
T7,6,1,24,2
[134]
T1,0,1,28,1
T2,1,1,200,11
T3,2,1,125,14
T4,3,0,96,27
T5,4,1,25,2
T6,5,1,150,5
T7,6,0,148,3
[135]
T1,0,1,35,1
T2,1,1,30,1
T3,2,1,110,8
T4,3,1,195,64
T5,4,1,154,3
T6,5,1,120,6
T7,6,1,200,5
[136]
T1,0,0,41,2
T2,1,1,76,27
T3,2,0,200,4
T4,3,0,190,4
T5,4,1,176,15
T6,5,1,25,2
T7,6,0,77,4
[137]
T1,0,0,54,2
T2,1,1,175,23
T3,2,0,40,1
T4,3,1,20,3
T5,4,0,182,6
T6,5,0,112,14
T7,6,1,200,19
[138]
T1,0,1,75,2
T2,1,0,200,30
T3,2,1,47,11
T4,3,0,88,9
T5,4,0,189,4
T6,5,0,175,2
T7,6,0,42,1
[139]
T1,0,1,150,6
T2,1,0,140,1
T3,2,0,26,2
T4,3,0,114,12
T5,4,0,25,8
T6,5,0,165,2
T7,6,1,200,16
[140]
T1,0,1,20,4
T2,1,0,50,2
T3,2,0,200,5
T4,3,1,129,38
T5,4,0,195,2
T6,5,1,60,2
T7,6,1,156,2
[141]
T1,0,0,23,5
T2,1,0,168,3
T3,2,0,112,6
T4,3,0,200,25
T5,4,1,184,8
T6,5,1,29,2
T7,6,1,69,5
[142]
T1,0,0,200,20
T2,1,0,170,3
T3,2,0,22,1
T4,3,1,121,1
T5,4,1,170,40
T6,5,0,88,7
T7,6,1,52,3
[143]
T1,0,0,152,18
T2,1,1,53,2
T3,2,0,114,13
T4,3,1,114,16
T5,4,1,52,4
T6,5,1,200,2
T7,6,0,190,21
[144]
T1,0,1,150,1
T2,1,0,200,39
T3,2,1,52,6
T4,3,1,140,13
T5,4,0,68,7
T6,5,1,168,4
T7,6,1,22,2
[145]
T1,0,0,150,3
T2,1,0,126,2
T3,2,1,70,1
T4,3,1,49,5
T5,4,1,180,38
T6,5,1,200,21
T7,6,1,33,3
[146]
T1,0,1,156,2
T2,1,1,192,4
T3,2,1,78,1
T4,3,1,33,2
T5,4,1,200,5
T6,5,1,55,11
T7,6,0,25,5
[147]
T1,0,1,200,1
T2,1,0,95,4
T3,2,1,45,5
T4,3,1,56,2
T5,4,1,150,43
T6,5,0,180,4
T7,6,0,24,2
[148]
T1,0,0,48,3
T2,1,0,20,2
T3,2,1,133,15
T4,3,0,120,9
T5,4,0,189,7
T6,5,1,168,13
T7,6,1,200,41
[149]
T1,0,0,128,26
T2,1,1,175,2
T3,2,1,165,6
T4,3,0,50,2
T5,4,1,37,5
T6,5,0,200,31
T7,6,1,75,2
[150]
T1,0,1,30,6
T2,1,0,48,2
T3,2,0,176,18
T4,3,0,160,5
T5,4,0,88,3
T6,5,1,200,28
T7,6,1,65,1
[151]
T1,0,0,144,5
T2,1,1,175,18
T3,2,0,200,15
T4,3,0,84,6
T5,4,1,185,15
T6,5,0,25,4
T7,6,0,39,2
[152]
T1,0,1,200,16
T2,1,0,48,5
T3,2,0,136,3
T4,3,0,55,2
T5,4,1,153,16
T6,5,1,198,12
T7,6,1,40,7
[153]
T1,0,1,171,6
T2,1,0,90,23
T3,2,1,57,2
T4,3,0,20,2
T5,4,1,200,4
T6,5,1,42,3
T7,6,1,162,2
[154]
T1,0,1,37,5
T2,1,1,156,17
T3,2,0,200,16
T4,3,0,91,7
T5,4,1,156,5
T6,5,0,20,2
T7,6,0,110,13
[155]
T1,0,1,72,4
T2,1,1,168,16
T3,2,0,200,49
T4,3,1,42,1
T5,4,0,95,5
T6,5,0,25,2
T7,6,1,152,1
[156]
T1,0,1,66,16
T2,1,0,30,2
T3,2,0,175,37
T4,3,0,32,2
T5,4,0,200,4
T6,5,0,88,4
T7,6,1,175,5
[157]
T1,0,1,192,16
T2,1,0,33,5
T3,2,1,88,1
T4,3,1,132,18
T5,4,1,200,9
T6,5,1,25,2
T7,6,0,170,19
[158]
T1,0,1,77,1
T2,1,1,44,10
T3,2,1,160,2
T4,3,0,200,17
T5,4,0,24,2
T6,5,0,77,2
T7,6,1,168,17
[159]
T1,0,1,30,2
T2,1,0,44,3
T3,2,1,126,24
T4,3,1,200,25
T5,4,1,152,16
T6,5,1,180,14
T7,6,1,60,2
[160]
T1,0,0,32,5
T2,1,0,182,11
T3,2,0,91,2
T4,3,0,200,17
T5,4,0,135,7
T6,5,0,182,25
T7,6,0,35,2
[161]
T1,0,0,175,2
T2,1,0,85,11
T3,2,0,136,8
T4,3,0,51,2
T5,4,1,187,21
T6,5,0,51,9
T7,6,0,200,11
[162]
T1,0,0,169,2
T2,1,0,195,14
T3,2,1,200,75
T4,3,0,42,1
T5,4,1,105,2
T6,5,0,38,3
T7,6,1,104,2
[163]
T1,0,1,43,2
T2,1,1,42,11
T3,2,0,100,6
T4,3,1,200,14
T5,4,0,168,2
T6,5,0,175,14
T7,6,1,143,12
[164]
T1,0,1,196,24
T2,1,0,60,5
T3,2,0,196,27
T4,3,1,49,1
T5,4,0,200,31
T6,5,1,87,2
T7,6,1,43,1
[165]
T1,0,1,35,1
T2,1,1,200,33
T3,2,1,75,5
T4,3,1,87,14
T5,4,1,50,5
T6,5,1,192,1
T7,6,0,174,8
[166]
T1,0,1,192,16
T2,1,0,200,3
T3,2,0,150,41
T4,3,0,143,7
T5,4,0,88,9
T6,5,1,47,2
T7,6,0,48,2
[167]
T1,0,0,200,4
T2,1,1,80,2
T3,2,1,25,2
T4,3,1,182,31
T5,4,1,160,13
T6,5,1,125,11
T7,6,0,40,7
[168]
T1,0,1,30,3
T2,1,0,200,18
T3,2,1,35,2
T4,3,0,132,10
T5,4,0,189,16
T6,5,0,180,29
T7,6,0,132,5
[169]
T1,0,1,200,9
T2,1,0,84,3
T3,2,0,189,51
T4,3,0,52,3
T5,4,0,84,11
T6,5,1,28,2
T7,6,1,184,1
[170]
T1,0,0,21,5
T2,1,0,70,3
T3,2,1,48,7
T4,3,1,200,8
T5,4,1,180,2
T6,5,0,140,10
T7,6,1,152,2
[171]
T1,0,0,42,2
T2,1,1,184,19
T3,2,1,150,36
T4,3,0,90,13
T5,4,1,63,1
T6,5,1,200,2
T7,6,1,34,2
[172]
T1,0,0,200,9
T2,1,1,24,2
T3,2,1,174,20
T4,3,0,150,24
T5,4,0,28,6
T6,5,1,112,1
T7,6,1,112,2
[173]
T1,0,0,49,1
T2,1,1,55,6
T3,2,0,156,19
T4,3,0,77,2
T5,4,0,50,6
T6,5,0,200,20
T7,6,1,195,18
[174]
T1,0,0,200,4
T2,1,1,189,43
T3,2,1,195,2
T4,3,0,60,2
T5,4,0,42,1
T6,5,1,75,10
T7,6,0,26,2
[175]
T1,0,1,200,38
T2,1,1,152,25
T3,2,0,25,2
T4,3,0,33,1
T5,4,0,140,3
T6,5,1,190,10
T7,6,0,66,6
[176]
T1,0,0,21,2
T2,1,1,153,13
T3,2,0,190,18
T4,3,1,200,31
T5,4,0,40,4
T6,5,0,120,2
T7,6,0,85,9
[177]
T1,0,0,174,26
T2,1,1,130,11
T3,2,1,28,2
T4,3,1,25,1
T5,4,1,180,6
T6,5,1,120,2
T7,6,0,200,47
[178]
T1,0,0,126,28
T2,1,1,168,14
T3,2,1,154,24
T4,3,1,27,2
T5,4,1,200,11
T6,5,1,135,2
T7,6,1,42,2
[179]
T1,0,0,75,1
T2,1,1,150,9
T3,2,1,159,18
T4,3,0,200,21
T5,4,0,120,4
T6,5,0,40,2
T7,6,0,42,8
[180]
T1,0,0,150,5
T2,1,0,22,2
T3,2,1,35,2
T4,3,0,105,17
T5,4,0,200,12
T6,5,1,158,12
T7,6,0,72,11
[181]
T1,0,1,168,2
T2,1,1,150,10
T3,2,0,56,1
T4,3,0,33,12
T5,4,0,24,2
T6,5,1,200,2
T7,6,0,57,3
[182]
T1,0,1,47,7
T2,1,1,196,4
T3,2,1,200,6
T4,3,1,90,2
T5,4,0,126,15
T6,5,0,180,3
T7,6,0,44,10
[183]
T1,0,1,150,21
T2,1,1,154,3
T3,2,1,41,2
T4,3,1,102,2
T5,4,1,102,11
T6,5,1,200,46
T7,6,0,42,3
[184]
T1,0,0,70,8
T2,1,1,152,6
T3,2,1,35,1
T4,3,0,155,3
T5,4,0,140,30
T6,5,1,25,3
T7,6,1,200,1
[185]
T1,0,0,200,3
T2,1,0,48,8
T3,2,1,160,3
T4,3,1,174,13
T5,4,0,64,1
T6,5,1,56,2
T7,6,1,45,10
[186]
T1,0,0,153,4
T2,1,1,200,20
T3,2,0,66,5
T4,3,0,100,9
T5,4,0,30,2
T6,5,0,24,2
T7,6,0,198,21
[187]
T1,0,0,33,2
T2,1,1,156,5
T3,2,1,200,5
T4,3,1,195,16
T5,4,1,40,1
T6,5,0,68,14
T7,6,0,60,12
[188]
T1,0,0,84,9
T2,1,0,171,23
T3,2,1,30,2
T4,3,0,200,8
T5,4,0,75,16
T6,5,0,150,2
T7,6,1,39,1
[189]
T1,0,1,33,1
T2,1,0,77,1
T3,2,0,200,2
T4,3,0,26,5
T5,4,1,165,41
T6,5,0,60,1
T7,6,1,175,9
[190]
T1,0,0,200,19
T2,1,1,112,2
T3,2,0,25,2
T4,3,0,46,7
T5,4,1,114,10
T6,5,0,152,11
T7,6,1,190,12
[191]
T1,0,1,180,25
T2,1,1,110,1
T3,2,1,200,20
T4,3,1,49,3
T5,4,0,30,2
T6,5,0,90,16
T7,6,1,155,9
[192]
T1,0,1,150,25
T2,1,0,145,12
T3,2,1,200,2
T4,3,0,60,2
T5,4,1,42,3
T6,5,0,174,26
T7,6,0,27,2
[193]
T1,0,1,140,19
T2,1,0,154,9
T3,2,0,165,18
T4,3,1,200,19
T5,4,0,120,2
T6,5,1,22,2
T7,6,1,51,6
[194]
T1,0,1,75,11
T2,1,0,152,14
T3,2,0,80,5
T4,3,0,200,25
T5,4,0,22,2
T6,5,1,195,9
T7,6,1,30,2
[195]
T1,0,0,150,1
T2,1,1,180,13
T3,2,1,125,8
T4,3,1,24,4
T5,4,0,87,11
T6,5,0,25,2
T7,6,0,200,4
[196]
T1,0,1,200,20
T2,1,0,49,2
T3,2,0,124,26
T4,3,0,24,1
T5,4,1,180,4
T6,5,1,112,12
T7,6,1,155,3
[197]
T1,0,1,183,2
T2,1,0,51,2
T3,2,0,175,16
T4,3,0,200,50
T5,4,1,112,6
T6,5,0,21,2
T7,6,1,120,2
[198]
T1,0,1,148,29
T2,1,1,160,11
T3,2,1,36,3
T4,3,0,200,38
T5,4,0,22,2
T6,5,1,55,2
T7,6,0,64,1
[199]
T1,0,1,77,10
T2,1,1,200,32
T3,2,0,144,4
T4,3,1,165,5
T5,4,0,154,20
T6,5,1,40,2
T7,6,0,31,1
[200]
T1,0,0,53,1
T2,1,0,192,48
T3,2,0,119,16
T4,3,1,105,9
T5,4,0,40,2
T6,5,0,200,2
T7,6,1,170,11
[201]
T1,0,1,52,10
T2,1,0,150,8
T3,2,0,200,3
T4,3,1,75,1
T5,4,0,68,5
T6,5,1,49,1
T7,6,1,182,32
[202]
T1,0,1,200,2
T2,1,1,24,1
T3,2,1,199,15
T4,3,1,100,3
T5,4,0,180,16
T6,5,1,75,22
T7,6,1,37,1
[203]
T1,0,0,153,1
T2,1,0,200,29
T3,2,0,48,2
T4,3,0,72,4
T5,4,1,135,14
T6,5,0,160,7
T7,6,0,40,7
[204]
T1,0,1,48,6
T2,1,0,56,5
T3,2,0,32,4
T4,3,0,192,15
T5,4,0,200,2
T6,5,0,54,6
T7,6,0,168,2
[205]
T1,0,1,38,2
T2,1,0,60,2
T3,2,1,177,17
T4,3,0,177,15
T5,4,0,200,42
T6,5,0,140,22
T7,6,0,50,2
[206]
T1,0,1,80,9
T2,1,0,200,6
T3,2,0,24,3
T4,3,1,78,2
T5,4,0,48,10
T6,5,1,156,14
T7,6,0,198,2
[207]
T1,0,0,175,3
T2,1,1,90,4
T3,2,1,150,4
T4,3,1,54,14
T5,4,0,20,1
T6,5,1,200,9
T7,6,0,116,11
[208]
T1,0,1,76,5
T2,1,0,160,22
T3,2,1,20,2
T4,3,1,160,4
T5,4,0,68,2
T6,5,0,200,37
T7,6,0,32,1
[209]
T1,0,1,31,3
T2,1,1,80,14
T3,2,1,40,2
T4,3,0,170,3
T5,4,1,192,18
T6,5,0,200,3
T7,6,0,102,11
[210]
T1,0,1,180,6
T2,1,1,52,2
T3,2,1,56,6
T4,3,1,23,4
T5,4,0,184,12
T6,5,1,200,5
T7,6,0,75,11
[211]
T1,0,1,51,1
T2,1,0,170,8
T3,2,0,132,42
T4,3,0,120,8
T5,4,1,153,12
T6,5,0,22,2
T7,6,1,200,3
[212]
T1,0,1,42,2
T2,1,0,200,4
T3,2,1,160,23
T4,3,0,21,1
T5,4,0,140,13
T6,5,0,185,24
T7,6,0,74,7
[213]
T1,0,1,27,2
T2,1,1,150,13
T3,2,1,200,7
T4,3,1,128,22
T5,4,1,175,15
T6,5,1,120,7
T7,6,0,49,1
[214]
T1,0,0,200,34
T2,1,1,21,2
T3,2,1,180,15
T4,3,1,57,9
T5,4,1,108,6
T6,5,0,21,1
T7,6,1,168,4
[215]
T1,0,1,29,2
T2,1,0,60,4
T3,2,1,150,2
T4,3,0,57,2
T5,4,1,200,73
T6,5,1,198,10
T7,6,0,48,2
[216]
T1,0,0,54,1
T2,1,1,200,27
T3,2,0,150,3
T4,3,0,63,14
T5,4,0,21,2
T6,5,1,180,24
T7,6,1,24,2
[217]
T1,0,1,84,2
T2,1,1,180,56
T3,2,0,66,1
T4,3,0,23,1
T5,4,1,168,2
T6,5,0,200,12
T7,6,0,25,2
[218]
T1,0,0,44,1
T2,1,0,63,1
T3,2,0,150,2
T4,3,1,65,16
T5,4,1,160,12
T6,5,0,200,8
T7,6,0,26,4
[219]
T1,0,1,175,14
T2,1,0,27,2
T3,2,1,176,3
T4,3,0,200,25
T5,4,0,56,2
T6,5,0,72,14
T7,6,1,37,3
[220]
T1,0,0,126,13
T2,1,0,152,11
T3,2,0,133,17
T4,3,0,24,2
T5,4,1,200,40
T6,5,0,152,3
T7,6,1,36,1
[221]
T1,0,1,60,2
T2,1,1,200,47
T3,2,0,25,4
T4,3,0,155,5
T5,4,0,49,4
T6,5,0,93,1
T7,6,0,188,8
[222]
T1,0,0,176,34
T2,1,1,110,4
T3,2,0,190,28
T4,3,0,39,2
T5,4,0,35,1
T6,5,1,200,19
T7,6,1,56,2
[223]
T1,0,0,144,6
T2,1,0,200,34
T3,2,1,196,9
T4,3,1,49,2
T5,4,0,48,1
T6,5,0,175,39
T7,6,1,84,2
[224]
T1,0,1,62,4
T2,1,0,140,9
T3,2,1,23,6
T4,3,0,161,4
T5,4,0,161,3
T6,5,0,200,4
T7,6,1,38,4
[225]
T1,0,1,26,1
T2,1,1,77,8
T3,2,0,91,1
T4,3,1,41,4
T5,4,1,200,36
T6,5,0,150,12
T7,6,1,175,8
[226]
T1,0,0,47,4
T2,1,0,104,4
T3,2,1,200,25
T4,3,1,140,35
T5,4,0,165,3
T6,5,1,154,2
T7,6,0,20,2
[227]
T1,0,0,44,1
T2,1,1,198,6
T3,2,0,50,5
T4,3,1,153,7
T5,4,0,68,19
T6,5,0,200,15
T7,6,1,68,2
[228]
T1,0,1,168,3
T2,1,0,150,3
T3,2,1,200,47
T4,3,1,75,3
T5,4,1,34,2
T6,5,0,45,7
T7,6,1,133,3
[229]
T1,0,0,50,1
T2,1,0,200,7
T3,2,1,130,12
T4,3,1,90,10
T5,4,0,164,36
T6,5,1,150,12
T7,6,1,39,2
[230]
T1,0,0,200,12
T2,1,1,180,18
T3,2,1,60,2
T4,3,0,180,21
T5,4,0,50,2
T6,5,0,24,3
T7,6,0,94,6
[231]
T1,0,1,110,15
T2,1,1,200,2
T3,2,1,165,32
T4,3,0,28,2
T5,4,0,174,3
T6,5,1,40,2
T7,6,0,99,13
[232]
T1,0,0,37,1
T2,1,0,176,28
T3,2,0,175,17
T4,3,1,200,17
T5,4,1,96,9
T6,5,1,100,5
T7,6,1,48,2
[233]
T1,0,1,53,10
T2,1,0,56,1
T3,2,1,45,7
T4,3,0,180,7
T5,4,0,200,3
T6,5,0,153,2
T7,6,0,140,21
[234]
T1,0,0,43,2
T2,1,1,20,2
T3,2,0,168,21
T4,3,1,118,8
T5,4,1,63,2
T6,5,0,200,19
T7,6,0,150,29
[235]
T1,0,1,32,2
T2,1,0,177,15
T3,2,1,28,4
T4,3,0,96,4
T5,4,1,200,14
T6,5,0,160,13
T7,6,1,105,7
[236]
T1,0,1,200,2
T2,1,0,56,2
T3,2,1,75,17
T4,3,0,180,4
T5,4,0,25,3
T6,5,0,36,1
T7,6,1,168,23
[237]
T1,0,1,60,1
T2,1,0,153,7
T3,2,0,42,1
T4,3,1,175,4
T5,4,1,200,60
T6,5,0,21,2
T7,6,0,112,4
[238]
T1,0,1,160,21
T2,1,1,112,5
T3,2,0,36,6
T4,3,1,35,2
T5,4,0,54,5
T6,5,1,200,2
T7,6,0,180,18
[239]
T1,0,0,44,4
T2,1,0,66,1
T3,2,0,64,1
T4,3,1,160,33
T5,4,0,30,2
T6,5,0,200,9
T7,6,0,180,17
[240]
T1,0,1,200,5
T2,1,0,48,5
T3,2,0,189,25
T4,3,0,72,19
T5,4,1,136,2
T6,5,1,34,2
T7,6,1,189,7
[241]
T1,0,0,45,2
T2,1,0,176,2
T3,2,0,189,16
T4,3,1,112,14
T5,4,0,140,4
T6,5,0,200,56
T7,6,1,51,2
[242]
T1,0,0,44,6
T2,1,1,84,24
T3,2,0,152,12
T4,3,1,22,2
T5,4,0,200,2
T6,5,1,70,1
T7,6,1,165,7
[243]
T1,0,1,200,65
T2,1,0,80,1
T3,2,0,34,1
T4,3,1,175,10
T5,4,0,150,5
T6,5,1,119,5
T7,6,0,31,2
[244]
T1,0,1,198,39
T2,1,1,150,28
T3,2,1,200,4
T4,3,0,36,1
T5,4,1,90,8
T6,5,1,86,1
T7,6,0,23,2
[245]
T1,0,0,195,17
T2,1,0,21,1
T3,2,1,30,2
T4,3,1,200,21
T5,4,1,112,6
T6,5,0,108,14
T7,6,0,180,21
[246]
T1,0,0,200,75
T2,1,0,39,2
T3,2,0,25,2
T4,3,0,70,5
T5,4,0,100,1
T6,5,1,178,8
T7,6,1,168,5
[247]
T1,0,0,150,2
T2,1,0,58,11
T3,2,0,200,2
T4,3,1,29,2
T5,4,1,26,2
T6,5,0,170,34
T7,6,1,85,2
[248]
T1,0,1,24,1
T2,1,0,20,2
T3,2,0,200,18
T4,3,0,168,22
T5,4,0,182,10
T6,5,1,60,2
T7,6,0,91,19
[249]
T1,0,0,96,2
T2,1,1,180,2
T3,2,0,175,21
T4,3,1,200,48
T5,4,0,33,2
T6,5,1,112,5
T7,6,0,45,3
[250]
T1,0,0,27,2
T2,1,1,174,12
T3,2,1,28,2
T4,3,0,58,5
T5,4,0,150,14
T6,5,0,200,28
T7,6,1,81,11
[251]
T1,0,0,28,7
T2,1,1,104,4
T3,2,0,168,12
T4,3,0,96,11
T5,4,0,31,2
T6,5,0,200,10
T7,6,0,195,5
[252]
T1,0,1,175,6
T2,1,0,160,7
T3,2,0,78,9
T4,3,1,50,3
T5,4,0,200,4
T6,5,1,126,29
T7,6,1,23,1
[253]
T1,0,0,44,3
T2,1,0,102,5
T3,2,0,80,2
T4,3,1,150,13
T5,4,0,192,15
T6,5,1,200,10
T7,6,1,34,6
[254]
T1,0,1,20,2
T2,1,0,44,5
T3,2,1,55,7
T4,3,1,160,12
T5,4,1,150,14
T6,5,1,200,21
T7,6,0,96,4
[255]
T1,0,0,27,4
T2,1,1,65,2
T3,2,0,72,3
T4,3,0,200,2
T5,4,1,198,45
T6,5,1,23,2
T7,6,1,198,22
[256]
T1,0,1,150,14
T2,1,0,112,1
T3,2,1,200,55
T4,3,0,24,2
T5,4,0,144,3
T6,5,0,195,15
T7,6,1,52,5
[257]
T1,0,1,180,10
T2,1,0,27,2
T3,2,0,68,6
T4,3,0,47,5
T5,4,0,200,2
T6,5,0,102,22
T7,6,1,162,5
[258]
T1,0,0,64,4
T2,1,0,200,7
T3,2,1,176,9
T4,3,1,32,2
T5,4,1,165,34
T6,5,1,47,8
T7,6,0,75,3
[259]
T1,0,1,142,16
T2,1,0,53,1
T3,2,1,176,9
T4,3,0,22,1
T5,4,1,100,7
T6,5,1,165,24
T7,6,0,200,27
[260]
T1,0,1,175,9
T2,1,1,185,5
T3,2,1,200,11
T4,3,1,111,4
T5,4,1,48,11
T6,5,1,40,6
T7,6,1,105,1
[261]
T1,0,1,45,12
T2,1,1,96,2
T3,2,0,165,19
T4,3,1,176,24
T5,4,1,20,2
T6,5,1,200,1
T7,6,0,70,3
[262]
T1,0,0,150,12
T2,1,0,21,1
T3,2,0,45,2
T4,3,1,169,31
T5,4,0,200,25
T6,5,1,91,6
T7,6,1,75,2
[263]
T1,0,0,80,2
T2,1,0,170,4
T3,2,0,27,2
T4,3,0,40,1
T5,4,0,200,16
T6,5,1,153,29
T7,6,1,55,9
[264]
T1,0,1,72,2
T2,1,1,41,1
T3,2,0,100,1
T4,3,1,29,9
T5,4,1,200,2
T6,5,0,171,20
T7,6,1,152,6
[265]
T1,0,0,85,10
T2,1,1,170,12
T3,2,1,140,3
T4,3,1,35,2
T5,4,0,200,11
T6,5,1,49,10
T7,6,0,175,19
[266]
T1,0,1,56,6
T2,1,1,135,11
T3,2,1,189,5
T4,3,0,50,2
T5,4,0,49,3
T6,5,0,200,7
T7,6,0,175,34
[267]
T1,0,0,185,4
T2,1,1,110,19
T3,2,1,48,1
T4,3,1,200,39
T5,4,1,22,2
T6,5,0,165,7
T7,6,1,100,13
[268]
T1,0,0,25,1
T2,1,1,200,4
T3,2,1,150,2
T4,3,0,36,3
T5,4,0,125,32
T6,5,0,154,7
T7,6,1,126,13
[269]
T1,0,0,200,24
T2,1,0,183,9
T3,2,1,165,16
T4,3,1,110,5
T5,4,0,50,2
T6,5,1,32,1
T7,6,0,60,10
[270]
T1,0,1,40,3
T2,1,0,144,17
T3,2,1,160,2
T4,3,1,200,22
T5,4,1,45,2
T6,5,0,177,7
T7,6,1,144,22
[271]
T1,0,0,168,24
T2,1,0,200,42
T3,2,1,36,1
T4,3,0,78,10
T5,4,1,150,2
T6,5,1,25,2
T7,6,1,80,2
[272]
T1,0,0,196,9
T2,1,1,30,3
T3,2,1,200,30
T4,3,1,80,3
T5,4,0,110,21
T6,5,1,49,1
T7,6,1,176,5
[273]
T1,0,0,90,1
T2,1,0,100,2
T3,2,1,200,56
T4,3,0,160,4
T5,4,0,49,3
T6,5,1,21,2
T7,6,0,150,10
[274]
T1,0,0,168,21
T2,1,0,154,15
T3,2,1,20,2
T4,3,0,66,2
T5,4,0,200,11
T6,5,1,56,4
T7,6,1,36,5
[275]
T1,0,1,70,5
T2,1,0,160,3
T3,2,0,50,7
T4,3,1,34,1
T5,4,0,98,13
T6,5,1,196,35
T7,6,1,200,1
[276]
T1,0,0,154,37
T2,1,1,114,2
T3,2,1,32,2
T4,3,0,200,45
T5,4,1,154,1
T6,5,1,35,2
T7,6,0,110,2
[277]
T1,0,0,200,49
T2,1,1,150,5
T3,2,0,192,22
T4,3,0,100,8
T5,4,0,134,1
T6,5,1,45,2
T7,6,1,40,1
[278]
T1,0,0,95,5
T2,1,1,200,46
T3,2,0,171,25
T4,3,0,21,2
T5,4,1,38,2
T6,5,0,190,16
T7,6,1,96,2
[279]
T1,0,0,46,5
T2,1,0,69,2
T3,2,1,115,4
T4,3,1,180,5
T5,4,1,20,3
T6,5,1,200,42
T7,6,1,180,2
[280]
T1,0,1,200,30
T2,1,0,198,5
T3,2,1,78,2
T4,3,1,144,5
T5,4,0,22,1
T6,5,1,40,4
T7,6,0,198,40
[281]
T1,0,1,189,36
T2,1,1,75,9
T3,2,1,105,2
T4,3,0,34,5
T5,4,0,147,1
T6,5,0,21,1
T7,6,1,200,2
[282]
T1,0,1,175,10
T2,1,0,156,5
T3,2,0,31,6
T4,3,0,200,12
T5,4,0,84,8
T6,5,1,75,9
T7,6,1,39,2
[283]
T1,0,1,200,29
T2,1,0,28,1
T3,2,0,32,2
T4,3,0,175,15
T5,4,0,60,8
T6,5,1,91,4
T7,6,1,195,24
[284]
T1,0,0,162,20
T2,1,0,30,1
T3,2,1,60,3
T4,3,1,136,1
T5,4,1,34,4
T6,5,0,200,34
T7,6,0,170,9
[285]
T1,0,1,81,8
T2,1,0,176,9
T3,2,1,200,12
T4,3,0,48,2
T5,4,0,120,6
T6,5,0,162,39
T7,6,1,27,2
[286]
T1,0,1,24,2
T2,1,1,75,4
T3,2,1,34,2
T4,3,0,154,3
T5,4,0,60,6
T6,5,1,198,9
T7,6,0,200,36
[287]
T1,0,1,40,10
T2,1,0,136,2
T3,2,1,175,3
T4,3,1,56,2
T5,4,0,200,4
T6,5,1,156,37
T7,6,0,39,2
[288]
T1,0,1,200,20
T2,1,0,81,8
T3,2,1,162,24
T4,3,1,41,6
T5,4,0,40,1
T6,5,1,156,3
T7,6,0,54,1
[289]
T1,0,1,21,3
T2,1,1,180,9
T3,2,0,60,7
T4,3,1,90,5
T5,4,0,200,20
T6,5,0,174,4
T7,6,0,44,3
[290]
T1,0,0,127,2
T2,1,1,127,2
T3,2,0,150,15
T4,3,1,50,2
T5,4,0,45,1
T6,5,1,200,50
T7,6,0,150,17
[291]
T1,0,1,96,2
T2,1,0,160,2
T3,2,0,200,23
T4,3,1,150,13
T5,4,1,105,20
T6,5,1,46,6
T7,6,1,33,2
[292]
T1,0,0,182,15
T2,1,1,200,33
T3,2,1,42,2
T4,3,1,51,3
T5,4,0,168,30
T6,5,0,140,10
T7,6,1,125,3
[293]
T1,0,1,200,17
T2,1,1,20,2
T3,2,1,60,3
T4,3,1,184,11
T5,4,0,60,12
T6,5,1,50,6
T7,6,0,195,4
[294]
T1,0,0,56,2
T2,1,1,112,4
T3,2,1,27,7
T4,3,0,28,2
T5,4,0,195,2
T6,5,1,200,32
T7,6,0,156,2
[295]
T1,0,0,35,3
T2,1,0,64,7
T3,2,0,37,2
T4,3,1,80,1
T5,4,0,172,23
T6,5,1,200,9
T7,6,1,172,20
[296]
T1,0,0,171,18
T2,1,1,42,11
T3,2,0,126,11
T4,3,1,168,2
T5,4,0,31,1
T6,5,1,63,2
T7,6,1,200,12
[297]
T1,0,0,175,1
T2,1,0,98,2
T3,2,0,162,6
T4,3,0,32,3
T5,4,1,63,1
T6,5,0,35,1
T7,6,0,200,71
[298]
T1,0,0,30,7
T2,1,0,152,7
T3,2,0,200,15
T4,3,0,56,2
T5,4,0,175,6
T6,5,0,20,2
T7,6,0,57,1
[299]
T1,0,0,25,2
T2,1,0,24,1
T3,2,1,150,10
T4,3,0,180,5
T5,4,0,80,9
T6,5,1,200,38
T7,6,1,122,12
[300]
T1,0,0,168,37
T2,1,0,119,9
T3,2,1,200,17
T4,3,0,28,1
T5,4,0,119,3
T6,5,1,180,2
T7,6,0,48,5
[301]
T1,0,1,120,3
T2,1,1,61,1
T3,2,1,184,15
T4,3,0,24,3
T5,4,0,30,1
T6,5,1,184,32
T7,6,0,200,18
[302]
T1,0,1,57,4
T2,1,0,200,16
T3,2,0,175,9
T4,3,0,60,2
T5,4,0,152,9
T6,5,1,49,4
T7,6,1,20,3
[303]
T1,0,0,136,8
T2,1,0,28,1
T3,2,0,175,13
T4,3,1,192,20
T5,4,1,41,1
T6,5,0,85,3
T7,6,0,200,38
[304]
T1,0,0,156,21
T2,1,1,21,2
T3,2,0,200,2
T4,3,0,75,6
T5,4,0,24,5
T6,5,0,192,14
T7,6,1,60,3
[305]
T1,0,1,180,7
T2,1,0,33,2
T3,2,0,176,56
T4,3,0,25,2
T5,4,1,72,2
T6,5,1,60,4
T7,6,0,200,12
[306]
T1,0,1,160,26
T2,1,1,31,1
T3,2,1,110,13
T4,3,1,200,2
T5,4,1,104,18
T6,5,1,192,9
T7,6,1,40,2
[307]
T1,0,1,200,6
T2,1,1,33,4
T3,2,1,157,5
T4,3,0,100,14
T5,4,0,157,7
T6,5,0,20,1
T7,6,1,62,8
[308]
T1,0,0,117,7
T2,1,0,200,2
T3,2,1,24,2
T4,3,0,108,1
T5,4,0,198,32
T6,5,1,156,23
T7,6,1,34,2
[309]
T1,0,0,200,12
T2,1,1,165,28
T3,2,1,20,2
T4,3,0,125,11
T5,4,0,66,2
T6,5,1,156,9
T7,6,0,34,5
[310]
T1,0,0,41,2
T2,1,0,144,11
T3,2,1,200,14
T4,3,0,45,1
T5,4,0,70,20
T6,5,1,150,9
T7,6,1,182,7
[311]
T1,0,0,182,15
T2,1,1,200,24
T3,2,0,120,2
T4,3,0,63,8
T5,4,1,48,5
T6,5,0,182,18
T7,6,0,27,2
[312]
T1,0,0,150,51
T2,1,0,155,3
T3,2,0,40,2
T4,3,0,99,13
T5,4,0,110,2
T6,5,1,200,3
T7,6,0,45,2
[313]
T1,0,1,60,3
T2,1,0,70,3
T3,2,1,50,8
T4,3,1,169,4
T5,4,0,30,4
T6,5,1,200,2
T7,6,0,150,20
[314]
T1,0,0,36,2
T2,1,1,183,32
T3,2,1,40,2
T4,3,0,176,9
T5,4,0,55,7
T6,5,1,200,6
T7,6,0,80,15
[315]
T1,0,1,200,2
T2,1,1,35,1
T3,2,1,59,2
T4,3,1,120,4
T5,4,0,180,22
T6,5,0,150,49
T7,6,0,42,2
[316]
T1,0,0,148,5
T2,1,0,111,5
T3,2,1,28,4
T4,3,1,200,47
T5,4,0,75,2
T6,5,0,148,2
T7,6,0,45,5
[317]
T1,0,0,196,2
T2,1,0,200,17
T3,2,1,25,2
T4,3,0,168,42
T5,4,0,140,2
T6,5,1,63,4
T7,6,0,33,4
[318]
T1,0,0,200,17
T2,1,0,50,3
T3,2,1,68,16
T4,3,1,100,2
T5,4,1,174,7
T6,5,0,174,14
T7,6,1,35,2
[319]
T1,0,1,25,5
T2,1,0,195,1
T3,2,0,55,2
T4,3,1,200,11
T5,4,1,195,11
T6,5,0,70,4
T7,6,0,32,3
[320]
T1,0,1,98,1
T2,1,0,84,3
T3,2,1,161,26
T4,3,0,200,6
T5,4,1,150,34
T6,5,0,35,1
T7,6,0,44,3
[321]
T1,0,1,38,2
T2,1,0,123,21
T3,2,0,200,3
T4,3,1,168,13
T5,4,1,175,2
T6,5,0,42,6
T7,6,1,120,19
[322]
T1,0,1,24,1
T2,1,0,192,15
T3,2,1,39,2
T4,3,0,64,2
T5,4,1,185,40
T6,5,1,90,10
T7,6,0,200,2
[323]
T1,0,1,188,14
T2,1,0,200,3
T3,2,1,90,25
T4,3,1,150,7
T5,4,0,47,2
T6,5,1,22,3
T7,6,0,126,2
[324]
T1,0,0,40,2
T2,1,0,62,4
T3,2,1,176,8
T4,3,1,33,8
T5,4,1,70,4
T6,5,0,154,3
T7,6,1,200,14
[325]
T1,0,1,200,24
T2,1,0,160,15
T3,2,1,125,2
T4,3,0,188,29
T5,4,0,30,4
T6,5,0,80,4
T7,6,0,26,2
[326]
T1,0,1,180,3
T2,1,1,39,4
T3,2,0,152,7
T4,3,1,25,2
T5,4,0,135,41
T6,5,0,200,4
T7,6,0,63,4
[327]
T1,0,0,105,5
T2,1,1,26,3
T3,2,1,200,30
T4,3,1,175,21
T5,4,1,21,2
T6,5,0,142,2
T7,6,1,168,18
[328]
T1,0,0,42,10
T2,1,0,60,8
T3,2,1,50,7
T4,3,0,184,2
T5,4,0,160,7
T6,5,1,100,1
T7,6,1,200,1
[329]
T1,0,1,50,2
T2,1,0,188,8
T3,2,0,200,10
T4,3,1,170,7
T5,4,1,85,3
T6,5,0,60,5
T7,6,0,48,13
[330]
T1,0,1,175,12
T2,1,1,32,11
T3,2,1,200,7
T4,3,0,47,1
T5,4,1,147,5
T6,5,0,150,7
T7,6,1,60,2
[331]
T1,0,1,28,6
T2,1,0,194,2
T3,2,0,105,6
T4,3,1,150,2
T5,4,1,40,2
T6,5,0,75,7
T7,6,1,200,28
[332]
T1,0,0,54,11
T2,1,1,114,1
T3,2,1,150,3
T4,3,1,50,2
T5,4,0,200,27
T6,5,1,135,12
T7,6,0,175,10
[333]
T1,0,1,20,4
T2,1,1,155,2
T3,2,0,68,5
T4,3,0,29,1
T5,4,1,75,15
T6,5,0,153,5
T7,6,1,200,2
[334]
T1,0,0,24,1
T2,1,1,155,4
T3,2,1,20,2
T4,3,1,56,5
T5,4,0,200,9
T6,5,0,63,8
T7,6,0,155,32
[335]
T1,0,1,200,6
T2,1,1,28,6
T3,2,1,175,4
T4,3,0,155,6
T5,4,0,53,4
T6,5,0,124,6
T7,6,1,144,18
[336]
T1,0,0,186,29
T2,1,0,70,2
T3,2,0,31,8
T4,3,1,150,12
T5,4,0,60,1
T6,5,1,51,2
T7,6,1,200,1
[337]
T1,0,1,175,2
T2,1,1,190,3
T3,2,1,42,4
T4,3,1,80,1
T5,4,1,29,4
T6,5,1,200,24
T7,6,1,96,16
[338]
T1,0,1,200,13
T2,1,1,21,1
T3,2,0,75,12
T4,3,1,170,1
T5,4,0,150,16
T6,5,0,60,2
T7,6,1,52,5
[339]
T1,0,1,34,2
T2,1,0,168,11
T3,2,0,175,19
T4,3,1,37,10
T5,4,0,200,4
T6,5,0,56,2
T7,6,1,77,7
[340]
T1,0,0,196,10
T2,1,1,44,2
T3,2,0,200,40
T4,3,1,40,5
T5,4,0,110,5
T6,5,0,154,1
T7,6,0,75,9
[341]
T1,0,0,150,30
T2,1,1,21,2
T3,2,1,99,9
T4,3,1,200,1
T5,4,1,168,4
T6,5,0,53,3
T7,6,0,72,5
[342]
T1,0,1,37,9
T2,1,0,26,1
T3,2,1,185,16
T4,3,0,200,12
T5,4,1,168,10
T6,5,0,144,9
T7,6,0,84,2
[343]
T1,0,0,162,33
T2,1,1,42,5
T3,2,0,45,2
T4,3,0,135,3
T5,4,1,200,32
T6,5,0,135,6
T7,6,1,160,2
[344]
T1,0,0,66,12
T2,1,0,159,8
T3,2,0,66,5
T4,3,1,50,4
T5,4,0,200,11
T6,5,0,176,17
T7,6,0,31,1
[345]
T1,0,0,25,2
T2,1,0,177,5
T3,2,1,96,10
T4,3,1,112,8
T5,4,1,168,11
T6,5,0,20,4
T7,6,0,200,14
[346]
T1,0,0,175,5
T2,1,0,84,8
T3,2,1,176,14
T4,3,0,200,15
T5,4,0,63,8
T6,5,0,41,1
T7,6,0,20,2
[347]
T1,0,1,192,11
T2,1,0,200,62
T3,2,1,156,2
T4,3,0,24,1
T5,4,1,41,1
T6,5,0,66,3
T7,6,0,110,8
[348]
T1,0,0,126,23
T2,1,1,200,20
T3,2,1,140,5
T4,3,1,39,1
T5,4,0,195,15
T6,5,0,189,5
T7,6,1,39,4
[349]
T1,0,1,54,4
T2,1,1,176,10
T3,2,0,37,2
T4,3,1,200,51
T5,4,1,128,6
T6,5,1,192,4
T7,6,1,24,1
[350]
T1,0,0,165,29
T2,1,0,187,1
T3,2,1,51,2
T4,3,1,200,33
T5,4,1,136,14
T6,5,1,51,3
T7,6,1,72,1
[351]
T1,0,0,25,4
T2,1,1,160,32
T3,2,1,21,2
T4,3,1,104,6
T5,4,1,200,13
T6,5,1,91,4
T7,6,1,180,2
[352]
T1,0,0,190,12
T2,1,1,160,17
T3,2,1,144,1
T4,3,0,50,5
T5,4,0,20,1
T6,5,0,200,25
T7,6,0,120,11
[353]
T1,0,1,78,1
T2,1,1,40,2
T3,2,1,165,10
T4,3,0,192,12
T5,4,1,200,24
T6,5,0,24,5
T7,6,0,120,10
[354]
T1,0,0,52,3
T2,1,1,200,21
T3,2,0,189,12
T4,3,0,72,2
T5,4,0,70,2
T6,5,1,189,32
T7,6,1,36,5
[355]
T1,0,1,63,2
T2,1,1,200,31
T3,2,0,84,2
T4,3,1,44,9
T5,4,0,30,1
T6,5,1,196,3
T7,6,0,154,14
[356]
T1,0,0,152,41
T2,1,1,53,3
T3,2,0,100,13
T4,3,1,200,2
T5,4,0,48,2
T6,5,0,152,17
T7,6,1,80,2
[357]
T1,0,0,36,2
T2,1,1,60,7
T3,2,0,180,8
T4,3,0,54,5
T5,4,0,180,27
T6,5,0,200,12
T7,6,1,110,9
[358]
T1,0,0,198,24
T2,1,0,26,2
T3,2,0,165,2
T4,3,1,200,5
T5,4,0,80,13
T6,5,1,48,11
T7,6,1,72,1
[359]
T1,0,0,68,2
T2,1,1,48,3
T3,2,1,168,9
T4,3,1,119,1
T5,4,0,41,1
T6,5,0,170,11
T7,6,0,200,63
[360]
T1,0,1,24,2
T2,1,1,160,1
T3,2,1,110,7
T4,3,1,200,5
T5,4,0,44,2
T6,5,0,78,20
T7,6,0,165,23
[361]
T1,0,0,44,1
T2,1,0,200,14
T3,2,0,100,16
T4,3,0,165,17
T5,4,0,66,7
T6,5,0,165,1
T7,6,1,47,4
[362]
T1,0,0,104,13
T2,1,0,195,46
T3,2,0,190,4
T4,3,1,32,2
T5,4,1,120,6
T6,5,0,51,2
T7,6,0,200,7
[363]
T1,0,0,84,14
T2,1,0,160,2
T3,2,0,160,14
T4,3,0,39,6
T5,4,1,33,2
T6,5,0,75,2
T7,6,1,200,32
[364]
T1,0,1,176,55
T2,1,1,53,2
T3,2,0,200,8
T4,3,1,32,2
T5,4,0,121,9
T6,5,1,160,6
T7,6,1,56,1
[365]
T1,0,1,20,2
T2,1,1,160,12
T3,2,0,200,25
T4,3,0,94,2
T5,4,0,80,5
T6,5,0,192,20
T7,6,0,24,2
[366]
T1,0,1,200,3
T2,1,1,141,39
T3,2,1,150,2
T4,3,1,150,1
T5,4,0,42,3
T6,5,0,69,10
T7,6,1,25,2
[367]
T1,0,0,128,2
T2,1,0,165,12
T3,2,1,168,39
T4,3,1,50,5
T5,4,0,200,2
T6,5,1,24,2
T7,6,0,70,8
[368]
T1,0,0,162,21
T2,1,1,200,20
T3,2,1,51,2
T4,3,0,150,7
T5,4,0,63,2
T6,5,0,25,2
T7,6,1,84,13
[369]
T1,0,1,200,2
T2,1,0,176,21
T3,2,1,27,2
T4,3,0,125,7
T5,4,1,40,7
T6,5,0,150,20
T7,6,1,84,4
[370]
T1,0,0,150,27
T2,1,0,200,5
T3,2,0,80,1
T4,3,1,23,4
T5,4,0,168,27
T6,5,1,69,1
T7,6,1,43,2
[371]
T1,0,1,200,31
T2,1,0,43,1
T3,2,0,40,6
T4,3,1,150,4
T5,4,0,168,34
T6,5,0,77,2
T7,6,0,80,2
[372]
T1,0,0,200,6
T2,1,1,50,1
T3,2,1,47,1
T4,3,1,74,14
T5,4,1,148,6
T6,5,0,75,16
T7,6,0,192,7
[373]
T1,0,0,150,3
T2,1,1,53,7
T3,2,1,120,1
T4,3,1,51,2
T5,4,1,88,15
T6,5,0,154,27
T7,6,1,200,4
[374]
T1,0,1,150,12
T2,1,1,44,2
T3,2,1,200,8
T4,3,0,195,24
T5,4,0,84,8
T6,5,1,91,6
T7,6,1,50,8
[375]
T1,0,0,45,4
T2,1,1,200,6
T3,2,0,145,6
T4,3,0,36,1
T5,4,1,87,7
T6,5,1,160,6
T7,6,0,160,37
[376]
T1,0,1,44,1
T2,1,0,196,40
T3,2,0,200,1
T4,3,1,105,3
T5,4,0,87,8
T6,5,1,150,20
T7,6,1,25,1
[377]
T1,0,1,108,4
T2,1,0,31,2
T3,2,1,150,18
T4,3,1,126,12
T5,4,0,152,16
T6,5,0,30,6
T7,6,1,200,2
[378]
T1,0,1,24,2
T2,1,1,39,5
T3,2,1,200,24
T4,3,1,153,9
T5,4,1,85,2
T6,5,0,153,17
T7,6,1,136,14
[379]
T1,0,1,200,13
T2,1,1,190,39
T3,2,0,112,19
T4,3,0,171,2
T5,4,0,63,2
T6,5,1,30,2
T7,6,0,27,2
[380]
T1,0,0,162,23
T2,1,0,171,2
T3,2,1,144,9
T4,3,0,200,45
T5,4,1,48,1
T6,5,0,95,4
T7,6,0,50,3
[381]
T1,0,0,195,6
T2,1,0,75,4
T3,2,0,200,5
T4,3,1,48,5
T5,4,1,75,7
T6,5,1,185,40
T7,6,1,52,2
[382]
T1,0,0,200,5
T2,1,1,144,29
T3,2,0,192,15
T4,3,0,30,2
T5,4,1,160,12
T6,5,0,105,8
T7,6,0,43,2
[383]
T1,0,0,150,23
T2,1,1,24,2
T3,2,1,84,19
T4,3,1,197,1
T5,4,1,120,2
T6,5,0,200,14
T7,6,0,52,4
[384]
T1,0,0,200,10
T2,1,0,168,21
T3,2,1,24,2
T4,3,1,100,7
T5,4,1,70,7
T6,5,0,26,2
T7,6,1,197,22
[385]
T1,0,1,33,1
T2,1,0,108,2
T3,2,0,175,1
T4,3,0,52,5
T5,4,0,168,31
T6,5,0,135,25
T7,6,1,200,9
[386]
T1,0,0,150,13
T2,1,0,105,2
T3,2,0,105,31
T4,3,0,45,2
T5,4,0,200,16
T6,5,1,161,2
T7,6,1,21,2
[387]
T1,0,1,36,3
T2,1,1,133,2
T3,2,1,150,3
T4,3,1,189,45
T5,4,1,200,19
T6,5,0,42,2
T7,6,0,54,7
[388]
T1,0,1,120,8
T2,1,1,148,4
T3,2,0,185,33
T4,3,1,26,4
T5,4,1,49,1
T6,5,0,72,1
T7,6,0,200,20
[389]
T1,0,1,120,2
T2,1,1,165,3
T3,2,1,200,2
T4,3,0,95,8
T5,4,0,29,4
T6,5,1,42,12
T7,6,0,152,3
[390]
T1,0,0,32,4
T2,1,0,128,36
T3,2,0,91,4
T4,3,1,168,13
T5,4,1,195,2
T6,5,0,200,5
T7,6,1,32,2
[391]
T1,0,1,76,14
T2,1,1,50,2
T3,2,0,95,3
T4,3,1,31,2
T5,4,1,177,28
T6,5,0,200,14
T7,6,1,190,21
[392]
T1,0,1,200,50
T2,1,1,40,2
T3,2,1,158,5
T4,3,0,79,9
T5,4,1,168,5
T6,5,1,79,7
T7,6,1,45,1
[393]
T1,0,1,153,8
T2,1,1,200,27
T3,2,1,140,6
T4,3,1,119,11
T5,4,0,51,9
T6,5,0,189,12
T7,6,0,51,2
[394]
T1,0,1,36,5
T2,1,1,200,2
T3,2,0,180,17
T4,3,1,56,4
T5,4,0,120,15
T6,5,1,40,2
T7,6,0,162,16
[395]
T1,0,1,200,11
T2,1,1,162,10
T3,2,0,150,11
T4,3,1,90,2
T5,4,0,30,2
T6,5,0,31,9
T7,6,0,141,8
[396]
T1,0,1,56,3
T2,1,1,160,20
T3,2,0,52,2
T4,3,1,200,2
T5,4,1,81,1
T6,5,1,48,6
T7,6,0,189,43
[397]
T1,0,0,75,5
T2,1,1,143,8
T3,2,1,160,10
T4,3,0,160,16
T5,4,1,53,5
T6,5,0,48,3
T7,6,0,200,19
[398]
T1,0,1,46,2
T2,1,1,40,2
T3,2,1,148,16
T4,3,1,192,45
T5,4,0,200,2
T6,5,0,72,8
T7,6,1,74,3
[399]
T1,0,1,120,18
T2,1,0,200,24
T3,2,1,162,14
T4,3,0,150,19
T5,4,0,26,1
T6,5,0,138,3
T7,6,1,24,2
[400]
T1,0,1,56,6
T2,1,0,21,2
T3,2,0,200,2
T4,3,1,150,3
T5,4,1,21,2
T6,5,0,148,39
T7,6,0,72,3
[401]
T1,0,0,189,5
T2,1,1,200,12
T3,2,1,168,8
T4,3,1,125,20
T5,4,1,75,14
T6,5,1,33,2
T7,6,1,24,2
[402]
T1,0,1,50,1
T2,1,0,180,7
T3,2,1,105,4
T4,3,0,45,1
T5,4,1,176,15
T6,5,1,112,35
T7,6,0,200,8
[403]
T1,0,1,80,2
T2,1,0,200,31
T3,2,0,160,5
T4,3,0,188,32
T5,4,0,40,1
T6,5,1,24,3
T7,6,0,125,5
[404]
T1,0,1,200,12
T2,1,1,160,13
T3,2,1,80,5
T4,3,1,56,5
T5,4,1,155,19
T6,5,1,50,5
T7,6,0,22,1
[405]
T1,0,1,70,2
T2,1,1,200,14
T3,2,0,80,16
T4,3,0,154,4
T5,4,1,44,7
T6,5,0,33,2
T7,6,1,150,1
[406]
T1,0,1,186,14
T2,1,1,72,2
T3,2,1,155,7
T4,3,0,200,17
T5,4,0,126,15
T6,5,1,36,8
T7,6,0,39,2
[407]
T1,0,0,62,14
T2,1,0,200,1
T3,2,0,62,13
T4,3,0,155,4
T5,4,1,31,1
T6,5,1,165,5
T7,6,0,52,1
[408]
T1,0,0,160,14
T2,1,0,80,2
T3,2,1,21,1
T4,3,1,26,4
T5,4,1,200,27
T6,5,1,175,16
T7,6,1,69,2
[409]
T1,0,0,100,7
T2,1,1,95,3
T3,2,1,27,5
T4,3,0,150,1
T5,4,1,171,17
T6,5,0,200,30
T7,6,0,33,1
[410]
T1,0,0,168,5
T2,1,1,200,27
T3,2,0,110,10
T4,3,1,22,3
T5,4,0,39,1
T6,5,1,168,7
T7,6,1,77,6
[411]
T1,0,0,150,6
T2,1,0,156,21
T3,2,0,68,3
T4,3,1,200,16
T5,4,0,70,2
T6,5,0,26,4
T7,6,1,54,5
[412]
T1,0,1,144,2
T2,1,1,200,10
T3,2,0,28,2
T4,3,0,68,3
T5,4,0,180,2
T6,5,1,170,10
T7,6,1,51,16
[413]
T1,0,0,153,2
T2,1,0,36,2
T3,2,0,52,3
T4,3,1,180,52
T5,4,0,75,14
T6,5,0,136,3
T7,6,0,200,2
[414]
T1,0,1,175,6
T2,1,0,200,23
T3,2,1,126,3
T4,3,1,21,2
T5,4,1,77,16
T6,5,0,160,18
T7,6,1,28,2
[415]
T1,0,1,54,6
T2,1,1,156,24
T3,2,1,31,4
T4,3,1,132,2
T5,4,0,200,1
T6,5,1,66,5
T7,6,0,165,13
[416]
T1,0,0,80,2
T2,1,1,156,8
T3,2,1,200,7
T4,3,1,177,2
T5,4,1,20,7
T6,5,0,43,2
T7,6,1,75,6
[417]
T1,0,1,140,5
T2,1,0,168,15
T3,2,0,200,37
T4,3,1,80,2
T5,4,0,35,1
T6,5,1,184,38
T7,6,0,24,2
[418]
T1,0,1,165,2
T2,1,0,200,50
T3,2,1,60,2
T4,3,1,39,1
T5,4,1,25,1
T6,5,1,98,6
T7,6,0,176,23
[419]
T1,0,0,30,5
T2,1,0,32,3
T3,2,0,200,17
T4,3,1,136,3
T5,4,1,153,9
T6,5,1,187,4
T7,6,1,136,16
[420]
T1,0,0,144,1
T2,1,1,96,3
T3,2,1,38,2
T4,3,0,47,4
T5,4,1,200,44
T6,5,1,190,15
T7,6,1,192,14
[421]
T1,0,0,150,18
T2,1,1,21,2
T3,2,1,150,18
T4,3,1,25,3
T5,4,0,147,21
T6,5,1,200,7
T7,6,0,119,1
[422]
T1,0,1,37,4
T2,1,1,104,11
T3,2,1,200,8
T4,3,0,166,22
T5,4,0,40,3
T6,5,1,80,8
T7,6,1,166,1
[423]
T1,0,0,189,5
T2,1,1,200,30
T3,2,1,41,3
T4,3,1,24,1
T5,4,0,108,29
T6,5,0,161,1
T7,6,1,56,2
[424]
T1,0,1,54,3
T2,1,0,160,8
T3,2,0,148,23
T4,3,1,25,2
T5,4,1,100,4
T6,5,1,200,32
T7,6,0,28,2
[425]
T1,0,0,189,27
T2,1,1,161,3
T3,2,1,26,5
T4,3,0,28,1
T5,4,0,105,4
T6,5,0,200,6
T7,6,1,135,16
[426]
T1,0,1,124,2
T2,1,0,150,14
T3,2,0,200,14
T4,3,1,37,2
T5,4,0,186,65
T6,5,0,24,1
T7,6,0,100,1
[427]
T1,0,0,150,18
T2,1,0,90,2
T3,2,0,200,9
T4,3,1,22,6
T5,4,0,41,2
T6,5,1,186,10
T7,6,0,60,4
[428]
T1,0,1,148,6
T2,1,1,35,2
T3,2,1,35,2
T4,3,1,84,11
T5,4,0,200,2
T6,5,0,72,15
T7,6,1,180,28
[429]
T1,0,0,200,2
T2,1,0,33,3
T3,2,0,54,5
T4,3,0,180,11
T5,4,1,171,18
T6,5,1,20,1
T7,6,0,90,11
[430]
T1,0,1,200,28
T2,1,0,185,12
T3,2,1,30,2
T4,3,0,52,3
T5,4,1,180,7
T6,5,0,90,10
T7,6,1,100,15
[431]
T1,0,1,200,8
T2,1,1,84,2
T3,2,0,42,6
T4,3,1,168,7
T5,4,1,150,11
T6,5,0,115,21
T7,6,1,29,1
[432]
T1,0,1,126,8
T2,1,1,200,11
T3,2,0,168,23
T4,3,1,40,9
T5,4,1,161,1
T6,5,1,30,2
T7,6,1,75,4
[433]
T1,0,0,43,6
T2,1,0,84,9
T3,2,1,200,10
T4,3,0,164,7
T5,4,1,42,4
T6,5,1,112,10
T7,6,1,150,6
[434]
T1,0,1,147,1
T2,1,1,26,3
T3,2,1,200,54
T4,3,1,175,15
T5,4,0,66,2
T6,5,0,80,4
T7,6,0,24,2
[435]
T1,0,0,42,6
T2,1,1,147,2
T3,2,0,190,6
T4,3,1,52,2
T5,4,0,200,1
T6,5,0,75,24
T7,6,0,150,3
[436]
T1,0,1,28,4
T2,1,1,52,14
T3,2,1,140,3
T4,3,1,200,3
T5,4,0,182,13
T6,5,1,128,2
T7,6,1,182,5
[437]
T1,0,1,80,5
T2,1,1,175,44
T3,2,0,50,4
T4,3,0,34,1
T5,4,1,176,1
T6,5,1,200,8
T7,6,1,65,6
[438]
T1,0,0,200,36
T2,1,0,168,3
T3,2,1,32,4
T4,3,0,150,11
T5,4,0,63,6
T6,5,1,40,2
T7,6,0,77,2
[439]
T1,0,1,180,23
T2,1,1,159,32
T3,2,1,36,3
T4,3,1,25,2
T5,4,0,105,5
T6,5,0,200,1
T7,6,0,63,2
[440]
T1,0,0,125,2
T2,1,1,43,5
T3,2,1,76,4
T4,3,0,24,1
T5,4,1,195,42
T6,5,1,200,14
T7,6,0,152,6
[441]
T1,0,0,22,2
T2,1,1,200,9
T3,2,0,48,5
T4,3,0,64,14
T5,4,0,181,4
T6,5,0,150,17
T7,6,0,100,4
[442]
T1,0,1,148,2
T2,1,1,80,18
T3,2,0,110,15
T4,3,0,24,2
T5,4,1,200,10
T6,5,1,165,1
T7,6,1,32,1
[443]
T1,0,0,35,2
T2,1,0,80,18
T3,2,0,162,3
T4,3,1,87,10
T5,4,1,180,8
T6,5,0,29,2
T7,6,1,200,27
[444]
T1,0,1,100,2
T2,1,1,168,5
T3,2,0,43,2
T4,3,0,200,7
T5,4,1,48,1
T6,5,0,84,38
T7,6,1,183,3
[445]
T1,0,1,20,2
T2,1,0,108,2
T3,2,0,200,48
T4,3,0,95,4
T5,4,1,150,12
T6,5,0,168,9
T7,6,0,47,5
[446]
T1,0,0,114,16
T2,1,1,190,15
T3,2,1,57,2
T4,3,0,38,1
T5,4,0,200,1
T6,5,0,150,38
T7,6,0,22,1
[447]
T1,0,1,105,13
T2,1,0,200,2
T3,2,0,145,18
T4,3,0,175,17
T5,4,1,40,1
T6,5,0,32,2
T7,6,0,168,21
[448]
T1,0,1,48,2
T2,1,0,108,2
T3,2,1,100,31
T4,3,1,51,3
T5,4,0,171,5
T6,5,0,200,6
T7,6,1,162,16
[449]
T1,0,0,108,7
T2,1,0,24,1
T3,2,1,26,1
T4,3,0,200,31
T5,4,1,144,4
T6,5,0,195,42
T7,6,1,175,2
[450]
T1,0,1,35,3
T2,1,1,100,1
T3,2,0,150,5
T4,3,1,48,2
T5,4,1,200,62
T6,5,0,85,7
T7,6,1,184,4
[451]
T1,0,1,32,2
T2,1,0,132,8
T3,2,1,175,14
T4,3,1,30,5
T5,4,1,120,5
T6,5,0,200,7
T7,6,1,160,19
[452]
T1,0,1,42,2
T2,1,0,152,14
T3,2,1,25,3
T4,3,0,120,6
T5,4,1,190,13
T6,5,0,200,11
T7,6,0,57,9
[453]
T1,0,0,156,1
T2,1,1,200,36
T3,2,1,117,2
T4,3,1,40,5
T5,4,0,189,8
T6,5,1,45,7
T7,6,1,91,5
[454]
T1,0,0,39,2
T2,1,1,96,21
T3,2,0,160,20
T4,3,0,38,2
T5,4,1,162,7
T6,5,0,200,25
T7,6,0,60,2
[455]
T1,0,1,200,4
T2,1,0,84,12
T3,2,1,21,1
T4,3,0,47,3
T5,4,0,175,2
T6,5,0,141,26
T7,6,0,175,13
[456]
T1,0,1,30,2
T2,1,0,129,54
T3,2,0,34,2
T4,3,0,172,6
T5,4,1,75,3
T6,5,0,162,2
T7,6,1,200,2
[457]
T1,0,0,182,20
T2,1,0,189,28
T3,2,1,42,2
T4,3,0,130,13
T5,4,0,100,16
T6,5,0,200,2
T7,6,0,30,1
[458]
T1,0,1,66,4
T2,1,0,200,5
T3,2,0,176,46
T4,3,1,143,1
T5,4,1,40,4
T6,5,0,160,14
T7,6,0,20,2
[459]
T1,0,0,36,2
T2,1,0,185,29
T3,2,0,198,7
T4,3,0,200,5
T5,4,0,110,8
T6,5,0,22,2
T7,6,1,111,18
[460]
T1,0,1,143,5
T2,1,0,80,4
T3,2,0,22,2
T4,3,1,36,3
T5,4,0,180,4
T6,5,0,176,13
T7,6,0,200,53
[461]
T1,0,1,70,22
T2,1,1,21,2
T3,2,1,84,10
T4,3,0,189,11
T5,4,0,200,2
T6,5,0,27,2
T7,6,0,184,7
[462]
T1,0,1,182,2
T2,1,0,80,17
T3,2,0,182,2
T4,3,1,136,14
T5,4,0,200,11
T6,5,0,34,2
T7,6,1,40,8
[463]
T1,0,0,170,5
T2,1,1,25,2
T3,2,1,72,2
T4,3,0,25,5
T5,4,1,120,3
T6,5,0,162,24
T7,6,1,200,5
[464]
T1,0,1,26,2
T2,1,0,124,20
T3,2,1,155,12
T4,3,1,200,3
T5,4,1,28,8
T6,5,0,96,2
T7,6,0,150,2
[465]
T1,0,1,132,9
T2,1,0,54,3
T3,2,0,200,41
T4,3,0,20,2
T5,4,0,76,2
T6,5,1,150,7
T7,6,0,152,32
[466]
T1,0,1,40,4
T2,1,0,22,2
T3,2,0,176,1
T4,3,0,176,4
T5,4,1,119,2
T6,5,1,200,7
T7,6,1,70,18
[467]
T1,0,1,25,5
T2,1,0,200,24
T3,2,1,192,16
T4,3,0,40,1
T5,4,0,95,7
T6,5,1,175,1
T7,6,0,57,2
[468]
T1,0,1,115,2
T2,1,0,23,2
T3,2,0,34,2
T4,3,1,170,17
T5,4,1,170,2
T6,5,1,119,8
T7,6,0,200,60
[469]
T1,0,1,110,1
T2,1,0,75,8
T3,2,1,35,4
T4,3,1,24,2
T5,4,1,176,8
T6,5,0,200,21
T7,6,1,150,29
[470]
T1,0,0,200,7
T2,1,0,165,23
T3,2,0,35,2
T4,3,0,112,13
T5,4,0,180,2
T6,5,1,96,20
T7,6,1,48,3
[471]
T1,0,0,24,2
T2,1,1,63,2
T3,2,0,189,11
T4,3,0,48,7
T5,4,0,200,7
T6,5,0,128,15
T7,6,1,150,26
[472]
T1,0,1,38,9
T2,1,0,200,2
T3,2,1,60,2
T4,3,1,100,15
T5,4,1,189,10
T6,5,0,171,3
T7,6,1,24,1
[473]
T1,0,1,39,3
T2,1,0,195,2
T3,2,1,120,15
T4,3,0,100,8
T5,4,0,200,13
T6,5,1,25,2
T7,6,0,194,20
[474]
T1,0,0,200,12
T2,1,1,54,6
T3,2,0,27,4
T4,3,1,172,18
T5,4,1,162,2
T6,5,1,129,13
T7,6,1,25,1
[475]
T1,0,0,168,2
T2,1,1,176,28
T3,2,1,147,24
T4,3,0,20,2
T5,4,1,200,25
T6,5,0,88,4
T7,6,1,48,3
[476]
T1,0,1,105,20
T2,1,1,175,8
T3,2,0,152,5
T4,3,0,31,2
T5,4,0,110,19
T6,5,1,38,4
T7,6,0,200,1
[477]
T1,0,0,52,2
T2,1,1,150,36
T3,2,1,100,1
T4,3,0,94,16
T5,4,1,200,13
T6,5,0,38,2
T7,6,0,195,6
[478]
T1,0,0,29,1
T2,1,0,145,1
T3,2,0,200,17
T4,3,0,43,4
T5,4,1,90,11
T6,5,1,190,47
T7,6,0,150,2
[479]
T1,0,0,45,2
T2,1,0,98,2
T3,2,1,30,1
T4,3,0,196,6
T5,4,0,132,24
T6,5,1,200,43
T7,6,0,165,17
[480]
T1,0,0,200,34
T2,1,0,32,2
T3,2,0,165,3
T4,3,1,60,6
T5,4,1,184,13
T6,5,0,138,20
T7,6,0,43,2
[481]
T1,0,1,180,26
T2,1,0,20,2
T3,2,0,90,2
T4,3,1,180,1
T5,4,1,118,17
T6,5,1,200,31
T7,6,0,25,2
[482]
T1,0,1,200,29
T2,1,1,40,1
T3,2,1,100,6
T4,3,0,60,4
T5,4,1,185,2
T6,5,1,168,19
T7,6,1,48,7
[483]
T1,0,0,200,18
T2,1,0,192,27
T3,2,1,51,3
T4,3,1,80,6
T5,4,1,160,12
T6,5,1,136,8
T7,6,1,20,1
[484]
T1,0,1,175,20
T2,1,1,72,4
T3,2,0,168,30
T4,3,0,73,1
T5,4,0,36,7
T6,5,0,36,2
T7,6,0,200,2
[485]
T1,0,1,200,8
T2,1,1,51,1
T3,2,1,176,29
T4,3,1,195,24
T5,4,1,132,8
T6,5,0,22,1
T7,6,0,88,7
[486]
T1,0,1,125,12
T2,1,0,40,2
T3,2,0,196,22
T4,3,0,35,2
T5,4,1,200,23
T6,5,0,196,24
T7,6,0,144,9
[487]
T1,0,1,75,5
T2,1,1,150,2
T3,2,0,200,17
T4,3,0,44,4
T5,4,1,80,4
T6,5,0,32,2
T7,6,1,186,35
[488]
T1,0,1,54,5
T2,1,0,200,1
T3,2,1,102,26
T4,3,1,28,1
T5,4,1,126,2
T6,5,1,153,4
T7,6,0,153,19
[489]
T1,0,1,165,13
T2,1,1,26,2
T3,2,0,130,2
T4,3,0,180,61
T5,4,1,34,1
T6,5,0,200,10
T7,6,0,120,6
[490]
T1,0,0,168,18
T2,1,1,40,1
T3,2,1,125,2
T4,3,1,200,31
T5,4,1,124,6
T6,5,0,48,2
T7,6,0,186,39
[491]
T1,0,1,192,47
T2,1,0,30,3
T3,2,1,128,4
T4,3,1,150,9
T5,4,1,28,2
T6,5,1,200,13
T7,6,1,116,4
[492]
T1,0,1,162,21
T2,1,0,90,12
T3,2,0,200,4
T4,3,1,95,4
T5,4,1,45,7
T6,5,1,152,7
T7,6,1,37,1
[493]
T1,0,1,200,5
T2,1,1,24,1
T3,2,0,143,16
T4,3,1,175,11
T5,4,1,40,2
T6,5,1,168,10
T7,6,1,66,14
[494]
T1,0,0,34,3
T2,1,0,63,8
T3,2,0,175,17
T4,3,0,138,2
T5,4,0,200,8
T6,5,1,150,17
T7,6,1,25,2
[495]
T1,0,0,154,8
T2,1,1,88,5
T3,2,1,152,19
T4,3,1,75,2
T5,4,0,50,6
T6,5,1,47,8
T7,6,0,200,1
[496]
T1,0,1,54,2
T2,1,0,126,41
T3,2,0,152,2
T4,3,0,50,1
T5,4,0,135,4
T6,5,0,150,13
T7,6,0,200,13
[497]
T1,0,0,85,6
T2,1,0,50,2
T3,2,0,168,31
T4,3,0,200,8
T5,4,1,160,2
T6,5,0,80,14
T7,6,1,20,2
[498]
T1,0,1,30,6
T2,1,0,196,9
T3,2,1,180,18
T4,3,0,60,2
T5,4,0,40,5
T6,5,0,135,7
T7,6,1,200,9
[499]
T1,0,1,34,2
T2,1,0,200,4
T3,2,0,117,1
T4,3,0,130,17
T5,4,0,180,17
T6,5,1,32,7
T7,6,1,168,6
[500]
T1,0,1,75,7
T2,1,1,187,3
T3,2,0,198,4
T4,3,1,24,3
T5,4,0,60,2
T6,5,1,45,1
T7,6,1,200,50
