num_task_per_taskset=7
num_taskset=500
//ID,Priority,Offset,Period,Execution Time
[1]
T1,0,1,129,17
T2,1,0,200,5
T3,2,0,45,2
T4,3,1,36,13
T5,4,0,75,1
T6,5,1,175,14
T7,6,0,172,8
[2]
T1,0,0,96,5
T2,1,0,189,4
T3,2,1,100,13
T4,3,1,32,3
T5,4,0,48,3
T6,5,1,150,2
T7,6,1,200,60
[3]
T1,0,1,32,7
T2,1,0,180,2
T3,2,0,200,3
T4,3,1,112,2
T5,4,1,84,24
T6,5,1,25,1
T7,6,1,192,7
[4]
T1,0,1,200,40
T2,1,0,47,1
T3,2,1,60,9
T4,3,1,184,3
T5,4,1,49,11
T6,5,1,147,2
T7,6,1,70,3
[5]
T1,0,0,120,6
T2,1,1,192,3
T3,2,1,200,13
T4,3,1,40,4
T5,4,1,168,3
T6,5,0,98,16
T7,6,1,47,12
[6]
T1,0,0,21,2
T2,1,0,124,17
T3,2,0,160,4
T4,3,0,200,5
T5,4,0,75,18
T6,5,0,50,7
T7,6,1,160,1
[7]
T1,0,0,86,1
T2,1,1,150,26
T3,2,1,200,29
T4,3,1,30,2
T5,4,0,120,2
T6,5,0,160,2
T7,6,0,20,5
[8]
T1,0,0,200,2
T2,1,1,40,6
T3,2,1,195,5
T4,3,1,121,9
T5,4,1,100,15
T6,5,0,195,15
T7,6,0,25,4
[9]
T1,0,1,171,3
T2,1,1,72,6
T3,2,0,40,2
T4,3,1,200,2
T5,4,1,145,22
T6,5,0,190,35
T7,6,0,30,7
[10]
T1,0,1,70,17
T2,1,1,30,2
T3,2,0,200,17
T4,3,1,140,11
T5,4,0,180,35
T6,5,0,35,1
T7,6,1,184,4
[11]
T1,0,0,175,16
T2,1,1,108,21
T3,2,1,50,2
T4,3,1,200,31
T5,4,0,39,4
T6,5,0,98,1
T7,6,1,162,17
[12]
T1,0,1,40,2
T2,1,1,176,1
T3,2,1,135,38
T4,3,0,50,2
T5,4,0,105,19
T6,5,1,200,28
T7,6,0,175,4
[13]
T1,0,1,200,17
T2,1,0,55,9
T3,2,1,38,2
T4,3,1,175,32
T5,4,0,60,9
T6,5,0,28,1
T7,6,0,180,3
[14]
T1,0,1,30,2
T2,1,0,65,4
T3,2,1,160,2
T4,3,1,43,6
T5,4,0,115,2
T6,5,0,184,15
T7,6,1,200,67
[15]
T1,0,1,20,1
T2,1,0,60,6
T3,2,1,114,3
T4,3,0,152,5
T5,4,1,39,7
T6,5,1,155,27
T7,6,0,200,14
[16]
T1,0,0,23,3
T2,1,0,160,17
T3,2,0,90,4
T4,3,0,200,20
T5,4,1,44,10
T6,5,1,128,2
T7,6,0,180,9
[17]
T1,0,0,186,6
T2,1,0,93,8
T3,2,0,175,8
T4,3,0,45,2
T5,4,0,31,1
T6,5,0,56,24
T7,6,1,200,1
[18]
T1,0,0,75,2
T2,1,1,180,7
T3,2,1,46,10
T4,3,1,138,3
T5,4,0,200,13
T6,5,0,40,1
T7,6,1,180,49
[19]
T1,0,0,33,3
T2,1,1,200,12
T3,2,0,56,8
T4,3,0,25,2
T5,4,1,147,20
T6,5,0,165,5
T7,6,1,55,11
[20]
T1,0,1,140,3
T2,1,1,38,5
T3,2,0,160,23
T4,3,1,121,3
T5,4,1,175,39
T6,5,0,200,13
T7,6,1,44,2
[21]
T1,0,0,89,18
T2,1,1,200,73
T3,2,0,150,4
T4,3,0,30,2
T5,4,0,165,5
T6,5,0,37,2
T7,6,0,89,2
[22]
T1,0,0,192,23
T2,1,1,24,1
T3,2,0,96,9
T4,3,1,35,2
T5,4,0,152,38
T6,5,1,105,7
T7,6,1,200,14
[23]
T1,0,1,180,37
T2,1,0,51,2
T3,2,1,200,19
T4,3,0,144,10
T5,4,0,162,21
T6,5,1,44,7
T7,6,1,75,2
[24]
T1,0,0,169,2
T2,1,0,169,19
T3,2,1,46,5
T4,3,0,42,3
T5,4,0,130,24
T6,5,0,56,3
T7,6,0,200,21
[25]
T1,0,1,58,3
T2,1,0,174,10
T3,2,1,162,5
T4,3,1,120,9
T5,4,1,27,2
T6,5,0,200,27
T7,6,0,29,9
[26]
T1,0,0,76,15
T2,1,0,200,14
T3,2,1,120,16
T4,3,0,155,3
T5,4,1,49,7
T6,5,1,155,5
T7,6,1,25,1
[27]
T1,0,1,182,2
T2,1,0,100,2
T3,2,1,21,2
T4,3,1,200,21
T5,4,0,195,107
T6,5,0,78,2
T7,6,1,40,1
[28]
T1,0,0,200,9
T2,1,1,144,38
T3,2,1,162,19
T4,3,1,68,8
T5,4,1,40,2
T6,5,1,162,4
T7,6,0,50,5
[29]
T1,0,1,36,2
T2,1,1,140,2
T3,2,0,35,13
T4,3,1,200,4
T5,4,0,175,4
T6,5,0,95,4
T7,6,0,182,24
[30]
T1,0,0,23,1
T2,1,1,158,61
T3,2,1,90,9
T4,3,1,30,1
T5,4,0,60,2
T6,5,1,200,17
T7,6,0,180,2
[31]
T1,0,1,200,19
T2,1,0,49,8
T3,2,0,66,6
T4,3,1,66,2
T5,4,0,32,2
T6,5,0,168,47
T7,6,1,198,6
[32]
T1,0,1,52,4
T2,1,1,160,45
T3,2,1,186,2
T4,3,0,62,9
T5,4,1,80,6
T6,5,0,47,1
T7,6,1,200,9
[33]
T1,0,1,150,23
T2,1,1,120,10
T3,2,0,28,3
T4,3,0,72,2
T5,4,0,166,8
T6,5,1,200,16
T7,6,0,54,10
[34]
T1,0,0,198,8
T2,1,1,200,5
T3,2,0,195,17
T4,3,1,80,5
T5,4,1,55,6
T6,5,0,45,14
T7,6,1,39,1
[35]
T1,0,0,40,2
T2,1,1,20,2
T3,2,1,200,6
T4,3,1,123,13
T5,4,0,168,23
T6,5,0,75,26
T7,6,0,180,7
[36]
T1,0,1,198,8
T2,1,1,200,2
T3,2,1,180,11
T4,3,1,68,21
T5,4,1,90,3
T6,5,0,33,6
T7,6,1,51,2
[37]
T1,0,1,75,12
T2,1,0,148,3
T3,2,0,200,36
T4,3,0,74,4
T5,4,0,23,2
T6,5,0,150,14
T7,6,1,29,4
[38]
T1,0,1,174,18
T2,1,0,48,16
T3,2,0,165,10
T4,3,1,120,2
T5,4,1,110,2
T6,5,1,200,28
T7,6,1,50,2
[39]
T1,0,1,49,3
T2,1,1,174,21
T3,2,0,74,7
T4,3,1,174,27
T5,4,0,200,1
T6,5,1,30,2
T7,6,1,145,23
[40]
T1,0,0,175,6
T2,1,0,200,67
T3,2,1,88,5
T4,3,0,140,4
T5,4,1,168,16
T6,5,0,51,1
T7,6,0,20,1
[41]
T1,0,1,48,4
T2,1,1,200,7
T3,2,1,80,4
T4,3,0,155,8
T5,4,1,96,6
T6,5,1,39,9
T7,6,1,160,26
[42]
T1,0,0,100,28
T2,1,0,145,8
T3,2,1,180,15
T4,3,0,24,2
T5,4,0,200,42
T6,5,0,40,2
T7,6,0,162,4
[43]
T1,0,0,190,37
T2,1,1,190,1
T3,2,0,200,48
T4,3,0,41,4
T5,4,1,95,3
T6,5,1,40,2
T7,6,0,76,2
[44]
T1,0,1,200,3
T2,1,0,64,5
T3,2,0,48,2
T4,3,0,170,20
T5,4,0,34,9
T6,5,0,153,15
T7,6,0,102,4
[45]
T1,0,0,160,22
T2,1,1,161,3
T3,2,0,200,2
T4,3,0,46,2
T5,4,1,30,1
T6,5,0,105,8
T7,6,1,140,50
[46]
T1,0,1,25,2
T2,1,0,108,7
T3,2,0,108,47
T4,3,1,200,11
T5,4,1,150,13
T6,5,0,192,2
T7,6,1,52,2
[47]
T1,0,0,42,8
T2,1,1,34,3
T3,2,0,104,8
T4,3,1,182,8
T5,4,1,143,26
T6,5,0,156,6
T7,6,1,200,6
[48]
T1,0,0,200,7
T2,1,1,176,15
T3,2,1,22,1
T4,3,0,120,21
T5,4,1,34,2
T6,5,1,185,24
T7,6,1,96,15
[49]
T1,0,1,95,7
T2,1,0,39,1
T3,2,0,120,1
T4,3,1,200,13
T5,4,0,152,28
T6,5,0,166,7
T7,6,1,30,8
[50]
T1,0,0,160,2
T2,1,0,200,8
T3,2,0,36,5
T4,3,1,63,7
T5,4,1,160,14
T6,5,0,63,16
T7,6,1,28,1
[51]
T1,0,1,45,6
T2,1,0,20,2
T3,2,0,158,30
T4,3,1,150,7
T5,4,1,80,10
T6,5,1,200,9
T7,6,1,72,8
[52]
T1,0,0,200,8
T2,1,1,29,2
T3,2,0,42,2
T4,3,0,100,9
T5,4,0,150,49
T6,5,0,188,29
T7,6,0,120,6
[53]
T1,0,0,195,30
T2,1,1,78,5
T3,2,1,189,6
T4,3,1,40,2
T5,4,1,120,9
T6,5,1,51,6
T7,6,0,200,41
[54]
T1,0,1,30,2
T2,1,0,120,42
T3,2,0,188,12
T4,3,0,168,14
T5,4,1,200,26
T6,5,0,80,2
T7,6,0,48,1
[55]
T1,0,0,168,23
T2,1,1,65,3
T3,2,0,28,2
T4,3,0,35,9
T5,4,1,182,2
T6,5,1,64,10
T7,6,1,200,11
[56]
T1,0,0,105,7
T2,1,1,175,2
T3,2,1,138,37
T4,3,1,192,18
T5,4,1,42,7
T6,5,1,200,2
T7,6,1,30,2
[57]
T1,0,1,156,29
T2,1,1,140,15
T3,2,1,39,2
T4,3,1,143,5
T5,4,1,156,31
T6,5,0,200,3
T7,6,0,24,3
[58]
T1,0,1,60,5
T2,1,0,40,1
T3,2,0,41,2
T4,3,1,153,40
T5,4,1,102,9
T6,5,1,155,19
T7,6,0,200,8
[59]
T1,0,0,47,4
T2,1,1,84,3
T3,2,0,78,16
T4,3,0,168,4
T5,4,1,28,6
T6,5,1,160,10
T7,6,0,200,9
[60]
T1,0,0,200,49
T2,1,1,25,2
T3,2,1,44,1
T4,3,1,178,37
T5,4,0,150,2
T6,5,0,75,14
T7,6,1,110,2
[61]
T1,0,0,180,60
T2,1,0,200,17
T3,2,0,196,37
T4,3,0,98,2
T5,4,1,120,2
T6,5,1,36,1
T7,6,0,42,1
[62]
T1,0,1,51,1
T2,1,0,165,19
T3,2,0,52,1
T4,3,0,176,61
T5,4,0,200,3
T6,5,1,117,1
T7,6,0,144,19
[63]
T1,0,0,30,3
T2,1,1,160,1
T3,2,0,144,22
T4,3,1,132,24
T5,4,0,200,15
T6,5,0,24,2
T7,6,0,160,22
[64]
T1,0,0,170,2
T2,1,0,140,29
T3,2,1,23,2
T4,3,0,200,9
T5,4,0,40,4
T6,5,1,96,13
T7,6,0,180,10
[65]
T1,0,1,30,4
T2,1,0,78,2
T3,2,1,200,13
T4,3,0,154,24
T5,4,0,34,1
T6,5,1,175,36
T7,6,1,91,2
[66]
T1,0,1,198,9
T2,1,0,99,19
T3,2,0,33,6
T4,3,1,27,2
T5,4,1,130,1
T6,5,0,200,5
T7,6,1,195,38
[67]
T1,0,0,196,19
T2,1,0,42,9
T3,2,0,52,2
T4,3,0,70,5
T5,4,0,200,16
T6,5,1,104,16
T7,6,0,175,2
[68]
T1,0,1,87,7
T2,1,1,160,4
T3,2,0,36,5
T4,3,0,150,8
T5,4,0,100,12
T6,5,0,29,4
T7,6,1,200,16
[69]
T1,0,1,162,10
T2,1,0,200,12
T3,2,0,42,2
T4,3,0,81,9
T5,4,0,135,42
T6,5,0,20,2
T7,6,0,165,17
[70]
T1,0,0,36,8
T2,1,1,200,3
T3,2,1,162,25
T4,3,0,70,2
T5,4,0,70,6
T6,5,1,28,2
T7,6,1,189,11
[71]
T1,0,0,176,19
T2,1,0,30,4
T3,2,0,22,5
T4,3,0,200,7
T5,4,0,99,2
T6,5,1,115,6
T7,6,1,165,14
[72]
T1,0,0,175,1
T2,1,1,200,1
T3,2,0,140,3
T4,3,1,22,2
T5,4,1,165,24
T6,5,1,34,14
T7,6,1,112,4
[73]
T1,0,0,150,4
T2,1,0,164,21
T3,2,0,200,13
T4,3,1,21,3
T5,4,0,66,1
T6,5,0,123,2
T7,6,0,45,11
[74]
T1,0,1,150,14
T2,1,0,100,3
T3,2,1,27,2
T4,3,0,47,13
T5,4,0,82,3
T6,5,1,200,6
T7,6,0,160,27
[75]
T1,0,0,40,2
T2,1,0,162,33
T3,2,1,117,24
T4,3,1,47,7
T5,4,1,162,12
T6,5,0,100,1
T7,6,0,200,4
[76]
T1,0,0,144,2
T2,1,1,200,8
T3,2,0,120,4
T4,3,0,150,3
T5,4,1,34,2
T6,5,1,192,1
T7,6,1,41,23
[77]
T1,0,1,55,6
T2,1,0,200,70
T3,2,1,110,3
T4,3,1,50,2
T5,4,1,150,19
T6,5,0,160,1
T7,6,0,54,1
[78]
T1,0,1,105,2
T2,1,0,91,3
T3,2,1,54,3
T4,3,1,45,10
T5,4,1,200,28
T6,5,0,156,23
T7,6,0,189,10
[79]
T1,0,0,98,15
T2,1,0,165,57
T3,2,0,23,2
T4,3,0,200,13
T5,4,0,100,2
T6,5,1,48,3
T7,6,1,196,8
[80]
T1,0,1,161,19
T2,1,1,23,2
T3,2,1,84,12
T4,3,1,184,14
T5,4,1,200,8
T6,5,0,40,10
T7,6,0,72,1
[81]
T1,0,1,55,1
T2,1,1,162,35
T3,2,1,44,7
T4,3,0,34,1
T5,4,0,90,5
T6,5,0,200,14
T7,6,0,160,15
[82]
T1,0,0,160,11
T2,1,1,25,5
T3,2,0,170,2
T4,3,1,28,6
T5,4,1,102,1
T6,5,1,200,29
T7,6,1,104,2
[83]
T1,0,0,124,8
T2,1,0,50,4
T3,2,1,148,3
T4,3,1,200,56
T5,4,1,155,13
T6,5,0,53,3
T7,6,1,74,6
[84]
T1,0,1,177,17
T2,1,0,49,1
T3,2,1,118,7
T4,3,0,60,10
T5,4,1,180,17
T6,5,1,36,1
T7,6,1,200,42
[85]
T1,0,0,200,8
T2,1,0,192,37
T3,2,1,168,21
T4,3,0,45,5
T5,4,1,133,10
T6,5,0,20,2
T7,6,0,114,12
[86]
T1,0,1,21,2
T2,1,0,200,29
T3,2,1,140,11
T4,3,1,175,21
T5,4,0,171,2
T6,5,1,80,7
T7,6,0,49,9
[87]
T1,0,1,200,13
T2,1,1,176,2
T3,2,0,80,15
T4,3,1,21,1
T5,4,0,165,45
T6,5,0,38,2
T7,6,1,110,1
[88]
T1,0,1,180,38
T2,1,0,190,2
T3,2,1,200,38
T4,3,1,25,2
T5,4,1,120,7
T6,5,1,144,19
T7,6,1,36,2
[89]
T1,0,1,51,3
T2,1,0,200,41
T3,2,1,66,3
T4,3,1,96,8
T5,4,1,45,2
T6,5,1,160,11
T7,6,1,165,34
[90]
T1,0,0,162,6
T2,1,1,24,1
T3,2,1,27,2
T4,3,0,150,2
T5,4,0,100,1
T6,5,1,140,54
T7,6,1,200,14
[91]
T1,0,0,161,10
T2,1,1,200,19
T3,2,1,44,11
T4,3,0,92,7
T5,4,1,147,20
T6,5,1,147,2
T7,6,0,25,1
[92]
T1,0,1,176,5
T2,1,0,180,24
T3,2,0,64,1
T4,3,0,75,9
T5,4,1,47,1
T6,5,1,200,13
T7,6,1,44,12
[93]
T1,0,0,22,1
T2,1,0,22,2
T3,2,1,175,8
T4,3,0,180,48
T5,4,1,200,13
T6,5,1,75,10
T7,6,1,96,9
[94]
T1,0,1,198,18
T2,1,0,99,12
T3,2,0,32,2
T4,3,1,99,3
T5,4,1,200,2
T6,5,0,198,52
T7,6,1,46,7
[95]
T1,0,1,72,15
T2,1,1,35,1
T3,2,0,81,17
T4,3,0,200,7
T5,4,0,192,4
T6,5,0,46,2
T7,6,1,168,26
[96]
T1,0,0,65,5
T2,1,0,25,1
T3,2,0,182,26
T4,3,0,170,9
T5,4,1,200,14
T6,5,1,130,28
T7,6,1,26,1
[97]
T1,0,1,200,16
T2,1,1,144,2
T3,2,1,36,1
T4,3,0,164,44
T5,4,1,164,26
T6,5,1,40,2
T7,6,0,120,13
[98]
T1,0,0,68,3
T2,1,0,165,31
T3,2,1,34,1
T4,3,1,49,2
T5,4,0,75,21
T6,5,0,168,10
T7,6,0,200,11
[99]
T1,0,1,44,4
T2,1,0,176,7
T3,2,0,30,3
T4,3,1,108,15
T5,4,0,112,13
T6,5,1,200,7
T7,6,0,150,19
[100]
T1,0,0,165,9
T2,1,0,175,7
T3,2,0,130,3
T4,3,1,84,21
T5,4,1,200,30
T6,5,0,20,2
T7,6,1,33,1
[101]
T1,0,0,95,12
T2,1,1,20,3
T3,2,1,200,41
T4,3,1,27,2
T5,4,1,190,10
T6,5,1,160,10
T7,6,0,118,5
[102]
T1,0,0,102,1
T2,1,1,182,27
T3,2,0,70,7
T4,3,0,200,35
T5,4,1,36,2
T6,5,0,156,34
T7,6,0,42,1
[103]
T1,0,1,180,8
T2,1,1,115,8
T3,2,1,51,2
T4,3,1,200,33
T5,4,0,27,6
T6,5,0,108,13
T7,6,0,189,4
[104]
T1,0,0,100,6
T2,1,1,23,2
T3,2,1,200,45
T4,3,0,150,2
T5,4,1,22,1
T6,5,1,150,25
T7,6,1,95,11
[105]
T1,0,1,52,6
T2,1,1,21,4
T3,2,0,65,2
T4,3,0,80,13
T5,4,1,200,5
T6,5,1,168,8
T7,6,0,189,20
[106]
T1,0,1,175,13
T2,1,1,175,14
T3,2,1,64,2
T4,3,1,60,8
T5,4,0,41,7
T6,5,1,200,10
T7,6,0,30,3
[107]
T1,0,0,190,3
T2,1,0,192,6
T3,2,0,95,4
T4,3,0,54,7
T5,4,0,28,9
T6,5,0,25,1
T7,6,0,200,17
[108]
T1,0,0,200,47
T2,1,1,159,17
T3,2,0,21,3
T4,3,1,27,2
T5,4,1,150,1
T6,5,0,75,2
T7,6,1,126,7
[109]
T1,0,1,81,2
T2,1,0,45,7
T3,2,1,60,5
T4,3,0,170,10
T5,4,1,200,4
T6,5,1,40,4
T7,6,0,150,38
[110]
T1,0,1,180,17
T2,1,1,69,3
T3,2,0,150,3
T4,3,1,60,1
T5,4,1,44,8
T6,5,1,200,40
T7,6,0,39,4
[111]
T1,0,1,85,13
T2,1,0,195,43
T3,2,1,30,2
T4,3,0,30,2
T5,4,0,60,7
T6,5,0,200,20
T7,6,0,168,7
[112]
T1,0,0,75,5
T2,1,1,200,48
T3,2,0,35,2
T4,3,1,30,1
T5,4,0,162,14
T6,5,0,160,11
T7,6,0,81,7
[113]
T1,0,0,28,1
T2,1,0,162,2
T3,2,0,80,14
T4,3,1,60,4
T5,4,1,180,1
T6,5,1,21,5
T7,6,0,200,23
[114]
T1,0,0,37,1
T2,1,0,180,33
T3,2,1,21,2
T4,3,1,200,13
T5,4,0,150,2
T6,5,1,63,7
T7,6,1,132,32
[115]
T1,0,1,40,5
T2,1,1,177,3
T3,2,0,53,1
T4,3,1,168,13
T5,4,0,200,26
T6,5,1,126,21
T7,6,1,140,16
[116]
T1,0,1,90,5
T2,1,1,176,16
T3,2,0,88,12
T4,3,1,28,1
T5,4,0,200,16
T6,5,0,165,42
T7,6,1,25,2
[117]
T1,0,1,77,6
T2,1,1,20,2
T3,2,0,40,2
T4,3,1,80,19
T5,4,0,192,11
T6,5,0,200,34
T7,6,0,154,2
[118]
T1,0,0,154,26
T2,1,1,200,14
T3,2,0,60,3
T4,3,0,24,2
T5,4,0,20,2
T6,5,0,176,28
T7,6,0,128,13
[119]
T1,0,1,40,1
T2,1,1,150,4
T3,2,0,23,10
T4,3,0,125,9
T5,4,0,170,2
T6,5,1,112,7
T7,6,0,200,4
[120]
T1,0,1,60,7
T2,1,0,32,2
T3,2,0,120,6
T4,3,0,155,18
T5,4,1,200,19
T6,5,0,50,2
T7,6,0,175,39
[121]
T1,0,1,32,2
T2,1,1,159,7
T3,2,0,144,28
T4,3,0,159,40
T5,4,1,200,21
T6,5,1,46,2
T7,6,1,120,1
[122]
T1,0,0,148,20
T2,1,1,45,13
T3,2,1,200,5
T4,3,0,150,9
T5,4,0,90,3
T6,5,0,99,5
T7,6,1,30,1
[123]
T1,0,1,34,1
T2,1,1,77,13
T3,2,0,187,41
T4,3,1,200,13
T5,4,1,84,10
T6,5,0,31,2
T7,6,0,150,1
[124]
T1,0,0,35,5
T2,1,0,196,16
T3,2,0,21,1
T4,3,0,90,3
T5,4,0,192,3
T6,5,0,84,24
T7,6,1,200,4
[125]
T1,0,1,43,2
T2,1,1,36,1
T3,2,1,200,3
T4,3,1,108,43
T5,4,1,162,5
T6,5,0,156,15
T7,6,0,120,3
[126]
T1,0,0,162,55
T2,1,1,90,3
T3,2,1,48,2
T4,3,1,198,6
T5,4,0,60,6
T6,5,1,200,19
T7,6,1,22,2
[127]
T1,0,0,44,8
T2,1,1,150,23
T3,2,1,200,8
T4,3,0,84,14
T5,4,1,28,1
T6,5,0,162,6
T7,6,1,81,2
[128]
T1,0,1,102,5
T2,1,1,126,8
T3,2,0,153,11
T4,3,0,200,25
T5,4,0,153,49
T6,5,1,20,2
T7,6,1,34,2
[129]
T1,0,1,171,19
T2,1,0,114,22
T3,2,1,56,2
T4,3,0,168,27
T5,4,1,26,2
T6,5,0,28,1
T7,6,0,200,29
[130]
T1,0,1,99,2
T2,1,0,48,1
T3,2,0,104,10
T4,3,1,200,39
T5,4,0,165,2
T6,5,1,195,51
T7,6,1,26,1
[131]
T1,0,1,43,1
T2,1,0,162,25
T3,2,0,90,9
T4,3,1,81,13
T5,4,0,200,11
T6,5,0,20,3
T7,6,1,164,2
[132]
T1,0,0,21,2
T2,1,1,70,5
T3,2,1,44,1
T4,3,0,197,60
T5,4,1,60,5
T6,5,1,200,4
T7,6,1,168,5
[133]
T1,0,1,40,1
T2,1,0,66,4
T3,2,0,47,1
T4,3,0,154,4
T5,4,0,121,31
T6,5,0,165,8
T7,6,1,200,47
[134]
T1,0,0,150,20
T2,1,1,128,20
T3,2,1,200,20
T4,3,1,49,4
T5,4,0,123,10
T6,5,0,24,1
T7,6,0,150,5
[135]
T1,0,1,200,22
T2,1,1,120,5
T3,2,1,150,2
T4,3,0,27,1
T5,4,1,55,7
T6,5,1,152,7
T7,6,1,25,7
[136]
T1,0,0,168,39
T2,1,1,76,6
T3,2,0,32,2
T4,3,0,200,6
T5,4,0,152,24
T6,5,0,52,2
T7,6,1,120,9
[137]
T1,0,0,25,2
T2,1,0,200,24
T3,2,1,152,9
T4,3,1,190,2
T5,4,0,114,28
T6,5,0,47,3
T7,6,1,100,7
[138]
T1,0,1,200,2
T2,1,1,44,2
T3,2,0,72,3
T4,3,0,77,3
T5,4,1,165,9
T6,5,0,41,17
T7,6,0,198,10
[139]
T1,0,0,156,30
T2,1,1,33,1
T3,2,1,174,26
T4,3,0,87,7
T5,4,0,200,7
T6,5,1,52,4
T7,6,1,116,11
[140]
T1,0,0,200,14
T2,1,0,34,2
T3,2,0,20,3
T4,3,0,175,3
T5,4,0,88,15
T6,5,1,130,19
T7,6,0,160,5
[141]
T1,0,0,171,8
T2,1,1,200,4
T3,2,1,72,10
T4,3,0,72,20
T5,4,0,54,4
T6,5,0,190,13
T7,6,0,45,1
[142]
T1,0,1,160,18
T2,1,1,200,34
T3,2,1,155,10
T4,3,1,23,1
T5,4,1,20,1
T6,5,0,100,16
T7,6,1,92,1
[143]
T1,0,1,36,5
T2,1,0,75,4
T3,2,0,43,1
T4,3,0,179,26
T5,4,0,200,20
T6,5,0,150,16
T7,6,1,120,10
[144]
T1,0,0,198,9
T2,1,1,200,5
T3,2,0,42,3
T4,3,0,80,8
T5,4,1,31,2
T6,5,0,175,67
T7,6,0,56,1
[145]
T1,0,0,120,13
T2,1,1,160,31
T3,2,1,200,14
T4,3,1,120,5
T5,4,0,22,2
T6,5,0,48,1
T7,6,1,155,18
[146]
T1,0,0,30,4
T2,1,1,51,9
T3,2,1,200,14
T4,3,1,160,23
T5,4,0,104,5
T6,5,0,176,11
T7,6,1,96,3
[147]
T1,0,0,38,2
T2,1,0,115,13
T3,2,1,200,9
T4,3,1,176,28
T5,4,1,140,31
T6,5,1,184,2
T7,6,0,28,3
[148]
T1,0,0,195,88
T2,1,1,28,2
T3,2,1,75,2
T4,3,1,195,9
T5,4,1,200,8
T6,5,1,31,2
T7,6,1,80,7
[149]
T1,0,1,30,1
T2,1,0,34,10
T3,2,1,150,9
T4,3,0,183,12
T5,4,1,75,2
T6,5,0,75,6
T7,6,0,200,18
[150]
T1,0,1,21,2
T2,1,1,140,32
T3,2,1,185,3
T4,3,1,120,10
T5,4,1,168,22
T6,5,1,35,4
T7,6,0,200,2
[151]
T1,0,1,150,14
T2,1,1,200,28
T3,2,0,117,10
T4,3,0,31,2
T5,4,1,20,2
T6,5,1,168,6
T7,6,0,65,15
[152]
T1,0,1,200,17
T2,1,1,120,2
T3,2,1,188,5
T4,3,1,25,4
T5,4,1,78,24
T6,5,0,188,2
T7,6,1,27,1
[153]
T1,0,0,154,35
T2,1,1,165,2
T3,2,0,36,2
T4,3,1,43,2
T5,4,0,60,11
T6,5,0,100,6
T7,6,1,200,32
[154]
T1,0,1,126,18
T2,1,0,189,30
T3,2,0,200,12
T4,3,1,60,5
T5,4,1,161,11
T6,5,0,34,2
T7,6,1,21,3
[155]
T1,0,0,87,44
T2,1,0,41,1
T3,2,0,145,2
T4,3,1,20,1
T5,4,1,200,1
T6,5,1,150,1
T7,6,0,195,16
[156]
T1,0,0,32,1
T2,1,1,34,2
T3,2,1,54,4
T4,3,0,160,6
T5,4,0,200,58
T6,5,1,153,17
T7,6,1,135,7
[157]
T1,0,1,42,10
T2,1,0,106,3
T3,2,0,168,10
T4,3,1,159,8
T5,4,1,200,20
T6,5,0,28,5
T7,6,1,84,1
[158]
T1,0,0,115,6
T2,1,0,26,1
T3,2,1,184,7
T4,3,0,37,15
T5,4,0,150,7
T6,5,1,92,1
T7,6,0,200,11
[159]
T1,0,0,198,12
T2,1,0,195,36
T3,2,1,100,3
T4,3,0,200,26
T5,4,1,117,2
T6,5,1,30,6
T7,6,1,36,1
[160]
T1,0,1,200,22
T2,1,1,30,1
T3,2,1,128,32
T4,3,1,180,9
T5,4,1,41,2
T6,5,0,114,8
T7,6,0,160,13
[161]
T1,0,1,192,29
T2,1,0,88,6
T3,2,1,40,2
T4,3,1,200,23
T5,4,1,195,4
T6,5,1,32,2
T7,6,0,88,21
[162]
T1,0,0,200,29
T2,1,0,175,12
T3,2,0,48,7
T4,3,0,164,2
T5,4,1,120,13
T6,5,0,112,20
T7,6,1,24,2
[163]
T1,0,1,164,2
T2,1,1,52,2
T3,2,1,200,7
T4,3,0,117,25
T5,4,0,25,1
T6,5,1,65,1
T7,6,0,150,46
[164]
T1,0,1,44,1
T2,1,0,48,8
T3,2,0,192,12
T4,3,1,200,17
T5,4,1,60,2
T6,5,0,108,21
T7,6,1,192,18
[165]
T1,0,0,200,12
T2,1,0,119,22
T3,2,1,56,4
T4,3,0,33,2
T5,4,0,187,3
T6,5,0,165,24
T7,6,0,37,7
[166]
T1,0,0,192,21
T2,1,1,64,8
T3,2,0,199,10
T4,3,1,28,1
T5,4,1,200,49
T6,5,0,64,4
T7,6,1,20,2
[167]
T1,0,1,165,16
T2,1,0,98,17
T3,2,0,50,1
T4,3,0,55,1
T5,4,1,29,2
T6,5,0,175,48
T7,6,0,200,11
[168]
T1,0,1,165,14
T2,1,0,40,3
T3,2,1,108,10
T4,3,0,42,2
T5,4,0,200,39
T6,5,0,175,33
T7,6,0,60,2
[169]
T1,0,0,180,20
T2,1,0,162,45
T3,2,1,27,2
T4,3,1,200,10
T5,4,1,26,1
T6,5,1,72,1
T7,6,0,116,21
[170]
T1,0,0,45,4
T2,1,0,150,29
T3,2,1,200,6
T4,3,0,43,7
T5,4,1,115,20
T6,5,1,180,5
T7,6,1,99,2
[171]
T1,0,1,48,3
T2,1,1,200,33
T3,2,0,64,11
T4,3,1,80,1
T5,4,1,168,2
T6,5,1,26,2
T7,6,1,170,25
[172]
T1,0,1,72,8
T2,1,0,200,26
T3,2,0,21,2
T4,3,0,184,15
T5,4,0,168,14
T6,5,0,120,20
T7,6,1,20,1
[173]
T1,0,0,200,27
T2,1,1,128,5
T3,2,1,128,26
T4,3,1,36,2
T5,4,0,168,12
T6,5,0,24,2
T7,6,0,192,39
[174]
T1,0,0,72,1
T2,1,1,90,1
T3,2,0,33,14
T4,3,1,198,2
T5,4,0,200,3
T6,5,0,154,25
T7,6,0,40,1
[175]
T1,0,1,200,6
T2,1,1,43,9
T3,2,1,104,12
T4,3,0,150,1
T5,4,0,25,4
T6,5,1,65,4
T7,6,1,156,10
[176]
T1,0,0,125,9
T2,1,0,180,21
T3,2,1,150,35
T4,3,1,21,2
T5,4,0,89,5
T6,5,1,40,2
T7,6,0,200,12
[177]
T1,0,0,100,4
T2,1,0,132,9
T3,2,1,23,2
T4,3,1,196,13
T5,4,1,22,2
T6,5,1,198,50
T7,6,1,200,23
[178]
T1,0,1,105,2
T2,1,1,57,2
T3,2,0,35,2
T4,3,0,152,12
T5,4,1,35,2
T6,5,1,200,108
T7,6,0,171,2
[179]
T1,0,0,97,19
T2,1,0,200,12
T3,2,0,194,39
T4,3,0,47,2
T5,4,1,194,22
T6,5,0,22,2
T7,6,0,60,3
[180]
T1,0,1,135,1
T2,1,0,188,14
T3,2,0,54,3
T4,3,0,150,22
T5,4,1,50,1
T6,5,1,200,32
T7,6,0,48,9
[181]
T1,0,0,200,34
T2,1,0,41,3
T3,2,1,102,13
T4,3,1,21,2
T5,4,1,63,5
T6,5,0,180,12
T7,6,1,189,6
[182]
T1,0,0,189,15
T2,1,1,175,18
T3,2,1,84,17
T4,3,1,42,4
T5,4,1,36,4
T6,5,0,200,9
T7,6,0,72,2
[183]
T1,0,1,200,23
T2,1,0,34,2
T3,2,0,176,11
T4,3,1,180,17
T5,4,1,84,6
T6,5,1,66,11
T7,6,0,42,3
[184]
T1,0,1,51,1
T2,1,1,156,3
T3,2,0,66,10
T4,3,1,200,22
T5,4,0,24,1
T6,5,1,150,12
T7,6,1,108,25
[185]
T1,0,0,99,1
T2,1,0,50,7
T3,2,0,49,2
T4,3,0,160,9
T5,4,0,55,11
T6,5,1,200,41
T7,6,0,150,8
[186]
T1,0,0,154,21
T2,1,0,200,64
T3,2,1,22,1
T4,3,0,40,1
T5,4,1,130,3
T6,5,1,165,11
T7,6,1,77,2
[187]
T1,0,0,30,4
T2,1,1,49,3
T3,2,0,156,2
T4,3,0,56,6
T5,4,1,125,2
T6,5,1,180,28
T7,6,1,200,37
[188]
T1,0,0,88,3
T2,1,0,45,2
T3,2,1,160,24
T4,3,0,70,2
T5,4,1,41,9
T6,5,1,200,35
T7,6,0,176,6
[189]
T1,0,1,29,2
T2,1,1,96,14
T3,2,0,200,10
T4,3,0,29,3
T5,4,1,150,21
T6,5,0,135,1
T7,6,0,160,32
[190]
T1,0,0,38,4
T2,1,1,200,32
T3,2,0,154,10
T4,3,1,175,22
T5,4,1,100,2
T6,5,0,42,5
T7,6,0,88,8
[191]
T1,0,0,105,1
T2,1,0,28,2
T3,2,1,126,4
T4,3,0,150,24
T5,4,1,200,57
T6,5,0,159,2
T7,6,0,21,1
[192]
T1,0,0,63,10
T2,1,0,48,3
T3,2,1,186,12
T4,3,0,200,4
T5,4,1,105,15
T6,5,1,155,28
T7,6,1,28,2
[193]
T1,0,1,141,5
T2,1,0,150,53
T3,2,0,39,4
T4,3,0,150,1
T5,4,1,115,8
T6,5,0,200,4
T7,6,1,50,3
[194]
T1,0,0,159,4
T2,1,1,33,2
T3,2,0,200,46
T4,3,0,70,5
T5,4,1,168,54
T6,5,1,112,2
T7,6,1,50,2
[195]
T1,0,1,200,3
T2,1,0,144,34
T3,2,1,162,17
T4,3,0,45,4
T5,4,0,24,3
T6,5,0,68,2
T7,6,1,170,15
[196]
T1,0,1,150,17
T2,1,0,88,5
T3,2,0,38,8
T4,3,1,55,4
T5,4,0,150,2
T6,5,1,48,2
T7,6,0,200,28
[197]
T1,0,0,43,2
T2,1,0,130,50
T3,2,0,200,11
T4,3,0,176,11
T5,4,1,77,6
T6,5,1,22,2
T7,6,1,175,6
[198]
T1,0,0,140,2
T2,1,1,180,30
T3,2,0,28,5
T4,3,1,99,7
T5,4,1,200,25
T6,5,1,29,2
T7,6,1,189,4
[199]
T1,0,1,20,2
T2,1,0,200,42
T3,2,1,175,8
T4,3,0,175,11
T5,4,0,84,7
T6,5,0,110,1
T7,6,0,25,5
[200]
T1,0,1,55,12
T2,1,0,132,7
T3,2,0,200,2
T4,3,0,44,2
T5,4,0,42,4
T6,5,0,192,4
T7,6,1,165,34
[201]
T1,0,1,80,21
T2,1,0,160,23
T3,2,1,200,6
T4,3,0,30,2
T5,4,1,23,3
T6,5,1,168,3
T7,6,1,76,4
[202]
T1,0,0,200,3
T2,1,0,160,25
T3,2,1,144,23
T4,3,1,40,2
T5,4,0,65,3
T6,5,1,32,5
T7,6,1,162,13
[203]
T1,0,1,165,5
T2,1,0,85,1
T3,2,0,88,4
T4,3,1,50,3
T5,4,1,45,8
T6,5,1,168,10
T7,6,0,200,59
[204]
T1,0,0,168,3
T2,1,1,200,21
T3,2,1,115,2
T4,3,0,40,3
T5,4,1,138,8
T6,5,0,168,35
T7,6,0,36,7
[205]
T1,0,1,192,26
T2,1,1,96,16
T3,2,1,21,1
T4,3,0,84,3
T5,4,0,200,13
T6,5,0,22,2
T7,6,0,150,24
[206]
T1,0,0,25,5
T2,1,1,25,2
T3,2,0,56,8
T4,3,0,160,8
T5,4,0,200,34
T6,5,1,190,3
T7,6,1,84,6
[207]
T1,0,0,150,28
T2,1,1,50,2
T3,2,1,194,4
T4,3,0,90,13
T5,4,1,135,33
T6,5,1,35,2
T7,6,1,200,2
[208]
T1,0,1,105,19
T2,1,1,50,5
T3,2,0,150,24
T4,3,1,35,3
T5,4,0,154,8
T6,5,1,128,7
T7,6,1,200,7
[209]
T1,0,1,22,2
T2,1,0,132,41
T3,2,0,164,10
T4,3,1,20,1
T5,4,1,180,6
T6,5,0,66,9
T7,6,0,200,6
[210]
T1,0,0,20,3
T2,1,1,34,2
T3,2,0,150,1
T4,3,0,130,27
T5,4,1,200,16
T6,5,1,182,20
T7,6,0,125,6
[211]
T1,0,0,59,2
T2,1,1,180,27
T3,2,0,45,2
T4,3,1,118,5
T5,4,1,44,12
T6,5,1,200,2
T7,6,1,168,25
[212]
T1,0,1,200,1
T2,1,1,140,29
T3,2,1,86,5
T4,3,1,182,13
T5,4,1,182,46
T6,5,1,25,2
T7,6,1,45,2
[213]
T1,0,0,200,2
T2,1,0,56,7
T3,2,0,49,7
T4,3,0,42,10
T5,4,1,189,5
T6,5,0,77,3
T7,6,0,189,16
[214]
T1,0,1,28,7
T2,1,0,189,5
T3,2,1,53,4
T4,3,1,72,12
T5,4,0,200,9
T6,5,0,184,9
T7,6,0,115,5
[215]
T1,0,0,168,45
T2,1,1,200,8
T3,2,0,70,4
T4,3,1,56,1
T5,4,1,40,2
T6,5,0,168,2
T7,6,0,20,4
[216]
T1,0,1,150,2
T2,1,0,93,11
T3,2,1,200,2
T4,3,1,159,3
T5,4,0,60,18
T6,5,0,25,2
T7,6,0,48,4
[217]
T1,0,0,84,10
T2,1,0,108,1
T3,2,0,200,6
T4,3,0,161,14
T5,4,0,29,2
T6,5,1,175,19
T7,6,0,20,6
[218]
T1,0,0,54,5
T2,1,1,198,24
T3,2,0,45,2
T4,3,1,186,28
T5,4,0,120,7
T6,5,0,110,2
T7,6,0,200,40
[219]
T1,0,1,160,19
T2,1,0,200,21
T3,2,1,128,26
T4,3,0,26,1
T5,4,1,176,2
T6,5,1,25,4
T7,6,0,85,1
[220]
T1,0,0,150,1
T2,1,1,23,3
T3,2,1,42,13
T4,3,1,200,6
T5,4,1,114,10
T6,5,1,180,10
T7,6,1,112,7
[221]
T1,0,0,21,3
T2,1,1,200,21
T3,2,0,34,1
T4,3,1,160,30
T5,4,1,104,2
T6,5,0,84,3
T7,6,1,192,24
[222]
T1,0,0,200,15
T2,1,1,150,9
T3,2,1,180,75
T4,3,1,84,4
T5,4,0,21,1
T6,5,1,66,1
T7,6,1,48,2
[223]
T1,0,1,48,10
T2,1,0,200,4
T3,2,1,188,33
T4,3,0,90,1
T5,4,1,31,2
T6,5,0,150,5
T7,6,1,125,19
[224]
T1,0,0,50,2
T2,1,1,160,3
T3,2,0,20,1
T4,3,1,72,6
T5,4,1,171,15
T6,5,0,75,19
T7,6,0,200,25
[225]
T1,0,1,188,9
T2,1,1,75,7
T3,2,1,30,2
T4,3,1,29,2
T5,4,1,75,1
T6,5,1,150,41
T7,6,1,200,19
[226]
T1,0,0,36,2
T2,1,0,24,3
T3,2,0,70,3
T4,3,1,84,1
T5,4,0,175,56
T6,5,1,200,17
T7,6,1,158,3
[227]
T1,0,1,188,15
T2,1,0,175,7
T3,2,1,140,37
T4,3,0,200,2
T5,4,1,40,2
T6,5,0,88,24
T7,6,1,54,1
[228]
T1,0,1,21,6
T2,1,0,200,3
T3,2,0,168,17
T4,3,1,115,2
T5,4,1,35,1
T6,5,0,160,14
T7,6,1,120,12
[229]
T1,0,1,30,3
T2,1,0,140,20
T3,2,1,200,18
T4,3,0,191,20
T5,4,1,34,1
T6,5,0,60,8
T7,6,0,175,11
[230]
T1,0,1,44,5
T2,1,1,90,2
T3,2,0,108,1
T4,3,1,200,3
T5,4,0,150,4
T6,5,1,25,1
T7,6,0,162,71
[231]
T1,0,1,200,2
T2,1,0,50,12
T3,2,0,162,3
T4,3,1,60,15
T5,4,0,150,11
T6,5,1,126,8
T7,6,0,26,2
[232]
T1,0,1,200,2
T2,1,0,26,6
T3,2,1,100,13
T4,3,0,160,2
T5,4,1,170,23
T6,5,1,78,11
T7,6,0,24,2
[233]
T1,0,1,44,4
T2,1,1,180,29
T3,2,1,165,27
T4,3,0,25,1
T5,4,0,141,4
T6,5,1,120,9
T7,6,0,200,19
[234]
T1,0,0,200,1
T2,1,0,198,9
T3,2,0,176,17
T4,3,0,95,2
T5,4,0,66,10
T6,5,1,40,5
T7,6,1,31,7
[235]
T1,0,1,168,26
T2,1,1,160,26
T3,2,0,20,2
T4,3,1,60,2
T5,4,0,41,6
T6,5,1,64,2
T7,6,1,200,31
[236]
T1,0,1,60,1
T2,1,0,172,8
T3,2,0,49,5
T4,3,1,22,2
T5,4,0,172,42
T6,5,0,110,9
T7,6,1,200,10
[237]
T1,0,0,60,2
T2,1,1,170,19
T3,2,0,28,4
T4,3,1,170,17
T5,4,1,200,19
T6,5,1,55,2
T7,6,0,34,4
[238]
T1,0,0,40,5
T2,1,0,200,35
T3,2,0,56,1
T4,3,0,43,4
T5,4,0,56,3
T6,5,1,154,16
T7,6,0,184,16
[239]
T1,0,1,21,3
T2,1,1,180,1
T3,2,1,195,32
T4,3,1,54,4
T5,4,1,200,51
T6,5,0,104,2
T7,6,1,21,2
[240]
T1,0,1,140,10
T2,1,0,160,24
T3,2,0,55,5
T4,3,1,22,2
T5,4,0,200,22
T6,5,1,41,1
T7,6,0,196,20
[241]
T1,0,1,165,14
T2,1,0,200,6
T3,2,0,66,29
T4,3,0,42,2
T5,4,0,84,2
T6,5,0,53,2
T7,6,1,170,2
[242]
T1,0,0,200,5
T2,1,1,72,10
T3,2,1,33,5
T4,3,0,165,3
T5,4,1,22,2
T6,5,1,72,4
T7,6,1,150,42
[243]
T1,0,0,28,4
T2,1,1,126,1
T3,2,1,49,10
T4,3,0,200,3
T5,4,0,63,9
T6,5,1,162,3
T7,6,1,162,21
[244]
T1,0,0,32,4
T2,1,1,200,4
T3,2,1,160,45
T4,3,0,176,12
T5,4,0,75,2
T6,5,0,84,3
T7,6,0,20,2
[245]
T1,0,0,150,14
T2,1,1,39,2
T3,2,0,125,25
T4,3,1,150,14
T5,4,1,32,4
T6,5,0,200,19
T7,6,1,76,3
[246]
T1,0,1,56,4
T2,1,0,156,43
T3,2,0,31,2
T4,3,0,75,8
T5,4,1,28,1
T6,5,1,200,10
T7,6,1,180,1
[247]
T1,0,0,90,8
T2,1,1,195,16
T3,2,1,175,1
T4,3,0,40,3
T5,4,0,54,8
T6,5,1,36,5
T7,6,0,200,25
[248]
T1,0,0,200,7
T2,1,1,45,19
T3,2,1,171,2
T4,3,1,190,13
T5,4,0,56,1
T6,5,1,38,2
T7,6,1,144,7
[249]
T1,0,0,66,27
T2,1,1,190,16
T3,2,1,160,14
T4,3,0,23,2
T5,4,0,20,2
T6,5,1,200,4
T7,6,0,55,2
[250]
T1,0,0,200,33
T2,1,0,22,3
T3,2,0,53,4
T4,3,0,88,8
T5,4,0,84,2
T6,5,1,198,18
T7,6,0,176,16
[251]
T1,0,0,42,1
T2,1,1,192,15
T3,2,0,80,19
T4,3,1,20,1
T5,4,0,132,13
T6,5,0,200,23
T7,6,0,154,9
[252]
T1,0,1,200,2
T2,1,0,154,16
T3,2,1,70,16
T4,3,0,185,17
T5,4,1,110,9
T6,5,0,28,2
T7,6,0,26,2
[253]
T1,0,0,165,40
T2,1,0,30,2
T3,2,1,60,5
T4,3,0,129,2
T5,4,1,150,4
T6,5,1,200,5
T7,6,0,51,14
[254]
T1,0,1,200,1
T2,1,0,168,72
T3,2,0,27,1
T4,3,1,24,2
T5,4,0,70,3
T6,5,0,75,7
T7,6,0,175,9
[255]
T1,0,1,72,10
T2,1,1,148,32
T3,2,0,34,2
T4,3,0,40,2
T5,4,1,200,24
T6,5,0,140,22
T7,6,0,150,1
[256]
T1,0,1,40,19
T2,1,1,200,4
T3,2,1,75,1
T4,3,0,45,2
T5,4,1,196,2
T6,5,1,140,2
T7,6,0,192,33
[257]
T1,0,1,171,14
T2,1,0,32,2
T3,2,0,171,16
T4,3,0,200,13
T5,4,1,45,2
T6,5,1,55,1
T7,6,1,76,20
[258]
T1,0,0,77,11
T2,1,0,200,1
T3,2,1,47,2
T4,3,0,44,8
T5,4,1,175,22
T6,5,1,96,12
T7,6,0,154,7
[259]
T1,0,1,140,11
T2,1,1,44,9
T3,2,1,43,1
T4,3,1,200,10
T5,4,1,168,6
T6,5,1,160,37
T7,6,1,84,2
[260]
T1,0,0,195,25
T2,1,0,75,2
T3,2,0,100,31
T4,3,0,38,1
T5,4,1,200,5
T6,5,1,160,18
T7,6,1,29,2
[261]
T1,0,0,21,1
T2,1,1,119,1
T3,2,0,175,2
T4,3,1,100,19
T5,4,1,170,2
T6,5,1,26,8
T7,6,0,200,12
[262]
T1,0,1,125,2
T2,1,1,25,2
T3,2,0,168,16
T4,3,1,200,83
T5,4,0,162,11
T6,5,1,90,4
T7,6,1,33,2
[263]
T1,0,1,87,6
T2,1,0,33,2
T3,2,1,168,17
T4,3,1,75,25
T5,4,0,196,5
T6,5,0,200,18
T7,6,0,49,1
[264]
T1,0,0,54,2
T2,1,1,168,10
T3,2,0,125,9
T4,3,1,120,45
T5,4,0,200,10
T6,5,1,182,6
T7,6,1,20,2
[265]
T1,0,0,140,16
T2,1,0,166,16
T3,2,1,40,3
T4,3,1,150,8
T5,4,0,200,28
T6,5,1,50,5
T7,6,1,84,6
[266]
T1,0,0,140,6
T2,1,1,148,2
T3,2,0,200,38
T4,3,1,112,10
T5,4,1,37,3
T6,5,0,21,4
T7,6,0,148,6
[267]
T1,0,1,54,4
T2,1,1,119,33
T3,2,1,185,4
T4,3,0,200,11
T5,4,0,148,2
T6,5,0,20,2
T7,6,0,56,11
[268]
T1,0,1,195,50
T2,1,0,195,20
T3,2,1,33,2
T4,3,0,104,2
T5,4,1,144,15
T6,5,0,26,1
T7,6,1,200,14
[269]
T1,0,0,92,6
T2,1,0,200,15
T3,2,0,168,24
T4,3,0,126,26
T5,4,0,45,1
T6,5,0,36,2
T7,6,1,189,26
[270]
T1,0,1,165,23
T2,1,0,200,2
T3,2,0,154,49
T4,3,0,56,2
T5,4,0,30,2
T6,5,0,112,18
T7,6,1,23,2
[271]
T1,0,0,180,2
T2,1,0,42,9
T3,2,0,96,8
T4,3,0,72,5
T5,4,0,200,2
T6,5,0,195,48
T7,6,0,53,2
[272]
T1,0,1,105,9
T2,1,1,182,14
T3,2,0,150,1
T4,3,0,21,3
T5,4,1,200,56
T6,5,1,147,1
T7,6,0,37,2
[273]
T1,0,0,180,8
T2,1,1,75,18
T3,2,0,40,4
T4,3,1,200,12
T5,4,1,37,2
T6,5,1,192,30
T7,6,0,118,5
[274]
T1,0,1,200,52
T2,1,1,82,12
T3,2,0,72,2
T4,3,0,180,6
T5,4,0,198,2
T6,5,1,30,2
T7,6,0,51,6
[275]
T1,0,1,200,15
T2,1,0,110,9
T3,2,1,174,11
T4,3,1,33,2
T5,4,1,32,8
T6,5,1,176,26
T7,6,1,116,2
[276]
T1,0,1,48,3
T2,1,1,198,13
T3,2,0,176,14
T4,3,0,200,17
T5,4,1,84,11
T6,5,1,105,17
T7,6,1,20,1
[277]
T1,0,1,44,8
T2,1,0,165,37
T3,2,0,20,2
T4,3,0,104,7
T5,4,0,200,2
T6,5,0,66,1
T7,6,1,165,7
[278]
T1,0,0,180,11
T2,1,1,175,31
T3,2,1,30,2
T4,3,0,53,14
T5,4,0,106,4
T6,5,0,100,6
T7,6,0,200,15
[279]
T1,0,1,200,5
T2,1,0,100,15
T3,2,1,32,1
T4,3,1,150,7
T5,4,1,148,2
T6,5,0,26,3
T7,6,0,111,30
[280]
T1,0,1,200,24
T2,1,1,70,2
T3,2,0,24,3
T4,3,0,90,2
T5,4,0,148,8
T6,5,0,36,2
T7,6,1,185,46
[281]
T1,0,0,48,6
T2,1,0,200,17
T3,2,0,164,9
T4,3,0,168,15
T5,4,1,75,14
T6,5,0,123,4
T7,6,0,49,4
[282]
T1,0,1,96,1
T2,1,1,100,30
T3,2,0,175,20
T4,3,0,32,4
T5,4,0,200,5
T6,5,1,175,13
T7,6,1,43,1
[283]
T1,0,1,90,20
T2,1,1,26,2
T3,2,1,50,5
T4,3,1,196,4
T5,4,0,154,14
T6,5,0,77,10
T7,6,1,200,4
[284]
T1,0,1,52,2
T2,1,0,50,2
T3,2,0,88,4
T4,3,1,187,34
T5,4,1,200,55
T6,5,1,136,20
T7,6,1,190,2
[285]
T1,0,0,80,8
T2,1,0,154,37
T3,2,1,165,8
T4,3,0,52,8
T5,4,0,21,2
T6,5,1,200,15
T7,6,0,125,2
[286]
T1,0,0,135,1
T2,1,1,162,11
T3,2,1,200,38
T4,3,1,81,16
T5,4,0,42,2
T6,5,0,150,25
T7,6,1,36,2
[287]
T1,0,0,54,10
T2,1,0,79,6
T3,2,0,200,17
T4,3,0,30,1
T5,4,0,140,31
T6,5,0,180,1
T7,6,1,168,10
[288]
T1,0,1,182,31
T2,1,0,132,8
T3,2,0,66,12
T4,3,1,25,4
T5,4,0,42,2
T6,5,0,200,11
T7,6,0,154,2
[289]
T1,0,1,112,5
T2,1,1,174,8
T3,2,0,145,43
T4,3,1,180,10
T5,4,0,23,2
T6,5,0,200,30
T7,6,1,25,1
[290]
T1,0,0,153,2
T2,1,1,120,16
T3,2,1,150,42
T4,3,0,22,2
T5,4,1,200,13
T6,5,1,126,1
T7,6,1,21,3
[291]
T1,0,1,104,5
T2,1,0,200,23
T3,2,1,25,3
T4,3,1,150,10
T5,4,0,144,7
T6,5,0,152,9
T7,6,0,35,6
[292]
T1,0,0,52,2
T2,1,1,30,5
T3,2,1,91,12
T4,3,1,105,1
T5,4,0,200,4
T6,5,0,154,11
T7,6,0,195,47
[293]
T1,0,0,154,13
T2,1,1,23,6
T3,2,1,36,3
T4,3,1,100,2
T5,4,0,200,4
T6,5,1,108,4
T7,6,1,198,33
[294]
T1,0,0,64,2
T2,1,0,30,4
T3,2,1,200,7
T4,3,1,150,12
T5,4,0,192,52
T6,5,0,48,3
T7,6,0,137,13
[295]
T1,0,0,45,2
T2,1,1,77,14
T3,2,1,150,23
T4,3,0,20,2
T5,4,1,200,28
T6,5,1,168,17
T7,6,0,68,2
[296]
T1,0,1,200,12
T2,1,0,44,1
T3,2,0,189,50
T4,3,1,126,15
T5,4,1,45,2
T6,5,1,150,9
T7,6,0,115,11
[297]
T1,0,0,140,10
T2,1,1,200,19
T3,2,0,196,24
T4,3,1,116,2
T5,4,1,50,10
T6,5,1,150,9
T7,6,0,24,3
[298]
T1,0,1,102,12
T2,1,1,30,2
T3,2,1,90,5
T4,3,1,54,4
T5,4,1,200,43
T6,5,0,153,3
T7,6,0,176,36
[299]
T1,0,0,48,2
T2,1,0,164,41
T3,2,0,95,17
T4,3,1,152,5
T5,4,0,38,4
T6,5,1,200,6
T7,6,0,75,2
[300]
T1,0,0,39,2
T2,1,0,200,81
T3,2,0,150,2
T4,3,1,88,2
T5,4,1,34,2
T6,5,0,168,4
T7,6,0,60,11
[301]
T1,0,1,160,7
T2,1,0,172,45
T3,2,1,40,1
T4,3,1,110,4
T5,4,1,43,4
T6,5,0,55,8
T7,6,0,200,10
[302]
T1,0,0,156,3
T2,1,0,25,1
T3,2,1,73,1
T4,3,1,156,4
T5,4,0,200,45
T6,5,1,22,4
T7,6,1,146,22
[303]
T1,0,1,90,9
T2,1,0,200,15
T3,2,0,100,2
T4,3,0,20,6
T5,4,0,175,3
T6,5,1,171,21
T7,6,1,30,2
[304]
T1,0,1,98,23
T2,1,0,154,19
T3,2,1,154,9
T4,3,1,112,13
T5,4,1,200,17
T6,5,0,24,1
T7,6,0,30,2
[305]
T1,0,0,48,2
T2,1,1,105,9
T3,2,1,165,12
T4,3,1,112,10
T5,4,0,43,1
T6,5,1,180,36
T7,6,0,200,38
[306]
T1,0,1,200,48
T2,1,1,110,1
T3,2,1,125,17
T4,3,0,48,2
T5,4,0,176,27
T6,5,0,150,14
T7,6,1,36,2
[307]
T1,0,1,135,10
T2,1,0,154,17
T3,2,0,200,18
T4,3,0,154,14
T5,4,1,24,2
T6,5,1,40,6
T7,6,0,70,10
[308]
T1,0,0,95,25
T2,1,1,63,2
T3,2,0,40,2
T4,3,1,48,2
T5,4,0,168,15
T6,5,0,200,33
T7,6,1,152,7
[309]
T1,0,1,172,1
T2,1,0,48,2
T3,2,0,175,5
T4,3,0,200,35
T5,4,1,25,1
T6,5,0,126,18
T7,6,0,75,18
[310]
T1,0,1,35,2
T2,1,0,154,16
T3,2,0,66,2
T4,3,1,200,10
T5,4,1,120,16
T6,5,0,54,5
T7,6,1,176,42
[311]
T1,0,0,136,2
T2,1,0,90,23
T3,2,0,35,2
T4,3,0,180,2
T5,4,1,200,20
T6,5,1,46,6
T7,6,1,168,23
[312]
T1,0,1,200,7
T2,1,1,75,7
T3,2,0,111,22
T4,3,0,50,1
T5,4,1,46,7
T6,5,0,170,16
T7,6,0,185,13
[313]
T1,0,0,90,13
T2,1,0,155,2
T3,2,1,24,1
T4,3,1,165,23
T5,4,0,200,23
T6,5,0,100,15
T7,6,0,25,1
[314]
T1,0,1,175,25
T2,1,1,56,2
T3,2,0,36,5
T4,3,1,124,12
T5,4,1,200,13
T6,5,0,168,17
T7,6,1,32,3
[315]
T1,0,1,187,11
T2,1,1,88,20
T3,2,0,48,2
T4,3,0,200,34
T5,4,1,170,12
T6,5,1,88,5
T7,6,1,49,4
[316]
T1,0,1,200,11
T2,1,1,42,1
T3,2,0,100,28
T4,3,1,140,28
T5,4,1,20,2
T6,5,0,152,17
T7,6,1,148,1
[317]
T1,0,1,20,2
T2,1,1,164,1
T3,2,1,130,5
T4,3,1,175,38
T5,4,0,200,33
T6,5,0,65,6
T7,6,0,22,2
[318]
T1,0,0,200,9
T2,1,1,156,16
T3,2,1,49,3
T4,3,0,40,5
T5,4,0,182,2
T6,5,0,84,27
T7,6,1,140,3
[319]
T1,0,0,180,21
T2,1,1,200,6
T3,2,1,25,2
T4,3,1,99,8
T5,4,1,22,6
T6,5,0,70,2
T7,6,1,176,26
[320]
T1,0,1,170,2
T2,1,1,41,9
T3,2,1,170,4
T4,3,0,25,5
T5,4,0,91,2
T6,5,1,200,8
T7,6,0,119,19
[321]
T1,0,1,180,22
T2,1,0,33,1
T3,2,1,184,8
T4,3,0,80,4
T5,4,1,200,39
T6,5,1,41,9
T7,6,1,115,1
[322]
T1,0,1,102,22
T2,1,1,200,5
T3,2,1,30,1
T4,3,0,75,3
T5,4,0,180,12
T6,5,0,24,3
T7,6,1,160,23
[323]
T1,0,1,78,1
T2,1,0,180,31
T3,2,1,200,34
T4,3,1,182,7
T5,4,0,39,6
T6,5,0,144,13
T7,6,0,35,1
[324]
T1,0,0,45,8
T2,1,0,189,4
T3,2,1,200,18
T4,3,0,115,4
T5,4,1,60,3
T6,5,0,150,35
T7,6,1,23,1
[325]
T1,0,1,70,12
T2,1,1,175,10
T3,2,1,42,1
T4,3,1,200,6
T5,4,0,52,7
T6,5,1,110,10
T7,6,0,152,24
[326]
T1,0,1,104,23
T2,1,1,195,25
T3,2,1,28,2
T4,3,1,175,1
T5,4,0,21,3
T6,5,1,132,2
T7,6,0,200,26
[327]
T1,0,1,160,35
T2,1,0,70,7
T3,2,1,21,1
T4,3,0,184,20
T5,4,0,84,2
T6,5,1,200,10
T7,6,0,28,3
[328]
T1,0,1,51,1
T2,1,1,176,15
T3,2,1,200,63
T4,3,1,153,5
T5,4,1,66,6
T6,5,1,68,2
T7,6,1,30,3
[329]
T1,0,1,200,21
T2,1,1,20,2
T3,2,1,33,8
T4,3,1,126,5
T5,4,1,171,2
T6,5,1,171,38
T7,6,0,75,2
[330]
T1,0,1,77,2
T2,1,0,200,36
T3,2,0,105,2
T4,3,1,189,74
T5,4,0,20,2
T6,5,0,40,1
T7,6,0,150,8
[331]
T1,0,0,200,3
T2,1,1,39,8
T3,2,0,95,1
T4,3,0,152,11
T5,4,0,32,7
T6,5,1,150,14
T7,6,1,128,6
[332]
T1,0,0,116,12
T2,1,1,45,1
T3,2,0,200,21
T4,3,1,156,26
T5,4,1,120,23
T6,5,0,28,2
T7,6,0,156,12
[333]
T1,0,1,161,2
T2,1,1,112,23
T3,2,0,200,30
T4,3,1,150,7
T5,4,1,37,1
T6,5,0,92,18
T7,6,0,20,2
[334]
T1,0,1,104,17
T2,1,1,156,4
T3,2,0,24,3
T4,3,0,34,2
T5,4,1,56,3
T6,5,1,200,8
T7,6,1,160,27
[335]
T1,0,0,200,17
T2,1,1,100,2
T3,2,1,31,7
T4,3,0,56,8
T5,4,1,180,4
T6,5,0,186,7
T7,6,0,21,3
[336]
T1,0,0,30,2
T2,1,0,100,7
T3,2,1,198,66
T4,3,0,170,9
T5,4,1,200,38
T6,5,1,24,2
T7,6,0,90,1
[337]
T1,0,0,41,1
T2,1,1,57,6
T3,2,0,165,3
T4,3,1,200,5
T5,4,0,24,1
T6,5,0,55,5
T7,6,1,152,50
[338]
T1,0,1,36,2
T2,1,1,43,2
T3,2,0,129,2
T4,3,0,96,24
T5,4,1,180,11
T6,5,0,200,11
T7,6,1,160,38
[339]
T1,0,0,24,3
T2,1,0,165,5
T3,2,0,176,11
T4,3,1,105,20
T5,4,0,30,4
T6,5,1,200,8
T7,6,0,120,11
[340]
T1,0,0,96,8
T2,1,1,154,9
T3,2,0,50,1
T4,3,1,53,6
T5,4,1,200,24
T6,5,1,176,34
T7,6,0,80,6
[341]
T1,0,0,74,1
T2,1,0,200,54
T3,2,0,22,3
T4,3,0,49,5
T5,4,1,176,2
T6,5,1,150,17
T7,6,1,66,1
[342]
T1,0,1,60,1
T2,1,0,32,2
T3,2,1,120,1
T4,3,1,184,1
T5,4,0,50,6
T6,5,1,177,47
T7,6,1,200,36
[343]
T1,0,1,198,4
T2,1,1,126,17
T3,2,1,22,2
T4,3,1,200,8
T5,4,1,176,16
T6,5,0,51,5
T7,6,1,135,22
[344]
T1,0,0,21,1
T2,1,1,175,8
T3,2,0,200,25
T4,3,1,126,3
T5,4,1,192,9
T6,5,1,36,11
T7,6,1,72,3
[345]
T1,0,0,40,4
T2,1,1,161,13
T3,2,0,150,13
T4,3,0,69,12
T5,4,0,200,24
T6,5,1,90,4
T7,6,1,46,3
[346]
T1,0,1,80,5
T2,1,1,132,14
T3,2,0,27,4
T4,3,1,200,16
T5,4,0,165,1
T6,5,0,52,13
T7,6,0,175,4
[347]
T1,0,0,84,8
T2,1,1,180,1
T3,2,0,156,34
T4,3,1,200,10
T5,4,0,35,2
T6,5,1,80,8
T7,6,0,27,5
[348]
T1,0,1,195,2
T2,1,1,25,1
T3,2,0,93,14
T4,3,0,200,19
T5,4,0,120,15
T6,5,1,156,36
T7,6,1,35,2
[349]
T1,0,1,198,9
T2,1,0,200,7
T3,2,1,132,3
T4,3,0,38,1
T5,4,1,80,24
T6,5,0,165,17
T7,6,1,33,4
[350]
T1,0,1,120,2
T2,1,0,170,1
T3,2,0,40,1
T4,3,0,200,15
T5,4,1,134,6
T6,5,1,170,6
T7,6,0,31,14
[351]
T1,0,0,150,11
T2,1,0,23,2
T3,2,0,132,38
T4,3,0,200,7
T5,4,0,138,3
T6,5,1,198,15
T7,6,0,48,4
[352]
T1,0,1,52,2
T2,1,1,75,2
T3,2,0,110,40
T4,3,1,176,1
T5,4,1,40,8
T6,5,0,200,5
T7,6,1,165,2
[353]
T1,0,1,174,32
T2,1,1,200,16
T3,2,1,174,32
T4,3,0,31,2
T5,4,0,28,3
T6,5,1,96,3
T7,6,0,96,7
[354]
T1,0,1,50,1
T2,1,0,100,5
T3,2,1,200,31
T4,3,0,168,23
T5,4,1,154,28
T6,5,0,112,2
T7,6,1,32,3
[355]
T1,0,0,24,1
T2,1,0,130,3
T3,2,1,200,26
T4,3,0,45,5
T5,4,1,132,23
T6,5,1,160,15
T7,6,1,176,18
[356]
T1,0,1,160,21
T2,1,1,112,1
T3,2,1,52,2
T4,3,0,104,3
T5,4,0,169,1
T6,5,1,33,2
T7,6,1,200,79
[357]
T1,0,1,75,8
T2,1,0,198,2
T3,2,0,49,1
T4,3,1,162,38
T5,4,1,200,25
T6,5,1,44,2
T7,6,0,96,17
[358]
T1,0,1,120,13
T2,1,0,200,20
T3,2,1,55,1
T4,3,1,46,2
T5,4,1,180,12
T6,5,1,198,60
T7,6,1,50,3
[359]
T1,0,1,70,4
T2,1,0,30,1
T3,2,1,33,2
T4,3,1,57,2
T5,4,0,160,43
T6,5,0,175,6
T7,6,1,200,49
[360]
T1,0,0,80,10
T2,1,0,112,6
T3,2,0,196,6
T4,3,1,161,7
T5,4,1,200,50
T6,5,1,50,2
T7,6,0,26,2
[361]
T1,0,1,29,1
T2,1,0,200,2
T3,2,0,175,5
T4,3,0,176,67
T5,4,1,22,1
T6,5,1,108,10
T7,6,0,55,4
[362]
T1,0,0,153,2
T2,1,1,50,17
T3,2,0,176,1
T4,3,1,68,1
T5,4,1,200,25
T6,5,1,51,4
T7,6,1,88,6
[363]
T1,0,1,25,1
T2,1,0,44,5
T3,2,0,200,19
T4,3,1,171,42
T5,4,1,195,28
T6,5,0,65,2
T7,6,0,130,2
[364]
T1,0,0,190,12
T2,1,1,168,2
T3,2,0,22,2
T4,3,1,70,11
T5,4,1,35,13
T6,5,0,88,2
T7,6,1,200,7
[365]
T1,0,0,148,41
T2,1,1,90,10
T3,2,1,21,2
T4,3,1,65,5
T5,4,1,150,14
T6,5,1,200,1
T7,6,0,37,2
[366]
T1,0,1,87,9
T2,1,0,175,3
T3,2,1,168,2
T4,3,0,50,7
T5,4,0,28,2
T6,5,0,200,17
T7,6,1,140,31
[367]
T1,0,1,63,4
T2,1,1,35,3
T3,2,0,200,20
T4,3,0,154,33
T5,4,1,180,2
T6,5,1,147,1
T7,6,1,42,7
[368]
T1,0,0,184,49
T2,1,0,80,1
T3,2,1,192,8
T4,3,0,200,25
T5,4,0,34,2
T6,5,1,60,12
T7,6,0,27,2
[369]
T1,0,0,112,36
T2,1,0,192,26
T3,2,0,140,2
T4,3,1,32,2
T5,4,1,200,19
T6,5,0,195,4
T7,6,0,47,4
[370]
T1,0,0,70,2
T2,1,0,199,1
T3,2,0,200,1
T4,3,0,168,16
T5,4,1,38,2
T6,5,0,70,22
T7,6,0,40,7
[371]
T1,0,0,152,4
T2,1,1,200,17
T3,2,0,117,30
T4,3,1,78,13
T5,4,0,20,1
T6,5,0,28,1
T7,6,1,152,2
[372]
T1,0,0,40,5
T2,1,0,183,19
T3,2,1,200,24
T4,3,1,122,19
T5,4,1,36,3
T6,5,1,183,9
T7,6,1,69,2
[373]
T1,0,1,100,3
T2,1,0,22,2
T3,2,0,200,18
T4,3,0,144,15
T5,4,0,150,14
T6,5,0,43,13
T7,6,1,165,6
[374]
T1,0,0,170,37
T2,1,1,196,28
T3,2,0,40,2
T4,3,0,120,1
T5,4,1,50,6
T6,5,0,200,6
T7,6,1,85,8
[375]
T1,0,0,44,9
T2,1,1,200,3
T3,2,1,62,3
T4,3,0,155,9
T5,4,0,184,2
T6,5,0,93,21
T7,6,1,24,2
[376]
T1,0,0,46,7
T2,1,1,69,2
T3,2,0,200,7
T4,3,0,115,8
T5,4,1,29,8
T6,5,0,177,13
T7,6,0,177,6
[377]
T1,0,0,190,9
T2,1,1,116,3
T3,2,1,56,9
T4,3,0,200,9
T5,4,1,152,53
T6,5,0,44,1
T7,6,0,28,2
[378]
T1,0,0,63,2
T2,1,1,180,14
T3,2,0,36,8
T4,3,1,150,1
T5,4,1,42,9
T6,5,1,200,22
T7,6,1,128,4
[379]
T1,0,0,200,1
T2,1,1,106,18
T3,2,0,159,29
T4,3,0,100,5
T5,4,0,162,3
T6,5,1,43,5
T7,6,1,40,4
[380]
T1,0,0,196,33
T2,1,0,34,1
T3,2,0,195,1
T4,3,1,200,5
T5,4,1,84,14
T6,5,0,140,33
T7,6,0,48,2
[381]
T1,0,0,160,40
T2,1,0,125,5
T3,2,0,171,35
T4,3,0,200,2
T5,4,1,32,5
T6,5,1,53,2
T7,6,0,75,2
[382]
T1,0,0,31,3
T2,1,0,200,13
T3,2,1,156,2
T4,3,1,39,1
T5,4,0,143,42
T6,5,0,104,10
T7,6,1,160,15
[383]
T1,0,1,31,4
T2,1,1,130,8
T3,2,0,147,2
T4,3,1,168,39
T5,4,1,50,1
T6,5,0,200,40
T7,6,0,195,2
[384]
T1,0,0,180,16
T2,1,1,43,3
T3,2,0,175,12
T4,3,1,63,5
T5,4,0,147,19
T6,5,0,200,9
T7,6,1,22,4
[385]
T1,0,1,23,4
T2,1,0,156,10
T3,2,1,128,11
T4,3,1,128,4
T5,4,0,200,18
T6,5,1,30,5
T7,6,0,160,3
[386]
T1,0,0,64,20
T2,1,0,30,2
T3,2,1,120,15
T4,3,1,200,43
T5,4,0,46,2
T6,5,1,176,2
T7,6,1,198,2
[387]
T1,0,1,32,3
T2,1,1,126,4
T3,2,0,52,4
T4,3,0,200,5
T5,4,0,168,51
T6,5,1,150,14
T7,6,0,91,3
[388]
T1,0,1,75,18
T2,1,1,51,4
T3,2,1,160,24
T4,3,1,200,10
T5,4,0,155,17
T6,5,0,42,1
T7,6,0,120,2
[389]
T1,0,0,200,9
T2,1,0,182,8
T3,2,1,44,10
T4,3,1,65,4
T5,4,1,150,2
T6,5,0,26,3
T7,6,0,140,23
[390]
T1,0,0,80,8
T2,1,1,200,12
T3,2,0,40,2
T4,3,0,37,4
T5,4,1,196,34
T6,5,0,102,1
T7,6,0,150,33
[391]
T1,0,1,200,16
T2,1,0,40,8
T3,2,0,143,20
T4,3,0,78,1
T5,4,0,160,8
T6,5,0,26,1
T7,6,1,156,21
[392]
T1,0,0,200,14
T2,1,0,175,48
T3,2,1,53,6
T4,3,0,56,2
T5,4,1,100,11
T6,5,1,48,1
T7,6,0,189,6
[393]
T1,0,1,30,2
T2,1,0,72,3
T3,2,0,165,35
T4,3,1,68,2
T5,4,0,198,51
T6,5,0,200,20
T7,6,0,52,1
[394]
T1,0,1,200,34
T2,1,1,30,1
T3,2,0,196,1
T4,3,1,147,17
T5,4,0,100,4
T6,5,0,192,24
T7,6,0,39,6
[395]
T1,0,1,200,13
T2,1,0,165,18
T3,2,1,54,7
T4,3,1,77,6
T5,4,1,45,2
T6,5,1,165,33
T7,6,1,29,2
[396]
T1,0,0,138,10
T2,1,1,24,2
T3,2,0,72,3
T4,3,0,22,4
T5,4,0,200,12
T6,5,1,150,25
T7,6,0,160,21
[397]
T1,0,1,23,3
T2,1,1,105,27
T3,2,0,50,3
T4,3,1,200,4
T5,4,1,160,1
T6,5,1,106,5
T7,6,0,150,16
[398]
T1,0,1,84,2
T2,1,1,45,3
T3,2,1,70,14
T4,3,0,182,32
T5,4,1,47,5
T6,5,1,175,2
T7,6,0,200,16
[399]
T1,0,0,170,2
T2,1,1,136,30
T3,2,1,165,8
T4,3,1,42,2
T5,4,0,120,2
T6,5,1,200,41
T7,6,1,21,2
[400]
T1,0,1,54,2
T2,1,0,20,2
T3,2,0,108,9
T4,3,0,200,16
T5,4,1,170,47
T6,5,0,150,20
T7,6,0,90,5
[401]
T1,0,0,39,9
T2,1,1,120,5
T3,2,1,200,15
T4,3,0,153,9
T5,4,1,40,1
T6,5,0,64,9
T7,6,1,170,12
[402]
T1,0,1,33,2
T2,1,1,195,6
T3,2,0,50,21
T4,3,0,65,2
T5,4,1,200,13
T6,5,0,182,1
T7,6,0,63,9
[403]
T1,0,1,41,2
T2,1,1,195,33
T3,2,0,76,9
T4,3,1,48,2
T5,4,0,195,29
T6,5,1,200,11
T7,6,0,60,9
[404]
T1,0,1,105,8
T2,1,0,70,7
T3,2,1,200,11
T4,3,0,184,4
T5,4,0,49,2
T6,5,0,168,16
T7,6,1,53,15
[405]
T1,0,0,176,1
T2,1,1,150,19
T3,2,0,112,2
T4,3,1,49,13
T5,4,0,23,4
T6,5,0,132,2
T7,6,1,200,15
[406]
T1,0,1,52,2
T2,1,0,50,3
T3,2,0,180,33
T4,3,0,124,10
T5,4,1,200,2
T6,5,0,180,18
T7,6,1,130,23
[407]
T1,0,1,24,9
T2,1,0,180,8
T3,2,1,200,3
T4,3,1,75,2
T5,4,0,154,11
T6,5,0,100,7
T7,6,1,48,2
[408]
T1,0,1,42,3
T2,1,1,200,41
T3,2,0,63,4
T4,3,0,135,2
T5,4,0,46,1
T6,5,1,175,33
T7,6,1,147,15
[409]
T1,0,0,170,66
T2,1,1,48,1
T3,2,0,45,2
T4,3,1,170,7
T5,4,1,75,1
T6,5,0,78,4
T7,6,1,200,27
[410]
T1,0,1,66,5
T2,1,0,180,28
T3,2,0,22,2
T4,3,1,200,2
T5,4,0,189,25
T6,5,1,45,7
T7,6,0,66,9
[411]
T1,0,1,170,6
T2,1,1,70,2
T3,2,1,45,12
T4,3,1,53,2
T5,4,1,200,13
T6,5,0,126,9
T7,6,0,189,33
[412]
T1,0,1,53,2
T2,1,1,72,6
T3,2,1,117,14
T4,3,0,192,3
T5,4,1,160,33
T6,5,0,200,21
T7,6,0,40,5
[413]
T1,0,1,200,8
T2,1,1,30,10
T3,2,1,55,2
T4,3,0,48,9
T5,4,0,180,7
T6,5,0,66,3
T7,6,1,175,6
[414]
T1,0,0,180,11
T2,1,1,174,16
T3,2,1,145,36
T4,3,1,25,2
T5,4,0,200,3
T6,5,1,102,13
T7,6,0,40,2
[415]
T1,0,1,48,15
T2,1,1,96,9
T3,2,1,171,1
T4,3,1,25,2
T5,4,1,200,31
T6,5,0,171,16
T7,6,0,135,1
[416]
T1,0,0,32,2
T2,1,1,56,11
T3,2,1,160,11
T4,3,1,100,5
T5,4,0,200,12
T6,5,0,37,10
T7,6,1,186,1
[417]
T1,0,1,69,1
T2,1,0,180,16
T3,2,1,92,4
T4,3,1,28,6
T5,4,1,200,13
T6,5,0,184,24
T7,6,0,20,2
[418]
T1,0,1,150,52
T2,1,0,100,10
T3,2,1,111,2
T4,3,1,175,5
T5,4,1,30,4
T6,5,1,22,2
T7,6,1,200,7
[419]
T1,0,1,66,11
T2,1,0,120,2
T3,2,0,165,2
T4,3,0,36,4
T5,4,1,30,1
T6,5,1,177,27
T7,6,0,200,38
[420]
T1,0,1,180,30
T2,1,1,182,17
T3,2,0,200,24
T4,3,0,45,6
T5,4,0,100,4
T6,5,1,120,1
T7,6,1,30,3
[421]
T1,0,0,46,3
T2,1,1,175,5
T3,2,0,189,22
T4,3,0,36,1
T5,4,1,99,13
T6,5,0,63,5
T7,6,0,200,40
[422]
T1,0,1,200,2
T2,1,0,52,2
T3,2,0,34,4
T4,3,0,145,55
T5,4,0,80,8
T6,5,0,150,2
T7,6,1,170,1
[423]
T1,0,0,100,7
T2,1,1,175,16
T3,2,0,30,1
T4,3,0,150,19
T5,4,0,200,57
T6,5,0,22,1
T7,6,1,127,2
[424]
T1,0,1,150,33
T2,1,1,200,6
T3,2,1,183,13
T4,3,1,120,37
T5,4,1,105,2
T6,5,0,28,2
T7,6,0,38,1
[425]
T1,0,1,42,9
T2,1,1,28,2
T3,2,0,65,7
T4,3,0,196,23
T5,4,1,200,1
T6,5,1,156,17
T7,6,0,70,2
[426]
T1,0,0,96,12
T2,1,1,30,2
T3,2,1,24,1
T4,3,0,168,1
T5,4,0,200,39
T6,5,1,140,5
T7,6,0,154,39
[427]
T1,0,1,150,31
T2,1,0,38,1
T3,2,1,200,11
T4,3,1,100,16
T5,4,0,175,17
T6,5,1,96,9
T7,6,0,37,1
[428]
T1,0,0,100,9
T2,1,1,35,6
T3,2,1,152,10
T4,3,1,42,1
T5,4,1,190,29
T6,5,0,95,12
T7,6,0,200,4
[429]
T1,0,0,162,1
T2,1,0,54,4
T3,2,0,90,13
T4,3,1,75,24
T5,4,0,50,2
T6,5,0,200,9
T7,6,1,152,9
[430]
T1,0,0,24,2
T2,1,0,200,20
T3,2,1,175,2
T4,3,1,175,32
T5,4,1,91,20
T6,5,0,50,5
T7,6,0,102,8
[431]
T1,0,0,48,2
T2,1,0,200,15
T3,2,1,198,4
T4,3,1,53,2
T5,4,0,140,8
T6,5,1,96,18
T7,6,1,165,48
[432]
T1,0,0,200,14
T2,1,1,180,14
T3,2,0,125,8
T4,3,1,156,19
T5,4,1,26,1
T6,5,1,41,4
T7,6,1,75,13
[433]
T1,0,0,150,5
T2,1,0,50,1
T3,2,1,160,38
T4,3,0,133,2
T5,4,0,200,28
T6,5,1,45,4
T7,6,1,57,8
[434]
T1,0,1,122,13
T2,1,1,24,8
T3,2,0,200,6
T4,3,0,183,18
T5,4,0,165,2
T6,5,0,100,7
T7,6,0,36,2
[435]
T1,0,0,40,12
T2,1,1,65,9
T3,2,1,200,5
T4,3,0,22,2
T5,4,1,184,8
T6,5,0,184,1
T7,6,1,60,3
[436]
T1,0,0,200,7
T2,1,0,105,2
T3,2,1,66,9
T4,3,0,21,2
T5,4,1,192,8
T6,5,1,23,1
T7,6,0,192,51
[437]
T1,0,1,100,31
T2,1,0,32,1
T3,2,0,20,2
T4,3,1,112,13
T5,4,0,198,11
T6,5,1,165,6
T7,6,1,200,14
[438]
T1,0,0,181,15
T2,1,1,84,4
T3,2,0,181,9
T4,3,1,140,47
T5,4,1,25,2
T6,5,1,200,4
T7,6,1,35,3
[439]
T1,0,1,180,21
T2,1,0,27,2
T3,2,0,50,3
T4,3,1,128,6
T5,4,1,192,29
T6,5,1,56,7
T7,6,0,200,16
[440]
T1,0,0,80,9
T2,1,1,200,41
T3,2,1,160,10
T4,3,1,28,2
T5,4,1,176,41
T6,5,1,128,4
T7,6,0,21,2
[441]
T1,0,0,160,1
T2,1,0,200,7
T3,2,1,144,39
T4,3,1,52,1
T5,4,0,30,5
T6,5,0,185,27
T7,6,0,100,3
[442]
T1,0,0,175,5
T2,1,0,84,2
T3,2,1,200,62
T4,3,1,45,2
T5,4,0,162,47
T6,5,1,50,1
T7,6,1,126,1
[443]
T1,0,0,37,1
T2,1,0,185,27
T3,2,0,26,5
T4,3,1,96,5
T5,4,0,165,3
T6,5,1,200,30
T7,6,1,110,9
[444]
T1,0,1,135,26
T2,1,0,150,2
T3,2,1,80,12
T4,3,0,200,14
T5,4,0,24,2
T6,5,0,51,11
T7,6,1,164,2
[445]
T1,0,0,62,5
T2,1,1,29,2
T3,2,1,100,18
T4,3,0,166,18
T5,4,0,200,16
T6,5,0,155,2
T7,6,1,20,4
[446]
T1,0,0,66,7
T2,1,1,189,11
T3,2,0,41,8
T4,3,1,135,9
T5,4,1,200,17
T6,5,1,33,4
T7,6,1,180,4
[447]
T1,0,1,153,3
T2,1,1,144,16
T3,2,1,200,8
T4,3,0,65,2
T5,4,0,24,1
T6,5,1,53,10
T7,6,0,153,35
[448]
T1,0,1,21,2
T2,1,1,190,6
T3,2,0,70,1
T4,3,1,180,35
T5,4,0,100,7
T6,5,1,200,33
T7,6,1,31,6
[449]
T1,0,1,50,2
T2,1,1,150,30
T3,2,1,200,18
T4,3,1,23,1
T5,4,1,192,44
T6,5,1,75,2
T7,6,1,105,5
[450]
T1,0,0,35,6
T2,1,1,200,18
T3,2,1,22,1
T4,3,0,154,14
T5,4,1,145,13
T6,5,0,80,3
T7,6,1,176,21
[451]
T1,0,1,200,9
T2,1,0,96,2
T3,2,0,152,36
T4,3,0,80,4
T5,4,1,38,3
T6,5,1,34,1
T7,6,0,190,41
[452]
T1,0,0,175,59
T2,1,1,50,2
T3,2,0,24,3
T4,3,0,93,2
T5,4,0,200,2
T6,5,0,100,8
T7,6,1,180,11
[453]
T1,0,0,200,17
T2,1,0,175,26
T3,2,1,20,4
T4,3,1,50,2
T5,4,0,132,20
T6,5,0,189,4
T7,6,1,120,2
[454]
T1,0,0,200,2
T2,1,0,186,4
T3,2,0,93,2
T4,3,1,52,2
T5,4,0,150,23
T6,5,1,28,9
T7,6,1,100,10
[455]
T1,0,1,200,9
T2,1,1,174,15
T3,2,0,76,5
T4,3,0,48,5
T5,4,0,39,9
T6,5,1,60,3
T7,6,0,174,12
[456]
T1,0,0,87,4
T2,1,1,198,2
T3,2,0,22,3
T4,3,0,132,6
T5,4,0,200,23
T6,5,1,174,17
T7,6,0,40,7
[457]
T1,0,1,25,3
T2,1,0,75,11
T3,2,1,162,3
T4,3,0,200,1
T5,4,1,30,6
T6,5,0,84,2
T7,6,1,189,26
[458]
T1,0,0,150,2
T2,1,1,41,9
T3,2,0,60,5
T4,3,1,195,2
T5,4,0,200,46
T6,5,0,60,6
T7,6,0,20,2
[459]
T1,0,0,102,21
T2,1,0,99,7
T3,2,1,23,2
T4,3,1,170,20
T5,4,1,36,2
T6,5,1,170,17
T7,6,0,200,2
[460]
T1,0,1,74,12
T2,1,0,148,2
T3,2,1,28,2
T4,3,0,200,35
T5,4,0,154,9
T6,5,1,28,4
T7,6,1,56,1
[461]
T1,0,0,135,1
T2,1,0,47,2
T3,2,0,168,19
T4,3,0,176,15
T5,4,0,200,40
T6,5,1,28,5
T7,6,1,135,8
[462]
T1,0,1,200,8
T2,1,0,33,13
T3,2,1,68,2
T4,3,1,60,6
T5,4,1,176,8
T6,5,0,150,7
T7,6,1,53,2
[463]
T1,0,1,88,5
T2,1,1,45,1
T3,2,1,160,3
T4,3,1,26,2
T5,4,0,175,36
T6,5,0,70,9
T7,6,0,200,40
[464]
T1,0,1,45,2
T2,1,0,60,6
T3,2,0,175,13
T4,3,0,53,5
T5,4,0,180,45
T6,5,0,129,9
T7,6,1,200,3
[465]
T1,0,0,165,20
T2,1,1,200,2
T3,2,0,198,47
T4,3,0,33,2
T5,4,1,40,6
T6,5,0,100,9
T7,6,1,96,4
[466]
T1,0,1,42,3
T2,1,0,165,3
T3,2,1,56,3
T4,3,0,29,4
T5,4,1,150,12
T6,5,1,72,18
T7,6,1,200,5
[467]
T1,0,1,200,20
T2,1,0,82,16
T3,2,1,100,5
T4,3,0,24,1
T5,4,0,186,8
T6,5,1,31,6
T7,6,0,150,4
[468]
T1,0,0,160,24
T2,1,0,148,3
T3,2,0,20,5
T4,3,1,110,12
T5,4,1,96,6
T6,5,1,200,4
T7,6,0,44,3
[469]
T1,0,1,159,46
T2,1,0,162,2
T3,2,1,53,9
T4,3,0,100,2
T5,4,1,200,31
T6,5,0,20,2
T7,6,0,108,3
[470]
T1,0,1,140,18
T2,1,1,31,1
T3,2,1,180,5
T4,3,0,84,22
T5,4,0,168,9
T6,5,1,200,34
T7,6,1,35,2
[471]
T1,0,1,45,3
T2,1,0,168,19
T3,2,1,75,2
T4,3,1,176,4
T5,4,0,200,67
T6,5,0,48,2
T7,6,0,132,15
[472]
T1,0,0,27,8
T2,1,1,70,4
T3,2,1,200,22
T4,3,1,100,2
T5,4,0,154,5
T6,5,0,175,21
T7,6,0,38,1
[473]
T1,0,0,26,2
T2,1,1,200,36
T3,2,1,150,8
T4,3,1,39,1
T5,4,1,55,4
T6,5,0,182,21
T7,6,1,84,8
[474]
T1,0,1,25,4
T2,1,0,182,16
T3,2,0,200,8
T4,3,0,168,26
T5,4,0,70,1
T6,5,0,35,2
T7,6,1,143,28
[475]
T1,0,1,47,3
T2,1,1,180,7
T3,2,1,175,7
T4,3,0,23,3
T5,4,0,120,33
T6,5,1,200,19
T7,6,0,112,1
[476]
T1,0,0,144,12
T2,1,1,150,27
T3,2,0,80,12
T4,3,0,200,18
T5,4,0,24,2
T6,5,1,30,1
T7,6,1,195,23
[477]
T1,0,0,100,10
T2,1,1,150,11
T3,2,0,28,4
T4,3,1,165,14
T5,4,1,200,45
T6,5,1,64,2
T7,6,1,38,1
[478]
T1,0,1,20,2
T2,1,1,104,10
T3,2,0,156,11
T4,3,0,188,11
T5,4,0,120,20
T6,5,1,200,3
T7,6,1,49,13
[479]
T1,0,0,174,26
T2,1,0,75,1
T3,2,1,24,3
T4,3,0,200,5
T5,4,0,114,9
T6,5,0,150,41
T7,6,0,23,2
[480]
T1,0,0,87,3
T2,1,1,174,23
T3,2,0,20,2
T4,3,1,50,1
T5,4,0,72,11
T6,5,1,162,9
T7,6,0,200,47
[481]
T1,0,1,130,21
T2,1,0,24,1
T3,2,1,200,8
T4,3,0,175,19
T5,4,1,150,27
T6,5,0,38,4
T7,6,1,75,2
[482]
T1,0,1,96,11
T2,1,1,32,6
T3,2,0,55,2
T4,3,0,200,13
T5,4,1,168,19
T6,5,1,24,2
T7,6,0,176,8
[483]
T1,0,0,140,30
T2,1,1,200,15
T3,2,1,117,21
T4,3,0,150,9
T5,4,0,21,1
T6,5,1,189,3
T7,6,0,31,2
[484]
T1,0,1,184,2
T2,1,0,50,1
T3,2,1,46,2
T4,3,1,65,19
T5,4,1,130,1
T6,5,0,161,42
T7,6,0,200,5
[485]
T1,0,1,150,17
T2,1,1,48,3
T3,2,0,160,11
T4,3,1,55,8
T5,4,1,76,7
T6,5,0,29,4
T7,6,1,200,10
[486]
T1,0,1,140,19
T2,1,1,33,3
T3,2,1,176,10
T4,3,0,200,22
T5,4,1,165,1
T6,5,1,35,4
T7,6,1,60,9
[487]
T1,0,1,84,9
T2,1,1,200,26
T3,2,1,190,18
T4,3,0,72,16
T5,4,0,25,2
T6,5,1,27,2
T7,6,1,152,13
[488]
T1,0,1,180,24
T2,1,1,47,3
T3,2,0,160,34
T4,3,0,98,11
T5,4,1,200,9
T6,5,1,25,2
T7,6,1,72,2
[489]
T1,0,1,42,9
T2,1,0,20,2
T3,2,1,95,5
T4,3,1,154,11
T5,4,1,132,2
T6,5,1,168,12
T7,6,0,200,46
[490]
T1,0,1,156,11
T2,1,1,136,48
T3,2,1,54,2
T4,3,1,200,2
T5,4,1,80,3
T6,5,1,45,5
T7,6,0,156,8
[491]
T1,0,0,200,35
T2,1,1,45,1
T3,2,0,150,22
T4,3,0,82,8
T5,4,0,66,8
T6,5,1,37,2
T7,6,1,165,13
[492]
T1,0,1,159,26
T2,1,0,72,4
T3,2,0,168,18
T4,3,0,35,4
T5,4,0,120,2
T6,5,1,200,32
T7,6,1,47,2
[493]
T1,0,1,90,4
T2,1,1,74,5
T3,2,1,48,2
T4,3,0,200,80
T5,4,0,168,2
T6,5,1,23,1
T7,6,0,168,14
[494]
T1,0,1,102,25
T2,1,0,174,16
T3,2,1,170,26
T4,3,0,120,4
T5,4,0,50,5
T6,5,1,39,2
T7,6,0,200,7
[495]
T1,0,1,153,12
T2,1,1,58,6
T3,2,1,150,3
T4,3,1,20,1
T5,4,0,102,2
T6,5,1,200,74
T7,6,1,29,2
[496]
T1,0,0,62,9
T2,1,0,155,32
T3,2,0,100,6
T4,3,1,182,15
T5,4,0,20,2
T6,5,0,200,28
T7,6,0,26,2
[497]
T1,0,1,150,38
T2,1,0,50,2
T3,2,0,100,2
T4,3,0,176,14
T5,4,1,112,7
T6,5,1,21,2
T7,6,1,200,43
[498]
T1,0,1,200,36
T2,1,1,49,4
T3,2,1,100,12
T4,3,0,175,5
T5,4,1,56,2
T6,5,0,184,46
T7,6,1,20,2
[499]
T1,0,1,180,22
T2,1,1,42,4
T3,2,0,190,24
T4,3,0,50,12
T5,4,0,138,2
T6,5,0,114,7
T7,6,0,200,1
[500]
T1,0,0,25,1
T2,1,1,143,28
T3,2,1,132,3
T4,3,0,165,12
T5,4,0,200,5
T6,5,0,165,12
T7,6,0,22,5
