num_task_per_taskset=7
num_taskset=500
//ID,Priority,Offset,Period,Execution Time
[1]
T1,0,1,84,2
T2,1,1,96,31
T3,2,0,40,2
T4,3,0,200,40
T5,4,1,37,2
T6,5,0,171,7
T7,6,1,152,5
[2]
T1,0,0,200,9
T2,1,1,37,1
T3,2,0,180,13
T4,3,1,160,33
T5,4,1,121,18
T6,5,1,36,1
T7,6,1,80,10
[3]
T1,0,1,47,7
T2,1,1,98,12
T3,2,0,200,17
T4,3,0,175,13
T5,4,1,42,1
T6,5,0,161,34
T7,6,1,115,2
[4]
T1,0,0,39,2
T2,1,1,192,25
T3,2,0,200,55
T4,3,1,48,4
T5,4,1,160,9
T6,5,0,75,2
T7,6,0,115,4
[5]
T1,0,0,148,9
T2,1,1,200,1
T3,2,1,40,3
T4,3,1,180,14
T5,4,1,80,5
T6,5,0,41,15
T7,6,1,75,2
[6]
T1,0,0,200,5
T2,1,0,23,2
T3,2,0,41,3
T4,3,1,110,28
T5,4,1,60,1
T6,5,0,160,2
T7,6,0,176,43
[7]
T1,0,1,24,5
T2,1,0,27,2
T3,2,1,200,11
T4,3,0,176,8
T5,4,0,126,17
T6,5,0,198,24
T7,6,1,90,6
[8]
T1,0,0,198,58
T2,1,0,30,6
T3,2,0,200,5
T4,3,1,33,1
T5,4,1,175,14
T6,5,0,60,2
T7,6,0,77,1
[9]
T1,0,1,175,18
T2,1,1,53,3
T3,2,1,200,1
T4,3,1,70,2
T5,4,1,95,28
T6,5,0,50,3
T7,6,1,182,22
[10]
T1,0,0,180,7
T2,1,0,80,5
T3,2,0,200,8
T4,3,0,195,1
T5,4,1,38,5
T6,5,1,112,30
T7,6,1,24,2
[11]
T1,0,1,160,31
T2,1,1,145,2
T3,2,0,52,8
T4,3,1,160,4
T5,4,0,29,2
T6,5,0,104,6
T7,6,1,200,40
[12]
T1,0,1,56,2
T2,1,1,48,2
T3,2,1,22,3
T4,3,1,154,38
T5,4,1,96,11
T6,5,0,176,27
T7,6,1,200,3
[13]
T1,0,0,200,2
T2,1,1,176,66
T3,2,1,96,1
T4,3,0,74,3
T5,4,1,160,23
T6,5,1,50,2
T7,6,0,50,3
[14]
T1,0,1,185,8
T2,1,1,185,19
T3,2,0,200,30
T4,3,0,40,2
T5,4,0,120,12
T6,5,1,29,4
T7,6,1,70,8
[15]
T1,0,0,192,4
T2,1,1,24,2
T3,2,0,110,3
T4,3,0,39,21
T5,4,1,200,8
T6,5,0,150,1
T7,6,1,55,2
[16]
T1,0,0,160,8
T2,1,1,180,59
T3,2,0,200,13
T4,3,0,112,5
T5,4,0,21,1
T6,5,1,34,1
T7,6,0,114,7
[17]
T1,0,0,33,2
T2,1,1,75,5
T3,2,0,28,2
T4,3,1,180,28
T5,4,1,170,38
T6,5,1,132,8
T7,6,0,200,4
[18]
T1,0,0,98,13
T2,1,1,200,53
T3,2,0,98,2
T4,3,1,25,4
T5,4,0,156,2
T6,5,1,40,4
T7,6,0,182,1
[19]
T1,0,1,200,6
T2,1,1,41,2
T3,2,0,85,8
T4,3,0,147,42
T5,4,0,21,2
T6,5,0,170,16
T7,6,1,170,12
[20]
T1,0,0,115,4
T2,1,1,161,1
T3,2,0,42,2
T4,3,0,182,15
T5,4,1,200,68
T6,5,0,35,7
T7,6,1,115,1
[21]
T1,0,1,200,3
T2,1,1,48,8
T3,2,1,79,2
T4,3,1,128,4
T5,4,1,160,6
T6,5,1,150,14
T7,6,1,30,9
[22]
T1,0,0,135,1
T2,1,1,200,3
T3,2,1,162,45
T4,3,1,25,2
T5,4,1,54,10
T6,5,0,159,9
T7,6,0,30,1
[23]
T1,0,0,88,9
T2,1,1,48,2
T3,2,0,36,5
T4,3,0,165,26
T5,4,0,180,1
T6,5,0,84,22
T7,6,0,200,1
[24]
T1,0,0,100,2
T2,1,1,200,20
T3,2,0,174,8
T4,3,0,60,5
T5,4,1,30,2
T6,5,1,51,10
T7,6,0,176,26
[25]
T1,0,1,156,43
T2,1,0,200,31
T3,2,0,60,6
T4,3,1,36,1
T5,4,1,91,3
T6,5,1,28,2
T7,6,1,169,12
[26]
T1,0,1,171,1
T2,1,1,20,5
T3,2,1,165,26
T4,3,0,132,2
T5,4,1,200,6
T6,5,0,144,12
T7,6,0,50,7
[27]
T1,0,1,98,5
T2,1,1,196,18
T3,2,1,27,1
T4,3,0,100,29
T5,4,0,28,2
T6,5,0,189,2
T7,6,1,200,21
[28]
T1,0,1,22,2
T2,1,0,168,23
T3,2,0,25,2
T4,3,0,133,3
T5,4,0,168,7
T6,5,0,140,28
T7,6,1,200,29
[29]
T1,0,0,60,2
T2,1,1,50,7
T3,2,0,125,6
T4,3,1,200,1
T5,4,1,153,54
T6,5,0,160,17
T7,6,0,27,2
[30]
T1,0,1,195,71
T2,1,0,96,2
T3,2,1,21,2
T4,3,0,200,8
T5,4,1,80,9
T6,5,1,195,27
T7,6,0,21,2
[31]
T1,0,1,174,15
T2,1,1,152,2
T3,2,0,72,22
T4,3,1,25,2
T5,4,1,38,4
T6,5,1,200,6
T7,6,1,114,1
[32]
T1,0,1,175,13
T2,1,1,50,6
T3,2,1,66,2
T4,3,0,200,16
T5,4,1,110,9
T6,5,0,180,19
T7,6,0,26,5
[33]
T1,0,1,38,2
T2,1,1,200,19
T3,2,0,117,32
T4,3,1,150,33
T5,4,0,47,1
T6,5,1,120,2
T7,6,1,180,7
[34]
T1,0,0,23,2
T2,1,1,21,1
T3,2,1,200,28
T4,3,0,160,21
T5,4,1,168,30
T6,5,0,70,3
T7,6,1,69,6
[35]
T1,0,0,180,18
T2,1,0,38,4
T3,2,0,180,15
T4,3,0,88,8
T5,4,1,29,2
T6,5,0,120,15
T7,6,0,200,33
[36]
T1,0,1,200,4
T2,1,1,38,4
T3,2,0,33,2
T4,3,1,58,6
T5,4,0,198,23
T6,5,1,180,39
T7,6,1,99,10
[37]
T1,0,1,45,2
T2,1,0,23,2
T3,2,1,180,26
T4,3,1,170,45
T5,4,0,102,3
T6,5,0,95,2
T7,6,1,200,31
[38]
T1,0,1,144,48
T2,1,1,24,1
T3,2,0,96,1
T4,3,0,29,2
T5,4,0,189,19
T6,5,1,200,10
T7,6,0,162,20
[39]
T1,0,0,150,8
T2,1,0,80,2
T3,2,1,200,29
T4,3,0,59,12
T5,4,1,192,28
T6,5,0,50,6
T7,6,1,47,1
[40]
T1,0,0,120,28
T2,1,1,52,1
T3,2,0,35,6
T4,3,0,200,13
T5,4,0,63,2
T6,5,0,162,9
T7,6,0,175,15
[41]
T1,0,1,105,17
T2,1,0,28,3
T3,2,1,157,30
T4,3,1,200,4
T5,4,0,157,11
T6,5,0,30,2
T7,6,0,70,7
[42]
T1,0,1,198,11
T2,1,0,200,44
T3,2,1,176,10
T4,3,1,21,2
T5,4,0,88,12
T6,5,1,64,2
T7,6,0,27,5
[43]
T1,0,1,200,2
T2,1,1,129,15
T3,2,0,125,1
T4,3,1,39,3
T5,4,1,150,26
T6,5,1,50,13
T7,6,1,175,4
[44]
T1,0,1,190,14
T2,1,1,50,4
T3,2,1,195,3
T4,3,1,78,1
T5,4,1,200,33
T6,5,1,78,11
T7,6,0,40,7
[45]
T1,0,0,70,5
T2,1,1,189,2
T3,2,1,99,15
T4,3,0,22,6
T5,4,0,21,1
T6,5,0,200,2
T7,6,1,180,14
[46]
T1,0,1,182,24
T2,1,1,104,34
T3,2,0,75,1
T4,3,0,42,3
T5,4,1,25,1
T6,5,1,200,10
T7,6,0,168,2
[47]
T1,0,1,189,26
T2,1,0,175,1
T3,2,0,52,5
T4,3,0,78,7
T5,4,1,36,8
T6,5,0,200,11
T7,6,0,80,3
[48]
T1,0,1,20,2
T2,1,1,20,3
T3,2,1,200,2
T4,3,0,96,3
T5,4,0,155,45
T6,5,0,60,8
T7,6,0,168,3
[49]
T1,0,1,44,9
T2,1,1,44,2
T3,2,1,88,3
T4,3,0,180,12
T5,4,0,70,4
T6,5,1,198,36
T7,6,0,200,20
[50]
T1,0,0,75,23
T2,1,0,39,2
T3,2,1,36,2
T4,3,1,80,9
T5,4,1,189,7
T6,5,0,154,21
T7,6,0,200,4
[51]
T1,0,1,150,2
T2,1,1,66,3
T3,2,0,88,31
T4,3,1,28,4
T5,4,0,175,1
T6,5,1,200,8
T7,6,0,31,1
[52]
T1,0,0,200,4
T2,1,1,176,25
T3,2,0,50,2
T4,3,0,165,15
T5,4,1,33,3
T6,5,1,87,23
T7,6,0,116,6
[53]
T1,0,1,25,2
T2,1,1,75,17
T3,2,0,168,9
T4,3,0,27,4
T5,4,0,200,9
T6,5,1,60,5
T7,6,1,189,14
[54]
T1,0,1,160,38
T2,1,0,98,7
T3,2,0,176,7
T4,3,0,77,4
T5,4,0,200,37
T6,5,0,38,2
T7,6,1,35,2
[55]
T1,0,0,200,20
T2,1,0,153,2
T3,2,1,27,6
T4,3,0,120,4
T5,4,1,156,3
T6,5,1,39,3
T7,6,1,117,25
[56]
T1,0,0,168,18
T2,1,0,200,23
T3,2,1,140,3
T4,3,0,50,3
T5,4,0,52,5
T6,5,0,198,51
T7,6,0,70,2
[57]
T1,0,0,23,1
T2,1,1,111,27
T3,2,1,200,27
T4,3,1,20,2
T5,4,0,60,7
T6,5,1,185,18
T7,6,0,175,1
[58]
T1,0,0,126,11
T2,1,0,37,4
T3,2,1,114,5
T4,3,0,200,7
T5,4,1,190,5
T6,5,0,20,3
T7,6,1,160,28
[59]
T1,0,1,168,15
T2,1,0,23,2
T3,2,0,200,42
T4,3,0,126,2
T5,4,1,60,7
T6,5,1,52,6
T7,6,1,150,18
[60]
T1,0,1,200,33
T2,1,1,40,2
T3,2,1,182,6
T4,3,1,65,8
T5,4,0,22,5
T6,5,0,104,7
T7,6,1,150,2
[61]
T1,0,1,25,1
T2,1,0,200,32
T3,2,0,34,2
T4,3,1,120,6
T5,4,1,170,4
T6,5,1,183,16
T7,6,0,60,17
[62]
T1,0,1,36,1
T2,1,1,200,45
T3,2,0,140,5
T4,3,1,183,15
T5,4,0,56,1
T6,5,0,35,2
T7,6,1,175,48
[63]
T1,0,1,45,2
T2,1,1,168,7
T3,2,0,200,25
T4,3,1,75,8
T5,4,1,153,14
T6,5,1,112,24
T7,6,1,52,2
[64]
T1,0,1,40,5
T2,1,0,55,2
T3,2,1,196,7
T4,3,0,196,28
T5,4,0,200,12
T6,5,0,120,10
T7,6,1,20,3
[65]
T1,0,1,40,6
T2,1,1,100,3
T3,2,0,36,9
T4,3,1,88,9
T5,4,1,176,2
T6,5,1,200,15
T7,6,1,192,4
[66]
T1,0,0,172,55
T2,1,1,42,3
T3,2,1,60,1
T4,3,0,56,2
T5,4,1,200,31
T6,5,1,33,2
T7,6,0,160,12
[67]
T1,0,0,200,32
T2,1,0,48,2
T3,2,1,31,2
T4,3,1,190,24
T5,4,0,88,8
T6,5,0,180,31
T7,6,1,144,19
[68]
T1,0,0,35,1
T2,1,0,200,7
T3,2,0,120,5
T4,3,1,60,6
T5,4,1,175,80
T6,5,0,21,2
T7,6,1,197,2
[69]
T1,0,0,42,8
T2,1,1,200,5
T3,2,1,195,16
T4,3,1,64,6
T5,4,0,150,23
T6,5,0,117,10
T7,6,1,54,2
[70]
T1,0,0,200,13
T2,1,0,52,6
T3,2,0,195,36
T4,3,1,90,1
T5,4,0,195,18
T6,5,1,138,6
T7,6,1,30,4
[71]
T1,0,0,110,26
T2,1,1,200,33
T3,2,0,84,6
T4,3,1,51,2
T5,4,1,195,4
T6,5,1,150,17
T7,6,1,44,2
[72]
T1,0,0,198,45
T2,1,1,66,8
T3,2,0,46,2
T4,3,1,144,11
T5,4,0,24,3
T6,5,0,200,9
T7,6,1,170,10
[73]
T1,0,0,104,19
T2,1,0,21,2
T3,2,0,156,38
T4,3,0,160,5
T5,4,1,87,6
T6,5,0,200,2
T7,6,1,52,2
[74]
T1,0,1,141,6
T2,1,1,200,3
T3,2,0,198,45
T4,3,0,110,1
T5,4,0,24,6
T6,5,0,41,1
T7,6,1,150,12
[75]
T1,0,1,115,1
T2,1,1,200,19
T3,2,0,29,4
T4,3,1,180,5
T5,4,0,184,10
T6,5,0,24,7
T7,6,0,65,2
[76]
T1,0,0,40,6
T2,1,0,160,6
T3,2,1,114,3
T4,3,1,200,28
T5,4,1,75,2
T6,5,0,192,2
T7,6,0,29,8
[77]
T1,0,0,62,2
T2,1,0,32,4
T3,2,0,99,2
T4,3,1,198,7
T5,4,1,50,13
T6,5,1,155,15
T7,6,0,200,20
[78]
T1,0,0,24,2
T2,1,0,165,24
T3,2,0,147,2
T4,3,0,20,3
T5,4,0,105,18
T6,5,1,196,5
T7,6,1,200,9
[79]
T1,0,0,69,9
T2,1,0,168,11
T3,2,0,63,3
T4,3,0,27,2
T5,4,1,180,46
T6,5,0,45,3
T7,6,0,200,16
[80]
T1,0,1,186,24
T2,1,1,176,2
T3,2,1,32,4
T4,3,0,110,12
T5,4,1,34,2
T6,5,0,124,26
T7,6,0,200,2
[81]
T1,0,1,47,6
T2,1,0,27,2
T3,2,0,94,2
T4,3,1,198,19
T5,4,1,200,29
T6,5,1,141,16
T7,6,1,180,18
[82]
T1,0,0,46,6
T2,1,1,200,7
T3,2,1,40,3
T4,3,0,175,44
T5,4,1,126,4
T6,5,0,189,13
T7,6,0,63,3
[83]
T1,0,1,120,20
T2,1,1,165,3
T3,2,1,165,10
T4,3,0,200,64
T5,4,1,37,2
T6,5,0,29,2
T7,6,0,60,5
[84]
T1,0,0,31,3
T2,1,0,100,18
T3,2,1,166,6
T4,3,1,175,27
T5,4,0,200,22
T6,5,0,56,1
T7,6,1,35,2
[85]
T1,0,0,200,44
T2,1,0,85,8
T3,2,1,153,22
T4,3,0,48,4
T5,4,0,136,7
T6,5,0,54,2
T7,6,1,156,12
[86]
T1,0,0,40,3
T2,1,1,31,2
T3,2,0,180,2
T4,3,0,100,2
T5,4,1,153,58
T6,5,1,200,24
T7,6,0,60,4
[87]
T1,0,1,150,13
T2,1,1,21,1
T3,2,1,180,1
T4,3,1,200,60
T5,4,1,45,2
T6,5,0,58,3
T7,6,0,65,9
[88]
T1,0,1,116,10
T2,1,0,29,1
T3,2,1,46,2
T4,3,1,160,4
T5,4,1,200,16
T6,5,1,72,2
T7,6,0,160,60
[89]
T1,0,0,55,11
T2,1,1,24,1
T3,2,0,41,6
T4,3,1,125,18
T5,4,1,200,2
T6,5,1,190,16
T7,6,0,150,6
[90]
T1,0,1,108,15
T2,1,0,200,13
T3,2,0,29,2
T4,3,0,135,18
T5,4,1,45,1
T6,5,1,189,26
T7,6,0,176,15
[91]
T1,0,1,153,2
T2,1,1,108,18
T3,2,0,160,8
T4,3,0,25,1
T5,4,0,39,1
T6,5,1,80,10
T7,6,0,200,47
[92]
T1,0,1,153,2
T2,1,0,200,12
T3,2,0,180,42
T4,3,1,45,4
T5,4,0,144,11
T6,5,0,130,10
T7,6,0,25,3
[93]
T1,0,0,156,30
T2,1,0,156,41
T3,2,0,39,2
T4,3,0,114,2
T5,4,0,21,2
T6,5,1,76,13
T7,6,0,200,9
[94]
T1,0,0,80,8
T2,1,0,34,2
T3,2,0,200,5
T4,3,1,190,42
T5,4,1,70,6
T6,5,0,170,31
T7,6,1,34,1
[95]
T1,0,1,192,7
T2,1,1,70,15
T3,2,1,175,2
T4,3,1,200,20
T5,4,0,28,1
T6,5,0,39,5
T7,6,0,58,7
[96]
T1,0,1,40,8
T2,1,1,200,17
T3,2,1,55,1
T4,3,0,154,2
T5,4,1,51,2
T6,5,0,187,32
T7,6,1,70,12
[97]
T1,0,0,200,24
T2,1,1,150,12
T3,2,1,130,8
T4,3,1,37,5
T5,4,1,108,7
T6,5,1,21,1
T7,6,1,180,25
[98]
T1,0,0,175,10
T2,1,0,30,2
T3,2,1,29,2
T4,3,0,96,27
T5,4,1,200,38
T6,5,0,195,22
T7,6,1,105,2
[99]
T1,0,1,159,11
T2,1,1,41,2
T3,2,1,200,6
T4,3,0,85,21
T5,4,1,50,1
T6,5,0,159,4
T7,6,1,106,26
[100]
T1,0,0,66,4
T2,1,1,41,3
T3,2,1,104,26
T4,3,1,35,1
T5,4,1,156,6
T6,5,0,200,40
T7,6,0,168,2
[101]
T1,0,0,150,15
T2,1,0,200,9
T3,2,1,41,4
T4,3,1,104,7
T5,4,1,150,24
T6,5,1,26,3
T7,6,1,96,7
[102]
T1,0,0,35,2
T2,1,1,126,2
T3,2,1,53,1
T4,3,0,100,3
T5,4,0,183,15
T6,5,0,200,46
T7,6,1,180,55
[103]
T1,0,0,42,9
T2,1,1,168,12
T3,2,0,168,9
T4,3,0,108,3
T5,4,0,66,2
T6,5,1,200,18
T7,6,0,42,7
[104]
T1,0,1,133,13
T2,1,1,168,47
T3,2,0,168,8
T4,3,0,37,7
T5,4,0,33,2
T6,5,0,200,2
T7,6,0,140,8
[105]
T1,0,0,26,2
T2,1,1,153,10
T3,2,0,200,27
T4,3,0,84,16
T5,4,1,63,1
T6,5,1,34,5
T7,6,0,189,3
[106]
T1,0,0,200,56
T2,1,1,40,2
T3,2,1,75,11
T4,3,1,198,9
T5,4,1,30,2
T6,5,1,90,7
T7,6,0,184,7
[107]
T1,0,1,75,21
T2,1,1,200,19
T3,2,1,189,2
T4,3,1,30,2
T5,4,1,156,12
T6,5,1,126,16
T7,6,0,37,1
[108]
T1,0,0,20,2
T2,1,0,119,32
T3,2,0,75,5
T4,3,0,180,6
T5,4,0,200,12
T6,5,0,150,12
T7,6,1,42,1
[109]
T1,0,0,172,14
T2,1,1,23,3
T3,2,1,150,4
T4,3,0,200,44
T5,4,1,56,8
T6,5,1,40,2
T7,6,0,56,2
[110]
T1,0,1,64,2
T2,1,0,128,3
T3,2,0,40,2
T4,3,0,192,49
T5,4,1,200,36
T6,5,1,33,4
T7,6,0,192,9
[111]
T1,0,0,190,2
T2,1,1,200,13
T3,2,0,154,14
T4,3,1,95,7
T5,4,0,49,8
T6,5,0,57,2
T7,6,1,42,9
[112]
T1,0,1,189,26
T2,1,1,200,37
T3,2,1,69,6
T4,3,0,35,2
T5,4,0,138,4
T6,5,1,52,11
T7,6,0,161,3
[113]
T1,0,1,189,48
T2,1,1,69,19
T3,2,1,184,1
T4,3,1,23,2
T5,4,1,200,5
T6,5,1,47,1
T7,6,1,60,2
[114]
T1,0,1,200,12
T2,1,0,195,5
T3,2,0,182,11
T4,3,0,65,2
T5,4,1,40,17
T6,5,0,56,1
T7,6,0,30,1
[115]
T1,0,0,174,10
T2,1,1,47,9
T3,2,0,162,4
T4,3,0,36,6
T5,4,0,135,2
T6,5,1,200,15
T7,6,1,58,7
[116]
T1,0,0,190,73
T2,1,1,20,1
T3,2,1,59,3
T4,3,1,100,9
T5,4,1,21,2
T6,5,0,200,8
T7,6,1,160,3
[117]
T1,0,0,26,2
T2,1,1,162,1
T3,2,1,126,27
T4,3,0,162,17
T5,4,0,125,14
T6,5,0,200,21
T7,6,1,45,2
[118]
T1,0,1,49,1
T2,1,1,126,11
T3,2,0,154,2
T4,3,1,55,2
T5,4,0,200,99
T6,5,1,24,2
T7,6,0,180,8
[119]
T1,0,0,110,1
T2,1,1,110,21
T3,2,1,34,6
T4,3,0,200,14
T5,4,1,198,20
T6,5,1,26,2
T7,6,1,165,19
[120]
T1,0,1,36,7
T2,1,1,195,9
T3,2,0,75,1
T4,3,0,170,12
T5,4,1,144,20
T6,5,1,30,5
T7,6,0,200,5
[121]
T1,0,1,35,4
T2,1,0,200,22
T3,2,0,22,2
T4,3,0,75,18
T5,4,0,165,3
T6,5,1,143,5
T7,6,0,182,26
[122]
T1,0,1,99,8
T2,1,0,150,3
T3,2,1,35,11
T4,3,0,33,1
T5,4,1,175,2
T6,5,0,140,19
T7,6,1,200,14
[123]
T1,0,0,200,12
T2,1,1,46,1
T3,2,1,165,18
T4,3,0,99,13
T5,4,1,144,20
T6,5,0,44,1
T7,6,1,198,38
[124]
T1,0,0,154,12
T2,1,1,200,12
T3,2,1,160,33
T4,3,0,40,6
T5,4,0,112,15
T6,5,0,40,1
T7,6,1,125,2
[125]
T1,0,1,175,24
T2,1,0,138,8
T3,2,1,200,2
T4,3,0,52,5
T5,4,0,63,12
T6,5,0,184,5
T7,6,0,46,6
[126]
T1,0,1,192,24
T2,1,1,53,7
T3,2,0,200,2
T4,3,0,192,29
T5,4,1,28,2
T6,5,0,128,7
T7,6,0,91,19
[127]
T1,0,1,112,7
T2,1,1,42,2
T3,2,0,176,11
T4,3,1,154,9
T5,4,0,200,12
T6,5,0,44,15
T7,6,1,140,9
[128]
T1,0,0,200,24
T2,1,1,35,2
T3,2,1,189,2
T4,3,1,84,11
T5,4,1,100,14
T6,5,1,32,6
T7,6,1,165,9
[129]
T1,0,1,38,7
T2,1,0,123,26
T3,2,0,22,2
T4,3,0,100,1
T5,4,1,180,9
T6,5,1,200,7
T7,6,0,150,9
[130]
T1,0,1,165,8
T2,1,1,72,3
T3,2,0,200,15
T4,3,1,21,2
T5,4,1,23,2
T6,5,0,150,4
T7,6,0,90,36
[131]
T1,0,0,84,10
T2,1,1,200,4
T3,2,1,140,27
T4,3,0,41,2
T5,4,0,26,3
T6,5,0,156,5
T7,6,0,169,20
[132]
T1,0,1,100,1
T2,1,1,30,3
T3,2,1,160,15
T4,3,0,90,2
T5,4,0,158,18
T6,5,0,22,4
T7,6,0,200,27
[133]
T1,0,0,70,3
T2,1,1,35,7
T3,2,1,200,25
T4,3,0,190,19
T5,4,1,168,18
T6,5,1,57,4
T7,6,1,22,2
[134]
T1,0,0,162,21
T2,1,1,57,7
T3,2,0,190,4
T4,3,0,200,31
T5,4,1,114,24
T6,5,0,40,1
T7,6,0,21,2
[135]
T1,0,0,22,2
T2,1,0,180,13
T3,2,1,138,17
T4,3,1,50,2
T5,4,1,200,42
T6,5,0,176,29
T7,6,1,69,2
[136]
T1,0,1,154,2
T2,1,0,200,29
T3,2,0,105,2
T4,3,0,24,1
T5,4,0,160,41
T6,5,1,25,3
T7,6,1,63,5
[137]
T1,0,1,200,22
T2,1,1,28,2
T3,2,1,175,29
T4,3,0,38,2
T5,4,0,126,10
T6,5,1,112,17
T7,6,1,171,12
[138]
T1,0,1,200,2
T2,1,1,175,60
T3,2,0,77,1
T4,3,0,154,23
T5,4,1,135,4
T6,5,1,30,2
T7,6,1,28,1
[139]
T1,0,0,168,5
T2,1,0,200,2
T3,2,1,43,2
T4,3,0,126,37
T5,4,0,152,32
T6,5,1,21,3
T7,6,0,126,2
[140]
T1,0,1,119,14
T2,1,1,168,1
T3,2,1,200,13
T4,3,1,20,3
T5,4,0,150,3
T6,5,1,41,1
T7,6,0,72,16
[141]
T1,0,0,175,9
T2,1,0,100,8
T3,2,0,150,2
T4,3,1,92,38
T5,4,1,200,3
T6,5,0,40,1
T7,6,1,49,3
[142]
T1,0,0,20,2
T2,1,1,54,2
T3,2,0,149,2
T4,3,1,54,14
T5,4,1,150,17
T6,5,1,31,6
T7,6,0,200,5
[143]
T1,0,0,200,10
T2,1,1,112,1
T3,2,0,50,2
T4,3,0,185,7
T5,4,1,148,50
T6,5,0,105,2
T7,6,0,38,6
[144]
T1,0,0,200,14
T2,1,1,153,7
T3,2,1,50,2
T4,3,0,90,4
T5,4,1,76,10
T6,5,1,30,8
T7,6,0,153,11
[145]
T1,0,0,171,26
T2,1,0,42,8
T3,2,0,45,2
T4,3,1,80,4
T5,4,1,72,6
T6,5,1,200,18
T7,6,0,176,17
[146]
T1,0,0,200,22
T2,1,1,24,5
T3,2,1,171,1
T4,3,1,190,14
T5,4,0,54,2
T6,5,1,100,21
T7,6,0,136,4
[147]
T1,0,1,168,42
T2,1,0,40,2
T3,2,0,200,5
T4,3,0,24,5
T5,4,0,104,12
T6,5,0,189,2
T7,6,0,100,2
[148]
T1,0,0,180,16
T2,1,0,44,2
T3,2,1,165,38
T4,3,1,50,2
T5,4,0,200,23
T6,5,0,99,8
T7,6,0,92,13
[149]
T1,0,1,36,3
T2,1,1,88,16
T3,2,1,50,1
T4,3,0,186,14
T5,4,0,200,32
T6,5,1,75,2
T7,6,0,186,19
[150]
T1,0,1,84,1
T2,1,1,165,27
T3,2,0,42,4
T4,3,1,200,10
T5,4,1,22,3
T6,5,0,66,9
T7,6,1,190,8
[151]
T1,0,0,100,7
T2,1,0,24,3
T3,2,0,84,1
T4,3,0,30,6
T5,4,0,152,2
T6,5,0,165,21
T7,6,0,200,23
[152]
T1,0,1,200,13
T2,1,0,119,5
T3,2,1,29,2
T4,3,0,33,1
T5,4,0,168,63
T6,5,0,102,3
T7,6,0,175,17
[153]
T1,0,1,168,8
T2,1,1,168,11
T3,2,0,21,1
T4,3,1,108,3
T5,4,0,36,8
T6,5,1,200,48
T7,6,0,112,3
[154]
T1,0,0,169,2
T2,1,0,78,5
T3,2,0,40,3
T4,3,1,200,36
T5,4,1,144,13
T6,5,0,156,28
T7,6,1,24,1
[155]
T1,0,1,172,25
T2,1,0,88,11
T3,2,1,200,19
T4,3,1,30,5
T5,4,1,198,4
T6,5,1,52,3
T7,6,0,75,3
[156]
T1,0,0,25,6
T2,1,1,32,2
T3,2,1,76,6
T4,3,0,176,15
T5,4,1,165,20
T6,5,0,200,10
T7,6,0,120,2
[157]
T1,0,1,26,2
T2,1,0,30,2
T3,2,0,198,4
T4,3,1,108,21
T5,4,1,144,31
T6,5,1,200,15
T7,6,1,180,15
[158]
T1,0,0,200,16
T2,1,1,20,4
T3,2,0,153,16
T4,3,0,85,13
T5,4,0,150,3
T6,5,1,53,5
T7,6,0,72,2
[159]
T1,0,1,35,5
T2,1,0,200,5
T3,2,1,162,17
T4,3,0,49,8
T5,4,1,160,1
T6,5,1,140,20
T7,6,1,81,4
[160]
T1,0,0,105,5
T2,1,1,189,84
T3,2,0,30,1
T4,3,0,190,1
T5,4,1,126,8
T6,5,1,200,9
T7,6,0,37,1
[161]
T1,0,0,120,9
T2,1,0,50,2
T3,2,0,115,1
T4,3,0,171,11
T5,4,1,180,23
T6,5,1,200,17
T7,6,0,37,9
[162]
T1,0,0,170,3
T2,1,0,190,18
T3,2,1,75,6
T4,3,1,36,2
T5,4,0,200,1
T6,5,1,85,19
T7,6,0,21,3
[163]
T1,0,0,80,7
T2,1,1,125,24
T3,2,0,200,2
T4,3,1,30,2
T5,4,0,175,29
T6,5,0,29,1
T7,6,0,192,17
[164]
T1,0,1,140,12
T2,1,0,150,2
T3,2,1,52,1
T4,3,1,40,4
T5,4,1,156,20
T6,5,0,72,14
T7,6,1,200,24
[165]
T1,0,0,40,3
T2,1,0,152,10
T3,2,0,90,6
T4,3,1,66,1
T5,4,1,200,66
T6,5,1,190,10
T7,6,0,48,3
[166]
T1,0,0,23,2
T2,1,1,150,4
T3,2,1,200,37
T4,3,1,95,3
T5,4,1,189,47
T6,5,0,25,1
T7,6,0,70,3
[167]
T1,0,0,46,7
T2,1,1,200,7
T3,2,0,175,39
T4,3,1,20,2
T5,4,1,95,10
T6,5,1,72,3
T7,6,0,175,17
[168]
T1,0,1,21,3
T2,1,0,23,1
T3,2,1,150,14
T4,3,0,150,9
T5,4,0,63,10
T6,5,1,200,5
T7,6,0,122,17
[169]
T1,0,1,130,41
T2,1,1,150,1
T3,2,0,176,6
T4,3,1,200,24
T5,4,0,22,2
T6,5,0,117,11
T7,6,1,50,2
[170]
T1,0,0,75,2
T2,1,1,200,45
T3,2,1,28,2
T4,3,0,180,17
T5,4,0,40,4
T6,5,0,72,4
T7,6,1,191,20
[171]
T1,0,1,60,3
T2,1,1,135,13
T3,2,1,200,3
T4,3,0,180,52
T5,4,0,52,1
T6,5,1,174,35
T7,6,1,48,2
[172]
T1,0,1,75,8
T2,1,0,30,5
T3,2,1,195,19
T4,3,1,195,11
T5,4,0,200,1
T6,5,0,36,5
T7,6,1,101,7
[173]
T1,0,0,200,3
T2,1,0,72,24
T3,2,1,33,3
T4,3,1,150,5
T5,4,0,41,7
T6,5,0,88,1
T7,6,0,188,2
[174]
T1,0,0,200,10
T2,1,0,161,40
T3,2,1,42,5
T4,3,1,140,9
T5,4,0,70,3
T6,5,0,35,2
T7,6,1,170,10
[175]
T1,0,0,174,15
T2,1,0,78,9
T3,2,0,45,3
T4,3,0,80,15
T5,4,0,195,25
T6,5,1,200,14
T7,6,1,32,2
[176]
T1,0,1,165,16
T2,1,0,80,4
T3,2,0,27,2
T4,3,1,200,33
T5,4,1,20,2
T6,5,1,165,23
T7,6,1,112,8
[177]
T1,0,1,43,8
T2,1,1,200,1
T3,2,0,136,19
T4,3,1,63,13
T5,4,0,168,1
T6,5,0,48,2
T7,6,0,150,20
[178]
T1,0,0,195,3
T2,1,0,200,23
T3,2,1,40,5
T4,3,0,174,35
T5,4,0,65,3
T6,5,1,35,5
T7,6,1,78,1
[179]
T1,0,1,80,2
T2,1,0,160,6
T3,2,1,37,2
T4,3,1,53,10
T5,4,0,160,31
T6,5,0,110,5
T7,6,0,200,39
[180]
T1,0,0,48,3
T2,1,1,180,19
T3,2,0,75,26
T4,3,0,138,7
T5,4,1,200,7
T6,5,1,39,2
T7,6,0,175,10
[181]
T1,0,1,53,1
T2,1,1,40,4
T3,2,0,158,19
T4,3,1,75,5
T5,4,1,75,4
T6,5,1,200,45
T7,6,1,170,9
[182]
T1,0,0,174,7
T2,1,0,120,13
T3,2,1,168,64
T4,3,0,147,3
T5,4,1,31,2
T6,5,0,30,3
T7,6,1,200,2
[183]
T1,0,0,200,32
T2,1,0,26,6
T3,2,0,168,14
T4,3,0,168,11
T5,4,1,30,3
T6,5,0,117,2
T7,6,0,75,2
[184]
T1,0,0,200,49
T2,1,1,30,2
T3,2,1,50,8
T4,3,0,175,14
T5,4,1,112,9
T6,5,1,168,8
T7,6,1,94,2
[185]
T1,0,1,200,6
T2,1,1,180,1
T3,2,0,140,23
T4,3,1,192,5
T5,4,1,35,1
T6,5,0,75,24
T7,6,0,50,4
[186]
T1,0,1,90,2
T2,1,1,165,16
T3,2,0,30,2
T4,3,1,36,7
T5,4,1,200,13
T6,5,1,72,11
T7,6,1,155,22
[187]
T1,0,0,40,5
T2,1,1,200,3
T3,2,0,100,13
T4,3,0,174,5
T5,4,1,36,4
T6,5,1,180,38
T7,6,0,70,2
[188]
T1,0,0,150,3
T2,1,1,140,10
T3,2,0,200,25
T4,3,1,150,35
T5,4,1,66,2
T6,5,0,20,2
T7,6,0,50,3
[189]
T1,0,1,108,17
T2,1,1,189,11
T3,2,0,175,14
T4,3,0,36,2
T5,4,0,26,3
T6,5,1,200,5
T7,6,0,68,15
[190]
T1,0,1,133,2
T2,1,1,54,7
T3,2,1,200,4
T4,3,0,175,27
T5,4,1,50,2
T6,5,1,56,6
T7,6,0,170,33
[191]
T1,0,0,42,3
T2,1,1,32,16
T3,2,0,85,2
T4,3,0,132,5
T5,4,0,160,1
T6,5,1,176,6
T7,6,1,200,1
[192]
T1,0,1,168,2
T2,1,0,27,5
T3,2,1,200,16
T4,3,1,75,10
T5,4,1,196,7
T6,5,0,45,6
T7,6,1,75,4
[193]
T1,0,1,192,3
T2,1,0,36,5
T3,2,0,55,8
T4,3,0,200,1
T5,4,0,175,9
T6,5,0,44,8
T7,6,1,140,18
[194]
T1,0,0,200,15
T2,1,0,198,26
T3,2,1,180,3
T4,3,1,47,8
T5,4,1,42,9
T6,5,0,132,6
T7,6,0,90,1
[195]
T1,0,0,200,43
T2,1,0,180,16
T3,2,0,120,2
T4,3,1,196,7
T5,4,1,21,1
T6,5,0,77,18
T7,6,0,25,1
[196]
T1,0,1,190,2
T2,1,0,76,6
T3,2,0,36,2
T4,3,1,200,8
T5,4,1,22,5
T6,5,0,174,33
T7,6,1,95,7
[197]
T1,0,1,64,26
T2,1,0,165,1
T3,2,1,48,3
T4,3,1,156,9
T5,4,0,100,5
T6,5,0,200,8
T7,6,0,41,1
[198]
T1,0,0,200,2
T2,1,0,172,35
T3,2,0,110,41
T4,3,0,88,2
T5,4,1,160,5
T6,5,1,32,2
T7,6,1,23,2
[199]
T1,0,0,150,3
T2,1,0,63,2
T3,2,1,40,6
T4,3,1,72,8
T5,4,0,200,4
T6,5,1,39,13
T7,6,1,195,2
[200]
T1,0,1,47,6
T2,1,0,27,1
T3,2,0,154,17
T4,3,1,200,43
T5,4,1,60,7
T6,5,0,176,1
T7,6,0,100,3
[201]
T1,0,0,192,2
T2,1,0,200,12
T3,2,0,177,2
T4,3,1,90,13
T5,4,0,24,5
T6,5,0,44,5
T7,6,0,59,8
[202]
T1,0,0,96,22
T2,1,1,200,2
T3,2,0,27,2
T4,3,0,25,2
T5,4,0,122,6
T6,5,0,180,7
T7,6,0,183,54
[203]
T1,0,1,55,4
T2,1,1,152,9
T3,2,1,43,2
T4,3,1,200,18
T5,4,0,198,19
T6,5,1,72,2
T7,6,0,25,7
[204]
T1,0,1,40,3
T2,1,0,162,26
T3,2,0,200,12
T4,3,1,140,2
T5,4,0,160,29
T6,5,0,51,4
T7,6,0,144,14
[205]
T1,0,1,24,2
T2,1,1,38,1
T3,2,1,175,70
T4,3,1,200,13
T5,4,1,120,4
T6,5,1,180,10
T7,6,1,140,7
[206]
T1,0,1,38,2
T2,1,0,153,5
T3,2,1,24,4
T4,3,1,152,8
T5,4,1,200,35
T6,5,0,60,4
T7,6,0,72,6
[207]
T1,0,0,37,2
T2,1,0,30,5
T3,2,0,198,52
T4,3,1,168,5
T5,4,1,55,5
T6,5,1,200,16
T7,6,0,125,3
[208]
T1,0,0,50,1
T2,1,0,80,12
T3,2,0,160,3
T4,3,1,48,6
T5,4,1,200,11
T6,5,0,159,14
T7,6,0,140,30
[209]
T1,0,0,30,3
T2,1,1,83,22
T3,2,1,166,21
T4,3,1,83,2
T5,4,1,40,1
T6,5,0,164,20
T7,6,0,200,2
[210]
T1,0,0,132,19
T2,1,1,31,7
T3,2,1,150,2
T4,3,0,111,2
T5,4,1,165,20
T6,5,0,200,3
T7,6,1,25,3
[211]
T1,0,0,150,2
T2,1,0,145,17
T3,2,1,150,27
T4,3,0,200,18
T5,4,1,87,4
T6,5,1,41,6
T7,6,0,29,2
[212]
T1,0,0,72,2
T2,1,0,200,32
T3,2,1,31,1
T4,3,0,154,32
T5,4,1,24,3
T6,5,0,189,13
T7,6,0,99,4
[213]
T1,0,0,198,7
T2,1,0,200,28
T3,2,1,198,28
T4,3,1,144,2
T5,4,0,32,5
T6,5,1,125,10
T7,6,1,30,3
[214]
T1,0,0,168,4
T2,1,1,120,13
T3,2,0,52,13
T4,3,0,200,17
T5,4,1,88,1
T6,5,1,168,13
T7,6,1,20,2
[215]
T1,0,1,160,10
T2,1,0,200,60
T3,2,0,50,1
T4,3,1,64,2
T5,4,1,25,1
T6,5,0,100,18
T7,6,0,176,5
[216]
T1,0,0,198,56
T2,1,1,156,2
T3,2,0,29,3
T4,3,1,33,5
T5,4,1,200,2
T6,5,0,143,10
T7,6,1,135,4
[217]
T1,0,0,36,2
T2,1,1,84,19
T3,2,1,60,2
T4,3,0,174,21
T5,4,0,200,3
T6,5,0,150,12
T7,6,1,30,5
[218]
T1,0,0,144,3
T2,1,0,44,2
T3,2,0,152,30
T4,3,1,81,2
T5,4,1,200,2
T6,5,1,30,8
T7,6,1,152,18
[219]
T1,0,1,156,14
T2,1,0,78,4
T3,2,0,41,1
T4,3,1,132,18
T5,4,1,168,3
T6,5,1,200,58
T7,6,1,25,1
[220]
T1,0,1,42,15
T2,1,1,70,2
T3,2,1,112,2
T4,3,0,200,43
T5,4,0,150,1
T6,5,0,34,2
T7,6,1,194,15
[221]
T1,0,1,39,11
T2,1,0,200,16
T3,2,0,184,19
T4,3,0,115,9
T5,4,1,96,5
T6,5,1,160,11
T7,6,1,32,2
[222]
T1,0,0,36,2
T2,1,0,200,28
T3,2,1,150,14
T4,3,1,184,38
T5,4,0,32,2
T6,5,0,88,11
T7,6,0,60,1
[223]
T1,0,1,200,46
T2,1,1,189,3
T3,2,0,50,5
T4,3,1,165,2
T5,4,0,132,12
T6,5,1,35,1
T7,6,1,140,29
[224]
T1,0,0,119,26
T2,1,1,200,2
T3,2,0,153,16
T4,3,0,29,4
T5,4,1,150,2
T6,5,0,34,4
T7,6,0,90,5
[225]
T1,0,0,38,2
T2,1,1,21,2
T3,2,1,150,12
T4,3,1,162,51
T5,4,0,200,1
T6,5,1,126,29
T7,6,1,126,3
[226]
T1,0,0,70,3
T2,1,0,100,5
T3,2,0,152,3
T4,3,0,152,8
T5,4,0,28,2
T6,5,1,200,94
T7,6,1,29,1
[227]
T1,0,0,34,10
T2,1,0,33,2
T3,2,1,77,3
T4,3,0,195,2
T5,4,1,195,14
T6,5,1,200,5
T7,6,0,100,24
[228]
T1,0,1,189,23
T2,1,1,189,11
T3,2,0,54,15
T4,3,1,37,1
T5,4,1,26,2
T6,5,0,200,7
T7,6,0,112,8
[229]
T1,0,1,152,1
T2,1,1,114,35
T3,2,1,190,13
T4,3,1,42,3
T5,4,1,43,6
T6,5,0,200,1
T7,6,1,108,5
[230]
T1,0,1,49,3
T2,1,0,31,1
T3,2,0,196,17
T4,3,0,91,15
T5,4,1,147,2
T6,5,0,200,43
T7,6,1,84,7
[231]
T1,0,0,165,35
T2,1,0,60,1
T3,2,1,29,5
T4,3,1,200,3
T5,4,1,150,18
T6,5,1,108,13
T7,6,1,21,2
[232]
T1,0,1,34,3
T2,1,0,200,7
T3,2,0,102,24
T4,3,1,37,1
T5,4,1,150,28
T6,5,1,80,2
T7,6,0,190,7
[233]
T1,0,1,22,4
T2,1,0,25,2
T3,2,0,171,39
T4,3,0,80,2
T5,4,0,165,5
T6,5,0,55,3
T7,6,1,200,9
[234]
T1,0,0,41,5
T2,1,1,200,22
T3,2,0,52,9
T4,3,1,120,2
T5,4,1,175,14
T6,5,1,196,2
T7,6,1,60,9
[235]
T1,0,1,105,4
T2,1,1,56,2
T3,2,1,180,92
T4,3,0,45,2
T5,4,1,53,3
T6,5,1,160,5
T7,6,1,200,3
[236]
T1,0,1,138,6
T2,1,1,200,41
T3,2,1,120,14
T4,3,1,48,3
T5,4,1,48,2
T6,5,1,156,22
T7,6,0,150,10
[237]
T1,0,0,20,2
T2,1,1,140,20
T3,2,0,30,3
T4,3,0,198,49
T5,4,0,90,2
T6,5,1,176,4
T7,6,1,200,5
[238]
T1,0,0,23,6
T2,1,0,200,16
T3,2,0,72,9
T4,3,1,54,1
T5,4,1,162,2
T6,5,1,37,2
T7,6,1,184,16
[239]
T1,0,1,75,12
T2,1,0,150,16
T3,2,1,36,1
T4,3,1,200,38
T5,4,0,97,3
T6,5,1,156,1
T7,6,0,20,2
[240]
T1,0,1,40,2
T2,1,1,174,46
T3,2,1,34,2
T4,3,1,150,13
T5,4,0,200,34
T6,5,1,88,12
T7,6,0,99,2
[241]
T1,0,0,200,14
T2,1,1,175,35
T3,2,1,41,7
T4,3,1,77,12
T5,4,0,80,4
T6,5,0,190,5
T7,6,0,35,2
[242]
T1,0,1,168,8
T2,1,1,200,12
T3,2,1,171,7
T4,3,0,63,2
T5,4,0,32,2
T6,5,0,43,13
T7,6,1,105,10
[243]
T1,0,0,186,8
T2,1,1,31,3
T3,2,0,60,10
T4,3,1,22,2
T5,4,0,196,13
T6,5,0,93,24
T7,6,0,200,3
[244]
T1,0,1,45,3
T2,1,1,161,17
T3,2,1,189,22
T4,3,0,200,13
T5,4,0,70,6
T6,5,1,115,5
T7,6,0,32,6
[245]
T1,0,1,160,7
T2,1,0,62,3
T3,2,0,200,52
T4,3,1,93,6
T5,4,1,40,2
T6,5,1,48,6
T7,6,0,165,10
[246]
T1,0,0,200,6
T2,1,1,168,11
T3,2,1,45,1
T4,3,1,60,7
T5,4,0,44,5
T6,5,0,123,21
T7,6,0,164,22
[247]
T1,0,0,33,7
T2,1,1,195,56
T3,2,1,42,1
T4,3,0,78,6
T5,4,1,117,3
T6,5,0,150,3
T7,6,0,200,5
[248]
T1,0,1,37,2
T2,1,1,56,4
T3,2,1,152,20
T4,3,1,70,22
T5,4,1,25,1
T6,5,0,185,9
T7,6,1,200,3
[249]
T1,0,1,57,4
T2,1,0,160,8
T3,2,0,100,9
T4,3,1,20,1
T5,4,0,51,6
T6,5,0,200,12
T7,6,1,168,38
[250]
T1,0,0,200,47
T2,1,0,80,9
T3,2,0,192,7
T4,3,0,27,2
T5,4,0,35,2
T6,5,0,92,20
T7,6,1,180,11
[251]
T1,0,0,176,40
T2,1,0,40,8
T3,2,1,132,8
T4,3,1,128,16
T5,4,0,37,2
T6,5,0,200,6
T7,6,1,165,1
[252]
T1,0,1,75,4
T2,1,0,36,2
T3,2,1,32,6
T4,3,0,195,20
T5,4,0,200,18
T6,5,1,132,5
T7,6,0,198,22
[253]
T1,0,1,53,3
T2,1,0,200,33
T3,2,1,192,44
T4,3,1,160,3
T5,4,0,30,1
T6,5,0,137,18
T7,6,0,120,1
[254]
T1,0,0,80,12
T2,1,1,31,1
T3,2,0,20,2
T4,3,0,175,17
T5,4,0,160,19
T6,5,1,200,12
T7,6,1,76,6
[255]
T1,0,0,177,27
T2,1,0,60,2
T3,2,0,76,12
T4,3,0,36,2
T5,4,0,150,19
T6,5,0,200,28
T7,6,0,24,1
[256]
T1,0,1,105,2
T2,1,0,63,15
T3,2,1,200,8
T4,3,1,180,5
T5,4,1,47,4
T6,5,1,26,2
T7,6,0,175,32
[257]
T1,0,1,77,9
T2,1,1,40,2
T3,2,0,168,1
T4,3,1,91,2
T5,4,1,168,48
T6,5,1,200,33
T7,6,1,21,1
[258]
T1,0,0,65,4
T2,1,0,156,8
T3,2,0,90,4
T4,3,0,184,64
T5,4,0,24,2
T6,5,1,200,28
T7,6,0,22,2
[259]
T1,0,1,150,25
T2,1,1,200,26
T3,2,0,85,1
T4,3,1,46,5
T5,4,0,28,4
T6,5,0,154,12
T7,6,1,70,2
[260]
T1,0,0,177,36
T2,1,0,200,5
T3,2,0,60,6
T4,3,0,29,2
T5,4,0,175,50
T6,5,1,40,1
T7,6,0,72,2
[261]
T1,0,1,175,58
T2,1,1,102,2
T3,2,0,110,6
T4,3,0,168,17
T5,4,1,44,6
T6,5,0,200,2
T7,6,1,51,1
[262]
T1,0,0,52,3
T2,1,0,189,14
T3,2,1,200,37
T4,3,1,30,4
T5,4,0,189,20
T6,5,1,75,4
T7,6,1,56,3
[263]
T1,0,0,200,41
T2,1,0,130,5
T3,2,0,195,1
T4,3,0,100,13
T5,4,0,26,1
T6,5,0,40,5
T7,6,0,153,17
[264]
T1,0,0,90,10
T2,1,1,198,8
T3,2,1,198,7
T4,3,1,42,1
T5,4,0,43,2
T6,5,1,60,6
T7,6,1,200,59
[265]
T1,0,0,38,3
T2,1,0,180,46
T3,2,0,20,1
T4,3,0,60,2
T5,4,0,200,30
T6,5,1,130,5
T7,6,0,164,6
[266]
T1,0,0,22,1
T2,1,1,200,28
T3,2,0,171,13
T4,3,0,92,3
T5,4,1,114,6
T6,5,1,171,1
T7,6,0,30,8
[267]
T1,0,1,152,8
T2,1,1,20,3
T3,2,1,190,12
T4,3,0,60,7
T5,4,1,200,39
T6,5,0,20,2
T7,6,1,85,3
[268]
T1,0,1,176,50
T2,1,0,200,1
T3,2,0,30,2
T4,3,1,175,4
T5,4,0,34,2
T6,5,0,68,10
T7,6,1,55,3
[269]
T1,0,0,86,16
T2,1,1,28,3
T3,2,1,50,2
T4,3,0,129,10
T5,4,1,180,36
T6,5,1,198,11
T7,6,0,200,8
[270]
T1,0,1,121,15
T2,1,0,150,6
T3,2,1,66,5
T4,3,1,22,2
T5,4,0,198,38
T6,5,0,200,44
T7,6,0,21,2
[271]
T1,0,0,60,6
T2,1,0,175,4
T3,2,1,32,1
T4,3,1,32,5
T5,4,1,65,2
T6,5,1,200,44
T7,6,0,192,16
[272]
T1,0,0,194,28
T2,1,0,97,5
T3,2,0,97,11
T4,3,1,28,1
T5,4,0,200,38
T6,5,0,45,5
T7,6,1,160,1
[273]
T1,0,0,198,2
T2,1,0,36,2
T3,2,0,68,9
T4,3,1,200,42
T5,4,0,153,2
T6,5,1,51,2
T7,6,0,99,27
[274]
T1,0,0,154,2
T2,1,1,21,2
T3,2,0,50,9
T4,3,0,176,4
T5,4,1,70,15
T6,5,1,200,1
T7,6,1,120,14
[275]
T1,0,0,34,3
T2,1,0,25,4
T3,2,0,184,1
T4,3,1,136,3
T5,4,1,200,35
T6,5,1,170,24
T7,6,1,140,6
[276]
T1,0,1,32,2
T2,1,0,30,1
T3,2,1,120,24
T4,3,0,191,35
T5,4,1,90,4
T6,5,0,200,10
T7,6,0,191,25
[277]
T1,0,0,42,6
T2,1,1,38,2
T3,2,0,78,4
T4,3,1,150,6
T5,4,0,200,11
T6,5,0,64,1
T7,6,1,195,57
[278]
T1,0,1,165,20
T2,1,1,165,1
T3,2,0,25,4
T4,3,0,200,18
T5,4,0,25,1
T6,5,1,75,11
T7,6,1,62,6
[279]
T1,0,0,60,14
T2,1,1,26,3
T3,2,0,165,2
T4,3,1,176,1
T5,4,0,75,1
T6,5,1,48,11
T7,6,0,200,7
[280]
T1,0,1,198,2
T2,1,1,40,7
T3,2,0,168,42
T4,3,0,49,8
T5,4,0,77,3
T6,5,0,200,2
T7,6,0,56,1
[281]
T1,0,0,168,18
T2,1,0,200,34
T3,2,1,54,2
T4,3,0,44,7
T5,4,0,140,18
T6,5,1,156,12
T7,6,0,60,1
[282]
T1,0,0,160,14
T2,1,0,188,15
T3,2,1,44,5
T4,3,1,48,2
T5,4,0,60,2
T6,5,0,200,48
T7,6,1,144,15
[283]
T1,0,0,100,1
T2,1,1,100,32
T3,2,0,50,9
T4,3,1,176,11
T5,4,1,200,2
T6,5,1,160,6
T7,6,1,46,2
[284]
T1,0,0,48,4
T2,1,0,185,2
T3,2,0,104,15
T4,3,0,200,39
T5,4,0,48,1
T6,5,0,65,8
T7,6,0,156,13
[285]
T1,0,1,56,2
T2,1,0,171,11
T3,2,0,24,2
T4,3,0,200,2
T5,4,0,40,13
T6,5,1,80,5
T7,6,1,168,15
[286]
T1,0,0,130,7
T2,1,1,200,35
T3,2,0,26,9
T4,3,0,156,4
T5,4,0,175,2
T6,5,1,33,1
T7,6,1,102,2
[287]
T1,0,1,102,33
T2,1,0,200,22
T3,2,1,150,11
T4,3,0,176,10
T5,4,0,36,2
T6,5,1,66,1
T7,6,1,40,4
[288]
T1,0,1,156,6
T2,1,0,183,21
T3,2,1,25,1
T4,3,0,80,11
T5,4,0,200,23
T6,5,0,53,7
T7,6,0,120,6
[289]
T1,0,1,69,2
T2,1,1,150,12
T3,2,0,40,8
T4,3,1,51,1
T5,4,1,200,45
T6,5,1,75,8
T7,6,1,172,1
[290]
T1,0,0,165,6
T2,1,1,196,29
T3,2,1,70,1
T4,3,0,200,36
T5,4,1,49,3
T6,5,1,100,10
T7,6,1,50,6
[291]
T1,0,1,50,1
T2,1,0,84,7
T3,2,0,200,5
T4,3,1,170,28
T5,4,1,180,2
T6,5,0,63,15
T7,6,1,42,4
[292]
T1,0,1,135,19
T2,1,0,200,5
T3,2,0,162,17
T4,3,1,52,2
T5,4,1,176,30
T6,5,1,25,4
T7,6,1,100,6
[293]
T1,0,1,30,2
T2,1,0,198,48
T3,2,1,200,18
T4,3,0,36,3
T5,4,0,55,5
T6,5,1,55,5
T7,6,0,195,15
[294]
T1,0,1,102,3
T2,1,1,160,5
T3,2,0,39,1
T4,3,0,56,7
T5,4,0,48,3
T6,5,1,170,20
T7,6,0,200,52
[295]
T1,0,1,159,9
T2,1,0,96,23
T3,2,0,100,1
T4,3,0,52,3
T5,4,1,192,5
T6,5,1,200,1
T7,6,0,24,6
[296]
T1,0,1,53,6
T2,1,0,168,10
T3,2,1,75,5
T4,3,0,200,45
T5,4,0,25,1
T6,5,0,66,5
T7,6,1,198,8
[297]
T1,0,0,37,4
T2,1,1,200,12
T3,2,1,175,12
T4,3,0,105,10
T5,4,0,180,9
T6,5,1,30,2
T7,6,1,102,25
[298]
T1,0,1,35,4
T2,1,1,200,1
T3,2,0,45,4
T4,3,1,56,2
T5,4,1,144,24
T6,5,1,150,37
T7,6,1,147,8
[299]
T1,0,0,150,25
T2,1,1,144,9
T3,2,0,192,2
T4,3,0,29,7
T5,4,1,50,2
T6,5,0,80,4
T7,6,1,200,24
[300]
T1,0,0,154,33
T2,1,1,25,2
T3,2,1,200,5
T4,3,1,154,6
T5,4,1,50,9
T6,5,0,56,8
T7,6,1,115,3
[301]
T1,0,1,65,2
T2,1,1,40,2
T3,2,1,120,9
T4,3,1,171,23
T5,4,0,48,13
T6,5,0,200,12
T7,6,1,190,26
[302]
T1,0,0,200,27
T2,1,0,129,4
T3,2,1,129,3
T4,3,1,51,1
T5,4,0,24,6
T6,5,0,150,26
T7,6,0,185,4
[303]
T1,0,1,200,16
T2,1,1,175,26
T3,2,0,170,14
T4,3,0,38,2
T5,4,1,70,5
T6,5,0,100,26
T7,6,0,47,1
[304]
T1,0,1,96,29
T2,1,0,160,2
T3,2,1,44,5
T4,3,1,175,2
T5,4,0,105,4
T6,5,1,44,7
T7,6,0,200,3
[305]
T1,0,1,150,18
T2,1,1,90,13
T3,2,0,200,18
T4,3,0,24,1
T5,4,1,49,5
T6,5,1,54,2
T7,6,0,168,22
[306]
T1,0,1,27,1
T2,1,0,200,56
T3,2,1,24,1
T4,3,1,198,35
T5,4,0,186,4
T6,5,0,99,5
T7,6,1,62,3
[307]
T1,0,1,22,1
T2,1,0,76,10
T3,2,1,154,2
T4,3,0,200,15
T5,4,0,152,28
T6,5,0,77,15
T7,6,0,27,2
[308]
T1,0,0,165,4
T2,1,1,200,31
T3,2,1,36,2
T4,3,0,78,12
T5,4,0,180,16
T6,5,1,143,15
T7,6,0,48,3
[309]
T1,0,0,168,2
T2,1,0,160,17
T3,2,1,22,2
T4,3,0,200,55
T5,4,1,96,6
T6,5,1,21,4
T7,6,0,62,2
[310]
T1,0,1,112,4
T2,1,1,112,15
T3,2,1,200,2
T4,3,0,30,6
T5,4,0,150,25
T6,5,0,35,1
T7,6,0,182,19
[311]
T1,0,0,186,58
T2,1,1,200,1
T3,2,1,80,2
T4,3,1,24,2
T5,4,0,96,11
T6,5,0,33,5
T7,6,1,175,14
[312]
T1,0,0,120,34
T2,1,0,39,6
T3,2,0,160,6
T4,3,0,200,10
T5,4,0,37,1
T6,5,0,168,10
T7,6,1,117,7
[313]
T1,0,0,66,2
T2,1,1,40,2
T3,2,0,26,2
T4,3,1,200,52
T5,4,1,60,5
T6,5,0,174,17
T7,6,0,174,19
[314]
T1,0,0,80,9
T2,1,1,110,6
T3,2,0,182,26
T4,3,0,154,15
T5,4,0,27,2
T6,5,0,200,18
T7,6,1,26,2
[315]
T1,0,1,93,2
T2,1,1,132,12
T3,2,0,40,16
T4,3,0,200,24
T5,4,0,35,2
T6,5,1,150,2
T7,6,1,186,1
[316]
T1,0,0,198,1
T2,1,1,150,12
T3,2,1,72,15
T4,3,0,140,29
T5,4,1,40,4
T6,5,1,49,2
T7,6,0,200,5
[317]
T1,0,0,78,6
T2,1,0,48,4
T3,2,0,195,46
T4,3,1,80,4
T5,4,1,184,24
T6,5,1,200,11
T7,6,0,20,2
[318]
T1,0,1,88,9
T2,1,0,155,37
T3,2,0,36,2
T4,3,0,22,1
T5,4,0,150,31
T6,5,1,200,5
T7,6,0,120,1
[319]
T1,0,0,111,18
T2,1,0,21,1
T3,2,1,148,25
T4,3,0,180,10
T5,4,1,117,2
T6,5,0,200,39
T7,6,1,20,2
[320]
T1,0,1,100,25
T2,1,0,110,1
T3,2,1,174,2
T4,3,0,198,3
T5,4,0,30,5
T6,5,0,47,7
T7,6,0,200,15
[321]
T1,0,1,195,7
T2,1,0,70,3
T3,2,0,30,4
T4,3,0,40,3
T5,4,1,200,32
T6,5,1,175,29
T7,6,0,143,5
[322]
T1,0,0,200,16
T2,1,1,120,16
T3,2,1,27,1
T4,3,0,105,3
T5,4,0,180,45
T6,5,0,160,5
T7,6,0,23,2
[323]
T1,0,1,33,5
T2,1,0,33,5
T3,2,1,200,3
T4,3,1,160,24
T5,4,1,176,6
T6,5,1,96,12
T7,6,1,88,3
[324]
T1,0,0,21,1
T2,1,1,54,7
T3,2,1,150,21
T4,3,0,135,18
T5,4,1,184,19
T6,5,1,200,18
T7,6,0,144,1
[325]
T1,0,1,200,13
T2,1,0,160,8
T3,2,0,24,2
T4,3,1,143,5
T5,4,0,156,37
T6,5,1,143,32
T7,6,1,35,2
[326]
T1,0,1,90,7
T2,1,1,99,2
T3,2,0,170,55
T4,3,1,176,26
T5,4,0,35,2
T6,5,1,200,14
T7,6,0,22,1
[327]
T1,0,1,44,5
T2,1,0,106,2
T3,2,0,176,14
T4,3,1,200,3
T5,4,1,33,2
T6,5,1,100,6
T7,6,0,165,67
[328]
T1,0,1,60,2
T2,1,1,28,6
T3,2,0,168,10
T4,3,0,200,33
T5,4,1,36,1
T6,5,0,150,9
T7,6,1,87,6
[329]
T1,0,1,50,12
T2,1,0,200,5
T3,2,0,125,2
T4,3,0,31,4
T5,4,1,124,17
T6,5,1,155,18
T7,6,0,160,3
[330]
T1,0,1,150,15
T2,1,1,60,2
T3,2,1,200,22
T4,3,1,53,5
T5,4,1,44,5
T6,5,0,117,9
T7,6,1,156,23
[331]
T1,0,1,150,1
T2,1,0,88,16
T3,2,1,54,11
T4,3,0,200,13
T5,4,0,41,6
T6,5,1,189,10
T7,6,0,99,2
[332]
T1,0,0,21,7
T2,1,1,150,3
T3,2,0,84,2
T4,3,0,148,2
T5,4,0,200,21
T6,5,0,70,2
T7,6,1,32,5
[333]
T1,0,0,31,2
T2,1,0,195,1
T3,2,1,144,9
T4,3,0,144,42
T5,4,0,26,4
T6,5,1,160,5
T7,6,0,200,20
[334]
T1,0,1,200,3
T2,1,1,48,4
T3,2,0,132,1
T4,3,1,52,6
T5,4,0,171,1
T6,5,1,171,29
T7,6,0,66,18
[335]
T1,0,0,200,25
T2,1,0,76,16
T3,2,1,165,2
T4,3,1,114,21
T5,4,0,30,2
T6,5,0,180,9
T7,6,1,37,2
[336]
T1,0,0,99,11
T2,1,1,40,2
T3,2,1,150,23
T4,3,0,200,26
T5,4,0,66,11
T6,5,0,165,7
T7,6,0,23,1
[337]
T1,0,0,28,2
T2,1,1,110,6
T3,2,0,43,5
T4,3,1,100,19
T5,4,0,190,11
T6,5,1,175,14
T7,6,1,200,21
[338]
T1,0,0,165,64
T2,1,1,76,1
T3,2,0,53,2
T4,3,1,50,2
T5,4,1,84,3
T6,5,1,190,2
T7,6,1,200,45
[339]
T1,0,1,20,2
T2,1,0,190,4
T3,2,0,150,16
T4,3,1,95,3
T5,4,1,200,39
T6,5,1,44,7
T7,6,1,144,24
[340]
T1,0,0,36,1
T2,1,0,125,4
T3,2,0,180,56
T4,3,1,200,5
T5,4,1,150,21
T6,5,0,27,2
T7,6,1,128,7
[341]
T1,0,1,52,1
T2,1,0,200,5
T3,2,0,96,26
T4,3,1,157,12
T5,4,0,160,3
T6,5,0,75,19
T7,6,1,25,2
[342]
T1,0,1,196,35
T2,1,1,200,19
T3,2,0,60,9
T4,3,0,22,2
T5,4,0,50,8
T6,5,1,70,3
T7,6,0,156,3
[343]
T1,0,1,175,43
T2,1,0,49,3
T3,2,0,60,7
T4,3,0,189,5
T5,4,0,200,13
T6,5,0,40,2
T7,6,0,60,5
[344]
T1,0,1,21,3
T2,1,0,49,10
T3,2,1,175,3
T4,3,1,150,18
T5,4,0,200,3
T6,5,0,99,2
T7,6,1,120,21
[345]
T1,0,0,65,5
T2,1,0,26,5
T3,2,0,120,9
T4,3,0,200,3
T5,4,0,35,4
T6,5,0,168,7
T7,6,0,196,29
[346]
T1,0,1,168,5
T2,1,0,64,4
T3,2,1,92,5
T4,3,1,200,2
T5,4,0,184,11
T6,5,1,46,7
T7,6,0,24,7
[347]
T1,0,1,56,2
T2,1,1,135,27
T3,2,0,39,2
T4,3,0,195,46
T5,4,1,150,24
T6,5,1,20,2
T7,6,0,200,3
[348]
T1,0,1,30,2
T2,1,0,140,14
T3,2,0,24,5
T4,3,1,56,11
T5,4,1,170,4
T6,5,1,187,20
T7,6,1,200,2
[349]
T1,0,0,64,11
T2,1,0,105,9
T3,2,0,192,9
T4,3,1,22,2
T5,4,0,162,2
T6,5,1,200,63
T7,6,0,48,2
[350]
T1,0,0,84,4
T2,1,1,85,5
T3,2,0,32,6
T4,3,1,150,10
T5,4,0,41,5
T6,5,1,175,27
T7,6,0,200,1
[351]
T1,0,1,175,12
T2,1,0,72,3
T3,2,1,20,2
T4,3,1,189,28
T5,4,0,21,3
T6,5,0,200,2
T7,6,0,69,16
[352]
T1,0,0,85,5
T2,1,0,52,2
T3,2,0,144,4
T4,3,1,153,39
T5,4,0,200,1
T6,5,1,180,25
T7,6,0,40,7
[353]
T1,0,0,29,6
T2,1,1,56,1
T3,2,1,25,1
T4,3,0,152,21
T5,4,0,171,8
T6,5,0,76,1
T7,6,1,200,33
[354]
T1,0,0,200,11
T2,1,0,150,17
T3,2,0,50,10
T4,3,0,72,10
T5,4,0,63,4
T6,5,0,158,14
T7,6,0,40,2
[355]
T1,0,0,171,29
T2,1,1,160,10
T3,2,1,200,14
T4,3,1,120,10
T5,4,0,35,2
T6,5,1,95,9
T7,6,0,32,5
[356]
T1,0,0,49,16
T2,1,1,200,15
T3,2,0,198,3
T4,3,1,117,11
T5,4,0,30,2
T6,5,1,198,17
T7,6,0,60,3
[357]
T1,0,0,41,10
T2,1,1,132,6
T3,2,0,24,4
T4,3,1,104,8
T5,4,0,200,15
T6,5,1,154,9
T7,6,1,156,2
[358]
T1,0,0,138,3
T2,1,0,198,43
T3,2,1,41,2
T4,3,1,176,16
T5,4,0,44,2
T6,5,1,72,2
T7,6,1,200,47
[359]
T1,0,1,24,2
T2,1,1,175,28
T3,2,0,46,9
T4,3,1,200,3
T5,4,0,150,15
T6,5,0,126,9
T7,6,0,114,12
[360]
T1,0,1,200,16
T2,1,0,180,53
T3,2,1,100,9
T4,3,1,126,2
T5,4,0,176,6
T6,5,1,33,3
T7,6,0,21,1
[361]
T1,0,1,136,15
T2,1,0,43,3
T3,2,1,180,9
T4,3,1,80,4
T5,4,0,168,17
T6,5,1,200,32
T7,6,1,24,2
[362]
T1,0,0,176,43
T2,1,0,36,3
T3,2,0,200,45
T4,3,1,99,1
T5,4,0,65,3
T6,5,0,34,1
T7,6,1,180,3
[363]
T1,0,0,90,14
T2,1,1,180,20
T3,2,0,30,4
T4,3,0,45,1
T5,4,1,198,23
T6,5,1,124,8
T7,6,1,200,9
[364]
T1,0,1,175,6
T2,1,1,165,16
T3,2,1,200,20
T4,3,0,125,1
T5,4,1,35,3
T6,5,1,96,33
T7,6,0,49,2
[365]
T1,0,0,180,33
T2,1,1,160,16
T3,2,0,45,1
T4,3,0,63,9
T5,4,1,50,7
T6,5,1,81,3
T7,6,1,200,6
[366]
T1,0,0,50,1
T2,1,0,200,12
T3,2,0,30,1
T4,3,1,176,46
T5,4,1,180,4
T6,5,1,120,9
T7,6,0,135,25
[367]
T1,0,0,200,3
T2,1,1,29,4
T3,2,1,176,26
T4,3,1,196,4
T5,4,0,55,4
T6,5,0,40,7
T7,6,0,140,9
[368]
T1,0,1,189,22
T2,1,1,84,6
T3,2,0,34,1
T4,3,1,25,1
T5,4,1,154,1
T6,5,0,200,53
T7,6,0,144,15
[369]
T1,0,1,184,13
T2,1,1,25,1
T3,2,1,100,8
T4,3,0,200,9
T5,4,1,42,1
T6,5,0,71,12
T7,6,1,184,37
[370]
T1,0,0,25,1
T2,1,0,21,7
T3,2,0,136,7
T4,3,1,100,4
T5,4,0,187,18
T6,5,0,200,8
T7,6,1,175,10
[371]
T1,0,0,189,28
T2,1,0,105,7
T3,2,1,50,1
T4,3,1,140,17
T5,4,0,200,2
T6,5,1,45,7
T7,6,1,165,24
[372]
T1,0,1,130,21
T2,1,0,80,9
T3,2,1,160,2
T4,3,1,150,44
T5,4,1,28,1
T6,5,1,22,2
T7,6,1,200,4
[373]
T1,0,1,26,6
T2,1,1,195,2
T3,2,0,156,2
T4,3,1,127,31
T5,4,0,78,7
T6,5,0,200,14
T7,6,0,44,1
[374]
T1,0,0,180,39
T2,1,0,168,20
T3,2,1,119,4
T4,3,1,200,25
T5,4,0,50,3
T6,5,0,102,8
T7,6,0,27,2
[375]
T1,0,1,48,2
T2,1,0,50,3
T3,2,0,124,11
T4,3,1,175,6
T5,4,0,200,82
T6,5,0,130,5
T7,6,0,155,5
[376]
T1,0,0,150,19
T2,1,0,32,2
T3,2,1,23,1
T4,3,1,189,45
T5,4,1,70,13
T6,5,0,105,5
T7,6,1,200,4
[377]
T1,0,0,150,25
T2,1,1,123,6
T3,2,0,72,2
T4,3,1,200,36
T5,4,0,26,2
T6,5,1,47,3
T7,6,1,195,42
[378]
T1,0,1,29,2
T2,1,1,175,14
T3,2,0,80,29
T4,3,0,160,3
T5,4,0,200,8
T6,5,1,20,2
T7,6,1,128,10
[379]
T1,0,1,28,2
T2,1,0,124,15
T3,2,0,200,45
T4,3,0,49,1
T5,4,0,170,6
T6,5,1,100,16
T7,6,1,175,20
[380]
T1,0,0,41,2
T2,1,1,200,23
T3,2,1,135,8
T4,3,1,63,11
T5,4,0,171,27
T6,5,0,189,27
T7,6,1,20,2
[381]
T1,0,0,136,19
T2,1,0,61,1
T3,2,0,46,2
T4,3,1,200,2
T5,4,0,25,2
T6,5,1,160,28
T7,6,1,160,36
[382]
T1,0,1,200,18
T2,1,1,100,19
T3,2,1,33,5
T4,3,1,155,2
T5,4,0,85,9
T6,5,0,155,14
T7,6,0,48,1
[383]
T1,0,0,160,17
T2,1,1,55,11
T3,2,1,165,3
T4,3,0,200,8
T5,4,0,50,9
T6,5,1,128,9
T7,6,0,48,2
[384]
T1,0,0,80,7
T2,1,0,177,38
T3,2,1,160,9
T4,3,1,48,2
T5,4,0,125,9
T6,5,1,20,4
T7,6,1,200,1
[385]
T1,0,0,75,2
T2,1,0,105,1
T3,2,1,171,39
T4,3,0,39,6
T5,4,1,171,16
T6,5,1,42,6
T7,6,0,200,1
[386]
T1,0,0,195,13
T2,1,0,51,4
T3,2,1,100,13
T4,3,1,136,13
T5,4,1,47,8
T6,5,1,182,20
T7,6,0,200,1
[387]
T1,0,1,200,7
T2,1,0,132,2
T3,2,1,25,2
T4,3,0,150,13
T5,4,1,120,30
T6,5,0,27,2
T7,6,0,147,36
[388]
T1,0,1,150,3
T2,1,1,168,20
T3,2,0,40,5
T4,3,0,98,25
T5,4,1,200,4
T6,5,1,46,2
T7,6,1,87,7
[389]
T1,0,0,32,1
T2,1,0,200,16
T3,2,1,100,5
T4,3,1,30,10
T5,4,0,168,11
T6,5,1,140,5
T7,6,0,164,12
[390]
T1,0,1,168,8
T2,1,1,28,8
T3,2,1,102,2
T4,3,1,187,39
T5,4,0,84,1
T6,5,1,200,2
T7,6,0,48,5
[391]
T1,0,0,64,6
T2,1,1,200,7
T3,2,0,192,69
T4,3,1,20,2
T5,4,0,47,5
T6,5,1,182,16
T7,6,0,70,2
[392]
T1,0,0,23,2
T2,1,0,147,14
T3,2,1,186,6
T4,3,1,200,23
T5,4,0,28,2
T6,5,0,155,61
T7,6,0,120,2
[393]
T1,0,0,22,1
T2,1,1,200,9
T3,2,0,75,3
T4,3,1,165,30
T5,4,0,77,2
T6,5,0,170,47
T7,6,0,20,1
[394]
T1,0,1,53,1
T2,1,0,55,8
T3,2,1,200,4
T4,3,0,154,19
T5,4,1,165,5
T6,5,1,20,5
T7,6,0,99,5
[395]
T1,0,0,154,17
T2,1,1,144,7
T3,2,1,150,8
T4,3,1,54,3
T5,4,1,200,3
T6,5,1,144,44
T7,6,1,24,2
[396]
T1,0,0,144,2
T2,1,1,54,2
T3,2,0,105,10
T4,3,0,160,33
T5,4,1,200,55
T6,5,0,40,1
T7,6,0,192,9
[397]
T1,0,0,196,21
T2,1,1,84,2
T3,2,0,47,1
T4,3,1,80,2
T5,4,0,200,18
T6,5,0,176,12
T7,6,0,40,14
[398]
T1,0,1,20,2
T2,1,1,200,5
T3,2,0,160,30
T4,3,0,90,6
T5,4,0,26,2
T6,5,1,96,3
T7,6,1,164,45
[399]
T1,0,1,132,2
T2,1,1,175,37
T3,2,0,200,10
T4,3,1,48,6
T5,4,1,27,5
T6,5,1,176,3
T7,6,1,55,3
[400]
T1,0,0,75,7
T2,1,1,187,13
T3,2,1,72,3
T4,3,1,52,2
T5,4,1,200,51
T6,5,0,180,8
T7,6,0,22,2
[401]
T1,0,1,50,10
T2,1,0,160,2
T3,2,0,200,11
T4,3,0,96,24
T5,4,1,78,7
T6,5,0,150,3
T7,6,0,50,2
[402]
T1,0,0,66,11
T2,1,1,187,21
T3,2,0,25,2
T4,3,0,49,5
T5,4,1,175,32
T6,5,0,200,6
T7,6,0,102,5
[403]
T1,0,0,144,7
T2,1,0,47,5
T3,2,1,175,17
T4,3,0,200,30
T5,4,0,156,22
T6,5,1,100,2
T7,6,0,21,2
[404]
T1,0,1,80,5
T2,1,0,200,6
T3,2,0,153,17
T4,3,1,34,2
T5,4,1,72,9
T6,5,1,162,17
T7,6,0,43,9
[405]
T1,0,1,155,36
T2,1,0,155,5
T3,2,0,76,12
T4,3,1,200,9
T5,4,1,48,6
T6,5,0,45,1
T7,6,0,62,4
[406]
T1,0,0,160,19
T2,1,0,50,2
T3,2,0,192,9
T4,3,1,24,2
T5,4,1,200,54
T6,5,1,64,3
T7,6,0,71,2
[407]
T1,0,1,150,6
T2,1,1,45,9
T3,2,1,198,36
T4,3,1,90,9
T5,4,1,145,2
T6,5,0,200,1
T7,6,1,26,3
[408]
T1,0,0,68,2
T2,1,1,45,3
T3,2,0,190,3
T4,3,0,76,25
T5,4,0,39,2
T6,5,1,190,13
T7,6,0,200,21
[409]
T1,0,0,200,3
T2,1,1,100,11
T3,2,1,26,2
T4,3,1,150,27
T5,4,0,21,1
T6,5,0,136,6
T7,6,0,182,47
[410]
T1,0,0,37,1
T2,1,1,108,15
T3,2,0,34,8
T4,3,0,168,30
T5,4,1,70,1
T6,5,1,200,8
T7,6,1,153,5
[411]
T1,0,1,200,51
T2,1,0,105,11
T3,2,1,126,15
T4,3,0,175,13
T5,4,1,42,3
T6,5,1,25,2
T7,6,0,198,6
[412]
T1,0,1,54,3
T2,1,1,180,8
T3,2,1,180,23
T4,3,0,94,1
T5,4,1,36,1
T6,5,0,200,41
T7,6,1,40,7
[413]
T1,0,1,24,2
T2,1,1,45,5
T3,2,1,165,18
T4,3,1,200,1
T5,4,1,94,10
T6,5,0,120,19
T7,6,1,165,29
[414]
T1,0,1,40,1
T2,1,0,196,10
T3,2,1,147,2
T4,3,1,196,25
T5,4,0,108,7
T6,5,0,200,81
T7,6,0,24,2
[415]
T1,0,1,200,12
T2,1,1,45,5
T3,2,0,50,2
T4,3,0,125,43
T5,4,0,105,4
T6,5,1,168,14
T7,6,0,196,4
[416]
T1,0,0,200,59
T2,1,0,21,1
T3,2,1,116,5
T4,3,1,180,14
T5,4,1,168,22
T6,5,1,51,3
T7,6,1,70,2
[417]
T1,0,1,138,25
T2,1,0,49,15
T3,2,1,200,1
T4,3,1,70,2
T5,4,0,52,5
T6,5,0,175,2
T7,6,1,175,10
[418]
T1,0,0,100,20
T2,1,1,34,3
T3,2,0,196,4
T4,3,1,160,4
T5,4,1,98,8
T6,5,0,200,46
T7,6,1,47,2
[419]
T1,0,1,200,64
T2,1,0,29,2
T3,2,1,150,21
T4,3,0,90,8
T5,4,0,48,1
T6,5,1,84,1
T7,6,1,148,8
[420]
T1,0,0,195,3
T2,1,1,169,9
T3,2,1,144,5
T4,3,0,45,5
T5,4,1,200,74
T6,5,1,130,4
T7,6,0,49,3
[421]
T1,0,1,56,29
T2,1,0,168,2
T3,2,1,200,4
T4,3,1,177,4
T5,4,0,20,1
T6,5,1,63,1
T7,6,1,20,2
[422]
T1,0,0,34,5
T2,1,0,104,19
T3,2,0,200,20
T4,3,1,34,5
T5,4,0,156,6
T6,5,0,156,6
T7,6,0,91,2
[423]
T1,0,0,54,15
T2,1,0,172,17
T3,2,1,37,5
T4,3,1,200,20
T5,4,0,108,1
T6,5,1,162,1
T7,6,1,75,2
[424]
T1,0,0,160,6
T2,1,1,65,3
T3,2,1,40,8
T4,3,1,48,2
T5,4,0,90,18
T6,5,1,195,28
T7,6,1,200,9
[425]
T1,0,1,156,12
T2,1,0,33,1
T3,2,0,88,1
T4,3,0,120,47
T5,4,0,200,7
T6,5,1,21,2
T7,6,0,176,1
[426]
T1,0,0,192,83
T2,1,0,200,21
T3,2,1,24,2
T4,3,0,33,2
T5,4,1,96,2
T6,5,0,176,23
T7,6,0,84,2
[427]
T1,0,1,200,23
T2,1,1,160,11
T3,2,1,189,70
T4,3,0,60,2
T5,4,1,70,2
T6,5,0,36,1
T7,6,0,30,1
[428]
T1,0,0,63,10
T2,1,1,126,4
T3,2,1,32,4
T4,3,1,196,1
T5,4,0,200,26
T6,5,0,150,13
T7,6,1,36,4
[429]
T1,0,1,175,14
T2,1,1,154,11
T3,2,0,33,1
T4,3,1,200,6
T5,4,1,112,16
T6,5,1,63,3
T7,6,0,44,12
[430]
T1,0,1,152,42
T2,1,0,20,2
T3,2,0,190,18
T4,3,0,80,8
T5,4,1,48,5
T6,5,1,200,6
T7,6,1,105,2
[431]
T1,0,0,180,19
T2,1,1,26,2
T3,2,0,100,7
T4,3,1,117,3
T5,4,0,41,12
T6,5,1,164,2
T7,6,0,200,14
[432]
T1,0,1,32,2
T2,1,1,80,2
T3,2,0,195,2
T4,3,0,180,4
T5,4,0,65,29
T6,5,0,34,1
T7,6,0,200,29
[433]
T1,0,1,66,3
T2,1,1,165,11
T3,2,1,80,12
T4,3,1,165,5
T5,4,0,45,3
T6,5,1,200,21
T7,6,0,46,9
[434]
T1,0,0,200,61
T2,1,1,113,2
T3,2,0,100,6
T4,3,1,47,3
T5,4,1,176,5
T6,5,1,160,33
T7,6,0,25,2
[435]
T1,0,0,26,7
T2,1,0,133,7
T3,2,1,21,1
T4,3,0,160,9
T5,4,0,200,23
T6,5,0,70,2
T7,6,1,190,14
[436]
T1,0,1,200,14
T2,1,0,76,3
T3,2,1,31,1
T4,3,1,190,78
T5,4,0,20,1
T6,5,0,150,3
T7,6,1,67,2
[437]
T1,0,0,174,13
T2,1,0,20,3
T3,2,0,58,4
T4,3,1,33,2
T5,4,0,98,2
T6,5,0,200,23
T7,6,0,174,38
[438]
T1,0,0,186,11
T2,1,1,200,69
T3,2,1,110,2
T4,3,1,30,2
T5,4,1,53,1
T6,5,1,124,17
T7,6,0,155,2
[439]
T1,0,1,25,2
T2,1,0,160,7
T3,2,1,78,29
T4,3,1,180,7
T5,4,1,104,2
T6,5,0,200,13
T7,6,0,50,7
[440]
T1,0,0,153,12
T2,1,0,102,15
T3,2,1,30,1
T4,3,0,200,11
T5,4,1,45,1
T6,5,0,100,5
T7,6,1,195,47
[441]
T1,0,0,125,35
T2,1,0,70,3
T3,2,0,162,2
T4,3,1,49,6
T5,4,0,200,6
T6,5,1,180,30
T7,6,1,36,2
[442]
T1,0,1,33,2
T2,1,0,175,15
T3,2,0,102,27
T4,3,1,200,16
T5,4,0,64,2
T6,5,1,150,32
T7,6,0,35,2
[443]
T1,0,0,60,5
T2,1,0,192,56
T3,2,0,45,2
T4,3,0,200,30
T5,4,1,52,1
T6,5,0,180,4
T7,6,0,61,3
[444]
T1,0,0,200,5
T2,1,0,189,14
T3,2,1,56,19
T4,3,0,150,2
T5,4,1,119,1
T6,5,1,51,9
T7,6,1,26,2
[445]
T1,0,1,54,2
T2,1,1,46,19
T3,2,0,105,9
T4,3,1,200,2
T5,4,0,168,13
T6,5,0,168,1
T7,6,0,125,4
[446]
T1,0,0,175,7
T2,1,0,200,19
T3,2,0,182,12
T4,3,0,144,34
T5,4,1,52,5
T6,5,1,135,5
T7,6,0,28,3
[447]
T1,0,0,76,8
T2,1,0,160,19
T3,2,1,37,7
T4,3,1,95,4
T5,4,1,190,9
T6,5,1,28,1
T7,6,0,200,19
[448]
T1,0,1,75,9
T2,1,1,29,2
T3,2,0,36,1
T4,3,1,200,23
T5,4,0,80,13
T6,5,1,165,13
T7,6,0,192,28
[449]
T1,0,0,84,2
T2,1,1,36,8
T3,2,1,153,9
T4,3,1,200,3
T5,4,1,84,16
T6,5,1,43,2
T7,6,1,170,15
[450]
T1,0,0,192,19
T2,1,1,26,2
T3,2,0,200,6
T4,3,1,156,11
T5,4,1,43,2
T6,5,0,125,1
T7,6,0,80,30
[451]
T1,0,0,88,8
T2,1,0,148,12
T3,2,0,34,1
T4,3,0,200,6
T5,4,0,100,1
T6,5,1,176,10
T7,6,1,30,11
[452]
T1,0,1,27,2
T2,1,0,152,9
T3,2,1,68,2
T4,3,1,200,11
T5,4,0,150,35
T6,5,0,85,17
T7,6,1,24,2
[453]
T1,0,0,200,24
T2,1,0,180,2
T3,2,1,54,4
T4,3,1,32,9
T5,4,0,160,8
T6,5,0,51,2
T7,6,0,69,5
[454]
T1,0,1,175,11
T2,1,1,26,3
T3,2,1,195,47
T4,3,0,136,5
T5,4,0,56,5
T6,5,0,200,16
T7,6,0,52,1
[455]
T1,0,0,52,11
T2,1,1,175,12
T3,2,1,114,2
T4,3,1,150,12
T5,4,0,200,23
T6,5,0,35,6
T7,6,1,108,2
[456]
T1,0,1,76,8
T2,1,0,200,21
T3,2,1,152,1
T4,3,0,168,12
T5,4,1,21,6
T6,5,0,41,4
T7,6,1,98,2
[457]
T1,0,0,25,1
T2,1,1,200,6
T3,2,1,126,16
T4,3,0,34,2
T5,4,1,180,25
T6,5,0,156,26
T7,6,0,65,4
[458]
T1,0,0,160,30
T2,1,0,78,1
T3,2,0,180,66
T4,3,1,120,3
T5,4,1,200,2
T6,5,1,42,3
T7,6,0,46,2
[459]
T1,0,0,200,17
T2,1,1,30,2
T3,2,0,56,3
T4,3,0,40,2
T5,4,0,168,36
T6,5,0,60,9
T7,6,1,159,25
[460]
T1,0,0,168,18
T2,1,0,200,7
T3,2,1,61,2
T4,3,1,183,48
T5,4,0,50,1
T6,5,0,24,2
T7,6,1,100,12
[461]
T1,0,0,165,28
T2,1,1,200,27
T3,2,1,132,3
T4,3,1,176,4
T5,4,1,72,5
T6,5,0,37,3
T7,6,1,26,4
[462]
T1,0,0,86,9
T2,1,1,46,6
T3,2,1,75,2
T4,3,0,152,15
T5,4,1,200,2
T6,5,1,190,13
T7,6,1,48,10
[463]
T1,0,1,30,2
T2,1,1,66,5
T3,2,1,154,4
T4,3,1,200,22
T5,4,0,85,1
T6,5,0,27,3
T7,6,1,175,53
[464]
T1,0,1,51,6
T2,1,1,78,9
T3,2,1,127,36
T4,3,1,200,7
T5,4,0,156,7
T6,5,0,24,1
T7,6,1,150,3
[465]
T1,0,1,88,12
T2,1,0,23,4
T3,2,1,198,38
T4,3,0,200,2
T5,4,1,28,2
T6,5,0,175,1
T7,6,1,120,20
[466]
T1,0,0,50,12
T2,1,1,30,3
T3,2,0,200,24
T4,3,0,165,4
T5,4,1,62,5
T6,5,1,110,3
T7,6,0,160,11
[467]
T1,0,0,99,9
T2,1,0,180,20
T3,2,0,60,8
T4,3,0,20,5
T5,4,0,200,12
T6,5,1,44,2
T7,6,0,185,2
[468]
T1,0,0,125,2
T2,1,0,200,4
T3,2,1,88,2
T4,3,0,165,11
T5,4,0,26,4
T6,5,0,165,10
T7,6,1,52,18
[469]
T1,0,1,198,25
T2,1,1,200,5
T3,2,0,165,24
T4,3,1,44,2
T5,4,1,132,45
T6,5,0,70,2
T7,6,0,36,2
[470]
T1,0,0,175,2
T2,1,0,112,23
T3,2,0,26,2
T4,3,1,200,9
T5,4,1,80,1
T6,5,0,191,15
T7,6,0,50,14
[471]
T1,0,1,150,1
T2,1,0,48,6
T3,2,0,126,10
T4,3,1,200,26
T5,4,0,180,45
T6,5,1,48,3
T7,6,0,55,1
[472]
T1,0,0,70,2
T2,1,0,30,2
T3,2,0,175,79
T4,3,0,200,4
T5,4,1,59,1
T6,5,1,160,19
T7,6,0,30,1
[473]
T1,0,0,152,19
T2,1,0,20,2
T3,2,0,200,25
T4,3,1,108,2
T5,4,1,24,2
T6,5,1,152,23
T7,6,0,70,14
[474]
T1,0,1,26,2
T2,1,0,32,2
T3,2,1,176,18
T4,3,0,62,17
T5,4,0,150,3
T6,5,0,200,7
T7,6,0,132,12
[475]
T1,0,0,117,7
T2,1,1,65,1
T3,2,0,156,6
T4,3,0,40,2
T5,4,1,41,3
T6,5,0,164,75
T7,6,0,200,3
[476]
T1,0,0,80,4
T2,1,1,200,43
T3,2,1,87,9
T4,3,1,45,1
T5,4,0,40,1
T6,5,1,174,22
T7,6,0,195,22
[477]
T1,0,0,176,64
T2,1,0,200,11
T3,2,1,183,27
T4,3,0,45,2
T5,4,1,55,1
T6,5,1,100,1
T7,6,0,44,3
[478]
T1,0,1,60,9
T2,1,1,66,6
T3,2,0,33,4
T4,3,0,200,2
T5,4,1,26,2
T6,5,1,160,27
T7,6,1,160,7
[479]
T1,0,0,200,5
T2,1,1,180,24
T3,2,1,75,2
T4,3,1,57,3
T5,4,1,174,15
T6,5,1,30,3
T7,6,0,43,10
[480]
T1,0,0,126,8
T2,1,0,153,8
T3,2,0,42,9
T4,3,0,28,2
T5,4,0,105,20
T6,5,1,168,8
T7,6,1,200,5
[481]
T1,0,1,21,2
T2,1,0,200,6
T3,2,1,168,5
T4,3,1,126,20
T5,4,0,72,7
T6,5,0,174,37
T7,6,1,53,2
[482]
T1,0,1,40,9
T2,1,1,200,2
T3,2,1,195,17
T4,3,0,84,3
T5,4,0,85,3
T6,5,0,45,8
T7,6,1,182,15
[483]
T1,0,1,164,51
T2,1,0,51,11
T3,2,1,126,5
T4,3,1,180,1
T5,4,1,60,1
T6,5,1,36,1
T7,6,0,200,6
[484]
T1,0,1,31,2
T2,1,1,144,2
T3,2,0,45,1
T4,3,0,192,13
T5,4,1,200,33
T6,5,1,75,3
T7,6,0,160,58
[485]
T1,0,1,28,5
T2,1,0,104,2
T3,2,1,168,5
T4,3,1,65,3
T5,4,1,200,12
T6,5,1,31,7
T7,6,0,196,25
[486]
T1,0,0,200,2
T2,1,1,172,23
T3,2,0,28,2
T4,3,1,72,9
T5,4,0,36,6
T6,5,0,180,31
T7,6,0,60,2
[487]
T1,0,1,40,4
T2,1,1,200,24
T3,2,0,46,4
T4,3,1,80,10
T5,4,1,152,22
T6,5,0,171,4
T7,6,0,55,2
[488]
T1,0,0,162,20
T2,1,1,156,27
T3,2,0,38,2
T4,3,0,78,2
T5,4,0,200,28
T6,5,0,130,16
T7,6,1,36,1
[489]
T1,0,0,21,2
T2,1,1,200,1
T3,2,1,170,70
T4,3,0,156,5
T5,4,1,100,8
T6,5,0,46,5
T7,6,0,140,2
[490]
T1,0,1,200,42
T2,1,1,35,5
T3,2,1,175,4
T4,3,1,54,8
T5,4,1,175,4
T6,5,1,100,7
T7,6,1,93,3
[491]
T1,0,0,168,3
T2,1,1,42,1
T3,2,1,162,7
T4,3,0,140,14
T5,4,0,200,48
T6,5,1,135,9
T7,6,1,34,6
[492]
T1,0,0,174,53
T2,1,0,87,6
T3,2,1,45,5
T4,3,1,60,2
T5,4,0,150,7
T6,5,0,21,1
T7,6,1,200,5
[493]
T1,0,1,35,11
T2,1,1,189,2
T3,2,0,200,1
T4,3,1,81,11
T5,4,1,180,28
T6,5,0,33,2
T7,6,0,75,3
[494]
T1,0,0,54,2
T2,1,0,24,3
T3,2,0,192,45
T4,3,0,132,16
T5,4,0,200,22
T6,5,1,60,1
T7,6,0,192,6
[495]
T1,0,1,23,3
T2,1,0,76,3
T3,2,1,171,31
T4,3,0,114,6
T5,4,1,20,1
T6,5,0,200,2
T7,6,0,168,33
[496]
T1,0,1,198,3
T2,1,0,135,15
T3,2,1,80,11
T4,3,1,21,2
T5,4,1,200,2
T6,5,1,198,18
T7,6,0,51,10
[497]
T1,0,1,160,20
T2,1,1,32,2
T3,2,1,64,2
T4,3,1,23,3
T5,4,1,129,2
T6,5,0,150,43
T7,6,0,200,16
[498]
T1,0,0,150,2
T2,1,1,32,2
T3,2,0,70,2
T4,3,0,196,68
T5,4,0,200,2
T6,5,0,45,4
T7,6,0,105,21
[499]
T1,0,1,195,37
T2,1,0,130,5
T3,2,0,22,1
T4,3,1,192,9
T5,4,1,200,53
T6,5,1,39,2
T7,6,0,60,3
[500]
T1,0,1,165,6
T2,1,0,21,2
T3,2,0,27,11
T4,3,1,150,7
T5,4,0,96,1
T6,5,1,90,7
T7,6,1,200,14
