num_task_per_taskset=5
num_taskset=500
//ID,Priority,Offset,Period,Execution Time
[1]
T1,0,0,200,3
T2,1,1,168,4
T3,2,0,25,2
T4,3,0,57,4
T5,4,0,121,8
[2]
T1,0,1,144,6
T2,1,1,152,2
T3,2,1,72,1
T4,3,0,200,14
T5,4,0,44,2
[3]
T1,0,0,81,4
T2,1,1,54,1
T3,2,1,90,7
T4,3,0,200,1
T5,4,1,154,2
[4]
T1,0,1,172,4
T2,1,1,25,1
T3,2,1,200,2
T4,3,0,125,6
T5,4,0,97,4
[5]
T1,0,0,200,10
T2,1,1,184,10
T3,2,0,126,2
T4,3,1,23,1
T5,4,0,61,1
[6]
T1,0,1,93,7
T2,1,0,200,2
T3,2,1,40,1
T4,3,0,89,1
T5,4,0,170,10
[7]
T1,0,1,150,10
T2,1,1,115,2
T3,2,0,200,17
T4,3,0,23,2
T5,4,0,116,3
[8]
T1,0,0,90,2
T2,1,1,50,5
T3,2,1,148,6
T4,3,0,94,1
T5,4,0,200,3
[9]
T1,0,1,198,2
T2,1,1,200,2
T3,2,1,55,2
T4,3,1,73,1
T5,4,1,40,5
[10]
T1,0,1,30,2
T2,1,1,115,12
T3,2,1,200,7
T4,3,0,195,7
T5,4,1,65,2
[11]
T1,0,1,55,2
T2,1,0,190,5
T3,2,0,32,1
T4,3,0,200,3
T5,4,1,135,11
[12]
T1,0,1,30,3
T2,1,1,62,2
T3,2,1,200,3
T4,3,0,150,1
T5,4,1,144,7
[13]
T1,0,1,105,16
T2,1,1,200,2
T3,2,0,164,1
T4,3,0,62,1
T5,4,0,41,2
[14]
T1,0,1,117,5
T2,1,1,160,3
T3,2,0,200,16
T4,3,1,120,5
T5,4,1,44,2
[15]
T1,0,0,200,6
T2,1,0,65,3
T3,2,0,38,2
T4,3,0,170,9
T5,4,1,141,2
[16]
T1,0,0,140,10
T2,1,0,200,2
T3,2,1,64,2
T4,3,1,30,1
T5,4,1,164,7
[17]
T1,0,1,30,2
T2,1,0,176,5
T3,2,1,200,2
T4,3,1,80,8
T5,4,0,61,1
[18]
T1,0,0,106,1
T2,1,0,44,2
T3,2,0,160,3
T4,3,1,200,12
T5,4,0,102,6
[19]
T1,0,0,182,2
T2,1,0,200,21
T3,2,1,20,2
T4,3,0,79,2
T5,4,1,80,4
[20]
T1,0,1,135,6
T2,1,1,45,2
T3,2,1,168,5
T4,3,1,200,10
T5,4,1,74,4
[21]
T1,0,1,200,5
T2,1,0,36,2
T3,2,1,87,9
T4,3,1,168,2
T5,4,0,88,3
[22]
T1,0,1,48,3
T2,1,1,200,18
T3,2,0,120,2
T4,3,0,172,3
T5,4,0,128,2
[23]
T1,0,1,35,3
T2,1,0,64,2
T3,2,1,200,6
T4,3,0,122,4
T5,4,1,172,4
[24]
T1,0,1,124,2
T2,1,0,200,7
T3,2,1,186,15
T4,3,0,25,2
T5,4,0,98,6
[25]
T1,0,1,147,3
T2,1,1,180,18
T3,2,0,78,2
T4,3,1,200,3
T5,4,0,48,2
[26]
T1,0,1,161,3
T2,1,1,20,2
T3,2,0,95,4
T4,3,0,200,22
T5,4,0,115,1
[27]
T1,0,1,148,12
T2,1,1,60,2
T3,2,1,37,2
T4,3,0,200,2
T5,4,0,78,2
[28]
T1,0,1,76,2
T2,1,1,40,1
T3,2,1,200,2
T4,3,1,135,7
T5,4,1,158,12
[29]
T1,0,1,40,2
T2,1,1,200,2
T3,2,0,175,3
T4,3,0,147,2
T5,4,0,146,21
[30]
T1,0,0,78,3
T2,1,0,156,1
T3,2,0,136,2
T4,3,1,200,7
T5,4,1,34,3
[31]
T1,0,0,75,1
T2,1,1,60,7
T3,2,1,20,2
T4,3,0,194,1
T5,4,1,200,2
[32]
T1,0,1,200,8
T2,1,1,48,3
T3,2,1,101,4
T4,3,0,54,2
T5,4,0,162,6
[33]
T1,0,0,59,3
T2,1,1,172,4
T3,2,0,122,7
T4,3,0,40,2
T5,4,0,200,5
[34]
T1,0,1,85,4
T2,1,0,139,2
T3,2,1,190,17
T4,3,0,200,7
T5,4,1,45,2
[35]
T1,0,1,74,2
T2,1,1,200,23
T3,2,0,72,2
T4,3,0,33,2
T5,4,0,165,6
[36]
T1,0,0,200,4
T2,1,1,121,9
T3,2,0,144,5
T4,3,0,180,2
T5,4,0,36,1
[37]
T1,0,1,85,2
T2,1,1,34,1
T3,2,1,106,6
T4,3,0,200,2
T5,4,0,168,13
[38]
T1,0,1,88,5
T2,1,1,200,9
T3,2,1,140,10
T4,3,1,42,2
T5,4,1,196,2
[39]
T1,0,0,82,2
T2,1,0,180,5
T3,2,0,200,5
T4,3,1,30,1
T5,4,1,73,6
[40]
T1,0,1,134,1
T2,1,0,200,1
T3,2,1,20,2
T4,3,1,70,4
T5,4,0,175,20
[41]
T1,0,0,52,2
T2,1,0,200,5
T3,2,0,54,1
T4,3,0,195,20
T5,4,1,141,6
[42]
T1,0,1,37,4
T2,1,1,150,2
T3,2,0,200,2
T4,3,0,63,3
T5,4,1,58,2
[43]
T1,0,0,48,2
T2,1,0,96,1
T3,2,1,200,25
T4,3,1,93,2
T5,4,0,177,7
[44]
T1,0,1,180,2
T2,1,0,111,2
T3,2,1,200,23
T4,3,0,30,1
T5,4,1,133,1
[45]
T1,0,0,122,2
T2,1,1,171,12
T3,2,0,32,1
T4,3,0,200,8
T5,4,0,75,1
[46]
T1,0,1,131,16
T2,1,1,200,2
T3,2,1,150,5
T4,3,1,27,2
T5,4,0,120,2
[47]
T1,0,1,27,2
T2,1,0,162,13
T3,2,0,55,4
T4,3,1,200,6
T5,4,0,72,2
[48]
T1,0,0,30,2
T2,1,1,59,2
T3,2,0,154,4
T4,3,0,200,16
T5,4,0,125,9
[49]
T1,0,0,190,1
T2,1,0,57,4
T3,2,0,131,5
T4,3,1,53,1
T5,4,1,200,9
[50]
T1,0,0,137,2
T2,1,0,115,8
T3,2,0,24,2
T4,3,1,200,7
T5,4,1,156,10
[51]
T1,0,0,45,2
T2,1,0,153,2
T3,2,1,200,5
T4,3,0,69,1
T5,4,1,130,18
[52]
T1,0,1,115,11
T2,1,1,200,8
T3,2,0,63,2
T4,3,0,22,2
T5,4,1,154,7
[53]
T1,0,0,66,2
T2,1,0,200,2
T3,2,0,99,6
T4,3,1,160,12
T5,4,1,28,1
[54]
T1,0,1,148,6
T2,1,0,25,2
T3,2,0,200,9
T4,3,1,68,3
T5,4,0,122,2
[55]
T1,0,1,104,13
T2,1,0,113,2
T3,2,1,30,2
T4,3,0,170,3
T5,4,0,200,7
[56]
T1,0,1,200,9
T2,1,0,172,10
T3,2,1,131,11
T4,3,1,21,2
T5,4,1,105,2
[57]
T1,0,1,168,5
T2,1,1,30,2
T3,2,0,75,6
T4,3,0,200,7
T5,4,0,92,2
[58]
T1,0,0,184,3
T2,1,0,56,1
T3,2,1,27,2
T4,3,0,200,7
T5,4,1,59,1
[59]
T1,0,0,48,2
T2,1,0,105,13
T3,2,0,177,2
T4,3,0,66,2
T5,4,0,200,2
[60]
T1,0,1,72,3
T2,1,0,165,14
T3,2,1,48,2
T4,3,0,200,4
T5,4,0,67,2
[61]
T1,0,0,45,2
T2,1,0,112,2
T3,2,0,200,5
T4,3,0,114,7
T5,4,1,154,4
[62]
T1,0,1,24,1
T2,1,0,121,9
T3,2,1,200,1
T4,3,1,154,2
T5,4,1,136,5
[63]
T1,0,1,105,2
T2,1,1,200,8
T3,2,0,144,1
T4,3,0,186,24
T5,4,1,42,2
[64]
T1,0,0,200,5
T2,1,0,50,3
T3,2,1,94,1
T4,3,1,164,2
T5,4,0,60,4
[65]
T1,0,1,72,2
T2,1,0,200,7
T3,2,1,162,18
T4,3,1,47,2
T5,4,0,118,2
[66]
T1,0,0,193,3
T2,1,1,200,8
T3,2,1,28,2
T4,3,0,77,5
T5,4,1,80,3
[67]
T1,0,0,48,2
T2,1,0,200,10
T3,2,1,189,5
T4,3,0,55,5
T5,4,1,144,2
[68]
T1,0,0,50,2
T2,1,1,107,3
T3,2,0,164,8
T4,3,0,200,8
T5,4,1,140,1
[69]
T1,0,0,185,6
T2,1,0,101,3
T3,2,0,200,2
T4,3,1,25,1
T5,4,1,85,5
[70]
T1,0,0,180,6
T2,1,0,114,1
T3,2,1,129,2
T4,3,0,200,9
T5,4,1,40,4
[71]
T1,0,0,51,2
T2,1,1,84,12
T3,2,1,189,2
T4,3,0,200,1
T5,4,0,125,2
[72]
T1,0,1,200,6
T2,1,0,28,2
T3,2,1,85,5
T4,3,1,88,2
T5,4,1,164,3
[73]
T1,0,0,64,3
T2,1,1,184,10
T3,2,1,200,6
T4,3,0,35,2
T5,4,1,59,2
[74]
T1,0,1,177,1
T2,1,0,200,4
T3,2,0,92,2
T4,3,0,42,3
T5,4,0,90,7
[75]
T1,0,1,49,3
T2,1,1,103,5
T3,2,0,200,2
T4,3,0,165,12
T5,4,0,110,2
[76]
T1,0,1,27,2
T2,1,1,105,5
T3,2,1,200,2
T4,3,0,113,9
T5,4,1,154,5
[77]
T1,0,1,125,3
T2,1,1,184,2
T3,2,1,96,1
T4,3,0,28,2
T5,4,1,200,9
[78]
T1,0,1,106,4
T2,1,1,192,25
T3,2,1,90,1
T4,3,1,200,2
T5,4,1,48,2
[79]
T1,0,1,132,5
T2,1,0,200,10
T3,2,1,50,3
T4,3,0,114,1
T5,4,1,175,5
[80]
T1,0,0,24,2
T2,1,1,200,19
T3,2,1,93,3
T4,3,0,82,4
T5,4,1,192,1
[81]
T1,0,0,48,2
T2,1,0,56,3
T3,2,1,200,1
T4,3,0,92,2
T5,4,0,180,7
[82]
T1,0,1,200,2
T2,1,1,189,2
T3,2,0,63,8
T4,3,0,88,2
T5,4,0,45,2
[83]
T1,0,1,120,5
T2,1,1,200,17
T3,2,1,31,1
T4,3,1,150,3
T5,4,1,71,2
[84]
T1,0,0,95,1
T2,1,1,200,27
T3,2,1,140,1
T4,3,0,170,4
T5,4,0,32,2
[85]
T1,0,0,49,2
T2,1,1,95,1
T3,2,0,100,1
T4,3,0,165,5
T5,4,0,200,15
[86]
T1,0,1,200,11
T2,1,1,48,2
T3,2,0,197,8
T4,3,1,100,4
T5,4,0,123,2
[87]
T1,0,1,70,2
T2,1,1,171,13
T3,2,1,200,2
T4,3,1,108,7
T5,4,0,48,1
[88]
T1,0,0,195,13
T2,1,0,200,2
T3,2,0,144,5
T4,3,0,144,5
T5,4,0,48,1
[89]
T1,0,0,150,4
T2,1,1,119,2
T3,2,0,200,7
T4,3,0,36,2
T5,4,1,90,3
[90]
T1,0,1,52,4
T2,1,1,70,1
T3,2,0,200,6
T4,3,0,77,2
T5,4,1,164,9
[91]
T1,0,0,156,7
T2,1,1,90,5
T3,2,1,200,4
T4,3,0,38,2
T5,4,0,86,1
[92]
T1,0,1,141,2
T2,1,0,188,10
T3,2,0,48,1
T4,3,1,67,1
T5,4,1,200,15
[93]
T1,0,0,50,1
T2,1,1,145,5
T3,2,1,115,1
T4,3,0,200,2
T5,4,0,174,20
[94]
T1,0,0,42,1
T2,1,0,200,7
T3,2,1,188,17
T4,3,0,107,1
T5,4,1,140,2
[95]
T1,0,1,176,17
T2,1,1,32,2
T3,2,0,117,2
T4,3,0,130,2
T5,4,0,200,9
[96]
T1,0,1,170,10
T2,1,1,82,4
T3,2,1,200,9
T4,3,0,28,2
T5,4,1,85,2
[97]
T1,0,0,122,5
T2,1,0,182,6
T3,2,1,22,2
T4,3,1,60,2
T5,4,0,200,13
[98]
T1,0,1,161,4
T2,1,0,64,1
T3,2,0,48,2
T4,3,0,82,3
T5,4,1,200,13
[99]
T1,0,0,152,13
T2,1,0,130,4
T3,2,0,200,9
T4,3,1,36,2
T5,4,0,117,2
[100]
T1,0,0,141,8
T2,1,0,198,2
T3,2,1,47,1
T4,3,1,126,14
T5,4,1,200,2
[101]
T1,0,1,95,4
T2,1,1,37,1
T3,2,1,96,1
T4,3,0,185,7
T5,4,1,200,13
[102]
T1,0,0,178,1
T2,1,1,112,4
T3,2,1,118,3
T4,3,1,25,1
T5,4,0,200,12
[103]
T1,0,1,116,2
T2,1,0,83,2
T3,2,1,40,2
T4,3,0,200,4
T5,4,0,161,20
[104]
T1,0,1,142,2
T2,1,1,175,21
T3,2,0,200,1
T4,3,0,77,2
T5,4,0,26,2
[105]
T1,0,0,200,1
T2,1,0,50,1
T3,2,1,95,9
T4,3,1,158,4
T5,4,0,74,2
[106]
T1,0,0,166,2
T2,1,1,20,2
T3,2,0,136,1
T4,3,0,200,2
T5,4,1,76,13
[107]
T1,0,0,136,5
T2,1,0,200,4
T3,2,0,45,2
T4,3,0,186,14
T5,4,1,114,2
[108]
T1,0,1,75,1
T2,1,1,200,18
T3,2,1,96,1
T4,3,1,33,2
T5,4,1,154,1
[109]
T1,0,0,133,1
T2,1,0,200,2
T3,2,1,198,9
T4,3,1,29,1
T5,4,0,116,8
[110]
T1,0,1,175,3
T2,1,1,79,9
T3,2,0,128,2
T4,3,1,48,2
T5,4,0,200,4
[111]
T1,0,0,54,2
T2,1,0,200,15
T3,2,0,175,3
T4,3,0,123,2
T5,4,1,84,7
[112]
T1,0,1,186,8
T2,1,1,46,2
T3,2,1,138,7
T4,3,1,99,8
T5,4,1,200,2
[113]
T1,0,0,154,2
T2,1,1,86,4
T3,2,1,22,2
T4,3,1,200,2
T5,4,1,57,2
[114]
T1,0,0,97,9
T2,1,0,53,1
T3,2,0,150,2
T4,3,1,200,3
T5,4,0,120,5
[115]
T1,0,0,200,2
T2,1,1,176,2
T3,2,1,127,8
T4,3,1,44,2
T5,4,0,113,14
[116]
T1,0,1,67,5
T2,1,1,40,2
T3,2,1,195,12
T4,3,1,200,4
T5,4,1,108,1
[117]
T1,0,0,200,8
T2,1,0,108,1
T3,2,0,68,2
T4,3,1,169,17
T5,4,1,40,2
[118]
T1,0,0,200,3
T2,1,1,30,2
T3,2,0,64,1
T4,3,0,110,13
T5,4,1,152,4
[119]
T1,0,1,52,1
T2,1,1,85,1
T3,2,0,182,12
T4,3,0,200,8
T5,4,0,125,4
[120]
T1,0,0,200,8
T2,1,0,73,1
T3,2,1,71,6
T4,3,0,20,2
T5,4,0,188,4
[121]
T1,0,0,90,5
T2,1,0,200,7
T3,2,1,187,3
T4,3,1,140,7
T5,4,1,21,2
[122]
T1,0,0,60,3
T2,1,0,92,5
T3,2,0,150,1
T4,3,0,37,1
T5,4,0,200,4
[123]
T1,0,1,48,1
T2,1,1,175,5
T3,2,1,64,4
T4,3,0,200,6
T5,4,0,91,3
[124]
T1,0,1,172,1
T2,1,1,69,2
T3,2,1,40,1
T4,3,0,200,17
T5,4,0,101,5
[125]
T1,0,1,24,1
T2,1,1,107,2
T3,2,0,70,2
T4,3,1,200,17
T5,4,0,189,2
[126]
T1,0,1,168,6
T2,1,0,93,1
T3,2,1,119,2
T4,3,1,35,3
T5,4,1,200,9
[127]
T1,0,0,64,2
T2,1,0,198,20
T3,2,0,104,4
T4,3,1,200,4
T5,4,1,27,2
[128]
T1,0,1,200,3
T2,1,1,180,2
T3,2,1,42,2
T4,3,1,128,5
T5,4,1,55,4
[129]
T1,0,1,93,9
T2,1,1,180,1
T3,2,1,133,3
T4,3,0,54,2
T5,4,1,200,9
[130]
T1,0,1,87,2
T2,1,0,106,2
T3,2,1,200,2
T4,3,0,44,4
T5,4,1,180,11
[131]
T1,0,1,200,14
T2,1,1,127,3
T3,2,1,185,6
T4,3,0,20,2
T5,4,0,98,4
[132]
T1,0,0,174,4
T2,1,1,131,5
T3,2,0,58,2
T4,3,0,36,1
T5,4,1,200,7
[133]
T1,0,0,200,23
T2,1,1,74,2
T3,2,1,31,1
T4,3,1,70,2
T5,4,0,160,4
[134]
T1,0,1,73,5
T2,1,0,117,3
T3,2,0,180,2
T4,3,1,200,3
T5,4,1,36,2
[135]
T1,0,1,60,4
T2,1,0,21,2
T3,2,1,163,1
T4,3,1,84,5
T5,4,0,200,3
[136]
T1,0,1,200,8
T2,1,0,44,2
T3,2,1,105,1
T4,3,0,175,2
T5,4,0,110,7
[137]
T1,0,0,92,4
T2,1,1,184,1
T3,2,1,200,1
T4,3,1,56,4
T5,4,0,49,2
[138]
T1,0,0,45,2
T2,1,0,170,7
T3,2,0,79,2
T4,3,0,58,2
T5,4,1,200,18
[139]
T1,0,0,147,4
T2,1,1,106,8
T3,2,1,150,6
T4,3,0,200,1
T5,4,1,33,1
[140]
T1,0,1,156,2
T2,1,0,200,8
T3,2,1,45,4
T4,3,0,69,3
T5,4,1,99,2
[141]
T1,0,1,200,17
T2,1,1,140,2
T3,2,0,172,17
T4,3,0,122,2
T5,4,1,25,2
[142]
T1,0,1,125,2
T2,1,1,30,1
T3,2,1,58,2
T4,3,0,200,2
T5,4,0,160,13
[143]
T1,0,0,200,28
T2,1,0,68,2
T3,2,1,48,1
T4,3,0,113,1
T5,4,1,174,2
[144]
T1,0,1,76,1
T2,1,0,33,1
T3,2,0,198,15
T4,3,1,200,2
T5,4,1,117,6
[145]
T1,0,1,162,1
T2,1,0,124,9
T3,2,0,48,5
T4,3,1,200,2
T5,4,0,88,2
[146]
T1,0,1,182,2
T2,1,1,147,9
T3,2,1,32,1
T4,3,1,98,4
T5,4,0,200,8
[147]
T1,0,1,44,1
T2,1,1,200,8
T3,2,0,176,4
T4,3,0,85,2
T5,4,0,76,4
[148]
T1,0,1,169,12
T2,1,1,111,1
T3,2,1,30,2
T4,3,0,200,16
T5,4,1,105,2
[149]
T1,0,1,185,7
T2,1,1,57,2
T3,2,1,200,18
T4,3,0,40,1
T5,4,1,69,2
[150]
T1,0,1,116,1
T2,1,0,155,13
T3,2,1,44,2
T4,3,0,93,2
T5,4,0,200,14
[151]
T1,0,0,200,2
T2,1,1,24,2
T3,2,1,125,1
T4,3,1,175,15
T5,4,1,108,2
[152]
T1,0,1,112,2
T2,1,0,42,2
T3,2,1,74,5
T4,3,1,189,1
T5,4,1,200,15
[153]
T1,0,1,80,4
T2,1,1,40,1
T3,2,1,74,1
T4,3,1,200,4
T5,4,0,165,12
[154]
T1,0,1,73,3
T2,1,1,165,4
T3,2,0,40,2
T4,3,1,200,4
T5,4,1,61,1
[155]
T1,0,1,192,6
T2,1,0,86,3
T3,2,1,111,2
T4,3,1,32,2
T5,4,1,200,5
[156]
T1,0,1,88,4
T2,1,1,35,2
T3,2,1,80,2
T4,3,1,200,22
T5,4,0,194,1
[157]
T1,0,0,138,6
T2,1,0,25,2
T3,2,0,200,24
T4,3,1,96,2
T5,4,0,153,1
[158]
T1,0,1,32,3
T2,1,0,142,2
T3,2,0,187,3
T4,3,0,200,1
T5,4,1,85,3
[159]
T1,0,0,200,23
T2,1,1,62,2
T3,2,1,35,2
T4,3,1,150,8
T5,4,0,81,2
[160]
T1,0,0,171,16
T2,1,0,83,6
T3,2,1,78,2
T4,3,0,36,2
T5,4,0,200,1
[161]
T1,0,1,190,2
T2,1,0,96,10
T3,2,1,200,10
T4,3,1,23,2
T5,4,1,133,1
[162]
T1,0,1,38,2
T2,1,1,79,5
T3,2,1,150,1
T4,3,1,200,11
T5,4,1,113,5
[163]
T1,0,1,36,2
T2,1,0,200,4
T3,2,1,168,1
T4,3,1,56,5
T5,4,1,99,6
[164]
T1,0,0,20,2
T2,1,1,94,1
T3,2,0,101,5
T4,3,1,200,15
T5,4,1,164,7
[165]
T1,0,0,45,6
T2,1,1,200,1
T3,2,1,138,3
T4,3,1,198,2
T5,4,1,129,2
[166]
T1,0,1,132,2
T2,1,0,200,11
T3,2,1,154,1
T4,3,1,144,14
T5,4,0,45,1
[167]
T1,0,1,20,1
T2,1,0,136,3
T3,2,1,200,1
T4,3,0,199,13
T5,4,0,64,2
[168]
T1,0,0,200,2
T2,1,1,170,10
T3,2,0,34,3
T4,3,1,55,1
T5,4,1,64,2
[169]
T1,0,0,48,1
T2,1,0,200,23
T3,2,0,170,1
T4,3,1,76,2
T5,4,1,102,4
[170]
T1,0,1,36,2
T2,1,0,67,2
T3,2,0,157,6
T4,3,0,200,4
T5,4,1,108,4
[171]
T1,0,1,168,2
T2,1,0,39,2
T3,2,1,58,1
T4,3,1,200,2
T5,4,1,125,12
[172]
T1,0,0,184,5
T2,1,0,200,7
T3,2,1,138,1
T4,3,1,135,8
T5,4,0,25,1
[173]
T1,0,0,38,1
T2,1,0,155,15
T3,2,1,64,1
T4,3,0,83,2
T5,4,1,200,3
[174]
T1,0,0,158,2
T2,1,1,200,9
T3,2,0,116,1
T4,3,1,52,4
T5,4,0,75,2
[175]
T1,0,0,69,3
T2,1,0,99,6
T3,2,0,150,2
T4,3,1,200,11
T5,4,1,25,2
[176]
T1,0,1,162,1
T2,1,1,107,3
T3,2,1,108,5
T4,3,1,32,1
T5,4,1,200,12
[177]
T1,0,0,161,2
T2,1,0,22,1
T3,2,1,200,7
T4,3,1,56,3
T5,4,0,75,1
[178]
T1,0,1,139,4
T2,1,1,23,1
T3,2,1,184,9
T4,3,1,77,2
T5,4,0,200,5
[179]
T1,0,0,122,5
T2,1,0,104,2
T3,2,0,44,1
T4,3,1,200,5
T5,4,0,165,15
[180]
T1,0,1,30,2
T2,1,1,59,3
T3,2,0,142,1
T4,3,1,200,3
T5,4,1,175,15
[181]
T1,0,0,145,17
T2,1,1,42,2
T3,2,1,200,7
T4,3,1,70,2
T5,4,0,199,1
[182]
T1,0,1,50,2
T2,1,0,176,5
T3,2,1,81,1
T4,3,0,129,2
T5,4,0,200,26
[183]
T1,0,1,137,3
T2,1,0,168,10
T3,2,0,100,5
T4,3,0,200,8
T5,4,0,46,2
[184]
T1,0,0,200,2
T2,1,0,94,6
T3,2,1,26,2
T4,3,0,180,6
T5,4,0,136,9
[185]
T1,0,1,42,2
T2,1,0,200,2
T3,2,0,120,2
T4,3,0,103,8
T5,4,0,166,16
[186]
T1,0,1,84,2
T2,1,1,200,2
T3,2,1,29,1
T4,3,1,162,14
T5,4,0,100,5
[187]
T1,0,0,152,3
T2,1,1,71,2
T3,2,1,82,2
T4,3,1,38,1
T5,4,1,200,23
[188]
T1,0,1,26,2
T2,1,0,200,9
T3,2,1,121,3
T4,3,0,184,9
T5,4,1,69,4
[189]
T1,0,0,58,2
T2,1,0,182,15
T3,2,1,39,2
T4,3,0,200,13
T5,4,0,125,4
[190]
T1,0,1,200,30
T2,1,0,50,2
T3,2,1,134,1
T4,3,0,125,2
T5,4,0,159,2
[191]
T1,0,1,187,2
T2,1,1,126,7
T3,2,1,80,9
T4,3,1,200,1
T5,4,1,24,2
[192]
T1,0,0,122,3
T2,1,0,126,4
T3,2,0,200,2
T4,3,0,155,19
T5,4,1,25,2
[193]
T1,0,1,200,34
T2,1,0,51,2
T3,2,0,69,2
T4,3,1,150,2
T5,4,0,77,2
[194]
T1,0,1,155,1
T2,1,1,103,8
T3,2,0,200,6
T4,3,1,29,2
T5,4,0,125,5
[195]
T1,0,0,75,2
T2,1,0,200,8
T3,2,0,136,13
T4,3,1,189,2
T5,4,1,44,1
[196]
T1,0,0,200,6
T2,1,1,102,4
T3,2,0,45,3
T4,3,1,146,2
T5,4,1,187,6
[197]
T1,0,0,200,1
T2,1,0,30,1
T3,2,0,131,17
T4,3,0,82,1
T5,4,1,160,2
[198]
T1,0,0,200,7
T2,1,1,124,2
T3,2,0,199,4
T4,3,0,60,5
T5,4,0,28,1
[199]
T1,0,1,200,5
T2,1,0,145,10
T3,2,1,189,5
T4,3,0,28,1
T5,4,1,114,1
[200]
T1,0,0,20,1
T2,1,0,122,1
T3,2,0,113,2
T4,3,0,200,13
T5,4,0,196,2
[201]
T1,0,1,156,3
T2,1,0,130,3
T3,2,1,100,2
T4,3,1,200,6
T5,4,0,43,4
[202]
T1,0,1,89,8
T2,1,0,86,2
T3,2,1,168,6
T4,3,1,200,9
T5,4,0,50,2
[203]
T1,0,1,200,5
T2,1,0,152,3
T3,2,1,24,1
T4,3,1,69,5
T5,4,0,85,2
[204]
T1,0,1,92,2
T2,1,1,200,2
T3,2,0,24,2
T4,3,1,192,5
T5,4,0,122,15
[205]
T1,0,1,164,8
T2,1,1,77,2
T3,2,0,146,7
T4,3,0,35,1
T5,4,0,200,7
[206]
T1,0,1,179,11
T2,1,1,40,2
T3,2,0,61,2
T4,3,1,200,9
T5,4,1,135,5
[207]
T1,0,1,192,12
T2,1,1,200,5
T3,2,0,80,7
T4,3,0,36,2
T5,4,1,130,2
[208]
T1,0,0,30,1
T2,1,1,125,2
T3,2,0,130,9
T4,3,1,148,9
T5,4,1,200,2
[209]
T1,0,0,96,2
T2,1,0,109,4
T3,2,1,185,9
T4,3,0,200,10
T5,4,1,21,2
[210]
T1,0,0,85,2
T2,1,1,25,2
T3,2,1,200,3
T4,3,0,172,6
T5,4,0,114,4
[211]
T1,0,1,20,2
T2,1,1,200,2
T3,2,0,66,9
T4,3,1,164,2
T5,4,0,140,5
[212]
T1,0,1,98,2
T2,1,0,140,1
T3,2,0,200,12
T4,3,0,24,2
T5,4,1,183,4
[213]
T1,0,0,59,3
T2,1,1,61,1
T3,2,0,200,10
T4,3,0,180,6
T5,4,0,50,1
[214]
T1,0,0,200,8
T2,1,0,192,1
T3,2,1,81,2
T4,3,0,75,5
T5,4,1,36,1
[215]
T1,0,0,160,8
T2,1,1,123,1
T3,2,0,20,2
T4,3,1,90,4
T5,4,0,200,14
[216]
T1,0,1,110,3
T2,1,0,200,2
T3,2,0,75,4
T4,3,0,30,2
T5,4,1,152,15
[217]
T1,0,0,85,2
T2,1,1,198,2
T3,2,0,55,3
T4,3,0,48,2
T5,4,0,200,16
[218]
T1,0,0,126,2
T2,1,0,85,3
T3,2,1,155,3
T4,3,0,200,18
T5,4,1,45,1
[219]
T1,0,1,200,5
T2,1,0,53,4
T3,2,0,113,1
T4,3,1,175,10
T5,4,1,56,2
[220]
T1,0,1,180,1
T2,1,1,112,2
T3,2,0,200,2
T4,3,0,23,1
T5,4,1,57,5
[221]
T1,0,1,198,7
T2,1,1,120,5
T3,2,0,40,2
T4,3,1,70,6
T5,4,0,200,2
[222]
T1,0,1,76,2
T2,1,1,167,1
T3,2,1,200,8
T4,3,1,95,2
T5,4,1,25,3
[223]
T1,0,0,105,2
T2,1,0,28,1
T3,2,0,191,12
T4,3,0,200,10
T5,4,1,56,2
[224]
T1,0,1,200,20
T2,1,0,53,2
T3,2,1,170,3
T4,3,0,121,1
T5,4,1,136,1
[225]
T1,0,1,46,3
T2,1,1,200,3
T3,2,0,147,2
T4,3,1,56,3
T5,4,1,170,3
[226]
T1,0,0,112,9
T2,1,1,146,1
T3,2,0,200,13
T4,3,0,173,3
T5,4,1,20,2
[227]
T1,0,1,110,1
T2,1,1,150,13
T3,2,1,65,3
T4,3,1,53,2
T5,4,1,200,10
[228]
T1,0,1,72,4
T2,1,1,200,1
T3,2,0,198,17
T4,3,0,105,2
T5,4,0,32,1
[229]
T1,0,1,91,3
T2,1,0,44,4
T3,2,1,168,6
T4,3,1,108,2
T5,4,0,200,2
[230]
T1,0,0,25,2
T2,1,0,83,3
T3,2,0,74,5
T4,3,1,185,6
T5,4,1,200,9
[231]
T1,0,1,108,4
T2,1,1,176,1
T3,2,1,21,2
T4,3,0,200,8
T5,4,1,107,10
[232]
T1,0,1,69,6
T2,1,0,200,3
T3,2,0,80,1
T4,3,1,35,2
T5,4,0,184,10
[233]
T1,0,0,165,8
T2,1,0,127,1
T3,2,1,40,2
T4,3,1,200,14
T5,4,0,100,6
[234]
T1,0,0,200,1
T2,1,1,24,2
T3,2,0,124,2
T4,3,0,129,6
T5,4,1,170,1
[235]
T1,0,0,127,2
T2,1,0,147,1
T3,2,0,200,23
T4,3,0,192,9
T5,4,1,40,2
[236]
T1,0,0,200,8
T2,1,0,123,10
T3,2,1,50,2
T4,3,1,77,5
T5,4,0,165,1
[237]
T1,0,1,56,1
T2,1,0,155,6
T3,2,1,200,11
T4,3,1,112,2
T5,4,0,35,1
[238]
T1,0,1,138,3
T2,1,1,165,5
T3,2,0,200,9
T4,3,0,24,2
T5,4,1,147,11
[239]
T1,0,1,160,2
T2,1,1,200,2
T3,2,0,52,2
T4,3,1,96,8
T5,4,0,72,5
[240]
T1,0,0,100,2
T2,1,0,26,1
T3,2,1,100,2
T4,3,1,167,11
T5,4,1,200,10
[241]
T1,0,0,46,3
T2,1,0,106,4
T3,2,0,200,4
T4,3,1,156,2
T5,4,0,75,2
[242]
T1,0,0,39,3
T2,1,1,170,2
T3,2,0,70,2
T4,3,1,200,17
T5,4,1,80,1
[243]
T1,0,0,68,8
T2,1,0,31,2
T3,2,0,91,5
T4,3,1,155,2
T5,4,0,200,2
[244]
T1,0,1,137,14
T2,1,1,176,8
T3,2,0,31,2
T4,3,0,200,2
T5,4,1,70,2
[245]
T1,0,0,150,12
T2,1,1,36,2
T3,2,1,200,6
T4,3,0,83,1
T5,4,0,94,5
[246]
T1,0,0,54,1
T2,1,0,90,12
T3,2,1,75,2
T4,3,1,200,2
T5,4,1,178,1
[247]
T1,0,0,195,19
T2,1,0,55,2
T3,2,0,42,2
T4,3,1,200,2
T5,4,0,120,2
[248]
T1,0,0,94,1
T2,1,1,158,10
T3,2,1,200,4
T4,3,0,20,2
T5,4,0,121,11
[249]
T1,0,1,200,5
T2,1,0,24,1
T3,2,0,59,2
T4,3,0,125,5
T5,4,1,165,1
[250]
T1,0,1,67,2
T2,1,1,200,2
T3,2,0,30,2
T4,3,1,165,8
T5,4,1,80,2
[251]
T1,0,0,50,4
T2,1,0,200,1
T3,2,1,96,2
T4,3,0,162,4
T5,4,1,102,4
[252]
T1,0,1,200,5
T2,1,0,77,2
T3,2,1,68,6
T4,3,1,168,7
T5,4,0,20,2
[253]
T1,0,0,22,2
T2,1,1,120,4
T3,2,1,187,1
T4,3,0,200,2
T5,4,0,80,11
[254]
T1,0,0,190,12
T2,1,1,35,1
T3,2,1,200,2
T4,3,1,127,8
T5,4,0,90,1
[255]
T1,0,0,161,2
T2,1,0,114,16
T3,2,1,24,2
T4,3,1,200,2
T5,4,1,98,1
[256]
T1,0,0,152,11
T2,1,1,24,1
T3,2,1,92,3
T4,3,0,200,3
T5,4,1,122,2
[257]
T1,0,1,136,2
T2,1,0,51,3
T3,2,0,192,9
T4,3,1,200,5
T5,4,1,61,2
[258]
T1,0,0,25,1
T2,1,1,174,8
T3,2,1,104,3
T4,3,1,70,1
T5,4,1,200,3
[259]
T1,0,0,150,13
T2,1,1,33,1
T3,2,1,137,2
T4,3,1,143,2
T5,4,0,200,5
[260]
T1,0,1,112,1
T2,1,0,175,3
T3,2,0,200,24
T4,3,1,146,6
T5,4,1,50,2
[261]
T1,0,1,31,2
T2,1,0,184,23
T3,2,0,200,5
T4,3,0,62,1
T5,4,0,134,2
[262]
T1,0,0,181,15
T2,1,0,200,3
T3,2,1,25,2
T4,3,1,75,5
T5,4,0,81,2
[263]
T1,0,0,96,3
T2,1,0,32,1
T3,2,1,66,2
T4,3,1,148,3
T5,4,1,200,17
[264]
T1,0,1,124,2
T2,1,0,200,22
T3,2,1,50,2
T4,3,1,134,2
T5,4,1,168,2
[265]
T1,0,0,50,3
T2,1,1,200,11
T3,2,0,175,4
T4,3,0,101,2
T5,4,0,59,1
[266]
T1,0,1,168,6
T2,1,0,200,1
T3,2,0,67,4
T4,3,0,132,3
T5,4,1,30,1
[267]
T1,0,1,90,2
T2,1,1,34,1
T3,2,0,195,4
T4,3,1,200,23
T5,4,0,70,2
[268]
T1,0,0,200,10
T2,1,1,82,8
T3,2,1,45,2
T4,3,1,168,4
T5,4,0,55,2
[269]
T1,0,0,200,8
T2,1,1,185,3
T3,2,1,106,3
T4,3,0,72,4
T5,4,0,37,1
[270]
T1,0,0,81,1
T2,1,0,25,1
T3,2,1,200,6
T4,3,0,172,5
T5,4,1,124,6
[271]
T1,0,1,30,2
T2,1,0,126,2
T3,2,1,78,5
T4,3,1,150,8
T5,4,1,200,8
[272]
T1,0,0,129,3
T2,1,1,200,3
T3,2,1,198,8
T4,3,0,110,9
T5,4,0,40,2
[273]
T1,0,1,195,8
T2,1,1,65,2
T3,2,0,140,1
T4,3,0,200,8
T5,4,0,38,3
[274]
T1,0,0,160,21
T2,1,1,120,1
T3,2,1,200,7
T4,3,0,76,2
T5,4,1,46,2
[275]
T1,0,0,30,2
T2,1,0,102,1
T3,2,0,200,2
T4,3,1,55,2
T5,4,1,187,24
[276]
T1,0,1,200,2
T2,1,1,70,6
T3,2,0,154,9
T4,3,1,51,2
T5,4,0,142,3
[277]
T1,0,1,80,1
T2,1,1,30,1
T3,2,0,100,9
T4,3,0,200,6
T5,4,1,171,2
[278]
T1,0,1,25,2
T2,1,1,200,22
T3,2,1,186,7
T4,3,0,116,2
T5,4,0,117,4
[279]
T1,0,0,150,4
T2,1,1,67,1
T3,2,0,114,11
T4,3,1,200,7
T5,4,1,39,2
[280]
T1,0,0,76,4
T2,1,0,166,3
T3,2,1,200,2
T4,3,0,36,2
T5,4,0,60,2
[281]
T1,0,0,200,19
T2,1,0,22,1
T3,2,0,112,3
T4,3,0,187,1
T5,4,0,68,1
[282]
T1,0,1,185,2
T2,1,0,40,2
T3,2,0,103,8
T4,3,1,96,1
T5,4,0,200,3
[283]
T1,0,1,200,6
T2,1,1,70,3
T3,2,0,33,2
T4,3,1,118,1
T5,4,1,177,16
[284]
T1,0,1,84,2
T2,1,1,42,2
T3,2,0,171,9
T4,3,0,200,3
T5,4,1,56,6
[285]
T1,0,1,63,1
T2,1,1,200,12
T3,2,0,190,2
T4,3,1,107,9
T5,4,1,40,2
[286]
T1,0,1,200,19
T2,1,0,30,2
T3,2,0,171,4
T4,3,0,95,3
T5,4,1,79,2
[287]
T1,0,0,200,7
T2,1,1,105,3
T3,2,1,193,2
T4,3,0,73,8
T5,4,1,28,2
[288]
T1,0,0,139,2
T2,1,1,104,12
T3,2,0,200,12
T4,3,1,20,2
T5,4,0,152,2
[289]
T1,0,1,82,5
T2,1,1,40,2
T3,2,1,200,2
T4,3,0,197,15
T5,4,1,90,2
[290]
T1,0,0,133,4
T2,1,0,20,2
T3,2,1,123,14
T4,3,1,200,2
T5,4,1,160,4
[291]
T1,0,0,177,16
T2,1,1,96,2
T3,2,1,87,2
T4,3,1,200,4
T5,4,0,35,2
[292]
T1,0,1,103,2
T2,1,0,200,13
T3,2,1,185,9
T4,3,0,20,2
T5,4,1,81,2
[293]
T1,0,0,160,6
T2,1,1,125,6
T3,2,1,145,8
T4,3,1,200,2
T5,4,1,30,1
[294]
T1,0,1,186,1
T2,1,1,31,4
T3,2,1,68,2
T4,3,0,200,5
T5,4,1,64,2
[295]
T1,0,1,120,6
T2,1,0,200,2
T3,2,0,30,2
T4,3,1,77,1
T5,4,1,160,20
[296]
T1,0,1,192,1
T2,1,1,70,2
T3,2,0,32,1
T4,3,0,200,30
T5,4,0,82,2
[297]
T1,0,1,165,5
T2,1,1,200,5
T3,2,1,128,8
T4,3,0,24,2
T5,4,1,132,7
[298]
T1,0,1,20,2
T2,1,0,200,15
T3,2,1,92,3
T4,3,1,120,2
T5,4,0,188,7
[299]
T1,0,1,175,4
T2,1,0,200,7
T3,2,1,29,1
T4,3,0,55,4
T5,4,0,58,1
[300]
T1,0,0,200,11
T2,1,0,163,9
T3,2,0,36,1
T4,3,0,72,3
T5,4,1,124,2
[301]
T1,0,0,125,4
T2,1,1,32,2
T3,2,1,97,6
T4,3,1,185,12
T5,4,1,200,1
[302]
T1,0,0,21,2
T2,1,1,200,2
T3,2,0,56,2
T4,3,0,140,7
T5,4,1,153,13
[303]
T1,0,1,197,11
T2,1,0,200,1
T3,2,0,65,2
T4,3,1,40,2
T5,4,0,138,4
[304]
T1,0,0,153,1
T2,1,0,200,10
T3,2,0,24,2
T4,3,0,55,5
T5,4,0,92,2
[305]
T1,0,1,98,10
T2,1,1,88,1
T3,2,0,175,2
T4,3,0,200,4
T5,4,0,46,2
[306]
T1,0,1,113,3
T2,1,1,200,5
T3,2,1,20,2
T4,3,0,128,11
T5,4,1,176,2
[307]
T1,0,1,84,3
T2,1,0,200,8
T3,2,0,32,2
T4,3,0,105,8
T5,4,0,170,6
[308]
T1,0,1,61,2
T2,1,1,30,1
T3,2,0,72,2
T4,3,0,156,10
T5,4,1,200,8
[309]
T1,0,1,200,10
T2,1,1,75,2
T3,2,0,45,1
T4,3,1,158,10
T5,4,1,67,1
[310]
T1,0,1,200,11
T2,1,0,116,3
T3,2,0,44,2
T4,3,0,198,8
T5,4,1,116,2
[311]
T1,0,1,159,4
T2,1,1,29,2
T3,2,1,120,4
T4,3,1,73,1
T5,4,1,200,3
[312]
T1,0,0,165,20
T2,1,1,58,2
T3,2,1,49,1
T4,3,1,200,4
T5,4,1,112,2
[313]
T1,0,1,119,2
T2,1,0,50,5
T3,2,1,133,2
T4,3,1,192,4
T5,4,0,200,4
[314]
T1,0,1,144,5
T2,1,1,200,5
T3,2,1,90,7
T4,3,1,21,2
T5,4,1,148,2
[315]
T1,0,1,114,2
T2,1,1,116,6
T3,2,0,171,2
T4,3,1,48,1
T5,4,0,200,14
[316]
T1,0,1,20,2
T2,1,1,88,2
T3,2,0,156,21
T4,3,0,200,2
T5,4,1,62,1
[317]
T1,0,0,50,2
T2,1,1,59,1
T3,2,0,151,2
T4,3,0,132,15
T5,4,1,200,7
[318]
T1,0,1,63,3
T2,1,0,50,1
T3,2,1,200,7
T4,3,0,190,13
T5,4,0,69,2
[319]
T1,0,1,200,3
T2,1,0,153,2
T3,2,1,100,2
T4,3,1,20,2
T5,4,0,119,5
[320]
T1,0,1,40,3
T2,1,1,93,1
T3,2,0,200,1
T4,3,1,71,5
T5,4,1,160,2
[321]
T1,0,0,40,1
T2,1,0,199,2
T3,2,1,125,3
T4,3,0,100,2
T5,4,1,200,25
[322]
T1,0,0,146,12
T2,1,0,80,1
T3,2,1,200,9
T4,3,0,170,7
T5,4,1,49,2
[323]
T1,0,0,171,10
T2,1,1,72,1
T3,2,0,127,4
T4,3,1,39,2
T5,4,0,200,10
[324]
T1,0,1,44,1
T2,1,1,200,2
T3,2,1,73,2
T4,3,0,199,13
T5,4,1,110,8
[325]
T1,0,0,22,2
T2,1,1,83,2
T3,2,0,200,9
T4,3,1,168,16
T5,4,1,99,2
[326]
T1,0,0,159,1
T2,1,0,87,1
T3,2,1,40,2
T4,3,1,200,12
T5,4,1,113,5
[327]
T1,0,0,140,9
T2,1,1,128,1
T3,2,1,195,7
T4,3,1,200,14
T5,4,0,28,2
[328]
T1,0,0,80,9
T2,1,0,170,2
T3,2,1,74,1
T4,3,1,200,8
T5,4,0,38,2
[329]
T1,0,1,35,2
T2,1,0,77,4
T3,2,1,142,2
T4,3,0,182,1
T5,4,1,200,5
[330]
T1,0,1,52,1
T2,1,1,104,3
T3,2,0,198,1
T4,3,0,200,25
T5,4,1,109,2
[331]
T1,0,0,108,4
T2,1,0,21,2
T3,2,0,140,3
T4,3,0,151,2
T5,4,0,200,16
[332]
T1,0,1,26,1
T2,1,0,182,3
T3,2,1,200,3
T4,3,0,110,2
T5,4,1,128,11
[333]
T1,0,0,130,8
T2,1,0,200,13
T3,2,0,186,3
T4,3,1,46,1
T5,4,1,115,1
[334]
T1,0,1,30,2
T2,1,0,146,2
T3,2,1,150,11
T4,3,0,68,3
T5,4,0,200,6
[335]
T1,0,1,154,3
T2,1,0,200,14
T3,2,0,121,1
T4,3,0,88,2
T5,4,0,28,2
[336]
T1,0,0,68,1
T2,1,0,60,2
T3,2,1,49,6
T4,3,0,200,2
T5,4,1,184,3
[337]
T1,0,1,200,2
T2,1,0,115,6
T3,2,1,46,2
T4,3,1,74,4
T5,4,0,192,6
[338]
T1,0,1,35,2
T2,1,0,57,2
T3,2,0,84,4
T4,3,0,199,20
T5,4,0,200,6
[339]
T1,0,1,78,4
T2,1,1,200,1
T3,2,0,32,2
T4,3,1,166,15
T5,4,0,140,3
[340]
T1,0,0,171,5
T2,1,0,200,13
T3,2,1,24,1
T4,3,0,70,2
T5,4,1,117,2
[341]
T1,0,1,22,1
T2,1,1,155,2
T3,2,0,74,7
T4,3,1,200,1
T5,4,1,75,1
[342]
T1,0,1,75,2
T2,1,1,168,1
T3,2,0,48,2
T4,3,0,200,9
T5,4,0,109,13
[343]
T1,0,1,55,3
T2,1,1,33,2
T3,2,1,200,9
T4,3,0,134,6
T5,4,0,184,6
[344]
T1,0,0,196,3
T2,1,0,28,2
T3,2,0,65,2
T4,3,0,200,2
T5,4,1,110,7
[345]
T1,0,1,40,2
T2,1,1,146,8
T3,2,1,165,3
T4,3,1,200,13
T5,4,0,113,3
[346]
T1,0,1,111,3
T2,1,0,100,2
T3,2,1,32,1
T4,3,0,148,18
T5,4,0,200,1
[347]
T1,0,1,196,6
T2,1,0,130,11
T3,2,0,200,2
T4,3,0,42,2
T5,4,0,122,8
[348]
T1,0,1,127,2
T2,1,0,122,1
T3,2,1,28,2
T4,3,0,154,8
T5,4,1,200,6
[349]
T1,0,0,70,7
T2,1,1,171,4
T3,2,0,200,3
T4,3,1,35,1
T5,4,0,135,2
[350]
T1,0,0,93,4
T2,1,0,100,2
T3,2,0,200,2
T4,3,1,27,1
T5,4,0,186,17
[351]
T1,0,1,200,2
T2,1,1,121,1
T3,2,0,50,1
T4,3,1,175,9
T5,4,1,73,6
[352]
T1,0,0,130,4
T2,1,1,190,14
T3,2,0,70,1
T4,3,0,28,2
T5,4,1,200,12
[353]
T1,0,1,75,2
T2,1,0,20,2
T3,2,0,200,2
T4,3,0,134,1
T5,4,1,188,19
[354]
T1,0,1,170,2
T2,1,1,145,9
T3,2,0,200,14
T4,3,1,20,2
T5,4,0,118,3
[355]
T1,0,1,200,15
T2,1,0,103,7
T3,2,1,129,1
T4,3,1,30,2
T5,4,0,165,4
[356]
T1,0,0,102,5
T2,1,1,55,5
T3,2,1,200,2
T4,3,0,51,1
T5,4,1,180,2
[357]
T1,0,1,53,2
T2,1,1,200,9
T3,2,0,136,8
T4,3,0,83,2
T5,4,0,150,1
[358]
T1,0,0,148,7
T2,1,1,37,3
T3,2,1,103,4
T4,3,0,200,2
T5,4,1,89,1
[359]
T1,0,0,200,2
T2,1,1,93,2
T3,2,1,196,19
T4,3,1,88,4
T5,4,0,30,1
[360]
T1,0,1,35,3
T2,1,1,134,5
T3,2,0,200,4
T4,3,0,186,3
T5,4,0,63,1
[361]
T1,0,1,90,2
T2,1,0,50,3
T3,2,1,112,2
T4,3,0,200,2
T5,4,1,183,18
[362]
T1,0,0,135,15
T2,1,1,200,1
T3,2,1,66,4
T4,3,0,39,2
T5,4,1,150,2
[363]
T1,0,0,156,8
T2,1,0,96,2
T3,2,1,60,2
T4,3,0,200,15
T5,4,1,47,2
[364]
T1,0,1,200,8
T2,1,1,195,13
T3,2,0,137,2
T4,3,0,65,1
T5,4,1,23,1
[365]
T1,0,1,200,20
T2,1,0,93,1
T3,2,1,188,6
T4,3,1,85,1
T5,4,0,50,1
[366]
T1,0,1,24,2
T2,1,0,75,5
T3,2,0,72,2
T4,3,1,200,20
T5,4,1,178,2
[367]
T1,0,1,200,10
T2,1,1,127,3
T3,2,1,70,7
T4,3,1,161,1
T5,4,1,50,2
[368]
T1,0,0,110,9
T2,1,0,182,6
T3,2,1,62,1
T4,3,0,200,5
T5,4,1,21,2
[369]
T1,0,0,112,1
T2,1,0,68,2
T3,2,0,52,2
T4,3,0,200,15
T5,4,0,153,7
[370]
T1,0,1,147,6
T2,1,1,190,10
T3,2,1,200,4
T4,3,1,40,1
T5,4,1,73,2
[371]
T1,0,0,22,1
T2,1,1,106,8
T3,2,0,200,2
T4,3,1,166,2
T5,4,0,132,6
[372]
T1,0,1,45,1
T2,1,1,180,6
T3,2,1,103,2
T4,3,0,200,20
T5,4,1,61,2
[373]
T1,0,1,50,2
T2,1,0,200,9
T3,2,1,112,1
T4,3,1,158,2
T5,4,0,98,7
[374]
T1,0,1,61,4
T2,1,0,200,6
T3,2,0,91,1
T4,3,0,35,2
T5,4,0,164,2
[375]
T1,0,0,95,8
T2,1,1,85,4
T3,2,0,200,4
T4,3,1,38,1
T5,4,1,198,1
[376]
T1,0,0,133,12
T2,1,0,198,4
T3,2,0,200,12
T4,3,0,68,1
T5,4,0,24,2
[377]
T1,0,0,87,1
T2,1,0,74,6
T3,2,0,150,7
T4,3,1,200,4
T5,4,1,31,2
[378]
T1,0,0,74,3
T2,1,0,184,16
T3,2,0,72,1
T4,3,0,42,1
T5,4,0,200,4
[379]
T1,0,1,56,2
T2,1,1,200,12
T3,2,1,116,2
T4,3,1,26,2
T5,4,0,182,20
[380]
T1,0,1,88,3
T2,1,0,25,1
T3,2,0,150,4
T4,3,0,200,9
T5,4,0,146,5
[381]
T1,0,1,22,1
T2,1,0,186,7
T3,2,1,200,2
T4,3,1,106,2
T5,4,1,124,6
[382]
T1,0,1,27,2
T2,1,1,125,2
T3,2,0,168,22
T4,3,0,136,2
T5,4,0,200,6
[383]
T1,0,1,130,2
T2,1,0,172,11
T3,2,1,81,2
T4,3,0,35,2
T5,4,1,200,16
[384]
T1,0,0,32,2
T2,1,0,164,10
T3,2,0,57,5
T4,3,1,200,6
T5,4,0,136,2
[385]
T1,0,0,45,2
T2,1,0,124,3
T3,2,0,175,5
T4,3,0,92,3
T5,4,1,200,16
[386]
T1,0,0,200,2
T2,1,0,187,8
T3,2,0,128,3
T4,3,0,25,1
T5,4,1,97,7
[387]
T1,0,0,49,2
T2,1,1,200,2
T3,2,1,184,25
T4,3,1,78,2
T5,4,1,75,3
[388]
T1,0,1,88,2
T2,1,1,200,10
T3,2,0,99,6
T4,3,1,51,2
T5,4,0,187,2
[389]
T1,0,0,200,2
T2,1,0,158,6
T3,2,1,50,1
T4,3,0,120,11
T5,4,1,68,1
[390]
T1,0,0,91,3
T2,1,0,175,7
T3,2,0,200,2
T4,3,0,118,5
T5,4,1,52,2
[391]
T1,0,0,52,5
T2,1,1,140,1
T3,2,0,175,9
T4,3,0,200,2
T5,4,0,55,2
[392]
T1,0,0,180,8
T2,1,1,200,9
T3,2,0,33,2
T4,3,0,75,1
T5,4,1,72,5
[393]
T1,0,1,200,4
T2,1,0,67,2
T3,2,0,90,13
T4,3,0,24,2
T5,4,0,166,2
[394]
T1,0,1,98,4
T2,1,1,21,2
T3,2,0,200,4
T4,3,1,198,3
T5,4,0,102,1
[395]
T1,0,1,125,12
T2,1,1,25,2
T3,2,1,200,5
T4,3,0,103,4
T5,4,0,170,4
[396]
T1,0,1,200,2
T2,1,0,67,5
T3,2,1,116,2
T4,3,0,25,1
T5,4,0,190,8
[397]
T1,0,1,175,1
T2,1,0,200,5
T3,2,0,47,2
T4,3,0,54,4
T5,4,1,130,9
[398]
T1,0,1,168,11
T2,1,0,200,3
T3,2,1,145,2
T4,3,1,21,2
T5,4,0,135,7
[399]
T1,0,1,86,9
T2,1,1,51,1
T3,2,0,200,3
T4,3,1,80,2
T5,4,0,186,5
[400]
T1,0,0,119,6
T2,1,0,131,1
T3,2,0,165,10
T4,3,0,200,9
T5,4,0,24,2
[401]
T1,0,0,121,8
T2,1,1,170,2
T3,2,1,200,4
T4,3,1,75,7
T5,4,1,33,2
[402]
T1,0,0,142,4
T2,1,1,84,1
T3,2,0,192,15
T4,3,1,200,3
T5,4,1,30,1
[403]
T1,0,1,120,4
T2,1,0,200,7
T3,2,1,99,3
T4,3,1,25,1
T5,4,1,188,7
[404]
T1,0,1,114,7
T2,1,0,158,3
T3,2,0,200,6
T4,3,1,135,9
T5,4,0,20,2
[405]
T1,0,1,43,2
T2,1,1,126,6
T3,2,0,175,7
T4,3,1,200,17
T5,4,0,76,2
[406]
T1,0,1,164,13
T2,1,1,102,1
T3,2,0,200,7
T4,3,1,72,1
T5,4,0,25,1
[407]
T1,0,0,200,1
T2,1,1,192,33
T3,2,0,127,2
T4,3,1,24,2
T5,4,1,143,2
[408]
T1,0,1,50,4
T2,1,0,160,1
T3,2,0,87,2
T4,3,1,200,9
T5,4,0,81,2
[409]
T1,0,0,82,2
T2,1,1,162,10
T3,2,0,200,6
T4,3,1,113,2
T5,4,0,24,2
[410]
T1,0,1,71,2
T2,1,1,174,6
T3,2,0,200,20
T4,3,0,126,7
T5,4,0,45,2
[411]
T1,0,0,192,3
T2,1,1,200,13
T3,2,1,51,2
T4,3,1,88,1
T5,4,0,57,5
[412]
T1,0,1,24,2
T2,1,0,200,22
T3,2,1,114,1
T4,3,1,185,3
T5,4,0,116,3
[413]
T1,0,1,200,34
T2,1,1,128,2
T3,2,1,48,2
T4,3,1,158,2
T5,4,0,87,2
[414]
T1,0,0,41,3
T2,1,1,160,9
T3,2,1,200,2
T4,3,1,65,2
T5,4,0,84,1
[415]
T1,0,1,200,7
T2,1,1,116,7
T3,2,0,69,2
T4,3,0,24,1
T5,4,1,155,1
[416]
T1,0,1,102,2
T2,1,0,77,2
T3,2,1,200,5
T4,3,1,40,5
T5,4,1,177,2
[417]
T1,0,0,24,2
T2,1,1,148,2
T3,2,0,124,4
T4,3,1,200,9
T5,4,1,68,4
[418]
T1,0,1,39,1
T2,1,0,79,3
T3,2,1,182,12
T4,3,0,132,5
T5,4,0,200,2
[419]
T1,0,1,200,2
T2,1,0,138,8
T3,2,1,38,2
T4,3,0,64,3
T5,4,0,168,11
[420]
T1,0,0,165,2
T2,1,1,96,2
T3,2,1,100,4
T4,3,1,200,2
T5,4,1,40,5
[421]
T1,0,0,200,3
T2,1,0,100,2
T3,2,1,103,10
T4,3,0,42,1
T5,4,1,187,1
[422]
T1,0,1,182,1
T2,1,1,72,6
T3,2,0,70,5
T4,3,1,50,1
T5,4,0,200,1
[423]
T1,0,0,170,9
T2,1,0,143,6
T3,2,0,71,2
T4,3,1,25,2
T5,4,0,200,7
[424]
T1,0,1,49,4
T2,1,1,200,4
T3,2,1,124,1
T4,3,0,84,3
T5,4,0,161,4
[425]
T1,0,0,32,1
T2,1,0,171,17
T3,2,1,200,8
T4,3,1,111,2
T5,4,1,84,1
[426]
T1,0,1,190,5
T2,1,1,25,2
T3,2,0,69,1
T4,3,0,127,3
T5,4,1,200,17
[427]
T1,0,0,89,2
T2,1,1,34,1
T3,2,1,176,9
T4,3,1,119,8
T5,4,0,200,8
[428]
T1,0,1,150,7
T2,1,0,44,2
T3,2,0,127,2
T4,3,1,97,11
T5,4,0,200,1
[429]
T1,0,1,108,11
T2,1,0,200,6
T3,2,0,168,3
T4,3,1,27,2
T5,4,1,60,2
[430]
T1,0,1,200,5
T2,1,1,81,1
T3,2,0,40,3
T4,3,1,161,4
T5,4,0,65,2
[431]
T1,0,1,151,1
T2,1,1,200,18
T3,2,0,95,3
T4,3,0,40,1
T5,4,0,70,2
[432]
T1,0,0,200,16
T2,1,0,125,2
T3,2,1,41,2
T4,3,1,105,7
T5,4,0,180,5
[433]
T1,0,0,22,1
T2,1,0,200,3
T3,2,0,188,2
T4,3,1,125,8
T5,4,0,131,4
[434]
T1,0,0,172,1
T2,1,1,56,2
T3,2,1,118,1
T4,3,1,48,3
T5,4,0,200,20
[435]
T1,0,1,20,2
T2,1,0,200,33
T3,2,1,147,2
T4,3,1,83,2
T5,4,0,150,1
[436]
T1,0,0,200,10
T2,1,0,179,14
T3,2,1,100,1
T4,3,0,60,2
T5,4,1,20,2
[437]
T1,0,0,136,4
T2,1,0,187,5
T3,2,1,78,4
T4,3,0,200,9
T5,4,0,50,1
[438]
T1,0,0,101,9
T2,1,0,35,2
T3,2,0,170,5
T4,3,0,200,4
T5,4,1,108,4
[439]
T1,0,1,122,4
T2,1,0,200,15
T3,2,1,32,2
T4,3,0,112,2
T5,4,1,170,8
[440]
T1,0,0,200,11
T2,1,0,169,9
T3,2,0,36,2
T4,3,1,78,4
T5,4,0,138,1
[441]
T1,0,0,139,9
T2,1,0,200,13
T3,2,0,25,2
T4,3,0,82,2
T5,4,0,190,5
[442]
T1,0,0,63,5
T2,1,0,156,5
T3,2,0,24,1
T4,3,1,106,1
T5,4,0,200,5
[443]
T1,0,0,25,1
T2,1,0,200,1
T3,2,0,66,1
T4,3,0,177,6
T5,4,0,57,3
[444]
T1,0,0,113,3
T2,1,1,32,2
T3,2,0,200,2
T4,3,0,134,6
T5,4,1,192,19
[445]
T1,0,0,200,6
T2,1,1,114,2
T3,2,1,55,1
T4,3,1,33,1
T5,4,0,174,11
[446]
T1,0,1,24,2
T2,1,1,200,14
T3,2,0,87,1
T4,3,1,157,2
T5,4,1,56,5
[447]
T1,0,0,36,1
T2,1,0,200,5
T3,2,0,124,4
T4,3,0,107,1
T5,4,0,192,15
[448]
T1,0,1,124,2
T2,1,0,28,2
T3,2,1,200,8
T4,3,0,70,1
T5,4,0,160,8
[449]
T1,0,1,140,11
T2,1,0,200,2
T3,2,0,135,1
T4,3,1,192,1
T5,4,1,40,3
[450]
T1,0,0,45,2
T2,1,1,174,5
T3,2,1,71,2
T4,3,1,126,4
T5,4,1,200,14
[451]
T1,0,1,25,1
T2,1,1,120,7
T3,2,0,169,2
T4,3,0,92,4
T5,4,1,200,3
[452]
T1,0,1,60,2
T2,1,1,29,2
T3,2,0,200,9
T4,3,1,188,6
T5,4,1,101,3
[453]
T1,0,0,162,4
T2,1,1,200,1
T3,2,0,60,3
T4,3,1,71,7
T5,4,1,48,2
[454]
T1,0,0,194,1
T2,1,0,24,2
T3,2,1,130,3
T4,3,1,124,7
T5,4,0,200,1
[455]
T1,0,1,200,18
T2,1,1,31,1
T3,2,1,180,2
T4,3,0,93,2
T5,4,0,114,2
[456]
T1,0,1,200,19
T2,1,0,106,2
T3,2,0,111,2
T4,3,0,52,2
T5,4,1,180,13
[457]
T1,0,1,50,3
T2,1,1,200,6
T3,2,0,190,2
T4,3,1,118,8
T5,4,1,81,1
[458]
T1,0,1,171,3
T2,1,1,118,5
T3,2,1,48,3
T4,3,0,200,1
T5,4,0,95,5
[459]
T1,0,0,112,12
T2,1,1,200,9
T3,2,0,170,2
T4,3,1,74,2
T5,4,0,24,2
[460]
T1,0,0,99,5
T2,1,0,58,2
T3,2,1,30,2
T4,3,0,200,15
T5,4,1,164,1
[461]
T1,0,1,51,5
T2,1,0,81,2
T3,2,1,200,4
T4,3,1,170,8
T5,4,0,117,2
[462]
T1,0,1,130,2
T2,1,0,200,14
T3,2,1,92,1
T4,3,0,169,2
T5,4,1,20,2
[463]
T1,0,1,108,6
T2,1,0,41,2
T3,2,0,200,2
T4,3,1,99,5
T5,4,0,160,9
[464]
T1,0,1,200,8
T2,1,0,54,2
T3,2,1,111,12
T4,3,0,180,2
T5,4,1,56,1
[465]
T1,0,0,200,2
T2,1,1,140,4
T3,2,1,138,15
T4,3,0,30,2
T5,4,1,185,4
[466]
T1,0,1,66,2
T2,1,0,22,2
T3,2,1,200,2
T4,3,0,60,3
T5,4,1,180,13
[467]
T1,0,0,32,2
T2,1,0,80,2
T3,2,1,200,1
T4,3,1,170,6
T5,4,1,130,14
[468]
T1,0,0,34,2
T2,1,1,200,20
T3,2,0,122,2
T4,3,0,170,1
T5,4,1,77,2
[469]
T1,0,1,200,7
T2,1,1,174,4
T3,2,0,58,4
T4,3,1,81,2
T5,4,1,24,2
[470]
T1,0,0,200,18
T2,1,0,158,2
T3,2,1,63,2
T4,3,0,30,1
T5,4,1,102,5
[471]
T1,0,0,140,1
T2,1,1,112,2
T3,2,1,20,1
T4,3,1,200,2
T5,4,1,177,14
[472]
T1,0,0,82,2
T2,1,1,41,3
T3,2,1,200,5
T4,3,0,114,5
T5,4,0,180,6
[473]
T1,0,1,126,4
T2,1,1,200,4
T3,2,0,21,2
T4,3,0,90,3
T5,4,0,155,10
[474]
T1,0,1,200,3
T2,1,1,135,17
T3,2,1,40,2
T4,3,0,68,2
T5,4,0,168,1
[475]
T1,0,1,112,3
T2,1,1,102,2
T3,2,1,184,6
T4,3,0,35,2
T5,4,0,200,7
[476]
T1,0,1,100,7
T2,1,0,60,1
T3,2,0,150,9
T4,3,1,200,6
T5,4,0,25,2
[477]
T1,0,1,147,17
T2,1,0,133,2
T3,2,0,152,1
T4,3,0,29,1
T5,4,0,200,4
[478]
T1,0,1,150,3
T2,1,0,87,2
T3,2,1,34,3
T4,3,0,200,12
T5,4,0,120,3
[479]
T1,0,0,200,2
T2,1,1,39,3
T3,2,0,95,6
T4,3,0,138,4
T5,4,0,180,3
[480]
T1,0,1,191,12
T2,1,1,90,1
T3,2,1,100,2
T4,3,0,28,2
T5,4,1,200,15
[481]
T1,0,1,200,1
T2,1,0,155,19
T3,2,1,45,1
T4,3,1,120,3
T5,4,1,92,1
[482]
T1,0,1,200,2
T2,1,1,64,3
T3,2,1,23,2
T4,3,0,58,6
T5,4,0,175,2
[483]
T1,0,0,175,9
T2,1,1,118,9
T3,2,0,35,2
T4,3,0,122,1
T5,4,1,200,6
[484]
T1,0,1,156,12
T2,1,0,128,7
T3,2,1,30,2
T4,3,1,127,2
T5,4,1,200,7
[485]
T1,0,0,173,9
T2,1,0,200,2
T3,2,0,40,1
T4,3,1,140,13
T5,4,0,114,2
[486]
T1,0,0,22,2
T2,1,0,87,6
T3,2,1,55,2
T4,3,1,178,5
T5,4,1,200,15
[487]
T1,0,0,200,2
T2,1,1,42,2
T3,2,1,199,2
T4,3,1,120,20
T5,4,1,110,2
[488]
T1,0,1,189,13
T2,1,1,22,2
T3,2,0,200,2
T4,3,1,56,2
T5,4,0,75,8
[489]
T1,0,1,109,2
T2,1,0,195,12
T3,2,1,60,2
T4,3,0,32,2
T5,4,0,200,11
[490]
T1,0,0,57,6
T2,1,0,182,2
T3,2,1,20,2
T4,3,1,200,5
T5,4,1,144,3
[491]
T1,0,1,65,1
T2,1,1,136,3
T3,2,1,165,2
T4,3,1,33,1
T5,4,1,200,20
[492]
T1,0,0,51,1
T2,1,0,125,13
T3,2,1,200,2
T4,3,1,192,10
T5,4,0,96,2
[493]
T1,0,0,198,21
T2,1,0,101,2
T3,2,1,200,2
T4,3,1,50,2
T5,4,0,144,7
[494]
T1,0,0,164,7
T2,1,1,40,2
T3,2,0,72,5
T4,3,0,130,1
T5,4,0,200,7
[495]
T1,0,1,121,19
T2,1,0,185,2
T3,2,0,22,2
T4,3,0,200,4
T5,4,1,68,2
[496]
T1,0,0,22,2
T2,1,0,55,2
T3,2,1,82,5
T4,3,0,187,15
T5,4,1,200,8
[497]
T1,0,1,65,2
T2,1,0,43,1
T3,2,0,200,13
T4,3,1,124,9
T5,4,0,186,1
[498]
T1,0,0,107,2
T2,1,0,168,17
T3,2,0,52,1
T4,3,1,132,2
T5,4,0,200,8
[499]
T1,0,0,175,5
T2,1,0,56,6
T3,2,0,120,3
T4,3,1,200,1
T5,4,0,27,2
[500]
T1,0,0,66,3
T2,1,1,200,5
T3,2,1,165,13
T4,3,1,23,2
T5,4,0,138,3
