num_task_per_taskset=5
num_taskset=500
//ID,Priority,Offset,Period,Execution Time
[1]
T1,0,1,152,4
T2,1,1,200,2
T3,2,0,56,2
T4,3,1,84,7
T5,4,1,27,1
[2]
T1,0,0,21,2
T2,1,1,175,7
T3,2,0,111,6
T4,3,1,87,4
T5,4,0,200,3
[3]
T1,0,1,44,2
T2,1,1,200,2
T3,2,1,77,2
T4,3,0,187,9
T5,4,0,99,10
[4]
T1,0,0,121,1
T2,1,0,198,1
T3,2,0,200,11
T4,3,0,58,2
T5,4,0,29,3
[5]
T1,0,0,75,2
T2,1,1,30,1
T3,2,1,106,7
T4,3,0,200,4
T5,4,0,191,7
[6]
T1,0,1,200,4
T2,1,1,54,2
T3,2,1,100,8
T4,3,1,172,11
T5,4,1,81,1
[7]
T1,0,0,116,2
T2,1,0,151,7
T3,2,1,200,8
T4,3,1,52,1
T5,4,1,65,4
[8]
T1,0,1,164,3
T2,1,1,50,1
T3,2,0,200,3
T4,3,0,132,5
T5,4,0,100,8
[9]
T1,0,0,168,6
T2,1,0,66,4
T3,2,0,91,7
T4,3,0,48,2
T5,4,1,200,2
[10]
T1,0,0,36,2
T2,1,0,86,2
T3,2,1,186,2
T4,3,1,200,19
T5,4,0,84,5
[11]
T1,0,0,200,1
T2,1,1,24,2
T3,2,1,124,3
T4,3,1,148,2
T5,4,0,105,3
[12]
T1,0,0,118,2
T2,1,1,84,5
T3,2,0,21,2
T4,3,1,200,7
T5,4,0,150,8
[13]
T1,0,0,200,17
T2,1,1,54,2
T3,2,1,104,1
T4,3,1,196,2
T5,4,1,52,2
[14]
T1,0,0,84,1
T2,1,0,200,19
T3,2,0,196,1
T4,3,0,46,1
T5,4,1,63,3
[15]
T1,0,0,170,6
T2,1,0,20,2
T3,2,1,200,12
T4,3,0,66,3
T5,4,0,75,2
[16]
T1,0,1,63,1
T2,1,0,200,27
T3,2,1,171,2
T4,3,1,54,2
T5,4,1,143,1
[17]
T1,0,0,44,2
T2,1,1,200,1
T3,2,1,152,9
T4,3,0,104,8
T5,4,1,63,1
[18]
T1,0,0,142,1
T2,1,1,188,10
T3,2,0,40,4
T4,3,1,200,2
T5,4,1,127,2
[19]
T1,0,0,119,3
T2,1,0,95,2
T3,2,0,20,1
T4,3,1,178,7
T5,4,0,200,1
[20]
T1,0,0,70,1
T2,1,0,200,7
T3,2,1,172,9
T4,3,1,40,2
T5,4,1,112,3
[21]
T1,0,0,152,6
T2,1,0,79,2
T3,2,1,200,2
T4,3,1,144,7
T5,4,0,32,2
[22]
T1,0,1,184,4
T2,1,0,28,3
T3,2,0,200,3
T4,3,0,123,2
T5,4,1,104,2
[23]
T1,0,1,83,1
T2,1,0,192,19
T3,2,0,120,2
T4,3,1,47,2
T5,4,1,200,15
[24]
T1,0,1,66,3
T2,1,1,102,4
T3,2,1,25,1
T4,3,1,200,5
T5,4,1,178,2
[25]
T1,0,1,109,4
T2,1,1,200,2
T3,2,0,103,2
T4,3,0,32,2
T5,4,0,176,20
[26]
T1,0,1,200,1
T2,1,0,132,8
T3,2,0,195,6
T4,3,1,26,1
T5,4,0,142,3
[27]
T1,0,1,182,9
T2,1,1,69,1
T3,2,0,91,2
T4,3,0,200,15
T5,4,0,31,1
[28]
T1,0,1,155,3
T2,1,1,139,2
T3,2,0,200,9
T4,3,1,25,1
T5,4,0,93,4
[29]
T1,0,0,55,1
T2,1,0,126,1
T3,2,0,25,2
T4,3,0,197,24
T5,4,0,200,2
[30]
T1,0,0,200,10
T2,1,0,190,19
T3,2,0,118,1
T4,3,0,48,1
T5,4,1,58,2
[31]
T1,0,0,25,2
T2,1,1,200,4
T3,2,1,148,9
T4,3,0,106,1
T5,4,1,109,8
[32]
T1,0,0,154,7
T2,1,0,107,6
T3,2,1,24,1
T4,3,1,147,2
T5,4,0,200,2
[33]
T1,0,1,67,2
T2,1,1,48,4
T3,2,1,172,3
T4,3,0,140,8
T5,4,1,200,2
[34]
T1,0,0,27,2
T2,1,0,159,7
T3,2,1,81,3
T4,3,1,200,13
T5,4,1,100,2
[35]
T1,0,0,200,17
T2,1,0,45,2
T3,2,1,150,6
T4,3,1,140,5
T5,4,1,119,3
[36]
T1,0,1,74,7
T2,1,1,77,2
T3,2,1,200,2
T4,3,1,32,2
T5,4,1,165,4
[37]
T1,0,1,200,14
T2,1,1,56,4
T3,2,1,22,2
T4,3,0,174,2
T5,4,1,66,2
[38]
T1,0,0,32,1
T2,1,1,57,2
T3,2,1,94,4
T4,3,0,200,4
T5,4,1,184,4
[39]
T1,0,0,103,10
T2,1,0,50,1
T3,2,1,186,9
T4,3,1,200,1
T5,4,1,114,2
[40]
T1,0,0,75,4
T2,1,0,50,2
T3,2,0,164,1
T4,3,1,90,6
T5,4,1,200,8
[41]
T1,0,0,85,11
T2,1,0,142,3
T3,2,0,22,2
T4,3,1,200,1
T5,4,1,160,2
[42]
T1,0,0,140,7
T2,1,0,155,10
T3,2,1,200,4
T4,3,0,98,4
T5,4,0,21,2
[43]
T1,0,1,200,2
T2,1,1,187,10
T3,2,1,101,7
T4,3,0,50,2
T5,4,0,105,4
[44]
T1,0,0,116,4
T2,1,0,200,3
T3,2,1,67,5
T4,3,0,175,9
T5,4,0,34,2
[45]
T1,0,1,78,1
T2,1,0,200,2
T3,2,1,159,9
T4,3,1,144,2
T5,4,0,24,2
[46]
T1,0,1,200,2
T2,1,0,119,7
T3,2,0,180,3
T4,3,0,66,5
T5,4,0,37,1
[47]
T1,0,0,176,2
T2,1,1,45,3
T3,2,0,114,2
T4,3,0,200,7
T5,4,0,108,5
[48]
T1,0,1,166,15
T2,1,1,58,2
T3,2,1,82,4
T4,3,0,40,1
T5,4,0,200,1
[49]
T1,0,1,50,2
T2,1,0,60,2
T3,2,1,141,1
T4,3,0,173,4
T5,4,1,200,31
[50]
T1,0,1,200,3
T2,1,0,79,2
T3,2,0,32,2
T4,3,0,171,5
T5,4,1,56,2
[51]
T1,0,1,200,4
T2,1,1,154,6
T3,2,0,30,2
T4,3,0,110,3
T5,4,1,111,9
[52]
T1,0,0,70,3
T2,1,1,29,2
T3,2,1,176,1
T4,3,0,200,3
T5,4,1,145,7
[53]
T1,0,1,189,3
T2,1,0,56,4
T3,2,0,20,1
T4,3,1,200,2
T5,4,0,58,1
[54]
T1,0,1,83,2
T2,1,1,200,10
T3,2,0,175,5
T4,3,1,39,2
T5,4,0,147,12
[55]
T1,0,1,160,5
T2,1,1,86,4
T3,2,0,102,1
T4,3,0,200,8
T5,4,0,23,1
[56]
T1,0,0,73,5
T2,1,1,20,1
T3,2,1,200,7
T4,3,1,183,2
T5,4,1,115,2
[57]
T1,0,0,138,8
T2,1,1,86,3
T3,2,0,200,2
T4,3,0,177,3
T5,4,0,23,1
[58]
T1,0,1,137,1
T2,1,1,200,3
T3,2,1,28,1
T4,3,1,135,6
T5,4,1,189,12
[59]
T1,0,1,192,24
T2,1,0,200,4
T3,2,0,38,1
T4,3,0,112,1
T5,4,0,84,2
[60]
T1,0,1,200,25
T2,1,1,171,7
T3,2,0,51,2
T4,3,1,83,2
T5,4,1,68,1
[61]
T1,0,1,64,4
T2,1,1,165,3
T3,2,1,34,2
T4,3,0,68,2
T5,4,1,200,10
[62]
T1,0,0,92,2
T2,1,0,200,20
T3,2,0,196,11
T4,3,1,23,2
T5,4,0,126,4
[63]
T1,0,0,78,2
T2,1,1,174,17
T3,2,0,24,1
T4,3,1,200,2
T5,4,0,86,4
[64]
T1,0,0,60,2
T2,1,1,153,13
T3,2,0,50,4
T4,3,0,64,2
T5,4,1,200,3
[65]
T1,0,1,22,2
T2,1,1,110,8
T3,2,0,200,14
T4,3,0,155,2
T5,4,1,125,2
[66]
T1,0,1,28,1
T2,1,1,56,1
T3,2,1,173,5
T4,3,1,83,1
T5,4,0,200,13
[67]
T1,0,1,133,6
T2,1,0,48,2
T3,2,1,64,2
T4,3,0,200,3
T5,4,1,159,6
[68]
T1,0,1,135,2
T2,1,1,110,2
T3,2,1,200,8
T4,3,0,194,10
T5,4,1,50,3
[69]
T1,0,1,200,7
T2,1,0,139,6
T3,2,0,65,5
T4,3,1,168,2
T5,4,1,36,2
[70]
T1,0,1,200,14
T2,1,0,123,2
T3,2,1,196,4
T4,3,1,42,2
T5,4,1,132,9
[71]
T1,0,1,60,3
T2,1,1,200,7
T3,2,0,192,17
T4,3,0,96,1
T5,4,0,48,2
[72]
T1,0,1,22,2
T2,1,1,85,1
T3,2,1,192,26
T4,3,1,200,2
T5,4,1,80,2
[73]
T1,0,1,152,13
T2,1,1,57,4
T3,2,1,100,1
T4,3,0,200,3
T5,4,1,42,2
[74]
T1,0,1,200,13
T2,1,1,41,2
T3,2,0,123,2
T4,3,1,165,10
T5,4,0,84,4
[75]
T1,0,0,20,2
T2,1,0,85,2
T3,2,0,177,12
T4,3,1,117,4
T5,4,0,200,15
[76]
T1,0,1,200,7
T2,1,1,25,2
T3,2,0,194,8
T4,3,1,67,2
T5,4,0,74,3
[77]
T1,0,0,132,2
T2,1,0,200,25
T3,2,0,180,4
T4,3,0,42,2
T5,4,1,145,5
[78]
T1,0,0,144,1
T2,1,0,25,2
T3,2,1,170,2
T4,3,1,200,21
T5,4,0,87,5
[79]
T1,0,1,128,2
T2,1,1,88,12
T3,2,0,175,1
T4,3,0,200,2
T5,4,0,37,1
[80]
T1,0,0,81,2
T2,1,1,186,12
T3,2,0,200,2
T4,3,1,63,2
T5,4,0,40,2
[81]
T1,0,0,111,1
T2,1,1,200,2
T3,2,1,129,9
T4,3,0,192,5
T5,4,1,32,2
[82]
T1,0,1,160,1
T2,1,1,92,8
T3,2,1,92,2
T4,3,1,200,1
T5,4,0,42,3
[83]
T1,0,0,57,2
T2,1,1,171,7
T3,2,0,50,1
T4,3,0,56,3
T5,4,1,200,11
[84]
T1,0,0,170,8
T2,1,0,53,4
T3,2,0,68,2
T4,3,1,200,7
T5,4,1,73,1
[85]
T1,0,1,146,11
T2,1,1,21,2
T3,2,1,200,1
T4,3,0,175,4
T5,4,0,126,5
[86]
T1,0,0,41,2
T2,1,0,200,10
T3,2,0,174,2
T4,3,0,100,9
T5,4,0,114,3
[87]
T1,0,1,89,2
T2,1,0,25,2
T3,2,0,55,2
T4,3,0,200,6
T5,4,0,176,9
[88]
T1,0,0,75,2
T2,1,1,163,9
T3,2,1,99,8
T4,3,1,200,1
T5,4,0,25,2
[89]
T1,0,1,26,2
T2,1,0,200,2
T3,2,1,84,9
T4,3,1,90,2
T5,4,1,175,11
[90]
T1,0,1,55,2
T2,1,0,200,1
T3,2,0,24,2
T4,3,1,93,6
T5,4,1,195,4
[91]
T1,0,0,20,2
T2,1,0,200,2
T3,2,1,196,5
T4,3,1,135,2
T5,4,0,69,1
[92]
T1,0,1,42,1
T2,1,1,70,2
T3,2,1,96,3
T4,3,0,152,15
T5,4,0,200,2
[93]
T1,0,1,75,10
T2,1,0,137,5
T3,2,0,200,2
T4,3,0,33,2
T5,4,1,166,1
[94]
T1,0,1,40,2
T2,1,0,96,3
T3,2,0,116,8
T4,3,1,162,2
T5,4,1,200,3
[95]
T1,0,1,80,2
T2,1,1,196,9
T3,2,0,200,4
T4,3,1,144,6
T5,4,1,48,2
[96]
T1,0,1,170,6
T2,1,0,104,7
T3,2,1,200,14
T4,3,1,46,2
T5,4,0,96,1
[97]
T1,0,0,200,12
T2,1,1,60,2
T3,2,0,164,6
T4,3,1,29,2
T5,4,0,110,3
[98]
T1,0,1,200,3
T2,1,1,67,1
T3,2,1,178,10
T4,3,0,100,3
T5,4,1,21,1
[99]
T1,0,1,108,5
T2,1,1,190,6
T3,2,1,200,2
T4,3,1,126,10
T5,4,1,32,2
[100]
T1,0,1,20,2
T2,1,0,86,5
T3,2,0,200,2
T4,3,1,79,2
T5,4,1,156,2
[101]
T1,0,1,58,1
T2,1,0,150,2
T3,2,0,29,1
T4,3,0,200,13
T5,4,0,64,2
[102]
T1,0,0,137,4
T2,1,1,21,2
T3,2,0,200,5
T4,3,0,56,4
T5,4,0,175,2
[103]
T1,0,0,30,2
T2,1,1,169,6
T3,2,1,74,2
T4,3,0,200,9
T5,4,0,104,2
[104]
T1,0,1,170,2
T2,1,0,58,3
T3,2,0,121,1
T4,3,0,200,20
T5,4,0,20,2
[105]
T1,0,1,124,2
T2,1,0,23,2
T3,2,1,174,3
T4,3,0,200,9
T5,4,1,58,5
[106]
T1,0,1,119,2
T2,1,0,176,3
T3,2,0,200,13
T4,3,1,32,2
T5,4,0,69,6
[107]
T1,0,0,200,3
T2,1,1,61,3
T3,2,0,94,6
T4,3,1,28,2
T5,4,0,196,9
[108]
T1,0,0,136,2
T2,1,1,25,1
T3,2,1,88,7
T4,3,0,200,1
T5,4,0,189,2
[109]
T1,0,1,146,8
T2,1,0,156,3
T3,2,0,200,19
T4,3,0,24,2
T5,4,0,54,2
[110]
T1,0,1,131,2
T2,1,0,160,4
T3,2,1,30,2
T4,3,0,126,2
T5,4,1,200,25
[111]
T1,0,0,77,2
T2,1,1,25,2
T3,2,1,200,20
T4,3,1,96,5
T5,4,0,198,5
[112]
T1,0,0,124,1
T2,1,1,170,9
T3,2,0,48,2
T4,3,0,200,8
T5,4,0,136,6
[113]
T1,0,0,139,3
T2,1,0,200,11
T3,2,0,160,2
T4,3,0,27,1
T5,4,1,104,5
[114]
T1,0,1,158,3
T2,1,0,200,21
T3,2,1,64,2
T4,3,0,28,2
T5,4,1,128,7
[115]
T1,0,0,78,3
T2,1,1,26,2
T3,2,1,86,3
T4,3,1,190,15
T5,4,1,200,6
[116]
T1,0,1,178,1
T2,1,0,40,3
T3,2,1,144,9
T4,3,1,200,6
T5,4,1,81,1
[117]
T1,0,0,200,11
T2,1,1,175,1
T3,2,0,77,8
T4,3,0,135,2
T5,4,1,36,2
[118]
T1,0,1,40,5
T2,1,0,64,1
T3,2,1,74,1
T4,3,0,195,2
T5,4,1,200,2
[119]
T1,0,0,160,3
T2,1,1,200,24
T3,2,1,75,2
T4,3,0,134,2
T5,4,1,35,2
[120]
T1,0,1,20,1
T2,1,1,62,2
T3,2,1,200,8
T4,3,0,120,7
T5,4,1,181,3
[121]
T1,0,1,46,2
T2,1,1,184,6
T3,2,1,200,19
T4,3,1,99,4
T5,4,1,71,2
[122]
T1,0,1,200,9
T2,1,1,54,2
T3,2,0,147,5
T4,3,1,35,3
T5,4,0,88,2
[123]
T1,0,1,144,7
T2,1,1,62,4
T3,2,1,30,1
T4,3,0,162,2
T5,4,0,200,4
[124]
T1,0,0,44,2
T2,1,1,200,13
T3,2,0,60,3
T4,3,0,130,2
T5,4,0,158,2
[125]
T1,0,0,134,10
T2,1,1,184,4
T3,2,1,30,2
T4,3,0,200,15
T5,4,1,93,1
[126]
T1,0,0,200,7
T2,1,1,170,9
T3,2,1,60,5
T4,3,0,34,2
T5,4,0,115,2
[127]
T1,0,0,101,1
T2,1,1,175,10
T3,2,0,140,12
T4,3,0,200,1
T5,4,1,31,2
[128]
T1,0,0,64,2
T2,1,1,20,1
T3,2,1,200,11
T4,3,1,72,2
T5,4,1,199,11
[129]
T1,0,1,70,3
T2,1,1,184,21
T3,2,0,72,2
T4,3,1,200,1
T5,4,0,36,2
[130]
T1,0,1,30,1
T2,1,1,188,9
T3,2,1,132,7
T4,3,1,200,9
T5,4,0,73,2
[131]
T1,0,1,27,2
T2,1,1,196,5
T3,2,0,90,7
T4,3,0,132,9
T5,4,0,200,3
[132]
T1,0,0,200,12
T2,1,0,38,1
T3,2,1,77,2
T4,3,1,125,6
T5,4,0,168,2
[133]
T1,0,1,84,4
T2,1,1,24,2
T3,2,1,186,2
T4,3,1,200,4
T5,4,0,141,12
[134]
T1,0,1,200,16
T2,1,1,90,2
T3,2,0,168,9
T4,3,1,44,2
T5,4,0,68,2
[135]
T1,0,1,141,2
T2,1,1,192,8
T3,2,1,86,4
T4,3,0,40,3
T5,4,0,200,1
[136]
T1,0,1,20,2
T2,1,0,63,1
T3,2,0,200,19
T4,3,0,190,2
T5,4,1,136,3
[137]
T1,0,1,121,7
T2,1,1,200,8
T3,2,0,170,7
T4,3,0,34,2
T5,4,0,97,4
[138]
T1,0,1,20,2
T2,1,0,160,13
T3,2,0,200,16
T4,3,0,74,1
T5,4,1,66,2
[139]
T1,0,0,89,3
T2,1,1,77,3
T3,2,0,200,4
T4,3,1,176,12
T5,4,1,23,2
[140]
T1,0,1,200,12
T2,1,1,183,6
T3,2,1,129,5
T4,3,1,54,2
T5,4,0,122,5
[141]
T1,0,0,45,2
T2,1,0,100,6
T3,2,1,161,6
T4,3,1,139,9
T5,4,1,200,3
[142]
T1,0,1,200,3
T2,1,1,125,8
T3,2,1,103,2
T4,3,1,160,4
T5,4,1,41,3
[143]
T1,0,1,30,3
T2,1,1,200,6
T3,2,0,95,1
T4,3,1,92,2
T5,4,0,164,2
[144]
T1,0,0,96,2
T2,1,1,162,9
T3,2,0,36,1
T4,3,1,200,2
T5,4,0,102,6
[145]
T1,0,0,170,2
T2,1,0,200,8
T3,2,1,24,2
T4,3,1,96,1
T5,4,0,73,6
[146]
T1,0,1,132,9
T2,1,1,200,7
T3,2,1,120,3
T4,3,0,22,2
T5,4,1,149,5
[147]
T1,0,0,40,2
T2,1,0,56,5
T3,2,1,56,1
T4,3,0,163,8
T5,4,1,200,3
[148]
T1,0,1,168,5
T2,1,1,200,6
T3,2,1,50,5
T4,3,1,55,2
T5,4,1,94,2
[149]
T1,0,0,200,9
T2,1,0,96,4
T3,2,1,27,1
T4,3,0,62,2
T5,4,0,190,2
[150]
T1,0,0,182,7
T2,1,0,136,9
T3,2,1,97,2
T4,3,0,52,2
T5,4,0,200,13
[151]
T1,0,0,136,2
T2,1,0,168,8
T3,2,1,200,9
T4,3,1,56,4
T5,4,0,48,1
[152]
T1,0,1,147,1
T2,1,0,200,3
T3,2,0,36,4
T4,3,1,66,2
T5,4,0,180,7
[153]
T1,0,0,200,6
T2,1,1,70,4
T3,2,1,50,3
T4,3,1,187,2
T5,4,1,105,4
[154]
T1,0,0,183,6
T2,1,1,200,4
T3,2,0,81,4
T4,3,0,144,6
T5,4,0,30,1
[155]
T1,0,1,80,2
T2,1,1,159,21
T3,2,1,40,2
T4,3,0,85,1
T5,4,1,200,2
[156]
T1,0,1,120,4
T2,1,1,64,1
T3,2,0,41,3
T4,3,1,200,3
T5,4,1,156,4
[157]
T1,0,1,55,6
T2,1,1,176,2
T3,2,0,49,1
T4,3,0,109,1
T5,4,1,200,8
[158]
T1,0,0,49,4
T2,1,1,132,7
T3,2,0,120,3
T4,3,1,154,2
T5,4,1,200,2
[159]
T1,0,1,45,2
T2,1,1,189,1
T3,2,0,200,17
T4,3,1,70,2
T5,4,0,65,2
[160]
T1,0,0,45,2
T2,1,0,61,8
T3,2,1,200,2
T4,3,0,136,4
T5,4,0,175,1
[161]
T1,0,0,200,9
T2,1,0,30,2
T3,2,1,102,1
T4,3,0,176,2
T5,4,0,86,5
[162]
T1,0,0,105,2
T2,1,0,66,6
T3,2,0,200,2
T4,3,1,169,5
T5,4,1,20,1
[163]
T1,0,0,60,3
T2,1,0,56,2
T3,2,0,176,6
T4,3,1,200,4
T5,4,0,21,1
[164]
T1,0,1,39,2
T2,1,0,184,2
T3,2,0,118,2
T4,3,1,200,4
T5,4,0,78,6
[165]
T1,0,0,36,1
T2,1,1,75,2
T3,2,0,200,16
T4,3,0,120,4
T5,4,1,195,2
[166]
T1,0,0,107,2
T2,1,0,200,5
T3,2,1,50,2
T4,3,1,67,3
T5,4,1,176,6
[167]
T1,0,0,200,2
T2,1,0,51,2
T3,2,0,168,24
T4,3,0,107,2
T5,4,0,130,1
[168]
T1,0,1,131,1
T2,1,0,200,3
T3,2,1,112,10
T4,3,0,180,8
T5,4,1,48,1
[169]
T1,0,1,200,11
T2,1,1,138,6
T3,2,1,95,2
T4,3,1,150,3
T5,4,1,26,2
[170]
T1,0,1,146,1
T2,1,1,200,1
T3,2,1,25,2
T4,3,1,65,2
T5,4,0,199,9
[171]
T1,0,1,98,2
T2,1,0,156,6
T3,2,1,20,2
T4,3,0,200,21
T5,4,1,147,1
[172]
T1,0,0,190,8
T2,1,0,105,3
T3,2,0,200,2
T4,3,0,84,2
T5,4,1,24,2
[173]
T1,0,1,48,3
T2,1,0,122,1
T3,2,1,100,2
T4,3,1,156,1
T5,4,1,200,15
[174]
T1,0,1,50,2
T2,1,1,200,3
T3,2,1,70,2
T4,3,1,156,17
T5,4,0,55,2
[175]
T1,0,1,48,2
T2,1,1,124,6
T3,2,0,187,4
T4,3,0,200,2
T5,4,1,85,5
[176]
T1,0,0,200,4
T2,1,1,80,2
T3,2,1,59,2
T4,3,0,175,5
T5,4,0,38,2
[177]
T1,0,1,51,2
T2,1,0,64,5
T3,2,1,200,1
T4,3,0,115,9
T5,4,0,160,1
[178]
T1,0,0,40,1
T2,1,1,141,4
T3,2,1,101,2
T4,3,0,200,21
T5,4,1,172,3
[179]
T1,0,0,200,21
T2,1,0,130,2
T3,2,0,171,2
T4,3,0,30,1
T5,4,1,56,1
[180]
T1,0,1,142,4
T2,1,0,75,1
T3,2,0,200,5
T4,3,1,185,16
T5,4,1,42,1
[181]
T1,0,0,97,1
T2,1,0,115,4
T3,2,1,175,7
T4,3,0,42,2
T5,4,0,200,10
[182]
T1,0,0,52,2
T2,1,1,200,3
T3,2,0,65,3
T4,3,0,114,3
T5,4,1,152,12
[183]
T1,0,0,123,2
T2,1,0,36,2
T3,2,0,198,13
T4,3,0,200,10
T5,4,0,84,2
[184]
T1,0,1,200,3
T2,1,1,20,1
T3,2,0,160,3
T4,3,1,103,7
T5,4,0,77,2
[185]
T1,0,1,150,2
T2,1,0,25,2
T3,2,1,200,12
T4,3,1,65,4
T5,4,0,113,3
[186]
T1,0,1,150,9
T2,1,0,131,5
T3,2,1,200,8
T4,3,1,110,5
T5,4,0,22,2
[187]
T1,0,1,20,2
T2,1,0,200,2
T3,2,1,98,2
T4,3,0,184,8
T5,4,0,126,9
[188]
T1,0,0,93,2
T2,1,1,141,10
T3,2,1,200,11
T4,3,0,24,1
T5,4,0,184,3
[189]
T1,0,1,81,1
T2,1,0,200,15
T3,2,1,165,17
T4,3,0,40,2
T5,4,0,56,2
[190]
T1,0,1,200,10
T2,1,0,25,2
T3,2,1,183,9
T4,3,0,56,4
T5,4,0,123,1
[191]
T1,0,1,124,4
T2,1,0,175,2
T3,2,0,22,2
T4,3,1,200,14
T5,4,1,119,6
[192]
T1,0,0,136,4
T2,1,1,156,2
T3,2,0,35,1
T4,3,1,200,17
T5,4,1,86,3
[193]
T1,0,0,200,14
T2,1,1,143,4
T3,2,1,42,2
T4,3,0,154,4
T5,4,0,99,5
[194]
T1,0,1,107,2
T2,1,1,164,5
T3,2,1,200,3
T4,3,0,55,2
T5,4,0,22,2
[195]
T1,0,1,65,8
T2,1,0,44,1
T3,2,0,200,1
T4,3,1,165,3
T5,4,1,63,2
[196]
T1,0,1,87,2
T2,1,1,64,3
T3,2,1,53,1
T4,3,0,159,2
T5,4,1,200,10
[197]
T1,0,0,63,2
T2,1,0,189,1
T3,2,1,25,2
T4,3,1,200,13
T5,4,0,106,5
[198]
T1,0,0,200,4
T2,1,0,40,1
T3,2,1,71,1
T4,3,0,152,11
T5,4,1,69,3
[199]
T1,0,1,34,2
T2,1,1,200,9
T3,2,1,130,3
T4,3,1,102,7
T5,4,1,165,4
[200]
T1,0,0,69,1
T2,1,1,116,2
T3,2,1,155,8
T4,3,0,200,16
T5,4,1,29,2
[201]
T1,0,1,100,2
T2,1,1,52,2
T3,2,0,186,15
T4,3,1,118,1
T5,4,1,200,6
[202]
T1,0,0,200,2
T2,1,0,45,2
T3,2,1,156,7
T4,3,0,56,2
T5,4,1,133,16
[203]
T1,0,1,109,5
T2,1,0,76,2
T3,2,1,200,2
T4,3,1,171,14
T5,4,1,20,1
[204]
T1,0,0,88,2
T2,1,1,28,1
T3,2,0,164,6
T4,3,0,200,15
T5,4,1,60,2
[205]
T1,0,1,60,4
T2,1,0,198,9
T3,2,0,24,2
T4,3,0,75,1
T5,4,0,200,6
[206]
T1,0,1,80,7
T2,1,0,22,1
T3,2,1,91,3
T4,3,0,171,2
T5,4,0,200,2
[207]
T1,0,1,21,2
T2,1,0,200,4
T3,2,0,180,1
T4,3,1,68,6
T5,4,0,126,6
[208]
T1,0,1,200,8
T2,1,0,26,2
T3,2,1,165,3
T4,3,1,88,7
T5,4,0,111,1
[209]
T1,0,0,30,2
T2,1,1,131,1
T3,2,1,191,7
T4,3,1,200,1
T5,4,0,80,8
[210]
T1,0,0,154,9
T2,1,1,34,2
T3,2,1,110,1
T4,3,1,90,6
T5,4,0,200,8
[211]
T1,0,0,160,10
T2,1,0,27,2
T3,2,0,74,7
T4,3,1,200,3
T5,4,1,97,2
[212]
T1,0,0,55,6
T2,1,0,176,2
T3,2,1,90,2
T4,3,0,200,10
T5,4,1,49,2
[213]
T1,0,0,155,10
T2,1,1,40,1
T3,2,1,200,2
T4,3,1,94,4
T5,4,0,134,5
[214]
T1,0,1,164,6
T2,1,1,111,1
T3,2,0,121,2
T4,3,0,44,2
T5,4,1,200,25
[215]
T1,0,1,22,2
T2,1,1,111,15
T3,2,1,198,2
T4,3,1,69,2
T5,4,1,200,7
[216]
T1,0,0,200,27
T2,1,0,23,2
T3,2,1,144,2
T4,3,0,78,1
T5,4,1,150,2
[217]
T1,0,1,83,2
T2,1,1,36,4
T3,2,0,126,4
T4,3,0,200,3
T5,4,1,192,1
[218]
T1,0,1,200,4
T2,1,0,130,2
T3,2,1,26,2
T4,3,0,69,2
T5,4,1,184,5
[219]
T1,0,0,30,2
T2,1,0,188,1
T3,2,0,137,2
T4,3,0,116,7
T5,4,1,200,19
[220]
T1,0,1,195,7
T2,1,1,60,4
T3,2,1,20,2
T4,3,0,200,8
T5,4,0,58,1
[221]
T1,0,0,196,3
T2,1,1,200,7
T3,2,1,137,1
T4,3,0,83,1
T5,4,0,35,4
[222]
T1,0,1,44,1
T2,1,1,200,4
T3,2,0,198,6
T4,3,0,146,8
T5,4,0,138,7
[223]
T1,0,0,187,12
T2,1,0,77,3
T3,2,1,94,1
T4,3,1,28,1
T5,4,1,200,3
[224]
T1,0,1,51,2
T2,1,0,90,5
T3,2,1,190,7
T4,3,1,67,2
T5,4,0,200,16
[225]
T1,0,0,99,2
T2,1,1,67,4
T3,2,1,170,1
T4,3,1,30,2
T5,4,0,200,8
[226]
T1,0,0,125,6
T2,1,0,200,13
T3,2,0,64,1
T4,3,0,45,2
T5,4,1,174,7
[227]
T1,0,0,66,9
T2,1,0,156,1
T3,2,1,102,1
T4,3,0,44,1
T5,4,0,200,2
[228]
T1,0,0,185,2
T2,1,0,31,2
T3,2,1,142,2
T4,3,0,74,4
T5,4,1,200,9
[229]
T1,0,1,170,3
T2,1,1,97,1
T3,2,1,200,27
T4,3,0,146,2
T5,4,0,51,2
[230]
T1,0,1,30,2
T2,1,1,200,10
T3,2,1,159,10
T4,3,1,129,1
T5,4,0,66,2
[231]
T1,0,1,144,5
T2,1,1,26,2
T3,2,1,153,3
T4,3,1,200,6
T5,4,0,146,2
[232]
T1,0,0,59,3
T2,1,0,100,2
T3,2,0,47,1
T4,3,0,175,11
T5,4,1,200,2
[233]
T1,0,0,180,3
T2,1,0,200,13
T3,2,1,39,1
T4,3,1,100,5
T5,4,1,81,1
[234]
T1,0,0,32,1
T2,1,0,68,1
T3,2,0,105,2
T4,3,0,150,8
T5,4,0,200,13
[235]
T1,0,0,200,6
T2,1,0,154,2
T3,2,1,64,8
T4,3,1,85,2
T5,4,1,28,2
[236]
T1,0,0,200,2
T2,1,1,155,10
T3,2,0,126,6
T4,3,1,45,1
T5,4,0,143,4
[237]
T1,0,0,79,10
T2,1,0,200,8
T3,2,0,96,2
T4,3,0,27,2
T5,4,0,195,2
[238]
T1,0,0,183,4
T2,1,0,200,9
T3,2,0,45,3
T4,3,1,105,2
T5,4,0,94,5
[239]
T1,0,1,179,1
T2,1,1,124,3
T3,2,0,200,20
T4,3,1,40,2
T5,4,0,80,4
[240]
T1,0,1,50,2
T2,1,0,113,2
T3,2,0,140,2
T4,3,1,163,13
T5,4,0,200,17
[241]
T1,0,0,168,12
T2,1,0,45,4
T3,2,0,200,5
T4,3,1,119,2
T5,4,0,66,2
[242]
T1,0,1,26,1
T2,1,1,200,15
T3,2,0,93,2
T4,3,1,81,2
T5,4,0,150,5
[243]
T1,0,1,32,2
T2,1,1,183,3
T3,2,0,128,2
T4,3,0,200,12
T5,4,0,68,1
[244]
T1,0,1,96,5
T2,1,1,169,19
T3,2,0,200,1
T4,3,0,56,2
T5,4,1,42,2
[245]
T1,0,1,176,26
T2,1,0,107,2
T3,2,1,99,2
T4,3,1,200,7
T5,4,0,38,2
[246]
T1,0,0,144,6
T2,1,1,165,7
T3,2,1,200,6
T4,3,0,109,5
T5,4,0,50,1
[247]
T1,0,0,25,2
T2,1,0,113,2
T3,2,0,200,9
T4,3,0,180,2
T5,4,1,96,2
[248]
T1,0,0,175,3
T2,1,0,69,2
T3,2,0,115,11
T4,3,1,200,9
T5,4,0,28,1
[249]
T1,0,0,200,17
T2,1,0,162,2
T3,2,0,63,1
T4,3,0,28,1
T5,4,0,112,1
[250]
T1,0,1,176,6
T2,1,0,36,2
T3,2,0,200,8
T4,3,1,124,2
T5,4,1,69,2
[251]
T1,0,1,200,9
T2,1,0,35,2
T3,2,1,191,3
T4,3,0,89,1
T5,4,0,120,7
[252]
T1,0,0,200,1
T2,1,1,160,4
T3,2,0,43,1
T4,3,1,122,7
T5,4,0,130,10
[253]
T1,0,1,41,2
T2,1,0,119,1
T3,2,1,200,13
T4,3,0,176,5
T5,4,1,80,6
[254]
T1,0,0,37,1
T2,1,1,200,4
T3,2,1,185,5
T4,3,1,125,7
T5,4,0,84,2
[255]
T1,0,1,189,1
T2,1,1,38,2
T3,2,1,88,1
T4,3,1,76,4
T5,4,0,200,10
[256]
T1,0,1,200,15
T2,1,0,163,9
T3,2,0,90,2
T4,3,0,30,1
T5,4,0,105,1
[257]
T1,0,0,57,1
T2,1,0,104,6
T3,2,1,184,3
T4,3,0,200,7
T5,4,0,36,1
[258]
T1,0,1,200,20
T2,1,0,99,3
T3,2,0,158,1
T4,3,1,120,1
T5,4,1,21,2
[259]
T1,0,1,38,3
T2,1,0,133,2
T3,2,1,200,1
T4,3,0,59,5
T5,4,1,161,2
[260]
T1,0,0,194,2
T2,1,1,97,3
T3,2,1,200,2
T4,3,1,146,8
T5,4,0,34,3
[261]
T1,0,1,52,1
T2,1,0,110,3
T3,2,0,196,13
T4,3,0,78,2
T5,4,1,200,15
[262]
T1,0,0,140,8
T2,1,0,200,2
T3,2,1,196,19
T4,3,0,20,2
T5,4,1,56,2
[263]
T1,0,1,162,7
T2,1,0,40,2
T3,2,0,200,6
T4,3,0,87,1
T5,4,0,127,10
[264]
T1,0,0,95,2
T2,1,0,78,10
T3,2,1,200,5
T4,3,1,182,2
T5,4,0,45,2
[265]
T1,0,1,111,2
T2,1,1,200,22
T3,2,1,180,7
T4,3,1,94,2
T5,4,0,27,2
[266]
T1,0,0,160,5
T2,1,0,137,2
T3,2,0,50,3
T4,3,0,200,12
T5,4,1,87,1
[267]
T1,0,0,27,3
T2,1,0,127,4
T3,2,1,150,1
T4,3,0,61,2
T5,4,1,200,2
[268]
T1,0,1,125,2
T2,1,1,170,6
T3,2,1,200,16
T4,3,0,45,2
T5,4,1,121,8
[269]
T1,0,1,200,2
T2,1,0,20,2
T3,2,1,141,12
T4,3,1,168,15
T5,4,1,64,2
[270]
T1,0,0,112,2
T2,1,0,25,1
T3,2,1,200,6
T4,3,0,195,2
T5,4,0,131,12
[271]
T1,0,0,88,2
T2,1,1,200,26
T3,2,1,34,2
T4,3,1,182,3
T5,4,0,60,2
[272]
T1,0,1,160,4
T2,1,1,77,4
T3,2,0,27,1
T4,3,0,124,2
T5,4,0,200,8
[273]
T1,0,0,64,2
T2,1,0,184,8
T3,2,1,46,2
T4,3,1,200,9
T5,4,0,129,11
[274]
T1,0,0,200,17
T2,1,1,43,2
T3,2,0,129,9
T4,3,1,180,3
T5,4,1,131,2
[275]
T1,0,1,105,6
T2,1,1,174,3
T3,2,0,48,2
T4,3,1,200,1
T5,4,0,92,5
[276]
T1,0,0,75,4
T2,1,1,40,2
T3,2,1,164,1
T4,3,1,142,7
T5,4,1,200,10
[277]
T1,0,0,200,11
T2,1,1,176,2
T3,2,0,36,2
T4,3,1,110,5
T5,4,0,90,5
[278]
T1,0,0,188,4
T2,1,0,40,1
T3,2,0,87,3
T4,3,1,200,15
T5,4,0,99,1
[279]
T1,0,1,167,13
T2,1,1,50,2
T3,2,1,106,2
T4,3,0,200,6
T5,4,0,84,2
[280]
T1,0,0,120,15
T2,1,1,102,2
T3,2,0,31,2
T4,3,1,200,4
T5,4,1,155,4
[281]
T1,0,0,178,4
T2,1,0,200,2
T3,2,1,40,1
T4,3,0,72,1
T5,4,1,120,12
[282]
T1,0,0,84,2
T2,1,1,30,2
T3,2,1,61,1
T4,3,1,200,15
T5,4,1,186,13
[283]
T1,0,1,142,2
T2,1,1,200,23
T3,2,1,160,2
T4,3,1,35,2
T5,4,0,104,3
[284]
T1,0,0,89,2
T2,1,0,42,2
T3,2,1,200,19
T4,3,1,178,5
T5,4,0,96,4
[285]
T1,0,1,25,2
T2,1,1,129,12
T3,2,1,192,5
T4,3,1,200,6
T5,4,0,127,3
[286]
T1,0,0,120,5
T2,1,0,55,3
T3,2,0,200,15
T4,3,0,22,2
T5,4,0,152,1
[287]
T1,0,0,136,2
T2,1,0,200,14
T3,2,0,65,3
T4,3,1,195,5
T5,4,1,30,2
[288]
T1,0,1,200,6
T2,1,0,150,2
T3,2,1,30,2
T4,3,1,133,7
T5,4,0,124,10
[289]
T1,0,1,200,2
T2,1,1,85,1
T3,2,1,140,15
T4,3,1,21,2
T5,4,1,168,2
[290]
T1,0,1,200,9
T2,1,0,70,3
T3,2,0,137,2
T4,3,0,171,8
T5,4,0,30,1
[291]
T1,0,0,36,2
T2,1,1,54,8
T3,2,1,171,3
T4,3,0,200,2
T5,4,1,135,2
[292]
T1,0,0,67,2
T2,1,1,164,7
T3,2,0,41,3
T4,3,0,125,1
T5,4,1,200,6
[293]
T1,0,0,200,11
T2,1,1,107,1
T3,2,0,198,12
T4,3,0,94,2
T5,4,1,36,1
[294]
T1,0,1,117,4
T2,1,0,33,2
T3,2,0,200,12
T4,3,0,195,16
T5,4,0,74,1
[295]
T1,0,1,121,1
T2,1,1,189,8
T3,2,1,200,13
T4,3,1,60,2
T5,4,0,38,2
[296]
T1,0,1,185,10
T2,1,0,200,9
T3,2,1,103,6
T4,3,1,78,2
T5,4,1,37,1
[297]
T1,0,0,200,7
T2,1,0,86,2
T3,2,1,142,15
T4,3,1,30,2
T5,4,1,184,2
[298]
T1,0,1,134,6
T2,1,1,22,1
T3,2,1,189,17
T4,3,1,140,2
T5,4,1,200,2
[299]
T1,0,1,64,1
T2,1,1,200,5
T3,2,0,25,2
T4,3,1,132,12
T5,4,1,185,5
[300]
T1,0,1,200,10
T2,1,1,154,2
T3,2,1,59,2
T4,3,0,50,3
T5,4,0,104,6
[301]
T1,0,1,70,2
T2,1,1,200,11
T3,2,1,197,4
T4,3,0,73,5
T5,4,0,35,1
[302]
T1,0,1,195,7
T2,1,1,77,2
T3,2,1,200,16
T4,3,1,45,2
T5,4,0,90,6
[303]
T1,0,0,42,2
T2,1,0,200,10
T3,2,0,119,3
T4,3,1,170,2
T5,4,1,102,10
[304]
T1,0,0,100,2
T2,1,1,192,12
T3,2,1,200,7
T4,3,0,51,2
T5,4,0,143,4
[305]
T1,0,1,50,5
T2,1,0,63,2
T3,2,1,200,3
T4,3,0,72,2
T5,4,0,163,11
[306]
T1,0,0,192,12
T2,1,1,105,4
T3,2,1,28,1
T4,3,0,200,6
T5,4,1,136,2
[307]
T1,0,0,200,15
T2,1,0,132,2
T3,2,1,162,7
T4,3,0,24,2
T5,4,1,98,6
[308]
T1,0,1,197,1
T2,1,1,20,2
T3,2,1,134,12
T4,3,1,200,5
T5,4,1,96,4
[309]
T1,0,0,30,2
T2,1,1,135,11
T3,2,1,148,5
T4,3,1,99,3
T5,4,0,200,2
[310]
T1,0,1,188,6
T2,1,1,36,1
T3,2,0,64,2
T4,3,0,200,8
T5,4,0,75,5
[311]
T1,0,0,84,6
T2,1,1,200,2
T3,2,0,171,8
T4,3,1,27,2
T5,4,0,105,5
[312]
T1,0,1,132,7
T2,1,1,200,3
T3,2,0,105,4
T4,3,0,153,1
T5,4,1,35,2
[313]
T1,0,0,155,1
T2,1,1,105,16
T3,2,0,71,2
T4,3,0,200,1
T5,4,0,25,2
[314]
T1,0,1,200,11
T2,1,0,56,3
T3,2,0,167,4
T4,3,1,52,1
T5,4,1,100,3
[315]
T1,0,0,52,4
T2,1,1,89,3
T3,2,1,200,1
T4,3,1,140,1
T5,4,1,160,7
[316]
T1,0,0,160,2
T2,1,0,24,2
T3,2,1,118,6
T4,3,0,144,1
T5,4,0,200,19
[317]
T1,0,1,116,3
T2,1,0,200,8
T3,2,1,117,2
T4,3,1,169,2
T5,4,0,40,4
[318]
T1,0,0,40,1
T2,1,0,178,7
T3,2,0,200,1
T4,3,1,136,11
T5,4,0,137,5
[319]
T1,0,0,85,3
T2,1,0,200,10
T3,2,1,34,1
T4,3,1,108,3
T5,4,0,163,5
[320]
T1,0,0,200,3
T2,1,0,98,12
T3,2,1,45,2
T4,3,1,95,1
T5,4,0,170,3
[321]
T1,0,0,126,12
T2,1,1,200,1
T3,2,1,95,3
T4,3,0,180,3
T5,4,0,20,2
[322]
T1,0,1,129,2
T2,1,1,200,22
T3,2,0,55,1
T4,3,1,177,5
T5,4,1,33,2
[323]
T1,0,1,55,2
T2,1,1,72,3
T3,2,1,200,7
T4,3,0,176,16
T5,4,0,30,2
[324]
T1,0,1,153,1
T2,1,0,145,4
T3,2,1,48,1
T4,3,1,88,3
T5,4,0,200,19
[325]
T1,0,1,20,2
T2,1,0,200,1
T3,2,0,147,5
T4,3,1,139,4
T5,4,1,110,13
[326]
T1,0,0,200,3
T2,1,0,148,14
T3,2,1,109,7
T4,3,1,89,2
T5,4,1,25,2
[327]
T1,0,0,200,3
T2,1,1,36,2
T3,2,0,120,1
T4,3,1,182,17
T5,4,1,88,6
[328]
T1,0,0,114,2
T2,1,0,20,2
T3,2,1,174,5
T4,3,0,200,25
T5,4,1,73,2
[329]
T1,0,0,158,4
T2,1,0,145,12
T3,2,1,200,6
T4,3,0,38,2
T5,4,1,79,2
[330]
T1,0,0,200,1
T2,1,1,65,3
T3,2,1,26,2
T4,3,1,92,9
T5,4,0,174,2
[331]
T1,0,1,33,2
T2,1,0,200,8
T3,2,1,144,15
T4,3,0,160,3
T5,4,0,115,3
[332]
T1,0,1,32,1
T2,1,1,165,11
T3,2,0,200,10
T4,3,0,144,1
T5,4,1,67,1
[333]
T1,0,1,89,8
T2,1,1,200,2
T3,2,1,170,9
T4,3,1,53,2
T5,4,0,125,3
[334]
T1,0,0,102,2
T2,1,1,126,3
T3,2,0,40,3
T4,3,0,180,1
T5,4,1,200,8
[335]
T1,0,0,31,1
T2,1,0,73,2
T3,2,0,102,2
T4,3,0,200,13
T5,4,1,155,6
[336]
T1,0,1,200,3
T2,1,0,58,4
T3,2,0,195,5
T4,3,0,111,7
T5,4,1,24,2
[337]
T1,0,0,79,2
T2,1,1,82,1
T3,2,1,200,10
T4,3,0,30,2
T5,4,0,195,9
[338]
T1,0,0,192,5
T2,1,0,55,2
T3,2,0,27,2
T4,3,0,72,8
T5,4,0,200,3
[339]
T1,0,1,78,2
T2,1,1,200,1
T3,2,1,24,2
T4,3,0,186,20
T5,4,0,100,2
[340]
T1,0,0,66,2
T2,1,0,200,2
T3,2,0,85,9
T4,3,0,50,2
T5,4,1,149,8
[341]
T1,0,0,200,16
T2,1,0,98,2
T3,2,1,43,2
T4,3,1,174,1
T5,4,1,58,4
[342]
T1,0,0,70,2
T2,1,1,148,14
T3,2,1,200,11
T4,3,0,103,2
T5,4,0,32,2
[343]
T1,0,1,200,3
T2,1,1,128,3
T3,2,1,44,2
T4,3,0,132,6
T5,4,1,194,11
[344]
T1,0,0,200,8
T2,1,0,189,10
T3,2,0,49,3
T4,3,0,128,1
T5,4,1,60,2
[345]
T1,0,1,200,5
T2,1,0,75,4
T3,2,0,101,2
T4,3,0,163,3
T5,4,1,45,3
[346]
T1,0,0,188,7
T2,1,0,107,2
T3,2,0,50,2
T4,3,1,200,24
T5,4,1,125,4
[347]
T1,0,0,26,2
T2,1,1,200,4
T3,2,1,162,2
T4,3,1,100,2
T5,4,0,106,14
[348]
T1,0,1,106,2
T2,1,0,150,5
T3,2,1,90,2
T4,3,0,200,4
T5,4,1,45,4
[349]
T1,0,0,200,10
T2,1,0,50,2
T3,2,1,80,9
T4,3,0,100,2
T5,4,1,187,2
[350]
T1,0,0,156,3
T2,1,1,96,4
T3,2,0,107,5
T4,3,1,22,2
T5,4,0,200,11
[351]
T1,0,1,96,3
T2,1,1,95,8
T3,2,1,200,2
T4,3,0,158,5
T5,4,0,30,1
[352]
T1,0,1,126,11
T2,1,1,200,4
T3,2,0,195,3
T4,3,0,134,6
T5,4,1,21,2
[353]
T1,0,1,30,2
T2,1,1,128,1
T3,2,1,174,2
T4,3,0,200,32
T5,4,1,111,1
[354]
T1,0,0,101,2
T2,1,0,81,2
T3,2,1,175,14
T4,3,0,200,2
T5,4,0,24,1
[355]
T1,0,1,140,8
T2,1,0,113,2
T3,2,1,164,2
T4,3,0,200,6
T5,4,0,20,1
[356]
T1,0,1,87,3
T2,1,1,190,9
T3,2,0,200,3
T4,3,0,33,1
T5,4,1,105,5
[357]
T1,0,0,122,1
T2,1,1,125,5
T3,2,0,189,9
T4,3,1,30,2
T5,4,0,200,14
[358]
T1,0,1,187,16
T2,1,1,143,3
T3,2,1,200,9
T4,3,1,122,4
T5,4,1,40,2
[359]
T1,0,0,200,9
T2,1,0,100,9
T3,2,0,165,1
T4,3,0,62,2
T5,4,0,40,1
[360]
T1,0,0,200,19
T2,1,0,195,9
T3,2,1,120,2
T4,3,1,74,2
T5,4,0,52,2
[361]
T1,0,0,115,2
T2,1,0,200,2
T3,2,0,50,2
T4,3,0,149,1
T5,4,1,142,23
[362]
T1,0,1,200,2
T2,1,1,100,4
T3,2,0,30,2
T4,3,1,175,1
T5,4,1,110,5
[363]
T1,0,0,80,1
T2,1,0,144,1
T3,2,1,190,5
T4,3,1,25,1
T5,4,0,200,17
[364]
T1,0,1,26,2
T2,1,1,124,2
T3,2,1,200,7
T4,3,0,195,4
T5,4,1,73,7
[365]
T1,0,1,21,1
T2,1,1,180,4
T3,2,0,67,2
T4,3,1,200,7
T5,4,0,62,3
[366]
T1,0,1,42,1
T2,1,0,72,4
T3,2,1,60,1
T4,3,0,200,12
T5,4,1,168,1
[367]
T1,0,1,40,1
T2,1,1,200,9
T3,2,0,94,3
T4,3,1,80,1
T5,4,0,184,14
[368]
T1,0,0,179,2
T2,1,1,200,5
T3,2,0,122,4
T4,3,0,72,3
T5,4,0,36,2
[369]
T1,0,0,200,2
T2,1,1,147,1
T3,2,0,28,1
T4,3,0,150,4
T5,4,0,136,10
[370]
T1,0,1,132,1
T2,1,1,171,7
T3,2,0,200,7
T4,3,1,54,4
T5,4,1,36,1
[371]
T1,0,0,183,3
T2,1,0,40,2
T3,2,1,58,2
T4,3,1,200,5
T5,4,1,90,11
[372]
T1,0,0,159,2
T2,1,0,200,1
T3,2,0,96,2
T4,3,1,25,1
T5,4,1,62,6
[373]
T1,0,1,105,2
T2,1,1,200,7
T3,2,1,30,1
T4,3,0,152,7
T5,4,1,86,4
[374]
T1,0,1,21,2
T2,1,1,170,9
T3,2,0,85,2
T4,3,1,200,6
T5,4,1,123,8
[375]
T1,0,1,111,4
T2,1,0,150,7
T3,2,1,27,2
T4,3,0,200,9
T5,4,0,93,4
[376]
T1,0,0,69,2
T2,1,0,200,6
T3,2,1,156,11
T4,3,0,102,2
T5,4,0,26,1
[377]
T1,0,0,80,2
T2,1,1,100,12
T3,2,0,49,2
T4,3,1,200,2
T5,4,1,184,1
[378]
T1,0,1,24,2
T2,1,1,70,1
T3,2,0,143,2
T4,3,0,162,17
T5,4,1,200,6
[379]
T1,0,0,200,1
T2,1,0,182,13
T3,2,1,56,2
T4,3,1,52,2
T5,4,0,86,2
[380]
T1,0,1,30,2
T2,1,1,72,1
T3,2,1,200,1
T4,3,1,169,17
T5,4,0,56,2
[381]
T1,0,1,60,1
T2,1,0,128,3
T3,2,1,46,6
T4,3,0,200,2
T5,4,0,192,2
[382]
T1,0,1,100,2
T2,1,1,161,1
T3,2,0,106,7
T4,3,1,200,7
T5,4,1,22,1
[383]
T1,0,0,200,14
T2,1,1,70,1
T3,2,1,40,2
T4,3,0,195,6
T5,4,0,135,7
[384]
T1,0,1,174,7
T2,1,1,200,5
T3,2,0,20,1
T4,3,0,111,3
T5,4,0,140,2
[385]
T1,0,0,46,2
T2,1,0,167,2
T3,2,0,62,5
T4,3,1,200,2
T5,4,1,100,5
[386]
T1,0,0,138,16
T2,1,1,38,2
T3,2,0,120,1
T4,3,1,200,11
T5,4,1,189,2
[387]
T1,0,1,178,9
T2,1,0,136,5
T3,2,0,200,1
T4,3,0,58,2
T5,4,0,20,1
[388]
T1,0,1,175,4
T2,1,1,86,2
T3,2,0,82,2
T4,3,0,41,2
T5,4,1,200,9
[389]
T1,0,0,109,4
T2,1,1,200,7
T3,2,0,165,2
T4,3,1,45,1
T5,4,0,100,10
[390]
T1,0,1,75,2
T2,1,0,171,14
T3,2,1,138,1
T4,3,0,32,1
T5,4,0,200,6
[391]
T1,0,0,102,7
T2,1,0,40,3
T3,2,0,200,3
T4,3,1,82,1
T5,4,0,159,2
[392]
T1,0,0,190,3
T2,1,1,126,4
T3,2,1,200,11
T4,3,0,143,11
T5,4,0,45,2
[393]
T1,0,0,107,4
T2,1,0,50,1
T3,2,0,200,12
T4,3,1,90,4
T5,4,1,184,3
[394]
T1,0,0,60,5
T2,1,1,97,2
T3,2,0,167,11
T4,3,1,40,2
T5,4,0,200,4
[395]
T1,0,1,59,2
T2,1,0,34,2
T3,2,1,200,6
T4,3,0,75,2
T5,4,1,189,9
[396]
T1,0,1,177,7
T2,1,0,102,3
T3,2,1,57,4
T4,3,0,200,3
T5,4,1,50,1
[397]
T1,0,1,21,2
T2,1,0,62,2
T3,2,0,108,7
T4,3,0,200,7
T5,4,1,196,9
[398]
T1,0,0,200,27
T2,1,0,127,2
T3,2,0,152,2
T4,3,0,50,1
T5,4,0,126,2
[399]
T1,0,1,20,1
T2,1,0,200,9
T3,2,0,194,3
T4,3,0,84,3
T5,4,1,107,1
[400]
T1,0,1,142,5
T2,1,1,200,20
T3,2,1,184,8
T4,3,1,138,2
T5,4,1,46,2
[401]
T1,0,0,142,2
T2,1,1,160,1
T3,2,0,200,28
T4,3,0,129,6
T5,4,1,36,2
[402]
T1,0,1,70,1
T2,1,0,40,1
T3,2,0,103,6
T4,3,1,200,9
T5,4,1,152,6
[403]
T1,0,1,140,2
T2,1,1,21,2
T3,2,0,121,8
T4,3,0,200,11
T5,4,1,148,2
[404]
T1,0,0,50,2
T2,1,1,64,3
T3,2,0,190,3
T4,3,1,110,7
T5,4,1,200,9
[405]
T1,0,0,33,1
T2,1,1,130,6
T3,2,1,200,2
T4,3,1,195,2
T5,4,1,98,10
[406]
T1,0,1,200,6
T2,1,1,74,2
T3,2,1,104,2
T4,3,0,155,18
T5,4,1,25,1
[407]
T1,0,1,52,7
T2,1,0,152,2
T3,2,1,200,2
T4,3,1,144,7
T5,4,0,130,2
[408]
T1,0,1,76,4
T2,1,1,40,2
T3,2,0,78,2
T4,3,1,200,8
T5,4,0,188,8
[409]
T1,0,0,77,2
T2,1,0,26,1
T3,2,1,156,6
T4,3,1,200,4
T5,4,1,112,4
[410]
T1,0,1,26,2
T2,1,1,182,3
T3,2,0,145,2
T4,3,0,200,3
T5,4,1,128,7
[411]
T1,0,1,78,2
T2,1,1,150,15
T3,2,1,23,1
T4,3,1,69,1
T5,4,0,200,3
[412]
T1,0,0,97,1
T2,1,1,200,10
T3,2,1,25,2
T4,3,1,158,3
T5,4,0,82,1
[413]
T1,0,1,168,4
T2,1,0,117,2
T3,2,1,200,8
T4,3,1,133,13
T5,4,0,36,1
[414]
T1,0,0,200,7
T2,1,1,99,2
T3,2,1,176,12
T4,3,0,121,8
T5,4,1,32,2
[415]
T1,0,1,78,2
T2,1,0,150,6
T3,2,1,47,2
T4,3,1,108,5
T5,4,1,200,14
[416]
T1,0,1,180,9
T2,1,1,133,3
T3,2,1,23,1
T4,3,1,200,2
T5,4,1,75,3
[417]
T1,0,1,46,3
T2,1,1,100,6
T3,2,1,200,2
T4,3,0,159,4
T5,4,0,92,2
[418]
T1,0,0,129,4
T2,1,0,200,8
T3,2,0,40,2
T4,3,0,150,13
T5,4,0,69,2
[419]
T1,0,0,200,3
T2,1,1,196,2
T3,2,0,20,2
T4,3,1,91,2
T5,4,0,103,11
[420]
T1,0,0,50,2
T2,1,0,200,1
T3,2,0,104,5
T4,3,1,132,7
T5,4,0,186,15
[421]
T1,0,0,113,6
T2,1,0,20,2
T3,2,1,71,1
T4,3,1,190,14
T5,4,1,200,6
[422]
T1,0,0,150,7
T2,1,0,110,2
T3,2,1,44,1
T4,3,1,130,11
T5,4,0,200,2
[423]
T1,0,0,200,4
T2,1,0,196,3
T3,2,1,90,10
T4,3,0,49,2
T5,4,1,94,3
[424]
T1,0,0,105,2
T2,1,0,112,4
T3,2,0,48,2
T4,3,0,200,5
T5,4,1,154,14
[425]
T1,0,0,105,9
T2,1,1,28,2
T3,2,0,54,3
T4,3,1,200,3
T5,4,0,149,2
[426]
T1,0,1,63,1
T2,1,1,94,8
T3,2,1,33,2
T4,3,0,200,2
T5,4,0,188,12
[427]
T1,0,0,200,9
T2,1,1,138,5
T3,2,1,165,1
T4,3,0,130,1
T5,4,1,33,2
[428]
T1,0,0,200,5
T2,1,1,148,1
T3,2,0,100,2
T4,3,1,139,8
T5,4,0,45,3
[429]
T1,0,1,98,4
T2,1,0,158,2
T3,2,1,200,23
T4,3,1,50,1
T5,4,0,122,2
[430]
T1,0,1,99,4
T2,1,1,33,2
T3,2,1,200,3
T4,3,1,168,2
T5,4,0,99,5
[431]
T1,0,0,192,7
T2,1,1,138,4
T3,2,0,200,5
T4,3,1,22,1
T5,4,1,96,3
[432]
T1,0,1,91,2
T2,1,0,150,5
T3,2,1,200,20
T4,3,0,82,2
T5,4,0,20,2
[433]
T1,0,1,41,1
T2,1,1,144,3
T3,2,1,164,1
T4,3,1,122,4
T5,4,1,200,15
[434]
T1,0,1,37,4
T2,1,0,180,3
T3,2,0,200,8
T4,3,0,85,2
T5,4,1,66,1
[435]
T1,0,1,200,17
T2,1,0,153,5
T3,2,1,70,3
T4,3,1,58,1
T5,4,0,25,2
[436]
T1,0,0,60,2
T2,1,0,200,11
T3,2,1,152,3
T4,3,1,21,2
T5,4,1,125,1
[437]
T1,0,0,25,2
T2,1,0,200,25
T3,2,1,113,2
T4,3,0,98,3
T5,4,0,152,2
[438]
T1,0,1,200,6
T2,1,0,183,2
T3,2,0,23,2
T4,3,0,144,6
T5,4,1,60,5
[439]
T1,0,1,159,5
T2,1,1,124,5
T3,2,0,25,1
T4,3,0,200,12
T5,4,1,84,2
[440]
T1,0,0,20,2
T2,1,1,155,3
T3,2,0,200,15
T4,3,1,134,9
T5,4,1,89,2
[441]
T1,0,0,78,2
T2,1,1,40,1
T3,2,0,200,14
T4,3,0,176,5
T5,4,0,101,3
[442]
T1,0,1,175,3
T2,1,0,200,12
T3,2,0,45,2
T4,3,1,95,9
T5,4,1,133,1
[443]
T1,0,1,75,5
T2,1,1,103,1
T3,2,1,25,2
T4,3,0,180,11
T5,4,1,200,7
[444]
T1,0,0,178,1
T2,1,0,28,2
T3,2,0,200,28
T4,3,1,89,2
T5,4,1,64,2
[445]
T1,0,1,195,6
T2,1,1,27,2
T3,2,1,56,1
T4,3,0,137,7
T5,4,0,200,12
[446]
T1,0,0,52,4
T2,1,1,168,4
T3,2,1,200,10
T4,3,1,104,1
T5,4,1,109,2
[447]
T1,0,0,55,4
T2,1,0,200,8
T3,2,0,176,1
T4,3,1,107,2
T5,4,0,32,1
[448]
T1,0,0,196,1
T2,1,1,83,2
T3,2,0,72,2
T4,3,0,200,14
T5,4,0,21,1
[449]
T1,0,1,117,9
T2,1,1,27,1
T3,2,0,150,2
T4,3,1,61,3
T5,4,0,200,1
[450]
T1,0,1,172,2
T2,1,0,200,20
T3,2,1,84,1
T4,3,1,25,1
T5,4,0,89,1
[451]
T1,0,0,154,3
T2,1,0,55,2
T3,2,1,200,12
T4,3,0,118,11
T5,4,1,21,2
[452]
T1,0,1,24,2
T2,1,1,121,2
T3,2,0,92,4
T4,3,0,162,9
T5,4,0,200,13
[453]
T1,0,0,44,2
T2,1,0,154,3
T3,2,1,200,11
T4,3,0,66,2
T5,4,1,59,3
[454]
T1,0,1,20,1
T2,1,1,168,1
T3,2,0,71,1
T4,3,0,68,5
T5,4,1,200,7
[455]
T1,0,1,100,2
T2,1,1,129,16
T3,2,0,200,4
T4,3,1,26,2
T5,4,1,179,1
[456]
T1,0,0,125,7
T2,1,0,172,11
T3,2,0,55,3
T4,3,0,200,1
T5,4,0,38,2
[457]
T1,0,1,130,3
T2,1,0,165,1
T3,2,1,45,2
T4,3,1,200,4
T5,4,1,125,16
[458]
T1,0,1,100,4
T2,1,0,173,12
T3,2,1,36,2
T4,3,0,200,4
T5,4,0,70,4
[459]
T1,0,0,192,2
T2,1,1,100,3
T3,2,0,33,1
T4,3,1,200,20
T5,4,0,64,1
[460]
T1,0,0,75,1
T2,1,1,36,1
T3,2,0,200,3
T4,3,1,79,4
T5,4,1,154,7
[461]
T1,0,1,75,4
T2,1,1,75,2
T3,2,1,42,2
T4,3,0,183,13
T5,4,0,200,1
[462]
T1,0,1,150,14
T2,1,0,80,2
T3,2,1,81,6
T4,3,0,20,2
T5,4,0,200,1
[463]
T1,0,0,34,1
T2,1,0,200,17
T3,2,1,88,2
T4,3,0,74,3
T5,4,1,165,5
[464]
T1,0,1,58,2
T2,1,0,56,2
T3,2,1,192,7
T4,3,0,200,11
T5,4,1,38,3
[465]
T1,0,1,198,9
T2,1,0,140,5
T3,2,1,200,6
T4,3,0,30,1
T5,4,1,137,6
[466]
T1,0,1,91,2
T2,1,0,200,13
T3,2,0,60,2
T4,3,1,20,2
T5,4,1,157,1
[467]
T1,0,1,149,2
T2,1,0,120,6
T3,2,0,35,2
T4,3,0,200,20
T5,4,0,147,2
[468]
T1,0,0,133,2
T2,1,0,84,2
T3,2,1,200,10
T4,3,1,176,9
T5,4,1,35,2
[469]
T1,0,1,182,2
T2,1,0,200,2
T3,2,1,78,3
T4,3,1,34,2
T5,4,0,130,16
[470]
T1,0,1,36,1
T2,1,0,200,19
T3,2,1,175,1
T4,3,0,74,2
T5,4,1,124,1
[471]
T1,0,1,200,6
T2,1,1,64,2
T3,2,1,152,11
T4,3,1,28,2
T5,4,0,98,3
[472]
T1,0,1,40,4
T2,1,1,132,2
T3,2,1,200,10
T4,3,0,185,2
T5,4,1,121,2
[473]
T1,0,0,58,2
T2,1,1,56,2
T3,2,1,200,4
T4,3,1,48,2
T5,4,1,192,15
[474]
T1,0,1,44,2
T2,1,1,150,2
T3,2,1,200,4
T4,3,0,147,11
T5,4,1,78,7
[475]
T1,0,1,196,26
T2,1,0,200,4
T3,2,0,85,2
T4,3,1,99,1
T5,4,1,24,2
[476]
T1,0,0,56,4
T2,1,1,175,6
T3,2,1,200,6
T4,3,1,41,2
T5,4,1,75,2
[477]
T1,0,0,106,1
T2,1,0,42,2
T3,2,1,159,15
T4,3,0,90,1
T5,4,0,200,11
[478]
T1,0,1,50,1
T2,1,1,200,17
T3,2,1,58,2
T4,3,1,160,5
T5,4,0,91,3
[479]
T1,0,1,40,2
T2,1,0,160,8
T3,2,1,200,8
T4,3,1,142,8
T5,4,1,95,2
[480]
T1,0,0,200,6
T2,1,0,140,15
T3,2,1,22,2
T4,3,0,91,4
T5,4,1,189,2
[481]
T1,0,1,132,8
T2,1,1,200,9
T3,2,0,149,2
T4,3,0,50,3
T5,4,0,107,2
[482]
T1,0,0,91,1
T2,1,0,200,3
T3,2,0,77,5
T4,3,0,192,14
T5,4,0,52,1
[483]
T1,0,0,76,2
T2,1,0,171,9
T3,2,1,51,2
T4,3,1,200,3
T5,4,0,94,6
[484]
T1,0,1,47,2
T2,1,1,76,6
T3,2,0,147,1
T4,3,0,190,12
T5,4,1,200,6
[485]
T1,0,0,200,10
T2,1,1,72,2
T3,2,0,54,3
T4,3,0,77,3
T5,4,0,192,2
[486]
T1,0,0,25,2
T2,1,0,68,2
T3,2,0,92,9
T4,3,0,200,6
T5,4,0,165,8
[487]
T1,0,0,120,1
T2,1,1,200,16
T3,2,1,27,2
T4,3,0,123,2
T5,4,0,152,9
[488]
T1,0,0,148,3
T2,1,0,50,1
T3,2,1,104,2
T4,3,1,122,7
T5,4,0,200,15
[489]
T1,0,1,200,5
T2,1,0,84,2
T3,2,1,136,2
T4,3,0,185,5
T5,4,0,32,4
[490]
T1,0,0,150,10
T2,1,1,50,2
T3,2,1,200,2
T4,3,1,145,6
T5,4,0,142,11
[491]
T1,0,0,200,1
T2,1,1,141,8
T3,2,0,179,3
T4,3,1,40,3
T5,4,1,120,3
[492]
T1,0,0,200,2
T2,1,0,198,4
T3,2,1,123,7
T4,3,0,28,2
T5,4,0,63,1
[493]
T1,0,0,146,10
T2,1,1,168,9
T3,2,0,116,2
T4,3,1,48,2
T5,4,0,200,9
[494]
T1,0,1,40,1
T2,1,0,184,8
T3,2,0,200,11
T4,3,1,90,2
T5,4,1,77,1
[495]
T1,0,0,80,2
T2,1,1,200,16
T3,2,1,143,3
T4,3,1,184,2
T5,4,0,37,2
[496]
T1,0,1,200,12
T2,1,0,155,1
T3,2,0,35,2
T4,3,1,117,6
T5,4,1,120,1
[497]
T1,0,1,200,2
T2,1,1,148,5
T3,2,1,110,11
T4,3,1,36,2
T5,4,1,94,3
[498]
T1,0,1,200,2
T2,1,0,60,2
T3,2,1,21,2
T4,3,0,89,7
T5,4,0,185,1
[499]
T1,0,1,48,1
T2,1,1,80,3
T3,2,1,66,2
T4,3,1,200,3
T5,4,1,174,16
[500]
T1,0,0,200,5
T2,1,1,128,7
T3,2,0,180,7
T4,3,1,87,2
T5,4,1,42,2
