num_task_per_taskset=5
num_taskset=500
//ID,Priority,Offset,Period,Execution Time
[1]
T1,0,0,200,15
T2,1,0,148,12
T3,2,1,24,1
T4,3,1,133,4
T5,4,1,105,5
[2]
T1,0,1,200,3
T2,1,1,54,4
T3,2,0,189,9
T4,3,1,46,3
T5,4,0,88,6
[3]
T1,0,1,200,9
T2,1,0,81,9
T3,2,1,40,2
T4,3,1,100,3
T5,4,1,172,17
[4]
T1,0,0,200,47
T2,1,1,88,1
T3,2,1,121,2
T4,3,1,50,2
T5,4,0,148,3
[5]
T1,0,0,85,8
T2,1,0,100,10
T3,2,0,35,2
T4,3,1,200,5
T5,4,1,163,2
[6]
T1,0,0,119,23
T2,1,0,200,2
T3,2,1,36,1
T4,3,1,56,2
T5,4,0,170,5
[7]
T1,0,1,64,1
T2,1,1,36,2
T3,2,1,200,2
T4,3,1,174,11
T5,4,1,99,12
[8]
T1,0,1,94,4
T2,1,1,200,2
T3,2,1,95,6
T4,3,1,160,6
T5,4,0,39,5
[9]
T1,0,0,60,3
T2,1,0,76,4
T3,2,1,22,2
T4,3,0,200,18
T5,4,1,150,11
[10]
T1,0,1,128,5
T2,1,1,200,13
T3,2,0,36,2
T4,3,1,152,22
T5,4,1,92,1
[11]
T1,0,0,124,5
T2,1,0,200,2
T3,2,1,24,1
T4,3,0,82,10
T5,4,0,170,13
[12]
T1,0,0,50,2
T2,1,1,65,2
T3,2,1,104,3
T4,3,1,200,4
T5,4,1,161,31
[13]
T1,0,0,180,2
T2,1,1,68,2
T3,2,0,34,2
T4,3,0,91,18
T5,4,1,200,4
[14]
T1,0,0,50,4
T2,1,0,138,5
T3,2,1,130,2
T4,3,1,200,12
T5,4,1,157,14
[15]
T1,0,0,27,2
T2,1,1,158,2
T3,2,1,132,20
T4,3,1,200,4
T5,4,0,100,7
[16]
T1,0,0,142,7
T2,1,0,200,29
T3,2,0,135,4
T4,3,1,54,1
T5,4,0,163,5
[17]
T1,0,1,139,2
T2,1,1,59,3
T3,2,0,200,10
T4,3,1,50,2
T5,4,1,170,24
[18]
T1,0,0,59,2
T2,1,0,185,19
T3,2,0,79,2
T4,3,0,37,2
T5,4,0,200,17
[19]
T1,0,1,50,2
T2,1,1,200,23
T3,2,1,124,4
T4,3,0,58,6
T5,4,1,184,3
[20]
T1,0,0,200,8
T2,1,0,162,9
T3,2,0,25,3
T4,3,0,88,6
T5,4,0,61,2
[21]
T1,0,0,130,25
T2,1,0,200,3
T3,2,1,93,2
T4,3,1,34,2
T5,4,0,195,6
[22]
T1,0,1,28,1
T2,1,0,68,5
T3,2,1,136,8
T4,3,1,200,2
T5,4,0,161,14
[23]
T1,0,1,200,20
T2,1,1,144,6
T3,2,0,44,2
T4,3,1,189,8
T5,4,0,89,3
[24]
T1,0,1,190,18
T2,1,1,94,9
T3,2,0,40,1
T4,3,0,200,10
T5,4,0,128,2
[25]
T1,0,0,200,7
T2,1,1,156,3
T3,2,0,84,18
T4,3,0,88,2
T5,4,1,50,2
[26]
T1,0,1,200,2
T2,1,0,43,3
T3,2,0,96,19
T4,3,0,175,2
T5,4,1,144,2
[27]
T1,0,0,23,2
T2,1,0,54,8
T3,2,1,77,5
T4,3,1,200,3
T5,4,1,180,1
[28]
T1,0,1,62,1
T2,1,0,121,3
T3,2,0,22,1
T4,3,0,200,26
T5,4,1,195,4
[29]
T1,0,0,128,9
T2,1,1,180,13
T3,2,1,200,10
T4,3,0,144,4
T5,4,0,50,3
[30]
T1,0,0,72,4
T2,1,0,174,29
T3,2,0,200,4
T4,3,0,65,2
T5,4,1,40,1
[31]
T1,0,0,152,2
T2,1,1,28,2
T3,2,0,134,15
T4,3,1,100,6
T5,4,0,200,5
[32]
T1,0,1,195,28
T2,1,0,52,1
T3,2,1,200,6
T4,3,0,74,6
T5,4,1,110,1
[33]
T1,0,1,39,2
T2,1,1,88,10
T3,2,1,63,4
T4,3,0,200,7
T5,4,1,156,9
[34]
T1,0,1,71,2
T2,1,0,200,9
T3,2,0,30,2
T4,3,0,147,2
T5,4,1,92,18
[35]
T1,0,0,24,1
T2,1,1,200,2
T3,2,1,139,13
T4,3,1,175,18
T5,4,1,87,1
[36]
T1,0,1,32,2
T2,1,0,200,15
T3,2,0,175,12
T4,3,1,104,5
T5,4,1,125,2
[37]
T1,0,0,24,2
T2,1,1,84,4
T3,2,1,123,6
T4,3,1,155,6
T5,4,0,200,25
[38]
T1,0,1,139,4
T2,1,1,200,12
T3,2,1,161,2
T4,3,0,69,3
T5,4,0,23,3
[39]
T1,0,0,55,1
T2,1,1,184,12
T3,2,1,200,12
T4,3,1,91,2
T5,4,0,35,4
[40]
T1,0,1,36,2
T2,1,1,127,22
T3,2,1,200,8
T4,3,0,176,9
T5,4,0,75,2
[41]
T1,0,1,70,2
T2,1,0,60,2
T3,2,1,48,5
T4,3,0,200,20
T5,4,0,195,1
[42]
T1,0,0,93,2
T2,1,1,20,3
T3,2,1,84,3
T4,3,1,200,2
T5,4,1,166,8
[43]
T1,0,0,200,25
T2,1,1,162,12
T3,2,1,96,2
T4,3,1,72,1
T5,4,1,33,1
[44]
T1,0,0,164,4
T2,1,1,40,7
T3,2,0,200,8
T4,3,1,103,2
T5,4,0,89,2
[45]
T1,0,0,32,2
T2,1,1,72,1
T3,2,0,200,13
T4,3,1,198,21
T5,4,1,94,6
[46]
T1,0,0,96,2
T2,1,1,45,4
T3,2,0,189,4
T4,3,0,71,4
T5,4,1,200,20
[47]
T1,0,1,120,10
T2,1,0,191,2
T3,2,1,75,10
T4,3,0,20,2
T5,4,0,200,12
[48]
T1,0,0,34,2
T2,1,0,180,24
T3,2,0,200,5
T4,3,1,94,3
T5,4,0,144,13
[49]
T1,0,1,92,5
T2,1,1,200,2
T3,2,1,153,7
T4,3,1,20,2
T5,4,1,116,4
[50]
T1,0,0,125,9
T2,1,0,27,1
T3,2,0,145,2
T4,3,1,200,22
T5,4,0,160,4
[51]
T1,0,1,184,7
T2,1,0,200,38
T3,2,0,50,2
T4,3,0,138,2
T5,4,0,101,1
[52]
T1,0,1,160,6
T2,1,0,111,11
T3,2,0,200,11
T4,3,0,54,1
T5,4,1,137,7
[53]
T1,0,1,195,42
T2,1,1,39,2
T3,2,1,140,4
T4,3,1,200,6
T5,4,0,91,2
[54]
T1,0,0,32,1
T2,1,0,195,27
T3,2,1,70,6
T4,3,1,200,1
T5,4,1,93,2
[55]
T1,0,0,48,7
T2,1,0,108,1
T3,2,0,64,4
T4,3,1,200,2
T5,4,1,166,9
[56]
T1,0,0,169,21
T2,1,0,200,2
T3,2,0,25,2
T4,3,0,65,3
T5,4,0,133,13
[57]
T1,0,1,36,1
T2,1,0,180,4
T3,2,1,200,5
T4,3,0,59,3
T5,4,1,91,13
[58]
T1,0,0,200,29
T2,1,1,98,5
T3,2,0,175,2
T4,3,0,80,1
T5,4,0,24,1
[59]
T1,0,0,200,8
T2,1,1,50,2
T3,2,1,187,9
T4,3,1,128,8
T5,4,1,103,7
[60]
T1,0,1,188,23
T2,1,1,94,6
T3,2,0,200,2
T4,3,0,32,2
T5,4,0,117,10
[61]
T1,0,1,101,3
T2,1,0,200,31
T3,2,0,137,1
T4,3,1,192,2
T5,4,0,30,2
[62]
T1,0,1,200,1
T2,1,1,103,11
T3,2,1,98,2
T4,3,1,21,3
T5,4,0,184,4
[63]
T1,0,0,46,5
T2,1,1,180,9
T3,2,1,107,9
T4,3,1,200,7
T5,4,1,115,1
[64]
T1,0,1,85,5
T2,1,1,192,2
T3,2,1,110,9
T4,3,1,48,3
T5,4,0,200,13
[65]
T1,0,0,200,2
T2,1,0,145,7
T3,2,1,198,5
T4,3,0,30,5
T5,4,1,142,3
[66]
T1,0,0,108,2
T2,1,0,30,2
T3,2,0,200,29
T4,3,1,99,2
T5,4,0,156,5
[67]
T1,0,1,149,23
T2,1,1,200,1
T3,2,0,91,10
T4,3,1,20,2
T5,4,0,132,2
[68]
T1,0,0,127,7
T2,1,1,72,1
T3,2,1,200,32
T4,3,0,20,2
T5,4,0,172,6
[69]
T1,0,1,24,2
T2,1,0,175,25
T3,2,1,135,8
T4,3,1,200,5
T5,4,1,128,4
[70]
T1,0,1,200,5
T2,1,1,84,7
T3,2,1,130,14
T4,3,1,182,4
T5,4,0,25,1
[71]
T1,0,0,180,6
T2,1,0,200,2
T3,2,0,44,3
T4,3,0,112,5
T5,4,0,136,18
[72]
T1,0,1,43,6
T2,1,0,160,2
T3,2,0,200,4
T4,3,0,58,4
T5,4,1,56,2
[73]
T1,0,1,40,1
T2,1,1,176,25
T3,2,0,63,1
T4,3,1,61,3
T5,4,1,200,6
[74]
T1,0,1,125,4
T2,1,0,164,3
T3,2,0,200,8
T4,3,0,147,22
T5,4,1,45,1
[75]
T1,0,0,194,3
T2,1,0,200,3
T3,2,0,32,3
T4,3,0,58,7
T5,4,1,56,2
[76]
T1,0,0,200,4
T2,1,1,100,7
T3,2,1,126,11
T4,3,1,189,16
T5,4,0,44,2
[77]
T1,0,1,200,27
T2,1,1,162,4
T3,2,1,38,3
T4,3,0,108,4
T5,4,0,62,2
[78]
T1,0,1,51,2
T2,1,1,153,4
T3,2,1,111,16
T4,3,0,200,17
T5,4,1,128,3
[79]
T1,0,0,86,1
T2,1,0,200,15
T3,2,1,180,7
T4,3,1,49,7
T5,4,1,126,2
[80]
T1,0,1,32,1
T2,1,1,190,8
T3,2,1,89,5
T4,3,0,76,3
T5,4,1,200,18
[81]
T1,0,1,200,12
T2,1,0,64,2
T3,2,0,21,1
T4,3,1,160,27
T5,4,0,73,2
[82]
T1,0,1,200,19
T2,1,1,133,5
T3,2,1,21,2
T4,3,1,102,2
T5,4,1,150,1
[83]
T1,0,1,200,1
T2,1,0,45,6
T3,2,1,132,7
T4,3,0,120,1
T5,4,0,196,13
[84]
T1,0,0,44,2
T2,1,0,200,12
T3,2,0,132,2
T4,3,1,152,19
T5,4,0,88,2
[85]
T1,0,0,73,1
T2,1,0,200,28
T3,2,0,195,3
T4,3,0,25,2
T5,4,0,127,4
[86]
T1,0,1,200,4
T2,1,1,42,3
T3,2,0,90,6
T4,3,1,136,7
T5,4,0,154,13
[87]
T1,0,0,110,1
T2,1,1,200,1
T3,2,0,71,2
T4,3,0,159,14
T5,4,1,44,6
[88]
T1,0,0,179,17
T2,1,1,200,9
T3,2,0,75,3
T4,3,1,24,2
T5,4,0,120,9
[89]
T1,0,0,147,10
T2,1,1,196,15
T3,2,1,36,2
T4,3,0,200,9
T5,4,1,75,3
[90]
T1,0,0,99,2
T2,1,1,88,23
T3,2,0,200,1
T4,3,0,40,2
T5,4,1,152,1
[91]
T1,0,1,81,9
T2,1,1,160,13
T3,2,0,138,8
T4,3,0,200,6
T5,4,1,34,2
[92]
T1,0,0,120,17
T2,1,1,162,6
T3,2,0,200,8
T4,3,1,35,2
T5,4,1,54,2
[93]
T1,0,0,50,7
T2,1,1,96,7
T3,2,1,191,2
T4,3,1,62,1
T5,4,0,200,11
[94]
T1,0,1,62,2
T2,1,0,48,4
T3,2,1,200,6
T4,3,1,136,2
T5,4,0,186,25
[95]
T1,0,1,168,2
T2,1,0,64,2
T3,2,0,28,3
T4,3,1,200,21
T5,4,0,140,6
[96]
T1,0,1,20,2
T2,1,0,200,14
T3,2,0,182,32
T4,3,0,87,2
T5,4,0,116,1
[97]
T1,0,0,70,13
T2,1,0,160,2
T3,2,1,200,5
T4,3,0,51,2
T5,4,0,86,3
[98]
T1,0,0,186,10
T2,1,1,124,2
T3,2,1,200,29
T4,3,1,61,3
T5,4,0,53,1
[99]
T1,0,0,130,1
T2,1,1,200,2
T3,2,1,175,22
T4,3,1,91,9
T5,4,1,46,1
[100]
T1,0,0,200,5
T2,1,1,85,2
T3,2,1,198,5
T4,3,1,97,12
T5,4,0,34,3
[101]
T1,0,1,88,2
T2,1,1,150,13
T3,2,1,200,9
T4,3,1,103,10
T5,4,1,24,2
[102]
T1,0,1,130,7
T2,1,0,200,4
T3,2,1,160,9
T4,3,0,64,1
T5,4,1,40,5
[103]
T1,0,1,192,1
T2,1,1,54,1
T3,2,1,200,10
T4,3,0,126,18
T5,4,0,104,6
[104]
T1,0,0,40,4
T2,1,0,195,28
T3,2,0,72,2
T4,3,1,200,2
T5,4,1,100,1
[105]
T1,0,1,99,14
T2,1,1,25,1
T3,2,0,160,1
T4,3,1,62,3
T5,4,0,200,7
[106]
T1,0,0,132,15
T2,1,1,24,2
T3,2,0,141,5
T4,3,0,170,8
T5,4,0,200,2
[107]
T1,0,0,26,2
T2,1,1,200,24
T3,2,0,128,1
T4,3,0,133,7
T5,4,0,182,5
[108]
T1,0,1,49,4
T2,1,1,182,8
T3,2,0,110,3
T4,3,0,80,2
T5,4,0,200,19
[109]
T1,0,1,99,2
T2,1,1,175,5
T3,2,0,200,11
T4,3,0,83,15
T5,4,1,20,2
[110]
T1,0,0,200,2
T2,1,1,25,4
T3,2,1,180,1
T4,3,1,122,1
T5,4,0,78,7
[111]
T1,0,0,80,5
T2,1,1,36,2
T3,2,1,170,8
T4,3,1,200,20
T5,4,1,83,5
[112]
T1,0,0,134,7
T2,1,1,150,5
T3,2,0,141,5
T4,3,0,46,1
T5,4,1,200,25
[113]
T1,0,1,55,5
T2,1,1,50,6
T3,2,0,93,2
T4,3,1,200,5
T5,4,0,150,3
[114]
T1,0,0,154,6
T2,1,0,21,1
T3,2,1,200,2
T4,3,1,130,5
T5,4,0,143,22
[115]
T1,0,1,124,12
T2,1,0,56,2
T3,2,0,180,22
T4,3,1,200,7
T5,4,1,54,1
[116]
T1,0,0,39,1
T2,1,0,165,11
T3,2,1,124,6
T4,3,0,200,25
T5,4,1,110,2
[117]
T1,0,0,200,15
T2,1,1,132,17
T3,2,1,66,5
T4,3,0,198,1
T5,4,0,21,2
[118]
T1,0,1,60,1
T2,1,0,54,9
T3,2,1,24,2
T4,3,0,200,13
T5,4,0,189,2
[119]
T1,0,0,200,4
T2,1,1,25,2
T3,2,0,84,10
T4,3,1,186,2
T5,4,1,113,8
[120]
T1,0,0,100,5
T2,1,0,112,2
T3,2,1,185,7
T4,3,1,200,3
T5,4,0,43,6
[121]
T1,0,1,56,4
T2,1,1,188,2
T3,2,0,96,2
T4,3,0,200,5
T5,4,0,25,3
[122]
T1,0,0,119,6
T2,1,0,72,6
T3,2,0,24,2
T4,3,1,200,20
T5,4,1,160,4
[123]
T1,0,0,116,1
T2,1,0,200,28
T3,2,1,126,11
T4,3,1,175,5
T5,4,0,26,2
[124]
T1,0,1,50,2
T2,1,0,163,18
T3,2,0,121,3
T4,3,0,200,10
T5,4,0,95,8
[125]
T1,0,0,195,33
T2,1,1,21,2
T3,2,0,200,9
T4,3,0,66,3
T5,4,0,102,1
[126]
T1,0,0,119,1
T2,1,1,170,30
T3,2,0,146,5
T4,3,1,28,1
T5,4,1,200,1
[127]
T1,0,1,156,10
T2,1,0,73,3
T3,2,0,200,17
T4,3,0,65,4
T5,4,0,26,2
[128]
T1,0,0,109,9
T2,1,1,132,18
T3,2,0,35,2
T4,3,0,200,1
T5,4,1,196,1
[129]
T1,0,0,36,2
T2,1,1,151,14
T3,2,0,68,2
T4,3,1,90,10
T5,4,0,200,14
[130]
T1,0,1,108,10
T2,1,0,200,19
T3,2,1,195,15
T4,3,1,32,2
T5,4,1,127,2
[131]
T1,0,0,26,1
T2,1,0,170,4
T3,2,1,113,2
T4,3,0,75,8
T5,4,0,200,16
[132]
T1,0,1,200,23
T2,1,0,132,7
T3,2,0,48,1
T4,3,0,174,2
T5,4,0,87,8
[133]
T1,0,1,170,9
T2,1,0,81,2
T3,2,0,100,8
T4,3,0,46,1
T5,4,1,200,20
[134]
T1,0,1,111,4
T2,1,0,101,4
T3,2,0,190,4
T4,3,1,50,9
T5,4,1,200,2
[135]
T1,0,1,192,5
T2,1,1,55,1
T3,2,1,74,11
T4,3,1,45,2
T5,4,0,200,15
[136]
T1,0,1,69,7
T2,1,1,69,2
T3,2,0,23,2
T4,3,0,200,1
T5,4,0,190,8
[137]
T1,0,0,128,4
T2,1,0,133,10
T3,2,1,200,8
T4,3,1,40,2
T5,4,0,199,16
[138]
T1,0,1,136,5
T2,1,0,88,8
T3,2,1,162,1
T4,3,0,40,5
T5,4,1,200,2
[139]
T1,0,1,84,12
T2,1,1,200,14
T3,2,0,28,1
T4,3,0,147,3
T5,4,1,84,2
[140]
T1,0,0,81,10
T2,1,1,75,2
T3,2,1,35,3
T4,3,0,200,3
T5,4,1,157,6
[141]
T1,0,1,200,23
T2,1,0,20,2
T3,2,0,98,1
T4,3,1,82,9
T5,4,1,164,2
[142]
T1,0,0,21,2
T2,1,0,84,7
T3,2,1,99,2
T4,3,1,170,26
T5,4,0,200,2
[143]
T1,0,1,38,3
T2,1,0,200,7
T3,2,1,98,4
T4,3,0,155,16
T5,4,1,75,1
[144]
T1,0,1,77,3
T2,1,1,65,10
T3,2,1,28,1
T4,3,0,192,1
T5,4,1,200,7
[145]
T1,0,0,64,1
T2,1,0,100,9
T3,2,0,44,1
T4,3,0,155,4
T5,4,1,200,23
[146]
T1,0,1,126,1
T2,1,0,83,1
T3,2,0,32,4
T4,3,0,175,2
T5,4,1,200,24
[147]
T1,0,1,49,2
T2,1,1,198,10
T3,2,0,126,5
T4,3,0,200,11
T5,4,0,56,7
[148]
T1,0,1,59,3
T2,1,1,180,3
T3,2,1,24,1
T4,3,0,107,1
T5,4,0,200,29
[149]
T1,0,1,180,3
T2,1,0,20,2
T3,2,1,200,27
T4,3,0,106,9
T5,4,1,55,3
[150]
T1,0,1,148,9
T2,1,1,55,2
T3,2,1,32,1
T4,3,0,95,14
T5,4,1,200,8
[151]
T1,0,0,102,11
T2,1,0,182,11
T3,2,1,26,2
T4,3,0,200,3
T5,4,1,64,2
[152]
T1,0,0,48,1
T2,1,0,154,2
T3,2,1,200,24
T4,3,1,112,3
T5,4,1,55,5
[153]
T1,0,1,75,4
T2,1,1,182,4
T3,2,1,28,2
T4,3,0,200,15
T5,4,0,110,3
[154]
T1,0,1,176,6
T2,1,0,200,14
T3,2,0,50,6
T4,3,0,69,2
T5,4,1,96,3
[155]
T1,0,1,146,3
T2,1,1,190,25
T3,2,1,25,2
T4,3,0,144,5
T5,4,0,200,14
[156]
T1,0,0,144,8
T2,1,0,27,1
T3,2,0,60,2
T4,3,0,200,9
T5,4,1,166,22
[157]
T1,0,1,195,8
T2,1,0,65,2
T3,2,0,200,1
T4,3,1,137,13
T5,4,0,29,3
[158]
T1,0,1,87,2
T2,1,0,21,2
T3,2,0,105,2
T4,3,1,177,22
T5,4,1,200,9
[159]
T1,0,1,200,10
T2,1,0,160,12
T3,2,0,26,1
T4,3,1,118,1
T5,4,1,54,5
[160]
T1,0,1,62,4
T2,1,1,200,1
T3,2,1,75,1
T4,3,1,152,13
T5,4,1,53,5
[161]
T1,0,0,147,20
T2,1,0,182,2
T3,2,0,200,25
T4,3,1,95,2
T5,4,0,28,2
[162]
T1,0,0,28,2
T2,1,0,150,20
T3,2,0,130,12
T4,3,1,69,2
T5,4,0,200,6
[163]
T1,0,1,200,11
T2,1,0,160,24
T3,2,0,64,1
T4,3,0,20,2
T5,4,1,93,3
[164]
T1,0,0,54,5
T2,1,0,130,9
T3,2,1,200,18
T4,3,1,165,4
T5,4,1,61,2
[165]
T1,0,0,200,14
T2,1,1,64,2
T3,2,1,80,1
T4,3,1,154,24
T5,4,1,45,2
[166]
T1,0,1,190,13
T2,1,0,104,2
T3,2,0,25,2
T4,3,0,64,1
T5,4,1,200,28
[167]
T1,0,1,143,1
T2,1,0,184,4
T3,2,0,87,15
T4,3,0,52,2
T5,4,1,200,5
[168]
T1,0,0,200,5
T2,1,0,70,1
T3,2,0,185,23
T4,3,1,36,1
T5,4,1,81,5
[169]
T1,0,0,152,2
T2,1,1,68,2
T3,2,1,119,16
T4,3,1,34,2
T5,4,0,200,22
[170]
T1,0,1,44,1
T2,1,0,200,6
T3,2,1,111,4
T4,3,0,160,11
T5,4,1,63,7
[171]
T1,0,1,125,2
T2,1,1,152,1
T3,2,1,46,6
T4,3,0,200,8
T5,4,0,146,15
[172]
T1,0,1,95,5
T2,1,1,105,6
T3,2,1,200,2
T4,3,0,50,5
T5,4,1,179,13
[173]
T1,0,1,65,2
T2,1,1,21,4
T3,2,0,117,2
T4,3,1,200,12
T5,4,1,175,1
[174]
T1,0,0,61,2
T2,1,1,52,3
T3,2,1,104,4
T4,3,1,189,4
T5,4,1,200,29
[175]
T1,0,0,24,1
T2,1,0,118,5
T3,2,1,169,6
T4,3,0,84,2
T5,4,1,200,28
[176]
T1,0,1,200,10
T2,1,0,90,9
T3,2,1,165,16
T4,3,1,68,1
T5,4,1,52,1
[177]
T1,0,1,173,8
T2,1,1,20,2
T3,2,0,200,5
T4,3,1,110,7
T5,4,1,96,1
[178]
T1,0,1,106,9
T2,1,1,53,5
T3,2,1,200,5
T4,3,0,114,8
T5,4,1,152,2
[179]
T1,0,0,133,2
T2,1,0,56,7
T3,2,0,39,3
T4,3,0,180,10
T5,4,1,200,2
[180]
T1,0,0,175,5
T2,1,1,63,6
T3,2,1,76,10
T4,3,0,200,2
T5,4,1,23,2
[181]
T1,0,1,80,4
T2,1,0,195,2
T3,2,1,200,20
T4,3,0,52,4
T5,4,0,143,5
[182]
T1,0,1,78,2
T2,1,0,85,8
T3,2,0,200,5
T4,3,0,175,12
T5,4,0,24,1
[183]
T1,0,0,127,2
T2,1,0,129,13
T3,2,1,33,2
T4,3,0,165,9
T5,4,0,200,8
[184]
T1,0,1,160,24
T2,1,0,117,4
T3,2,0,200,13
T4,3,0,35,2
T5,4,1,122,2
[185]
T1,0,0,32,2
T2,1,0,180,9
T3,2,1,200,9
T4,3,1,74,2
T5,4,0,145,23
[186]
T1,0,1,125,2
T2,1,0,156,5
T3,2,0,48,2
T4,3,0,200,11
T5,4,0,115,22
[187]
T1,0,0,75,7
T2,1,1,140,6
T3,2,1,36,4
T4,3,1,198,2
T5,4,1,200,2
[188]
T1,0,0,184,2
T2,1,1,23,1
T3,2,0,55,2
T4,3,0,200,13
T5,4,0,85,13
[189]
T1,0,0,77,1
T2,1,1,86,2
T3,2,0,25,2
T4,3,0,155,11
T5,4,1,200,16
[190]
T1,0,0,88,1
T2,1,0,104,9
T3,2,0,148,1
T4,3,1,35,2
T5,4,0,200,30
[191]
T1,0,0,62,3
T2,1,0,180,2
T3,2,1,200,3
T4,3,0,35,1
T5,4,0,67,11
[192]
T1,0,0,50,1
T2,1,0,73,13
T3,2,1,187,7
T4,3,0,200,6
T5,4,1,121,1
[193]
T1,0,0,175,26
T2,1,1,27,2
T3,2,0,200,8
T4,3,1,114,2
T5,4,1,136,1
[194]
T1,0,1,36,1
T2,1,1,137,11
T3,2,0,200,1
T4,3,1,150,13
T5,4,0,55,4
[195]
T1,0,1,200,2
T2,1,0,190,5
T3,2,0,68,2
T4,3,0,99,12
T5,4,0,32,3
[196]
T1,0,1,141,12
T2,1,1,200,2
T3,2,0,50,5
T4,3,0,170,6
T5,4,0,66,3
[197]
T1,0,1,155,2
T2,1,0,44,2
T3,2,1,96,16
T4,3,1,56,1
T5,4,0,200,18
[198]
T1,0,0,52,2
T2,1,1,198,22
T3,2,0,132,11
T4,3,0,54,4
T5,4,0,200,2
[199]
T1,0,1,140,23
T2,1,0,20,2
T3,2,1,76,4
T4,3,0,182,5
T5,4,1,200,3
[200]
T1,0,0,200,30
T2,1,0,44,1
T3,2,1,164,2
T4,3,1,123,13
T5,4,1,56,2
[201]
T1,0,1,43,2
T2,1,0,198,19
T3,2,0,200,22
T4,3,1,56,2
T5,4,1,60,4
[202]
T1,0,1,130,5
T2,1,0,30,2
T3,2,1,74,2
T4,3,0,200,29
T5,4,0,175,1
[203]
T1,0,1,200,28
T2,1,0,98,6
T3,2,1,86,1
T4,3,1,192,12
T5,4,0,48,2
[204]
T1,0,0,130,21
T2,1,0,24,2
T3,2,0,200,11
T4,3,0,153,4
T5,4,1,123,2
[205]
T1,0,0,77,3
T2,1,0,21,2
T3,2,1,112,20
T4,3,0,200,5
T5,4,1,155,2
[206]
T1,0,0,165,3
T2,1,1,64,4
T3,2,1,66,2
T4,3,1,51,4
T5,4,1,200,15
[207]
T1,0,0,200,18
T2,1,1,134,1
T3,2,0,115,4
T4,3,1,168,1
T5,4,0,50,7
[208]
T1,0,1,180,23
T2,1,0,106,5
T3,2,1,94,6
T4,3,1,200,1
T5,4,1,50,1
[209]
T1,0,0,100,11
T2,1,0,70,7
T3,2,1,151,2
T4,3,0,32,1
T5,4,1,200,6
[210]
T1,0,0,131,11
T2,1,1,200,3
T3,2,1,176,7
T4,3,1,50,4
T5,4,0,131,7
[211]
T1,0,1,200,37
T2,1,1,150,3
T3,2,0,123,2
T4,3,1,76,6
T5,4,0,33,2
[212]
T1,0,1,200,12
T2,1,1,198,6
T3,2,1,110,7
T4,3,1,108,7
T5,4,1,31,2
[213]
T1,0,0,164,4
T2,1,0,80,7
T3,2,1,200,10
T4,3,0,52,2
T5,4,1,132,11
[214]
T1,0,0,126,2
T2,1,1,200,18
T3,2,1,108,1
T4,3,0,151,5
T5,4,1,20,2
[215]
T1,0,0,98,10
T2,1,1,196,4
T3,2,1,200,6
T4,3,1,115,2
T5,4,1,39,4
[216]
T1,0,1,200,47
T2,1,0,137,4
T3,2,0,101,1
T4,3,0,26,2
T5,4,0,156,2
[217]
T1,0,0,126,6
T2,1,1,196,13
T3,2,0,121,14
T4,3,1,40,1
T5,4,0,200,4
[218]
T1,0,0,134,7
T2,1,0,175,2
T3,2,0,140,7
T4,3,0,200,24
T5,4,1,25,1
[219]
T1,0,1,198,2
T2,1,1,200,17
T3,2,0,80,7
T4,3,0,100,2
T5,4,0,52,4
[220]
T1,0,1,54,1
T2,1,1,200,21
T3,2,1,44,2
T4,3,1,140,2
T5,4,1,170,25
[221]
T1,0,0,64,2
T2,1,0,200,5
T3,2,1,160,11
T4,3,0,35,1
T5,4,1,144,22
[222]
T1,0,0,115,2
T2,1,0,50,1
T3,2,0,56,5
T4,3,0,200,6
T5,4,0,183,21
[223]
T1,0,0,175,3
T2,1,1,89,9
T3,2,1,200,10
T4,3,0,61,3
T5,4,0,50,3
[224]
T1,0,1,200,28
T2,1,1,152,10
T3,2,1,27,2
T4,3,0,56,2
T5,4,1,64,1
[225]
T1,0,1,104,3
T2,1,0,200,13
T3,2,0,35,3
T4,3,0,124,5
T5,4,1,176,10
[226]
T1,0,0,191,1
T2,1,1,120,15
T3,2,0,95,7
T4,3,1,30,1
T5,4,0,200,8
[227]
T1,0,0,152,17
T2,1,0,46,2
T3,2,0,80,8
T4,3,1,200,3
T5,4,1,95,2
[228]
T1,0,1,200,1
T2,1,0,53,1
T3,2,0,109,19
T4,3,0,156,7
T5,4,1,100,3
[229]
T1,0,0,84,1
T2,1,0,141,8
T3,2,1,189,6
T4,3,1,44,1
T5,4,0,200,30
[230]
T1,0,0,176,8
T2,1,0,75,10
T3,2,1,44,2
T4,3,0,120,1
T5,4,0,200,6
[231]
T1,0,0,176,9
T2,1,1,200,1
T3,2,1,77,1
T4,3,1,72,1
T5,4,1,48,9
[232]
T1,0,1,55,2
T2,1,0,65,10
T3,2,1,200,1
T4,3,0,190,1
T5,4,0,42,3
[233]
T1,0,0,25,5
T2,1,0,195,2
T3,2,1,139,2
T4,3,0,65,1
T5,4,1,200,2
[234]
T1,0,0,200,27
T2,1,0,135,3
T3,2,0,27,2
T4,3,0,180,21
T5,4,0,75,1
[235]
T1,0,0,126,2
T2,1,1,135,8
T3,2,1,200,16
T4,3,0,33,1
T5,4,0,196,17
[236]
T1,0,1,103,1
T2,1,1,174,15
T3,2,1,120,9
T4,3,1,200,10
T5,4,0,23,1
[237]
T1,0,1,48,4
T2,1,0,65,1
T3,2,0,200,2
T4,3,0,189,18
T5,4,1,101,8
[238]
T1,0,1,36,2
T2,1,0,200,10
T3,2,0,112,2
T4,3,0,108,16
T5,4,1,174,4
[239]
T1,0,0,200,11
T2,1,1,161,2
T3,2,1,30,2
T4,3,1,75,12
T5,4,0,69,3
[240]
T1,0,0,81,5
T2,1,1,152,4
T3,2,1,35,2
T4,3,0,200,2
T5,4,1,112,19
[241]
T1,0,1,157,5
T2,1,0,200,9
T3,2,1,75,15
T4,3,0,42,2
T5,4,0,89,2
[242]
T1,0,1,104,10
T2,1,1,160,2
T3,2,0,200,2
T4,3,1,20,1
T5,4,1,122,12
[243]
T1,0,1,160,17
T2,1,1,80,3
T3,2,0,20,1
T4,3,0,141,5
T5,4,1,200,4
[244]
T1,0,1,75,5
T2,1,1,200,5
T3,2,0,62,2
T4,3,1,152,10
T5,4,1,48,5
[245]
T1,0,0,75,7
T2,1,0,187,10
T3,2,1,200,7
T4,3,1,40,2
T5,4,1,132,4
[246]
T1,0,0,200,7
T2,1,1,132,2
T3,2,0,156,3
T4,3,1,35,7
T5,4,0,76,2
[247]
T1,0,0,86,5
T2,1,0,166,1
T3,2,0,200,10
T4,3,0,100,4
T5,4,1,22,2
[248]
T1,0,0,200,16
T2,1,1,86,5
T3,2,1,168,1
T4,3,0,126,4
T5,4,1,40,4
[249]
T1,0,0,91,3
T2,1,0,200,2
T3,2,0,40,2
T4,3,1,169,30
T5,4,0,104,5
[250]
T1,0,0,114,4
T2,1,1,155,14
T3,2,1,90,2
T4,3,1,30,2
T5,4,0,200,22
[251]
T1,0,0,50,5
T2,1,0,72,6
T3,2,1,73,3
T4,3,0,149,5
T5,4,0,200,5
[252]
T1,0,0,84,1
T2,1,0,186,9
T3,2,0,200,6
T4,3,0,30,5
T5,4,0,60,1
[253]
T1,0,0,116,3
T2,1,0,69,6
T3,2,1,26,2
T4,3,0,182,10
T5,4,0,200,5
[254]
T1,0,1,100,2
T2,1,1,150,7
T3,2,1,28,1
T4,3,1,200,9
T5,4,0,93,14
[255]
T1,0,1,196,6
T2,1,0,200,12
T3,2,1,59,6
T4,3,0,146,2
T5,4,0,35,2
[256]
T1,0,0,107,7
T2,1,0,169,3
T3,2,0,200,16
T4,3,0,104,3
T5,4,1,26,2
[257]
T1,0,1,21,1
T2,1,0,100,2
T3,2,1,128,2
T4,3,1,189,10
T5,4,1,200,29
[258]
T1,0,1,97,8
T2,1,0,200,6
T3,2,1,160,28
T4,3,1,105,2
T5,4,0,51,2
[259]
T1,0,1,200,16
T2,1,1,50,1
T3,2,0,105,3
T4,3,1,92,7
T5,4,1,163,9
[260]
T1,0,1,141,1
T2,1,1,124,3
T3,2,1,174,38
T4,3,1,31,2
T5,4,0,200,4
[261]
T1,0,0,78,5
T2,1,1,200,2
T3,2,0,39,3
T4,3,0,105,8
T5,4,1,162,11
[262]
T1,0,0,145,2
T2,1,1,179,45
T3,2,1,200,3
T4,3,0,125,2
T5,4,0,24,2
[263]
T1,0,1,55,3
T2,1,0,104,10
T3,2,0,47,5
T4,3,0,200,3
T5,4,0,175,1
[264]
T1,0,1,130,1
T2,1,1,93,1
T3,2,1,162,30
T4,3,0,45,2
T5,4,1,200,8
[265]
T1,0,0,24,1
T2,1,0,200,24
T3,2,0,104,2
T4,3,1,170,1
T5,4,0,101,9
[266]
T1,0,1,200,5
T2,1,0,115,1
T3,2,1,188,23
T4,3,0,20,2
T5,4,1,58,6
[267]
T1,0,1,49,2
T2,1,1,112,2
T3,2,1,114,2
T4,3,1,180,8
T5,4,0,200,42
[268]
T1,0,0,123,11
T2,1,1,30,2
T3,2,0,164,2
T4,3,0,87,6
T5,4,0,200,25
[269]
T1,0,1,150,7
T2,1,0,115,7
T3,2,1,87,2
T4,3,1,42,6
T5,4,1,200,2
[270]
T1,0,1,50,7
T2,1,0,151,9
T3,2,0,135,5
T4,3,1,200,5
T5,4,1,60,1
[271]
T1,0,0,34,2
T2,1,0,153,14
T3,2,0,63,2
T4,3,0,71,1
T5,4,1,200,31
[272]
T1,0,1,195,13
T2,1,0,117,1
T3,2,1,200,2
T4,3,0,20,2
T5,4,1,101,15
[273]
T1,0,0,200,28
T2,1,1,122,3
T3,2,1,24,2
T4,3,1,59,2
T5,4,0,160,15
[274]
T1,0,0,176,3
T2,1,1,24,4
T3,2,1,200,9
T4,3,0,120,2
T5,4,0,80,4
[275]
T1,0,1,94,6
T2,1,1,56,2
T3,2,1,40,1
T4,3,0,181,28
T5,4,0,200,8
[276]
T1,0,1,154,3
T2,1,0,32,2
T3,2,0,116,3
T4,3,1,55,3
T5,4,0,200,32
[277]
T1,0,1,200,5
T2,1,0,175,22
T3,2,1,64,3
T4,3,1,25,2
T5,4,1,129,10
[278]
T1,0,0,200,9
T2,1,1,84,4
T3,2,0,64,4
T4,3,0,30,1
T5,4,0,198,12
[279]
T1,0,0,25,1
T2,1,0,168,8
T3,2,1,63,7
T4,3,0,200,4
T5,4,0,76,3
[280]
T1,0,1,200,8
T2,1,0,150,5
T3,2,1,144,5
T4,3,1,25,3
T5,4,1,64,2
[281]
T1,0,0,84,3
T2,1,0,36,2
T3,2,1,189,17
T4,3,1,200,20
T5,4,1,112,6
[282]
T1,0,0,87,11
T2,1,1,184,16
T3,2,0,56,2
T4,3,0,21,2
T5,4,0,200,9
[283]
T1,0,1,200,25
T2,1,0,60,2
T3,2,0,185,14
T4,3,0,68,1
T5,4,1,31,2
[284]
T1,0,0,35,2
T2,1,0,130,13
T3,2,1,65,1
T4,3,0,200,2
T5,4,0,165,24
[285]
T1,0,0,91,2
T2,1,0,32,4
T3,2,0,200,3
T4,3,0,156,17
T5,4,0,111,2
[286]
T1,0,1,132,2
T2,1,0,132,2
T3,2,1,20,2
T4,3,0,166,4
T5,4,1,200,48
[287]
T1,0,1,150,10
T2,1,0,116,5
T3,2,1,72,2
T4,3,0,48,1
T5,4,1,200,28
[288]
T1,0,1,133,1
T2,1,1,189,27
T3,2,1,200,22
T4,3,1,70,2
T5,4,1,35,2
[289]
T1,0,1,200,12
T2,1,0,170,18
T3,2,0,26,2
T4,3,0,78,2
T5,4,1,100,11
[290]
T1,0,0,116,2
T2,1,0,142,1
T3,2,1,170,28
T4,3,1,40,3
T5,4,0,200,3
[291]
T1,0,0,200,5
T2,1,0,76,6
T3,2,0,95,4
T4,3,0,38,2
T5,4,1,176,14
[292]
T1,0,1,30,4
T2,1,1,126,1
T3,2,0,200,9
T4,3,1,64,3
T5,4,1,155,4
[293]
T1,0,1,24,1
T2,1,1,78,10
T3,2,1,125,5
T4,3,1,171,3
T5,4,0,200,10
[294]
T1,0,1,25,2
T2,1,0,140,1
T3,2,0,200,47
T4,3,0,118,4
T5,4,0,185,1
[295]
T1,0,1,30,2
T2,1,0,65,11
T3,2,0,200,2
T4,3,1,175,20
T5,4,1,88,2
[296]
T1,0,1,70,2
T2,1,1,177,12
T3,2,1,21,1
T4,3,1,64,6
T5,4,1,200,2
[297]
T1,0,0,143,1
T2,1,1,165,11
T3,2,0,200,23
T4,3,0,136,7
T5,4,0,20,2
[298]
T1,0,0,46,4
T2,1,0,126,1
T3,2,0,200,15
T4,3,1,133,5
T5,4,1,189,13
[299]
T1,0,1,200,2
T2,1,0,38,3
T3,2,0,154,29
T4,3,1,75,2
T5,4,1,84,2
[300]
T1,0,1,28,2
T2,1,0,200,2
T3,2,0,146,5
T4,3,0,70,4
T5,4,1,148,16
[301]
T1,0,1,174,4
T2,1,1,200,37
T3,2,1,25,2
T4,3,0,94,5
T5,4,1,94,2
[302]
T1,0,1,49,1
T2,1,1,101,11
T3,2,1,200,10
T4,3,0,56,4
T5,4,0,158,4
[303]
T1,0,0,106,7
T2,1,1,200,3
T3,2,1,164,9
T4,3,1,41,6
T5,4,1,115,2
[304]
T1,0,1,75,5
T2,1,0,106,14
T3,2,0,196,4
T4,3,0,53,2
T5,4,0,200,3
[305]
T1,0,1,200,3
T2,1,0,107,1
T3,2,1,196,34
T4,3,1,31,2
T5,4,1,105,9
[306]
T1,0,1,30,2
T2,1,0,200,8
T3,2,0,181,19
T4,3,1,95,5
T5,4,0,60,1
[307]
T1,0,0,59,2
T2,1,1,200,2
T3,2,0,20,2
T4,3,1,165,3
T5,4,0,147,14
[308]
T1,0,0,200,17
T2,1,0,73,2
T3,2,1,170,16
T4,3,0,74,7
T5,4,0,50,2
[309]
T1,0,1,177,5
T2,1,0,200,17
T3,2,0,25,2
T4,3,1,144,5
T5,4,1,141,14
[310]
T1,0,1,178,35
T2,1,0,200,11
T3,2,0,89,2
T4,3,0,65,2
T5,4,0,40,2
[311]
T1,0,1,172,2
T2,1,1,39,3
T3,2,1,87,3
T4,3,0,200,13
T5,4,1,104,11
[312]
T1,0,1,200,5
T2,1,0,68,1
T3,2,1,133,2
T4,3,1,165,7
T5,4,0,28,5
[313]
T1,0,0,200,18
T2,1,1,27,2
T3,2,1,109,8
T4,3,0,150,10
T5,4,0,102,3
[314]
T1,0,1,200,17
T2,1,1,150,6
T3,2,1,69,4
T4,3,1,141,3
T5,4,1,52,3
[315]
T1,0,1,159,21
T2,1,0,128,3
T3,2,0,120,10
T4,3,0,24,2
T5,4,0,200,4
[316]
T1,0,0,96,2
T2,1,0,20,2
T3,2,0,200,16
T4,3,0,155,2
T5,4,1,70,10
[317]
T1,0,0,47,3
T2,1,0,200,24
T3,2,0,144,2
T4,3,0,64,4
T5,4,1,192,2
[318]
T1,0,1,25,2
T2,1,1,98,1
T3,2,1,195,13
T4,3,1,200,20
T5,4,0,65,7
[319]
T1,0,0,127,5
T2,1,0,36,1
T3,2,0,63,9
T4,3,1,161,9
T5,4,1,200,2
[320]
T1,0,0,171,7
T2,1,0,114,2
T3,2,0,200,38
T4,3,1,42,2
T5,4,0,107,1
[321]
T1,0,0,141,22
T2,1,1,96,2
T3,2,0,27,2
T4,3,1,200,3
T5,4,0,188,11
[322]
T1,0,1,176,4
T2,1,1,25,1
T3,2,0,200,1
T4,3,0,115,3
T5,4,0,82,15
[323]
T1,0,0,176,8
T2,1,0,68,4
T3,2,1,102,2
T4,3,0,200,4
T5,4,0,26,4
[324]
T1,0,0,200,9
T2,1,0,71,2
T3,2,1,49,2
T4,3,0,196,45
T5,4,0,60,2
[325]
T1,0,0,156,10
T2,1,1,40,4
T3,2,1,63,2
T4,3,1,132,12
T5,4,1,200,6
[326]
T1,0,0,116,4
T2,1,1,46,1
T3,2,0,184,20
T4,3,1,101,9
T5,4,0,200,5
[327]
T1,0,0,90,19
T2,1,0,36,1
T3,2,1,111,2
T4,3,1,200,4
T5,4,1,165,2
[328]
T1,0,1,35,2
T2,1,0,143,5
T3,2,1,200,8
T4,3,1,175,7
T5,4,1,64,9
[329]
T1,0,1,128,2
T2,1,0,30,2
T3,2,0,105,25
T4,3,1,200,7
T5,4,1,177,1
[330]
T1,0,1,40,7
T2,1,0,68,3
T3,2,1,176,4
T4,3,0,200,4
T5,4,0,71,2
[331]
T1,0,0,114,2
T2,1,1,105,11
T3,2,0,190,23
T4,3,1,45,2
T5,4,1,200,7
[332]
T1,0,1,27,2
T2,1,1,186,5
T3,2,1,108,2
T4,3,1,63,1
T5,4,1,200,23
[333]
T1,0,1,143,15
T2,1,1,30,2
T3,2,1,175,16
T4,3,1,200,10
T5,4,1,77,2
[334]
T1,0,0,147,6
T2,1,0,161,7
T3,2,0,24,3
T4,3,1,200,4
T5,4,0,127,5
[335]
T1,0,0,132,2
T2,1,0,186,32
T3,2,1,74,3
T4,3,0,200,5
T5,4,1,40,1
[336]
T1,0,1,112,6
T2,1,1,39,4
T3,2,1,121,8
T4,3,1,150,2
T5,4,0,200,5
[337]
T1,0,0,45,1
T2,1,0,188,8
T3,2,0,105,2
T4,3,0,200,5
T5,4,1,143,26
[338]
T1,0,1,49,2
T2,1,0,200,9
T3,2,1,60,5
T4,3,0,125,18
T5,4,0,150,2
[339]
T1,0,1,37,3
T2,1,1,200,15
T3,2,1,120,2
T4,3,1,146,5
T5,4,0,176,13
[340]
T1,0,0,75,2
T2,1,1,160,15
T3,2,1,200,17
T4,3,0,104,4
T5,4,1,31,2
[341]
T1,0,1,100,13
T2,1,1,35,2
T3,2,1,200,21
T4,3,0,167,7
T5,4,0,97,2
[342]
T1,0,0,138,2
T2,1,1,50,3
T3,2,1,102,1
T4,3,1,200,33
T5,4,0,171,8
[343]
T1,0,1,84,1
T2,1,0,197,31
T3,2,0,25,2
T4,3,0,70,6
T5,4,1,200,2
[344]
T1,0,0,200,3
T2,1,1,96,8
T3,2,1,199,22
T4,3,1,78,5
T5,4,0,20,2
[345]
T1,0,0,81,2
T2,1,1,28,1
T3,2,1,182,19
T4,3,0,200,7
T5,4,0,102,8
[346]
T1,0,0,108,2
T2,1,1,200,17
T3,2,1,161,1
T4,3,1,30,5
T5,4,0,64,2
[347]
T1,0,1,80,12
T2,1,1,200,10
T3,2,0,161,3
T4,3,0,23,1
T5,4,1,110,1
[348]
T1,0,1,32,1
T2,1,1,140,1
T3,2,1,200,21
T4,3,1,182,8
T5,4,1,133,11
[349]
T1,0,0,142,9
T2,1,0,174,28
T3,2,0,24,2
T4,3,0,96,2
T5,4,1,200,11
[350]
T1,0,1,198,24
T2,1,1,33,2
T3,2,1,200,1
T4,3,1,67,2
T5,4,0,136,7
[351]
T1,0,0,165,7
T2,1,0,64,2
T3,2,0,20,2
T4,3,1,200,7
T5,4,1,130,17
[352]
T1,0,1,200,8
T2,1,0,168,1
T3,2,1,92,3
T4,3,0,98,4
T5,4,0,34,5
[353]
T1,0,0,115,12
T2,1,0,48,3
T3,2,1,150,10
T4,3,0,200,2
T5,4,0,57,2
[354]
T1,0,0,88,2
T2,1,1,200,14
T3,2,1,162,7
T4,3,1,48,3
T5,4,1,56,4
[355]
T1,0,0,120,4
T2,1,0,168,6
T3,2,1,29,1
T4,3,1,145,14
T5,4,1,200,17
[356]
T1,0,0,68,4
T2,1,0,198,2
T3,2,0,99,3
T4,3,0,50,5
T5,4,1,200,17
[357]
T1,0,1,72,2
T2,1,0,200,1
T3,2,0,128,2
T4,3,0,29,6
T5,4,0,150,1
[358]
T1,0,1,48,4
T2,1,1,200,3
T3,2,1,113,3
T4,3,0,155,21
T5,4,1,70,2
[359]
T1,0,0,22,2
T2,1,0,90,8
T3,2,1,122,2
T4,3,0,200,7
T5,4,1,174,24
[360]
T1,0,0,200,8
T2,1,1,94,3
T3,2,1,45,4
T4,3,0,165,16
T5,4,0,146,3
[361]
T1,0,0,56,4
T2,1,1,177,25
T3,2,1,141,2
T4,3,1,36,2
T5,4,0,200,8
[362]
T1,0,0,200,11
T2,1,0,48,4
T3,2,0,152,14
T4,3,0,130,1
T5,4,1,67,2
[363]
T1,0,0,192,6
T2,1,1,88,8
T3,2,0,45,1
T4,3,1,200,17
T5,4,0,81,3
[364]
T1,0,1,81,7
T2,1,1,150,2
T3,2,0,40,2
T4,3,0,93,9
T5,4,0,200,6
[365]
T1,0,0,200,3
T2,1,1,156,14
T3,2,1,82,7
T4,3,0,107,4
T5,4,1,45,2
[366]
T1,0,1,200,28
T2,1,0,75,5
T3,2,1,42,1
T4,3,1,176,3
T5,4,1,68,2
[367]
T1,0,0,136,15
T2,1,1,188,6
T3,2,0,200,1
T4,3,0,140,2
T5,4,0,30,3
[368]
T1,0,1,46,5
T2,1,1,80,2
T3,2,0,143,1
T4,3,0,172,14
T5,4,0,200,9
[369]
T1,0,0,21,2
T2,1,1,200,8
T3,2,1,192,10
T4,3,0,61,1
T5,4,1,76,10
[370]
T1,0,0,131,9
T2,1,0,23,1
T3,2,1,200,18
T4,3,0,63,3
T5,4,1,180,5
[371]
T1,0,1,200,5
T2,1,0,51,3
T3,2,1,175,6
T4,3,1,72,11
T5,4,0,93,2
[372]
T1,0,0,74,1
T2,1,1,200,2
T3,2,0,148,11
T4,3,1,41,6
T5,4,1,114,5
[373]
T1,0,0,96,1
T2,1,1,200,27
T3,2,1,50,1
T4,3,1,192,9
T5,4,1,67,4
[374]
T1,0,1,120,8
T2,1,1,60,3
T3,2,0,200,17
T4,3,0,151,7
T5,4,0,20,2
[375]
T1,0,1,80,5
T2,1,1,39,1
T3,2,0,184,24
T4,3,1,200,5
T5,4,0,87,2
[376]
T1,0,1,80,3
T2,1,0,67,3
T3,2,0,200,14
T4,3,1,22,2
T5,4,0,157,20
[377]
T1,0,1,200,16
T2,1,1,22,4
T3,2,1,150,1
T4,3,0,136,2
T5,4,0,128,2
[378]
T1,0,0,200,13
T2,1,0,88,2
T3,2,1,198,7
T4,3,0,44,7
T5,4,1,116,2
[379]
T1,0,0,200,35
T2,1,1,100,3
T3,2,0,51,2
T4,3,1,174,5
T5,4,0,71,3
[380]
T1,0,0,200,7
T2,1,1,120,7
T3,2,1,49,3
T4,3,1,113,5
T5,4,1,186,14
[381]
T1,0,0,42,3
T2,1,0,60,2
T3,2,1,200,19
T4,3,1,191,5
T5,4,1,72,6
[382]
T1,0,1,145,7
T2,1,1,25,3
T3,2,1,99,5
T4,3,1,156,2
T5,4,1,200,6
[383]
T1,0,0,75,3
T2,1,0,38,3
T3,2,1,200,10
T4,3,0,159,11
T5,4,0,68,2
[384]
T1,0,1,149,12
T2,1,1,30,2
T3,2,0,200,4
T4,3,0,126,16
T5,4,0,108,5
[385]
T1,0,0,176,3
T2,1,1,83,6
T3,2,0,200,13
T4,3,1,20,1
T5,4,0,129,6
[386]
T1,0,1,121,2
T2,1,0,119,3
T3,2,1,200,24
T4,3,0,180,12
T5,4,0,30,1
[387]
T1,0,1,162,9
T2,1,0,48,2
T3,2,1,55,2
T4,3,1,81,12
T5,4,0,200,16
[388]
T1,0,0,175,5
T2,1,1,53,2
T3,2,0,91,4
T4,3,0,75,12
T5,4,1,200,2
[389]
T1,0,1,178,2
T2,1,1,200,1
T3,2,0,121,1
T4,3,1,125,32
T5,4,0,20,2
[390]
T1,0,1,48,1
T2,1,1,152,2
T3,2,1,109,6
T4,3,1,200,5
T5,4,1,90,15
[391]
T1,0,0,136,9
T2,1,1,90,2
T3,2,1,200,19
T4,3,0,175,17
T5,4,0,51,1
[392]
T1,0,0,111,1
T2,1,0,44,4
T3,2,0,198,5
T4,3,1,200,23
T5,4,1,136,5
[393]
T1,0,1,85,5
T2,1,0,200,14
T3,2,1,34,2
T4,3,1,84,4
T5,4,0,167,4
[394]
T1,0,1,165,2
T2,1,1,119,2
T3,2,0,133,25
T4,3,0,200,3
T5,4,0,42,2
[395]
T1,0,1,56,3
T2,1,0,182,5
T3,2,0,200,11
T4,3,0,27,1
T5,4,0,88,8
[396]
T1,0,1,40,2
T2,1,1,168,10
T3,2,1,200,22
T4,3,1,145,2
T5,4,1,86,9
[397]
T1,0,0,165,7
T2,1,1,136,10
T3,2,1,48,5
T4,3,0,200,2
T5,4,1,69,4
[398]
T1,0,1,116,16
T2,1,0,91,4
T3,2,1,156,9
T4,3,1,24,2
T5,4,1,200,5
[399]
T1,0,0,124,4
T2,1,1,200,3
T3,2,0,185,25
T4,3,1,32,2
T5,4,1,59,1
[400]
T1,0,1,20,2
T2,1,1,66,3
T3,2,1,152,4
T4,3,0,94,10
T5,4,0,200,20
[401]
T1,0,0,40,4
T2,1,0,155,15
T3,2,0,102,7
T4,3,0,200,1
T5,4,0,111,1
[402]
T1,0,1,57,8
T2,1,1,200,11
T3,2,1,93,1
T4,3,0,30,1
T5,4,1,174,4
[403]
T1,0,0,27,1
T2,1,1,69,2
T3,2,1,67,2
T4,3,0,175,16
T5,4,0,200,16
[404]
T1,0,1,169,4
T2,1,1,140,15
T3,2,1,104,6
T4,3,1,40,1
T5,4,1,200,12
[405]
T1,0,1,46,9
T2,1,1,108,3
T3,2,1,128,7
T4,3,1,200,1
T5,4,1,184,2
[406]
T1,0,0,105,2
T2,1,1,183,42
T3,2,1,200,7
T4,3,1,72,1
T5,4,1,20,2
[407]
T1,0,0,164,2
T2,1,0,200,5
T3,2,1,32,2
T4,3,1,61,11
T5,4,1,70,4
[408]
T1,0,1,28,2
T2,1,1,200,5
T3,2,0,71,1
T4,3,0,168,9
T5,4,0,94,15
[409]
T1,0,0,181,17
T2,1,1,145,3
T3,2,0,200,1
T4,3,1,125,20
T5,4,0,25,2
[410]
T1,0,0,63,6
T2,1,1,200,3
T3,2,1,85,2
T4,3,1,48,3
T5,4,0,165,16
[411]
T1,0,0,140,2
T2,1,1,200,4
T3,2,1,114,2
T4,3,0,22,2
T5,4,0,154,21
[412]
T1,0,1,111,12
T2,1,0,97,10
T3,2,1,200,10
T4,3,1,194,2
T5,4,1,41,1
[413]
T1,0,0,48,1
T2,1,1,145,17
T3,2,0,200,20
T4,3,1,84,1
T5,4,0,156,5
[414]
T1,0,1,103,8
T2,1,0,175,5
T3,2,1,128,4
T4,3,1,42,5
T5,4,0,200,2
[415]
T1,0,0,153,6
T2,1,0,45,10
T3,2,0,111,2
T4,3,0,140,2
T5,4,0,200,2
[416]
T1,0,1,108,12
T2,1,1,195,2
T3,2,1,51,2
T4,3,0,200,3
T5,4,1,104,11
[417]
T1,0,0,200,11
T2,1,1,169,2
T3,2,0,45,2
T4,3,1,75,11
T5,4,0,72,1
[418]
T1,0,1,154,4
T2,1,1,132,1
T3,2,1,200,24
T4,3,1,77,8
T5,4,0,27,2
[419]
T1,0,1,200,21
T2,1,1,42,4
T3,2,1,76,2
T4,3,0,130,2
T5,4,1,189,6
[420]
T1,0,0,104,4
T2,1,1,200,9
T3,2,0,156,17
T4,3,1,116,7
T5,4,1,43,1
[421]
T1,0,1,152,3
T2,1,1,43,2
T3,2,0,57,8
T4,3,0,200,8
T5,4,1,74,6
[422]
T1,0,1,140,5
T2,1,1,175,28
T3,2,1,108,2
T4,3,1,53,2
T5,4,1,200,14
[423]
T1,0,1,200,15
T2,1,1,139,10
T3,2,0,151,10
T4,3,0,38,2
T5,4,1,100,1
[424]
T1,0,0,101,4
T2,1,1,60,7
T3,2,1,20,2
T4,3,0,192,2
T5,4,1,200,2
[425]
T1,0,1,200,31
T2,1,1,167,2
T3,2,1,70,4
T4,3,1,72,2
T5,4,1,48,1
[426]
T1,0,0,66,7
T2,1,0,186,2
T3,2,0,200,2
T4,3,1,147,16
T5,4,0,50,3
[427]
T1,0,0,26,2
T2,1,0,133,7
T3,2,0,200,22
T4,3,1,82,9
T5,4,0,182,2
[428]
T1,0,1,120,5
T2,1,1,27,2
T3,2,0,200,13
T4,3,1,131,7
T5,4,1,178,20
[429]
T1,0,0,96,1
T2,1,1,148,15
T3,2,1,40,3
T4,3,0,200,8
T5,4,1,58,3
[430]
T1,0,0,160,14
T2,1,0,200,7
T3,2,1,87,7
T4,3,0,22,2
T5,4,0,99,3
[431]
T1,0,0,125,2
T2,1,1,27,2
T3,2,1,200,6
T4,3,1,57,6
T5,4,1,162,9
[432]
T1,0,1,108,2
T2,1,0,160,6
T3,2,0,200,25
T4,3,1,75,7
T5,4,0,39,2
[433]
T1,0,0,200,2
T2,1,0,24,2
T3,2,1,100,3
T4,3,1,114,10
T5,4,0,171,9
[434]
T1,0,1,90,2
T2,1,0,45,3
T3,2,0,140,10
T4,3,1,200,13
T5,4,0,170,10
[435]
T1,0,0,184,6
T2,1,0,40,1
T3,2,1,100,3
T4,3,0,200,31
T5,4,1,71,1
[436]
T1,0,1,200,4
T2,1,1,189,15
T3,2,1,81,2
T4,3,0,105,6
T5,4,1,52,6
[437]
T1,0,1,44,4
T2,1,0,91,3
T3,2,0,200,15
T4,3,1,80,1
T5,4,1,151,10
[438]
T1,0,1,170,1
T2,1,0,200,2
T3,2,1,32,2
T4,3,1,68,8
T5,4,0,123,8
[439]
T1,0,1,96,13
T2,1,0,88,3
T3,2,1,174,15
T4,3,0,200,6
T5,4,1,44,2
[440]
T1,0,0,25,3
T2,1,1,150,4
T3,2,1,200,2
T4,3,0,73,7
T5,4,1,105,3
[441]
T1,0,0,90,2
T2,1,0,115,13
T3,2,1,200,1
T4,3,1,197,14
T5,4,1,36,3
[442]
T1,0,0,189,15
T2,1,0,118,4
T3,2,1,200,27
T4,3,1,26,2
T5,4,0,100,2
[443]
T1,0,1,189,7
T2,1,1,34,2
T3,2,1,141,18
T4,3,1,68,1
T5,4,1,200,19
[444]
T1,0,0,93,5
T2,1,1,35,2
T3,2,1,64,7
T4,3,0,175,2
T5,4,0,200,17
[445]
T1,0,0,200,13
T2,1,1,36,2
T3,2,0,102,2
T4,3,1,90,5
T5,4,0,162,22
[446]
T1,0,0,132,16
T2,1,0,185,1
T3,2,0,35,1
T4,3,1,55,2
T5,4,0,200,25
[447]
T1,0,0,200,7
T2,1,1,27,2
T3,2,0,67,1
T4,3,0,153,30
T5,4,1,135,2
[448]
T1,0,0,200,2
T2,1,1,41,4
T3,2,1,75,7
T4,3,0,148,5
T5,4,0,121,5
[449]
T1,0,1,197,15
T2,1,0,82,2
T3,2,0,200,13
T4,3,1,120,12
T5,4,0,25,2
[450]
T1,0,1,63,2
T2,1,0,168,2
T3,2,1,46,10
T4,3,1,200,4
T5,4,1,63,1
[451]
T1,0,0,160,2
T2,1,1,40,2
T3,2,0,112,16
T4,3,1,200,13
T5,4,0,79,1
[452]
T1,0,1,200,12
T2,1,0,87,2
T3,2,1,50,4
T4,3,1,144,8
T5,4,1,195,8
[453]
T1,0,0,170,6
T2,1,1,30,1
T3,2,1,105,1
T4,3,0,67,12
T5,4,0,200,2
[454]
T1,0,1,72,2
T2,1,1,176,2
T3,2,0,200,22
T4,3,0,145,3
T5,4,0,24,2
[455]
T1,0,1,200,6
T2,1,0,198,12
T3,2,1,42,5
T4,3,0,60,2
T5,4,1,115,7
[456]
T1,0,1,59,3
T2,1,0,118,3
T3,2,1,21,2
T4,3,0,168,15
T5,4,0,200,15
[457]
T1,0,0,200,12
T2,1,0,80,3
T3,2,1,20,2
T4,3,1,190,2
T5,4,1,73,4
[458]
T1,0,1,50,4
T2,1,1,105,2
T3,2,1,149,2
T4,3,0,78,3
T5,4,1,200,31
[459]
T1,0,0,187,3
T2,1,0,200,1
T3,2,0,28,2
T4,3,0,135,14
T5,4,1,119,7
[460]
T1,0,0,110,2
T2,1,0,95,10
T3,2,1,171,21
T4,3,0,34,1
T5,4,0,200,2
[461]
T1,0,1,146,18
T2,1,1,30,2
T3,2,1,200,11
T4,3,1,176,12
T5,4,0,62,2
[462]
T1,0,0,200,2
T2,1,0,125,20
T3,2,1,175,7
T4,3,1,52,2
T5,4,0,79,2
[463]
T1,0,0,165,3
T2,1,1,147,7
T3,2,0,200,18
T4,3,0,25,2
T5,4,0,94,10
[464]
T1,0,0,133,2
T2,1,1,180,6
T3,2,0,46,5
T4,3,1,102,10
T5,4,0,200,2
[465]
T1,0,0,182,2
T2,1,1,100,6
T3,2,0,42,1
T4,3,0,200,14
T5,4,1,110,11
[466]
T1,0,0,40,2
T2,1,0,154,2
T3,2,1,89,5
T4,3,0,200,11
T5,4,1,143,23
[467]
T1,0,1,24,2
T2,1,1,200,12
T3,2,1,168,17
T4,3,1,121,15
T5,4,0,142,2
[468]
T1,0,0,38,1
T2,1,0,175,2
T3,2,1,70,9
T4,3,1,200,8
T5,4,1,80,5
[469]
T1,0,1,61,2
T2,1,1,25,3
T3,2,1,170,16
T4,3,1,68,2
T5,4,1,200,2
[470]
T1,0,0,200,22
T2,1,0,165,5
T3,2,1,108,2
T4,3,0,97,12
T5,4,1,30,2
[471]
T1,0,1,198,2
T2,1,1,94,21
T3,2,0,36,2
T4,3,1,114,3
T5,4,1,200,5
[472]
T1,0,1,188,2
T2,1,0,94,8
T3,2,0,89,5
T4,3,1,200,11
T5,4,1,41,3
[473]
T1,0,1,125,2
T2,1,0,165,23
T3,2,1,45,3
T4,3,0,131,6
T5,4,0,200,2
[474]
T1,0,0,168,27
T2,1,1,129,1
T3,2,0,200,15
T4,3,0,23,2
T5,4,1,54,1
[475]
T1,0,1,91,2
T2,1,1,200,9
T3,2,1,123,1
T4,3,0,148,10
T5,4,0,41,6
[476]
T1,0,1,99,2
T2,1,0,33,3
T3,2,0,200,5
T4,3,0,125,12
T5,4,1,187,6
[477]
T1,0,1,200,13
T2,1,1,172,16
T3,2,0,72,2
T4,3,0,56,4
T5,4,1,45,1
[478]
T1,0,0,80,9
T2,1,0,131,7
T3,2,0,200,5
T4,3,1,178,8
T5,4,0,40,1
[479]
T1,0,1,25,2
T2,1,0,200,19
T3,2,0,175,2
T4,3,0,93,1
T5,4,0,84,7
[480]
T1,0,1,180,3
T2,1,0,48,6
T3,2,1,200,1
T4,3,1,147,11
T5,4,1,70,4
[481]
T1,0,1,200,11
T2,1,1,41,2
T3,2,0,61,4
T4,3,1,83,7
T5,4,1,164,2
[482]
T1,0,0,96,4
T2,1,0,200,2
T3,2,1,196,1
T4,3,0,130,24
T5,4,1,50,2
[483]
T1,0,0,58,9
T2,1,1,136,2
T3,2,1,200,6
T4,3,1,177,8
T5,4,1,30,1
[484]
T1,0,0,149,3
T2,1,0,113,5
T3,2,0,75,4
T4,3,0,200,2
T5,4,0,21,3
[485]
T1,0,1,200,2
T2,1,0,32,1
T3,2,0,54,1
T4,3,1,160,31
T5,4,0,146,5
[486]
T1,0,0,176,13
T2,1,0,69,1
T3,2,1,72,8
T4,3,1,200,4
T5,4,0,45,2
[487]
T1,0,1,85,2
T2,1,0,200,2
T3,2,1,155,3
T4,3,0,124,14
T5,4,1,45,6
[488]
T1,0,0,200,9
T2,1,1,88,2
T3,2,1,33,2
T4,3,0,176,1
T5,4,0,88,11
[489]
T1,0,1,50,4
T2,1,1,115,9
T3,2,0,90,8
T4,3,0,156,1
T5,4,1,200,3
[490]
T1,0,0,151,4
T2,1,0,200,2
T3,2,0,40,3
T4,3,1,115,10
T5,4,1,98,6
[491]
T1,0,1,186,5
T2,1,0,200,12
T3,2,1,30,1
T4,3,0,74,2
T5,4,0,142,15
[492]
T1,0,1,188,8
T2,1,1,39,5
T3,2,0,200,2
T4,3,0,120,4
T5,4,1,99,7
[493]
T1,0,1,200,12
T2,1,1,30,2
T3,2,1,78,2
T4,3,1,174,11
T5,4,1,65,6
[494]
T1,0,1,80,4
T2,1,0,28,3
T3,2,0,200,2
T4,3,1,180,8
T5,4,1,109,10
[495]
T1,0,0,103,5
T2,1,1,80,2
T3,2,0,47,2
T4,3,0,168,21
T5,4,0,200,13
[496]
T1,0,0,200,2
T2,1,0,47,1
T3,2,0,158,2
T4,3,0,79,17
T5,4,0,143,2
[497]
T1,0,0,152,1
T2,1,1,69,9
T3,2,1,200,1
T4,3,1,57,6
T5,4,0,50,1
[498]
T1,0,0,180,18
T2,1,1,200,10
T3,2,1,42,3
T4,3,0,140,5
T5,4,1,118,1
[499]
T1,0,0,200,6
T2,1,0,91,11
T3,2,0,99,7
T4,3,0,34,1
T5,4,1,156,4
[500]
T1,0,0,76,8
T2,1,1,72,1
T3,2,1,33,1
T4,3,0,156,18
T5,4,0,200,1
