num_task_per_taskset=5
num_taskset=500
//ID,Priority,Offset,Period,Execution Time
[1]
T1,0,1,54,2
T2,1,0,48,2
T3,2,1,95,9
T4,3,0,172,9
T5,4,0,200,7
[2]
T1,0,0,104,10
T2,1,1,109,10
T3,2,1,25,2
T4,3,0,165,2
T5,4,0,200,11
[3]
T1,0,0,84,8
T2,1,1,28,2
T3,2,0,200,2
T4,3,1,166,1
T5,4,1,89,7
[4]
T1,0,0,200,6
T2,1,0,124,10
T3,2,0,40,2
T4,3,1,112,11
T5,4,0,153,13
[5]
T1,0,0,34,2
T2,1,0,160,1
T3,2,0,59,3
T4,3,0,200,4
T5,4,1,135,27
[6]
T1,0,0,110,11
T2,1,0,177,11
T3,2,0,50,2
T4,3,0,200,14
T5,4,0,81,1
[7]
T1,0,0,195,13
T2,1,1,36,2
T3,2,1,110,9
T4,3,1,88,2
T5,4,1,200,22
[8]
T1,0,1,66,2
T2,1,0,120,6
T3,2,1,200,24
T4,3,1,52,5
T5,4,0,171,2
[9]
T1,0,0,46,2
T2,1,1,69,2
T3,2,1,200,10
T4,3,0,144,8
T5,4,1,170,22
[10]
T1,0,0,38,2
T2,1,1,175,4
T3,2,0,130,11
T4,3,0,111,10
T5,4,0,200,15
[11]
T1,0,1,175,7
T2,1,0,200,21
T3,2,1,32,2
T4,3,1,121,1
T5,4,1,89,10
[12]
T1,0,0,171,16
T2,1,1,200,9
T3,2,1,25,1
T4,3,0,90,6
T5,4,1,72,1
[13]
T1,0,0,24,2
T2,1,1,171,1
T3,2,0,200,29
T4,3,1,63,2
T5,4,1,100,13
[14]
T1,0,1,127,14
T2,1,1,20,2
T3,2,0,70,6
T4,3,0,160,3
T5,4,0,200,4
[15]
T1,0,1,200,4
T2,1,0,192,12
T3,2,1,120,1
T4,3,0,100,5
T5,4,0,48,7
[16]
T1,0,1,51,1
T2,1,1,200,2
T3,2,0,119,6
T4,3,0,58,7
T5,4,0,150,13
[17]
T1,0,1,108,9
T2,1,0,171,2
T3,2,0,200,29
T4,3,0,20,2
T5,4,1,57,3
[18]
T1,0,0,150,16
T2,1,1,105,5
T3,2,1,200,3
T4,3,0,136,7
T5,4,1,38,2
[19]
T1,0,0,154,2
T2,1,0,119,6
T3,2,1,84,1
T4,3,0,49,5
T5,4,1,200,19
[20]
T1,0,1,100,2
T2,1,0,45,2
T3,2,1,92,2
T4,3,1,187,1
T5,4,0,200,43
[21]
T1,0,0,195,13
T2,1,0,42,2
T3,2,1,200,37
T4,3,1,144,2
T5,4,0,81,2
[22]
T1,0,0,80,5
T2,1,0,44,2
T3,2,0,200,29
T4,3,1,115,2
T5,4,1,198,5
[23]
T1,0,0,20,2
T2,1,1,200,35
T3,2,1,116,2
T4,3,0,104,7
T5,4,0,157,2
[24]
T1,0,0,128,30
T2,1,0,22,2
T3,2,1,125,2
T4,3,1,184,2
T5,4,1,200,4
[25]
T1,0,0,50,2
T2,1,0,200,5
T3,2,1,140,5
T4,3,0,124,11
T5,4,1,157,13
[26]
T1,0,1,48,1
T2,1,0,74,2
T3,2,1,65,2
T4,3,1,176,29
T5,4,0,200,12
[27]
T1,0,1,46,2
T2,1,0,193,9
T3,2,1,134,6
T4,3,1,200,28
T5,4,1,115,5
[28]
T1,0,0,132,9
T2,1,0,200,2
T3,2,0,123,4
T4,3,1,187,13
T5,4,1,42,5
[29]
T1,0,0,200,6
T2,1,1,123,1
T3,2,0,25,2
T4,3,0,81,10
T5,4,1,183,3
[30]
T1,0,1,103,2
T2,1,0,41,5
T3,2,1,200,6
T4,3,1,175,9
T5,4,0,72,5
[31]
T1,0,0,168,15
T2,1,1,45,1
T3,2,0,123,2
T4,3,1,200,15
T5,4,1,142,11
[32]
T1,0,1,200,2
T2,1,0,100,6
T3,2,0,189,27
T4,3,0,27,2
T5,4,1,104,7
[33]
T1,0,1,88,5
T2,1,0,196,22
T3,2,0,124,8
T4,3,0,50,2
T5,4,0,200,9
[34]
T1,0,1,56,2
T2,1,0,163,15
T3,2,1,200,1
T4,3,0,65,2
T5,4,0,50,6
[35]
T1,0,1,118,8
T2,1,0,200,6
T3,2,0,150,25
T4,3,1,45,2
T5,4,0,87,1
[36]
T1,0,1,35,2
T2,1,0,74,10
T3,2,1,154,2
T4,3,1,103,1
T5,4,1,200,11
[37]
T1,0,0,45,2
T2,1,0,161,5
T3,2,1,72,2
T4,3,0,60,7
T5,4,1,200,18
[38]
T1,0,1,162,8
T2,1,0,78,2
T3,2,1,30,2
T4,3,0,200,26
T5,4,1,104,7
[39]
T1,0,1,144,21
T2,1,0,200,19
T3,2,0,82,2
T4,3,0,20,2
T5,4,1,185,3
[40]
T1,0,0,173,2
T2,1,0,30,2
T3,2,1,90,2
T4,3,0,200,3
T5,4,1,138,33
[41]
T1,0,0,100,5
T2,1,0,44,7
T3,2,1,183,2
T4,3,0,96,2
T5,4,1,200,7
[42]
T1,0,1,200,7
T2,1,1,36,3
T3,2,0,174,7
T4,3,0,75,1
T5,4,0,82,8
[43]
T1,0,1,170,20
T2,1,1,47,2
T3,2,1,80,5
T4,3,1,142,3
T5,4,0,200,15
[44]
T1,0,0,200,17
T2,1,1,123,3
T3,2,0,165,6
T4,3,0,26,1
T5,4,1,117,9
[45]
T1,0,0,54,1
T2,1,1,24,2
T3,2,1,200,6
T4,3,1,185,37
T5,4,0,134,1
[46]
T1,0,1,200,19
T2,1,1,66,1
T3,2,1,60,3
T4,3,1,20,1
T5,4,1,155,9
[47]
T1,0,1,146,1
T2,1,1,76,2
T3,2,0,28,2
T4,3,1,200,11
T5,4,1,152,15
[48]
T1,0,1,62,1
T2,1,1,110,3
T3,2,1,150,17
T4,3,1,200,21
T5,4,1,22,2
[49]
T1,0,0,200,2
T2,1,0,82,2
T3,2,0,180,9
T4,3,1,72,9
T5,4,0,32,3
[50]
T1,0,1,200,9
T2,1,1,25,1
T3,2,1,185,9
T4,3,1,118,13
T5,4,1,98,2
[51]
T1,0,0,125,17
T2,1,1,20,2
T3,2,0,98,2
T4,3,0,186,8
T5,4,1,200,13
[52]
T1,0,1,83,1
T2,1,1,20,2
T3,2,0,155,30
T4,3,0,90,2
T5,4,1,200,7
[53]
T1,0,0,90,2
T2,1,1,200,12
T3,2,1,32,4
T4,3,1,174,1
T5,4,0,69,5
[54]
T1,0,0,200,41
T2,1,0,170,3
T3,2,0,137,3
T4,3,1,135,4
T5,4,0,36,2
[55]
T1,0,1,168,3
T2,1,0,50,5
T3,2,0,75,4
T4,3,0,200,18
T5,4,0,69,1
[56]
T1,0,0,200,6
T2,1,1,50,3
T3,2,1,125,3
T4,3,1,60,2
T5,4,1,174,28
[57]
T1,0,1,97,5
T2,1,1,95,2
T3,2,1,200,28
T4,3,0,50,2
T5,4,0,174,10
[58]
T1,0,1,190,5
T2,1,1,90,6
T3,2,1,20,3
T4,3,1,200,1
T5,4,1,63,2
[59]
T1,0,1,200,24
T2,1,0,63,1
T3,2,1,174,8
T4,3,0,100,2
T5,4,1,53,5
[60]
T1,0,1,75,2
T2,1,0,46,2
T3,2,1,200,22
T4,3,1,108,2
T5,4,0,168,13
[61]
T1,0,0,64,5
T2,1,1,153,2
T3,2,0,200,14
T4,3,1,87,5
T5,4,0,40,2
[62]
T1,0,1,175,8
T2,1,1,141,22
T3,2,1,200,11
T4,3,0,129,4
T5,4,1,45,2
[63]
T1,0,1,36,1
T2,1,0,200,9
T3,2,1,125,21
T4,3,0,184,1
T5,4,1,110,3
[64]
T1,0,0,58,2
T2,1,0,200,13
T3,2,0,169,3
T4,3,0,40,1
T5,4,0,109,12
[65]
T1,0,1,24,2
T2,1,1,200,2
T3,2,1,56,2
T4,3,1,181,16
T5,4,0,107,13
[66]
T1,0,1,182,23
T2,1,0,95,8
T3,2,0,46,1
T4,3,1,200,7
T5,4,1,115,2
[67]
T1,0,1,150,4
T2,1,1,200,6
T3,2,0,32,2
T4,3,0,142,7
T5,4,0,92,9
[68]
T1,0,0,200,15
T2,1,0,36,1
T3,2,1,96,2
T4,3,1,187,20
T5,4,0,132,9
[69]
T1,0,1,112,1
T2,1,0,200,5
T3,2,1,70,9
T4,3,1,162,1
T5,4,0,24,2
[70]
T1,0,0,22,2
T2,1,0,113,6
T3,2,0,133,13
T4,3,1,200,9
T5,4,0,150,9
[71]
T1,0,0,96,21
T2,1,1,48,2
T3,2,0,200,3
T4,3,0,88,2
T5,4,0,178,3
[72]
T1,0,1,54,2
T2,1,1,136,5
T3,2,0,200,12
T4,3,0,189,17
T5,4,0,136,9
[73]
T1,0,1,21,2
T2,1,1,70,1
T3,2,0,75,2
T4,3,0,158,18
T5,4,0,200,8
[74]
T1,0,0,41,2
T2,1,0,200,9
T3,2,1,160,3
T4,3,0,92,1
T5,4,0,137,21
[75]
T1,0,0,45,5
T2,1,0,78,2
T3,2,1,132,5
T4,3,0,155,7
T5,4,1,200,14
[76]
T1,0,1,58,5
T2,1,1,200,14
T3,2,1,36,1
T4,3,0,195,15
T5,4,1,99,1
[77]
T1,0,1,66,8
T2,1,1,196,12
T3,2,0,200,8
T4,3,0,31,2
T5,4,0,60,1
[78]
T1,0,1,35,1
T2,1,0,108,14
T3,2,0,75,3
T4,3,0,200,17
T5,4,0,199,1
[79]
T1,0,0,55,9
T2,1,1,41,2
T3,2,1,165,4
T4,3,1,91,4
T5,4,0,200,5
[80]
T1,0,1,36,2
T2,1,1,56,3
T3,2,0,70,2
T4,3,1,172,26
T5,4,0,200,5
[81]
T1,0,1,43,1
T2,1,0,109,14
T3,2,1,200,3
T4,3,1,99,7
T5,4,0,172,7
[82]
T1,0,1,200,20
T2,1,1,35,2
T3,2,0,194,25
T4,3,1,80,3
T5,4,0,106,1
[83]
T1,0,1,68,9
T2,1,1,24,1
T3,2,0,200,1
T4,3,0,100,3
T5,4,0,159,12
[84]
T1,0,1,138,2
T2,1,1,200,7
T3,2,1,56,10
T4,3,1,161,6
T5,4,0,24,2
[85]
T1,0,0,148,15
T2,1,0,200,2
T3,2,1,60,8
T4,3,1,26,2
T5,4,0,143,4
[86]
T1,0,1,132,2
T2,1,0,40,3
T3,2,0,166,11
T4,3,1,76,3
T5,4,0,200,12
[87]
T1,0,1,46,8
T2,1,0,61,3
T3,2,1,150,3
T4,3,1,85,1
T5,4,1,200,2
[88]
T1,0,1,48,4
T2,1,0,126,10
T3,2,1,129,4
T4,3,0,148,6
T5,4,1,200,6
[89]
T1,0,0,28,3
T2,1,0,120,1
T3,2,1,180,2
T4,3,1,128,16
T5,4,1,200,10
[90]
T1,0,0,144,6
T2,1,0,63,1
T3,2,0,200,16
T4,3,0,159,15
T5,4,0,25,1
[91]
T1,0,1,56,2
T2,1,1,165,1
T3,2,0,200,3
T4,3,0,38,3
T5,4,1,123,20
[92]
T1,0,0,182,21
T2,1,0,145,8
T3,2,1,40,2
T4,3,0,124,1
T5,4,1,200,12
[93]
T1,0,0,63,2
T2,1,0,200,24
T3,2,1,22,2
T4,3,1,75,6
T5,4,1,180,7
[94]
T1,0,0,200,4
T2,1,0,174,22
T3,2,0,30,2
T4,3,1,127,5
T5,4,1,132,12
[95]
T1,0,1,187,11
T2,1,0,136,1
T3,2,1,200,35
T4,3,0,50,2
T5,4,0,113,3
[96]
T1,0,0,54,2
T2,1,0,61,3
T3,2,0,54,1
T4,3,0,200,22
T5,4,1,154,9
[97]
T1,0,0,200,44
T2,1,0,150,8
T3,2,0,120,2
T4,3,1,23,2
T5,4,1,136,2
[98]
T1,0,1,36,2
T2,1,0,58,2
T3,2,0,200,29
T4,3,1,137,15
T5,4,1,171,3
[99]
T1,0,1,169,19
T2,1,0,58,7
T3,2,0,200,4
T4,3,1,50,2
T5,4,0,61,1
[100]
T1,0,1,168,3
T2,1,1,142,9
T3,2,0,80,2
T4,3,0,200,19
T5,4,0,22,2
[101]
T1,0,0,200,4
T2,1,0,62,8
T3,2,0,78,1
T4,3,1,184,16
T5,4,0,52,1
[102]
T1,0,0,52,7
T2,1,0,200,13
T3,2,0,130,3
T4,3,1,105,3
T5,4,0,187,4
[103]
T1,0,1,105,7
T2,1,0,80,2
T3,2,0,192,9
T4,3,0,52,5
T5,4,1,200,13
[104]
T1,0,0,144,6
T2,1,1,51,8
T3,2,0,108,7
T4,3,0,200,2
T5,4,1,170,2
[105]
T1,0,0,41,2
T2,1,0,190,7
T3,2,0,200,31
T4,3,0,125,2
T5,4,1,123,5
[106]
T1,0,0,200,23
T2,1,1,91,2
T3,2,1,89,2
T4,3,1,160,11
T5,4,0,26,2
[107]
T1,0,0,90,3
T2,1,0,200,4
T3,2,0,123,13
T4,3,1,180,12
T5,4,1,30,1
[108]
T1,0,1,27,2
T2,1,0,72,9
T3,2,0,84,2
T4,3,0,200,12
T5,4,1,188,16
[109]
T1,0,1,200,27
T2,1,0,118,5
T3,2,0,83,4
T4,3,1,25,2
T5,4,0,156,7
[110]
T1,0,0,200,13
T2,1,0,20,2
T3,2,0,189,11
T4,3,1,88,4
T5,4,0,105,1
[111]
T1,0,1,164,11
T2,1,0,32,1
T3,2,0,100,4
T4,3,1,137,11
T5,4,1,200,6
[112]
T1,0,0,140,12
T2,1,0,117,2
T3,2,1,175,10
T4,3,1,53,3
T5,4,0,200,18
[113]
T1,0,1,121,6
T2,1,0,200,25
T3,2,0,75,1
T4,3,1,29,1
T5,4,1,195,8
[114]
T1,0,0,200,10
T2,1,1,121,17
T3,2,1,36,1
T4,3,0,165,2
T5,4,1,56,2
[115]
T1,0,1,155,1
T2,1,0,129,5
T3,2,0,30,4
T4,3,1,200,4
T5,4,1,132,9
[116]
T1,0,1,48,2
T2,1,0,200,7
T3,2,1,125,14
T4,3,1,94,6
T5,4,1,195,1
[117]
T1,0,1,175,13
T2,1,1,41,2
T3,2,1,200,11
T4,3,1,84,5
T5,4,1,83,2
[118]
T1,0,0,200,11
T2,1,0,56,2
T3,2,1,50,2
T4,3,1,152,8
T5,4,0,137,18
[119]
T1,0,1,200,1
T2,1,0,48,2
T3,2,0,147,1
T4,3,1,182,14
T5,4,0,63,8
[120]
T1,0,1,200,3
T2,1,1,100,6
T3,2,1,184,2
T4,3,0,51,6
T5,4,0,125,9
[121]
T1,0,0,35,2
T2,1,0,200,12
T3,2,1,98,2
T4,3,0,65,3
T5,4,1,168,16
[122]
T1,0,1,200,6
T2,1,1,31,1
T3,2,0,84,2
T4,3,1,93,11
T5,4,1,184,8
[123]
T1,0,1,32,1
T2,1,1,175,2
T3,2,1,103,2
T4,3,0,200,4
T5,4,0,56,11
[124]
T1,0,0,185,3
T2,1,0,37,4
T3,2,0,200,25
T4,3,1,105,1
T5,4,1,140,4
[125]
T1,0,0,160,23
T2,1,0,20,2
T3,2,0,200,6
T4,3,0,101,2
T5,4,0,107,1
[126]
T1,0,0,141,15
T2,1,1,22,2
T3,2,0,200,12
T4,3,0,78,2
T5,4,0,176,18
[127]
T1,0,0,129,14
T2,1,1,130,1
T3,2,1,200,8
T4,3,0,160,14
T5,4,1,21,1
[128]
T1,0,1,157,1
T2,1,0,85,10
T3,2,1,200,25
T4,3,0,20,2
T5,4,0,55,1
[129]
T1,0,0,69,3
T2,1,1,160,3
T3,2,1,121,18
T4,3,0,45,1
T5,4,0,200,6
[130]
T1,0,1,84,2
T2,1,1,20,4
T3,2,0,72,2
T4,3,1,184,1
T5,4,0,200,7
[131]
T1,0,0,68,5
T2,1,0,200,2
T3,2,0,99,2
T4,3,0,29,2
T5,4,0,150,28
[132]
T1,0,1,142,8
T2,1,0,32,1
T3,2,1,135,16
T4,3,0,200,1
T5,4,0,176,13
[133]
T1,0,1,195,5
T2,1,1,22,2
T3,2,1,142,19
T4,3,1,200,20
T5,4,1,90,1
[134]
T1,0,1,24,2
T2,1,1,198,2
T3,2,1,143,2
T4,3,1,126,33
T5,4,0,200,3
[135]
T1,0,0,200,3
T2,1,1,28,1
T3,2,1,133,21
T4,3,1,120,5
T5,4,1,187,1
[136]
T1,0,1,62,2
T2,1,1,190,14
T3,2,1,127,2
T4,3,0,50,2
T5,4,0,200,32
[137]
T1,0,1,200,11
T2,1,0,182,20
T3,2,1,57,2
T4,3,0,42,2
T5,4,1,85,6
[138]
T1,0,0,98,9
T2,1,0,88,4
T3,2,1,35,2
T4,3,0,196,4
T5,4,0,200,13
[139]
T1,0,1,40,2
T2,1,1,188,23
T3,2,1,200,6
T4,3,1,63,5
T5,4,0,89,5
[140]
T1,0,1,64,3
T2,1,0,200,1
T3,2,0,147,19
T4,3,1,25,2
T5,4,0,175,3
[141]
T1,0,0,150,2
T2,1,1,200,13
T3,2,0,34,4
T4,3,1,123,3
T5,4,1,123,8
[142]
T1,0,1,64,1
T2,1,0,130,2
T3,2,0,200,5
T4,3,0,184,32
T5,4,0,36,1
[143]
T1,0,1,170,1
T2,1,1,143,2
T3,2,0,116,8
T4,3,0,29,2
T5,4,1,200,35
[144]
T1,0,0,145,2
T2,1,1,200,13
T3,2,0,190,24
T4,3,1,32,1
T5,4,1,60,2
[145]
T1,0,1,172,7
T2,1,1,23,2
T3,2,1,69,1
T4,3,0,137,8
T5,4,1,200,25
[146]
T1,0,1,40,1
T2,1,0,138,4
T3,2,0,200,29
T4,3,1,159,10
T5,4,0,131,1
[147]
T1,0,0,25,1
T2,1,0,200,2
T3,2,1,96,10
T4,3,0,68,2
T5,4,0,185,26
[148]
T1,0,0,140,1
T2,1,1,182,12
T3,2,0,26,1
T4,3,1,200,32
T5,4,0,81,1
[149]
T1,0,0,200,4
T2,1,0,48,2
T3,2,1,55,2
T4,3,1,184,45
T5,4,1,76,1
[150]
T1,0,1,82,2
T2,1,0,175,13
T3,2,0,120,11
T4,3,0,200,18
T5,4,0,38,2
[151]
T1,0,1,200,5
T2,1,1,70,6
T3,2,0,164,21
T4,3,0,76,2
T5,4,1,21,2
[152]
T1,0,1,48,2
T2,1,1,162,19
T3,2,0,130,12
T4,3,1,200,2
T5,4,1,66,2
[153]
T1,0,0,200,31
T2,1,0,139,4
T3,2,1,150,5
T4,3,0,108,6
T5,4,0,48,2
[154]
T1,0,1,22,2
T2,1,1,200,9
T3,2,0,94,7
T4,3,0,70,1
T5,4,1,198,23
[155]
T1,0,0,200,8
T2,1,0,57,2
T3,2,0,178,6
T4,3,1,56,4
T5,4,0,32,4
[156]
T1,0,1,200,3
T2,1,1,158,2
T3,2,1,78,1
T4,3,0,112,22
T5,4,0,25,1
[157]
T1,0,0,94,14
T2,1,1,198,5
T3,2,1,200,10
T4,3,1,141,1
T5,4,0,25,1
[158]
T1,0,1,58,2
T2,1,1,166,24
T3,2,0,84,5
T4,3,1,200,2
T5,4,0,25,1
[159]
T1,0,1,29,4
T2,1,1,110,1
T3,2,1,190,12
T4,3,1,114,4
T5,4,1,200,6
[160]
T1,0,1,93,3
T2,1,1,168,29
T3,2,1,133,8
T4,3,0,200,4
T5,4,1,32,2
[161]
T1,0,1,150,2
T2,1,1,92,3
T3,2,0,200,14
T4,3,0,23,2
T5,4,1,147,19
[162]
T1,0,1,200,37
T2,1,1,183,1
T3,2,1,92,9
T4,3,1,30,2
T5,4,0,55,2
[163]
T1,0,1,200,9
T2,1,1,112,8
T3,2,1,159,14
T4,3,1,53,2
T5,4,1,78,3
[164]
T1,0,1,88,3
T2,1,1,140,6
T3,2,0,177,7
T4,3,0,32,2
T5,4,0,200,34
[165]
T1,0,1,200,13
T2,1,0,112,5
T3,2,1,153,2
T4,3,1,21,2
T5,4,0,124,19
[166]
T1,0,1,103,4
T2,1,1,48,2
T3,2,1,121,7
T4,3,0,192,9
T5,4,1,200,26
[167]
T1,0,0,67,1
T2,1,0,84,7
T3,2,1,200,3
T4,3,1,36,4
T5,4,1,172,6
[168]
T1,0,1,200,1
T2,1,0,105,8
T3,2,0,166,24
T4,3,1,42,2
T5,4,1,140,1
[169]
T1,0,1,180,8
T2,1,0,44,3
T3,2,1,74,5
T4,3,1,200,20
T5,4,0,94,2
[170]
T1,0,1,107,6
T2,1,0,60,4
T3,2,0,200,22
T4,3,0,40,2
T5,4,1,163,2
[171]
T1,0,1,200,14
T2,1,0,194,3
T3,2,1,100,12
T4,3,0,47,1
T5,4,1,134,8
[172]
T1,0,1,78,2
T2,1,0,200,21
T3,2,1,172,16
T4,3,0,101,1
T5,4,1,50,2
[173]
T1,0,0,77,3
T2,1,1,21,2
T3,2,0,200,7
T4,3,0,92,1
T5,4,0,154,28
[174]
T1,0,1,170,10
T2,1,1,145,2
T3,2,1,50,5
T4,3,0,107,10
T5,4,1,200,4
[175]
T1,0,1,180,2
T2,1,1,45,1
T3,2,0,135,12
T4,3,0,68,3
T5,4,1,200,20
[176]
T1,0,0,161,2
T2,1,1,78,17
T3,2,1,42,2
T4,3,1,200,2
T5,4,1,100,2
[177]
T1,0,0,111,9
T2,1,1,57,2
T3,2,1,200,9
T4,3,1,53,3
T5,4,1,150,13
[178]
T1,0,0,25,2
T2,1,1,175,15
T3,2,1,200,17
T4,3,1,135,13
T5,4,0,69,2
[179]
T1,0,0,126,2
T2,1,0,93,1
T3,2,1,161,3
T4,3,0,200,41
T5,4,0,48,1
[180]
T1,0,0,138,5
T2,1,0,133,16
T3,2,0,183,4
T4,3,1,25,2
T5,4,0,200,3
[181]
T1,0,1,150,15
T2,1,0,147,1
T3,2,0,40,2
T4,3,1,200,3
T5,4,1,66,9
[182]
T1,0,1,132,2
T2,1,1,24,1
T3,2,0,175,28
T4,3,0,130,1
T5,4,1,200,9
[183]
T1,0,0,200,2
T2,1,1,147,6
T3,2,1,161,22
T4,3,1,20,1
T5,4,0,83,2
[184]
T1,0,1,158,3
T2,1,1,114,2
T3,2,0,79,7
T4,3,0,50,5
T5,4,1,200,8
[185]
T1,0,1,200,15
T2,1,1,35,2
T3,2,1,64,1
T4,3,1,98,7
T5,4,1,166,19
[186]
T1,0,1,25,2
T2,1,0,200,5
T3,2,0,125,2
T4,3,1,135,21
T5,4,0,184,2
[187]
T1,0,0,200,18
T2,1,1,30,3
T3,2,0,164,4
T4,3,0,132,1
T5,4,0,92,5
[188]
T1,0,0,136,5
T2,1,1,45,7
T3,2,0,200,1
T4,3,0,189,17
T5,4,0,108,2
[189]
T1,0,1,45,2
T2,1,0,186,14
T3,2,0,130,3
T4,3,1,200,28
T5,4,0,114,4
[190]
T1,0,0,190,6
T2,1,0,200,24
T3,2,1,25,1
T4,3,0,140,1
T5,4,1,113,10
[191]
T1,0,0,200,5
T2,1,0,178,24
T3,2,0,61,3
T4,3,0,135,9
T5,4,1,36,2
[192]
T1,0,1,131,7
T2,1,1,40,2
T3,2,1,200,1
T4,3,0,162,3
T5,4,1,116,18
[193]
T1,0,0,123,2
T2,1,1,200,7
T3,2,1,198,7
T4,3,1,113,1
T5,4,1,22,4
[194]
T1,0,1,105,7
T2,1,1,179,10
T3,2,0,42,3
T4,3,1,78,4
T5,4,0,200,7
[195]
T1,0,0,193,29
T2,1,1,200,10
T3,2,0,60,2
T4,3,0,25,1
T5,4,0,67,2
[196]
T1,0,0,120,21
T2,1,0,200,7
T3,2,1,59,2
T4,3,1,162,2
T5,4,0,26,1
[197]
T1,0,1,23,1
T2,1,1,139,17
T3,2,0,160,1
T4,3,1,200,3
T5,4,0,138,13
[198]
T1,0,0,68,1
T2,1,1,200,14
T3,2,1,162,25
T4,3,0,68,2
T5,4,1,20,2
[199]
T1,0,0,180,17
T2,1,1,88,10
T3,2,1,20,2
T4,3,1,96,2
T5,4,0,200,6
[200]
T1,0,1,95,2
T2,1,1,25,2
T3,2,0,200,19
T4,3,0,168,2
T5,4,0,82,14
[201]
T1,0,0,48,3
T2,1,0,98,2
T3,2,1,56,4
T4,3,0,177,18
T5,4,1,200,10
[202]
T1,0,1,132,1
T2,1,0,136,14
T3,2,0,199,16
T4,3,1,34,3
T5,4,1,200,2
[203]
T1,0,1,168,1
T2,1,0,143,3
T3,2,0,200,35
T4,3,1,28,2
T5,4,0,61,2
[204]
T1,0,0,200,13
T2,1,1,153,8
T3,2,1,45,5
T4,3,0,116,5
T5,4,1,100,2
[205]
T1,0,0,172,16
T2,1,0,112,7
T3,2,1,28,3
T4,3,1,200,2
T5,4,1,97,1
[206]
T1,0,1,82,2
T2,1,0,54,2
T3,2,0,186,17
T4,3,1,20,1
T5,4,1,200,11
[207]
T1,0,1,185,18
T2,1,1,114,13
T3,2,0,200,4
T4,3,1,35,1
T5,4,0,84,1
[208]
T1,0,0,36,6
T2,1,0,75,2
T3,2,1,86,2
T4,3,1,200,16
T5,4,0,150,1
[209]
T1,0,1,200,4
T2,1,1,125,3
T3,2,0,86,2
T4,3,1,30,5
T5,4,0,154,2
[210]
T1,0,0,200,4
T2,1,1,195,16
T3,2,1,98,2
T4,3,1,126,8
T5,4,0,39,3
[211]
T1,0,1,170,25
T2,1,0,64,3
T3,2,0,200,4
T4,3,1,63,3
T5,4,0,28,2
[212]
T1,0,0,50,4
T2,1,0,67,4
T3,2,0,200,3
T4,3,1,165,10
T5,4,0,90,6
[213]
T1,0,1,59,2
T2,1,0,58,8
T3,2,1,168,11
T4,3,0,28,2
T5,4,0,200,7
[214]
T1,0,0,68,1
T2,1,1,200,35
T3,2,0,163,5
T4,3,0,89,4
T5,4,0,25,2
[215]
T1,0,0,117,1
T2,1,0,45,2
T3,2,0,124,8
T4,3,0,200,30
T5,4,1,190,8
[216]
T1,0,0,140,7
T2,1,1,171,11
T3,2,0,64,2
T4,3,1,200,12
T5,4,1,25,2
[217]
T1,0,1,70,3
T2,1,0,195,13
T3,2,0,107,1
T4,3,0,42,2
T5,4,1,200,30
[218]
T1,0,1,200,7
T2,1,1,147,5
T3,2,1,174,27
T4,3,0,40,2
T5,4,0,98,5
[219]
T1,0,1,158,21
T2,1,1,200,17
T3,2,1,99,2
T4,3,1,47,2
T5,4,1,94,1
[220]
T1,0,1,123,7
T2,1,1,200,5
T3,2,0,138,10
T4,3,1,52,6
T5,4,0,160,1
[221]
T1,0,0,50,1
T2,1,1,186,4
T3,2,0,200,12
T4,3,1,106,10
T5,4,0,57,4
[222]
T1,0,1,96,8
T2,1,0,130,2
T3,2,0,48,1
T4,3,0,180,28
T5,4,0,200,1
[223]
T1,0,1,48,3
T2,1,0,200,1
T3,2,1,80,6
T4,3,1,188,15
T5,4,1,64,3
[224]
T1,0,0,200,2
T2,1,1,125,20
T3,2,1,47,2
T4,3,0,152,16
T5,4,1,61,2
[225]
T1,0,0,200,3
T2,1,0,130,1
T3,2,0,45,2
T4,3,0,160,26
T5,4,1,78,3
[226]
T1,0,0,78,2
T2,1,0,200,2
T3,2,0,88,9
T4,3,0,30,4
T5,4,1,183,7
[227]
T1,0,0,200,8
T2,1,1,44,1
T3,2,1,156,2
T4,3,0,83,12
T5,4,0,104,6
[228]
T1,0,1,160,2
T2,1,0,74,2
T3,2,0,26,2
T4,3,0,104,18
T5,4,0,200,15
[229]
T1,0,1,188,7
T2,1,1,80,5
T3,2,0,200,17
T4,3,1,117,8
T5,4,0,52,1
[230]
T1,0,1,150,2
T2,1,0,103,1
T3,2,0,200,20
T4,3,1,104,12
T5,4,1,40,2
[231]
T1,0,0,25,2
T2,1,0,177,4
T3,2,0,143,4
T4,3,0,200,2
T5,4,1,69,13
[232]
T1,0,0,83,13
T2,1,1,185,3
T3,2,1,200,3
T4,3,0,114,9
T5,4,0,24,2
[233]
T1,0,1,157,1
T2,1,1,115,1
T3,2,0,200,6
T4,3,1,20,4
T5,4,0,76,2
[234]
T1,0,0,99,5
T2,1,0,180,4
T3,2,0,49,6
T4,3,1,200,14
T5,4,0,76,2
[235]
T1,0,1,160,1
T2,1,0,90,15
T3,2,1,119,5
T4,3,1,200,3
T5,4,0,23,1
[236]
T1,0,0,140,18
T2,1,0,40,1
T3,2,1,200,2
T4,3,0,135,9
T5,4,1,148,8
[237]
T1,0,1,140,24
T2,1,0,140,3
T3,2,0,200,5
T4,3,1,35,2
T5,4,0,184,2
[238]
T1,0,0,150,38
T2,1,1,35,2
T3,2,0,93,1
T4,3,0,200,2
T5,4,0,75,2
[239]
T1,0,0,175,7
T2,1,0,66,1
T3,2,1,20,2
T4,3,1,200,11
T5,4,1,144,19
[240]
T1,0,1,200,13
T2,1,1,21,2
T3,2,0,154,8
T4,3,1,136,9
T5,4,0,108,1
[241]
T1,0,1,118,5
T2,1,1,26,2
T3,2,0,136,3
T4,3,0,187,26
T5,4,0,200,12
[242]
T1,0,1,27,2
T2,1,1,67,5
T3,2,1,186,12
T4,3,0,125,7
T5,4,0,200,15
[243]
T1,0,0,164,16
T2,1,0,117,1
T3,2,1,98,12
T4,3,1,40,2
T5,4,0,200,7
[244]
T1,0,0,200,7
T2,1,0,20,2
T3,2,0,184,5
T4,3,0,127,5
T5,4,0,92,16
[245]
T1,0,0,85,7
T2,1,1,53,2
T3,2,1,129,18
T4,3,0,200,6
T5,4,1,150,2
[246]
T1,0,1,160,7
T2,1,0,200,7
T3,2,0,40,4
T4,3,1,106,2
T5,4,0,92,8
[247]
T1,0,1,200,10
T2,1,1,90,2
T3,2,0,110,1
T4,3,1,20,3
T5,4,1,152,8
[248]
T1,0,0,120,1
T2,1,0,153,14
T3,2,1,200,18
T4,3,1,114,7
T5,4,1,34,2
[249]
T1,0,0,50,2
T2,1,1,57,2
T3,2,1,65,8
T4,3,1,200,3
T5,4,0,170,17
[250]
T1,0,1,104,4
T2,1,0,35,3
T3,2,0,154,2
T4,3,0,200,23
T5,4,1,89,2
[251]
T1,0,1,38,3
T2,1,0,105,13
T3,2,1,104,2
T4,3,1,200,5
T5,4,1,180,3
[252]
T1,0,0,42,2
T2,1,1,136,19
T3,2,0,175,2
T4,3,0,200,16
T5,4,0,89,2
[253]
T1,0,1,100,4
T2,1,1,200,20
T3,2,0,161,12
T4,3,0,38,2
T5,4,1,98,2
[254]
T1,0,0,117,4
T2,1,1,180,5
T3,2,1,76,2
T4,3,0,200,38
T5,4,1,25,2
[255]
T1,0,1,68,10
T2,1,0,20,2
T3,2,1,159,5
T4,3,0,200,7
T5,4,1,97,4
[256]
T1,0,1,200,6
T2,1,1,135,6
T3,2,1,50,6
T4,3,0,80,5
T5,4,0,168,2
[257]
T1,0,0,200,11
T2,1,0,93,3
T3,2,1,50,5
T4,3,1,126,5
T5,4,1,160,9
[258]
T1,0,0,64,1
T2,1,0,30,2
T3,2,1,61,2
T4,3,1,200,19
T5,4,1,196,10
[259]
T1,0,1,104,2
T2,1,0,25,1
T3,2,1,200,22
T4,3,0,190,4
T5,4,1,73,5
[260]
T1,0,0,200,3
T2,1,1,33,1
T3,2,1,91,3
T4,3,0,112,12
T5,4,0,192,16
[261]
T1,0,0,198,10
T2,1,0,140,7
T3,2,0,200,21
T4,3,1,121,5
T5,4,1,48,1
[262]
T1,0,1,197,7
T2,1,0,112,12
T3,2,0,75,1
T4,3,1,25,1
T5,4,1,200,16
[263]
T1,0,0,35,7
T2,1,0,105,2
T3,2,0,166,2
T4,3,1,111,2
T5,4,0,200,12
[264]
T1,0,0,91,2
T2,1,1,28,2
T3,2,0,200,17
T4,3,0,127,14
T5,4,0,176,7
[265]
T1,0,1,126,5
T2,1,0,113,13
T3,2,1,153,8
T4,3,0,200,1
T5,4,1,27,2
[266]
T1,0,1,135,13
T2,1,0,136,6
T3,2,0,157,5
T4,3,0,27,1
T5,4,1,200,16
[267]
T1,0,1,54,2
T2,1,0,184,4
T3,2,1,96,6
T4,3,1,30,1
T5,4,1,200,31
[268]
T1,0,1,50,8
T2,1,1,184,3
T3,2,0,92,1
T4,3,0,200,19
T5,4,0,94,2
[269]
T1,0,1,30,2
T2,1,0,176,1
T3,2,0,54,4
T4,3,0,87,5
T5,4,1,200,24
[270]
T1,0,1,200,10
T2,1,1,96,16
T3,2,1,107,2
T4,3,0,32,2
T5,4,1,172,4
[271]
T1,0,0,82,6
T2,1,1,175,8
T3,2,1,53,6
T4,3,0,126,2
T5,4,1,200,8
[272]
T1,0,1,132,20
T2,1,1,20,2
T3,2,0,200,1
T4,3,0,188,14
T5,4,0,85,1
[273]
T1,0,1,45,2
T2,1,1,103,4
T3,2,0,200,4
T4,3,1,134,23
T5,4,0,168,2
[274]
T1,0,0,96,18
T2,1,0,200,9
T3,2,1,77,2
T4,3,1,51,2
T5,4,0,165,5
[275]
T1,0,0,60,4
T2,1,0,46,2
T3,2,0,195,1
T4,3,0,200,11
T5,4,0,104,12
[276]
T1,0,0,63,10
T2,1,0,168,8
T3,2,0,200,9
T4,3,1,28,2
T5,4,1,110,2
[277]
T1,0,1,78,2
T2,1,0,40,1
T3,2,0,200,14
T4,3,1,117,19
T5,4,0,174,2
[278]
T1,0,1,72,2
T2,1,1,20,1
T3,2,0,124,11
T4,3,0,188,13
T5,4,0,200,6
[279]
T1,0,1,110,1
T2,1,1,200,16
T3,2,0,94,3
T4,3,0,51,4
T5,4,0,165,12
[280]
T1,0,1,93,4
T2,1,1,150,4
T3,2,0,81,4
T4,3,0,200,19
T5,4,0,49,3
[281]
T1,0,1,200,6
T2,1,0,34,2
T3,2,1,77,3
T4,3,1,190,17
T5,4,1,114,6
[282]
T1,0,0,200,18
T2,1,1,35,1
T3,2,1,98,6
T4,3,1,55,2
T5,4,1,156,15
[283]
T1,0,1,126,1
T2,1,0,200,22
T3,2,0,116,12
T4,3,1,150,2
T5,4,1,21,1
[284]
T1,0,0,174,2
T2,1,0,112,2
T3,2,0,200,10
T4,3,1,138,22
T5,4,0,50,3
[285]
T1,0,0,25,2
T2,1,1,200,1
T3,2,0,185,15
T4,3,0,124,19
T5,4,1,92,3
[286]
T1,0,0,45,4
T2,1,0,200,1
T3,2,1,152,16
T4,3,0,112,8
T5,4,0,66,2
[287]
T1,0,1,96,2
T2,1,1,94,2
T3,2,1,200,44
T4,3,0,38,2
T5,4,0,190,5
[288]
T1,0,0,200,9
T2,1,0,38,2
T3,2,0,79,3
T4,3,0,192,1
T5,4,1,144,18
[289]
T1,0,1,174,1
T2,1,1,200,14
T3,2,1,80,2
T4,3,1,85,13
T5,4,0,34,2
[290]
T1,0,0,20,2
T2,1,0,200,9
T3,2,0,113,8
T4,3,1,192,1
T5,4,1,115,19
[291]
T1,0,0,168,16
T2,1,1,104,15
T3,2,0,21,2
T4,3,0,200,1
T5,4,1,108,2
[292]
T1,0,1,28,1
T2,1,0,196,11
T3,2,0,129,9
T4,3,1,92,9
T5,4,1,200,4
[293]
T1,0,1,200,9
T2,1,0,132,7
T3,2,1,154,2
T4,3,1,44,4
T5,4,0,141,13
[294]
T1,0,0,58,6
T2,1,0,200,6
T3,2,0,178,1
T4,3,0,25,2
T5,4,0,113,16
[295]
T1,0,1,200,25
T2,1,1,124,1
T3,2,1,159,3
T4,3,0,30,2
T5,4,1,138,5
[296]
T1,0,0,90,4
T2,1,0,20,1
T3,2,0,200,1
T4,3,0,188,4
T5,4,0,71,11
[297]
T1,0,1,119,11
T2,1,1,52,2
T3,2,0,200,27
T4,3,0,78,2
T5,4,1,168,9
[298]
T1,0,1,200,7
T2,1,1,50,2
T3,2,0,124,17
T4,3,0,59,2
T5,4,0,156,3
[299]
T1,0,0,124,2
T2,1,0,166,5
T3,2,0,200,18
T4,3,0,117,6
T5,4,1,20,2
[300]
T1,0,0,112,2
T2,1,0,24,2
T3,2,1,177,6
T4,3,1,104,13
T5,4,0,200,17
[301]
T1,0,1,40,3
T2,1,1,200,8
T3,2,1,154,3
T4,3,0,99,11
T5,4,0,137,4
[302]
T1,0,1,31,2
T2,1,0,117,10
T3,2,0,124,13
T4,3,1,164,11
T5,4,1,200,3
[303]
T1,0,1,24,2
T2,1,0,56,1
T3,2,1,200,12
T4,3,1,118,9
T5,4,1,165,7
[304]
T1,0,1,155,2
T2,1,0,73,8
T3,2,1,24,1
T4,3,1,86,2
T5,4,1,200,17
[305]
T1,0,1,200,27
T2,1,1,174,10
T3,2,0,132,2
T4,3,1,40,2
T5,4,1,91,6
[306]
T1,0,1,200,4
T2,1,1,66,3
T3,2,0,22,2
T4,3,0,56,8
T5,4,1,165,11
[307]
T1,0,0,81,2
T2,1,0,137,12
T3,2,0,200,6
T4,3,1,27,1
T5,4,1,195,18
[308]
T1,0,1,114,2
T2,1,1,130,8
T3,2,1,50,4
T4,3,0,200,22
T5,4,0,188,2
[309]
T1,0,0,200,3
T2,1,1,160,2
T3,2,1,24,4
T4,3,0,76,2
T5,4,1,136,6
[310]
T1,0,1,64,5
T2,1,1,187,4
T3,2,1,200,20
T4,3,1,30,2
T5,4,1,91,2
[311]
T1,0,1,200,2
T2,1,0,85,6
T3,2,1,85,12
T4,3,1,172,3
T5,4,0,32,1
[312]
T1,0,0,65,8
T2,1,1,200,7
T3,2,0,64,2
T4,3,1,155,2
T5,4,0,34,3
[313]
T1,0,0,92,9
T2,1,0,180,18
T3,2,0,57,2
T4,3,1,200,10
T5,4,1,42,1
[314]
T1,0,1,40,1
T2,1,0,200,8
T3,2,0,196,8
T4,3,0,60,7
T5,4,1,59,2
[315]
T1,0,0,200,26
T2,1,0,175,16
T3,2,1,100,3
T4,3,0,48,1
T5,4,1,111,2
[316]
T1,0,1,43,3
T2,1,1,138,14
T3,2,1,172,1
T4,3,0,81,4
T5,4,0,200,11
[317]
T1,0,1,164,12
T2,1,0,105,1
T3,2,1,37,4
T4,3,0,200,11
T5,4,0,123,4
[318]
T1,0,0,39,2
T2,1,1,98,13
T3,2,1,156,12
T4,3,0,200,3
T5,4,0,142,2
[319]
T1,0,0,129,21
T2,1,1,74,1
T3,2,0,198,15
T4,3,0,200,4
T5,4,0,36,2
[320]
T1,0,1,127,26
T2,1,1,180,6
T3,2,0,38,2
T4,3,0,200,1
T5,4,0,102,2
[321]
T1,0,1,106,1
T2,1,0,123,7
T3,2,1,200,8
T4,3,1,24,3
T5,4,0,190,4
[322]
T1,0,1,200,2
T2,1,0,109,4
T3,2,0,196,15
T4,3,1,25,3
T5,4,1,116,3
[323]
T1,0,0,91,4
T2,1,0,137,19
T3,2,1,200,2
T4,3,0,160,5
T5,4,0,20,1
[324]
T1,0,0,169,7
T2,1,0,56,3
T3,2,0,200,10
T4,3,0,20,2
T5,4,1,141,14
[325]
T1,0,0,200,6
T2,1,0,130,7
T3,2,1,27,2
T4,3,0,165,21
T5,4,0,92,5
[326]
T1,0,0,20,2
T2,1,0,154,21
T3,2,1,200,17
T4,3,1,68,1
T5,4,0,99,2
[327]
T1,0,0,97,3
T2,1,1,200,12
T3,2,1,26,2
T4,3,0,107,2
T5,4,0,150,28
[328]
T1,0,0,82,11
T2,1,1,200,20
T3,2,0,100,1
T4,3,0,25,2
T5,4,1,164,3
[329]
T1,0,0,108,15
T2,1,0,200,9
T3,2,1,83,3
T4,3,0,50,2
T5,4,0,150,3
[330]
T1,0,0,34,1
T2,1,0,112,2
T3,2,1,114,22
T4,3,1,190,1
T5,4,0,200,5
[331]
T1,0,1,96,11
T2,1,0,30,2
T3,2,0,180,1
T4,3,0,86,2
T5,4,1,200,21
[332]
T1,0,1,60,1
T2,1,0,22,1
T3,2,1,154,8
T4,3,1,200,1
T5,4,1,106,16
[333]
T1,0,0,124,10
T2,1,1,200,8
T3,2,0,44,1
T4,3,0,76,1
T5,4,1,154,19
[334]
T1,0,1,127,3
T2,1,0,195,17
T3,2,1,137,17
T4,3,1,20,2
T5,4,0,200,2
[335]
T1,0,0,85,1
T2,1,1,34,7
T3,2,0,119,1
T4,3,1,200,2
T5,4,1,166,5
[336]
T1,0,1,162,12
T2,1,1,90,5
T3,2,1,52,5
T4,3,0,135,2
T5,4,1,200,12
[337]
T1,0,0,144,3
T2,1,1,24,2
T3,2,0,90,1
T4,3,0,200,13
T5,4,1,181,14
[338]
T1,0,0,80,2
T2,1,0,106,5
T3,2,0,47,7
T4,3,0,200,7
T5,4,0,195,10
[339]
T1,0,0,46,2
T2,1,1,77,3
T3,2,1,200,5
T4,3,0,115,22
T5,4,0,169,5
[340]
T1,0,0,127,2
T2,1,1,200,33
T3,2,0,42,2
T4,3,1,105,4
T5,4,0,169,9
[341]
T1,0,1,54,5
T2,1,1,35,2
T3,2,1,200,12
T4,3,1,143,4
T5,4,1,160,2
[342]
T1,0,0,137,21
T2,1,1,136,11
T3,2,1,150,6
T4,3,1,200,2
T5,4,0,31,2
[343]
T1,0,0,88,2
T2,1,0,200,20
T3,2,0,65,2
T4,3,1,164,2
T5,4,0,36,4
[344]
T1,0,1,148,19
T2,1,1,50,1
T3,2,1,112,6
T4,3,0,113,7
T5,4,0,200,4
[345]
T1,0,0,162,1
T2,1,0,200,1
T3,2,1,22,3
T4,3,1,72,3
T5,4,1,84,7
[346]
T1,0,0,38,1
T2,1,1,85,1
T3,2,1,200,11
T4,3,1,72,8
T5,4,1,170,8
[347]
T1,0,1,116,1
T2,1,0,200,6
T3,2,0,50,11
T4,3,1,58,1
T5,4,0,196,2
[348]
T1,0,1,58,2
T2,1,1,89,10
T3,2,0,200,9
T4,3,0,34,2
T5,4,0,150,18
[349]
T1,0,0,21,2
T2,1,0,200,4
T3,2,0,93,17
T4,3,0,118,2
T5,4,1,155,6
[350]
T1,0,0,200,3
T2,1,1,103,18
T3,2,1,48,2
T4,3,0,154,7
T5,4,1,110,4
[351]
T1,0,1,200,7
T2,1,0,89,6
T3,2,1,96,13
T4,3,1,21,2
T5,4,0,198,4
[352]
T1,0,1,39,2
T2,1,1,200,2
T3,2,1,182,18
T4,3,1,70,3
T5,4,0,103,11
[353]
T1,0,0,200,9
T2,1,0,63,11
T3,2,0,165,2
T4,3,1,135,3
T5,4,1,52,1
[354]
T1,0,1,110,5
T2,1,0,200,3
T3,2,0,20,1
T4,3,0,130,5
T5,4,0,178,22
[355]
T1,0,0,200,25
T2,1,1,21,2
T3,2,1,162,16
T4,3,0,70,4
T5,4,1,147,2
[356]
T1,0,0,124,6
T2,1,0,20,2
T3,2,0,64,5
T4,3,0,200,23
T5,4,1,187,7
[357]
T1,0,0,64,7
T2,1,0,153,1
T3,2,1,24,3
T4,3,1,200,2
T5,4,0,123,3
[358]
T1,0,0,168,2
T2,1,0,24,3
T3,2,0,132,7
T4,3,1,200,12
T5,4,1,146,1
[359]
T1,0,1,140,3
T2,1,1,200,44
T3,2,0,21,2
T4,3,0,172,2
T5,4,0,142,3
[360]
T1,0,1,200,3
T2,1,0,108,6
T3,2,0,84,4
T4,3,0,165,24
T5,4,0,40,2
[361]
T1,0,0,76,7
T2,1,0,189,21
T3,2,1,54,2
T4,3,0,66,3
T5,4,1,200,2
[362]
T1,0,1,24,2
T2,1,1,156,2
T3,2,1,200,19
T4,3,1,103,1
T5,4,1,106,14
[363]
T1,0,0,140,1
T2,1,0,152,6
T3,2,1,200,23
T4,3,0,52,1
T5,4,1,132,13
[364]
T1,0,1,121,11
T2,1,1,200,24
T3,2,1,120,5
T4,3,0,25,2
T5,4,1,170,6
[365]
T1,0,0,75,2
T2,1,1,42,3
T3,2,1,141,5
T4,3,1,195,22
T5,4,0,200,12
[366]
T1,0,0,150,6
T2,1,0,31,3
T3,2,1,200,3
T4,3,0,96,9
T5,4,0,114,2
[367]
T1,0,0,67,4
T2,1,1,108,8
T3,2,1,27,2
T4,3,1,200,20
T5,4,0,150,5
[368]
T1,0,1,116,16
T2,1,0,29,2
T3,2,1,92,8
T4,3,0,200,5
T5,4,1,166,3
[369]
T1,0,1,54,1
T2,1,0,200,10
T3,2,1,165,4
T4,3,1,89,6
T5,4,0,33,3
[370]
T1,0,0,76,2
T2,1,1,163,24
T3,2,1,24,2
T4,3,1,120,13
T5,4,1,200,2
[371]
T1,0,0,21,1
T2,1,1,180,6
T3,2,0,108,5
T4,3,1,200,10
T5,4,0,88,9
[372]
T1,0,0,115,14
T2,1,1,200,10
T3,2,1,184,9
T4,3,1,100,5
T5,4,1,40,2
[373]
T1,0,0,103,11
T2,1,0,171,21
T3,2,0,46,2
T4,3,1,200,2
T5,4,0,60,2
[374]
T1,0,0,195,21
T2,1,1,200,10
T3,2,1,100,2
T4,3,1,81,8
T5,4,1,21,2
[375]
T1,0,1,200,19
T2,1,0,27,1
T3,2,1,105,2
T4,3,0,112,6
T5,4,0,195,9
[376]
T1,0,0,155,5
T2,1,1,129,16
T3,2,1,135,2
T4,3,0,32,2
T5,4,0,200,25
[377]
T1,0,1,200,20
T2,1,1,132,7
T3,2,0,181,9
T4,3,0,34,2
T5,4,1,100,6
[378]
T1,0,0,168,5
T2,1,0,136,5
T3,2,1,200,9
T4,3,0,55,1
T5,4,0,39,5
[379]
T1,0,0,103,1
T2,1,0,114,13
T3,2,1,192,4
T4,3,0,200,6
T5,4,1,20,2
[380]
T1,0,0,100,6
T2,1,0,200,11
T3,2,0,40,1
T4,3,0,126,2
T5,4,1,153,18
[381]
T1,0,1,200,15
T2,1,1,198,20
T3,2,1,100,1
T4,3,0,76,3
T5,4,1,44,2
[382]
T1,0,1,139,1
T2,1,0,156,13
T3,2,0,200,3
T4,3,1,49,7
T5,4,0,147,4
[383]
T1,0,0,109,1
T2,1,0,20,2
T3,2,0,193,11
T4,3,1,200,15
T5,4,0,68,2
[384]
T1,0,1,159,5
T2,1,1,66,4
T3,2,0,200,9
T4,3,1,72,4
T5,4,1,48,3
[385]
T1,0,0,174,2
T2,1,1,99,4
T3,2,1,200,6
T4,3,0,80,3
T5,4,0,22,3
[386]
T1,0,0,77,4
T2,1,1,27,2
T3,2,0,200,23
T4,3,0,189,4
T5,4,1,108,2
[387]
T1,0,1,100,1
T2,1,0,98,2
T3,2,0,34,2
T4,3,0,167,19
T5,4,1,200,17
[388]
T1,0,0,121,5
T2,1,1,69,9
T3,2,1,25,2
T4,3,0,170,3
T5,4,1,200,17
[389]
T1,0,0,52,6
T2,1,1,160,16
T3,2,0,200,6
T4,3,0,54,2
T5,4,1,104,2
[390]
T1,0,0,49,4
T2,1,0,175,4
T3,2,0,145,2
T4,3,0,200,33
T5,4,1,126,2
[391]
T1,0,1,149,15
T2,1,1,200,3
T3,2,0,24,2
T4,3,0,90,2
T5,4,1,72,11
[392]
T1,0,0,152,2
T2,1,0,57,3
T3,2,0,35,5
T4,3,0,200,14
T5,4,0,91,2
[393]
T1,0,1,200,1
T2,1,1,61,3
T3,2,1,33,2
T4,3,1,126,10
T5,4,1,183,23
[394]
T1,0,0,142,3
T2,1,0,36,2
T3,2,0,115,10
T4,3,1,165,14
T5,4,1,200,6
[395]
T1,0,0,70,7
T2,1,0,72,2
T3,2,1,44,2
T4,3,1,200,2
T5,4,0,171,25
[396]
T1,0,0,144,2
T2,1,0,26,2
T3,2,1,140,11
T4,3,0,200,1
T5,4,0,184,28
[397]
T1,0,1,200,13
T2,1,0,98,3
T3,2,0,166,1
T4,3,1,110,4
T5,4,0,50,7
[398]
T1,0,1,62,1
T2,1,0,103,2
T3,2,1,175,6
T4,3,0,200,27
T5,4,1,36,3
[399]
T1,0,0,159,14
T2,1,0,40,1
T3,2,0,71,4
T4,3,0,200,12
T5,4,1,66,3
[400]
T1,0,1,21,1
T2,1,0,78,5
T3,2,1,140,1
T4,3,1,200,5
T5,4,1,185,19
[401]
T1,0,0,183,4
T2,1,0,51,2
T3,2,0,139,1
T4,3,1,200,42
T5,4,1,75,2
[402]
T1,0,1,180,2
T2,1,1,200,15
T3,2,0,62,6
T4,3,1,25,1
T5,4,1,92,5
[403]
T1,0,1,200,27
T2,1,0,173,10
T3,2,1,137,5
T4,3,1,115,4
T5,4,0,40,1
[404]
T1,0,1,200,12
T2,1,0,26,2
T3,2,1,170,25
T4,3,1,125,2
T5,4,0,69,4
[405]
T1,0,1,56,1
T2,1,0,32,2
T3,2,0,200,26
T4,3,1,72,2
T5,4,1,182,22
[406]
T1,0,1,132,4
T2,1,0,105,6
T3,2,0,200,20
T4,3,1,192,7
T5,4,1,25,1
[407]
T1,0,1,200,1
T2,1,1,176,8
T3,2,0,96,10
T4,3,1,104,4
T5,4,1,22,2
[408]
T1,0,0,200,17
T2,1,0,121,10
T3,2,0,135,7
T4,3,1,150,2
T5,4,0,50,2
[409]
T1,0,0,61,1
T2,1,1,95,12
T3,2,1,196,10
T4,3,1,200,14
T5,4,0,28,2
[410]
T1,0,1,21,1
T2,1,1,169,1
T3,2,0,104,2
T4,3,0,139,18
T5,4,0,200,12
[411]
T1,0,1,174,3
T2,1,1,21,2
T3,2,0,200,2
T4,3,1,60,9
T5,4,0,101,10
[412]
T1,0,1,55,3
T2,1,0,200,4
T3,2,0,189,2
T4,3,0,50,4
T5,4,1,102,11
[413]
T1,0,0,191,10
T2,1,0,82,5
T3,2,0,70,11
T4,3,1,40,2
T5,4,1,200,2
[414]
T1,0,1,127,5
T2,1,1,197,12
T3,2,1,200,3
T4,3,1,64,2
T5,4,0,25,4
[415]
T1,0,1,200,14
T2,1,1,75,2
T3,2,1,165,6
T4,3,1,24,2
T5,4,1,64,3
[416]
T1,0,1,200,3
T2,1,0,186,2
T3,2,1,72,9
T4,3,0,48,3
T5,4,1,95,5
[417]
T1,0,0,34,3
T2,1,1,153,24
T3,2,1,109,3
T4,3,1,200,1
T5,4,0,85,2
[418]
T1,0,0,103,7
T2,1,1,164,11
T3,2,1,200,21
T4,3,1,40,2
T5,4,0,96,3
[419]
T1,0,0,189,23
T2,1,1,140,9
T3,2,0,200,18
T4,3,1,27,2
T5,4,1,110,2
[420]
T1,0,0,89,10
T2,1,0,122,2
T3,2,1,25,1
T4,3,1,175,14
T5,4,0,200,8
[421]
T1,0,1,200,6
T2,1,1,25,1
T3,2,0,155,7
T4,3,1,61,9
T5,4,1,129,1
[422]
T1,0,1,65,1
T2,1,0,166,7
T3,2,1,26,2
T4,3,1,200,2
T5,4,1,115,22
[423]
T1,0,1,96,6
T2,1,1,48,2
T3,2,1,200,11
T4,3,1,108,13
T5,4,1,188,2
[424]
T1,0,1,200,8
T2,1,1,78,6
T3,2,1,165,8
T4,3,1,20,1
T5,4,1,83,2
[425]
T1,0,1,200,5
T2,1,0,91,9
T3,2,0,165,7
T4,3,0,36,1
T5,4,1,80,5
[426]
T1,0,1,200,9
T2,1,0,35,2
T3,2,0,62,1
T4,3,1,109,21
T5,4,0,175,2
[427]
T1,0,0,200,10
T2,1,1,149,8
T3,2,0,141,11
T4,3,0,110,2
T5,4,1,22,2
[428]
T1,0,1,93,8
T2,1,0,40,2
T3,2,0,81,1
T4,3,1,184,3
T5,4,0,200,19
[429]
T1,0,0,132,4
T2,1,1,109,4
T3,2,1,40,2
T4,3,0,175,13
T5,4,0,200,19
[430]
T1,0,1,116,9
T2,1,1,200,15
T3,2,1,65,5
T4,3,1,45,1
T5,4,0,195,5
[431]
T1,0,0,69,2
T2,1,0,200,20
T3,2,0,30,2
T4,3,1,130,12
T5,4,0,147,13
[432]
T1,0,0,116,10
T2,1,1,195,4
T3,2,0,135,6
T4,3,1,200,20
T5,4,0,25,1
[433]
T1,0,1,35,2
T2,1,0,88,2
T3,2,0,200,7
T4,3,1,164,16
T5,4,1,110,7
[434]
T1,0,1,174,1
T2,1,1,200,2
T3,2,1,140,9
T4,3,0,36,4
T5,4,0,66,6
[435]
T1,0,1,62,3
T2,1,1,170,33
T3,2,1,34,2
T4,3,0,200,3
T5,4,1,86,1
[436]
T1,0,1,118,5
T2,1,0,192,2
T3,2,0,200,2
T4,3,0,88,3
T5,4,0,32,6
[437]
T1,0,0,200,8
T2,1,0,143,20
T3,2,1,20,2
T4,3,0,152,12
T5,4,0,119,3
[438]
T1,0,0,72,2
T2,1,1,200,16
T3,2,0,90,10
T4,3,0,152,2
T5,4,1,38,1
[439]
T1,0,0,175,2
T2,1,1,144,19
T3,2,0,25,2
T4,3,0,200,23
T5,4,0,129,3
[440]
T1,0,0,102,15
T2,1,0,92,2
T3,2,0,48,1
T4,3,1,200,11
T5,4,1,152,3
[441]
T1,0,0,36,1
T2,1,0,54,5
T3,2,1,148,2
T4,3,1,125,4
T5,4,1,200,21
[442]
T1,0,1,200,2
T2,1,1,162,5
T3,2,0,23,2
T4,3,0,74,7
T5,4,1,135,10
[443]
T1,0,0,25,2
T2,1,1,94,4
T3,2,0,144,13
T4,3,0,158,8
T5,4,0,200,15
[444]
T1,0,0,97,13
T2,1,1,120,4
T3,2,0,38,2
T4,3,0,162,2
T5,4,1,200,7
[445]
T1,0,0,190,34
T2,1,0,200,10
T3,2,0,25,2
T4,3,0,62,1
T5,4,0,124,1
[446]
T1,0,1,155,10
T2,1,0,31,1
T3,2,1,64,4
T4,3,0,126,11
T5,4,1,200,3
[447]
T1,0,0,150,6
T2,1,0,30,1
T3,2,1,200,14
T4,3,1,122,4
T5,4,1,86,9
[448]
T1,0,1,57,2
T2,1,0,200,25
T3,2,0,156,6
T4,3,1,42,4
T5,4,0,66,1
[449]
T1,0,1,62,7
T2,1,1,190,12
T3,2,1,200,2
T4,3,0,21,2
T5,4,0,100,2
[450]
T1,0,0,130,15
T2,1,1,185,9
T3,2,1,70,2
T4,3,0,200,6
T5,4,1,28,1
[451]
T1,0,0,176,8
T2,1,0,200,3
T3,2,0,90,2
T4,3,0,115,17
T5,4,0,50,2
[452]
T1,0,0,189,3
T2,1,1,200,2
T3,2,0,49,1
T4,3,0,136,10
T5,4,1,80,12
[453]
T1,0,1,30,3
T2,1,1,178,14
T3,2,1,86,2
T4,3,0,130,12
T5,4,1,200,3
[454]
T1,0,1,200,8
T2,1,0,51,1
T3,2,0,61,3
T4,3,1,190,31
T5,4,0,136,2
[455]
T1,0,0,200,8
T2,1,1,66,2
T3,2,0,145,5
T4,3,1,29,1
T5,4,0,180,22
[456]
T1,0,1,91,13
T2,1,0,176,7
T3,2,0,45,2
T4,3,0,200,10
T5,4,0,112,6
[457]
T1,0,1,37,1
T2,1,1,200,3
T3,2,0,185,20
T4,3,1,57,6
T5,4,1,99,1
[458]
T1,0,0,33,2
T2,1,0,152,8
T3,2,1,200,15
T4,3,1,87,10
T5,4,1,125,5
[459]
T1,0,1,200,6
T2,1,0,76,2
T3,2,0,88,1
T4,3,1,33,5
T5,4,1,175,6
[460]
T1,0,1,101,7
T2,1,1,87,5
T3,2,1,200,12
T4,3,0,174,8
T5,4,1,47,2
[461]
T1,0,0,23,2
T2,1,0,200,2
T3,2,0,96,9
T4,3,0,83,7
T5,4,1,184,13
[462]
T1,0,0,60,6
T2,1,0,51,2
T3,2,1,154,18
T4,3,0,200,6
T5,4,1,72,2
[463]
T1,0,1,155,9
T2,1,1,200,18
T3,2,0,131,15
T4,3,1,48,2
T5,4,0,135,1
[464]
T1,0,0,172,35
T2,1,0,95,2
T3,2,1,134,10
T4,3,0,200,2
T5,4,0,25,2
[465]
T1,0,1,200,2
T2,1,1,190,2
T3,2,0,68,6
T4,3,1,111,8
T5,4,1,38,4
[466]
T1,0,1,148,16
T2,1,1,115,2
T3,2,0,200,7
T4,3,1,127,14
T5,4,1,25,2
[467]
T1,0,1,87,6
T2,1,0,200,8
T3,2,0,166,5
T4,3,0,39,2
T5,4,0,100,14
[468]
T1,0,1,24,1
T2,1,0,159,1
T3,2,1,200,26
T4,3,0,113,4
T5,4,1,128,7
[469]
T1,0,1,175,7
T2,1,0,133,7
T3,2,0,124,9
T4,3,1,200,16
T5,4,1,21,2
[470]
T1,0,0,170,25
T2,1,1,200,4
T3,2,1,130,6
T4,3,0,25,1
T5,4,0,80,1
[471]
T1,0,1,200,17
T2,1,1,80,2
T3,2,0,171,20
T4,3,1,30,1
T5,4,1,108,2
[472]
T1,0,0,79,2
T2,1,1,200,28
T3,2,1,148,2
T4,3,0,72,5
T5,4,0,33,2
[473]
T1,0,0,200,1
T2,1,0,58,2
T3,2,0,21,2
T4,3,1,150,14
T5,4,0,90,5
[474]
T1,0,1,57,3
T2,1,1,68,14
T3,2,1,200,1
T4,3,1,163,2
T5,4,1,34,2
[475]
T1,0,0,28,3
T2,1,1,86,7
T3,2,1,128,2
T4,3,0,196,13
T5,4,1,200,3
[476]
T1,0,1,185,26
T2,1,0,98,5
T3,2,0,200,7
T4,3,1,25,2
T5,4,0,73,4
[477]
T1,0,1,122,2
T2,1,1,56,2
T3,2,0,29,5
T4,3,0,200,8
T5,4,1,161,2
[478]
T1,0,0,35,1
T2,1,1,128,2
T3,2,0,193,10
T4,3,0,105,1
T5,4,0,200,37
[479]
T1,0,1,100,12
T2,1,1,84,9
T3,2,1,158,2
T4,3,1,200,6
T5,4,1,39,2
[480]
T1,0,1,198,19
T2,1,1,200,1
T3,2,0,30,2
T4,3,0,108,10
T5,4,1,86,1
[481]
T1,0,1,176,2
T2,1,1,32,2
T3,2,0,74,7
T4,3,1,200,6
T5,4,1,88,5
[482]
T1,0,1,160,10
T2,1,0,42,2
T3,2,0,129,6
T4,3,0,72,8
T5,4,0,200,12
[483]
T1,0,0,22,1
T2,1,0,200,10
T3,2,1,88,2
T4,3,1,150,5
T5,4,1,97,13
[484]
T1,0,1,23,1
T2,1,0,200,23
T3,2,1,64,1
T4,3,0,85,4
T5,4,0,184,12
[485]
T1,0,1,180,21
T2,1,1,39,3
T3,2,0,200,4
T4,3,0,120,6
T5,4,1,91,1
[486]
T1,0,0,200,6
T2,1,0,63,13
T3,2,0,20,2
T4,3,1,160,3
T5,4,0,133,3
[487]
T1,0,1,176,6
T2,1,1,75,3
T3,2,1,67,7
T4,3,0,200,13
T5,4,1,53,1
[488]
T1,0,0,22,1
T2,1,1,66,4
T3,2,1,200,14
T4,3,0,148,2
T5,4,1,145,9
[489]
T1,0,1,34,2
T2,1,0,168,1
T3,2,0,100,26
T4,3,1,58,2
T5,4,1,200,3
[490]
T1,0,1,92,8
T2,1,0,125,5
T3,2,0,200,27
T4,3,1,40,1
T5,4,0,197,2
[491]
T1,0,0,148,3
T2,1,1,67,11
T3,2,0,115,9
T4,3,0,23,2
T5,4,0,200,4
[492]
T1,0,1,147,1
T2,1,1,200,8
T3,2,0,20,2
T4,3,0,70,2
T5,4,1,54,5
[493]
T1,0,1,46,3
T2,1,0,200,11
T3,2,1,184,28
T4,3,0,69,2
T5,4,0,138,3
[494]
T1,0,0,177,12
T2,1,0,48,2
T3,2,1,126,11
T4,3,1,200,22
T5,4,1,130,2
[495]
T1,0,0,138,2
T2,1,1,200,2
T3,2,0,168,2
T4,3,0,94,23
T5,4,0,50,1
[496]
T1,0,0,76,5
T2,1,1,110,4
T3,2,1,200,4
T4,3,0,31,3
T5,4,0,175,10
[497]
T1,0,0,50,5
T2,1,1,188,19
T3,2,0,87,1
T4,3,1,200,10
T5,4,0,91,1
[498]
T1,0,0,153,6
T2,1,0,80,11
T3,2,0,69,2
T4,3,1,50,4
T5,4,1,200,4
[499]
T1,0,1,200,4
T2,1,1,64,4
T3,2,0,150,11
T4,3,0,114,7
T5,4,0,47,2
[500]
T1,0,0,165,19
T2,1,0,58,4
T3,2,1,71,1
T4,3,1,200,6
T5,4,0,30,1
