num_task_per_taskset=5
num_taskset=500
//ID,Priority,Offset,Period,Execution Time
[1]
T1,0,0,75,11
T2,1,1,182,16
T3,2,0,35,2
T4,3,1,120,10
T5,4,1,200,1
[2]
T1,0,0,38,2
T2,1,1,152,27
T3,2,0,200,22
T4,3,1,125,7
T5,4,0,146,6
[3]
T1,0,1,172,38
T2,1,0,47,1
T3,2,0,200,12
T4,3,1,103,1
T5,4,0,100,7
[4]
T1,0,1,139,6
T2,1,0,30,2
T3,2,0,200,1
T4,3,0,126,3
T5,4,0,186,52
[5]
T1,0,0,200,17
T2,1,1,37,8
T3,2,0,80,2
T4,3,1,89,6
T5,4,0,184,2
[6]
T1,0,0,40,2
T2,1,0,128,8
T3,2,0,200,12
T4,3,1,181,31
T5,4,1,63,5
[7]
T1,0,1,200,1
T2,1,0,138,11
T3,2,0,113,24
T4,3,1,23,2
T5,4,0,165,12
[8]
T1,0,0,200,6
T2,1,0,69,2
T3,2,0,52,2
T4,3,1,156,25
T5,4,0,69,7
[9]
T1,0,0,200,2
T2,1,1,65,2
T3,2,1,73,12
T4,3,0,180,16
T5,4,0,35,2
[10]
T1,0,1,200,22
T2,1,0,46,4
T3,2,0,57,4
T4,3,0,138,9
T5,4,1,150,6
[11]
T1,0,1,91,1
T2,1,1,100,17
T3,2,0,200,25
T4,3,1,147,8
T5,4,0,24,2
[12]
T1,0,0,116,17
T2,1,1,96,13
T3,2,0,200,2
T4,3,1,44,1
T5,4,1,152,11
[13]
T1,0,1,70,8
T2,1,0,200,16
T3,2,1,30,3
T4,3,0,168,9
T5,4,1,105,1
[14]
T1,0,0,188,5
T2,1,0,104,21
T3,2,1,200,21
T4,3,0,24,2
T5,4,1,72,2
[15]
T1,0,0,63,2
T2,1,1,161,7
T3,2,1,48,4
T4,3,1,113,9
T5,4,0,200,34
[16]
T1,0,1,119,4
T2,1,1,160,5
T3,2,1,121,7
T4,3,1,50,2
T5,4,1,200,43
[17]
T1,0,1,200,8
T2,1,0,81,15
T3,2,0,73,2
T4,3,0,24,2
T5,4,0,168,5
[18]
T1,0,1,200,3
T2,1,1,161,10
T3,2,0,49,2
T4,3,1,113,29
T5,4,0,98,4
[19]
T1,0,0,79,11
T2,1,0,25,2
T3,2,0,147,27
T4,3,0,200,13
T5,4,1,168,2
[20]
T1,0,1,200,11
T2,1,1,40,8
T3,2,1,170,6
T4,3,1,73,4
T5,4,1,128,1
[21]
T1,0,1,65,6
T2,1,1,41,2
T3,2,1,200,11
T4,3,0,195,17
T5,4,0,98,9
[22]
T1,0,0,25,1
T2,1,1,102,10
T3,2,0,140,2
T4,3,0,153,1
T5,4,0,200,39
[23]
T1,0,0,142,12
T2,1,0,200,26
T3,2,0,176,3
T4,3,1,81,6
T5,4,1,20,1
[24]
T1,0,0,34,3
T2,1,1,160,3
T3,2,0,85,1
T4,3,1,200,17
T5,4,0,114,19
[25]
T1,0,0,140,20
T2,1,0,135,5
T3,2,0,200,1
T4,3,0,192,31
T5,4,0,26,1
[26]
T1,0,0,122,17
T2,1,0,165,3
T3,2,0,35,1
T4,3,1,200,38
T5,4,1,80,2
[27]
T1,0,0,116,17
T2,1,1,200,22
T3,2,0,72,2
T4,3,0,162,13
T5,4,0,43,1
[28]
T1,0,1,200,7
T2,1,1,85,2
T3,2,0,194,14
T4,3,1,50,12
T5,4,0,141,3
[29]
T1,0,0,95,14
T2,1,1,200,21
T3,2,0,152,5
T4,3,1,114,6
T5,4,1,37,1
[30]
T1,0,1,25,1
T2,1,0,200,6
T3,2,1,199,12
T4,3,0,55,7
T5,4,0,58,6
[31]
T1,0,1,200,29
T2,1,1,98,5
T3,2,0,170,10
T4,3,1,40,1
T5,4,1,97,9
[32]
T1,0,0,21,1
T2,1,1,133,24
T3,2,0,150,6
T4,3,1,200,5
T5,4,0,65,4
[33]
T1,0,1,87,2
T2,1,1,25,7
T3,2,0,171,2
T4,3,1,200,5
T5,4,1,88,1
[34]
T1,0,0,72,3
T2,1,0,74,15
T3,2,1,189,13
T4,3,0,200,13
T5,4,1,20,2
[35]
T1,0,0,40,2
T2,1,1,200,12
T3,2,1,97,27
T4,3,1,168,5
T5,4,0,100,1
[36]
T1,0,1,90,4
T2,1,1,172,2
T3,2,0,48,5
T4,3,0,200,11
T5,4,0,113,20
[37]
T1,0,1,170,8
T2,1,0,200,25
T3,2,0,136,10
T4,3,1,30,3
T5,4,0,73,1
[38]
T1,0,1,78,10
T2,1,0,200,7
T3,2,0,107,1
T4,3,0,184,26
T5,4,0,32,2
[39]
T1,0,0,47,6
T2,1,0,91,6
T3,2,0,108,1
T4,3,0,150,14
T5,4,0,200,17
[40]
T1,0,1,190,28
T2,1,0,55,3
T3,2,1,200,14
T4,3,0,42,2
T5,4,1,63,5
[41]
T1,0,1,33,4
T2,1,1,106,1
T3,2,0,200,19
T4,3,1,198,12
T5,4,0,98,9
[42]
T1,0,0,175,7
T2,1,0,200,61
T3,2,0,127,2
T4,3,0,108,2
T5,4,0,30,2
[43]
T1,0,1,147,1
T2,1,1,22,1
T3,2,0,200,14
T4,3,0,100,24
T5,4,0,165,3
[44]
T1,0,0,200,2
T2,1,0,87,13
T3,2,1,45,2
T4,3,0,129,18
T5,4,0,168,10
[45]
T1,0,1,200,2
T2,1,1,77,2
T3,2,0,21,2
T4,3,1,68,6
T5,4,0,180,33
[46]
T1,0,0,97,1
T2,1,1,49,4
T3,2,0,186,46
T4,3,0,200,1
T5,4,1,124,3
[47]
T1,0,0,92,2
T2,1,1,161,7
T3,2,1,22,2
T4,3,0,200,39
T5,4,0,88,11
[48]
T1,0,0,77,1
T2,1,0,198,52
T3,2,1,50,1
T4,3,1,100,2
T5,4,0,200,12
[49]
T1,0,1,164,2
T2,1,1,71,11
T3,2,1,117,21
T4,3,1,200,7
T5,4,1,50,2
[50]
T1,0,0,96,8
T2,1,0,36,2
T3,2,1,174,36
T4,3,0,200,6
T5,4,0,139,2
[51]
T1,0,1,148,2
T2,1,0,50,2
T3,2,0,77,7
T4,3,1,79,20
T5,4,0,200,4
[52]
T1,0,0,116,3
T2,1,1,200,13
T3,2,1,30,2
T4,3,0,139,25
T5,4,0,150,16
[53]
T1,0,1,134,3
T2,1,1,200,8
T3,2,0,167,39
T4,3,0,40,2
T5,4,1,85,5
[54]
T1,0,0,26,4
T2,1,0,88,7
T3,2,0,198,17
T4,3,0,115,2
T5,4,0,200,12
[55]
T1,0,0,105,8
T2,1,0,200,27
T3,2,1,103,6
T4,3,0,35,1
T5,4,1,159,12
[56]
T1,0,0,108,4
T2,1,1,50,4
T3,2,0,200,16
T4,3,1,186,2
T5,4,1,86,14
[57]
T1,0,0,69,10
T2,1,1,28,2
T3,2,0,61,7
T4,3,0,175,4
T5,4,0,200,19
[58]
T1,0,0,147,13
T2,1,1,83,1
T3,2,1,50,4
T4,3,1,200,30
T5,4,1,195,11
[59]
T1,0,1,26,1
T2,1,1,92,2
T3,2,0,160,6
T4,3,0,200,15
T5,4,1,131,25
[60]
T1,0,1,200,19
T2,1,0,55,6
T3,2,1,40,2
T4,3,1,163,3
T5,4,0,125,20
[61]
T1,0,0,200,17
T2,1,1,20,2
T3,2,0,122,18
T4,3,1,70,6
T5,4,1,164,7
[62]
T1,0,1,110,5
T2,1,1,200,34
T3,2,1,65,6
T4,3,1,188,13
T5,4,1,47,2
[63]
T1,0,1,165,17
T2,1,0,88,9
T3,2,0,120,11
T4,3,0,200,9
T5,4,0,42,1
[64]
T1,0,0,58,7
T2,1,1,200,14
T3,2,1,161,17
T4,3,0,56,2
T5,4,0,50,4
[65]
T1,0,1,128,2
T2,1,1,200,10
T3,2,1,107,4
T4,3,1,168,30
T5,4,0,21,2
[66]
T1,0,0,82,2
T2,1,1,150,11
T3,2,0,24,1
T4,3,1,200,9
T5,4,0,137,27
[67]
T1,0,0,200,9
T2,1,1,133,14
T3,2,1,84,2
T4,3,1,173,35
T5,4,0,21,2
[68]
T1,0,0,165,36
T2,1,1,84,5
T3,2,0,38,1
T4,3,1,106,3
T5,4,1,200,9
[69]
T1,0,0,100,2
T2,1,0,197,12
T3,2,0,36,4
T4,3,0,200,26
T5,4,0,72,4
[70]
T1,0,0,21,1
T2,1,0,79,7
T3,2,1,116,1
T4,3,1,200,3
T5,4,0,180,36
[71]
T1,0,0,106,8
T2,1,0,50,3
T3,2,0,96,11
T4,3,0,198,15
T5,4,1,200,11
[72]
T1,0,0,48,2
T2,1,0,126,25
T3,2,1,165,5
T4,3,0,141,5
T5,4,0,200,13
[73]
T1,0,1,64,2
T2,1,1,42,2
T3,2,1,85,13
T4,3,1,200,10
T5,4,1,161,12
[74]
T1,0,0,38,6
T2,1,0,200,20
T3,2,0,61,2
T4,3,0,183,14
T5,4,1,93,2
[75]
T1,0,1,195,3
T2,1,1,39,2
T3,2,1,116,17
T4,3,1,200,16
T5,4,0,88,11
[76]
T1,0,1,200,2
T2,1,0,74,8
T3,2,1,20,1
T4,3,1,132,25
T5,4,0,151,2
[77]
T1,0,0,89,4
T2,1,0,50,3
T3,2,0,180,19
T4,3,0,200,32
T5,4,0,119,1
[78]
T1,0,0,200,46
T2,1,0,150,2
T3,2,0,85,4
T4,3,1,138,7
T5,4,0,40,2
[79]
T1,0,0,35,2
T2,1,1,104,13
T3,2,0,169,8
T4,3,1,200,16
T5,4,1,79,8
[80]
T1,0,0,138,3
T2,1,0,24,2
T3,2,1,143,6
T4,3,0,180,30
T5,4,1,200,9
[81]
T1,0,1,65,2
T2,1,1,139,2
T3,2,1,200,50
T4,3,1,150,10
T5,4,1,33,2
[82]
T1,0,0,195,4
T2,1,1,114,15
T3,2,1,135,13
T4,3,1,24,2
T5,4,1,200,9
[83]
T1,0,1,160,2
T2,1,1,79,2
T3,2,1,20,4
T4,3,0,84,3
T5,4,0,200,21
[84]
T1,0,0,73,2
T2,1,0,20,2
T3,2,1,200,11
T4,3,0,117,14
T5,4,0,160,15
[85]
T1,0,1,72,6
T2,1,1,20,1
T3,2,1,200,34
T4,3,1,162,4
T5,4,1,78,3
[86]
T1,0,1,163,3
T2,1,1,200,25
T3,2,0,130,5
T4,3,0,40,3
T5,4,0,60,6
[87]
T1,0,1,200,6
T2,1,1,34,6
T3,2,0,117,2
T4,3,1,154,20
T5,4,1,110,5
[88]
T1,0,1,97,22
T2,1,1,200,2
T3,2,1,67,2
T4,3,1,32,3
T5,4,1,180,9
[89]
T1,0,0,73,3
T2,1,0,184,13
T3,2,0,46,2
T4,3,1,103,15
T5,4,0,200,12
[90]
T1,0,1,200,10
T2,1,0,171,18
T3,2,0,40,5
T4,3,1,60,2
T5,4,0,107,5
[91]
T1,0,1,200,12
T2,1,0,162,19
T3,2,0,20,2
T4,3,0,113,17
T5,4,0,145,8
[92]
T1,0,0,24,3
T2,1,1,152,31
T3,2,0,82,2
T4,3,0,200,1
T5,4,1,80,1
[93]
T1,0,1,200,2
T2,1,0,128,2
T3,2,0,175,20
T4,3,0,137,32
T5,4,1,24,2
[94]
T1,0,1,77,3
T2,1,1,192,17
T3,2,1,200,2
T4,3,0,108,6
T5,4,0,21,3
[95]
T1,0,0,40,7
T2,1,0,136,2
T3,2,0,191,15
T4,3,0,200,1
T5,4,0,86,8
[96]
T1,0,1,200,24
T2,1,1,63,3
T3,2,0,186,6
T4,3,0,123,21
T5,4,1,20,2
[97]
T1,0,1,156,11
T2,1,0,32,2
T3,2,0,130,24
T4,3,0,65,4
T5,4,1,200,12
[98]
T1,0,0,125,18
T2,1,1,154,1
T3,2,1,21,2
T4,3,0,140,5
T5,4,1,200,38
[99]
T1,0,1,200,21
T2,1,0,190,10
T3,2,1,46,6
T4,3,1,69,2
T5,4,1,114,9
[100]
T1,0,1,78,4
T2,1,1,60,2
T3,2,0,30,1
T4,3,1,161,27
T5,4,0,200,20
[101]
T1,0,0,66,2
T2,1,0,22,2
T3,2,1,200,53
T4,3,1,144,4
T5,4,0,149,2
[102]
T1,0,0,164,31
T2,1,0,109,6
T3,2,0,30,2
T4,3,0,117,9
T5,4,1,200,2
[103]
T1,0,1,48,3
T2,1,0,176,15
T3,2,0,85,15
T4,3,1,112,5
T5,4,0,200,2
[104]
T1,0,0,50,9
T2,1,1,170,13
T3,2,0,124,4
T4,3,0,87,7
T5,4,1,200,2
[105]
T1,0,0,200,3
T2,1,1,25,6
T3,2,0,72,2
T4,3,0,154,4
T5,4,1,140,10
[106]
T1,0,0,200,22
T2,1,0,42,1
T3,2,0,64,3
T4,3,0,78,13
T5,4,1,150,5
[107]
T1,0,1,54,7
T2,1,0,200,11
T3,2,1,162,2
T4,3,0,51,1
T5,4,1,126,18
[108]
T1,0,0,200,26
T2,1,1,50,3
T3,2,1,144,15
T4,3,1,89,5
T5,4,1,155,5
[109]
T1,0,0,200,28
T2,1,0,145,2
T3,2,0,195,26
T4,3,0,71,4
T5,4,0,40,1
[110]
T1,0,0,120,2
T2,1,0,25,4
T3,2,0,72,6
T4,3,1,180,16
T5,4,0,200,10
[111]
T1,0,0,155,15
T2,1,1,146,6
T3,2,1,200,26
T4,3,0,33,1
T5,4,1,96,7
[112]
T1,0,0,118,17
T2,1,1,90,2
T3,2,1,200,19
T4,3,0,52,2
T5,4,0,175,16
[113]
T1,0,0,39,4
T2,1,1,93,2
T3,2,1,200,30
T4,3,1,146,13
T5,4,1,156,7
[114]
T1,0,1,47,5
T2,1,0,180,29
T3,2,0,200,10
T4,3,1,140,4
T5,4,0,84,2
[115]
T1,0,1,136,12
T2,1,1,200,20
T3,2,1,35,1
T4,3,0,81,9
T5,4,0,190,10
[116]
T1,0,1,20,2
T2,1,0,102,6
T3,2,0,105,23
T4,3,1,165,7
T5,4,0,200,12
[117]
T1,0,1,200,14
T2,1,0,114,3
T3,2,1,82,2
T4,3,1,30,3
T5,4,1,166,28
[118]
T1,0,1,150,1
T2,1,1,81,19
T3,2,1,28,2
T4,3,1,200,1
T5,4,1,132,15
[119]
T1,0,0,110,12
T2,1,0,20,1
T3,2,0,200,11
T4,3,1,110,1
T5,4,1,187,26
[120]
T1,0,1,200,37
T2,1,1,81,3
T3,2,1,89,1
T4,3,0,20,1
T5,4,0,170,13
[121]
T1,0,1,79,11
T2,1,1,200,12
T3,2,1,179,9
T4,3,0,32,4
T5,4,0,60,2
[122]
T1,0,0,164,18
T2,1,0,121,16
T3,2,1,200,11
T4,3,0,60,5
T5,4,1,50,2
[123]
T1,0,1,59,2
T2,1,1,200,10
T3,2,0,25,4
T4,3,1,75,2
T5,4,1,151,19
[124]
T1,0,1,116,36
T2,1,0,163,3
T3,2,0,50,2
T4,3,1,85,2
T5,4,0,200,5
[125]
T1,0,1,54,2
T2,1,0,165,14
T3,2,1,200,20
T4,3,0,88,3
T5,4,1,88,10
[126]
T1,0,0,38,2
T2,1,0,200,27
T3,2,0,62,3
T4,3,0,152,19
T5,4,1,63,1
[127]
T1,0,0,75,1
T2,1,1,61,2
T3,2,0,200,10
T4,3,1,166,37
T5,4,0,52,3
[128]
T1,0,0,132,7
T2,1,1,27,2
T3,2,1,175,6
T4,3,0,200,51
T5,4,0,85,1
[129]
T1,0,1,200,3
T2,1,0,58,4
T3,2,1,49,6
T4,3,1,126,19
T5,4,0,150,1
[130]
T1,0,0,23,2
T2,1,1,99,1
T3,2,1,67,4
T4,3,0,200,20
T5,4,1,184,34
[131]
T1,0,1,200,34
T2,1,1,24,2
T3,2,1,122,10
T4,3,1,180,11
T5,4,1,60,3
[132]
T1,0,0,111,2
T2,1,0,176,22
T3,2,0,200,24
T4,3,1,137,9
T5,4,1,25,1
[133]
T1,0,1,80,6
T2,1,1,32,2
T3,2,1,176,25
T4,3,0,200,12
T5,4,1,102,9
[134]
T1,0,0,56,1
T2,1,0,180,21
T3,2,1,29,2
T4,3,1,200,40
T5,4,0,84,3
[135]
T1,0,1,200,49
T2,1,0,70,1
T3,2,0,50,3
T4,3,1,151,5
T5,4,1,144,5
[136]
T1,0,0,30,1
T2,1,1,155,4
T3,2,1,142,11
T4,3,1,200,27
T5,4,0,144,12
[137]
T1,0,1,128,16
T2,1,0,59,3
T3,2,0,200,13
T4,3,0,32,1
T5,4,1,168,19
[138]
T1,0,1,200,10
T2,1,1,170,25
T3,2,1,32,3
T4,3,1,136,2
T5,4,1,72,5
[139]
T1,0,1,159,4
T2,1,0,110,6
T3,2,1,133,20
T4,3,1,48,6
T5,4,1,200,4
[140]
T1,0,1,200,12
T2,1,1,97,6
T3,2,0,116,4
T4,3,0,194,34
T5,4,1,34,1
[141]
T1,0,1,178,37
T2,1,0,200,2
T3,2,0,130,2
T4,3,1,145,9
T5,4,1,24,2
[142]
T1,0,1,115,16
T2,1,0,200,13
T3,2,0,72,4
T4,3,0,21,1
T5,4,0,184,11
[143]
T1,0,0,122,12
T2,1,1,20,3
T3,2,0,200,8
T4,3,1,77,2
T5,4,1,150,8
[144]
T1,0,0,105,13
T2,1,1,175,32
T3,2,1,200,7
T4,3,0,32,2
T5,4,1,104,2
[145]
T1,0,1,124,1
T2,1,1,64,11
T3,2,1,198,4
T4,3,1,36,1
T5,4,0,200,28
[146]
T1,0,0,99,6
T2,1,1,196,3
T3,2,1,200,4
T4,3,0,30,3
T5,4,0,102,17
[147]
T1,0,1,52,11
T2,1,1,195,16
T3,2,1,118,4
T4,3,0,81,1
T5,4,0,200,8
[148]
T1,0,1,103,1
T2,1,1,200,15
T3,2,0,90,13
T4,3,1,160,1
T5,4,1,42,6
[149]
T1,0,0,25,2
T2,1,0,137,28
T3,2,1,99,3
T4,3,1,195,12
T5,4,1,200,2
[150]
T1,0,1,200,9
T2,1,1,33,1
T3,2,1,78,14
T4,3,0,198,16
T5,4,1,141,7
[151]
T1,0,1,200,5
T2,1,1,100,2
T3,2,0,23,1
T4,3,0,87,22
T5,4,0,174,2
[152]
T1,0,1,176,11
T2,1,1,30,3
T3,2,0,200,8
T4,3,1,147,18
T5,4,1,126,6
[153]
T1,0,1,149,6
T2,1,0,200,2
T3,2,0,75,8
T4,3,1,103,4
T5,4,1,42,8
[154]
T1,0,1,153,14
T2,1,1,105,6
T3,2,0,200,36
T4,3,1,54,1
T5,4,0,100,3
[155]
T1,0,1,181,7
T2,1,0,34,4
T3,2,1,85,9
T4,3,0,200,9
T5,4,0,95,6
[156]
T1,0,0,200,21
T2,1,0,122,6
T3,2,1,45,2
T4,3,0,196,24
T5,4,0,99,5
[157]
T1,0,0,200,12
T2,1,0,83,10
T3,2,1,137,13
T4,3,0,152,9
T5,4,1,38,1
[158]
T1,0,1,27,2
T2,1,0,200,20
T3,2,0,96,4
T4,3,0,174,8
T5,4,0,118,20
[159]
T1,0,0,57,11
T2,1,0,39,1
T3,2,1,84,6
T4,3,1,160,1
T5,4,0,200,12
[160]
T1,0,0,192,22
T2,1,0,55,3
T3,2,0,122,3
T4,3,0,200,22
T5,4,1,32,2
[161]
T1,0,1,121,2
T2,1,0,33,1
T3,2,1,200,3
T4,3,0,116,16
T5,4,0,150,29
[162]
T1,0,0,20,2
T2,1,1,160,5
T3,2,0,113,3
T4,3,0,79,9
T5,4,0,200,20
[163]
T1,0,1,114,16
T2,1,0,200,3
T3,2,0,29,2
T4,3,1,120,17
T5,4,0,196,3
[164]
T1,0,1,24,2
T2,1,1,125,11
T3,2,1,112,8
T4,3,1,200,23
T5,4,1,175,5
[165]
T1,0,0,30,1
T2,1,0,125,17
T3,2,1,172,18
T4,3,1,200,4
T5,4,0,116,7
[166]
T1,0,0,74,14
T2,1,0,180,28
T3,2,0,28,1
T4,3,1,71,2
T5,4,1,200,2
[167]
T1,0,1,84,1
T2,1,1,45,2
T3,2,0,200,29
T4,3,0,58,2
T5,4,0,196,42
[168]
T1,0,1,200,6
T2,1,1,168,5
T3,2,1,136,20
T4,3,0,54,3
T5,4,0,39,4
[169]
T1,0,1,54,1
T2,1,1,128,35
T3,2,1,200,7
T4,3,1,40,1
T5,4,1,183,3
[170]
T1,0,1,40,1
T2,1,1,170,22
T3,2,0,107,11
T4,3,0,200,9
T5,4,1,125,8
[171]
T1,0,1,200,13
T2,1,1,147,10
T3,2,1,22,2
T4,3,0,120,21
T5,4,1,96,5
[172]
T1,0,0,162,10
T2,1,0,85,9
T3,2,1,200,6
T4,3,0,59,8
T5,4,0,40,2
[173]
T1,0,0,200,2
T2,1,0,126,1
T3,2,0,153,6
T4,3,1,34,2
T5,4,0,130,33
[174]
T1,0,0,165,19
T2,1,1,88,1
T3,2,1,200,38
T4,3,0,93,5
T5,4,1,51,2
[175]
T1,0,0,184,2
T2,1,0,200,38
T3,2,1,76,4
T4,3,0,120,1
T5,4,1,38,5
[176]
T1,0,0,145,1
T2,1,1,200,2
T3,2,1,150,10
T4,3,1,63,13
T5,4,0,38,3
[177]
T1,0,1,193,2
T2,1,0,144,1
T3,2,0,114,16
T4,3,0,45,10
T5,4,1,200,2
[178]
T1,0,1,165,31
T2,1,1,48,3
T3,2,0,108,3
T4,3,1,200,1
T5,4,1,104,9
[179]
T1,0,0,96,2
T2,1,0,200,40
T3,2,1,187,21
T4,3,1,100,2
T5,4,1,22,1
[180]
T1,0,0,200,44
T2,1,0,35,2
T3,2,0,133,8
T4,3,1,100,1
T5,4,1,174,14
[181]
T1,0,0,200,20
T2,1,1,170,2
T3,2,0,108,10
T4,3,0,20,1
T5,4,1,124,14
[182]
T1,0,1,187,1
T2,1,1,137,1
T3,2,0,20,2
T4,3,1,200,17
T5,4,1,64,11
[183]
T1,0,0,62,7
T2,1,1,200,8
T3,2,0,45,3
T4,3,0,144,12
T5,4,1,179,13
[184]
T1,0,1,171,23
T2,1,0,69,10
T3,2,1,200,6
T4,3,0,145,3
T5,4,0,46,2
[185]
T1,0,1,135,18
T2,1,0,175,15
T3,2,0,200,6
T4,3,0,87,10
T5,4,0,49,1
[186]
T1,0,0,190,56
T2,1,1,200,5
T3,2,0,69,4
T4,3,1,64,2
T5,4,1,29,2
[187]
T1,0,0,135,2
T2,1,1,200,6
T3,2,1,28,5
T4,3,0,184,24
T5,4,0,136,3
[188]
T1,0,0,152,2
T2,1,0,56,6
T3,2,1,114,1
T4,3,0,44,8
T5,4,0,200,10
[189]
T1,0,0,123,17
T2,1,1,24,3
T3,2,0,73,1
T4,3,0,200,2
T5,4,0,155,14
[190]
T1,0,0,200,3
T2,1,1,91,4
T3,2,1,38,7
T4,3,0,152,13
T5,4,1,107,5
[191]
T1,0,1,200,19
T2,1,1,191,2
T3,2,0,91,2
T4,3,1,24,6
T5,4,1,80,2
[192]
T1,0,0,199,13
T2,1,0,22,3
T3,2,0,55,1
T4,3,1,200,16
T5,4,1,129,10
[193]
T1,0,0,85,8
T2,1,0,23,3
T3,2,1,184,3
T4,3,1,200,26
T5,4,1,68,2
[194]
T1,0,1,86,8
T2,1,0,200,10
T3,2,1,158,8
T4,3,1,54,2
T5,4,1,50,7
[195]
T1,0,0,200,4
T2,1,1,72,8
T3,2,1,61,6
T4,3,0,54,1
T5,4,1,179,23
[196]
T1,0,1,189,6
T2,1,1,120,12
T3,2,1,44,6
T4,3,1,79,2
T5,4,0,200,24
[197]
T1,0,1,65,1
T2,1,1,200,12
T3,2,0,136,24
T4,3,1,155,13
T5,4,0,24,1
[198]
T1,0,1,196,2
T2,1,1,40,2
T3,2,1,200,38
T4,3,0,132,26
T5,4,0,128,2
[199]
T1,0,1,177,2
T2,1,0,20,2
T3,2,0,80,4
T4,3,0,84,14
T5,4,1,200,5
[200]
T1,0,1,165,2
T2,1,0,200,15
T3,2,1,105,9
T4,3,1,38,4
T5,4,0,105,10
[201]
T1,0,0,175,13
T2,1,1,111,4
T3,2,1,200,17
T4,3,1,36,1
T5,4,0,105,16
[202]
T1,0,0,150,11
T2,1,0,200,47
T3,2,0,49,3
T4,3,1,54,2
T5,4,0,96,2
[203]
T1,0,0,96,6
T2,1,1,110,7
T3,2,0,168,6
T4,3,0,200,3
T5,4,1,46,9
[204]
T1,0,1,89,3
T2,1,1,200,38
T3,2,1,24,2
T4,3,0,118,2
T5,4,0,175,27
[205]
T1,0,1,169,20
T2,1,0,54,7
T3,2,0,60,2
T4,3,1,200,16
T5,4,0,96,1
[206]
T1,0,1,200,21
T2,1,0,30,2
T3,2,1,117,17
T4,3,0,63,1
T5,4,1,164,4
[207]
T1,0,0,88,1
T2,1,1,41,2
T3,2,1,200,57
T4,3,0,160,4
T5,4,0,63,2
[208]
T1,0,0,91,8
T2,1,1,152,18
T3,2,1,48,3
T4,3,0,86,9
T5,4,1,200,3
[209]
T1,0,1,200,20
T2,1,0,21,2
T3,2,0,111,22
T4,3,0,132,3
T5,4,1,170,5
[210]
T1,0,1,200,41
T2,1,1,110,1
T3,2,0,194,7
T4,3,0,63,3
T5,4,0,20,1
[211]
T1,0,1,189,2
T2,1,1,99,3
T3,2,1,200,53
T4,3,0,81,2
T5,4,1,44,3
[212]
T1,0,1,140,2
T2,1,0,28,5
T3,2,0,200,3
T4,3,1,179,2
T5,4,1,54,9
[213]
T1,0,0,200,38
T2,1,0,70,3
T3,2,1,118,4
T4,3,0,151,3
T5,4,1,25,2
[214]
T1,0,1,38,3
T2,1,1,153,18
T3,2,0,132,1
T4,3,1,200,7
T5,4,0,57,7
[215]
T1,0,0,32,7
T2,1,0,64,2
T3,2,0,122,2
T4,3,0,187,6
T5,4,1,200,21
[216]
T1,0,1,30,2
T2,1,0,110,8
T3,2,0,200,15
T4,3,0,178,2
T5,4,1,121,23
[217]
T1,0,0,200,4
T2,1,1,43,10
T3,2,1,82,5
T4,3,1,164,6
T5,4,0,68,2
[218]
T1,0,1,120,1
T2,1,1,39,7
T3,2,1,125,2
T4,3,1,153,11
T5,4,1,200,19
[219]
T1,0,1,110,24
T2,1,0,148,6
T3,2,1,40,2
T4,3,1,200,9
T5,4,0,75,2
[220]
T1,0,0,71,3
T2,1,1,32,1
T3,2,1,109,22
T4,3,0,170,10
T5,4,0,200,9
[221]
T1,0,0,200,15
T2,1,0,150,1
T3,2,1,98,18
T4,3,1,74,4
T5,4,0,36,2
[222]
T1,0,1,24,1
T2,1,1,200,1
T3,2,1,66,5
T4,3,1,95,17
T5,4,1,196,14
[223]
T1,0,0,45,2
T2,1,1,109,27
T3,2,1,108,2
T4,3,0,180,11
T5,4,0,200,11
[224]
T1,0,0,111,1
T2,1,0,200,31
T3,2,1,119,3
T4,3,1,152,5
T5,4,1,48,7
[225]
T1,0,0,80,24
T2,1,1,144,2
T3,2,1,20,2
T4,3,1,184,2
T5,4,0,200,2
[226]
T1,0,1,100,14
T2,1,1,200,29
T3,2,0,44,2
T4,3,1,91,1
T5,4,0,161,13
[227]
T1,0,1,200,36
T2,1,0,59,2
T3,2,0,60,4
T4,3,1,50,4
T5,4,0,185,1
[228]
T1,0,1,164,1
T2,1,1,62,5
T3,2,1,121,32
T4,3,1,200,1
T5,4,1,31,2
[229]
T1,0,1,70,1
T2,1,0,108,3
T3,2,1,20,1
T4,3,0,200,29
T5,4,1,180,23
[230]
T1,0,0,76,3
T2,1,1,134,5
T3,2,0,150,7
T4,3,0,200,41
T5,4,1,26,1
[231]
T1,0,1,142,18
T2,1,1,125,4
T3,2,1,200,30
T4,3,0,148,2
T5,4,0,37,3
[232]
T1,0,1,30,5
T2,1,0,61,1
T3,2,1,200,17
T4,3,1,195,1
T5,4,1,136,13
[233]
T1,0,0,168,13
T2,1,1,200,12
T3,2,0,82,7
T4,3,1,46,2
T5,4,1,144,16
[234]
T1,0,0,200,20
T2,1,0,161,4
T3,2,0,85,2
T4,3,1,24,5
T5,4,1,100,4
[235]
T1,0,0,98,7
T2,1,1,175,36
T3,2,1,200,20
T4,3,1,106,2
T5,4,0,34,2
[236]
T1,0,0,200,11
T2,1,1,145,22
T3,2,0,24,1
T4,3,1,62,5
T5,4,1,186,9
[237]
T1,0,1,200,13
T2,1,0,144,14
T3,2,0,159,1
T4,3,1,86,9
T5,4,1,20,2
[238]
T1,0,1,200,17
T2,1,0,180,9
T3,2,0,54,2
T4,3,0,60,3
T5,4,1,36,5
[239]
T1,0,0,98,2
T2,1,0,64,2
T3,2,1,195,35
T4,3,1,200,5
T5,4,1,21,3
[240]
T1,0,0,200,1
T2,1,0,191,32
T3,2,1,35,1
T4,3,1,84,12
T5,4,1,137,2
[241]
T1,0,1,55,3
T2,1,1,67,3
T3,2,1,20,2
T4,3,1,200,7
T5,4,0,176,22
[242]
T1,0,0,29,1
T2,1,0,175,25
T3,2,1,130,3
T4,3,0,110,9
T5,4,1,200,21
[243]
T1,0,1,200,30
T2,1,0,109,14
T3,2,1,55,4
T4,3,1,40,1
T5,4,1,149,1
[244]
T1,0,0,64,4
T2,1,1,62,6
T3,2,1,42,2
T4,3,0,165,9
T5,4,0,200,30
[245]
T1,0,0,200,34
T2,1,0,92,2
T3,2,1,45,6
T4,3,1,63,2
T5,4,0,176,14
[246]
T1,0,0,145,4
T2,1,1,85,8
T3,2,1,200,17
T4,3,0,44,3
T5,4,1,180,18
[247]
T1,0,1,72,7
T2,1,1,200,2
T3,2,1,84,3
T4,3,0,162,23
T5,4,1,24,2
[248]
T1,0,1,38,1
T2,1,0,70,2
T3,2,0,160,46
T4,3,1,74,4
T5,4,0,200,3
[249]
T1,0,0,200,4
T2,1,1,165,14
T3,2,1,64,11
T4,3,0,145,14
T5,4,1,32,2
[250]
T1,0,1,186,3
T2,1,0,200,19
T3,2,0,73,12
T4,3,1,31,1
T5,4,0,70,3
[251]
T1,0,0,200,9
T2,1,0,170,10
T3,2,0,107,10
T4,3,0,20,3
T5,4,0,94,1
[252]
T1,0,1,165,31
T2,1,1,21,2
T3,2,0,114,10
T4,3,0,87,8
T5,4,1,200,1
[253]
T1,0,0,200,35
T2,1,0,66,2
T3,2,0,113,15
T4,3,0,198,6
T5,4,0,46,1
[254]
T1,0,1,56,2
T2,1,1,52,2
T3,2,1,152,36
T4,3,0,200,10
T5,4,0,130,6
[255]
T1,0,0,75,3
T2,1,0,177,9
T3,2,0,30,5
T4,3,1,200,11
T5,4,0,133,9
[256]
T1,0,1,200,42
T2,1,0,156,7
T3,2,0,21,2
T4,3,1,120,1
T5,4,0,72,2
[257]
T1,0,0,53,1
T2,1,0,200,18
T3,2,0,175,5
T4,3,1,126,3
T5,4,1,101,22
[258]
T1,0,1,36,1
T2,1,1,68,6
T3,2,1,66,9
T4,3,0,200,13
T5,4,0,189,8
[259]
T1,0,0,200,37
T2,1,0,112,2
T3,2,1,22,2
T4,3,0,154,24
T5,4,1,104,1
[260]
T1,0,0,96,2
T2,1,0,131,4
T3,2,1,35,1
T4,3,1,200,26
T5,4,1,176,31
[261]
T1,0,0,20,1
T2,1,0,200,18
T3,2,1,150,6
T4,3,0,74,12
T5,4,1,117,5
[262]
T1,0,0,98,3
T2,1,0,100,1
T3,2,1,182,16
T4,3,0,200,11
T5,4,0,43,8
[263]
T1,0,1,39,2
T2,1,0,175,26
T3,2,0,117,11
T4,3,0,112,5
T5,4,0,200,10
[264]
T1,0,1,200,11
T2,1,1,150,2
T3,2,0,20,2
T4,3,0,135,16
T5,4,1,135,24
[265]
T1,0,1,138,9
T2,1,0,96,4
T3,2,0,200,2
T4,3,1,150,3
T5,4,0,44,10
[266]
T1,0,1,194,3
T2,1,1,94,12
T3,2,0,121,9
T4,3,0,200,18
T5,4,0,25,2
[267]
T1,0,0,200,9
T2,1,1,80,5
T3,2,1,23,1
T4,3,0,176,33
T5,4,1,63,1
[268]
T1,0,1,200,7
T2,1,1,90,7
T3,2,1,171,17
T4,3,1,27,1
T5,4,1,80,9
[269]
T1,0,1,185,30
T2,1,1,37,3
T3,2,0,200,23
T4,3,0,94,2
T5,4,0,71,1
[270]
T1,0,1,200,8
T2,1,0,117,8
T3,2,0,65,6
T4,3,0,169,15
T5,4,1,21,2
[271]
T1,0,0,162,8
T2,1,1,200,30
T3,2,1,126,11
T4,3,1,35,1
T5,4,1,73,4
[272]
T1,0,0,200,5
T2,1,1,51,13
T3,2,1,109,5
T4,3,1,170,6
T5,4,0,142,4
[273]
T1,0,1,21,2
T2,1,0,122,2
T3,2,1,129,13
T4,3,0,200,50
T5,4,1,180,6
[274]
T1,0,1,131,17
T2,1,1,20,1
T3,2,0,54,3
T4,3,0,200,10
T5,4,1,149,8
[275]
T1,0,0,112,12
T2,1,0,200,28
T3,2,1,69,1
T4,3,0,160,6
T5,4,1,32,2
[276]
T1,0,0,146,3
T2,1,0,100,14
T3,2,0,24,2
T4,3,0,165,9
T5,4,0,200,15
[277]
T1,0,1,62,1
T2,1,0,35,1
T3,2,1,200,5
T4,3,0,175,23
T5,4,1,98,17
[278]
T1,0,0,43,4
T2,1,0,107,9
T3,2,1,194,18
T4,3,1,200,8
T5,4,1,100,6
[279]
T1,0,1,95,19
T2,1,0,40,1
T3,2,1,193,5
T4,3,1,75,2
T5,4,0,200,19
[280]
T1,0,0,55,6
T2,1,1,137,17
T3,2,0,168,17
T4,3,0,200,3
T5,4,0,26,2
[281]
T1,0,1,79,1
T2,1,0,132,7
T3,2,0,200,21
T4,3,1,27,2
T5,4,1,189,35
[282]
T1,0,1,150,17
T2,1,1,117,3
T3,2,1,32,6
T4,3,1,200,7
T5,4,0,105,2
[283]
T1,0,1,31,1
T2,1,0,145,35
T3,2,1,65,3
T4,3,0,200,6
T5,4,0,186,2
[284]
T1,0,0,44,6
T2,1,0,159,10
T3,2,1,200,26
T4,3,0,147,4
T5,4,1,110,2
[285]
T1,0,0,40,4
T2,1,0,70,2
T3,2,0,200,6
T4,3,0,173,6
T5,4,1,71,12
[286]
T1,0,1,176,15
T2,1,1,200,27
T3,2,1,103,2
T4,3,0,44,6
T5,4,1,67,2
[287]
T1,0,0,54,7
T2,1,1,200,15
T3,2,0,180,17
T4,3,0,26,1
T5,4,1,106,2
[288]
T1,0,0,200,2
T2,1,1,110,24
T3,2,0,186,15
T4,3,1,33,1
T5,4,1,73,2
[289]
T1,0,1,54,3
T2,1,1,156,3
T3,2,1,57,6
T4,3,0,200,15
T5,4,0,50,6
[290]
T1,0,1,30,2
T2,1,1,69,1
T3,2,1,112,12
T4,3,0,172,5
T5,4,1,200,28
[291]
T1,0,1,200,1
T2,1,1,38,7
T3,2,0,147,4
T4,3,1,58,2
T5,4,0,152,21
[292]
T1,0,1,47,10
T2,1,0,180,13
T3,2,1,72,3
T4,3,1,200,3
T5,4,1,140,3
[293]
T1,0,0,161,8
T2,1,1,25,6
T3,2,1,104,4
T4,3,0,200,3
T5,4,1,91,2
[294]
T1,0,0,26,1
T2,1,0,134,2
T3,2,1,124,8
T4,3,1,150,26
T5,4,0,200,19
[295]
T1,0,1,40,2
T2,1,1,110,3
T3,2,0,135,20
T4,3,1,200,34
T5,4,1,150,3
[296]
T1,0,1,188,2
T2,1,0,42,2
T3,2,0,145,26
T4,3,0,112,4
T5,4,1,200,18
[297]
T1,0,1,172,8
T2,1,0,75,13
T3,2,0,42,2
T4,3,0,200,31
T5,4,0,86,2
[298]
T1,0,0,200,19
T2,1,1,95,6
T3,2,0,51,8
T4,3,1,73,2
T5,4,1,190,10
[299]
T1,0,0,180,1
T2,1,1,21,2
T3,2,0,123,19
T4,3,0,200,20
T5,4,0,123,3
[300]
T1,0,1,80,2
T2,1,1,22,2
T3,2,1,200,9
T4,3,0,124,36
T5,4,1,163,5
[301]
T1,0,1,152,7
T2,1,0,40,1
T3,2,0,55,12
T4,3,0,200,10
T5,4,1,97,4
[302]
T1,0,0,190,6
T2,1,0,90,25
T3,2,0,52,2
T4,3,1,200,3
T5,4,0,57,3
[303]
T1,0,0,69,9
T2,1,0,20,2
T3,2,1,181,2
T4,3,0,200,22
T5,4,1,104,9
[304]
T1,0,1,112,4
T2,1,1,45,4
T3,2,0,200,19
T4,3,0,153,7
T5,4,1,125,14
[305]
T1,0,0,184,4
T2,1,1,69,1
T3,2,0,23,2
T4,3,1,105,15
T5,4,0,200,16
[306]
T1,0,0,191,32
T2,1,1,115,13
T3,2,0,21,2
T4,3,1,200,8
T5,4,1,75,2
[307]
T1,0,0,24,1
T2,1,1,200,16
T3,2,1,69,1
T4,3,0,155,19
T5,4,1,131,15
[308]
T1,0,0,141,19
T2,1,1,200,13
T3,2,0,174,12
T4,3,0,140,5
T5,4,1,40,3
[309]
T1,0,1,134,6
T2,1,0,119,3
T3,2,1,175,33
T4,3,0,200,7
T5,4,0,30,2
[310]
T1,0,0,180,3
T2,1,0,89,1
T3,2,1,40,4
T4,3,0,86,21
T5,4,1,200,2
[311]
T1,0,1,200,41
T2,1,1,92,2
T3,2,0,192,21
T4,3,1,106,5
T5,4,0,32,1
[312]
T1,0,0,27,2
T2,1,1,124,9
T3,2,0,200,34
T4,3,1,152,19
T5,4,0,114,2
[313]
T1,0,0,200,21
T2,1,0,144,4
T3,2,0,96,7
T4,3,0,159,24
T5,4,0,50,1
[314]
T1,0,0,200,8
T2,1,1,100,5
T3,2,1,97,22
T4,3,0,51,2
T5,4,0,159,11
[315]
T1,0,1,38,2
T2,1,1,76,4
T3,2,1,181,6
T4,3,1,200,16
T5,4,1,58,8
[316]
T1,0,1,96,4
T2,1,0,200,18
T3,2,1,194,2
T4,3,0,100,5
T5,4,0,20,4
[317]
T1,0,1,160,10
T2,1,0,30,2
T3,2,1,83,3
T4,3,0,94,5
T5,4,0,200,31
[318]
T1,0,1,200,3
T2,1,1,63,1
T3,2,1,81,20
T4,3,1,192,16
T5,4,0,49,2
[319]
T1,0,0,192,10
T2,1,1,53,1
T3,2,1,200,34
T4,3,1,122,13
T5,4,1,144,5
[320]
T1,0,0,189,4
T2,1,1,24,3
T3,2,1,78,5
T4,3,0,200,1
T5,4,1,107,17
[321]
T1,0,0,180,8
T2,1,1,26,2
T3,2,0,142,1
T4,3,0,110,7
T5,4,1,200,33
[322]
T1,0,0,100,7
T2,1,1,200,3
T3,2,0,82,5
T4,3,0,150,10
T5,4,0,43,7
[323]
T1,0,1,65,1
T2,1,0,200,5
T3,2,0,75,1
T4,3,0,20,2
T5,4,0,148,43
[324]
T1,0,1,200,5
T2,1,0,104,6
T3,2,1,24,2
T4,3,1,129,7
T5,4,0,158,26
[325]
T1,0,1,38,2
T2,1,1,77,1
T3,2,1,176,27
T4,3,0,200,15
T5,4,1,139,9
[326]
T1,0,0,30,2
T2,1,1,131,3
T3,2,0,127,2
T4,3,0,200,55
T5,4,0,192,15
[327]
T1,0,0,24,6
T2,1,0,99,2
T3,2,1,95,7
T4,3,1,150,1
T5,4,1,200,3
[328]
T1,0,0,175,2
T2,1,0,77,5
T3,2,0,62,2
T4,3,1,36,7
T5,4,1,200,17
[329]
T1,0,1,64,2
T2,1,0,200,25
T3,2,0,188,3
T4,3,1,47,6
T5,4,1,92,10
[330]
T1,0,0,100,2
T2,1,1,45,1
T3,2,0,156,21
T4,3,1,200,17
T5,4,1,78,9
[331]
T1,0,1,108,2
T2,1,0,164,30
T3,2,1,200,14
T4,3,0,44,4
T5,4,1,99,2
[332]
T1,0,0,169,26
T2,1,0,40,2
T3,2,0,123,12
T4,3,1,72,5
T5,4,1,200,2
[333]
T1,0,0,200,9
T2,1,0,117,9
T3,2,1,177,12
T4,3,0,72,4
T5,4,1,36,4
[334]
T1,0,0,141,5
T2,1,0,200,11
T3,2,0,81,11
T4,3,0,20,2
T5,4,1,198,26
[335]
T1,0,0,159,2
T2,1,0,115,14
T3,2,0,106,17
T4,3,1,22,2
T5,4,1,200,15
[336]
T1,0,1,55,4
T2,1,1,200,23
T3,2,0,162,4
T4,3,0,20,2
T5,4,0,97,3
[337]
T1,0,0,200,15
T2,1,1,44,6
T3,2,0,187,2
T4,3,1,76,12
T5,4,0,112,1
[338]
T1,0,1,100,4
T2,1,0,122,2
T3,2,1,169,17
T4,3,0,54,2
T5,4,0,200,44
[339]
T1,0,0,200,1
T2,1,0,71,2
T3,2,1,31,2
T4,3,0,155,37
T5,4,0,107,5
[340]
T1,0,0,200,5
T2,1,0,91,2
T3,2,1,21,1
T4,3,1,87,5
T5,4,0,174,38
[341]
T1,0,1,167,15
T2,1,1,128,19
T3,2,1,200,4
T4,3,0,20,2
T5,4,0,125,14
[342]
T1,0,1,89,2
T2,1,0,200,33
T3,2,0,72,12
T4,3,1,51,2
T5,4,0,150,3
[343]
T1,0,0,191,12
T2,1,0,32,5
T3,2,1,106,2
T4,3,1,64,3
T5,4,0,200,19
[344]
T1,0,1,196,4
T2,1,0,102,2
T3,2,0,21,1
T4,3,1,200,42
T5,4,1,59,4
[345]
T1,0,0,75,2
T2,1,1,200,6
T3,2,0,24,2
T4,3,1,116,8
T5,4,0,168,40
[346]
T1,0,1,41,1
T2,1,1,95,11
T3,2,0,184,3
T4,3,1,200,35
T5,4,0,100,5
[347]
T1,0,0,200,23
T2,1,1,166,2
T3,2,0,95,2
T4,3,0,85,12
T5,4,0,50,5
[348]
T1,0,1,28,2
T2,1,0,61,8
T3,2,0,200,17
T4,3,1,183,16
T5,4,0,56,2
[349]
T1,0,0,55,3
T2,1,1,200,4
T3,2,1,68,13
T4,3,0,29,1
T5,4,1,154,9
[350]
T1,0,0,34,1
T2,1,1,175,2
T3,2,1,98,8
T4,3,0,97,20
T5,4,1,200,11
[351]
T1,0,0,136,5
T2,1,0,51,8
T3,2,1,120,3
T4,3,0,158,8
T5,4,1,200,20
[352]
T1,0,1,200,8
T2,1,1,63,2
T3,2,0,188,33
T4,3,1,140,16
T5,4,0,21,2
[353]
T1,0,1,195,4
T2,1,1,200,1
T3,2,1,21,2
T4,3,0,85,17
T5,4,1,114,17
[354]
T1,0,1,200,27
T2,1,0,99,6
T3,2,0,74,4
T4,3,0,152,6
T5,4,1,25,2
[355]
T1,0,0,190,3
T2,1,0,59,11
T3,2,1,200,1
T4,3,1,67,8
T5,4,0,30,1
[356]
T1,0,0,20,2
T2,1,0,115,6
T3,2,1,116,1
T4,3,1,179,2
T5,4,1,200,57
[357]
T1,0,1,65,3
T2,1,0,26,2
T3,2,0,135,17
T4,3,0,200,11
T5,4,0,183,16
[358]
T1,0,0,36,5
T2,1,0,110,1
T3,2,0,200,38
T4,3,1,111,2
T5,4,0,147,6
[359]
T1,0,1,40,2
T2,1,1,185,5
T3,2,1,200,26
T4,3,1,89,20
T5,4,1,61,2
[360]
T1,0,1,35,7
T2,1,1,126,2
T3,2,0,200,3
T4,3,1,188,10
T5,4,1,92,8
[361]
T1,0,1,195,23
T2,1,1,25,1
T3,2,1,200,19
T4,3,0,122,2
T5,4,0,101,8
[362]
T1,0,0,181,6
T2,1,0,50,2
T3,2,1,200,37
T4,3,1,134,13
T5,4,0,55,2
[363]
T1,0,0,161,1
T2,1,0,31,3
T3,2,1,56,2
T4,3,0,61,3
T5,4,0,200,44
[364]
T1,0,0,50,8
T2,1,0,97,3
T3,2,0,200,22
T4,3,1,105,1
T5,4,1,169,10
[365]
T1,0,1,112,2
T2,1,1,200,17
T3,2,1,95,16
T4,3,0,160,18
T5,4,1,23,2
[366]
T1,0,1,195,31
T2,1,0,36,2
T3,2,0,76,1
T4,3,1,90,7
T5,4,1,200,21
[367]
T1,0,1,95,1
T2,1,0,44,2
T3,2,1,180,54
T4,3,1,83,2
T5,4,1,200,12
[368]
T1,0,1,148,21
T2,1,1,88,2
T3,2,0,119,7
T4,3,0,200,2
T5,4,1,40,6
[369]
T1,0,0,164,9
T2,1,1,25,4
T3,2,1,200,14
T4,3,0,140,14
T5,4,0,76,2
[370]
T1,0,1,184,21
T2,1,0,76,2
T3,2,1,200,36
T4,3,1,46,2
T5,4,1,56,2
[371]
T1,0,1,24,2
T2,1,0,159,4
T3,2,0,66,18
T4,3,0,92,1
T5,4,1,200,13
[372]
T1,0,0,142,9
T2,1,1,200,24
T3,2,1,160,2
T4,3,0,60,11
T5,4,1,41,2
[373]
T1,0,1,57,7
T2,1,1,50,3
T3,2,1,63,4
T4,3,1,160,1
T5,4,1,200,22
[374]
T1,0,1,128,3
T2,1,0,200,39
T3,2,1,168,3
T4,3,1,29,4
T5,4,1,126,1
[375]
T1,0,1,200,34
T2,1,1,64,2
T3,2,1,148,4
T4,3,1,100,3
T5,4,0,48,7
[376]
T1,0,1,200,2
T2,1,1,95,18
T3,2,1,20,2
T4,3,0,156,2
T5,4,1,130,21
[377]
T1,0,0,168,15
T2,1,1,124,1
T3,2,0,32,2
T4,3,1,94,8
T5,4,1,200,26
[378]
T1,0,0,70,10
T2,1,0,200,8
T3,2,1,178,2
T4,3,0,80,10
T5,4,1,40,2
[379]
T1,0,1,170,15
T2,1,0,24,2
T3,2,1,200,20
T4,3,1,138,1
T5,4,1,138,12
[380]
T1,0,1,178,29
T2,1,0,80,1
T3,2,0,36,1
T4,3,1,200,22
T5,4,1,69,4
[381]
T1,0,0,125,15
T2,1,1,200,32
T3,2,0,123,5
T4,3,0,40,2
T5,4,0,152,10
[382]
T1,0,0,200,15
T2,1,1,82,5
T3,2,0,176,21
T4,3,0,140,14
T5,4,1,50,1
[383]
T1,0,0,20,2
T2,1,1,200,10
T3,2,0,185,3
T4,3,1,113,3
T5,4,1,130,24
[384]
T1,0,1,122,2
T2,1,0,178,52
T3,2,1,110,4
T4,3,0,33,1
T5,4,0,200,2
[385]
T1,0,1,200,3
T2,1,1,40,4
T3,2,1,172,2
T4,3,1,112,8
T5,4,0,106,20
[386]
T1,0,0,123,29
T2,1,0,113,2
T3,2,0,184,20
T4,3,0,200,7
T5,4,1,50,2
[387]
T1,0,0,85,4
T2,1,0,200,28
T3,2,1,190,13
T4,3,1,24,1
T5,4,0,98,5
[388]
T1,0,0,104,4
T2,1,0,200,5
T3,2,1,68,13
T4,3,1,184,4
T5,4,0,30,3
[389]
T1,0,1,76,2
T2,1,1,115,18
T3,2,0,20,2
T4,3,1,159,31
T5,4,0,200,2
[390]
T1,0,0,185,13
T2,1,0,105,1
T3,2,0,24,1
T4,3,1,200,44
T5,4,1,128,1
[391]
T1,0,1,25,3
T2,1,0,73,2
T3,2,1,200,13
T4,3,0,170,32
T5,4,0,80,2
[392]
T1,0,1,115,4
T2,1,0,42,2
T3,2,0,111,25
T4,3,0,200,8
T5,4,0,180,15
[393]
T1,0,0,198,30
T2,1,0,200,22
T3,2,0,74,5
T4,3,1,44,2
T5,4,0,145,5
[394]
T1,0,1,190,29
T2,1,1,200,2
T3,2,1,50,4
T4,3,0,130,18
T5,4,0,92,1
[395]
T1,0,0,33,2
T2,1,1,200,14
T3,2,1,119,13
T4,3,1,154,25
T5,4,1,80,1
[396]
T1,0,1,153,1
T2,1,1,57,8
T3,2,0,46,2
T4,3,0,200,2
T5,4,0,115,20
[397]
T1,0,0,108,2
T2,1,0,94,4
T3,2,1,150,28
T4,3,1,200,12
T5,4,1,23,1
[398]
T1,0,1,180,19
T2,1,1,34,1
T3,2,0,200,34
T4,3,1,85,2
T5,4,0,103,6
[399]
T1,0,0,200,45
T2,1,1,168,12
T3,2,0,20,2
T4,3,1,105,4
T5,4,1,122,6
[400]
T1,0,0,151,30
T2,1,0,132,4
T3,2,1,24,1
T4,3,0,200,3
T5,4,1,67,5
[401]
T1,0,0,150,15
T2,1,1,69,3
T3,2,1,100,3
T4,3,0,46,2
T5,4,0,200,31
[402]
T1,0,0,33,1
T2,1,0,200,2
T3,2,0,73,11
T4,3,1,185,33
T5,4,0,132,1
[403]
T1,0,0,65,4
T2,1,1,200,12
T3,2,1,26,3
T4,3,1,100,2
T5,4,0,179,22
[404]
T1,0,0,200,5
T2,1,1,121,3
T3,2,1,24,2
T4,3,1,162,36
T5,4,1,94,8
[405]
T1,0,1,75,2
T2,1,0,176,15
T3,2,0,126,2
T4,3,0,33,6
T5,4,1,200,17
[406]
T1,0,0,192,22
T2,1,1,145,2
T3,2,1,104,7
T4,3,0,42,7
T5,4,0,200,7
[407]
T1,0,0,112,27
T2,1,1,113,2
T3,2,0,48,3
T4,3,0,200,2
T5,4,0,192,8
[408]
T1,0,0,80,2
T2,1,0,200,35
T3,2,0,160,7
T4,3,1,27,2
T5,4,0,81,4
[409]
T1,0,0,189,13
T2,1,1,92,1
T3,2,0,40,3
T4,3,1,90,14
T5,4,1,200,11
[410]
T1,0,1,140,2
T2,1,1,159,33
T3,2,0,40,3
T4,3,0,67,5
T5,4,0,200,2
[411]
T1,0,0,24,1
T2,1,1,200,2
T3,2,1,194,11
T4,3,0,64,1
T5,4,0,127,34
[412]
T1,0,0,200,20
T2,1,1,90,12
T3,2,0,121,5
T4,3,1,198,17
T5,4,1,40,2
[413]
T1,0,1,105,9
T2,1,1,180,15
T3,2,1,28,4
T4,3,0,200,10
T5,4,1,138,2
[414]
T1,0,0,40,2
T2,1,1,68,10
T3,2,0,190,11
T4,3,0,200,2
T5,4,0,147,17
[415]
T1,0,0,95,12
T2,1,1,200,6
T3,2,0,47,2
T4,3,1,152,1
T5,4,0,84,14
[416]
T1,0,1,123,2
T2,1,1,200,3
T3,2,0,65,3
T4,3,1,50,13
T5,4,0,175,4
[417]
T1,0,0,174,6
T2,1,1,34,2
T3,2,1,200,31
T4,3,0,75,2
T5,4,0,111,14
[418]
T1,0,1,157,1
T2,1,1,64,11
T3,2,0,24,2
T4,3,1,200,14
T5,4,1,118,16
[419]
T1,0,0,58,3
T2,1,1,40,2
T3,2,0,200,6
T4,3,1,108,27
T5,4,1,149,3
[420]
T1,0,1,180,16
T2,1,1,128,21
T3,2,1,20,2
T4,3,1,200,2
T5,4,1,127,1
[421]
T1,0,1,200,22
T2,1,1,154,2
T3,2,0,88,18
T4,3,0,32,2
T5,4,1,75,3
[422]
T1,0,1,180,23
T2,1,1,74,7
T3,2,1,200,11
T4,3,0,64,1
T5,4,0,38,3
[423]
T1,0,1,89,2
T2,1,1,133,9
T3,2,1,200,24
T4,3,0,195,34
T5,4,1,20,2
[424]
T1,0,1,65,5
T2,1,1,22,2
T3,2,0,176,18
T4,3,1,141,3
T5,4,0,200,30
[425]
T1,0,1,152,6
T2,1,1,200,38
T3,2,0,143,8
T4,3,1,50,1
T5,4,1,97,7
[426]
T1,0,0,151,12
T2,1,1,114,13
T3,2,0,200,2
T4,3,0,24,3
T5,4,1,110,3
[427]
T1,0,0,168,22
T2,1,1,37,2
T3,2,1,104,3
T4,3,1,111,8
T5,4,1,200,25
[428]
T1,0,0,200,2
T2,1,0,40,5
T3,2,1,162,2
T4,3,1,57,9
T5,4,0,136,8
[429]
T1,0,1,146,24
T2,1,0,195,15
T3,2,0,200,12
T4,3,0,25,1
T5,4,0,127,2
[430]
T1,0,1,114,7
T2,1,1,186,44
T3,2,0,200,1
T4,3,0,50,3
T5,4,1,110,3
[431]
T1,0,1,20,2
T2,1,0,74,13
T3,2,0,199,8
T4,3,1,84,8
T5,4,0,200,9
[432]
T1,0,0,64,4
T2,1,0,168,6
T3,2,0,104,3
T4,3,1,200,36
T5,4,0,54,3
[433]
T1,0,0,78,3
T2,1,1,31,2
T3,2,1,200,11
T4,3,1,180,15
T5,4,1,124,14
[434]
T1,0,1,22,1
T2,1,0,81,9
T3,2,0,194,25
T4,3,1,200,11
T5,4,0,75,2
[435]
T1,0,1,75,3
T2,1,1,142,14
T3,2,0,46,1
T4,3,1,200,24
T5,4,0,150,16
[436]
T1,0,0,55,6
T2,1,1,40,2
T3,2,1,101,16
T4,3,0,186,1
T5,4,1,200,7
[437]
T1,0,0,48,4
T2,1,0,70,10
T3,2,1,200,21
T4,3,1,173,3
T5,4,0,144,5
[438]
T1,0,1,150,11
T2,1,0,200,19
T3,2,0,68,9
T4,3,1,63,4
T5,4,1,40,2
[439]
T1,0,0,30,2
T2,1,1,132,8
T3,2,0,158,33
T4,3,1,200,6
T5,4,0,140,13
[440]
T1,0,0,168,2
T2,1,1,140,9
T3,2,0,200,28
T4,3,1,42,4
T5,4,0,82,6
[441]
T1,0,1,88,5
T2,1,1,112,16
T3,2,1,200,30
T4,3,0,35,2
T5,4,0,148,2
[442]
T1,0,0,182,16
T2,1,1,200,11
T3,2,0,144,7
T4,3,0,102,19
T5,4,1,40,2
[443]
T1,0,0,153,3
T2,1,0,107,25
T3,2,1,120,7
T4,3,0,200,2
T5,4,1,51,2
[444]
T1,0,0,145,2
T2,1,1,40,1
T3,2,1,142,13
T4,3,1,200,48
T5,4,0,148,2
[445]
T1,0,1,200,10
T2,1,1,119,11
T3,2,1,164,2
T4,3,0,34,5
T5,4,0,138,10
[446]
T1,0,1,56,2
T2,1,0,200,41
T3,2,1,84,2
T4,3,1,24,2
T5,4,0,166,8
[447]
T1,0,1,200,39
T2,1,1,27,1
T3,2,0,66,2
T4,3,1,129,19
T5,4,0,180,2
[448]
T1,0,1,120,2
T2,1,1,200,27
T3,2,1,101,2
T4,3,0,158,6
T5,4,1,33,5
[449]
T1,0,1,38,2
T2,1,1,176,4
T3,2,1,200,57
T4,3,1,103,1
T5,4,1,56,2
[450]
T1,0,1,106,2
T2,1,1,170,2
T3,2,1,58,1
T4,3,1,51,11
T5,4,1,200,23
[451]
T1,0,0,174,12
T2,1,0,90,3
T3,2,0,110,2
T4,3,1,200,26
T5,4,0,48,7
[452]
T1,0,1,172,10
T2,1,1,110,27
T3,2,0,62,2
T4,3,1,200,1
T5,4,1,30,2
[453]
T1,0,0,20,2
T2,1,1,72,2
T3,2,0,74,11
T4,3,0,200,16
T5,4,1,192,21
[454]
T1,0,1,136,12
T2,1,0,34,5
T3,2,1,83,5
T4,3,0,200,13
T5,4,1,178,2
[455]
T1,0,1,51,2
T2,1,1,170,17
T3,2,1,200,6
T4,3,1,79,7
T5,4,1,84,10
[456]
T1,0,0,109,1
T2,1,0,169,21
T3,2,0,40,2
T4,3,1,200,17
T5,4,1,55,9
[457]
T1,0,1,200,2
T2,1,1,171,9
T3,2,1,90,3
T4,3,0,114,17
T5,4,1,34,4
[458]
T1,0,1,175,8
T2,1,0,200,56
T3,2,0,96,2
T4,3,1,45,2
T5,4,0,73,2
[459]
T1,0,0,94,3
T2,1,1,20,2
T3,2,1,200,33
T4,3,1,178,5
T5,4,1,67,8
[460]
T1,0,0,69,4
T2,1,0,70,3
T3,2,0,190,4
T4,3,0,200,21
T5,4,1,32,4
[461]
T1,0,1,36,3
T2,1,1,131,2
T3,2,0,200,22
T4,3,1,151,2
T5,4,1,100,16
[462]
T1,0,0,117,3
T2,1,1,68,6
T3,2,0,200,10
T4,3,1,36,4
T5,4,0,155,14
[463]
T1,0,1,200,3
T2,1,1,22,2
T3,2,1,160,11
T4,3,0,80,8
T5,4,1,104,18
[464]
T1,0,1,119,4
T2,1,0,168,11
T3,2,1,82,12
T4,3,0,21,2
T5,4,1,200,5
[465]
T1,0,1,71,1
T2,1,0,66,1
T3,2,1,25,2
T4,3,1,200,61
T5,4,1,196,3
[466]
T1,0,1,175,40
T2,1,1,58,1
T3,2,1,200,2
T4,3,1,30,2
T5,4,1,97,3
[467]
T1,0,0,146,33
T2,1,1,200,5
T3,2,1,40,1
T4,3,1,73,3
T5,4,1,165,9
[468]
T1,0,1,122,1
T2,1,0,200,44
T3,2,0,183,1
T4,3,0,28,3
T5,4,0,63,2
[469]
T1,0,0,200,3
T2,1,1,88,7
T3,2,1,46,4
T4,3,0,86,5
T5,4,0,154,19
[470]
T1,0,1,158,16
T2,1,1,40,3
T3,2,1,147,6
T4,3,1,200,7
T5,4,1,118,15
[471]
T1,0,0,20,1
T2,1,0,62,2
T3,2,1,200,24
T4,3,1,60,3
T5,4,0,153,20
[472]
T1,0,1,159,2
T2,1,0,54,8
T3,2,1,65,7
T4,3,1,200,20
T5,4,0,45,2
[473]
T1,0,1,200,9
T2,1,0,78,12
T3,2,1,156,2
T4,3,1,21,2
T5,4,1,136,20
[474]
T1,0,0,25,5
T2,1,1,200,1
T3,2,1,98,9
T4,3,1,194,2
T5,4,1,62,3
[475]
T1,0,0,200,13
T2,1,0,144,3
T3,2,1,40,5
T4,3,1,189,16
T5,4,1,69,5
[476]
T1,0,1,101,4
T2,1,0,184,10
T3,2,1,200,44
T4,3,0,86,3
T5,4,1,40,1
[477]
T1,0,1,125,19
T2,1,1,170,7
T3,2,1,146,18
T4,3,1,30,1
T5,4,1,200,1
[478]
T1,0,1,72,10
T2,1,1,57,1
T3,2,0,200,17
T4,3,1,51,2
T5,4,0,162,13
[479]
T1,0,0,200,6
T2,1,1,96,2
T3,2,1,195,22
T4,3,0,96,8
T5,4,1,36,5
[480]
T1,0,1,97,8
T2,1,0,200,5
T3,2,1,198,14
T4,3,0,22,2
T5,4,1,100,11
[481]
T1,0,0,45,2
T2,1,0,183,47
T3,2,1,81,8
T4,3,1,200,3
T5,4,1,119,2
[482]
T1,0,0,196,47
T2,1,0,79,5
T3,2,1,117,1
T4,3,0,50,2
T5,4,1,200,13
[483]
T1,0,0,50,12
T2,1,1,195,12
T3,2,1,200,1
T4,3,1,76,2
T5,4,1,102,6
[484]
T1,0,0,55,16
T2,1,1,200,7
T3,2,1,195,2
T4,3,1,79,2
T5,4,0,36,1
[485]
T1,0,1,65,9
T2,1,1,200,8
T3,2,1,42,3
T4,3,1,87,2
T5,4,1,192,25
[486]
T1,0,0,200,45
T2,1,1,35,2
T3,2,1,76,2
T4,3,0,108,8
T5,4,0,190,12
[487]
T1,0,1,102,7
T2,1,0,20,2
T3,2,1,54,9
T4,3,0,176,4
T5,4,1,200,20
[488]
T1,0,1,112,16
T2,1,1,48,1
T3,2,0,198,30
T4,3,1,76,1
T5,4,0,200,7
[489]
T1,0,1,50,2
T2,1,0,157,19
T3,2,1,200,12
T4,3,0,128,4
T5,4,1,65,10
[490]
T1,0,0,200,29
T2,1,1,26,1
T3,2,1,180,2
T4,3,0,72,5
T5,4,1,106,11
[491]
T1,0,1,160,39
T2,1,0,106,4
T3,2,0,48,2
T4,3,0,139,4
T5,4,0,200,7
[492]
T1,0,0,97,23
T2,1,0,200,3
T3,2,1,28,2
T4,3,1,110,2
T5,4,0,184,24
[493]
T1,0,0,200,15
T2,1,1,25,3
T3,2,1,76,2
T4,3,0,190,20
T5,4,1,58,3
[494]
T1,0,1,58,4
T2,1,0,24,4
T3,2,1,171,2
T4,3,0,200,16
T5,4,1,87,4
[495]
T1,0,0,126,28
T2,1,0,150,1
T3,2,1,119,4
T4,3,0,200,7
T5,4,1,34,3
[496]
T1,0,0,120,16
T2,1,1,200,1
T3,2,1,115,14
T4,3,0,30,2
T5,4,0,183,10
[497]
T1,0,0,107,1
T2,1,1,115,11
T3,2,1,50,3
T4,3,1,200,32
T5,4,1,167,9
[498]
T1,0,0,78,2
T2,1,1,78,15
T3,2,0,200,5
T4,3,0,164,1
T5,4,0,36,4
[499]
T1,0,0,196,33
T2,1,1,200,14
T3,2,1,38,2
T4,3,1,140,11
T5,4,0,109,2
[500]
T1,0,1,150,6
T2,1,0,200,28
T3,2,0,35,1
T4,3,0,59,9
T5,4,1,137,2
