num_task_per_taskset=5
num_taskset=500
//ID,Priority,Offset,Period,Execution Time
[1]
T1,0,1,165,1
T2,1,1,36,5
T3,2,0,200,14
T4,3,1,110,13
T5,4,1,59,2
[2]
T1,0,0,40,6
T2,1,1,200,20
T3,2,1,88,5
T4,3,0,180,6
T5,4,1,60,2
[3]
T1,0,1,80,3
T2,1,1,105,5
T3,2,0,174,9
T4,3,0,21,1
T5,4,1,200,34
[4]
T1,0,0,40,9
T2,1,1,191,2
T3,2,0,85,5
T4,3,1,200,3
T5,4,1,69,5
[5]
T1,0,1,23,2
T2,1,1,200,4
T3,2,1,92,14
T4,3,0,57,4
T5,4,0,192,6
[6]
T1,0,1,93,4
T2,1,0,200,24
T3,2,1,45,2
T4,3,0,186,4
T5,4,1,137,20
[7]
T1,0,1,143,6
T2,1,0,200,6
T3,2,1,63,15
T4,3,0,152,7
T5,4,1,21,2
[8]
T1,0,0,24,1
T2,1,0,167,27
T3,2,1,200,2
T4,3,0,68,10
T5,4,1,75,1
[9]
T1,0,1,73,6
T2,1,1,35,1
T3,2,0,55,11
T4,3,0,148,2
T5,4,1,200,6
[10]
T1,0,1,22,3
T2,1,0,97,4
T3,2,1,200,17
T4,3,1,176,1
T5,4,1,125,14
[11]
T1,0,0,139,13
T2,1,1,200,30
T3,2,0,192,13
T4,3,0,21,1
T5,4,0,72,2
[12]
T1,0,1,80,8
T2,1,1,40,1
T3,2,1,175,13
T4,3,1,200,22
T5,4,1,139,9
[13]
T1,0,1,200,4
T2,1,0,60,1
T3,2,1,180,5
T4,3,0,140,5
T5,4,1,25,7
[14]
T1,0,0,66,2
T2,1,0,200,6
T3,2,0,45,2
T4,3,0,171,46
T5,4,0,127,6
[15]
T1,0,0,38,4
T2,1,1,68,5
T3,2,0,200,8
T4,3,0,170,12
T5,4,0,121,8
[16]
T1,0,0,200,40
T2,1,1,52,2
T3,2,0,160,10
T4,3,1,91,8
T5,4,0,122,2
[17]
T1,0,0,196,3
T2,1,1,200,16
T3,2,0,22,5
T4,3,1,64,2
T5,4,0,95,2
[18]
T1,0,1,200,2
T2,1,1,30,1
T3,2,1,88,7
T4,3,1,55,9
T5,4,1,162,10
[19]
T1,0,1,115,11
T2,1,0,200,14
T3,2,0,180,5
T4,3,1,45,6
T5,4,0,89,5
[20]
T1,0,1,170,5
T2,1,1,147,27
T3,2,0,51,2
T4,3,1,60,5
T5,4,1,200,17
[21]
T1,0,0,107,19
T2,1,1,100,13
T3,2,1,25,2
T4,3,0,155,9
T5,4,1,200,2
[22]
T1,0,0,200,7
T2,1,0,119,27
T3,2,0,86,3
T4,3,1,150,1
T5,4,1,42,3
[23]
T1,0,1,200,13
T2,1,0,119,2
T3,2,1,28,3
T4,3,0,164,16
T5,4,0,81,9
[24]
T1,0,0,160,2
T2,1,1,25,4
T3,2,1,132,2
T4,3,1,200,1
T5,4,0,65,12
[25]
T1,0,0,124,5
T2,1,1,42,4
T3,2,0,200,11
T4,3,0,168,10
T5,4,1,56,7
[26]
T1,0,0,57,9
T2,1,0,200,2
T3,2,0,153,28
T4,3,0,40,2
T5,4,0,143,3
[27]
T1,0,1,150,7
T2,1,1,28,2
T3,2,0,200,12
T4,3,0,135,35
T5,4,0,95,2
[28]
T1,0,1,200,25
T2,1,0,37,2
T3,2,0,132,26
T4,3,0,148,6
T5,4,0,97,1
[29]
T1,0,0,22,1
T2,1,1,116,8
T3,2,0,198,6
T4,3,1,200,23
T5,4,1,117,12
[30]
T1,0,1,90,10
T2,1,0,161,7
T3,2,1,200,6
T4,3,0,115,7
T5,4,0,46,6
[31]
T1,0,1,99,11
T2,1,1,44,2
T3,2,0,165,38
T4,3,1,65,2
T5,4,0,200,7
[32]
T1,0,1,124,2
T2,1,1,68,5
T3,2,0,160,16
T4,3,1,200,34
T5,4,1,22,2
[33]
T1,0,1,120,9
T2,1,1,26,1
T3,2,1,159,7
T4,3,0,94,11
T5,4,1,200,18
[34]
T1,0,1,68,1
T2,1,1,200,1
T3,2,0,51,3
T4,3,1,62,7
T5,4,0,189,32
[35]
T1,0,1,40,1
T2,1,0,130,2
T3,2,0,58,7
T4,3,0,193,35
T5,4,1,200,4
[36]
T1,0,1,200,25
T2,1,1,40,2
T3,2,1,76,2
T4,3,1,165,21
T5,4,1,135,12
[37]
T1,0,0,132,12
T2,1,0,37,3
T3,2,0,168,3
T4,3,0,200,28
T5,4,1,120,7
[38]
T1,0,0,36,2
T2,1,0,200,1
T3,2,0,145,35
T4,3,0,120,5
T5,4,0,149,15
[39]
T1,0,0,58,3
T2,1,0,186,6
T3,2,1,200,44
T4,3,0,25,2
T5,4,0,104,8
[40]
T1,0,1,139,1
T2,1,0,200,5
T3,2,1,37,2
T4,3,1,90,25
T5,4,0,162,9
[41]
T1,0,0,71,13
T2,1,1,200,2
T3,2,0,48,1
T4,3,0,186,21
T5,4,0,57,2
[42]
T1,0,0,100,24
T2,1,1,200,2
T3,2,0,36,2
T4,3,0,105,7
T5,4,1,194,11
[43]
T1,0,1,30,1
T2,1,1,91,2
T3,2,1,95,9
T4,3,1,200,27
T5,4,0,152,16
[44]
T1,0,1,180,19
T2,1,1,129,16
T3,2,0,75,2
T4,3,0,44,3
T5,4,1,200,11
[45]
T1,0,0,156,9
T2,1,1,98,6
T3,2,1,42,1
T4,3,0,200,24
T5,4,1,132,17
[46]
T1,0,0,100,5
T2,1,0,146,7
T3,2,0,200,34
T4,3,0,52,2
T5,4,0,192,13
[47]
T1,0,0,24,5
T2,1,0,200,6
T3,2,0,132,8
T4,3,1,78,1
T5,4,1,182,13
[48]
T1,0,0,70,19
T2,1,0,159,6
T3,2,1,70,2
T4,3,1,40,2
T5,4,1,200,1
[49]
T1,0,0,44,3
T2,1,0,78,2
T3,2,1,176,8
T4,3,0,200,41
T5,4,1,58,1
[50]
T1,0,1,200,10
T2,1,1,25,2
T3,2,1,55,3
T4,3,1,91,3
T5,4,0,196,42
[51]
T1,0,0,130,1
T2,1,0,20,2
T3,2,1,114,7
T4,3,1,200,19
T5,4,0,185,16
[52]
T1,0,1,127,15
T2,1,1,178,4
T3,2,1,32,4
T4,3,0,130,6
T5,4,0,200,12
[53]
T1,0,1,200,1
T2,1,1,56,1
T3,2,0,20,2
T4,3,0,92,31
T5,4,1,155,1
[54]
T1,0,1,200,18
T2,1,0,155,3
T3,2,1,24,3
T4,3,0,118,7
T5,4,0,80,6
[55]
T1,0,0,63,4
T2,1,0,74,5
T3,2,0,200,2
T4,3,0,30,3
T5,4,0,188,24
[56]
T1,0,1,200,2
T2,1,1,39,2
T3,2,0,123,1
T4,3,1,117,14
T5,4,1,162,38
[57]
T1,0,0,72,9
T2,1,1,188,4
T3,2,1,35,2
T4,3,0,90,2
T5,4,1,200,31
[58]
T1,0,0,165,41
T2,1,0,200,18
T3,2,0,36,1
T4,3,1,69,2
T5,4,1,123,2
[59]
T1,0,0,57,3
T2,1,1,42,2
T3,2,0,180,18
T4,3,0,68,7
T5,4,0,200,11
[60]
T1,0,1,63,10
T2,1,1,200,15
T3,2,0,154,6
T4,3,0,130,3
T5,4,1,54,4
[61]
T1,0,0,95,12
T2,1,0,161,11
T3,2,0,105,16
T4,3,1,200,4
T5,4,1,21,2
[62]
T1,0,0,50,5
T2,1,0,61,2
T3,2,1,200,10
T4,3,0,119,17
T5,4,1,155,15
[63]
T1,0,1,29,3
T2,1,1,83,2
T3,2,0,200,21
T4,3,1,58,2
T5,4,1,190,27
[64]
T1,0,1,113,4
T2,1,1,200,59
T3,2,1,84,1
T4,3,1,45,1
T5,4,0,170,2
[65]
T1,0,1,195,30
T2,1,1,39,2
T3,2,1,145,6
T4,3,1,200,19
T5,4,1,77,7
[66]
T1,0,1,200,3
T2,1,1,190,17
T3,2,0,36,2
T4,3,0,69,12
T5,4,0,83,2
[67]
T1,0,0,180,10
T2,1,1,143,8
T3,2,0,94,11
T4,3,1,200,17
T5,4,1,26,2
[68]
T1,0,0,187,6
T2,1,0,99,1
T3,2,1,117,2
T4,3,1,200,31
T5,4,0,25,4
[69]
T1,0,0,129,9
T2,1,1,25,4
T3,2,0,200,2
T4,3,0,154,5
T5,4,1,75,6
[70]
T1,0,0,200,23
T2,1,1,142,11
T3,2,1,20,2
T4,3,0,116,1
T5,4,1,178,10
[71]
T1,0,1,200,39
T2,1,0,110,8
T3,2,1,96,4
T4,3,0,48,2
T5,4,0,200,5
[72]
T1,0,0,200,1
T2,1,0,31,1
T3,2,1,72,2
T4,3,0,195,17
T5,4,0,135,28
[73]
T1,0,1,31,2
T2,1,1,66,2
T3,2,1,81,3
T4,3,0,200,61
T5,4,1,198,5
[74]
T1,0,0,200,25
T2,1,1,132,1
T3,2,0,150,23
T4,3,1,49,1
T5,4,0,60,4
[75]
T1,0,1,90,5
T2,1,1,200,22
T3,2,1,114,4
T4,3,0,37,5
T5,4,1,180,5
[76]
T1,0,0,200,4
T2,1,0,185,3
T3,2,0,77,9
T4,3,0,44,3
T5,4,0,84,12
[77]
T1,0,1,176,9
T2,1,0,28,2
T3,2,0,59,3
T4,3,1,144,17
T5,4,0,200,19
[78]
T1,0,0,197,9
T2,1,1,200,6
T3,2,1,65,6
T4,3,0,118,14
T5,4,1,40,3
[79]
T1,0,1,160,6
T2,1,1,29,1
T3,2,1,116,22
T4,3,0,200,18
T5,4,1,68,1
[80]
T1,0,1,200,23
T2,1,0,140,1
T3,2,1,175,11
T4,3,1,22,3
T5,4,1,66,1
[81]
T1,0,1,175,2
T2,1,0,83,9
T3,2,0,200,2
T4,3,1,134,2
T5,4,1,30,7
[82]
T1,0,0,85,1
T2,1,0,168,49
T3,2,1,50,2
T4,3,0,102,6
T5,4,1,200,3
[83]
T1,0,1,50,3
T2,1,1,200,9
T3,2,0,120,18
T4,3,1,150,13
T5,4,1,126,4
[84]
T1,0,0,168,23
T2,1,0,200,11
T3,2,1,28,1
T4,3,1,70,9
T5,4,1,114,2
[85]
T1,0,0,31,1
T2,1,0,185,28
T3,2,0,62,4
T4,3,0,200,21
T5,4,1,110,4
[86]
T1,0,1,200,43
T2,1,0,25,2
T3,2,0,155,2
T4,3,1,114,11
T5,4,1,91,4
[87]
T1,0,1,92,5
T2,1,1,48,1
T3,2,0,162,31
T4,3,0,200,11
T5,4,0,100,5
[88]
T1,0,0,180,14
T2,1,1,44,7
T3,2,1,200,4
T4,3,1,57,2
T5,4,1,147,11
[89]
T1,0,0,184,5
T2,1,1,200,6
T3,2,0,106,10
T4,3,1,96,21
T5,4,1,24,2
[90]
T1,0,1,33,2
T2,1,1,200,5
T3,2,1,150,35
T4,3,0,146,3
T5,4,0,109,2
[91]
T1,0,1,77,9
T2,1,0,66,4
T3,2,1,34,1
T4,3,1,200,16
T5,4,0,168,12
[92]
T1,0,0,156,9
T2,1,1,110,2
T3,2,1,117,2
T4,3,0,200,42
T5,4,0,52,6
[93]
T1,0,0,150,5
T2,1,1,137,1
T3,2,0,98,4
T4,3,1,200,22
T5,4,0,39,7
[94]
T1,0,0,135,14
T2,1,0,200,10
T3,2,0,23,4
T4,3,1,182,5
T5,4,1,104,2
[95]
T1,0,1,70,2
T2,1,0,200,23
T3,2,1,58,2
T4,3,1,30,2
T5,4,0,195,28
[96]
T1,0,1,33,3
T2,1,1,200,2
T3,2,1,97,21
T4,3,1,120,2
T5,4,0,180,11
[97]
T1,0,0,50,6
T2,1,0,200,3
T3,2,0,148,15
T4,3,1,133,5
T5,4,0,92,10
[98]
T1,0,1,51,3
T2,1,0,72,2
T3,2,0,75,6
T4,3,0,148,26
T5,4,0,200,4
[99]
T1,0,0,64,1
T2,1,1,30,2
T3,2,0,131,10
T4,3,1,170,12
T5,4,0,200,39
[100]
T1,0,1,50,6
T2,1,1,75,8
T3,2,1,87,2
T4,3,1,186,20
T5,4,0,200,6
[101]
T1,0,1,65,2
T2,1,0,24,4
T3,2,0,162,19
T4,3,1,107,5
T5,4,0,200,6
[102]
T1,0,0,200,19
T2,1,1,145,1
T3,2,1,143,33
T4,3,1,21,2
T5,4,0,180,3
[103]
T1,0,1,161,16
T2,1,0,130,10
T3,2,0,200,34
T4,3,0,20,2
T5,4,0,60,1
[104]
T1,0,0,200,32
T2,1,0,84,5
T3,2,1,184,2
T4,3,0,88,2
T5,4,0,34,5
[105]
T1,0,0,200,49
T2,1,1,38,1
T3,2,1,152,2
T4,3,1,60,2
T5,4,1,105,8
[106]
T1,0,1,66,18
T2,1,1,21,2
T3,2,1,160,4
T4,3,1,200,15
T5,4,1,125,2
[107]
T1,0,1,146,27
T2,1,1,200,29
T3,2,1,50,2
T4,3,1,195,3
T5,4,1,114,4
[108]
T1,0,1,200,27
T2,1,1,125,6
T3,2,1,124,7
T4,3,1,27,3
T5,4,0,162,2
[109]
T1,0,1,32,1
T2,1,1,176,36
T3,2,0,93,9
T4,3,1,55,2
T5,4,1,200,9
[110]
T1,0,0,42,2
T2,1,1,106,5
T3,2,1,70,12
T4,3,1,173,24
T5,4,1,200,4
[111]
T1,0,1,62,1
T2,1,0,196,4
T3,2,1,28,4
T4,3,1,200,16
T5,4,1,61,6
[112]
T1,0,0,78,5
T2,1,0,26,2
T3,2,1,120,15
T4,3,0,200,18
T5,4,1,172,2
[113]
T1,0,0,114,10
T2,1,0,161,16
T3,2,1,21,2
T4,3,1,144,9
T5,4,0,200,2
[114]
T1,0,1,100,11
T2,1,1,159,11
T3,2,0,62,2
T4,3,1,200,26
T5,4,1,31,1
[115]
T1,0,0,74,9
T2,1,1,200,6
T3,2,1,132,5
T4,3,1,25,2
T5,4,1,189,18
[116]
T1,0,1,147,14
T2,1,1,185,29
T3,2,0,26,2
T4,3,0,200,15
T5,4,0,100,3
[117]
T1,0,0,110,4
T2,1,0,154,17
T3,2,1,52,1
T4,3,1,108,5
T5,4,0,200,35
[118]
T1,0,1,200,6
T2,1,0,139,1
T3,2,1,165,32
T4,3,0,33,4
T5,4,0,141,5
[119]
T1,0,0,100,1
T2,1,1,200,9
T3,2,1,104,3
T4,3,1,48,7
T5,4,1,184,29
[120]
T1,0,1,168,6
T2,1,1,66,2
T3,2,1,53,2
T4,3,1,140,20
T5,4,1,200,30
[121]
T1,0,0,75,7
T2,1,1,102,8
T3,2,0,153,1
T4,3,1,200,29
T5,4,0,46,2
[122]
T1,0,0,33,2
T2,1,1,200,17
T3,2,1,54,2
T4,3,1,108,11
T5,4,0,162,27
[123]
T1,0,1,36,2
T2,1,0,200,1
T3,2,0,113,4
T4,3,0,168,22
T5,4,1,67,10
[124]
T1,0,0,57,7
T2,1,1,88,1
T3,2,1,200,24
T4,3,0,190,12
T5,4,0,41,2
[125]
T1,0,0,30,6
T2,1,0,200,3
T3,2,1,190,13
T4,3,0,68,2
T5,4,0,75,4
[126]
T1,0,1,80,9
T2,1,1,25,4
T3,2,0,200,21
T4,3,0,122,2
T5,4,0,167,2
[127]
T1,0,0,67,7
T2,1,1,38,2
T3,2,0,150,14
T4,3,1,200,30
T5,4,0,112,2
[128]
T1,0,0,170,2
T2,1,1,34,2
T3,2,1,200,45
T4,3,0,137,14
T5,4,1,136,7
[129]
T1,0,0,138,38
T2,1,1,200,9
T3,2,1,23,2
T4,3,1,180,11
T5,4,1,138,2
[130]
T1,0,1,66,13
T2,1,1,30,2
T3,2,0,115,7
T4,3,1,200,5
T5,4,1,189,6
[131]
T1,0,1,46,2
T2,1,1,175,18
T3,2,0,200,41
T4,3,0,64,2
T5,4,1,126,5
[132]
T1,0,0,165,18
T2,1,1,95,2
T3,2,0,40,2
T4,3,1,139,15
T5,4,0,200,32
[133]
T1,0,0,40,1
T2,1,0,132,9
T3,2,0,105,19
T4,3,1,157,11
T5,4,1,200,4
[134]
T1,0,1,106,2
T2,1,0,200,26
T3,2,0,31,4
T4,3,0,150,11
T5,4,0,92,2
[135]
T1,0,0,133,15
T2,1,1,143,7
T3,2,0,200,17
T4,3,0,184,7
T5,4,0,40,4
[136]
T1,0,1,75,1
T2,1,0,176,5
T3,2,0,117,2
T4,3,0,200,43
T5,4,0,36,3
[137]
T1,0,1,111,18
T2,1,1,184,23
T3,2,1,40,4
T4,3,1,200,2
T5,4,0,100,2
[138]
T1,0,0,44,3
T2,1,0,152,4
T3,2,1,63,2
T4,3,1,130,14
T5,4,1,200,26
[139]
T1,0,1,87,1
T2,1,1,135,2
T3,2,0,186,10
T4,3,1,200,47
T5,4,0,50,4
[140]
T1,0,0,45,1
T2,1,1,153,15
T3,2,0,140,24
T4,3,0,63,4
T5,4,1,200,2
[141]
T1,0,0,177,15
T2,1,0,28,2
T3,2,1,200,38
T4,3,1,132,3
T5,4,0,56,1
[142]
T1,0,0,94,12
T2,1,1,90,9
T3,2,1,200,18
T4,3,0,44,2
T5,4,1,196,11
[143]
T1,0,1,168,8
T2,1,0,132,38
T3,2,1,52,2
T4,3,1,200,5
T5,4,0,75,1
[144]
T1,0,0,48,5
T2,1,1,200,1
T3,2,1,165,19
T4,3,0,142,5
T5,4,0,69,8
[145]
T1,0,0,200,26
T2,1,1,55,5
T3,2,1,73,3
T4,3,1,156,9
T5,4,1,52,3
[146]
T1,0,0,60,7
T2,1,0,141,4
T3,2,1,198,5
T4,3,0,200,31
T5,4,0,27,1
[147]
T1,0,1,25,3
T2,1,1,64,2
T3,2,0,200,9
T4,3,1,178,29
T5,4,0,56,1
[148]
T1,0,1,115,10
T2,1,1,73,8
T3,2,1,158,4
T4,3,1,200,4
T5,4,1,20,2
[149]
T1,0,0,133,4
T2,1,1,200,17
T3,2,0,184,28
T4,3,1,73,6
T5,4,0,25,2
[150]
T1,0,0,165,17
T2,1,0,116,2
T3,2,0,82,7
T4,3,0,200,34
T5,4,0,48,2
[151]
T1,0,0,184,5
T2,1,1,200,13
T3,2,1,97,7
T4,3,0,40,7
T5,4,0,128,3
[152]
T1,0,1,200,17
T2,1,0,58,1
T3,2,1,88,1
T4,3,0,25,5
T5,4,0,158,8
[153]
T1,0,1,200,25
T2,1,1,175,4
T3,2,1,116,2
T4,3,0,58,3
T5,4,0,20,3
[154]
T1,0,1,112,5
T2,1,1,200,22
T3,2,1,36,4
T4,3,0,70,2
T5,4,0,170,12
[155]
T1,0,0,200,2
T2,1,0,20,2
T3,2,0,100,6
T4,3,0,78,5
T5,4,1,159,36
[156]
T1,0,0,147,2
T2,1,0,40,2
T3,2,1,200,49
T4,3,0,97,9
T5,4,0,90,3
[157]
T1,0,1,137,3
T2,1,1,155,13
T3,2,0,200,33
T4,3,1,62,2
T5,4,0,48,5
[158]
T1,0,0,36,2
T2,1,0,145,5
T3,2,1,140,36
T4,3,1,170,7
T5,4,1,200,9
[159]
T1,0,0,109,4
T2,1,1,175,11
T3,2,1,40,9
T4,3,0,200,2
T5,4,1,125,4
[160]
T1,0,1,200,2
T2,1,0,157,3
T3,2,0,96,1
T4,3,1,120,4
T5,4,0,40,12
[161]
T1,0,0,108,3
T2,1,1,156,22
T3,2,0,200,28
T4,3,1,147,2
T5,4,1,20,1
[162]
T1,0,0,200,16
T2,1,0,134,16
T3,2,0,177,5
T4,3,0,40,4
T5,4,1,96,5
[163]
T1,0,1,129,3
T2,1,0,52,2
T3,2,0,200,11
T4,3,1,150,8
T5,4,1,92,23
[164]
T1,0,0,116,6
T2,1,1,160,37
T3,2,1,127,1
T4,3,0,200,15
T5,4,0,28,2
[165]
T1,0,0,54,3
T2,1,1,160,2
T3,2,0,200,30
T4,3,1,127,10
T5,4,0,30,2
[166]
T1,0,0,50,10
T2,1,0,122,4
T3,2,1,148,1
T4,3,1,112,14
T5,4,1,200,3
[167]
T1,0,1,143,2
T2,1,0,48,3
T3,2,0,200,2
T4,3,0,71,2
T5,4,1,156,50
[168]
T1,0,1,28,2
T2,1,1,130,6
T3,2,1,165,32
T4,3,0,133,8
T5,4,0,200,15
[169]
T1,0,1,200,4
T2,1,0,176,31
T3,2,1,55,6
T4,3,0,119,7
T5,4,0,48,1
[170]
T1,0,1,154,2
T2,1,0,45,1
T3,2,0,125,8
T4,3,0,117,21
T5,4,0,200,17
[171]
T1,0,0,29,2
T2,1,1,190,14
T3,2,1,200,5
T4,3,0,133,10
T5,4,1,54,10
[172]
T1,0,1,44,4
T2,1,0,192,24
T3,2,1,80,2
T4,3,1,92,12
T5,4,0,200,4
[173]
T1,0,1,60,1
T2,1,0,160,2
T3,2,0,22,3
T4,3,0,200,34
T5,4,1,92,3
[174]
T1,0,1,62,13
T2,1,1,200,3
T3,2,0,70,4
T4,3,0,149,7
T5,4,1,50,2
[175]
T1,0,0,148,26
T2,1,1,91,8
T3,2,1,200,14
T4,3,1,25,2
T5,4,0,134,4
[176]
T1,0,1,29,2
T2,1,1,103,11
T3,2,1,147,5
T4,3,1,175,3
T5,4,0,200,42
[177]
T1,0,1,23,2
T2,1,1,108,2
T3,2,1,200,9
T4,3,0,150,23
T5,4,1,124,19
[178]
T1,0,0,200,42
T2,1,0,24,2
T3,2,1,68,2
T4,3,0,164,10
T5,4,0,62,4
[179]
T1,0,1,120,14
T2,1,0,192,3
T3,2,1,200,14
T4,3,0,96,3
T5,4,1,30,4
[180]
T1,0,0,132,5
T2,1,1,24,2
T3,2,1,160,7
T4,3,0,200,30
T5,4,1,64,9
[181]
T1,0,0,183,2
T2,1,1,200,20
T3,2,1,131,10
T4,3,1,20,2
T5,4,1,63,5
[182]
T1,0,0,36,1
T2,1,0,200,28
T3,2,1,79,7
T4,3,0,171,6
T5,4,0,132,12
[183]
T1,0,1,200,19
T2,1,0,166,33
T3,2,0,110,3
T4,3,0,20,1
T5,4,0,66,2
[184]
T1,0,1,153,29
T2,1,0,131,4
T3,2,0,38,2
T4,3,0,200,8
T5,4,1,114,14
[185]
T1,0,0,123,6
T2,1,1,120,9
T3,2,1,20,2
T4,3,1,200,16
T5,4,1,195,34
[186]
T1,0,1,40,4
T2,1,1,200,6
T3,2,1,136,5
T4,3,1,175,5
T5,4,0,105,17
[187]
T1,0,0,44,7
T2,1,0,200,2
T3,2,1,100,6
T4,3,0,150,6
T5,4,0,82,8
[188]
T1,0,0,51,4
T2,1,1,200,24
T3,2,0,96,1
T4,3,1,62,10
T5,4,1,153,1
[189]
T1,0,1,23,1
T2,1,1,200,11
T3,2,1,125,5
T4,3,0,154,8
T5,4,0,100,15
[190]
T1,0,0,28,2
T2,1,1,195,35
T3,2,0,111,10
T4,3,0,104,4
T5,4,0,200,2
[191]
T1,0,0,44,2
T2,1,1,200,22
T3,2,1,189,16
T4,3,0,82,11
T5,4,1,110,4
[192]
T1,0,0,36,8
T2,1,0,133,4
T3,2,0,141,4
T4,3,1,198,14
T5,4,1,200,4
[193]
T1,0,0,126,17
T2,1,0,76,8
T3,2,0,162,17
T4,3,1,24,1
T5,4,1,200,2
[194]
T1,0,1,93,5
T2,1,0,200,1
T3,2,1,153,29
T4,3,0,50,2
T5,4,0,76,9
[195]
T1,0,0,195,5
T2,1,1,52,2
T3,2,1,98,9
T4,3,0,200,30
T5,4,0,64,7
[196]
T1,0,1,40,6
T2,1,0,184,2
T3,2,1,200,8
T4,3,1,54,5
T5,4,1,69,4
[197]
T1,0,0,75,11
T2,1,1,77,7
T3,2,0,200,12
T4,3,0,190,10
T5,4,1,30,2
[198]
T1,0,1,50,2
T2,1,1,65,5
T3,2,1,163,18
T4,3,0,118,1
T5,4,1,200,36
[199]
T1,0,1,200,16
T2,1,1,93,11
T3,2,0,30,5
T4,3,1,184,1
T5,4,0,77,2
[200]
T1,0,0,200,23
T2,1,1,98,1
T3,2,1,45,5
T4,3,0,198,22
T5,4,1,96,4
[201]
T1,0,0,141,2
T2,1,0,180,16
T3,2,1,21,1
T4,3,0,141,17
T5,4,0,200,26
[202]
T1,0,1,200,1
T2,1,1,31,2
T3,2,0,72,22
T4,3,0,125,3
T5,4,1,175,6
[203]
T1,0,0,200,15
T2,1,1,28,2
T3,2,1,165,15
T4,3,0,143,10
T5,4,0,61,4
[204]
T1,0,1,74,7
T2,1,0,200,7
T3,2,1,60,3
T4,3,1,50,7
T5,4,1,159,6
[205]
T1,0,1,200,18
T2,1,0,104,8
T3,2,0,130,8
T4,3,1,167,5
T5,4,0,26,3
[206]
T1,0,1,40,3
T2,1,1,187,9
T3,2,0,137,8
T4,3,0,84,8
T5,4,1,200,22
[207]
T1,0,1,200,24
T2,1,0,133,8
T3,2,1,154,17
T4,3,0,97,6
T5,4,0,28,1
[208]
T1,0,1,97,9
T2,1,0,200,16
T3,2,0,190,14
T4,3,1,98,5
T5,4,1,24,1
[209]
T1,0,0,112,15
T2,1,1,175,10
T3,2,1,92,10
T4,3,0,45,2
T5,4,0,200,8
[210]
T1,0,0,117,36
T2,1,1,104,7
T3,2,1,200,1
T4,3,1,182,1
T5,4,1,53,2
[211]
T1,0,0,35,2
T2,1,1,147,4
T3,2,1,200,32
T4,3,1,102,9
T5,4,1,160,17
[212]
T1,0,0,22,2
T2,1,1,119,1
T3,2,0,125,26
T4,3,0,184,2
T5,4,0,200,25
[213]
T1,0,1,75,6
T2,1,0,200,1
T3,2,1,126,7
T4,3,1,50,10
T5,4,1,183,6
[214]
T1,0,1,184,8
T2,1,0,81,2
T3,2,1,36,2
T4,3,1,70,2
T5,4,1,200,50
[215]
T1,0,1,43,2
T2,1,1,125,12
T3,2,0,95,14
T4,3,1,190,6
T5,4,1,200,16
[216]
T1,0,1,200,28
T2,1,0,44,1
T3,2,1,150,3
T4,3,0,118,5
T5,4,0,116,17
[217]
T1,0,0,45,1
T2,1,0,120,15
T3,2,1,163,4
T4,3,0,81,9
T5,4,0,200,17
[218]
T1,0,1,68,4
T2,1,0,60,3
T3,2,0,200,34
T4,3,0,169,14
T5,4,0,26,2
[219]
T1,0,0,200,35
T2,1,0,168,5
T3,2,1,99,2
T4,3,0,50,6
T5,4,1,95,4
[220]
T1,0,1,200,10
T2,1,1,34,2
T3,2,0,152,37
T4,3,0,64,1
T5,4,0,104,3
[221]
T1,0,1,161,2
T2,1,1,34,2
T3,2,0,200,20
T4,3,1,56,8
T5,4,1,67,7
[222]
T1,0,0,102,2
T2,1,1,200,42
T3,2,1,175,1
T4,3,0,26,2
T5,4,1,69,9
[223]
T1,0,1,162,15
T2,1,1,22,5
T3,2,0,100,2
T4,3,1,125,5
T5,4,1,200,1
[224]
T1,0,1,200,2
T2,1,0,115,27
T3,2,1,110,5
T4,3,1,33,1
T5,4,0,155,11
[225]
T1,0,1,200,21
T2,1,1,24,3
T3,2,1,141,4
T4,3,1,54,5
T5,4,1,184,4
[226]
T1,0,0,175,2
T2,1,1,136,21
T3,2,1,135,6
T4,3,0,41,2
T5,4,0,200,35
[227]
T1,0,1,75,2
T2,1,0,103,14
T3,2,0,200,16
T4,3,0,42,2
T5,4,0,173,29
[228]
T1,0,1,145,17
T2,1,1,30,3
T3,2,0,108,5
T4,3,0,183,3
T5,4,0,200,18
[229]
T1,0,0,72,10
T2,1,0,200,1
T3,2,0,185,12
T4,3,1,20,3
T5,4,1,65,1
[230]
T1,0,1,28,1
T2,1,1,186,41
T3,2,1,126,6
T4,3,1,200,7
T5,4,1,124,4
[231]
T1,0,0,109,5
T2,1,1,84,15
T3,2,0,200,10
T4,3,0,25,2
T5,4,1,151,15
[232]
T1,0,0,200,4
T2,1,0,20,2
T3,2,0,198,10
T4,3,0,140,3
T5,4,1,67,19
[233]
T1,0,1,114,4
T2,1,0,180,5
T3,2,1,42,2
T4,3,0,200,12
T5,4,0,57,12
[234]
T1,0,0,112,2
T2,1,1,200,5
T3,2,1,20,1
T4,3,1,70,1
T5,4,1,182,50
[235]
T1,0,1,200,13
T2,1,0,93,15
T3,2,1,46,5
T4,3,1,180,4
T5,4,1,102,1
[236]
T1,0,1,125,6
T2,1,1,35,3
T3,2,1,148,2
T4,3,0,75,8
T5,4,1,200,22
[237]
T1,0,1,99,1
T2,1,0,200,31
T3,2,1,100,1
T4,3,0,31,4
T5,4,0,184,12
[238]
T1,0,1,56,6
T2,1,0,200,6
T3,2,0,192,12
T4,3,0,70,1
T5,4,1,28,4
[239]
T1,0,0,20,2
T2,1,0,186,6
T3,2,0,124,8
T4,3,1,200,29
T5,4,1,84,3
[240]
T1,0,0,200,32
T2,1,0,25,2
T3,2,0,180,2
T4,3,0,90,15
T5,4,0,111,4
[241]
T1,0,0,100,2
T2,1,0,200,7
T3,2,0,138,10
T4,3,0,187,22
T5,4,1,26,3
[242]
T1,0,1,95,5
T2,1,1,200,12
T3,2,1,82,5
T4,3,1,30,3
T5,4,1,160,16
[243]
T1,0,1,173,16
T2,1,1,108,7
T3,2,1,20,3
T4,3,1,55,2
T5,4,1,200,6
[244]
T1,0,1,24,2
T2,1,0,82,15
T3,2,0,102,1
T4,3,0,200,3
T5,4,0,192,13
[245]
T1,0,1,50,6
T2,1,0,68,7
T3,2,1,180,3
T4,3,0,200,9
T5,4,1,127,12
[246]
T1,0,0,92,1
T2,1,1,48,2
T3,2,1,200,2
T4,3,0,176,1
T5,4,1,142,48
[247]
T1,0,1,160,22
T2,1,1,59,2
T3,2,0,200,31
T4,3,1,108,3
T5,4,1,51,3
[248]
T1,0,0,86,14
T2,1,0,165,20
T3,2,0,109,6
T4,3,1,43,2
T5,4,1,200,5
[249]
T1,0,1,200,57
T2,1,1,20,2
T3,2,0,186,1
T4,3,0,115,7
T5,4,1,100,1
[250]
T1,0,1,183,12
T2,1,0,25,4
T3,2,0,123,1
T4,3,1,132,1
T5,4,1,200,25
[251]
T1,0,1,190,6
T2,1,1,200,9
T3,2,1,98,16
T4,3,0,125,13
T5,4,1,42,1
[252]
T1,0,0,50,7
T2,1,0,200,14
T3,2,0,156,21
T4,3,1,93,1
T5,4,0,115,3
[253]
T1,0,1,200,14
T2,1,1,40,6
T3,2,1,112,8
T4,3,1,75,4
T5,4,0,170,1
[254]
T1,0,1,26,2
T2,1,1,72,1
T3,2,1,168,7
T4,3,0,200,20
T5,4,0,117,17
[255]
T1,0,0,63,7
T2,1,0,200,17
T3,2,1,40,5
T4,3,1,67,1
T5,4,1,156,5
[256]
T1,0,1,164,15
T2,1,0,41,2
T3,2,0,76,1
T4,3,1,73,11
T5,4,1,200,13
[257]
T1,0,1,92,6
T2,1,0,140,9
T3,2,0,162,22
T4,3,0,48,4
T5,4,1,200,6
[258]
T1,0,0,200,2
T2,1,1,107,6
T3,2,0,129,20
T4,3,0,156,26
T5,4,0,40,2
[259]
T1,0,0,85,2
T2,1,0,155,6
T3,2,1,140,1
T4,3,1,46,5
T5,4,0,200,42
[260]
T1,0,0,64,2
T2,1,0,20,2
T3,2,1,188,23
T4,3,0,200,19
T5,4,1,71,7
[261]
T1,0,1,120,18
T2,1,0,192,37
T3,2,0,114,3
T4,3,0,20,2
T5,4,0,200,1
[262]
T1,0,1,42,1
T2,1,1,128,11
T3,2,0,200,42
T4,3,0,153,5
T5,4,1,70,1
[263]
T1,0,1,158,2
T2,1,1,200,19
T3,2,0,120,21
T4,3,0,22,1
T5,4,1,97,4
[264]
T1,0,1,133,26
T2,1,1,200,14
T3,2,0,46,2
T4,3,1,184,9
T5,4,0,60,4
[265]
T1,0,1,48,3
T2,1,1,170,21
T3,2,0,93,1
T4,3,0,58,2
T5,4,0,200,27
[266]
T1,0,1,98,16
T2,1,0,195,11
T3,2,1,66,5
T4,3,0,200,13
T5,4,0,42,1
[267]
T1,0,0,108,4
T2,1,0,167,2
T3,2,0,24,5
T4,3,0,200,15
T5,4,1,89,4
[268]
T1,0,1,56,6
T2,1,0,200,28
T3,2,1,160,16
T4,3,0,96,2
T5,4,0,44,2
[269]
T1,0,1,30,1
T2,1,0,128,4
T3,2,1,142,3
T4,3,1,194,8
T5,4,1,200,48
[270]
T1,0,1,200,6
T2,1,1,180,11
T3,2,1,52,4
T4,3,1,113,17
T5,4,0,72,4
[271]
T1,0,1,132,2
T2,1,1,20,2
T3,2,0,95,19
T4,3,1,200,2
T5,4,1,192,9
[272]
T1,0,0,99,13
T2,1,1,23,2
T3,2,0,150,32
T4,3,0,105,1
T5,4,0,200,2
[273]
T1,0,1,33,2
T2,1,0,166,14
T3,2,1,200,9
T4,3,1,121,14
T5,4,0,60,4
[274]
T1,0,1,98,7
T2,1,0,196,2
T3,2,1,31,2
T4,3,1,146,27
T5,4,0,200,9
[275]
T1,0,0,30,2
T2,1,0,200,7
T3,2,0,144,10
T4,3,0,80,2
T5,4,1,198,54
[276]
T1,0,0,87,4
T2,1,0,30,4
T3,2,0,200,2
T4,3,0,131,12
T5,4,0,195,20
[277]
T1,0,0,30,2
T2,1,0,71,6
T3,2,1,82,3
T4,3,0,200,38
T5,4,0,162,8
[278]
T1,0,1,84,2
T2,1,1,75,5
T3,2,1,200,41
T4,3,1,193,7
T5,4,0,48,2
[279]
T1,0,0,30,6
T2,1,1,86,2
T3,2,0,69,4
T4,3,0,200,4
T5,4,0,195,13
[280]
T1,0,0,158,6
T2,1,1,62,12
T3,2,0,200,20
T4,3,0,50,1
T5,4,0,66,2
[281]
T1,0,0,172,7
T2,1,1,107,7
T3,2,1,200,18
T4,3,1,50,3
T5,4,1,115,15
[282]
T1,0,0,141,2
T2,1,0,50,8
T3,2,0,198,13
T4,3,0,94,10
T5,4,1,200,7
[283]
T1,0,1,48,4
T2,1,1,132,16
T3,2,0,104,13
T4,3,1,200,8
T5,4,1,150,1
[284]
T1,0,1,74,4
T2,1,1,80,2
T3,2,1,200,49
T4,3,0,34,2
T5,4,0,165,4
[285]
T1,0,0,50,7
T2,1,1,77,2
T3,2,1,107,9
T4,3,0,200,8
T5,4,0,165,16
[286]
T1,0,1,190,14
T2,1,1,34,4
T3,2,1,115,1
T4,3,1,133,6
T5,4,1,200,26
[287]
T1,0,1,180,2
T2,1,1,113,2
T3,2,0,68,8
T4,3,0,200,39
T5,4,1,36,2
[288]
T1,0,0,127,2
T2,1,1,200,13
T3,2,1,155,4
T4,3,1,25,2
T5,4,1,74,12
[289]
T1,0,1,175,23
T2,1,0,25,2
T3,2,0,121,13
T4,3,0,200,1
T5,4,0,136,16
[290]
T1,0,1,200,15
T2,1,1,44,3
T3,2,1,165,2
T4,3,1,112,24
T5,4,1,101,2
[291]
T1,0,1,27,6
T2,1,0,151,3
T3,2,1,135,2
T4,3,0,200,25
T5,4,0,108,2
[292]
T1,0,1,163,30
T2,1,1,80,3
T3,2,0,28,2
T4,3,1,135,9
T5,4,0,200,6
[293]
T1,0,0,40,5
T2,1,1,83,7
T3,2,1,190,3
T4,3,1,139,12
T5,4,0,200,13
[294]
T1,0,1,200,33
T2,1,0,116,12
T3,2,1,150,2
T4,3,1,25,2
T5,4,0,65,1
[295]
T1,0,1,31,2
T2,1,1,166,1
T3,2,1,200,19
T4,3,1,62,12
T5,4,1,65,2
[296]
T1,0,0,170,2
T2,1,0,63,3
T3,2,1,38,6
T4,3,1,200,18
T5,4,1,102,7
[297]
T1,0,1,84,3
T2,1,0,200,2
T3,2,1,30,2
T4,3,1,72,7
T5,4,1,152,36
[298]
T1,0,0,150,23
T2,1,1,69,4
T3,2,0,22,1
T4,3,0,200,9
T5,4,1,141,9
[299]
T1,0,0,168,5
T2,1,0,138,2
T3,2,1,68,1
T4,3,0,200,1
T5,4,0,27,8
[300]
T1,0,0,200,26
T2,1,0,190,2
T3,2,1,64,2
T4,3,0,72,3
T5,4,1,20,4
[301]
T1,0,1,70,3
T2,1,1,181,19
T3,2,1,200,10
T4,3,1,21,3
T5,4,1,111,2
[302]
T1,0,1,200,10
T2,1,0,156,3
T3,2,1,52,9
T4,3,0,60,4
T5,4,0,135,8
[303]
T1,0,1,175,39
T2,1,0,25,2
T3,2,1,96,4
T4,3,0,127,4
T5,4,0,200,17
[304]
T1,0,0,105,2
T2,1,0,179,24
T3,2,0,35,2
T4,3,1,117,21
T5,4,0,200,9
[305]
T1,0,1,20,2
T2,1,0,96,26
T3,2,0,200,15
T4,3,0,169,2
T5,4,0,98,4
[306]
T1,0,1,20,2
T2,1,0,165,3
T3,2,1,200,9
T4,3,1,129,16
T5,4,0,143,11
[307]
T1,0,1,49,1
T2,1,0,125,8
T3,2,0,62,2
T4,3,1,196,26
T5,4,1,200,34
[308]
T1,0,0,127,2
T2,1,0,195,19
T3,2,0,200,14
T4,3,0,115,2
T5,4,0,45,8
[309]
T1,0,1,200,18
T2,1,1,66,2
T3,2,0,42,7
T4,3,1,192,21
T5,4,0,98,2
[310]
T1,0,1,180,14
T2,1,1,200,31
T3,2,1,57,4
T4,3,0,136,2
T5,4,0,21,1
[311]
T1,0,1,200,20
T2,1,1,175,18
T3,2,1,25,2
T4,3,1,102,12
T5,4,0,103,4
[312]
T1,0,0,84,6
T2,1,1,162,11
T3,2,0,108,23
T4,3,0,40,2
T5,4,0,200,5
[313]
T1,0,1,114,18
T2,1,0,59,2
T3,2,0,25,3
T4,3,1,200,6
T5,4,1,170,9
[314]
T1,0,0,92,18
T2,1,0,87,4
T3,2,1,20,1
T4,3,1,197,6
T5,4,1,200,2
[315]
T1,0,0,109,6
T2,1,1,21,2
T3,2,0,200,12
T4,3,1,150,20
T5,4,1,84,10
[316]
T1,0,0,182,1
T2,1,0,84,2
T3,2,1,30,1
T4,3,1,140,17
T5,4,1,200,43
[317]
T1,0,0,150,1
T2,1,0,137,7
T3,2,1,63,5
T4,3,1,200,24
T5,4,1,22,2
[318]
T1,0,0,200,24
T2,1,0,21,1
T3,2,1,168,25
T4,3,1,108,4
T5,4,1,74,1
[319]
T1,0,0,186,23
T2,1,1,95,13
T3,2,1,200,3
T4,3,0,48,2
T5,4,0,101,10
[320]
T1,0,0,174,13
T2,1,1,120,12
T3,2,0,200,39
T4,3,0,20,2
T5,4,1,104,1
[321]
T1,0,1,100,7
T2,1,1,141,12
T3,2,0,20,4
T4,3,1,200,2
T5,4,1,159,1
[322]
T1,0,0,184,10
T2,1,1,200,12
T3,2,1,132,7
T4,3,0,46,6
T5,4,1,111,8
[323]
T1,0,1,141,4
T2,1,0,93,18
T3,2,1,200,10
T4,3,0,190,1
T5,4,0,38,4
[324]
T1,0,0,34,3
T2,1,1,194,4
T3,2,1,136,24
T4,3,0,126,12
T5,4,0,200,2
[325]
T1,0,1,200,11
T2,1,1,116,1
T3,2,0,174,6
T4,3,1,31,3
T5,4,0,133,22
[326]
T1,0,0,200,2
T2,1,0,38,6
T3,2,1,174,12
T4,3,0,114,5
T5,4,1,112,11
[327]
T1,0,0,87,2
T2,1,0,200,24
T3,2,1,174,35
T4,3,0,23,2
T5,4,1,71,2
[328]
T1,0,0,43,1
T2,1,0,200,62
T3,2,1,165,1
T4,3,1,74,2
T5,4,1,110,4
[329]
T1,0,0,139,16
T2,1,0,164,1
T3,2,0,100,2
T4,3,0,200,48
T5,4,0,34,2
[330]
T1,0,0,60,2
T2,1,1,200,8
T3,2,0,103,19
T4,3,1,168,2
T5,4,0,34,4
[331]
T1,0,1,107,13
T2,1,0,200,12
T3,2,1,91,1
T4,3,0,150,10
T5,4,1,40,4
[332]
T1,0,0,200,45
T2,1,0,80,9
T3,2,0,48,2
T4,3,1,146,2
T5,4,1,152,4
[333]
T1,0,0,200,40
T2,1,0,78,5
T3,2,0,131,9
T4,3,0,21,2
T5,4,0,192,4
[334]
T1,0,1,25,2
T2,1,1,200,16
T3,2,1,134,7
T4,3,0,72,2
T5,4,1,175,40
[335]
T1,0,1,48,2
T2,1,1,106,8
T3,2,0,80,5
T4,3,1,200,18
T5,4,1,198,21
[336]
T1,0,0,158,17
T2,1,0,30,1
T3,2,1,75,13
T4,3,1,128,3
T5,4,0,200,5
[337]
T1,0,0,200,4
T2,1,0,46,3
T3,2,0,160,28
T4,3,0,144,5
T5,4,1,130,12
[338]
T1,0,0,168,23
T2,1,0,77,4
T3,2,0,200,24
T4,3,0,49,2
T5,4,1,110,2
[339]
T1,0,0,200,2
T2,1,1,142,15
T3,2,1,166,14
T4,3,1,50,6
T5,4,1,128,9
[340]
T1,0,0,67,1
T2,1,0,192,14
T3,2,1,78,1
T4,3,0,25,2
T5,4,1,200,39
[341]
T1,0,0,126,15
T2,1,1,200,1
T3,2,0,161,2
T4,3,1,35,2
T5,4,0,91,16
[342]
T1,0,0,200,33
T2,1,0,174,20
T3,2,1,145,3
T4,3,1,141,4
T5,4,0,32,1
[343]
T1,0,0,200,40
T2,1,0,82,8
T3,2,0,158,2
T4,3,0,92,5
T5,4,1,41,1
[344]
T1,0,1,183,15
T2,1,1,95,8
T3,2,0,24,1
T4,3,0,121,7
T5,4,1,200,19
[345]
T1,0,0,200,2
T2,1,0,45,7
T3,2,0,164,18
T4,3,0,63,6
T5,4,0,95,2
[346]
T1,0,1,40,3
T2,1,1,91,2
T3,2,0,84,2
T4,3,1,200,31
T5,4,0,165,13
[347]
T1,0,1,120,3
T2,1,0,200,33
T3,2,1,40,1
T4,3,0,186,26
T5,4,1,106,1
[348]
T1,0,0,40,1
T2,1,1,200,9
T3,2,1,103,1
T4,3,1,86,16
T5,4,1,165,19
[349]
T1,0,1,140,7
T2,1,0,67,5
T3,2,0,175,22
T4,3,0,21,2
T5,4,0,200,5
[350]
T1,0,1,101,6
T2,1,1,195,18
T3,2,1,200,16
T4,3,0,30,3
T5,4,0,86,2
[351]
T1,0,0,42,1
T2,1,0,125,17
T3,2,1,177,6
T4,3,0,112,18
T5,4,1,200,3
[352]
T1,0,0,110,3
T2,1,1,168,2
T3,2,0,200,20
T4,3,0,126,30
T5,4,1,32,2
[353]
T1,0,1,48,6
T2,1,1,140,2
T3,2,0,161,8
T4,3,1,71,6
T5,4,0,200,21
[354]
T1,0,0,120,9
T2,1,1,200,2
T3,2,1,28,1
T4,3,0,163,11
T5,4,0,80,16
[355]
T1,0,1,63,3
T2,1,0,48,2
T3,2,0,161,18
T4,3,0,69,3
T5,4,1,200,33
[356]
T1,0,0,200,27
T2,1,1,119,4
T3,2,1,160,1
T4,3,0,51,1
T5,4,0,144,27
[357]
T1,0,1,152,7
T2,1,1,200,15
T3,2,1,25,1
T4,3,1,77,9
T5,4,0,124,11
[358]
T1,0,0,200,6
T2,1,1,25,2
T3,2,0,182,15
T4,3,1,144,5
T5,4,1,64,14
[359]
T1,0,0,125,1
T2,1,0,24,1
T3,2,0,200,2
T4,3,1,187,44
T5,4,0,75,5
[360]
T1,0,0,112,1
T2,1,1,200,26
T3,2,0,172,28
T4,3,1,85,3
T5,4,1,48,1
[361]
T1,0,0,85,8
T2,1,1,200,10
T3,2,0,135,3
T4,3,0,150,13
T5,4,1,31,4
[362]
T1,0,0,48,2
T2,1,0,86,7
T3,2,1,132,1
T4,3,1,176,41
T5,4,0,200,3
[363]
T1,0,1,27,1
T2,1,0,89,8
T3,2,1,118,7
T4,3,0,180,28
T5,4,1,200,6
[364]
T1,0,1,175,29
T2,1,0,21,1
T3,2,0,112,3
T4,3,0,126,12
T5,4,0,200,9
[365]
T1,0,1,172,38
T2,1,1,98,1
T3,2,1,200,27
T4,3,0,35,2
T5,4,1,75,1
[366]
T1,0,0,95,20
T2,1,0,200,9
T3,2,0,41,5
T4,3,1,75,2
T5,4,0,170,2
[367]
T1,0,0,50,1
T2,1,0,200,4
T3,2,1,126,13
T4,3,1,118,3
T5,4,1,186,39
[368]
T1,0,1,176,5
T2,1,1,200,53
T3,2,0,144,7
T4,3,1,65,3
T5,4,0,35,2
[369]
T1,0,1,134,8
T2,1,1,192,17
T3,2,0,200,17
T4,3,0,97,3
T5,4,1,50,6
[370]
T1,0,1,200,5
T2,1,0,97,2
T3,2,1,166,7
T4,3,0,28,1
T5,4,0,80,18
[371]
T1,0,1,45,9
T2,1,0,60,7
T3,2,0,179,4
T4,3,0,200,2
T5,4,1,125,2
[372]
T1,0,1,60,2
T2,1,0,55,2
T3,2,1,32,2
T4,3,0,160,38
T5,4,1,200,4
[373]
T1,0,1,178,10
T2,1,1,56,1
T3,2,1,50,8
T4,3,1,90,9
T5,4,1,200,8
[374]
T1,0,1,200,12
T2,1,0,152,21
T3,2,0,141,3
T4,3,1,40,2
T5,4,0,129,20
[375]
T1,0,1,155,8
T2,1,1,50,4
T3,2,1,200,5
T4,3,0,118,16
T5,4,1,96,8
[376]
T1,0,0,109,8
T2,1,1,185,38
T3,2,1,146,1
T4,3,0,37,2
T5,4,1,200,6
[377]
T1,0,1,100,2
T2,1,0,43,2
T3,2,0,200,25
T4,3,1,170,11
T5,4,0,57,6
[378]
T1,0,0,200,1
T2,1,0,197,45
T3,2,1,125,3
T4,3,1,126,15
T5,4,0,20,2
[379]
T1,0,1,158,2
T2,1,0,97,8
T3,2,0,200,5
T4,3,1,43,4
T5,4,0,100,17
[380]
T1,0,1,186,33
T2,1,0,30,1
T3,2,0,59,3
T4,3,1,200,17
T5,4,0,128,3
[381]
T1,0,0,40,4
T2,1,0,66,3
T3,2,1,177,14
T4,3,0,200,21
T5,4,1,72,2
[382]
T1,0,0,196,12
T2,1,1,62,9
T3,2,1,143,8
T4,3,1,28,2
T5,4,0,200,4
[383]
T1,0,0,72,2
T2,1,1,23,1
T3,2,1,200,3
T4,3,1,161,23
T5,4,0,127,22
[384]
T1,0,1,92,5
T2,1,1,88,13
T3,2,1,189,15
T4,3,1,200,10
T5,4,1,20,1
[385]
T1,0,0,200,9
T2,1,0,30,2
T3,2,1,142,4
T4,3,1,197,48
T5,4,1,144,6
[386]
T1,0,1,88,3
T2,1,1,101,8
T3,2,0,200,26
T4,3,0,40,4
T5,4,1,179,6
[387]
T1,0,1,145,2
T2,1,1,39,5
T3,2,1,103,4
T4,3,0,200,14
T5,4,0,195,26
[388]
T1,0,1,78,2
T2,1,1,125,22
T3,2,1,195,15
T4,3,0,33,3
T5,4,0,200,1
[389]
T1,0,1,94,2
T2,1,1,46,12
T3,2,1,200,13
T4,3,0,188,6
T5,4,1,84,1
[390]
T1,0,0,100,14
T2,1,1,119,14
T3,2,1,28,2
T4,3,1,200,15
T5,4,0,184,6
[391]
T1,0,0,80,2
T2,1,1,200,10
T3,2,1,57,2
T4,3,1,21,2
T5,4,0,178,29
[392]
T1,0,1,129,2
T2,1,0,101,2
T3,2,0,200,19
T4,3,0,150,9
T5,4,1,30,6
[393]
T1,0,1,71,4
T2,1,0,85,13
T3,2,0,153,9
T4,3,1,200,17
T5,4,1,33,1
[394]
T1,0,1,146,12
T2,1,1,52,4
T3,2,0,200,8
T4,3,1,72,2
T5,4,1,152,26
[395]
T1,0,1,87,2
T2,1,1,28,1
T3,2,0,140,1
T4,3,0,200,40
T5,4,1,197,27
[396]
T1,0,1,200,16
T2,1,1,162,6
T3,2,0,87,8
T4,3,0,45,6
T5,4,1,79,3
[397]
T1,0,1,200,34
T2,1,0,157,17
T3,2,0,125,2
T4,3,1,40,4
T5,4,1,113,2
[398]
T1,0,1,22,1
T2,1,1,129,17
T3,2,0,73,2
T4,3,1,200,14
T5,4,0,176,17
[399]
T1,0,0,100,1
T2,1,0,200,7
T3,2,0,24,2
T4,3,1,60,8
T5,4,1,198,35
[400]
T1,0,0,89,12
T2,1,1,200,8
T3,2,1,38,7
T4,3,1,190,3
T5,4,0,118,1
[401]
T1,0,1,55,2
T2,1,1,73,9
T3,2,0,189,12
T4,3,0,25,4
T5,4,0,200,2
[402]
T1,0,0,24,2
T2,1,0,69,1
T3,2,1,54,1
T4,3,0,200,18
T5,4,0,149,33
[403]
T1,0,1,200,2
T2,1,0,168,15
T3,2,0,126,15
T4,3,1,62,5
T5,4,0,20,1
[404]
T1,0,0,155,1
T2,1,1,200,22
T3,2,0,61,5
T4,3,0,20,3
T5,4,1,99,1
[405]
T1,0,1,102,2
T2,1,0,159,9
T3,2,0,54,17
T4,3,1,36,2
T5,4,1,200,2
[406]
T1,0,1,200,7
T2,1,0,50,7
T3,2,0,188,24
T4,3,1,126,5
T5,4,0,135,5
[407]
T1,0,0,40,1
T2,1,0,200,11
T3,2,0,165,19
T4,3,1,145,1
T5,4,0,143,26
[408]
T1,0,1,35,6
T2,1,0,200,18
T3,2,0,65,2
T4,3,0,115,2
T5,4,0,185,19
[409]
T1,0,1,99,1
T2,1,1,200,7
T3,2,1,130,22
T4,3,1,186,2
T5,4,0,31,4
[410]
T1,0,1,110,16
T2,1,0,198,35
T3,2,0,24,2
T4,3,0,200,3
T5,4,1,109,2
[411]
T1,0,0,96,2
T2,1,0,185,14
T3,2,0,40,3
T4,3,1,200,35
T5,4,0,58,2
[412]
T1,0,0,170,14
T2,1,1,117,2
T3,2,1,40,2
T4,3,1,200,7
T5,4,1,108,26
[413]
T1,0,0,200,30
T2,1,0,73,9
T3,2,1,166,10
T4,3,1,85,2
T5,4,1,30,1
[414]
T1,0,1,70,1
T2,1,0,92,2
T3,2,0,32,2
T4,3,0,164,42
T5,4,1,200,3
[415]
T1,0,1,200,44
T2,1,0,160,5
T3,2,0,67,2
T4,3,0,54,2
T5,4,1,52,6
[416]
T1,0,1,73,3
T2,1,0,55,4
T3,2,1,198,1
T4,3,1,26,2
T5,4,1,200,49
[417]
T1,0,0,200,12
T2,1,0,45,2
T3,2,0,149,10
T4,3,0,135,19
T5,4,1,71,7
[418]
T1,0,1,138,3
T2,1,1,200,3
T3,2,0,24,2
T4,3,1,141,5
T5,4,1,180,53
[419]
T1,0,1,23,2
T2,1,0,200,22
T3,2,1,96,3
T4,3,0,161,2
T5,4,0,120,24
[420]
T1,0,0,125,21
T2,1,1,29,2
T3,2,1,200,5
T4,3,1,95,1
T5,4,0,190,33
[421]
T1,0,1,200,1
T2,1,1,26,2
T3,2,0,65,19
T4,3,1,156,3
T5,4,1,55,2
[422]
T1,0,1,68,3
T2,1,1,200,30
T3,2,1,189,20
T4,3,0,50,4
T5,4,0,125,2
[423]
T1,0,1,124,20
T2,1,1,200,2
T3,2,1,60,4
T4,3,1,42,3
T5,4,1,183,13
[424]
T1,0,1,173,22
T2,1,1,200,22
T3,2,0,50,2
T4,3,0,143,19
T5,4,1,140,1
[425]
T1,0,0,165,4
T2,1,0,118,1
T3,2,1,44,4
T4,3,0,200,39
T5,4,1,146,8
[426]
T1,0,0,128,5
T2,1,0,126,15
T3,2,1,182,30
T4,3,0,200,11
T5,4,1,35,2
[427]
T1,0,0,77,19
T2,1,1,195,6
T3,2,1,20,1
T4,3,0,121,1
T5,4,0,200,5
[428]
T1,0,1,135,10
T2,1,0,84,2
T3,2,1,21,2
T4,3,1,200,39
T5,4,1,149,9
[429]
T1,0,0,200,1
T2,1,0,35,1
T3,2,0,132,26
T4,3,1,192,11
T5,4,1,123,10
[430]
T1,0,1,176,2
T2,1,1,108,5
T3,2,0,65,12
T4,3,0,200,16
T5,4,0,45,2
[431]
T1,0,0,87,5
T2,1,0,23,1
T3,2,1,75,5
T4,3,1,174,3
T5,4,1,200,33
[432]
T1,0,1,25,2
T2,1,1,200,12
T3,2,0,164,18
T4,3,0,61,6
T5,4,1,144,2
[433]
T1,0,0,135,2
T2,1,0,63,3
T3,2,1,186,41
T4,3,1,40,3
T5,4,1,200,5
[434]
T1,0,1,198,15
T2,1,0,200,1
T3,2,1,89,1
T4,3,0,20,4
T5,4,1,74,2
[435]
T1,0,1,117,11
T2,1,0,173,16
T3,2,0,200,7
T4,3,0,40,1
T5,4,0,76,10
[436]
T1,0,0,25,1
T2,1,1,133,14
T3,2,1,200,15
T4,3,1,130,5
T5,4,0,149,18
[437]
T1,0,1,154,3
T2,1,1,108,9
T3,2,1,136,11
T4,3,1,200,6
T5,4,0,25,4
[438]
T1,0,0,69,5
T2,1,1,60,11
T3,2,0,200,3
T4,3,0,21,2
T5,4,1,175,3
[439]
T1,0,1,49,2
T2,1,1,166,25
T3,2,0,100,10
T4,3,1,144,8
T5,4,0,200,6
[440]
T1,0,0,40,2
T2,1,0,150,3
T3,2,0,86,2
T4,3,0,200,3
T5,4,0,118,38
[441]
T1,0,0,139,8
T2,1,1,171,1
T3,2,1,21,3
T4,3,0,200,5
T5,4,1,120,15
[442]
T1,0,1,180,27
T2,1,0,66,2
T3,2,1,31,2
T4,3,1,200,24
T5,4,1,95,6
[443]
T1,0,0,38,4
T2,1,0,131,16
T3,2,0,156,4
T4,3,1,130,5
T5,4,0,200,14
[444]
T1,0,0,141,4
T2,1,0,28,4
T3,2,1,67,2
T4,3,1,200,38
T5,4,1,188,2
[445]
T1,0,0,155,19
T2,1,0,86,10
T3,2,0,67,6
T4,3,1,200,2
T5,4,0,20,2
[446]
T1,0,0,55,4
T2,1,1,35,1
T3,2,0,200,21
T4,3,0,61,9
T5,4,0,170,1
[447]
T1,0,0,121,13
T2,1,1,60,2
T3,2,0,197,3
T4,3,1,200,37
T5,4,0,20,2
[448]
T1,0,0,185,5
T2,1,0,20,2
T3,2,1,200,8
T4,3,0,76,17
T5,4,1,124,10
[449]
T1,0,0,81,8
T2,1,1,200,37
T3,2,1,40,2
T4,3,0,178,4
T5,4,1,62,1
[450]
T1,0,0,30,2
T2,1,1,200,18
T3,2,0,103,14
T4,3,0,88,6
T5,4,1,174,14
[451]
T1,0,1,100,2
T2,1,0,28,1
T3,2,1,58,10
T4,3,1,200,23
T5,4,0,181,5
[452]
T1,0,0,200,2
T2,1,1,66,2
T3,2,0,24,1
T4,3,0,189,8
T5,4,0,81,22
[453]
T1,0,1,39,5
T2,1,1,77,4
T3,2,0,104,6
T4,3,1,200,22
T5,4,0,156,4
[454]
T1,0,0,144,4
T2,1,1,137,24
T3,2,0,200,14
T4,3,0,170,10
T5,4,1,25,1
[455]
T1,0,1,72,3
T2,1,1,200,1
T3,2,1,63,2
T4,3,0,30,7
T5,4,1,176,14
[456]
T1,0,0,104,1
T2,1,0,52,2
T3,2,1,200,3
T4,3,0,178,50
T5,4,0,85,3
[457]
T1,0,1,200,2
T2,1,1,160,3
T3,2,1,48,2
T4,3,1,93,18
T5,4,0,127,12
[458]
T1,0,1,70,1
T2,1,0,192,12
T3,2,1,42,9
T4,3,1,200,13
T5,4,0,107,2
[459]
T1,0,0,200,14
T2,1,1,58,5
T3,2,1,36,7
T4,3,1,150,2
T5,4,0,138,1
[460]
T1,0,1,135,20
T2,1,1,155,14
T3,2,0,200,10
T4,3,0,45,2
T5,4,1,65,5
[461]
T1,0,1,44,9
T2,1,0,106,6
T3,2,0,147,6
T4,3,0,200,14
T5,4,0,90,2
[462]
T1,0,1,28,2
T2,1,1,200,9
T3,2,0,87,14
T4,3,0,77,8
T5,4,1,182,10
[463]
T1,0,1,37,2
T2,1,0,100,2
T3,2,0,105,27
T4,3,1,154,6
T5,4,0,200,15
[464]
T1,0,0,176,9
T2,1,0,200,26
T3,2,0,123,13
T4,3,0,25,2
T5,4,0,61,1
[465]
T1,0,0,100,5
T2,1,1,200,2
T3,2,1,33,6
T4,3,1,176,12
T5,4,0,90,6
[466]
T1,0,0,200,12
T2,1,1,110,5
T3,2,1,107,7
T4,3,0,20,1
T5,4,1,176,23
[467]
T1,0,1,175,3
T2,1,0,136,5
T3,2,0,200,28
T4,3,0,112,16
T5,4,0,34,1
[468]
T1,0,0,25,2
T2,1,1,159,22
T3,2,1,87,3
T4,3,0,69,4
T5,4,1,200,30
[469]
T1,0,0,87,11
T2,1,1,188,8
T3,2,1,200,35
T4,3,0,102,2
T5,4,1,47,1
[470]
T1,0,0,90,1
T2,1,1,22,1
T3,2,1,70,5
T4,3,1,200,27
T5,4,1,170,17
[471]
T1,0,0,35,2
T2,1,0,200,22
T3,2,1,60,4
T4,3,0,197,8
T5,4,0,59,5
[472]
T1,0,0,200,4
T2,1,0,175,9
T3,2,0,118,12
T4,3,1,44,2
T5,4,1,146,29
[473]
T1,0,1,176,26
T2,1,1,52,4
T3,2,1,91,4
T4,3,0,200,24
T5,4,0,95,2
[474]
T1,0,1,170,14
T2,1,1,44,3
T3,2,0,200,28
T4,3,0,60,2
T5,4,1,105,9
[475]
T1,0,0,92,2
T2,1,0,200,15
T3,2,0,30,6
T4,3,1,124,11
T5,4,1,189,2
[476]
T1,0,0,131,11
T2,1,0,185,17
T3,2,0,200,15
T4,3,1,30,2
T5,4,0,125,6
[477]
T1,0,0,78,11
T2,1,1,58,1
T3,2,1,178,2
T4,3,1,40,6
T5,4,1,200,9
[478]
T1,0,1,75,9
T2,1,0,200,2
T3,2,1,103,3
T4,3,1,176,10
T5,4,0,26,4
[479]
T1,0,0,159,3
T2,1,1,200,20
T3,2,0,36,2
T4,3,1,70,4
T5,4,1,82,16
[480]
T1,0,1,25,1
T2,1,1,200,31
T3,2,0,75,4
T4,3,0,55,6
T5,4,1,178,2
[481]
T1,0,0,200,27
T2,1,0,173,2
T3,2,1,145,5
T4,3,1,130,21
T5,4,0,25,1
[482]
T1,0,1,140,9
T2,1,1,200,13
T3,2,1,153,5
T4,3,1,70,7
T5,4,0,21,2
[483]
T1,0,0,81,1
T2,1,1,26,2
T3,2,1,200,11
T4,3,0,125,21
T5,4,0,160,22
[484]
T1,0,1,74,6
T2,1,0,50,3
T3,2,0,194,3
T4,3,0,110,9
T5,4,1,200,27
[485]
T1,0,1,90,9
T2,1,0,200,25
T3,2,1,175,17
T4,3,0,34,1
T5,4,1,60,2
[486]
T1,0,0,176,26
T2,1,0,128,14
T3,2,0,70,6
T4,3,0,42,2
T5,4,0,200,7
[487]
T1,0,1,56,2
T2,1,1,200,35
T3,2,1,134,5
T4,3,0,46,6
T5,4,1,192,5
[488]
T1,0,1,200,8
T2,1,0,51,5
T3,2,0,77,6
T4,3,1,194,19
T5,4,1,75,4
[489]
T1,0,0,156,5
T2,1,1,32,1
T3,2,0,64,4
T4,3,1,87,13
T5,4,0,200,18
[490]
T1,0,1,60,2
T2,1,0,44,8
T3,2,0,200,6
T4,3,0,129,16
T5,4,0,188,8
[491]
T1,0,0,194,14
T2,1,0,200,4
T3,2,0,78,10
T4,3,1,24,3
T5,4,0,144,3
[492]
T1,0,1,188,18
T2,1,1,52,7
T3,2,1,200,21
T4,3,0,118,5
T5,4,0,141,1
[493]
T1,0,0,157,4
T2,1,0,32,1
T3,2,0,200,19
T4,3,0,125,6
T5,4,0,105,16
[494]
T1,0,1,158,9
T2,1,0,106,10
T3,2,1,25,1
T4,3,0,95,2
T5,4,1,200,38
[495]
T1,0,1,197,7
T2,1,1,145,14
T3,2,1,50,5
T4,3,1,200,8
T5,4,1,96,10
[496]
T1,0,1,98,19
T2,1,0,200,17
T3,2,1,75,2
T4,3,0,182,14
T5,4,0,20,2
[497]
T1,0,1,23,2
T2,1,1,189,15
T3,2,0,200,17
T4,3,1,144,26
T5,4,1,69,2
[498]
T1,0,0,200,30
T2,1,0,48,2
T3,2,1,171,20
T4,3,1,133,10
T5,4,1,65,2
[499]
T1,0,1,42,1
T2,1,1,105,19
T3,2,1,94,2
T4,3,0,200,33
T5,4,1,184,2
[500]
T1,0,0,128,8
T2,1,0,200,1
T3,2,0,115,14
T4,3,0,152,29
T5,4,0,44,2
