num_task_per_taskset=5
num_taskset=500
//ID,Priority,Offset,Period,Execution Time
[1]
T1,0,1,196,16
T2,1,1,23,2
T3,2,0,98,12
T4,3,0,200,5
T5,4,1,60,9
[2]
T1,0,0,72,3
T2,1,0,31,1
T3,2,1,124,2
T4,3,0,185,41
T5,4,0,200,35
[3]
T1,0,1,111,22
T2,1,0,138,14
T3,2,1,25,2
T4,3,1,171,9
T5,4,1,200,22
[4]
T1,0,0,135,35
T2,1,1,48,6
T3,2,0,164,6
T4,3,0,200,3
T5,4,0,70,3
[5]
T1,0,0,122,3
T2,1,0,195,46
T3,2,0,200,14
T4,3,1,42,3
T5,4,0,130,10
[6]
T1,0,0,192,29
T2,1,1,22,2
T3,2,0,80,4
T4,3,1,200,2
T5,4,1,119,34
[7]
T1,0,0,104,37
T2,1,0,94,4
T3,2,0,162,9
T4,3,0,27,2
T5,4,0,200,2
[8]
T1,0,0,48,3
T2,1,0,200,5
T3,2,1,68,6
T4,3,1,73,17
T5,4,0,184,11
[9]
T1,0,1,120,9
T2,1,1,104,11
T3,2,0,154,1
T4,3,0,35,1
T5,4,0,200,50
[10]
T1,0,0,170,2
T2,1,1,69,20
T3,2,0,45,2
T4,3,1,130,2
T5,4,1,200,21
[11]
T1,0,1,91,3
T2,1,1,75,8
T3,2,0,200,2
T4,3,0,174,39
T5,4,1,24,2
[12]
T1,0,1,28,1
T2,1,0,196,33
T3,2,1,90,16
T4,3,1,200,3
T5,4,0,71,6
[13]
T1,0,1,105,8
T2,1,1,200,7
T3,2,1,184,2
T4,3,1,132,1
T5,4,0,32,11
[14]
T1,0,0,160,14
T2,1,0,63,2
T3,2,0,30,8
T4,3,0,116,4
T5,4,1,200,17
[15]
T1,0,1,141,3
T2,1,1,148,5
T3,2,0,200,61
T4,3,0,111,10
T5,4,1,38,1
[16]
T1,0,1,200,4
T2,1,1,33,7
T3,2,1,68,11
T4,3,0,66,3
T5,4,1,187,5
[17]
T1,0,1,177,7
T2,1,1,124,4
T3,2,0,200,22
T4,3,0,55,11
T5,4,0,22,2
[18]
T1,0,1,200,16
T2,1,0,124,13
T3,2,1,22,2
T4,3,1,74,12
T5,4,0,165,15
[19]
T1,0,1,128,28
T2,1,0,190,29
T3,2,0,69,6
T4,3,0,200,4
T5,4,1,35,2
[20]
T1,0,1,109,28
T2,1,0,195,30
T3,2,0,22,1
T4,3,0,125,1
T5,4,0,200,3
[21]
T1,0,1,200,26
T2,1,1,22,1
T3,2,0,112,26
T4,3,1,168,2
T5,4,1,135,11
[22]
T1,0,0,135,30
T2,1,0,135,6
T3,2,1,184,36
T4,3,0,36,2
T5,4,1,200,1
[23]
T1,0,1,89,14
T2,1,1,43,6
T3,2,0,200,17
T4,3,1,150,11
T5,4,0,90,2
[24]
T1,0,1,200,19
T2,1,1,184,18
T3,2,0,67,8
T4,3,0,49,8
T5,4,0,60,2
[25]
T1,0,0,35,5
T2,1,0,137,15
T3,2,0,95,5
T4,3,0,200,19
T5,4,0,154,10
[26]
T1,0,1,48,3
T2,1,0,200,45
T3,2,1,95,10
T4,3,1,184,12
T5,4,1,86,1
[27]
T1,0,1,143,1
T2,1,1,139,11
T3,2,1,200,8
T4,3,0,21,2
T5,4,0,156,37
[28]
T1,0,0,20,3
T2,1,0,192,16
T3,2,1,200,3
T4,3,0,119,6
T5,4,0,147,22
[29]
T1,0,0,52,3
T2,1,0,200,10
T3,2,0,143,32
T4,3,1,175,15
T5,4,1,115,6
[30]
T1,0,1,142,12
T2,1,1,140,31
T3,2,0,150,7
T4,3,1,200,11
T5,4,0,32,2
[31]
T1,0,1,30,2
T2,1,1,105,3
T3,2,0,200,25
T4,3,1,152,33
T5,4,0,86,3
[32]
T1,0,0,34,5
T2,1,1,150,5
T3,2,1,200,2
T4,3,0,72,1
T5,4,0,72,18
[33]
T1,0,0,153,39
T2,1,0,51,4
T3,2,1,200,3
T4,3,1,116,7
T5,4,1,77,5
[34]
T1,0,1,190,15
T2,1,0,93,2
T3,2,1,200,2
T4,3,1,66,21
T5,4,1,25,2
[35]
T1,0,1,166,6
T2,1,1,200,42
T3,2,0,64,13
T4,3,0,24,2
T5,4,1,72,1
[36]
T1,0,1,108,6
T2,1,0,56,2
T3,2,0,28,7
T4,3,1,165,6
T5,4,1,200,24
[37]
T1,0,0,176,1
T2,1,1,125,3
T3,2,1,200,73
T4,3,0,52,2
T5,4,0,112,10
[38]
T1,0,1,200,22
T2,1,1,60,11
T3,2,0,104,9
T4,3,1,195,2
T5,4,1,53,5
[39]
T1,0,1,48,8
T2,1,1,90,4
T3,2,0,136,9
T4,3,0,165,27
T5,4,1,200,5
[40]
T1,0,1,110,4
T2,1,1,138,25
T3,2,1,184,7
T4,3,1,52,11
T5,4,0,200,2
[41]
T1,0,0,54,4
T2,1,1,114,4
T3,2,1,200,58
T4,3,1,152,7
T5,4,1,45,1
[42]
T1,0,1,200,2
T2,1,0,79,4
T3,2,1,130,5
T4,3,0,167,51
T5,4,0,26,1
[43]
T1,0,1,200,18
T2,1,0,52,8
T3,2,0,78,15
T4,3,0,117,5
T5,4,0,168,2
[44]
T1,0,0,159,3
T2,1,0,25,3
T3,2,0,64,9
T4,3,1,94,11
T5,4,0,200,11
[45]
T1,0,0,79,2
T2,1,0,191,55
T3,2,0,200,2
T4,3,1,48,3
T5,4,0,120,10
[46]
T1,0,1,120,12
T2,1,0,200,8
T3,2,1,31,2
T4,3,1,153,1
T5,4,1,124,34
[47]
T1,0,1,169,7
T2,1,0,26,2
T3,2,1,57,2
T4,3,1,78,12
T5,4,1,200,37
[48]
T1,0,0,88,2
T2,1,0,117,18
T3,2,1,178,17
T4,3,1,32,7
T5,4,1,200,1
[49]
T1,0,1,40,5
T2,1,0,165,40
T3,2,1,200,4
T4,3,1,97,1
T5,4,1,89,6
[50]
T1,0,0,23,3
T2,1,1,145,11
T3,2,0,81,8
T4,3,0,200,24
T5,4,1,150,5
[51]
T1,0,1,113,3
T2,1,1,200,17
T3,2,1,64,14
T4,3,1,158,7
T5,4,1,40,4
[52]
T1,0,0,103,7
T2,1,0,200,23
T3,2,0,34,2
T4,3,1,152,34
T5,4,0,55,3
[53]
T1,0,0,66,7
T2,1,1,200,47
T3,2,0,96,6
T4,3,0,188,2
T5,4,0,20,1
[54]
T1,0,1,200,28
T2,1,0,176,14
T3,2,0,58,4
T4,3,0,22,3
T5,4,0,107,6
[55]
T1,0,0,180,40
T2,1,1,47,5
T3,2,1,141,5
T4,3,0,66,2
T5,4,1,200,21
[56]
T1,0,1,200,61
T2,1,0,112,8
T3,2,1,32,2
T4,3,0,79,1
T5,4,1,163,15
[57]
T1,0,1,62,9
T2,1,1,200,25
T3,2,1,126,5
T4,3,0,192,33
T5,4,1,36,2
[58]
T1,0,1,28,2
T2,1,0,104,4
T3,2,0,185,4
T4,3,0,200,46
T5,4,0,111,18
[59]
T1,0,1,32,1
T2,1,0,158,2
T3,2,1,112,11
T4,3,0,140,1
T5,4,1,200,67
[60]
T1,0,0,21,3
T2,1,0,161,21
T3,2,1,200,2
T4,3,1,101,7
T5,4,1,115,10
[61]
T1,0,0,29,2
T2,1,0,200,28
T3,2,0,188,19
T4,3,1,138,22
T5,4,0,87,7
[62]
T1,0,1,96,10
T2,1,1,200,11
T3,2,0,50,14
T4,3,0,104,1
T5,4,0,165,5
[63]
T1,0,1,33,2
T2,1,0,88,3
T3,2,1,200,63
T4,3,0,153,3
T5,4,0,132,15
[64]
T1,0,0,100,2
T2,1,1,81,4
T3,2,0,31,1
T4,3,0,159,19
T5,4,1,200,53
[65]
T1,0,1,200,45
T2,1,1,81,2
T3,2,0,89,2
T4,3,1,25,4
T5,4,0,185,12
[66]
T1,0,1,108,1
T2,1,0,160,5
T3,2,1,30,3
T4,3,1,200,49
T5,4,1,111,11
[67]
T1,0,0,160,15
T2,1,1,61,6
T3,2,0,200,4
T4,3,1,84,3
T5,4,0,42,9
[68]
T1,0,1,200,6
T2,1,1,25,2
T3,2,0,124,16
T4,3,1,196,36
T5,4,1,104,12
[69]
T1,0,1,76,8
T2,1,0,97,18
T3,2,0,200,8
T4,3,0,165,18
T5,4,1,20,1
[70]
T1,0,0,186,23
T2,1,0,102,2
T3,2,1,62,5
T4,3,1,200,10
T5,4,1,48,9
[71]
T1,0,1,135,22
T2,1,0,200,34
T3,2,1,153,1
T4,3,0,68,1
T5,4,0,35,4
[72]
T1,0,1,32,12
T2,1,0,73,4
T3,2,1,126,1
T4,3,1,200,1
T5,4,1,180,5
[73]
T1,0,0,200,35
T2,1,0,108,6
T3,2,1,21,1
T4,3,1,150,22
T5,4,1,125,2
[74]
T1,0,1,100,2
T2,1,1,51,15
T3,2,0,189,19
T4,3,0,93,7
T5,4,1,200,1
[75]
T1,0,1,200,31
T2,1,1,56,1
T3,2,0,50,4
T4,3,1,169,35
T5,4,0,91,2
[76]
T1,0,1,24,2
T2,1,0,160,11
T3,2,0,134,2
T4,3,0,200,8
T5,4,1,128,36
[77]
T1,0,0,40,4
T2,1,0,142,2
T3,2,0,164,36
T4,3,1,200,20
T5,4,0,105,7
[78]
T1,0,0,55,2
T2,1,1,165,7
T3,2,0,36,8
T4,3,1,87,5
T5,4,1,200,33
[79]
T1,0,1,131,4
T2,1,0,54,3
T3,2,1,200,38
T4,3,1,72,3
T5,4,1,170,29
[80]
T1,0,0,200,43
T2,1,1,80,15
T3,2,1,44,2
T4,3,0,122,2
T5,4,1,152,12
[81]
T1,0,1,190,10
T2,1,1,81,22
T3,2,0,200,6
T4,3,1,114,7
T5,4,0,52,3
[82]
T1,0,0,192,46
T2,1,0,77,8
T3,2,0,200,21
T4,3,1,48,2
T5,4,1,111,3
[83]
T1,0,0,200,10
T2,1,1,27,2
T3,2,0,150,20
T4,3,0,119,18
T5,4,1,95,7
[84]
T1,0,1,176,19
T2,1,1,200,4
T3,2,0,37,8
T4,3,0,64,7
T5,4,0,137,4
[85]
T1,0,1,179,22
T2,1,1,44,2
T3,2,0,200,12
T4,3,1,55,6
T5,4,0,101,14
[86]
T1,0,1,40,2
T2,1,0,162,14
T3,2,0,118,5
T4,3,0,79,15
T5,4,1,200,24
[87]
T1,0,1,45,4
T2,1,0,200,28
T3,2,1,102,3
T4,3,0,54,8
T5,4,0,173,12
[88]
T1,0,0,24,2
T2,1,0,155,7
T3,2,0,200,15
T4,3,1,85,28
T5,4,0,117,3
[89]
T1,0,0,132,4
T2,1,1,44,1
T3,2,1,200,17
T4,3,1,195,47
T5,4,1,143,14
[90]
T1,0,0,126,16
T2,1,1,21,2
T3,2,1,168,16
T4,3,0,100,5
T5,4,0,200,38
[91]
T1,0,1,120,9
T2,1,0,198,19
T3,2,0,200,26
T4,3,0,51,5
T5,4,0,126,9
[92]
T1,0,1,71,6
T2,1,1,75,2
T3,2,1,35,4
T4,3,1,200,42
T5,4,1,165,8
[93]
T1,0,1,86,11
T2,1,0,154,20
T3,2,1,200,23
T4,3,0,112,8
T5,4,0,49,1
[94]
T1,0,0,96,8
T2,1,0,172,42
T3,2,1,137,12
T4,3,1,200,14
T5,4,1,45,2
[95]
T1,0,0,200,22
T2,1,1,171,20
T3,2,0,50,8
T4,3,0,68,1
T5,4,1,103,6
[96]
T1,0,0,200,4
T2,1,0,177,18
T3,2,0,109,19
T4,3,0,30,1
T5,4,1,140,20
[97]
T1,0,0,118,4
T2,1,1,181,3
T3,2,0,200,26
T4,3,0,56,7
T5,4,0,28,4
[98]
T1,0,1,50,7
T2,1,0,119,24
T3,2,0,144,2
T4,3,1,166,3
T5,4,1,200,24
[99]
T1,0,0,63,2
T2,1,0,194,32
T3,2,0,140,20
T4,3,1,20,2
T5,4,1,200,8
[100]
T1,0,0,200,48
T2,1,1,96,15
T3,2,1,170,3
T4,3,0,104,5
T5,4,0,32,2
[101]
T1,0,1,72,2
T2,1,1,190,20
T3,2,0,20,1
T4,3,1,79,6
T5,4,0,200,36
[102]
T1,0,1,200,20
T2,1,1,179,29
T3,2,1,110,4
T4,3,0,54,9
T5,4,0,36,2
[103]
T1,0,0,162,43
T2,1,1,100,7
T3,2,0,108,2
T4,3,1,200,19
T5,4,0,36,1
[104]
T1,0,1,176,34
T2,1,0,20,2
T3,2,0,79,4
T4,3,0,122,2
T5,4,1,200,43
[105]
T1,0,0,27,3
T2,1,0,200,14
T3,2,0,189,8
T4,3,1,65,16
T5,4,1,92,2
[106]
T1,0,0,140,5
T2,1,1,33,3
T3,2,1,122,18
T4,3,1,200,25
T5,4,0,180,15
[107]
T1,0,0,92,1
T2,1,0,200,9
T3,2,1,164,38
T4,3,0,100,19
T5,4,0,40,2
[108]
T1,0,1,48,9
T2,1,0,115,3
T3,2,1,156,6
T4,3,0,108,11
T5,4,0,200,24
[109]
T1,0,1,142,13
T2,1,0,200,5
T3,2,1,50,2
T4,3,0,165,22
T5,4,1,142,28
[110]
T1,0,0,171,21
T2,1,0,22,1
T3,2,0,74,15
T4,3,1,55,2
T5,4,1,200,14
[111]
T1,0,0,79,1
T2,1,1,200,10
T3,2,0,190,28
T4,3,0,40,4
T5,4,1,72,11
[112]
T1,0,0,150,2
T2,1,1,141,2
T3,2,1,73,16
T4,3,1,23,2
T5,4,0,200,39
[113]
T1,0,0,61,1
T2,1,0,200,15
T3,2,0,122,15
T4,3,1,162,14
T5,4,1,30,5
[114]
T1,0,0,130,9
T2,1,0,57,3
T3,2,1,193,13
T4,3,0,52,4
T5,4,1,200,44
[115]
T1,0,0,38,5
T2,1,1,137,3
T3,2,1,170,48
T4,3,0,76,1
T5,4,0,200,2
[116]
T1,0,1,200,2
T2,1,1,158,44
T3,2,1,38,4
T4,3,0,114,4
T5,4,1,98,6
[117]
T1,0,1,145,15
T2,1,0,176,24
T3,2,0,24,1
T4,3,1,200,26
T5,4,1,65,3
[118]
T1,0,1,200,33
T2,1,1,28,1
T3,2,1,115,6
T4,3,0,160,19
T5,4,1,123,13
[119]
T1,0,0,75,2
T2,1,0,184,2
T3,2,0,53,12
T4,3,1,73,17
T5,4,1,200,2
[120]
T1,0,1,148,37
T2,1,0,200,27
T3,2,1,120,1
T4,3,0,48,3
T5,4,1,64,1
[121]
T1,0,1,154,9
T2,1,0,20,2
T3,2,0,143,19
T4,3,1,200,31
T5,4,1,103,13
[122]
T1,0,1,97,3
T2,1,0,27,1
T3,2,0,200,16
T4,3,1,140,43
T5,4,0,154,5
[123]
T1,0,0,200,8
T2,1,1,31,4
T3,2,0,184,25
T4,3,0,63,5
T5,4,1,100,7
[124]
T1,0,0,20,5
T2,1,0,137,5
T3,2,0,96,3
T4,3,0,200,2
T5,4,0,155,24
[125]
T1,0,1,21,2
T2,1,0,200,50
T3,2,0,117,2
T4,3,0,176,27
T5,4,1,75,2
[126]
T1,0,0,134,37
T2,1,0,132,10
T3,2,0,40,2
T4,3,1,200,9
T5,4,1,150,3
[127]
T1,0,0,200,1
T2,1,0,20,1
T3,2,0,101,32
T4,3,0,124,7
T5,4,0,184,8
[128]
T1,0,0,200,20
T2,1,0,147,18
T3,2,0,130,32
T4,3,1,198,3
T5,4,1,22,2
[129]
T1,0,0,78,14
T2,1,1,150,21
T3,2,1,200,15
T4,3,0,43,2
T5,4,1,85,6
[130]
T1,0,1,200,15
T2,1,0,39,7
T3,2,1,195,1
T4,3,0,81,14
T5,4,1,60,1
[131]
T1,0,1,175,16
T2,1,1,200,25
T3,2,1,84,4
T4,3,0,147,23
T5,4,1,48,3
[132]
T1,0,0,200,40
T2,1,1,182,22
T3,2,1,60,2
T4,3,1,87,1
T5,4,1,24,2
[133]
T1,0,1,72,2
T2,1,0,200,22
T3,2,0,60,10
T4,3,1,28,5
T5,4,0,164,3
[134]
T1,0,0,109,2
T2,1,1,200,19
T3,2,0,25,4
T4,3,1,175,2
T5,4,0,118,26
[135]
T1,0,0,84,5
T2,1,0,192,9
T3,2,1,94,18
T4,3,1,200,30
T5,4,1,45,1
[136]
T1,0,0,200,3
T2,1,1,115,8
T3,2,0,180,3
T4,3,1,136,17
T5,4,0,22,5
[137]
T1,0,1,130,4
T2,1,1,37,1
T3,2,1,200,19
T4,3,1,104,13
T5,4,1,148,27
[138]
T1,0,0,80,4
T2,1,1,81,2
T3,2,0,24,2
T4,3,0,171,49
T5,4,0,200,4
[139]
T1,0,0,200,5
T2,1,1,133,51
T3,2,1,176,1
T4,3,1,36,1
T5,4,0,102,4
[140]
T1,0,0,144,11
T2,1,1,29,2
T3,2,1,145,31
T4,3,0,192,27
T5,4,0,200,8
[141]
T1,0,0,200,14
T2,1,0,117,6
T3,2,1,26,6
T4,3,1,56,1
T5,4,0,156,15
[142]
T1,0,0,136,8
T2,1,0,187,20
T3,2,1,59,2
T4,3,0,21,4
T5,4,1,200,25
[143]
T1,0,0,42,2
T2,1,0,200,24
T3,2,1,175,4
T4,3,1,96,20
T5,4,1,97,7
[144]
T1,0,1,51,3
T2,1,0,200,52
T3,2,1,64,9
T4,3,1,139,2
T5,4,1,175,2
[145]
T1,0,0,162,3
T2,1,1,122,33
T3,2,0,200,6
T4,3,1,72,1
T5,4,0,45,6
[146]
T1,0,1,151,18
T2,1,0,132,24
T3,2,0,200,14
T4,3,0,85,3
T5,4,1,30,2
[147]
T1,0,0,156,3
T2,1,1,117,1
T3,2,1,95,10
T4,3,1,30,5
T5,4,1,200,30
[148]
T1,0,1,51,9
T2,1,0,98,27
T3,2,1,147,2
T4,3,1,115,2
T5,4,0,200,6
[149]
T1,0,0,200,23
T2,1,1,171,12
T3,2,1,145,22
T4,3,0,58,7
T5,4,1,45,1
[150]
T1,0,0,200,36
T2,1,1,160,23
T3,2,0,64,2
T4,3,0,30,1
T5,4,0,63,7
[151]
T1,0,0,98,9
T2,1,1,25,6
T3,2,0,200,10
T4,3,0,137,2
T5,4,1,195,14
[152]
T1,0,0,200,8
T2,1,1,162,29
T3,2,1,81,10
T4,3,0,108,2
T5,4,1,29,4
[153]
T1,0,1,200,10
T2,1,0,40,6
T3,2,0,133,5
T4,3,1,160,36
T5,4,0,113,3
[154]
T1,0,1,60,2
T2,1,0,144,2
T3,2,0,34,6
T4,3,0,200,40
T5,4,0,153,6
[155]
T1,0,1,80,2
T2,1,0,200,21
T3,2,0,20,4
T4,3,0,176,1
T5,4,1,140,21
[156]
T1,0,1,200,13
T2,1,0,190,2
T3,2,1,27,2
T4,3,1,75,3
T5,4,0,62,18
[157]
T1,0,1,200,1
T2,1,1,196,51
T3,2,0,22,1
T4,3,1,63,8
T5,4,0,86,3
[158]
T1,0,1,75,13
T2,1,0,130,1
T3,2,0,200,34
T4,3,1,42,2
T5,4,1,167,22
[159]
T1,0,1,200,24
T2,1,1,91,25
T3,2,1,21,2
T4,3,0,56,2
T5,4,1,183,7
[160]
T1,0,0,170,39
T2,1,0,200,17
T3,2,1,119,6
T4,3,0,147,16
T5,4,1,25,2
[161]
T1,0,1,82,5
T2,1,0,81,13
T3,2,0,200,40
T4,3,1,25,2
T5,4,1,188,4
[162]
T1,0,1,200,57
T2,1,0,74,10
T3,2,0,135,7
T4,3,0,31,2
T5,4,1,180,2
[163]
T1,0,0,132,1
T2,1,0,50,3
T3,2,1,57,15
T4,3,1,152,13
T5,4,1,200,12
[164]
T1,0,1,40,1
T2,1,1,200,28
T3,2,1,80,4
T4,3,0,191,15
T5,4,0,110,20
[165]
T1,0,1,28,2
T2,1,0,138,2
T3,2,1,96,6
T4,3,1,182,4
T5,4,0,200,71
[166]
T1,0,0,200,27
T2,1,1,154,32
T3,2,1,60,3
T4,3,0,85,2
T5,4,0,21,1
[167]
T1,0,0,128,3
T2,1,1,181,33
T3,2,0,44,5
T4,3,1,200,27
T5,4,0,110,2
[168]
T1,0,0,75,3
T2,1,0,200,2
T3,2,0,125,19
T4,3,1,50,5
T5,4,1,154,27
[169]
T1,0,0,200,35
T2,1,0,150,4
T3,2,0,131,35
T4,3,1,73,2
T5,4,0,35,2
[170]
T1,0,0,59,8
T2,1,1,200,4
T3,2,0,105,20
T4,3,1,177,19
T5,4,0,32,1
[171]
T1,0,1,200,25
T2,1,1,35,2
T3,2,0,186,4
T4,3,1,108,19
T5,4,1,63,5
[172]
T1,0,0,26,1
T2,1,1,98,13
T3,2,1,200,4
T4,3,1,74,12
T5,4,0,185,16
[173]
T1,0,1,70,23
T2,1,0,161,10
T3,2,0,123,10
T4,3,1,200,2
T5,4,1,40,2
[174]
T1,0,0,100,17
T2,1,1,200,28
T3,2,1,50,3
T4,3,0,105,2
T5,4,1,158,17
[175]
T1,0,0,200,7
T2,1,1,92,1
T3,2,0,119,34
T4,3,1,188,19
T5,4,1,50,3
[176]
T1,0,1,32,1
T2,1,1,121,12
T3,2,0,194,53
T4,3,1,200,2
T5,4,0,64,3
[177]
T1,0,1,123,10
T2,1,1,185,20
T3,2,1,138,18
T4,3,0,24,3
T5,4,0,200,7
[178]
T1,0,1,200,14
T2,1,1,114,19
T3,2,0,75,7
T4,3,0,25,1
T5,4,0,189,17
[179]
T1,0,0,55,1
T2,1,0,103,11
T3,2,1,33,3
T4,3,1,162,10
T5,4,0,200,37
[180]
T1,0,0,170,6
T2,1,1,63,3
T3,2,1,68,14
T4,3,1,39,4
T5,4,0,200,14
[181]
T1,0,0,44,3
T2,1,1,140,10
T3,2,1,196,5
T4,3,0,200,24
T5,4,1,91,18
[182]
T1,0,0,200,23
T2,1,0,50,10
T3,2,0,135,8
T4,3,0,162,2
T5,4,1,110,10
[183]
T1,0,1,200,24
T2,1,0,195,27
T3,2,0,39,1
T4,3,0,106,5
T5,4,1,77,11
[184]
T1,0,1,113,8
T2,1,0,50,7
T3,2,0,103,8
T4,3,0,165,15
T5,4,1,200,20
[185]
T1,0,1,112,4
T2,1,1,175,18
T3,2,1,34,2
T4,3,0,133,10
T5,4,1,200,53
[186]
T1,0,1,200,5
T2,1,0,95,6
T3,2,0,30,2
T4,3,1,84,3
T5,4,1,177,59
[187]
T1,0,0,137,50
T2,1,1,168,3
T3,2,1,72,2
T4,3,1,200,14
T5,4,0,26,2
[188]
T1,0,1,168,3
T2,1,0,137,20
T3,2,1,200,13
T4,3,0,117,16
T5,4,0,35,4
[189]
T1,0,1,185,1
T2,1,0,63,3
T3,2,1,118,7
T4,3,0,200,12
T5,4,1,48,14
[190]
T1,0,1,65,3
T2,1,1,54,4
T3,2,1,200,14
T4,3,0,24,3
T5,4,1,169,24
[191]
T1,0,0,200,13
T2,1,0,70,18
T3,2,0,125,3
T4,3,1,148,4
T5,4,0,36,3
[192]
T1,0,0,64,1
T2,1,1,52,8
T3,2,0,200,2
T4,3,0,106,2
T5,4,1,159,45
[193]
T1,0,1,99,11
T2,1,0,73,6
T3,2,1,42,5
T4,3,0,200,14
T5,4,1,168,17
[194]
T1,0,1,40,2
T2,1,0,57,7
T3,2,1,196,12
T4,3,1,200,42
T5,4,1,125,11
[195]
T1,0,0,176,44
T2,1,1,101,17
T3,2,1,45,2
T4,3,0,57,2
T5,4,0,200,3
[196]
T1,0,0,200,3
T2,1,1,103,36
T3,2,1,36,2
T4,3,1,192,10
T5,4,1,111,2
[197]
T1,0,1,68,3
T2,1,0,188,1
T3,2,0,200,35
T4,3,1,51,4
T5,4,0,138,26
[198]
T1,0,0,126,10
T2,1,0,113,2
T3,2,0,21,3
T4,3,1,153,18
T5,4,1,200,21
[199]
T1,0,1,200,59
T2,1,0,91,3
T3,2,0,20,2
T4,3,0,185,2
T5,4,0,62,6
[200]
T1,0,0,160,2
T2,1,0,200,19
T3,2,0,52,10
T4,3,0,66,9
T5,4,0,59,3
[201]
T1,0,0,200,9
T2,1,1,101,1
T3,2,1,40,8
T4,3,0,131,8
T5,4,0,155,24
[202]
T1,0,1,36,3
T2,1,1,200,72
T3,2,0,88,1
T4,3,0,87,2
T5,4,0,156,2
[203]
T1,0,1,200,13
T2,1,0,135,1
T3,2,1,196,6
T4,3,1,140,44
T5,4,0,20,1
[204]
T1,0,1,92,16
T2,1,1,200,2
T3,2,1,45,3
T4,3,1,135,2
T5,4,0,176,40
[205]
T1,0,0,125,5
T2,1,1,42,9
T3,2,1,200,3
T4,3,1,168,7
T5,4,0,70,11
[206]
T1,0,0,200,3
T2,1,0,25,1
T3,2,0,58,10
T4,3,0,104,6
T5,4,1,163,30
[207]
T1,0,0,40,5
T2,1,1,195,36
T3,2,1,86,7
T4,3,0,200,2
T5,4,0,96,6
[208]
T1,0,0,50,4
T2,1,1,109,3
T3,2,0,105,2
T4,3,0,200,37
T5,4,1,193,31
[209]
T1,0,0,130,18
T2,1,0,195,25
T3,2,1,51,2
T4,3,0,200,37
T5,4,0,64,2
[210]
T1,0,0,200,4
T2,1,1,60,14
T3,2,0,59,10
T4,3,1,198,3
T5,4,1,52,2
[211]
T1,0,0,72,3
T2,1,1,195,65
T3,2,0,28,1
T4,3,1,108,4
T5,4,0,200,1
[212]
T1,0,0,119,12
T2,1,1,44,4
T3,2,1,200,27
T4,3,1,186,17
T5,4,1,132,6
[213]
T1,0,0,200,17
T2,1,1,152,1
T3,2,1,30,2
T4,3,0,54,15
T5,4,0,126,12
[214]
T1,0,0,80,2
T2,1,0,90,5
T3,2,1,158,5
T4,3,1,200,20
T5,4,0,21,5
[215]
T1,0,1,32,2
T2,1,1,117,4
T3,2,1,188,14
T4,3,1,200,35
T5,4,1,94,19
[216]
T1,0,0,200,13
T2,1,1,132,4
T3,2,1,85,14
T4,3,0,195,26
T5,4,1,42,3
[217]
T1,0,1,200,48
T2,1,1,178,12
T3,2,1,78,2
T4,3,0,39,4
T5,4,1,141,8
[218]
T1,0,1,200,24
T2,1,0,65,3
T3,2,0,40,3
T4,3,1,165,12
T5,4,0,56,8
[219]
T1,0,0,200,2
T2,1,1,40,3
T3,2,1,196,23
T4,3,1,145,33
T5,4,1,142,8
[220]
T1,0,0,133,4
T2,1,0,178,9
T3,2,1,45,13
T4,3,0,200,21
T5,4,0,72,1
[221]
T1,0,1,125,18
T2,1,0,200,37
T3,2,0,24,2
T4,3,0,161,21
T5,4,0,112,2
[222]
T1,0,0,200,25
T2,1,0,180,14
T3,2,0,141,2
T4,3,1,63,9
T5,4,0,29,4
[223]
T1,0,1,160,2
T2,1,0,200,18
T3,2,1,141,1
T4,3,1,48,4
T5,4,0,80,22
[224]
T1,0,0,110,2
T2,1,1,42,2
T3,2,1,103,17
T4,3,0,168,35
T5,4,1,200,22
[225]
T1,0,1,200,31
T2,1,1,184,28
T3,2,1,117,2
T4,3,1,114,12
T5,4,1,23,1
[226]
T1,0,0,172,22
T2,1,1,80,15
T3,2,0,86,2
T4,3,0,200,16
T5,4,1,48,4
[227]
T1,0,0,200,39
T2,1,0,195,19
T3,2,1,64,1
T4,3,0,33,3
T5,4,0,64,4
[228]
T1,0,0,137,3
T2,1,0,26,4
T3,2,0,200,21
T4,3,1,105,15
T5,4,0,175,8
[229]
T1,0,0,32,2
T2,1,0,113,19
T3,2,1,200,19
T4,3,0,160,4
T5,4,1,134,23
[230]
T1,0,0,52,11
T2,1,0,195,8
T3,2,1,133,19
T4,3,0,98,3
T5,4,1,200,9
[231]
T1,0,1,25,1
T2,1,0,111,10
T3,2,0,125,11
T4,3,1,148,10
T5,4,0,200,39
[232]
T1,0,1,176,3
T2,1,1,28,1
T3,2,0,99,7
T4,3,1,72,25
T5,4,1,200,1
[233]
T1,0,1,114,23
T2,1,0,49,2
T3,2,1,106,10
T4,3,1,168,23
T5,4,0,200,9
[234]
T1,0,0,124,2
T2,1,1,34,4
T3,2,0,96,19
T4,3,1,153,1
T5,4,0,200,24
[235]
T1,0,0,200,19
T2,1,0,30,2
T3,2,0,186,34
T4,3,1,114,11
T5,4,0,57,1
[236]
T1,0,0,167,34
T2,1,0,64,9
T3,2,0,127,2
T4,3,1,200,16
T5,4,0,40,1
[237]
T1,0,0,126,3
T2,1,1,24,2
T3,2,1,200,8
T4,3,1,126,32
T5,4,0,160,27
[238]
T1,0,0,90,4
T2,1,0,54,3
T3,2,1,95,21
T4,3,1,200,12
T5,4,1,176,16
[239]
T1,0,1,50,3
T2,1,1,140,14
T3,2,0,162,4
T4,3,1,200,49
T5,4,1,80,3
[240]
T1,0,1,33,1
T2,1,0,108,21
T3,2,1,177,2
T4,3,1,200,7
T5,4,1,75,15
[241]
T1,0,0,113,2
T2,1,0,164,17
T3,2,1,32,1
T4,3,1,200,48
T5,4,1,100,9
[242]
T1,0,1,200,26
T2,1,1,140,8
T3,2,1,162,14
T4,3,0,90,13
T5,4,0,52,3
[243]
T1,0,0,119,36
T2,1,1,80,4
T3,2,0,154,4
T4,3,0,35,2
T5,4,1,200,20
[244]
T1,0,1,200,12
T2,1,1,147,5
T3,2,0,88,8
T4,3,1,88,22
T5,4,1,22,2
[245]
T1,0,0,74,10
T2,1,1,65,4
T3,2,1,182,36
T4,3,1,200,10
T5,4,0,30,1
[246]
T1,0,1,76,11
T2,1,1,61,2
T3,2,0,168,41
T4,3,1,200,7
T5,4,0,45,2
[247]
T1,0,1,36,1
T2,1,0,125,7
T3,2,0,199,44
T4,3,1,80,2
T5,4,1,200,29
[248]
T1,0,0,200,13
T2,1,1,172,2
T3,2,1,77,16
T4,3,1,90,3
T5,4,0,33,5
[249]
T1,0,0,59,6
T2,1,1,161,5
T3,2,0,69,1
T4,3,0,24,2
T5,4,0,200,60
[250]
T1,0,0,200,19
T2,1,1,162,26
T3,2,0,47,2
T4,3,1,123,3
T5,4,0,120,25
[251]
T1,0,1,200,9
T2,1,1,149,13
T3,2,0,40,4
T4,3,1,145,30
T5,4,1,144,4
[252]
T1,0,1,150,3
T2,1,1,200,30
T3,2,1,100,22
T4,3,0,90,7
T5,4,1,44,2
[253]
T1,0,1,200,2
T2,1,1,176,23
T3,2,1,66,2
T4,3,1,54,16
T5,4,1,33,2
[254]
T1,0,1,200,37
T2,1,1,48,1
T3,2,1,114,11
T4,3,1,171,6
T5,4,0,80,11
[255]
T1,0,0,182,35
T2,1,1,116,10
T3,2,0,200,8
T4,3,1,59,3
T5,4,0,20,2
[256]
T1,0,0,40,3
T2,1,0,175,9
T3,2,0,104,3
T4,3,0,200,26
T5,4,1,100,19
[257]
T1,0,1,89,2
T2,1,1,88,15
T3,2,1,200,2
T4,3,1,198,22
T5,4,1,24,3
[258]
T1,0,1,35,7
T2,1,1,125,5
T3,2,1,200,32
T4,3,1,88,4
T5,4,1,189,5
[259]
T1,0,1,134,2
T2,1,0,200,39
T3,2,1,50,7
T4,3,0,115,8
T5,4,1,185,10
[260]
T1,0,0,171,23
T2,1,1,104,14
T3,2,0,30,2
T4,3,1,200,5
T5,4,1,112,18
[261]
T1,0,0,195,38
T2,1,1,89,9
T3,2,1,74,11
T4,3,1,200,1
T5,4,0,25,2
[262]
T1,0,1,200,8
T2,1,1,72,2
T3,2,1,95,17
T4,3,0,50,4
T5,4,0,191,33
[263]
T1,0,0,200,16
T2,1,1,87,11
T3,2,1,20,2
T4,3,1,84,7
T5,4,0,164,10
[264]
T1,0,0,200,3
T2,1,1,159,6
T3,2,1,76,27
T4,3,1,30,1
T5,4,0,87,1
[265]
T1,0,0,39,4
T2,1,1,164,7
T3,2,0,120,2
T4,3,0,106,2
T5,4,1,200,61
[266]
T1,0,1,180,42
T2,1,1,25,2
T3,2,1,118,17
T4,3,1,90,5
T5,4,1,200,7
[267]
T1,0,1,168,53
T2,1,1,200,8
T3,2,1,138,4
T4,3,0,98,1
T5,4,0,46,4
[268]
T1,0,0,88,1
T2,1,0,20,2
T3,2,1,200,25
T4,3,1,167,3
T5,4,0,85,25
[269]
T1,0,1,200,15
T2,1,0,125,3
T3,2,1,114,37
T4,3,0,180,6
T5,4,1,52,1
[270]
T1,0,0,150,4
T2,1,1,134,42
T3,2,1,44,1
T4,3,1,200,14
T5,4,1,103,4
[271]
T1,0,1,48,10
T2,1,0,85,3
T3,2,1,200,2
T4,3,0,188,23
T5,4,1,77,8
[272]
T1,0,1,178,20
T2,1,0,200,29
T3,2,0,52,8
T4,3,1,120,2
T5,4,0,81,4
[273]
T1,0,1,41,1
T2,1,1,92,8
T3,2,1,200,69
T4,3,1,60,2
T5,4,1,185,1
[274]
T1,0,0,200,38
T2,1,0,48,2
T3,2,0,84,9
T4,3,1,138,14
T5,4,1,165,6
[275]
T1,0,0,28,4
T2,1,1,200,24
T3,2,0,85,5
T4,3,0,161,6
T5,4,0,113,11
[276]
T1,0,1,110,1
T2,1,0,200,16
T3,2,1,100,2
T4,3,0,43,11
T5,4,0,192,20
[277]
T1,0,1,88,17
T2,1,0,146,11
T3,2,1,186,27
T4,3,0,36,2
T5,4,1,200,2
[278]
T1,0,0,26,2
T2,1,0,56,17
T3,2,0,200,7
T4,3,1,72,1
T5,4,0,174,5
[279]
T1,0,0,200,10
T2,1,0,81,1
T3,2,1,111,2
T4,3,0,26,2
T5,4,1,156,60
[280]
T1,0,1,40,1
T2,1,0,72,18
T3,2,0,174,7
T4,3,1,200,7
T5,4,0,90,10
[281]
T1,0,1,44,7
T2,1,1,196,42
T3,2,0,80,2
T4,3,1,200,14
T5,4,1,56,2
[282]
T1,0,1,145,8
T2,1,1,200,41
T3,2,1,125,27
T4,3,1,167,2
T5,4,0,32,2
[283]
T1,0,1,31,4
T2,1,1,155,6
T3,2,1,200,37
T4,3,0,145,8
T5,4,1,123,7
[284]
T1,0,0,28,1
T2,1,1,135,31
T3,2,0,200,2
T4,3,0,170,28
T5,4,0,125,5
[285]
T1,0,0,165,10
T2,1,1,91,2
T3,2,0,59,2
T4,3,0,200,9
T5,4,1,35,11
[286]
T1,0,1,84,1
T2,1,0,20,1
T3,2,1,200,31
T4,3,1,70,5
T5,4,1,151,29
[287]
T1,0,1,42,3
T2,1,1,98,4
T3,2,0,200,37
T4,3,0,56,3
T5,4,0,168,18
[288]
T1,0,0,174,13
T2,1,0,138,6
T3,2,1,56,6
T4,3,1,200,51
T5,4,0,20,2
[289]
T1,0,1,174,3
T2,1,1,200,21
T3,2,1,24,1
T4,3,1,82,6
T5,4,1,112,24
[290]
T1,0,1,200,31
T2,1,0,181,6
T3,2,0,75,2
T4,3,0,144,10
T5,4,0,42,9
[291]
T1,0,0,40,9
T2,1,0,174,23
T3,2,1,69,1
T4,3,0,108,4
T5,4,1,200,13
[292]
T1,0,1,200,5
T2,1,1,168,7
T3,2,1,51,3
T4,3,0,76,5
T5,4,1,126,37
[293]
T1,0,0,104,10
T2,1,1,34,2
T3,2,0,102,24
T4,3,0,180,22
T5,4,1,200,5
[294]
T1,0,1,156,27
T2,1,0,65,2
T3,2,1,105,6
T4,3,0,42,5
T5,4,0,200,26
[295]
T1,0,0,32,2
T2,1,0,190,53
T3,2,0,200,25
T4,3,1,133,6
T5,4,0,63,1
[296]
T1,0,1,63,6
T2,1,1,196,17
T3,2,1,200,9
T4,3,0,24,2
T5,4,1,135,31
[297]
T1,0,0,200,58
T2,1,1,20,1
T3,2,1,178,14
T4,3,0,98,4
T5,4,0,63,2
[298]
T1,0,1,140,32
T2,1,0,200,30
T3,2,1,40,3
T4,3,1,160,1
T5,4,0,84,1
[299]
T1,0,1,108,20
T2,1,1,200,12
T3,2,1,188,24
T4,3,0,79,2
T5,4,1,54,4
[300]
T1,0,0,200,18
T2,1,1,104,24
T3,2,0,95,5
T4,3,0,40,2
T5,4,1,197,20
[301]
T1,0,0,95,9
T2,1,1,200,12
T3,2,0,27,1
T4,3,0,176,1
T5,4,0,70,19
[302]
T1,0,1,31,5
T2,1,1,130,12
T3,2,1,200,2
T4,3,0,175,25
T5,4,0,77,6
[303]
T1,0,0,20,2
T2,1,0,200,3
T3,2,0,180,2
T4,3,1,145,25
T5,4,0,58,16
[304]
T1,0,1,200,37
T2,1,1,195,7
T3,2,0,140,15
T4,3,1,98,4
T5,4,1,40,4
[305]
T1,0,0,121,17
T2,1,1,200,7
T3,2,0,91,2
T4,3,0,154,44
T5,4,1,22,2
[306]
T1,0,0,200,34
T2,1,1,72,1
T3,2,1,154,43
T4,3,1,38,2
T5,4,1,95,1
[307]
T1,0,1,200,1
T2,1,1,33,2
T3,2,0,177,53
T4,3,0,62,2
T5,4,0,132,8
[308]
T1,0,1,80,1
T2,1,0,197,3
T3,2,1,200,9
T4,3,1,25,2
T5,4,1,107,43
[309]
T1,0,1,77,2
T2,1,0,142,7
T3,2,1,200,18
T4,3,1,176,55
T5,4,1,25,2
[310]
T1,0,0,200,16
T2,1,0,40,5
T3,2,1,111,2
T4,3,1,84,20
T5,4,1,153,7
[311]
T1,0,0,120,2
T2,1,0,200,75
T3,2,1,185,12
T4,3,1,120,6
T5,4,1,51,2
[312]
T1,0,0,200,2
T2,1,0,90,5
T3,2,1,47,2
T4,3,0,110,16
T5,4,0,180,43
[313]
T1,0,1,108,26
T2,1,0,168,7
T3,2,0,104,2
T4,3,1,200,14
T5,4,1,52,6
[314]
T1,0,1,165,15
T2,1,1,30,7
T3,2,0,112,7
T4,3,1,142,7
T5,4,1,200,8
[315]
T1,0,1,33,3
T2,1,1,200,8
T3,2,1,72,14
T4,3,1,63,2
T5,4,1,174,17
[316]
T1,0,1,200,8
T2,1,1,93,12
T3,2,0,56,10
T4,3,0,186,6
T5,4,1,24,2
[317]
T1,0,0,102,3
T2,1,0,120,9
T3,2,1,200,37
T4,3,1,21,1
T5,4,0,188,19
[318]
T1,0,0,20,1
T2,1,1,159,4
T3,2,0,200,32
T4,3,1,78,10
T5,4,0,110,12
[319]
T1,0,1,21,1
T2,1,1,170,6
T3,2,1,200,51
T4,3,1,70,2
T5,4,1,108,13
[320]
T1,0,0,57,4
T2,1,1,200,2
T3,2,0,25,8
T4,3,1,90,5
T5,4,0,194,2
[321]
T1,0,0,76,2
T2,1,0,130,40
T3,2,0,169,12
T4,3,0,200,3
T5,4,0,23,2
[322]
T1,0,0,200,50
T2,1,1,106,5
T3,2,0,55,2
T4,3,0,50,2
T5,4,0,174,24
[323]
T1,0,1,200,28
T2,1,0,27,2
T3,2,0,101,15
T4,3,1,156,10
T5,4,1,78,8
[324]
T1,0,0,54,2
T2,1,1,200,4
T3,2,1,38,10
T4,3,1,168,2
T5,4,0,63,8
[325]
T1,0,1,170,37
T2,1,1,200,18
T3,2,0,47,2
T4,3,1,136,21
T5,4,0,136,3
[326]
T1,0,1,21,1
T2,1,0,200,3
T3,2,1,180,16
T4,3,0,56,4
T5,4,1,122,30
[327]
T1,0,1,55,3
T2,1,0,200,28
T3,2,1,66,1
T4,3,1,22,2
T5,4,0,171,41
[328]
T1,0,1,85,6
T2,1,1,200,8
T3,2,0,86,14
T4,3,0,44,9
T5,4,1,184,2
[329]
T1,0,0,117,28
T2,1,0,200,8
T3,2,1,40,3
T4,3,0,132,1
T5,4,1,165,17
[330]
T1,0,0,40,1
T2,1,1,200,14
T3,2,1,84,1
T4,3,1,188,35
T5,4,1,122,22
[331]
T1,0,1,25,4
T2,1,0,200,2
T3,2,0,171,18
T4,3,0,78,5
T5,4,1,140,21
[332]
T1,0,1,132,4
T2,1,0,177,39
T3,2,0,20,2
T4,3,1,60,8
T5,4,0,200,11
[333]
T1,0,0,160,27
T2,1,1,200,2
T3,2,1,22,2
T4,3,1,80,10
T5,4,0,60,5
[334]
T1,0,1,23,4
T2,1,0,115,2
T3,2,0,200,4
T4,3,1,61,8
T5,4,0,147,16
[335]
T1,0,1,102,21
T2,1,0,39,8
T3,2,1,200,2
T4,3,1,168,6
T5,4,0,94,1
[336]
T1,0,1,105,23
T2,1,0,200,9
T3,2,1,45,5
T4,3,0,108,2
T5,4,0,170,17
[337]
T1,0,0,200,37
T2,1,1,55,2
T3,2,0,67,7
T4,3,0,198,36
T5,4,0,24,2
[338]
T1,0,0,116,33
T2,1,1,44,3
T3,2,0,99,1
T4,3,1,150,1
T5,4,1,200,19
[339]
T1,0,1,65,3
T2,1,0,88,2
T3,2,0,186,10
T4,3,0,48,15
T5,4,1,200,6
[340]
T1,0,1,99,12
T2,1,0,170,8
T3,2,0,200,6
T4,3,0,108,30
T5,4,1,32,2
[341]
T1,0,0,84,8
T2,1,0,82,12
T3,2,0,177,14
T4,3,1,200,5
T5,4,1,35,4
[342]
T1,0,1,124,7
T2,1,1,164,42
T3,2,0,30,1
T4,3,0,115,12
T5,4,0,200,2
[343]
T1,0,1,196,7
T2,1,1,84,22
T3,2,0,144,15
T4,3,1,30,2
T5,4,0,200,12
[344]
T1,0,0,200,2
T2,1,1,40,2
T3,2,1,59,2
T4,3,1,152,63
T5,4,0,125,1
[345]
T1,0,0,140,1
T2,1,1,156,30
T3,2,0,40,1
T4,3,0,126,24
T5,4,0,200,10
[346]
T1,0,1,59,2
T2,1,0,25,1
T3,2,1,200,26
T4,3,0,81,12
T5,4,0,186,27
[347]
T1,0,0,23,1
T2,1,1,118,30
T3,2,0,119,5
T4,3,1,184,2
T5,4,1,200,27
[348]
T1,0,1,197,1
T2,1,0,80,2
T3,2,0,146,19
T4,3,1,200,32
T5,4,1,40,6
[349]
T1,0,1,200,33
T2,1,0,180,9
T3,2,1,107,6
T4,3,0,50,5
T5,4,0,108,11
[350]
T1,0,0,128,2
T2,1,0,31,4
T3,2,0,200,15
T4,3,0,155,12
T5,4,0,97,17
[351]
T1,0,0,186,3
T2,1,1,200,4
T3,2,1,46,1
T4,3,1,120,1
T5,4,1,70,29
[352]
T1,0,1,30,8
T2,1,1,199,2
T3,2,1,107,2
T4,3,0,64,2
T5,4,0,200,36
[353]
T1,0,0,162,11
T2,1,0,30,4
T3,2,0,200,15
T4,3,1,95,14
T5,4,1,106,5
[354]
T1,0,1,200,18
T2,1,0,119,20
T3,2,1,92,10
T4,3,0,150,3
T5,4,0,26,2
[355]
T1,0,0,50,11
T2,1,1,188,36
T3,2,1,130,2
T4,3,0,200,7
T5,4,1,68,2
[356]
T1,0,0,66,2
T2,1,0,28,2
T3,2,1,62,2
T4,3,1,200,8
T5,4,0,150,56
[357]
T1,0,1,143,1
T2,1,1,183,39
T3,2,0,84,6
T4,3,1,200,13
T5,4,1,42,5
[358]
T1,0,1,132,1
T2,1,1,195,20
T3,2,0,97,26
T4,3,1,200,6
T5,4,0,39,2
[359]
T1,0,1,115,2
T2,1,1,125,25
T3,2,1,190,20
T4,3,1,200,22
T5,4,0,30,1
[360]
T1,0,1,136,9
T2,1,1,200,17
T3,2,1,170,8
T4,3,0,32,6
T5,4,1,100,10
[361]
T1,0,1,200,36
T2,1,1,90,11
T3,2,0,184,21
T4,3,0,71,2
T5,4,0,25,1
[362]
T1,0,1,96,21
T2,1,0,175,6
T3,2,1,32,3
T4,3,0,200,21
T5,4,1,95,3
[363]
T1,0,0,35,6
T2,1,1,200,1
T3,2,1,118,24
T4,3,0,180,14
T5,4,0,105,1
[364]
T1,0,1,200,5
T2,1,0,161,10
T3,2,0,88,9
T4,3,0,50,8
T5,4,1,134,17
[365]
T1,0,1,200,42
T2,1,1,69,15
T3,2,1,120,2
T4,3,0,182,2
T5,4,0,21,2
[366]
T1,0,0,67,2
T2,1,0,200,23
T3,2,0,94,19
T4,3,0,155,1
T5,4,0,40,6
[367]
T1,0,1,48,6
T2,1,1,176,40
T3,2,0,200,7
T4,3,0,106,5
T5,4,0,95,5
[368]
T1,0,1,103,15
T2,1,0,190,6
T3,2,1,80,2
T4,3,0,25,6
T5,4,1,200,5
[369]
T1,0,1,140,8
T2,1,1,78,2
T3,2,0,200,63
T4,3,0,192,16
T5,4,1,23,2
[370]
T1,0,0,200,2
T2,1,1,176,3
T3,2,1,68,22
T4,3,0,22,2
T5,4,1,111,2
[371]
T1,0,0,200,50
T2,1,1,40,1
T3,2,1,124,14
T4,3,1,67,2
T5,4,0,192,15
[372]
T1,0,1,119,17
T2,1,0,200,24
T3,2,1,195,21
T4,3,0,39,1
T5,4,1,115,9
[373]
T1,0,0,180,7
T2,1,1,51,7
T3,2,1,200,44
T4,3,1,112,10
T5,4,0,130,2
[374]
T1,0,0,101,6
T2,1,1,200,5
T3,2,1,38,2
T4,3,0,124,14
T5,4,1,186,40
[375]
T1,0,1,123,3
T2,1,0,200,44
T3,2,0,28,2
T4,3,0,164,33
T5,4,1,100,2
[376]
T1,0,0,24,3
T2,1,0,160,15
T3,2,1,88,11
T4,3,0,64,2
T5,4,0,200,24
[377]
T1,0,0,175,14
T2,1,1,47,1
T3,2,1,104,11
T4,3,0,120,5
T5,4,0,200,43
[378]
T1,0,1,26,1
T2,1,0,126,3
T3,2,1,200,17
T4,3,1,175,33
T5,4,0,100,12
[379]
T1,0,0,200,10
T2,1,0,60,4
T3,2,1,41,2
T4,3,0,176,7
T5,4,0,108,29
[380]
T1,0,1,36,1
T2,1,1,200,2
T3,2,1,136,38
T4,3,0,118,9
T5,4,0,189,17
[381]
T1,0,0,200,10
T2,1,0,127,13
T3,2,0,120,13
T4,3,1,46,6
T5,4,0,165,12
[382]
T1,0,1,105,2
T2,1,1,63,13
T3,2,0,159,4
T4,3,0,200,40
T5,4,0,20,2
[383]
T1,0,1,63,5
T2,1,1,127,4
T3,2,1,162,4
T4,3,1,200,10
T5,4,0,30,9
[384]
T1,0,0,175,1
T2,1,1,106,1
T3,2,0,200,60
T4,3,1,26,3
T5,4,1,102,4
[385]
T1,0,0,40,4
T2,1,1,109,8
T3,2,1,200,16
T4,3,1,86,3
T5,4,0,195,36
[386]
T1,0,1,176,15
T2,1,0,44,2
T3,2,1,133,22
T4,3,1,136,17
T5,4,0,200,8
[387]
T1,0,1,26,5
T2,1,0,125,4
T3,2,1,99,9
T4,3,0,156,5
T5,4,1,200,28
[388]
T1,0,1,86,27
T2,1,1,200,7
T3,2,1,120,9
T4,3,1,196,7
T5,4,1,35,2
[389]
T1,0,0,105,5
T2,1,0,70,7
T3,2,0,44,1
T4,3,1,200,16
T5,4,1,175,38
[390]
T1,0,1,150,27
T2,1,1,134,4
T3,2,0,120,12
T4,3,0,33,3
T5,4,0,200,17
[391]
T1,0,0,100,9
T2,1,0,74,1
T3,2,1,31,1
T4,3,0,172,42
T5,4,0,200,19
[392]
T1,0,1,200,50
T2,1,0,88,8
T3,2,0,134,12
T4,3,0,186,8
T5,4,1,32,2
[393]
T1,0,0,200,8
T2,1,1,175,23
T3,2,1,77,3
T4,3,0,70,12
T5,4,1,43,4
[394]
T1,0,1,132,4
T2,1,0,85,2
T3,2,1,200,3
T4,3,1,198,74
T5,4,1,35,1
[395]
T1,0,0,200,2
T2,1,1,103,5
T3,2,1,40,2
T4,3,0,160,39
T5,4,1,136,25
[396]
T1,0,0,54,1
T2,1,0,184,2
T3,2,0,134,39
T4,3,0,64,7
T5,4,1,200,9
[397]
T1,0,1,200,2
T2,1,0,166,6
T3,2,1,95,4
T4,3,1,30,7
T5,4,0,126,21
[398]
T1,0,0,108,14
T2,1,0,200,13
T3,2,1,21,1
T4,3,1,184,35
T5,4,1,102,5
[399]
T1,0,0,40,2
T2,1,0,94,15
T3,2,0,107,14
T4,3,0,200,19
T5,4,1,150,13
[400]
T1,0,1,200,20
T2,1,1,30,2
T3,2,0,94,17
T4,3,1,114,22
T5,4,0,152,1
[401]
T1,0,0,200,9
T2,1,0,105,5
T3,2,1,69,4
T4,3,0,185,44
T5,4,0,36,3
[402]
T1,0,0,105,9
T2,1,1,165,8
T3,2,1,75,2
T4,3,0,200,4
T5,4,0,27,8
[403]
T1,0,1,112,2
T2,1,1,144,49
T3,2,1,200,5
T4,3,1,189,3
T5,4,0,25,2
[404]
T1,0,1,21,5
T2,1,0,126,8
T3,2,1,144,4
T4,3,0,153,17
T5,4,0,200,10
[405]
T1,0,1,77,3
T2,1,1,200,41
T3,2,1,39,5
T4,3,0,156,5
T5,4,1,136,10
[406]
T1,0,1,27,4
T2,1,1,96,13
T3,2,1,105,15
T4,3,1,200,1
T5,4,1,180,8
[407]
T1,0,1,180,37
T2,1,1,75,4
T3,2,0,43,7
T4,3,0,200,6
T5,4,1,72,2
[408]
T1,0,0,200,1
T2,1,0,119,7
T3,2,1,33,3
T4,3,1,150,14
T5,4,0,71,17
[409]
T1,0,1,200,8
T2,1,1,148,17
T3,2,1,121,14
T4,3,0,24,2
T5,4,1,58,7
[410]
T1,0,1,98,26
T2,1,1,200,8
T3,2,1,84,2
T4,3,1,160,10
T5,4,1,23,1
[411]
T1,0,1,36,1
T2,1,1,200,50
T3,2,0,104,2
T4,3,1,194,26
T5,4,0,120,6
[412]
T1,0,0,113,16
T2,1,1,45,7
T3,2,0,200,2
T4,3,0,87,11
T5,4,1,150,3
[413]
T1,0,0,200,24
T2,1,1,170,20
T3,2,0,135,16
T4,3,1,42,2
T5,4,0,109,11
[414]
T1,0,0,200,41
T2,1,0,126,5
T3,2,1,136,2
T4,3,1,25,4
T5,4,0,177,8
[415]
T1,0,1,100,23
T2,1,0,198,10
T3,2,0,45,4
T4,3,1,66,7
T5,4,1,200,2
[416]
T1,0,0,165,18
T2,1,0,139,13
T3,2,1,118,5
T4,3,1,200,3
T5,4,1,25,5
[417]
T1,0,1,200,3
T2,1,1,25,3
T3,2,0,107,10
T4,3,0,193,19
T5,4,1,115,14
[418]
T1,0,1,60,4
T2,1,1,63,6
T3,2,0,148,5
T4,3,0,33,8
T5,4,1,200,5
[419]
T1,0,1,128,16
T2,1,0,140,3
T3,2,1,200,29
T4,3,0,175,32
T5,4,0,24,2
[420]
T1,0,0,48,12
T2,1,0,132,6
T3,2,1,84,7
T4,3,1,183,2
T5,4,0,200,16
[421]
T1,0,1,187,17
T2,1,0,200,42
T3,2,1,88,1
T4,3,0,134,20
T5,4,1,28,2
[422]
T1,0,1,52,1
T2,1,1,200,43
T3,2,1,75,6
T4,3,0,97,5
T5,4,1,195,22
[423]
T1,0,0,88,10
T2,1,1,200,15
T3,2,0,150,24
T4,3,1,117,6
T5,4,1,50,4
[424]
T1,0,0,154,25
T2,1,0,130,10
T3,2,1,68,12
T4,3,1,200,1
T5,4,0,24,1
[425]
T1,0,1,31,4
T2,1,1,200,8
T3,2,0,112,2
T4,3,1,80,23
T5,4,0,180,2
[426]
T1,0,0,105,15
T2,1,1,103,1
T3,2,0,200,14
T4,3,0,163,27
T5,4,0,25,2
[427]
T1,0,0,200,8
T2,1,0,118,5
T3,2,1,150,2
T4,3,1,23,4
T5,4,1,84,15
[428]
T1,0,1,35,4
T2,1,1,168,2
T3,2,1,63,6
T4,3,0,200,45
T5,4,1,83,2
[429]
T1,0,1,116,25
T2,1,1,45,5
T3,2,0,72,8
T4,3,1,174,4
T5,4,1,200,4
[430]
T1,0,1,153,16
T2,1,1,100,4
T3,2,0,56,2
T4,3,1,200,58
T5,4,0,20,2
[431]
T1,0,0,56,1
T2,1,1,174,27
T3,2,1,21,2
T4,3,1,62,7
T5,4,1,200,33
[432]
T1,0,0,148,5
T2,1,1,200,23
T3,2,1,63,19
T4,3,0,92,3
T5,4,1,36,2
[433]
T1,0,1,171,29
T2,1,1,110,16
T3,2,1,25,2
T4,3,1,56,9
T5,4,1,200,2
[434]
T1,0,1,34,4
T2,1,1,143,2
T3,2,0,158,45
T4,3,0,200,2
T5,4,1,60,2
[435]
T1,0,1,199,1
T2,1,0,40,7
T3,2,0,200,56
T4,3,0,104,1
T5,4,0,100,2
[436]
T1,0,1,100,11
T2,1,1,200,1
T3,2,0,184,25
T4,3,1,125,20
T5,4,0,27,1
[437]
T1,0,0,20,1
T2,1,0,81,8
T3,2,1,124,29
T4,3,1,170,6
T5,4,1,200,9
[438]
T1,0,0,180,28
T2,1,0,72,1
T3,2,0,125,16
T4,3,0,200,2
T5,4,1,38,6
[439]
T1,0,1,114,8
T2,1,0,35,2
T3,2,0,192,7
T4,3,0,87,13
T5,4,1,200,34
[440]
T1,0,1,32,1
T2,1,0,163,30
T3,2,0,125,7
T4,3,1,115,13
T5,4,0,200,15
[441]
T1,0,1,26,2
T2,1,0,170,8
T3,2,1,139,28
T4,3,1,200,6
T5,4,0,85,16
[442]
T1,0,0,131,17
T2,1,0,188,1
T3,2,0,40,10
T4,3,1,66,1
T5,4,0,200,15
[443]
T1,0,0,130,2
T2,1,1,52,8
T3,2,0,200,12
T4,3,0,143,31
T5,4,1,154,3
[444]
T1,0,1,200,48
T2,1,1,140,4
T3,2,1,28,4
T4,3,1,98,2
T5,4,1,181,3
[445]
T1,0,0,180,3
T2,1,1,122,3
T3,2,1,145,11
T4,3,1,200,3
T5,4,1,28,10
[446]
T1,0,1,25,1
T2,1,0,63,7
T3,2,0,126,8
T4,3,1,175,7
T5,4,0,200,39
[447]
T1,0,1,58,10
T2,1,1,174,7
T3,2,0,113,2
T4,3,1,46,1
T5,4,0,200,47
[448]
T1,0,0,135,3
T2,1,1,162,25
T3,2,1,57,11
T4,3,1,31,2
T5,4,0,200,9
[449]
T1,0,0,61,1
T2,1,0,48,2
T3,2,1,130,20
T4,3,0,195,34
T5,4,1,200,25
[450]
T1,0,1,89,8
T2,1,0,150,16
T3,2,0,33,7
T4,3,1,200,2
T5,4,1,109,8
[451]
T1,0,0,144,21
T2,1,0,80,2
T3,2,1,156,7
T4,3,1,41,5
T5,4,1,200,31
[452]
T1,0,0,90,13
T2,1,1,200,9
T3,2,0,59,7
T4,3,0,34,4
T5,4,0,186,9
[453]
T1,0,0,200,1
T2,1,1,144,38
T3,2,0,25,2
T4,3,1,85,8
T5,4,1,181,19
[454]
T1,0,0,74,11
T2,1,1,27,2
T3,2,0,176,26
T4,3,1,144,18
T5,4,1,200,5
[455]
T1,0,0,184,2
T2,1,0,99,3
T3,2,0,141,7
T4,3,0,200,54
T5,4,1,40,5
[456]
T1,0,0,31,2
T2,1,1,150,11
T3,2,0,66,13
T4,3,1,200,36
T5,4,1,70,1
[457]
T1,0,0,200,10
T2,1,0,152,4
T3,2,0,40,4
T4,3,1,99,27
T5,4,1,54,1
[458]
T1,0,0,41,15
T2,1,0,200,5
T3,2,1,75,3
T4,3,1,85,2
T5,4,0,190,6
[459]
T1,0,0,132,9
T2,1,1,111,14
T3,2,0,200,4
T4,3,0,44,10
T5,4,1,148,5
[460]
T1,0,0,200,3
T2,1,1,132,4
T3,2,0,21,4
T4,3,1,55,9
T5,4,0,182,8
[461]
T1,0,1,144,26
T2,1,0,200,10
T3,2,1,96,14
T4,3,1,48,3
T5,4,1,153,3
[462]
T1,0,1,155,29
T2,1,1,200,36
T3,2,1,35,2
T4,3,0,124,5
T5,4,0,137,3
[463]
T1,0,1,51,1
T2,1,1,109,21
T3,2,1,200,3
T4,3,1,75,2
T5,4,0,170,42
[464]
T1,0,1,22,2
T2,1,0,152,20
T3,2,0,131,20
T4,3,1,200,22
T5,4,0,112,10
[465]
T1,0,0,200,54
T2,1,1,108,6
T3,2,1,36,2
T4,3,0,162,18
T5,4,0,111,5
[466]
T1,0,0,160,12
T2,1,0,72,4
T3,2,0,68,6
T4,3,1,45,9
T5,4,1,200,11
[467]
T1,0,0,96,4
T2,1,0,35,2
T3,2,0,160,9
T4,3,0,55,2
T5,4,1,200,63
[468]
T1,0,1,21,2
T2,1,1,200,39
T3,2,0,56,12
T4,3,1,197,9
T5,4,1,82,2
[469]
T1,0,1,58,6
T2,1,0,134,2
T3,2,1,200,3
T4,3,1,32,4
T5,4,0,170,37
[470]
T1,0,1,188,13
T2,1,1,84,13
T3,2,1,200,21
T4,3,1,61,8
T5,4,0,35,2
[471]
T1,0,0,66,19
T2,1,0,44,2
T3,2,0,60,3
T4,3,0,200,24
T5,4,1,154,2
[472]
T1,0,0,63,2
T2,1,0,200,11
T3,2,1,140,1
T4,3,1,154,10
T5,4,1,49,16
[473]
T1,0,0,200,10
T2,1,0,93,14
T3,2,1,54,1
T4,3,1,198,33
T5,4,0,50,4
[474]
T1,0,0,109,1
T2,1,0,175,7
T3,2,0,200,67
T4,3,1,40,3
T5,4,0,111,1
[475]
T1,0,1,63,2
T2,1,0,200,32
T3,2,0,159,35
T4,3,0,144,9
T5,4,1,24,1
[476]
T1,0,0,187,2
T2,1,0,200,50
T3,2,1,95,6
T4,3,0,145,9
T5,4,1,25,2
[477]
T1,0,0,102,3
T2,1,1,200,32
T3,2,0,88,4
T4,3,0,175,33
T5,4,0,21,1
[478]
T1,0,0,100,3
T2,1,1,159,31
T3,2,1,200,4
T4,3,1,30,4
T5,4,1,80,8
[479]
T1,0,0,72,17
T2,1,0,69,8
T3,2,0,38,1
T4,3,0,200,16
T5,4,1,165,2
[480]
T1,0,0,80,3
T2,1,0,23,7
T3,2,1,155,14
T4,3,0,200,3
T5,4,0,92,3
[481]
T1,0,0,200,17
T2,1,1,95,1
T3,2,1,28,4
T4,3,1,195,38
T5,4,1,68,3
[482]
T1,0,0,117,2
T2,1,0,200,18
T3,2,0,25,1
T4,3,1,124,27
T5,4,0,176,21
[483]
T1,0,1,200,10
T2,1,1,52,2
T3,2,0,82,13
T4,3,0,155,21
T5,4,1,60,8
[484]
T1,0,0,38,7
T2,1,1,130,17
T3,2,0,200,15
T4,3,1,114,2
T5,4,1,189,10
[485]
T1,0,0,40,7
T2,1,1,200,19
T3,2,1,87,2
T4,3,0,95,6
T5,4,1,186,26
[486]
T1,0,1,91,1
T2,1,1,41,3
T3,2,1,125,2
T4,3,1,182,34
T5,4,0,200,41
[487]
T1,0,1,200,2
T2,1,1,155,47
T3,2,1,120,1
T4,3,0,143,2
T5,4,1,48,7
[488]
T1,0,1,78,15
T2,1,0,28,6
T3,2,1,180,1
T4,3,0,135,2
T5,4,0,200,11
[489]
T1,0,0,32,2
T2,1,1,117,7
T3,2,0,160,9
T4,3,0,74,1
T5,4,0,200,66
[490]
T1,0,1,103,8
T2,1,0,200,6
T3,2,0,184,37
T4,3,1,20,2
T5,4,0,71,4
[491]
T1,0,1,192,21
T2,1,0,200,32
T3,2,1,74,4
T4,3,1,64,8
T5,4,0,36,1
[492]
T1,0,0,200,10
T2,1,1,129,9
T3,2,1,162,14
T4,3,0,30,2
T5,4,0,100,28
[493]
T1,0,1,57,9
T2,1,1,26,1
T3,2,0,147,8
T4,3,1,200,10
T5,4,0,70,12
[494]
T1,0,1,189,6
T2,1,0,200,3
T3,2,0,100,2
T4,3,0,39,7
T5,4,0,128,32
[495]
T1,0,0,192,17
T2,1,0,44,6
T3,2,1,141,19
T4,3,1,200,19
T5,4,1,60,1
[496]
T1,0,0,30,1
T2,1,0,200,36
T3,2,1,72,2
T4,3,1,92,21
T5,4,1,155,3
[497]
T1,0,0,185,1
T2,1,0,62,2
T3,2,1,92,9
T4,3,0,20,3
T5,4,0,200,32
[498]
T1,0,0,165,4
T2,1,0,110,22
T3,2,1,200,38
T4,3,1,137,9
T5,4,1,22,2
[499]
T1,0,0,84,29
T2,1,0,153,8
T3,2,1,34,1
T4,3,1,200,7
T5,4,1,137,2
[500]
T1,0,1,30,2
T2,1,0,161,9
T3,2,0,96,1
T4,3,1,200,36
T5,4,0,102,17
