num_task_per_taskset=5
num_taskset=500
//ID,Priority,Offset,Period,Execution Time
[1]
T1,0,1,95,5
T2,1,1,27,8
T3,2,1,63,1
T4,3,0,152,2
T5,4,0,200,19
[2]
T1,0,0,152,24
T2,1,1,21,2
T3,2,1,139,20
T4,3,1,200,10
T5,4,1,112,14
[3]
T1,0,0,180,26
T2,1,0,104,8
T3,2,0,200,12
T4,3,1,86,6
T5,4,0,40,5
[4]
T1,0,1,200,9
T2,1,0,36,2
T3,2,0,190,52
T4,3,1,70,1
T5,4,0,144,20
[5]
T1,0,0,200,32
T2,1,0,60,11
T3,2,0,53,2
T4,3,1,122,5
T5,4,0,160,9
[6]
T1,0,0,89,29
T2,1,1,40,1
T3,2,1,184,13
T4,3,1,200,1
T5,4,0,116,5
[7]
T1,0,1,20,2
T2,1,0,200,22
T3,2,0,93,18
T4,3,0,154,5
T5,4,0,136,14
[8]
T1,0,1,140,41
T2,1,0,160,4
T3,2,0,135,13
T4,3,1,200,3
T5,4,1,30,1
[9]
T1,0,1,177,35
T2,1,1,84,3
T3,2,0,200,9
T4,3,0,65,9
T5,4,1,45,3
[10]
T1,0,0,40,10
T2,1,1,74,8
T3,2,1,158,15
T4,3,1,200,2
T5,4,0,85,1
[11]
T1,0,1,62,1
T2,1,1,200,21
T3,2,0,89,7
T4,3,1,184,43
T5,4,0,50,2
[12]
T1,0,1,200,34
T2,1,0,168,21
T3,2,0,98,2
T4,3,0,20,2
T5,4,1,59,9
[13]
T1,0,1,168,12
T2,1,0,200,20
T3,2,0,69,7
T4,3,0,130,13
T5,4,1,25,2
[14]
T1,0,1,82,1
T2,1,1,158,2
T3,2,1,114,4
T4,3,0,50,18
T5,4,0,200,11
[15]
T1,0,0,30,2
T2,1,1,107,38
T3,2,1,192,6
T4,3,1,127,4
T5,4,1,200,8
[16]
T1,0,1,200,2
T2,1,0,106,8
T3,2,1,170,50
T4,3,1,25,2
T5,4,0,94,8
[17]
T1,0,1,126,12
T2,1,0,25,2
T3,2,1,177,10
T4,3,1,200,30
T5,4,0,127,9
[18]
T1,0,0,50,12
T2,1,1,200,16
T3,2,0,123,6
T4,3,0,192,4
T5,4,0,114,9
[19]
T1,0,1,146,3
T2,1,0,190,25
T3,2,1,70,14
T4,3,1,200,21
T5,4,0,38,1
[20]
T1,0,0,200,2
T2,1,1,64,8
T3,2,0,144,4
T4,3,0,44,9
T5,4,1,192,21
[21]
T1,0,0,67,14
T2,1,0,156,7
T3,2,1,200,2
T4,3,1,22,4
T5,4,0,108,3
[22]
T1,0,0,108,29
T2,1,1,200,4
T3,2,1,45,2
T4,3,0,99,6
T5,4,1,176,13
[23]
T1,0,0,103,2
T2,1,0,158,18
T3,2,1,200,54
T4,3,1,27,2
T5,4,0,72,5
[24]
T1,0,0,200,12
T2,1,0,130,3
T3,2,1,120,27
T4,3,1,163,11
T5,4,0,25,2
[25]
T1,0,0,70,4
T2,1,1,30,1
T3,2,0,200,11
T4,3,0,60,2
T5,4,0,177,49
[26]
T1,0,0,100,14
T2,1,0,180,21
T3,2,0,90,1
T4,3,0,24,1
T5,4,1,200,28
[27]
T1,0,1,102,2
T2,1,0,50,2
T3,2,1,200,37
T4,3,1,96,1
T5,4,0,182,52
[28]
T1,0,0,140,2
T2,1,0,200,15
T3,2,1,55,5
T4,3,1,177,31
T5,4,0,22,3
[29]
T1,0,1,200,31
T2,1,0,181,18
T3,2,1,86,3
T4,3,1,108,13
T5,4,1,40,2
[30]
T1,0,1,81,1
T2,1,1,21,2
T3,2,1,200,6
T4,3,0,175,28
T5,4,1,76,13
[31]
T1,0,1,85,9
T2,1,0,50,3
T3,2,0,151,4
T4,3,1,67,2
T5,4,0,200,51
[32]
T1,0,0,196,2
T2,1,1,120,2
T3,2,1,24,6
T4,3,1,200,13
T5,4,0,91,13
[33]
T1,0,1,75,15
T2,1,0,92,6
T3,2,1,50,4
T4,3,1,200,9
T5,4,1,177,16
[34]
T1,0,0,190,11
T2,1,0,30,5
T3,2,0,145,2
T4,3,0,145,3
T5,4,1,200,41
[35]
T1,0,1,152,19
T2,1,1,130,4
T3,2,0,200,34
T4,3,1,43,3
T5,4,0,114,10
[36]
T1,0,1,139,6
T2,1,1,165,21
T3,2,1,133,16
T4,3,0,200,2
T5,4,0,42,7
[37]
T1,0,1,200,25
T2,1,0,132,5
T3,2,0,129,4
T4,3,0,20,3
T5,4,0,175,25
[38]
T1,0,0,200,8
T2,1,0,193,37
T3,2,1,104,10
T4,3,1,60,6
T5,4,1,48,2
[39]
T1,0,1,200,11
T2,1,0,169,41
T3,2,1,144,7
T4,3,0,131,6
T5,4,1,39,3
[40]
T1,0,1,155,7
T2,1,0,132,2
T3,2,0,200,4
T4,3,0,70,2
T5,4,0,32,12
[41]
T1,0,0,39,2
T2,1,1,55,5
T3,2,1,190,4
T4,3,0,60,2
T5,4,0,200,52
[42]
T1,0,1,20,2
T2,1,0,200,2
T3,2,1,92,7
T4,3,0,174,2
T5,4,0,126,33
[43]
T1,0,1,200,13
T2,1,1,189,11
T3,2,0,98,9
T4,3,1,45,8
T5,4,1,72,5
[44]
T1,0,1,200,2
T2,1,1,161,2
T3,2,1,36,3
T4,3,1,114,41
T5,4,1,105,2
[45]
T1,0,1,48,3
T2,1,0,55,2
T3,2,1,75,22
T4,3,0,172,5
T5,4,0,200,14
[46]
T1,0,0,194,20
T2,1,0,48,2
T3,2,0,200,50
T4,3,1,140,2
T5,4,0,145,17
[47]
T1,0,0,40,12
T2,1,0,200,24
T3,2,1,177,4
T4,3,0,99,2
T5,4,0,72,2
[48]
T1,0,0,120,5
T2,1,1,182,11
T3,2,1,140,34
T4,3,1,200,21
T5,4,1,35,1
[49]
T1,0,0,76,5
T2,1,1,134,19
T3,2,1,196,6
T4,3,1,200,18
T5,4,0,49,7
[50]
T1,0,1,172,26
T2,1,0,20,2
T3,2,0,115,11
T4,3,0,200,23
T5,4,1,81,1
[51]
T1,0,1,87,13
T2,1,0,40,3
T3,2,1,200,23
T4,3,0,199,2
T5,4,1,128,18
[52]
T1,0,1,200,15
T2,1,0,35,12
T3,2,1,160,7
T4,3,0,88,2
T5,4,1,63,1
[53]
T1,0,0,164,1
T2,1,0,121,6
T3,2,0,39,11
T4,3,1,120,5
T5,4,1,200,19
[54]
T1,0,1,25,2
T2,1,1,97,3
T3,2,0,200,35
T4,3,0,196,26
T5,4,1,98,4
[55]
T1,0,1,200,17
T2,1,1,25,2
T3,2,0,124,34
T4,3,1,189,17
T5,4,0,140,4
[56]
T1,0,1,144,5
T2,1,1,63,8
T3,2,0,42,7
T4,3,1,200,6
T5,4,1,185,24
[57]
T1,0,1,200,5
T2,1,1,81,4
T3,2,1,40,10
T4,3,1,91,10
T5,4,1,196,6
[58]
T1,0,1,89,2
T2,1,1,49,5
T3,2,0,200,58
T4,3,1,154,9
T5,4,1,120,2
[59]
T1,0,0,75,3
T2,1,1,62,8
T3,2,0,185,20
T4,3,1,24,2
T5,4,0,200,39
[60]
T1,0,1,80,6
T2,1,0,72,8
T3,2,0,24,2
T4,3,0,200,48
T5,4,1,168,10
[61]
T1,0,1,200,17
T2,1,1,77,11
T3,2,1,50,10
T4,3,0,145,6
T5,4,1,188,2
[62]
T1,0,1,68,3
T2,1,0,200,12
T3,2,0,195,11
T4,3,0,98,19
T5,4,1,20,2
[63]
T1,0,0,200,3
T2,1,1,126,2
T3,2,1,21,2
T4,3,0,150,59
T5,4,0,131,4
[64]
T1,0,0,73,2
T2,1,0,184,2
T3,2,1,67,4
T4,3,1,200,85
T5,4,0,20,2
[65]
T1,0,1,95,25
T2,1,1,200,7
T3,2,1,170,17
T4,3,0,65,4
T5,4,1,44,2
[66]
T1,0,1,165,28
T2,1,0,200,21
T3,2,0,24,1
T4,3,0,82,2
T5,4,0,106,17
[67]
T1,0,0,190,16
T2,1,1,200,47
T3,2,1,91,1
T4,3,0,28,1
T5,4,0,101,10
[68]
T1,0,0,200,40
T2,1,0,32,2
T3,2,0,188,42
T4,3,0,136,4
T5,4,1,129,2
[69]
T1,0,1,125,4
T2,1,0,177,27
T3,2,0,200,2
T4,3,0,50,11
T5,4,1,74,4
[70]
T1,0,0,156,2
T2,1,1,91,10
T3,2,1,200,11
T4,3,1,132,4
T5,4,1,45,13
[71]
T1,0,1,50,1
T2,1,1,200,8
T3,2,0,128,10
T4,3,1,165,34
T5,4,1,104,14
[72]
T1,0,0,104,3
T2,1,0,200,11
T3,2,0,125,10
T4,3,0,52,2
T5,4,0,164,45
[73]
T1,0,1,185,44
T2,1,1,92,2
T3,2,1,50,2
T4,3,0,200,43
T5,4,1,58,1
[74]
T1,0,0,81,2
T2,1,0,200,50
T3,2,0,92,8
T4,3,0,160,5
T5,4,0,38,4
[75]
T1,0,1,94,2
T2,1,0,21,2
T3,2,0,124,17
T4,3,1,200,11
T5,4,1,180,33
[76]
T1,0,0,135,31
T2,1,1,200,4
T3,2,1,133,13
T4,3,0,25,2
T5,4,1,158,6
[77]
T1,0,0,141,2
T2,1,1,200,23
T3,2,0,57,5
T4,3,1,38,3
T5,4,1,174,29
[78]
T1,0,0,200,13
T2,1,0,36,2
T3,2,0,192,7
T4,3,0,132,31
T5,4,1,88,6
[79]
T1,0,0,75,12
T2,1,1,200,7
T3,2,0,145,15
T4,3,0,158,12
T5,4,0,34,3
[80]
T1,0,0,174,2
T2,1,0,200,41
T3,2,0,60,6
T4,3,0,120,7
T5,4,0,21,2
[81]
T1,0,0,200,2
T2,1,0,43,2
T3,2,1,150,47
T4,3,0,144,8
T5,4,1,93,7
[82]
T1,0,0,44,2
T2,1,1,143,19
T3,2,0,200,9
T4,3,1,187,13
T5,4,0,109,26
[83]
T1,0,1,200,49
T2,1,1,131,19
T3,2,1,178,2
T4,3,0,108,6
T5,4,1,20,2
[84]
T1,0,0,78,2
T2,1,1,150,13
T3,2,0,90,4
T4,3,0,200,8
T5,4,0,31,8
[85]
T1,0,1,56,4
T2,1,0,172,11
T3,2,1,73,8
T4,3,0,200,25
T5,4,1,21,2
[86]
T1,0,1,41,8
T2,1,0,168,7
T3,2,1,142,20
T4,3,1,35,2
T5,4,1,200,10
[87]
T1,0,0,88,1
T2,1,1,120,10
T3,2,1,147,1
T4,3,0,25,3
T5,4,1,200,48
[88]
T1,0,1,54,7
T2,1,1,75,2
T3,2,0,183,13
T4,3,0,200,10
T5,4,0,30,6
[89]
T1,0,0,200,9
T2,1,0,184,23
T3,2,1,95,20
T4,3,1,120,9
T5,4,0,37,1
[90]
T1,0,0,158,32
T2,1,0,38,6
T3,2,1,200,12
T4,3,0,120,2
T5,4,0,101,2
[91]
T1,0,1,24,1
T2,1,1,104,12
T3,2,0,200,12
T4,3,1,190,26
T5,4,1,105,11
[92]
T1,0,0,200,48
T2,1,1,110,8
T3,2,0,25,2
T4,3,1,155,8
T5,4,1,124,10
[93]
T1,0,0,20,4
T2,1,1,161,15
T3,2,0,200,20
T4,3,0,104,1
T5,4,1,64,3
[94]
T1,0,0,170,13
T2,1,1,54,1
T3,2,0,24,3
T4,3,1,200,43
T5,4,1,70,1
[95]
T1,0,1,156,14
T2,1,0,129,10
T3,2,1,106,14
T4,3,0,50,5
T5,4,1,200,16
[96]
T1,0,0,200,7
T2,1,0,99,18
T3,2,0,33,1
T4,3,1,186,18
T5,4,1,76,10
[97]
T1,0,1,70,17
T2,1,1,200,9
T3,2,1,159,18
T4,3,1,20,2
T5,4,1,114,8
[98]
T1,0,0,90,2
T2,1,0,58,4
T3,2,0,48,4
T4,3,0,200,32
T5,4,0,170,24
[99]
T1,0,1,200,27
T2,1,0,195,18
T3,2,0,35,2
T4,3,0,55,10
T5,4,1,64,4
[100]
T1,0,0,99,28
T2,1,1,163,3
T3,2,1,115,2
T4,3,1,20,2
T5,4,0,200,10
[101]
T1,0,0,57,15
T2,1,0,200,1
T3,2,0,56,4
T4,3,0,164,17
T5,4,0,34,2
[102]
T1,0,1,34,2
T2,1,1,62,6
T3,2,0,200,2
T4,3,0,195,2
T5,4,1,120,34
[103]
T1,0,0,32,1
T2,1,0,200,7
T3,2,1,115,11
T4,3,1,176,53
T5,4,0,73,1
[104]
T1,0,0,200,17
T2,1,1,196,8
T3,2,0,78,10
T4,3,0,26,5
T5,4,1,54,1
[105]
T1,0,1,60,2
T2,1,1,20,1
T3,2,0,146,31
T4,3,1,190,30
T5,4,1,200,10
[106]
T1,0,1,115,10
T2,1,0,194,42
T3,2,0,48,7
T4,3,1,96,1
T5,4,0,200,2
[107]
T1,0,0,196,48
T2,1,0,60,1
T3,2,0,200,21
T4,3,1,29,3
T5,4,1,123,2
[108]
T1,0,1,98,5
T2,1,1,155,17
T3,2,1,200,35
T4,3,0,46,3
T5,4,0,140,10
[109]
T1,0,0,200,19
T2,1,0,70,8
T3,2,1,189,4
T4,3,0,46,1
T5,4,1,116,24
[110]
T1,0,1,200,19
T2,1,0,50,4
T3,2,1,168,37
T4,3,0,117,10
T5,4,0,77,2
[111]
T1,0,0,39,2
T2,1,1,200,5
T3,2,0,84,22
T4,3,1,196,14
T5,4,0,86,10
[112]
T1,0,1,141,28
T2,1,0,107,14
T3,2,0,156,15
T4,3,0,200,9
T5,4,1,26,2
[113]
T1,0,0,118,34
T2,1,1,174,2
T3,2,0,40,2
T4,3,1,200,33
T5,4,1,92,2
[114]
T1,0,1,200,17
T2,1,0,163,5
T3,2,1,118,30
T4,3,0,45,1
T5,4,1,120,11
[115]
T1,0,1,95,8
T2,1,0,103,17
T3,2,1,161,11
T4,3,1,28,2
T5,4,0,200,33
[116]
T1,0,1,68,10
T2,1,1,82,11
T3,2,1,37,4
T4,3,1,200,10
T5,4,0,148,6
[117]
T1,0,1,72,6
T2,1,0,71,1
T3,2,0,200,45
T4,3,0,21,1
T5,4,0,177,13
[118]
T1,0,1,29,1
T2,1,0,74,2
T3,2,1,185,49
T4,3,0,106,8
T5,4,1,200,20
[119]
T1,0,1,42,1
T2,1,1,200,79
T3,2,0,89,2
T4,3,0,150,1
T5,4,1,109,4
[120]
T1,0,1,148,18
T2,1,1,25,2
T3,2,0,71,2
T4,3,1,66,17
T5,4,1,200,4
[121]
T1,0,0,75,5
T2,1,0,26,2
T3,2,0,200,12
T4,3,0,138,31
T5,4,0,177,20
[122]
T1,0,1,200,12
T2,1,0,45,1
T3,2,1,175,19
T4,3,1,138,3
T5,4,0,74,19
[123]
T1,0,1,190,8
T2,1,1,20,2
T3,2,1,63,7
T4,3,0,100,25
T5,4,0,200,13
[124]
T1,0,0,194,2
T2,1,1,72,13
T3,2,0,100,18
T4,3,0,50,4
T5,4,1,200,5
[125]
T1,0,1,200,7
T2,1,0,184,2
T3,2,0,98,6
T4,3,0,35,1
T5,4,0,101,35
[126]
T1,0,0,200,10
T2,1,0,42,2
T3,2,0,124,41
T4,3,1,182,4
T5,4,1,128,9
[127]
T1,0,1,92,6
T2,1,0,36,2
T3,2,0,175,22
T4,3,0,58,4
T5,4,0,200,44
[128]
T1,0,1,141,5
T2,1,1,65,21
T3,2,1,32,2
T4,3,1,195,1
T5,4,1,200,21
[129]
T1,0,1,86,17
T2,1,0,117,3
T3,2,0,200,19
T4,3,0,52,1
T5,4,1,175,23
[130]
T1,0,0,200,48
T2,1,0,76,2
T3,2,0,170,14
T4,3,1,93,8
T5,4,0,34,1
[131]
T1,0,0,175,23
T2,1,1,116,7
T3,2,1,102,15
T4,3,0,200,2
T5,4,1,26,3
[132]
T1,0,0,200,2
T2,1,1,175,34
T3,2,0,46,9
T4,3,1,75,2
T5,4,1,55,3
[133]
T1,0,1,168,23
T2,1,0,31,2
T3,2,0,70,8
T4,3,0,96,12
T5,4,1,200,1
[134]
T1,0,0,168,2
T2,1,1,102,1
T3,2,1,200,12
T4,3,0,58,23
T5,4,1,49,2
[135]
T1,0,1,73,3
T2,1,1,25,1
T3,2,0,198,43
T4,3,0,144,2
T5,4,1,200,31
[136]
T1,0,1,177,2
T2,1,1,200,15
T3,2,0,35,5
T4,3,1,105,17
T5,4,0,96,7
[137]
T1,0,0,200,43
T2,1,1,96,8
T3,2,1,167,2
T4,3,1,96,4
T5,4,1,24,3
[138]
T1,0,1,70,10
T2,1,1,200,12
T3,2,1,196,8
T4,3,1,135,4
T5,4,0,51,10
[139]
T1,0,1,118,14
T2,1,1,175,30
T3,2,0,85,13
T4,3,1,33,2
T5,4,0,200,2
[140]
T1,0,0,108,2
T2,1,0,200,38
T3,2,0,20,2
T4,3,1,162,2
T5,4,0,135,34
[141]
T1,0,1,78,12
T2,1,1,79,12
T3,2,0,45,1
T4,3,0,160,1
T5,4,0,200,25
[142]
T1,0,1,140,7
T2,1,1,24,6
T3,2,0,192,7
T4,3,0,135,4
T5,4,0,200,23
[143]
T1,0,0,101,10
T2,1,0,22,2
T3,2,0,200,18
T4,3,1,72,12
T5,4,0,187,25
[144]
T1,0,0,94,10
T2,1,1,32,3
T3,2,1,160,21
T4,3,1,62,5
T5,4,0,200,6
[145]
T1,0,1,32,6
T2,1,1,143,13
T3,2,1,63,6
T4,3,0,200,15
T5,4,1,192,3
[146]
T1,0,0,130,34
T2,1,1,200,1
T3,2,0,154,20
T4,3,0,23,2
T5,4,0,70,6
[147]
T1,0,0,134,10
T2,1,1,164,30
T3,2,0,200,14
T4,3,0,91,7
T5,4,1,20,1
[148]
T1,0,1,148,33
T2,1,1,63,1
T3,2,0,200,18
T4,3,1,48,6
T5,4,1,146,2
[149]
T1,0,0,32,5
T2,1,0,128,1
T3,2,1,110,24
T4,3,0,178,4
T5,4,0,200,16
[150]
T1,0,0,183,41
T2,1,0,25,3
T3,2,0,200,9
T4,3,1,97,6
T5,4,0,55,1
[151]
T1,0,1,20,3
T2,1,0,167,2
T3,2,1,200,10
T4,3,0,72,2
T5,4,1,67,14
[152]
T1,0,1,200,7
T2,1,0,79,3
T3,2,1,60,12
T4,3,1,51,1
T5,4,0,155,26
[153]
T1,0,0,28,1
T2,1,0,200,12
T3,2,1,76,6
T4,3,1,168,47
T5,4,1,65,1
[154]
T1,0,0,21,1
T2,1,0,189,6
T3,2,0,144,9
T4,3,1,105,18
T5,4,0,200,29
[155]
T1,0,1,125,10
T2,1,1,68,6
T3,2,0,25,2
T4,3,1,188,25
T5,4,0,200,30
[156]
T1,0,1,200,6
T2,1,1,128,2
T3,2,1,25,2
T4,3,0,191,2
T5,4,1,109,35
[157]
T1,0,1,40,4
T2,1,1,196,14
T3,2,0,101,7
T4,3,1,200,43
T5,4,0,124,1
[158]
T1,0,0,170,5
T2,1,1,125,25
T3,2,1,51,3
T4,3,0,131,8
T5,4,1,200,25
[159]
T1,0,1,48,9
T2,1,1,75,1
T3,2,1,192,18
T4,3,1,200,20
T5,4,0,108,9
[160]
T1,0,0,96,2
T2,1,1,200,18
T3,2,0,32,1
T4,3,1,128,5
T5,4,0,199,63
[161]
T1,0,1,44,3
T2,1,1,120,7
T3,2,1,200,27
T4,3,1,105,22
T5,4,0,195,2
[162]
T1,0,1,120,1
T2,1,0,200,37
T3,2,1,114,7
T4,3,0,48,3
T5,4,0,165,25
[163]
T1,0,1,200,31
T2,1,1,90,4
T3,2,0,50,3
T4,3,1,162,33
T5,4,0,132,2
[164]
T1,0,1,200,49
T2,1,1,88,2
T3,2,0,195,16
T4,3,1,64,1
T5,4,1,50,5
[165]
T1,0,0,200,7
T2,1,1,30,10
T3,2,1,68,2
T4,3,0,100,12
T5,4,0,154,2
[166]
T1,0,0,165,19
T2,1,1,200,33
T3,2,1,81,4
T4,3,0,57,2
T5,4,1,30,4
[167]
T1,0,1,180,19
T2,1,1,200,4
T3,2,0,58,9
T4,3,0,64,2
T5,4,1,40,6
[168]
T1,0,1,25,7
T2,1,0,84,5
T3,2,1,186,3
T4,3,0,92,6
T5,4,0,200,10
[169]
T1,0,0,104,20
T2,1,1,23,2
T3,2,0,168,26
T4,3,1,200,3
T5,4,0,126,2
[170]
T1,0,0,133,16
T2,1,1,200,8
T3,2,1,164,30
T4,3,0,136,13
T5,4,0,35,1
[171]
T1,0,1,129,27
T2,1,1,174,23
T3,2,0,200,18
T4,3,0,29,2
T5,4,1,96,4
[172]
T1,0,1,95,6
T2,1,1,86,16
T3,2,1,172,6
T4,3,0,27,1
T5,4,0,200,32
[173]
T1,0,1,184,35
T2,1,0,145,11
T3,2,1,200,29
T4,3,0,122,5
T5,4,0,24,2
[174]
T1,0,0,200,2
T2,1,0,20,2
T3,2,1,58,5
T4,3,1,171,11
T5,4,0,90,17
[175]
T1,0,0,56,6
T2,1,0,200,30
T3,2,1,155,21
T4,3,1,23,1
T5,4,1,106,4
[176]
T1,0,0,192,11
T2,1,0,128,4
T3,2,0,88,4
T4,3,1,53,2
T5,4,0,200,71
[177]
T1,0,0,160,27
T2,1,1,200,9
T3,2,0,35,2
T4,3,1,63,9
T5,4,1,72,3
[178]
T1,0,1,120,12
T2,1,1,191,22
T3,2,0,48,8
T4,3,0,89,5
T5,4,1,200,9
[179]
T1,0,0,131,2
T2,1,0,48,4
T3,2,0,200,37
T4,3,1,85,3
T5,4,1,196,31
[180]
T1,0,1,85,18
T2,1,1,153,16
T3,2,1,99,4
T4,3,0,200,23
T5,4,1,34,2
[181]
T1,0,1,200,32
T2,1,1,32,2
T3,2,0,64,3
T4,3,0,87,1
T5,4,1,174,32
[182]
T1,0,0,200,8
T2,1,0,30,2
T3,2,1,116,17
T4,3,1,110,20
T5,4,1,186,19
[183]
T1,0,0,45,4
T2,1,1,60,14
T3,2,1,200,7
T4,3,0,153,2
T5,4,0,58,7
[184]
T1,0,1,162,25
T2,1,0,45,1
T3,2,0,140,4
T4,3,1,200,4
T5,4,0,108,28
[185]
T1,0,1,115,2
T2,1,1,200,3
T3,2,0,142,48
T4,3,0,191,24
T5,4,1,46,2
[186]
T1,0,0,200,51
T2,1,1,160,1
T3,2,1,108,5
T4,3,1,121,14
T5,4,0,50,2
[187]
T1,0,0,92,2
T2,1,1,200,42
T3,2,0,45,1
T4,3,0,180,30
T5,4,0,91,7
[188]
T1,0,1,21,3
T2,1,0,110,18
T3,2,0,72,2
T4,3,1,200,3
T5,4,1,164,25
[189]
T1,0,0,61,2
T2,1,0,175,4
T3,2,1,55,13
T4,3,1,200,15
T5,4,0,22,3
[190]
T1,0,0,46,3
T2,1,0,82,14
T3,2,1,154,2
T4,3,1,200,38
T5,4,0,92,4
[191]
T1,0,1,45,1
T2,1,1,66,3
T3,2,1,160,46
T4,3,0,200,9
T5,4,0,124,8
[192]
T1,0,1,84,8
T2,1,0,61,1
T3,2,1,30,2
T4,3,1,157,28
T5,4,0,200,19
[193]
T1,0,1,111,7
T2,1,1,24,1
T3,2,0,192,31
T4,3,0,125,14
T5,4,0,200,21
[194]
T1,0,1,100,24
T2,1,1,200,1
T3,2,0,171,13
T4,3,1,126,15
T5,4,0,46,1
[195]
T1,0,1,55,2
T2,1,1,200,49
T3,2,1,189,14
T4,3,0,125,20
T5,4,0,25,2
[196]
T1,0,0,104,8
T2,1,0,200,11
T3,2,0,57,2
T4,3,1,21,1
T5,4,1,154,41
[197]
T1,0,1,108,19
T2,1,1,44,3
T3,2,1,180,7
T4,3,0,104,16
T5,4,1,200,5
[198]
T1,0,0,62,8
T2,1,1,125,12
T3,2,0,54,5
T4,3,1,160,16
T5,4,1,200,14
[199]
T1,0,1,200,56
T2,1,0,46,1
T3,2,0,132,7
T4,3,1,150,15
T5,4,0,144,2
[200]
T1,0,0,25,4
T2,1,0,96,14
T3,2,0,200,18
T4,3,0,154,3
T5,4,0,101,4
[201]
T1,0,1,200,27
T2,1,0,52,2
T3,2,0,65,1
T4,3,1,64,13
T5,4,0,149,11
[202]
T1,0,0,200,17
T2,1,1,153,21
T3,2,0,123,3
T4,3,1,75,11
T5,4,0,40,3
[203]
T1,0,0,180,9
T2,1,0,200,32
T3,2,0,28,1
T4,3,1,98,3
T5,4,0,113,21
[204]
T1,0,0,106,5
T2,1,0,40,6
T3,2,1,186,9
T4,3,1,56,2
T5,4,0,200,40
[205]
T1,0,1,94,2
T2,1,0,200,11
T3,2,0,61,4
T4,3,1,22,2
T5,4,1,176,52
[206]
T1,0,1,200,23
T2,1,0,117,2
T3,2,0,153,40
T4,3,0,58,5
T5,4,1,34,2
[207]
T1,0,0,116,4
T2,1,1,32,4
T3,2,1,196,33
T4,3,1,200,24
T5,4,1,130,2
[208]
T1,0,1,21,1
T2,1,0,58,8
T3,2,0,200,9
T4,3,0,195,20
T5,4,1,100,13
[209]
T1,0,1,69,1
T2,1,1,74,2
T3,2,0,49,5
T4,3,0,200,34
T5,4,1,148,27
[210]
T1,0,1,147,38
T2,1,1,200,13
T3,2,1,108,10
T4,3,0,28,1
T5,4,0,152,1
[211]
T1,0,0,159,13
T2,1,1,73,2
T3,2,1,200,31
T4,3,1,53,2
T5,4,0,135,29
[212]
T1,0,1,25,5
T2,1,0,196,6
T3,2,0,74,3
T4,3,1,200,5
T5,4,1,110,20
[213]
T1,0,0,81,3
T2,1,1,36,2
T3,2,0,200,2
T4,3,0,96,2
T5,4,0,156,64
[214]
T1,0,0,108,6
T2,1,1,169,51
T3,2,1,200,10
T4,3,1,30,2
T5,4,0,114,2
[215]
T1,0,0,200,19
T2,1,0,178,5
T3,2,0,41,5
T4,3,1,100,3
T5,4,0,138,30
[216]
T1,0,0,184,20
T2,1,1,144,33
T3,2,1,30,2
T4,3,1,108,1
T5,4,1,200,9
[217]
T1,0,1,200,19
T2,1,1,30,2
T3,2,1,69,9
T4,3,0,68,5
T5,4,0,188,33
[218]
T1,0,0,21,5
T2,1,1,56,4
T3,2,1,175,5
T4,3,0,104,1
T5,4,0,200,25
[219]
T1,0,1,58,17
T2,1,0,186,1
T3,2,1,40,2
T4,3,0,68,3
T5,4,1,200,14
[220]
T1,0,1,186,2
T2,1,0,46,3
T3,2,0,111,34
T4,3,0,200,16
T5,4,1,62,2
[221]
T1,0,1,81,21
T2,1,1,186,23
T3,2,1,73,5
T4,3,1,40,2
T5,4,0,200,4
[222]
T1,0,1,114,17
T2,1,0,200,28
T3,2,0,95,9
T4,3,0,36,3
T5,4,0,192,1
[223]
T1,0,0,67,4
T2,1,0,48,2
T3,2,1,112,13
T4,3,0,200,46
T5,4,1,192,9
[224]
T1,0,0,183,23
T2,1,0,200,13
T3,2,1,35,9
T4,3,1,90,3
T5,4,1,56,2
[225]
T1,0,1,156,6
T2,1,0,122,6
T3,2,0,96,20
T4,3,1,48,2
T5,4,1,200,38
[226]
T1,0,1,53,1
T2,1,0,75,16
T3,2,0,131,4
T4,3,1,200,25
T5,4,1,170,15
[227]
T1,0,1,199,20
T2,1,0,128,20
T3,2,0,97,16
T4,3,1,200,10
T5,4,1,50,2
[228]
T1,0,0,81,13
T2,1,0,32,4
T3,2,1,63,10
T4,3,1,200,2
T5,4,0,180,2
[229]
T1,0,1,102,6
T2,1,0,30,2
T3,2,0,200,32
T4,3,1,187,1
T5,4,0,102,23
[230]
T1,0,1,98,5
T2,1,1,50,12
T3,2,0,200,12
T4,3,0,156,17
T5,4,1,126,1
[231]
T1,0,1,34,2
T2,1,0,129,2
T3,2,0,200,41
T4,3,0,56,15
T5,4,1,155,2
[232]
T1,0,0,54,9
T2,1,0,120,27
T3,2,1,111,1
T4,3,1,200,7
T5,4,1,154,6
[233]
T1,0,1,141,14
T2,1,0,150,22
T3,2,0,106,11
T4,3,0,200,22
T5,4,0,34,2
[234]
T1,0,1,161,53
T2,1,0,111,10
T3,2,0,200,8
T4,3,0,138,2
T5,4,1,45,1
[235]
T1,0,0,200,52
T2,1,1,55,2
T3,2,0,51,3
T4,3,0,130,1
T5,4,0,168,24
[236]
T1,0,1,130,1
T2,1,1,200,1
T3,2,1,185,40
T4,3,1,94,2
T5,4,0,20,5
[237]
T1,0,1,120,2
T2,1,0,200,18
T3,2,0,156,7
T4,3,1,51,17
T5,4,1,122,1
[238]
T1,0,0,118,15
T2,1,1,175,15
T3,2,0,20,2
T4,3,0,80,4
T5,4,1,200,39
[239]
T1,0,0,96,6
T2,1,0,160,13
T3,2,0,200,2
T4,3,1,27,2
T5,4,0,118,38
[240]
T1,0,1,156,8
T2,1,0,200,2
T3,2,1,40,4
T4,3,0,135,16
T5,4,1,98,20
[241]
T1,0,1,168,7
T2,1,0,200,64
T3,2,1,72,4
T4,3,1,23,1
T5,4,1,71,2
[242]
T1,0,0,200,26
T2,1,0,25,1
T3,2,0,154,5
T4,3,1,140,33
T5,4,0,128,5
[243]
T1,0,0,192,19
T2,1,0,200,50
T3,2,0,93,9
T4,3,1,78,2
T5,4,1,50,2
[244]
T1,0,1,200,2
T2,1,0,154,17
T3,2,0,61,3
T4,3,1,56,6
T5,4,1,38,7
[245]
T1,0,1,145,2
T2,1,1,112,9
T3,2,0,200,25
T4,3,1,20,2
T5,4,0,159,36
[246]
T1,0,1,200,37
T2,1,1,117,7
T3,2,1,150,25
T4,3,0,32,2
T5,4,1,76,4
[247]
T1,0,1,200,9
T2,1,1,76,12
T3,2,0,198,25
T4,3,1,26,4
T5,4,0,66,2
[248]
T1,0,0,200,4
T2,1,0,59,10
T3,2,0,64,5
T4,3,0,44,7
T5,4,1,148,6
[249]
T1,0,0,200,19
T2,1,0,198,45
T3,2,1,23,2
T4,3,1,68,4
T5,4,1,99,1
[250]
T1,0,0,49,7
T2,1,1,70,5
T3,2,1,189,30
T4,3,1,200,12
T5,4,1,83,4
[251]
T1,0,0,130,21
T2,1,0,162,1
T3,2,0,20,2
T4,3,1,200,40
T5,4,0,114,9
[252]
T1,0,0,176,5
T2,1,1,35,7
T3,2,1,132,15
T4,3,1,200,7
T5,4,0,61,6
[253]
T1,0,1,119,13
T2,1,0,200,47
T3,2,0,159,2
T4,3,1,80,11
T5,4,0,48,2
[254]
T1,0,0,200,43
T2,1,1,137,2
T3,2,1,82,2
T4,3,0,164,28
T5,4,1,31,2
[255]
T1,0,0,139,5
T2,1,1,52,2
T3,2,0,98,13
T4,3,1,200,5
T5,4,1,168,42
[256]
T1,0,0,190,13
T2,1,1,117,28
T3,2,1,70,2
T4,3,1,200,33
T5,4,1,30,2
[257]
T1,0,0,36,1
T2,1,0,63,22
T3,2,0,195,2
T4,3,1,200,11
T5,4,1,104,4
[258]
T1,0,1,118,28
T2,1,1,200,8
T3,2,0,25,2
T4,3,0,108,2
T5,4,1,190,35
[259]
T1,0,0,49,2
T2,1,0,200,11
T3,2,0,120,2
T4,3,0,164,56
T5,4,0,112,2
[260]
T1,0,0,24,2
T2,1,1,200,60
T3,2,0,143,2
T4,3,1,161,6
T5,4,1,120,4
[261]
T1,0,1,90,3
T2,1,0,200,34
T3,2,1,140,24
T4,3,1,196,22
T5,4,1,50,2
[262]
T1,0,1,32,9
T2,1,1,144,2
T3,2,0,192,11
T4,3,1,200,1
T5,4,0,145,18
[263]
T1,0,0,161,16
T2,1,0,140,14
T3,2,0,36,5
T4,3,1,200,20
T5,4,1,105,4
[264]
T1,0,0,133,12
T2,1,0,200,20
T3,2,1,36,6
T4,3,0,181,3
T5,4,0,100,9
[265]
T1,0,0,200,10
T2,1,0,34,3
T3,2,1,155,22
T4,3,0,64,12
T5,4,0,67,2
[266]
T1,0,0,140,2
T2,1,0,200,6
T3,2,0,52,17
T4,3,1,87,7
T5,4,1,154,4
[267]
T1,0,1,147,6
T2,1,0,200,3
T3,2,1,180,74
T4,3,0,67,2
T5,4,0,20,2
[268]
T1,0,1,101,12
T2,1,1,165,26
T3,2,0,26,1
T4,3,1,200,8
T5,4,0,80,10
[269]
T1,0,0,200,23
T2,1,0,88,8
T3,2,0,36,5
T4,3,0,176,11
T5,4,1,135,7
[270]
T1,0,0,200,65
T2,1,0,79,6
T3,2,1,195,1
T4,3,1,26,2
T5,4,0,76,5
[271]
T1,0,0,160,41
T2,1,0,50,2
T3,2,1,130,11
T4,3,0,89,2
T5,4,1,200,21
[272]
T1,0,0,192,4
T2,1,0,84,5
T3,2,0,200,34
T4,3,1,102,21
T5,4,0,21,2
[273]
T1,0,1,105,5
T2,1,1,165,20
T3,2,1,200,28
T4,3,1,80,2
T5,4,1,39,6
[274]
T1,0,0,38,5
T2,1,1,96,24
T3,2,0,200,3
T4,3,1,152,2
T5,4,1,118,8
[275]
T1,0,0,148,14
T2,1,1,55,5
T3,2,1,200,14
T4,3,0,131,12
T5,4,1,25,3
[276]
T1,0,1,130,17
T2,1,1,200,46
T3,2,0,182,16
T4,3,0,128,1
T5,4,0,50,1
[277]
T1,0,1,122,2
T2,1,0,123,8
T3,2,1,200,64
T4,3,0,168,2
T5,4,1,32,2
[278]
T1,0,1,127,30
T2,1,1,40,4
T3,2,1,200,18
T4,3,1,89,2
T5,4,0,192,5
[279]
T1,0,1,38,1
T2,1,1,200,5
T3,2,1,56,22
T4,3,0,96,1
T5,4,0,165,3
[280]
T1,0,0,200,72
T2,1,1,159,2
T3,2,1,27,1
T4,3,0,90,5
T5,4,1,79,2
[281]
T1,0,1,195,9
T2,1,0,200,45
T3,2,1,56,7
T4,3,0,48,2
T5,4,1,96,2
[282]
T1,0,0,113,28
T2,1,1,32,2
T3,2,0,200,7
T4,3,1,114,2
T5,4,1,150,30
[283]
T1,0,1,110,6
T2,1,0,171,29
T3,2,0,92,2
T4,3,0,23,2
T5,4,1,200,44
[284]
T1,0,1,39,2
T2,1,0,180,30
T3,2,0,132,18
T4,3,1,136,8
T5,4,1,200,14
[285]
T1,0,0,77,19
T2,1,0,168,1
T3,2,0,67,2
T4,3,1,200,39
T5,4,1,38,1
[286]
T1,0,0,36,2
T2,1,1,66,7
T3,2,0,200,42
T4,3,0,174,9
T5,4,0,55,3
[287]
T1,0,0,200,20
T2,1,0,92,5
T3,2,0,180,38
T4,3,0,20,1
T5,4,1,131,5
[288]
T1,0,0,200,26
T2,1,0,58,7
T3,2,0,78,5
T4,3,0,20,1
T5,4,0,155,11
[289]
T1,0,1,63,11
T2,1,1,200,4
T3,2,0,35,2
T4,3,0,176,28
T5,4,1,94,5
[290]
T1,0,0,60,5
T2,1,0,31,3
T3,2,1,164,28
T4,3,0,200,8
T5,4,1,128,8
[291]
T1,0,0,73,1
T2,1,0,125,32
T3,2,1,188,1
T4,3,1,35,1
T5,4,1,200,29
[292]
T1,0,1,70,6
T2,1,1,187,7
T3,2,0,200,66
T4,3,1,44,2
T5,4,1,70,1
[293]
T1,0,1,40,2
T2,1,0,156,1
T3,2,0,200,30
T4,3,0,55,12
T5,4,1,111,3
[294]
T1,0,0,128,20
T2,1,0,44,4
T3,2,0,200,11
T4,3,0,150,17
T5,4,1,73,4
[295]
T1,0,0,107,17
T2,1,0,200,1
T3,2,0,25,3
T4,3,0,105,5
T5,4,0,177,24
[296]
T1,0,0,58,1
T2,1,1,200,42
T3,2,1,32,3
T4,3,1,117,17
T5,4,0,190,2
[297]
T1,0,0,200,66
T2,1,1,114,3
T3,2,1,150,5
T4,3,1,49,2
T5,4,1,85,6
[298]
T1,0,1,200,5
T2,1,1,188,11
T3,2,0,93,11
T4,3,1,79,7
T5,4,0,30,5
[299]
T1,0,1,118,2
T2,1,0,200,32
T3,2,1,108,27
T4,3,0,184,3
T5,4,1,25,2
[300]
T1,0,1,200,31
T2,1,0,106,2
T3,2,1,85,1
T4,3,0,24,6
T5,4,0,160,9
[301]
T1,0,0,200,28
T2,1,0,49,1
T3,2,0,175,22
T4,3,1,75,4
T5,4,1,56,7
[302]
T1,0,0,47,4
T2,1,0,70,18
T3,2,1,200,13
T4,3,0,140,9
T5,4,0,182,2
[303]
T1,0,1,200,15
T2,1,0,147,13
T3,2,0,85,12
T4,3,1,146,16
T5,4,1,20,1
[304]
T1,0,1,43,2
T2,1,0,198,14
T3,2,0,200,65
T4,3,1,56,2
T5,4,1,129,4
[305]
T1,0,0,48,9
T2,1,0,200,6
T3,2,1,97,7
T4,3,0,131,8
T5,4,0,192,25
[306]
T1,0,0,131,13
T2,1,1,200,31
T3,2,0,84,1
T4,3,0,28,4
T5,4,1,170,10
[307]
T1,0,1,54,1
T2,1,1,95,27
T3,2,1,192,3
T4,3,1,200,22
T5,4,1,27,1
[308]
T1,0,1,114,13
T2,1,0,100,6
T3,2,1,152,16
T4,3,0,33,1
T5,4,1,200,32
[309]
T1,0,1,189,20
T2,1,0,200,29
T3,2,1,56,6
T4,3,0,48,2
T5,4,1,122,8
[310]
T1,0,1,55,4
T2,1,0,20,2
T3,2,0,149,5
T4,3,0,66,17
T5,4,0,200,21
[311]
T1,0,0,41,2
T2,1,1,107,9
T3,2,0,80,15
T4,3,0,200,28
T5,4,1,184,12
[312]
T1,0,0,76,26
T2,1,1,87,7
T3,2,1,20,2
T4,3,1,155,6
T5,4,1,200,2
[313]
T1,0,1,200,12
T2,1,0,79,4
T3,2,1,195,20
T4,3,1,26,2
T5,4,1,121,22
[314]
T1,0,1,108,17
T2,1,0,71,1
T3,2,0,24,2
T4,3,0,165,26
T5,4,0,200,27
[315]
T1,0,0,84,23
T2,1,1,200,9
T3,2,1,50,2
T4,3,1,96,9
T5,4,1,174,11
[316]
T1,0,1,150,3
T2,1,1,200,5
T3,2,1,32,2
T4,3,0,99,30
T5,4,0,124,8
[317]
T1,0,1,90,2
T2,1,1,200,7
T3,2,0,144,5
T4,3,1,40,11
T5,4,0,157,16
[318]
T1,0,1,170,16
T2,1,0,91,9
T3,2,0,30,5
T4,3,0,200,7
T5,4,1,77,6
[319]
T1,0,0,200,7
T2,1,1,136,30
T3,2,0,69,14
T4,3,0,189,3
T5,4,1,45,2
[320]
T1,0,0,200,28
T2,1,0,68,2
T3,2,1,93,14
T4,3,0,52,7
T5,4,0,153,6
[321]
T1,0,1,66,13
T2,1,0,44,3
T3,2,1,112,6
T4,3,1,176,18
T5,4,0,200,8
[322]
T1,0,1,186,3
T2,1,0,117,39
T3,2,1,99,1
T4,3,0,36,4
T5,4,0,200,2
[323]
T1,0,1,135,2
T2,1,0,74,10
T3,2,1,26,2
T4,3,0,200,24
T5,4,1,160,29
[324]
T1,0,0,51,4
T2,1,0,141,21
T3,2,0,200,39
T4,3,1,65,2
T5,4,0,156,8
[325]
T1,0,1,176,32
T2,1,1,200,7
T3,2,1,125,6
T4,3,1,66,5
T5,4,0,37,5
[326]
T1,0,0,80,28
T2,1,1,74,1
T3,2,1,42,3
T4,3,1,172,4
T5,4,1,200,1
[327]
T1,0,0,90,2
T2,1,1,200,9
T3,2,0,76,3
T4,3,1,38,7
T5,4,1,189,35
[328]
T1,0,0,200,37
T2,1,0,66,2
T3,2,1,40,5
T4,3,0,55,3
T5,4,0,171,18
[329]
T1,0,0,120,3
T2,1,0,200,44
T3,2,1,90,19
T4,3,0,195,5
T5,4,1,26,2
[330]
T1,0,1,30,3
T2,1,1,200,1
T3,2,0,198,3
T4,3,1,84,13
T5,4,1,124,25
[331]
T1,0,1,134,28
T2,1,1,162,2
T3,2,0,200,27
T4,3,1,30,2
T5,4,0,87,9
[332]
T1,0,0,85,19
T2,1,0,44,2
T3,2,1,73,12
T4,3,1,150,2
T5,4,1,200,3
[333]
T1,0,0,200,1
T2,1,1,108,18
T3,2,1,192,41
T4,3,0,123,5
T5,4,1,30,1
[334]
T1,0,0,25,2
T2,1,1,135,44
T3,2,1,200,4
T4,3,0,147,13
T5,4,0,162,5
[335]
T1,0,1,196,33
T2,1,1,116,3
T3,2,1,55,12
T4,3,1,200,8
T5,4,0,30,1
[336]
T1,0,0,88,8
T2,1,1,27,1
T3,2,1,56,5
T4,3,1,160,23
T5,4,1,200,23
[337]
T1,0,1,28,2
T2,1,1,176,24
T3,2,1,200,22
T4,3,0,74,6
T5,4,1,72,9
[338]
T1,0,1,196,24
T2,1,1,25,2
T3,2,1,79,13
T4,3,1,87,1
T5,4,0,200,21
[339]
T1,0,1,92,4
T2,1,1,162,13
T3,2,0,81,4
T4,3,0,200,59
T5,4,0,28,2
[340]
T1,0,0,180,21
T2,1,0,44,4
T3,2,0,200,32
T4,3,0,78,2
T5,4,0,74,5
[341]
T1,0,1,104,4
T2,1,1,188,41
T3,2,1,47,4
T4,3,0,100,8
T5,4,1,200,9
[342]
T1,0,0,200,2
T2,1,1,81,14
T3,2,0,110,6
T4,3,1,182,1
T5,4,0,42,10
[343]
T1,0,1,78,4
T2,1,0,25,2
T3,2,0,200,27
T4,3,0,102,20
T5,4,0,153,14
[344]
T1,0,1,126,25
T2,1,1,150,2
T3,2,1,200,17
T4,3,1,26,2
T5,4,0,145,27
[345]
T1,0,0,73,2
T2,1,1,120,23
T3,2,1,193,38
T4,3,0,200,1
T5,4,1,35,2
[346]
T1,0,1,200,9
T2,1,1,145,8
T3,2,1,148,3
T4,3,1,99,23
T5,4,1,40,5
[347]
T1,0,0,168,2
T2,1,0,122,24
T3,2,0,200,21
T4,3,0,138,3
T5,4,1,30,4
[348]
T1,0,0,30,2
T2,1,1,151,6
T3,2,1,200,29
T4,3,0,64,11
T5,4,0,76,3
[349]
T1,0,0,149,1
T2,1,1,200,6
T3,2,0,106,9
T4,3,1,20,6
T5,4,1,66,1
[350]
T1,0,0,176,20
T2,1,1,125,5
T3,2,1,34,2
T4,3,0,200,28
T5,4,1,60,10
[351]
T1,0,0,200,12
T2,1,0,36,6
T3,2,1,166,15
T4,3,1,74,2
T5,4,1,60,9
[352]
T1,0,1,118,3
T2,1,0,20,1
T3,2,0,76,24
T4,3,0,200,5
T5,4,0,160,4
[353]
T1,0,0,44,4
T2,1,1,96,20
T3,2,0,180,7
T4,3,1,200,1
T5,4,0,70,9
[354]
T1,0,1,175,1
T2,1,0,26,2
T3,2,0,112,2
T4,3,1,200,53
T5,4,0,98,12
[355]
T1,0,0,200,36
T2,1,1,39,5
T3,2,0,180,6
T4,3,1,128,13
T5,4,0,84,3
[356]
T1,0,0,82,4
T2,1,1,200,24
T3,2,1,96,25
T4,3,0,25,2
T5,4,1,174,7
[357]
T1,0,1,90,5
T2,1,0,170,11
T3,2,0,115,35
T4,3,0,22,2
T5,4,1,200,11
[358]
T1,0,1,25,2
T2,1,1,119,26
T3,2,1,144,32
T4,3,0,175,2
T5,4,1,200,4
[359]
T1,0,1,194,2
T2,1,1,134,14
T3,2,1,200,3
T4,3,0,40,13
T5,4,0,74,3
[360]
T1,0,0,58,14
T2,1,0,24,1
T3,2,1,165,3
T4,3,1,107,8
T5,4,0,200,16
[361]
T1,0,1,28,2
T2,1,0,183,20
T3,2,0,120,4
T4,3,0,101,9
T5,4,1,200,36
[362]
T1,0,0,52,2
T2,1,1,80,7
T3,2,0,187,32
T4,3,1,200,44
T5,4,0,76,2
[363]
T1,0,0,200,69
T2,1,0,125,1
T3,2,0,115,6
T4,3,0,184,13
T5,4,1,22,2
[364]
T1,0,1,72,2
T2,1,0,124,32
T3,2,1,195,2
T4,3,1,200,15
T5,4,0,38,4
[365]
T1,0,0,200,15
T2,1,0,89,2
T3,2,1,36,6
T4,3,1,88,8
T5,4,0,150,16
[366]
T1,0,1,138,2
T2,1,0,171,10
T3,2,0,81,9
T4,3,1,200,4
T5,4,1,38,11
[367]
T1,0,1,39,6
T2,1,0,200,17
T3,2,1,105,8
T4,3,1,160,18
T5,4,1,118,6
[368]
T1,0,0,200,1
T2,1,0,38,2
T3,2,1,150,34
T4,3,1,75,3
T5,4,1,121,23
[369]
T1,0,0,46,1
T2,1,1,200,70
T3,2,1,184,3
T4,3,1,102,3
T5,4,0,95,6
[370]
T1,0,0,200,8
T2,1,1,82,10
T3,2,1,135,28
T4,3,0,26,2
T5,4,0,160,14
[371]
T1,0,0,200,2
T2,1,0,110,34
T3,2,0,189,5
T4,3,1,36,2
T5,4,0,93,12
[372]
T1,0,0,200,8
T2,1,1,34,4
T3,2,0,73,3
T4,3,1,68,14
T5,4,1,178,9
[373]
T1,0,1,200,19
T2,1,1,57,5
T3,2,0,138,4
T4,3,0,180,19
T5,4,0,52,8
[374]
T1,0,1,136,41
T2,1,0,112,4
T3,2,1,200,6
T4,3,1,23,1
T5,4,1,150,6
[375]
T1,0,1,79,17
T2,1,0,49,4
T3,2,0,79,1
T4,3,1,175,12
T5,4,1,200,19
[376]
T1,0,0,187,51
T2,1,1,200,8
T3,2,0,102,12
T4,3,0,48,2
T5,4,0,123,2
[377]
T1,0,1,36,2
T2,1,0,145,34
T3,2,0,81,2
T4,3,1,150,2
T5,4,0,200,43
[378]
T1,0,0,54,2
T2,1,0,200,72
T3,2,1,71,2
T4,3,0,195,12
T5,4,0,33,1
[379]
T1,0,1,200,41
T2,1,1,95,3
T3,2,1,27,1
T4,3,1,119,2
T5,4,0,189,34
[380]
T1,0,0,115,2
T2,1,0,200,32
T3,2,1,81,13
T4,3,0,52,3
T5,4,0,156,10
[381]
T1,0,1,200,40
T2,1,1,29,2
T3,2,0,185,1
T4,3,1,116,17
T5,4,1,120,14
[382]
T1,0,1,129,2
T2,1,1,200,29
T3,2,0,158,6
T4,3,0,57,13
T5,4,1,50,2
[383]
T1,0,1,72,15
T2,1,0,192,2
T3,2,0,42,6
T4,3,1,200,21
T5,4,0,76,1
[384]
T1,0,1,34,2
T2,1,1,76,11
T3,2,1,90,20
T4,3,0,200,1
T5,4,1,160,13
[385]
T1,0,1,154,26
T2,1,1,75,5
T3,2,1,200,5
T4,3,0,96,14
T5,4,1,40,3
[386]
T1,0,0,200,57
T2,1,1,125,12
T3,2,0,37,1
T4,3,0,142,6
T5,4,1,168,4
[387]
T1,0,0,196,5
T2,1,1,132,7
T3,2,0,55,6
T4,3,0,20,3
T5,4,0,200,19
[388]
T1,0,0,141,11
T2,1,0,200,42
T3,2,1,43,2
T4,3,0,172,12
T5,4,0,55,6
[389]
T1,0,1,200,5
T2,1,0,114,4
T3,2,0,96,14
T4,3,0,39,2
T5,4,0,180,39
[390]
T1,0,0,35,1
T2,1,1,63,11
T3,2,1,134,13
T4,3,0,175,16
T5,4,1,200,14
[391]
T1,0,1,27,2
T2,1,1,170,43
T3,2,1,200,18
T4,3,0,121,5
T5,4,1,119,9
[392]
T1,0,1,89,3
T2,1,1,160,5
T3,2,1,200,27
T4,3,1,74,18
T5,4,0,26,1
[393]
T1,0,1,49,4
T2,1,1,84,1
T3,2,0,144,40
T4,3,1,160,2
T5,4,0,200,23
[394]
T1,0,1,83,13
T2,1,1,44,1
T3,2,0,119,28
T4,3,0,200,1
T5,4,0,150,9
[395]
T1,0,0,170,37
T2,1,1,200,4
T3,2,1,101,1
T4,3,0,90,11
T5,4,1,35,3
[396]
T1,0,0,199,42
T2,1,0,24,2
T3,2,0,73,1
T4,3,1,200,45
T5,4,1,96,2
[397]
T1,0,0,126,2
T2,1,1,96,32
T3,2,0,200,11
T4,3,0,156,13
T5,4,0,52,1
[398]
T1,0,0,22,2
T2,1,0,150,21
T3,2,1,200,10
T4,3,0,128,6
T5,4,0,73,10
[399]
T1,0,0,162,2
T2,1,0,100,3
T3,2,1,200,75
T4,3,0,58,3
T5,4,0,34,2
[400]
T1,0,1,140,13
T2,1,1,200,13
T3,2,0,24,5
T4,3,0,196,11
T5,4,0,85,2
[401]
T1,0,0,115,2
T2,1,1,134,18
T3,2,1,200,40
T4,3,0,161,12
T5,4,0,50,2
[402]
T1,0,0,45,2
T2,1,1,91,2
T3,2,1,165,29
T4,3,0,200,42
T5,4,0,70,5
[403]
T1,0,0,200,24
T2,1,1,38,2
T3,2,0,133,12
T4,3,0,124,27
T5,4,0,192,2
[404]
T1,0,1,179,16
T2,1,1,55,2
T3,2,0,40,2
T4,3,0,63,15
T5,4,0,200,10
[405]
T1,0,1,150,2
T2,1,1,91,2
T3,2,1,200,9
T4,3,0,31,9
T5,4,1,84,10
[406]
T1,0,0,24,4
T2,1,1,150,2
T3,2,0,99,1
T4,3,0,59,5
T5,4,0,200,38
[407]
T1,0,0,98,2
T2,1,1,69,10
T3,2,0,20,2
T4,3,0,176,32
T5,4,0,200,11
[408]
T1,0,1,200,5
T2,1,0,52,3
T3,2,0,84,5
T4,3,1,87,8
T5,4,0,169,40
[409]
T1,0,1,110,1
T2,1,0,200,41
T3,2,1,59,11
T4,3,0,29,1
T5,4,1,160,5
[410]
T1,0,0,140,10
T2,1,1,30,2
T3,2,1,115,2
T4,3,0,183,47
T5,4,1,200,30
[411]
T1,0,1,52,5
T2,1,1,64,3
T3,2,0,106,15
T4,3,0,150,24
T5,4,1,200,7
[412]
T1,0,0,86,5
T2,1,1,200,9
T3,2,0,186,3
T4,3,1,30,3
T5,4,1,68,16
[413]
T1,0,1,160,2
T2,1,0,42,12
T3,2,0,112,1
T4,3,1,58,2
T5,4,0,200,29
[414]
T1,0,0,96,17
T2,1,0,34,7
T3,2,1,200,13
T4,3,1,187,2
T5,4,1,142,2
[415]
T1,0,0,187,9
T2,1,1,200,24
T3,2,0,44,7
T4,3,1,58,2
T5,4,0,102,10
[416]
T1,0,0,118,16
T2,1,0,200,36
T3,2,0,176,14
T4,3,1,56,2
T5,4,1,24,1
[417]
T1,0,1,198,26
T2,1,1,200,3
T3,2,1,70,4
T4,3,1,44,10
T5,4,0,145,5
[418]
T1,0,0,78,1
T2,1,1,20,3
T3,2,1,200,2
T4,3,1,126,15
T5,4,1,171,30
[419]
T1,0,0,200,21
T2,1,1,50,3
T3,2,0,90,5
T4,3,0,124,10
T5,4,1,147,26
[420]
T1,0,1,98,4
T2,1,0,199,2
T3,2,0,52,2
T4,3,0,100,32
T5,4,0,200,13
[421]
T1,0,0,144,14
T2,1,1,50,4
T3,2,1,200,38
T4,3,0,154,13
T5,4,0,118,4
[422]
T1,0,0,153,11
T2,1,0,50,4
T3,2,0,124,26
T4,3,1,200,11
T5,4,0,54,3
[423]
T1,0,0,80,5
T2,1,1,95,5
T3,2,0,20,4
T4,3,1,200,23
T5,4,1,166,4
[424]
T1,0,0,110,26
T2,1,1,37,7
T3,2,1,160,1
T4,3,0,126,2
T5,4,1,200,5
[425]
T1,0,0,64,1
T2,1,1,200,10
T3,2,1,30,4
T4,3,0,176,27
T5,4,1,126,15
[426]
T1,0,0,200,79
T2,1,0,45,2
T3,2,0,123,4
T4,3,1,64,2
T5,4,0,165,1
[427]
T1,0,1,80,8
T2,1,0,83,8
T3,2,1,184,40
T4,3,0,31,1
T5,4,0,200,2
[428]
T1,0,1,97,3
T2,1,1,200,74
T3,2,1,148,2
T4,3,1,61,2
T5,4,0,50,2
[429]
T1,0,1,200,37
T2,1,0,100,13
T3,2,0,130,10
T4,3,0,157,3
T5,4,1,25,1
[430]
T1,0,1,142,2
T2,1,0,114,10
T3,2,0,200,7
T4,3,1,35,12
T5,4,1,196,2
[431]
T1,0,0,56,3
T2,1,1,200,40
T3,2,0,121,22
T4,3,0,26,2
T5,4,1,200,8
[432]
T1,0,0,200,43
T2,1,1,47,2
T3,2,0,104,2
T4,3,1,66,14
T5,4,1,188,8
[433]
T1,0,0,31,6
T2,1,1,139,17
T3,2,1,170,14
T4,3,0,200,5
T5,4,0,70,3
[434]
T1,0,0,44,6
T2,1,1,200,14
T3,2,1,177,5
T4,3,0,88,13
T5,4,0,143,12
[435]
T1,0,1,128,17
T2,1,0,200,2
T3,2,0,50,4
T4,3,0,136,11
T5,4,0,149,24
[436]
T1,0,1,105,6
T2,1,0,200,51
T3,2,1,108,4
T4,3,0,20,1
T5,4,1,149,10
[437]
T1,0,1,92,19
T2,1,1,95,7
T3,2,0,48,2
T4,3,0,200,8
T5,4,0,160,24
[438]
T1,0,0,200,10
T2,1,0,84,24
T3,2,1,144,9
T4,3,0,35,2
T5,4,1,190,5
[439]
T1,0,1,200,29
T2,1,0,105,16
T3,2,1,49,2
T4,3,0,174,11
T5,4,0,139,12
[440]
T1,0,1,174,33
T2,1,0,40,2
T3,2,1,115,10
T4,3,0,116,16
T5,4,1,200,12
[441]
T1,0,1,177,13
T2,1,0,200,25
T3,2,0,132,18
T4,3,1,116,1
T5,4,1,25,3
[442]
T1,0,0,200,7
T2,1,0,184,26
T3,2,0,117,7
T4,3,1,46,9
T5,4,1,91,4
[443]
T1,0,1,55,14
T2,1,1,152,9
T3,2,1,147,2
T4,3,1,32,1
T5,4,0,200,25
[444]
T1,0,1,200,1
T2,1,1,129,15
T3,2,0,29,6
T4,3,0,108,9
T5,4,0,160,9
[445]
T1,0,1,186,2
T2,1,1,124,45
T3,2,1,26,2
T4,3,0,88,2
T5,4,1,200,13
[446]
T1,0,0,79,2
T2,1,1,20,1
T3,2,0,160,21
T4,3,0,200,19
T5,4,0,146,26
[447]
T1,0,0,30,3
T2,1,0,196,33
T3,2,0,144,2
T4,3,1,200,21
T5,4,1,131,10
[448]
T1,0,0,175,6
T2,1,1,200,2
T3,2,0,27,6
T4,3,1,94,11
T5,4,0,119,10
[449]
T1,0,0,196,39
T2,1,1,41,3
T3,2,1,200,6
T4,3,1,141,2
T5,4,0,100,15
[450]
T1,0,1,23,2
T2,1,1,200,8
T3,2,0,90,2
T4,3,0,153,49
T5,4,1,67,1
[451]
T1,0,0,23,2
T2,1,1,200,28
T3,2,0,71,1
T4,3,0,110,11
T5,4,0,175,36
[452]
T1,0,1,97,1
T2,1,0,200,54
T3,2,1,92,5
T4,3,1,20,2
T5,4,0,156,21
[453]
T1,0,1,171,25
T2,1,1,70,2
T3,2,0,128,1
T4,3,1,45,3
T5,4,1,200,51
[454]
T1,0,1,200,5
T2,1,1,125,1
T3,2,1,174,3
T4,3,0,59,20
T5,4,1,29,2
[455]
T1,0,0,52,6
T2,1,0,72,2
T3,2,0,155,6
T4,3,0,103,15
T5,4,0,200,27
[456]
T1,0,0,58,1
T2,1,1,200,2
T3,2,0,180,14
T4,3,1,22,1
T5,4,0,99,32
[457]
T1,0,0,46,5
T2,1,0,200,5
T3,2,1,176,31
T4,3,1,119,17
T5,4,1,110,2
[458]
T1,0,0,190,1
T2,1,1,58,23
T3,2,0,200,2
T4,3,0,95,6
T5,4,1,25,2
[459]
T1,0,0,61,4
T2,1,1,200,22
T3,2,1,145,27
T4,3,1,36,4
T5,4,1,150,1
[460]
T1,0,1,110,14
T2,1,1,40,3
T3,2,0,130,19
T4,3,0,200,4
T5,4,0,197,24
[461]
T1,0,1,188,40
T2,1,0,25,3
T3,2,1,200,6
T4,3,1,102,6
T5,4,0,110,4
[462]
T1,0,0,42,11
T2,1,1,126,2
T3,2,1,168,9
T4,3,0,72,3
T5,4,1,200,21
[463]
T1,0,1,44,1
T2,1,1,130,35
T3,2,1,168,11
T4,3,0,83,5
T5,4,1,200,11
[464]
T1,0,1,142,16
T2,1,1,180,21
T3,2,1,45,6
T4,3,1,138,14
T5,4,1,200,3
[465]
T1,0,1,196,21
T2,1,0,200,35
T3,2,1,140,20
T4,3,1,25,1
T5,4,0,138,2
[466]
T1,0,0,180,5
T2,1,1,200,25
T3,2,0,117,8
T4,3,0,28,4
T5,4,0,140,14
[467]
T1,0,0,91,8
T2,1,0,88,23
T3,2,0,28,2
T4,3,1,172,6
T5,4,0,200,4
[468]
T1,0,0,114,1
T2,1,1,171,10
T3,2,1,56,8
T4,3,1,200,1
T5,4,0,34,8
[469]
T1,0,0,40,2
T2,1,0,96,13
T3,2,1,153,41
T4,3,0,200,1
T5,4,0,66,2
[470]
T1,0,0,36,1
T2,1,1,141,7
T3,2,0,200,12
T4,3,1,92,15
T5,4,0,171,30
[471]
T1,0,1,113,5
T2,1,0,70,2
T3,2,1,44,1
T4,3,1,200,27
T5,4,1,198,45
[472]
T1,0,1,129,10
T2,1,0,69,1
T3,2,0,200,23
T4,3,0,175,26
T5,4,1,43,5
[473]
T1,0,0,41,4
T2,1,0,200,19
T3,2,0,113,17
T4,3,1,97,10
T5,4,1,164,6
[474]
T1,0,0,200,13
T2,1,0,117,6
T3,2,0,50,1
T4,3,1,171,4
T5,4,0,128,40
[475]
T1,0,0,176,19
T2,1,0,52,5
T3,2,0,145,26
T4,3,0,66,3
T5,4,1,200,7
[476]
T1,0,0,50,3
T2,1,0,102,8
T3,2,1,88,3
T4,3,0,200,31
T5,4,1,184,27
[477]
T1,0,0,200,35
T2,1,1,160,45
T3,2,0,37,2
T4,3,0,111,2
T5,4,0,74,2
[478]
T1,0,0,51,5
T2,1,1,125,4
T3,2,1,200,30
T4,3,0,67,2
T5,4,1,195,31
[479]
T1,0,1,77,6
T2,1,1,60,5
T3,2,0,200,39
T4,3,0,156,15
T5,4,1,34,2
[480]
T1,0,0,200,16
T2,1,0,90,1
T3,2,0,24,4
T4,3,0,179,10
T5,4,1,75,12
[481]
T1,0,1,200,11
T2,1,0,97,2
T3,2,1,74,1
T4,3,1,150,44
T5,4,0,30,2
[482]
T1,0,1,66,7
T2,1,0,23,3
T3,2,1,198,19
T4,3,0,200,10
T5,4,0,69,5
[483]
T1,0,1,140,2
T2,1,1,33,3
T3,2,1,95,1
T4,3,0,190,25
T5,4,1,200,42
[484]
T1,0,1,60,14
T2,1,1,75,4
T3,2,0,179,29
T4,3,0,36,2
T5,4,0,200,2
[485]
T1,0,1,200,62
T2,1,1,25,2
T3,2,0,185,15
T4,3,1,65,2
T5,4,0,69,4
[486]
T1,0,0,200,61
T2,1,1,40,2
T3,2,0,81,2
T4,3,1,116,10
T5,4,0,172,1
[487]
T1,0,0,200,9
T2,1,1,44,8
T3,2,1,66,8
T4,3,0,110,10
T5,4,1,158,3
[488]
T1,0,1,200,32
T2,1,1,168,1
T3,2,1,50,8
T4,3,0,102,9
T5,4,1,112,6
[489]
T1,0,1,143,2
T2,1,0,50,3
T3,2,0,200,10
T4,3,1,190,63
T5,4,0,96,1
[490]
T1,0,1,200,13
T2,1,0,106,9
T3,2,1,186,9
T4,3,0,22,4
T5,4,0,75,5
[491]
T1,0,1,136,4
T2,1,0,188,1
T3,2,0,125,31
T4,3,1,44,5
T5,4,1,200,14
[492]
T1,0,0,108,13
T2,1,0,189,1
T3,2,0,200,5
T4,3,1,90,11
T5,4,1,39,8
[493]
T1,0,1,200,11
T2,1,0,168,29
T3,2,0,123,12
T4,3,1,42,5
T5,4,0,109,4
[494]
T1,0,0,32,3
T2,1,1,142,6
T3,2,0,152,10
T4,3,1,200,47
T5,4,1,55,2
[495]
T1,0,0,70,2
T2,1,0,40,5
T3,2,0,152,4
T4,3,0,200,1
T5,4,1,59,17
[496]
T1,0,0,25,3
T2,1,1,123,4
T3,2,1,147,7
T4,3,0,192,31
T5,4,1,200,18
[497]
T1,0,1,142,15
T2,1,0,75,1
T3,2,0,200,53
T4,3,1,162,1
T5,4,1,33,2
[498]
T1,0,0,76,10
T2,1,1,40,2
T3,2,0,149,6
T4,3,1,200,23
T5,4,1,103,14
[499]
T1,0,1,200,10
T2,1,0,36,2
T3,2,1,95,21
T4,3,0,90,11
T5,4,0,176,11
[500]
T1,0,0,136,4
T2,1,1,200,9
T3,2,1,160,2
T4,3,1,132,7
T5,4,0,45,15
