num_task_per_taskset=5
num_taskset=500
//ID,Priority,Offset,Period,Execution Time
[1]
T1,0,1,200,10
T2,1,0,26,2
T3,2,1,61,14
T4,3,1,169,18
T5,4,0,72,11
[2]
T1,0,0,92,1
T2,1,1,118,15
T3,2,1,200,14
T4,3,0,165,10
T5,4,0,50,15
[3]
T1,0,1,100,11
T2,1,0,157,33
T3,2,0,200,39
T4,3,1,113,7
T5,4,0,30,2
[4]
T1,0,0,142,6
T2,1,0,26,3
T3,2,1,200,13
T4,3,0,195,60
T5,4,0,130,7
[5]
T1,0,0,23,4
T2,1,1,192,28
T3,2,0,200,10
T4,3,1,94,14
T5,4,1,64,3
[6]
T1,0,0,200,46
T2,1,0,130,12
T3,2,1,114,1
T4,3,1,170,2
T5,4,0,40,9
[7]
T1,0,1,25,2
T2,1,0,156,46
T3,2,0,146,2
T4,3,1,200,3
T5,4,1,144,23
[8]
T1,0,0,200,22
T2,1,1,127,4
T3,2,0,195,64
T4,3,0,30,2
T5,4,1,91,10
[9]
T1,0,1,159,12
T2,1,1,140,4
T3,2,0,34,7
T4,3,1,200,11
T5,4,1,75,16
[10]
T1,0,0,80,17
T2,1,0,200,7
T3,2,0,159,25
T4,3,0,75,4
T5,4,1,25,2
[11]
T1,0,0,200,18
T2,1,1,32,2
T3,2,1,127,4
T4,3,0,175,16
T5,4,0,134,41
[12]
T1,0,1,200,13
T2,1,0,110,21
T3,2,0,25,1
T4,3,0,161,39
T5,4,0,80,2
[13]
T1,0,0,30,2
T2,1,0,63,11
T3,2,0,106,28
T4,3,0,159,20
T5,4,0,200,1
[14]
T1,0,1,165,27
T2,1,0,200,7
T3,2,1,32,7
T4,3,0,81,12
T5,4,0,135,1
[15]
T1,0,0,200,33
T2,1,0,50,11
T3,2,0,137,21
T4,3,1,69,1
T5,4,1,153,4
[16]
T1,0,0,175,13
T2,1,1,34,10
T3,2,0,59,6
T4,3,0,200,14
T5,4,1,92,1
[17]
T1,0,1,65,3
T2,1,0,175,14
T3,2,1,106,22
T4,3,1,37,4
T5,4,0,200,25
[18]
T1,0,1,72,20
T2,1,1,27,3
T3,2,0,183,1
T4,3,0,119,6
T5,4,1,200,24
[19]
T1,0,1,131,7
T2,1,0,200,30
T3,2,1,36,5
T4,3,0,99,17
T5,4,0,174,9
[20]
T1,0,0,103,7
T2,1,0,200,8
T3,2,0,34,2
T4,3,1,190,77
T5,4,0,75,4
[21]
T1,0,0,200,29
T2,1,0,80,2
T3,2,1,31,2
T4,3,0,165,38
T5,4,1,120,12
[22]
T1,0,0,83,6
T2,1,0,175,26
T3,2,0,200,35
T4,3,1,49,2
T5,4,0,87,12
[23]
T1,0,1,78,4
T2,1,0,200,37
T3,2,0,157,13
T4,3,0,120,15
T5,4,0,48,6
[24]
T1,0,0,64,3
T2,1,0,41,13
T3,2,1,150,2
T4,3,1,141,5
T5,4,1,200,35
[25]
T1,0,1,74,2
T2,1,0,188,5
T3,2,1,28,11
T4,3,1,64,7
T5,4,0,200,6
[26]
T1,0,0,56,24
T2,1,0,75,3
T3,2,0,32,1
T4,3,1,200,14
T5,4,1,153,2
[27]
T1,0,1,116,4
T2,1,1,200,6
T3,2,0,48,13
T4,3,1,133,16
T5,4,1,165,20
[28]
T1,0,0,96,6
T2,1,0,200,9
T3,2,0,150,32
T4,3,1,25,5
T5,4,1,110,4
[29]
T1,0,1,194,9
T2,1,0,54,3
T3,2,1,25,3
T4,3,1,200,51
T5,4,0,55,5
[30]
T1,0,1,144,27
T2,1,0,185,3
T3,2,1,200,34
T4,3,0,136,17
T5,4,0,40,3
[31]
T1,0,1,47,2
T2,1,0,200,17
T3,2,0,130,35
T4,3,0,127,2
T5,4,0,156,30
[32]
T1,0,0,147,8
T2,1,1,89,9
T3,2,1,196,57
T4,3,1,48,3
T5,4,0,200,13
[33]
T1,0,0,111,17
T2,1,1,156,35
T3,2,0,200,2
T4,3,0,25,2
T5,4,0,79,16
[34]
T1,0,0,176,16
T2,1,1,50,16
T3,2,0,131,6
T4,3,1,98,12
T5,4,1,200,2
[35]
T1,0,0,93,4
T2,1,1,153,32
T3,2,0,200,24
T4,3,1,106,3
T5,4,0,45,8
[36]
T1,0,1,36,6
T2,1,1,68,2
T3,2,1,152,5
T4,3,1,84,24
T5,4,1,200,13
[37]
T1,0,1,160,36
T2,1,0,200,16
T3,2,0,28,4
T4,3,1,129,6
T5,4,0,140,12
[38]
T1,0,0,182,6
T2,1,1,104,2
T3,2,0,200,60
T4,3,0,97,2
T5,4,0,44,9
[39]
T1,0,1,200,16
T2,1,1,143,21
T3,2,1,164,3
T4,3,1,125,26
T5,4,0,20,2
[40]
T1,0,0,29,2
T2,1,1,200,10
T3,2,0,93,12
T4,3,0,155,50
T5,4,0,135,1
[41]
T1,0,0,145,25
T2,1,0,197,56
T3,2,0,200,14
T4,3,1,65,1
T5,4,0,50,1
[42]
T1,0,0,143,6
T2,1,1,126,12
T3,2,0,180,30
T4,3,0,200,47
T5,4,0,51,2
[43]
T1,0,1,187,28
T2,1,0,51,2
T3,2,1,101,33
T4,3,0,200,3
T5,4,0,99,4
[44]
T1,0,0,84,7
T2,1,1,185,29
T3,2,0,65,8
T4,3,1,35,1
T5,4,0,200,39
[45]
T1,0,0,200,2
T2,1,0,162,77
T3,2,1,126,5
T4,3,1,24,1
T5,4,0,65,1
[46]
T1,0,1,74,1
T2,1,0,126,20
T3,2,0,148,15
T4,3,0,45,10
T5,4,0,200,16
[47]
T1,0,0,50,5
T2,1,0,158,7
T3,2,1,75,16
T4,3,0,94,11
T5,4,0,200,19
[48]
T1,0,0,132,3
T2,1,1,200,16
T3,2,1,187,44
T4,3,1,25,4
T5,4,1,75,4
[49]
T1,0,1,194,41
T2,1,1,100,13
T3,2,0,97,14
T4,3,0,51,1
T5,4,1,200,12
[50]
T1,0,0,69,11
T2,1,1,182,45
T3,2,0,200,15
T4,3,0,50,2
T5,4,0,104,10
[51]
T1,0,1,91,28
T2,1,0,200,26
T3,2,1,63,1
T4,3,0,168,10
T5,4,0,21,1
[52]
T1,0,0,71,4
T2,1,1,58,1
T3,2,0,155,44
T4,3,1,20,2
T5,4,0,200,38
[53]
T1,0,1,200,12
T2,1,0,168,8
T3,2,1,111,32
T4,3,0,30,4
T5,4,0,109,6
[54]
T1,0,1,56,20
T2,1,0,65,2
T3,2,1,200,4
T4,3,0,154,18
T5,4,1,45,2
[55]
T1,0,1,172,44
T2,1,1,129,15
T3,2,1,27,1
T4,3,1,117,7
T5,4,1,200,18
[56]
T1,0,1,62,2
T2,1,1,133,35
T3,2,0,47,2
T4,3,1,200,49
T5,4,1,186,6
[57]
T1,0,0,200,2
T2,1,0,107,35
T3,2,0,52,2
T4,3,0,169,7
T5,4,1,144,31
[58]
T1,0,0,162,26
T2,1,1,43,8
T3,2,0,98,16
T4,3,0,81,2
T5,4,0,200,8
[59]
T1,0,1,28,4
T2,1,0,150,31
T3,2,1,89,8
T4,3,1,200,7
T5,4,1,133,11
[60]
T1,0,1,20,4
T2,1,0,200,9
T3,2,1,135,2
T4,3,0,70,21
T5,4,1,181,6
[61]
T1,0,1,175,26
T2,1,1,46,11
T3,2,1,82,9
T4,3,1,58,1
T5,4,1,200,12
[62]
T1,0,1,152,33
T2,1,1,122,4
T3,2,1,42,2
T4,3,1,200,64
T5,4,0,88,1
[63]
T1,0,1,200,34
T2,1,1,184,14
T3,2,0,74,8
T4,3,1,85,1
T5,4,1,48,10
[64]
T1,0,0,153,4
T2,1,0,120,8
T3,2,1,120,25
T4,3,0,52,14
T5,4,1,200,4
[65]
T1,0,0,200,25
T2,1,0,62,13
T3,2,0,135,12
T4,3,0,186,13
T5,4,1,50,4
[66]
T1,0,0,154,19
T2,1,1,89,8
T3,2,1,133,2
T4,3,0,21,1
T5,4,0,200,64
[67]
T1,0,1,127,19
T2,1,0,21,2
T3,2,0,200,18
T4,3,1,187,50
T5,4,0,77,4
[68]
T1,0,1,39,3
T2,1,1,155,17
T3,2,1,75,2
T4,3,0,200,3
T5,4,1,85,31
[69]
T1,0,1,90,13
T2,1,0,136,10
T3,2,0,34,1
T4,3,1,181,51
T5,4,0,200,9
[70]
T1,0,0,30,9
T2,1,0,131,8
T3,2,1,188,15
T4,3,0,114,14
T5,4,1,200,1
[71]
T1,0,0,200,70
T2,1,0,148,4
T3,2,1,46,6
T4,3,0,115,4
T5,4,0,61,2
[72]
T1,0,0,145,24
T2,1,1,200,39
T3,2,0,32,5
T4,3,0,110,2
T5,4,0,195,13
[73]
T1,0,0,190,16
T2,1,1,133,18
T3,2,0,81,10
T4,3,0,200,12
T5,4,0,31,5
[74]
T1,0,1,117,10
T2,1,1,40,13
T3,2,0,159,20
T4,3,1,85,1
T5,4,0,200,6
[75]
T1,0,1,20,1
T2,1,0,108,34
T3,2,0,145,17
T4,3,1,200,10
T5,4,1,151,6
[76]
T1,0,1,87,2
T2,1,1,145,41
T3,2,1,148,7
T4,3,0,200,33
T5,4,0,24,2
[77]
T1,0,0,97,4
T2,1,1,66,13
T3,2,1,150,24
T4,3,1,20,1
T5,4,0,200,23
[78]
T1,0,0,141,9
T2,1,1,162,5
T3,2,0,24,2
T4,3,0,78,19
T5,4,1,200,46
[79]
T1,0,1,100,8
T2,1,0,155,42
T3,2,0,200,32
T4,3,1,57,2
T5,4,0,40,1
[80]
T1,0,1,47,2
T2,1,0,188,12
T3,2,0,200,74
T4,3,1,77,10
T5,4,0,116,2
[81]
T1,0,0,193,11
T2,1,1,200,24
T3,2,0,128,5
T4,3,0,50,10
T5,4,1,76,12
[82]
T1,0,0,125,14
T2,1,0,200,47
T3,2,1,168,8
T4,3,1,25,3
T5,4,1,128,10
[83]
T1,0,0,30,9
T2,1,0,200,11
T3,2,0,131,3
T4,3,0,130,5
T5,4,1,180,28
[84]
T1,0,1,67,14
T2,1,0,174,38
T3,2,1,49,3
T4,3,1,200,16
T5,4,1,87,2
[85]
T1,0,1,198,2
T2,1,1,77,8
T3,2,1,200,55
T4,3,1,71,12
T5,4,1,36,1
[86]
T1,0,0,130,2
T2,1,1,200,21
T3,2,0,62,2
T4,3,0,46,18
T5,4,0,150,5
[87]
T1,0,0,125,43
T2,1,1,32,2
T3,2,1,117,2
T4,3,0,200,42
T5,4,1,191,2
[88]
T1,0,1,154,58
T2,1,0,200,10
T3,2,0,103,4
T4,3,0,35,2
T5,4,0,68,4
[89]
T1,0,0,200,38
T2,1,1,25,1
T3,2,0,60,19
T4,3,1,165,4
T5,4,0,121,1
[90]
T1,0,0,26,3
T2,1,0,86,31
T3,2,0,200,4
T4,3,1,120,6
T5,4,0,198,2
[91]
T1,0,0,25,5
T2,1,1,186,5
T3,2,0,200,21
T4,3,0,145,4
T5,4,0,122,27
[92]
T1,0,0,200,44
T2,1,0,50,3
T3,2,1,92,4
T4,3,0,65,9
T5,4,0,167,19
[93]
T1,0,0,115,23
T2,1,1,200,52
T3,2,0,25,2
T4,3,1,119,6
T5,4,1,188,10
[94]
T1,0,1,28,7
T2,1,0,200,22
T3,2,1,160,4
T4,3,1,126,5
T5,4,1,90,12
[95]
T1,0,0,200,17
T2,1,1,174,4
T3,2,1,25,4
T4,3,0,62,19
T5,4,1,146,2
[96]
T1,0,0,200,29
T2,1,1,153,4
T3,2,1,117,9
T4,3,1,25,2
T5,4,1,108,36
[97]
T1,0,0,77,9
T2,1,0,21,1
T3,2,1,151,50
T4,3,1,200,9
T5,4,0,60,1
[98]
T1,0,0,155,27
T2,1,1,107,6
T3,2,0,200,9
T4,3,0,44,1
T5,4,0,65,18
[99]
T1,0,0,200,36
T2,1,0,31,2
T3,2,0,90,20
T4,3,0,140,22
T5,4,1,186,1
[100]
T1,0,0,25,5
T2,1,0,71,4
T3,2,1,200,10
T4,3,1,103,8
T5,4,0,180,30
[101]
T1,0,0,42,1
T2,1,0,72,5
T3,2,1,87,14
T4,3,1,200,15
T5,4,1,192,48
[102]
T1,0,0,60,11
T2,1,1,44,5
T3,2,0,200,24
T4,3,0,117,9
T5,4,1,148,12
[103]
T1,0,0,80,5
T2,1,0,186,48
T3,2,1,35,5
T4,3,0,200,16
T5,4,1,112,3
[104]
T1,0,1,113,10
T2,1,1,171,50
T3,2,1,200,4
T4,3,0,30,4
T5,4,1,78,2
[105]
T1,0,1,64,6
T2,1,1,86,10
T3,2,0,200,2
T4,3,1,196,45
T5,4,1,32,4
[106]
T1,0,1,50,2
T2,1,0,165,27
T3,2,1,200,20
T4,3,1,74,24
T5,4,0,70,2
[107]
T1,0,0,125,8
T2,1,0,83,8
T3,2,1,200,12
T4,3,1,198,38
T5,4,1,30,5
[108]
T1,0,1,126,8
T2,1,0,30,3
T3,2,1,145,5
T4,3,0,200,29
T5,4,1,153,35
[109]
T1,0,1,171,59
T2,1,1,200,8
T3,2,0,33,3
T4,3,1,114,8
T5,4,0,76,1
[110]
T1,0,0,111,3
T2,1,1,200,14
T3,2,1,99,4
T4,3,0,164,4
T5,4,1,41,17
[111]
T1,0,0,66,21
T2,1,0,22,2
T3,2,1,165,23
T4,3,1,200,11
T5,4,0,75,5
[112]
T1,0,0,135,25
T2,1,0,200,23
T3,2,0,141,2
T4,3,0,39,11
T5,4,1,188,2
[113]
T1,0,1,200,35
T2,1,1,176,9
T3,2,0,130,12
T4,3,0,31,2
T5,4,1,56,14
[114]
T1,0,0,43,4
T2,1,1,144,42
T3,2,1,180,3
T4,3,1,109,13
T5,4,1,200,9
[115]
T1,0,1,32,3
T2,1,1,70,2
T3,2,1,64,2
T4,3,1,153,1
T5,4,1,200,88
[116]
T1,0,0,200,9
T2,1,0,181,73
T3,2,1,24,2
T4,3,0,125,1
T5,4,0,93,2
[117]
T1,0,1,50,13
T2,1,1,184,12
T3,2,1,63,3
T4,3,0,200,17
T5,4,0,94,11
[118]
T1,0,1,147,18
T2,1,1,35,8
T3,2,0,200,21
T4,3,1,85,6
T5,4,0,155,5
[119]
T1,0,0,182,10
T2,1,0,30,8
T3,2,1,75,14
T4,3,1,64,3
T5,4,1,200,1
[120]
T1,0,1,175,6
T2,1,1,64,9
T3,2,1,200,17
T4,3,1,36,7
T5,4,1,101,13
[121]
T1,0,1,21,1
T2,1,1,200,47
T3,2,1,144,12
T4,3,0,112,15
T5,4,0,180,9
[122]
T1,0,1,200,62
T2,1,0,150,11
T3,2,0,82,7
T4,3,1,90,8
T5,4,1,20,2
[123]
T1,0,0,155,32
T2,1,1,200,2
T3,2,0,60,11
T4,3,0,131,23
T5,4,0,36,2
[124]
T1,0,1,38,4
T2,1,1,140,8
T3,2,0,120,3
T4,3,1,190,43
T5,4,0,200,32
[125]
T1,0,1,22,2
T2,1,1,200,61
T3,2,1,194,14
T4,3,0,110,14
T5,4,1,92,4
[126]
T1,0,0,64,2
T2,1,1,37,2
T3,2,0,200,29
T4,3,1,148,41
T5,4,0,106,6
[127]
T1,0,1,21,6
T2,1,1,200,1
T3,2,0,93,1
T4,3,0,132,28
T5,4,0,160,6
[128]
T1,0,1,30,12
T2,1,1,200,6
T3,2,0,80,3
T4,3,0,198,2
T5,4,0,138,15
[129]
T1,0,1,200,17
T2,1,0,49,1
T3,2,1,160,33
T4,3,0,92,14
T5,4,1,62,7
[130]
T1,0,0,84,10
T2,1,0,73,26
T3,2,1,25,1
T4,3,0,165,2
T5,4,0,200,10
[131]
T1,0,0,27,2
T2,1,1,117,3
T3,2,0,54,13
T4,3,1,200,40
T5,4,1,182,5
[132]
T1,0,0,200,60
T2,1,0,195,21
T3,2,1,67,4
T4,3,0,112,2
T5,4,0,26,2
[133]
T1,0,1,69,3
T2,1,0,153,25
T3,2,0,200,49
T4,3,0,33,3
T5,4,0,66,2
[134]
T1,0,1,77,9
T2,1,0,155,15
T3,2,0,115,14
T4,3,0,28,2
T5,4,1,200,30
[135]
T1,0,1,180,58
T2,1,1,200,10
T3,2,1,111,15
T4,3,1,30,2
T5,4,1,136,10
[136]
T1,0,1,28,4
T2,1,0,75,1
T3,2,0,200,14
T4,3,0,124,19
T5,4,0,196,39
[137]
T1,0,1,165,41
T2,1,0,200,32
T3,2,1,109,6
T4,3,1,134,16
T5,4,1,40,2
[138]
T1,0,0,200,1
T2,1,1,48,3
T3,2,0,178,27
T4,3,0,66,5
T5,4,1,75,21
[139]
T1,0,0,200,2
T2,1,1,76,9
T3,2,1,32,2
T4,3,1,80,4
T5,4,1,156,65
[140]
T1,0,1,200,37
T2,1,0,72,1
T3,2,0,77,10
T4,3,1,158,2
T5,4,0,21,5
[141]
T1,0,1,200,7
T2,1,1,139,9
T3,2,1,155,41
T4,3,1,75,2
T5,4,1,20,3
[142]
T1,0,1,36,1
T2,1,0,134,16
T3,2,1,55,2
T4,3,1,156,53
T5,4,0,200,11
[143]
T1,0,1,101,6
T2,1,0,200,27
T3,2,1,150,36
T4,3,0,35,2
T5,4,1,78,11
[144]
T1,0,0,36,10
T2,1,1,132,6
T3,2,0,155,14
T4,3,0,200,5
T5,4,0,103,13
[145]
T1,0,1,189,16
T2,1,0,39,2
T3,2,0,78,24
T4,3,0,74,6
T5,4,1,200,22
[146]
T1,0,1,61,5
T2,1,0,128,10
T3,2,1,200,13
T4,3,1,156,25
T5,4,0,32,6
[147]
T1,0,1,140,2
T2,1,1,180,14
T3,2,1,200,4
T4,3,0,72,34
T5,4,1,24,2
[148]
T1,0,0,92,29
T2,1,0,183,20
T3,2,1,20,2
T4,3,1,87,4
T5,4,0,200,14
[149]
T1,0,1,116,21
T2,1,1,186,4
T3,2,0,126,29
T4,3,1,200,5
T5,4,0,35,4
[150]
T1,0,0,121,25
T2,1,0,200,26
T3,2,1,20,2
T4,3,1,114,16
T5,4,0,155,11
[151]
T1,0,0,61,15
T2,1,0,180,14
T3,2,1,147,1
T4,3,0,27,2
T5,4,1,200,46
[152]
T1,0,0,68,8
T2,1,1,28,2
T3,2,0,54,12
T4,3,0,170,15
T5,4,1,200,8
[153]
T1,0,0,44,2
T2,1,0,136,31
T3,2,0,192,22
T4,3,1,200,17
T5,4,1,112,17
[154]
T1,0,0,56,15
T2,1,0,200,18
T3,2,1,161,1
T4,3,0,146,19
T5,4,1,28,2
[155]
T1,0,1,121,47
T2,1,1,198,7
T3,2,0,22,2
T4,3,0,200,19
T5,4,1,146,6
[156]
T1,0,1,200,24
T2,1,0,189,53
T3,2,0,21,1
T4,3,1,117,11
T5,4,1,87,3
[157]
T1,0,1,200,12
T2,1,0,144,7
T3,2,0,35,2
T4,3,1,157,47
T5,4,0,56,5
[158]
T1,0,1,200,20
T2,1,1,164,39
T3,2,0,68,2
T4,3,0,20,1
T5,4,0,106,16
[159]
T1,0,1,75,7
T2,1,1,200,70
T3,2,0,192,4
T4,3,1,54,2
T5,4,1,35,4
[160]
T1,0,0,200,67
T2,1,0,69,1
T3,2,0,196,23
T4,3,1,46,3
T5,4,0,121,5
[161]
T1,0,0,145,17
T2,1,0,150,44
T3,2,1,200,17
T4,3,1,35,1
T5,4,1,108,6
[162]
T1,0,0,200,4
T2,1,1,171,11
T3,2,1,92,5
T4,3,0,136,35
T5,4,0,51,9
[163]
T1,0,0,137,20
T2,1,1,49,12
T3,2,1,182,29
T4,3,0,200,5
T5,4,1,125,2
[164]
T1,0,0,187,33
T2,1,1,123,4
T3,2,1,200,13
T4,3,0,100,19
T5,4,1,20,2
[165]
T1,0,1,200,1
T2,1,1,198,7
T3,2,0,45,7
T4,3,1,113,35
T5,4,0,82,6
[166]
T1,0,0,102,6
T2,1,1,22,2
T3,2,0,200,34
T4,3,1,75,11
T5,4,1,171,16
[167]
T1,0,1,25,2
T2,1,1,200,4
T3,2,1,75,17
T4,3,0,93,23
T5,4,0,147,2
[168]
T1,0,1,125,20
T2,1,1,200,2
T3,2,1,59,14
T4,3,1,156,20
T5,4,1,46,2
[169]
T1,0,1,200,12
T2,1,1,198,3
T3,2,0,129,3
T4,3,1,50,6
T5,4,0,77,27
[170]
T1,0,0,51,4
T2,1,0,200,17
T3,2,1,100,9
T4,3,0,63,6
T5,4,0,148,32
[171]
T1,0,1,147,15
T2,1,1,84,16
T3,2,1,26,2
T4,3,1,156,27
T5,4,0,200,20
[172]
T1,0,0,166,2
T2,1,0,88,36
T3,2,1,33,3
T4,3,1,200,12
T5,4,0,107,1
[173]
T1,0,1,120,22
T2,1,0,35,1
T3,2,0,154,8
T4,3,0,74,21
T5,4,0,200,7
[174]
T1,0,0,145,12
T2,1,0,200,38
T3,2,0,121,9
T4,3,1,42,8
T5,4,1,175,8
[175]
T1,0,0,200,31
T2,1,1,128,10
T3,2,1,102,24
T4,3,1,30,2
T5,4,1,154,16
[176]
T1,0,0,200,56
T2,1,0,129,8
T3,2,1,20,2
T4,3,0,143,28
T5,4,1,182,7
[177]
T1,0,0,106,6
T2,1,0,60,8
T3,2,1,200,19
T4,3,0,42,7
T5,4,1,162,19
[178]
T1,0,0,143,2
T2,1,0,172,20
T3,2,0,43,2
T4,3,0,104,12
T5,4,0,200,57
[179]
T1,0,1,87,12
T2,1,1,30,2
T3,2,0,155,22
T4,3,1,200,47
T5,4,1,97,6
[180]
T1,0,1,197,46
T2,1,1,45,5
T3,2,1,111,1
T4,3,0,144,20
T5,4,0,200,17
[181]
T1,0,1,28,1
T2,1,1,80,2
T3,2,1,168,77
T4,3,1,137,7
T5,4,0,200,4
[182]
T1,0,0,154,13
T2,1,0,200,21
T3,2,0,77,4
T4,3,1,46,6
T5,4,1,127,25
[183]
T1,0,1,150,34
T2,1,0,132,24
T3,2,1,43,3
T4,3,0,200,3
T5,4,0,96,9
[184]
T1,0,1,70,6
T2,1,0,30,3
T3,2,0,197,11
T4,3,0,200,15
T5,4,1,111,28
[185]
T1,0,1,155,39
T2,1,0,137,1
T3,2,0,93,7
T4,3,0,200,9
T5,4,1,50,10
[186]
T1,0,1,73,6
T2,1,1,195,50
T3,2,0,200,2
T4,3,0,25,6
T5,4,1,71,2
[187]
T1,0,0,172,6
T2,1,0,108,24
T3,2,1,200,11
T4,3,0,20,3
T5,4,1,64,7
[188]
T1,0,1,60,4
T2,1,1,200,44
T3,2,1,187,22
T4,3,0,57,3
T5,4,1,22,2
[189]
T1,0,1,52,14
T2,1,1,200,17
T3,2,0,120,6
T4,3,1,166,27
T5,4,1,101,2
[190]
T1,0,0,200,10
T2,1,0,64,13
T3,2,0,20,1
T4,3,1,195,46
T5,4,1,79,2
[191]
T1,0,0,200,5
T2,1,0,150,20
T3,2,1,50,5
T4,3,1,123,20
T5,4,0,120,19
[192]
T1,0,1,171,3
T2,1,0,91,2
T3,2,0,200,69
T4,3,1,36,4
T5,4,0,76,6
[193]
T1,0,0,200,13
T2,1,0,64,13
T3,2,0,100,2
T4,3,1,172,2
T5,4,1,28,7
[194]
T1,0,1,200,21
T2,1,1,196,5
T3,2,0,50,18
T4,3,1,108,2
T5,4,0,55,3
[195]
T1,0,1,146,6
T2,1,0,200,42
T3,2,0,89,2
T4,3,0,150,36
T5,4,1,21,1
[196]
T1,0,0,200,22
T2,1,0,198,8
T3,2,1,108,9
T4,3,1,115,19
T5,4,1,40,7
[197]
T1,0,0,154,19
T2,1,1,81,2
T3,2,0,200,39
T4,3,0,100,12
T5,4,1,46,5
[198]
T1,0,1,200,1
T2,1,1,164,6
T3,2,1,24,7
T4,3,1,114,8
T5,4,0,144,24
[199]
T1,0,1,21,5
T2,1,0,112,10
T3,2,1,125,23
T4,3,0,200,1
T5,4,0,170,5
[200]
T1,0,1,200,55
T2,1,0,195,15
T3,2,1,30,2
T4,3,0,128,17
T5,4,0,126,1
[201]
T1,0,0,22,10
T2,1,0,200,11
T3,2,0,61,2
T4,3,0,143,3
T5,4,0,168,2
[202]
T1,0,1,171,2
T2,1,1,200,33
T3,2,1,112,1
T4,3,0,65,11
T5,4,1,45,10
[203]
T1,0,0,150,14
T2,1,1,66,9
T3,2,1,46,8
T4,3,0,200,13
T5,4,1,81,7
[204]
T1,0,0,95,9
T2,1,1,97,30
T3,2,0,50,2
T4,3,1,200,7
T5,4,1,160,20
[205]
T1,0,1,150,22
T2,1,0,27,2
T3,2,0,200,9
T4,3,0,98,19
T5,4,0,75,9
[206]
T1,0,0,200,82
T2,1,0,181,8
T3,2,0,67,7
T4,3,0,60,2
T5,4,1,50,2
[207]
T1,0,1,200,16
T2,1,0,174,14
T3,2,1,87,11
T4,3,1,45,7
T5,4,0,60,7
[208]
T1,0,1,132,2
T2,1,0,38,5
T3,2,0,200,11
T4,3,1,100,38
T5,4,1,160,1
[209]
T1,0,1,105,11
T2,1,0,30,9
T3,2,1,172,17
T4,3,0,200,14
T5,4,1,120,2
[210]
T1,0,0,106,33
T2,1,0,200,19
T3,2,1,99,10
T4,3,1,30,2
T5,4,1,153,6
[211]
T1,0,0,200,12
T2,1,0,37,2
T3,2,1,154,20
T4,3,0,74,28
T5,4,0,103,2
[212]
T1,0,1,23,2
T2,1,1,184,17
T3,2,1,100,29
T4,3,1,200,4
T5,4,1,136,13
[213]
T1,0,0,120,15
T2,1,1,105,37
T3,2,0,200,12
T4,3,1,22,2
T5,4,1,195,6
[214]
T1,0,1,162,16
T2,1,0,112,1
T3,2,0,32,11
T4,3,1,135,8
T5,4,1,200,13
[215]
T1,0,0,25,2
T2,1,0,85,21
T3,2,0,72,8
T4,3,1,200,12
T5,4,1,190,11
[216]
T1,0,1,102,26
T2,1,1,104,3
T3,2,0,40,2
T4,3,0,194,33
T5,4,0,200,26
[217]
T1,0,0,181,34
T2,1,0,144,14
T3,2,1,200,2
T4,3,0,88,16
T5,4,1,44,5
[218]
T1,0,1,45,14
T2,1,1,196,4
T3,2,1,100,8
T4,3,1,105,2
T5,4,1,200,35
[219]
T1,0,1,64,7
T2,1,0,78,8
T3,2,0,150,38
T4,3,1,35,2
T5,4,0,200,17
[220]
T1,0,0,40,3
T2,1,1,84,8
T3,2,1,193,4
T4,3,1,101,26
T5,4,0,200,25
[221]
T1,0,0,177,35
T2,1,0,99,3
T3,2,0,200,55
T4,3,0,42,1
T5,4,1,80,4
[222]
T1,0,1,27,4
T2,1,0,200,19
T3,2,1,142,23
T4,3,1,150,25
T5,4,1,90,2
[223]
T1,0,1,131,4
T2,1,0,200,40
T3,2,1,57,4
T4,3,0,20,1
T5,4,1,148,29
[224]
T1,0,0,32,3
T2,1,0,176,5
T3,2,1,200,48
T4,3,1,54,4
T5,4,0,114,17
[225]
T1,0,1,112,1
T2,1,1,123,9
T3,2,1,28,3
T4,3,1,167,47
T5,4,1,200,21
[226]
T1,0,1,68,9
T2,1,0,200,55
T3,2,1,188,7
T4,3,0,57,4
T5,4,1,34,2
[227]
T1,0,1,121,28
T2,1,1,200,24
T3,2,1,34,1
T4,3,0,176,1
T5,4,1,105,19
[228]
T1,0,1,200,31
T2,1,0,171,19
T3,2,0,114,17
T4,3,0,60,7
T5,4,0,32,1
[229]
T1,0,0,190,25
T2,1,0,145,10
T3,2,0,45,4
T4,3,1,200,19
T5,4,0,100,20
[230]
T1,0,1,158,46
T2,1,1,56,5
T3,2,0,200,2
T4,3,1,142,11
T5,4,1,24,2
[231]
T1,0,0,38,4
T2,1,0,183,10
T3,2,1,139,22
T4,3,0,200,13
T5,4,0,120,23
[232]
T1,0,1,96,12
T2,1,0,200,2
T3,2,0,156,59
T4,3,1,24,2
T5,4,0,109,2
[233]
T1,0,1,138,26
T2,1,0,101,6
T3,2,0,200,37
T4,3,0,185,15
T5,4,0,50,3
[234]
T1,0,0,200,10
T2,1,1,145,18
T3,2,0,55,18
T4,3,0,162,10
T5,4,0,45,1
[235]
T1,0,1,193,14
T2,1,1,200,9
T3,2,1,46,19
T4,3,1,65,2
T5,4,0,115,5
[236]
T1,0,1,83,18
T2,1,1,200,30
T3,2,0,175,17
T4,3,0,29,3
T5,4,0,90,2
[237]
T1,0,1,138,23
T2,1,1,42,10
T3,2,0,67,1
T4,3,1,168,8
T5,4,0,200,20
[238]
T1,0,1,200,58
T2,1,0,112,7
T3,2,1,54,7
T4,3,0,190,13
T5,4,1,44,1
[239]
T1,0,0,188,26
T2,1,0,122,19
T3,2,0,58,1
T4,3,0,200,39
T5,4,1,25,1
[240]
T1,0,0,200,28
T2,1,0,68,14
T3,2,0,182,20
T4,3,1,119,12
T5,4,0,20,2
[241]
T1,0,1,40,2
T2,1,1,200,11
T3,2,0,171,62
T4,3,0,123,5
T5,4,1,144,10
[242]
T1,0,1,200,18
T2,1,1,190,26
T3,2,0,105,24
T4,3,0,63,5
T5,4,1,33,1
[243]
T1,0,0,51,5
T2,1,0,131,17
T3,2,1,200,53
T4,3,1,156,4
T5,4,0,136,10
[244]
T1,0,0,200,46
T2,1,0,140,1
T3,2,0,154,17
T4,3,0,24,3
T5,4,0,122,13
[245]
T1,0,1,190,48
T2,1,1,38,1
T3,2,1,200,11
T4,3,1,135,31
T5,4,1,97,1
[246]
T1,0,0,20,2
T2,1,1,130,4
T3,2,0,56,10
T4,3,1,200,26
T5,4,1,197,26
[247]
T1,0,1,35,3
T2,1,1,200,17
T3,2,0,93,2
T4,3,1,92,2
T5,4,0,180,65
[248]
T1,0,1,200,8
T2,1,1,120,20
T3,2,1,119,15
T4,3,0,20,1
T5,4,1,164,30
[249]
T1,0,1,28,12
T2,1,0,134,6
T3,2,0,109,3
T4,3,1,180,6
T5,4,1,200,6
[250]
T1,0,1,55,13
T2,1,0,152,18
T3,2,0,200,25
T4,3,1,76,6
T5,4,0,22,2
[251]
T1,0,0,75,18
T2,1,0,40,2
T3,2,0,200,35
T4,3,1,160,7
T5,4,1,122,8
[252]
T1,0,1,30,1
T2,1,1,174,2
T3,2,0,58,1
T4,3,0,86,12
T5,4,1,200,73
[253]
T1,0,0,74,13
T2,1,1,200,22
T3,2,0,150,20
T4,3,1,46,6
T5,4,1,123,2
[254]
T1,0,1,50,3
T2,1,1,88,12
T3,2,1,200,61
T4,3,1,164,11
T5,4,1,89,1
[255]
T1,0,0,55,12
T2,1,1,80,7
T3,2,1,200,15
T4,3,0,26,2
T5,4,0,185,24
[256]
T1,0,0,126,10
T2,1,1,84,18
T3,2,0,175,40
T4,3,1,24,1
T5,4,1,200,1
[257]
T1,0,0,200,11
T2,1,0,168,17
T3,2,0,110,14
T4,3,1,31,2
T5,4,0,80,23
[258]
T1,0,1,26,7
T2,1,1,125,2
T3,2,0,188,22
T4,3,0,91,15
T5,4,0,200,1
[259]
T1,0,1,164,14
T2,1,0,200,27
T3,2,1,115,6
T4,3,1,87,26
T5,4,0,30,2
[260]
T1,0,0,113,20
T2,1,1,200,11
T3,2,1,148,8
T4,3,1,48,10
T5,4,1,63,6
[261]
T1,0,1,115,27
T2,1,1,200,4
T3,2,0,152,16
T4,3,1,23,2
T5,4,0,115,21
[262]
T1,0,0,22,3
T2,1,0,113,21
T3,2,1,200,4
T4,3,1,132,2
T5,4,1,186,36
[263]
T1,0,1,185,9
T2,1,0,63,13
T3,2,1,200,22
T4,3,0,63,1
T5,4,0,30,5
[264]
T1,0,1,118,14
T2,1,1,37,3
T3,2,0,100,20
T4,3,1,200,26
T5,4,0,174,6
[265]
T1,0,0,30,3
T2,1,0,192,35
T3,2,1,94,9
T4,3,1,70,14
T5,4,1,200,1
[266]
T1,0,0,24,3
T2,1,0,185,2
T3,2,0,128,18
T4,3,1,82,20
T5,4,0,200,14
[267]
T1,0,1,114,15
T2,1,1,200,24
T3,2,1,190,23
T4,3,0,121,25
T5,4,1,27,2
[268]
T1,0,1,200,1
T2,1,1,159,45
T3,2,1,136,8
T4,3,1,138,21
T5,4,1,53,4
[269]
T1,0,0,141,34
T2,1,0,198,18
T3,2,1,145,18
T4,3,1,25,2
T5,4,1,200,21
[270]
T1,0,0,165,1
T2,1,0,40,9
T3,2,1,200,30
T4,3,0,84,1
T5,4,1,133,24
[271]
T1,0,0,196,32
T2,1,0,200,13
T3,2,1,90,11
T4,3,1,50,5
T5,4,0,66,8
[272]
T1,0,1,132,34
T2,1,0,157,4
T3,2,1,115,29
T4,3,0,200,5
T5,4,0,23,2
[273]
T1,0,0,56,7
T2,1,0,145,37
T3,2,0,170,4
T4,3,0,37,4
T5,4,0,200,14
[274]
T1,0,0,120,1
T2,1,1,159,23
T3,2,1,200,39
T4,3,1,31,1
T5,4,1,139,25
[275]
T1,0,0,114,1
T2,1,0,184,9
T3,2,0,56,10
T4,3,0,200,66
T5,4,1,30,2
[276]
T1,0,1,142,32
T2,1,0,200,2
T3,2,0,155,35
T4,3,1,50,2
T5,4,0,107,9
[277]
T1,0,0,200,3
T2,1,1,111,3
T3,2,1,190,73
T4,3,0,113,16
T5,4,0,30,2
[278]
T1,0,0,48,9
T2,1,1,200,36
T3,2,0,188,13
T4,3,0,122,6
T5,4,0,60,5
[279]
T1,0,0,25,2
T2,1,1,143,22
T3,2,1,192,18
T4,3,1,128,25
T5,4,0,200,10
[280]
T1,0,0,189,37
T2,1,0,45,7
T3,2,1,81,3
T4,3,0,143,2
T5,4,1,200,35
[281]
T1,0,0,121,25
T2,1,1,200,2
T3,2,0,28,2
T4,3,0,160,43
T5,4,0,87,7
[282]
T1,0,1,194,29
T2,1,1,71,2
T3,2,1,200,26
T4,3,1,45,2
T5,4,1,75,16
[283]
T1,0,0,200,3
T2,1,1,54,8
T3,2,0,82,13
T4,3,1,162,35
T5,4,0,80,3
[284]
T1,0,0,137,9
T2,1,1,200,21
T3,2,1,21,1
T4,3,1,126,2
T5,4,0,175,59
[285]
T1,0,1,33,6
T2,1,0,89,12
T3,2,0,200,38
T4,3,1,198,7
T5,4,0,105,5
[286]
T1,0,1,36,2
T2,1,0,200,4
T3,2,1,126,23
T4,3,0,156,51
T5,4,0,59,3
[287]
T1,0,1,196,2
T2,1,0,200,6
T3,2,1,25,5
T4,3,0,76,23
T5,4,1,83,4
[288]
T1,0,1,146,20
T2,1,1,192,52
T3,2,1,35,2
T4,3,1,138,10
T5,4,0,200,7
[289]
T1,0,0,73,8
T2,1,1,148,2
T3,2,1,200,2
T4,3,1,36,3
T5,4,1,60,21
[290]
T1,0,1,22,2
T2,1,0,156,9
T3,2,1,200,14
T4,3,0,130,7
T5,4,1,139,43
[291]
T1,0,0,200,45
T2,1,1,28,3
T3,2,1,64,5
T4,3,1,164,5
T5,4,0,96,11
[292]
T1,0,1,47,12
T2,1,0,81,1
T3,2,1,152,21
T4,3,0,200,10
T5,4,1,80,8
[293]
T1,0,0,64,6
T2,1,0,175,2
T3,2,1,38,8
T4,3,1,200,30
T5,4,0,58,6
[294]
T1,0,1,164,31
T2,1,0,200,10
T3,2,0,120,1
T4,3,0,112,18
T5,4,1,46,8
[295]
T1,0,1,50,2
T2,1,0,87,23
T3,2,0,200,21
T4,3,0,62,3
T5,4,1,171,19
[296]
T1,0,0,182,14
T2,1,1,130,1
T3,2,0,30,8
T4,3,0,200,11
T5,4,0,67,10
[297]
T1,0,0,60,23
T2,1,0,40,3
T3,2,0,200,16
T4,3,0,191,7
T5,4,1,142,1
[298]
T1,0,1,200,7
T2,1,1,111,1
T3,2,0,170,30
T4,3,0,30,5
T5,4,1,94,18
[299]
T1,0,0,85,8
T2,1,0,117,6
T3,2,0,200,2
T4,3,1,160,62
T5,4,0,35,1
[300]
T1,0,0,150,6
T2,1,1,105,3
T3,2,0,200,24
T4,3,0,141,46
T5,4,0,28,1
[301]
T1,0,0,88,2
T2,1,0,177,28
T3,2,0,58,4
T4,3,1,200,31
T5,4,1,33,5
[302]
T1,0,1,74,13
T2,1,0,175,20
T3,2,1,40,5
T4,3,1,57,5
T5,4,1,200,13
[303]
T1,0,0,197,9
T2,1,1,98,18
T3,2,0,200,44
T4,3,1,21,2
T5,4,0,105,10
[304]
T1,0,0,108,6
T2,1,1,200,16
T3,2,0,147,36
T4,3,1,21,3
T5,4,1,106,5
[305]
T1,0,1,72,2
T2,1,0,116,36
T3,2,1,162,10
T4,3,0,200,37
T5,4,0,23,2
[306]
T1,0,0,52,2
T2,1,0,111,23
T3,2,1,144,10
T4,3,0,156,11
T5,4,1,200,48
[307]
T1,0,0,200,20
T2,1,1,189,28
T3,2,0,48,10
T4,3,0,103,2
T5,4,0,63,7
[308]
T1,0,1,154,38
T2,1,1,78,5
T3,2,1,84,1
T4,3,0,34,3
T5,4,1,200,27
[309]
T1,0,0,181,17
T2,1,0,100,15
T3,2,0,94,14
T4,3,0,46,3
T5,4,0,200,23
[310]
T1,0,0,113,3
T2,1,1,22,5
T3,2,0,200,24
T4,3,1,176,24
T5,4,1,85,6
[311]
T1,0,1,200,3
T2,1,1,157,20
T3,2,1,90,21
T4,3,0,62,4
T5,4,1,50,6
[312]
T1,0,1,29,2
T2,1,1,152,32
T3,2,0,57,1
T4,3,1,200,48
T5,4,1,127,11
[313]
T1,0,0,172,10
T2,1,0,139,32
T3,2,1,80,3
T4,3,1,200,11
T5,4,0,51,9
[314]
T1,0,1,68,4
T2,1,0,64,2
T3,2,0,50,24
T4,3,1,200,3
T5,4,1,169,2
[315]
T1,0,0,84,6
T2,1,1,42,2
T3,2,1,182,2
T4,3,0,136,44
T5,4,0,200,34
[316]
T1,0,1,113,4
T2,1,1,30,1
T3,2,0,200,48
T4,3,0,194,38
T5,4,0,100,6
[317]
T1,0,0,177,3
T2,1,1,200,8
T3,2,0,25,2
T4,3,0,63,4
T5,4,0,147,52
[318]
T1,0,1,198,16
T2,1,0,49,15
T3,2,1,115,12
T4,3,0,200,17
T5,4,0,66,2
[319]
T1,0,0,200,28
T2,1,0,72,2
T3,2,1,45,15
T4,3,1,136,1
T5,4,0,173,10
[320]
T1,0,0,159,2
T2,1,1,25,7
T3,2,0,144,12
T4,3,0,68,13
T5,4,0,200,2
[321]
T1,0,1,62,4
T2,1,1,200,33
T3,2,1,156,4
T4,3,0,36,1
T5,4,1,145,40
[322]
T1,0,1,90,5
T2,1,1,126,10
T3,2,1,174,19
T4,3,1,200,21
T5,4,1,50,11
[323]
T1,0,1,20,2
T2,1,1,64,2
T3,2,1,200,27
T4,3,0,58,11
T5,4,0,181,22
[324]
T1,0,0,200,22
T2,1,0,95,9
T3,2,1,56,13
T4,3,1,54,6
T5,4,1,176,4
[325]
T1,0,1,200,2
T2,1,1,70,3
T3,2,0,168,54
T4,3,0,100,12
T5,4,0,31,2
[326]
T1,0,1,192,10
T2,1,0,200,40
T3,2,0,50,8
T4,3,1,102,10
T5,4,1,97,6
[327]
T1,0,1,25,4
T2,1,1,103,22
T3,2,1,61,1
T4,3,0,200,15
T5,4,0,188,15
[328]
T1,0,0,200,13
T2,1,0,30,8
T3,2,1,116,1
T4,3,1,174,38
T5,4,0,69,2
[329]
T1,0,0,116,5
T2,1,1,198,12
T3,2,1,200,88
T4,3,1,104,3
T5,4,1,33,2
[330]
T1,0,0,168,70
T2,1,1,114,5
T3,2,0,110,10
T4,3,0,200,2
T5,4,1,25,2
[331]
T1,0,1,45,9
T2,1,1,116,27
T3,2,0,75,2
T4,3,0,200,21
T5,4,1,198,3
[332]
T1,0,0,200,58
T2,1,1,91,4
T3,2,1,148,16
T4,3,0,40,5
T5,4,1,123,1
[333]
T1,0,1,200,2
T2,1,1,92,5
T3,2,1,185,41
T4,3,1,92,11
T5,4,0,25,4
[334]
T1,0,0,36,5
T2,1,0,200,16
T3,2,0,76,2
T4,3,1,153,13
T5,4,0,141,34
[335]
T1,0,0,200,7
T2,1,1,94,21
T3,2,0,50,11
T4,3,1,154,13
T5,4,0,124,1
[336]
T1,0,1,160,10
T2,1,1,200,81
T3,2,0,78,3
T4,3,0,66,2
T5,4,1,45,3
[337]
T1,0,0,200,10
T2,1,0,78,22
T3,2,1,101,2
T4,3,0,196,7
T5,4,1,50,9
[338]
T1,0,0,102,10
T2,1,0,172,22
T3,2,0,88,26
T4,3,1,24,2
T5,4,0,200,6
[339]
T1,0,1,136,6
T2,1,0,53,6
T3,2,1,127,20
T4,3,1,200,19
T5,4,1,159,26
[340]
T1,0,1,50,6
T2,1,0,130,10
T3,2,1,72,6
T4,3,1,200,14
T5,4,1,177,39
[341]
T1,0,0,35,1
T2,1,0,126,35
T3,2,1,122,13
T4,3,0,200,36
T5,4,0,192,2
[342]
T1,0,0,71,2
T2,1,0,200,18
T3,2,1,68,2
T4,3,1,39,1
T5,4,0,180,77
[343]
T1,0,0,139,1
T2,1,1,36,10
T3,2,1,65,4
T4,3,0,200,28
T5,4,1,170,15
[344]
T1,0,0,85,9
T2,1,0,82,12
T3,2,1,44,2
T4,3,1,200,36
T5,4,1,175,26
[345]
T1,0,1,21,2
T2,1,1,158,19
T3,2,0,70,13
T4,3,1,200,13
T5,4,1,55,4
[346]
T1,0,1,141,22
T2,1,0,25,2
T3,2,1,117,22
T4,3,0,200,41
T5,4,1,150,5
[347]
T1,0,0,200,41
T2,1,0,76,6
T3,2,0,170,5
T4,3,0,44,4
T5,4,0,109,18
[348]
T1,0,0,33,6
T2,1,0,75,15
T3,2,0,138,12
T4,3,1,158,1
T5,4,1,200,22
[349]
T1,0,1,162,47
T2,1,1,84,16
T3,2,1,200,3
T4,3,1,79,2
T5,4,0,24,2
[350]
T1,0,0,176,3
T2,1,0,142,16
T3,2,1,200,67
T4,3,1,20,1
T5,4,1,80,2
[351]
T1,0,1,30,4
T2,1,1,105,9
T3,2,0,135,2
T4,3,1,200,25
T5,4,0,195,45
[352]
T1,0,1,188,22
T2,1,0,200,63
T3,2,0,80,6
T4,3,1,100,8
T5,4,1,21,2
[353]
T1,0,1,103,33
T2,1,1,84,1
T3,2,0,200,31
T4,3,0,180,10
T5,4,1,36,1
[354]
T1,0,0,162,7
T2,1,1,49,2
T3,2,1,135,59
T4,3,0,117,8
T5,4,1,200,2
[355]
T1,0,1,93,2
T2,1,1,196,25
T3,2,1,42,11
T4,3,0,144,24
T5,4,0,200,5
[356]
T1,0,0,200,17
T2,1,1,38,1
T3,2,1,72,7
T4,3,1,94,24
T5,4,1,190,21
[357]
T1,0,1,40,4
T2,1,1,120,12
T3,2,1,200,17
T4,3,0,137,17
T5,4,1,199,34
[358]
T1,0,0,110,17
T2,1,0,181,22
T3,2,1,44,9
T4,3,1,105,2
T5,4,1,200,15
[359]
T1,0,1,200,42
T2,1,1,189,16
T3,2,0,133,7
T4,3,0,21,3
T5,4,0,66,4
[360]
T1,0,1,135,9
T2,1,0,28,4
T3,2,1,200,45
T4,3,0,93,9
T5,4,1,190,5
[361]
T1,0,1,165,52
T2,1,1,56,2
T3,2,0,200,5
T4,3,0,30,2
T5,4,1,65,7
[362]
T1,0,1,200,44
T2,1,0,85,17
T3,2,0,170,7
T4,3,1,101,2
T5,4,0,45,5
[363]
T1,0,0,145,17
T2,1,0,65,6
T3,2,0,36,8
T4,3,0,200,20
T5,4,1,164,7
[364]
T1,0,1,38,2
T2,1,1,200,20
T3,2,1,108,3
T4,3,1,130,26
T5,4,1,175,33
[365]
T1,0,0,62,8
T2,1,0,200,5
T3,2,1,20,5
T4,3,0,185,20
T5,4,1,135,6
[366]
T1,0,1,200,29
T2,1,1,188,2
T3,2,1,112,8
T4,3,1,135,31
T5,4,1,40,5
[367]
T1,0,0,164,10
T2,1,1,68,9
T3,2,1,141,8
T4,3,1,34,2
T5,4,0,200,62
[368]
T1,0,0,200,49
T2,1,1,192,2
T3,2,0,73,12
T4,3,1,28,4
T5,4,0,140,3
[369]
T1,0,0,200,25
T2,1,0,118,13
T3,2,0,102,2
T4,3,1,28,2
T5,4,0,196,68
[370]
T1,0,1,128,45
T2,1,1,200,1
T3,2,0,170,15
T4,3,1,36,3
T5,4,0,112,4
[371]
T1,0,0,200,39
T2,1,0,131,20
T3,2,1,150,23
T4,3,0,42,1
T5,4,0,125,4
[372]
T1,0,0,78,3
T2,1,1,200,33
T3,2,1,192,8
T4,3,1,95,4
T5,4,0,42,13
[373]
T1,0,1,78,3
T2,1,1,145,6
T3,2,0,39,2
T4,3,0,200,35
T5,4,0,154,40
[374]
T1,0,1,99,11
T2,1,1,175,37
T3,2,1,53,5
T4,3,1,140,22
T5,4,0,200,2
[375]
T1,0,1,76,16
T2,1,1,152,10
T3,2,0,200,10
T4,3,1,115,26
T5,4,0,44,2
[376]
T1,0,1,60,3
T2,1,0,200,80
T3,2,1,140,10
T4,3,0,152,4
T5,4,1,20,2
[377]
T1,0,0,200,37
T2,1,1,100,3
T3,2,1,44,7
T4,3,1,177,25
T5,4,1,95,7
[378]
T1,0,0,200,52
T2,1,0,45,6
T3,2,0,100,4
T4,3,0,150,1
T5,4,0,105,14
[379]
T1,0,1,78,19
T2,1,0,30,2
T3,2,0,200,19
T4,3,0,196,20
T5,4,0,140,8
[380]
T1,0,0,77,2
T2,1,1,161,9
T3,2,0,50,13
T4,3,0,129,4
T5,4,0,200,46
[381]
T1,0,0,135,9
T2,1,0,74,5
T3,2,1,30,5
T4,3,0,200,55
T5,4,0,188,2
[382]
T1,0,1,20,2
T2,1,0,196,38
T3,2,0,59,4
T4,3,0,200,37
T5,4,0,115,2
[383]
T1,0,1,161,58
T2,1,1,117,13
T3,2,0,92,7
T4,3,0,200,2
T5,4,1,31,1
[384]
T1,0,1,97,6
T2,1,0,190,43
T3,2,1,42,2
T4,3,1,200,40
T5,4,0,56,4
[385]
T1,0,1,112,23
T2,1,1,200,29
T3,2,0,161,20
T4,3,0,90,2
T5,4,1,30,3
[386]
T1,0,0,165,10
T2,1,0,42,4
T3,2,1,72,1
T4,3,0,200,30
T5,4,1,144,36
[387]
T1,0,0,62,2
T2,1,1,165,10
T3,2,1,24,3
T4,3,1,200,55
T5,4,0,105,8
[388]
T1,0,1,137,12
T2,1,1,103,5
T3,2,1,45,17
T4,3,1,160,5
T5,4,1,200,4
[389]
T1,0,1,200,23
T2,1,1,23,4
T3,2,1,161,1
T4,3,1,102,4
T5,4,0,124,27
[390]
T1,0,0,71,2
T2,1,0,185,43
T3,2,1,125,21
T4,3,0,200,12
T5,4,0,25,2
[391]
T1,0,0,168,9
T2,1,0,114,1
T3,2,0,39,12
T4,3,1,88,2
T5,4,1,200,37
[392]
T1,0,0,25,2
T2,1,1,195,5
T3,2,0,99,4
T4,3,0,200,82
T5,4,0,107,11
[393]
T1,0,0,130,4
T2,1,0,200,21
T3,2,1,182,8
T4,3,1,96,38
T5,4,0,28,2
[394]
T1,0,0,200,41
T2,1,1,117,3
T3,2,0,24,4
T4,3,1,74,8
T5,4,0,172,7
[395]
T1,0,1,40,2
T2,1,1,91,33
T3,2,1,188,16
T4,3,1,80,2
T5,4,1,200,11
[396]
T1,0,1,66,7
T2,1,1,196,55
T3,2,1,104,17
T4,3,0,200,3
T5,4,1,25,2
[397]
T1,0,0,200,16
T2,1,1,84,1
T3,2,1,27,5
T4,3,1,182,21
T5,4,1,93,17
[398]
T1,0,0,32,1
T2,1,0,160,16
T3,2,0,200,6
T4,3,1,77,16
T5,4,1,76,16
[399]
T1,0,0,85,32
T2,1,0,174,1
T3,2,0,83,15
T4,3,1,200,2
T5,4,1,40,2
[400]
T1,0,0,200,32
T2,1,0,196,15
T3,2,1,93,5
T4,3,0,24,1
T5,4,0,137,32
[401]
T1,0,1,91,8
T2,1,0,22,1
T3,2,0,200,41
T4,3,1,94,11
T5,4,0,175,23
[402]
T1,0,1,173,11
T2,1,0,50,2
T3,2,1,200,22
T4,3,1,92,25
T5,4,0,135,18
[403]
T1,0,1,200,20
T2,1,0,165,16
T3,2,0,33,1
T4,3,1,111,16
T5,4,0,88,16
[404]
T1,0,0,200,58
T2,1,0,150,20
T3,2,0,127,16
T4,3,1,38,2
T5,4,1,144,3
[405]
T1,0,1,162,16
T2,1,0,25,4
T3,2,1,64,2
T4,3,1,92,14
T5,4,0,200,29
[406]
T1,0,0,51,2
T2,1,1,102,29
T3,2,0,200,18
T4,3,0,93,15
T5,4,1,187,2
[407]
T1,0,1,67,10
T2,1,1,200,24
T3,2,1,184,7
T4,3,0,45,2
T5,4,1,95,19
[408]
T1,0,1,154,13
T2,1,0,200,61
T3,2,0,140,2
T4,3,0,36,2
T5,4,1,144,18
[409]
T1,0,0,35,5
T2,1,0,200,6
T3,2,1,119,17
T4,3,1,81,1
T5,4,1,164,39
[410]
T1,0,1,200,13
T2,1,0,114,5
T3,2,1,49,5
T4,3,0,105,20
T5,4,1,170,29
[411]
T1,0,0,59,3
T2,1,0,200,17
T3,2,0,174,44
T4,3,0,102,20
T5,4,0,45,2
[412]
T1,0,0,200,4
T2,1,1,64,6
T3,2,0,150,25
T4,3,0,28,5
T5,4,1,74,8
[413]
T1,0,1,130,12
T2,1,1,140,32
T3,2,1,20,1
T4,3,0,148,13
T5,4,1,200,25
[414]
T1,0,0,45,8
T2,1,0,146,25
T3,2,1,200,13
T4,3,0,138,1
T5,4,0,162,22
[415]
T1,0,0,200,49
T2,1,0,136,5
T3,2,1,176,9
T4,3,0,86,11
T5,4,0,48,6
[416]
T1,0,1,188,27
T2,1,1,98,1
T3,2,1,25,4
T4,3,1,200,45
T5,4,1,135,5
[417]
T1,0,0,123,12
T2,1,1,30,8
T3,2,1,106,6
T4,3,0,200,32
T5,4,0,152,2
[418]
T1,0,1,175,4
T2,1,0,200,39
T3,2,0,24,2
T4,3,0,80,20
T5,4,1,132,3
[419]
T1,0,1,20,5
T2,1,1,142,11
T3,2,0,66,9
T4,3,0,200,7
T5,4,1,196,14
[420]
T1,0,1,131,5
T2,1,1,200,2
T3,2,1,165,1
T4,3,0,34,8
T5,4,0,125,36
[421]
T1,0,1,64,3
T2,1,1,25,2
T3,2,0,169,34
T4,3,0,200,57
T5,4,1,101,5
[422]
T1,0,1,35,4
T2,1,1,148,5
T3,2,1,65,16
T4,3,0,72,10
T5,4,1,200,7
[423]
T1,0,1,127,31
T2,1,1,186,18
T3,2,0,70,2
T4,3,0,32,2
T5,4,1,200,40
[424]
T1,0,0,82,6
T2,1,0,115,2
T3,2,0,200,2
T4,3,0,192,76
T5,4,1,40,4
[425]
T1,0,0,64,16
T2,1,0,21,2
T3,2,1,156,6
T4,3,0,85,11
T5,4,1,200,29
[426]
T1,0,1,28,2
T2,1,1,160,2
T3,2,1,200,21
T4,3,0,147,33
T5,4,0,120,21
[427]
T1,0,0,75,2
T2,1,1,161,4
T3,2,0,200,49
T4,3,0,42,4
T5,4,0,112,20
[428]
T1,0,0,190,70
T2,1,1,36,3
T3,2,0,87,3
T4,3,0,200,18
T5,4,0,96,2
[429]
T1,0,0,37,3
T2,1,0,195,2
T3,2,0,63,5
T4,3,0,200,78
T5,4,0,100,2
[430]
T1,0,1,168,13
T2,1,1,139,30
T3,2,0,20,4
T4,3,1,200,6
T5,4,0,132,6
[431]
T1,0,0,145,35
T2,1,0,40,4
T3,2,0,175,8
T4,3,0,200,14
T5,4,1,86,10
[432]
T1,0,0,114,7
T2,1,1,93,2
T3,2,0,184,26
T4,3,0,200,59
T5,4,0,38,3
[433]
T1,0,1,200,3
T2,1,0,171,33
T3,2,0,75,21
T4,3,0,65,4
T5,4,0,50,2
[434]
T1,0,0,77,2
T2,1,1,68,10
T3,2,0,165,23
T4,3,1,30,3
T5,4,1,200,37
[435]
T1,0,0,170,2
T2,1,1,96,16
T3,2,0,32,1
T4,3,0,200,39
T5,4,1,113,19
[436]
T1,0,1,76,5
T2,1,1,173,36
T3,2,1,38,7
T4,3,0,96,9
T5,4,1,200,7
[437]
T1,0,0,28,3
T2,1,0,80,3
T3,2,0,132,20
T4,3,0,170,31
T5,4,0,200,19
[438]
T1,0,0,200,48
T2,1,0,145,7
T3,2,0,44,5
T4,3,1,165,20
T5,4,1,102,5
[439]
T1,0,0,183,2
T2,1,0,200,24
T3,2,1,137,37
T4,3,0,80,1
T5,4,0,54,9
[440]
T1,0,0,110,30
T2,1,1,112,1
T3,2,1,50,2
T4,3,1,200,34
T5,4,0,185,22
[441]
T1,0,0,168,17
T2,1,1,200,34
T3,2,1,66,5
T4,3,0,25,1
T5,4,0,85,14
[442]
T1,0,0,180,3
T2,1,0,35,4
T3,2,0,68,2
T4,3,1,62,15
T5,4,1,200,38
[443]
T1,0,0,116,14
T2,1,0,36,6
T3,2,0,177,4
T4,3,0,200,20
T5,4,1,81,13
[444]
T1,0,1,190,15
T2,1,0,82,3
T3,2,1,200,20
T4,3,1,20,6
T5,4,1,88,5
[445]
T1,0,1,147,9
T2,1,1,200,2
T3,2,1,46,7
T4,3,1,115,42
T5,4,0,158,2
[446]
T1,0,1,66,2
T2,1,1,122,38
T3,2,1,200,2
T4,3,1,175,2
T5,4,0,52,13
[447]
T1,0,0,165,49
T2,1,0,200,20
T3,2,1,106,2
T4,3,1,105,2
T5,4,1,25,4
[448]
T1,0,1,83,19
T2,1,0,110,7
T3,2,0,200,16
T4,3,1,39,7
T5,4,1,168,5
[449]
T1,0,1,141,50
T2,1,0,25,2
T3,2,1,200,15
T4,3,0,160,22
T5,4,0,95,2
[450]
T1,0,1,124,10
T2,1,1,186,12
T3,2,1,200,1
T4,3,0,42,8
T5,4,0,62,14
[451]
T1,0,1,200,19
T2,1,0,55,3
T3,2,1,176,11
T4,3,0,39,13
T5,4,1,83,1
[452]
T1,0,0,200,15
T2,1,1,60,5
T3,2,0,134,23
T4,3,1,153,31
T5,4,1,32,1
[453]
T1,0,0,174,2
T2,1,0,20,6
T3,2,0,72,6
T4,3,1,57,8
T5,4,1,200,3
[454]
T1,0,1,200,30
T2,1,0,184,2
T3,2,0,147,23
T4,3,1,42,6
T5,4,0,64,7
[455]
T1,0,1,194,5
T2,1,0,97,21
T3,2,1,43,4
T4,3,1,56,5
T5,4,1,200,30
[456]
T1,0,1,200,14
T2,1,0,170,41
T3,2,0,22,1
T4,3,1,115,8
T5,4,1,65,10
[457]
T1,0,0,92,4
T2,1,0,200,32
T3,2,1,159,30
T4,3,0,30,2
T5,4,0,135,25
[458]
T1,0,1,170,75
T2,1,1,94,7
T3,2,1,200,4
T4,3,1,35,2
T5,4,1,56,1
[459]
T1,0,1,36,12
T2,1,0,138,5
T3,2,1,200,8
T4,3,0,135,12
T5,4,0,184,16
[460]
T1,0,1,108,13
T2,1,0,200,3
T3,2,1,152,19
T4,3,1,73,17
T5,4,1,27,2
[461]
T1,0,0,200,9
T2,1,0,195,19
T3,2,1,26,2
T4,3,0,81,6
T5,4,0,126,43
[462]
T1,0,0,195,8
T2,1,1,85,12
T3,2,1,51,15
T4,3,0,143,13
T5,4,0,200,1
[463]
T1,0,1,22,2
T2,1,0,200,9
T3,2,1,82,7
T4,3,0,133,23
T5,4,1,175,46
[464]
T1,0,1,111,4
T2,1,1,96,7
T3,2,0,148,8
T4,3,0,200,24
T5,4,0,52,15
[465]
T1,0,0,53,13
T2,1,1,112,13
T3,2,1,156,18
T4,3,0,200,19
T5,4,1,106,1
[466]
T1,0,0,97,14
T2,1,0,200,37
T3,2,1,164,2
T4,3,1,48,9
T5,4,0,78,3
[467]
T1,0,1,53,2
T2,1,0,89,26
T3,2,1,178,6
T4,3,0,122,5
T5,4,0,200,31
[468]
T1,0,0,107,32
T2,1,0,25,2
T3,2,1,111,16
T4,3,0,174,12
T5,4,1,200,12
[469]
T1,0,1,90,7
T2,1,0,192,4
T3,2,1,200,75
T4,3,0,106,3
T5,4,1,41,3
[470]
T1,0,1,153,23
T2,1,0,200,4
T3,2,1,62,2
T4,3,0,31,3
T5,4,1,88,25
[471]
T1,0,0,184,60
T2,1,1,200,10
T3,2,1,138,6
T4,3,0,129,2
T5,4,0,46,6
[472]
T1,0,1,174,23
T2,1,1,200,31
T3,2,1,40,4
T4,3,0,67,13
T5,4,1,70,2
[473]
T1,0,0,200,32
T2,1,1,75,18
T3,2,0,45,4
T4,3,0,183,12
T5,4,1,108,1
[474]
T1,0,1,200,35
T2,1,0,159,19
T3,2,0,125,8
T4,3,1,53,5
T5,4,0,116,13
[475]
T1,0,0,200,38
T2,1,0,41,3
T3,2,1,112,30
T4,3,1,164,1
T5,4,1,128,5
[476]
T1,0,1,151,6
T2,1,0,137,54
T3,2,0,200,6
T4,3,0,40,1
T5,4,0,70,5
[477]
T1,0,1,200,24
T2,1,0,140,8
T3,2,0,98,17
T4,3,0,34,4
T5,4,1,180,20
[478]
T1,0,1,200,46
T2,1,1,70,4
T3,2,0,39,5
T4,3,1,145,1
T5,4,0,150,20
[479]
T1,0,1,45,2
T2,1,0,108,24
T3,2,1,90,2
T4,3,0,200,21
T5,4,0,150,39
[480]
T1,0,1,171,25
T2,1,1,66,3
T3,2,1,51,2
T4,3,0,90,20
T5,4,1,200,25
[481]
T1,0,0,200,1
T2,1,0,181,48
T3,2,1,120,4
T4,3,0,64,10
T5,4,0,25,3
[482]
T1,0,1,200,18
T2,1,1,97,13
T3,2,1,197,5
T4,3,0,48,11
T5,4,0,144,14
[483]
T1,0,1,74,18
T2,1,1,55,1
T3,2,1,24,7
T4,3,0,200,2
T5,4,1,164,3
[484]
T1,0,0,160,23
T2,1,1,33,1
T3,2,1,104,11
T4,3,0,65,11
T5,4,0,200,25
[485]
T1,0,1,49,2
T2,1,0,126,18
T3,2,0,105,20
T4,3,0,200,23
T5,4,1,192,16
[486]
T1,0,0,200,99
T2,1,0,50,2
T3,2,0,154,1
T4,3,1,86,2
T5,4,1,62,2
[487]
T1,0,0,57,1
T2,1,0,36,2
T3,2,1,200,54
T4,3,1,132,27
T5,4,0,165,5
[488]
T1,0,0,156,25
T2,1,1,200,10
T3,2,0,21,3
T4,3,0,72,6
T5,4,1,72,8
[489]
T1,0,0,200,23
T2,1,0,49,2
T3,2,1,78,32
T4,3,1,182,4
T5,4,0,138,6
[490]
T1,0,1,104,20
T2,1,0,82,8
T3,2,0,184,31
T4,3,0,200,10
T5,4,1,24,1
[491]
T1,0,0,200,3
T2,1,0,25,3
T3,2,1,74,12
T4,3,1,162,14
T5,4,0,124,21
[492]
T1,0,1,27,4
T2,1,0,200,6
T3,2,1,72,21
T4,3,1,118,7
T5,4,1,176,5
[493]
T1,0,0,175,25
T2,1,0,200,2
T3,2,1,31,2
T4,3,1,75,30
T5,4,0,75,1
[494]
T1,0,1,40,1
T2,1,1,180,19
T3,2,1,146,2
T4,3,0,200,4
T5,4,1,126,52
[495]
T1,0,0,138,7
T2,1,0,36,2
T3,2,1,175,39
T4,3,0,128,25
T5,4,0,200,12
[496]
T1,0,0,200,8
T2,1,0,20,2
T3,2,0,86,13
T4,3,0,61,2
T5,4,0,160,40
[497]
T1,0,0,122,12
T2,1,0,174,21
T3,2,0,145,16
T4,3,0,200,24
T5,4,0,20,2
[498]
T1,0,1,87,9
T2,1,1,200,1
T3,2,1,170,25
T4,3,0,36,1
T5,4,1,62,18
[499]
T1,0,0,64,5
T2,1,1,40,9
T3,2,1,169,4
T4,3,1,200,31
T5,4,1,83,7
[500]
T1,0,0,20,2
T2,1,0,190,15
T3,2,1,200,27
T4,3,1,89,31
T5,4,0,139,2
