num_task_per_taskset=5
num_taskset=500
//ID,Priority,Offset,Period,Execution Time
[1]
T1,0,0,139,30
T2,1,1,118,8
T3,2,1,152,6
T4,3,1,20,2
T5,4,0,200,47
[2]
T1,0,1,84,18
T2,1,0,52,2
T3,2,1,200,19
T4,3,1,132,19
T5,4,1,154,12
[3]
T1,0,1,196,2
T2,1,0,60,7
T3,2,0,27,2
T4,3,1,200,50
T5,4,0,54,5
[4]
T1,0,1,100,10
T2,1,0,52,6
T3,2,1,200,35
T4,3,1,168,26
T5,4,1,56,1
[5]
T1,0,1,138,4
T2,1,1,200,49
T3,2,1,112,6
T4,3,0,34,1
T5,4,0,175,38
[6]
T1,0,1,200,2
T2,1,1,169,38
T3,2,1,30,4
T4,3,0,131,24
T5,4,0,65,2
[7]
T1,0,1,168,2
T2,1,1,25,5
T3,2,1,86,1
T4,3,1,200,24
T5,4,0,111,28
[8]
T1,0,1,196,10
T2,1,1,120,5
T3,2,1,117,44
T4,3,0,200,12
T5,4,0,21,1
[9]
T1,0,1,175,28
T2,1,0,200,2
T3,2,1,130,5
T4,3,0,138,19
T5,4,1,39,9
[10]
T1,0,1,200,17
T2,1,0,116,30
T3,2,1,198,45
T4,3,1,95,1
T5,4,1,22,2
[11]
T1,0,1,176,4
T2,1,1,141,25
T3,2,0,132,16
T4,3,0,32,7
T5,4,0,200,6
[12]
T1,0,1,200,6
T2,1,0,95,20
T3,2,0,55,2
T4,3,0,182,26
T5,4,1,52,8
[13]
T1,0,0,174,13
T2,1,1,131,12
T3,2,1,200,55
T4,3,0,80,5
T5,4,1,24,2
[14]
T1,0,0,44,2
T2,1,1,88,5
T3,2,0,200,60
T4,3,1,190,2
T5,4,0,57,12
[15]
T1,0,0,100,2
T2,1,0,161,19
T3,2,1,95,6
T4,3,0,27,1
T5,4,0,200,63
[16]
T1,0,0,71,5
T2,1,1,129,2
T3,2,1,180,24
T4,3,0,200,57
T5,4,0,27,2
[17]
T1,0,1,150,10
T2,1,0,106,23
T3,2,0,32,7
T4,3,1,200,13
T5,4,1,66,1
[18]
T1,0,1,200,4
T2,1,1,25,5
T3,2,0,194,2
T4,3,1,128,10
T5,4,0,72,20
[19]
T1,0,1,170,11
T2,1,0,103,7
T3,2,1,200,21
T4,3,0,100,16
T5,4,1,21,3
[20]
T1,0,1,200,2
T2,1,0,23,5
T3,2,0,70,2
T4,3,0,190,11
T5,4,1,72,22
[21]
T1,0,0,198,4
T2,1,0,132,26
T3,2,1,70,9
T4,3,0,200,6
T5,4,0,45,9
[22]
T1,0,0,120,30
T2,1,0,42,5
T3,2,0,200,1
T4,3,1,148,2
T5,4,1,70,12
[23]
T1,0,1,132,22
T2,1,1,198,2
T3,2,0,200,1
T4,3,0,77,4
T5,4,0,41,14
[24]
T1,0,0,200,23
T2,1,0,71,5
T3,2,0,70,9
T4,3,1,28,5
T5,4,1,148,13
[25]
T1,0,1,71,1
T2,1,0,200,48
T3,2,0,58,2
T4,3,0,37,4
T5,4,0,150,24
[26]
T1,0,0,78,6
T2,1,1,169,23
T3,2,0,52,6
T4,3,1,200,44
T5,4,0,56,1
[27]
T1,0,1,200,30
T2,1,0,45,13
T3,2,1,142,2
T4,3,1,95,1
T5,4,0,175,23
[28]
T1,0,1,200,5
T2,1,0,126,43
T3,2,0,28,1
T4,3,1,65,6
T5,4,0,192,11
[29]
T1,0,0,176,18
T2,1,0,117,30
T3,2,0,33,6
T4,3,0,138,2
T5,4,1,200,6
[30]
T1,0,0,135,6
T2,1,1,200,8
T3,2,0,172,2
T4,3,0,108,46
T5,4,0,24,1
[31]
T1,0,1,118,16
T2,1,0,186,8
T3,2,0,48,5
T4,3,1,200,58
T5,4,1,69,2
[32]
T1,0,1,200,28
T2,1,1,123,3
T3,2,1,52,3
T4,3,0,110,15
T5,4,1,156,31
[33]
T1,0,0,200,14
T2,1,0,125,26
T3,2,0,20,3
T4,3,0,187,4
T5,4,1,138,17
[34]
T1,0,0,143,3
T2,1,0,200,23
T3,2,1,22,4
T4,3,1,175,20
T5,4,1,100,12
[35]
T1,0,0,84,19
T2,1,1,200,37
T3,2,1,156,4
T4,3,0,115,1
T5,4,1,24,3
[36]
T1,0,1,120,29
T2,1,0,200,20
T3,2,0,189,21
T4,3,1,30,2
T5,4,1,111,12
[37]
T1,0,1,160,9
T2,1,0,54,5
T3,2,1,200,70
T4,3,1,85,2
T5,4,1,20,1
[38]
T1,0,1,77,20
T2,1,1,160,2
T3,2,0,72,18
T4,3,0,200,5
T5,4,1,33,1
[39]
T1,0,1,200,9
T2,1,0,44,8
T3,2,0,165,23
T4,3,0,86,1
T5,4,0,121,23
[40]
T1,0,1,172,5
T2,1,1,60,2
T3,2,0,30,8
T4,3,0,105,3
T5,4,0,200,40
[41]
T1,0,0,117,8
T2,1,1,165,29
T3,2,1,33,2
T4,3,1,200,53
T5,4,1,111,1
[42]
T1,0,1,25,2
T2,1,0,200,27
T3,2,1,66,13
T4,3,0,186,37
T5,4,0,141,2
[43]
T1,0,0,200,9
T2,1,0,180,66
T3,2,0,62,2
T4,3,1,104,11
T5,4,0,51,1
[44]
T1,0,0,164,26
T2,1,0,40,5
T3,2,0,95,7
T4,3,1,57,3
T5,4,1,200,29
[45]
T1,0,1,140,56
T2,1,0,131,1
T3,2,1,148,6
T4,3,1,20,1
T5,4,0,200,14
[46]
T1,0,0,114,8
T2,1,1,20,5
T3,2,0,153,2
T4,3,0,200,18
T5,4,0,141,18
[47]
T1,0,0,22,2
T2,1,0,120,17
T3,2,1,200,16
T4,3,1,159,6
T5,4,0,106,34
[48]
T1,0,1,200,90
T2,1,1,69,4
T3,2,1,28,1
T4,3,0,109,2
T5,4,0,150,2
[49]
T1,0,0,85,5
T2,1,1,200,36
T3,2,0,150,10
T4,3,0,118,28
T5,4,0,43,1
[50]
T1,0,1,154,27
T2,1,0,100,2
T3,2,1,200,27
T4,3,0,64,9
T5,4,0,42,5
[51]
T1,0,0,124,17
T2,1,1,103,4
T3,2,1,42,2
T4,3,0,150,23
T5,4,1,200,41
[52]
T1,0,1,136,9
T2,1,0,161,2
T3,2,1,92,13
T4,3,0,200,54
T5,4,0,46,4
[53]
T1,0,1,147,22
T2,1,1,50,4
T3,2,1,124,15
T4,3,0,174,24
T5,4,1,200,18
[54]
T1,0,0,200,57
T2,1,0,184,17
T3,2,1,61,2
T4,3,0,42,3
T5,4,0,69,9
[55]
T1,0,0,60,10
T2,1,0,32,2
T3,2,0,200,11
T4,3,1,80,20
T5,4,0,154,7
[56]
T1,0,0,200,8
T2,1,0,79,4
T3,2,0,77,5
T4,3,0,148,30
T5,4,1,40,8
[57]
T1,0,0,152,18
T2,1,0,102,2
T3,2,1,118,47
T4,3,1,200,12
T5,4,0,24,2
[58]
T1,0,1,200,14
T2,1,1,174,8
T3,2,1,24,1
T4,3,1,115,2
T5,4,0,117,44
[59]
T1,0,1,192,55
T2,1,1,111,3
T3,2,1,28,4
T4,3,0,200,14
T5,4,1,144,8
[60]
T1,0,0,200,72
T2,1,0,44,2
T3,2,0,80,3
T4,3,0,73,11
T5,4,1,150,4
[61]
T1,0,1,114,20
T2,1,1,31,2
T3,2,1,102,28
T4,3,0,152,10
T5,4,1,200,7
[62]
T1,0,0,70,19
T2,1,0,50,1
T3,2,1,100,4
T4,3,0,163,33
T5,4,1,200,7
[63]
T1,0,1,200,7
T2,1,0,176,20
T3,2,1,26,4
T4,3,1,80,5
T5,4,1,64,12
[64]
T1,0,1,166,23
T2,1,0,30,7
T3,2,1,200,21
T4,3,0,132,5
T5,4,0,124,5
[65]
T1,0,0,34,3
T2,1,1,191,62
T3,2,0,200,1
T4,3,0,100,2
T5,4,0,67,11
[66]
T1,0,1,40,5
T2,1,0,101,2
T3,2,0,200,48
T4,3,1,92,3
T5,4,0,175,27
[67]
T1,0,0,67,1
T2,1,0,141,34
T3,2,1,20,1
T4,3,1,190,42
T5,4,1,200,4
[68]
T1,0,1,94,15
T2,1,1,105,20
T3,2,0,200,22
T4,3,1,48,2
T5,4,1,150,13
[69]
T1,0,0,184,57
T2,1,1,104,3
T3,2,1,200,3
T4,3,0,38,2
T5,4,0,60,9
[70]
T1,0,1,77,2
T2,1,0,59,17
T3,2,1,166,12
T4,3,0,200,9
T5,4,0,40,7
[71]
T1,0,1,190,17
T2,1,1,59,3
T3,2,0,112,24
T4,3,1,49,6
T5,4,1,200,20
[72]
T1,0,0,190,19
T2,1,0,86,13
T3,2,1,24,4
T4,3,1,93,14
T5,4,1,200,2
[73]
T1,0,1,33,4
T2,1,1,156,19
T3,2,1,117,1
T4,3,0,200,60
T5,4,1,109,2
[74]
T1,0,0,150,16
T2,1,0,106,8
T3,2,1,50,6
T4,3,1,200,25
T5,4,1,82,12
[75]
T1,0,0,61,1
T2,1,1,167,10
T3,2,1,140,42
T4,3,1,25,3
T5,4,1,200,12
[76]
T1,0,1,200,5
T2,1,1,187,35
T3,2,0,40,7
T4,3,0,105,17
T5,4,0,64,2
[77]
T1,0,1,45,8
T2,1,1,57,8
T3,2,0,200,30
T4,3,1,162,11
T5,4,1,98,3
[78]
T1,0,1,186,2
T2,1,1,200,13
T3,2,1,50,2
T4,3,1,133,35
T5,4,0,105,21
[79]
T1,0,0,58,2
T2,1,1,144,6
T3,2,0,54,5
T4,3,1,165,53
T5,4,1,200,18
[80]
T1,0,0,200,39
T2,1,1,56,3
T3,2,1,75,3
T4,3,1,176,51
T5,4,0,43,2
[81]
T1,0,1,103,49
T2,1,1,200,2
T3,2,1,152,4
T4,3,0,27,2
T5,4,0,63,4
[82]
T1,0,0,122,10
T2,1,1,200,11
T3,2,1,101,7
T4,3,0,32,10
T5,4,0,150,6
[83]
T1,0,0,200,32
T2,1,1,33,2
T3,2,0,71,2
T4,3,0,164,34
T5,4,0,123,15
[84]
T1,0,1,105,9
T2,1,1,64,6
T3,2,1,51,1
T4,3,0,200,61
T5,4,0,170,11
[85]
T1,0,1,21,2
T2,1,0,62,13
T3,2,1,200,10
T4,3,0,180,1
T5,4,1,82,17
[86]
T1,0,1,139,31
T2,1,1,99,13
T3,2,0,170,2
T4,3,1,200,31
T5,4,0,34,2
[87]
T1,0,0,200,12
T2,1,1,88,2
T3,2,1,50,15
T4,3,0,87,14
T5,4,0,164,10
[88]
T1,0,0,150,2
T2,1,1,111,29
T3,2,0,200,11
T4,3,0,36,6
T5,4,0,147,10
[89]
T1,0,0,39,10
T2,1,0,96,7
T3,2,1,200,3
T4,3,0,106,9
T5,4,1,162,23
[90]
T1,0,0,118,29
T2,1,0,171,8
T3,2,1,20,1
T4,3,1,200,22
T5,4,1,140,18
[91]
T1,0,0,30,2
T2,1,1,63,13
T3,2,0,200,8
T4,3,0,135,34
T5,4,0,175,2
[92]
T1,0,0,46,4
T2,1,1,180,8
T3,2,1,136,15
T4,3,1,85,26
T5,4,0,200,7
[93]
T1,0,1,25,2
T2,1,0,200,38
T3,2,1,135,9
T4,3,0,133,3
T5,4,0,165,36
[94]
T1,0,0,157,31
T2,1,1,82,7
T3,2,1,144,9
T4,3,0,20,1
T5,4,1,200,29
[95]
T1,0,0,36,2
T2,1,1,175,9
T3,2,1,200,29
T4,3,0,106,14
T5,4,0,129,33
[96]
T1,0,0,85,18
T2,1,0,75,2
T3,2,0,30,2
T4,3,0,200,1
T5,4,1,168,50
[97]
T1,0,0,36,3
T2,1,1,106,10
T3,2,1,100,5
T4,3,1,163,14
T5,4,0,200,49
[98]
T1,0,0,90,15
T2,1,0,200,15
T3,2,1,48,1
T4,3,1,194,21
T5,4,1,94,19
[99]
T1,0,0,167,20
T2,1,0,20,2
T3,2,1,200,25
T4,3,0,60,4
T5,4,0,132,22
[100]
T1,0,1,37,5
T2,1,1,170,16
T3,2,1,70,9
T4,3,1,70,8
T5,4,1,200,18
[101]
T1,0,1,68,9
T2,1,0,96,15
T3,2,0,20,3
T4,3,0,200,20
T5,4,0,181,7
[102]
T1,0,0,165,41
T2,1,0,122,16
T3,2,0,200,21
T4,3,0,123,8
T5,4,1,48,1
[103]
T1,0,1,118,18
T2,1,0,150,5
T3,2,1,200,5
T4,3,1,45,7
T5,4,1,104,22
[104]
T1,0,1,192,3
T2,1,1,40,8
T3,2,1,200,21
T4,3,1,147,1
T5,4,0,59,14
[105]
T1,0,1,88,2
T2,1,0,22,6
T3,2,1,200,25
T4,3,0,175,25
T5,4,1,91,2
[106]
T1,0,0,33,2
T2,1,0,200,6
T3,2,1,188,71
T4,3,0,120,8
T5,4,0,139,14
[107]
T1,0,0,24,6
T2,1,1,80,7
T3,2,0,167,17
T4,3,1,64,2
T5,4,1,200,18
[108]
T1,0,0,25,3
T2,1,0,169,57
T3,2,1,116,3
T4,3,1,118,2
T5,4,1,200,15
[109]
T1,0,1,84,9
T2,1,1,196,4
T3,2,0,104,11
T4,3,0,48,11
T5,4,1,200,24
[110]
T1,0,0,200,22
T2,1,1,162,27
T3,2,0,115,2
T4,3,0,137,22
T5,4,0,23,3
[111]
T1,0,0,91,25
T2,1,0,61,6
T3,2,0,200,9
T4,3,1,30,2
T5,4,0,150,14
[112]
T1,0,1,40,3
T2,1,1,103,6
T3,2,1,88,25
T4,3,0,156,7
T5,4,0,200,21
[113]
T1,0,0,126,32
T2,1,1,200,10
T3,2,1,30,3
T4,3,1,175,24
T5,4,1,106,3
[114]
T1,0,1,130,21
T2,1,0,111,1
T3,2,0,200,40
T4,3,0,40,6
T5,4,0,182,11
[115]
T1,0,0,49,1
T2,1,1,78,2
T3,2,0,152,60
T4,3,0,95,10
T5,4,0,200,3
[116]
T1,0,0,65,4
T2,1,1,25,7
T3,2,1,200,2
T4,3,1,187,1
T5,4,0,83,17
[117]
T1,0,0,80,11
T2,1,0,171,34
T3,2,0,200,6
T4,3,0,115,11
T5,4,0,25,3
[118]
T1,0,0,200,3
T2,1,0,140,13
T3,2,1,165,62
T4,3,0,113,10
T5,4,0,33,2
[119]
T1,0,1,200,30
T2,1,0,143,5
T3,2,1,52,16
T4,3,0,195,5
T5,4,1,130,9
[120]
T1,0,0,200,17
T2,1,0,167,16
T3,2,0,80,3
T4,3,1,65,11
T5,4,1,20,4
[121]
T1,0,0,200,8
T2,1,1,181,24
T3,2,0,21,2
T4,3,0,105,2
T5,4,1,94,36
[122]
T1,0,0,139,22
T2,1,1,74,15
T3,2,1,190,21
T4,3,1,25,2
T5,4,0,200,8
[123]
T1,0,1,45,4
T2,1,1,200,26
T3,2,0,150,49
T4,3,1,133,4
T5,4,0,115,2
[124]
T1,0,0,72,4
T2,1,1,58,15
T3,2,1,176,2
T4,3,0,200,49
T5,4,0,25,2
[125]
T1,0,0,180,32
T2,1,0,91,9
T3,2,0,72,2
T4,3,1,39,2
T5,4,0,200,56
[126]
T1,0,0,111,19
T2,1,1,109,19
T3,2,1,184,4
T4,3,1,200,7
T5,4,0,20,3
[127]
T1,0,0,62,3
T2,1,1,150,2
T3,2,1,111,2
T4,3,1,200,10
T5,4,0,20,9
[128]
T1,0,0,182,53
T2,1,1,35,3
T3,2,0,132,12
T4,3,1,200,2
T5,4,1,84,8
[129]
T1,0,1,174,41
T2,1,0,200,10
T3,2,0,114,19
T4,3,1,69,6
T5,4,1,24,2
[130]
T1,0,1,92,15
T2,1,1,25,2
T3,2,1,170,24
T4,3,1,119,27
T5,4,1,200,7
[131]
T1,0,1,28,2
T2,1,0,150,14
T3,2,1,140,6
T4,3,0,72,14
T5,4,0,200,46
[132]
T1,0,1,98,4
T2,1,1,25,6
T3,2,0,200,10
T4,3,0,148,16
T5,4,0,63,8
[133]
T1,0,1,200,7
T2,1,0,40,4
T3,2,0,146,54
T4,3,0,172,7
T5,4,0,112,3
[134]
T1,0,0,200,19
T2,1,0,29,10
T3,2,1,127,5
T4,3,0,150,9
T5,4,1,124,5
[135]
T1,0,0,200,14
T2,1,1,152,40
T3,2,1,116,3
T4,3,0,32,6
T5,4,0,71,1
[136]
T1,0,1,43,2
T2,1,1,200,5
T3,2,1,119,3
T4,3,1,88,18
T5,4,0,175,48
[137]
T1,0,1,200,42
T2,1,0,150,23
T3,2,1,120,2
T4,3,1,27,1
T5,4,0,92,17
[138]
T1,0,1,175,34
T2,1,1,200,11
T3,2,0,48,10
T4,3,0,61,2
T5,4,0,83,9
[139]
T1,0,1,200,11
T2,1,1,126,8
T3,2,1,158,12
T4,3,1,118,9
T5,4,1,50,15
[140]
T1,0,1,114,2
T2,1,0,169,14
T3,2,1,52,9
T4,3,0,200,19
T5,4,1,58,13
[141]
T1,0,1,147,4
T2,1,0,200,31
T3,2,1,115,18
T4,3,0,131,7
T5,4,0,21,4
[142]
T1,0,0,34,7
T2,1,0,168,1
T3,2,0,200,10
T4,3,1,75,5
T5,4,1,131,31
[143]
T1,0,0,200,9
T2,1,0,80,18
T3,2,0,38,6
T4,3,1,80,11
T5,4,0,182,4
[144]
T1,0,0,44,2
T2,1,1,200,1
T3,2,0,111,13
T4,3,0,100,12
T5,4,0,193,67
[145]
T1,0,0,197,89
T2,1,1,65,4
T3,2,0,52,2
T4,3,0,89,5
T5,4,0,200,1
[146]
T1,0,0,112,9
T2,1,1,195,22
T3,2,1,200,31
T4,3,1,75,2
T5,4,0,27,5
[147]
T1,0,0,102,29
T2,1,1,40,2
T3,2,1,200,15
T4,3,0,187,31
T5,4,0,100,5
[148]
T1,0,0,83,8
T2,1,0,123,32
T3,2,0,200,34
T4,3,1,20,2
T5,4,0,160,5
[149]
T1,0,1,40,3
T2,1,1,174,20
T3,2,0,109,16
T4,3,0,110,15
T5,4,1,200,20
[150]
T1,0,1,37,12
T2,1,1,200,2
T3,2,0,75,8
T4,3,1,114,15
T5,4,0,190,3
[151]
T1,0,1,60,1
T2,1,1,200,5
T3,2,1,175,53
T4,3,0,129,5
T5,4,0,30,6
[152]
T1,0,0,155,11
T2,1,1,96,4
T3,2,0,30,10
T4,3,0,200,25
T5,4,1,96,2
[153]
T1,0,1,184,22
T2,1,0,200,36
T3,2,0,94,11
T4,3,1,75,12
T5,4,1,24,2
[154]
T1,0,0,101,5
T2,1,0,200,54
T3,2,1,185,16
T4,3,0,99,12
T5,4,1,36,2
[155]
T1,0,1,46,1
T2,1,1,110,5
T3,2,0,200,29
T4,3,0,123,9
T5,4,1,198,56
[156]
T1,0,0,111,3
T2,1,1,156,9
T3,2,0,140,37
T4,3,1,51,10
T5,4,0,200,5
[157]
T1,0,0,170,10
T2,1,0,200,21
T3,2,0,88,2
T4,3,0,36,6
T5,4,1,90,22
[158]
T1,0,0,24,6
T2,1,1,200,24
T3,2,0,74,2
T4,3,1,127,10
T5,4,1,175,17
[159]
T1,0,0,20,2
T2,1,1,188,8
T3,2,0,63,4
T4,3,1,200,69
T5,4,0,65,2
[160]
T1,0,1,38,2
T2,1,0,80,8
T3,2,0,126,17
T4,3,1,150,43
T5,4,0,200,1
[161]
T1,0,1,189,23
T2,1,1,49,5
T3,2,0,200,37
T4,3,0,110,8
T5,4,0,70,6
[162]
T1,0,1,47,2
T2,1,0,59,2
T3,2,1,124,9
T4,3,0,200,12
T5,4,0,155,55
[163]
T1,0,0,200,16
T2,1,1,33,6
T3,2,0,100,6
T4,3,1,183,44
T5,4,0,88,1
[164]
T1,0,0,200,6
T2,1,1,59,4
T3,2,0,98,13
T4,3,0,196,31
T5,4,0,33,6
[165]
T1,0,0,45,3
T2,1,0,81,5
T3,2,0,200,22
T4,3,0,168,19
T5,4,1,92,21
[166]
T1,0,1,126,7
T2,1,1,148,21
T3,2,0,200,23
T4,3,1,42,8
T5,4,0,125,9
[167]
T1,0,1,200,20
T2,1,0,20,2
T3,2,0,88,5
T4,3,0,157,1
T5,4,0,99,30
[168]
T1,0,0,20,2
T2,1,1,132,12
T3,2,0,168,19
T4,3,0,200,66
T5,4,1,75,2
[169]
T1,0,1,20,1
T2,1,0,200,16
T3,2,1,122,29
T4,3,1,190,27
T5,4,0,100,3
[170]
T1,0,1,200,12
T2,1,0,144,7
T3,2,1,89,23
T4,3,0,32,3
T5,4,1,178,19
[171]
T1,0,1,180,1
T2,1,1,82,2
T3,2,0,33,2
T4,3,0,105,47
T5,4,0,200,4
[172]
T1,0,0,200,32
T2,1,0,176,18
T3,2,1,88,12
T4,3,1,55,1
T5,4,1,39,6
[173]
T1,0,1,182,8
T2,1,0,64,5
T3,2,1,32,14
T4,3,0,200,3
T5,4,0,115,2
[174]
T1,0,1,200,10
T2,1,0,56,1
T3,2,1,166,17
T4,3,0,120,37
T5,4,1,35,3
[175]
T1,0,1,72,3
T2,1,0,167,50
T3,2,0,42,2
T4,3,0,200,6
T5,4,0,100,20
[176]
T1,0,1,200,47
T2,1,0,144,2
T3,2,1,75,11
T4,3,0,20,2
T5,4,1,186,6
[177]
T1,0,1,33,8
T2,1,1,165,21
T3,2,0,128,2
T4,3,1,105,17
T5,4,1,200,8
[178]
T1,0,0,137,7
T2,1,0,100,6
T3,2,1,44,4
T4,3,1,163,2
T5,4,0,200,70
[179]
T1,0,0,78,3
T2,1,0,94,21
T3,2,1,200,30
T4,3,1,30,2
T5,4,0,154,21
[180]
T1,0,1,200,8
T2,1,0,88,4
T3,2,0,20,3
T4,3,0,95,8
T5,4,1,196,50
[181]
T1,0,1,92,2
T2,1,1,165,8
T3,2,0,45,3
T4,3,0,200,21
T5,4,1,98,34
[182]
T1,0,0,150,2
T2,1,1,200,19
T3,2,0,107,10
T4,3,0,22,7
T5,4,0,90,6
[183]
T1,0,1,76,11
T2,1,0,200,2
T3,2,0,152,38
T4,3,0,20,2
T5,4,0,65,11
[184]
T1,0,1,162,10
T2,1,1,98,6
T3,2,0,200,8
T4,3,0,96,13
T5,4,0,40,11
[185]
T1,0,0,68,2
T2,1,1,200,26
T3,2,1,51,7
T4,3,0,86,2
T5,4,0,166,46
[186]
T1,0,0,90,2
T2,1,1,50,18
T3,2,1,186,19
T4,3,0,79,6
T5,4,1,200,5
[187]
T1,0,0,71,11
T2,1,0,63,11
T3,2,1,50,2
T4,3,1,168,17
T5,4,1,200,28
[188]
T1,0,0,91,7
T2,1,0,49,2
T3,2,1,200,27
T4,3,0,168,17
T5,4,0,65,14
[189]
T1,0,1,200,38
T2,1,0,176,17
T3,2,1,145,18
T4,3,1,40,3
T5,4,1,77,6
[190]
T1,0,0,115,13
T2,1,0,161,9
T3,2,0,200,16
T4,3,1,88,23
T5,4,1,29,2
[191]
T1,0,1,68,5
T2,1,1,200,45
T3,2,1,90,16
T4,3,0,20,1
T5,4,0,167,4
[192]
T1,0,0,198,47
T2,1,0,200,6
T3,2,0,76,7
T4,3,0,30,5
T5,4,1,129,3
[193]
T1,0,0,153,5
T2,1,1,102,5
T3,2,1,200,14
T4,3,0,52,16
T5,4,0,114,13
[194]
T1,0,1,142,16
T2,1,0,182,2
T3,2,1,35,16
T4,3,0,200,1
T5,4,0,75,2
[195]
T1,0,1,121,9
T2,1,0,200,54
T3,2,0,186,28
T4,3,1,48,2
T5,4,1,120,10
[196]
T1,0,0,107,9
T2,1,0,200,37
T3,2,1,121,14
T4,3,1,33,4
T5,4,1,165,11
[197]
T1,0,0,28,3
T2,1,1,200,41
T3,2,1,62,2
T4,3,0,144,19
T5,4,1,171,20
[198]
T1,0,1,200,13
T2,1,0,56,12
T3,2,1,176,14
T4,3,0,115,18
T5,4,0,42,2
[199]
T1,0,0,41,5
T2,1,1,150,2
T3,2,1,55,21
T4,3,1,200,5
T5,4,1,147,4
[200]
T1,0,1,200,14
T2,1,1,186,81
T3,2,0,55,1
T4,3,0,45,2
T5,4,0,128,2
[201]
T1,0,1,144,6
T2,1,1,163,18
T3,2,0,200,54
T4,3,0,100,2
T5,4,0,50,7
[202]
T1,0,1,117,18
T2,1,1,135,32
T3,2,1,200,8
T4,3,0,171,27
T5,4,0,27,2
[203]
T1,0,0,200,16
T2,1,0,44,15
T3,2,1,80,7
T4,3,1,55,1
T5,4,1,164,8
[204]
T1,0,0,148,2
T2,1,0,132,18
T3,2,0,111,31
T4,3,1,200,25
T5,4,0,32,1
[205]
T1,0,0,200,31
T2,1,1,132,2
T3,2,0,162,49
T4,3,1,20,1
T5,4,0,95,4
[206]
T1,0,0,169,18
T2,1,0,88,7
T3,2,0,25,2
T4,3,0,200,17
T5,4,0,78,23
[207]
T1,0,1,65,5
T2,1,1,93,2
T3,2,1,28,5
T4,3,1,200,8
T5,4,1,180,41
[208]
T1,0,1,134,15
T2,1,1,150,33
T3,2,0,200,9
T4,3,1,80,11
T5,4,1,46,3
[209]
T1,0,1,181,8
T2,1,1,200,39
T3,2,0,112,11
T4,3,0,20,2
T5,4,1,104,10
[210]
T1,0,1,200,23
T2,1,0,60,9
T3,2,0,84,8
T4,3,1,176,12
T5,4,1,54,7
[211]
T1,0,1,192,63
T2,1,0,200,13
T3,2,0,101,5
T4,3,1,140,9
T5,4,1,33,2
[212]
T1,0,0,30,4
T2,1,0,124,3
T3,2,1,98,22
T4,3,0,200,1
T5,4,1,155,30
[213]
T1,0,0,25,3
T2,1,1,119,7
T3,2,0,140,5
T4,3,0,175,15
T5,4,1,200,53
[214]
T1,0,1,180,39
T2,1,1,118,6
T3,2,0,200,39
T4,3,0,32,1
T5,4,1,85,7
[215]
T1,0,1,64,1
T2,1,0,200,7
T3,2,1,32,1
T4,3,1,195,34
T5,4,0,65,21
[216]
T1,0,0,172,74
T2,1,0,130,2
T3,2,0,200,8
T4,3,0,138,10
T5,4,0,46,1
[217]
T1,0,1,162,15
T2,1,0,80,9
T3,2,0,60,2
T4,3,1,51,18
T5,4,1,200,4
[218]
T1,0,0,200,3
T2,1,0,110,7
T3,2,0,152,5
T4,3,1,78,13
T5,4,1,52,15
[219]
T1,0,0,103,9
T2,1,0,191,41
T3,2,0,45,4
T4,3,0,200,10
T5,4,0,75,10
[220]
T1,0,1,30,5
T2,1,0,200,1
T3,2,0,139,9
T4,3,0,69,5
T5,4,1,171,45
[221]
T1,0,0,130,12
T2,1,1,84,22
T3,2,1,200,7
T4,3,1,170,6
T5,4,0,30,4
[222]
T1,0,1,189,29
T2,1,0,133,12
T3,2,0,66,2
T4,3,0,200,42
T5,4,1,27,2
[223]
T1,0,0,82,17
T2,1,1,44,2
T3,2,1,200,58
T4,3,1,175,3
T5,4,0,115,7
[224]
T1,0,0,200,23
T2,1,1,87,4
T3,2,1,100,18
T4,3,1,177,11
T5,4,0,39,6
[225]
T1,0,0,200,23
T2,1,0,42,2
T3,2,1,169,2
T4,3,0,78,17
T5,4,1,54,13
[226]
T1,0,0,34,2
T2,1,1,168,10
T3,2,0,120,7
T4,3,1,200,33
T5,4,1,140,42
[227]
T1,0,1,52,2
T2,1,1,75,5
T3,2,1,65,9
T4,3,1,190,47
T5,4,1,200,24
[228]
T1,0,1,100,5
T2,1,1,98,1
T3,2,1,28,8
T4,3,0,198,29
T5,4,0,200,20
[229]
T1,0,1,58,4
T2,1,1,200,2
T3,2,1,24,7
T4,3,1,196,38
T5,4,0,66,2
[230]
T1,0,0,30,5
T2,1,1,200,2
T3,2,1,156,1
T4,3,1,133,29
T5,4,0,127,21
[231]
T1,0,1,186,54
T2,1,0,31,1
T3,2,0,200,11
T4,3,0,114,15
T5,4,0,68,3
[232]
T1,0,1,56,10
T2,1,1,200,2
T3,2,0,113,1
T4,3,0,40,11
T5,4,1,191,14
[233]
T1,0,1,131,4
T2,1,0,53,3
T3,2,0,185,26
T4,3,1,200,10
T5,4,0,74,22
[234]
T1,0,0,200,24
T2,1,0,167,12
T3,2,0,58,1
T4,3,0,80,19
T5,4,1,24,3
[235]
T1,0,0,91,5
T2,1,1,121,6
T3,2,1,200,37
T4,3,1,32,4
T5,4,0,196,30
[236]
T1,0,1,96,2
T2,1,1,188,30
T3,2,1,30,2
T4,3,0,200,42
T5,4,0,62,10
[237]
T1,0,0,144,20
T2,1,1,43,2
T3,2,1,192,6
T4,3,1,200,24
T5,4,1,105,31
[238]
T1,0,1,45,5
T2,1,0,136,11
T3,2,1,171,24
T4,3,1,60,13
T5,4,1,200,6
[239]
T1,0,1,92,13
T2,1,0,200,24
T3,2,1,192,3
T4,3,1,134,17
T5,4,1,50,9
[240]
T1,0,0,78,10
T2,1,1,200,36
T3,2,0,94,3
T4,3,1,48,5
T5,4,1,188,25
[241]
T1,0,1,200,45
T2,1,0,93,2
T3,2,0,180,40
T4,3,1,33,3
T5,4,1,131,3
[242]
T1,0,0,138,14
T2,1,0,200,2
T3,2,0,127,40
T4,3,1,185,15
T5,4,0,20,1
[243]
T1,0,0,131,13
T2,1,1,200,33
T3,2,0,80,9
T4,3,1,36,4
T5,4,0,161,15
[244]
T1,0,0,54,3
T2,1,0,106,11
T3,2,0,57,2
T4,3,0,171,31
T5,4,1,200,45
[245]
T1,0,0,172,33
T2,1,0,103,14
T3,2,1,69,15
T4,3,1,200,2
T5,4,0,43,1
[246]
T1,0,1,99,18
T2,1,1,200,20
T3,2,1,152,9
T4,3,0,134,13
T5,4,0,33,4
[247]
T1,0,1,152,11
T2,1,0,200,9
T3,2,1,62,5
T4,3,0,40,13
T5,4,1,111,3
[248]
T1,0,0,53,3
T2,1,0,159,7
T3,2,0,200,10
T4,3,0,105,29
T5,4,0,143,23
[249]
T1,0,0,108,8
T2,1,0,20,2
T3,2,1,106,1
T4,3,0,188,30
T5,4,1,200,47
[250]
T1,0,1,21,2
T2,1,1,76,7
T3,2,0,120,3
T4,3,1,200,2
T5,4,0,176,62
[251]
T1,0,0,200,27
T2,1,1,76,5
T3,2,1,93,1
T4,3,1,49,2
T5,4,0,150,57
[252]
T1,0,0,20,2
T2,1,0,92,3
T3,2,1,68,6
T4,3,1,158,2
T5,4,0,200,81
[253]
T1,0,1,200,55
T2,1,1,56,4
T3,2,0,29,2
T4,3,1,80,1
T5,4,0,184,33
[254]
T1,0,0,112,1
T2,1,0,160,39
T3,2,0,200,15
T4,3,0,65,15
T5,4,1,46,2
[255]
T1,0,1,125,10
T2,1,0,184,7
T3,2,1,68,29
T4,3,1,200,6
T5,4,0,27,2
[256]
T1,0,1,200,16
T2,1,0,118,6
T3,2,1,175,2
T4,3,1,22,2
T5,4,0,85,37
[257]
T1,0,1,127,36
T2,1,0,71,14
T3,2,1,156,13
T4,3,0,39,2
T5,4,0,200,2
[258]
T1,0,0,200,3
T2,1,1,172,33
T3,2,1,90,6
T4,3,1,60,10
T5,4,0,33,4
[259]
T1,0,0,54,8
T2,1,1,200,35
T3,2,0,159,22
T4,3,1,138,10
T5,4,0,106,4
[260]
T1,0,0,100,7
T2,1,1,23,7
T3,2,0,200,11
T4,3,0,158,13
T5,4,0,142,5
[261]
T1,0,0,142,4
T2,1,1,200,12
T3,2,0,147,4
T4,3,0,35,9
T5,4,0,150,33
[262]
T1,0,0,34,4
T2,1,1,153,5
T3,2,0,200,34
T4,3,1,132,26
T5,4,0,124,7
[263]
T1,0,0,132,11
T2,1,0,200,24
T3,2,0,87,2
T4,3,1,150,2
T5,4,1,49,17
[264]
T1,0,0,200,35
T2,1,1,152,36
T3,2,1,25,1
T4,3,0,91,2
T5,4,0,147,17
[265]
T1,0,1,78,1
T2,1,0,25,6
T3,2,0,200,6
T4,3,1,149,17
T5,4,1,72,13
[266]
T1,0,0,162,44
T2,1,0,30,2
T3,2,1,60,14
T4,3,1,200,11
T5,4,0,99,1
[267]
T1,0,0,120,2
T2,1,1,26,3
T3,2,0,200,48
T4,3,1,76,2
T5,4,1,195,37
[268]
T1,0,1,95,9
T2,1,1,63,16
T3,2,1,200,1
T4,3,0,162,18
T5,4,1,25,2
[269]
T1,0,1,118,1
T2,1,0,25,1
T3,2,0,162,1
T4,3,0,200,86
T5,4,1,108,7
[270]
T1,0,1,200,21
T2,1,1,153,41
T3,2,0,63,8
T4,3,0,125,6
T5,4,0,24,2
[271]
T1,0,1,135,11
T2,1,0,200,25
T3,2,0,96,19
T4,3,0,45,2
T5,4,1,196,22
[272]
T1,0,1,25,2
T2,1,0,56,12
T3,2,0,188,14
T4,3,1,200,33
T5,4,0,86,3
[273]
T1,0,0,120,4
T2,1,1,53,7
T3,2,0,152,30
T4,3,0,139,4
T5,4,1,200,35
[274]
T1,0,1,200,47
T2,1,1,24,2
T3,2,0,148,19
T4,3,1,107,6
T5,4,1,123,16
[275]
T1,0,1,165,47
T2,1,0,21,2
T3,2,1,104,7
T4,3,1,200,22
T5,4,0,72,2
[276]
T1,0,0,200,9
T2,1,1,90,2
T3,2,0,52,9
T4,3,1,112,40
T5,4,1,168,3
[277]
T1,0,1,146,20
T2,1,1,112,19
T3,2,1,20,3
T4,3,0,200,7
T5,4,0,178,15
[278]
T1,0,1,188,37
T2,1,0,35,1
T3,2,1,140,4
T4,3,1,122,33
T5,4,0,200,11
[279]
T1,0,1,125,10
T2,1,0,140,27
T3,2,0,200,31
T4,3,0,194,28
T5,4,1,48,2
[280]
T1,0,0,136,22
T2,1,0,175,46
T3,2,0,200,6
T4,3,1,26,1
T5,4,1,143,10
[281]
T1,0,1,120,44
T2,1,0,200,5
T3,2,0,111,13
T4,3,0,158,1
T5,4,1,40,2
[282]
T1,0,1,50,2
T2,1,1,67,1
T3,2,1,77,17
T4,3,0,200,60
T5,4,0,165,5
[283]
T1,0,1,200,6
T2,1,0,132,36
T3,2,1,87,5
T4,3,1,187,34
T5,4,0,25,1
[284]
T1,0,0,156,19
T2,1,0,200,28
T3,2,0,61,6
T4,3,0,39,5
T5,4,0,61,5
[285]
T1,0,1,48,12
T2,1,0,105,17
T3,2,0,200,2
T4,3,0,90,2
T5,4,1,189,26
[286]
T1,0,1,75,8
T2,1,0,200,11
T3,2,0,23,1
T4,3,0,150,38
T5,4,1,62,5
[287]
T1,0,1,150,9
T2,1,0,96,22
T3,2,0,200,13
T4,3,0,35,2
T5,4,0,81,12
[288]
T1,0,0,190,84
T2,1,0,56,3
T3,2,1,38,2
T4,3,1,81,3
T5,4,1,200,6
[289]
T1,0,1,55,2
T2,1,1,200,41
T3,2,0,144,19
T4,3,0,195,8
T5,4,0,52,10
[290]
T1,0,0,42,2
T2,1,1,200,58
T3,2,0,175,9
T4,3,0,98,17
T5,4,1,112,1
[291]
T1,0,0,33,10
T2,1,1,155,26
T3,2,1,55,1
T4,3,1,99,6
T5,4,0,200,1
[292]
T1,0,1,200,23
T2,1,0,156,9
T3,2,0,79,5
T4,3,1,70,8
T5,4,1,42,9
[293]
T1,0,0,200,2
T2,1,0,28,10
T3,2,0,75,16
T4,3,0,77,2
T5,4,1,171,2
[294]
T1,0,0,55,1
T2,1,1,128,18
T3,2,0,50,2
T4,3,1,200,21
T5,4,1,163,51
[295]
T1,0,0,54,2
T2,1,0,200,39
T3,2,0,87,4
T4,3,1,90,2
T5,4,0,189,63
[296]
T1,0,1,156,7
T2,1,0,130,31
T3,2,0,200,46
T4,3,0,72,2
T5,4,1,43,1
[297]
T1,0,0,50,6
T2,1,0,110,3
T3,2,0,144,2
T4,3,1,200,55
T5,4,1,152,21
[298]
T1,0,0,150,8
T2,1,1,94,23
T3,2,0,43,3
T4,3,1,70,2
T5,4,0,200,39
[299]
T1,0,0,134,57
T2,1,1,151,7
T3,2,0,40,1
T4,3,1,200,2
T5,4,1,55,4
[300]
T1,0,0,92,14
T2,1,0,195,31
T3,2,1,66,11
T4,3,1,26,1
T5,4,0,200,13
[301]
T1,0,0,24,6
T2,1,0,113,2
T3,2,0,192,4
T4,3,0,200,34
T5,4,1,108,12
[302]
T1,0,1,33,2
T2,1,1,192,40
T3,2,0,84,18
T4,3,1,77,2
T5,4,0,200,23
[303]
T1,0,1,126,13
T2,1,0,148,26
T3,2,1,200,7
T4,3,1,108,21
T5,4,1,20,1
[304]
T1,0,1,43,4
T2,1,1,168,10
T3,2,1,200,67
T4,3,0,93,1
T5,4,1,96,6
[305]
T1,0,0,52,2
T2,1,0,95,23
T3,2,0,160,11
T4,3,0,200,45
T5,4,0,120,1
[306]
T1,0,0,200,61
T2,1,1,180,28
T3,2,0,91,1
T4,3,1,37,1
T5,4,1,112,7
[307]
T1,0,1,56,1
T2,1,1,161,2
T3,2,0,126,1
T4,3,1,50,3
T5,4,1,200,95
[308]
T1,0,0,41,17
T2,1,0,150,2
T3,2,0,95,3
T4,3,0,200,18
T5,4,0,136,3
[309]
T1,0,1,195,56
T2,1,0,42,2
T3,2,1,134,2
T4,3,1,200,28
T5,4,1,77,7
[310]
T1,0,0,117,5
T2,1,1,200,51
T3,2,1,26,4
T4,3,0,198,2
T5,4,0,68,7
[311]
T1,0,0,163,5
T2,1,0,200,41
T3,2,0,101,31
T4,3,0,27,2
T5,4,1,100,3
[312]
T1,0,1,133,20
T2,1,1,200,5
T3,2,0,170,44
T4,3,0,55,7
T5,4,0,50,2
[313]
T1,0,1,200,8
T2,1,0,90,12
T3,2,0,116,7
T4,3,1,21,2
T5,4,1,150,46
[314]
T1,0,0,67,1
T2,1,1,175,24
T3,2,0,65,1
T4,3,1,200,63
T5,4,1,53,4
[315]
T1,0,0,107,5
T2,1,1,54,13
T3,2,1,180,2
T4,3,0,37,2
T5,4,0,200,42
[316]
T1,0,0,21,5
T2,1,1,200,3
T3,2,0,60,8
T4,3,0,80,14
T5,4,1,150,2
[317]
T1,0,1,200,16
T2,1,0,196,5
T3,2,1,110,14
T4,3,1,25,5
T5,4,1,85,11
[318]
T1,0,1,200,18
T2,1,1,24,3
T3,2,1,152,45
T4,3,0,135,2
T5,4,0,70,3
[319]
T1,0,1,105,7
T2,1,1,200,55
T3,2,0,153,4
T4,3,0,60,1
T5,4,1,31,5
[320]
T1,0,0,200,9
T2,1,1,90,12
T3,2,0,129,27
T4,3,0,24,4
T5,4,0,162,5
[321]
T1,0,1,200,12
T2,1,0,24,2
T3,2,0,64,1
T4,3,1,193,1
T5,4,1,84,39
[322]
T1,0,0,24,6
T2,1,0,110,9
T3,2,1,196,15
T4,3,1,200,7
T5,4,1,78,9
[323]
T1,0,1,195,20
T2,1,1,122,22
T3,2,1,30,2
T4,3,1,111,20
T5,4,1,200,23
[324]
T1,0,1,91,3
T2,1,0,29,3
T3,2,1,110,24
T4,3,0,198,4
T5,4,0,200,38
[325]
T1,0,1,148,3
T2,1,0,40,3
T3,2,1,83,12
T4,3,1,85,7
T5,4,1,200,48
[326]
T1,0,1,64,16
T2,1,1,166,3
T3,2,0,128,4
T4,3,1,200,31
T5,4,1,28,3
[327]
T1,0,1,50,8
T2,1,0,200,5
T3,2,1,96,5
T4,3,1,161,8
T5,4,1,88,25
[328]
T1,0,1,26,2
T2,1,1,74,2
T3,2,0,156,38
T4,3,0,200,20
T5,4,1,93,11
[329]
T1,0,1,90,2
T2,1,0,35,5
T3,2,0,84,3
T4,3,0,200,60
T5,4,1,150,9
[330]
T1,0,1,21,5
T2,1,1,189,34
T3,2,0,200,2
T4,3,1,120,16
T5,4,0,135,2
[331]
T1,0,1,113,14
T2,1,0,200,4
T3,2,0,155,5
T4,3,1,40,13
T5,4,0,138,8
[332]
T1,0,1,139,2
T2,1,1,200,8
T3,2,1,70,8
T4,3,1,182,3
T5,4,1,48,20
[333]
T1,0,1,125,2
T2,1,1,102,10
T3,2,1,42,8
T4,3,1,148,13
T5,4,1,200,33
[334]
T1,0,1,98,4
T2,1,1,160,22
T3,2,1,22,2
T4,3,0,134,29
T5,4,1,200,17
[335]
T1,0,1,85,5
T2,1,1,63,11
T3,2,0,200,44
T4,3,0,50,1
T5,4,1,196,19
[336]
T1,0,1,200,43
T2,1,1,186,36
T3,2,0,88,5
T4,3,1,50,3
T5,4,1,122,7
[337]
T1,0,0,200,26
T2,1,1,128,14
T3,2,0,25,7
T4,3,1,194,6
T5,4,1,144,5
[338]
T1,0,1,72,22
T2,1,0,200,9
T3,2,1,142,9
T4,3,0,155,24
T5,4,1,39,2
[339]
T1,0,1,124,7
T2,1,0,200,2
T3,2,1,150,66
T4,3,0,41,2
T5,4,1,140,10
[340]
T1,0,0,56,16
T2,1,0,21,4
T3,2,0,194,3
T4,3,0,84,4
T5,4,0,200,2
[341]
T1,0,0,105,5
T2,1,0,200,10
T3,2,0,168,33
T4,3,0,96,19
T5,4,0,26,2
[342]
T1,0,0,200,72
T2,1,1,75,4
T3,2,1,46,2
T4,3,1,100,2
T5,4,0,191,30
[343]
T1,0,0,148,10
T2,1,0,200,10
T3,2,0,38,10
T4,3,0,142,10
T5,4,1,56,7
[344]
T1,0,0,200,23
T2,1,0,147,20
T3,2,0,58,1
T4,3,1,113,33
T5,4,0,40,1
[345]
T1,0,1,95,18
T2,1,1,192,24
T3,2,1,200,17
T4,3,1,142,20
T5,4,1,24,1
[346]
T1,0,1,32,5
T2,1,0,62,13
T3,2,0,200,10
T4,3,1,74,11
T5,4,1,180,2
[347]
T1,0,1,44,11
T2,1,1,75,2
T3,2,0,180,58
T4,3,0,200,1
T5,4,1,70,2
[348]
T1,0,0,200,23
T2,1,0,20,2
T3,2,1,121,7
T4,3,0,192,17
T5,4,0,118,21
[349]
T1,0,1,147,24
T2,1,1,200,28
T3,2,0,120,9
T4,3,1,134,21
T5,4,0,30,1
[350]
T1,0,1,200,47
T2,1,1,144,4
T3,2,1,156,18
T4,3,0,52,5
T5,4,1,140,14
[351]
T1,0,1,100,10
T2,1,1,200,6
T3,2,1,162,2
T4,3,1,54,6
T5,4,0,26,8
[352]
T1,0,1,58,7
T2,1,1,200,7
T3,2,1,50,14
T4,3,1,195,16
T5,4,1,95,4
[353]
T1,0,0,195,6
T2,1,1,200,28
T3,2,0,62,6
T4,3,0,23,6
T5,4,1,92,2
[354]
T1,0,1,195,20
T2,1,1,104,1
T3,2,0,60,10
T4,3,0,200,60
T5,4,1,50,2
[355]
T1,0,0,71,17
T2,1,0,178,38
T3,2,0,200,9
T4,3,1,96,2
T5,4,1,36,2
[356]
T1,0,0,102,30
T2,1,1,51,10
T3,2,1,200,2
T4,3,1,115,6
T5,4,0,165,4
[357]
T1,0,0,52,8
T2,1,0,184,40
T3,2,1,117,16
T4,3,1,110,2
T5,4,1,200,14
[358]
T1,0,0,50,8
T2,1,1,145,43
T3,2,1,200,10
T4,3,1,163,8
T5,4,0,142,4
[359]
T1,0,0,42,3
T2,1,1,150,13
T3,2,0,200,71
T4,3,0,77,1
T5,4,0,120,4
[360]
T1,0,1,50,2
T2,1,1,135,39
T3,2,1,59,11
T4,3,0,166,14
T5,4,0,200,1
[361]
T1,0,0,190,3
T2,1,0,114,4
T3,2,0,44,4
T4,3,1,113,16
T5,4,1,200,58
[362]
T1,0,0,88,5
T2,1,1,48,4
T3,2,0,180,55
T4,3,1,200,4
T5,4,0,66,8
[363]
T1,0,0,45,3
T2,1,0,200,22
T3,2,1,64,3
T4,3,0,78,23
T5,4,1,189,10
[364]
T1,0,0,200,4
T2,1,1,175,26
T3,2,1,84,11
T4,3,0,113,8
T5,4,1,38,8
[365]
T1,0,0,73,9
T2,1,0,29,8
T3,2,0,90,4
T4,3,0,168,1
T5,4,1,200,21
[366]
T1,0,0,95,12
T2,1,0,28,3
T3,2,1,65,9
T4,3,1,180,30
T5,4,0,200,5
[367]
T1,0,0,44,6
T2,1,1,150,22
T3,2,0,200,1
T4,3,1,138,2
T5,4,0,74,19
[368]
T1,0,1,40,2
T2,1,0,200,63
T3,2,0,176,5
T4,3,1,128,21
T5,4,0,102,6
[369]
T1,0,1,146,2
T2,1,0,70,1
T3,2,0,157,4
T4,3,1,20,9
T5,4,0,200,17
[370]
T1,0,0,46,2
T2,1,0,59,13
T3,2,0,174,19
T4,3,1,200,2
T5,4,0,80,16
[371]
T1,0,1,179,1
T2,1,0,21,3
T3,2,0,120,9
T4,3,1,200,39
T5,4,0,64,9
[372]
T1,0,1,25,5
T2,1,0,140,25
T3,2,1,191,9
T4,3,1,200,21
T5,4,0,78,1
[373]
T1,0,1,200,44
T2,1,1,174,31
T3,2,1,30,3
T4,3,1,57,2
T5,4,0,105,5
[374]
T1,0,1,200,7
T2,1,1,174,11
T3,2,0,81,27
T4,3,0,58,4
T5,4,1,22,1
[375]
T1,0,1,40,2
T2,1,1,105,22
T3,2,1,143,18
T4,3,1,200,3
T5,4,1,192,42
[376]
T1,0,0,27,6
T2,1,0,200,6
T3,2,0,127,31
T4,3,1,84,3
T5,4,0,154,3
[377]
T1,0,0,126,18
T2,1,1,40,2
T3,2,1,200,46
T4,3,0,114,4
T5,4,0,185,23
[378]
T1,0,0,34,3
T2,1,0,200,57
T3,2,1,100,5
T4,3,0,118,13
T5,4,0,190,7
[379]
T1,0,0,54,2
T2,1,1,200,16
T3,2,1,135,41
T4,3,0,130,15
T5,4,0,168,14
[380]
T1,0,0,115,17
T2,1,0,25,3
T3,2,1,117,2
T4,3,0,200,51
T5,4,1,180,10
[381]
T1,0,0,175,3
T2,1,1,40,2
T3,2,1,200,3
T4,3,0,64,23
T5,4,1,113,14
[382]
T1,0,1,200,8
T2,1,0,33,1
T3,2,0,176,46
T4,3,0,59,3
T5,4,1,138,26
[383]
T1,0,1,35,9
T2,1,1,200,3
T3,2,1,104,26
T4,3,1,148,1
T5,4,1,136,4
[384]
T1,0,1,111,2
T2,1,1,148,16
T3,2,0,54,3
T4,3,0,200,38
T5,4,0,78,18
[385]
T1,0,0,95,14
T2,1,1,81,8
T3,2,0,198,5
T4,3,0,200,12
T5,4,0,24,5
[386]
T1,0,0,175,15
T2,1,0,30,5
T3,2,0,76,1
T4,3,0,200,1
T5,4,0,69,20
[387]
T1,0,1,158,2
T2,1,0,58,7
T3,2,0,200,59
T4,3,1,108,2
T5,4,0,45,6
[388]
T1,0,1,86,5
T2,1,0,200,46
T3,2,0,80,15
T4,3,0,39,3
T5,4,0,169,3
[389]
T1,0,1,200,67
T2,1,0,25,2
T3,2,0,117,8
T4,3,1,195,27
T5,4,1,126,4
[390]
T1,0,0,132,10
T2,1,1,23,2
T3,2,0,69,3
T4,3,0,195,63
T5,4,0,200,4
[391]
T1,0,0,50,11
T2,1,1,200,5
T3,2,0,173,20
T4,3,1,56,10
T5,4,0,77,2
[392]
T1,0,1,200,44
T2,1,1,40,1
T3,2,0,163,1
T4,3,0,90,15
T5,4,1,104,15
[393]
T1,0,0,138,2
T2,1,0,180,39
T3,2,1,119,8
T4,3,0,51,2
T5,4,0,200,46
[394]
T1,0,0,188,2
T2,1,1,44,2
T3,2,1,200,44
T4,3,0,78,14
T5,4,0,75,13
[395]
T1,0,0,200,2
T2,1,0,94,19
T3,2,0,159,7
T4,3,0,29,9
T5,4,1,116,2
[396]
T1,0,1,200,56
T2,1,0,60,5
T3,2,0,28,2
T4,3,0,159,4
T5,4,0,117,19
[397]
T1,0,1,96,2
T2,1,1,104,6
T3,2,1,200,29
T4,3,0,167,55
T5,4,0,26,2
[398]
T1,0,0,124,28
T2,1,1,52,3
T3,2,0,187,20
T4,3,0,200,21
T5,4,0,80,5
[399]
T1,0,0,172,19
T2,1,1,40,2
T3,2,1,87,15
T4,3,0,121,14
T5,4,1,200,24
[400]
T1,0,1,186,1
T2,1,0,200,3
T3,2,0,49,25
T4,3,0,99,2
T5,4,1,62,3
[401]
T1,0,0,200,32
T2,1,0,106,2
T3,2,1,52,1
T4,3,0,182,24
T5,4,0,60,15
[402]
T1,0,0,166,15
T2,1,1,144,15
T3,2,0,27,1
T4,3,1,65,7
T5,4,1,200,47
[403]
T1,0,1,73,26
T2,1,1,200,19
T3,2,1,176,20
T4,3,1,79,2
T5,4,0,50,2
[404]
T1,0,1,28,2
T2,1,1,87,20
T3,2,1,136,1
T4,3,0,200,38
T5,4,1,164,25
[405]
T1,0,1,50,1
T2,1,0,200,47
T3,2,0,105,6
T4,3,1,94,5
T5,4,1,188,42
[406]
T1,0,0,156,3
T2,1,1,71,1
T3,2,1,40,10
T4,3,1,200,37
T5,4,1,113,12
[407]
T1,0,0,63,1
T2,1,1,38,2
T3,2,0,165,5
T4,3,1,88,21
T5,4,1,200,56
[408]
T1,0,1,139,5
T2,1,0,200,16
T3,2,1,168,8
T4,3,1,45,1
T5,4,0,59,23
[409]
T1,0,1,27,7
T2,1,1,200,4
T3,2,0,87,12
T4,3,1,108,8
T5,4,0,175,13
[410]
T1,0,0,178,16
T2,1,0,89,29
T3,2,1,40,1
T4,3,1,200,22
T5,4,0,59,1
[411]
T1,0,1,123,1
T2,1,0,200,17
T3,2,1,61,5
T4,3,0,168,45
T5,4,0,48,6
[412]
T1,0,0,165,13
T2,1,1,80,2
T3,2,1,123,21
T4,3,1,37,10
T5,4,0,200,8
[413]
T1,0,1,100,13
T2,1,1,200,16
T3,2,0,44,2
T4,3,0,81,18
T5,4,0,180,16
[414]
T1,0,0,145,4
T2,1,0,129,16
T3,2,1,200,33
T4,3,0,192,42
T5,4,1,50,2
[415]
T1,0,1,108,6
T2,1,0,54,16
T3,2,0,200,23
T4,3,0,144,7
T5,4,0,160,10
[416]
T1,0,1,59,10
T2,1,0,135,7
T3,2,1,200,10
T4,3,1,44,5
T5,4,0,176,32
[417]
T1,0,0,150,35
T2,1,0,82,4
T3,2,1,129,27
T4,3,1,200,16
T5,4,1,38,2
[418]
T1,0,0,74,11
T2,1,1,164,32
T3,2,0,97,17
T4,3,0,200,2
T5,4,1,30,2
[419]
T1,0,0,79,24
T2,1,1,77,2
T3,2,1,40,3
T4,3,0,176,24
T5,4,1,200,1
[420]
T1,0,1,20,1
T2,1,1,130,14
T3,2,0,77,17
T4,3,1,200,7
T5,4,1,179,30
[421]
T1,0,1,70,19
T2,1,1,50,2
T3,2,0,86,13
T4,3,0,175,1
T5,4,0,200,29
[422]
T1,0,1,169,11
T2,1,0,200,36
T3,2,0,28,4
T4,3,0,120,16
T5,4,0,142,8
[423]
T1,0,1,200,2
T2,1,1,113,16
T3,2,0,160,14
T4,3,0,40,4
T5,4,1,71,17
[424]
T1,0,0,69,1
T2,1,0,123,3
T3,2,1,30,2
T4,3,1,200,71
T5,4,1,180,16
[425]
T1,0,0,190,60
T2,1,0,96,11
T3,2,0,38,3
T4,3,1,200,15
T5,4,0,67,2
[426]
T1,0,0,200,17
T2,1,1,30,7
T3,2,0,92,1
T4,3,0,66,3
T5,4,0,152,29
[427]
T1,0,0,42,7
T2,1,0,200,17
T3,2,1,180,19
T4,3,1,91,7
T5,4,0,55,7
[428]
T1,0,1,75,31
T2,1,1,29,1
T3,2,1,168,4
T4,3,0,144,7
T5,4,1,200,7
[429]
T1,0,0,200,4
T2,1,0,120,10
T3,2,1,152,7
T4,3,1,32,13
T5,4,1,125,2
[430]
T1,0,1,160,45
T2,1,1,200,26
T3,2,1,124,7
T4,3,0,121,11
T5,4,1,37,1
[431]
T1,0,1,200,66
T2,1,0,34,1
T3,2,0,136,4
T4,3,0,192,9
T5,4,1,86,12
[432]
T1,0,1,112,3
T2,1,0,170,25
T3,2,1,91,13
T4,3,1,24,2
T5,4,0,200,29
[433]
T1,0,1,200,39
T2,1,0,156,13
T3,2,0,40,4
T4,3,1,128,11
T5,4,0,116,12
[434]
T1,0,0,80,2
T2,1,1,157,42
T3,2,1,84,6
T4,3,1,200,8
T5,4,1,45,8
[435]
T1,0,1,141,23
T2,1,1,170,2
T3,2,0,200,7
T4,3,0,68,1
T5,4,0,23,8
[436]
T1,0,0,102,10
T2,1,0,20,1
T3,2,1,115,17
T4,3,0,189,12
T5,4,1,200,41
[437]
T1,0,1,68,17
T2,1,0,200,5
T3,2,0,149,11
T4,3,1,50,4
T5,4,1,55,7
[438]
T1,0,1,70,2
T2,1,0,159,37
T3,2,1,48,10
T4,3,1,200,10
T5,4,1,145,12
[439]
T1,0,0,172,40
T2,1,0,27,2
T3,2,0,54,10
T4,3,0,64,3
T5,4,0,200,1
[440]
T1,0,0,172,26
T2,1,1,60,8
T3,2,0,74,14
T4,3,0,200,7
T5,4,0,24,1
[441]
T1,0,0,52,4
T2,1,1,104,11
T3,2,1,128,2
T4,3,0,184,50
T5,4,0,200,19
[442]
T1,0,0,125,1
T2,1,1,200,10
T3,2,1,135,13
T4,3,1,36,11
T5,4,1,190,22
[443]
T1,0,0,158,5
T2,1,0,200,18
T3,2,0,102,14
T4,3,1,27,2
T5,4,1,100,22
[444]
T1,0,1,107,15
T2,1,1,20,2
T3,2,0,200,2
T4,3,0,190,40
T5,4,0,92,8
[445]
T1,0,1,59,3
T2,1,0,200,12
T3,2,1,32,9
T4,3,1,78,6
T5,4,1,177,15
[446]
T1,0,0,105,10
T2,1,1,95,4
T3,2,0,162,11
T4,3,0,27,1
T5,4,0,200,67
[447]
T1,0,0,48,2
T2,1,0,134,14
T3,2,1,189,2
T4,3,1,112,44
T5,4,1,200,16
[448]
T1,0,1,100,8
T2,1,1,178,18
T3,2,1,200,41
T4,3,1,120,17
T5,4,0,53,2
[449]
T1,0,1,200,25
T2,1,0,134,7
T3,2,0,100,9
T4,3,0,52,7
T5,4,0,158,26
[450]
T1,0,0,32,16
T2,1,0,200,5
T3,2,0,155,2
T4,3,1,123,2
T5,4,1,96,4
[451]
T1,0,0,150,11
T2,1,1,113,37
T3,2,0,32,2
T4,3,0,200,11
T5,4,0,87,4
[452]
T1,0,0,55,2
T2,1,1,200,64
T3,2,0,40,6
T4,3,0,154,3
T5,4,1,58,4
[453]
T1,0,0,121,1
T2,1,0,29,4
T3,2,1,77,28
T4,3,1,200,2
T5,4,0,176,7
[454]
T1,0,0,193,28
T2,1,1,20,1
T3,2,1,136,5
T4,3,0,200,3
T5,4,1,67,22
[455]
T1,0,0,59,1
T2,1,1,80,6
T3,2,1,200,7
T4,3,0,40,2
T5,4,0,172,76
[456]
T1,0,0,161,2
T2,1,1,99,26
T3,2,1,20,4
T4,3,1,104,5
T5,4,0,200,6
[457]
T1,0,0,49,2
T2,1,0,196,24
T3,2,0,200,8
T4,3,0,144,33
T5,4,1,98,14
[458]
T1,0,0,196,11
T2,1,1,200,6
T3,2,1,71,5
T4,3,0,66,22
T5,4,1,44,4
[459]
T1,0,0,200,56
T2,1,1,133,12
T3,2,0,25,1
T4,3,0,124,17
T5,4,1,184,2
[460]
T1,0,1,52,19
T2,1,1,200,15
T3,2,0,95,2
T4,3,1,81,2
T5,4,0,170,19
[461]
T1,0,0,200,1
T2,1,0,71,17
T3,2,0,56,10
T4,3,1,32,4
T5,4,1,160,3
[462]
T1,0,0,174,27
T2,1,0,82,10
T3,2,1,33,2
T4,3,0,96,11
T5,4,1,200,36
[463]
T1,0,1,48,2
T2,1,1,190,12
T3,2,1,200,75
T4,3,1,129,12
T5,4,1,136,5
[464]
T1,0,0,188,13
T2,1,1,82,2
T3,2,1,28,2
T4,3,0,70,25
T5,4,1,200,9
[465]
T1,0,0,111,4
T2,1,1,189,54
T3,2,1,120,4
T4,3,1,50,10
T5,4,1,200,5
[466]
T1,0,1,80,12
T2,1,1,72,4
T3,2,0,200,6
T4,3,0,161,2
T5,4,0,27,9
[467]
T1,0,0,160,18
T2,1,0,84,8
T3,2,0,200,1
T4,3,1,141,15
T5,4,0,25,6
[468]
T1,0,0,146,56
T2,1,1,134,12
T3,2,0,200,9
T4,3,0,42,3
T5,4,1,180,2
[469]
T1,0,0,34,7
T2,1,0,195,13
T3,2,1,200,13
T4,3,1,105,20
T5,4,0,120,7
[470]
T1,0,0,58,2
T2,1,1,200,16
T3,2,1,175,16
T4,3,0,24,6
T5,4,1,127,11
[471]
T1,0,0,186,14
T2,1,1,138,2
T3,2,0,40,11
T4,3,1,200,2
T5,4,0,106,23
[472]
T1,0,1,149,31
T2,1,0,200,3
T3,2,0,20,4
T4,3,1,126,9
T5,4,0,76,7
[473]
T1,0,1,183,19
T2,1,0,144,11
T3,2,0,32,6
T4,3,1,89,1
T5,4,0,200,40
[474]
T1,0,0,153,4
T2,1,0,90,3
T3,2,1,72,10
T4,3,1,200,23
T5,4,1,23,6
[475]
T1,0,0,112,8
T2,1,1,192,57
T3,2,0,48,1
T4,3,0,200,33
T5,4,1,57,2
[476]
T1,0,1,56,2
T2,1,0,200,51
T3,2,0,70,9
T4,3,0,170,9
T5,4,1,44,4
[477]
T1,0,0,47,5
T2,1,0,186,6
T3,2,1,93,5
T4,3,1,116,14
T5,4,1,200,52
[478]
T1,0,0,200,2
T2,1,0,195,32
T3,2,1,42,9
T4,3,1,73,9
T5,4,1,66,4
[479]
T1,0,1,130,5
T2,1,0,64,4
T3,2,1,50,4
T4,3,0,182,16
T5,4,1,200,65
[480]
T1,0,0,36,1
T2,1,0,126,30
T3,2,0,165,25
T4,3,1,99,9
T5,4,1,200,11
[481]
T1,0,0,159,17
T2,1,1,44,2
T3,2,1,102,23
T4,3,1,120,4
T5,4,1,200,40
[482]
T1,0,1,140,9
T2,1,0,44,4
T3,2,0,200,15
T4,3,0,176,44
T5,4,0,128,12
[483]
T1,0,0,196,18
T2,1,1,200,16
T3,2,0,35,2
T4,3,0,124,15
T5,4,1,79,17
[484]
T1,0,0,62,1
T2,1,0,72,2
T3,2,1,200,62
T4,3,0,27,2
T5,4,0,171,43
[485]
T1,0,1,165,19
T2,1,0,140,1
T3,2,1,80,16
T4,3,1,36,1
T5,4,1,200,47
[486]
T1,0,1,160,35
T2,1,0,117,15
T3,2,1,80,5
T4,3,1,24,2
T5,4,0,200,29
[487]
T1,0,0,120,2
T2,1,0,25,2
T3,2,0,200,17
T4,3,1,158,58
T5,4,1,115,12
[488]
T1,0,1,200,20
T2,1,0,85,2
T3,2,0,47,8
T4,3,0,80,12
T5,4,0,195,27
[489]
T1,0,1,74,4
T2,1,0,200,2
T3,2,1,20,1
T4,3,0,150,32
T5,4,0,67,17
[490]
T1,0,0,45,5
T2,1,0,107,34
T3,2,0,176,16
T4,3,1,200,7
T5,4,1,90,1
[491]
T1,0,0,196,8
T2,1,1,27,4
T3,2,1,70,8
T4,3,0,200,21
T5,4,0,76,13
[492]
T1,0,1,88,6
T2,1,1,28,4
T3,2,1,170,32
T4,3,1,200,13
T5,4,0,120,14
[493]
T1,0,0,192,18
T2,1,1,24,2
T3,2,1,200,2
T4,3,1,60,27
T5,4,1,73,2
[494]
T1,0,1,126,19
T2,1,0,200,5
T3,2,0,110,8
T4,3,1,44,13
T5,4,0,157,5
[495]
T1,0,0,42,8
T2,1,1,64,1
T3,2,0,200,2
T4,3,1,180,16
T5,4,1,104,28
[496]
T1,0,1,35,7
T2,1,0,145,1
T3,2,1,200,24
T4,3,0,150,4
T5,4,0,67,15
[497]
T1,0,1,119,9
T2,1,1,185,2
T3,2,0,131,10
T4,3,0,200,2
T5,4,1,20,8
[498]
T1,0,0,125,17
T2,1,0,162,21
T3,2,1,21,1
T4,3,0,71,14
T5,4,0,200,10
[499]
T1,0,1,113,13
T2,1,0,40,4
T3,2,0,156,5
T4,3,0,200,12
T5,4,1,105,27
[500]
T1,0,1,102,17
T2,1,1,141,12
T3,2,0,180,23
T4,3,0,200,2
T5,4,1,32,6
