num_task_per_taskset=5
num_taskset=500
//ID,Priority,Offset,Period,Execution Time
[1]
T1,0,0,200,74
T2,1,0,120,16
T3,2,0,106,3
T4,3,0,150,18
T5,4,0,34,1
[2]
T1,0,0,144,16
T2,1,1,114,10
T3,2,0,200,16
T4,3,1,165,9
T5,4,0,23,8
[3]
T1,0,1,25,1
T2,1,1,129,1
T3,2,1,127,1
T4,3,0,185,45
T5,4,1,200,72
[4]
T1,0,1,80,39
T2,1,1,27,2
T3,2,1,200,14
T4,3,0,109,3
T5,4,1,182,14
[5]
T1,0,1,81,14
T2,1,1,190,7
T3,2,1,32,11
T4,3,0,200,9
T5,4,1,133,10
[6]
T1,0,1,50,3
T2,1,0,168,35
T3,2,0,126,12
T4,3,0,101,14
T5,4,1,200,37
[7]
T1,0,0,143,10
T2,1,1,200,3
T3,2,1,160,54
T4,3,1,44,7
T5,4,1,139,14
[8]
T1,0,1,168,19
T2,1,0,114,33
T3,2,0,91,23
T4,3,0,28,2
T5,4,1,200,6
[9]
T1,0,0,117,6
T2,1,0,200,44
T3,2,0,168,2
T4,3,1,66,17
T5,4,0,25,3
[10]
T1,0,1,97,2
T2,1,1,25,2
T3,2,1,130,20
T4,3,0,194,56
T5,4,0,200,21
[11]
T1,0,0,165,23
T2,1,1,70,24
T3,2,1,45,2
T4,3,1,132,5
T5,4,0,200,21
[12]
T1,0,0,200,45
T2,1,1,44,3
T3,2,1,88,7
T4,3,0,126,36
T5,4,1,195,5
[13]
T1,0,0,104,1
T2,1,1,23,2
T3,2,1,150,66
T4,3,1,200,15
T5,4,1,136,8
[14]
T1,0,0,72,4
T2,1,0,200,42
T3,2,1,26,3
T4,3,0,76,17
T5,4,1,182,11
[15]
T1,0,0,184,30
T2,1,1,46,7
T3,2,1,83,29
T4,3,1,64,1
T5,4,1,200,2
[16]
T1,0,1,125,19
T2,1,0,200,1
T3,2,0,83,26
T4,3,0,21,2
T5,4,0,148,13
[17]
T1,0,1,192,11
T2,1,1,34,5
T3,2,0,87,12
T4,3,0,200,61
T5,4,0,55,1
[18]
T1,0,1,140,4
T2,1,1,138,2
T3,2,1,26,11
T4,3,1,200,10
T5,4,1,169,29
[19]
T1,0,1,200,11
T2,1,0,58,25
T3,2,1,170,11
T4,3,0,101,12
T5,4,1,51,2
[20]
T1,0,0,200,42
T2,1,1,165,10
T3,2,1,28,2
T4,3,1,101,39
T5,4,0,91,2
[21]
T1,0,0,199,58
T2,1,0,200,5
T3,2,1,140,19
T4,3,0,132,30
T5,4,1,35,2
[22]
T1,0,1,93,2
T2,1,0,176,22
T3,2,0,85,22
T4,3,0,28,5
T5,4,0,200,23
[23]
T1,0,0,25,3
T2,1,1,200,18
T3,2,1,188,21
T4,3,0,83,10
T5,4,1,90,20
[24]
T1,0,1,50,6
T2,1,1,200,34
T3,2,1,107,36
T4,3,0,195,6
T5,4,0,75,1
[25]
T1,0,1,200,3
T2,1,1,59,24
T3,2,1,93,6
T4,3,1,155,2
T5,4,0,44,8
[26]
T1,0,1,200,23
T2,1,1,85,11
T3,2,0,20,2
T4,3,0,141,3
T5,4,0,198,58
[27]
T1,0,1,32,3
T2,1,1,200,11
T3,2,1,131,50
T4,3,1,131,10
T5,4,0,192,15
[28]
T1,0,1,151,22
T2,1,1,87,28
T3,2,0,200,14
T4,3,1,68,2
T5,4,0,40,5
[29]
T1,0,0,131,7
T2,1,0,200,29
T3,2,1,135,16
T4,3,0,33,3
T5,4,1,150,41
[30]
T1,0,0,103,9
T2,1,1,192,11
T3,2,1,200,9
T4,3,0,48,2
T5,4,0,89,43
[31]
T1,0,0,82,2
T2,1,1,200,38
T3,2,0,44,15
T4,3,1,192,22
T5,4,0,96,2
[32]
T1,0,0,65,7
T2,1,1,40,2
T3,2,1,166,10
T4,3,1,200,51
T5,4,0,105,24
[33]
T1,0,1,77,9
T2,1,0,165,8
T3,2,0,200,72
T4,3,0,104,13
T5,4,0,25,2
[34]
T1,0,1,146,38
T2,1,0,50,2
T3,2,1,173,17
T4,3,0,92,7
T5,4,1,200,38
[35]
T1,0,1,31,3
T2,1,0,60,26
T3,2,0,164,2
T4,3,0,75,10
T5,4,1,200,2
[36]
T1,0,1,108,10
T2,1,0,78,26
T3,2,1,198,12
T4,3,0,200,29
T5,4,0,32,1
[37]
T1,0,0,84,21
T2,1,0,196,51
T3,2,1,62,2
T4,3,1,200,18
T5,4,0,33,1
[38]
T1,0,1,128,36
T2,1,1,200,41
T3,2,0,62,1
T4,3,1,189,27
T5,4,1,40,1
[39]
T1,0,0,200,33
T2,1,0,25,2
T3,2,0,99,18
T4,3,1,130,4
T5,4,0,171,35
[40]
T1,0,0,108,5
T2,1,1,128,45
T3,2,1,31,5
T4,3,0,200,11
T5,4,0,150,6
[41]
T1,0,1,72,1
T2,1,0,131,19
T3,2,1,150,36
T4,3,1,46,9
T5,4,0,200,17
[42]
T1,0,1,51,2
T2,1,0,106,28
T3,2,0,62,17
T4,3,1,200,11
T5,4,1,159,6
[43]
T1,0,0,69,4
T2,1,0,120,6
T3,2,0,20,2
T4,3,1,168,88
T5,4,1,200,5
[44]
T1,0,0,176,31
T2,1,0,127,2
T3,2,0,200,22
T4,3,1,63,17
T5,4,0,48,6
[45]
T1,0,1,168,43
T2,1,1,109,7
T3,2,1,136,11
T4,3,1,200,32
T5,4,0,35,4
[46]
T1,0,0,69,2
T2,1,1,190,69
T3,2,0,77,13
T4,3,1,50,1
T5,4,1,200,20
[47]
T1,0,1,200,66
T2,1,0,59,1
T3,2,0,38,4
T4,3,0,76,2
T5,4,0,194,38
[48]
T1,0,0,195,16
T2,1,0,200,31
T3,2,0,74,14
T4,3,0,100,11
T5,4,0,45,6
[49]
T1,0,1,200,32
T2,1,0,60,6
T3,2,0,156,31
T4,3,1,90,3
T5,4,1,44,8
[50]
T1,0,1,44,2
T2,1,0,200,7
T3,2,1,75,20
T4,3,0,142,2
T5,4,1,156,54
[51]
T1,0,0,32,3
T2,1,1,200,2
T3,2,1,140,30
T4,3,0,130,32
T5,4,0,175,21
[52]
T1,0,0,152,2
T2,1,1,126,43
T3,2,1,50,1
T4,3,1,100,21
T5,4,0,200,21
[53]
T1,0,1,170,18
T2,1,0,200,3
T3,2,0,20,4
T4,3,0,131,32
T5,4,0,127,9
[54]
T1,0,0,200,19
T2,1,0,66,18
T3,2,0,195,43
T4,3,0,63,6
T5,4,0,26,2
[55]
T1,0,1,95,40
T2,1,0,200,14
T3,2,0,190,2
T4,3,1,28,2
T5,4,1,104,8
[56]
T1,0,0,134,5
T2,1,0,28,6
T3,2,0,200,14
T4,3,0,146,42
T5,4,1,196,9
[57]
T1,0,1,47,2
T2,1,0,160,3
T3,2,1,57,1
T4,3,0,200,81
T5,4,1,84,18
[58]
T1,0,1,150,1
T2,1,0,200,42
T3,2,0,65,9
T4,3,0,32,4
T5,4,1,70,13
[59]
T1,0,0,200,3
T2,1,1,148,34
T3,2,0,124,11
T4,3,0,30,3
T5,4,1,132,30
[60]
T1,0,1,150,17
T2,1,1,99,27
T3,2,1,200,17
T4,3,1,82,7
T5,4,1,35,4
[61]
T1,0,1,200,9
T2,1,1,35,2
T3,2,1,142,22
T4,3,1,190,2
T5,4,1,100,41
[62]
T1,0,1,136,5
T2,1,0,135,9
T3,2,1,40,11
T4,3,0,200,9
T5,4,1,163,40
[63]
T1,0,1,102,4
T2,1,0,105,4
T3,2,1,53,25
T4,3,0,200,10
T5,4,1,160,11
[64]
T1,0,0,60,7
T2,1,0,62,20
T3,2,0,200,16
T4,3,1,50,8
T5,4,0,186,1
[65]
T1,0,1,62,1
T2,1,1,200,29
T3,2,1,21,2
T4,3,1,175,83
T5,4,0,113,4
[66]
T1,0,0,200,37
T2,1,1,138,7
T3,2,0,113,47
T4,3,1,152,1
T5,4,1,36,1
[67]
T1,0,0,198,26
T2,1,0,87,4
T3,2,1,140,10
T4,3,1,28,8
T5,4,0,200,25
[68]
T1,0,1,75,5
T2,1,0,200,6
T3,2,1,23,1
T4,3,0,168,43
T5,4,1,115,28
[69]
T1,0,1,200,39
T2,1,1,87,7
T3,2,1,156,8
T4,3,1,45,2
T5,4,1,78,27
[70]
T1,0,1,200,21
T2,1,0,170,45
T3,2,1,24,2
T4,3,0,67,16
T5,4,1,86,6
[71]
T1,0,0,145,44
T2,1,1,74,2
T3,2,0,200,24
T4,3,0,21,2
T5,4,0,192,39
[72]
T1,0,1,104,2
T2,1,1,142,25
T3,2,1,200,31
T4,3,0,26,3
T5,4,0,168,32
[73]
T1,0,0,158,41
T2,1,0,20,2
T3,2,0,126,9
T4,3,0,68,4
T5,4,0,200,50
[74]
T1,0,0,20,5
T2,1,1,190,4
T3,2,0,141,1
T4,3,1,200,47
T5,4,0,83,13
[75]
T1,0,1,48,14
T2,1,0,92,18
T3,2,0,95,16
T4,3,0,200,5
T5,4,0,174,2
[76]
T1,0,0,68,23
T2,1,1,150,28
T3,2,1,106,3
T4,3,1,200,11
T5,4,1,51,3
[77]
T1,0,0,189,10
T2,1,0,40,3
T3,2,1,81,28
T4,3,1,125,6
T5,4,1,200,29
[78]
T1,0,0,69,4
T2,1,0,55,6
T3,2,1,200,66
T4,3,0,174,23
T5,4,0,33,1
[79]
T1,0,0,200,33
T2,1,0,44,4
T3,2,1,154,54
T4,3,0,55,2
T5,4,0,91,5
[80]
T1,0,0,200,9
T2,1,1,120,2
T3,2,1,55,15
T4,3,0,159,9
T5,4,0,50,14
[81]
T1,0,1,123,1
T2,1,1,175,1
T3,2,1,200,74
T4,3,0,106,12
T5,4,0,21,3
[82]
T1,0,1,186,13
T2,1,0,200,27
T3,2,0,115,19
T4,3,0,108,33
T5,4,0,31,2
[83]
T1,0,1,168,15
T2,1,0,143,28
T3,2,0,126,3
T4,3,0,200,32
T5,4,1,20,4
[84]
T1,0,1,200,38
T2,1,1,28,5
T3,2,0,84,2
T4,3,0,92,13
T5,4,1,155,21
[85]
T1,0,0,48,2
T2,1,0,190,63
T3,2,0,108,21
T4,3,1,200,17
T5,4,0,54,3
[86]
T1,0,1,200,27
T2,1,0,194,4
T3,2,1,20,4
T4,3,0,76,9
T5,4,0,125,25
[87]
T1,0,0,200,8
T2,1,1,181,20
T3,2,1,135,27
T4,3,1,40,9
T5,4,0,91,10
[88]
T1,0,1,154,5
T2,1,1,200,31
T3,2,0,143,30
T4,3,0,26,2
T5,4,1,78,15
[89]
T1,0,1,160,24
T2,1,0,76,2
T3,2,1,136,27
T4,3,1,200,61
T5,4,1,28,2
[90]
T1,0,0,90,6
T2,1,0,31,6
T3,2,0,200,11
T4,3,0,180,30
T5,4,0,119,22
[91]
T1,0,1,200,15
T2,1,0,86,10
T3,2,1,164,18
T4,3,0,44,14
T5,4,1,55,2
[92]
T1,0,0,200,3
T2,1,1,160,9
T3,2,0,28,2
T4,3,1,104,2
T5,4,0,62,34
[93]
T1,0,0,61,24
T2,1,1,170,26
T3,2,1,81,5
T4,3,0,20,1
T5,4,1,200,3
[94]
T1,0,1,42,8
T2,1,0,116,17
T3,2,1,200,11
T4,3,0,180,21
T5,4,1,120,20
[95]
T1,0,0,48,10
T2,1,1,200,33
T3,2,1,60,2
T4,3,1,80,3
T5,4,1,170,40
[96]
T1,0,1,68,5
T2,1,0,76,2
T3,2,0,200,78
T4,3,0,170,24
T5,4,1,22,1
[97]
T1,0,1,69,5
T2,1,1,69,17
T3,2,0,40,3
T4,3,1,185,15
T5,4,1,200,37
[98]
T1,0,0,200,7
T2,1,0,69,4
T3,2,1,91,50
T4,3,1,170,6
T5,4,1,34,2
[99]
T1,0,1,200,1
T2,1,0,33,12
T3,2,0,150,23
T4,3,0,123,11
T5,4,0,135,9
[100]
T1,0,0,123,49
T2,1,0,130,12
T3,2,1,156,18
T4,3,1,45,2
T5,4,0,200,15
[101]
T1,0,1,20,3
T2,1,1,143,16
T3,2,1,74,18
T4,3,1,196,33
T5,4,1,200,1
[102]
T1,0,0,105,4
T2,1,0,181,83
T3,2,0,112,8
T4,3,1,200,2
T5,4,0,40,4
[103]
T1,0,0,200,31
T2,1,0,190,5
T3,2,0,25,2
T4,3,0,101,27
T5,4,1,110,17
[104]
T1,0,0,63,3
T2,1,1,176,19
T3,2,0,126,16
T4,3,0,200,29
T5,4,1,40,9
[105]
T1,0,0,106,13
T2,1,1,56,7
T3,2,0,155,41
T4,3,1,50,6
T5,4,1,200,7
[106]
T1,0,1,200,4
T2,1,0,78,15
T3,2,1,64,4
T4,3,0,27,8
T5,4,1,152,17
[107]
T1,0,0,25,1
T2,1,0,182,18
T3,2,0,200,43
T4,3,0,96,4
T5,4,1,106,30
[108]
T1,0,1,27,1
T2,1,0,124,8
T3,2,1,200,99
T4,3,1,131,3
T5,4,1,160,5
[109]
T1,0,1,148,20
T2,1,1,108,11
T3,2,0,200,14
T4,3,1,40,6
T5,4,0,56,11
[110]
T1,0,1,185,29
T2,1,0,200,12
T3,2,0,73,29
T4,3,0,30,2
T5,4,0,144,10
[111]
T1,0,0,146,2
T2,1,0,190,8
T3,2,0,200,50
T4,3,1,38,8
T5,4,1,61,11
[112]
T1,0,1,72,30
T2,1,0,184,15
T3,2,1,56,1
T4,3,1,46,5
T5,4,1,200,9
[113]
T1,0,1,200,38
T2,1,1,75,6
T3,2,0,183,29
T4,3,0,137,31
T5,4,1,34,1
[114]
T1,0,1,40,7
T2,1,0,177,33
T3,2,0,81,1
T4,3,0,95,21
T5,4,1,200,13
[115]
T1,0,0,134,7
T2,1,0,50,11
T3,2,1,65,1
T4,3,0,169,19
T5,4,1,200,53
[116]
T1,0,0,56,6
T2,1,0,200,35
T3,2,1,31,6
T4,3,0,147,15
T5,4,0,135,11
[117]
T1,0,0,176,57
T2,1,1,133,5
T3,2,1,200,49
T4,3,0,109,1
T5,4,0,38,2
[118]
T1,0,1,60,13
T2,1,0,126,6
T3,2,0,24,8
T4,3,0,200,7
T5,4,0,150,1
[119]
T1,0,0,143,39
T2,1,0,160,24
T3,2,1,25,2
T4,3,0,200,13
T5,4,0,121,20
[120]
T1,0,1,165,2
T2,1,0,20,2
T3,2,0,200,57
T4,3,1,124,18
T5,4,1,61,5
[121]
T1,0,0,64,5
T2,1,0,200,27
T3,2,1,128,41
T4,3,1,172,2
T5,4,1,52,6
[122]
T1,0,1,24,3
T2,1,0,200,3
T3,2,1,122,18
T4,3,0,162,17
T5,4,1,120,35
[123]
T1,0,1,32,1
T2,1,1,176,9
T3,2,1,200,58
T4,3,1,114,13
T5,4,1,79,15
[124]
T1,0,0,200,2
T2,1,1,74,14
T3,2,1,24,10
T4,3,1,192,6
T5,4,1,120,5
[125]
T1,0,0,165,2
T2,1,1,101,21
T3,2,0,36,1
T4,3,0,100,18
T5,4,1,200,47
[126]
T1,0,0,98,11
T2,1,0,165,45
T3,2,0,200,1
T4,3,0,55,5
T5,4,0,22,4
[127]
T1,0,1,152,6
T2,1,1,200,52
T3,2,1,34,1
T4,3,1,64,12
T5,4,0,88,14
[128]
T1,0,1,171,2
T2,1,1,63,1
T3,2,0,200,28
T4,3,1,86,27
T5,4,1,42,8
[129]
T1,0,1,50,2
T2,1,0,167,21
T3,2,0,200,2
T4,3,1,61,4
T5,4,0,92,40
[130]
T1,0,1,134,2
T2,1,0,200,18
T3,2,1,94,27
T4,3,0,20,4
T5,4,0,174,17
[131]
T1,0,1,200,32
T2,1,0,195,65
T3,2,0,40,3
T4,3,1,70,8
T5,4,1,108,2
[132]
T1,0,0,40,5
T2,1,1,122,15
T3,2,1,190,29
T4,3,0,106,14
T5,4,1,200,27
[133]
T1,0,1,200,18
T2,1,1,176,7
T3,2,0,81,40
T4,3,0,113,1
T5,4,1,25,1
[134]
T1,0,1,156,21
T2,1,1,200,25
T3,2,1,50,3
T4,3,1,85,6
T5,4,0,132,36
[135]
T1,0,1,187,18
T2,1,0,25,1
T3,2,1,200,19
T4,3,0,78,9
T5,4,1,80,24
[136]
T1,0,0,142,34
T2,1,0,200,42
T3,2,0,24,2
T4,3,1,124,1
T5,4,1,190,27
[137]
T1,0,1,55,2
T2,1,1,174,27
T3,2,1,200,53
T4,3,0,20,3
T5,4,0,121,12
[138]
T1,0,1,102,5
T2,1,1,28,2
T3,2,1,56,20
T4,3,1,200,14
T5,4,1,174,22
[139]
T1,0,0,128,2
T2,1,1,25,5
T3,2,0,200,69
T4,3,0,161,2
T5,4,1,131,16
[140]
T1,0,0,59,3
T2,1,1,200,71
T3,2,1,24,5
T4,3,1,101,5
T5,4,1,195,2
[141]
T1,0,0,42,2
T2,1,1,144,2
T3,2,0,174,4
T4,3,0,54,19
T5,4,0,200,63
[142]
T1,0,1,134,15
T2,1,1,50,3
T3,2,1,200,27
T4,3,0,71,3
T5,4,0,150,47
[143]
T1,0,0,185,7
T2,1,1,40,9
T3,2,1,200,39
T4,3,1,126,13
T5,4,0,88,9
[144]
T1,0,0,200,3
T2,1,1,198,9
T3,2,0,103,33
T4,3,1,57,16
T5,4,1,45,2
[145]
T1,0,0,54,5
T2,1,1,106,25
T3,2,0,200,46
T4,3,0,189,13
T5,4,1,22,1
[146]
T1,0,0,72,25
T2,1,1,162,33
T3,2,0,200,14
T4,3,1,141,7
T5,4,0,47,2
[147]
T1,0,1,66,2
T2,1,1,200,53
T3,2,0,74,15
T4,3,1,156,24
T5,4,0,48,2
[148]
T1,0,0,82,26
T2,1,1,132,7
T3,2,1,168,27
T4,3,1,200,9
T5,4,1,32,3
[149]
T1,0,1,171,36
T2,1,0,54,15
T3,2,0,74,7
T4,3,0,200,15
T5,4,0,45,1
[150]
T1,0,0,59,10
T2,1,1,64,5
T3,2,0,42,2
T4,3,1,200,32
T5,4,0,150,39
[151]
T1,0,1,142,12
T2,1,1,116,35
T3,2,1,24,3
T4,3,0,159,14
T5,4,1,200,11
[152]
T1,0,1,165,25
T2,1,1,104,22
T3,2,1,121,22
T4,3,1,200,16
T5,4,0,52,2
[153]
T1,0,1,129,22
T2,1,1,70,3
T3,2,1,200,13
T4,3,0,32,4
T5,4,1,196,52
[154]
T1,0,1,156,13
T2,1,0,140,61
T3,2,1,200,2
T4,3,1,32,3
T5,4,0,115,8
[155]
T1,0,1,171,9
T2,1,1,40,2
T3,2,0,200,20
T4,3,0,80,15
T5,4,0,127,44
[156]
T1,0,0,200,36
T2,1,0,48,2
T3,2,0,155,12
T4,3,0,93,19
T5,4,0,144,30
[157]
T1,0,0,78,4
T2,1,0,136,40
T3,2,0,200,16
T4,3,1,186,25
T5,4,1,51,6
[158]
T1,0,0,153,2
T2,1,0,129,3
T3,2,1,102,9
T4,3,1,200,22
T5,4,1,52,24
[159]
T1,0,0,200,68
T2,1,0,101,1
T3,2,0,25,2
T4,3,0,172,16
T5,4,1,93,20
[160]
T1,0,0,183,40
T2,1,1,27,2
T3,2,0,89,14
T4,3,1,200,45
T5,4,1,108,10
[161]
T1,0,1,111,13
T2,1,0,184,5
T3,2,1,61,27
T4,3,0,200,7
T5,4,1,20,1
[162]
T1,0,0,200,5
T2,1,0,179,54
T3,2,1,60,19
T4,3,1,35,2
T5,4,1,116,4
[163]
T1,0,0,200,35
T2,1,0,54,1
T3,2,1,158,29
T4,3,0,40,10
T5,4,1,124,7
[164]
T1,0,1,36,9
T2,1,0,198,16
T3,2,0,78,6
T4,3,1,200,28
T5,4,0,121,15
[165]
T1,0,1,179,30
T2,1,0,200,55
T3,2,1,25,1
T4,3,1,80,2
T5,4,0,135,27
[166]
T1,0,0,200,1
T2,1,0,121,26
T3,2,0,86,3
T4,3,1,154,65
T5,4,1,44,2
[167]
T1,0,1,200,40
T2,1,1,184,26
T3,2,1,40,4
T4,3,1,136,14
T5,4,0,98,13
[168]
T1,0,0,94,12
T2,1,0,109,27
T3,2,1,21,5
T4,3,0,168,1
T5,4,0,200,4
[169]
T1,0,0,123,17
T2,1,0,28,2
T3,2,0,120,41
T4,3,1,150,16
T5,4,1,200,1
[170]
T1,0,0,50,3
T2,1,0,63,2
T3,2,1,140,20
T4,3,0,181,5
T5,4,1,200,84
[171]
T1,0,1,189,27
T2,1,0,54,4
T3,2,1,55,8
T4,3,0,200,15
T5,4,0,105,24
[172]
T1,0,0,35,15
T2,1,1,182,10
T3,2,1,200,2
T4,3,0,113,3
T5,4,1,130,18
[173]
T1,0,0,22,9
T2,1,1,193,10
T3,2,0,55,2
T4,3,0,90,15
T5,4,0,200,4
[174]
T1,0,1,200,45
T2,1,1,128,33
T3,2,0,122,14
T4,3,1,175,8
T5,4,0,38,1
[175]
T1,0,0,200,15
T2,1,0,56,12
T3,2,1,148,13
T4,3,1,42,9
T5,4,1,132,10
[176]
T1,0,0,137,12
T2,1,1,43,10
T3,2,1,93,22
T4,3,1,200,6
T5,4,0,172,17
[177]
T1,0,0,32,12
T2,1,1,107,18
T3,2,1,200,2
T4,3,0,168,4
T5,4,1,64,7
[178]
T1,0,1,200,39
T2,1,1,56,12
T3,2,1,110,22
T4,3,1,28,1
T5,4,0,151,2
[179]
T1,0,1,54,2
T2,1,0,72,3
T3,2,0,162,46
T4,3,0,115,39
T5,4,0,200,4
[180]
T1,0,0,200,21
T2,1,1,70,1
T3,2,0,26,3
T4,3,1,78,16
T5,4,0,175,37
[181]
T1,0,0,180,33
T2,1,1,200,48
T3,2,1,119,7
T4,3,1,22,4
T5,4,1,86,1
[182]
T1,0,1,99,20
T2,1,1,56,14
T3,2,1,186,3
T4,3,0,200,10
T5,4,0,21,3
[183]
T1,0,1,125,3
T2,1,0,200,24
T3,2,0,25,3
T4,3,1,182,53
T5,4,1,74,9
[184]
T1,0,0,45,5
T2,1,0,56,3
T3,2,1,200,22
T4,3,1,58,8
T5,4,1,162,39
[185]
T1,0,1,71,2
T2,1,0,24,12
T3,2,1,180,1
T4,3,0,63,3
T5,4,1,200,20
[186]
T1,0,0,153,4
T2,1,1,85,10
T3,2,0,72,9
T4,3,0,200,10
T5,4,1,25,9
[187]
T1,0,0,55,5
T2,1,0,20,2
T3,2,0,154,16
T4,3,1,57,17
T5,4,0,200,7
[188]
T1,0,1,200,6
T2,1,0,88,12
T3,2,0,185,51
T4,3,0,20,2
T5,4,1,55,5
[189]
T1,0,1,200,103
T2,1,1,106,7
T3,2,0,33,1
T4,3,1,159,10
T5,4,0,125,1
[190]
T1,0,1,70,2
T2,1,1,174,77
T3,2,0,40,6
T4,3,1,200,13
T5,4,0,128,2
[191]
T1,0,0,198,2
T2,1,0,50,2
T3,2,0,200,21
T4,3,0,129,35
T5,4,0,147,44
[192]
T1,0,1,28,9
T2,1,1,196,14
T3,2,1,115,22
T4,3,0,87,5
T5,4,1,200,1
[193]
T1,0,1,51,3
T2,1,1,200,4
T3,2,1,168,59
T4,3,0,141,30
T5,4,0,108,4
[194]
T1,0,0,175,16
T2,1,1,52,11
T3,2,1,86,17
T4,3,0,74,3
T5,4,1,200,22
[195]
T1,0,1,145,3
T2,1,1,140,14
T3,2,1,40,13
T4,3,0,190,36
T5,4,1,200,11
[196]
T1,0,1,162,4
T2,1,0,30,1
T3,2,0,91,28
T4,3,1,200,47
T5,4,1,68,4
[197]
T1,0,0,162,66
T2,1,1,106,19
T3,2,0,200,2
T4,3,0,61,3
T5,4,0,27,2
[198]
T1,0,0,104,14
T2,1,0,121,19
T3,2,0,37,5
T4,3,0,180,46
T5,4,1,200,2
[199]
T1,0,0,25,4
T2,1,1,132,3
T3,2,0,173,8
T4,3,1,200,19
T5,4,1,144,47
[200]
T1,0,1,200,27
T2,1,0,150,49
T3,2,1,52,2
T4,3,0,97,13
T5,4,1,65,2
[201]
T1,0,0,200,2
T2,1,1,30,6
T3,2,0,112,42
T4,3,0,170,1
T5,4,0,112,8
[202]
T1,0,0,80,15
T2,1,1,57,2
T3,2,1,30,6
T4,3,1,199,34
T5,4,0,200,13
[203]
T1,0,1,52,11
T2,1,0,146,48
T3,2,1,200,5
T4,3,1,195,17
T5,4,0,95,2
[204]
T1,0,0,200,2
T2,1,0,170,111
T3,2,1,55,2
T4,3,1,52,2
T5,4,0,136,1
[205]
T1,0,0,84,10
T2,1,1,182,24
T3,2,0,200,4
T4,3,0,108,10
T5,4,1,44,14
[206]
T1,0,1,146,34
T2,1,1,90,21
T3,2,1,32,4
T4,3,0,176,7
T5,4,0,200,8
[207]
T1,0,0,36,2
T2,1,1,200,4
T3,2,1,162,33
T4,3,0,79,12
T5,4,0,81,23
[208]
T1,0,0,180,25
T2,1,0,38,5
T3,2,0,61,4
T4,3,0,200,1
T5,4,1,145,47
[209]
T1,0,0,32,3
T2,1,0,156,43
T3,2,0,200,17
T4,3,0,81,3
T5,4,0,138,24
[210]
T1,0,0,110,18
T2,1,0,35,4
T3,2,1,81,5
T4,3,0,187,17
T5,4,1,200,48
[211]
T1,0,1,198,5
T2,1,0,200,62
T3,2,1,75,17
T4,3,1,28,2
T5,4,0,77,8
[212]
T1,0,1,100,7
T2,1,1,20,3
T3,2,0,129,5
T4,3,0,192,2
T5,4,0,200,74
[213]
T1,0,0,24,2
T2,1,1,200,22
T3,2,1,100,24
T4,3,1,186,33
T5,4,1,120,18
[214]
T1,0,1,172,51
T2,1,1,200,11
T3,2,1,114,16
T4,3,1,43,6
T5,4,1,98,4
[215]
T1,0,0,159,48
T2,1,1,120,1
T3,2,1,40,4
T4,3,1,65,3
T5,4,0,200,43
[216]
T1,0,1,160,53
T2,1,0,120,4
T3,2,0,200,21
T4,3,1,93,3
T5,4,0,45,8
[217]
T1,0,1,66,1
T2,1,0,91,26
T3,2,1,164,7
T4,3,0,200,39
T5,4,0,22,2
[218]
T1,0,0,103,20
T2,1,0,60,1
T3,2,1,200,9
T4,3,0,24,6
T5,4,1,183,25
[219]
T1,0,1,98,14
T2,1,1,185,15
T3,2,1,73,3
T4,3,1,25,9
T5,4,1,200,9
[220]
T1,0,0,126,35
T2,1,1,46,14
T3,2,1,188,8
T4,3,0,75,1
T5,4,1,200,5
[221]
T1,0,0,82,6
T2,1,0,136,54
T3,2,0,27,2
T4,3,1,170,28
T5,4,1,200,6
[222]
T1,0,1,30,3
T2,1,1,63,11
T3,2,1,138,2
T4,3,0,200,78
T5,4,0,198,2
[223]
T1,0,1,86,3
T2,1,1,85,26
T3,2,1,43,6
T4,3,1,200,27
T5,4,1,156,9
[224]
T1,0,1,150,9
T2,1,0,23,2
T3,2,0,113,31
T4,3,1,75,2
T5,4,0,200,44
[225]
T1,0,0,101,1
T2,1,0,140,2
T3,2,0,49,10
T4,3,1,192,61
T5,4,1,200,28
[226]
T1,0,1,84,4
T2,1,1,20,2
T3,2,0,200,34
T4,3,0,195,25
T5,4,1,145,32
[227]
T1,0,1,25,6
T2,1,1,90,2
T3,2,0,169,10
T4,3,1,200,37
T5,4,0,84,16
[228]
T1,0,0,96,24
T2,1,1,116,14
T3,2,1,200,6
T4,3,1,44,11
T5,4,0,170,5
[229]
T1,0,1,121,10
T2,1,0,65,2
T3,2,0,183,82
T4,3,1,200,4
T5,4,0,26,3
[230]
T1,0,1,70,3
T2,1,0,51,6
T3,2,0,200,21
T4,3,0,90,27
T5,4,0,156,19
[231]
T1,0,1,200,54
T2,1,0,160,6
T3,2,0,106,9
T4,3,1,97,21
T5,4,0,45,3
[232]
T1,0,0,156,28
T2,1,1,200,3
T3,2,0,42,9
T4,3,0,144,7
T5,4,0,85,18
[233]
T1,0,1,200,68
T2,1,0,43,2
T3,2,1,91,20
T4,3,0,80,7
T5,4,0,184,5
[234]
T1,0,0,159,13
T2,1,0,93,40
T3,2,1,200,12
T4,3,0,67,4
T5,4,0,50,2
[235]
T1,0,1,172,61
T2,1,0,40,2
T3,2,0,121,26
T4,3,1,107,4
T5,4,0,200,5
[236]
T1,0,0,188,9
T2,1,0,28,2
T3,2,1,84,6
T4,3,0,200,38
T5,4,1,120,44
[237]
T1,0,0,25,10
T2,1,1,196,7
T3,2,0,59,2
T4,3,0,200,4
T5,4,0,126,24
[238]
T1,0,1,49,2
T2,1,1,128,7
T3,2,1,56,10
T4,3,1,200,45
T5,4,1,175,30
[239]
T1,0,1,57,8
T2,1,0,200,34
T3,2,1,36,9
T4,3,0,81,8
T5,4,0,172,2
[240]
T1,0,1,125,2
T2,1,0,28,6
T3,2,0,200,13
T4,3,0,81,7
T5,4,1,195,61
[241]
T1,0,1,106,21
T2,1,1,154,44
T3,2,1,44,1
T4,3,1,200,27
T5,4,0,74,2
[242]
T1,0,1,71,5
T2,1,0,20,4
T3,2,1,168,21
T4,3,0,200,2
T5,4,0,133,32
[243]
T1,0,0,200,6
T2,1,0,92,35
T3,2,0,175,9
T4,3,0,83,12
T5,4,0,50,3
[244]
T1,0,0,200,8
T2,1,1,95,3
T3,2,1,188,4
T4,3,0,35,14
T5,4,0,100,18
[245]
T1,0,1,61,2
T2,1,1,200,37
T3,2,1,148,9
T4,3,1,114,24
T5,4,1,25,5
[246]
T1,0,0,200,3
T2,1,1,20,1
T3,2,1,132,30
T4,3,0,63,20
T5,4,1,185,10
[247]
T1,0,1,176,50
T2,1,0,54,5
T3,2,1,74,6
T4,3,0,200,8
T5,4,1,90,16
[248]
T1,0,1,200,16
T2,1,1,92,5
T3,2,0,162,48
T4,3,1,83,7
T5,4,0,23,3
[249]
T1,0,0,200,28
T2,1,0,20,2
T3,2,1,96,2
T4,3,1,186,31
T5,4,0,106,33
[250]
T1,0,0,184,30
T2,1,1,200,53
T3,2,1,60,8
T4,3,0,80,5
T5,4,0,42,2
[251]
T1,0,1,100,15
T2,1,1,119,13
T3,2,0,200,33
T4,3,0,25,5
T5,4,0,174,3
[252]
T1,0,0,92,12
T2,1,1,23,2
T3,2,1,200,3
T4,3,0,114,18
T5,4,1,163,59
[253]
T1,0,1,156,9
T2,1,0,137,17
T3,2,0,32,1
T4,3,0,200,28
T5,4,0,57,18
[254]
T1,0,0,200,12
T2,1,0,33,4
T3,2,0,184,12
T4,3,1,120,46
T5,4,0,84,4
[255]
T1,0,0,200,20
T2,1,0,120,29
T3,2,0,52,2
T4,3,0,74,11
T5,4,0,148,27
[256]
T1,0,0,200,46
T2,1,0,137,3
T3,2,1,25,2
T4,3,1,70,2
T5,4,1,196,76
[257]
T1,0,0,50,2
T2,1,0,144,18
T3,2,0,102,2
T4,3,1,153,17
T5,4,1,200,84
[258]
T1,0,1,88,1
T2,1,1,39,4
T3,2,0,200,3
T4,3,1,154,25
T5,4,1,130,48
[259]
T1,0,0,55,4
T2,1,0,92,30
T3,2,0,159,2
T4,3,0,200,23
T5,4,1,25,4
[260]
T1,0,0,72,3
T2,1,1,36,5
T3,2,1,196,16
T4,3,1,126,5
T5,4,1,200,74
[261]
T1,0,0,180,5
T2,1,1,200,30
T3,2,1,122,28
T4,3,1,128,23
T5,4,1,48,4
[262]
T1,0,0,36,1
T2,1,0,200,28
T3,2,0,56,10
T4,3,1,120,34
T5,4,1,168,8
[263]
T1,0,0,36,8
T2,1,0,75,3
T3,2,1,200,10
T4,3,0,62,10
T5,4,0,179,34
[264]
T1,0,1,100,2
T2,1,0,200,23
T3,2,0,144,30
T4,3,0,196,17
T5,4,1,27,6
[265]
T1,0,0,200,30
T2,1,0,92,21
T3,2,1,112,14
T4,3,0,40,5
T5,4,1,151,5
[266]
T1,0,1,200,21
T2,1,1,36,2
T3,2,0,119,3
T4,3,1,174,78
T5,4,1,136,7
[267]
T1,0,1,72,2
T2,1,0,190,10
T3,2,0,200,45
T4,3,1,86,24
T5,4,0,50,6
[268]
T1,0,0,64,14
T2,1,0,169,21
T3,2,1,92,24
T4,3,1,25,1
T5,4,1,200,2
[269]
T1,0,1,24,2
T2,1,1,138,36
T3,2,1,136,6
T4,3,0,200,30
T5,4,1,192,39
[270]
T1,0,0,78,1
T2,1,1,30,3
T3,2,1,185,29
T4,3,1,200,42
T5,4,1,115,22
[271]
T1,0,1,128,2
T2,1,1,156,64
T3,2,1,80,1
T4,3,0,25,3
T5,4,0,200,18
[272]
T1,0,1,170,34
T2,1,1,87,17
T3,2,0,200,20
T4,3,1,126,16
T5,4,1,34,1
[273]
T1,0,1,112,6
T2,1,1,200,27
T3,2,0,79,2
T4,3,1,41,3
T5,4,1,150,59
[274]
T1,0,1,150,4
T2,1,0,200,28
T3,2,1,129,4
T4,3,1,26,3
T5,4,0,111,41
[275]
T1,0,1,145,8
T2,1,1,125,44
T3,2,1,200,30
T4,3,0,154,18
T5,4,0,28,2
[276]
T1,0,0,200,34
T2,1,1,34,9
T3,2,1,162,5
T4,3,1,137,15
T5,4,0,90,8
[277]
T1,0,1,159,98
T2,1,1,200,6
T3,2,0,28,2
T4,3,1,120,3
T5,4,0,146,2
[278]
T1,0,0,148,50
T2,1,0,98,24
T3,2,1,128,6
T4,3,0,35,1
T5,4,0,200,2
[279]
T1,0,1,197,32
T2,1,1,117,30
T3,2,0,46,4
T4,3,1,200,13
T5,4,0,115,13
[280]
T1,0,1,200,44
T2,1,0,164,31
T3,2,0,25,2
T4,3,1,91,7
T5,4,1,127,24
[281]
T1,0,0,200,1
T2,1,1,84,19
T3,2,0,80,1
T4,3,1,32,12
T5,4,0,174,7
[282]
T1,0,1,115,25
T2,1,1,122,16
T3,2,1,20,2
T4,3,0,200,24
T5,4,0,184,36
[283]
T1,0,1,63,2
T2,1,0,200,19
T3,2,0,90,19
T4,3,1,164,17
T5,4,0,25,5
[284]
T1,0,0,200,15
T2,1,0,40,2
T3,2,0,136,12
T4,3,0,101,44
T5,4,0,191,3
[285]
T1,0,1,148,5
T2,1,0,200,35
T3,2,1,84,19
T4,3,1,130,31
T5,4,0,35,2
[286]
T1,0,0,48,1
T2,1,1,62,1
T3,2,1,168,59
T4,3,1,102,4
T5,4,0,200,50
[287]
T1,0,0,75,12
T2,1,1,200,16
T3,2,1,25,5
T4,3,0,179,26
T5,4,0,132,9
[288]
T1,0,1,200,7
T2,1,1,54,4
T3,2,1,104,15
T4,3,0,176,50
T5,4,0,50,7
[289]
T1,0,1,42,2
T2,1,0,100,11
T3,2,0,200,4
T4,3,0,180,8
T5,4,0,61,28
[290]
T1,0,1,160,2
T2,1,0,200,1
T3,2,0,123,55
T4,3,0,102,8
T5,4,1,25,3
[291]
T1,0,0,40,7
T2,1,1,110,2
T3,2,1,200,5
T4,3,0,184,23
T5,4,1,83,28
[292]
T1,0,1,186,11
T2,1,1,56,3
T3,2,1,28,2
T4,3,1,200,5
T5,4,1,141,74
[293]
T1,0,0,119,2
T2,1,1,170,3
T3,2,0,113,42
T4,3,1,34,1
T5,4,1,200,52
[294]
T1,0,1,200,6
T2,1,1,155,29
T3,2,0,61,10
T4,3,0,120,2
T5,4,1,50,15
[295]
T1,0,0,36,2
T2,1,1,111,14
T3,2,1,93,26
T4,3,1,200,42
T5,4,1,150,1
[296]
T1,0,0,104,13
T2,1,0,24,1
T3,2,1,84,34
T4,3,0,188,14
T5,4,1,200,2
[297]
T1,0,0,154,35
T2,1,1,200,46
T3,2,1,78,10
T4,3,0,110,10
T5,4,0,36,2
[298]
T1,0,1,36,1
T2,1,1,200,4
T3,2,1,102,8
T4,3,1,60,9
T5,4,1,160,63
[299]
T1,0,1,142,1
T2,1,0,90,18
T3,2,0,35,2
T4,3,0,200,46
T5,4,0,175,33
[300]
T1,0,1,93,30
T2,1,1,38,3
T3,2,0,180,20
T4,3,1,110,8
T5,4,0,200,18
[301]
T1,0,1,185,65
T2,1,1,200,6
T3,2,0,105,5
T4,3,1,50,12
T5,4,0,131,1
[302]
T1,0,1,128,24
T2,1,0,40,3
T3,2,1,57,8
T4,3,1,200,5
T5,4,0,188,44
[303]
T1,0,1,73,4
T2,1,0,200,66
T3,2,0,145,20
T4,3,0,38,5
T5,4,1,152,2
[304]
T1,0,0,200,27
T2,1,1,102,5
T3,2,1,35,3
T4,3,0,60,15
T5,4,0,155,24
[305]
T1,0,0,132,43
T2,1,0,25,1
T3,2,1,125,4
T4,3,0,148,35
T5,4,1,200,3
[306]
T1,0,1,131,36
T2,1,1,80,6
T3,2,0,200,16
T4,3,0,43,3
T5,4,0,164,28
[307]
T1,0,0,21,1
T2,1,0,200,55
T3,2,0,60,9
T4,3,1,175,17
T5,4,1,146,11
[308]
T1,0,1,180,22
T2,1,1,200,28
T3,2,0,29,3
T4,3,1,132,5
T5,4,1,104,27
[309]
T1,0,0,70,17
T2,1,1,174,23
T3,2,0,200,32
T4,3,0,66,3
T5,4,0,24,2
[310]
T1,0,1,127,19
T2,1,0,200,18
T3,2,0,112,16
T4,3,1,52,2
T5,4,1,195,51
[311]
T1,0,0,184,60
T2,1,0,80,3
T3,2,1,200,3
T4,3,1,114,10
T5,4,0,28,6
[312]
T1,0,0,200,19
T2,1,1,112,12
T3,2,1,20,1
T4,3,1,174,10
T5,4,0,75,26
[313]
T1,0,0,148,1
T2,1,0,28,1
T3,2,0,127,1
T4,3,0,95,23
T5,4,1,200,72
[314]
T1,0,0,65,9
T2,1,1,198,13
T3,2,0,120,2
T4,3,0,36,9
T5,4,1,200,41
[315]
T1,0,1,58,19
T2,1,1,104,2
T3,2,0,49,11
T4,3,1,200,1
T5,4,0,160,19
[316]
T1,0,0,195,56
T2,1,1,58,10
T3,2,0,29,2
T4,3,1,122,5
T5,4,1,200,34
[317]
T1,0,1,125,6
T2,1,0,160,32
T3,2,0,52,2
T4,3,1,71,7
T5,4,1,200,65
[318]
T1,0,1,40,13
T2,1,1,130,13
T3,2,1,134,15
T4,3,1,180,23
T5,4,0,200,3
[319]
T1,0,0,90,10
T2,1,0,35,7
T3,2,1,84,3
T4,3,0,200,16
T5,4,1,156,39
[320]
T1,0,0,107,46
T2,1,0,183,2
T3,2,0,75,2
T4,3,0,200,15
T5,4,1,48,7
[321]
T1,0,1,125,10
T2,1,1,200,16
T3,2,1,72,12
T4,3,0,197,18
T5,4,1,50,12
[322]
T1,0,1,171,26
T2,1,0,60,2
T3,2,0,117,8
T4,3,1,20,4
T5,4,1,200,46
[323]
T1,0,1,81,2
T2,1,1,73,15
T3,2,0,200,68
T4,3,1,37,4
T5,4,0,148,4
[324]
T1,0,0,116,21
T2,1,1,138,45
T3,2,0,153,15
T4,3,1,36,2
T5,4,1,200,4
[325]
T1,0,1,120,4
T2,1,1,160,42
T3,2,0,127,45
T4,3,1,39,1
T5,4,0,200,1
[326]
T1,0,0,39,4
T2,1,0,200,33
T3,2,0,87,3
T4,3,0,160,45
T5,4,0,72,6
[327]
T1,0,0,56,13
T2,1,0,171,27
T3,2,0,79,8
T4,3,1,200,28
T5,4,1,30,1
[328]
T1,0,0,46,8
T2,1,0,183,18
T3,2,0,200,1
T4,3,1,137,4
T5,4,0,61,22
[329]
T1,0,0,98,3
T2,1,1,50,7
T3,2,0,192,31
T4,3,1,200,12
T5,4,1,92,26
[330]
T1,0,1,146,28
T2,1,0,30,8
T3,2,1,200,6
T4,3,0,177,5
T5,4,1,105,17
[331]
T1,0,1,25,2
T2,1,1,68,31
T3,2,1,99,1
T4,3,0,149,24
T5,4,1,200,6
[332]
T1,0,1,179,1
T2,1,1,69,3
T3,2,1,200,22
T4,3,0,27,7
T5,4,0,72,19
[333]
T1,0,0,200,6
T2,1,0,98,18
T3,2,0,61,20
T4,3,0,150,9
T5,4,0,45,3
[334]
T1,0,1,198,8
T2,1,0,66,15
T3,2,0,200,47
T4,3,1,86,3
T5,4,1,48,6
[335]
T1,0,1,84,27
T2,1,1,150,3
T3,2,0,200,18
T4,3,1,34,8
T5,4,0,87,2
[336]
T1,0,0,119,8
T2,1,1,200,40
T3,2,0,135,4
T4,3,1,25,7
T5,4,1,176,18
[337]
T1,0,1,200,62
T2,1,1,55,2
T3,2,1,188,10
T4,3,1,24,1
T5,4,0,95,20
[338]
T1,0,1,147,5
T2,1,1,80,26
T3,2,1,200,15
T4,3,0,45,2
T5,4,1,150,29
[339]
T1,0,0,99,5
T2,1,0,200,24
T3,2,0,64,5
T4,3,0,164,1
T5,4,1,50,21
[340]
T1,0,0,160,3
T2,1,1,22,5
T3,2,1,94,25
T4,3,0,200,16
T5,4,1,113,11
[341]
T1,0,0,23,5
T2,1,0,200,29
T3,2,0,69,1
T4,3,0,183,40
T5,4,1,143,11
[342]
T1,0,0,109,38
T2,1,1,200,3
T3,2,1,57,9
T4,3,1,36,2
T5,4,0,189,27
[343]
T1,0,1,77,4
T2,1,0,162,23
T3,2,0,48,3
T4,3,0,200,62
T5,4,0,99,10
[344]
T1,0,0,175,11
T2,1,1,77,20
T3,2,0,32,3
T4,3,1,200,39
T5,4,0,55,3
[345]
T1,0,0,91,18
T2,1,1,200,2
T3,2,1,63,1
T4,3,0,22,5
T5,4,1,160,37
[346]
T1,0,1,120,1
T2,1,1,39,2
T3,2,1,159,10
T4,3,1,200,89
T5,4,0,78,13
[347]
T1,0,1,137,21
T2,1,0,22,1
T3,2,1,181,3
T4,3,1,200,81
T5,4,0,100,6
[348]
T1,0,0,131,55
T2,1,0,40,3
T3,2,1,128,1
T4,3,0,157,17
T5,4,0,200,12
[349]
T1,0,0,63,5
T2,1,1,161,4
T3,2,0,200,11
T4,3,0,105,37
T5,4,1,24,3
[350]
T1,0,1,200,29
T2,1,0,36,2
T3,2,1,153,15
T4,3,0,136,24
T5,4,0,126,31
[351]
T1,0,0,139,62
T2,1,0,140,2
T3,2,0,185,9
T4,3,0,40,7
T5,4,0,200,2
[352]
T1,0,1,200,20
T2,1,1,87,2
T3,2,0,48,9
T4,3,1,59,8
T5,4,0,170,40
[353]
T1,0,1,143,6
T2,1,1,200,10
T3,2,0,70,27
T4,3,0,176,16
T5,4,1,40,4
[354]
T1,0,0,200,25
T2,1,0,109,11
T3,2,1,23,6
T4,3,0,130,14
T5,4,0,150,12
[355]
T1,0,0,60,19
T2,1,1,200,36
T3,2,1,50,2
T4,3,1,153,12
T5,4,0,108,7
[356]
T1,0,1,120,39
T2,1,0,166,9
T3,2,1,48,5
T4,3,0,200,7
T5,4,0,60,9
[357]
T1,0,0,73,6
T2,1,1,51,7
T3,2,0,198,25
T4,3,0,72,2
T5,4,1,200,62
[358]
T1,0,0,178,25
T2,1,0,129,28
T3,2,1,65,3
T4,3,0,200,56
T5,4,1,50,2
[359]
T1,0,1,176,52
T2,1,1,200,16
T3,2,1,80,7
T4,3,1,92,10
T5,4,0,39,4
[360]
T1,0,0,20,2
T2,1,1,200,27
T3,2,0,182,12
T4,3,1,88,16
T5,4,1,82,24
[361]
T1,0,1,200,42
T2,1,0,95,11
T3,2,1,73,17
T4,3,1,25,1
T5,4,0,160,11
[362]
T1,0,0,122,50
T2,1,0,183,19
T3,2,0,85,2
T4,3,0,200,4
T5,4,1,20,2
[363]
T1,0,0,200,67
T2,1,1,164,5
T3,2,0,20,1
T4,3,1,101,15
T5,4,0,132,11
[364]
T1,0,1,48,3
T2,1,1,200,14
T3,2,1,168,30
T4,3,0,114,15
T5,4,0,81,19
[365]
T1,0,1,27,2
T2,1,0,80,1
T3,2,1,200,20
T4,3,1,190,36
T5,4,0,110,38
[366]
T1,0,0,37,2
T2,1,0,137,33
T3,2,0,200,15
T4,3,1,150,47
T5,4,0,102,6
[367]
T1,0,1,176,19
T2,1,1,200,51
T3,2,0,112,8
T4,3,0,54,9
T5,4,1,122,9
[368]
T1,0,0,94,4
T2,1,1,114,14
T3,2,1,200,15
T4,3,0,25,4
T5,4,0,177,44
[369]
T1,0,0,78,5
T2,1,0,144,34
T3,2,0,176,1
T4,3,1,200,29
T5,4,0,22,5
[370]
T1,0,0,200,12
T2,1,1,42,6
T3,2,1,88,17
T4,3,0,170,43
T5,4,1,111,4
[371]
T1,0,0,200,11
T2,1,0,180,33
T3,2,1,95,6
T4,3,1,126,26
T5,4,1,42,7
[372]
T1,0,1,30,5
T2,1,0,153,41
T3,2,0,138,3
T4,3,1,200,1
T5,4,0,54,11
[373]
T1,0,0,140,22
T2,1,1,192,33
T3,2,1,36,2
T4,3,1,200,34
T5,4,0,76,13
[374]
T1,0,0,114,3
T2,1,1,145,22
T3,2,0,53,4
T4,3,1,150,48
T5,4,0,200,19
[375]
T1,0,1,26,1
T2,1,0,152,3
T3,2,1,92,24
T4,3,1,200,71
T5,4,1,143,2
[376]
T1,0,1,20,3
T2,1,1,200,47
T3,2,0,195,35
T4,3,0,55,5
T5,4,1,64,2
[377]
T1,0,0,125,9
T2,1,0,120,16
T3,2,1,48,15
T4,3,0,200,14
T5,4,1,191,16
[378]
T1,0,0,36,12
T2,1,1,140,8
T3,2,1,200,9
T4,3,1,152,31
T5,4,1,63,2
[379]
T1,0,0,99,4
T2,1,0,189,30
T3,2,0,113,47
T4,3,1,22,2
T5,4,0,200,7
[380]
T1,0,0,104,19
T2,1,1,70,19
T3,2,1,174,15
T4,3,0,29,2
T5,4,1,200,15
[381]
T1,0,1,188,7
T2,1,0,24,5
T3,2,1,134,5
T4,3,0,200,22
T5,4,0,120,35
[382]
T1,0,1,93,26
T2,1,0,156,3
T3,2,0,39,1
T4,3,0,200,30
T5,4,1,128,26
[383]
T1,0,0,42,7
T2,1,0,200,8
T3,2,0,115,42
T4,3,0,182,16
T5,4,1,96,1
[384]
T1,0,1,192,17
T2,1,1,200,20
T3,2,1,66,15
T4,3,1,45,9
T5,4,1,128,9
[385]
T1,0,1,66,5
T2,1,0,25,10
T3,2,0,172,29
T4,3,1,200,1
T5,4,1,80,2
[386]
T1,0,0,189,20
T2,1,1,74,25
T3,2,1,200,5
T4,3,0,112,14
T5,4,0,48,4
[387]
T1,0,0,48,2
T2,1,1,153,17
T3,2,1,66,9
T4,3,1,88,36
T5,4,0,200,3
[388]
T1,0,0,48,3
T2,1,1,62,11
T3,2,1,200,73
T4,3,0,168,10
T5,4,0,75,2
[389]
T1,0,1,200,26
T2,1,1,95,5
T3,2,1,152,6
T4,3,1,21,7
T5,4,1,121,16
[390]
T1,0,0,24,3
T2,1,0,176,3
T3,2,1,200,12
T4,3,1,106,2
T5,4,0,62,28
[391]
T1,0,0,200,26
T2,1,1,48,3
T3,2,1,86,9
T4,3,0,168,40
T5,4,0,96,12
[392]
T1,0,0,48,2
T2,1,0,91,9
T3,2,0,200,14
T4,3,1,99,11
T5,4,0,198,79
[393]
T1,0,0,30,4
T2,1,1,152,7
T3,2,1,77,16
T4,3,0,200,20
T5,4,1,85,16
[394]
T1,0,0,37,16
T2,1,0,200,20
T3,2,0,99,6
T4,3,1,85,1
T5,4,1,180,13
[395]
T1,0,0,67,15
T2,1,0,188,14
T3,2,0,24,2
T4,3,0,56,16
T5,4,1,200,10
[396]
T1,0,0,20,3
T2,1,1,149,14
T3,2,1,130,7
T4,3,1,200,8
T5,4,1,111,38
[397]
T1,0,1,189,78
T2,1,1,117,2
T3,2,1,200,13
T4,3,0,87,9
T5,4,0,24,2
[398]
T1,0,1,200,28
T2,1,1,41,6
T3,2,0,164,27
T4,3,0,74,15
T5,4,1,139,3
[399]
T1,0,0,29,2
T2,1,0,200,16
T3,2,0,106,36
T4,3,1,56,7
T5,4,1,150,18
[400]
T1,0,1,200,12
T2,1,0,24,3
T3,2,1,79,4
T4,3,0,71,16
T5,4,1,192,35
[401]
T1,0,1,79,7
T2,1,0,37,1
T3,2,0,200,21
T4,3,1,84,8
T5,4,0,148,52
[402]
T1,0,1,200,1
T2,1,0,81,17
T3,2,1,180,18
T4,3,0,112,38
T5,4,0,25,2
[403]
T1,0,0,105,2
T2,1,1,82,5
T3,2,1,22,7
T4,3,1,182,16
T5,4,1,200,34
[404]
T1,0,1,80,4
T2,1,0,200,30
T3,2,0,84,25
T4,3,0,176,25
T5,4,0,21,2
[405]
T1,0,1,44,3
T2,1,1,55,27
T3,2,0,108,2
T4,3,0,200,13
T5,4,0,168,10
[406]
T1,0,1,129,10
T2,1,0,117,6
T3,2,0,200,13
T4,3,0,162,66
T5,4,1,48,4
[407]
T1,0,0,108,13
T2,1,0,200,48
T3,2,0,32,2
T4,3,1,174,19
T5,4,1,104,14
[408]
T1,0,1,200,34
T2,1,1,59,4
T3,2,1,25,8
T4,3,0,117,13
T5,4,1,162,1
[409]
T1,0,0,70,8
T2,1,0,133,30
T3,2,1,30,4
T4,3,1,155,3
T5,4,1,200,37
[410]
T1,0,1,30,5
T2,1,1,172,18
T3,2,1,78,21
T4,3,0,70,2
T5,4,1,200,22
[411]
T1,0,1,54,6
T2,1,1,200,2
T3,2,0,83,28
T4,3,0,99,1
T5,4,0,198,43
[412]
T1,0,1,36,18
T2,1,1,177,1
T3,2,0,200,2
T4,3,0,56,2
T5,4,1,57,7
[413]
T1,0,1,25,8
T2,1,1,200,43
T3,2,0,105,3
T4,3,1,183,10
T5,4,1,84,3
[414]
T1,0,0,52,10
T2,1,1,80,11
T3,2,1,150,20
T4,3,0,200,5
T5,4,0,71,13
[415]
T1,0,1,21,2
T2,1,0,65,3
T3,2,1,180,27
T4,3,1,200,57
T5,4,0,104,10
[416]
T1,0,1,96,2
T2,1,0,198,7
T3,2,0,200,31
T4,3,0,66,12
T5,4,0,23,6
[417]
T1,0,0,35,5
T2,1,1,97,3
T3,2,0,161,31
T4,3,0,77,2
T5,4,1,200,59
[418]
T1,0,0,200,4
T2,1,0,108,1
T3,2,1,146,18
T4,3,1,160,17
T5,4,0,25,10
[419]
T1,0,1,200,1
T2,1,0,30,2
T3,2,0,165,65
T4,3,1,136,27
T5,4,0,133,2
[420]
T1,0,1,48,2
T2,1,0,85,45
T3,2,0,184,6
T4,3,1,200,19
T5,4,1,74,2
[421]
T1,0,0,200,5
T2,1,0,36,1
T3,2,1,60,8
T4,3,1,121,48
T5,4,0,149,13
[422]
T1,0,0,40,12
T2,1,1,100,1
T3,2,1,200,5
T4,3,0,90,22
T5,4,1,184,15
[423]
T1,0,0,200,18
T2,1,0,21,1
T3,2,0,125,2
T4,3,1,124,66
T5,4,1,162,1
[424]
T1,0,0,165,2
T2,1,1,200,15
T3,2,1,33,5
T4,3,0,126,34
T5,4,0,108,17
[425]
T1,0,1,200,11
T2,1,1,198,29
T3,2,0,57,2
T4,3,0,21,1
T5,4,1,63,26
[426]
T1,0,0,32,7
T2,1,0,111,1
T3,2,0,193,42
T4,3,0,96,3
T5,4,1,200,40
[427]
T1,0,1,118,8
T2,1,0,200,38
T3,2,0,100,23
T4,3,0,43,4
T5,4,0,192,16
[428]
T1,0,1,50,16
T2,1,1,162,34
T3,2,0,88,4
T4,3,1,145,10
T5,4,0,200,6
[429]
T1,0,1,22,3
T2,1,1,100,7
T3,2,1,67,7
T4,3,1,200,46
T5,4,1,196,21
[430]
T1,0,1,171,9
T2,1,1,200,20
T3,2,1,45,17
T4,3,0,139,12
T5,4,1,126,7
[431]
T1,0,0,78,4
T2,1,1,196,25
T3,2,0,200,23
T4,3,0,50,9
T5,4,1,82,17
[432]
T1,0,0,200,17
T2,1,1,140,1
T3,2,1,49,20
T4,3,0,85,1
T5,4,1,168,29
[433]
T1,0,0,40,11
T2,1,0,152,4
T3,2,0,137,1
T4,3,1,200,2
T5,4,1,119,43
[434]
T1,0,1,121,2
T2,1,0,59,4
T3,2,0,38,8
T4,3,1,190,33
T5,4,0,200,43
[435]
T1,0,1,125,10
T2,1,0,200,51
T3,2,0,166,16
T4,3,0,54,7
T5,4,1,24,2
[436]
T1,0,1,200,19
T2,1,0,52,16
T3,2,0,104,18
T4,3,0,104,2
T5,4,0,156,13
[437]
T1,0,0,200,18
T2,1,0,172,14
T3,2,1,77,20
T4,3,0,91,20
T5,4,0,43,1
[438]
T1,0,0,200,18
T2,1,0,43,7
T3,2,0,70,2
T4,3,0,160,51
T5,4,1,92,9
[439]
T1,0,0,200,38
T2,1,0,100,10
T3,2,0,85,27
T4,3,1,36,2
T5,4,1,168,13
[440]
T1,0,1,159,9
T2,1,0,200,34
T3,2,1,30,7
T4,3,0,130,21
T5,4,0,56,2
[441]
T1,0,1,20,1
T2,1,0,200,7
T3,2,0,134,14
T4,3,1,75,10
T5,4,1,192,63
[442]
T1,0,1,200,11
T2,1,1,186,36
T3,2,0,138,24
T4,3,1,25,1
T5,4,1,87,18
[443]
T1,0,0,200,33
T2,1,1,55,14
T3,2,1,125,21
T4,3,1,50,3
T5,4,0,179,4
[444]
T1,0,1,200,56
T2,1,0,188,19
T3,2,1,80,3
T4,3,1,94,11
T5,4,1,34,4
[445]
T1,0,1,200,49
T2,1,0,120,1
T3,2,1,165,36
T4,3,1,72,2
T5,4,0,27,5
[446]
T1,0,0,200,19
T2,1,1,65,7
T3,2,0,50,4
T4,3,0,103,20
T5,4,1,152,28
[447]
T1,0,1,156,22
T2,1,0,200,19
T3,2,0,85,24
T4,3,1,35,4
T5,4,0,110,5
[448]
T1,0,1,188,26
T2,1,1,122,43
T3,2,1,101,5
T4,3,0,200,6
T5,4,0,47,5
[449]
T1,0,0,106,10
T2,1,1,188,14
T3,2,1,75,6
T4,3,1,200,85
T5,4,0,40,2
[450]
T1,0,0,63,3
T2,1,1,200,22
T3,2,1,189,83
T4,3,1,54,2
T5,4,1,109,5
[451]
T1,0,1,50,8
T2,1,1,200,15
T3,2,1,96,29
T4,3,1,164,14
T5,4,0,136,7
[452]
T1,0,0,98,15
T2,1,1,166,19
T3,2,1,60,18
T4,3,0,200,4
T5,4,1,20,1
[453]
T1,0,1,40,2
T2,1,1,64,2
T3,2,1,193,33
T4,3,0,79,26
T5,4,1,200,29
[454]
T1,0,1,70,2
T2,1,1,154,27
T3,2,0,200,22
T4,3,0,120,21
T5,4,0,30,6
[455]
T1,0,0,27,6
T2,1,1,57,2
T3,2,1,200,25
T4,3,0,102,5
T5,4,1,190,47
[456]
T1,0,1,71,19
T2,1,0,200,12
T3,2,0,150,4
T4,3,1,52,2
T5,4,0,88,28
[457]
T1,0,0,40,2
T2,1,1,66,26
T3,2,0,200,6
T4,3,0,59,3
T5,4,1,175,33
[458]
T1,0,1,79,9
T2,1,0,200,24
T3,2,0,105,40
T4,3,1,190,12
T5,4,0,40,2
[459]
T1,0,1,137,26
T2,1,0,200,30
T3,2,0,126,1
T4,3,1,27,1
T5,4,0,182,48
[460]
T1,0,0,125,2
T2,1,0,155,28
T3,2,1,89,19
T4,3,1,200,8
T5,4,0,45,11
[461]
T1,0,1,119,3
T2,1,0,195,22
T3,2,0,40,16
T4,3,1,60,3
T5,4,0,200,18
[462]
T1,0,0,40,3
T2,1,1,125,18
T3,2,0,200,76
T4,3,0,79,1
T5,4,0,156,9
[463]
T1,0,1,200,33
T2,1,0,46,17
T3,2,0,66,2
T4,3,0,160,1
T5,4,0,145,15
[464]
T1,0,0,20,2
T2,1,0,144,48
T3,2,0,193,31
T4,3,1,200,13
T5,4,0,58,5
[465]
T1,0,1,200,8
T2,1,1,161,5
T3,2,0,118,55
T4,3,1,21,1
T5,4,0,112,10
[466]
T1,0,1,111,11
T2,1,0,150,15
T3,2,1,200,18
T4,3,0,105,30
T5,4,1,20,2
[467]
T1,0,0,154,15
T2,1,1,35,7
T3,2,1,200,18
T4,3,1,62,17
T5,4,0,99,2
[468]
T1,0,1,128,32
T2,1,1,65,17
T3,2,1,35,4
T4,3,1,200,6
T5,4,0,196,3
[469]
T1,0,1,21,1
T2,1,1,130,17
T3,2,1,138,37
T4,3,1,175,6
T5,4,1,200,33
[470]
T1,0,0,32,4
T2,1,1,124,41
T3,2,1,200,13
T4,3,1,130,1
T5,4,0,152,21
[471]
T1,0,0,78,3
T2,1,1,200,46
T3,2,1,95,18
T4,3,1,183,27
T5,4,0,39,3
[472]
T1,0,1,25,2
T2,1,0,165,34
T3,2,1,138,12
T4,3,1,61,20
T5,4,1,200,10
[473]
T1,0,1,68,5
T2,1,1,77,1
T3,2,0,24,5
T4,3,1,155,24
T5,4,1,200,42
[474]
T1,0,0,200,22
T2,1,1,135,19
T3,2,0,135,39
T4,3,1,168,17
T5,4,0,50,2
[475]
T1,0,0,200,36
T2,1,0,101,7
T3,2,0,105,21
T4,3,1,150,5
T5,4,0,25,5
[476]
T1,0,1,189,24
T2,1,0,35,8
T3,2,1,200,12
T4,3,1,85,5
T5,4,0,132,24
[477]
T1,0,0,41,13
T2,1,1,139,26
T3,2,0,162,12
T4,3,1,135,12
T5,4,1,200,3
[478]
T1,0,0,114,1
T2,1,1,200,12
T3,2,0,190,24
T4,3,0,43,13
T5,4,0,92,17
[479]
T1,0,1,174,13
T2,1,1,141,13
T3,2,1,71,2
T4,3,1,29,5
T5,4,0,200,62
[480]
T1,0,1,200,45
T2,1,1,63,19
T3,2,1,159,9
T4,3,1,28,1
T5,4,0,119,5
[481]
T1,0,1,200,66
T2,1,0,41,7
T3,2,1,111,1
T4,3,0,70,9
T5,4,0,160,6
[482]
T1,0,0,177,43
T2,1,0,75,16
T3,2,0,200,20
T4,3,1,54,3
T5,4,0,147,10
[483]
T1,0,0,200,15
T2,1,0,66,7
T3,2,1,101,41
T4,3,0,44,3
T5,4,1,155,3
[484]
T1,0,1,200,7
T2,1,1,169,10
T3,2,1,134,69
T4,3,1,50,2
T5,4,0,130,2
[485]
T1,0,1,124,9
T2,1,1,43,4
T3,2,0,145,26
T4,3,0,200,45
T5,4,0,186,20
[486]
T1,0,1,186,51
T2,1,1,100,12
T3,2,0,67,2
T4,3,1,42,9
T5,4,0,200,13
[487]
T1,0,0,40,2
T2,1,1,200,41
T3,2,0,171,4
T4,3,0,72,16
T5,4,0,121,21
[488]
T1,0,0,200,4
T2,1,0,145,29
T3,2,1,155,45
T4,3,0,24,1
T5,4,0,58,7
[489]
T1,0,0,143,16
T2,1,0,161,17
T3,2,1,46,20
T4,3,0,200,2
T5,4,0,108,2
[490]
T1,0,0,200,21
T2,1,0,105,19
T3,2,1,182,30
T4,3,1,147,11
T5,4,0,35,5
[491]
T1,0,1,35,6
T2,1,1,129,14
T3,2,1,120,18
T4,3,0,200,41
T5,4,1,148,4
[492]
T1,0,1,133,15
T2,1,1,78,8
T3,2,1,46,7
T4,3,1,200,52
T5,4,1,150,7
[493]
T1,0,1,114,2
T2,1,1,84,27
T3,2,0,194,11
T4,3,0,50,7
T5,4,1,200,32
[494]
T1,0,1,91,17
T2,1,1,101,7
T3,2,0,180,8
T4,3,0,21,3
T5,4,1,200,46
[495]
T1,0,0,200,2
T2,1,0,95,57
T3,2,0,169,4
T4,3,0,108,5
T5,4,1,20,2
[496]
T1,0,0,75,8
T2,1,1,88,22
T3,2,1,200,1
T4,3,0,190,6
T5,4,1,48,14
[497]
T1,0,0,176,1
T2,1,0,121,1
T3,2,1,50,7
T4,3,1,132,28
T5,4,0,200,62
[498]
T1,0,1,65,11
T2,1,0,200,19
T3,2,0,40,3
T4,3,0,74,25
T5,4,0,170,2
[499]
T1,0,1,71,8
T2,1,1,28,1
T3,2,1,80,19
T4,3,1,200,1
T5,4,0,190,55
[500]
T1,0,1,152,33
T2,1,0,50,13
T3,2,0,200,3
T4,3,0,130,14
T5,4,0,120,9
