num_task_per_taskset=5
num_taskset=500
//ID,Priority,Offset,Period,Execution Time
[1]
T1,0,0,200,15
T2,1,1,35,5
T3,2,1,70,2
T4,3,1,186,38
T5,4,0,91,20
[2]
T1,0,1,70,12
T2,1,0,44,17
T3,2,1,200,21
T4,3,1,121,2
T5,4,1,187,4
[3]
T1,0,1,200,6
T2,1,0,90,5
T3,2,0,49,9
T4,3,1,184,34
T5,4,0,69,15
[4]
T1,0,1,108,3
T2,1,1,200,16
T3,2,0,95,10
T4,3,1,35,4
T5,4,1,170,59
[5]
T1,0,1,168,39
T2,1,0,105,1
T3,2,0,200,1
T4,3,0,64,8
T5,4,0,28,8
[6]
T1,0,1,40,6
T2,1,1,56,9
T3,2,0,200,14
T4,3,0,197,16
T5,4,1,125,27
[7]
T1,0,0,192,52
T2,1,1,32,1
T3,2,1,200,16
T4,3,0,54,9
T5,4,0,69,8
[8]
T1,0,1,45,14
T2,1,1,165,41
T3,2,0,114,10
T4,3,0,200,1
T5,4,0,144,3
[9]
T1,0,0,161,27
T2,1,1,200,1
T3,2,1,78,9
T4,3,1,40,12
T5,4,0,105,9
[10]
T1,0,0,105,9
T2,1,0,22,2
T3,2,0,200,65
T4,3,1,132,7
T5,4,0,150,28
[11]
T1,0,0,100,4
T2,1,0,135,17
T3,2,0,200,12
T4,3,1,51,18
T5,4,0,195,17
[12]
T1,0,1,40,4
T2,1,0,148,40
T3,2,1,132,7
T4,3,0,200,34
T5,4,0,97,8
[13]
T1,0,0,35,1
T2,1,0,200,54
T3,2,1,65,1
T4,3,1,128,17
T5,4,1,148,32
[14]
T1,0,0,40,10
T2,1,0,97,10
T3,2,0,57,8
T4,3,0,200,9
T5,4,1,158,18
[15]
T1,0,1,113,26
T2,1,1,64,15
T3,2,1,200,22
T4,3,1,28,2
T5,4,0,189,2
[16]
T1,0,1,88,9
T2,1,1,44,8
T3,2,1,200,28
T4,3,1,132,8
T5,4,1,160,33
[17]
T1,0,1,125,53
T2,1,0,71,2
T3,2,0,25,1
T4,3,0,200,7
T5,4,0,185,30
[18]
T1,0,1,32,1
T2,1,0,112,12
T3,2,0,200,34
T4,3,1,133,7
T5,4,1,180,57
[19]
T1,0,1,24,3
T2,1,1,200,18
T3,2,1,86,9
T4,3,0,144,7
T5,4,1,192,56
[20]
T1,0,0,84,5
T2,1,0,152,11
T3,2,1,200,87
T4,3,0,86,10
T5,4,1,40,2
[21]
T1,0,0,133,27
T2,1,1,66,8
T3,2,0,200,19
T4,3,1,175,9
T5,4,0,26,5
[22]
T1,0,0,123,9
T2,1,0,170,44
T3,2,1,40,1
T4,3,0,200,54
T5,4,1,112,6
[23]
T1,0,0,30,10
T2,1,1,200,15
T3,2,1,124,2
T4,3,0,180,21
T5,4,1,130,16
[24]
T1,0,1,165,52
T2,1,0,22,6
T3,2,0,200,2
T4,3,1,144,7
T5,4,1,61,2
[25]
T1,0,0,78,7
T2,1,1,187,4
T3,2,1,42,9
T4,3,0,200,2
T5,4,1,110,37
[26]
T1,0,1,172,4
T2,1,1,200,63
T3,2,0,43,2
T4,3,0,91,20
T5,4,1,88,10
[27]
T1,0,0,193,16
T2,1,0,28,6
T3,2,1,200,9
T4,3,0,70,2
T5,4,1,80,25
[28]
T1,0,0,200,31
T2,1,1,158,2
T3,2,0,27,6
T4,3,0,146,27
T5,4,0,120,12
[29]
T1,0,0,27,1
T2,1,0,99,19
T3,2,0,150,5
T4,3,1,67,12
T5,4,1,200,46
[30]
T1,0,0,123,4
T2,1,1,165,7
T3,2,1,200,48
T4,3,0,20,6
T5,4,0,106,8
[31]
T1,0,0,71,2
T2,1,1,23,12
T3,2,1,184,13
T4,3,0,200,6
T5,4,1,81,2
[32]
T1,0,0,126,18
T2,1,1,63,19
T3,2,0,200,40
T4,3,1,24,2
T5,4,1,161,2
[33]
T1,0,1,26,2
T2,1,0,136,4
T3,2,0,156,37
T4,3,1,200,52
T5,4,0,85,6
[34]
T1,0,0,48,6
T2,1,0,96,5
T3,2,0,112,7
T4,3,1,170,25
T5,4,1,200,56
[35]
T1,0,0,159,30
T2,1,1,33,6
T3,2,1,200,2
T4,3,0,110,24
T5,4,0,68,5
[36]
T1,0,0,155,49
T2,1,0,127,14
T3,2,1,200,6
T4,3,1,26,4
T5,4,0,117,7
[37]
T1,0,1,183,26
T2,1,1,75,33
T3,2,0,200,5
T4,3,0,64,1
T5,4,1,50,2
[38]
T1,0,1,200,50
T2,1,0,105,5
T3,2,0,159,33
T4,3,0,104,4
T5,4,0,32,4
[39]
T1,0,0,25,3
T2,1,0,200,64
T3,2,0,84,8
T4,3,0,135,4
T5,4,0,180,18
[40]
T1,0,1,195,9
T2,1,0,80,13
T3,2,0,129,14
T4,3,1,200,18
T5,4,0,50,13
[41]
T1,0,1,200,18
T2,1,1,100,12
T3,2,1,158,19
T4,3,1,113,28
T5,4,0,34,3
[42]
T1,0,1,30,1
T2,1,1,152,2
T3,2,1,133,3
T4,3,1,91,3
T5,4,0,200,118
[43]
T1,0,0,157,39
T2,1,1,40,4
T3,2,1,115,11
T4,3,0,200,35
T5,4,1,121,8
[44]
T1,0,1,135,30
T2,1,1,150,17
T3,2,0,54,9
T4,3,1,27,3
T5,4,0,200,6
[45]
T1,0,1,128,24
T2,1,0,200,3
T3,2,0,90,21
T4,3,1,40,5
T5,4,0,175,18
[46]
T1,0,1,156,18
T2,1,0,200,26
T3,2,0,26,3
T4,3,0,94,27
T5,4,0,97,2
[47]
T1,0,1,75,2
T2,1,0,125,11
T3,2,1,200,43
T4,3,1,152,49
T5,4,0,23,1
[48]
T1,0,0,44,6
T2,1,1,200,25
T3,2,0,95,31
T4,3,0,198,3
T5,4,0,95,5
[49]
T1,0,0,120,10
T2,1,1,73,28
T3,2,0,190,14
T4,3,1,29,2
T5,4,0,200,25
[50]
T1,0,1,176,39
T2,1,0,88,10
T3,2,0,200,11
T4,3,0,73,9
T5,4,0,48,8
[51]
T1,0,1,182,1
T2,1,0,26,6
T3,2,1,63,7
T4,3,0,200,35
T5,4,1,134,21
[52]
T1,0,1,69,1
T2,1,0,25,6
T3,2,1,102,8
T4,3,1,195,38
T5,4,1,200,27
[53]
T1,0,0,146,23
T2,1,0,125,24
T3,2,0,41,2
T4,3,0,184,50
T5,4,0,200,9
[54]
T1,0,0,200,11
T2,1,0,139,12
T3,2,0,27,11
T4,3,0,87,7
T5,4,0,180,7
[55]
T1,0,0,190,11
T2,1,1,127,34
T3,2,1,200,10
T4,3,1,28,6
T5,4,1,100,8
[56]
T1,0,1,90,15
T2,1,0,200,9
T3,2,1,27,4
T4,3,0,75,12
T5,4,0,176,25
[57]
T1,0,1,100,5
T2,1,0,190,31
T3,2,1,200,17
T4,3,1,105,7
T5,4,1,46,14
[58]
T1,0,1,200,22
T2,1,0,84,2
T3,2,0,44,12
T4,3,1,160,17
T5,4,0,85,16
[59]
T1,0,1,56,7
T2,1,0,117,53
T3,2,0,200,3
T4,3,1,33,2
T5,4,0,187,12
[60]
T1,0,1,48,14
T2,1,1,200,3
T3,2,1,186,2
T4,3,0,128,13
T5,4,0,105,29
[61]
T1,0,0,26,1
T2,1,1,70,21
T3,2,0,200,9
T4,3,0,133,22
T5,4,0,150,14
[62]
T1,0,1,200,71
T2,1,0,74,3
T3,2,0,109,25
T4,3,1,150,1
T5,4,1,20,2
[63]
T1,0,1,200,9
T2,1,0,175,67
T3,2,1,90,3
T4,3,0,93,13
T5,4,0,53,4
[64]
T1,0,0,200,46
T2,1,1,52,1
T3,2,1,119,5
T4,3,0,68,2
T5,4,1,170,63
[65]
T1,0,0,200,86
T2,1,0,155,4
T3,2,1,68,3
T4,3,1,42,5
T5,4,1,120,5
[66]
T1,0,0,130,24
T2,1,0,130,3
T3,2,0,36,2
T4,3,1,200,39
T5,4,1,148,30
[67]
T1,0,1,120,18
T2,1,0,200,39
T3,2,1,150,21
T4,3,0,120,23
T5,4,0,40,2
[68]
T1,0,1,94,12
T2,1,0,31,7
T3,2,0,200,4
T4,3,0,150,16
T5,4,1,140,28
[69]
T1,0,0,106,19
T2,1,0,144,1
T3,2,0,22,3
T4,3,0,192,24
T5,4,0,200,47
[70]
T1,0,1,198,20
T2,1,0,23,8
T3,2,0,200,3
T4,3,1,124,13
T5,4,0,92,7
[71]
T1,0,1,65,2
T2,1,0,135,14
T3,2,0,200,15
T4,3,0,196,58
T5,4,1,48,10
[72]
T1,0,0,152,33
T2,1,1,200,10
T3,2,0,96,9
T4,3,0,49,1
T5,4,0,76,22
[73]
T1,0,1,200,10
T2,1,0,191,40
T3,2,1,100,2
T4,3,1,102,7
T5,4,1,25,8
[74]
T1,0,0,151,49
T2,1,1,110,21
T3,2,0,200,21
T4,3,1,63,2
T5,4,0,44,2
[75]
T1,0,1,66,3
T2,1,1,200,97
T3,2,1,145,9
T4,3,0,32,1
T5,4,1,190,8
[76]
T1,0,0,129,9
T2,1,0,64,1
T3,2,1,180,2
T4,3,1,200,96
T5,4,1,54,5
[77]
T1,0,1,33,5
T2,1,0,200,2
T3,2,1,165,17
T4,3,1,140,2
T5,4,0,72,29
[78]
T1,0,1,75,3
T2,1,1,200,2
T3,2,0,35,4
T4,3,1,86,13
T5,4,0,180,65
[79]
T1,0,0,180,43
T2,1,0,38,3
T3,2,1,200,41
T4,3,1,78,9
T5,4,1,88,2
[80]
T1,0,0,58,2
T2,1,1,184,24
T3,2,1,200,2
T4,3,1,24,8
T5,4,1,130,23
[81]
T1,0,0,85,2
T2,1,0,200,17
T3,2,1,185,4
T4,3,0,44,3
T5,4,0,56,26
[82]
T1,0,1,200,16
T2,1,1,98,10
T3,2,0,36,13
T4,3,0,74,5
T5,4,1,168,10
[83]
T1,0,0,128,25
T2,1,1,25,1
T3,2,1,200,55
T4,3,1,192,7
T5,4,0,82,10
[84]
T1,0,0,119,21
T2,1,1,200,19
T3,2,1,126,23
T4,3,0,34,1
T5,4,1,176,34
[85]
T1,0,1,200,21
T2,1,1,25,2
T3,2,1,153,8
T4,3,1,78,19
T5,4,1,111,30
[86]
T1,0,0,200,84
T2,1,0,165,4
T3,2,1,40,7
T4,3,0,122,6
T5,4,1,113,1
[87]
T1,0,0,200,38
T2,1,1,86,10
T3,2,0,154,8
T4,3,0,28,1
T5,4,0,77,21
[88]
T1,0,1,188,15
T2,1,1,85,9
T3,2,1,200,37
T4,3,0,72,10
T5,4,0,47,7
[89]
T1,0,1,59,6
T2,1,1,115,2
T3,2,1,165,42
T4,3,1,25,4
T5,4,1,200,29
[90]
T1,0,0,165,57
T2,1,1,200,23
T3,2,0,93,13
T4,3,1,48,1
T5,4,0,140,7
[91]
T1,0,0,164,14
T2,1,0,126,3
T3,2,1,108,29
T4,3,0,20,4
T5,4,0,200,17
[92]
T1,0,1,196,3
T2,1,0,140,30
T3,2,0,200,46
T4,3,1,20,4
T5,4,0,106,1
[93]
T1,0,0,83,14
T2,1,0,200,35
T3,2,0,195,45
T4,3,1,105,2
T5,4,1,45,4
[94]
T1,0,1,200,25
T2,1,1,70,4
T3,2,0,170,22
T4,3,1,122,13
T5,4,0,33,8
[95]
T1,0,0,111,31
T2,1,0,24,3
T3,2,1,195,31
T4,3,1,200,4
T5,4,0,113,8
[96]
T1,0,0,38,2
T2,1,0,66,1
T3,2,0,185,31
T4,3,1,76,22
T5,4,0,200,27
[97]
T1,0,1,158,21
T2,1,1,200,1
T3,2,1,24,3
T4,3,0,102,17
T5,4,1,84,18
[98]
T1,0,1,59,9
T2,1,0,61,2
T3,2,0,148,62
T4,3,1,40,1
T5,4,0,200,4
[99]
T1,0,0,50,7
T2,1,1,77,10
T3,2,1,150,17
T4,3,0,200,32
T5,4,1,91,13
[100]
T1,0,0,25,2
T2,1,0,72,31
T3,2,1,183,9
T4,3,0,100,7
T5,4,0,200,6
[101]
T1,0,0,135,4
T2,1,0,200,14
T3,2,1,148,21
T4,3,1,20,3
T5,4,1,106,28
[102]
T1,0,0,69,9
T2,1,1,24,2
T3,2,1,134,24
T4,3,0,200,50
T5,4,1,153,17
[103]
T1,0,0,200,63
T2,1,0,28,1
T3,2,1,180,46
T4,3,0,133,2
T5,4,0,124,9
[104]
T1,0,0,43,3
T2,1,0,150,46
T3,2,0,101,24
T4,3,1,200,4
T5,4,1,102,4
[105]
T1,0,1,35,10
T2,1,1,179,5
T3,2,1,60,2
T4,3,0,200,54
T5,4,0,116,9
[106]
T1,0,1,150,25
T2,1,1,80,4
T3,2,0,200,42
T4,3,1,45,3
T5,4,0,100,19
[107]
T1,0,0,59,8
T2,1,1,136,5
T3,2,1,200,35
T4,3,1,175,39
T5,4,1,30,3
[108]
T1,0,0,135,20
T2,1,1,28,3
T3,2,0,109,17
T4,3,0,154,8
T5,4,1,200,40
[109]
T1,0,1,144,58
T2,1,1,198,2
T3,2,1,52,1
T4,3,0,66,9
T5,4,0,200,21
[110]
T1,0,0,198,16
T2,1,1,45,3
T3,2,1,200,33
T4,3,1,60,20
T5,4,0,96,2
[111]
T1,0,1,46,2
T2,1,0,165,26
T3,2,1,75,6
T4,3,0,69,23
T5,4,0,200,11
[112]
T1,0,0,116,2
T2,1,1,156,51
T3,2,1,200,40
T4,3,1,60,6
T5,4,1,30,2
[113]
T1,0,0,127,7
T2,1,0,164,69
T3,2,0,72,10
T4,3,0,21,2
T5,4,0,200,13
[114]
T1,0,1,200,53
T2,1,1,54,20
T3,2,0,72,1
T4,3,0,171,2
T5,4,1,65,2
[115]
T1,0,1,96,24
T2,1,1,108,13
T3,2,1,162,8
T4,3,0,27,4
T5,4,0,200,22
[116]
T1,0,1,170,2
T2,1,1,200,32
T3,2,1,58,8
T4,3,1,45,3
T5,4,0,96,30
[117]
T1,0,0,36,1
T2,1,0,133,7
T3,2,0,123,30
T4,3,1,200,70
T5,4,0,175,1
[118]
T1,0,0,200,64
T2,1,1,36,5
T3,2,0,146,5
T4,3,0,56,7
T5,4,0,168,8
[119]
T1,0,1,90,41
T2,1,0,196,3
T3,2,0,77,8
T4,3,1,200,6
T5,4,0,48,3
[120]
T1,0,0,154,4
T2,1,0,52,20
T3,2,1,200,1
T4,3,0,66,11
T5,4,1,117,11
[121]
T1,0,0,27,4
T2,1,1,198,26
T3,2,1,101,12
T4,3,1,200,2
T5,4,1,77,21
[122]
T1,0,1,88,3
T2,1,1,158,15
T3,2,0,200,67
T4,3,0,26,5
T5,4,0,60,1
[123]
T1,0,0,42,2
T2,1,0,80,2
T3,2,1,141,28
T4,3,0,200,27
T5,4,1,168,46
[124]
T1,0,1,154,34
T2,1,1,42,5
T3,2,1,143,12
T4,3,1,101,16
T5,4,1,200,17
[125]
T1,0,1,133,30
T2,1,1,188,59
T3,2,1,63,4
T4,3,1,200,12
T5,4,1,50,1
[126]
T1,0,1,46,11
T2,1,1,69,2
T3,2,0,60,16
T4,3,0,176,24
T5,4,1,200,6
[127]
T1,0,1,158,54
T2,1,1,96,17
T3,2,0,73,3
T4,3,1,200,8
T5,4,1,36,2
[128]
T1,0,0,105,4
T2,1,0,200,38
T3,2,0,170,40
T4,3,1,69,7
T5,4,1,52,6
[129]
T1,0,0,74,7
T2,1,1,174,50
T3,2,1,200,25
T4,3,0,135,11
T5,4,0,30,2
[130]
T1,0,1,160,36
T2,1,0,200,28
T3,2,0,40,8
T4,3,0,111,9
T5,4,0,75,1
[131]
T1,0,0,61,18
T2,1,0,28,7
T3,2,1,96,5
T4,3,0,200,6
T5,4,1,160,6
[132]
T1,0,0,73,2
T2,1,1,200,5
T3,2,1,40,16
T4,3,0,197,5
T5,4,1,105,23
[133]
T1,0,1,40,8
T2,1,1,176,42
T3,2,1,75,2
T4,3,0,200,35
T5,4,0,125,8
[134]
T1,0,0,119,14
T2,1,0,200,60
T3,2,1,125,7
T4,3,0,37,5
T5,4,1,180,12
[135]
T1,0,0,36,2
T2,1,1,200,5
T3,2,0,173,89
T4,3,1,80,5
T5,4,1,81,1
[136]
T1,0,0,200,8
T2,1,0,28,1
T3,2,1,102,1
T4,3,0,138,25
T5,4,0,170,70
[137]
T1,0,1,174,10
T2,1,1,110,7
T3,2,0,200,33
T4,3,1,32,3
T5,4,1,76,23
[138]
T1,0,0,48,2
T2,1,1,200,15
T3,2,0,69,5
T4,3,0,76,32
T5,4,0,150,11
[139]
T1,0,1,200,53
T2,1,0,72,17
T3,2,1,36,3
T4,3,0,136,8
T5,4,1,174,3
[140]
T1,0,0,200,31
T2,1,0,116,21
T3,2,1,40,3
T4,3,0,180,26
T5,4,0,122,15
[141]
T1,0,0,182,12
T2,1,0,130,37
T3,2,1,200,22
T4,3,1,25,3
T5,4,0,95,10
[142]
T1,0,0,63,4
T2,1,0,112,1
T3,2,0,40,4
T4,3,0,186,74
T5,4,0,200,21
[143]
T1,0,1,192,20
T2,1,1,200,45
T3,2,1,36,10
T4,3,0,125,5
T5,4,0,97,2
[144]
T1,0,1,42,1
T2,1,1,175,22
T3,2,0,127,23
T4,3,1,140,13
T5,4,1,200,50
[145]
T1,0,1,26,3
T2,1,0,65,2
T3,2,1,162,14
T4,3,0,98,34
T5,4,1,200,20
[146]
T1,0,0,54,1
T2,1,0,70,11
T3,2,0,37,6
T4,3,1,200,29
T5,4,1,160,29
[147]
T1,0,0,176,9
T2,1,1,200,29
T3,2,0,119,42
T4,3,1,53,5
T5,4,0,75,1
[148]
T1,0,1,124,1
T2,1,1,80,32
T3,2,0,200,1
T4,3,0,21,3
T5,4,1,152,14
[149]
T1,0,0,37,11
T2,1,1,103,6
T3,2,0,124,13
T4,3,1,200,44
T5,4,0,155,2
[150]
T1,0,1,87,6
T2,1,0,40,9
T3,2,0,200,4
T4,3,1,185,54
T5,4,0,86,5
[151]
T1,0,0,50,26
T2,1,1,58,2
T3,2,0,138,12
T4,3,1,171,4
T5,4,1,200,2
[152]
T1,0,1,200,16
T2,1,0,52,11
T3,2,1,141,30
T4,3,1,78,1
T5,4,0,165,24
[153]
T1,0,1,151,12
T2,1,0,108,2
T3,2,1,40,15
T4,3,1,132,1
T5,4,1,200,46
[154]
T1,0,1,90,23
T2,1,0,200,63
T3,2,0,108,3
T4,3,0,50,4
T5,4,1,186,2
[155]
T1,0,1,200,84
T2,1,0,40,2
T3,2,1,150,40
T4,3,0,114,2
T5,4,1,104,2
[156]
T1,0,0,119,34
T2,1,0,32,2
T3,2,0,192,3
T4,3,1,200,33
T5,4,0,94,20
[157]
T1,0,1,198,1
T2,1,1,143,17
T3,2,1,52,3
T4,3,1,89,14
T5,4,1,200,66
[158]
T1,0,1,200,12
T2,1,0,150,1
T3,2,1,133,4
T4,3,1,36,2
T5,4,1,96,55
[159]
T1,0,1,24,3
T2,1,1,186,56
T3,2,1,81,1
T4,3,1,200,2
T5,4,0,70,14
[160]
T1,0,1,20,3
T2,1,0,200,69
T3,2,0,178,7
T4,3,0,125,13
T5,4,0,134,1
[161]
T1,0,0,103,8
T2,1,0,200,48
T3,2,1,170,24
T4,3,0,44,6
T5,4,1,143,11
[162]
T1,0,1,94,2
T2,1,0,47,15
T3,2,1,200,43
T4,3,1,136,8
T5,4,1,194,13
[163]
T1,0,1,37,13
T2,1,1,174,5
T3,2,0,200,27
T4,3,1,60,3
T5,4,1,88,8
[164]
T1,0,0,165,45
T2,1,1,71,19
T3,2,0,99,4
T4,3,1,200,10
T5,4,1,43,2
[165]
T1,0,1,127,1
T2,1,1,200,4
T3,2,0,182,53
T4,3,0,72,14
T5,4,1,48,8
[166]
T1,0,1,112,5
T2,1,0,200,30
T3,2,1,90,7
T4,3,0,21,5
T5,4,0,164,29
[167]
T1,0,0,52,1
T2,1,1,200,48
T3,2,1,185,58
T4,3,0,104,11
T5,4,0,95,2
[168]
T1,0,1,162,53
T2,1,0,141,5
T3,2,1,98,8
T4,3,0,200,43
T5,4,1,24,2
[169]
T1,0,1,169,32
T2,1,0,115,27
T3,2,1,144,2
T4,3,0,200,37
T5,4,0,23,1
[170]
T1,0,0,21,9
T2,1,0,122,27
T3,2,1,85,1
T4,3,0,168,2
T5,4,1,200,2
[171]
T1,0,1,41,4
T2,1,0,146,17
T3,2,1,164,21
T4,3,1,91,3
T5,4,0,200,61
[172]
T1,0,0,200,8
T2,1,1,117,4
T3,2,1,182,34
T4,3,0,50,6
T5,4,1,104,32
[173]
T1,0,1,181,44
T2,1,1,81,11
T3,2,1,36,4
T4,3,0,90,14
T5,4,0,200,6
[174]
T1,0,1,198,15
T2,1,1,60,6
T3,2,1,45,10
T4,3,1,200,13
T5,4,0,144,29
[175]
T1,0,1,187,5
T2,1,0,56,2
T3,2,0,200,27
T4,3,0,21,1
T5,4,1,85,38
[176]
T1,0,0,163,22
T2,1,0,114,4
T3,2,1,24,1
T4,3,0,80,30
T5,4,1,200,15
[177]
T1,0,0,98,7
T2,1,0,200,72
T3,2,1,79,2
T4,3,1,196,40
T5,4,1,53,2
[178]
T1,0,0,178,1
T2,1,0,145,1
T3,2,1,26,2
T4,3,1,200,28
T5,4,0,100,50
[179]
T1,0,0,116,12
T2,1,0,200,51
T3,2,0,152,29
T4,3,1,80,2
T5,4,1,37,5
[180]
T1,0,0,92,4
T2,1,1,46,6
T3,2,0,143,2
T4,3,0,200,76
T5,4,0,165,18
[181]
T1,0,0,42,2
T2,1,0,112,61
T3,2,1,200,5
T4,3,1,105,4
T5,4,0,197,4
[182]
T1,0,0,32,3
T2,1,0,176,29
T3,2,0,200,13
T4,3,0,105,23
T5,4,1,125,15
[183]
T1,0,1,102,2
T2,1,1,184,29
T3,2,1,110,5
T4,3,0,50,20
T5,4,0,200,14
[184]
T1,0,1,176,3
T2,1,0,200,75
T3,2,0,65,6
T4,3,0,24,3
T5,4,0,113,6
[185]
T1,0,1,25,7
T2,1,0,200,11
T3,2,0,199,7
T4,3,1,90,18
T5,4,0,106,9
[186]
T1,0,1,133,7
T2,1,1,150,13
T3,2,0,122,33
T4,3,0,42,7
T5,4,0,200,17
[187]
T1,0,0,40,1
T2,1,0,132,17
T3,2,1,200,40
T4,3,0,194,37
T5,4,0,94,13
[188]
T1,0,0,95,11
T2,1,0,106,13
T3,2,1,200,86
T4,3,1,176,2
T5,4,0,24,2
[189]
T1,0,1,188,15
T2,1,0,200,23
T3,2,1,112,7
T4,3,1,49,7
T5,4,0,55,15
[190]
T1,0,0,107,1
T2,1,0,24,8
T3,2,1,175,8
T4,3,1,109,30
T5,4,0,200,2
[191]
T1,0,1,105,17
T2,1,1,200,18
T3,2,0,93,15
T4,3,0,161,25
T5,4,0,45,4
[192]
T1,0,0,200,2
T2,1,1,70,34
T3,2,1,186,15
T4,3,0,45,2
T5,4,1,93,10
[193]
T1,0,0,115,21
T2,1,1,89,6
T3,2,1,53,1
T4,3,1,200,56
T5,4,0,160,21
[194]
T1,0,0,146,19
T2,1,0,46,7
T3,2,0,96,13
T4,3,0,200,17
T5,4,1,176,31
[195]
T1,0,0,88,18
T2,1,1,165,9
T3,2,1,36,6
T4,3,0,98,24
T5,4,1,200,2
[196]
T1,0,0,160,25
T2,1,0,117,10
T3,2,1,131,26
T4,3,1,200,31
T5,4,1,52,4
[197]
T1,0,1,134,23
T2,1,0,27,6
T3,2,1,160,2
T4,3,0,74,13
T5,4,0,200,19
[198]
T1,0,0,200,7
T2,1,0,55,10
T3,2,0,72,2
T4,3,1,40,6
T5,4,0,156,41
[199]
T1,0,0,200,6
T2,1,1,34,2
T3,2,1,171,46
T4,3,1,85,9
T5,4,0,79,17
[200]
T1,0,0,20,1
T2,1,1,159,13
T3,2,1,76,29
T4,3,1,68,11
T5,4,1,200,1
[201]
T1,0,1,92,3
T2,1,0,200,93
T3,2,0,35,1
T4,3,1,68,1
T5,4,1,184,25
[202]
T1,0,1,40,6
T2,1,0,108,5
T3,2,1,200,76
T4,3,1,133,13
T5,4,0,192,2
[203]
T1,0,0,156,23
T2,1,1,45,8
T3,2,1,87,2
T4,3,0,99,23
T5,4,0,200,21
[204]
T1,0,0,43,5
T2,1,0,200,7
T3,2,0,86,7
T4,3,0,147,12
T5,4,0,152,55
[205]
T1,0,0,85,3
T2,1,1,116,28
T3,2,0,152,25
T4,3,0,20,2
T5,4,1,200,21
[206]
T1,0,0,44,4
T2,1,0,143,6
T3,2,0,99,24
T4,3,1,200,57
T5,4,1,176,3
[207]
T1,0,1,25,2
T2,1,0,200,67
T3,2,0,135,14
T4,3,0,125,2
T5,4,0,173,35
[208]
T1,0,0,200,36
T2,1,1,162,2
T3,2,1,32,6
T4,3,0,124,8
T5,4,0,144,34
[209]
T1,0,1,108,25
T2,1,1,200,1
T3,2,0,44,4
T4,3,1,166,37
T5,4,0,120,13
[210]
T1,0,1,175,2
T2,1,1,200,31
T3,2,1,49,5
T4,3,1,68,19
T5,4,1,67,8
[211]
T1,0,0,96,1
T2,1,1,137,42
T3,2,0,200,9
T4,3,0,164,11
T5,4,1,27,7
[212]
T1,0,0,170,21
T2,1,0,55,6
T3,2,1,200,41
T4,3,0,40,1
T5,4,1,81,17
[213]
T1,0,1,200,15
T2,1,0,48,4
T3,2,1,68,7
T4,3,1,114,27
T5,4,0,195,34
[214]
T1,0,0,165,28
T2,1,1,50,8
T3,2,0,146,19
T4,3,1,200,30
T5,4,1,81,6
[215]
T1,0,0,28,2
T2,1,1,92,31
T3,2,1,122,13
T4,3,1,168,19
T5,4,0,200,4
[216]
T1,0,0,190,47
T2,1,1,200,37
T3,2,1,79,9
T4,3,0,57,3
T5,4,0,45,3
[217]
T1,0,1,28,2
T2,1,0,145,33
T3,2,1,77,15
T4,3,0,175,15
T5,4,1,200,21
[218]
T1,0,1,43,5
T2,1,1,200,48
T3,2,1,175,21
T4,3,1,140,11
T5,4,0,119,14
[219]
T1,0,1,200,3
T2,1,1,134,36
T3,2,0,56,6
T4,3,0,180,45
T5,4,0,20,2
[220]
T1,0,0,25,4
T2,1,1,103,14
T3,2,1,200,20
T4,3,0,148,40
T5,4,1,108,1
[221]
T1,0,0,35,1
T2,1,1,200,66
T3,2,0,73,8
T4,3,1,172,1
T5,4,1,90,18
[222]
T1,0,0,42,4
T2,1,0,76,10
T3,2,1,122,45
T4,3,0,171,10
T5,4,1,200,1
[223]
T1,0,0,182,23
T2,1,1,27,2
T3,2,1,200,69
T4,3,0,65,3
T5,4,1,61,3
[224]
T1,0,0,48,6
T2,1,0,117,9
T3,2,0,198,1
T4,3,0,200,21
T5,4,0,96,35
[225]
T1,0,0,130,2
T2,1,0,159,42
T3,2,0,95,13
T4,3,1,52,2
T5,4,1,200,56
[226]
T1,0,1,40,2
T2,1,1,72,11
T3,2,1,184,34
T4,3,1,126,24
T5,4,1,200,28
[227]
T1,0,1,171,10
T2,1,0,69,6
T3,2,0,55,9
T4,3,0,38,11
T5,4,1,200,16
[228]
T1,0,1,30,1
T2,1,0,120,24
T3,2,1,145,7
T4,3,1,192,23
T5,4,0,200,57
[229]
T1,0,1,112,19
T2,1,0,74,2
T3,2,0,200,53
T4,3,1,193,9
T5,4,1,28,5
[230]
T1,0,1,39,2
T2,1,0,168,27
T3,2,1,55,5
T4,3,0,200,42
T5,4,1,117,24
[231]
T1,0,1,22,2
T2,1,1,200,95
T3,2,1,156,19
T4,3,0,127,4
T5,4,0,88,2
[232]
T1,0,0,30,2
T2,1,1,57,7
T3,2,0,180,53
T4,3,1,200,5
T5,4,0,59,9
[233]
T1,0,0,113,40
T2,1,1,40,10
T3,2,1,184,8
T4,3,0,62,2
T5,4,1,200,2
[234]
T1,0,1,44,18
T2,1,0,200,23
T3,2,1,91,5
T4,3,1,135,3
T5,4,0,180,15
[235]
T1,0,0,132,7
T2,1,0,53,20
T3,2,0,200,1
T4,3,0,150,30
T5,4,1,54,2
[236]
T1,0,1,165,14
T2,1,1,66,29
T3,2,0,200,18
T4,3,0,52,2
T5,4,1,84,4
[237]
T1,0,1,162,24
T2,1,0,119,17
T3,2,1,200,36
T4,3,0,48,7
T5,4,0,140,10
[238]
T1,0,0,116,9
T2,1,1,153,26
T3,2,0,99,15
T4,3,0,25,6
T5,4,1,200,4
[239]
T1,0,0,115,33
T2,1,1,200,17
T3,2,1,46,7
T4,3,0,151,9
T5,4,0,80,7
[240]
T1,0,0,37,7
T2,1,0,200,5
T3,2,0,160,59
T4,3,0,70,1
T5,4,0,105,7
[241]
T1,0,1,124,16
T2,1,0,24,1
T3,2,1,175,2
T4,3,1,200,70
T5,4,0,102,13
[242]
T1,0,1,128,17
T2,1,1,175,1
T3,2,0,200,24
T4,3,1,144,12
T5,4,1,40,13
[243]
T1,0,0,200,20
T2,1,1,120,4
T3,2,1,97,16
T4,3,0,197,26
T5,4,0,30,7
[244]
T1,0,1,200,23
T2,1,0,152,4
T3,2,1,120,20
T4,3,1,133,6
T5,4,0,53,17
[245]
T1,0,1,171,24
T2,1,0,81,4
T3,2,0,113,11
T4,3,1,200,72
T5,4,0,50,2
[246]
T1,0,1,165,1
T2,1,0,45,8
T3,2,1,200,20
T4,3,0,143,28
T5,4,1,88,17
[247]
T1,0,0,167,1
T2,1,1,120,8
T3,2,1,200,115
T4,3,0,105,1
T5,4,0,24,2
[248]
T1,0,0,196,18
T2,1,0,77,10
T3,2,1,106,12
T4,3,1,42,5
T5,4,1,200,42
[249]
T1,0,1,114,1
T2,1,1,200,56
T3,2,0,20,2
T4,3,1,84,6
T5,4,0,186,33
[250]
T1,0,0,200,13
T2,1,0,85,14
T3,2,0,116,1
T4,3,1,150,60
T5,4,0,32,1
[251]
T1,0,0,156,30
T2,1,0,61,1
T3,2,1,200,3
T4,3,0,24,3
T5,4,0,127,38
[252]
T1,0,1,106,8
T2,1,0,24,3
T3,2,1,180,74
T4,3,0,200,7
T5,4,0,58,1
[253]
T1,0,1,200,41
T2,1,0,96,16
T3,2,0,112,16
T4,3,1,29,2
T5,4,0,150,12
[254]
T1,0,1,200,56
T2,1,1,170,12
T3,2,0,23,2
T4,3,1,66,10
T5,4,0,115,20
[255]
T1,0,1,200,10
T2,1,0,170,1
T3,2,1,114,48
T4,3,1,74,11
T5,4,1,24,1
[256]
T1,0,1,79,22
T2,1,1,176,2
T3,2,0,60,13
T4,3,0,200,25
T5,4,0,24,1
[257]
T1,0,1,200,11
T2,1,0,84,3
T3,2,0,187,4
T4,3,1,36,17
T5,4,1,120,11
[258]
T1,0,0,48,21
T2,1,1,200,2
T3,2,1,167,11
T4,3,0,64,10
T5,4,0,96,1
[259]
T1,0,0,200,8
T2,1,1,34,8
T3,2,0,75,19
T4,3,1,155,4
T5,4,0,124,15
[260]
T1,0,1,200,65
T2,1,0,30,1
T3,2,0,157,3
T4,3,1,60,14
T5,4,1,67,4
[261]
T1,0,1,64,20
T2,1,1,26,7
T3,2,0,150,1
T4,3,0,92,1
T5,4,0,200,11
[262]
T1,0,1,34,3
T2,1,0,126,27
T3,2,0,168,20
T4,3,0,147,4
T5,4,1,200,46
[263]
T1,0,1,21,2
T2,1,1,200,37
T3,2,0,60,2
T4,3,0,154,45
T5,4,0,141,23
[264]
T1,0,0,60,6
T2,1,1,200,32
T3,2,0,21,2
T4,3,0,164,4
T5,4,1,122,49
[265]
T1,0,0,20,5
T2,1,1,90,12
T3,2,0,168,13
T4,3,0,95,14
T5,4,0,200,7
[266]
T1,0,1,121,1
T2,1,0,198,65
T3,2,0,51,3
T4,3,0,200,5
T5,4,1,80,21
[267]
T1,0,1,140,7
T2,1,1,22,1
T3,2,0,200,24
T4,3,0,86,33
T5,4,0,188,8
[268]
T1,0,0,79,6
T2,1,0,82,32
T3,2,1,150,11
T4,3,1,22,2
T5,4,1,200,11
[269]
T1,0,0,124,6
T2,1,1,39,1
T3,2,1,90,23
T4,3,0,152,42
T5,4,0,200,14
[270]
T1,0,0,200,30
T2,1,0,60,4
T3,2,1,25,3
T4,3,0,79,6
T5,4,1,185,44
[271]
T1,0,0,27,10
T2,1,1,200,13
T3,2,1,180,1
T4,3,1,134,30
T5,4,0,142,1
[272]
T1,0,1,110,12
T2,1,1,29,2
T3,2,0,80,1
T4,3,1,160,47
T5,4,1,200,47
[273]
T1,0,0,61,1
T2,1,0,39,14
T3,2,0,62,2
T4,3,1,150,17
T5,4,1,200,35
[274]
T1,0,0,124,54
T2,1,1,175,7
T3,2,1,200,1
T4,3,1,40,2
T5,4,0,84,13
[275]
T1,0,1,96,12
T2,1,1,95,2
T3,2,0,30,5
T4,3,1,197,20
T5,4,0,200,47
[276]
T1,0,1,109,7
T2,1,1,200,72
T3,2,1,178,4
T4,3,0,26,2
T5,4,0,65,11
[277]
T1,0,1,192,52
T2,1,0,84,1
T3,2,1,200,33
T4,3,1,28,4
T5,4,0,146,13
[278]
T1,0,1,105,8
T2,1,0,200,12
T3,2,1,184,23
T4,3,0,86,20
T5,4,1,36,6
[279]
T1,0,0,145,8
T2,1,0,200,58
T3,2,0,64,5
T4,3,0,25,2
T5,4,1,182,32
[280]
T1,0,1,148,24
T2,1,1,200,39
T3,2,0,120,8
T4,3,1,21,4
T5,4,1,87,3
[281]
T1,0,0,200,12
T2,1,0,88,26
T3,2,0,164,17
T4,3,1,105,22
T5,4,1,40,2
[282]
T1,0,1,67,25
T2,1,0,50,2
T3,2,1,97,1
T4,3,0,152,6
T5,4,0,200,39
[283]
T1,0,0,81,19
T2,1,1,195,8
T3,2,1,200,21
T4,3,0,48,8
T5,4,1,60,8
[284]
T1,0,1,29,9
T2,1,1,155,5
T3,2,1,77,9
T4,3,0,200,36
T5,4,1,80,3
[285]
T1,0,0,81,7
T2,1,0,200,27
T3,2,1,35,12
T4,3,0,133,11
T5,4,1,154,6
[286]
T1,0,0,80,2
T2,1,1,100,2
T3,2,0,165,47
T4,3,0,200,72
T5,4,0,29,2
[287]
T1,0,1,170,7
T2,1,1,65,9
T3,2,0,36,2
T4,3,0,200,46
T5,4,1,101,22
[288]
T1,0,0,150,2
T2,1,0,45,1
T3,2,1,200,21
T4,3,0,86,30
T5,4,1,114,21
[289]
T1,0,1,86,12
T2,1,0,165,10
T3,2,1,40,11
T4,3,1,200,37
T5,4,1,69,1
[290]
T1,0,0,200,4
T2,1,1,184,57
T3,2,1,68,6
T4,3,0,107,7
T5,4,1,28,5
[291]
T1,0,1,135,54
T2,1,1,89,20
T3,2,1,22,2
T4,3,0,180,10
T5,4,1,200,2
[292]
T1,0,1,32,5
T2,1,1,200,29
T3,2,1,130,24
T4,3,1,64,6
T5,4,0,169,12
[293]
T1,0,1,200,5
T2,1,0,35,2
T3,2,1,148,13
T4,3,0,108,28
T5,4,1,55,13
[294]
T1,0,1,59,17
T2,1,1,40,3
T3,2,1,56,3
T4,3,0,200,45
T5,4,1,154,5
[295]
T1,0,0,36,2
T2,1,0,185,18
T3,2,0,200,64
T4,3,1,144,2
T5,4,0,144,27
[296]
T1,0,1,200,59
T2,1,0,31,9
T3,2,1,143,3
T4,3,0,155,2
T5,4,0,142,11
[297]
T1,0,1,200,31
T2,1,1,40,6
T3,2,1,179,10
T4,3,0,55,2
T5,4,0,60,16
[298]
T1,0,1,200,2
T2,1,1,45,5
T3,2,0,118,27
T4,3,1,100,23
T5,4,1,182,17
[299]
T1,0,1,40,1
T2,1,0,64,1
T3,2,1,192,47
T4,3,1,200,70
T5,4,0,121,5
[300]
T1,0,1,32,2
T2,1,1,200,93
T3,2,0,127,8
T4,3,1,190,26
T5,4,0,76,2
[301]
T1,0,1,35,5
T2,1,0,200,17
T3,2,0,63,26
T4,3,1,118,2
T5,4,1,160,3
[302]
T1,0,0,200,50
T2,1,1,29,2
T3,2,1,58,2
T4,3,0,141,5
T5,4,1,174,68
[303]
T1,0,1,50,9
T2,1,1,91,8
T3,2,0,65,20
T4,3,1,166,16
T5,4,0,200,1
[304]
T1,0,0,116,29
T2,1,0,200,51
T3,2,1,119,8
T4,3,1,24,2
T5,4,1,196,17
[305]
T1,0,0,38,5
T2,1,0,141,10
T3,2,0,200,18
T4,3,0,171,53
T5,4,1,144,12
[306]
T1,0,0,200,27
T2,1,1,25,4
T3,2,1,163,53
T4,3,0,88,4
T5,4,1,107,2
[307]
T1,0,0,101,4
T2,1,0,21,2
T3,2,0,100,51
T4,3,0,150,11
T5,4,1,200,12
[308]
T1,0,1,120,13
T2,1,1,200,46
T3,2,1,50,1
T4,3,0,177,42
T5,4,1,91,7
[309]
T1,0,0,200,12
T2,1,0,132,16
T3,2,1,168,31
T4,3,0,103,28
T5,4,1,40,1
[310]
T1,0,0,36,9
T2,1,1,200,4
T3,2,1,188,50
T4,3,0,55,3
T5,4,0,69,6
[311]
T1,0,0,114,20
T2,1,0,46,5
T3,2,1,200,29
T4,3,0,134,10
T5,4,0,184,34
[312]
T1,0,1,200,66
T2,1,0,54,5
T3,2,1,195,22
T4,3,1,21,2
T5,4,1,91,2
[313]
T1,0,1,49,9
T2,1,0,148,2
T3,2,0,200,31
T4,3,0,98,15
T5,4,0,80,13
[314]
T1,0,1,101,1
T2,1,1,24,8
T3,2,0,84,1
T4,3,0,169,38
T5,4,1,200,16
[315]
T1,0,0,138,13
T2,1,0,161,3
T3,2,1,49,4
T4,3,1,200,43
T5,4,0,112,30
[316]
T1,0,0,86,9
T2,1,1,200,60
T3,2,0,187,3
T4,3,1,128,27
T5,4,1,25,1
[317]
T1,0,0,161,37
T2,1,1,147,23
T3,2,1,75,3
T4,3,1,35,6
T5,4,0,200,15
[318]
T1,0,0,88,12
T2,1,1,102,1
T3,2,0,200,2
T4,3,1,33,10
T5,4,0,177,35
[319]
T1,0,1,60,4
T2,1,0,200,21
T3,2,0,190,1
T4,3,0,101,11
T5,4,0,50,19
[320]
T1,0,1,163,34
T2,1,0,20,2
T3,2,0,144,36
T4,3,1,200,25
T5,4,0,132,12
[321]
T1,0,1,153,40
T2,1,0,58,10
T3,2,1,200,2
T4,3,1,66,13
T5,4,1,33,2
[322]
T1,0,1,39,8
T2,1,0,93,4
T3,2,0,188,21
T4,3,1,130,30
T5,4,1,200,15
[323]
T1,0,1,200,15
T2,1,0,50,22
T3,2,1,74,3
T4,3,1,181,22
T5,4,1,68,2
[324]
T1,0,0,66,1
T2,1,0,199,27
T3,2,1,90,27
T4,3,1,30,5
T5,4,1,200,12
[325]
T1,0,0,40,4
T2,1,0,78,8
T3,2,1,97,23
T4,3,1,189,5
T5,4,1,200,39
[326]
T1,0,1,105,27
T2,1,1,47,1
T3,2,0,188,30
T4,3,0,78,17
T5,4,1,200,1
[327]
T1,0,0,120,20
T2,1,1,26,1
T3,2,0,195,69
T4,3,0,200,2
T5,4,0,105,10
[328]
T1,0,1,200,57
T2,1,0,109,11
T3,2,0,40,2
T4,3,1,102,29
T5,4,0,175,2
[329]
T1,0,1,104,44
T2,1,0,68,6
T3,2,1,20,2
T4,3,1,200,22
T5,4,0,170,7
[330]
T1,0,1,35,2
T2,1,0,200,4
T3,2,0,98,19
T4,3,0,77,19
T5,4,0,187,39
[331]
T1,0,0,175,26
T2,1,1,200,4
T3,2,0,30,2
T4,3,0,69,29
T5,4,1,98,3
[332]
T1,0,0,195,28
T2,1,0,55,15
T3,2,0,200,5
T4,3,0,121,11
T5,4,1,22,3
[333]
T1,0,0,36,6
T2,1,1,57,13
T3,2,0,192,45
T4,3,1,200,6
T5,4,0,137,1
[334]
T1,0,1,140,36
T2,1,1,200,4
T3,2,0,190,51
T4,3,1,40,2
T5,4,0,113,9
[335]
T1,0,1,75,9
T2,1,1,77,2
T3,2,1,151,26
T4,3,1,200,66
T5,4,1,36,2
[336]
T1,0,0,30,10
T2,1,0,145,5
T3,2,0,95,14
T4,3,0,188,13
T5,4,0,200,16
[337]
T1,0,0,21,2
T2,1,0,200,31
T3,2,0,60,3
T4,3,1,199,72
T5,4,1,84,6
[338]
T1,0,1,116,1
T2,1,1,70,2
T3,2,1,26,9
T4,3,1,147,2
T5,4,0,200,52
[339]
T1,0,0,184,29
T2,1,0,63,1
T3,2,0,85,37
T4,3,0,50,2
T5,4,1,200,4
[340]
T1,0,1,60,5
T2,1,1,200,16
T3,2,1,52,11
T4,3,1,98,2
T5,4,0,156,45
[341]
T1,0,1,187,8
T2,1,0,200,12
T3,2,0,68,3
T4,3,1,55,27
T5,4,0,51,2
[342]
T1,0,1,200,20
T2,1,0,73,2
T3,2,1,20,1
T4,3,0,175,31
T5,4,1,81,28
[343]
T1,0,0,162,13
T2,1,1,120,4
T3,2,1,200,5
T4,3,1,45,2
T5,4,1,145,79
[344]
T1,0,0,145,9
T2,1,0,44,11
T3,2,1,72,14
T4,3,0,200,17
T5,4,0,156,12
[345]
T1,0,1,140,4
T2,1,0,200,3
T3,2,0,175,6
T4,3,0,102,39
T5,4,1,35,7
[346]
T1,0,1,58,2
T2,1,1,125,28
T3,2,0,200,7
T4,3,1,176,52
T5,4,0,27,2
[347]
T1,0,0,57,8
T2,1,1,102,1
T3,2,0,200,2
T4,3,0,32,1
T5,4,1,160,77
[348]
T1,0,1,100,17
T2,1,0,200,19
T3,2,0,155,18
T4,3,0,105,31
T5,4,0,30,2
[349]
T1,0,1,58,10
T2,1,0,121,5
T3,2,1,24,2
T4,3,1,186,24
T5,4,1,200,64
[350]
T1,0,0,200,26
T2,1,0,157,19
T3,2,1,50,7
T4,3,1,109,7
T5,4,1,108,23
[351]
T1,0,0,200,46
T2,1,1,150,3
T3,2,1,128,7
T4,3,1,97,21
T5,4,0,54,8
[352]
T1,0,1,200,114
T2,1,1,99,2
T3,2,1,28,2
T4,3,1,88,2
T5,4,0,150,5
[353]
T1,0,1,30,1
T2,1,1,148,3
T3,2,0,66,1
T4,3,0,93,48
T5,4,1,200,13
[354]
T1,0,0,146,8
T2,1,0,40,14
T3,2,1,132,3
T4,3,1,153,34
T5,4,1,200,4
[355]
T1,0,0,186,13
T2,1,0,135,33
T3,2,1,50,6
T4,3,0,147,29
T5,4,1,200,10
[356]
T1,0,0,141,20
T2,1,1,32,6
T3,2,0,192,7
T4,3,0,200,54
T5,4,1,87,2
[357]
T1,0,1,120,57
T2,1,0,23,2
T3,2,1,200,15
T4,3,0,61,1
T5,4,1,150,15
[358]
T1,0,1,200,4
T2,1,1,176,11
T3,2,1,86,11
T4,3,1,45,6
T5,4,1,63,21
[359]
T1,0,1,52,10
T2,1,1,137,4
T3,2,0,200,45
T4,3,0,171,14
T5,4,1,76,11
[360]
T1,0,0,111,22
T2,1,0,103,4
T3,2,0,40,2
T4,3,1,195,51
T5,4,1,200,36
[361]
T1,0,1,20,3
T2,1,0,124,18
T3,2,0,200,66
T4,3,1,190,2
T5,4,1,61,2
[362]
T1,0,0,174,16
T2,1,0,121,6
T3,2,0,76,4
T4,3,1,200,40
T5,4,1,50,14
[363]
T1,0,1,200,7
T2,1,1,146,20
T3,2,1,27,5
T4,3,0,165,3
T5,4,0,99,31
[364]
T1,0,1,24,2
T2,1,1,110,8
T3,2,0,104,10
T4,3,1,200,55
T5,4,0,152,19
[365]
T1,0,1,145,5
T2,1,0,164,24
T3,2,1,99,1
T4,3,0,200,28
T5,4,0,30,10
[366]
T1,0,0,200,44
T2,1,0,50,4
T3,2,0,77,22
T4,3,1,66,3
T5,4,1,176,6
[367]
T1,0,1,144,27
T2,1,1,164,9
T3,2,0,200,5
T4,3,0,80,1
T5,4,1,27,10
[368]
T1,0,0,150,21
T2,1,1,57,6
T3,2,1,200,52
T4,3,0,24,1
T5,4,0,72,7
[369]
T1,0,1,28,2
T2,1,0,200,50
T3,2,0,151,47
T4,3,1,139,6
T5,4,0,75,4
[370]
T1,0,1,200,34
T2,1,1,130,18
T3,2,0,44,2
T4,3,0,72,7
T5,4,0,150,41
[371]
T1,0,0,89,6
T2,1,0,43,8
T3,2,0,172,8
T4,3,0,138,27
T5,4,1,200,36
[372]
T1,0,1,160,49
T2,1,0,44,1
T3,2,0,200,10
T4,3,1,96,12
T5,4,1,129,23
[373]
T1,0,1,184,32
T2,1,1,24,6
T3,2,1,200,2
T4,3,1,115,26
T5,4,0,62,1
[374]
T1,0,1,93,11
T2,1,1,27,1
T3,2,0,189,61
T4,3,1,95,19
T5,4,0,200,2
[375]
T1,0,0,47,2
T2,1,1,120,16
T3,2,1,175,17
T4,3,1,200,46
T5,4,1,140,30
[376]
T1,0,0,200,13
T2,1,0,180,37
T3,2,0,55,2
T4,3,1,60,1
T5,4,0,53,18
[377]
T1,0,1,166,2
T2,1,1,24,1
T3,2,0,125,12
T4,3,0,200,99
T5,4,1,105,1
[378]
T1,0,0,122,1
T2,1,0,200,53
T3,2,1,79,3
T4,3,1,156,2
T5,4,1,20,7
[379]
T1,0,0,164,15
T2,1,0,120,20
T3,2,0,46,10
T4,3,0,75,7
T5,4,0,200,22
[380]
T1,0,1,176,7
T2,1,1,24,2
T3,2,1,122,5
T4,3,1,200,55
T5,4,0,147,46
[381]
T1,0,1,50,2
T2,1,1,194,39
T3,2,0,88,15
T4,3,0,200,31
T5,4,1,109,13
[382]
T1,0,1,67,18
T2,1,1,176,2
T3,2,1,200,19
T4,3,1,48,14
T5,4,1,55,2
[383]
T1,0,0,104,25
T2,1,0,145,5
T3,2,1,200,11
T4,3,0,158,39
T5,4,0,29,3
[384]
T1,0,1,68,21
T2,1,0,22,2
T3,2,1,120,2
T4,3,0,153,7
T5,4,1,200,57
[385]
T1,0,1,200,4
T2,1,1,20,2
T3,2,0,107,5
T4,3,1,178,54
T5,4,0,94,29
[386]
T1,0,0,200,16
T2,1,1,80,38
T3,2,0,190,5
T4,3,1,65,1
T5,4,0,41,3
[387]
T1,0,1,200,25
T2,1,0,97,3
T3,2,1,24,1
T4,3,0,136,19
T5,4,1,176,59
[388]
T1,0,0,104,21
T2,1,1,200,4
T3,2,1,136,52
T4,3,0,169,4
T5,4,1,32,1
[389]
T1,0,0,67,4
T2,1,1,151,6
T3,2,0,200,16
T4,3,1,54,11
T5,4,1,75,21
[390]
T1,0,1,62,18
T2,1,1,193,6
T3,2,0,125,24
T4,3,1,200,4
T5,4,0,24,3
[391]
T1,0,1,68,7
T2,1,1,173,2
T3,2,0,20,1
T4,3,0,200,61
T5,4,0,96,20
[392]
T1,0,1,122,15
T2,1,1,175,32
T3,2,0,90,28
T4,3,0,47,2
T5,4,0,200,6
[393]
T1,0,0,180,5
T2,1,1,105,1
T3,2,0,200,22
T4,3,0,23,11
T5,4,1,76,2
[394]
T1,0,0,75,15
T2,1,0,41,10
T3,2,0,200,10
T4,3,1,117,7
T5,4,0,164,18
[395]
T1,0,0,152,10
T2,1,0,140,13
T3,2,1,28,2
T4,3,1,116,6
T5,4,1,200,93
[396]
T1,0,0,27,2
T2,1,1,134,3
T3,2,0,149,12
T4,3,1,200,105
T5,4,1,90,3
[397]
T1,0,0,34,3
T2,1,0,200,40
T3,2,0,100,30
T4,3,0,141,2
T5,4,1,180,15
[398]
T1,0,0,198,48
T2,1,0,22,2
T3,2,0,200,84
T4,3,1,143,2
T5,4,1,130,1
[399]
T1,0,1,200,72
T2,1,1,129,8
T3,2,1,30,2
T4,3,0,183,30
T5,4,1,128,13
[400]
T1,0,1,72,19
T2,1,1,74,3
T3,2,1,20,2
T4,3,0,186,30
T5,4,1,200,12
[401]
T1,0,0,165,23
T2,1,1,130,28
T3,2,0,117,8
T4,3,0,42,8
T5,4,0,200,14
[402]
T1,0,1,176,40
T2,1,1,200,2
T3,2,0,32,2
T4,3,0,90,24
T5,4,1,67,12
[403]
T1,0,1,108,28
T2,1,0,112,11
T3,2,0,21,1
T4,3,0,200,35
T5,4,0,184,13
[404]
T1,0,1,20,2
T2,1,1,135,75
T3,2,0,200,1
T4,3,1,77,2
T5,4,0,168,16
[405]
T1,0,0,150,32
T2,1,1,200,47
T3,2,0,26,2
T4,3,1,81,7
T5,4,0,134,19
[406]
T1,0,0,156,24
T2,1,0,42,12
T3,2,0,200,30
T4,3,1,96,2
T5,4,1,128,10
[407]
T1,0,1,52,13
T2,1,1,64,5
T3,2,1,200,23
T4,3,1,156,13
T5,4,0,132,19
[408]
T1,0,0,74,16
T2,1,0,65,3
T3,2,1,153,56
T4,3,0,51,1
T5,4,1,200,5
[409]
T1,0,0,200,14
T2,1,1,114,6
T3,2,0,196,14
T4,3,0,119,31
T5,4,1,49,11
[410]
T1,0,0,60,9
T2,1,1,200,4
T3,2,0,125,33
T4,3,0,171,7
T5,4,1,54,11
[411]
T1,0,0,29,4
T2,1,0,184,9
T3,2,1,200,87
T4,3,0,75,1
T5,4,0,144,7
[412]
T1,0,0,90,29
T2,1,1,75,4
T3,2,0,200,9
T4,3,1,33,4
T5,4,1,196,26
[413]
T1,0,0,150,37
T2,1,0,39,5
T3,2,0,115,4
T4,3,1,200,50
T5,4,1,113,1
[414]
T1,0,1,73,11
T2,1,0,170,27
T3,2,1,126,33
T4,3,1,200,14
T5,4,0,24,2
[415]
T1,0,1,24,2
T2,1,1,200,2
T3,2,1,195,53
T4,3,0,78,14
T5,4,0,56,12
[416]
T1,0,1,200,14
T2,1,0,126,39
T3,2,0,129,5
T4,3,1,198,23
T5,4,0,44,6
[417]
T1,0,0,192,1
T2,1,0,107,4
T3,2,1,200,74
T4,3,1,28,6
T5,4,1,116,5
[418]
T1,0,1,177,5
T2,1,1,26,2
T3,2,1,130,55
T4,3,0,133,8
T5,4,0,200,29
[419]
T1,0,0,52,6
T2,1,0,118,46
T3,2,1,200,7
T4,3,0,91,2
T5,4,0,161,19
[420]
T1,0,1,157,15
T2,1,1,200,15
T3,2,0,58,3
T4,3,0,120,34
T5,4,0,35,6
[421]
T1,0,0,54,11
T2,1,0,80,17
T3,2,0,182,2
T4,3,1,200,47
T5,4,1,26,2
[422]
T1,0,1,140,45
T2,1,0,195,8
T3,2,0,52,4
T4,3,1,200,46
T5,4,1,69,1
[423]
T1,0,1,35,5
T2,1,1,200,59
T3,2,1,70,1
T4,3,0,106,4
T5,4,0,195,34
[424]
T1,0,0,28,1
T2,1,1,85,39
T3,2,1,200,10
T4,3,1,84,10
T5,4,0,190,2
[425]
T1,0,0,156,6
T2,1,0,94,31
T3,2,0,200,41
T4,3,1,26,2
T5,4,0,56,5
[426]
T1,0,0,78,7
T2,1,0,168,31
T3,2,1,135,33
T4,3,0,200,10
T5,4,0,48,5
[427]
T1,0,1,121,1
T2,1,1,150,80
T3,2,1,126,7
T4,3,0,200,3
T5,4,0,21,1
[428]
T1,0,1,75,8
T2,1,0,21,2
T3,2,0,199,9
T4,3,1,86,26
T5,4,0,200,24
[429]
T1,0,0,200,8
T2,1,1,146,16
T3,2,0,25,9
T4,3,1,184,24
T5,4,0,145,2
[430]
T1,0,1,27,2
T2,1,1,124,31
T3,2,0,200,31
T4,3,1,132,16
T5,4,0,180,28
[431]
T1,0,1,200,5
T2,1,0,153,37
T3,2,1,129,25
T4,3,0,32,3
T5,4,0,140,19
[432]
T1,0,1,120,6
T2,1,1,26,2
T3,2,0,126,55
T4,3,0,200,4
T5,4,0,175,15
[433]
T1,0,0,200,5
T2,1,0,132,8
T3,2,0,36,7
T4,3,1,187,43
T5,4,0,75,13
[434]
T1,0,0,122,42
T2,1,1,200,29
T3,2,0,50,5
T4,3,1,96,6
T5,4,1,169,2
[435]
T1,0,1,40,11
T2,1,1,200,16
T3,2,1,128,4
T4,3,1,182,1
T5,4,1,56,16
[436]
T1,0,0,200,60
T2,1,1,40,2
T3,2,1,187,12
T4,3,1,128,36
T5,4,0,142,4
[437]
T1,0,1,84,7
T2,1,0,200,27
T3,2,1,54,8
T4,3,1,181,8
T5,4,0,42,11
[438]
T1,0,0,107,2
T2,1,0,200,4
T3,2,0,94,8
T4,3,0,51,5
T5,4,0,188,88
[439]
T1,0,1,87,13
T2,1,1,174,1
T3,2,1,200,28
T4,3,1,67,13
T5,4,1,30,5
[440]
T1,0,0,77,6
T2,1,0,200,20
T3,2,1,68,23
T4,3,1,35,5
T5,4,0,190,2
[441]
T1,0,1,39,3
T2,1,1,54,21
T3,2,1,136,2
T4,3,1,200,1
T5,4,1,162,29
[442]
T1,0,1,40,16
T2,1,1,200,2
T3,2,1,66,13
T4,3,0,125,7
T5,4,1,165,3
[443]
T1,0,1,185,17
T2,1,1,130,44
T3,2,1,200,44
T4,3,0,37,1
T5,4,1,118,1
[444]
T1,0,1,21,2
T2,1,0,66,1
T3,2,1,123,22
T4,3,0,150,26
T5,4,0,200,41
[445]
T1,0,1,55,1
T2,1,1,78,19
T3,2,0,174,35
T4,3,0,50,5
T5,4,1,200,18
[446]
T1,0,0,153,1
T2,1,0,200,37
T3,2,0,33,8
T4,3,0,74,14
T5,4,1,120,4
[447]
T1,0,1,160,9
T2,1,0,106,3
T3,2,0,20,2
T4,3,1,74,17
T5,4,0,200,52
[448]
T1,0,1,200,29
T2,1,0,171,12
T3,2,0,99,26
T4,3,0,50,6
T5,4,1,87,6
[449]
T1,0,1,117,1
T2,1,1,64,4
T3,2,0,48,3
T4,3,0,200,50
T5,4,1,172,50
[450]
T1,0,1,70,14
T2,1,0,200,6
T3,2,1,102,8
T4,3,1,181,45
T5,4,0,30,3
[451]
T1,0,1,200,9
T2,1,1,120,21
T3,2,0,49,2
T4,3,1,97,38
T5,4,0,175,6
[452]
T1,0,0,170,25
T2,1,0,70,24
T3,2,1,200,27
T4,3,1,22,1
T5,4,0,138,1
[453]
T1,0,0,119,21
T2,1,1,189,22
T3,2,1,71,14
T4,3,1,200,8
T5,4,1,36,5
[454]
T1,0,0,148,22
T2,1,0,68,2
T3,2,1,146,36
T4,3,1,35,4
T5,4,0,200,34
[455]
T1,0,0,28,10
T2,1,1,81,3
T3,2,0,200,33
T4,3,1,68,2
T5,4,1,182,13
[456]
T1,0,0,60,2
T2,1,1,125,4
T3,2,1,150,67
T4,3,0,200,13
T5,4,1,21,2
[457]
T1,0,0,164,24
T2,1,1,110,21
T3,2,1,84,2
T4,3,1,45,9
T5,4,0,200,22
[458]
T1,0,0,99,7
T2,1,1,198,50
T3,2,0,27,5
T4,3,0,200,22
T5,4,1,109,6
[459]
T1,0,1,200,25
T2,1,1,22,9
T3,2,1,89,5
T4,3,0,165,4
T5,4,0,77,3
[460]
T1,0,1,143,2
T2,1,1,156,40
T3,2,1,21,4
T4,3,1,200,11
T5,4,1,70,10
[461]
T1,0,0,153,34
T2,1,1,200,9
T3,2,0,84,12
T4,3,0,71,11
T5,4,0,30,3
[462]
T1,0,0,200,1
T2,1,0,92,36
T3,2,1,24,1
T4,3,1,165,16
T5,4,0,113,15
[463]
T1,0,1,44,5
T2,1,0,118,10
T3,2,0,92,18
T4,3,0,200,40
T5,4,0,184,14
[464]
T1,0,1,164,20
T2,1,1,145,45
T3,2,1,29,2
T4,3,0,200,1
T5,4,1,105,18
[465]
T1,0,0,163,44
T2,1,0,30,2
T3,2,0,96,6
T4,3,1,64,20
T5,4,0,200,7
[466]
T1,0,0,122,2
T2,1,1,37,6
T3,2,0,185,42
T4,3,1,120,16
T5,4,1,200,26
[467]
T1,0,1,134,29
T2,1,0,24,2
T3,2,0,80,2
T4,3,0,195,70
T5,4,0,200,16
[468]
T1,0,0,50,5
T2,1,1,132,20
T3,2,0,121,4
T4,3,1,186,55
T5,4,0,200,22
[469]
T1,0,1,78,6
T2,1,0,30,1
T3,2,0,79,26
T4,3,0,200,13
T5,4,0,160,27
[470]
T1,0,0,200,21
T2,1,0,150,39
T3,2,0,120,18
T4,3,1,53,9
T5,4,0,112,2
[471]
T1,0,0,101,33
T2,1,0,180,6
T3,2,0,104,2
T4,3,1,41,11
T5,4,0,200,2
[472]
T1,0,1,147,11
T2,1,0,200,31
T3,2,0,128,2
T4,3,1,20,9
T5,4,0,155,2
[473]
T1,0,1,200,8
T2,1,1,112,17
T3,2,0,161,35
T4,3,0,24,2
T5,4,1,108,26
[474]
T1,0,0,26,2
T2,1,0,200,11
T3,2,0,130,64
T4,3,1,59,6
T5,4,0,151,1
[475]
T1,0,1,72,6
T2,1,0,153,42
T3,2,1,107,28
T4,3,1,200,7
T5,4,0,33,1
[476]
T1,0,0,57,8
T2,1,0,40,2
T3,2,1,196,1
T4,3,0,200,52
T5,4,0,110,25
[477]
T1,0,0,20,2
T2,1,0,200,9
T3,2,1,104,16
T4,3,0,179,20
T5,4,0,128,34
[478]
T1,0,0,200,67
T2,1,0,125,4
T3,2,0,39,8
T4,3,1,174,5
T5,4,1,65,3
[479]
T1,0,0,47,2
T2,1,1,200,82
T3,2,0,140,11
T4,3,0,180,2
T5,4,1,76,10
[480]
T1,0,1,29,6
T2,1,0,192,46
T3,2,0,200,8
T4,3,0,135,12
T5,4,1,84,8
[481]
T1,0,0,200,60
T2,1,1,88,8
T3,2,0,145,28
T4,3,1,43,2
T5,4,0,180,15
[482]
T1,0,0,200,13
T2,1,1,40,8
T3,2,1,191,31
T4,3,0,96,15
T5,4,1,61,5
[483]
T1,0,0,150,9
T2,1,1,65,9
T3,2,1,59,7
T4,3,0,200,54
T5,4,1,24,2
[484]
T1,0,1,96,4
T2,1,0,200,59
T3,2,0,134,31
T4,3,1,162,4
T5,4,0,50,4
[485]
T1,0,1,96,1
T2,1,0,200,29
T3,2,1,30,2
T4,3,1,103,14
T5,4,1,192,61
[486]
T1,0,1,40,5
T2,1,0,200,53
T3,2,0,163,18
T4,3,1,144,8
T5,4,1,100,11
[487]
T1,0,1,54,3
T2,1,0,188,49
T3,2,1,200,20
T4,3,1,58,6
T5,4,1,30,5
[488]
T1,0,0,22,1
T2,1,0,85,9
T3,2,0,67,4
T4,3,0,154,26
T5,4,0,200,56
[489]
T1,0,0,67,26
T2,1,0,40,4
T3,2,1,200,3
T4,3,0,153,25
T5,4,1,140,1
[490]
T1,0,0,116,22
T2,1,1,57,1
T3,2,0,166,37
T4,3,0,30,3
T5,4,1,200,30
[491]
T1,0,1,200,77
T2,1,0,62,3
T3,2,1,119,14
T4,3,1,192,20
T5,4,1,20,2
[492]
T1,0,1,200,38
T2,1,1,40,8
T3,2,0,92,10
T4,3,1,145,6
T5,4,0,154,20
[493]
T1,0,0,61,10
T2,1,0,200,29
T3,2,1,48,4
T4,3,0,55,5
T5,4,0,172,29
[494]
T1,0,0,175,49
T2,1,0,200,17
T3,2,0,95,17
T4,3,0,35,2
T5,4,1,84,6
[495]
T1,0,0,156,45
T2,1,1,74,5
T3,2,1,71,12
T4,3,0,200,3
T5,4,1,40,5
[496]
T1,0,1,36,7
T2,1,0,200,2
T3,2,1,68,5
T4,3,1,85,21
T5,4,0,150,22
[497]
T1,0,0,168,13
T2,1,0,88,2
T3,2,1,200,10
T4,3,1,51,14
T5,4,0,54,14
[498]
T1,0,1,92,8
T2,1,0,200,21
T3,2,1,32,7
T4,3,0,133,25
T5,4,1,190,11
[499]
T1,0,1,156,28
T2,1,0,74,2
T3,2,0,37,3
T4,3,1,143,34
T5,4,0,200,30
[500]
T1,0,1,22,3
T2,1,1,138,2
T3,2,1,200,17
T4,3,0,188,46
T5,4,0,72,14
