num_task_per_taskset=4
num_taskset=500
//ID,Priority,Offset,Period,Execution Time
[1]
T1,0,0,55,2
T2,1,0,164,6
T3,2,1,44,1
T4,3,1,200,23
[2]
T1,0,1,182,3
T2,1,1,56,4
T3,2,1,21,1
T4,3,0,200,5
[3]
T1,0,1,133,2
T2,1,0,32,2
T3,2,1,200,12
T4,3,0,199,14
[4]
T1,0,0,43,2
T2,1,1,63,6
T3,2,1,200,4
T4,3,0,152,10
[5]
T1,0,0,183,14
T2,1,1,94,1
T3,2,0,33,3
T4,3,0,200,1
[6]
T1,0,0,173,15
T2,1,0,69,4
T3,2,0,30,2
T4,3,1,200,5
[7]
T1,0,1,49,1
T2,1,1,166,4
T3,2,1,200,11
T4,3,0,136,11
[8]
T1,0,0,23,2
T2,1,1,200,2
T3,2,1,62,4
T4,3,0,172,4
[9]
T1,0,1,130,2
T2,1,1,166,18
T3,2,0,200,8
T4,3,0,52,1
[10]
T1,0,1,153,3
T2,1,0,200,8
T3,2,0,29,2
T4,3,1,79,10
[11]
T1,0,0,200,8
T2,1,0,21,2
T3,2,0,92,6
T4,3,0,170,8
[12]
T1,0,0,192,11
T2,1,1,113,11
T3,2,0,32,2
T4,3,0,200,4
[13]
T1,0,1,42,2
T2,1,0,87,6
T3,2,1,187,9
T4,3,1,200,5
[14]
T1,0,1,168,4
T2,1,0,38,2
T3,2,1,105,2
T4,3,1,200,21
[15]
T1,0,1,159,17
T2,1,0,36,2
T3,2,0,200,2
T4,3,1,100,6
[16]
T1,0,1,39,4
T2,1,1,154,2
T3,2,1,200,9
T4,3,1,75,2
[17]
T1,0,0,198,19
T2,1,1,35,1
T3,2,1,138,2
T4,3,0,200,5
[18]
T1,0,1,52,5
T2,1,0,168,2
T3,2,1,59,2
T4,3,1,200,6
[19]
T1,0,0,160,8
T2,1,0,200,18
T3,2,1,40,1
T4,3,0,111,2
[20]
T1,0,1,39,3
T2,1,1,200,14
T3,2,1,146,3
T4,3,1,158,1
[21]
T1,0,1,91,14
T2,1,1,178,1
T3,2,1,40,2
T4,3,0,200,3
[22]
T1,0,1,199,1
T2,1,0,200,2
T3,2,1,117,16
T4,3,0,20,1
[23]
T1,0,0,25,2
T2,1,1,86,2
T3,2,0,200,14
T4,3,1,193,8
[24]
T1,0,0,156,12
T2,1,0,24,1
T3,2,1,200,10
T4,3,0,125,1
[25]
T1,0,1,194,3
T2,1,0,34,3
T3,2,0,200,10
T4,3,0,78,1
[26]
T1,0,1,68,3
T2,1,0,46,2
T3,2,0,171,3
T4,3,0,200,16
[27]
T1,0,1,200,5
T2,1,1,49,2
T3,2,1,105,4
T4,3,0,155,13
[28]
T1,0,0,200,3
T2,1,0,153,12
T3,2,0,39,3
T4,3,0,77,1
[29]
T1,0,1,189,2
T2,1,0,96,5
T3,2,1,38,4
T4,3,0,200,6
[30]
T1,0,0,105,16
T2,1,1,47,1
T3,2,0,200,2
T4,3,1,162,1
[31]
T1,0,1,112,1
T2,1,1,45,2
T3,2,1,200,12
T4,3,1,170,11
[32]
T1,0,0,196,3
T2,1,0,200,23
T3,2,0,68,3
T4,3,0,28,2
[33]
T1,0,0,52,2
T2,1,0,114,13
T3,2,0,200,5
T4,3,1,173,8
[34]
T1,0,0,200,16
T2,1,1,28,2
T3,2,1,195,6
T4,3,1,73,4
[35]
T1,0,1,72,5
T2,1,1,161,6
T3,2,0,34,2
T4,3,0,200,1
[36]
T1,0,0,200,10
T2,1,1,48,1
T3,2,1,134,12
T4,3,0,199,2
[37]
T1,0,0,59,4
T2,1,1,149,4
T3,2,0,200,4
T4,3,1,52,3
[38]
T1,0,1,200,1
T2,1,0,179,22
T3,2,1,38,2
T4,3,1,104,6
[39]
T1,0,0,134,3
T2,1,0,200,12
T3,2,1,44,3
T4,3,1,162,6
[40]
T1,0,1,77,6
T2,1,0,38,2
T3,2,1,155,2
T4,3,1,200,18
[41]
T1,0,1,200,7
T2,1,0,170,12
T3,2,0,23,1
T4,3,0,135,2
[42]
T1,0,0,24,2
T2,1,1,159,3
T3,2,1,200,16
T4,3,1,145,9
[43]
T1,0,1,196,4
T2,1,1,200,5
T3,2,1,56,2
T4,3,0,40,5
[44]
T1,0,0,150,8
T2,1,0,33,1
T3,2,0,200,21
T4,3,0,126,2
[45]
T1,0,0,50,2
T2,1,1,184,4
T3,2,1,94,11
T4,3,1,200,7
[46]
T1,0,1,165,15
T2,1,0,127,5
T3,2,0,42,1
T4,3,1,200,5
[47]
T1,0,0,53,6
T2,1,0,200,1
T3,2,0,84,2
T4,3,0,162,8
[48]
T1,0,1,167,2
T2,1,0,200,2
T3,2,0,87,12
T4,3,1,40,1
[49]
T1,0,1,200,16
T2,1,1,182,7
T3,2,0,25,1
T4,3,1,65,1
[50]
T1,0,0,144,13
T2,1,1,197,8
T3,2,1,23,2
T4,3,0,200,9
[51]
T1,0,0,200,3
T2,1,1,169,15
T3,2,0,54,1
T4,3,1,90,6
[52]
T1,0,1,166,6
T2,1,1,33,2
T3,2,0,78,2
T4,3,0,200,12
[53]
T1,0,1,133,10
T2,1,0,200,9
T3,2,1,30,2
T4,3,1,180,11
[54]
T1,0,0,57,2
T2,1,0,52,2
T3,2,0,171,9
T4,3,1,200,11
[55]
T1,0,1,28,1
T2,1,1,89,1
T3,2,0,200,1
T4,3,0,195,20
[56]
T1,0,0,200,4
T2,1,0,77,1
T3,2,0,181,9
T4,3,0,38,3
[57]
T1,0,0,54,2
T2,1,1,200,7
T3,2,1,170,2
T4,3,0,26,2
[58]
T1,0,1,102,1
T2,1,1,35,4
T3,2,1,190,2
T4,3,1,200,9
[59]
T1,0,0,103,4
T2,1,0,186,13
T3,2,1,49,2
T4,3,0,200,4
[60]
T1,0,1,177,4
T2,1,0,118,13
T3,2,0,50,2
T4,3,0,200,2
[61]
T1,0,0,61,2
T2,1,0,200,3
T3,2,0,195,5
T4,3,1,26,3
[62]
T1,0,0,40,2
T2,1,0,186,8
T3,2,0,200,12
T4,3,1,88,2
[63]
T1,0,1,86,5
T2,1,0,200,12
T3,2,0,174,6
T4,3,1,24,2
[64]
T1,0,1,164,3
T2,1,0,113,16
T3,2,1,200,2
T4,3,0,30,2
[65]
T1,0,0,200,12
T2,1,0,23,1
T3,2,0,195,9
T4,3,0,80,2
[66]
T1,0,1,200,9
T2,1,0,88,8
T3,2,1,197,6
T4,3,1,25,2
[67]
T1,0,1,200,25
T2,1,0,114,2
T3,2,1,51,2
T4,3,1,152,2
[68]
T1,0,1,174,2
T2,1,1,200,12
T3,2,0,25,1
T4,3,0,118,9
[69]
T1,0,0,180,3
T2,1,0,133,4
T3,2,0,200,26
T4,3,0,43,2
[70]
T1,0,1,120,6
T2,1,0,23,1
T3,2,1,200,11
T4,3,1,159,6
[71]
T1,0,0,116,11
T2,1,1,46,2
T3,2,0,148,1
T4,3,1,200,7
[72]
T1,0,1,136,1
T2,1,0,189,2
T3,2,0,54,4
T4,3,1,200,20
[73]
T1,0,1,200,9
T2,1,0,50,3
T3,2,1,161,4
T4,3,0,137,7
[74]
T1,0,1,66,3
T2,1,1,200,4
T3,2,0,52,2
T4,3,1,167,17
[75]
T1,0,0,200,12
T2,1,0,195,5
T3,2,0,63,4
T4,3,1,41,1
[76]
T1,0,1,160,4
T2,1,0,20,1
T3,2,1,200,17
T4,3,1,96,2
[77]
T1,0,0,35,2
T2,1,0,200,2
T3,2,1,188,11
T4,3,0,65,7
[78]
T1,0,1,200,9
T2,1,0,24,1
T3,2,0,186,10
T4,3,0,98,4
[79]
T1,0,1,200,18
T2,1,1,41,1
T3,2,1,93,5
T4,3,0,154,2
[80]
T1,0,1,185,23
T2,1,1,91,3
T3,2,1,36,1
T4,3,1,200,2
[81]
T1,0,0,198,4
T2,1,1,200,21
T3,2,0,134,1
T4,3,0,32,1
[82]
T1,0,0,200,2
T2,1,0,102,1
T3,2,1,161,12
T4,3,1,25,2
[83]
T1,0,0,24,4
T2,1,1,145,2
T3,2,0,200,2
T4,3,0,175,2
[84]
T1,0,0,34,1
T2,1,0,88,2
T3,2,0,157,3
T4,3,0,200,24
[85]
T1,0,0,96,7
T2,1,1,200,18
T3,2,1,37,2
T4,3,0,185,2
[86]
T1,0,0,165,10
T2,1,0,200,17
T3,2,0,22,1
T4,3,0,124,2
[87]
T1,0,0,200,8
T2,1,0,116,7
T3,2,0,181,15
T4,3,1,34,2
[88]
T1,0,0,155,21
T2,1,0,27,2
T3,2,0,200,9
T4,3,0,112,2
[89]
T1,0,0,199,1
T2,1,1,200,22
T3,2,1,22,2
T4,3,0,68,2
[90]
T1,0,1,28,2
T2,1,1,200,2
T3,2,0,175,25
T4,3,1,60,2
[91]
T1,0,0,22,2
T2,1,1,200,2
T3,2,1,198,5
T4,3,1,107,6
[92]
T1,0,1,200,8
T2,1,0,198,8
T3,2,0,47,3
T4,3,1,88,4
[93]
T1,0,0,200,6
T2,1,0,24,2
T3,2,1,163,1
T4,3,0,127,7
[94]
T1,0,0,140,6
T2,1,1,200,6
T3,2,1,172,5
T4,3,1,49,4
[95]
T1,0,1,162,1
T2,1,0,200,6
T3,2,0,125,4
T4,3,0,34,4
[96]
T1,0,1,176,18
T2,1,0,200,15
T3,2,0,83,1
T4,3,0,41,2
[97]
T1,0,1,28,2
T2,1,0,183,10
T3,2,0,200,5
T4,3,1,117,1
[98]
T1,0,0,200,16
T2,1,0,162,2
T3,2,0,41,2
T4,3,1,78,4
[99]
T1,0,0,76,3
T2,1,1,198,5
T3,2,1,200,10
T4,3,0,52,3
[100]
T1,0,1,109,11
T2,1,1,187,8
T3,2,1,200,6
T4,3,0,36,2
[101]
T1,0,1,84,5
T2,1,1,188,17
T3,2,0,39,1
T4,3,1,200,1
[102]
T1,0,0,190,3
T2,1,0,200,11
T3,2,1,72,2
T4,3,0,42,3
[103]
T1,0,0,153,4
T2,1,0,200,2
T3,2,1,46,3
T4,3,1,54,4
[104]
T1,0,0,113,2
T2,1,1,200,17
T3,2,1,45,4
T4,3,1,171,1
[105]
T1,0,1,199,10
T2,1,1,38,2
T3,2,1,200,4
T4,3,0,75,8
[106]
T1,0,0,200,3
T2,1,1,184,1
T3,2,0,82,1
T4,3,0,22,3
[107]
T1,0,0,133,15
T2,1,0,200,11
T3,2,0,44,1
T4,3,0,155,2
[108]
T1,0,1,198,1
T2,1,0,200,15
T3,2,0,52,5
T4,3,1,100,1
[109]
T1,0,1,178,2
T2,1,0,21,2
T3,2,0,200,4
T4,3,1,110,7
[110]
T1,0,0,200,13
T2,1,0,43,2
T3,2,1,192,2
T4,3,1,93,5
[111]
T1,0,1,68,4
T2,1,0,200,4
T3,2,1,36,3
T4,3,1,179,1
[112]
T1,0,0,163,7
T2,1,1,70,1
T3,2,1,200,23
T4,3,1,44,2
[113]
T1,0,1,60,1
T2,1,1,185,2
T3,2,1,50,1
T4,3,0,200,25
[114]
T1,0,0,128,1
T2,1,0,174,22
T3,2,0,200,5
T4,3,0,34,1
[115]
T1,0,1,190,26
T2,1,1,26,2
T3,2,1,129,2
T4,3,0,200,5
[116]
T1,0,1,200,4
T2,1,0,198,3
T3,2,1,28,2
T4,3,0,71,4
[117]
T1,0,0,31,2
T2,1,1,148,2
T3,2,0,200,2
T4,3,1,123,20
[118]
T1,0,0,170,2
T2,1,1,200,15
T3,2,1,42,2
T4,3,1,70,6
[119]
T1,0,0,31,1
T2,1,0,184,10
T3,2,0,69,2
T4,3,1,200,13
[120]
T1,0,1,200,4
T2,1,1,101,3
T3,2,1,26,3
T4,3,0,196,4
[121]
T1,0,0,78,1
T2,1,1,27,1
T3,2,1,200,9
T4,3,0,176,12
[122]
T1,0,0,35,3
T2,1,1,200,2
T3,2,0,185,2
T4,3,1,146,11
[123]
T1,0,0,200,16
T2,1,1,78,2
T3,2,1,31,2
T4,3,1,185,19
[124]
T1,0,0,133,2
T2,1,1,200,13
T3,2,1,178,3
T4,3,1,52,5
[125]
T1,0,0,200,2
T2,1,1,40,1
T3,2,0,121,6
T4,3,0,149,12
[126]
T1,0,1,153,4
T2,1,1,93,5
T3,2,0,31,3
T4,3,0,200,2
[127]
T1,0,1,111,7
T2,1,0,200,7
T3,2,1,172,3
T4,3,0,28,2
[128]
T1,0,0,32,3
T2,1,1,124,2
T3,2,1,168,13
T4,3,0,200,1
[129]
T1,0,1,121,17
T2,1,0,200,6
T3,2,0,21,2
T4,3,1,195,3
[130]
T1,0,1,200,8
T2,1,0,198,22
T3,2,1,51,1
T4,3,0,93,1
[131]
T1,0,1,92,2
T2,1,1,200,14
T3,2,1,20,2
T4,3,0,177,2
[132]
T1,0,1,103,2
T2,1,1,21,1
T3,2,1,200,1
T4,3,0,189,19
[133]
T1,0,1,200,13
T2,1,1,29,2
T3,2,0,152,9
T4,3,1,103,4
[134]
T1,0,1,159,13
T2,1,1,119,3
T3,2,1,51,2
T4,3,0,200,14
[135]
T1,0,1,200,2
T2,1,1,23,1
T3,2,1,175,13
T4,3,0,99,4
[136]
T1,0,0,200,22
T2,1,1,174,11
T3,2,0,103,1
T4,3,0,21,2
[137]
T1,0,1,36,1
T2,1,1,71,1
T3,2,0,200,9
T4,3,0,190,15
[138]
T1,0,0,48,2
T2,1,0,144,10
T3,2,0,200,16
T4,3,0,186,7
[139]
T1,0,0,22,2
T2,1,1,128,2
T3,2,1,200,17
T4,3,1,191,17
[140]
T1,0,0,178,2
T2,1,0,141,15
T3,2,0,46,2
T4,3,1,200,7
[141]
T1,0,0,50,1
T2,1,0,134,9
T3,2,0,200,14
T4,3,0,166,6
[142]
T1,0,0,200,26
T2,1,0,66,1
T3,2,1,22,2
T4,3,0,160,5
[143]
T1,0,1,71,2
T2,1,0,199,22
T3,2,0,20,2
T4,3,0,200,7
[144]
T1,0,0,198,10
T2,1,0,22,1
T3,2,1,99,7
T4,3,0,200,3
[145]
T1,0,0,181,2
T2,1,0,129,2
T3,2,1,200,19
T4,3,0,34,2
[146]
T1,0,0,152,9
T2,1,0,89,4
T3,2,0,46,3
T4,3,0,200,4
[147]
T1,0,0,183,6
T2,1,0,200,2
T3,2,0,55,3
T4,3,0,20,1
[148]
T1,0,0,200,4
T2,1,1,73,4
T3,2,0,184,9
T4,3,1,47,2
[149]
T1,0,0,79,2
T2,1,0,200,25
T3,2,1,24,2
T4,3,0,199,8
[150]
T1,0,0,98,2
T2,1,1,200,20
T3,2,1,173,10
T4,3,0,22,2
[151]
T1,0,1,70,3
T2,1,0,200,4
T3,2,1,198,10
T4,3,1,29,2
[152]
T1,0,1,138,2
T2,1,0,179,13
T3,2,0,45,3
T4,3,1,200,7
[153]
T1,0,1,101,2
T2,1,1,30,2
T3,2,1,178,22
T4,3,0,200,10
[154]
T1,0,1,20,1
T2,1,0,200,1
T3,2,0,173,15
T4,3,0,88,2
[155]
T1,0,1,52,2
T2,1,1,63,2
T3,2,1,200,18
T4,3,0,149,4
[156]
T1,0,1,200,3
T2,1,1,23,2
T3,2,0,174,9
T4,3,0,71,6
[157]
T1,0,1,142,11
T2,1,0,35,2
T3,2,0,200,8
T4,3,1,198,13
[158]
T1,0,1,153,2
T2,1,0,200,19
T3,2,0,33,2
T4,3,1,62,5
[159]
T1,0,0,21,2
T2,1,0,91,3
T3,2,0,175,19
T4,3,1,200,4
[160]
T1,0,1,200,5
T2,1,0,84,2
T3,2,1,28,1
T4,3,1,188,21
[161]
T1,0,1,45,2
T2,1,1,110,6
T3,2,0,200,22
T4,3,1,175,2
[162]
T1,0,1,32,3
T2,1,0,182,5
T3,2,0,200,2
T4,3,0,139,7
[163]
T1,0,0,200,10
T2,1,1,170,2
T3,2,1,99,11
T4,3,0,20,2
[164]
T1,0,1,119,8
T2,1,0,200,6
T3,2,0,52,2
T4,3,0,177,16
[165]
T1,0,0,124,1
T2,1,0,44,2
T3,2,1,168,23
T4,3,1,200,2
[166]
T1,0,0,197,16
T2,1,0,78,2
T3,2,0,36,3
T4,3,1,200,3
[167]
T1,0,1,156,12
T2,1,1,200,2
T3,2,1,136,3
T4,3,1,21,1
[168]
T1,0,0,145,8
T2,1,1,195,16
T3,2,0,200,10
T4,3,0,53,2
[169]
T1,0,0,200,10
T2,1,1,69,4
T3,2,0,44,1
T4,3,1,158,9
[170]
T1,0,0,200,1
T2,1,0,45,5
T3,2,1,161,7
T4,3,1,55,1
[171]
T1,0,1,45,3
T2,1,1,112,1
T3,2,1,200,1
T4,3,0,180,18
[172]
T1,0,0,196,3
T2,1,1,200,12
T3,2,0,45,4
T4,3,0,94,1
[173]
T1,0,1,104,2
T2,1,1,189,11
T3,2,1,200,3
T4,3,0,36,3
[174]
T1,0,0,154,4
T2,1,0,32,2
T3,2,0,200,18
T4,3,0,92,6
[175]
T1,0,0,53,2
T2,1,1,152,3
T3,2,0,200,21
T4,3,0,101,3
[176]
T1,0,1,171,4
T2,1,1,63,2
T3,2,0,52,3
T4,3,1,200,13
[177]
T1,0,0,88,1
T2,1,0,200,22
T3,2,1,154,6
T4,3,1,40,1
[178]
T1,0,0,200,15
T2,1,0,38,1
T3,2,1,196,2
T4,3,1,106,7
[179]
T1,0,1,152,6
T2,1,0,66,7
T3,2,0,200,1
T4,3,0,33,2
[180]
T1,0,1,28,1
T2,1,1,200,10
T3,2,0,195,2
T4,3,1,128,12
[181]
T1,0,1,36,2
T2,1,0,170,2
T3,2,0,200,18
T4,3,1,121,5
[182]
T1,0,0,198,26
T2,1,0,115,2
T3,2,1,26,2
T4,3,0,200,3
[183]
T1,0,0,157,7
T2,1,1,200,12
T3,2,1,42,1
T4,3,0,114,7
[184]
T1,0,0,43,2
T2,1,0,78,5
T3,2,0,200,19
T4,3,1,182,1
[185]
T1,0,0,38,3
T2,1,0,182,7
T3,2,1,97,4
T4,3,1,200,5
[186]
T1,0,1,72,2
T2,1,1,29,2
T3,2,1,200,34
T4,3,1,152,1
[187]
T1,0,1,188,2
T2,1,0,81,1
T3,2,1,47,1
T4,3,1,200,27
[188]
T1,0,0,146,2
T2,1,0,49,2
T3,2,0,172,5
T4,3,1,200,22
[189]
T1,0,0,103,3
T2,1,0,28,2
T3,2,1,190,2
T4,3,1,200,27
[190]
T1,0,0,176,14
T2,1,1,200,2
T3,2,0,128,5
T4,3,0,47,2
[191]
T1,0,1,200,13
T2,1,0,195,5
T3,2,0,65,4
T4,3,0,52,1
[192]
T1,0,0,45,4
T2,1,1,111,7
T3,2,1,200,1
T4,3,0,178,6
[193]
T1,0,0,127,9
T2,1,1,47,1
T3,2,1,200,5
T4,3,1,176,12
[194]
T1,0,1,179,3
T2,1,0,22,3
T3,2,0,90,2
T4,3,0,200,2
[195]
T1,0,1,96,5
T2,1,1,183,12
T3,2,0,33,2
T4,3,1,200,2
[196]
T1,0,1,27,2
T2,1,1,90,14
T3,2,1,176,2
T4,3,1,200,2
[197]
T1,0,0,200,2
T2,1,1,69,5
T3,2,1,24,1
T4,3,0,168,6
[198]
T1,0,0,34,1
T2,1,0,170,4
T3,2,0,200,11
T4,3,0,88,6
[199]
T1,0,1,200,3
T2,1,1,177,10
T3,2,1,90,7
T4,3,0,50,2
[200]
T1,0,0,160,23
T2,1,0,34,1
T3,2,1,62,2
T4,3,1,200,1
[201]
T1,0,1,200,2
T2,1,0,35,1
T3,2,0,190,23
T4,3,1,96,2
[202]
T1,0,1,187,26
T2,1,1,21,2
T3,2,1,77,1
T4,3,0,200,2
[203]
T1,0,0,45,2
T2,1,1,156,5
T3,2,1,135,4
T4,3,1,200,17
[204]
T1,0,0,60,1
T2,1,1,156,22
T3,2,1,200,2
T4,3,1,25,2
[205]
T1,0,0,22,2
T2,1,0,200,1
T3,2,0,161,26
T4,3,0,138,1
[206]
T1,0,1,200,8
T2,1,1,111,9
T3,2,1,177,10
T4,3,0,27,2
[207]
T1,0,1,118,5
T2,1,0,200,4
T3,2,0,170,2
T4,3,1,51,5
[208]
T1,0,1,150,2
T2,1,1,200,2
T3,2,0,144,25
T4,3,0,42,2
[209]
T1,0,1,133,6
T2,1,1,200,3
T3,2,1,150,6
T4,3,1,46,4
[210]
T1,0,1,158,7
T2,1,0,200,11
T3,2,1,23,2
T4,3,0,84,6
[211]
T1,0,0,36,2
T2,1,0,199,2
T3,2,0,70,3
T4,3,0,200,29
[212]
T1,0,0,59,5
T2,1,0,158,2
T3,2,0,38,2
T4,3,1,200,5
[213]
T1,0,1,24,2
T2,1,0,181,2
T3,2,0,113,6
T4,3,1,200,26
[214]
T1,0,1,200,10
T2,1,0,26,2
T3,2,0,119,5
T4,3,1,184,1
[215]
T1,0,0,198,7
T2,1,0,24,2
T3,2,0,83,4
T4,3,1,200,20
[216]
T1,0,0,200,33
T2,1,0,194,3
T3,2,1,41,2
T4,3,0,140,2
[217]
T1,0,1,169,16
T2,1,1,200,6
T3,2,1,99,1
T4,3,0,24,1
[218]
T1,0,0,40,2
T2,1,1,107,2
T3,2,1,176,18
T4,3,1,200,4
[219]
T1,0,0,21,2
T2,1,0,105,9
T3,2,0,148,4
T4,3,0,200,11
[220]
T1,0,1,114,3
T2,1,0,200,4
T3,2,0,194,24
T4,3,0,27,2
[221]
T1,0,1,24,1
T2,1,0,161,4
T3,2,0,62,6
T4,3,0,200,5
[222]
T1,0,0,48,2
T2,1,0,200,14
T3,2,1,80,3
T4,3,1,186,7
[223]
T1,0,1,50,3
T2,1,1,132,11
T3,2,1,200,6
T4,3,1,160,3
[224]
T1,0,1,171,8
T2,1,1,200,6
T3,2,1,128,4
T4,3,0,24,1
[225]
T1,0,1,116,16
T2,1,0,176,6
T3,2,1,24,2
T4,3,1,200,2
[226]
T1,0,1,125,5
T2,1,1,43,1
T3,2,1,162,11
T4,3,0,200,11
[227]
T1,0,0,44,2
T2,1,1,200,23
T3,2,0,67,3
T4,3,0,183,2
[228]
T1,0,0,53,2
T2,1,1,152,20
T3,2,1,119,5
T4,3,1,200,2
[229]
T1,0,1,198,6
T2,1,1,200,4
T3,2,1,78,3
T4,3,1,37,3
[230]
T1,0,0,200,2
T2,1,0,43,4
T3,2,1,175,2
T4,3,1,80,5
[231]
T1,0,1,200,6
T2,1,0,199,2
T3,2,1,104,6
T4,3,1,42,4
[232]
T1,0,1,80,7
T2,1,1,157,1
T3,2,1,22,1
T4,3,1,200,6
[233]
T1,0,0,43,2
T2,1,0,200,11
T3,2,0,198,9
T4,3,1,88,2
[234]
T1,0,1,200,2
T2,1,1,151,8
T3,2,1,20,2
T4,3,0,94,1
[235]
T1,0,1,142,1
T2,1,0,200,9
T3,2,0,52,4
T4,3,1,175,9
[236]
T1,0,0,200,9
T2,1,1,172,10
T3,2,0,31,2
T4,3,1,90,5
[237]
T1,0,1,179,10
T2,1,1,88,2
T3,2,0,200,6
T4,3,0,46,4
[238]
T1,0,1,135,20
T2,1,1,200,3
T3,2,1,188,1
T4,3,0,41,2
[239]
T1,0,1,200,3
T2,1,1,52,5
T3,2,1,118,5
T4,3,0,153,4
[240]
T1,0,0,119,2
T2,1,1,200,8
T3,2,1,20,2
T4,3,0,186,21
[241]
T1,0,1,32,3
T2,1,0,200,2
T3,2,0,82,3
T4,3,0,155,4
[242]
T1,0,0,188,4
T2,1,1,59,2
T3,2,1,200,3
T4,3,1,33,3
[243]
T1,0,1,200,4
T2,1,0,32,2
T3,2,1,117,12
T4,3,1,163,10
[244]
T1,0,1,160,1
T2,1,0,78,6
T3,2,0,32,2
T4,3,1,200,16
[245]
T1,0,0,200,15
T2,1,0,89,3
T3,2,1,168,11
T4,3,0,42,2
[246]
T1,0,0,154,8
T2,1,0,25,1
T3,2,1,56,3
T4,3,0,200,1
[247]
T1,0,1,20,1
T2,1,1,200,2
T3,2,1,160,9
T4,3,1,110,5
[248]
T1,0,1,200,2
T2,1,1,82,1
T3,2,0,153,2
T4,3,0,30,4
[249]
T1,0,1,28,1
T2,1,0,200,1
T3,2,1,135,3
T4,3,1,162,17
[250]
T1,0,1,200,21
T2,1,1,188,2
T3,2,1,31,2
T4,3,1,133,11
[251]
T1,0,0,108,4
T2,1,1,200,22
T3,2,0,153,4
T4,3,0,32,2
[252]
T1,0,0,46,5
T2,1,1,138,3
T3,2,0,200,6
T4,3,1,186,5
[253]
T1,0,1,200,2
T2,1,0,23,2
T3,2,1,170,6
T4,3,1,110,3
[254]
T1,0,0,200,11
T2,1,0,50,1
T3,2,0,88,6
T4,3,0,164,6
[255]
T1,0,1,200,21
T2,1,0,46,1
T3,2,1,199,2
T4,3,1,89,4
[256]
T1,0,0,186,1
T2,1,0,200,27
T3,2,0,25,2
T4,3,0,119,6
[257]
T1,0,0,42,1
T2,1,0,96,10
T3,2,0,149,2
T4,3,1,200,10
[258]
T1,0,1,90,7
T2,1,1,22,1
T3,2,0,200,4
T4,3,0,155,2
[259]
T1,0,0,36,2
T2,1,0,200,32
T3,2,0,136,2
T4,3,0,187,3
[260]
T1,0,1,48,7
T2,1,0,111,2
T3,2,0,176,2
T4,3,1,200,6
[261]
T1,0,0,190,13
T2,1,0,84,3
T3,2,0,22,1
T4,3,1,200,3
[262]
T1,0,1,182,4
T2,1,0,200,12
T3,2,0,44,2
T4,3,0,122,10
[263]
T1,0,1,137,8
T2,1,1,196,8
T3,2,0,200,7
T4,3,1,53,2
[264]
T1,0,0,95,3
T2,1,1,200,5
T3,2,0,41,2
T4,3,0,175,14
[265]
T1,0,0,128,2
T2,1,0,200,34
T3,2,1,156,2
T4,3,0,22,2
[266]
T1,0,1,63,1
T2,1,0,178,2
T3,2,1,200,21
T4,3,0,29,1
[267]
T1,0,1,56,2
T2,1,1,54,5
T3,2,0,175,2
T4,3,0,200,7
[268]
T1,0,0,128,9
T2,1,0,194,9
T3,2,0,200,12
T4,3,0,20,2
[269]
T1,0,1,136,10
T2,1,1,200,2
T3,2,1,36,1
T4,3,1,198,13
[270]
T1,0,1,172,3
T2,1,0,49,1
T3,2,1,110,3
T4,3,0,200,25
[271]
T1,0,1,122,5
T2,1,1,200,29
T3,2,1,25,2
T4,3,1,184,2
[272]
T1,0,0,21,2
T2,1,1,185,2
T3,2,0,200,6
T4,3,0,67,2
[273]
T1,0,1,76,4
T2,1,1,158,2
T3,2,1,200,19
T4,3,0,52,1
[274]
T1,0,0,200,3
T2,1,0,35,2
T3,2,0,179,19
T4,3,1,90,2
[275]
T1,0,0,195,1
T2,1,1,39,5
T3,2,0,64,2
T4,3,1,200,2
[276]
T1,0,1,87,3
T2,1,0,170,1
T3,2,1,200,17
T4,3,1,51,3
[277]
T1,0,1,200,17
T2,1,1,69,2
T3,2,0,170,11
T4,3,1,23,2
[278]
T1,0,1,200,3
T2,1,0,120,1
T3,2,0,178,5
T4,3,0,33,4
[279]
T1,0,0,98,3
T2,1,1,200,8
T3,2,0,28,2
T4,3,0,189,7
[280]
T1,0,0,86,1
T2,1,1,182,15
T3,2,1,200,3
T4,3,1,20,1
[281]
T1,0,0,155,6
T2,1,0,200,14
T3,2,0,124,8
T4,3,0,38,2
[282]
T1,0,0,200,21
T2,1,1,128,2
T3,2,1,161,6
T4,3,1,44,2
[283]
T1,0,1,89,9
T2,1,1,178,9
T3,2,1,200,3
T4,3,0,28,2
[284]
T1,0,0,25,3
T2,1,1,200,5
T3,2,1,148,4
T4,3,1,80,2
[285]
T1,0,0,35,2
T2,1,0,88,5
T3,2,0,200,5
T4,3,0,162,15
[286]
T1,0,0,47,1
T2,1,1,180,13
T3,2,0,200,5
T4,3,0,114,7
[287]
T1,0,0,20,2
T2,1,0,169,2
T3,2,0,200,15
T4,3,1,92,5
[288]
T1,0,1,50,2
T2,1,1,189,3
T3,2,0,91,1
T4,3,0,200,29
[289]
T1,0,0,134,3
T2,1,1,40,3
T3,2,0,200,14
T4,3,1,160,4
[290]
T1,0,1,200,8
T2,1,1,35,2
T3,2,1,121,8
T4,3,0,161,14
[291]
T1,0,1,39,1
T2,1,0,119,4
T3,2,1,200,2
T4,3,0,198,22
[292]
T1,0,0,95,5
T2,1,0,200,1
T3,2,0,188,20
T4,3,1,31,2
[293]
T1,0,1,25,2
T2,1,0,200,3
T3,2,0,196,13
T4,3,1,110,8
[294]
T1,0,1,157,2
T2,1,1,200,28
T3,2,1,57,2
T4,3,1,22,2
[295]
T1,0,0,134,2
T2,1,1,200,12
T3,2,1,30,1
T4,3,1,169,10
[296]
T1,0,1,21,1
T2,1,1,200,1
T3,2,1,113,3
T4,3,1,162,17
[297]
T1,0,0,200,5
T2,1,1,96,2
T3,2,1,48,7
T4,3,1,188,2
[298]
T1,0,0,34,2
T2,1,1,200,7
T3,2,1,58,1
T4,3,1,197,26
[299]
T1,0,0,28,2
T2,1,0,169,12
T3,2,0,146,4
T4,3,0,200,1
[300]
T1,0,0,24,1
T2,1,1,200,23
T3,2,0,151,5
T4,3,0,122,2
[301]
T1,0,1,125,5
T2,1,0,184,2
T3,2,0,200,6
T4,3,0,50,5
[302]
T1,0,0,178,17
T2,1,1,200,3
T3,2,0,126,6
T4,3,0,50,1
[303]
T1,0,0,200,11
T2,1,0,120,4
T3,2,1,48,4
T4,3,1,154,2
[304]
T1,0,0,200,17
T2,1,0,26,2
T3,2,0,142,4
T4,3,1,171,7
[305]
T1,0,0,53,4
T2,1,1,92,6
T3,2,1,154,2
T4,3,0,200,6
[306]
T1,0,0,200,17
T2,1,0,181,2
T3,2,0,30,1
T4,3,1,117,6
[307]
T1,0,0,65,2
T2,1,1,200,27
T3,2,0,54,1
T4,3,0,158,5
[308]
T1,0,0,29,1
T2,1,0,57,1
T3,2,1,158,1
T4,3,0,200,20
[309]
T1,0,0,31,1
T2,1,0,196,23
T3,2,0,123,2
T4,3,0,200,4
[310]
T1,0,1,124,5
T2,1,0,200,11
T3,2,1,50,3
T4,3,1,192,6
[311]
T1,0,1,102,3
T2,1,0,200,23
T3,2,0,158,5
T4,3,1,33,2
[312]
T1,0,0,200,15
T2,1,1,67,2
T3,2,1,167,3
T4,3,1,25,2
[313]
T1,0,1,64,3
T2,1,1,28,2
T3,2,0,200,2
T4,3,1,164,19
[314]
T1,0,0,200,10
T2,1,1,198,2
T3,2,1,41,1
T4,3,1,138,12
[315]
T1,0,1,200,10
T2,1,0,162,9
T3,2,0,36,2
T4,3,1,117,2
[316]
T1,0,0,171,15
T2,1,0,131,1
T3,2,0,200,5
T4,3,1,24,1
[317]
T1,0,1,198,8
T2,1,0,31,2
T3,2,1,117,9
T4,3,0,200,13
[318]
T1,0,1,25,3
T2,1,1,105,2
T3,2,1,200,3
T4,3,0,188,1
[319]
T1,0,0,189,14
T2,1,1,39,2
T3,2,1,200,9
T4,3,0,79,4
[320]
T1,0,0,200,2
T2,1,1,77,5
T3,2,0,169,12
T4,3,1,35,1
[321]
T1,0,0,180,2
T2,1,0,36,2
T3,2,1,200,27
T4,3,1,71,3
[322]
T1,0,0,200,18
T2,1,1,192,3
T3,2,0,35,2
T4,3,1,79,5
[323]
T1,0,0,37,1
T2,1,0,200,4
T3,2,0,73,4
T4,3,1,194,13
[324]
T1,0,0,37,1
T2,1,1,148,19
T3,2,1,200,5
T4,3,0,74,2
[325]
T1,0,1,200,4
T2,1,1,21,3
T3,2,0,115,2
T4,3,0,164,4
[326]
T1,0,1,159,2
T2,1,0,94,10
T3,2,0,200,10
T4,3,0,39,2
[327]
T1,0,1,46,5
T2,1,1,70,4
T3,2,0,178,1
T4,3,0,200,2
[328]
T1,0,0,52,1
T2,1,1,200,19
T3,2,1,122,9
T4,3,1,170,1
[329]
T1,0,0,159,16
T2,1,1,30,2
T3,2,1,93,2
T4,3,0,200,16
[330]
T1,0,0,200,16
T2,1,1,173,5
T3,2,0,114,2
T4,3,1,42,3
[331]
T1,0,1,38,2
T2,1,1,198,24
T3,2,0,127,2
T4,3,1,200,9
[332]
T1,0,0,200,10
T2,1,1,129,2
T3,2,1,41,5
T4,3,0,166,2
[333]
T1,0,0,104,1
T2,1,1,30,2
T3,2,0,200,3
T4,3,1,151,14
[334]
T1,0,1,200,2
T2,1,1,192,2
T3,2,0,50,8
T4,3,0,131,3
[335]
T1,0,1,189,22
T2,1,1,32,2
T3,2,1,73,2
T4,3,0,200,13
[336]
T1,0,1,128,2
T2,1,0,197,20
T3,2,1,34,2
T4,3,0,200,4
[337]
T1,0,1,195,2
T2,1,1,200,3
T3,2,0,24,1
T4,3,0,143,13
[338]
T1,0,1,200,12
T2,1,1,144,5
T3,2,1,52,2
T4,3,0,195,15
[339]
T1,0,0,200,5
T2,1,1,42,2
T3,2,1,136,13
T4,3,0,155,8
[340]
T1,0,1,170,9
T2,1,0,31,3
T3,2,1,79,2
T4,3,0,200,1
[341]
T1,0,1,24,2
T2,1,0,200,1
T3,2,0,187,14
T4,3,1,109,2
[342]
T1,0,1,200,6
T2,1,0,149,2
T3,2,1,45,2
T4,3,0,111,13
[343]
T1,0,1,200,15
T2,1,1,20,1
T3,2,0,112,5
T4,3,1,185,1
[344]
T1,0,1,100,6
T2,1,0,171,11
T3,2,1,42,2
T4,3,0,200,12
[345]
T1,0,1,46,1
T2,1,1,200,13
T3,2,0,131,9
T4,3,0,186,5
[346]
T1,0,1,42,5
T2,1,0,184,7
T3,2,0,70,2
T4,3,1,200,2
[347]
T1,0,1,166,1
T2,1,0,89,14
T3,2,1,200,3
T4,3,0,37,2
[348]
T1,0,0,141,9
T2,1,0,200,2
T3,2,1,147,13
T4,3,1,49,1
[349]
T1,0,0,25,1
T2,1,1,73,8
T3,2,0,200,2
T4,3,0,181,2
[350]
T1,0,0,153,1
T2,1,1,200,4
T3,2,0,76,10
T4,3,1,50,1
[351]
T1,0,0,30,2
T2,1,1,141,1
T3,2,0,187,7
T4,3,1,200,26
[352]
T1,0,1,150,10
T2,1,0,68,7
T3,2,0,200,2
T4,3,1,21,2
[353]
T1,0,1,42,2
T2,1,1,156,4
T3,2,1,200,2
T4,3,1,132,21
[354]
T1,0,0,200,2
T2,1,0,68,5
T3,2,1,180,21
T4,3,0,30,2
[355]
T1,0,1,33,1
T2,1,1,110,1
T3,2,1,200,12
T4,3,1,148,12
[356]
T1,0,0,200,2
T2,1,0,67,2
T3,2,0,23,2
T4,3,0,170,13
[357]
T1,0,0,83,2
T2,1,1,163,16
T3,2,0,26,1
T4,3,0,200,8
[358]
T1,0,0,35,1
T2,1,0,200,12
T3,2,0,91,3
T4,3,0,191,8
[359]
T1,0,0,189,4
T2,1,1,98,10
T3,2,1,200,4
T4,3,0,32,1
[360]
T1,0,0,48,2
T2,1,0,112,8
T3,2,0,199,11
T4,3,0,200,10
[361]
T1,0,0,146,16
T2,1,0,42,2
T3,2,0,200,5
T4,3,1,149,7
[362]
T1,0,1,141,6
T2,1,0,30,2
T3,2,1,191,6
T4,3,0,200,6
[363]
T1,0,1,164,2
T2,1,1,68,6
T3,2,1,33,1
T4,3,0,200,6
[364]
T1,0,0,200,25
T2,1,1,151,1
T3,2,1,35,2
T4,3,0,131,2
[365]
T1,0,0,189,12
T2,1,1,119,1
T3,2,1,200,15
T4,3,1,34,1
[366]
T1,0,0,136,7
T2,1,0,52,2
T3,2,1,200,14
T4,3,0,174,5
[367]
T1,0,1,195,2
T2,1,1,200,2
T3,2,0,33,2
T4,3,0,108,10
[368]
T1,0,1,182,1
T2,1,0,143,1
T3,2,0,200,26
T4,3,1,44,2
[369]
T1,0,1,200,3
T2,1,0,92,4
T3,2,0,190,8
T4,3,1,24,2
[370]
T1,0,0,149,16
T2,1,1,50,2
T3,2,0,108,5
T4,3,1,200,7
[371]
T1,0,1,87,2
T2,1,0,28,2
T3,2,1,185,14
T4,3,1,200,5
[372]
T1,0,1,200,18
T2,1,0,48,1
T3,2,1,175,1
T4,3,1,108,6
[373]
T1,0,0,40,6
T2,1,1,200,2
T3,2,1,145,2
T4,3,1,163,1
[374]
T1,0,1,200,11
T2,1,1,46,2
T3,2,1,178,1
T4,3,1,110,12
[375]
T1,0,1,22,1
T2,1,0,200,1
T3,2,0,194,16
T4,3,1,98,2
[376]
T1,0,0,153,3
T2,1,0,200,12
T3,2,0,67,5
T4,3,1,54,2
[377]
T1,0,0,38,1
T2,1,1,200,8
T3,2,0,150,17
T4,3,0,132,1
[378]
T1,0,0,154,2
T2,1,0,110,5
T3,2,1,200,15
T4,3,0,46,2
[379]
T1,0,0,93,2
T2,1,0,196,4
T3,2,0,200,12
T4,3,0,32,2
[380]
T1,0,1,200,5
T2,1,1,83,8
T3,2,1,33,2
T4,3,0,195,13
[381]
T1,0,1,100,3
T2,1,1,48,1
T3,2,1,200,25
T4,3,1,198,2
[382]
T1,0,0,151,17
T2,1,1,27,2
T3,2,1,200,3
T4,3,1,99,6
[383]
T1,0,0,193,1
T2,1,1,76,2
T3,2,0,30,1
T4,3,1,200,22
[384]
T1,0,0,200,25
T2,1,1,168,4
T3,2,0,78,2
T4,3,0,42,2
[385]
T1,0,1,180,27
T2,1,1,200,6
T3,2,0,124,2
T4,3,1,26,2
[386]
T1,0,0,151,10
T2,1,0,21,1
T3,2,1,200,5
T4,3,0,118,4
[387]
T1,0,0,55,2
T2,1,0,173,9
T3,2,0,200,3
T4,3,1,50,5
[388]
T1,0,1,48,1
T2,1,1,200,3
T3,2,1,173,15
T4,3,1,119,7
[389]
T1,0,1,200,1
T2,1,0,150,11
T3,2,0,140,2
T4,3,0,49,5
[390]
T1,0,0,200,2
T2,1,0,68,2
T3,2,0,37,4
T4,3,0,165,4
[391]
T1,0,1,154,6
T2,1,1,81,4
T3,2,0,200,2
T4,3,1,39,3
[392]
T1,0,1,104,8
T2,1,1,190,11
T3,2,1,48,1
T4,3,1,200,7
[393]
T1,0,1,200,2
T2,1,1,165,3
T3,2,0,65,10
T4,3,1,49,2
[394]
T1,0,0,200,9
T2,1,0,148,4
T3,2,0,36,2
T4,3,1,103,5
[395]
T1,0,1,200,7
T2,1,1,85,9
T3,2,0,35,1
T4,3,1,189,2
[396]
T1,0,1,107,7
T2,1,0,200,8
T3,2,1,162,14
T4,3,0,53,2
[397]
T1,0,1,200,4
T2,1,0,185,23
T3,2,0,54,2
T4,3,1,88,2
[398]
T1,0,1,160,6
T2,1,1,200,3
T3,2,0,105,10
T4,3,0,24,2
[399]
T1,0,1,195,4
T2,1,1,50,2
T3,2,0,85,5
T4,3,0,200,22
[400]
T1,0,0,135,12
T2,1,0,48,1
T3,2,1,200,1
T4,3,0,194,13
[401]
T1,0,1,200,6
T2,1,0,30,2
T3,2,0,176,13
T4,3,1,89,1
[402]
T1,0,1,200,21
T2,1,1,100,1
T3,2,0,34,1
T4,3,0,170,3
[403]
T1,0,1,31,1
T2,1,0,138,8
T3,2,0,182,5
T4,3,1,200,11
[404]
T1,0,0,75,6
T2,1,1,200,3
T3,2,1,44,2
T4,3,0,182,10
[405]
T1,0,1,125,1
T2,1,0,200,32
T3,2,0,168,1
T4,3,1,29,2
[406]
T1,0,0,200,19
T2,1,1,35,1
T3,2,1,186,3
T4,3,1,118,4
[407]
T1,0,1,80,2
T2,1,1,200,21
T3,2,0,199,7
T4,3,1,26,1
[408]
T1,0,1,135,2
T2,1,1,35,2
T3,2,1,153,21
T4,3,0,200,5
[409]
T1,0,0,43,2
T2,1,1,113,1
T3,2,0,196,17
T4,3,0,200,18
[410]
T1,0,1,186,2
T2,1,0,31,2
T3,2,0,133,8
T4,3,1,200,23
[411]
T1,0,1,200,8
T2,1,1,129,16
T3,2,1,182,3
T4,3,0,38,2
[412]
T1,0,1,151,6
T2,1,1,32,2
T3,2,1,200,9
T4,3,0,96,3
[413]
T1,0,1,105,2
T2,1,0,170,8
T3,2,1,200,13
T4,3,0,34,2
[414]
T1,0,0,63,2
T2,1,1,200,1
T3,2,0,25,1
T4,3,0,172,16
[415]
T1,0,1,194,4
T2,1,0,127,5
T3,2,0,24,2
T4,3,0,200,18
[416]
T1,0,1,22,2
T2,1,1,200,6
T3,2,0,151,8
T4,3,0,104,8
[417]
T1,0,0,42,3
T2,1,0,63,1
T3,2,0,152,10
T4,3,0,200,4
[418]
T1,0,0,200,2
T2,1,1,44,1
T3,2,0,180,13
T4,3,0,116,9
[419]
T1,0,0,124,14
T2,1,1,200,4
T3,2,0,148,4
T4,3,1,32,2
[420]
T1,0,0,33,2
T2,1,1,195,2
T3,2,0,127,1
T4,3,0,200,32
[421]
T1,0,1,81,2
T2,1,0,194,3
T3,2,1,52,3
T4,3,0,200,21
[422]
T1,0,1,189,6
T2,1,0,200,5
T3,2,1,36,3
T4,3,0,76,3
[423]
T1,0,0,188,8
T2,1,1,62,2
T3,2,0,50,1
T4,3,1,200,17
[424]
T1,0,0,157,6
T2,1,0,200,11
T3,2,0,31,1
T4,3,0,108,6
[425]
T1,0,0,163,7
T2,1,1,200,3
T3,2,0,127,12
T4,3,0,48,1
[426]
T1,0,1,195,11
T2,1,0,81,4
T3,2,0,51,2
T4,3,0,200,14
[427]
T1,0,1,124,4
T2,1,0,47,5
T3,2,1,200,2
T4,3,0,192,6
[428]
T1,0,0,139,11
T2,1,1,44,2
T3,2,0,154,7
T4,3,1,200,2
[429]
T1,0,1,200,21
T2,1,0,38,1
T3,2,0,181,2
T4,3,0,80,3
[430]
T1,0,1,200,9
T2,1,0,172,2
T3,2,1,89,12
T4,3,1,31,2
[431]
T1,0,0,103,5
T2,1,1,28,3
T3,2,1,162,2
T4,3,1,200,3
[432]
T1,0,0,177,15
T2,1,1,42,2
T3,2,1,98,3
T4,3,1,200,4
[433]
T1,0,0,200,11
T2,1,0,144,14
T3,2,1,26,2
T4,3,0,184,5
[434]
T1,0,0,200,21
T2,1,0,150,10
T3,2,1,20,2
T4,3,0,93,1
[435]
T1,0,0,139,1
T2,1,1,195,4
T3,2,1,200,15
T4,3,1,41,3
[436]
T1,0,0,40,1
T2,1,0,200,19
T3,2,0,159,9
T4,3,0,141,2
[437]
T1,0,1,164,4
T2,1,1,200,12
T3,2,0,39,3
T4,3,1,58,1
[438]
T1,0,1,141,5
T2,1,1,38,4
T3,2,0,200,4
T4,3,0,175,2
[439]
T1,0,0,62,1
T2,1,0,200,9
T3,2,1,35,1
T4,3,1,187,15
[440]
T1,0,0,200,20
T2,1,0,54,4
T3,2,0,173,2
T4,3,0,94,1
[441]
T1,0,1,32,1
T2,1,0,67,3
T3,2,0,155,6
T4,3,0,200,12
[442]
T1,0,1,25,2
T2,1,1,170,16
T3,2,1,56,3
T4,3,0,200,2
[443]
T1,0,0,106,4
T2,1,0,23,1
T3,2,0,200,3
T4,3,0,193,11
[444]
T1,0,1,174,6
T2,1,0,42,1
T3,2,1,63,5
T4,3,1,200,7
[445]
T1,0,1,140,7
T2,1,1,39,2
T3,2,0,200,23
T4,3,0,171,2
[446]
T1,0,0,41,2
T2,1,0,200,1
T3,2,1,93,1
T4,3,1,180,29
[447]
T1,0,1,71,1
T2,1,0,26,2
T3,2,0,158,5
T4,3,1,200,23
[448]
T1,0,0,200,1
T2,1,1,172,6
T3,2,0,47,4
T4,3,0,70,4
[449]
T1,0,0,125,13
T2,1,0,159,3
T3,2,1,200,6
T4,3,1,51,1
[450]
T1,0,1,143,2
T2,1,0,200,6
T3,2,0,33,4
T4,3,1,175,3
[451]
T1,0,0,94,7
T2,1,1,27,2
T3,2,0,200,6
T4,3,1,165,10
[452]
T1,0,1,124,6
T2,1,0,24,2
T3,2,1,200,6
T4,3,1,151,15
[453]
T1,0,1,160,12
T2,1,0,91,1
T3,2,0,24,2
T4,3,1,200,14
[454]
T1,0,0,155,5
T2,1,0,200,10
T3,2,0,145,2
T4,3,0,30,3
[455]
T1,0,1,166,6
T2,1,1,79,2
T3,2,0,200,17
T4,3,1,27,1
[456]
T1,0,1,94,10
T2,1,1,44,2
T3,2,1,200,5
T4,3,0,176,9
[457]
T1,0,1,59,1
T2,1,1,195,2
T3,2,0,200,11
T4,3,0,37,3
[458]
T1,0,0,194,11
T2,1,1,45,1
T3,2,1,85,2
T4,3,0,200,20
[459]
T1,0,0,70,2
T2,1,1,192,12
T3,2,0,42,1
T4,3,1,200,17
[460]
T1,0,0,83,2
T2,1,1,27,1
T3,2,0,200,17
T4,3,0,178,8
[461]
T1,0,1,96,5
T2,1,1,148,16
T3,2,1,200,5
T4,3,0,46,2
[462]
T1,0,1,188,6
T2,1,0,40,3
T3,2,1,200,12
T4,3,1,89,2
[463]
T1,0,1,39,2
T2,1,1,195,4
T3,2,1,200,26
T4,3,0,64,2
[464]
T1,0,1,176,11
T2,1,0,42,2
T3,2,1,200,7
T4,3,1,140,12
[465]
T1,0,0,39,1
T2,1,0,123,6
T3,2,0,185,11
T4,3,1,200,8
[466]
T1,0,0,200,5
T2,1,1,167,19
T3,2,0,46,1
T4,3,0,109,1
[467]
T1,0,1,35,2
T2,1,1,200,15
T3,2,1,94,2
T4,3,0,168,13
[468]
T1,0,0,148,2
T2,1,1,200,23
T3,2,1,50,1
T4,3,1,127,5
[469]
T1,0,0,200,27
T2,1,0,33,2
T3,2,1,178,8
T4,3,0,65,2
[470]
T1,0,1,200,11
T2,1,1,166,4
T3,2,0,37,1
T4,3,1,100,7
[471]
T1,0,0,44,1
T2,1,1,155,5
T3,2,1,200,23
T4,3,0,111,2
[472]
T1,0,0,63,3
T2,1,1,200,1
T3,2,1,51,2
T4,3,0,170,21
[473]
T1,0,0,160,9
T2,1,1,77,1
T3,2,0,200,3
T4,3,0,21,2
[474]
T1,0,0,138,3
T2,1,0,200,21
T3,2,0,195,3
T4,3,1,22,1
[475]
T1,0,1,61,1
T2,1,0,34,3
T3,2,0,164,5
T4,3,1,200,8
[476]
T1,0,0,195,8
T2,1,0,109,1
T3,2,1,200,21
T4,3,1,47,1
[477]
T1,0,1,36,2
T2,1,1,192,16
T3,2,0,118,7
T4,3,1,200,7
[478]
T1,0,0,32,1
T2,1,1,158,22
T3,2,0,200,3
T4,3,1,115,2
[479]
T1,0,1,200,32
T2,1,0,24,2
T3,2,1,97,2
T4,3,1,197,5
[480]
T1,0,0,88,1
T2,1,0,33,2
T3,2,1,160,24
T4,3,1,200,3
[481]
T1,0,1,200,30
T2,1,1,168,2
T3,2,1,45,2
T4,3,1,107,2
[482]
T1,0,0,127,6
T2,1,0,154,16
T3,2,0,53,1
T4,3,1,200,3
[483]
T1,0,0,141,5
T2,1,0,179,11
T3,2,1,200,19
T4,3,1,23,2
[484]
T1,0,1,40,2
T2,1,0,200,1
T3,2,0,180,7
T4,3,1,121,11
[485]
T1,0,0,33,2
T2,1,1,200,19
T3,2,0,80,2
T4,3,0,183,8
[486]
T1,0,0,200,7
T2,1,0,23,2
T3,2,0,129,6
T4,3,0,154,13
[487]
T1,0,1,165,26
T2,1,1,25,2
T3,2,0,66,2
T4,3,1,200,3
[488]
T1,0,0,93,1
T2,1,0,185,2
T3,2,1,200,10
T4,3,0,47,5
[489]
T1,0,0,200,10
T2,1,1,125,2
T3,2,0,189,5
T4,3,1,54,5
[490]
T1,0,1,154,3
T2,1,1,200,10
T3,2,0,145,7
T4,3,1,22,1
[491]
T1,0,1,171,13
T2,1,1,115,2
T3,2,0,200,19
T4,3,1,38,2
[492]
T1,0,1,184,8
T2,1,1,200,3
T3,2,0,27,2
T4,3,1,121,4
[493]
T1,0,0,158,1
T2,1,0,98,13
T3,2,1,200,7
T4,3,0,21,2
[494]
T1,0,0,200,4
T2,1,0,46,4
T3,2,0,197,13
T4,3,0,61,2
[495]
T1,0,0,160,8
T2,1,0,105,7
T3,2,0,200,5
T4,3,1,40,2
[496]
T1,0,1,200,3
T2,1,0,191,14
T3,2,1,95,4
T4,3,0,25,1
[497]
T1,0,1,200,13
T2,1,1,44,2
T3,2,1,149,2
T4,3,0,97,4
[498]
T1,0,0,50,2
T2,1,0,200,1
T3,2,0,96,12
T4,3,1,150,7
[499]
T1,0,1,200,30
T2,1,1,98,1
T3,2,1,162,4
T4,3,0,40,2
[500]
T1,0,0,200,2
T2,1,1,39,4
T3,2,0,110,1
T4,3,1,196,11
