num_task_per_taskset=4
num_taskset=500
//ID,Priority,Offset,Period,Execution Time
[1]
T1,0,0,112,2
T2,1,1,34,3
T3,2,1,200,2
T4,3,0,183,9
[2]
T1,0,0,25,2
T2,1,0,94,2
T3,2,0,200,10
T4,3,1,167,5
[3]
T1,0,1,94,1
T2,1,1,178,7
T3,2,0,46,2
T4,3,1,200,25
[4]
T1,0,0,39,2
T2,1,1,185,7
T3,2,1,78,4
T4,3,1,200,7
[5]
T1,0,0,182,16
T2,1,1,45,2
T3,2,0,200,17
T4,3,0,127,1
[6]
T1,0,0,40,2
T2,1,0,185,12
T3,2,1,118,1
T4,3,0,200,9
[7]
T1,0,1,200,5
T2,1,0,65,6
T3,2,1,40,3
T4,3,0,194,2
[8]
T1,0,1,81,2
T2,1,1,37,2
T3,2,0,200,13
T4,3,1,195,19
[9]
T1,0,0,35,4
T2,1,0,180,2
T3,2,1,84,1
T4,3,0,200,6
[10]
T1,0,1,164,19
T2,1,0,200,8
T3,2,0,66,1
T4,3,1,27,2
[11]
T1,0,1,35,1
T2,1,1,134,11
T3,2,1,200,2
T4,3,1,150,11
[12]
T1,0,1,200,16
T2,1,1,95,8
T3,2,1,41,2
T4,3,1,184,3
[13]
T1,0,0,166,11
T2,1,1,127,10
T3,2,1,200,1
T4,3,1,38,1
[14]
T1,0,1,200,23
T2,1,1,28,2
T3,2,1,166,9
T4,3,0,88,1
[15]
T1,0,0,200,6
T2,1,1,87,6
T3,2,1,34,2
T4,3,1,199,18
[16]
T1,0,0,149,8
T2,1,0,200,2
T3,2,1,124,15
T4,3,1,27,2
[17]
T1,0,0,99,6
T2,1,0,47,2
T3,2,0,200,11
T4,3,1,172,5
[18]
T1,0,1,200,6
T2,1,1,156,18
T3,2,0,49,1
T4,3,0,127,1
[19]
T1,0,0,200,3
T2,1,1,43,1
T3,2,0,196,1
T4,3,0,134,17
[20]
T1,0,1,112,11
T2,1,0,49,2
T3,2,0,148,11
T4,3,1,200,2
[21]
T1,0,1,200,1
T2,1,1,43,2
T3,2,1,165,20
T4,3,1,78,5
[22]
T1,0,0,68,1
T2,1,0,34,2
T3,2,0,200,15
T4,3,0,167,2
[23]
T1,0,1,20,2
T2,1,0,148,10
T3,2,1,200,9
T4,3,0,93,7
[24]
T1,0,1,162,8
T2,1,0,200,3
T3,2,0,56,1
T4,3,1,29,2
[25]
T1,0,0,162,6
T2,1,1,76,8
T3,2,1,200,5
T4,3,1,23,2
[26]
T1,0,1,200,24
T2,1,1,182,6
T3,2,1,34,2
T4,3,0,62,1
[27]
T1,0,0,33,3
T2,1,1,200,1
T3,2,1,166,2
T4,3,1,128,10
[28]
T1,0,0,95,4
T2,1,1,190,10
T3,2,0,200,10
T4,3,1,40,1
[29]
T1,0,0,24,2
T2,1,0,200,2
T3,2,0,106,11
T4,3,1,150,9
[30]
T1,0,0,200,2
T2,1,0,128,1
T3,2,0,44,5
T4,3,0,189,12
[31]
T1,0,1,46,3
T2,1,0,102,4
T3,2,0,180,13
T4,3,1,200,1
[32]
T1,0,0,150,3
T2,1,1,94,3
T3,2,0,200,1
T4,3,0,43,5
[33]
T1,0,1,185,9
T2,1,0,49,4
T3,2,1,200,4
T4,3,0,74,1
[34]
T1,0,0,45,4
T2,1,1,67,2
T3,2,0,171,9
T4,3,0,200,9
[35]
T1,0,0,200,21
T2,1,1,23,2
T3,2,1,120,4
T4,3,0,168,6
[36]
T1,0,0,200,2
T2,1,0,78,2
T3,2,1,24,4
T4,3,0,159,1
[37]
T1,0,1,35,2
T2,1,0,200,22
T3,2,0,110,3
T4,3,1,154,7
[38]
T1,0,1,200,9
T2,1,0,31,2
T3,2,1,151,2
T4,3,1,114,6
[39]
T1,0,0,49,5
T2,1,0,189,4
T3,2,0,200,1
T4,3,0,56,3
[40]
T1,0,1,200,7
T2,1,1,119,12
T3,2,0,150,7
T4,3,1,53,2
[41]
T1,0,1,111,11
T2,1,0,181,6
T3,2,0,40,2
T4,3,0,200,8
[42]
T1,0,1,48,2
T2,1,0,181,11
T3,2,0,84,3
T4,3,1,200,9
[43]
T1,0,1,108,5
T2,1,0,54,3
T3,2,0,168,11
T4,3,1,200,2
[44]
T1,0,1,186,18
T2,1,0,146,1
T3,2,0,200,11
T4,3,1,48,1
[45]
T1,0,1,38,1
T2,1,0,112,2
T3,2,1,200,5
T4,3,1,153,15
[46]
T1,0,1,21,2
T2,1,1,200,1
T3,2,0,116,6
T4,3,1,180,16
[47]
T1,0,0,52,4
T2,1,1,163,10
T3,2,0,200,2
T4,3,1,55,2
[48]
T1,0,0,137,4
T2,1,1,45,1
T3,2,1,148,17
T4,3,1,200,4
[49]
T1,0,0,192,35
T2,1,1,200,1
T3,2,0,53,2
T4,3,0,102,2
[50]
T1,0,0,200,17
T2,1,0,30,2
T3,2,0,119,5
T4,3,1,148,8
[51]
T1,0,1,42,2
T2,1,0,152,6
T3,2,0,97,9
T4,3,1,200,2
[52]
T1,0,1,117,9
T2,1,0,200,3
T3,2,1,31,1
T4,3,0,153,10
[53]
T1,0,1,23,1
T2,1,1,200,12
T3,2,1,118,3
T4,3,0,185,7
[54]
T1,0,0,141,11
T2,1,1,36,2
T3,2,1,200,11
T4,3,0,161,2
[55]
T1,0,0,63,5
T2,1,1,51,2
T3,2,0,200,4
T4,3,1,176,8
[56]
T1,0,1,169,4
T2,1,1,81,7
T3,2,0,24,2
T4,3,0,200,13
[57]
T1,0,0,200,13
T2,1,0,143,13
T3,2,0,23,2
T4,3,1,168,1
[58]
T1,0,1,183,3
T2,1,1,200,14
T3,2,0,110,5
T4,3,0,42,2
[59]
T1,0,0,196,7
T2,1,1,36,2
T3,2,0,133,7
T4,3,0,200,17
[60]
T1,0,1,159,21
T2,1,0,200,4
T3,2,0,65,1
T4,3,1,53,1
[61]
T1,0,1,158,5
T2,1,1,72,2
T3,2,0,200,8
T4,3,0,24,1
[62]
T1,0,0,69,3
T2,1,0,48,3
T3,2,1,200,5
T4,3,0,182,6
[63]
T1,0,1,100,10
T2,1,0,200,8
T3,2,1,160,3
T4,3,1,35,1
[64]
T1,0,0,70,2
T2,1,1,200,5
T3,2,0,37,4
T4,3,0,198,7
[65]
T1,0,0,33,2
T2,1,0,196,20
T3,2,1,133,1
T4,3,0,200,4
[66]
T1,0,0,200,13
T2,1,1,48,2
T3,2,1,143,15
T4,3,1,194,3
[67]
T1,0,1,200,4
T2,1,0,39,2
T3,2,0,130,7
T4,3,0,195,12
[68]
T1,0,0,126,1
T2,1,1,23,1
T3,2,0,200,3
T4,3,0,198,21
[69]
T1,0,1,23,2
T2,1,0,200,3
T3,2,1,178,7
T4,3,1,85,1
[70]
T1,0,0,78,2
T2,1,0,27,2
T3,2,1,174,13
T4,3,1,200,13
[71]
T1,0,1,123,3
T2,1,0,200,18
T3,2,0,40,2
T4,3,1,158,2
[72]
T1,0,0,25,2
T2,1,0,72,1
T3,2,1,174,1
T4,3,1,200,16
[73]
T1,0,1,200,8
T2,1,0,62,2
T3,2,1,42,5
T4,3,0,164,2
[74]
T1,0,0,21,2
T2,1,1,200,14
T3,2,1,57,2
T4,3,1,161,18
[75]
T1,0,1,69,2
T2,1,0,33,3
T3,2,0,200,3
T4,3,1,154,9
[76]
T1,0,0,138,2
T2,1,0,200,19
T3,2,1,52,2
T4,3,0,187,8
[77]
T1,0,0,112,11
T2,1,1,159,11
T3,2,0,32,2
T4,3,1,200,1
[78]
T1,0,1,200,2
T2,1,0,192,9
T3,2,0,79,8
T4,3,0,46,1
[79]
T1,0,1,170,4
T2,1,1,143,5
T3,2,1,50,6
T4,3,1,200,2
[80]
T1,0,1,24,2
T2,1,1,113,4
T3,2,1,200,6
T4,3,1,163,5
[81]
T1,0,1,200,7
T2,1,1,48,1
T3,2,1,171,12
T4,3,1,116,7
[82]
T1,0,0,102,1
T2,1,0,186,13
T3,2,1,200,4
T4,3,0,28,2
[83]
T1,0,1,46,1
T2,1,1,200,5
T3,2,1,195,22
T4,3,1,82,2
[84]
T1,0,1,20,1
T2,1,1,200,24
T3,2,0,98,2
T4,3,1,188,4
[85]
T1,0,1,200,5
T2,1,1,164,18
T3,2,1,52,2
T4,3,0,94,1
[86]
T1,0,1,192,3
T2,1,1,54,6
T3,2,0,65,3
T4,3,1,200,3
[87]
T1,0,0,154,3
T2,1,0,116,11
T3,2,0,200,9
T4,3,0,27,2
[88]
T1,0,1,168,19
T2,1,0,58,2
T3,2,0,33,2
T4,3,1,200,2
[89]
T1,0,0,181,12
T2,1,0,25,2
T3,2,0,200,9
T4,3,1,115,7
[90]
T1,0,1,141,2
T2,1,0,200,10
T3,2,0,182,26
T4,3,1,23,2
[91]
T1,0,1,51,2
T2,1,1,200,2
T3,2,1,154,24
T4,3,1,58,2
[92]
T1,0,0,192,2
T2,1,1,96,8
T3,2,0,200,12
T4,3,0,40,1
[93]
T1,0,1,106,1
T2,1,1,186,1
T3,2,1,200,2
T4,3,1,32,5
[94]
T1,0,0,84,2
T2,1,1,22,1
T3,2,1,200,3
T4,3,1,151,17
[95]
T1,0,1,174,9
T2,1,1,139,10
T3,2,0,200,2
T4,3,1,21,1
[96]
T1,0,1,200,8
T2,1,0,32,2
T3,2,0,164,2
T4,3,0,81,5
[97]
T1,0,0,135,8
T2,1,0,200,21
T3,2,0,21,2
T4,3,0,169,2
[98]
T1,0,0,175,2
T2,1,0,200,24
T3,2,0,53,1
T4,3,1,66,3
[99]
T1,0,0,76,5
T2,1,0,164,11
T3,2,1,200,9
T4,3,1,27,2
[100]
T1,0,0,200,2
T2,1,1,21,1
T3,2,1,116,12
T4,3,0,173,2
[101]
T1,0,0,199,2
T2,1,0,200,2
T3,2,1,22,2
T4,3,0,131,5
[102]
T1,0,1,121,7
T2,1,1,198,17
T3,2,1,200,10
T4,3,0,32,2
[103]
T1,0,0,197,5
T2,1,0,117,1
T3,2,0,200,22
T4,3,1,42,2
[104]
T1,0,0,33,1
T2,1,1,73,6
T3,2,0,177,2
T4,3,0,200,11
[105]
T1,0,1,128,15
T2,1,0,178,5
T3,2,1,200,8
T4,3,1,38,2
[106]
T1,0,0,40,1
T2,1,0,200,2
T3,2,1,91,7
T4,3,1,196,13
[107]
T1,0,0,200,4
T2,1,1,27,3
T3,2,1,163,4
T4,3,0,89,1
[108]
T1,0,0,195,2
T2,1,0,108,12
T3,2,0,200,10
T4,3,1,52,1
[109]
T1,0,1,45,1
T2,1,0,200,26
T3,2,0,151,2
T4,3,0,101,2
[110]
T1,0,1,43,3
T2,1,1,188,16
T3,2,0,200,2
T4,3,0,93,2
[111]
T1,0,0,95,2
T2,1,1,36,4
T3,2,1,200,8
T4,3,1,169,1
[112]
T1,0,1,27,2
T2,1,0,200,1
T3,2,0,164,25
T4,3,1,121,4
[113]
T1,0,0,106,2
T2,1,0,200,2
T3,2,0,168,8
T4,3,0,53,7
[114]
T1,0,0,99,12
T2,1,1,32,2
T3,2,0,200,12
T4,3,1,190,2
[115]
T1,0,1,94,4
T2,1,0,26,2
T3,2,0,200,2
T4,3,1,178,24
[116]
T1,0,1,24,1
T2,1,1,132,11
T3,2,0,200,2
T4,3,0,155,8
[117]
T1,0,0,126,3
T2,1,0,29,1
T3,2,0,151,2
T4,3,1,200,20
[118]
T1,0,1,61,4
T2,1,0,200,1
T3,2,0,48,4
T4,3,0,182,3
[119]
T1,0,0,175,3
T2,1,0,44,1
T3,2,0,200,23
T4,3,0,96,3
[120]
T1,0,0,162,1
T2,1,1,23,1
T3,2,0,113,10
T4,3,0,200,4
[121]
T1,0,0,27,2
T2,1,1,200,27
T3,2,1,100,4
T4,3,1,153,2
[122]
T1,0,1,200,2
T2,1,1,147,5
T3,2,0,93,3
T4,3,1,36,4
[123]
T1,0,0,175,20
T2,1,1,120,2
T3,2,1,200,10
T4,3,1,44,1
[124]
T1,0,0,200,6
T2,1,1,43,4
T3,2,0,75,3
T4,3,1,174,3
[125]
T1,0,1,43,2
T2,1,1,78,8
T3,2,0,200,8
T4,3,0,182,3
[126]
T1,0,0,142,4
T2,1,0,33,3
T3,2,0,200,7
T4,3,1,152,5
[127]
T1,0,1,200,2
T2,1,1,35,3
T3,2,0,195,2
T4,3,1,93,7
[128]
T1,0,1,142,5
T2,1,1,27,2
T3,2,1,200,2
T4,3,0,194,16
[129]
T1,0,1,200,3
T2,1,0,26,2
T3,2,0,152,16
T4,3,1,54,1
[130]
T1,0,0,200,2
T2,1,1,99,6
T3,2,1,48,5
T4,3,0,169,2
[131]
T1,0,1,122,4
T2,1,0,21,1
T3,2,0,163,4
T4,3,1,200,10
[132]
T1,0,0,123,5
T2,1,0,200,2
T3,2,1,50,3
T4,3,1,165,12
[133]
T1,0,0,200,2
T2,1,0,27,2
T3,2,1,194,25
T4,3,1,75,2
[134]
T1,0,1,200,4
T2,1,1,127,12
T3,2,1,26,2
T4,3,0,185,2
[135]
T1,0,0,55,2
T2,1,1,176,2
T3,2,1,53,4
T4,3,0,200,9
[136]
T1,0,1,111,3
T2,1,1,190,5
T3,2,0,200,24
T4,3,0,34,2
[137]
T1,0,1,200,3
T2,1,1,182,2
T3,2,1,26,2
T4,3,1,93,6
[138]
T1,0,1,39,2
T2,1,1,180,2
T3,2,0,200,17
T4,3,0,129,10
[139]
T1,0,0,200,31
T2,1,1,173,6
T3,2,1,61,2
T4,3,0,38,2
[140]
T1,0,0,124,7
T2,1,1,200,7
T3,2,0,150,1
T4,3,1,46,4
[141]
T1,0,1,194,1
T2,1,0,28,2
T3,2,0,96,5
T4,3,1,200,21
[142]
T1,0,0,58,4
T2,1,0,200,5
T3,2,1,35,2
T4,3,0,150,9
[143]
T1,0,1,114,6
T2,1,1,164,9
T3,2,0,200,12
T4,3,1,27,2
[144]
T1,0,0,182,13
T2,1,1,200,4
T3,2,1,122,5
T4,3,1,36,1
[145]
T1,0,0,200,3
T2,1,0,36,1
T3,2,0,151,14
T4,3,1,82,3
[146]
T1,0,0,155,10
T2,1,1,133,7
T3,2,0,28,1
T4,3,0,200,4
[147]
T1,0,1,200,2
T2,1,1,185,2
T3,2,0,30,4
T4,3,0,93,3
[148]
T1,0,0,31,2
T2,1,0,130,17
T3,2,1,200,5
T4,3,1,172,3
[149]
T1,0,1,113,6
T2,1,0,200,6
T3,2,1,41,4
T4,3,1,180,2
[150]
T1,0,0,170,2
T2,1,0,98,6
T3,2,0,50,4
T4,3,0,200,7
[151]
T1,0,1,109,1
T2,1,1,174,1
T3,2,0,51,6
T4,3,1,200,9
[152]
T1,0,0,105,8
T2,1,1,192,4
T3,2,1,20,1
T4,3,1,200,5
[153]
T1,0,0,106,2
T2,1,1,200,11
T3,2,0,157,12
T4,3,0,46,2
[154]
T1,0,0,26,2
T2,1,0,200,7
T3,2,0,62,2
T4,3,0,159,20
[155]
T1,0,0,165,15
T2,1,1,35,2
T3,2,1,123,4
T4,3,1,200,9
[156]
T1,0,1,177,3
T2,1,1,200,2
T3,2,0,137,19
T4,3,1,26,1
[157]
T1,0,1,78,1
T2,1,0,200,1
T3,2,1,194,21
T4,3,0,41,2
[158]
T1,0,1,40,4
T2,1,1,200,17
T3,2,0,108,2
T4,3,0,161,2
[159]
T1,0,0,200,1
T2,1,0,44,6
T3,2,0,186,8
T4,3,0,74,2
[160]
T1,0,0,128,4
T2,1,0,200,1
T3,2,1,181,15
T4,3,1,38,2
[161]
T1,0,0,70,2
T2,1,1,46,1
T3,2,0,186,7
T4,3,1,200,24
[162]
T1,0,1,200,20
T2,1,0,81,2
T3,2,0,43,2
T4,3,0,156,2
[163]
T1,0,1,182,18
T2,1,0,200,2
T3,2,1,46,2
T4,3,0,146,10
[164]
T1,0,0,151,2
T2,1,1,139,3
T3,2,1,20,1
T4,3,0,200,19
[165]
T1,0,1,105,4
T2,1,1,186,11
T3,2,1,44,1
T4,3,1,200,10
[166]
T1,0,0,155,3
T2,1,0,84,9
T3,2,0,25,2
T4,3,1,200,12
[167]
T1,0,0,180,4
T2,1,0,32,1
T3,2,1,122,3
T4,3,1,200,22
[168]
T1,0,1,200,8
T2,1,0,38,2
T3,2,1,96,3
T4,3,1,191,7
[169]
T1,0,1,48,1
T2,1,1,103,6
T3,2,1,175,2
T4,3,0,200,17
[170]
T1,0,0,142,2
T2,1,0,200,27
T3,2,0,34,2
T4,3,0,186,4
[171]
T1,0,1,31,2
T2,1,0,101,2
T3,2,0,149,15
T4,3,0,200,2
[172]
T1,0,0,139,3
T2,1,1,200,2
T3,2,1,164,13
T4,3,1,50,4
[173]
T1,0,1,78,10
T2,1,1,161,5
T3,2,1,31,2
T4,3,1,200,2
[174]
T1,0,1,38,1
T2,1,1,159,2
T3,2,0,59,8
T4,3,0,200,2
[175]
T1,0,1,172,20
T2,1,1,200,4
T3,2,1,54,2
T4,3,1,132,5
[176]
T1,0,1,159,16
T2,1,1,200,7
T3,2,1,20,2
T4,3,1,57,1
[177]
T1,0,0,200,4
T2,1,0,42,2
T3,2,1,58,2
T4,3,1,170,18
[178]
T1,0,0,98,11
T2,1,1,163,5
T3,2,1,200,2
T4,3,1,46,2
[179]
T1,0,1,124,5
T2,1,0,200,1
T3,2,0,53,2
T4,3,1,150,21
[180]
T1,0,0,200,1
T2,1,1,111,5
T3,2,0,149,2
T4,3,1,32,4
[181]
T1,0,0,29,1
T2,1,1,200,17
T3,2,0,160,2
T4,3,1,75,2
[182]
T1,0,0,150,5
T2,1,0,200,4
T3,2,1,49,2
T4,3,0,85,7
[183]
T1,0,1,43,1
T2,1,0,186,14
T3,2,0,200,15
T4,3,0,84,2
[184]
T1,0,0,33,4
T2,1,1,92,1
T3,2,0,159,5
T4,3,0,200,4
[185]
T1,0,1,125,12
T2,1,0,177,11
T3,2,0,32,2
T4,3,1,200,1
[186]
T1,0,1,27,1
T2,1,1,184,18
T3,2,0,200,7
T4,3,1,106,2
[187]
T1,0,0,200,4
T2,1,0,149,18
T3,2,0,38,1
T4,3,0,73,1
[188]
T1,0,0,200,13
T2,1,1,89,6
T3,2,0,37,2
T4,3,1,198,8
[189]
T1,0,1,72,4
T2,1,1,184,10
T3,2,1,200,11
T4,3,0,35,2
[190]
T1,0,0,37,4
T2,1,0,87,2
T3,2,0,184,4
T4,3,0,200,11
[191]
T1,0,1,200,3
T2,1,0,171,10
T3,2,1,74,4
T4,3,0,30,1
[192]
T1,0,0,175,20
T2,1,0,200,2
T3,2,0,30,2
T4,3,1,60,3
[193]
T1,0,1,131,2
T2,1,0,200,14
T3,2,0,27,2
T4,3,1,190,20
[194]
T1,0,0,175,3
T2,1,1,44,2
T3,2,1,200,27
T4,3,1,62,1
[195]
T1,0,0,46,2
T2,1,0,180,1
T3,2,1,113,6
T4,3,1,200,25
[196]
T1,0,1,200,2
T2,1,1,184,3
T3,2,1,53,8
T4,3,0,59,2
[197]
T1,0,0,38,2
T2,1,0,57,2
T3,2,1,200,31
T4,3,1,182,2
[198]
T1,0,0,60,2
T2,1,0,40,2
T3,2,1,200,1
T4,3,1,165,19
[199]
T1,0,1,200,1
T2,1,1,45,3
T3,2,1,184,7
T4,3,1,142,11
[200]
T1,0,0,51,2
T2,1,0,200,5
T3,2,1,88,13
T4,3,1,154,3
[201]
T1,0,1,166,11
T2,1,0,105,5
T3,2,0,38,2
T4,3,1,200,13
[202]
T1,0,0,200,10
T2,1,0,28,2
T3,2,0,111,2
T4,3,0,176,3
[203]
T1,0,0,117,10
T2,1,1,27,2
T3,2,1,200,14
T4,3,0,182,4
[204]
T1,0,1,157,1
T2,1,1,200,32
T3,2,0,40,2
T4,3,1,71,2
[205]
T1,0,0,200,11
T2,1,0,126,10
T3,2,0,44,2
T4,3,0,156,2
[206]
T1,0,1,184,20
T2,1,0,42,2
T3,2,1,200,2
T4,3,0,124,2
[207]
T1,0,0,53,2
T2,1,0,180,10
T3,2,1,200,5
T4,3,1,72,4
[208]
T1,0,0,62,2
T2,1,1,190,16
T3,2,0,200,10
T4,3,1,36,1
[209]
T1,0,1,174,6
T2,1,1,81,2
T3,2,0,200,25
T4,3,1,49,2
[210]
T1,0,0,72,4
T2,1,0,30,2
T3,2,0,156,18
T4,3,0,200,2
[211]
T1,0,0,200,5
T2,1,1,165,6
T3,2,0,31,3
T4,3,1,131,2
[212]
T1,0,1,193,2
T2,1,1,200,6
T3,2,0,40,3
T4,3,1,133,11
[213]
T1,0,0,177,2
T2,1,1,200,2
T3,2,1,140,22
T4,3,1,52,1
[214]
T1,0,1,189,12
T2,1,0,134,2
T3,2,0,200,5
T4,3,0,30,2
[215]
T1,0,0,22,2
T2,1,1,200,6
T3,2,0,155,12
T4,3,0,118,8
[216]
T1,0,0,52,3
T2,1,0,153,1
T3,2,1,200,9
T4,3,1,136,10
[217]
T1,0,1,89,6
T2,1,0,33,2
T3,2,1,176,2
T4,3,0,200,8
[218]
T1,0,0,175,4
T2,1,0,200,10
T3,2,1,125,13
T4,3,1,32,2
[219]
T1,0,0,200,11
T2,1,0,48,1
T3,2,0,188,6
T4,3,0,91,6
[220]
T1,0,0,101,6
T2,1,0,40,3
T3,2,0,166,5
T4,3,1,200,2
[221]
T1,0,1,85,6
T2,1,1,200,7
T3,2,0,41,2
T4,3,1,166,13
[222]
T1,0,0,168,4
T2,1,1,77,5
T3,2,1,20,2
T4,3,1,200,18
[223]
T1,0,1,166,2
T2,1,1,29,2
T3,2,0,138,3
T4,3,1,200,31
[224]
T1,0,1,29,2
T2,1,0,83,4
T3,2,1,200,21
T4,3,1,196,2
[225]
T1,0,0,40,3
T2,1,0,200,15
T3,2,0,166,4
T4,3,0,54,2
[226]
T1,0,1,200,9
T2,1,0,193,9
T3,2,1,68,2
T4,3,1,30,2
[227]
T1,0,0,26,1
T2,1,0,171,4
T3,2,0,200,10
T4,3,1,95,5
[228]
T1,0,1,119,13
T2,1,1,192,3
T3,2,0,200,10
T4,3,0,39,2
[229]
T1,0,0,160,9
T2,1,1,44,2
T3,2,1,200,8
T4,3,1,139,13
[230]
T1,0,1,37,1
T2,1,0,87,2
T3,2,1,180,16
T4,3,0,200,14
[231]
T1,0,0,84,1
T2,1,1,28,1
T3,2,0,200,12
T4,3,1,151,9
[232]
T1,0,0,121,2
T2,1,1,200,17
T3,2,1,40,3
T4,3,1,188,2
[233]
T1,0,0,116,4
T2,1,1,161,4
T3,2,1,50,3
T4,3,0,200,13
[234]
T1,0,1,24,2
T2,1,0,69,5
T3,2,0,200,11
T4,3,1,171,6
[235]
T1,0,0,188,2
T2,1,0,118,10
T3,2,0,25,2
T4,3,1,200,16
[236]
T1,0,1,95,14
T2,1,1,149,3
T3,2,1,40,2
T4,3,0,200,1
[237]
T1,0,1,27,1
T2,1,1,200,3
T3,2,1,108,4
T4,3,0,170,17
[238]
T1,0,0,200,5
T2,1,1,29,2
T3,2,1,61,4
T4,3,1,153,2
[239]
T1,0,0,36,1
T2,1,0,200,20
T3,2,0,68,1
T4,3,1,195,5
[240]
T1,0,1,100,7
T2,1,1,200,2
T3,2,0,162,17
T4,3,1,50,2
[241]
T1,0,1,200,2
T2,1,0,22,2
T3,2,0,177,2
T4,3,1,82,12
[242]
T1,0,0,88,12
T2,1,1,200,4
T3,2,0,175,2
T4,3,1,50,2
[243]
T1,0,0,200,5
T2,1,1,62,7
T3,2,0,45,2
T4,3,1,167,7
[244]
T1,0,1,162,13
T2,1,1,200,14
T3,2,0,113,3
T4,3,1,50,2
[245]
T1,0,0,200,12
T2,1,0,75,1
T3,2,0,34,1
T4,3,0,156,11
[246]
T1,0,1,113,9
T2,1,1,200,5
T3,2,0,39,2
T4,3,1,189,13
[247]
T1,0,1,200,10
T2,1,1,140,2
T3,2,1,49,2
T4,3,0,162,11
[248]
T1,0,1,45,2
T2,1,0,112,2
T3,2,0,167,17
T4,3,0,200,6
[249]
T1,0,0,49,2
T2,1,1,200,10
T3,2,0,70,2
T4,3,1,178,15
[250]
T1,0,1,23,2
T2,1,1,200,5
T3,2,0,155,3
T4,3,1,64,7
[251]
T1,0,0,126,3
T2,1,0,187,23
T3,2,0,200,8
T4,3,0,42,2
[252]
T1,0,0,50,2
T2,1,0,125,9
T3,2,0,148,6
T4,3,1,200,13
[253]
T1,0,1,179,12
T2,1,0,45,2
T3,2,0,117,2
T4,3,0,200,20
[254]
T1,0,1,200,4
T2,1,0,20,1
T3,2,0,114,3
T4,3,0,171,14
[255]
T1,0,1,57,1
T2,1,0,35,2
T3,2,1,200,3
T4,3,0,195,19
[256]
T1,0,0,200,10
T2,1,0,190,17
T3,2,0,57,2
T4,3,1,47,1
[257]
T1,0,1,181,2
T2,1,0,200,7
T3,2,0,81,6
T4,3,1,22,1
[258]
T1,0,1,200,17
T2,1,1,46,3
T3,2,0,190,5
T4,3,1,141,2
[259]
T1,0,0,188,22
T2,1,0,30,1
T3,2,1,86,3
T4,3,1,200,1
[260]
T1,0,0,78,3
T2,1,1,172,2
T3,2,1,32,3
T4,3,0,200,7
[261]
T1,0,0,52,1
T2,1,1,187,22
T3,2,0,200,2
T4,3,1,91,4
[262]
T1,0,0,200,2
T2,1,1,173,9
T3,2,1,130,5
T4,3,0,27,2
[263]
T1,0,1,28,1
T2,1,1,57,2
T3,2,0,153,3
T4,3,1,200,26
[264]
T1,0,1,38,2
T2,1,1,71,4
T3,2,1,166,11
T4,3,1,200,2
[265]
T1,0,1,44,2
T2,1,0,200,13
T3,2,0,60,3
T4,3,0,186,2
[266]
T1,0,1,165,16
T2,1,1,22,1
T3,2,1,87,3
T4,3,1,200,3
[267]
T1,0,1,200,27
T2,1,1,31,2
T3,2,1,117,4
T4,3,1,162,2
[268]
T1,0,0,200,8
T2,1,1,24,2
T3,2,1,123,5
T4,3,1,171,12
[269]
T1,0,0,99,2
T2,1,0,200,12
T3,2,0,155,15
T4,3,1,44,2
[270]
T1,0,1,179,2
T2,1,1,24,2
T3,2,0,200,25
T4,3,1,142,8
[271]
T1,0,0,200,10
T2,1,1,178,17
T3,2,1,89,1
T4,3,0,33,2
[272]
T1,0,0,76,5
T2,1,0,172,4
T3,2,0,200,10
T4,3,1,31,1
[273]
T1,0,0,111,10
T2,1,0,200,2
T3,2,0,53,2
T4,3,1,156,12
[274]
T1,0,1,32,2
T2,1,1,200,1
T3,2,1,96,8
T4,3,1,197,6
[275]
T1,0,1,23,2
T2,1,1,146,1
T3,2,0,148,4
T4,3,1,200,11
[276]
T1,0,0,180,2
T2,1,1,70,2
T3,2,0,200,7
T4,3,1,35,5
[277]
T1,0,1,125,3
T2,1,0,200,2
T3,2,1,39,2
T4,3,0,158,14
[278]
T1,0,0,157,15
T2,1,1,38,2
T3,2,0,137,4
T4,3,1,200,2
[279]
T1,0,0,200,26
T2,1,1,184,6
T3,2,0,20,2
T4,3,0,64,2
[280]
T1,0,0,105,2
T2,1,1,46,1
T3,2,0,200,29
T4,3,1,154,1
[281]
T1,0,0,186,1
T2,1,0,60,4
T3,2,0,25,2
T4,3,0,200,20
[282]
T1,0,0,37,2
T2,1,0,186,6
T3,2,1,138,16
T4,3,0,200,5
[283]
T1,0,1,200,7
T2,1,0,194,2
T3,2,0,36,1
T4,3,1,146,18
[284]
T1,0,1,200,20
T2,1,1,148,2
T3,2,0,36,1
T4,3,0,85,3
[285]
T1,0,1,113,2
T2,1,0,196,9
T3,2,1,39,2
T4,3,1,200,23
[286]
T1,0,1,138,10
T2,1,0,176,2
T3,2,1,46,3
T4,3,1,200,8
[287]
T1,0,1,149,7
T2,1,1,200,7
T3,2,0,57,1
T4,3,1,24,2
[288]
T1,0,1,191,8
T2,1,1,200,8
T3,2,1,48,1
T4,3,0,103,8
[289]
T1,0,0,36,3
T2,1,1,200,18
T3,2,1,150,2
T4,3,1,115,2
[290]
T1,0,0,172,4
T2,1,1,49,4
T3,2,0,136,2
T4,3,0,200,17
[291]
T1,0,0,200,4
T2,1,0,90,1
T3,2,1,178,12
T4,3,1,47,4
[292]
T1,0,0,140,2
T2,1,0,200,16
T3,2,1,181,8
T4,3,1,23,1
[293]
T1,0,1,200,15
T2,1,0,175,2
T3,2,1,42,3
T4,3,1,59,1
[294]
T1,0,1,164,7
T2,1,1,200,1
T3,2,0,99,8
T4,3,1,42,2
[295]
T1,0,1,127,4
T2,1,0,200,17
T3,2,0,191,13
T4,3,0,20,2
[296]
T1,0,0,194,2
T2,1,1,56,7
T3,2,1,54,2
T4,3,1,200,7
[297]
T1,0,1,200,5
T2,1,0,25,1
T3,2,0,70,1
T4,3,1,179,19
[298]
T1,0,1,162,12
T2,1,0,200,12
T3,2,1,133,3
T4,3,0,30,2
[299]
T1,0,0,21,1
T2,1,0,102,7
T3,2,0,200,5
T4,3,0,148,2
[300]
T1,0,0,200,22
T2,1,0,35,2
T3,2,0,191,10
T4,3,1,108,3
[301]
T1,0,1,48,2
T2,1,1,200,20
T3,2,1,174,2
T4,3,1,115,4
[302]
T1,0,0,35,2
T2,1,1,193,25
T3,2,1,200,9
T4,3,0,80,1
[303]
T1,0,1,200,2
T2,1,1,160,15
T3,2,0,31,1
T4,3,0,68,3
[304]
T1,0,1,183,21
T2,1,0,200,2
T3,2,1,24,1
T4,3,1,119,2
[305]
T1,0,0,153,2
T2,1,0,200,4
T3,2,0,34,5
T4,3,0,126,1
[306]
T1,0,1,75,5
T2,1,0,200,18
T3,2,1,165,2
T4,3,1,46,1
[307]
T1,0,1,200,1
T2,1,1,183,11
T3,2,1,27,2
T4,3,1,54,5
[308]
T1,0,0,23,1
T2,1,0,114,2
T3,2,1,200,5
T4,3,1,165,16
[309]
T1,0,0,200,3
T2,1,0,176,16
T3,2,1,127,11
T4,3,1,31,2
[310]
T1,0,0,194,2
T2,1,1,108,1
T3,2,0,21,1
T4,3,1,200,18
[311]
T1,0,1,200,9
T2,1,1,43,1
T3,2,1,174,12
T4,3,1,84,4
[312]
T1,0,0,42,2
T2,1,1,108,4
T3,2,1,186,2
T4,3,1,200,16
[313]
T1,0,1,48,6
T2,1,0,84,2
T3,2,0,200,7
T4,3,0,183,1
[314]
T1,0,1,192,2
T2,1,1,59,1
T3,2,0,29,3
T4,3,0,200,6
[315]
T1,0,1,51,3
T2,1,1,152,3
T3,2,1,200,1
T4,3,0,122,13
[316]
T1,0,1,33,2
T2,1,0,57,3
T3,2,1,200,20
T4,3,1,151,2
[317]
T1,0,1,36,1
T2,1,0,167,14
T3,2,0,200,2
T4,3,1,82,3
[318]
T1,0,1,200,3
T2,1,1,94,7
T3,2,0,41,2
T4,3,1,170,6
[319]
T1,0,0,190,4
T2,1,1,200,13
T3,2,1,81,4
T4,3,0,41,2
[320]
T1,0,1,82,6
T2,1,1,200,17
T3,2,1,170,5
T4,3,0,47,2
[321]
T1,0,1,180,2
T2,1,1,20,2
T3,2,1,200,3
T4,3,1,60,3
[322]
T1,0,0,55,3
T2,1,0,200,5
T3,2,0,160,1
T4,3,1,50,4
[323]
T1,0,1,192,2
T2,1,1,55,2
T3,2,0,200,19
T4,3,0,50,3
[324]
T1,0,0,36,2
T2,1,0,192,1
T3,2,1,146,2
T4,3,1,200,23
[325]
T1,0,1,200,3
T2,1,1,105,10
T3,2,0,175,8
T4,3,0,26,1
[326]
T1,0,1,49,2
T2,1,1,113,17
T3,2,1,160,2
T4,3,1,200,3
[327]
T1,0,0,65,2
T2,1,1,200,5
T3,2,0,175,12
T4,3,1,39,3
[328]
T1,0,1,161,2
T2,1,0,52,2
T3,2,0,200,4
T4,3,0,95,12
[329]
T1,0,0,200,4
T2,1,1,27,2
T3,2,1,183,11
T4,3,1,75,7
[330]
T1,0,1,200,2
T2,1,1,138,7
T3,2,1,181,2
T4,3,1,32,3
[331]
T1,0,1,23,2
T2,1,0,88,1
T3,2,1,200,24
T4,3,0,182,6
[332]
T1,0,1,200,2
T2,1,1,151,19
T3,2,1,105,4
T4,3,0,30,2
[333]
T1,0,1,61,2
T2,1,0,154,8
T3,2,1,46,4
T4,3,0,200,1
[334]
T1,0,0,200,4
T2,1,0,169,2
T3,2,1,62,1
T4,3,1,35,5
[335]
T1,0,0,157,3
T2,1,0,137,21
T3,2,1,200,2
T4,3,0,40,2
[336]
T1,0,0,54,5
T2,1,0,108,8
T3,2,1,200,2
T4,3,0,148,2
[337]
T1,0,1,200,19
T2,1,1,199,9
T3,2,0,60,2
T4,3,1,35,2
[338]
T1,0,1,153,18
T2,1,0,79,2
T3,2,1,23,1
T4,3,0,200,2
[339]
T1,0,0,75,2
T2,1,0,149,2
T3,2,1,200,20
T4,3,0,24,1
[340]
T1,0,0,78,2
T2,1,1,27,1
T3,2,1,200,19
T4,3,1,180,8
[341]
T1,0,1,28,1
T2,1,1,177,9
T3,2,0,200,15
T4,3,1,58,1
[342]
T1,0,0,129,2
T2,1,1,200,5
T3,2,1,149,16
T4,3,0,52,3
[343]
T1,0,1,38,2
T2,1,1,200,7
T3,2,1,163,1
T4,3,1,89,7
[344]
T1,0,0,166,24
T2,1,1,86,2
T3,2,1,200,2
T4,3,0,28,2
[345]
T1,0,1,72,2
T2,1,0,174,14
T3,2,1,200,15
T4,3,0,23,2
[346]
T1,0,1,32,3
T2,1,1,94,4
T3,2,1,200,3
T4,3,0,153,2
[347]
T1,0,0,31,2
T2,1,1,116,6
T3,2,1,147,8
T4,3,1,200,13
[348]
T1,0,1,47,4
T2,1,0,200,10
T3,2,0,165,2
T4,3,1,128,6
[349]
T1,0,0,152,1
T2,1,1,49,5
T3,2,0,200,2
T4,3,0,62,5
[350]
T1,0,0,182,4
T2,1,1,31,2
T3,2,1,85,2
T4,3,1,200,11
[351]
T1,0,0,200,7
T2,1,1,40,2
T3,2,0,180,24
T4,3,1,141,2
[352]
T1,0,0,159,23
T2,1,1,60,2
T3,2,0,21,2
T4,3,0,200,7
[353]
T1,0,1,129,2
T2,1,0,200,24
T3,2,1,149,5
T4,3,1,46,1
[354]
T1,0,1,35,2
T2,1,1,200,12
T3,2,0,109,5
T4,3,0,168,12
[355]
T1,0,0,200,20
T2,1,1,170,5
T3,2,0,133,5
T4,3,0,46,1
[356]
T1,0,1,34,2
T2,1,1,200,32
T3,2,1,173,2
T4,3,1,81,2
[357]
T1,0,0,150,2
T2,1,0,200,5
T3,2,0,63,5
T4,3,0,34,2
[358]
T1,0,1,30,2
T2,1,0,112,2
T3,2,0,200,6
T4,3,0,191,16
[359]
T1,0,0,150,9
T2,1,1,30,1
T3,2,0,66,3
T4,3,1,200,8
[360]
T1,0,1,168,2
T2,1,1,38,4
T3,2,1,200,4
T4,3,1,86,3
[361]
T1,0,1,200,23
T2,1,0,23,2
T3,2,0,63,3
T4,3,1,161,3
[362]
T1,0,1,23,2
T2,1,0,189,8
T3,2,0,200,4
T4,3,1,146,17
[363]
T1,0,0,152,8
T2,1,0,50,2
T3,2,1,200,15
T4,3,0,142,8
[364]
T1,0,0,27,4
T2,1,0,163,5
T3,2,0,137,1
T4,3,0,200,1
[365]
T1,0,0,28,1
T2,1,1,89,8
T3,2,0,183,5
T4,3,0,200,3
[366]
T1,0,1,200,1
T2,1,0,68,1
T3,2,1,43,6
T4,3,0,192,2
[367]
T1,0,0,136,6
T2,1,0,200,3
T3,2,1,189,10
T4,3,1,20,1
[368]
T1,0,1,200,7
T2,1,0,151,9
T3,2,0,115,10
T4,3,0,38,2
[369]
T1,0,0,123,15
T2,1,1,192,5
T3,2,0,39,2
T4,3,1,200,4
[370]
T1,0,0,156,4
T2,1,1,200,2
T3,2,1,61,1
T4,3,1,33,4
[371]
T1,0,1,55,2
T2,1,1,200,2
T3,2,1,195,22
T4,3,0,40,2
[372]
T1,0,0,24,2
T2,1,1,150,9
T3,2,1,200,9
T4,3,0,134,8
[373]
T1,0,0,30,3
T2,1,1,104,1
T3,2,0,200,1
T4,3,0,184,10
[374]
T1,0,0,23,1
T2,1,0,75,2
T3,2,0,163,17
T4,3,1,200,5
[375]
T1,0,1,200,7
T2,1,0,25,1
T3,2,0,181,5
T4,3,1,141,9
[376]
T1,0,0,200,7
T2,1,0,72,2
T3,2,1,153,8
T4,3,0,21,2
[377]
T1,0,0,187,10
T2,1,0,111,9
T3,2,1,200,2
T4,3,0,25,1
[378]
T1,0,0,105,1
T2,1,0,200,10
T3,2,1,167,19
T4,3,0,23,2
[379]
T1,0,0,200,1
T2,1,0,123,4
T3,2,0,42,2
T4,3,1,186,16
[380]
T1,0,0,180,22
T2,1,0,136,8
T3,2,1,200,2
T4,3,0,50,2
[381]
T1,0,0,33,2
T2,1,0,198,6
T3,2,0,200,26
T4,3,1,81,2
[382]
T1,0,1,30,2
T2,1,1,103,9
T3,2,1,149,2
T4,3,1,200,14
[383]
T1,0,1,55,2
T2,1,1,200,11
T3,2,0,38,1
T4,3,1,171,17
[384]
T1,0,0,200,9
T2,1,1,113,5
T3,2,1,171,14
T4,3,0,46,1
[385]
T1,0,1,43,1
T2,1,0,192,8
T3,2,0,93,9
T4,3,1,200,4
[386]
T1,0,1,166,5
T2,1,0,200,14
T3,2,0,20,1
T4,3,0,65,1
[387]
T1,0,1,46,2
T2,1,1,200,3
T3,2,1,174,9
T4,3,1,132,15
[388]
T1,0,0,117,1
T2,1,1,29,2
T3,2,0,196,8
T4,3,1,200,10
[389]
T1,0,1,28,2
T2,1,1,86,2
T3,2,0,168,9
T4,3,1,200,7
[390]
T1,0,1,200,10
T2,1,0,198,4
T3,2,0,127,7
T4,3,0,23,1
[391]
T1,0,1,155,7
T2,1,1,129,14
T3,2,0,200,1
T4,3,0,50,1
[392]
T1,0,0,163,5
T2,1,1,200,14
T3,2,1,44,2
T4,3,0,73,1
[393]
T1,0,0,200,18
T2,1,1,34,2
T3,2,0,115,2
T4,3,1,165,4
[394]
T1,0,1,200,3
T2,1,1,143,14
T3,2,0,183,2
T4,3,0,22,1
[395]
T1,0,1,154,4
T2,1,0,146,9
T3,2,1,44,3
T4,3,1,200,4
[396]
T1,0,0,169,1
T2,1,1,200,2
T3,2,0,56,4
T4,3,1,30,3
[397]
T1,0,0,200,8
T2,1,0,134,3
T3,2,1,30,2
T4,3,0,185,18
[398]
T1,0,0,200,3
T2,1,1,30,1
T3,2,0,133,13
T4,3,1,171,5
[399]
T1,0,1,200,4
T2,1,0,186,5
T3,2,0,43,3
T4,3,1,68,4
[400]
T1,0,0,153,9
T2,1,0,124,2
T3,2,1,200,22
T4,3,0,23,2
[401]
T1,0,1,115,2
T2,1,0,152,9
T3,2,0,200,9
T4,3,0,31,2
[402]
T1,0,0,101,2
T2,1,1,156,23
T3,2,0,200,3
T4,3,1,43,2
[403]
T1,0,0,37,1
T2,1,0,200,7
T3,2,1,78,9
T4,3,1,192,2
[404]
T1,0,1,130,1
T2,1,1,25,2
T3,2,0,168,10
T4,3,1,200,6
[405]
T1,0,0,27,2
T2,1,1,59,2
T3,2,1,178,24
T4,3,0,200,7
[406]
T1,0,0,186,7
T2,1,1,117,7
T3,2,1,38,2
T4,3,0,200,7
[407]
T1,0,1,200,3
T2,1,1,24,2
T3,2,0,171,4
T4,3,1,106,14
[408]
T1,0,1,173,6
T2,1,1,46,1
T3,2,1,74,3
T4,3,1,200,16
[409]
T1,0,0,135,6
T2,1,0,172,8
T3,2,0,44,2
T4,3,0,200,8
[410]
T1,0,0,109,4
T2,1,0,170,5
T3,2,1,200,15
T4,3,0,27,1
[411]
T1,0,1,171,1
T2,1,1,27,2
T3,2,1,96,3
T4,3,1,200,16
[412]
T1,0,0,111,8
T2,1,1,54,2
T3,2,0,165,3
T4,3,0,200,10
[413]
T1,0,0,21,2
T2,1,0,200,1
T3,2,1,118,4
T4,3,0,151,20
[414]
T1,0,0,178,2
T2,1,1,200,11
T3,2,1,68,6
T4,3,1,49,2
[415]
T1,0,0,95,3
T2,1,1,44,4
T3,2,0,182,1
T4,3,1,200,9
[416]
T1,0,0,48,2
T2,1,1,157,2
T3,2,1,59,6
T4,3,1,200,15
[417]
T1,0,0,200,8
T2,1,1,168,8
T3,2,1,132,6
T4,3,1,28,1
[418]
T1,0,0,109,10
T2,1,1,199,2
T3,2,1,28,2
T4,3,1,200,12
[419]
T1,0,0,200,3
T2,1,1,27,1
T3,2,1,160,8
T4,3,1,63,3
[420]
T1,0,1,197,1
T2,1,1,32,2
T3,2,0,121,2
T4,3,0,200,35
[421]
T1,0,1,192,3
T2,1,1,109,13
T3,2,0,200,8
T4,3,0,37,2
[422]
T1,0,0,173,1
T2,1,1,109,5
T3,2,1,34,3
T4,3,0,200,10
[423]
T1,0,0,35,2
T2,1,1,200,24
T3,2,1,145,2
T4,3,0,157,10
[424]
T1,0,1,180,27
T2,1,1,30,2
T3,2,1,93,1
T4,3,0,200,5
[425]
T1,0,0,77,6
T2,1,0,200,6
T3,2,1,38,2
T4,3,1,155,12
[426]
T1,0,1,172,2
T2,1,0,29,2
T3,2,0,65,2
T4,3,0,200,22
[427]
T1,0,1,200,1
T2,1,1,46,3
T3,2,0,178,15
T4,3,1,115,3
[428]
T1,0,0,200,12
T2,1,0,144,1
T3,2,0,44,3
T4,3,0,169,8
[429]
T1,0,1,155,25
T2,1,1,54,2
T3,2,1,200,2
T4,3,0,21,2
[430]
T1,0,0,51,5
T2,1,1,171,2
T3,2,0,200,9
T4,3,0,135,4
[431]
T1,0,0,200,8
T2,1,1,68,2
T3,2,0,53,2
T4,3,0,164,20
[432]
T1,0,0,162,2
T2,1,1,113,15
T3,2,1,200,7
T4,3,0,53,2
[433]
T1,0,0,75,2
T2,1,0,51,5
T3,2,1,172,2
T4,3,1,200,16
[434]
T1,0,1,66,2
T2,1,1,21,2
T3,2,1,200,2
T4,3,1,182,7
[435]
T1,0,0,200,2
T2,1,1,27,2
T3,2,1,163,10
T4,3,1,138,12
[436]
T1,0,0,182,11
T2,1,1,200,1
T3,2,0,38,2
T4,3,0,111,6
[437]
T1,0,1,181,10
T2,1,0,95,8
T3,2,0,200,4
T4,3,0,23,2
[438]
T1,0,0,90,2
T2,1,0,175,1
T3,2,1,200,22
T4,3,1,38,2
[439]
T1,0,1,65,1
T2,1,1,200,3
T3,2,0,180,18
T4,3,1,40,2
[440]
T1,0,1,200,15
T2,1,0,192,2
T3,2,0,60,2
T4,3,1,46,4
[441]
T1,0,1,46,3
T2,1,1,192,1
T3,2,0,200,16
T4,3,0,80,1
[442]
T1,0,1,156,7
T2,1,0,200,12
T3,2,0,50,1
T4,3,0,97,4
[443]
T1,0,1,46,2
T2,1,0,200,2
T3,2,1,71,7
T4,3,0,184,5
[444]
T1,0,1,179,10
T2,1,0,200,18
T3,2,1,46,1
T4,3,0,100,1
[445]
T1,0,1,200,2
T2,1,0,101,2
T3,2,1,187,19
T4,3,1,48,3
[446]
T1,0,0,152,13
T2,1,1,40,2
T3,2,0,93,2
T4,3,0,200,10
[447]
T1,0,0,144,2
T2,1,0,172,12
T3,2,0,50,5
T4,3,1,200,2
[448]
T1,0,1,186,9
T2,1,1,33,2
T3,2,0,79,6
T4,3,1,200,9
[449]
T1,0,0,175,22
T2,1,0,200,1
T3,2,0,100,1
T4,3,1,48,2
[450]
T1,0,0,20,2
T2,1,0,200,1
T3,2,0,103,4
T4,3,1,166,3
[451]
T1,0,0,192,9
T2,1,0,105,10
T3,2,1,200,7
T4,3,0,52,2
[452]
T1,0,0,22,2
T2,1,1,190,10
T3,2,0,200,2
T4,3,1,116,2
[453]
T1,0,0,108,2
T2,1,1,200,32
T3,2,0,26,2
T4,3,0,164,1
[454]
T1,0,0,196,13
T2,1,1,200,10
T3,2,0,68,2
T4,3,0,47,3
[455]
T1,0,0,62,7
T2,1,1,23,1
T3,2,0,183,2
T4,3,1,200,1
[456]
T1,0,0,168,16
T2,1,0,101,2
T3,2,1,25,2
T4,3,0,200,14
[457]
T1,0,0,107,9
T2,1,1,170,2
T3,2,0,200,14
T4,3,1,42,1
[458]
T1,0,0,33,3
T2,1,1,192,16
T3,2,1,200,2
T4,3,1,120,1
[459]
T1,0,0,64,1
T2,1,1,200,16
T3,2,0,181,2
T4,3,1,30,2
[460]
T1,0,0,150,6
T2,1,1,43,2
T3,2,1,200,4
T4,3,0,82,9
[461]
T1,0,0,148,13
T2,1,1,50,1
T3,2,0,105,2
T4,3,1,200,15
[462]
T1,0,0,200,16
T2,1,0,194,1
T3,2,1,21,1
T4,3,1,54,2
[463]
T1,0,0,200,12
T2,1,1,198,1
T3,2,1,131,2
T4,3,1,38,4
[464]
T1,0,0,84,2
T2,1,1,200,31
T3,2,0,45,1
T4,3,1,153,2
[465]
T1,0,1,200,10
T2,1,1,40,1
T3,2,0,169,8
T4,3,1,58,4
[466]
T1,0,1,142,11
T2,1,1,200,2
T3,2,1,192,11
T4,3,0,29,1
[467]
T1,0,0,45,2
T2,1,1,191,21
T3,2,0,200,2
T4,3,1,98,6
[468]
T1,0,1,200,20
T2,1,1,35,1
T3,2,0,121,2
T4,3,0,194,7
[469]
T1,0,0,200,3
T2,1,0,102,14
T3,2,1,51,1
T4,3,1,160,1
[470]
T1,0,1,51,2
T2,1,0,155,18
T3,2,1,121,4
T4,3,0,200,5
[471]
T1,0,1,113,9
T2,1,0,32,1
T3,2,1,170,10
T4,3,0,200,4
[472]
T1,0,1,200,14
T2,1,1,38,2
T3,2,1,186,14
T4,3,1,87,2
[473]
T1,0,1,20,2
T2,1,0,80,8
T3,2,1,189,3
T4,3,0,200,7
[474]
T1,0,0,173,2
T2,1,0,200,16
T3,2,1,46,3
T4,3,0,94,2
[475]
T1,0,0,85,2
T2,1,0,169,2
T3,2,0,200,15
T4,3,1,32,2
[476]
T1,0,0,200,30
T2,1,0,167,3
T3,2,1,34,2
T4,3,0,114,1
[477]
T1,0,0,200,1
T2,1,1,31,1
T3,2,1,86,7
T4,3,0,180,8
[478]
T1,0,0,20,2
T2,1,0,145,4
T3,2,0,153,3
T4,3,1,200,20
[479]
T1,0,0,170,5
T2,1,1,200,8
T3,2,1,71,5
T4,3,0,52,2
[480]
T1,0,0,139,2
T2,1,0,159,19
T3,2,0,200,11
T4,3,1,53,2
[481]
T1,0,0,91,3
T2,1,1,24,2
T3,2,0,200,17
T4,3,0,197,7
[482]
T1,0,1,200,2
T2,1,0,174,23
T3,2,1,26,2
T4,3,0,98,4
[483]
T1,0,1,30,2
T2,1,1,183,14
T3,2,0,200,2
T4,3,0,97,8
[484]
T1,0,0,200,1
T2,1,0,105,3
T3,2,0,30,2
T4,3,1,173,25
[485]
T1,0,1,98,7
T2,1,0,52,1
T3,2,1,167,11
T4,3,1,200,6
[486]
T1,0,1,46,3
T2,1,1,200,1
T3,2,0,67,3
T4,3,1,163,12
[487]
T1,0,1,38,2
T2,1,0,75,6
T3,2,0,200,2
T4,3,1,194,5
[488]
T1,0,0,200,11
T2,1,0,24,2
T3,2,0,130,2
T4,3,0,176,9
[489]
T1,0,1,46,2
T2,1,1,56,6
T3,2,0,176,1
T4,3,0,200,2
[490]
T1,0,0,200,1
T2,1,1,115,7
T3,2,1,23,2
T4,3,0,159,13
[491]
T1,0,1,33,1
T2,1,0,200,3
T3,2,1,149,20
T4,3,0,123,1
[492]
T1,0,0,185,10
T2,1,0,40,1
T3,2,0,200,1
T4,3,0,80,8
[493]
T1,0,0,34,1
T2,1,0,200,10
T3,2,1,169,2
T4,3,1,124,10
[494]
T1,0,1,190,2
T2,1,1,40,6
T3,2,1,200,1
T4,3,0,132,2
[495]
T1,0,0,50,2
T2,1,0,145,10
T3,2,0,200,1
T4,3,0,159,17
[496]
T1,0,1,55,2
T2,1,0,30,1
T3,2,0,187,17
T4,3,1,200,3
[497]
T1,0,1,133,10
T2,1,0,200,4
T3,2,1,24,1
T4,3,0,167,8
[498]
T1,0,1,154,11
T2,1,1,200,3
T3,2,0,56,1
T4,3,0,23,1
[499]
T1,0,1,156,18
T2,1,1,200,2
T3,2,1,38,1
T4,3,1,87,4
[500]
T1,0,1,197,2
T2,1,1,200,18
T3,2,0,35,2
T4,3,1,109,8
