num_task_per_taskset=4
num_taskset=500
//ID,Priority,Offset,Period,Execution Time
[1]
T1,0,1,22,5
T2,1,0,200,6
T3,2,0,146,1
T4,3,0,175,3
[2]
T1,0,1,56,11
T2,1,0,48,2
T3,2,1,200,2
T4,3,1,167,12
[3]
T1,0,0,29,2
T2,1,1,87,7
T3,2,1,200,31
T4,3,1,198,4
[4]
T1,0,0,200,26
T2,1,1,92,2
T3,2,0,184,8
T4,3,0,25,2
[5]
T1,0,1,160,18
T2,1,0,102,8
T3,2,0,53,2
T4,3,0,200,11
[6]
T1,0,1,200,9
T2,1,0,104,10
T3,2,1,21,2
T4,3,1,180,24
[7]
T1,0,0,172,16
T2,1,0,99,6
T3,2,0,200,17
T4,3,1,39,2
[8]
T1,0,0,148,2
T2,1,1,200,13
T3,2,0,52,6
T4,3,0,71,6
[9]
T1,0,1,131,22
T2,1,1,42,2
T3,2,1,162,10
T4,3,1,200,10
[10]
T1,0,1,157,5
T2,1,1,117,3
T3,2,0,38,1
T4,3,1,200,37
[11]
T1,0,0,32,6
T2,1,1,104,8
T3,2,1,163,2
T4,3,1,200,1
[12]
T1,0,0,200,32
T2,1,0,104,2
T3,2,0,165,13
T4,3,1,32,1
[13]
T1,0,1,144,11
T2,1,0,23,2
T3,2,0,200,26
T4,3,1,157,9
[14]
T1,0,1,33,4
T2,1,1,196,10
T3,2,1,200,14
T4,3,0,106,3
[15]
T1,0,0,172,3
T2,1,0,31,5
T3,2,0,200,16
T4,3,0,127,3
[16]
T1,0,1,143,12
T2,1,0,154,9
T3,2,1,23,1
T4,3,0,200,15
[17]
T1,0,0,200,18
T2,1,0,164,10
T3,2,0,41,2
T4,3,0,87,11
[18]
T1,0,0,153,4
T2,1,1,200,28
T3,2,1,90,3
T4,3,1,21,1
[19]
T1,0,0,35,2
T2,1,0,200,6
T3,2,0,118,20
T4,3,1,194,1
[20]
T1,0,1,200,25
T2,1,1,49,5
T3,2,0,110,5
T4,3,0,176,2
[21]
T1,0,0,200,10
T2,1,1,86,3
T3,2,0,34,1
T4,3,0,165,28
[22]
T1,0,0,37,2
T2,1,0,74,3
T3,2,0,198,27
T4,3,0,200,10
[23]
T1,0,1,200,24
T2,1,0,39,2
T3,2,1,155,2
T4,3,1,97,8
[24]
T1,0,0,182,2
T2,1,1,200,12
T3,2,0,80,9
T4,3,0,44,5
[25]
T1,0,0,180,4
T2,1,1,49,5
T3,2,1,95,9
T4,3,0,200,12
[26]
T1,0,0,140,2
T2,1,0,49,9
T3,2,0,170,2
T4,3,0,200,16
[27]
T1,0,1,153,9
T2,1,1,200,11
T3,2,1,105,8
T4,3,1,40,4
[28]
T1,0,0,160,2
T2,1,0,109,2
T3,2,1,26,1
T4,3,1,200,39
[29]
T1,0,1,158,16
T2,1,1,90,2
T3,2,1,200,9
T4,3,0,20,2
[30]
T1,0,1,146,12
T2,1,1,158,14
T3,2,1,51,3
T4,3,0,200,8
[31]
T1,0,0,127,4
T2,1,0,28,2
T3,2,0,200,42
T4,3,0,176,4
[32]
T1,0,1,63,1
T2,1,0,200,32
T3,2,0,179,14
T4,3,1,23,2
[33]
T1,0,1,149,13
T2,1,0,200,30
T3,2,1,135,1
T4,3,0,32,1
[34]
T1,0,1,74,2
T2,1,1,193,3
T3,2,0,46,4
T4,3,1,200,28
[35]
T1,0,1,28,6
T2,1,0,182,2
T3,2,0,61,2
T4,3,1,200,7
[36]
T1,0,0,200,7
T2,1,0,178,11
T3,2,1,135,13
T4,3,0,47,4
[37]
T1,0,1,62,3
T2,1,1,200,34
T3,2,1,47,2
T4,3,1,178,11
[38]
T1,0,0,174,25
T2,1,1,54,2
T3,2,1,139,9
T4,3,0,200,5
[39]
T1,0,1,155,5
T2,1,1,200,43
T3,2,0,135,5
T4,3,0,45,2
[40]
T1,0,1,96,1
T2,1,1,22,2
T3,2,1,200,11
T4,3,0,174,14
[41]
T1,0,1,200,12
T2,1,0,190,3
T3,2,0,46,5
T4,3,1,119,11
[42]
T1,0,1,200,3
T2,1,0,40,1
T3,2,0,109,2
T4,3,0,194,47
[43]
T1,0,0,200,2
T2,1,1,50,9
T3,2,1,105,2
T4,3,1,150,13
[44]
T1,0,0,200,32
T2,1,0,147,2
T3,2,1,82,3
T4,3,1,51,4
[45]
T1,0,0,166,10
T2,1,0,29,1
T3,2,1,91,10
T4,3,1,200,13
[46]
T1,0,1,49,2
T2,1,1,66,4
T3,2,0,194,7
T4,3,1,200,29
[47]
T1,0,1,143,24
T2,1,0,49,2
T3,2,0,200,11
T4,3,0,178,9
[48]
T1,0,1,24,1
T2,1,1,127,10
T3,2,0,173,23
T4,3,1,200,6
[49]
T1,0,0,135,13
T2,1,1,31,2
T3,2,0,200,23
T4,3,0,182,1
[50]
T1,0,0,200,4
T2,1,0,46,1
T3,2,0,135,3
T4,3,1,191,40
[51]
T1,0,0,150,4
T2,1,1,59,3
T3,2,1,200,40
T4,3,0,48,2
[52]
T1,0,1,41,2
T2,1,0,89,5
T3,2,0,200,31
T4,3,0,158,2
[53]
T1,0,1,200,2
T2,1,1,38,6
T3,2,0,91,1
T4,3,0,199,22
[54]
T1,0,0,130,18
T2,1,1,162,10
T3,2,1,200,12
T4,3,0,48,1
[55]
T1,0,1,150,2
T2,1,0,147,9
T3,2,0,30,2
T4,3,1,200,38
[56]
T1,0,1,160,4
T2,1,1,25,2
T3,2,1,78,2
T4,3,1,200,48
[57]
T1,0,1,71,3
T2,1,1,200,12
T3,2,0,158,13
T4,3,0,24,2
[58]
T1,0,1,200,18
T2,1,1,28,5
T3,2,0,173,2
T4,3,1,107,2
[59]
T1,0,0,200,14
T2,1,0,42,2
T3,2,0,103,7
T4,3,0,148,20
[60]
T1,0,1,78,3
T2,1,1,200,14
T3,2,0,184,12
T4,3,0,33,3
[61]
T1,0,1,200,16
T2,1,0,156,24
T3,2,0,90,4
T4,3,0,40,2
[62]
T1,0,1,66,8
T2,1,1,29,1
T3,2,0,200,11
T4,3,1,166,12
[63]
T1,0,0,86,3
T2,1,1,200,18
T3,2,1,156,20
T4,3,1,48,1
[64]
T1,0,0,200,11
T2,1,0,45,2
T3,2,1,123,27
T4,3,1,151,2
[65]
T1,0,1,187,12
T2,1,0,200,23
T3,2,0,138,1
T4,3,0,28,2
[66]
T1,0,0,103,4
T2,1,1,46,4
T3,2,1,200,22
T4,3,1,186,9
[67]
T1,0,1,96,3
T2,1,1,148,27
T3,2,1,200,16
T4,3,0,47,2
[68]
T1,0,0,200,15
T2,1,0,34,1
T3,2,1,161,24
T4,3,0,75,1
[69]
T1,0,0,113,12
T2,1,0,162,3
T3,2,1,200,6
T4,3,1,21,2
[70]
T1,0,0,173,5
T2,1,1,200,20
T3,2,1,93,6
T4,3,0,50,4
[71]
T1,0,1,200,14
T2,1,0,69,8
T3,2,0,168,11
T4,3,0,34,1
[72]
T1,0,1,169,19
T2,1,0,20,2
T3,2,1,200,18
T4,3,1,101,5
[73]
T1,0,0,169,2
T2,1,0,46,3
T3,2,1,200,34
T4,3,0,76,2
[74]
T1,0,1,94,14
T2,1,0,170,5
T3,2,1,200,9
T4,3,1,51,3
[75]
T1,0,0,40,2
T2,1,0,162,6
T3,2,1,110,6
T4,3,0,200,39
[76]
T1,0,1,151,5
T2,1,0,35,2
T3,2,1,126,15
T4,3,0,200,25
[77]
T1,0,1,117,4
T2,1,1,200,2
T3,2,0,26,2
T4,3,0,199,50
[78]
T1,0,1,189,21
T2,1,1,30,4
T3,2,1,128,4
T4,3,0,200,2
[79]
T1,0,0,62,3
T2,1,1,35,4
T3,2,1,200,15
T4,3,1,158,8
[80]
T1,0,0,33,2
T2,1,0,200,8
T3,2,1,182,29
T4,3,0,138,11
[81]
T1,0,1,139,5
T2,1,1,200,28
T3,2,1,31,1
T4,3,1,182,13
[82]
T1,0,1,31,2
T2,1,1,196,26
T3,2,0,103,2
T4,3,0,200,28
[83]
T1,0,0,107,15
T2,1,0,45,3
T3,2,1,200,10
T4,3,1,186,2
[84]
T1,0,1,165,23
T2,1,1,22,2
T3,2,0,76,2
T4,3,0,200,19
[85]
T1,0,1,50,6
T2,1,0,200,12
T3,2,1,158,16
T4,3,0,91,2
[86]
T1,0,1,152,14
T2,1,1,35,3
T3,2,1,200,20
T4,3,1,101,2
[87]
T1,0,0,20,2
T2,1,0,65,7
T3,2,0,176,2
T4,3,0,200,14
[88]
T1,0,0,96,5
T2,1,1,200,3
T3,2,1,51,1
T4,3,0,150,28
[89]
T1,0,1,45,2
T2,1,0,58,7
T3,2,1,153,16
T4,3,0,200,12
[90]
T1,0,0,171,2
T2,1,1,200,46
T3,2,0,35,2
T4,3,1,90,2
[91]
T1,0,0,103,7
T2,1,1,153,2
T3,2,1,200,19
T4,3,1,33,4
[92]
T1,0,1,200,20
T2,1,0,118,20
T3,2,0,174,3
T4,3,0,42,2
[93]
T1,0,0,200,8
T2,1,0,183,8
T3,2,0,52,1
T4,3,1,140,24
[94]
T1,0,1,200,2
T2,1,1,39,1
T3,2,1,177,27
T4,3,1,112,11
[95]
T1,0,1,150,8
T2,1,0,70,6
T3,2,1,200,11
T4,3,0,44,3
[96]
T1,0,1,104,2
T2,1,0,31,4
T3,2,0,175,24
T4,3,0,200,2
[97]
T1,0,1,191,31
T2,1,0,35,1
T3,2,0,127,5
T4,3,1,200,10
[98]
T1,0,1,41,1
T2,1,0,200,16
T3,2,1,74,9
T4,3,1,195,10
[99]
T1,0,0,164,8
T2,1,0,200,15
T3,2,1,111,3
T4,3,0,30,4
[100]
T1,0,0,200,11
T2,1,0,48,1
T3,2,1,160,19
T4,3,1,138,13
[101]
T1,0,0,120,13
T2,1,0,42,2
T3,2,0,200,4
T4,3,0,182,25
[102]
T1,0,0,172,11
T2,1,1,58,4
T3,2,1,200,16
T4,3,1,36,2
[103]
T1,0,1,27,5
T2,1,1,152,9
T3,2,1,120,3
T4,3,0,200,3
[104]
T1,0,1,23,2
T2,1,1,174,2
T3,2,1,57,2
T4,3,1,200,42
[105]
T1,0,0,128,10
T2,1,1,178,4
T3,2,0,200,14
T4,3,1,50,5
[106]
T1,0,0,111,12
T2,1,1,197,6
T3,2,1,36,4
T4,3,1,200,8
[107]
T1,0,0,200,14
T2,1,1,20,2
T3,2,0,179,3
T4,3,1,146,23
[108]
T1,0,0,200,34
T2,1,0,46,2
T3,2,1,179,6
T4,3,1,93,6
[109]
T1,0,0,200,20
T2,1,0,103,7
T3,2,0,39,3
T4,3,0,182,4
[110]
T1,0,0,200,21
T2,1,1,37,2
T3,2,0,69,5
T4,3,0,184,6
[111]
T1,0,1,178,47
T2,1,1,39,2
T3,2,0,200,5
T4,3,0,106,2
[112]
T1,0,1,182,2
T2,1,0,28,2
T3,2,1,93,1
T4,3,1,200,37
[113]
T1,0,0,24,3
T2,1,1,64,2
T3,2,0,172,14
T4,3,1,200,9
[114]
T1,0,0,200,13
T2,1,1,39,1
T3,2,0,119,23
T4,3,1,162,2
[115]
T1,0,0,30,5
T2,1,0,68,2
T3,2,0,200,7
T4,3,1,187,15
[116]
T1,0,1,177,1
T2,1,0,23,3
T3,2,1,92,6
T4,3,1,200,15
[117]
T1,0,0,150,18
T2,1,0,29,4
T3,2,0,104,2
T4,3,0,200,2
[118]
T1,0,0,200,8
T2,1,0,191,2
T3,2,0,133,4
T4,3,1,35,7
[119]
T1,0,1,57,7
T2,1,1,166,21
T3,2,1,25,2
T4,3,1,200,2
[120]
T1,0,1,200,5
T2,1,0,31,1
T3,2,1,77,13
T4,3,1,182,10
[121]
T1,0,0,200,3
T2,1,1,25,2
T3,2,0,194,7
T4,3,1,82,10
[122]
T1,0,1,35,1
T2,1,0,122,1
T3,2,0,200,44
T4,3,1,197,2
[123]
T1,0,0,142,1
T2,1,0,200,39
T3,2,0,155,11
T4,3,0,37,2
[124]
T1,0,1,191,5
T2,1,1,38,4
T3,2,0,200,15
T4,3,1,85,6
[125]
T1,0,1,94,2
T2,1,1,197,3
T3,2,1,35,3
T4,3,0,200,29
[126]
T1,0,0,187,14
T2,1,0,200,10
T3,2,1,32,2
T4,3,1,146,11
[127]
T1,0,0,200,39
T2,1,1,67,4
T3,2,1,29,2
T4,3,0,167,2
[128]
T1,0,0,44,1
T2,1,1,104,5
T3,2,1,200,36
T4,3,0,170,5
[129]
T1,0,1,187,5
T2,1,0,91,6
T3,2,0,30,2
T4,3,0,200,33
[130]
T1,0,0,35,3
T2,1,0,200,20
T3,2,1,122,8
T4,3,0,193,3
[131]
T1,0,0,200,25
T2,1,0,50,2
T3,2,0,90,6
T4,3,1,187,16
[132]
T1,0,0,166,10
T2,1,1,75,1
T3,2,1,200,39
T4,3,0,34,2
[133]
T1,0,0,200,22
T2,1,1,163,5
T3,2,0,74,3
T4,3,0,34,3
[134]
T1,0,1,37,3
T2,1,0,109,18
T3,2,1,200,2
T4,3,1,170,2
[135]
T1,0,0,101,2
T2,1,1,24,2
T3,2,0,197,46
T4,3,1,200,8
[136]
T1,0,0,200,6
T2,1,1,114,10
T3,2,0,168,9
T4,3,0,32,3
[137]
T1,0,0,200,35
T2,1,1,28,2
T3,2,1,152,7
T4,3,0,75,4
[138]
T1,0,1,200,2
T2,1,1,38,3
T3,2,0,109,21
T4,3,1,180,2
[139]
T1,0,0,111,9
T2,1,0,200,10
T3,2,0,149,6
T4,3,0,52,6
[140]
T1,0,1,85,1
T2,1,0,200,4
T3,2,1,53,3
T4,3,0,192,37
[141]
T1,0,1,200,11
T2,1,1,45,6
T3,2,1,161,7
T4,3,0,132,7
[142]
T1,0,1,26,2
T2,1,1,103,3
T3,2,1,168,8
T4,3,1,200,22
[143]
T1,0,0,31,3
T2,1,0,165,1
T3,2,0,200,16
T4,3,1,96,9
[144]
T1,0,1,200,21
T2,1,0,186,15
T3,2,1,99,8
T4,3,1,37,2
[145]
T1,0,0,134,7
T2,1,0,158,12
T3,2,1,200,4
T4,3,1,41,6
[146]
T1,0,0,193,5
T2,1,0,80,8
T3,2,0,200,30
T4,3,0,45,2
[147]
T1,0,0,200,6
T2,1,0,60,7
T3,2,1,45,2
T4,3,0,152,20
[148]
T1,0,0,172,25
T2,1,0,200,2
T3,2,1,39,1
T4,3,0,106,10
[149]
T1,0,0,50,2
T2,1,0,129,2
T3,2,0,175,16
T4,3,0,200,25
[150]
T1,0,1,97,2
T2,1,0,31,1
T3,2,1,161,6
T4,3,0,200,36
[151]
T1,0,0,199,34
T2,1,1,66,4
T3,2,1,200,3
T4,3,0,21,2
[152]
T1,0,1,45,2
T2,1,1,62,1
T3,2,0,200,39
T4,3,1,182,4
[153]
T1,0,1,82,8
T2,1,0,156,17
T3,2,1,200,9
T4,3,1,50,1
[154]
T1,0,0,106,23
T2,1,1,200,8
T3,2,1,32,1
T4,3,1,195,2
[155]
T1,0,0,110,2
T2,1,0,172,14
T3,2,0,22,4
T4,3,0,200,2
[156]
T1,0,1,38,2
T2,1,1,200,19
T3,2,1,157,13
T4,3,0,77,4
[157]
T1,0,0,38,2
T2,1,1,200,4
T3,2,1,190,24
T4,3,0,99,6
[158]
T1,0,1,200,21
T2,1,1,32,5
T3,2,1,59,2
T4,3,1,157,3
[159]
T1,0,0,71,2
T2,1,1,36,3
T3,2,1,200,3
T4,3,0,160,21
[160]
T1,0,0,27,2
T2,1,0,92,19
T3,2,0,200,7
T4,3,1,165,6
[161]
T1,0,1,72,4
T2,1,0,173,23
T3,2,1,34,2
T4,3,1,200,4
[162]
T1,0,1,153,5
T2,1,0,35,5
T3,2,1,200,3
T4,3,0,107,9
[163]
T1,0,0,198,6
T2,1,0,200,8
T3,2,1,36,3
T4,3,1,65,8
[164]
T1,0,0,190,24
T2,1,0,26,1
T3,2,1,65,7
T4,3,1,200,2
[165]
T1,0,1,171,16
T2,1,1,200,2
T3,2,1,73,10
T4,3,1,36,2
[166]
T1,0,0,110,3
T2,1,0,154,8
T3,2,0,200,24
T4,3,1,25,2
[167]
T1,0,1,200,14
T2,1,0,69,1
T3,2,1,26,1
T4,3,1,163,22
[168]
T1,0,0,200,14
T2,1,1,111,4
T3,2,1,40,2
T4,3,1,169,30
[169]
T1,0,0,94,12
T2,1,0,23,2
T3,2,1,200,30
T4,3,0,183,2
[170]
T1,0,0,32,2
T2,1,0,200,20
T3,2,1,165,5
T4,3,1,95,6
[171]
T1,0,1,200,9
T2,1,1,93,13
T3,2,0,23,2
T4,3,0,181,1
[172]
T1,0,0,153,20
T2,1,0,22,1
T3,2,1,200,11
T4,3,1,126,5
[173]
T1,0,0,31,2
T2,1,1,178,5
T3,2,0,200,25
T4,3,0,61,6
[174]
T1,0,0,32,6
T2,1,1,129,2
T3,2,1,200,12
T4,3,1,167,6
[175]
T1,0,1,22,2
T2,1,0,135,5
T3,2,1,167,4
T4,3,0,200,24
[176]
T1,0,0,157,4
T2,1,0,21,1
T3,2,1,200,34
T4,3,1,80,3
[177]
T1,0,0,42,5
T2,1,0,200,3
T3,2,0,150,19
T4,3,1,145,2
[178]
T1,0,1,154,2
T2,1,1,101,6
T3,2,1,200,45
T4,3,0,43,2
[179]
T1,0,1,200,8
T2,1,0,48,2
T3,2,0,179,32
T4,3,1,65,2
[180]
T1,0,0,51,12
T2,1,0,200,7
T3,2,0,150,1
T4,3,1,124,1
[181]
T1,0,0,200,21
T2,1,0,56,1
T3,2,0,27,2
T4,3,1,148,13
[182]
T1,0,1,200,17
T2,1,0,40,2
T3,2,1,59,4
T4,3,1,173,21
[183]
T1,0,1,66,8
T2,1,1,200,21
T3,2,1,34,1
T4,3,1,151,2
[184]
T1,0,1,80,1
T2,1,1,200,42
T3,2,0,150,6
T4,3,0,49,1
[185]
T1,0,0,142,2
T2,1,1,175,10
T3,2,1,53,9
T4,3,0,200,10
[186]
T1,0,1,108,10
T2,1,1,176,15
T3,2,0,200,11
T4,3,1,46,2
[187]
T1,0,1,159,36
T2,1,1,33,2
T3,2,0,200,8
T4,3,1,80,2
[188]
T1,0,0,194,15
T2,1,0,200,11
T3,2,0,27,3
T4,3,0,92,1
[189]
T1,0,1,73,4
T2,1,0,21,2
T3,2,1,200,3
T4,3,1,157,17
[190]
T1,0,1,200,8
T2,1,0,158,3
T3,2,1,22,2
T4,3,1,97,20
[191]
T1,0,0,200,21
T2,1,1,178,27
T3,2,0,27,2
T4,3,1,61,1
[192]
T1,0,1,124,16
T2,1,0,200,10
T3,2,0,23,2
T4,3,0,184,13
[193]
T1,0,1,25,1
T2,1,1,186,26
T3,2,1,200,9
T4,3,1,104,7
[194]
T1,0,0,34,1
T2,1,1,147,2
T3,2,1,178,3
T4,3,0,200,45
[195]
T1,0,1,35,2
T2,1,0,196,1
T3,2,0,200,16
T4,3,0,138,27
[196]
T1,0,0,38,3
T2,1,1,200,19
T3,2,0,77,7
T4,3,0,186,4
[197]
T1,0,1,131,1
T2,1,0,28,3
T3,2,0,181,25
T4,3,0,200,4
[198]
T1,0,1,52,7
T2,1,0,160,2
T3,2,0,200,14
T4,3,0,96,5
[199]
T1,0,0,24,2
T2,1,0,182,26
T3,2,0,63,3
T4,3,0,200,18
[200]
T1,0,0,157,1
T2,1,0,54,7
T3,2,1,29,2
T4,3,0,200,26
[201]
T1,0,0,196,9
T2,1,0,35,2
T3,2,0,130,6
T4,3,0,200,25
[202]
T1,0,1,45,1
T2,1,1,120,5
T3,2,1,169,11
T4,3,1,200,30
[203]
T1,0,0,24,3
T2,1,1,100,7
T3,2,1,200,1
T4,3,1,159,9
[204]
T1,0,1,125,10
T2,1,0,177,2
T3,2,1,52,2
T4,3,1,200,40
[205]
T1,0,1,200,8
T2,1,1,148,8
T3,2,0,41,5
T4,3,0,56,4
[206]
T1,0,0,148,22
T2,1,1,25,2
T3,2,0,200,21
T4,3,1,128,2
[207]
T1,0,0,33,6
T2,1,0,175,7
T3,2,1,110,2
T4,3,1,200,11
[208]
T1,0,1,193,11
T2,1,0,200,8
T3,2,0,87,15
T4,3,0,23,2
[209]
T1,0,1,200,27
T2,1,0,124,9
T3,2,0,35,1
T4,3,0,190,5
[210]
T1,0,1,200,15
T2,1,0,25,1
T3,2,0,63,8
T4,3,0,182,3
[211]
T1,0,0,170,7
T2,1,1,43,3
T3,2,1,65,9
T4,3,0,200,5
[212]
T1,0,0,200,9
T2,1,0,156,10
T3,2,1,122,16
T4,3,1,24,1
[213]
T1,0,1,113,9
T2,1,1,200,30
T3,2,0,185,7
T4,3,1,35,2
[214]
T1,0,1,40,2
T2,1,1,170,1
T3,2,1,89,17
T4,3,0,200,18
[215]
T1,0,0,181,19
T2,1,1,200,2
T3,2,1,25,1
T4,3,1,95,11
[216]
T1,0,0,200,38
T2,1,1,169,12
T3,2,1,52,2
T4,3,1,60,1
[217]
T1,0,1,155,31
T2,1,1,30,2
T3,2,1,200,1
T4,3,1,89,5
[218]
T1,0,1,200,5
T2,1,0,100,2
T3,2,1,21,3
T4,3,0,161,19
[219]
T1,0,1,49,1
T2,1,1,119,8
T3,2,0,184,6
T4,3,1,200,31
[220]
T1,0,1,200,28
T2,1,0,102,8
T3,2,0,20,2
T4,3,0,183,10
[221]
T1,0,0,21,3
T2,1,1,160,10
T3,2,1,133,1
T4,3,1,200,6
[222]
T1,0,1,194,2
T2,1,0,200,47
T3,2,0,66,2
T4,3,0,29,2
[223]
T1,0,1,160,23
T2,1,1,200,9
T3,2,0,36,3
T4,3,0,93,1
[224]
T1,0,0,181,1
T2,1,0,102,21
T3,2,0,200,12
T4,3,0,38,2
[225]
T1,0,1,186,26
T2,1,1,67,6
T3,2,0,200,6
T4,3,1,54,1
[226]
T1,0,0,146,15
T2,1,0,158,22
T3,2,0,200,8
T4,3,1,45,2
[227]
T1,0,0,185,4
T2,1,0,50,9
T3,2,0,106,1
T4,3,0,200,12
[228]
T1,0,1,48,2
T2,1,1,193,14
T3,2,1,93,5
T4,3,1,200,21
[229]
T1,0,0,53,1
T2,1,0,200,7
T3,2,0,83,19
T4,3,1,185,1
[230]
T1,0,1,200,6
T2,1,0,85,2
T3,2,0,192,3
T4,3,0,39,9
[231]
T1,0,1,200,22
T2,1,0,44,2
T3,2,1,167,3
T4,3,1,95,15
[232]
T1,0,1,58,1
T2,1,0,28,3
T3,2,1,200,16
T4,3,1,193,12
[233]
T1,0,1,111,6
T2,1,1,24,2
T3,2,1,153,27
T4,3,1,200,5
[234]
T1,0,0,200,22
T2,1,1,132,2
T3,2,1,154,6
T4,3,0,34,4
[235]
T1,0,1,77,2
T2,1,0,196,2
T3,2,1,200,19
T4,3,1,25,4
[236]
T1,0,1,30,3
T2,1,1,200,5
T3,2,0,167,10
T4,3,1,99,7
[237]
T1,0,1,34,2
T2,1,1,169,6
T3,2,0,200,15
T4,3,0,106,12
[238]
T1,0,1,175,30
T2,1,0,136,2
T3,2,0,200,16
T4,3,1,41,1
[239]
T1,0,0,123,8
T2,1,0,46,2
T3,2,0,172,5
T4,3,1,200,29
[240]
T1,0,1,38,2
T2,1,1,200,14
T3,2,1,168,13
T4,3,0,145,20
[241]
T1,0,1,35,7
T2,1,1,200,2
T3,2,1,107,2
T4,3,1,199,14
[242]
T1,0,1,82,7
T2,1,0,200,1
T3,2,1,179,23
T4,3,1,27,1
[243]
T1,0,1,44,2
T2,1,1,164,11
T3,2,0,200,13
T4,3,1,87,12
[244]
T1,0,0,157,8
T2,1,0,24,1
T3,2,0,142,13
T4,3,1,200,22
[245]
T1,0,1,22,1
T2,1,0,141,20
T3,2,1,159,5
T4,3,0,200,9
[246]
T1,0,1,46,2
T2,1,0,99,2
T3,2,0,179,47
T4,3,0,200,4
[247]
T1,0,1,24,4
T2,1,0,116,4
T3,2,1,190,12
T4,3,0,200,4
[248]
T1,0,0,200,6
T2,1,0,60,9
T3,2,1,50,5
T4,3,0,184,2
[249]
T1,0,0,26,2
T2,1,0,121,2
T3,2,0,163,28
T4,3,1,200,21
[250]
T1,0,0,200,3
T2,1,1,103,5
T3,2,1,42,2
T4,3,1,157,26
[251]
T1,0,0,42,4
T2,1,1,129,7
T3,2,0,167,22
T4,3,1,200,2
[252]
T1,0,0,200,4
T2,1,0,52,2
T3,2,1,180,9
T4,3,0,113,19
[253]
T1,0,1,200,3
T2,1,0,94,2
T3,2,1,172,38
T4,3,1,24,2
[254]
T1,0,0,46,2
T2,1,0,200,14
T3,2,0,149,18
T4,3,0,129,11
[255]
T1,0,0,28,2
T2,1,1,173,2
T3,2,0,110,1
T4,3,1,200,49
[256]
T1,0,0,34,1
T2,1,0,147,18
T3,2,1,162,12
T4,3,1,200,14
[257]
T1,0,0,95,1
T2,1,1,44,5
T3,2,0,173,15
T4,3,0,200,14
[258]
T1,0,0,200,32
T2,1,1,38,2
T3,2,1,132,13
T4,3,0,177,6
[259]
T1,0,1,143,6
T2,1,1,167,4
T3,2,1,34,7
T4,3,0,200,2
[260]
T1,0,1,159,1
T2,1,0,200,1
T3,2,0,60,4
T4,3,0,20,4
[261]
T1,0,1,200,22
T2,1,0,107,3
T3,2,1,150,10
T4,3,0,29,2
[262]
T1,0,1,41,4
T2,1,1,113,19
T3,2,1,178,1
T4,3,0,200,3
[263]
T1,0,1,127,2
T2,1,0,200,14
T3,2,1,166,21
T4,3,1,51,3
[264]
T1,0,0,197,24
T2,1,0,105,6
T3,2,1,200,15
T4,3,0,46,1
[265]
T1,0,0,138,7
T2,1,1,200,21
T3,2,1,163,14
T4,3,1,24,1
[266]
T1,0,1,20,2
T2,1,0,76,2
T3,2,0,179,20
T4,3,1,200,27
[267]
T1,0,1,119,3
T2,1,1,50,2
T3,2,0,177,44
T4,3,0,200,2
[268]
T1,0,1,53,2
T2,1,0,165,8
T3,2,0,67,6
T4,3,1,200,21
[269]
T1,0,0,39,2
T2,1,1,168,5
T3,2,1,55,3
T4,3,1,200,31
[270]
T1,0,0,200,2
T2,1,1,46,2
T3,2,0,97,25
T4,3,0,152,4
[271]
T1,0,0,21,2
T2,1,0,95,5
T3,2,0,164,19
T4,3,1,200,4
[272]
T1,0,0,51,3
T2,1,0,200,9
T3,2,0,134,2
T4,3,1,154,24
[273]
T1,0,1,200,23
T2,1,0,120,7
T3,2,1,166,2
T4,3,0,37,4
[274]
T1,0,1,200,11
T2,1,1,68,1
T3,2,1,161,20
T4,3,1,28,2
[275]
T1,0,1,120,9
T2,1,1,34,2
T3,2,0,200,25
T4,3,0,153,13
[276]
T1,0,1,83,2
T2,1,0,48,9
T3,2,0,191,5
T4,3,1,200,12
[277]
T1,0,1,200,7
T2,1,0,99,5
T3,2,0,36,1
T4,3,1,182,27
[278]
T1,0,0,184,19
T2,1,1,96,11
T3,2,1,22,2
T4,3,1,200,13
[279]
T1,0,0,200,1
T2,1,1,181,21
T3,2,0,44,1
T4,3,0,78,11
[280]
T1,0,0,200,2
T2,1,0,162,7
T3,2,1,40,4
T4,3,1,136,17
[281]
T1,0,1,200,32
T2,1,0,160,2
T3,2,1,89,8
T4,3,1,35,1
[282]
T1,0,0,55,2
T2,1,1,200,17
T3,2,1,31,2
T4,3,0,174,17
[283]
T1,0,1,154,5
T2,1,0,200,11
T3,2,0,27,4
T4,3,1,88,3
[284]
T1,0,0,200,2
T2,1,0,38,1
T3,2,1,190,3
T4,3,0,97,23
[285]
T1,0,1,51,2
T2,1,0,175,13
T3,2,0,137,13
T4,3,0,200,21
[286]
T1,0,0,144,13
T2,1,0,158,6
T3,2,0,44,6
T4,3,1,200,3
[287]
T1,0,0,160,1
T2,1,0,42,6
T3,2,1,200,11
T4,3,0,128,8
[288]
T1,0,0,95,3
T2,1,0,159,17
T3,2,1,40,3
T4,3,1,200,13
[289]
T1,0,0,58,9
T2,1,1,200,10
T3,2,0,174,1
T4,3,1,50,3
[290]
T1,0,0,200,20
T2,1,0,143,2
T3,2,0,29,2
T4,3,0,194,18
[291]
T1,0,1,129,14
T2,1,0,200,9
T3,2,0,29,2
T4,3,0,157,17
[292]
T1,0,1,191,1
T2,1,0,22,1
T3,2,0,200,11
T4,3,1,121,19
[293]
T1,0,1,56,1
T2,1,1,166,18
T3,2,0,200,18
T4,3,0,52,3
[294]
T1,0,0,174,19
T2,1,1,140,11
T3,2,0,200,19
T4,3,1,33,2
[295]
T1,0,0,46,2
T2,1,1,137,17
T3,2,1,156,12
T4,3,0,200,17
[296]
T1,0,0,45,2
T2,1,1,200,46
T3,2,1,180,7
T4,3,1,66,1
[297]
T1,0,1,38,2
T2,1,1,198,6
T3,2,0,200,3
T4,3,0,139,33
[298]
T1,0,1,166,13
T2,1,1,68,2
T3,2,0,200,19
T4,3,1,25,2
[299]
T1,0,1,198,9
T2,1,0,63,14
T3,2,0,40,2
T4,3,1,200,1
[300]
T1,0,1,46,2
T2,1,0,200,36
T3,2,0,160,13
T4,3,0,137,2
[301]
T1,0,1,77,6
T2,1,1,46,7
T3,2,0,200,6
T4,3,0,199,2
[302]
T1,0,1,58,11
T2,1,0,21,2
T3,2,1,200,12
T4,3,1,171,6
[303]
T1,0,0,176,11
T2,1,0,143,14
T3,2,1,30,2
T4,3,1,200,12
[304]
T1,0,1,52,1
T2,1,0,200,20
T3,2,1,61,9
T4,3,1,191,1
[305]
T1,0,1,48,3
T2,1,0,189,6
T3,2,1,200,34
T4,3,0,107,2
[306]
T1,0,1,193,27
T2,1,1,77,6
T3,2,1,46,3
T4,3,1,200,1
[307]
T1,0,1,200,10
T2,1,0,32,2
T3,2,0,178,7
T4,3,0,77,13
[308]
T1,0,1,184,22
T2,1,1,109,3
T3,2,0,200,11
T4,3,1,30,2
[309]
T1,0,0,166,9
T2,1,0,138,10
T3,2,1,32,2
T4,3,1,200,30
[310]
T1,0,1,200,4
T2,1,1,42,5
T3,2,0,155,20
T4,3,0,140,1
[311]
T1,0,1,76,2
T2,1,0,200,4
T3,2,1,42,8
T4,3,0,161,7
[312]
T1,0,1,113,1
T2,1,1,200,23
T3,2,1,36,2
T4,3,0,163,14
[313]
T1,0,1,138,26
T2,1,0,177,16
T3,2,1,33,2
T4,3,0,200,2
[314]
T1,0,0,110,6
T2,1,1,40,1
T3,2,1,200,11
T4,3,0,157,25
[315]
T1,0,0,200,3
T2,1,0,46,8
T3,2,1,163,10
T4,3,1,131,5
[316]
T1,0,1,52,1
T2,1,1,200,5
T3,2,1,191,36
T4,3,1,132,7
[317]
T1,0,1,200,13
T2,1,0,119,15
T3,2,0,40,1
T4,3,1,173,11
[318]
T1,0,1,200,15
T2,1,1,51,2
T3,2,1,183,34
T4,3,1,139,4
[319]
T1,0,0,29,1
T2,1,1,81,4
T3,2,1,200,27
T4,3,0,171,10
[320]
T1,0,1,177,2
T2,1,0,200,21
T3,2,1,145,7
T4,3,1,26,3
[321]
T1,0,1,52,8
T2,1,1,69,2
T3,2,1,165,9
T4,3,1,200,16
[322]
T1,0,1,25,2
T2,1,0,200,17
T3,2,0,62,2
T4,3,0,161,13
[323]
T1,0,0,79,6
T2,1,0,34,1
T3,2,0,187,2
T4,3,1,200,32
[324]
T1,0,1,30,2
T2,1,0,101,14
T3,2,0,200,27
T4,3,1,189,1
[325]
T1,0,0,200,5
T2,1,1,152,18
T3,2,1,25,2
T4,3,1,88,4
[326]
T1,0,1,23,2
T2,1,1,200,22
T3,2,0,131,7
T4,3,1,154,14
[327]
T1,0,1,200,8
T2,1,0,40,9
T3,2,0,179,1
T4,3,0,76,1
[328]
T1,0,1,62,3
T2,1,0,200,5
T3,2,0,175,32
T4,3,1,24,2
[329]
T1,0,0,200,18
T2,1,0,76,2
T3,2,1,176,4
T4,3,1,38,5
[330]
T1,0,1,95,12
T2,1,0,33,2
T3,2,0,172,24
T4,3,1,200,1
[331]
T1,0,0,21,1
T2,1,0,148,18
T3,2,0,200,4
T4,3,1,98,8
[332]
T1,0,1,200,26
T2,1,1,21,1
T3,2,0,77,2
T4,3,1,170,7
[333]
T1,0,1,200,27
T2,1,1,194,9
T3,2,0,39,2
T4,3,0,131,14
[334]
T1,0,0,184,10
T2,1,0,200,9
T3,2,0,35,5
T4,3,0,98,2
[335]
T1,0,1,150,2
T2,1,1,37,1
T3,2,0,101,6
T4,3,1,200,35
[336]
T1,0,0,193,3
T2,1,0,200,45
T3,2,1,44,1
T4,3,0,84,1
[337]
T1,0,0,132,5
T2,1,0,200,4
T3,2,1,27,3
T4,3,1,175,22
[338]
T1,0,1,124,12
T2,1,0,200,14
T3,2,1,192,6
T4,3,0,28,2
[339]
T1,0,1,200,14
T2,1,0,26,2
T3,2,0,166,9
T4,3,0,70,11
[340]
T1,0,0,200,25
T2,1,0,51,5
T3,2,0,180,6
T4,3,0,130,4
[341]
T1,0,1,71,9
T2,1,0,199,3
T3,2,1,200,27
T4,3,1,36,2
[342]
T1,0,0,152,5
T2,1,1,114,2
T3,2,1,200,24
T4,3,1,36,4
[343]
T1,0,1,177,5
T2,1,0,52,7
T3,2,0,200,3
T4,3,1,108,11
[344]
T1,0,0,182,7
T2,1,0,101,12
T3,2,1,49,2
T4,3,1,200,15
[345]
T1,0,1,72,11
T2,1,0,200,18
T3,2,0,46,1
T4,3,1,189,3
[346]
T1,0,0,200,9
T2,1,0,116,18
T3,2,0,196,7
T4,3,1,38,1
[347]
T1,0,1,179,10
T2,1,1,200,2
T3,2,0,131,7
T4,3,0,38,6
[348]
T1,0,0,56,5
T2,1,0,20,1
T3,2,0,174,1
T4,3,1,200,19
[349]
T1,0,0,184,12
T2,1,0,105,3
T3,2,0,200,34
T4,3,0,49,1
[350]
T1,0,1,190,11
T2,1,1,200,28
T3,2,0,51,2
T4,3,0,129,7
[351]
T1,0,0,200,11
T2,1,1,168,14
T3,2,0,141,19
T4,3,0,26,2
[352]
T1,0,1,200,19
T2,1,1,49,5
T3,2,1,190,13
T4,3,1,95,2
[353]
T1,0,1,130,5
T2,1,0,200,13
T3,2,1,174,8
T4,3,0,33,4
[354]
T1,0,0,68,6
T2,1,0,47,4
T3,2,1,200,1
T4,3,1,152,15
[355]
T1,0,0,42,4
T2,1,0,170,6
T3,2,1,128,7
T4,3,0,200,20
[356]
T1,0,1,194,25
T2,1,0,200,5
T3,2,0,141,10
T4,3,0,27,1
[357]
T1,0,1,40,1
T2,1,1,200,37
T3,2,0,164,4
T4,3,1,78,3
[358]
T1,0,1,200,19
T2,1,1,157,10
T3,2,1,106,13
T4,3,1,50,2
[359]
T1,0,0,88,6
T2,1,1,28,1
T3,2,0,200,16
T4,3,0,192,16
[360]
T1,0,1,108,4
T2,1,1,22,2
T3,2,1,200,28
T4,3,1,175,17
[361]
T1,0,0,200,27
T2,1,1,61,2
T3,2,1,22,1
T4,3,0,173,12
[362]
T1,0,0,86,11
T2,1,1,200,22
T3,2,0,33,2
T4,3,1,155,7
[363]
T1,0,1,161,3
T2,1,0,49,4
T3,2,0,200,6
T4,3,0,64,10
[364]
T1,0,0,200,10
T2,1,0,196,4
T3,2,1,51,7
T4,3,1,144,9
[365]
T1,0,0,200,16
T2,1,1,193,2
T3,2,0,146,20
T4,3,1,50,3
[366]
T1,0,1,170,16
T2,1,1,22,2
T3,2,1,87,14
T4,3,1,200,2
[367]
T1,0,1,186,3
T2,1,0,147,24
T3,2,0,200,6
T4,3,0,47,3
[368]
T1,0,1,43,4
T2,1,0,192,4
T3,2,1,200,30
T4,3,1,72,1
[369]
T1,0,0,200,28
T2,1,1,74,1
T3,2,1,192,14
T4,3,0,42,2
[370]
T1,0,0,141,3
T2,1,0,200,5
T3,2,0,149,19
T4,3,1,22,2
[371]
T1,0,0,52,1
T2,1,1,99,19
T3,2,0,200,2
T4,3,0,196,13
[372]
T1,0,1,200,13
T2,1,0,50,1
T3,2,0,174,10
T4,3,1,132,18
[373]
T1,0,1,162,12
T2,1,0,200,18
T3,2,0,96,12
T4,3,1,36,2
[374]
T1,0,0,200,25
T2,1,0,26,2
T3,2,1,170,2
T4,3,1,139,21
[375]
T1,0,1,104,2
T2,1,1,196,18
T3,2,1,40,4
T4,3,0,200,13
[376]
T1,0,1,182,28
T2,1,1,146,9
T3,2,1,36,2
T4,3,0,200,14
[377]
T1,0,1,52,2
T2,1,1,200,33
T3,2,1,141,13
T4,3,1,175,4
[378]
T1,0,1,174,35
T2,1,1,121,5
T3,2,1,200,2
T4,3,0,32,1
[379]
T1,0,1,196,12
T2,1,0,200,33
T3,2,1,75,5
T4,3,1,40,2
[380]
T1,0,0,24,2
T2,1,0,171,25
T3,2,1,200,3
T4,3,0,106,4
[381]
T1,0,0,29,1
T2,1,0,200,1
T3,2,0,150,4
T4,3,0,123,26
[382]
T1,0,0,21,2
T2,1,0,104,2
T3,2,1,200,2
T4,3,1,149,23
[383]
T1,0,1,102,9
T2,1,1,170,2
T3,2,0,200,26
T4,3,1,35,2
[384]
T1,0,0,113,9
T2,1,1,48,2
T3,2,1,200,27
T4,3,0,199,13
[385]
T1,0,1,200,2
T2,1,1,44,11
T3,2,1,167,2
T4,3,0,135,3
[386]
T1,0,0,27,1
T2,1,0,200,10
T3,2,1,162,30
T4,3,1,138,1
[387]
T1,0,1,200,5
T2,1,1,177,22
T3,2,0,50,2
T4,3,1,116,11
[388]
T1,0,0,164,18
T2,1,1,200,1
T3,2,0,147,24
T4,3,0,23,2
[389]
T1,0,0,79,4
T2,1,0,52,7
T3,2,0,200,13
T4,3,0,152,5
[390]
T1,0,1,195,2
T2,1,1,57,11
T3,2,0,200,16
T4,3,1,37,2
[391]
T1,0,0,173,17
T2,1,1,200,16
T3,2,0,111,7
T4,3,0,52,2
[392]
T1,0,0,71,1
T2,1,0,25,2
T3,2,0,200,10
T4,3,1,179,39
[393]
T1,0,1,200,18
T2,1,1,28,2
T3,2,0,166,17
T4,3,1,89,1
[394]
T1,0,1,26,2
T2,1,0,164,2
T3,2,1,200,33
T4,3,0,88,3
[395]
T1,0,0,200,15
T2,1,0,151,26
T3,2,0,33,1
T4,3,1,138,1
[396]
T1,0,1,200,16
T2,1,1,127,1
T3,2,1,161,11
T4,3,1,24,3
[397]
T1,0,1,26,2
T2,1,0,59,4
T3,2,1,155,11
T4,3,0,200,23
[398]
T1,0,1,200,15
T2,1,1,30,3
T3,2,1,66,1
T4,3,0,179,14
[399]
T1,0,1,92,1
T2,1,1,36,5
T3,2,0,173,13
T4,3,0,200,9
[400]
T1,0,1,179,18
T2,1,1,22,2
T3,2,0,200,20
T4,3,0,112,10
[401]
T1,0,0,27,2
T2,1,0,200,8
T3,2,0,169,7
T4,3,0,143,19
[402]
T1,0,1,177,5
T2,1,0,200,24
T3,2,0,39,4
T4,3,0,73,2
[403]
T1,0,1,200,19
T2,1,1,182,7
T3,2,1,47,5
T4,3,1,135,6
[404]
T1,0,1,79,2
T2,1,1,200,10
T3,2,0,33,5
T4,3,0,182,15
[405]
T1,0,1,200,1
T2,1,1,24,3
T3,2,1,187,7
T4,3,0,120,10
[406]
T1,0,0,189,2
T2,1,0,108,1
T3,2,1,45,10
T4,3,1,200,7
[407]
T1,0,0,200,28
T2,1,0,180,20
T3,2,0,39,2
T4,3,1,128,2
[408]
T1,0,1,181,16
T2,1,1,25,2
T3,2,0,105,13
T4,3,0,200,12
[409]
T1,0,1,200,3
T2,1,1,199,9
T3,2,1,40,3
T4,3,1,88,11
[410]
T1,0,0,175,3
T2,1,1,200,27
T3,2,1,128,13
T4,3,0,30,1
[411]
T1,0,0,200,11
T2,1,0,52,10
T3,2,0,168,2
T4,3,0,92,3
[412]
T1,0,1,200,11
T2,1,0,36,7
T3,2,1,106,2
T4,3,1,161,6
[413]
T1,0,0,48,1
T2,1,0,161,6
T3,2,1,82,17
T4,3,0,200,3
[414]
T1,0,0,116,12
T2,1,1,37,2
T3,2,1,200,13
T4,3,1,156,18
[415]
T1,0,0,200,18
T2,1,1,96,6
T3,2,1,29,2
T4,3,0,198,12
[416]
T1,0,0,190,17
T2,1,1,78,3
T3,2,1,200,2
T4,3,1,42,6
[417]
T1,0,1,150,2
T2,1,1,25,2
T3,2,1,108,15
T4,3,0,200,23
[418]
T1,0,0,200,3
T2,1,0,51,7
T3,2,0,70,7
T4,3,0,170,4
[419]
T1,0,1,70,9
T2,1,0,200,20
T3,2,1,170,9
T4,3,1,34,2
[420]
T1,0,0,178,14
T2,1,0,200,14
T3,2,1,54,3
T4,3,0,81,6
[421]
T1,0,1,200,7
T2,1,0,31,2
T3,2,1,108,14
T4,3,1,162,15
[422]
T1,0,1,32,3
T2,1,0,200,6
T3,2,0,114,9
T4,3,0,165,14
[423]
T1,0,1,200,18
T2,1,0,48,6
T3,2,0,92,6
T4,3,1,193,2
[424]
T1,0,0,35,7
T2,1,1,56,1
T3,2,1,177,1
T4,3,0,200,7
[425]
T1,0,0,42,11
T2,1,1,130,1
T3,2,0,168,2
T4,3,1,200,2
[426]
T1,0,0,26,3
T2,1,1,168,14
T3,2,1,105,2
T4,3,1,200,16
[427]
T1,0,0,27,2
T2,1,0,200,40
T3,2,0,103,1
T4,3,1,194,10
[428]
T1,0,0,21,1
T2,1,0,160,32
T3,2,1,122,4
T4,3,0,200,2
[429]
T1,0,0,200,2
T2,1,0,140,4
T3,2,1,171,13
T4,3,1,44,8
[430]
T1,0,1,30,3
T2,1,0,158,2
T3,2,0,145,16
T4,3,0,200,8
[431]
T1,0,0,34,2
T2,1,1,95,7
T3,2,1,184,5
T4,3,1,200,20
[432]
T1,0,1,113,2
T2,1,1,190,5
T3,2,1,200,18
T4,3,1,40,6
[433]
T1,0,1,200,12
T2,1,0,87,6
T3,2,1,46,3
T4,3,1,178,15
[434]
T1,0,0,191,9
T2,1,1,38,3
T3,2,1,66,5
T4,3,0,200,14
[435]
T1,0,1,155,12
T2,1,1,37,4
T3,2,1,200,3
T4,3,0,137,10
[436]
T1,0,1,200,33
T2,1,1,24,2
T3,2,1,150,12
T4,3,0,110,1
[437]
T1,0,0,133,2
T2,1,0,200,25
T3,2,1,158,22
T4,3,0,23,2
[438]
T1,0,0,101,2
T2,1,1,169,14
T3,2,0,30,1
T4,3,0,200,31
[439]
T1,0,0,20,3
T2,1,0,200,2
T3,2,1,191,22
T4,3,0,83,1
[440]
T1,0,1,105,25
T2,1,0,148,6
T3,2,0,52,2
T4,3,1,200,2
[441]
T1,0,0,112,8
T2,1,1,36,2
T3,2,0,200,15
T4,3,1,156,14
[442]
T1,0,0,153,1
T2,1,0,121,9
T3,2,1,45,2
T4,3,0,200,40
[443]
T1,0,0,200,8
T2,1,1,176,41
T3,2,1,94,1
T4,3,1,44,2
[444]
T1,0,0,152,38
T2,1,0,200,2
T3,2,1,84,2
T4,3,0,33,1
[445]
T1,0,1,200,29
T2,1,0,171,13
T3,2,1,115,2
T4,3,1,48,2
[446]
T1,0,1,200,13
T2,1,1,139,23
T3,2,0,175,10
T4,3,0,34,2
[447]
T1,0,1,200,6
T2,1,1,100,17
T3,2,1,49,3
T4,3,0,176,2
[448]
T1,0,1,200,19
T2,1,1,156,2
T3,2,0,32,1
T4,3,1,83,13
[449]
T1,0,0,44,2
T2,1,1,200,22
T3,2,0,179,24
T4,3,1,94,3
[450]
T1,0,1,191,8
T2,1,1,200,8
T3,2,1,117,8
T4,3,1,38,5
[451]
T1,0,0,200,20
T2,1,1,179,6
T3,2,1,77,6
T4,3,0,27,1
[452]
T1,0,1,27,2
T2,1,0,180,16
T3,2,0,90,2
T4,3,1,200,33
[453]
T1,0,0,200,40
T2,1,1,145,2
T3,2,0,181,2
T4,3,0,23,1
[454]
T1,0,0,67,6
T2,1,1,183,3
T3,2,1,200,11
T4,3,1,42,5
[455]
T1,0,0,200,8
T2,1,0,141,2
T3,2,1,20,3
T4,3,0,147,12
[456]
T1,0,1,50,3
T2,1,0,166,10
T3,2,0,200,11
T4,3,1,139,14
[457]
T1,0,1,124,2
T2,1,0,37,2
T3,2,0,200,37
T4,3,1,152,13
[458]
T1,0,0,200,31
T2,1,1,52,2
T3,2,0,141,19
T4,3,0,157,2
[459]
T1,0,0,21,4
T2,1,0,200,10
T3,2,1,173,2
T4,3,1,83,2
[460]
T1,0,1,124,8
T2,1,0,189,2
T3,2,1,200,15
T4,3,1,44,6
[461]
T1,0,0,200,1
T2,1,1,52,5
T3,2,0,126,1
T4,3,0,197,36
[462]
T1,0,1,69,4
T2,1,0,200,2
T3,2,0,54,3
T4,3,1,147,23
[463]
T1,0,0,110,17
T2,1,0,200,13
T3,2,1,165,5
T4,3,0,37,1
[464]
T1,0,0,80,10
T2,1,0,38,1
T3,2,0,200,2
T4,3,1,188,24
[465]
T1,0,1,50,5
T2,1,1,103,11
T3,2,1,185,11
T4,3,1,200,5
[466]
T1,0,0,40,2
T2,1,0,183,14
T3,2,1,144,30
T4,3,0,200,2
[467]
T1,0,1,187,14
T2,1,1,46,2
T3,2,1,128,15
T4,3,1,200,18
[468]
T1,0,0,38,1
T2,1,0,200,30
T3,2,0,61,2
T4,3,0,173,16
[469]
T1,0,1,26,1
T2,1,0,200,3
T3,2,1,57,6
T4,3,1,163,15
[470]
T1,0,1,146,29
T2,1,1,200,1
T3,2,0,171,2
T4,3,0,24,2
[471]
T1,0,1,44,5
T2,1,0,200,13
T3,2,0,140,2
T4,3,0,154,14
[472]
T1,0,1,175,16
T2,1,0,42,5
T3,2,1,67,4
T4,3,1,200,2
[473]
T1,0,0,200,5
T2,1,1,153,32
T3,2,1,51,1
T4,3,1,138,5
[474]
T1,0,0,200,4
T2,1,0,177,17
T3,2,0,55,1
T4,3,0,21,3
[475]
T1,0,1,22,2
T2,1,0,200,21
T3,2,0,150,10
T4,3,1,97,1
[476]
T1,0,0,200,12
T2,1,0,50,10
T3,2,0,163,4
T4,3,0,61,2
[477]
T1,0,1,184,24
T2,1,1,200,6
T3,2,0,23,2
T4,3,1,64,2
[478]
T1,0,0,170,7
T2,1,0,136,6
T3,2,1,200,40
T4,3,0,34,2
[479]
T1,0,1,200,25
T2,1,0,39,2
T3,2,0,91,5
T4,3,0,180,5
[480]
T1,0,0,173,30
T2,1,0,146,3
T3,2,1,38,1
T4,3,0,200,12
[481]
T1,0,0,168,20
T2,1,1,200,9
T3,2,1,43,4
T4,3,1,137,2
[482]
T1,0,0,200,14
T2,1,0,157,9
T3,2,0,80,4
T4,3,0,20,2
[483]
T1,0,1,196,2
T2,1,0,35,4
T3,2,0,200,30
T4,3,0,116,2
[484]
T1,0,1,113,2
T2,1,0,157,25
T3,2,1,36,2
T4,3,0,200,24
[485]
T1,0,1,40,4
T2,1,0,200,17
T3,2,0,199,1
T4,3,1,66,6
[486]
T1,0,0,84,2
T2,1,0,200,31
T3,2,1,177,14
T4,3,0,50,2
[487]
T1,0,1,127,9
T2,1,1,42,2
T3,2,1,198,16
T4,3,0,200,13
[488]
T1,0,1,109,2
T2,1,0,200,14
T3,2,1,187,33
T4,3,1,52,1
[489]
T1,0,0,200,25
T2,1,0,177,4
T3,2,1,33,2
T4,3,1,97,13
[490]
T1,0,1,200,36
T2,1,1,135,3
T3,2,1,188,17
T4,3,0,39,2
[491]
T1,0,0,200,7
T2,1,1,152,1
T3,2,0,70,2
T4,3,0,50,12
[492]
T1,0,1,156,7
T2,1,0,121,19
T3,2,0,20,1
T4,3,1,200,1
[493]
T1,0,1,58,1
T2,1,1,163,1
T3,2,0,200,42
T4,3,1,38,1
[494]
T1,0,1,45,2
T2,1,1,199,38
T3,2,0,136,1
T4,3,0,200,9
[495]
T1,0,1,176,5
T2,1,1,90,10
T3,2,1,54,2
T4,3,1,200,27
[496]
T1,0,0,190,11
T2,1,1,39,2
T3,2,1,75,4
T4,3,0,200,32
[497]
T1,0,0,25,2
T2,1,1,183,6
T3,2,1,117,15
T4,3,1,200,5
[498]
T1,0,0,38,4
T2,1,0,129,8
T3,2,0,200,9
T4,3,0,189,12
[499]
T1,0,1,28,4
T2,1,1,103,9
T3,2,1,200,2
T4,3,1,153,6
[500]
T1,0,1,129,1
T2,1,1,177,12
T3,2,0,21,4
T4,3,1,200,4
