num_task_per_taskset=4
num_taskset=500
//ID,Priority,Offset,Period,Execution Time
[1]
T1,0,0,200,7
T2,1,1,116,7
T3,2,0,35,2
T4,3,0,183,34
[2]
T1,0,0,87,8
T2,1,1,171,3
T3,2,0,200,18
T4,3,0,26,2
[3]
T1,0,0,165,4
T2,1,1,200,5
T3,2,0,25,4
T4,3,0,109,8
[4]
T1,0,0,200,3
T2,1,1,150,14
T3,2,0,93,10
T4,3,1,54,3
[5]
T1,0,0,96,12
T2,1,1,200,11
T3,2,1,47,2
T4,3,0,158,15
[6]
T1,0,1,102,3
T2,1,1,35,2
T3,2,1,200,23
T4,3,0,197,25
[7]
T1,0,0,112,2
T2,1,1,200,17
T3,2,0,152,14
T4,3,0,42,4
[8]
T1,0,1,111,1
T2,1,1,200,18
T3,2,1,149,19
T4,3,1,35,2
[9]
T1,0,0,35,1
T2,1,1,194,39
T3,2,1,124,1
T4,3,0,200,9
[10]
T1,0,0,128,6
T2,1,1,200,11
T3,2,0,159,15
T4,3,0,34,3
[11]
T1,0,0,200,5
T2,1,1,38,6
T3,2,0,186,20
T4,3,0,67,2
[12]
T1,0,0,148,15
T2,1,1,200,2
T3,2,1,21,1
T4,3,1,56,5
[13]
T1,0,0,31,1
T2,1,0,200,5
T3,2,1,178,21
T4,3,1,95,10
[14]
T1,0,1,171,2
T2,1,0,200,5
T3,2,1,44,1
T4,3,1,108,23
[15]
T1,0,1,22,2
T2,1,0,182,14
T3,2,0,200,27
T4,3,0,141,6
[16]
T1,0,0,148,4
T2,1,1,37,2
T3,2,1,200,23
T4,3,0,91,9
[17]
T1,0,0,200,16
T2,1,0,177,23
T3,2,1,51,1
T4,3,0,98,6
[18]
T1,0,0,83,1
T2,1,1,169,1
T3,2,1,40,7
T4,3,1,200,16
[19]
T1,0,0,135,1
T2,1,0,157,12
T3,2,0,200,7
T4,3,0,54,9
[20]
T1,0,0,200,29
T2,1,1,59,3
T3,2,1,25,1
T4,3,1,184,9
[21]
T1,0,1,53,3
T2,1,0,95,13
T3,2,0,200,4
T4,3,0,172,12
[22]
T1,0,0,32,3
T2,1,1,175,4
T3,2,1,89,7
T4,3,0,200,18
[23]
T1,0,0,149,1
T2,1,0,30,2
T3,2,1,200,17
T4,3,0,116,12
[24]
T1,0,0,63,4
T2,1,1,200,14
T3,2,1,163,4
T4,3,0,36,4
[25]
T1,0,0,158,15
T2,1,0,39,3
T3,2,1,200,11
T4,3,0,97,5
[26]
T1,0,0,183,35
T2,1,1,136,1
T3,2,0,21,2
T4,3,0,200,18
[27]
T1,0,1,54,7
T2,1,1,148,7
T3,2,1,67,3
T4,3,1,200,14
[28]
T1,0,0,59,3
T2,1,1,200,12
T3,2,0,25,2
T4,3,1,148,23
[29]
T1,0,1,200,24
T2,1,0,180,3
T3,2,1,124,6
T4,3,1,36,3
[30]
T1,0,0,44,2
T2,1,0,175,10
T3,2,1,124,8
T4,3,0,200,32
[31]
T1,0,0,25,1
T2,1,1,200,4
T3,2,1,66,11
T4,3,1,188,8
[32]
T1,0,0,171,15
T2,1,1,200,9
T3,2,1,26,2
T4,3,0,113,8
[33]
T1,0,0,159,10
T2,1,0,128,10
T3,2,1,200,15
T4,3,1,52,3
[34]
T1,0,1,150,19
T2,1,1,58,3
T3,2,1,51,5
T4,3,1,200,2
[35]
T1,0,1,186,1
T2,1,1,39,2
T3,2,0,200,12
T4,3,0,137,30
[36]
T1,0,0,200,23
T2,1,1,144,8
T3,2,0,53,1
T4,3,1,180,16
[37]
T1,0,1,75,16
T2,1,0,156,2
T3,2,0,200,9
T4,3,1,36,2
[38]
T1,0,0,27,4
T2,1,1,56,2
T3,2,1,200,6
T4,3,0,175,8
[39]
T1,0,1,79,1
T2,1,0,164,34
T3,2,1,51,1
T4,3,0,200,7
[40]
T1,0,0,31,2
T2,1,0,153,27
T3,2,1,102,2
T4,3,0,200,16
[41]
T1,0,0,200,2
T2,1,1,90,13
T3,2,0,172,24
T4,3,1,50,2
[42]
T1,0,1,34,2
T2,1,0,189,46
T3,2,1,200,3
T4,3,0,100,1
[43]
T1,0,1,177,2
T2,1,0,106,5
T3,2,0,45,2
T4,3,1,200,32
[44]
T1,0,0,153,32
T2,1,1,133,2
T3,2,0,52,2
T4,3,1,200,8
[45]
T1,0,1,152,13
T2,1,1,40,6
T3,2,0,200,5
T4,3,0,115,2
[46]
T1,0,1,142,2
T2,1,1,200,18
T3,2,1,24,4
T4,3,1,190,1
[47]
T1,0,1,200,10
T2,1,1,148,5
T3,2,0,134,5
T4,3,0,39,6
[48]
T1,0,1,44,5
T2,1,0,200,9
T3,2,1,86,6
T4,3,1,197,13
[49]
T1,0,1,200,2
T2,1,0,25,2
T3,2,0,181,2
T4,3,0,128,33
[50]
T1,0,0,135,23
T2,1,1,200,17
T3,2,0,32,2
T4,3,0,179,2
[51]
T1,0,0,192,24
T2,1,0,200,6
T3,2,1,87,3
T4,3,1,46,4
[52]
T1,0,0,200,6
T2,1,1,76,7
T3,2,1,165,2
T4,3,1,33,5
[53]
T1,0,0,44,1
T2,1,0,135,2
T3,2,0,200,19
T4,3,1,193,29
[54]
T1,0,1,185,26
T2,1,0,200,6
T3,2,1,38,3
T4,3,0,126,5
[55]
T1,0,0,160,8
T2,1,1,56,4
T3,2,1,40,2
T4,3,1,200,29
[56]
T1,0,1,171,37
T2,1,1,200,3
T3,2,1,22,2
T4,3,1,138,6
[57]
T1,0,0,200,17
T2,1,1,161,18
T3,2,1,35,2
T4,3,1,59,1
[58]
T1,0,0,193,3
T2,1,1,50,9
T3,2,0,63,2
T4,3,1,200,11
[59]
T1,0,1,200,26
T2,1,0,116,5
T3,2,0,46,4
T4,3,1,186,3
[60]
T1,0,1,93,2
T2,1,1,171,31
T3,2,0,26,2
T4,3,0,200,2
[61]
T1,0,1,200,10
T2,1,1,48,8
T3,2,0,189,10
T4,3,1,80,2
[62]
T1,0,0,57,3
T2,1,1,200,21
T3,2,1,198,8
T4,3,1,49,4
[63]
T1,0,1,32,2
T2,1,1,96,15
T3,2,0,200,3
T4,3,0,156,6
[64]
T1,0,1,93,9
T2,1,0,160,2
T3,2,1,200,24
T4,3,1,24,1
[65]
T1,0,0,25,1
T2,1,1,163,11
T3,2,0,200,12
T4,3,1,63,7
[66]
T1,0,0,165,5
T2,1,0,200,3
T3,2,1,31,2
T4,3,1,145,34
[67]
T1,0,1,194,27
T2,1,0,200,5
T3,2,1,60,7
T4,3,1,20,2
[68]
T1,0,0,179,29
T2,1,0,45,2
T3,2,0,200,10
T4,3,0,147,11
[69]
T1,0,1,65,4
T2,1,0,46,4
T3,2,0,197,21
T4,3,0,200,4
[70]
T1,0,0,117,11
T2,1,0,200,29
T3,2,0,185,9
T4,3,1,45,2
[71]
T1,0,1,187,12
T2,1,0,30,3
T3,2,1,200,21
T4,3,1,138,2
[72]
T1,0,0,44,3
T2,1,1,67,8
T3,2,1,177,2
T4,3,1,200,18
[73]
T1,0,0,200,27
T2,1,1,36,2
T3,2,1,146,3
T4,3,0,193,22
[74]
T1,0,0,21,2
T2,1,0,90,1
T3,2,0,166,4
T4,3,1,200,27
[75]
T1,0,0,200,5
T2,1,0,28,2
T3,2,0,155,36
T4,3,0,131,4
[76]
T1,0,0,178,20
T2,1,1,200,6
T3,2,0,87,8
T4,3,0,25,1
[77]
T1,0,1,184,9
T2,1,0,129,10
T3,2,1,39,1
T4,3,0,200,26
[78]
T1,0,1,135,22
T2,1,0,39,2
T3,2,1,200,5
T4,3,0,147,7
[79]
T1,0,0,200,16
T2,1,1,195,8
T3,2,1,105,8
T4,3,1,35,3
[80]
T1,0,0,160,19
T2,1,0,26,2
T3,2,0,200,7
T4,3,1,79,9
[81]
T1,0,0,175,7
T2,1,1,21,1
T3,2,1,200,18
T4,3,0,82,7
[82]
T1,0,0,102,16
T2,1,1,200,1
T3,2,0,193,4
T4,3,1,44,4
[83]
T1,0,0,35,2
T2,1,1,200,28
T3,2,0,148,4
T4,3,0,79,7
[84]
T1,0,0,200,2
T2,1,0,82,17
T3,2,0,42,2
T4,3,1,158,3
[85]
T1,0,0,166,13
T2,1,1,54,2
T3,2,1,200,4
T4,3,0,36,5
[86]
T1,0,1,168,36
T2,1,1,200,5
T3,2,0,37,1
T4,3,1,142,2
[87]
T1,0,0,200,1
T2,1,0,198,27
T3,2,0,35,3
T4,3,1,117,5
[88]
T1,0,1,200,19
T2,1,0,90,1
T3,2,1,191,23
T4,3,1,34,1
[89]
T1,0,1,193,3
T2,1,0,100,17
T3,2,1,44,1
T4,3,0,200,13
[90]
T1,0,1,200,1
T2,1,1,142,21
T3,2,0,47,2
T4,3,0,170,20
[91]
T1,0,0,127,1
T2,1,1,174,24
T3,2,1,200,7
T4,3,1,33,3
[92]
T1,0,1,86,11
T2,1,1,200,13
T3,2,1,159,1
T4,3,1,45,4
[93]
T1,0,0,24,2
T2,1,1,138,2
T3,2,1,161,25
T4,3,1,200,20
[94]
T1,0,0,143,1
T2,1,0,195,13
T3,2,1,200,32
T4,3,1,27,1
[95]
T1,0,1,190,1
T2,1,1,110,14
T3,2,0,51,2
T4,3,1,200,21
[96]
T1,0,1,200,8
T2,1,0,54,9
T3,2,0,175,2
T4,3,1,111,6
[97]
T1,0,0,60,8
T2,1,0,24,2
T3,2,1,200,11
T4,3,0,186,2
[98]
T1,0,0,52,8
T2,1,1,200,13
T3,2,1,166,1
T4,3,0,145,8
[99]
T1,0,0,31,1
T2,1,0,180,14
T3,2,0,200,17
T4,3,0,135,11
[100]
T1,0,1,163,2
T2,1,1,98,7
T3,2,1,32,4
T4,3,1,200,14
[101]
T1,0,0,38,2
T2,1,1,200,2
T3,2,0,186,11
T4,3,0,84,16
[102]
T1,0,0,200,1
T2,1,0,50,2
T3,2,0,198,47
T4,3,1,86,3
[103]
T1,0,0,198,8
T2,1,1,105,2
T3,2,0,200,33
T4,3,1,23,1
[104]
T1,0,1,42,2
T2,1,1,61,2
T3,2,0,200,8
T4,3,1,191,37
[105]
T1,0,1,22,2
T2,1,0,178,20
T3,2,1,200,10
T4,3,0,120,13
[106]
T1,0,1,173,4
T2,1,1,110,11
T3,2,1,200,11
T4,3,1,30,3
[107]
T1,0,1,32,2
T2,1,0,200,44
T3,2,1,163,11
T4,3,1,135,2
[108]
T1,0,1,200,5
T2,1,0,183,12
T3,2,1,132,15
T4,3,0,44,3
[109]
T1,0,1,29,6
T2,1,1,200,8
T3,2,1,162,4
T4,3,1,142,2
[110]
T1,0,0,200,24
T2,1,0,125,1
T3,2,0,186,19
T4,3,0,20,1
[111]
T1,0,1,22,2
T2,1,1,200,6
T3,2,0,95,2
T4,3,1,181,43
[112]
T1,0,1,42,1
T2,1,0,57,1
T3,2,1,192,43
T4,3,0,200,1
[113]
T1,0,0,113,4
T2,1,1,200,3
T3,2,1,154,7
T4,3,0,41,7
[114]
T1,0,0,22,2
T2,1,1,200,9
T3,2,1,98,2
T4,3,1,190,44
[115]
T1,0,1,200,25
T2,1,0,24,1
T3,2,1,168,14
T4,3,1,60,2
[116]
T1,0,0,83,4
T2,1,0,158,10
T3,2,0,30,4
T4,3,1,200,6
[117]
T1,0,0,114,6
T2,1,1,33,3
T3,2,0,196,19
T4,3,0,200,10
[118]
T1,0,0,200,39
T2,1,0,50,3
T3,2,0,168,2
T4,3,1,69,2
[119]
T1,0,1,200,1
T2,1,1,45,4
T3,2,1,120,3
T4,3,1,147,23
[120]
T1,0,1,200,5
T2,1,1,60,7
T3,2,1,174,16
T4,3,0,50,2
[121]
T1,0,1,200,2
T2,1,0,98,9
T3,2,0,48,3
T4,3,0,199,23
[122]
T1,0,1,145,7
T2,1,1,51,3
T3,2,0,148,6
T4,3,0,200,25
[123]
T1,0,0,40,2
T2,1,0,200,38
T3,2,1,167,1
T4,3,0,78,2
[124]
T1,0,0,200,2
T2,1,1,100,3
T3,2,1,191,14
T4,3,1,23,4
[125]
T1,0,1,78,5
T2,1,0,195,7
T3,2,0,200,6
T4,3,1,20,3
[126]
T1,0,1,200,44
T2,1,0,33,2
T3,2,1,62,1
T4,3,1,182,7
[127]
T1,0,1,36,1
T2,1,0,100,12
T3,2,1,162,20
T4,3,1,200,1
[128]
T1,0,0,167,6
T2,1,1,200,13
T3,2,0,46,5
T4,3,1,65,3
[129]
T1,0,1,73,2
T2,1,0,49,2
T3,2,1,200,38
T4,3,1,188,12
[130]
T1,0,0,200,23
T2,1,0,150,15
T3,2,1,124,8
T4,3,1,26,2
[131]
T1,0,0,153,10
T2,1,1,36,2
T3,2,1,109,17
T4,3,1,200,2
[132]
T1,0,1,196,19
T2,1,0,200,13
T3,2,1,38,2
T4,3,1,111,7
[133]
T1,0,0,45,2
T2,1,1,154,17
T3,2,0,125,13
T4,3,1,200,3
[134]
T1,0,0,44,3
T2,1,0,200,1
T3,2,0,80,4
T4,3,1,179,28
[135]
T1,0,1,152,2
T2,1,0,200,19
T3,2,1,20,2
T4,3,1,122,9
[136]
T1,0,0,41,2
T2,1,1,74,9
T3,2,1,195,4
T4,3,1,200,15
[137]
T1,0,1,93,2
T2,1,0,200,2
T3,2,0,171,33
T4,3,0,45,3
[138]
T1,0,1,200,16
T2,1,1,28,1
T3,2,0,197,22
T4,3,1,128,8
[139]
T1,0,1,200,3
T2,1,1,35,1
T3,2,1,199,20
T4,3,1,116,16
[140]
T1,0,0,188,13
T2,1,0,200,10
T3,2,1,69,9
T4,3,1,37,1
[141]
T1,0,1,163,9
T2,1,1,106,1
T3,2,0,200,8
T4,3,0,52,10
[142]
T1,0,1,27,1
T2,1,0,99,7
T3,2,1,171,22
T4,3,1,200,11
[143]
T1,0,0,37,3
T2,1,0,165,12
T3,2,1,57,1
T4,3,1,200,22
[144]
T1,0,0,53,4
T2,1,1,200,19
T3,2,1,65,4
T4,3,1,180,6
[145]
T1,0,1,22,1
T2,1,1,177,27
T3,2,1,66,2
T4,3,0,200,10
[146]
T1,0,0,103,2
T2,1,1,34,6
T3,2,0,200,6
T4,3,1,159,8
[147]
T1,0,0,96,2
T2,1,0,174,7
T3,2,0,200,45
T4,3,1,25,2
[148]
T1,0,0,165,20
T2,1,1,93,9
T3,2,1,200,2
T4,3,0,20,1
[149]
T1,0,1,188,24
T2,1,0,200,2
T3,2,0,30,3
T4,3,0,134,7
[150]
T1,0,1,27,2
T2,1,1,200,11
T3,2,0,129,25
T4,3,1,157,6
[151]
T1,0,0,159,39
T2,1,1,100,1
T3,2,0,200,2
T4,3,0,48,1
[152]
T1,0,0,30,1
T2,1,1,154,22
T3,2,1,146,10
T4,3,0,200,9
[153]
T1,0,0,43,3
T2,1,1,200,13
T3,2,1,176,17
T4,3,1,77,3
[154]
T1,0,1,155,5
T2,1,0,132,4
T3,2,0,45,7
T4,3,1,200,12
[155]
T1,0,1,31,4
T2,1,0,200,14
T3,2,0,83,6
T4,3,1,161,1
[156]
T1,0,1,162,15
T2,1,1,200,13
T3,2,0,106,2
T4,3,1,43,6
[157]
T1,0,1,42,6
T2,1,1,196,13
T3,2,0,200,2
T4,3,1,119,8
[158]
T1,0,1,200,2
T2,1,1,196,24
T3,2,0,66,2
T4,3,0,31,3
[159]
T1,0,0,180,9
T2,1,1,200,34
T3,2,0,41,2
T4,3,0,127,2
[160]
T1,0,1,200,14
T2,1,0,177,25
T3,2,1,67,2
T4,3,1,51,2
[161]
T1,0,0,44,2
T2,1,0,200,8
T3,2,0,159,17
T4,3,0,90,8
[162]
T1,0,0,26,2
T2,1,1,172,6
T3,2,1,200,22
T4,3,1,107,13
[163]
T1,0,0,118,13
T2,1,0,167,12
T3,2,0,200,5
T4,3,1,52,4
[164]
T1,0,0,35,4
T2,1,0,200,6
T3,2,1,183,17
T4,3,0,131,7
[165]
T1,0,1,175,2
T2,1,1,200,14
T3,2,0,81,2
T4,3,0,49,9
[166]
T1,0,1,36,2
T2,1,1,200,11
T3,2,0,122,8
T4,3,1,148,14
[167]
T1,0,1,36,6
T2,1,1,117,2
T3,2,0,178,1
T4,3,0,200,20
[168]
T1,0,0,200,5
T2,1,1,48,12
T3,2,1,183,1
T4,3,0,89,2
[169]
T1,0,1,151,9
T2,1,1,94,18
T3,2,1,200,4
T4,3,0,29,2
[170]
T1,0,0,194,6
T2,1,0,49,10
T3,2,0,200,3
T4,3,1,70,2
[171]
T1,0,0,144,4
T2,1,0,160,17
T3,2,0,200,6
T4,3,1,25,3
[172]
T1,0,0,125,2
T2,1,1,200,29
T3,2,0,42,2
T4,3,0,167,10
[173]
T1,0,1,188,6
T2,1,0,128,22
T3,2,0,200,4
T4,3,0,43,2
[174]
T1,0,0,200,1
T2,1,0,42,1
T3,2,1,163,5
T4,3,1,69,15
[175]
T1,0,1,162,9
T2,1,0,23,2
T3,2,1,200,12
T4,3,0,98,5
[176]
T1,0,0,200,1
T2,1,0,183,45
T3,2,1,50,2
T4,3,1,97,4
[177]
T1,0,1,200,2
T2,1,1,109,4
T3,2,0,160,23
T4,3,0,29,3
[178]
T1,0,0,174,1
T2,1,1,200,2
T3,2,0,22,4
T4,3,1,123,6
[179]
T1,0,0,151,23
T2,1,0,200,8
T3,2,0,46,2
T4,3,0,125,10
[180]
T1,0,1,180,15
T2,1,1,67,2
T3,2,0,200,33
T4,3,0,40,1
[181]
T1,0,0,200,25
T2,1,1,111,5
T3,2,0,152,10
T4,3,1,46,2
[182]
T1,0,1,20,2
T2,1,1,200,8
T3,2,1,76,6
T4,3,0,189,31
[183]
T1,0,1,40,3
T2,1,1,58,1
T3,2,1,200,2
T4,3,1,159,27
[184]
T1,0,1,43,2
T2,1,1,200,18
T3,2,1,168,19
T4,3,1,80,5
[185]
T1,0,0,155,7
T2,1,1,86,2
T3,2,0,45,9
T4,3,1,200,7
[186]
T1,0,1,42,3
T2,1,1,200,26
T3,2,1,151,4
T4,3,1,117,6
[187]
T1,0,1,200,29
T2,1,0,139,1
T3,2,1,186,25
T4,3,0,20,2
[188]
T1,0,1,40,3
T2,1,1,182,24
T3,2,0,124,8
T4,3,0,200,2
[189]
T1,0,0,23,1
T2,1,1,70,2
T3,2,1,200,4
T4,3,1,161,29
[190]
T1,0,0,200,7
T2,1,1,68,6
T3,2,1,25,2
T4,3,1,161,12
[191]
T1,0,0,200,37
T2,1,0,195,13
T3,2,0,48,1
T4,3,0,66,2
[192]
T1,0,0,51,4
T2,1,1,200,32
T3,2,1,162,2
T4,3,0,118,2
[193]
T1,0,1,200,21
T2,1,0,131,3
T3,2,1,185,5
T4,3,0,30,4
[194]
T1,0,1,200,14
T2,1,0,193,19
T3,2,1,40,4
T4,3,1,57,1
[195]
T1,0,0,40,4
T2,1,0,200,1
T3,2,1,173,30
T4,3,1,74,2
[196]
T1,0,1,36,5
T2,1,0,200,1
T3,2,1,150,19
T4,3,1,108,1
[197]
T1,0,0,23,1
T2,1,0,200,24
T3,2,0,150,12
T4,3,1,120,2
[198]
T1,0,1,46,2
T2,1,1,200,8
T3,2,1,68,8
T4,3,1,169,15
[199]
T1,0,1,196,1
T2,1,1,46,8
T3,2,1,200,18
T4,3,1,97,1
[200]
T1,0,1,200,12
T2,1,1,154,28
T3,2,0,100,4
T4,3,1,26,2
[201]
T1,0,1,200,5
T2,1,0,109,1
T3,2,0,48,3
T4,3,1,189,35
[202]
T1,0,0,200,7
T2,1,1,199,2
T3,2,0,100,5
T4,3,0,21,4
[203]
T1,0,1,162,2
T2,1,1,56,5
T3,2,0,46,2
T4,3,0,200,29
[204]
T1,0,0,200,5
T2,1,1,196,30
T3,2,0,32,1
T4,3,1,127,9
[205]
T1,0,1,172,8
T2,1,1,200,23
T3,2,0,78,1
T4,3,0,26,2
[206]
T1,0,0,42,2
T2,1,0,200,4
T3,2,1,169,32
T4,3,1,98,7
[207]
T1,0,0,172,4
T2,1,1,30,2
T3,2,0,124,16
T4,3,1,200,22
[208]
T1,0,0,30,3
T2,1,1,200,11
T3,2,1,193,10
T4,3,1,90,6
[209]
T1,0,1,200,11
T2,1,1,134,1
T3,2,1,167,38
T4,3,0,38,2
[210]
T1,0,0,95,13
T2,1,1,200,12
T3,2,1,45,2
T4,3,0,162,11
[211]
T1,0,1,200,40
T2,1,0,135,2
T3,2,0,177,6
T4,3,1,33,1
[212]
T1,0,1,139,7
T2,1,0,149,23
T3,2,1,200,2
T4,3,1,54,4
[213]
T1,0,1,24,2
T2,1,1,168,13
T3,2,0,200,14
T4,3,1,59,2
[214]
T1,0,1,200,2
T2,1,1,99,2
T3,2,1,47,2
T4,3,0,195,40
[215]
T1,0,0,75,2
T2,1,0,192,39
T3,2,0,200,6
T4,3,1,45,1
[216]
T1,0,1,162,4
T2,1,1,136,9
T3,2,0,200,23
T4,3,1,34,2
[217]
T1,0,0,200,12
T2,1,0,108,11
T3,2,0,179,16
T4,3,0,28,1
[218]
T1,0,0,158,17
T2,1,1,96,6
T3,2,0,200,1
T4,3,0,53,6
[219]
T1,0,0,125,6
T2,1,1,200,9
T3,2,1,151,2
T4,3,0,30,5
[220]
T1,0,0,58,3
T2,1,1,200,2
T3,2,1,40,4
T4,3,0,168,19
[221]
T1,0,0,158,3
T2,1,1,200,9
T3,2,0,74,2
T4,3,1,29,5
[222]
T1,0,0,43,3
T2,1,1,150,10
T3,2,0,118,5
T4,3,0,200,18
[223]
T1,0,0,102,9
T2,1,0,174,22
T3,2,1,41,2
T4,3,0,200,3
[224]
T1,0,1,200,21
T2,1,0,52,7
T3,2,1,196,5
T4,3,1,103,2
[225]
T1,0,0,93,5
T2,1,0,26,3
T3,2,1,200,12
T4,3,0,187,8
[226]
T1,0,0,176,28
T2,1,0,200,9
T3,2,1,46,3
T4,3,1,141,2
[227]
T1,0,0,53,2
T2,1,0,175,14
T3,2,1,117,1
T4,3,1,200,36
[228]
T1,0,0,95,1
T2,1,1,47,2
T3,2,1,200,52
T4,3,1,165,2
[229]
T1,0,0,200,1
T2,1,1,122,19
T3,2,0,198,7
T4,3,0,36,3
[230]
T1,0,1,118,9
T2,1,0,30,4
T3,2,0,200,9
T4,3,1,174,1
[231]
T1,0,0,200,13
T2,1,0,34,2
T3,2,0,72,9
T4,3,1,193,13
[232]
T1,0,1,29,1
T2,1,1,164,17
T3,2,0,147,19
T4,3,1,200,1
[233]
T1,0,0,132,7
T2,1,1,200,4
T3,2,1,30,4
T4,3,0,155,10
[234]
T1,0,1,164,2
T2,1,1,109,14
T3,2,1,42,2
T4,3,0,200,29
[235]
T1,0,1,88,6
T2,1,0,42,3
T3,2,1,200,2
T4,3,1,199,27
[236]
T1,0,0,164,16
T2,1,0,38,4
T3,2,1,200,7
T4,3,1,113,4
[237]
T1,0,0,200,47
T2,1,0,21,2
T3,2,0,193,1
T4,3,1,88,1
[238]
T1,0,0,170,7
T2,1,0,69,6
T3,2,0,200,22
T4,3,0,53,2
[239]
T1,0,1,175,15
T2,1,0,200,2
T3,2,0,86,1
T4,3,1,20,3
[240]
T1,0,0,22,2
T2,1,0,200,4
T3,2,1,150,10
T4,3,0,65,11
[241]
T1,0,1,200,11
T2,1,1,119,3
T3,2,0,26,1
T4,3,1,199,29
[242]
T1,0,1,89,3
T2,1,0,52,2
T3,2,0,200,50
T4,3,0,193,2
[243]
T1,0,0,177,6
T2,1,0,200,17
T3,2,0,27,2
T4,3,1,123,8
[244]
T1,0,1,190,21
T2,1,1,46,1
T3,2,1,200,31
T4,3,1,120,2
[245]
T1,0,0,119,1
T2,1,0,200,28
T3,2,0,47,5
T4,3,1,192,5
[246]
T1,0,0,200,15
T2,1,1,44,2
T3,2,0,125,5
T4,3,1,153,19
[247]
T1,0,1,186,5
T2,1,1,118,5
T3,2,0,41,5
T4,3,1,200,16
[248]
T1,0,1,200,47
T2,1,0,20,1
T3,2,1,66,2
T4,3,1,163,2
[249]
T1,0,1,124,14
T2,1,1,167,3
T3,2,0,34,5
T4,3,0,200,2
[250]
T1,0,1,82,2
T2,1,1,156,6
T3,2,0,200,44
T4,3,1,52,1
[251]
T1,0,0,32,4
T2,1,1,200,14
T3,2,1,103,5
T4,3,1,175,4
[252]
T1,0,1,38,2
T2,1,0,200,35
T3,2,1,179,9
T4,3,1,126,6
[253]
T1,0,1,200,9
T2,1,1,60,9
T3,2,1,154,5
T4,3,0,35,1
[254]
T1,0,0,171,24
T2,1,0,200,3
T3,2,0,38,2
T4,3,0,133,16
[255]
T1,0,0,200,22
T2,1,1,121,2
T3,2,0,46,6
T4,3,0,167,6
[256]
T1,0,0,29,1
T2,1,1,138,5
T3,2,1,200,23
T4,3,0,190,19
[257]
T1,0,0,200,4
T2,1,0,167,2
T3,2,1,127,17
T4,3,0,28,3
[258]
T1,0,0,200,39
T2,1,1,22,1
T3,2,0,67,2
T4,3,0,150,3
[259]
T1,0,0,180,20
T2,1,0,29,2
T3,2,0,57,7
T4,3,0,200,8
[260]
T1,0,1,55,2
T2,1,0,175,1
T3,2,1,27,5
T4,3,0,200,11
[261]
T1,0,0,200,39
T2,1,0,73,3
T3,2,0,45,1
T4,3,1,168,5
[262]
T1,0,0,97,9
T2,1,0,46,1
T3,2,1,186,12
T4,3,1,200,20
[263]
T1,0,1,95,12
T2,1,0,176,2
T3,2,1,200,30
T4,3,0,20,2
[264]
T1,0,0,196,7
T2,1,0,200,1
T3,2,0,127,30
T4,3,0,34,2
[265]
T1,0,0,187,3
T2,1,1,200,7
T3,2,0,20,3
T4,3,0,76,6
[266]
T1,0,0,200,13
T2,1,0,158,20
T3,2,0,30,2
T4,3,1,122,2
[267]
T1,0,0,105,26
T2,1,0,25,2
T3,2,0,200,3
T4,3,0,172,2
[268]
T1,0,0,200,18
T2,1,0,95,5
T3,2,1,167,22
T4,3,1,25,2
[269]
T1,0,0,200,11
T2,1,0,196,19
T3,2,1,121,9
T4,3,1,34,2
[270]
T1,0,1,150,13
T2,1,1,200,24
T3,2,1,26,2
T4,3,0,95,2
[271]
T1,0,1,98,1
T2,1,0,31,4
T3,2,0,155,11
T4,3,0,200,9
[272]
T1,0,1,200,3
T2,1,0,182,27
T3,2,1,118,8
T4,3,0,25,1
[273]
T1,0,0,51,1
T2,1,1,146,26
T3,2,0,194,13
T4,3,0,200,5
[274]
T1,0,0,200,11
T2,1,1,104,17
T3,2,1,168,9
T4,3,1,33,2
[275]
T1,0,1,44,4
T2,1,0,200,7
T3,2,1,129,18
T4,3,1,187,3
[276]
T1,0,0,44,1
T2,1,1,124,19
T3,2,1,200,17
T4,3,1,157,4
[277]
T1,0,1,200,6
T2,1,1,138,27
T3,2,1,152,2
T4,3,1,48,2
[278]
T1,0,0,101,3
T2,1,0,200,35
T3,2,1,36,2
T4,3,0,188,13
[279]
T1,0,1,149,16
T2,1,1,200,2
T3,2,0,50,3
T4,3,0,114,10
[280]
T1,0,1,88,3
T2,1,1,200,23
T3,2,0,185,15
T4,3,1,39,1
[281]
T1,0,0,22,2
T2,1,1,129,1
T3,2,1,200,21
T4,3,0,173,8
[282]
T1,0,0,34,4
T2,1,0,164,19
T3,2,1,200,4
T4,3,0,83,2
[283]
T1,0,1,107,10
T2,1,1,200,6
T3,2,0,157,7
T4,3,0,20,2
[284]
T1,0,0,122,6
T2,1,0,200,13
T3,2,1,181,26
T4,3,0,54,1
[285]
T1,0,1,104,19
T2,1,1,54,2
T3,2,0,200,5
T4,3,0,177,13
[286]
T1,0,0,46,2
T2,1,1,200,9
T3,2,0,93,21
T4,3,0,178,1
[287]
T1,0,1,195,13
T2,1,0,118,3
T3,2,1,45,3
T4,3,0,200,26
[288]
T1,0,0,189,3
T2,1,1,45,4
T3,2,0,200,30
T4,3,1,108,2
[289]
T1,0,1,95,5
T2,1,0,161,3
T3,2,1,200,25
T4,3,0,38,3
[290]
T1,0,0,130,2
T2,1,1,200,6
T3,2,1,36,6
T4,3,0,184,15
[291]
T1,0,0,25,2
T2,1,1,110,11
T3,2,0,171,2
T4,3,1,200,16
[292]
T1,0,0,21,4
T2,1,0,200,3
T3,2,0,174,8
T4,3,1,67,2
[293]
T1,0,0,200,24
T2,1,0,20,2
T3,2,0,89,2
T4,3,1,151,15
[294]
T1,0,0,144,4
T2,1,0,158,2
T3,2,1,200,37
T4,3,1,23,1
[295]
T1,0,1,181,10
T2,1,1,132,13
T3,2,0,200,21
T4,3,1,27,2
[296]
T1,0,0,200,1
T2,1,0,126,17
T3,2,1,34,4
T4,3,1,153,2
[297]
T1,0,0,53,2
T2,1,0,200,5
T3,2,1,143,31
T4,3,1,184,1
[298]
T1,0,0,30,2
T2,1,0,159,13
T3,2,1,200,9
T4,3,0,88,8
[299]
T1,0,0,96,1
T2,1,0,200,21
T3,2,0,185,6
T4,3,1,25,3
[300]
T1,0,0,28,2
T2,1,1,91,7
T3,2,1,171,4
T4,3,1,200,18
[301]
T1,0,0,143,7
T2,1,1,200,21
T3,2,0,35,1
T4,3,1,196,20
[302]
T1,0,0,176,6
T2,1,1,200,17
T3,2,1,108,9
T4,3,0,35,3
[303]
T1,0,1,28,1
T2,1,0,163,1
T3,2,1,200,2
T4,3,1,104,24
[304]
T1,0,1,50,2
T2,1,0,61,9
T3,2,0,154,9
T4,3,0,200,7
[305]
T1,0,0,200,46
T2,1,1,51,1
T3,2,0,184,4
T4,3,1,143,1
[306]
T1,0,1,200,11
T2,1,0,147,16
T3,2,0,129,9
T4,3,0,44,2
[307]
T1,0,0,126,14
T2,1,0,200,23
T3,2,0,176,2
T4,3,0,51,2
[308]
T1,0,0,200,2
T2,1,1,153,6
T3,2,1,137,26
T4,3,0,25,1
[309]
T1,0,0,200,29
T2,1,1,190,2
T3,2,0,125,8
T4,3,1,30,2
[310]
T1,0,1,133,1
T2,1,0,200,16
T3,2,1,190,35
T4,3,0,51,1
[311]
T1,0,1,22,2
T2,1,1,97,12
T3,2,0,157,17
T4,3,0,200,6
[312]
T1,0,1,200,5
T2,1,1,67,8
T3,2,0,148,2
T4,3,0,42,5
[313]
T1,0,1,38,1
T2,1,0,163,11
T3,2,0,79,10
T4,3,1,200,12
[314]
T1,0,0,33,1
T2,1,0,200,12
T3,2,1,194,20
T4,3,1,70,6
[315]
T1,0,1,182,31
T2,1,1,83,1
T3,2,0,200,21
T4,3,1,30,2
[316]
T1,0,0,181,1
T2,1,1,45,1
T3,2,0,96,6
T4,3,1,200,39
[317]
T1,0,0,200,3
T2,1,0,50,1
T3,2,1,124,21
T4,3,0,177,15
[318]
T1,0,1,200,2
T2,1,0,180,4
T3,2,0,141,32
T4,3,0,36,1
[319]
T1,0,0,90,5
T2,1,1,32,2
T3,2,0,200,25
T4,3,1,195,6
[320]
T1,0,1,158,18
T2,1,1,200,7
T3,2,0,25,2
T4,3,1,78,2
[321]
T1,0,0,200,11
T2,1,0,45,7
T3,2,1,176,6
T4,3,1,115,4
[322]
T1,0,0,191,15
T2,1,1,200,10
T3,2,1,119,17
T4,3,0,22,2
[323]
T1,0,1,43,5
T2,1,0,118,18
T3,2,0,200,2
T4,3,0,170,3
[324]
T1,0,1,32,2
T2,1,0,72,4
T3,2,1,200,18
T4,3,1,195,26
[325]
T1,0,0,44,3
T2,1,0,75,1
T3,2,0,175,7
T4,3,0,200,28
[326]
T1,0,0,196,13
T2,1,1,84,6
T3,2,0,200,10
T4,3,1,50,4
[327]
T1,0,0,23,1
T2,1,0,200,30
T3,2,0,189,3
T4,3,1,119,5
[328]
T1,0,0,168,25
T2,1,1,31,2
T3,2,1,86,6
T4,3,0,200,12
[329]
T1,0,0,71,2
T2,1,0,50,1
T3,2,0,200,36
T4,3,1,162,7
[330]
T1,0,1,192,14
T2,1,0,69,7
T3,2,1,24,2
T4,3,0,200,14
[331]
T1,0,0,149,1
T2,1,0,52,4
T3,2,1,93,3
T4,3,1,200,34
[332]
T1,0,1,192,1
T2,1,0,37,10
T3,2,0,86,1
T4,3,1,200,1
[333]
T1,0,0,155,2
T2,1,1,46,6
T3,2,0,200,9
T4,3,1,117,10
[334]
T1,0,0,169,2
T2,1,0,200,16
T3,2,0,144,7
T4,3,1,21,3
[335]
T1,0,1,200,2
T2,1,1,89,5
T3,2,0,173,34
T4,3,1,50,1
[336]
T1,0,1,26,1
T2,1,0,81,13
T3,2,1,200,5
T4,3,1,188,8
[337]
T1,0,1,80,3
T2,1,1,200,20
T3,2,1,180,17
T4,3,1,27,1
[338]
T1,0,0,160,10
T2,1,1,40,6
T3,2,0,113,4
T4,3,0,200,5
[339]
T1,0,1,32,1
T2,1,0,177,37
T3,2,0,200,4
T4,3,1,88,2
[340]
T1,0,1,177,6
T2,1,0,118,5
T3,2,1,200,37
T4,3,1,35,2
[341]
T1,0,1,200,10
T2,1,0,178,1
T3,2,1,62,9
T4,3,1,51,4
[342]
T1,0,1,200,5
T2,1,1,32,2
T3,2,1,161,27
T4,3,0,141,10
[343]
T1,0,1,200,17
T2,1,1,112,18
T3,2,1,49,2
T4,3,1,160,4
[344]
T1,0,0,30,1
T2,1,0,200,9
T3,2,0,115,7
T4,3,1,186,27
[345]
T1,0,1,30,2
T2,1,0,131,9
T3,2,1,160,20
T4,3,0,200,16
[346]
T1,0,1,29,2
T2,1,1,200,37
T3,2,1,176,2
T4,3,1,142,13
[347]
T1,0,0,20,1
T2,1,0,175,21
T3,2,1,200,9
T4,3,1,101,4
[348]
T1,0,1,37,3
T2,1,1,144,2
T3,2,0,200,6
T4,3,0,176,29
[349]
T1,0,0,42,4
T2,1,1,129,9
T3,2,1,156,11
T4,3,0,200,7
[350]
T1,0,0,163,4
T2,1,0,40,2
T3,2,0,200,42
T4,3,0,107,4
[351]
T1,0,1,171,2
T2,1,0,140,13
T3,2,0,200,22
T4,3,1,27,2
[352]
T1,0,1,40,1
T2,1,0,200,28
T3,2,0,125,4
T4,3,0,173,16
[353]
T1,0,0,152,24
T2,1,1,42,2
T3,2,0,88,5
T4,3,1,200,1
[354]
T1,0,0,50,11
T2,1,1,172,5
T3,2,0,200,1
T4,3,0,101,2
[355]
T1,0,0,149,8
T2,1,0,50,2
T3,2,0,200,20
T4,3,1,106,13
[356]
T1,0,1,116,6
T2,1,0,54,1
T3,2,1,200,15
T4,3,1,194,27
[357]
T1,0,1,200,19
T2,1,0,131,2
T3,2,0,177,31
T4,3,1,50,1
[358]
T1,0,1,200,15
T2,1,1,32,3
T3,2,1,57,1
T4,3,0,180,17
[359]
T1,0,1,200,32
T2,1,1,135,1
T3,2,0,45,3
T4,3,1,180,8
[360]
T1,0,1,45,2
T2,1,1,181,10
T3,2,1,200,15
T4,3,1,123,19
[361]
T1,0,0,78,1
T2,1,1,200,20
T3,2,1,42,6
T4,3,1,161,2
[362]
T1,0,1,45,1
T2,1,0,200,29
T3,2,0,176,5
T4,3,0,97,9
[363]
T1,0,0,48,8
T2,1,1,200,1
T3,2,1,176,3
T4,3,1,129,10
[364]
T1,0,0,38,2
T2,1,1,156,24
T3,2,0,200,2
T4,3,0,100,12
[365]
T1,0,0,198,20
T2,1,1,52,2
T3,2,1,200,31
T4,3,0,103,2
[366]
T1,0,1,200,30
T2,1,0,187,5
T3,2,0,128,7
T4,3,0,20,1
[367]
T1,0,1,49,2
T2,1,1,186,26
T3,2,0,117,2
T4,3,1,200,17
[368]
T1,0,1,67,5
T2,1,1,28,2
T3,2,1,200,28
T4,3,0,171,10
[369]
T1,0,0,87,9
T2,1,0,21,1
T3,2,1,188,13
T4,3,1,200,5
[370]
T1,0,0,154,1
T2,1,0,83,4
T3,2,1,22,3
T4,3,1,200,11
[371]
T1,0,0,99,2
T2,1,1,176,2
T3,2,0,30,2
T4,3,1,200,34
[372]
T1,0,0,191,40
T2,1,0,90,2
T3,2,1,24,2
T4,3,0,200,13
[373]
T1,0,0,182,2
T2,1,1,200,35
T3,2,0,79,7
T4,3,0,30,2
[374]
T1,0,0,119,7
T2,1,0,25,3
T3,2,1,200,2
T4,3,1,187,11
[375]
T1,0,0,74,2
T2,1,0,196,28
T3,2,0,42,1
T4,3,1,200,22
[376]
T1,0,0,200,2
T2,1,0,138,5
T3,2,0,41,10
T4,3,0,162,2
[377]
T1,0,1,175,31
T2,1,1,131,3
T3,2,1,47,3
T4,3,1,200,3
[378]
T1,0,1,156,16
T2,1,0,27,2
T3,2,1,105,13
T4,3,1,200,8
[379]
T1,0,0,50,3
T2,1,1,200,19
T3,2,0,94,2
T4,3,0,169,17
[380]
T1,0,1,45,2
T2,1,0,182,7
T3,2,0,82,10
T4,3,0,200,15
[381]
T1,0,0,37,3
T2,1,0,200,11
T3,2,0,152,17
T4,3,1,109,2
[382]
T1,0,0,156,20
T2,1,1,51,1
T3,2,0,71,5
T4,3,0,200,12
[383]
T1,0,1,179,8
T2,1,1,44,5
T3,2,1,200,25
T4,3,1,75,2
[384]
T1,0,0,123,4
T2,1,0,173,9
T3,2,0,42,5
T4,3,1,200,14
[385]
T1,0,1,95,2
T2,1,1,182,19
T3,2,0,200,23
T4,3,1,51,3
[386]
T1,0,1,100,10
T2,1,1,28,2
T3,2,1,200,9
T4,3,1,151,21
[387]
T1,0,1,200,16
T2,1,0,139,15
T3,2,1,172,16
T4,3,0,36,2
[388]
T1,0,1,160,16
T2,1,0,132,4
T3,2,0,45,3
T4,3,0,200,16
[389]
T1,0,1,24,4
T2,1,1,87,4
T3,2,0,200,1
T4,3,0,195,8
[390]
T1,0,1,113,2
T2,1,1,29,5
T3,2,1,200,15
T4,3,1,182,7
[391]
T1,0,0,200,29
T2,1,0,122,15
T3,2,0,38,2
T4,3,0,162,2
[392]
T1,0,1,140,21
T2,1,1,24,2
T3,2,0,200,11
T4,3,0,196,10
[393]
T1,0,1,59,2
T2,1,1,199,43
T3,2,1,200,5
T4,3,1,34,2
[394]
T1,0,1,200,26
T2,1,1,102,4
T3,2,0,158,2
T4,3,1,54,5
[395]
T1,0,0,136,7
T2,1,1,188,30
T3,2,1,200,5
T4,3,0,41,2
[396]
T1,0,0,200,5
T2,1,0,101,2
T3,2,1,174,31
T4,3,1,40,3
[397]
T1,0,1,200,2
T2,1,1,40,1
T3,2,0,197,17
T4,3,0,71,11
[398]
T1,0,0,124,2
T2,1,0,22,2
T3,2,0,200,2
T4,3,0,173,30
[399]
T1,0,0,200,10
T2,1,1,174,38
T3,2,0,120,2
T4,3,0,25,2
[400]
T1,0,0,52,2
T2,1,0,172,22
T3,2,1,137,17
T4,3,0,200,8
[401]
T1,0,0,153,1
T2,1,0,51,6
T3,2,0,200,19
T4,3,0,77,5
[402]
T1,0,0,120,16
T2,1,0,159,12
T3,2,0,200,10
T4,3,0,40,1
[403]
T1,0,0,25,2
T2,1,0,80,2
T3,2,0,200,4
T4,3,0,173,31
[404]
T1,0,0,185,9
T2,1,1,200,37
T3,2,1,34,2
T4,3,0,104,5
[405]
T1,0,1,111,8
T2,1,0,22,1
T3,2,1,200,9
T4,3,0,148,19
[406]
T1,0,1,200,12
T2,1,0,27,1
T3,2,1,83,13
T4,3,0,172,2
[407]
T1,0,0,22,1
T2,1,0,79,3
T3,2,1,187,16
T4,3,1,200,19
[408]
T1,0,1,200,35
T2,1,0,58,2
T3,2,1,187,9
T4,3,1,35,2
[409]
T1,0,0,200,8
T2,1,0,39,2
T3,2,0,156,8
T4,3,0,75,9
[410]
T1,0,0,200,5
T2,1,0,111,12
T3,2,0,155,10
T4,3,0,38,3
[411]
T1,0,1,83,9
T2,1,1,200,4
T3,2,0,22,2
T4,3,1,196,6
[412]
T1,0,0,200,9
T2,1,1,54,9
T3,2,0,132,6
T4,3,0,172,5
[413]
T1,0,1,21,2
T2,1,1,149,4
T3,2,0,200,44
T4,3,1,81,2
[414]
T1,0,1,200,9
T2,1,0,191,20
T3,2,0,30,1
T4,3,0,94,10
[415]
T1,0,0,200,5
T2,1,1,131,16
T3,2,0,20,2
T4,3,0,184,25
[416]
T1,0,0,181,11
T2,1,1,200,14
T3,2,1,147,11
T4,3,0,20,1
[417]
T1,0,1,164,11
T2,1,1,200,21
T3,2,0,36,1
T4,3,1,124,9
[418]
T1,0,0,39,2
T2,1,0,200,2
T3,2,1,177,37
T4,3,0,95,7
[419]
T1,0,1,200,6
T2,1,0,35,1
T3,2,0,97,16
T4,3,1,154,7
[420]
T1,0,1,41,1
T2,1,0,200,2
T3,2,0,190,23
T4,3,1,89,13
[421]
T1,0,0,20,1
T2,1,1,200,20
T3,2,1,158,8
T4,3,0,69,3
[422]
T1,0,0,152,16
T2,1,0,42,1
T3,2,0,121,7
T4,3,1,200,16
[423]
T1,0,1,144,2
T2,1,1,155,16
T3,2,0,200,15
T4,3,1,22,2
[424]
T1,0,1,178,18
T2,1,0,200,28
T3,2,1,119,4
T4,3,0,47,2
[425]
T1,0,0,178,11
T2,1,0,146,25
T3,2,0,42,2
T4,3,0,200,7
[426]
T1,0,0,156,28
T2,1,0,200,15
T3,2,0,27,2
T4,3,1,107,2
[427]
T1,0,1,187,8
T2,1,0,40,1
T3,2,0,85,7
T4,3,1,200,22
[428]
T1,0,0,165,2
T2,1,1,42,2
T3,2,0,56,8
T4,3,1,200,14
[429]
T1,0,1,22,1
T2,1,1,200,23
T3,2,0,179,12
T4,3,1,126,3
[430]
T1,0,0,200,34
T2,1,0,39,1
T3,2,0,132,10
T4,3,0,148,2
[431]
T1,0,0,176,6
T2,1,1,59,2
T3,2,1,35,6
T4,3,0,200,8
[432]
T1,0,1,167,11
T2,1,1,200,27
T3,2,0,35,2
T4,3,0,105,1
[433]
T1,0,0,200,2
T2,1,0,87,2
T3,2,0,33,4
T4,3,0,168,27
[434]
T1,0,0,183,3
T2,1,1,200,7
T3,2,1,59,3
T4,3,0,34,6
[435]
T1,0,1,42,2
T2,1,1,200,14
T3,2,0,151,2
T4,3,1,88,18
[436]
T1,0,1,29,2
T2,1,0,200,3
T3,2,1,121,5
T4,3,0,155,21
[437]
T1,0,1,169,11
T2,1,1,44,1
T3,2,0,139,14
T4,3,0,200,20
[438]
T1,0,0,44,5
T2,1,1,123,8
T3,2,0,200,10
T4,3,0,170,8
[439]
T1,0,0,200,15
T2,1,1,196,17
T3,2,1,108,3
T4,3,0,35,3
[440]
T1,0,1,61,2
T2,1,0,46,9
T3,2,0,200,6
T4,3,0,193,1
[441]
T1,0,1,122,14
T2,1,1,200,29
T3,2,0,184,2
T4,3,1,25,2
[442]
T1,0,1,168,17
T2,1,1,54,8
T3,2,1,102,1
T4,3,1,200,2
[443]
T1,0,1,103,6
T2,1,0,178,22
T3,2,1,39,1
T4,3,1,200,11
[444]
T1,0,0,108,21
T2,1,0,182,7
T3,2,0,29,2
T4,3,1,200,5
[445]
T1,0,0,200,34
T2,1,1,137,5
T3,2,0,199,2
T4,3,0,45,3
[446]
T1,0,1,200,19
T2,1,1,111,4
T3,2,1,196,8
T4,3,0,51,5
[447]
T1,0,1,104,1
T2,1,0,149,1
T3,2,1,200,40
T4,3,1,26,1
[448]
T1,0,1,200,22
T2,1,0,119,8
T3,2,1,41,2
T4,3,0,154,9
[449]
T1,0,0,200,11
T2,1,0,144,4
T3,2,0,50,1
T4,3,1,173,31
[450]
T1,0,1,122,7
T2,1,1,200,14
T3,2,1,38,1
T4,3,1,193,21
[451]
T1,0,1,23,2
T2,1,1,200,23
T3,2,1,187,11
T4,3,0,97,11
[452]
T1,0,0,25,2
T2,1,1,168,3
T3,2,1,200,17
T4,3,0,89,13
[453]
T1,0,1,39,3
T2,1,0,196,2
T3,2,0,60,2
T4,3,0,200,38
[454]
T1,0,1,179,42
T2,1,1,35,2
T3,2,1,62,2
T4,3,1,200,3
[455]
T1,0,0,35,2
T2,1,1,200,8
T3,2,0,113,4
T4,3,1,187,30
[456]
T1,0,1,200,12
T2,1,0,45,4
T3,2,0,63,2
T4,3,1,150,13
[457]
T1,0,1,178,3
T2,1,1,29,2
T3,2,1,126,4
T4,3,1,200,42
[458]
T1,0,0,200,17
T2,1,0,47,2
T3,2,0,198,3
T4,3,1,92,16
[459]
T1,0,1,137,3
T2,1,1,200,25
T3,2,0,174,22
T4,3,0,20,2
[460]
T1,0,0,160,1
T2,1,0,200,42
T3,2,1,45,3
T4,3,0,130,2
[461]
T1,0,0,74,4
T2,1,0,200,24
T3,2,1,26,1
T4,3,0,186,11
[462]
T1,0,1,163,23
T2,1,1,109,11
T3,2,1,23,2
T4,3,1,200,1
[463]
T1,0,1,200,10
T2,1,1,154,12
T3,2,1,101,12
T4,3,1,30,1
[464]
T1,0,0,200,15
T2,1,0,43,3
T3,2,1,178,26
T4,3,1,117,2
[465]
T1,0,0,45,7
T2,1,1,200,20
T3,2,0,110,3
T4,3,1,188,1
[466]
T1,0,1,35,2
T2,1,0,157,17
T3,2,1,111,13
T4,3,1,200,13
[467]
T1,0,1,200,1
T2,1,1,45,5
T3,2,1,59,4
T4,3,0,165,12
[468]
T1,0,0,167,13
T2,1,1,200,33
T3,2,1,89,2
T4,3,1,26,1
[469]
T1,0,0,80,3
T2,1,1,186,10
T3,2,1,200,31
T4,3,0,39,1
[470]
T1,0,1,133,5
T2,1,1,200,21
T3,2,0,186,13
T4,3,1,41,3
[471]
T1,0,1,38,7
T2,1,1,114,2
T3,2,0,200,17
T4,3,0,159,3
[472]
T1,0,0,155,8
T2,1,0,132,3
T3,2,1,40,5
T4,3,0,200,16
[473]
T1,0,1,200,5
T2,1,1,89,8
T3,2,1,161,2
T4,3,1,52,8
[474]
T1,0,0,185,7
T2,1,0,58,4
T3,2,0,53,2
T4,3,0,200,27
[475]
T1,0,0,181,2
T2,1,1,200,19
T3,2,0,114,18
T4,3,1,26,1
[476]
T1,0,0,200,31
T2,1,1,183,3
T3,2,1,65,7
T4,3,0,27,2
[477]
T1,0,1,76,7
T2,1,0,180,9
T3,2,0,200,7
T4,3,0,49,5
[478]
T1,0,1,68,2
T2,1,1,170,4
T3,2,1,200,43
T4,3,1,37,1
[479]
T1,0,1,200,10
T2,1,0,119,13
T3,2,1,23,2
T4,3,0,160,13
[480]
T1,0,1,164,11
T2,1,0,200,7
T3,2,1,28,2
T4,3,1,147,16
[481]
T1,0,0,159,4
T2,1,0,61,3
T3,2,1,24,3
T4,3,0,200,19
[482]
T1,0,0,103,8
T2,1,1,49,8
T3,2,1,200,1
T4,3,0,196,7
[483]
T1,0,0,58,2
T2,1,1,36,2
T3,2,0,194,31
T4,3,1,200,9
[484]
T1,0,1,200,2
T2,1,1,68,12
T3,2,1,20,1
T4,3,1,162,3
[485]
T1,0,0,126,19
T2,1,1,200,8
T3,2,0,198,13
T4,3,1,48,1
[486]
T1,0,1,200,17
T2,1,0,35,3
T3,2,0,132,2
T4,3,0,188,20
[487]
T1,0,0,20,2
T2,1,0,200,11
T3,2,1,144,6
T4,3,0,175,26
[488]
T1,0,0,23,2
T2,1,0,200,6
T3,2,1,160,25
T4,3,1,59,3
[489]
T1,0,1,21,1
T2,1,0,136,13
T3,2,1,200,20
T4,3,0,154,3
[490]
T1,0,1,200,6
T2,1,0,194,5
T3,2,1,129,13
T4,3,1,21,2
[491]
T1,0,1,183,1
T2,1,1,200,12
T3,2,0,24,1
T4,3,1,81,11
[492]
T1,0,1,200,3
T2,1,0,36,4
T3,2,0,166,18
T4,3,1,113,5
[493]
T1,0,0,37,2
T2,1,0,200,27
T3,2,1,174,4
T4,3,1,100,7
[494]
T1,0,1,110,5
T2,1,1,182,4
T3,2,0,200,4
T4,3,0,49,9
[495]
T1,0,1,85,6
T2,1,0,166,5
T3,2,1,43,2
T4,3,1,200,26
[496]
T1,0,0,162,1
T2,1,0,43,3
T3,2,1,200,3
T4,3,1,85,16
[497]
T1,0,0,29,1
T2,1,1,167,17
T3,2,1,200,15
T4,3,1,70,5
[498]
T1,0,1,142,23
T2,1,0,149,8
T3,2,0,44,2
T4,3,0,200,13
[499]
T1,0,0,139,24
T2,1,1,23,1
T3,2,1,154,3
T4,3,0,200,5
[500]
T1,0,1,64,3
T2,1,0,157,14
T3,2,0,200,24
T4,3,0,45,1
