num_task_per_taskset=4
num_taskset=500
//ID,Priority,Offset,Period,Execution Time
[1]
T1,0,0,94,9
T2,1,1,42,8
T3,2,1,200,1
T4,3,0,180,17
[2]
T1,0,0,145,9
T2,1,0,200,26
T3,2,0,41,5
T4,3,0,168,12
[3]
T1,0,0,163,11
T2,1,1,70,9
T3,2,1,200,35
T4,3,0,22,2
[4]
T1,0,1,152,31
T2,1,1,200,2
T3,2,0,84,14
T4,3,0,21,2
[5]
T1,0,0,200,48
T2,1,1,133,2
T3,2,1,177,9
T4,3,0,30,2
[6]
T1,0,0,28,2
T2,1,1,200,16
T3,2,1,170,9
T4,3,0,71,17
[7]
T1,0,0,196,4
T2,1,0,141,40
T3,2,0,40,1
T4,3,1,200,11
[8]
T1,0,1,200,33
T2,1,1,174,20
T3,2,0,50,3
T4,3,1,144,6
[9]
T1,0,0,200,10
T2,1,0,30,7
T3,2,1,166,13
T4,3,0,105,1
[10]
T1,0,1,98,9
T2,1,1,155,20
T3,2,1,200,13
T4,3,0,23,2
[11]
T1,0,1,133,14
T2,1,1,200,3
T3,2,0,160,5
T4,3,1,35,8
[12]
T1,0,0,127,2
T2,1,0,195,8
T3,2,1,24,5
T4,3,1,200,29
[13]
T1,0,0,200,24
T2,1,1,124,19
T3,2,1,43,3
T4,3,1,154,4
[14]
T1,0,0,200,12
T2,1,0,28,2
T3,2,1,198,16
T4,3,1,115,28
[15]
T1,0,1,36,2
T2,1,0,183,7
T3,2,0,200,28
T4,3,0,54,7
[16]
T1,0,1,156,8
T2,1,1,200,10
T3,2,0,62,2
T4,3,0,22,6
[17]
T1,0,1,183,24
T2,1,0,35,3
T3,2,1,200,16
T4,3,1,62,5
[18]
T1,0,0,200,15
T2,1,0,174,12
T3,2,0,70,6
T4,3,1,32,5
[19]
T1,0,0,116,12
T2,1,1,36,1
T3,2,0,200,31
T4,3,0,171,15
[20]
T1,0,1,22,2
T2,1,1,66,8
T3,2,1,200,30
T4,3,1,178,1
[21]
T1,0,0,25,1
T2,1,0,100,2
T3,2,0,200,57
T4,3,1,155,2
[22]
T1,0,0,24,2
T2,1,1,58,2
T3,2,1,149,36
T4,3,1,200,5
[23]
T1,0,1,34,9
T2,1,1,200,3
T3,2,1,162,9
T4,3,0,96,2
[24]
T1,0,0,200,19
T2,1,1,40,2
T3,2,1,149,38
T4,3,1,72,1
[25]
T1,0,1,123,19
T2,1,1,168,25
T3,2,0,200,16
T4,3,0,27,2
[26]
T1,0,1,200,5
T2,1,1,23,6
T3,2,1,73,1
T4,3,0,179,11
[27]
T1,0,1,200,26
T2,1,1,35,4
T3,2,0,180,10
T4,3,0,65,5
[28]
T1,0,0,27,2
T2,1,1,156,20
T3,2,1,200,6
T4,3,1,71,14
[29]
T1,0,1,36,2
T2,1,1,200,14
T3,2,1,64,12
T4,3,1,187,22
[30]
T1,0,0,200,13
T2,1,1,154,24
T3,2,0,135,7
T4,3,0,48,5
[31]
T1,0,0,200,2
T2,1,1,38,2
T3,2,0,159,19
T4,3,1,88,18
[32]
T1,0,0,172,9
T2,1,0,200,27
T3,2,0,45,9
T4,3,1,57,2
[33]
T1,0,0,200,5
T2,1,1,94,7
T3,2,1,185,20
T4,3,0,37,6
[34]
T1,0,0,52,13
T2,1,0,143,6
T3,2,0,177,11
T4,3,0,200,4
[35]
T1,0,0,34,2
T2,1,0,87,4
T3,2,0,200,59
T4,3,1,164,6
[36]
T1,0,0,158,10
T2,1,0,40,8
T3,2,0,200,12
T4,3,1,97,4
[37]
T1,0,1,114,28
T2,1,1,200,5
T3,2,1,184,2
T4,3,1,41,4
[38]
T1,0,1,200,58
T2,1,0,35,2
T3,2,1,55,2
T4,3,0,196,17
[39]
T1,0,1,200,41
T2,1,1,44,6
T3,2,0,197,2
T4,3,0,132,4
[40]
T1,0,0,167,29
T2,1,0,114,6
T3,2,1,26,1
T4,3,1,200,18
[41]
T1,0,1,24,6
T2,1,1,182,23
T3,2,1,200,1
T4,3,0,122,1
[42]
T1,0,0,47,2
T2,1,1,200,8
T3,2,0,73,25
T4,3,1,185,2
[43]
T1,0,0,23,1
T2,1,1,200,36
T3,2,0,172,10
T4,3,0,72,6
[44]
T1,0,1,200,22
T2,1,1,28,3
T3,2,1,137,8
T4,3,0,180,21
[45]
T1,0,0,35,3
T2,1,0,152,2
T3,2,1,200,31
T4,3,1,123,15
[46]
T1,0,0,189,32
T2,1,1,200,17
T3,2,1,104,12
T4,3,1,32,2
[47]
T1,0,0,106,29
T2,1,0,200,6
T3,2,1,50,2
T4,3,1,158,11
[48]
T1,0,1,200,14
T2,1,0,44,2
T3,2,0,116,5
T4,3,1,198,54
[49]
T1,0,1,177,6
T2,1,0,98,16
T3,2,1,200,34
T4,3,0,51,1
[50]
T1,0,0,42,4
T2,1,0,200,31
T3,2,1,195,20
T4,3,1,94,3
[51]
T1,0,1,198,11
T2,1,0,200,12
T3,2,0,146,17
T4,3,0,46,7
[52]
T1,0,1,169,20
T2,1,1,32,2
T3,2,0,115,25
T4,3,1,200,8
[53]
T1,0,1,159,3
T2,1,0,200,49
T3,2,1,36,3
T4,3,0,75,2
[54]
T1,0,0,163,23
T2,1,0,130,2
T3,2,1,44,6
T4,3,0,200,21
[55]
T1,0,0,55,1
T2,1,0,155,9
T3,2,0,49,7
T4,3,1,200,32
[56]
T1,0,1,57,1
T2,1,1,200,15
T3,2,1,169,39
T4,3,1,35,2
[57]
T1,0,1,129,13
T2,1,1,180,12
T3,2,0,37,1
T4,3,1,200,37
[58]
T1,0,0,183,4
T2,1,0,200,47
T3,2,1,21,2
T4,3,1,64,6
[59]
T1,0,1,196,10
T2,1,1,35,3
T3,2,0,200,20
T4,3,1,98,13
[60]
T1,0,0,73,2
T2,1,1,200,21
T3,2,0,186,38
T4,3,1,44,2
[61]
T1,0,1,89,2
T2,1,1,22,2
T3,2,0,200,9
T4,3,0,185,38
[62]
T1,0,0,98,10
T2,1,1,48,5
T3,2,1,200,25
T4,3,1,193,11
[63]
T1,0,0,200,35
T2,1,1,43,1
T3,2,0,58,8
T4,3,1,198,9
[64]
T1,0,0,44,7
T2,1,0,86,5
T3,2,0,179,1
T4,3,1,200,31
[65]
T1,0,0,39,10
T2,1,0,200,8
T3,2,1,171,5
T4,3,1,143,6
[66]
T1,0,0,93,1
T2,1,0,40,4
T3,2,1,163,19
T4,3,0,200,30
[67]
T1,0,0,133,24
T2,1,1,50,2
T3,2,1,200,17
T4,3,0,157,19
[68]
T1,0,1,175,28
T2,1,1,109,8
T3,2,1,200,25
T4,3,1,38,1
[69]
T1,0,1,162,14
T2,1,1,200,38
T3,2,0,127,11
T4,3,1,43,1
[70]
T1,0,1,200,43
T2,1,1,58,2
T3,2,1,148,3
T4,3,0,41,5
[71]
T1,0,1,61,2
T2,1,0,149,28
T3,2,0,52,2
T4,3,0,200,40
[72]
T1,0,0,77,12
T2,1,1,200,13
T3,2,1,179,18
T4,3,0,45,2
[73]
T1,0,0,39,2
T2,1,0,200,27
T3,2,0,195,2
T4,3,0,83,15
[74]
T1,0,1,165,30
T2,1,1,200,32
T3,2,1,45,1
T4,3,0,141,3
[75]
T1,0,0,191,19
T2,1,1,86,13
T3,2,1,200,7
T4,3,1,36,3
[76]
T1,0,1,176,55
T2,1,0,130,5
T3,2,0,30,2
T4,3,1,200,5
[77]
T1,0,0,83,9
T2,1,1,180,1
T3,2,1,43,4
T4,3,1,200,32
[78]
T1,0,1,192,27
T2,1,0,200,10
T3,2,1,34,4
T4,3,0,112,6
[79]
T1,0,1,52,2
T2,1,0,200,16
T3,2,0,140,42
T4,3,0,193,2
[80]
T1,0,1,200,39
T2,1,1,90,5
T3,2,0,28,2
T4,3,1,163,18
[81]
T1,0,1,129,16
T2,1,0,25,2
T3,2,1,195,9
T4,3,0,200,25
[82]
T1,0,1,34,2
T2,1,1,77,3
T3,2,0,184,11
T4,3,0,200,41
[83]
T1,0,1,48,13
T2,1,0,113,1
T3,2,1,200,1
T4,3,1,150,13
[84]
T1,0,0,200,33
T2,1,0,81,2
T3,2,0,42,2
T4,3,0,198,28
[85]
T1,0,1,35,4
T2,1,0,172,20
T3,2,0,200,6
T4,3,0,82,9
[86]
T1,0,0,90,15
T2,1,0,150,13
T3,2,0,44,1
T4,3,1,200,23
[87]
T1,0,0,22,1
T2,1,1,200,7
T3,2,1,123,22
T4,3,1,190,18
[88]
T1,0,0,200,25
T2,1,1,40,8
T3,2,1,189,3
T4,3,1,59,1
[89]
T1,0,1,142,33
T2,1,1,200,2
T3,2,0,152,17
T4,3,0,46,2
[90]
T1,0,0,186,25
T2,1,1,81,2
T3,2,1,200,17
T4,3,1,38,6
[91]
T1,0,0,172,18
T2,1,0,63,9
T3,2,1,200,24
T4,3,0,37,2
[92]
T1,0,0,170,2
T2,1,0,200,45
T3,2,1,48,2
T4,3,0,89,9
[93]
T1,0,1,200,12
T2,1,0,38,2
T3,2,0,182,31
T4,3,0,82,8
[94]
T1,0,0,200,12
T2,1,0,25,4
T3,2,1,86,1
T4,3,1,161,23
[95]
T1,0,1,91,8
T2,1,0,150,2
T3,2,1,200,16
T4,3,1,37,8
[96]
T1,0,1,141,4
T2,1,1,157,8
T3,2,0,22,3
T4,3,1,200,32
[97]
T1,0,0,187,29
T2,1,0,200,10
T3,2,1,63,1
T4,3,0,51,8
[98]
T1,0,1,172,9
T2,1,1,22,1
T3,2,1,132,10
T4,3,1,200,38
[99]
T1,0,0,200,13
T2,1,0,157,46
T3,2,0,31,2
T4,3,0,56,2
[100]
T1,0,0,110,5
T2,1,1,45,10
T3,2,0,181,19
T4,3,0,200,3
[101]
T1,0,1,119,1
T2,1,0,30,2
T3,2,0,148,9
T4,3,0,200,59
[102]
T1,0,1,121,15
T2,1,1,42,2
T3,2,0,175,15
T4,3,0,200,25
[103]
T1,0,0,157,36
T2,1,1,36,4
T3,2,1,200,3
T4,3,1,105,3
[104]
T1,0,0,200,4
T2,1,0,107,19
T3,2,1,160,10
T4,3,0,34,4
[105]
T1,0,0,35,5
T2,1,1,138,16
T3,2,0,200,3
T4,3,1,198,22
[106]
T1,0,0,156,29
T2,1,0,200,7
T3,2,1,43,1
T4,3,0,95,13
[107]
T1,0,0,55,15
T2,1,1,51,2
T3,2,1,200,4
T4,3,0,192,15
[108]
T1,0,0,196,23
T2,1,0,26,2
T3,2,0,200,31
T4,3,1,103,4
[109]
T1,0,1,183,24
T2,1,1,39,2
T3,2,0,57,6
T4,3,1,200,14
[110]
T1,0,0,200,30
T2,1,0,174,4
T3,2,0,140,28
T4,3,0,40,2
[111]
T1,0,1,174,22
T2,1,0,23,2
T3,2,0,55,7
T4,3,0,200,23
[112]
T1,0,1,154,14
T2,1,0,43,10
T3,2,1,200,7
T4,3,0,115,3
[113]
T1,0,1,200,2
T2,1,0,185,19
T3,2,0,138,35
T4,3,1,31,2
[114]
T1,0,1,200,25
T2,1,1,162,19
T3,2,0,27,1
T4,3,0,112,9
[115]
T1,0,0,197,11
T2,1,0,21,2
T3,2,1,200,45
T4,3,0,109,1
[116]
T1,0,1,200,42
T2,1,0,24,1
T3,2,1,150,8
T4,3,0,108,7
[117]
T1,0,0,159,5
T2,1,1,200,11
T3,2,0,96,6
T4,3,1,50,11
[118]
T1,0,0,84,10
T2,1,0,200,36
T3,2,0,34,2
T4,3,0,153,2
[119]
T1,0,0,141,11
T2,1,1,200,5
T3,2,1,31,5
T4,3,0,160,19
[120]
T1,0,0,156,11
T2,1,0,145,3
T3,2,1,200,50
T4,3,0,34,1
[121]
T1,0,0,200,12
T2,1,0,34,9
T3,2,1,183,2
T4,3,0,122,6
[122]
T1,0,1,37,2
T2,1,1,122,1
T3,2,0,200,20
T4,3,1,195,43
[123]
T1,0,1,22,3
T2,1,1,82,13
T3,2,0,170,6
T4,3,1,200,10
[124]
T1,0,1,169,7
T2,1,1,82,16
T3,2,1,200,9
T4,3,1,25,2
[125]
T1,0,1,113,4
T2,1,0,188,3
T3,2,1,200,8
T4,3,0,33,9
[126]
T1,0,1,158,6
T2,1,1,200,4
T3,2,1,23,2
T4,3,1,143,45
[127]
T1,0,1,200,2
T2,1,0,76,8
T3,2,0,168,42
T4,3,0,39,1
[128]
T1,0,1,200,25
T2,1,1,155,9
T3,2,1,23,2
T4,3,1,96,8
[129]
T1,0,1,22,2
T2,1,0,170,6
T3,2,1,200,49
T4,3,1,69,6
[130]
T1,0,0,25,2
T2,1,0,177,35
T3,2,1,200,21
T4,3,0,66,4
[131]
T1,0,1,145,26
T2,1,1,166,10
T3,2,1,34,2
T4,3,1,200,14
[132]
T1,0,1,200,46
T2,1,0,157,2
T3,2,1,34,1
T4,3,0,130,16
[133]
T1,0,0,154,12
T2,1,1,31,1
T3,2,1,130,2
T4,3,0,200,53
[134]
T1,0,1,25,2
T2,1,0,154,5
T3,2,0,200,59
T4,3,0,137,6
[135]
T1,0,0,200,6
T2,1,0,82,16
T3,2,1,150,12
T4,3,0,43,3
[136]
T1,0,0,79,2
T2,1,0,194,40
T3,2,0,48,1
T4,3,1,200,31
[137]
T1,0,0,200,5
T2,1,0,111,17
T3,2,1,37,7
T4,3,1,192,1
[138]
T1,0,0,20,3
T2,1,0,171,1
T3,2,1,89,15
T4,3,0,200,10
[139]
T1,0,1,27,8
T2,1,1,200,13
T3,2,0,112,2
T4,3,0,188,2
[140]
T1,0,0,176,3
T2,1,0,200,13
T3,2,0,26,4
T4,3,1,60,9
[141]
T1,0,1,192,14
T2,1,0,200,15
T3,2,0,108,24
T4,3,0,32,2
[142]
T1,0,1,27,2
T2,1,1,200,11
T3,2,1,158,30
T4,3,0,86,11
[143]
T1,0,0,188,3
T2,1,0,63,2
T3,2,1,200,52
T4,3,1,53,3
[144]
T1,0,1,21,2
T2,1,0,189,15
T3,2,0,77,20
T4,3,1,200,6
[145]
T1,0,0,94,23
T2,1,1,20,2
T3,2,0,184,10
T4,3,1,200,15
[146]
T1,0,0,74,14
T2,1,0,52,2
T3,2,1,200,37
T4,3,0,158,2
[147]
T1,0,1,116,13
T2,1,0,28,2
T3,2,0,200,29
T4,3,0,176,18
[148]
T1,0,0,172,25
T2,1,1,147,3
T3,2,1,200,2
T4,3,1,23,5
[149]
T1,0,1,30,1
T2,1,0,200,13
T3,2,1,171,20
T4,3,1,71,11
[150]
T1,0,1,189,3
T2,1,0,110,33
T3,2,0,40,2
T4,3,1,200,1
[151]
T1,0,1,185,23
T2,1,0,43,1
T3,2,1,200,40
T4,3,1,113,5
[152]
T1,0,1,33,3
T2,1,1,200,29
T3,2,0,83,11
T4,3,0,176,2
[153]
T1,0,1,189,17
T2,1,0,143,17
T3,2,0,48,1
T4,3,1,200,29
[154]
T1,0,1,200,33
T2,1,1,34,2
T3,2,0,122,4
T4,3,1,161,30
[155]
T1,0,1,23,3
T2,1,0,160,2
T3,2,0,200,27
T4,3,1,88,8
[156]
T1,0,1,35,1
T2,1,1,200,14
T3,2,0,120,7
T4,3,0,178,37
[157]
T1,0,1,88,25
T2,1,1,45,2
T3,2,0,200,18
T4,3,0,191,1
[158]
T1,0,1,166,16
T2,1,0,88,2
T3,2,0,200,26
T4,3,0,26,4
[159]
T1,0,1,172,12
T2,1,0,51,3
T3,2,0,200,33
T4,3,1,123,11
[160]
T1,0,1,200,2
T2,1,1,28,3
T3,2,0,177,9
T4,3,0,68,14
[161]
T1,0,0,200,13
T2,1,0,128,22
T3,2,1,149,22
T4,3,0,46,2
[162]
T1,0,0,171,5
T2,1,1,42,1
T3,2,1,75,2
T4,3,1,200,64
[163]
T1,0,0,32,2
T2,1,0,78,1
T3,2,0,200,27
T4,3,0,167,24
[164]
T1,0,0,42,1
T2,1,1,119,9
T3,2,1,148,4
T4,3,1,200,50
[165]
T1,0,0,200,66
T2,1,1,131,3
T3,2,0,50,2
T4,3,1,166,4
[166]
T1,0,0,27,1
T2,1,1,200,24
T3,2,1,186,14
T4,3,0,127,20
[167]
T1,0,1,122,6
T2,1,0,200,38
T3,2,0,169,8
T4,3,1,54,5
[168]
T1,0,1,163,5
T2,1,1,145,26
T3,2,1,200,23
T4,3,0,40,2
[169]
T1,0,0,172,16
T2,1,0,200,43
T3,2,1,20,1
T4,3,0,61,1
[170]
T1,0,1,195,52
T2,1,0,145,5
T3,2,0,200,16
T4,3,1,32,2
[171]
T1,0,0,162,23
T2,1,1,46,2
T3,2,1,200,40
T4,3,1,110,3
[172]
T1,0,0,81,2
T2,1,0,164,7
T3,2,0,27,2
T4,3,0,200,54
[173]
T1,0,1,61,2
T2,1,1,28,2
T3,2,0,200,32
T4,3,1,163,35
[174]
T1,0,0,200,32
T2,1,0,174,7
T3,2,1,58,9
T4,3,0,25,2
[175]
T1,0,0,54,3
T2,1,0,195,7
T3,2,1,200,35
T4,3,1,90,10
[176]
T1,0,0,200,3
T2,1,1,186,26
T3,2,1,103,14
T4,3,0,53,5
[177]
T1,0,1,26,8
T2,1,1,152,5
T3,2,1,79,2
T4,3,0,200,9
[178]
T1,0,0,199,61
T2,1,1,87,2
T3,2,0,200,15
T4,3,0,23,2
[179]
T1,0,1,150,9
T2,1,1,200,33
T3,2,0,58,8
T4,3,1,34,2
[180]
T1,0,0,200,2
T2,1,1,124,4
T3,2,0,51,6
T4,3,0,188,42
[181]
T1,0,1,200,15
T2,1,0,27,2
T3,2,1,95,3
T4,3,0,194,49
[182]
T1,0,1,50,3
T2,1,0,77,3
T3,2,1,182,34
T4,3,1,200,16
[183]
T1,0,0,48,5
T2,1,1,102,3
T3,2,0,200,21
T4,3,1,159,22
[184]
T1,0,0,200,34
T2,1,0,62,6
T3,2,0,148,12
T4,3,0,52,1
[185]
T1,0,0,200,21
T2,1,0,174,23
T3,2,1,94,6
T4,3,1,22,1
[186]
T1,0,0,200,7
T2,1,1,199,32
T3,2,1,34,6
T4,3,0,136,2
[187]
T1,0,0,200,21
T2,1,1,44,3
T3,2,0,66,11
T4,3,0,180,9
[188]
T1,0,1,49,2
T2,1,0,200,4
T3,2,0,88,20
T4,3,0,155,20
[189]
T1,0,0,89,5
T2,1,0,200,17
T3,2,1,39,9
T4,3,0,175,3
[190]
T1,0,0,200,30
T2,1,1,53,1
T3,2,0,114,2
T4,3,0,174,38
[191]
T1,0,1,200,20
T2,1,0,161,10
T3,2,0,29,2
T4,3,0,107,17
[192]
T1,0,1,97,5
T2,1,1,200,12
T3,2,1,29,5
T4,3,1,151,11
[193]
T1,0,1,193,5
T2,1,0,200,47
T3,2,1,26,2
T4,3,1,127,4
[194]
T1,0,0,200,20
T2,1,1,21,2
T3,2,1,73,12
T4,3,1,195,3
[195]
T1,0,1,200,24
T2,1,0,169,24
T3,2,0,123,2
T4,3,1,36,4
[196]
T1,0,0,154,33
T2,1,1,200,24
T3,2,1,30,2
T4,3,1,140,5
[197]
T1,0,0,148,35
T2,1,0,200,12
T3,2,1,132,10
T4,3,1,24,2
[198]
T1,0,0,200,7
T2,1,0,85,2
T3,2,1,190,35
T4,3,1,53,8
[199]
T1,0,1,188,37
T2,1,0,63,2
T3,2,0,50,2
T4,3,0,200,31
[200]
T1,0,1,200,17
T2,1,0,41,2
T3,2,1,128,24
T4,3,1,156,18
[201]
T1,0,0,28,4
T2,1,0,195,6
T3,2,0,73,7
T4,3,1,200,19
[202]
T1,0,1,44,10
T2,1,1,164,2
T3,2,0,200,17
T4,3,1,85,5
[203]
T1,0,0,178,1
T2,1,1,200,65
T3,2,0,38,2
T4,3,0,104,4
[204]
T1,0,0,175,19
T2,1,1,113,8
T3,2,1,200,35
T4,3,1,33,1
[205]
T1,0,1,200,25
T2,1,1,77,13
T3,2,0,34,1
T4,3,0,152,6
[206]
T1,0,1,200,17
T2,1,1,149,2
T3,2,0,122,2
T4,3,1,31,8
[207]
T1,0,1,200,25
T2,1,0,144,7
T3,2,0,30,1
T4,3,0,187,29
[208]
T1,0,0,183,32
T2,1,1,200,3
T3,2,0,39,4
T4,3,0,112,9
[209]
T1,0,0,200,10
T2,1,1,105,27
T3,2,1,32,1
T4,3,0,182,5
[210]
T1,0,0,150,42
T2,1,0,200,3
T3,2,1,94,4
T4,3,1,53,2
[211]
T1,0,1,49,2
T2,1,0,93,3
T3,2,1,200,46
T4,3,0,189,20
[212]
T1,0,1,200,20
T2,1,1,182,27
T3,2,0,47,2
T4,3,1,122,17
[213]
T1,0,1,92,2
T2,1,0,159,49
T3,2,0,54,1
T4,3,0,200,8
[214]
T1,0,0,45,7
T2,1,0,200,5
T3,2,0,172,24
T4,3,0,117,8
[215]
T1,0,1,200,32
T2,1,0,111,3
T3,2,1,22,4
T4,3,1,186,2
[216]
T1,0,0,176,18
T2,1,0,29,3
T3,2,0,200,3
T4,3,1,109,18
[217]
T1,0,1,32,1
T2,1,0,127,7
T3,2,1,200,15
T4,3,1,171,37
[218]
T1,0,0,104,4
T2,1,1,42,7
T3,2,0,181,5
T4,3,0,200,31
[219]
T1,0,0,140,4
T2,1,0,200,63
T3,2,1,50,2
T4,3,0,150,2
[220]
T1,0,0,32,2
T2,1,1,200,37
T3,2,0,171,11
T4,3,1,89,4
[221]
T1,0,0,200,68
T2,1,1,182,1
T3,2,1,54,2
T4,3,1,89,3
[222]
T1,0,1,200,32
T2,1,1,178,34
T3,2,0,147,2
T4,3,0,37,1
[223]
T1,0,1,200,24
T2,1,1,106,13
T3,2,1,167,2
T4,3,0,40,5
[224]
T1,0,1,81,5
T2,1,1,51,1
T3,2,0,177,20
T4,3,0,200,37
[225]
T1,0,0,30,2
T2,1,0,200,15
T3,2,0,156,30
T4,3,1,138,5
[226]
T1,0,1,74,2
T2,1,1,53,15
T3,2,0,190,7
T4,3,0,200,11
[227]
T1,0,0,132,5
T2,1,0,34,10
T3,2,0,200,4
T4,3,1,194,7
[228]
T1,0,0,182,8
T2,1,1,46,7
T3,2,0,123,7
T4,3,1,200,25
[229]
T1,0,0,47,2
T2,1,0,136,34
T3,2,1,165,14
T4,3,0,200,9
[230]
T1,0,1,200,13
T2,1,1,135,4
T3,2,0,164,24
T4,3,0,23,3
[231]
T1,0,1,22,3
T2,1,0,200,18
T3,2,0,105,2
T4,3,0,158,21
[232]
T1,0,0,30,6
T2,1,1,200,13
T3,2,1,113,6
T4,3,0,197,13
[233]
T1,0,1,200,17
T2,1,0,35,5
T3,2,1,89,11
T4,3,1,151,2
[234]
T1,0,0,200,35
T2,1,1,171,20
T3,2,1,39,2
T4,3,0,112,4
[235]
T1,0,0,88,11
T2,1,0,196,21
T3,2,0,200,2
T4,3,0,32,4
[236]
T1,0,0,192,4
T2,1,1,54,2
T3,2,1,36,1
T4,3,1,200,65
[237]
T1,0,0,30,5
T2,1,0,112,2
T3,2,1,186,32
T4,3,1,200,5
[238]
T1,0,0,200,5
T2,1,1,137,6
T3,2,1,178,30
T4,3,1,48,7
[239]
T1,0,1,200,5
T2,1,1,39,4
T3,2,0,135,18
T4,3,0,180,20
[240]
T1,0,0,200,2
T2,1,0,103,8
T3,2,0,156,47
T4,3,0,26,2
[241]
T1,0,0,81,2
T2,1,1,200,51
T3,2,0,194,4
T4,3,0,27,2
[242]
T1,0,1,28,2
T2,1,1,200,29
T3,2,0,164,3
T4,3,0,120,23
[243]
T1,0,1,98,24
T2,1,0,200,8
T3,2,0,49,1
T4,3,1,184,13
[244]
T1,0,1,164,9
T2,1,0,133,31
T3,2,0,27,1
T4,3,0,200,10
[245]
T1,0,1,200,41
T2,1,1,26,1
T3,2,1,89,4
T4,3,0,198,13
[246]
T1,0,1,22,1
T2,1,1,200,37
T3,2,1,84,1
T4,3,1,170,18
[247]
T1,0,0,124,2
T2,1,0,28,1
T3,2,1,151,13
T4,3,0,200,46
[248]
T1,0,1,200,3
T2,1,1,170,7
T3,2,1,114,15
T4,3,0,44,8
[249]
T1,0,0,51,1
T2,1,1,195,26
T3,2,0,58,12
T4,3,1,200,4
[250]
T1,0,1,71,12
T2,1,1,23,4
T3,2,0,166,4
T4,3,0,200,1
[251]
T1,0,1,184,1
T2,1,1,111,36
T3,2,1,26,1
T4,3,1,200,3
[252]
T1,0,0,80,2
T2,1,1,27,2
T3,2,0,200,49
T4,3,0,177,6
[253]
T1,0,1,200,4
T2,1,1,195,35
T3,2,0,22,2
T4,3,0,120,8
[254]
T1,0,0,22,2
T2,1,1,200,41
T3,2,1,64,9
T4,3,1,181,2
[255]
T1,0,1,200,12
T2,1,0,101,7
T3,2,0,162,40
T4,3,0,39,2
[256]
T1,0,1,130,2
T2,1,1,200,5
T3,2,1,43,4
T4,3,1,174,42
[257]
T1,0,0,193,26
T2,1,0,200,21
T3,2,1,60,8
T4,3,1,46,2
[258]
T1,0,0,165,19
T2,1,0,200,35
T3,2,0,25,2
T4,3,1,92,5
[259]
T1,0,0,199,18
T2,1,0,88,6
T3,2,1,45,6
T4,3,0,200,18
[260]
T1,0,1,40,5
T2,1,0,131,8
T3,2,0,200,12
T4,3,1,179,24
[261]
T1,0,0,198,28
T2,1,0,30,4
T3,2,1,200,7
T4,3,0,88,5
[262]
T1,0,0,51,2
T2,1,1,200,60
T3,2,1,159,13
T4,3,1,128,2
[263]
T1,0,0,36,9
T2,1,1,178,6
T3,2,0,69,7
T4,3,1,200,1
[264]
T1,0,1,113,15
T2,1,1,176,40
T3,2,1,32,1
T4,3,0,200,2
[265]
T1,0,1,125,10
T2,1,1,174,9
T3,2,0,200,12
T4,3,1,50,10
[266]
T1,0,0,87,15
T2,1,1,200,14
T3,2,1,149,17
T4,3,0,27,2
[267]
T1,0,1,27,5
T2,1,0,182,28
T3,2,1,115,2
T4,3,0,200,6
[268]
T1,0,0,159,17
T2,1,0,121,22
T3,2,1,29,1
T4,3,0,200,12
[269]
T1,0,0,164,3
T2,1,0,21,1
T3,2,1,145,45
T4,3,1,200,1
[270]
T1,0,0,200,28
T2,1,1,129,19
T3,2,0,42,2
T4,3,0,166,12
[271]
T1,0,1,52,2
T2,1,0,200,24
T3,2,1,190,32
T4,3,1,86,8
[272]
T1,0,1,40,1
T2,1,1,110,37
T3,2,1,180,1
T4,3,0,200,1
[273]
T1,0,0,200,19
T2,1,1,52,8
T3,2,1,155,14
T4,3,1,66,2
[274]
T1,0,0,200,34
T2,1,1,45,3
T3,2,1,132,4
T4,3,0,188,22
[275]
T1,0,1,133,18
T2,1,0,200,22
T3,2,0,33,2
T4,3,0,166,18
[276]
T1,0,0,61,1
T2,1,1,21,1
T3,2,1,160,44
T4,3,1,200,6
[277]
T1,0,0,175,10
T2,1,1,200,38
T3,2,1,42,2
T4,3,0,138,18
[278]
T1,0,1,25,4
T2,1,1,200,8
T3,2,0,151,5
T4,3,1,122,19
[279]
T1,0,0,200,7
T2,1,0,45,11
T3,2,0,193,1
T4,3,0,113,12
[280]
T1,0,0,200,42
T2,1,1,35,2
T3,2,1,138,5
T4,3,1,166,11
[281]
T1,0,0,70,5
T2,1,1,200,30
T3,2,0,174,6
T4,3,0,35,4
[282]
T1,0,1,28,1
T2,1,1,163,30
T3,2,0,92,5
T4,3,0,200,20
[283]
T1,0,0,200,2
T2,1,0,21,2
T3,2,1,149,38
T4,3,1,92,7
[284]
T1,0,0,200,16
T2,1,0,32,3
T3,2,0,197,6
T4,3,0,57,10
[285]
T1,0,0,198,1
T2,1,1,77,6
T3,2,1,200,2
T4,3,0,42,13
[286]
T1,0,0,154,5
T2,1,1,200,50
T3,2,1,80,3
T4,3,0,54,3
[287]
T1,0,0,123,7
T2,1,0,168,25
T3,2,0,42,4
T4,3,0,200,19
[288]
T1,0,1,200,32
T2,1,0,44,1
T3,2,1,156,7
T4,3,0,125,19
[289]
T1,0,0,196,4
T2,1,1,63,19
T3,2,1,200,6
T4,3,1,44,1
[290]
T1,0,1,79,1
T2,1,0,30,4
T3,2,1,200,3
T4,3,1,196,38
[291]
T1,0,1,119,20
T2,1,1,200,21
T3,2,0,185,9
T4,3,0,48,3
[292]
T1,0,0,73,6
T2,1,0,23,5
T3,2,0,182,8
T4,3,0,200,7
[293]
T1,0,0,29,1
T2,1,1,59,4
T3,2,0,200,7
T4,3,1,161,36
[294]
T1,0,1,89,17
T2,1,0,178,23
T3,2,1,51,1
T4,3,0,200,8
[295]
T1,0,1,57,1
T2,1,1,20,6
T3,2,0,196,5
T4,3,0,200,9
[296]
T1,0,1,29,2
T2,1,0,195,23
T3,2,1,66,2
T4,3,1,200,33
[297]
T1,0,0,111,4
T2,1,1,176,17
T3,2,1,20,2
T4,3,1,200,49
[298]
T1,0,0,143,1
T2,1,1,167,44
T3,2,0,200,11
T4,3,1,36,2
[299]
T1,0,1,200,1
T2,1,0,181,21
T3,2,1,119,6
T4,3,1,45,9
[300]
T1,0,1,166,2
T2,1,0,24,6
T3,2,0,200,9
T4,3,1,68,5
[301]
T1,0,1,145,41
T2,1,0,200,11
T3,2,0,170,7
T4,3,0,21,2
[302]
T1,0,1,129,15
T2,1,0,192,11
T3,2,1,31,2
T4,3,1,200,28
[303]
T1,0,0,26,3
T2,1,1,187,31
T3,2,0,138,3
T4,3,0,200,13
[304]
T1,0,0,178,27
T2,1,0,124,4
T3,2,0,37,6
T4,3,1,200,5
[305]
T1,0,1,200,12
T2,1,1,156,2
T3,2,0,121,32
T4,3,0,48,2
[306]
T1,0,0,27,1
T2,1,0,189,16
T3,2,0,200,39
T4,3,1,101,6
[307]
T1,0,1,119,3
T2,1,0,200,38
T3,2,0,52,5
T4,3,0,167,14
[308]
T1,0,0,92,7
T2,1,1,200,45
T3,2,0,38,2
T4,3,0,185,17
[309]
T1,0,1,153,7
T2,1,0,134,25
T3,2,0,200,31
T4,3,0,36,2
[310]
T1,0,1,116,19
T2,1,1,24,2
T3,2,0,170,7
T4,3,1,200,17
[311]
T1,0,0,200,1
T2,1,1,31,5
T3,2,1,175,7
T4,3,0,63,10
[312]
T1,0,1,155,8
T2,1,1,200,38
T3,2,1,50,2
T4,3,0,113,15
[313]
T1,0,0,200,9
T2,1,0,168,40
T3,2,1,40,2
T4,3,0,76,6
[314]
T1,0,0,43,3
T2,1,0,184,23
T3,2,0,200,19
T4,3,1,72,7
[315]
T1,0,0,37,1
T2,1,0,150,42
T3,2,1,81,4
T4,3,0,200,5
[316]
T1,0,0,195,29
T2,1,0,200,33
T3,2,1,37,2
T4,3,1,64,4
[317]
T1,0,0,46,1
T2,1,0,200,13
T3,2,1,79,11
T4,3,1,187,30
[318]
T1,0,1,45,12
T2,1,0,189,19
T3,2,1,200,3
T4,3,0,95,2
[319]
T1,0,1,44,3
T2,1,1,176,6
T3,2,1,106,11
T4,3,0,200,33
[320]
T1,0,1,139,29
T2,1,1,200,9
T3,2,0,172,18
T4,3,1,40,1
[321]
T1,0,0,200,3
T2,1,0,75,9
T3,2,1,176,6
T4,3,1,33,7
[322]
T1,0,1,147,20
T2,1,0,137,4
T3,2,0,200,14
T4,3,1,54,8
[323]
T1,0,0,192,67
T2,1,1,42,2
T3,2,1,145,1
T4,3,1,200,3
[324]
T1,0,0,200,50
T2,1,1,43,1
T3,2,1,94,7
T4,3,0,176,7
[325]
T1,0,0,23,2
T2,1,1,180,4
T3,2,1,70,16
T4,3,0,200,7
[326]
T1,0,1,200,23
T2,1,1,27,6
T3,2,1,162,4
T4,3,1,74,2
[327]
T1,0,1,131,15
T2,1,1,200,28
T3,2,0,26,2
T4,3,0,150,5
[328]
T1,0,1,111,11
T2,1,0,48,2
T3,2,1,200,7
T4,3,0,169,41
[329]
T1,0,0,113,12
T2,1,1,200,40
T3,2,0,166,1
T4,3,1,22,1
[330]
T1,0,1,110,14
T2,1,1,42,2
T3,2,1,200,6
T4,3,1,155,27
[331]
T1,0,1,45,1
T2,1,0,140,13
T3,2,1,188,37
T4,3,0,200,16
[332]
T1,0,0,200,19
T2,1,0,38,2
T3,2,0,135,26
T4,3,1,186,15
[333]
T1,0,0,117,12
T2,1,0,51,7
T3,2,0,200,2
T4,3,1,178,22
[334]
T1,0,1,175,11
T2,1,0,23,2
T3,2,1,121,2
T4,3,1,200,55
[335]
T1,0,0,200,20
T2,1,1,153,10
T3,2,1,26,2
T4,3,1,105,21
[336]
T1,0,1,66,14
T2,1,0,200,13
T3,2,1,190,2
T4,3,1,47,4
[337]
T1,0,0,133,7
T2,1,0,48,4
T3,2,1,183,10
T4,3,0,200,37
[338]
T1,0,0,200,14
T2,1,1,118,10
T3,2,1,190,11
T4,3,1,31,5
[339]
T1,0,0,200,24
T2,1,0,102,26
T3,2,1,21,2
T4,3,0,179,1
[340]
T1,0,1,200,53
T2,1,0,93,2
T3,2,0,23,2
T4,3,0,170,14
[341]
T1,0,0,52,2
T2,1,1,200,25
T3,2,0,178,43
T4,3,0,97,2
[342]
T1,0,1,200,11
T2,1,1,135,37
T3,2,0,22,2
T4,3,1,186,6
[343]
T1,0,0,131,34
T2,1,1,46,2
T3,2,0,194,10
T4,3,0,200,7
[344]
T1,0,0,193,5
T2,1,0,25,1
T3,2,0,104,5
T4,3,1,200,48
[345]
T1,0,1,179,8
T2,1,0,200,2
T3,2,1,92,10
T4,3,0,46,10
[346]
T1,0,0,155,27
T2,1,1,68,6
T3,2,0,200,6
T4,3,1,45,4
[347]
T1,0,0,200,26
T2,1,1,63,2
T3,2,1,23,2
T4,3,0,182,45
[348]
T1,0,1,176,8
T2,1,0,130,3
T3,2,0,200,2
T4,3,1,45,14
[349]
T1,0,1,39,1
T2,1,0,177,54
T3,2,1,128,3
T4,3,0,200,7
[350]
T1,0,0,148,3
T2,1,1,45,11
T3,2,1,144,4
T4,3,0,200,18
[351]
T1,0,1,40,1
T2,1,1,95,22
T3,2,0,187,15
T4,3,1,200,9
[352]
T1,0,0,200,9
T2,1,1,59,2
T3,2,0,171,28
T4,3,1,54,7
[353]
T1,0,1,22,3
T2,1,0,120,12
T3,2,1,200,28
T4,3,1,189,3
[354]
T1,0,0,28,2
T2,1,0,166,38
T3,2,1,200,11
T4,3,0,76,2
[355]
T1,0,0,48,2
T2,1,1,136,8
T3,2,0,200,59
T4,3,0,149,4
[356]
T1,0,1,200,14
T2,1,0,198,2
T3,2,0,69,13
T4,3,1,46,6
[357]
T1,0,1,169,28
T2,1,1,97,8
T3,2,1,200,5
T4,3,0,20,2
[358]
T1,0,1,165,1
T2,1,1,37,6
T3,2,1,200,32
T4,3,0,86,5
[359]
T1,0,1,73,1
T2,1,1,32,3
T3,2,0,172,3
T4,3,0,200,49
[360]
T1,0,0,23,2
T2,1,1,200,52
T3,2,1,106,8
T4,3,1,157,4
[361]
T1,0,0,173,32
T2,1,1,119,9
T3,2,0,42,2
T4,3,1,200,22
[362]
T1,0,1,87,2
T2,1,1,35,1
T3,2,1,200,8
T4,3,1,153,47
[363]
T1,0,0,200,22
T2,1,1,38,1
T3,2,1,179,30
T4,3,1,82,6
[364]
T1,0,1,145,3
T2,1,0,200,13
T3,2,0,48,5
T4,3,1,178,33
[365]
T1,0,0,68,11
T2,1,0,21,2
T3,2,1,183,16
T4,3,0,200,28
[366]
T1,0,0,98,16
T2,1,1,188,42
T3,2,0,53,2
T4,3,0,200,2
[367]
T1,0,0,155,33
T2,1,0,200,3
T3,2,1,70,3
T4,3,0,40,4
[368]
T1,0,0,174,39
T2,1,0,114,10
T3,2,1,200,11
T4,3,0,22,2
[369]
T1,0,0,200,41
T2,1,1,62,4
T3,2,0,156,9
T4,3,0,22,1
[370]
T1,0,1,200,17
T2,1,1,158,3
T3,2,1,42,10
T4,3,1,63,2
[371]
T1,0,1,43,2
T2,1,0,88,12
T3,2,0,200,7
T4,3,0,174,37
[372]
T1,0,1,154,2
T2,1,0,102,18
T3,2,0,44,5
T4,3,1,200,16
[373]
T1,0,1,95,3
T2,1,1,200,2
T3,2,0,21,4
T4,3,1,184,30
[374]
T1,0,0,174,11
T2,1,0,38,3
T3,2,1,200,14
T4,3,1,101,16
[375]
T1,0,1,200,33
T2,1,1,181,19
T3,2,1,72,8
T4,3,1,45,2
[376]
T1,0,0,200,16
T2,1,1,144,22
T3,2,1,44,5
T4,3,0,180,8
[377]
T1,0,1,56,11
T2,1,0,47,2
T3,2,0,180,11
T4,3,1,200,18
[378]
T1,0,1,150,6
T2,1,1,59,9
T3,2,0,29,2
T4,3,0,200,35
[379]
T1,0,0,200,61
T2,1,1,64,3
T3,2,0,54,2
T4,3,0,168,2
[380]
T1,0,1,25,2
T2,1,0,200,17
T3,2,1,98,20
T4,3,1,173,15
[381]
T1,0,0,78,18
T2,1,0,180,2
T3,2,0,200,3
T4,3,0,31,4
[382]
T1,0,0,59,14
T2,1,0,38,2
T3,2,0,182,13
T4,3,0,200,15
[383]
T1,0,1,158,6
T2,1,1,37,2
T3,2,0,200,40
T4,3,0,107,16
[384]
T1,0,0,200,67
T2,1,0,183,6
T3,2,1,72,2
T4,3,1,42,2
[385]
T1,0,1,172,2
T2,1,1,118,24
T3,2,1,33,4
T4,3,1,200,13
[386]
T1,0,0,127,21
T2,1,0,20,2
T3,2,1,200,12
T4,3,1,151,19
[387]
T1,0,0,20,2
T2,1,0,128,28
T3,2,0,200,9
T4,3,1,155,15
[388]
T1,0,0,25,2
T2,1,1,79,9
T3,2,0,200,32
T4,3,1,187,3
[389]
T1,0,0,40,2
T2,1,0,167,9
T3,2,1,200,45
T4,3,0,108,12
[390]
T1,0,0,51,5
T2,1,0,111,5
T3,2,0,200,7
T4,3,0,152,32
[391]
T1,0,1,33,6
T2,1,1,200,23
T3,2,0,184,11
T4,3,1,82,3
[392]
T1,0,1,191,56
T2,1,1,24,2
T3,2,0,200,2
T4,3,1,84,2
[393]
T1,0,0,39,4
T2,1,1,80,5
T3,2,0,200,2
T4,3,0,194,40
[394]
T1,0,1,165,12
T2,1,0,144,16
T3,2,0,200,23
T4,3,1,33,2
[395]
T1,0,1,112,24
T2,1,1,200,4
T3,2,0,197,18
T4,3,1,34,2
[396]
T1,0,1,200,22
T2,1,1,187,46
T3,2,0,86,2
T4,3,1,50,1
[397]
T1,0,1,200,17
T2,1,1,47,3
T3,2,1,172,25
T4,3,1,120,9
[398]
T1,0,0,200,48
T2,1,1,95,5
T3,2,0,44,3
T4,3,0,165,2
[399]
T1,0,1,147,22
T2,1,1,165,6
T3,2,1,54,9
T4,3,1,200,7
[400]
T1,0,0,78,1
T2,1,1,200,18
T3,2,1,50,12
T4,3,1,161,4
[401]
T1,0,0,176,13
T2,1,0,200,3
T3,2,0,139,38
T4,3,1,44,1
[402]
T1,0,1,159,10
T2,1,1,26,4
T3,2,0,107,1
T4,3,0,200,31
[403]
T1,0,1,200,46
T2,1,1,190,8
T3,2,0,137,11
T4,3,0,53,2
[404]
T1,0,1,200,25
T2,1,0,84,5
T3,2,0,50,5
T4,3,0,177,16
[405]
T1,0,1,194,9
T2,1,1,200,56
T3,2,1,51,1
T4,3,0,126,6
[406]
T1,0,0,135,2
T2,1,1,200,55
T3,2,0,149,2
T4,3,1,50,5
[407]
T1,0,0,200,15
T2,1,0,27,4
T3,2,1,180,15
T4,3,0,129,6
[408]
T1,0,0,149,1
T2,1,1,131,43
T3,2,0,20,2
T4,3,1,200,8
[409]
T1,0,0,83,2
T2,1,1,176,28
T3,2,0,34,6
T4,3,1,200,2
[410]
T1,0,0,200,8
T2,1,0,107,4
T3,2,1,180,50
T4,3,1,26,1
[411]
T1,0,0,105,9
T2,1,0,38,5
T3,2,1,200,2
T4,3,0,169,26
[412]
T1,0,1,200,44
T2,1,0,145,19
T3,2,0,180,7
T4,3,0,40,2
[413]
T1,0,0,21,2
T2,1,1,163,30
T3,2,0,200,1
T4,3,1,130,10
[414]
T1,0,1,192,7
T2,1,1,200,5
T3,2,1,30,4
T4,3,1,137,23
[415]
T1,0,1,40,5
T2,1,0,102,8
T3,2,0,200,23
T4,3,1,161,11
[416]
T1,0,1,63,4
T2,1,0,24,3
T3,2,0,200,2
T4,3,1,158,26
[417]
T1,0,0,151,15
T2,1,1,200,20
T3,2,1,27,3
T4,3,0,129,8
[418]
T1,0,1,161,17
T2,1,0,68,18
T3,2,1,200,2
T4,3,1,31,2
[419]
T1,0,1,31,2
T2,1,0,200,55
T3,2,0,114,2
T4,3,0,154,13
[420]
T1,0,0,38,2
T2,1,0,90,10
T3,2,1,161,38
T4,3,0,200,5
[421]
T1,0,0,91,8
T2,1,1,156,10
T3,2,1,200,26
T4,3,0,40,3
[422]
T1,0,0,200,31
T2,1,1,31,5
T3,2,1,148,5
T4,3,1,87,2
[423]
T1,0,0,35,2
T2,1,1,164,42
T3,2,1,200,13
T4,3,1,103,5
[424]
T1,0,1,193,2
T2,1,1,200,56
T3,2,0,46,4
T4,3,1,105,2
[425]
T1,0,0,200,27
T2,1,1,148,2
T3,2,1,101,3
T4,3,0,42,9
[426]
T1,0,1,97,2
T2,1,0,33,8
T3,2,0,160,2
T4,3,1,200,19
[427]
T1,0,1,186,33
T2,1,0,20,1
T3,2,0,200,8
T4,3,1,127,10
[428]
T1,0,1,186,53
T2,1,1,21,1
T3,2,0,200,9
T4,3,1,126,1
[429]
T1,0,0,154,25
T2,1,0,23,3
T3,2,1,200,14
T4,3,1,61,2
[430]
T1,0,1,200,50
T2,1,0,155,2
T3,2,0,45,2
T4,3,1,56,7
[431]
T1,0,1,27,1
T2,1,1,200,25
T3,2,0,109,18
T4,3,1,159,5
[432]
T1,0,1,200,1
T2,1,0,178,9
T3,2,0,30,8
T4,3,1,96,6
[433]
T1,0,1,200,18
T2,1,0,195,33
T3,2,0,67,2
T4,3,0,46,4
[434]
T1,0,1,198,28
T2,1,0,69,8
T3,2,1,200,20
T4,3,0,24,2
[435]
T1,0,1,22,3
T2,1,1,156,10
T3,2,0,200,22
T4,3,1,68,4
[436]
T1,0,0,32,6
T2,1,1,160,8
T3,2,0,200,3
T4,3,0,142,16
[437]
T1,0,1,122,32
T2,1,1,26,1
T3,2,0,200,16
T4,3,0,194,2
[438]
T1,0,0,53,8
T2,1,0,166,6
T3,2,1,72,12
T4,3,0,200,2
[439]
T1,0,0,200,12
T2,1,1,99,7
T3,2,0,197,3
T4,3,0,28,6
[440]
T1,0,1,200,14
T2,1,1,184,29
T3,2,0,71,4
T4,3,1,33,3
[441]
T1,0,1,132,36
T2,1,1,157,3
T3,2,0,31,3
T4,3,0,200,2
[442]
T1,0,1,28,1
T2,1,0,187,45
T3,2,1,66,5
T4,3,1,200,1
[443]
T1,0,1,48,6
T2,1,0,200,17
T3,2,1,180,17
T4,3,1,115,9
[444]
T1,0,1,171,27
T2,1,0,200,34
T3,2,0,35,2
T4,3,1,59,2
[445]
T1,0,1,106,7
T2,1,0,50,10
T3,2,0,180,18
T4,3,0,200,5
[446]
T1,0,0,74,2
T2,1,0,200,32
T3,2,1,199,10
T4,3,1,44,7
[447]
T1,0,1,171,36
T2,1,1,39,1
T3,2,0,200,2
T4,3,0,88,11
[448]
T1,0,1,73,5
T2,1,1,40,6
T3,2,1,200,19
T4,3,1,165,10
[449]
T1,0,1,72,11
T2,1,1,50,4
T3,2,1,187,9
T4,3,0,200,18
[450]
T1,0,1,23,2
T2,1,0,167,29
T3,2,0,200,20
T4,3,0,100,2
[451]
T1,0,0,24,1
T2,1,1,200,12
T3,2,0,126,17
T4,3,0,165,19
[452]
T1,0,1,170,7
T2,1,1,24,2
T3,2,0,131,19
T4,3,1,200,19
[453]
T1,0,1,43,2
T2,1,1,158,8
T3,2,1,71,8
T4,3,1,200,30
[454]
T1,0,0,51,11
T2,1,0,200,7
T3,2,0,127,13
T4,3,1,148,5
[455]
T1,0,1,40,1
T2,1,1,161,19
T3,2,0,200,3
T4,3,0,104,24
[456]
T1,0,0,170,3
T2,1,1,30,4
T3,2,1,54,6
T4,3,0,200,23
[457]
T1,0,1,38,6
T2,1,0,200,6
T3,2,1,146,26
T4,3,0,164,2
[458]
T1,0,0,48,3
T2,1,1,200,54
T3,2,0,68,1
T4,3,0,199,6
[459]
T1,0,0,50,1
T2,1,0,200,19
T3,2,0,118,13
T4,3,0,152,23
[460]
T1,0,1,139,8
T2,1,0,200,59
T3,2,1,44,1
T4,3,1,191,2
[461]
T1,0,1,135,33
T2,1,0,200,5
T3,2,0,43,2
T4,3,0,158,19
[462]
T1,0,0,200,10
T2,1,1,55,2
T3,2,0,45,4
T4,3,1,150,30
[463]
T1,0,0,126,23
T2,1,0,39,2
T3,2,0,200,11
T4,3,0,158,23
[464]
T1,0,0,73,2
T2,1,1,200,37
T3,2,0,36,6
T4,3,1,180,5
[465]
T1,0,1,200,54
T2,1,1,49,3
T3,2,1,114,3
T4,3,1,174,5
[466]
T1,0,1,81,15
T2,1,1,171,18
T3,2,1,200,13
T4,3,1,21,2
[467]
T1,0,0,130,16
T2,1,1,172,16
T3,2,0,200,9
T4,3,1,38,4
[468]
T1,0,0,163,3
T2,1,0,60,2
T3,2,0,27,5
T4,3,1,200,35
[469]
T1,0,0,166,6
T2,1,1,200,38
T3,2,1,30,4
T4,3,0,110,3
[470]
T1,0,0,38,4
T2,1,1,200,10
T3,2,1,196,24
T4,3,0,90,8
[471]
T1,0,0,200,6
T2,1,0,89,16
T3,2,1,163,7
T4,3,1,32,4
[472]
T1,0,1,200,46
T2,1,1,194,16
T3,2,1,21,2
T4,3,0,67,2
[473]
T1,0,1,200,26
T2,1,1,167,15
T3,2,0,45,5
T4,3,1,103,4
[474]
T1,0,0,186,18
T2,1,0,40,5
T3,2,1,76,10
T4,3,1,200,6
[475]
T1,0,1,99,9
T2,1,1,200,11
T3,2,1,54,8
T4,3,1,175,17
[476]
T1,0,0,193,27
T2,1,0,111,12
T3,2,1,40,5
T4,3,0,200,2
[477]
T1,0,1,182,2
T2,1,1,120,2
T3,2,1,200,45
T4,3,1,34,5
[478]
T1,0,0,23,1
T2,1,0,76,22
T3,2,0,181,6
T4,3,1,200,1
[479]
T1,0,0,118,2
T2,1,1,51,14
T3,2,1,177,12
T4,3,1,200,3
[480]
T1,0,0,200,30
T2,1,1,66,5
T3,2,1,162,11
T4,3,1,51,4
[481]
T1,0,1,22,2
T2,1,1,200,7
T3,2,1,141,33
T4,3,1,194,25
[482]
T1,0,1,34,1
T2,1,0,200,2
T3,2,1,194,32
T4,3,1,84,13
[483]
T1,0,0,200,2
T2,1,1,24,5
T3,2,1,55,3
T4,3,1,161,17
[484]
T1,0,0,136,1
T2,1,1,42,2
T3,2,0,177,46
T4,3,1,200,22
[485]
T1,0,0,156,6
T2,1,1,52,2
T3,2,1,101,19
T4,3,1,200,30
[486]
T1,0,0,138,24
T2,1,1,33,2
T3,2,1,200,2
T4,3,0,160,31
[487]
T1,0,1,148,11
T2,1,1,56,8
T3,2,0,23,1
T4,3,0,200,25
[488]
T1,0,0,101,7
T2,1,0,200,14
T3,2,0,188,42
T4,3,1,52,1
[489]
T1,0,0,153,17
T2,1,0,46,2
T3,2,0,74,1
T4,3,0,200,42
[490]
T1,0,0,200,9
T2,1,1,196,32
T3,2,1,136,1
T4,3,0,33,5
[491]
T1,0,1,200,27
T2,1,0,183,6
T3,2,1,48,3
T4,3,1,124,19
[492]
T1,0,0,167,2
T2,1,0,200,37
T3,2,0,32,3
T4,3,1,72,6
[493]
T1,0,1,46,9
T2,1,1,191,18
T3,2,1,200,9
T4,3,1,86,3
[494]
T1,0,0,28,2
T2,1,0,200,3
T3,2,1,185,25
T4,3,0,118,16
[495]
T1,0,0,200,46
T2,1,0,181,5
T3,2,0,46,1
T4,3,1,122,12
[496]
T1,0,1,169,36
T2,1,1,110,17
T3,2,0,21,2
T4,3,0,200,4
[497]
T1,0,1,43,4
T2,1,0,118,2
T3,2,0,148,15
T4,3,1,200,34
[498]
T1,0,1,33,2
T2,1,0,200,35
T3,2,0,192,24
T4,3,1,76,6
[499]
T1,0,0,26,2
T2,1,1,200,4
T3,2,1,135,17
T4,3,0,164,37
[500]
T1,0,1,174,12
T2,1,1,200,35
T3,2,1,139,9
T4,3,1,46,3
