num_task_per_taskset=4
num_taskset=500
//ID,Priority,Offset,Period,Execution Time
[1]
T1,0,1,35,4
T2,1,0,182,1
T3,2,0,200,5
T4,3,0,120,27
[2]
T1,0,1,175,9
T2,1,1,80,1
T3,2,0,200,50
T4,3,0,26,1
[3]
T1,0,1,152,1
T2,1,0,125,2
T3,2,0,38,10
T4,3,0,200,19
[4]
T1,0,0,166,12
T2,1,0,113,4
T3,2,1,21,5
T4,3,0,200,6
[5]
T1,0,1,181,47
T2,1,1,21,2
T3,2,0,200,13
T4,3,1,91,3
[6]
T1,0,1,200,42
T2,1,1,32,2
T3,2,0,196,24
T4,3,0,92,3
[7]
T1,0,1,173,11
T2,1,1,127,6
T3,2,0,200,48
T4,3,1,23,2
[8]
T1,0,1,166,8
T2,1,0,200,49
T3,2,0,30,2
T4,3,0,117,9
[9]
T1,0,1,96,2
T2,1,0,200,20
T3,2,0,46,13
T4,3,0,189,2
[10]
T1,0,1,200,7
T2,1,0,170,41
T3,2,1,93,6
T4,3,0,32,1
[11]
T1,0,0,200,34
T2,1,0,29,2
T3,2,0,152,17
T4,3,0,95,4
[12]
T1,0,0,53,2
T2,1,1,200,25
T3,2,0,135,27
T4,3,1,155,8
[13]
T1,0,0,136,11
T2,1,0,173,30
T3,2,0,200,13
T4,3,1,48,3
[14]
T1,0,1,37,7
T2,1,0,180,3
T3,2,1,200,34
T4,3,1,63,2
[15]
T1,0,0,196,9
T2,1,1,89,2
T3,2,1,23,4
T4,3,0,200,29
[16]
T1,0,1,200,17
T2,1,0,151,17
T3,2,0,48,8
T4,3,0,113,2
[17]
T1,0,1,178,4
T2,1,1,46,7
T3,2,0,62,5
T4,3,0,200,25
[18]
T1,0,0,200,7
T2,1,0,46,9
T3,2,1,150,14
T4,3,0,138,7
[19]
T1,0,0,49,2
T2,1,0,200,45
T3,2,1,150,18
T4,3,0,104,3
[20]
T1,0,1,188,19
T2,1,1,52,2
T3,2,0,200,17
T4,3,1,144,24
[21]
T1,0,1,200,10
T2,1,1,182,25
T3,2,1,35,3
T4,3,1,120,13
[22]
T1,0,0,148,4
T2,1,1,200,30
T3,2,0,47,8
T4,3,0,55,1
[23]
T1,0,1,200,4
T2,1,1,26,4
T3,2,0,178,14
T4,3,1,143,16
[24]
T1,0,0,24,2
T2,1,1,200,54
T3,2,1,162,6
T4,3,1,109,7
[25]
T1,0,1,60,16
T2,1,0,26,2
T3,2,0,200,7
T4,3,1,184,8
[26]
T1,0,0,120,31
T2,1,1,35,3
T3,2,1,200,2
T4,3,0,193,6
[27]
T1,0,0,26,7
T2,1,1,200,13
T3,2,1,186,4
T4,3,0,74,1
[28]
T1,0,1,194,32
T2,1,0,200,27
T3,2,0,41,2
T4,3,1,122,4
[29]
T1,0,1,33,1
T2,1,0,156,6
T3,2,0,200,27
T4,3,1,54,8
[30]
T1,0,1,27,1
T2,1,1,200,15
T3,2,1,159,10
T4,3,1,97,20
[31]
T1,0,0,159,11
T2,1,0,38,10
T3,2,0,93,3
T4,3,0,200,5
[32]
T1,0,0,26,3
T2,1,0,64,6
T3,2,1,200,5
T4,3,0,173,23
[33]
T1,0,1,52,1
T2,1,0,135,22
T3,2,1,200,31
T4,3,0,199,10
[34]
T1,0,1,24,6
T2,1,1,200,13
T3,2,0,78,3
T4,3,1,154,5
[35]
T1,0,1,162,28
T2,1,0,32,1
T3,2,0,69,4
T4,3,1,200,26
[36]
T1,0,1,167,6
T2,1,1,200,36
T3,2,0,23,2
T4,3,0,141,22
[37]
T1,0,1,200,13
T2,1,1,101,4
T3,2,1,182,10
T4,3,1,27,6
[38]
T1,0,1,159,4
T2,1,0,105,16
T3,2,1,200,15
T4,3,1,44,6
[39]
T1,0,0,30,2
T2,1,0,178,1
T3,2,1,104,11
T4,3,0,200,54
[40]
T1,0,1,22,1
T2,1,0,200,35
T3,2,0,140,2
T4,3,1,169,22
[41]
T1,0,1,78,19
T2,1,1,156,5
T3,2,1,22,1
T4,3,1,200,5
[42]
T1,0,0,51,4
T2,1,1,200,16
T3,2,0,82,7
T4,3,0,176,26
[43]
T1,0,0,166,6
T2,1,1,200,44
T3,2,1,36,4
T4,3,1,66,1
[44]
T1,0,1,197,4
T2,1,1,83,24
T3,2,1,200,14
T4,3,1,34,2
[45]
T1,0,0,200,39
T2,1,0,52,4
T3,2,1,146,13
T4,3,1,195,3
[46]
T1,0,0,200,2
T2,1,0,54,6
T3,2,1,185,28
T4,3,0,30,3
[47]
T1,0,1,200,30
T2,1,0,60,5
T3,2,0,37,2
T4,3,1,164,25
[48]
T1,0,1,200,30
T2,1,0,188,25
T3,2,0,131,9
T4,3,1,49,1
[49]
T1,0,0,43,7
T2,1,0,56,10
T3,2,0,200,4
T4,3,0,194,5
[50]
T1,0,0,112,9
T2,1,1,200,20
T3,2,0,190,36
T4,3,1,50,1
[51]
T1,0,0,200,1
T2,1,0,39,5
T3,2,1,184,26
T4,3,1,139,16
[52]
T1,0,0,200,21
T2,1,0,116,6
T3,2,0,162,20
T4,3,0,43,4
[53]
T1,0,1,200,40
T2,1,1,44,1
T3,2,0,178,7
T4,3,0,74,8
[54]
T1,0,1,170,45
T2,1,1,112,2
T3,2,0,24,2
T4,3,1,200,17
[55]
T1,0,1,157,12
T2,1,0,28,1
T3,2,0,200,37
T4,3,0,127,11
[56]
T1,0,0,106,17
T2,1,1,200,2
T3,2,0,162,35
T4,3,1,41,2
[57]
T1,0,0,49,3
T2,1,0,200,2
T3,2,1,138,6
T4,3,0,195,54
[58]
T1,0,1,144,13
T2,1,1,23,3
T3,2,0,181,9
T4,3,0,200,20
[59]
T1,0,1,44,1
T2,1,0,200,66
T3,2,0,199,3
T4,3,1,78,1
[60]
T1,0,0,77,4
T2,1,1,200,2
T3,2,1,26,3
T4,3,0,194,38
[61]
T1,0,0,108,15
T2,1,1,160,19
T3,2,1,200,23
T4,3,0,30,2
[62]
T1,0,1,40,2
T2,1,0,200,24
T3,2,1,87,3
T4,3,0,148,26
[63]
T1,0,1,93,9
T2,1,1,28,3
T3,2,0,200,12
T4,3,0,174,17
[64]
T1,0,1,168,2
T2,1,1,70,11
T3,2,0,200,34
T4,3,1,39,1
[65]
T1,0,0,21,1
T2,1,0,200,48
T3,2,1,191,11
T4,3,0,64,2
[66]
T1,0,0,38,2
T2,1,0,200,46
T3,2,0,197,23
T4,3,0,80,3
[67]
T1,0,1,84,1
T2,1,0,174,27
T3,2,1,200,13
T4,3,0,43,6
[68]
T1,0,1,195,1
T2,1,0,200,31
T3,2,0,37,2
T4,3,0,62,10
[69]
T1,0,1,140,29
T2,1,0,198,23
T3,2,1,200,3
T4,3,1,30,1
[70]
T1,0,0,194,33
T2,1,1,92,2
T3,2,1,36,5
T4,3,1,200,9
[71]
T1,0,0,200,14
T2,1,0,178,19
T3,2,0,20,2
T4,3,0,135,15
[72]
T1,0,1,62,13
T2,1,0,28,2
T3,2,0,180,8
T4,3,0,200,25
[73]
T1,0,0,200,15
T2,1,1,170,33
T3,2,0,136,11
T4,3,0,30,1
[74]
T1,0,1,171,26
T2,1,1,200,12
T3,2,1,20,1
T4,3,0,124,14
[75]
T1,0,0,99,1
T2,1,1,157,37
T3,2,0,200,24
T4,3,1,23,2
[76]
T1,0,0,130,1
T2,1,0,200,2
T3,2,1,168,59
T4,3,0,33,1
[77]
T1,0,1,146,2
T2,1,0,45,9
T3,2,1,157,20
T4,3,1,200,9
[78]
T1,0,1,155,19
T2,1,0,32,1
T3,2,1,97,11
T4,3,1,200,18
[79]
T1,0,1,171,24
T2,1,1,200,17
T3,2,1,98,2
T4,3,1,51,7
[80]
T1,0,1,200,11
T2,1,0,34,7
T3,2,1,149,1
T4,3,1,117,13
[81]
T1,0,0,45,2
T2,1,1,200,65
T3,2,0,127,6
T4,3,0,181,2
[82]
T1,0,0,32,1
T2,1,0,150,10
T3,2,1,200,7
T4,3,0,72,17
[83]
T1,0,1,200,17
T2,1,1,121,34
T3,2,1,36,2
T4,3,0,197,4
[84]
T1,0,1,93,18
T2,1,1,20,1
T3,2,0,191,11
T4,3,1,200,16
[85]
T1,0,1,32,2
T2,1,0,64,14
T3,2,0,193,19
T4,3,1,200,14
[86]
T1,0,0,189,4
T2,1,0,63,2
T3,2,0,20,2
T4,3,1,200,64
[87]
T1,0,1,160,43
T2,1,1,59,4
T3,2,1,200,7
T4,3,0,31,2
[88]
T1,0,1,199,9
T2,1,0,111,17
T3,2,1,200,19
T4,3,0,46,4
[89]
T1,0,0,200,1
T2,1,0,146,4
T3,2,1,148,38
T4,3,0,45,4
[90]
T1,0,1,114,2
T2,1,0,200,11
T3,2,0,23,3
T4,3,1,180,31
[91]
T1,0,1,20,2
T2,1,1,178,28
T3,2,0,200,16
T4,3,1,134,19
[92]
T1,0,1,200,22
T2,1,1,92,2
T3,2,1,161,34
T4,3,1,22,1
[93]
T1,0,1,200,36
T2,1,0,43,2
T3,2,0,69,13
T4,3,1,186,2
[94]
T1,0,0,117,6
T2,1,0,195,36
T3,2,1,200,12
T4,3,0,48,4
[95]
T1,0,1,137,22
T2,1,1,200,20
T3,2,0,38,2
T4,3,1,183,22
[96]
T1,0,0,200,4
T2,1,1,44,1
T3,2,1,120,35
T4,3,0,199,7
[97]
T1,0,0,112,3
T2,1,0,148,12
T3,2,0,200,14
T4,3,1,35,7
[98]
T1,0,0,162,3
T2,1,0,85,3
T3,2,0,200,56
T4,3,0,24,1
[99]
T1,0,0,22,7
T2,1,1,159,5
T3,2,1,200,2
T4,3,0,56,1
[100]
T1,0,1,53,4
T2,1,1,200,26
T3,2,1,162,28
T4,3,0,60,2
[101]
T1,0,1,83,2
T2,1,0,200,20
T3,2,0,32,5
T4,3,1,172,19
[102]
T1,0,1,175,2
T2,1,0,50,4
T3,2,0,200,36
T4,3,1,109,12
[103]
T1,0,1,32,3
T2,1,0,95,22
T3,2,1,156,2
T4,3,1,200,14
[104]
T1,0,1,200,2
T2,1,0,31,3
T3,2,1,70,14
T4,3,1,186,10
[105]
T1,0,1,147,15
T2,1,1,200,16
T3,2,1,192,25
T4,3,0,42,3
[106]
T1,0,1,73,9
T2,1,1,200,20
T3,2,0,198,2
T4,3,0,27,4
[107]
T1,0,1,151,7
T2,1,1,38,7
T3,2,1,73,2
T4,3,1,200,28
[108]
T1,0,0,161,8
T2,1,1,200,37
T3,2,0,31,1
T4,3,0,124,12
[109]
T1,0,1,144,3
T2,1,1,200,28
T3,2,1,168,19
T4,3,0,26,3
[110]
T1,0,0,25,1
T2,1,0,104,14
T3,2,1,200,37
T4,3,1,184,2
[111]
T1,0,0,129,6
T2,1,1,171,13
T3,2,0,200,33
T4,3,1,35,3
[112]
T1,0,0,140,11
T2,1,0,54,9
T3,2,0,171,19
T4,3,1,200,5
[113]
T1,0,0,200,2
T2,1,1,141,25
T3,2,0,21,1
T4,3,1,193,30
[114]
T1,0,1,182,21
T2,1,0,142,9
T3,2,0,51,2
T4,3,1,200,32
[115]
T1,0,1,74,2
T2,1,1,200,47
T3,2,1,166,17
T4,3,1,35,1
[116]
T1,0,0,45,2
T2,1,1,82,12
T3,2,1,175,34
T4,3,1,200,1
[117]
T1,0,1,49,3
T2,1,1,69,8
T3,2,1,200,19
T4,3,0,178,20
[118]
T1,0,1,25,1
T2,1,1,83,3
T3,2,0,162,39
T4,3,1,200,7
[119]
T1,0,0,141,8
T2,1,1,30,1
T3,2,0,164,43
T4,3,0,200,6
[120]
T1,0,0,155,11
T2,1,0,39,5
T3,2,0,146,5
T4,3,1,200,29
[121]
T1,0,1,165,11
T2,1,1,88,22
T3,2,1,42,2
T4,3,0,200,3
[122]
T1,0,0,169,3
T2,1,0,25,1
T3,2,0,200,60
T4,3,0,146,2
[123]
T1,0,1,200,24
T2,1,0,141,3
T3,2,1,34,5
T4,3,1,169,16
[124]
T1,0,0,51,6
T2,1,0,200,21
T3,2,1,111,11
T4,3,0,170,11
[125]
T1,0,1,200,49
T2,1,1,21,1
T3,2,1,168,1
T4,3,1,128,5
[126]
T1,0,0,131,26
T2,1,1,200,35
T3,2,1,41,2
T4,3,0,176,1
[127]
T1,0,1,200,2
T2,1,0,41,4
T3,2,0,155,44
T4,3,1,121,2
[128]
T1,0,1,200,2
T2,1,1,46,2
T3,2,0,78,20
T4,3,1,153,9
[129]
T1,0,0,200,16
T2,1,1,177,3
T3,2,0,23,5
T4,3,0,70,3
[130]
T1,0,1,44,2
T2,1,0,176,33
T3,2,0,200,8
T4,3,0,72,7
[131]
T1,0,0,200,6
T2,1,1,78,10
T3,2,0,27,2
T4,3,1,178,41
[132]
T1,0,0,200,24
T2,1,0,95,3
T3,2,1,22,3
T4,3,0,193,17
[133]
T1,0,0,32,2
T2,1,0,163,29
T3,2,1,200,19
T4,3,1,109,3
[134]
T1,0,0,200,3
T2,1,0,157,20
T3,2,0,36,2
T4,3,1,98,23
[135]
T1,0,1,187,1
T2,1,1,69,9
T3,2,1,35,5
T4,3,0,200,18
[136]
T1,0,1,150,30
T2,1,1,200,30
T3,2,0,141,2
T4,3,1,35,1
[137]
T1,0,0,78,10
T2,1,0,200,2
T3,2,0,184,21
T4,3,1,27,3
[138]
T1,0,1,200,7
T2,1,1,28,2
T3,2,0,54,5
T4,3,1,164,40
[139]
T1,0,1,195,26
T2,1,1,32,6
T3,2,1,74,4
T4,3,0,200,2
[140]
T1,0,0,200,4
T2,1,1,158,33
T3,2,1,25,2
T4,3,1,111,16
[141]
T1,0,0,134,10
T2,1,0,200,7
T3,2,1,45,7
T4,3,1,169,18
[142]
T1,0,1,20,2
T2,1,0,127,16
T3,2,1,154,24
T4,3,0,200,16
[143]
T1,0,0,60,2
T2,1,0,176,57
T3,2,0,200,4
T4,3,0,36,1
[144]
T1,0,1,200,2
T2,1,1,127,17
T3,2,0,37,4
T4,3,0,174,26
[145]
T1,0,1,185,27
T2,1,1,64,6
T3,2,1,200,11
T4,3,1,37,3
[146]
T1,0,0,51,6
T2,1,1,200,4
T3,2,0,188,10
T4,3,1,138,27
[147]
T1,0,1,159,24
T2,1,0,29,2
T3,2,0,200,9
T4,3,0,97,17
[148]
T1,0,0,137,33
T2,1,0,45,1
T3,2,1,200,24
T4,3,1,181,2
[149]
T1,0,1,40,5
T2,1,1,130,18
T3,2,1,152,3
T4,3,1,200,18
[150]
T1,0,0,27,2
T2,1,0,200,50
T3,2,0,165,2
T4,3,1,124,13
[151]
T1,0,1,40,4
T2,1,0,87,1
T3,2,1,160,8
T4,3,1,200,42
[152]
T1,0,1,184,45
T2,1,0,200,9
T3,2,1,28,2
T4,3,0,138,3
[153]
T1,0,1,200,24
T2,1,1,54,7
T3,2,0,115,2
T4,3,0,171,19
[154]
T1,0,0,23,3
T2,1,1,109,4
T3,2,0,200,21
T4,3,0,164,14
[155]
T1,0,0,141,28
T2,1,0,161,4
T3,2,0,35,4
T4,3,1,200,6
[156]
T1,0,0,38,5
T2,1,0,200,6
T3,2,1,174,16
T4,3,0,131,16
[157]
T1,0,0,200,1
T2,1,0,143,9
T3,2,1,46,4
T4,3,0,182,43
[158]
T1,0,0,195,22
T2,1,0,200,47
T3,2,1,66,2
T4,3,1,35,1
[159]
T1,0,1,160,1
T2,1,1,125,16
T3,2,1,23,5
T4,3,1,200,2
[160]
T1,0,1,54,13
T2,1,0,125,7
T3,2,1,200,14
T4,3,0,174,3
[161]
T1,0,0,42,4
T2,1,0,169,19
T3,2,1,200,29
T4,3,1,77,1
[162]
T1,0,0,51,2
T2,1,0,101,18
T3,2,0,174,7
T4,3,0,200,30
[163]
T1,0,0,139,4
T2,1,1,167,4
T3,2,1,42,2
T4,3,0,200,55
[164]
T1,0,1,200,49
T2,1,0,131,3
T3,2,0,48,3
T4,3,1,162,8
[165]
T1,0,0,85,2
T2,1,0,167,30
T3,2,0,20,1
T4,3,0,200,27
[166]
T1,0,1,26,8
T2,1,1,200,2
T3,2,1,191,3
T4,3,0,135,4
[167]
T1,0,0,127,8
T2,1,1,22,1
T3,2,0,200,3
T4,3,0,197,50
[168]
T1,0,1,28,1
T2,1,1,200,9
T3,2,1,56,4
T4,3,0,161,35
[169]
T1,0,0,186,46
T2,1,1,200,9
T3,2,0,23,1
T4,3,1,125,1
[170]
T1,0,1,44,2
T2,1,0,79,4
T3,2,0,200,18
T4,3,1,160,37
[171]
T1,0,0,200,4
T2,1,0,186,49
T3,2,1,100,8
T4,3,1,50,1
[172]
T1,0,1,73,7
T2,1,1,33,7
T3,2,1,200,2
T4,3,1,185,12
[173]
T1,0,1,200,40
T2,1,0,81,3
T3,2,0,172,24
T4,3,0,47,2
[174]
T1,0,0,151,3
T2,1,1,45,4
T3,2,0,126,2
T4,3,1,200,50
[175]
T1,0,1,29,3
T2,1,0,200,32
T3,2,0,194,4
T4,3,0,133,12
[176]
T1,0,1,48,6
T2,1,0,59,5
T3,2,0,200,18
T4,3,0,165,12
[177]
T1,0,1,92,4
T2,1,1,41,2
T3,2,1,170,2
T4,3,0,200,57
[178]
T1,0,0,30,2
T2,1,0,168,5
T3,2,1,200,50
T4,3,0,100,1
[179]
T1,0,0,166,12
T2,1,1,43,9
T3,2,0,114,1
T4,3,1,200,18
[180]
T1,0,1,200,4
T2,1,1,44,1
T3,2,1,140,39
T4,3,1,181,10
[181]
T1,0,0,126,6
T2,1,0,32,4
T3,2,1,200,2
T4,3,0,173,35
[182]
T1,0,0,117,2
T2,1,0,175,24
T3,2,1,44,6
T4,3,0,200,22
[183]
T1,0,0,180,3
T2,1,1,88,8
T3,2,1,200,26
T4,3,1,27,4
[184]
T1,0,0,101,15
T2,1,1,151,6
T3,2,0,35,5
T4,3,1,200,7
[185]
T1,0,0,72,7
T2,1,0,178,2
T3,2,0,25,3
T4,3,1,200,31
[186]
T1,0,1,200,29
T2,1,0,176,18
T3,2,1,122,14
T4,3,0,29,2
[187]
T1,0,1,63,6
T2,1,0,200,28
T3,2,1,30,2
T4,3,0,152,20
[188]
T1,0,1,158,3
T2,1,0,200,51
T3,2,1,25,2
T4,3,1,119,1
[189]
T1,0,0,36,6
T2,1,1,191,3
T3,2,1,140,25
T4,3,1,200,5
[190]
T1,0,1,129,14
T2,1,1,152,27
T3,2,1,200,8
T4,3,0,43,2
[191]
T1,0,0,165,39
T2,1,0,109,10
T3,2,1,200,6
T4,3,1,23,2
[192]
T1,0,1,200,15
T2,1,0,25,5
T3,2,1,161,2
T4,3,0,95,9
[193]
T1,0,1,54,2
T2,1,1,31,5
T3,2,1,200,10
T4,3,1,152,20
[194]
T1,0,1,200,6
T2,1,1,47,8
T3,2,0,58,8
T4,3,0,156,8
[195]
T1,0,0,177,18
T2,1,0,36,1
T3,2,0,102,3
T4,3,0,200,45
[196]
T1,0,0,51,12
T2,1,0,65,2
T3,2,1,172,5
T4,3,1,200,24
[197]
T1,0,1,106,19
T2,1,1,174,22
T3,2,0,34,1
T4,3,0,200,6
[198]
T1,0,0,111,9
T2,1,0,48,5
T3,2,1,156,8
T4,3,0,200,29
[199]
T1,0,0,200,28
T2,1,0,78,6
T3,2,1,161,2
T4,3,1,30,4
[200]
T1,0,1,200,23
T2,1,0,185,5
T3,2,1,128,11
T4,3,1,49,8
[201]
T1,0,1,22,2
T2,1,0,144,18
T3,2,0,200,44
T4,3,0,149,3
[202]
T1,0,1,40,5
T2,1,1,200,13
T3,2,0,62,8
T4,3,0,152,9
[203]
T1,0,1,177,14
T2,1,0,200,39
T3,2,1,52,2
T4,3,0,70,7
[204]
T1,0,1,188,2
T2,1,1,53,9
T3,2,0,60,2
T4,3,0,200,32
[205]
T1,0,1,154,30
T2,1,0,200,2
T3,2,0,37,6
T4,3,1,104,2
[206]
T1,0,0,23,4
T2,1,1,97,14
T3,2,1,200,2
T4,3,0,192,10
[207]
T1,0,1,38,1
T2,1,0,200,68
T3,2,1,137,2
T4,3,1,175,1
[208]
T1,0,0,37,3
T2,1,0,192,19
T3,2,0,200,2
T4,3,0,72,15
[209]
T1,0,1,154,14
T2,1,1,25,2
T3,2,1,200,44
T4,3,0,72,4
[210]
T1,0,0,80,13
T2,1,0,49,2
T3,2,0,195,1
T4,3,0,200,33
[211]
T1,0,0,200,3
T2,1,0,107,5
T3,2,0,186,39
T4,3,1,44,5
[212]
T1,0,0,200,2
T2,1,0,143,6
T3,2,0,26,6
T4,3,1,181,17
[213]
T1,0,0,190,44
T2,1,0,49,1
T3,2,1,82,10
T4,3,0,200,2
[214]
T1,0,1,48,2
T2,1,1,105,18
T3,2,1,200,15
T4,3,0,159,21
[215]
T1,0,1,161,1
T2,1,1,38,4
T3,2,1,132,13
T4,3,1,200,35
[216]
T1,0,1,111,3
T2,1,0,200,16
T3,2,0,165,17
T4,3,0,30,5
[217]
T1,0,0,126,2
T2,1,1,53,2
T3,2,1,176,5
T4,3,0,200,69
[218]
T1,0,0,47,3
T2,1,1,180,4
T3,2,1,200,39
T4,3,1,131,13
[219]
T1,0,0,146,32
T2,1,1,200,5
T3,2,1,177,5
T4,3,1,27,3
[220]
T1,0,0,200,22
T2,1,0,39,3
T3,2,1,175,15
T4,3,0,144,14
[221]
T1,0,1,96,2
T2,1,1,200,32
T3,2,0,43,5
T4,3,1,165,14
[222]
T1,0,0,183,16
T2,1,0,200,20
T3,2,0,71,2
T4,3,0,52,10
[223]
T1,0,1,29,3
T2,1,1,200,7
T3,2,0,155,9
T4,3,1,62,11
[224]
T1,0,1,200,2
T2,1,0,144,2
T3,2,0,193,44
T4,3,1,34,5
[225]
T1,0,1,148,2
T2,1,1,200,12
T3,2,0,31,9
T4,3,1,85,2
[226]
T1,0,0,21,2
T2,1,0,111,23
T3,2,0,189,23
T4,3,0,200,7
[227]
T1,0,0,42,10
T2,1,0,155,7
T3,2,1,200,15
T4,3,1,60,1
[228]
T1,0,1,185,18
T2,1,1,50,6
T3,2,1,200,22
T4,3,1,63,3
[229]
T1,0,0,200,22
T2,1,1,162,1
T3,2,1,33,3
T4,3,0,65,10
[230]
T1,0,1,33,3
T2,1,0,155,17
T3,2,0,89,7
T4,3,0,200,19
[231]
T1,0,0,193,44
T2,1,1,88,8
T3,2,1,42,1
T4,3,1,200,7
[232]
T1,0,1,199,20
T2,1,1,46,2
T3,2,1,139,13
T4,3,0,200,37
[233]
T1,0,0,55,1
T2,1,1,200,4
T3,2,0,42,10
T4,3,1,178,19
[234]
T1,0,1,196,4
T2,1,0,21,2
T3,2,1,200,13
T4,3,1,139,41
[235]
T1,0,0,32,5
T2,1,0,80,9
T3,2,1,150,4
T4,3,1,200,12
[236]
T1,0,0,20,1
T2,1,0,200,13
T3,2,0,170,4
T4,3,1,81,20
[237]
T1,0,1,98,9
T2,1,1,200,22
T3,2,0,150,27
T4,3,1,37,2
[238]
T1,0,0,200,16
T2,1,1,138,23
T3,2,1,168,25
T4,3,0,46,2
[239]
T1,0,0,200,17
T2,1,1,193,26
T3,2,1,118,6
T4,3,1,24,2
[240]
T1,0,1,175,18
T2,1,1,30,2
T3,2,0,200,2
T4,3,0,71,19
[241]
T1,0,0,120,25
T2,1,1,183,2
T3,2,0,200,6
T4,3,1,28,4
[242]
T1,0,1,195,8
T2,1,0,34,6
T3,2,0,200,1
T4,3,0,62,9
[243]
T1,0,1,91,3
T2,1,1,158,17
T3,2,0,200,31
T4,3,1,51,4
[244]
T1,0,0,200,5
T2,1,0,99,10
T3,2,0,38,5
T4,3,0,156,17
[245]
T1,0,1,148,20
T2,1,0,200,14
T3,2,1,53,9
T4,3,1,114,2
[246]
T1,0,0,47,5
T2,1,0,200,4
T3,2,1,190,36
T4,3,0,78,5
[247]
T1,0,0,48,2
T2,1,0,178,35
T3,2,1,200,16
T4,3,0,89,6
[248]
T1,0,1,165,19
T2,1,1,200,21
T3,2,1,88,8
T4,3,1,54,4
[249]
T1,0,1,41,3
T2,1,0,164,11
T3,2,1,200,25
T4,3,0,103,12
[250]
T1,0,1,136,16
T2,1,0,51,3
T3,2,0,200,22
T4,3,1,165,16
[251]
T1,0,0,184,17
T2,1,0,200,5
T3,2,0,23,4
T4,3,0,71,6
[252]
T1,0,0,88,8
T2,1,0,200,5
T3,2,1,22,4
T4,3,1,157,14
[253]
T1,0,0,20,2
T2,1,0,117,17
T3,2,0,161,34
T4,3,1,200,2
[254]
T1,0,0,171,20
T2,1,1,36,8
T3,2,0,139,1
T4,3,1,200,5
[255]
T1,0,1,200,7
T2,1,1,21,4
T3,2,0,166,24
T4,3,0,103,2
[256]
T1,0,0,200,15
T2,1,1,101,1
T3,2,0,163,26
T4,3,1,21,3
[257]
T1,0,0,53,5
T2,1,0,200,38
T3,2,1,152,8
T4,3,1,55,3
[258]
T1,0,0,50,4
T2,1,0,150,7
T3,2,0,66,2
T4,3,0,200,43
[259]
T1,0,1,139,30
T2,1,1,47,2
T3,2,0,175,11
T4,3,0,200,21
[260]
T1,0,1,200,26
T2,1,1,176,37
T3,2,1,32,1
T4,3,1,104,1
[261]
T1,0,1,92,17
T2,1,0,200,4
T3,2,1,37,4
T4,3,1,166,9
[262]
T1,0,1,86,2
T2,1,0,20,2
T3,2,0,155,49
T4,3,1,200,15
[263]
T1,0,0,200,18
T2,1,0,111,12
T3,2,0,25,3
T4,3,0,176,9
[264]
T1,0,0,33,3
T2,1,1,200,18
T3,2,0,170,13
T4,3,0,64,7
[265]
T1,0,1,166,35
T2,1,0,101,9
T3,2,0,200,14
T4,3,1,48,2
[266]
T1,0,0,22,1
T2,1,0,200,47
T3,2,0,81,3
T4,3,0,164,11
[267]
T1,0,0,163,33
T2,1,1,42,2
T3,2,1,200,2
T4,3,0,147,19
[268]
T1,0,0,198,29
T2,1,1,76,2
T3,2,0,44,9
T4,3,1,200,2
[269]
T1,0,1,200,11
T2,1,0,158,7
T3,2,1,45,6
T4,3,1,138,20
[270]
T1,0,0,52,2
T2,1,0,200,1
T3,2,1,137,32
T4,3,0,169,24
[271]
T1,0,0,144,5
T2,1,1,184,20
T3,2,0,200,24
T4,3,1,36,4
[272]
T1,0,1,45,1
T2,1,1,158,9
T3,2,1,200,54
T4,3,1,115,4
[273]
T1,0,0,185,25
T2,1,0,35,4
T3,2,1,200,22
T4,3,0,107,1
[274]
T1,0,1,200,25
T2,1,1,169,10
T3,2,1,26,2
T4,3,1,136,13
[275]
T1,0,1,200,12
T2,1,1,33,2
T3,2,1,198,40
T4,3,0,138,7
[276]
T1,0,1,186,9
T2,1,1,41,10
T3,2,1,123,7
T4,3,0,200,5
[277]
T1,0,0,138,2
T2,1,1,194,9
T3,2,1,43,6
T4,3,0,200,38
[278]
T1,0,0,40,6
T2,1,1,200,11
T3,2,1,141,9
T4,3,0,168,17
[279]
T1,0,1,200,7
T2,1,1,51,3
T3,2,0,166,27
T4,3,1,56,7
[280]
T1,0,1,200,7
T2,1,0,117,12
T3,2,1,196,13
T4,3,1,46,8
[281]
T1,0,0,79,23
T2,1,1,50,2
T3,2,1,180,2
T4,3,0,200,7
[282]
T1,0,1,200,3
T2,1,0,52,10
T3,2,0,163,1
T4,3,0,123,20
[283]
T1,0,0,168,22
T2,1,0,69,5
T3,2,1,37,5
T4,3,1,200,11
[284]
T1,0,0,25,3
T2,1,1,195,22
T3,2,1,200,7
T4,3,1,92,11
[285]
T1,0,0,185,39
T2,1,0,200,9
T3,2,0,47,2
T4,3,1,124,14
[286]
T1,0,0,101,15
T2,1,1,175,22
T3,2,0,200,22
T4,3,0,38,2
[287]
T1,0,1,200,6
T2,1,1,54,2
T3,2,0,153,49
T4,3,0,113,2
[288]
T1,0,0,32,10
T2,1,1,166,1
T3,2,1,90,1
T4,3,0,200,9
[289]
T1,0,1,171,3
T2,1,1,200,20
T3,2,1,140,22
T4,3,1,36,4
[290]
T1,0,1,141,13
T2,1,1,200,2
T3,2,1,23,3
T4,3,1,199,27
[291]
T1,0,1,200,1
T2,1,0,79,2
T3,2,1,150,7
T4,3,0,47,14
[292]
T1,0,1,170,2
T2,1,1,106,21
T3,2,0,200,31
T4,3,1,31,2
[293]
T1,0,1,200,20
T2,1,1,180,18
T3,2,1,133,2
T4,3,0,41,7
[294]
T1,0,0,74,7
T2,1,0,151,37
T3,2,1,50,2
T4,3,1,200,2
[295]
T1,0,0,89,8
T2,1,1,200,31
T3,2,1,161,1
T4,3,0,48,6
[296]
T1,0,1,42,1
T2,1,1,88,2
T3,2,0,187,2
T4,3,1,200,67
[297]
T1,0,1,200,3
T2,1,1,173,1
T3,2,1,32,10
T4,3,0,64,2
[298]
T1,0,0,200,47
T2,1,0,58,2
T3,2,0,185,2
T4,3,1,44,5
[299]
T1,0,1,128,2
T2,1,1,200,6
T3,2,0,160,22
T4,3,1,35,7
[300]
T1,0,0,126,7
T2,1,1,176,2
T3,2,1,200,19
T4,3,1,30,7
[301]
T1,0,0,192,1
T2,1,0,31,1
T3,2,0,125,30
T4,3,0,200,19
[302]
T1,0,1,163,2
T2,1,0,112,7
T3,2,0,200,49
T4,3,1,48,3
[303]
T1,0,1,38,3
T2,1,1,150,36
T3,2,1,132,6
T4,3,0,200,4
[304]
T1,0,0,200,10
T2,1,0,48,5
T3,2,1,169,29
T4,3,0,72,3
[305]
T1,0,0,71,4
T2,1,1,200,14
T3,2,1,46,8
T4,3,1,197,16
[306]
T1,0,0,52,4
T2,1,1,85,16
T3,2,0,158,1
T4,3,0,200,20
[307]
T1,0,1,105,7
T2,1,0,200,36
T3,2,1,171,19
T4,3,1,36,1
[308]
T1,0,1,50,2
T2,1,0,62,10
T3,2,0,155,28
T4,3,1,200,8
[309]
T1,0,0,34,2
T2,1,0,188,35
T3,2,0,76,2
T4,3,0,200,40
[310]
T1,0,1,200,3
T2,1,1,183,52
T3,2,0,40,2
T4,3,1,74,6
[311]
T1,0,1,123,31
T2,1,0,200,2
T3,2,0,41,4
T4,3,0,175,7
[312]
T1,0,0,96,1
T2,1,0,184,17
T3,2,0,200,44
T4,3,1,30,2
[313]
T1,0,0,200,31
T2,1,0,173,4
T3,2,0,48,4
T4,3,0,92,11
[314]
T1,0,0,46,2
T2,1,0,89,30
T3,2,0,148,5
T4,3,0,200,3
[315]
T1,0,1,29,1
T2,1,0,200,6
T3,2,1,169,27
T4,3,1,93,13
[316]
T1,0,0,109,29
T2,1,1,148,8
T3,2,1,25,2
T4,3,0,200,11
[317]
T1,0,1,102,4
T2,1,0,200,19
T3,2,0,164,4
T4,3,0,23,5
[318]
T1,0,0,28,2
T2,1,0,181,27
T3,2,1,200,17
T4,3,0,119,15
[319]
T1,0,0,200,37
T2,1,0,60,3
T3,2,1,52,2
T4,3,0,148,21
[320]
T1,0,0,108,19
T2,1,0,200,17
T3,2,0,23,1
T4,3,1,179,14
[321]
T1,0,0,200,14
T2,1,1,149,42
T3,2,0,22,2
T4,3,1,56,2
[322]
T1,0,1,200,40
T2,1,0,72,6
T3,2,0,148,7
T4,3,1,34,1
[323]
T1,0,1,139,14
T2,1,0,200,3
T3,2,1,150,16
T4,3,0,47,7
[324]
T1,0,1,79,21
T2,1,0,200,2
T3,2,1,32,2
T4,3,0,196,9
[325]
T1,0,1,200,6
T2,1,0,116,10
T3,2,0,39,5
T4,3,0,174,23
[326]
T1,0,0,42,3
T2,1,0,144,25
T3,2,1,158,14
T4,3,0,200,12
[327]
T1,0,0,200,28
T2,1,0,32,2
T3,2,0,112,13
T4,3,1,183,19
[328]
T1,0,0,170,13
T2,1,1,37,2
T3,2,1,129,22
T4,3,0,200,17
[329]
T1,0,0,175,4
T2,1,0,200,22
T3,2,0,102,2
T4,3,1,42,10
[330]
T1,0,1,200,42
T2,1,1,123,4
T3,2,0,150,20
T4,3,0,44,2
[331]
T1,0,0,200,18
T2,1,1,103,20
T3,2,1,37,2
T4,3,1,192,5
[332]
T1,0,1,66,13
T2,1,1,38,4
T3,2,0,200,4
T4,3,1,158,6
[333]
T1,0,0,35,9
T2,1,1,71,1
T3,2,0,161,15
T4,3,1,200,1
[334]
T1,0,1,48,5
T2,1,1,200,10
T3,2,0,193,33
T4,3,0,123,7
[335]
T1,0,0,29,1
T2,1,1,200,6
T3,2,1,111,9
T4,3,1,180,40
[336]
T1,0,1,200,36
T2,1,1,48,5
T3,2,1,189,1
T4,3,0,119,10
[337]
T1,0,1,107,7
T2,1,1,200,26
T3,2,1,182,6
T4,3,1,42,6
[338]
T1,0,0,22,3
T2,1,1,200,19
T3,2,1,190,6
T4,3,0,90,8
[339]
T1,0,0,194,25
T2,1,0,200,14
T3,2,0,43,7
T4,3,0,130,1
[340]
T1,0,0,189,1
T2,1,0,38,5
T3,2,1,124,18
T4,3,0,200,20
[341]
T1,0,0,200,46
T2,1,0,143,5
T3,2,0,26,2
T4,3,1,168,4
[342]
T1,0,1,200,2
T2,1,0,44,9
T3,2,0,108,4
T4,3,1,148,17
[343]
T1,0,0,200,40
T2,1,0,87,5
T3,2,1,32,2
T4,3,1,161,19
[344]
T1,0,0,119,12
T2,1,0,200,26
T3,2,1,181,5
T4,3,1,23,3
[345]
T1,0,0,32,3
T2,1,1,200,9
T3,2,1,133,9
T4,3,0,159,26
[346]
T1,0,1,36,7
T2,1,1,158,2
T3,2,0,55,7
T4,3,0,200,12
[347]
T1,0,0,178,2
T2,1,0,39,2
T3,2,0,200,3
T4,3,1,94,28
[348]
T1,0,0,109,29
T2,1,0,51,5
T3,2,0,200,3
T4,3,1,187,2
[349]
T1,0,0,200,3
T2,1,0,77,6
T3,2,0,44,2
T4,3,1,156,43
[350]
T1,0,1,45,2
T2,1,0,114,18
T3,2,0,200,1
T4,3,1,193,41
[351]
T1,0,0,30,3
T2,1,1,200,3
T3,2,1,56,1
T4,3,1,175,39
[352]
T1,0,1,73,2
T2,1,0,40,2
T3,2,1,200,32
T4,3,1,174,24
[353]
T1,0,0,200,27
T2,1,1,21,2
T3,2,1,193,15
T4,3,0,110,17
[354]
T1,0,0,65,2
T2,1,1,32,1
T3,2,1,200,10
T4,3,1,175,48
[355]
T1,0,1,44,5
T2,1,1,117,7
T3,2,0,200,37
T4,3,0,166,4
[356]
T1,0,1,51,11
T2,1,1,200,16
T3,2,1,158,6
T4,3,1,128,6
[357]
T1,0,0,34,1
T2,1,0,87,2
T3,2,0,161,39
T4,3,1,200,16
[358]
T1,0,1,91,4
T2,1,1,200,30
T3,2,0,177,30
T4,3,0,46,1
[359]
T1,0,0,106,2
T2,1,0,200,9
T3,2,0,173,1
T4,3,1,20,6
[360]
T1,0,1,56,11
T2,1,0,186,2
T3,2,1,200,36
T4,3,1,44,2
[361]
T1,0,0,113,7
T2,1,0,152,31
T3,2,1,200,3
T4,3,0,41,4
[362]
T1,0,1,194,23
T2,1,1,23,3
T3,2,1,57,1
T4,3,0,200,21
[363]
T1,0,1,200,4
T2,1,0,186,33
T3,2,1,126,13
T4,3,0,52,4
[364]
T1,0,0,53,4
T2,1,0,97,8
T3,2,1,155,21
T4,3,0,200,16
[365]
T1,0,1,152,20
T2,1,1,200,14
T3,2,0,36,3
T4,3,0,133,13
[366]
T1,0,0,184,31
T2,1,1,146,4
T3,2,0,25,1
T4,3,1,200,29
[367]
T1,0,0,192,19
T2,1,0,88,16
T3,2,0,200,18
T4,3,0,35,2
[368]
T1,0,1,59,12
T2,1,1,161,16
T3,2,1,200,17
T4,3,0,35,2
[369]
T1,0,1,200,11
T2,1,1,160,42
T3,2,1,52,2
T4,3,0,140,2
[370]
T1,0,1,200,3
T2,1,1,40,4
T3,2,0,161,34
T4,3,1,141,8
[371]
T1,0,1,23,2
T2,1,1,182,42
T3,2,0,117,10
T4,3,0,200,10
[372]
T1,0,0,151,15
T2,1,0,27,4
T3,2,1,200,8
T4,3,1,108,8
[373]
T1,0,1,69,3
T2,1,0,151,45
T3,2,0,200,2
T4,3,1,31,1
[374]
T1,0,0,23,5
T2,1,1,59,5
T3,2,1,187,2
T4,3,0,200,9
[375]
T1,0,0,170,7
T2,1,0,24,2
T3,2,1,70,10
T4,3,0,200,17
[376]
T1,0,1,156,21
T2,1,0,36,1
T3,2,1,131,3
T4,3,1,200,36
[377]
T1,0,0,200,6
T2,1,1,172,21
T3,2,0,134,2
T4,3,1,36,7
[378]
T1,0,1,25,3
T2,1,1,126,3
T3,2,1,194,37
T4,3,1,200,5
[379]
T1,0,0,200,6
T2,1,0,20,6
T3,2,0,60,2
T4,3,0,151,2
[380]
T1,0,0,66,11
T2,1,1,29,2
T3,2,0,166,5
T4,3,1,200,37
[381]
T1,0,0,50,7
T2,1,0,200,17
T3,2,0,191,24
T4,3,0,95,2
[382]
T1,0,1,27,2
T2,1,0,182,29
T3,2,1,70,3
T4,3,1,200,33
[383]
T1,0,0,45,1
T2,1,1,61,8
T3,2,1,171,5
T4,3,0,200,36
[384]
T1,0,0,47,2
T2,1,1,72,3
T3,2,1,200,15
T4,3,0,186,46
[385]
T1,0,1,200,7
T2,1,1,53,3
T3,2,1,192,16
T4,3,0,106,22
[386]
T1,0,1,118,1
T2,1,0,160,10
T3,2,0,39,3
T4,3,1,200,47
[387]
T1,0,1,111,11
T2,1,0,165,6
T3,2,0,40,3
T4,3,0,200,32
[388]
T1,0,0,40,8
T2,1,0,136,11
T3,2,1,200,6
T4,3,1,150,11
[389]
T1,0,0,28,3
T2,1,1,200,33
T3,2,1,114,4
T4,3,1,172,13
[390]
T1,0,0,200,31
T2,1,1,128,2
T3,2,1,170,39
T4,3,1,53,2
[391]
T1,0,1,38,3
T2,1,0,200,30
T3,2,0,63,6
T4,3,1,155,9
[392]
T1,0,1,200,2
T2,1,0,194,14
T3,2,1,47,6
T4,3,0,84,14
[393]
T1,0,1,25,1
T2,1,1,176,19
T3,2,1,85,10
T4,3,1,200,19
[394]
T1,0,1,80,3
T2,1,0,28,6
T3,2,1,162,8
T4,3,1,200,12
[395]
T1,0,1,171,14
T2,1,1,200,20
T3,2,0,113,15
T4,3,1,39,2
[396]
T1,0,1,200,2
T2,1,1,188,42
T3,2,0,74,9
T4,3,1,37,1
[397]
T1,0,1,105,6
T2,1,1,37,2
T3,2,0,200,53
T4,3,0,194,8
[398]
T1,0,1,200,13
T2,1,0,102,8
T3,2,1,191,48
T4,3,1,36,2
[399]
T1,0,0,200,30
T2,1,0,102,7
T3,2,0,28,4
T4,3,0,148,1
[400]
T1,0,1,80,7
T2,1,0,200,7
T3,2,1,22,4
T4,3,1,172,9
[401]
T1,0,1,200,3
T2,1,1,23,4
T3,2,0,149,16
T4,3,0,72,4
[402]
T1,0,1,188,15
T2,1,0,66,6
T3,2,0,200,31
T4,3,1,31,1
[403]
T1,0,0,178,2
T2,1,1,200,1
T3,2,0,93,13
T4,3,1,35,8
[404]
T1,0,1,200,10
T2,1,0,78,2
T3,2,1,160,21
T4,3,0,41,8
[405]
T1,0,1,23,3
T2,1,1,157,8
T3,2,0,200,34
T4,3,1,84,2
[406]
T1,0,0,86,3
T2,1,0,200,6
T3,2,0,37,2
T4,3,1,178,56
[407]
T1,0,1,124,18
T2,1,1,176,16
T3,2,0,200,29
T4,3,0,49,2
[408]
T1,0,0,86,7
T2,1,0,200,5
T3,2,0,46,3
T4,3,0,155,33
[409]
T1,0,1,131,2
T2,1,1,200,8
T3,2,0,178,46
T4,3,1,36,3
[410]
T1,0,0,102,4
T2,1,0,200,30
T3,2,0,167,3
T4,3,1,22,4
[411]
T1,0,1,38,3
T2,1,1,141,1
T3,2,1,166,29
T4,3,0,200,21
[412]
T1,0,1,52,9
T2,1,1,93,17
T3,2,0,196,4
T4,3,1,200,1
[413]
T1,0,0,200,4
T2,1,1,152,16
T3,2,0,38,2
T4,3,0,125,32
[414]
T1,0,1,200,15
T2,1,1,111,21
T3,2,0,160,9
T4,3,0,26,1
[415]
T1,0,0,200,37
T2,1,0,161,1
T3,2,1,27,5
T4,3,0,140,1
[416]
T1,0,0,184,18
T2,1,0,200,5
T3,2,1,55,7
T4,3,0,37,4
[417]
T1,0,0,200,16
T2,1,0,88,20
T3,2,0,152,2
T4,3,0,36,2
[418]
T1,0,1,194,11
T2,1,0,44,2
T3,2,1,200,53
T4,3,0,133,9
[419]
T1,0,1,42,1
T2,1,1,200,10
T3,2,1,123,2
T4,3,1,161,48
[420]
T1,0,1,143,13
T2,1,1,200,7
T3,2,1,176,25
T4,3,0,28,3
[421]
T1,0,1,200,10
T2,1,1,35,8
T3,2,0,197,9
T4,3,1,62,3
[422]
T1,0,0,22,2
T2,1,0,200,12
T3,2,0,109,12
T4,3,0,156,14
[423]
T1,0,1,134,2
T2,1,1,25,3
T3,2,0,148,15
T4,3,0,200,30
[424]
T1,0,0,150,4
T2,1,1,46,1
T3,2,0,91,2
T4,3,1,200,65
[425]
T1,0,1,139,17
T2,1,0,200,4
T3,2,0,38,8
T4,3,1,156,2
[426]
T1,0,0,162,9
T2,1,0,32,2
T3,2,1,200,33
T4,3,0,95,14
[427]
T1,0,0,52,3
T2,1,0,193,11
T3,2,1,101,23
T4,3,1,200,7
[428]
T1,0,0,71,7
T2,1,1,36,5
T3,2,0,200,20
T4,3,0,183,5
[429]
T1,0,0,166,7
T2,1,1,82,9
T3,2,1,28,2
T4,3,0,200,43
[430]
T1,0,0,196,49
T2,1,1,101,12
T3,2,1,28,2
T4,3,1,200,2
[431]
T1,0,1,200,31
T2,1,0,181,10
T3,2,0,48,5
T4,3,1,90,5
[432]
T1,0,0,116,4
T2,1,0,170,11
T3,2,1,200,52
T4,3,1,30,2
[433]
T1,0,1,76,4
T2,1,0,177,7
T3,2,0,200,35
T4,3,0,40,4
[434]
T1,0,1,166,56
T2,1,1,48,1
T3,2,1,200,2
T4,3,1,87,1
[435]
T1,0,1,184,20
T2,1,1,123,9
T3,2,1,200,33
T4,3,0,20,2
[436]
T1,0,0,39,2
T2,1,0,185,21
T3,2,1,117,20
T4,3,0,200,18
[437]
T1,0,1,71,7
T2,1,1,169,8
T3,2,0,22,1
T4,3,1,200,36
[438]
T1,0,1,46,9
T2,1,0,161,16
T3,2,0,200,2
T4,3,1,64,4
[439]
T1,0,0,192,20
T2,1,0,200,5
T3,2,0,79,14
T4,3,1,30,2
[440]
T1,0,1,27,2
T2,1,0,175,39
T3,2,0,200,18
T4,3,1,107,7
[441]
T1,0,1,198,8
T2,1,0,200,8
T3,2,1,44,13
T4,3,1,64,2
[442]
T1,0,1,192,24
T2,1,1,87,2
T3,2,0,27,5
T4,3,1,200,13
[443]
T1,0,1,51,6
T2,1,1,74,11
T3,2,1,200,10
T4,3,0,172,10
[444]
T1,0,1,40,2
T2,1,0,165,43
T3,2,1,200,11
T4,3,1,71,2
[445]
T1,0,0,200,39
T2,1,0,191,16
T3,2,1,100,2
T4,3,1,20,1
[446]
T1,0,1,71,5
T2,1,0,192,26
T3,2,1,200,26
T4,3,1,45,2
[447]
T1,0,1,200,65
T2,1,0,80,2
T3,2,0,42,2
T4,3,1,166,3
[448]
T1,0,1,152,13
T2,1,0,40,4
T3,2,0,136,13
T4,3,0,200,17
[449]
T1,0,0,152,2
T2,1,0,200,4
T3,2,1,20,2
T4,3,1,82,20
[450]
T1,0,1,73,6
T2,1,1,172,16
T3,2,1,200,29
T4,3,0,39,2
[451]
T1,0,1,193,3
T2,1,1,46,5
T3,2,0,119,29
T4,3,1,200,3
[452]
T1,0,1,100,4
T2,1,1,160,42
T3,2,1,200,9
T4,3,0,40,1
[453]
T1,0,1,164,36
T2,1,1,25,3
T3,2,1,54,2
T4,3,0,200,1
[454]
T1,0,1,100,2
T2,1,0,28,2
T3,2,1,169,36
T4,3,1,200,11
[455]
T1,0,1,192,8
T2,1,0,70,6
T3,2,1,53,4
T4,3,0,200,36
[456]
T1,0,1,157,4
T2,1,0,115,24
T3,2,1,29,3
T4,3,1,200,4
[457]
T1,0,0,120,25
T2,1,0,168,1
T3,2,0,23,2
T4,3,0,200,14
[458]
T1,0,0,124,9
T2,1,0,52,1
T3,2,0,200,59
T4,3,1,183,2
[459]
T1,0,1,159,11
T2,1,1,103,9
T3,2,1,53,9
T4,3,1,200,11
[460]
T1,0,0,159,19
T2,1,0,40,2
T3,2,1,143,19
T4,3,1,200,16
[461]
T1,0,1,164,6
T2,1,0,34,5
T3,2,0,200,27
T4,3,1,64,5
[462]
T1,0,1,136,6
T2,1,0,200,21
T3,2,1,188,22
T4,3,0,38,4
[463]
T1,0,1,107,2
T2,1,0,178,5
T3,2,1,200,35
T4,3,0,37,6
[464]
T1,0,1,103,11
T2,1,1,180,20
T3,2,1,200,10
T4,3,0,38,4
[465]
T1,0,0,42,4
T2,1,1,200,16
T3,2,1,184,22
T4,3,0,126,12
[466]
T1,0,0,200,10
T2,1,0,114,3
T3,2,0,186,39
T4,3,1,45,4
[467]
T1,0,1,89,23
T2,1,1,200,2
T3,2,0,45,3
T4,3,1,195,12
[468]
T1,0,0,127,12
T2,1,1,200,9
T3,2,1,44,6
T4,3,1,184,18
[469]
T1,0,1,200,2
T2,1,1,154,12
T3,2,0,132,28
T4,3,0,21,1
[470]
T1,0,1,200,4
T2,1,1,81,15
T3,2,0,35,2
T4,3,0,188,17
[471]
T1,0,1,200,22
T2,1,0,172,18
T3,2,0,63,7
T4,3,1,37,2
[472]
T1,0,1,42,2
T2,1,0,107,3
T3,2,0,200,22
T4,3,0,169,40
[473]
T1,0,1,200,48
T2,1,0,48,1
T3,2,0,77,2
T4,3,0,172,17
[474]
T1,0,0,191,17
T2,1,1,110,2
T3,2,0,200,35
T4,3,0,52,6
[475]
T1,0,0,92,9
T2,1,0,200,39
T3,2,1,188,14
T4,3,1,51,1
[476]
T1,0,1,167,26
T2,1,0,36,7
T3,2,0,200,2
T4,3,1,104,3
[477]
T1,0,0,110,19
T2,1,0,200,5
T3,2,0,52,6
T4,3,1,171,12
[478]
T1,0,0,104,2
T2,1,0,200,53
T3,2,1,42,1
T4,3,0,192,19
[479]
T1,0,1,77,4
T2,1,0,200,1
T3,2,1,174,11
T4,3,0,49,13
[480]
T1,0,1,200,28
T2,1,1,78,4
T3,2,0,174,3
T4,3,1,53,9
[481]
T1,0,0,81,3
T2,1,1,200,25
T3,2,0,44,3
T4,3,1,167,22
[482]
T1,0,0,25,1
T2,1,1,199,15
T3,2,0,200,31
T4,3,1,139,13
[483]
T1,0,1,200,12
T2,1,1,71,10
T3,2,0,49,3
T4,3,0,194,25
[484]
T1,0,1,200,2
T2,1,1,20,2
T3,2,0,164,7
T4,3,1,76,17
[485]
T1,0,1,41,13
T2,1,1,165,7
T3,2,0,142,2
T4,3,0,200,3
[486]
T1,0,0,198,2
T2,1,1,101,11
T3,2,0,200,48
T4,3,1,38,1
[487]
T1,0,0,165,27
T2,1,1,200,14
T3,2,0,42,2
T4,3,0,62,9
[488]
T1,0,1,100,11
T2,1,0,51,2
T3,2,0,187,2
T4,3,0,200,52
[489]
T1,0,1,196,12
T2,1,0,119,13
T3,2,0,41,1
T4,3,1,200,35
[490]
T1,0,0,23,3
T2,1,0,154,2
T3,2,0,141,2
T4,3,1,200,47
[491]
T1,0,1,185,13
T2,1,0,88,2
T3,2,1,43,6
T4,3,0,200,34
[492]
T1,0,1,200,41
T2,1,0,182,6
T3,2,0,123,16
T4,3,0,31,2
[493]
T1,0,0,84,11
T2,1,1,173,8
T3,2,1,28,4
T4,3,1,200,8
[494]
T1,0,1,58,8
T2,1,1,200,5
T3,2,1,183,29
T4,3,0,45,3
[495]
T1,0,1,200,22
T2,1,0,105,2
T3,2,1,164,30
T4,3,1,40,3
[496]
T1,0,1,200,18
T2,1,1,97,2
T3,2,1,35,6
T4,3,1,193,24
[497]
T1,0,1,38,2
T2,1,0,158,25
T3,2,0,200,23
T4,3,0,86,4
[498]
T1,0,1,63,2
T2,1,0,200,6
T3,2,0,45,9
T4,3,1,199,23
[499]
T1,0,0,37,2
T2,1,1,175,54
T3,2,1,200,5
T4,3,0,125,4
[500]
T1,0,0,200,11
T2,1,0,23,2
T3,2,0,190,18
T4,3,1,67,16
