num_task_per_taskset=4
num_taskset=500
//ID,Priority,Offset,Period,Execution Time
[1]
T1,0,0,184,2
T2,1,0,200,19
T3,2,1,131,21
T4,3,0,34,8
[2]
T1,0,1,44,1
T2,1,1,130,2
T3,2,1,200,81
T4,3,1,187,8
[3]
T1,0,1,152,17
T2,1,1,200,30
T3,2,1,68,6
T4,3,0,46,6
[4]
T1,0,1,98,10
T2,1,0,200,6
T3,2,0,155,47
T4,3,1,45,2
[5]
T1,0,1,200,25
T2,1,0,29,2
T3,2,0,192,2
T4,3,0,103,29
[6]
T1,0,1,164,9
T2,1,0,33,11
T3,2,0,92,1
T4,3,1,200,13
[7]
T1,0,0,109,2
T2,1,0,164,60
T3,2,1,48,2
T4,3,1,200,17
[8]
T1,0,1,63,4
T2,1,1,200,1
T3,2,0,153,11
T4,3,0,50,17
[9]
T1,0,0,112,7
T2,1,1,192,40
T3,2,1,200,17
T4,3,1,20,2
[10]
T1,0,0,168,36
T2,1,1,115,11
T3,2,0,31,1
T4,3,1,200,29
[11]
T1,0,0,200,7
T2,1,0,161,51
T3,2,1,104,1
T4,3,0,34,4
[12]
T1,0,1,26,5
T2,1,0,98,3
T3,2,1,186,8
T4,3,0,200,41
[13]
T1,0,0,22,2
T2,1,0,139,15
T3,2,0,175,10
T4,3,0,200,63
[14]
T1,0,1,132,1
T2,1,1,51,6
T3,2,1,186,40
T4,3,1,200,26
[15]
T1,0,1,75,3
T2,1,0,26,4
T3,2,1,189,14
T4,3,0,200,40
[16]
T1,0,1,48,2
T2,1,0,192,16
T3,2,1,138,37
T4,3,1,200,27
[17]
T1,0,0,29,1
T2,1,0,107,31
T3,2,1,200,29
T4,3,0,160,2
[18]
T1,0,1,46,6
T2,1,0,139,13
T3,2,1,200,38
T4,3,1,183,12
[19]
T1,0,0,200,55
T2,1,0,24,2
T3,2,0,158,2
T4,3,0,133,12
[20]
T1,0,1,200,14
T2,1,1,120,22
T3,2,1,178,31
T4,3,0,33,2
[21]
T1,0,1,200,22
T2,1,1,156,4
T3,2,0,84,27
T4,3,0,34,2
[22]
T1,0,0,37,4
T2,1,0,200,32
T3,2,1,68,7
T4,3,0,164,19
[23]
T1,0,0,22,2
T2,1,0,154,35
T3,2,0,92,13
T4,3,0,200,20
[24]
T1,0,1,153,23
T2,1,1,200,9
T3,2,1,74,10
T4,3,0,26,4
[25]
T1,0,1,118,4
T2,1,1,200,2
T3,2,1,30,7
T4,3,1,181,35
[26]
T1,0,0,46,5
T2,1,1,200,5
T3,2,1,171,5
T4,3,1,98,31
[27]
T1,0,0,82,11
T2,1,0,150,27
T3,2,1,36,4
T4,3,1,200,10
[28]
T1,0,0,200,76
T2,1,1,193,3
T3,2,1,26,1
T4,3,0,67,2
[29]
T1,0,1,50,9
T2,1,1,200,3
T3,2,0,65,13
T4,3,1,172,15
[30]
T1,0,1,74,2
T2,1,0,29,2
T3,2,1,190,50
T4,3,1,200,23
[31]
T1,0,0,137,9
T2,1,0,48,5
T3,2,0,170,14
T4,3,1,200,44
[32]
T1,0,1,121,19
T2,1,1,23,2
T3,2,1,200,4
T4,3,0,172,48
[33]
T1,0,1,40,2
T2,1,1,200,31
T3,2,1,196,43
T4,3,1,56,2
[34]
T1,0,0,97,24
T2,1,0,200,12
T3,2,1,25,2
T4,3,1,183,26
[35]
T1,0,1,200,38
T2,1,1,121,29
T3,2,0,49,2
T4,3,0,180,7
[36]
T1,0,1,57,10
T2,1,0,200,25
T3,2,1,30,2
T4,3,1,193,35
[37]
T1,0,1,190,17
T2,1,0,142,11
T3,2,1,200,48
T4,3,1,43,3
[38]
T1,0,0,200,17
T2,1,1,130,3
T3,2,1,160,12
T4,3,0,50,15
[39]
T1,0,0,95,2
T2,1,1,200,45
T3,2,1,45,8
T4,3,1,194,14
[40]
T1,0,0,200,22
T2,1,1,158,15
T3,2,1,30,3
T4,3,0,77,12
[41]
T1,0,0,200,20
T2,1,1,20,3
T3,2,0,157,19
T4,3,1,120,14
[42]
T1,0,0,157,41
T2,1,0,200,9
T3,2,0,85,7
T4,3,0,38,3
[43]
T1,0,0,178,35
T2,1,1,139,2
T3,2,1,43,6
T4,3,1,200,26
[44]
T1,0,1,62,3
T2,1,1,35,6
T3,2,0,151,6
T4,3,0,200,43
[45]
T1,0,1,128,8
T2,1,0,36,5
T3,2,1,173,15
T4,3,0,200,35
[46]
T1,0,0,23,1
T2,1,0,197,2
T3,2,0,137,52
T4,3,0,200,8
[47]
T1,0,0,199,6
T2,1,1,200,61
T3,2,0,34,2
T4,3,0,124,18
[48]
T1,0,1,200,1
T2,1,1,139,29
T3,2,1,37,9
T4,3,1,180,6
[49]
T1,0,0,200,65
T2,1,1,38,2
T3,2,1,118,2
T4,3,1,178,22
[50]
T1,0,0,130,36
T2,1,0,164,1
T3,2,1,50,5
T4,3,1,200,20
[51]
T1,0,1,26,2
T2,1,0,200,1
T3,2,1,59,25
T4,3,0,158,4
[52]
T1,0,0,200,27
T2,1,1,180,6
T3,2,0,39,10
T4,3,1,131,7
[53]
T1,0,1,45,10
T2,1,1,154,9
T3,2,0,131,25
T4,3,1,200,2
[54]
T1,0,0,177,17
T2,1,0,22,2
T3,2,0,200,11
T4,3,1,117,24
[55]
T1,0,0,154,13
T2,1,0,46,6
T3,2,0,102,24
T4,3,1,200,6
[56]
T1,0,0,177,17
T2,1,0,21,6
T3,2,1,200,2
T4,3,1,114,10
[57]
T1,0,0,200,13
T2,1,0,163,20
T3,2,0,69,1
T4,3,1,21,6
[58]
T1,0,1,29,2
T2,1,1,172,46
T3,2,0,105,18
T4,3,1,200,6
[59]
T1,0,0,85,5
T2,1,1,35,1
T3,2,1,156,27
T4,3,1,200,45
[60]
T1,0,0,120,21
T2,1,0,174,29
T3,2,1,200,2
T4,3,1,46,7
[61]
T1,0,0,200,26
T2,1,1,20,2
T3,2,0,66,9
T4,3,0,185,18
[62]
T1,0,1,42,2
T2,1,0,147,36
T3,2,1,200,8
T4,3,0,164,24
[63]
T1,0,1,200,5
T2,1,0,116,5
T3,2,1,39,2
T4,3,1,158,66
[64]
T1,0,1,143,5
T2,1,1,200,88
T3,2,1,198,2
T4,3,1,27,2
[65]
T1,0,0,193,6
T2,1,1,45,5
T3,2,0,117,12
T4,3,1,200,49
[66]
T1,0,0,103,7
T2,1,1,152,19
T3,2,0,200,45
T4,3,1,37,2
[67]
T1,0,1,200,20
T2,1,0,174,57
T3,2,0,84,2
T4,3,1,27,2
[68]
T1,0,1,38,1
T2,1,1,200,15
T3,2,0,164,17
T4,3,0,63,17
[69]
T1,0,0,168,2
T2,1,1,42,6
T3,2,1,97,27
T4,3,0,200,10
[70]
T1,0,1,45,2
T2,1,0,84,2
T3,2,1,200,93
T4,3,1,182,2
[71]
T1,0,0,45,2
T2,1,1,118,2
T3,2,1,200,49
T4,3,1,154,29
[72]
T1,0,1,45,9
T2,1,0,133,18
T3,2,0,200,21
T4,3,0,167,7
[73]
T1,0,1,37,2
T2,1,1,200,35
T3,2,0,56,8
T4,3,0,154,16
[74]
T1,0,0,40,3
T2,1,0,200,30
T3,2,0,167,43
T4,3,0,56,2
[75]
T1,0,0,135,27
T2,1,0,171,7
T3,2,1,39,1
T4,3,1,200,42
[76]
T1,0,1,200,34
T2,1,1,162,4
T3,2,0,51,3
T4,3,0,90,21
[77]
T1,0,0,200,4
T2,1,0,137,46
T3,2,0,34,1
T4,3,1,164,13
[78]
T1,0,1,125,12
T2,1,1,200,10
T3,2,0,193,63
T4,3,0,25,2
[79]
T1,0,0,200,19
T2,1,0,60,2
T3,2,0,39,11
T4,3,1,153,16
[80]
T1,0,1,155,11
T2,1,0,75,2
T3,2,0,200,59
T4,3,0,43,4
[81]
T1,0,1,164,2
T2,1,0,112,13
T3,2,1,28,3
T4,3,0,200,51
[82]
T1,0,1,72,4
T2,1,1,200,41
T3,2,1,47,10
T4,3,1,156,2
[83]
T1,0,0,149,28
T2,1,1,200,26
T3,2,0,131,2
T4,3,0,30,5
[84]
T1,0,0,35,5
T2,1,0,200,13
T3,2,0,120,21
T4,3,1,156,17
[85]
T1,0,1,200,2
T2,1,1,86,27
T3,2,1,196,15
T4,3,1,29,2
[86]
T1,0,1,118,16
T2,1,1,174,1
T3,2,0,200,26
T4,3,0,22,4
[87]
T1,0,1,200,4
T2,1,0,33,7
T3,2,0,158,11
T4,3,0,113,19
[88]
T1,0,0,200,39
T2,1,0,180,10
T3,2,1,30,3
T4,3,1,139,18
[89]
T1,0,1,177,22
T2,1,1,39,7
T3,2,0,200,25
T4,3,0,70,4
[90]
T1,0,0,200,24
T2,1,1,29,1
T3,2,1,138,4
T4,3,0,168,46
[91]
T1,0,1,162,43
T2,1,0,21,2
T3,2,1,200,7
T4,3,1,81,13
[92]
T1,0,1,200,14
T2,1,0,42,1
T3,2,0,188,4
T4,3,0,93,35
[93]
T1,0,1,162,2
T2,1,0,41,10
T3,2,1,60,1
T4,3,1,200,40
[94]
T1,0,0,200,72
T2,1,0,50,3
T3,2,1,189,7
T4,3,0,133,3
[95]
T1,0,1,82,6
T2,1,1,200,46
T3,2,1,171,5
T4,3,0,34,5
[96]
T1,0,0,156,33
T2,1,1,47,8
T3,2,0,200,11
T4,3,0,59,2
[97]
T1,0,0,51,1
T2,1,0,160,39
T3,2,1,140,3
T4,3,1,200,39
[98]
T1,0,0,200,67
T2,1,0,59,5
T3,2,0,36,1
T4,3,0,150,4
[99]
T1,0,0,178,3
T2,1,1,46,11
T3,2,0,57,1
T4,3,1,200,39
[100]
T1,0,0,56,9
T2,1,0,156,25
T3,2,0,200,10
T4,3,0,28,3
[101]
T1,0,0,21,2
T2,1,0,136,36
T3,2,1,199,23
T4,3,0,200,17
[102]
T1,0,1,81,30
T2,1,1,45,2
T3,2,0,200,8
T4,3,0,190,2
[103]
T1,0,0,30,4
T2,1,1,180,8
T3,2,0,200,33
T4,3,1,79,11
[104]
T1,0,0,136,18
T2,1,0,200,51
T3,2,1,188,19
T4,3,1,42,2
[105]
T1,0,0,189,64
T2,1,1,117,8
T3,2,1,20,2
T4,3,0,200,14
[106]
T1,0,1,151,19
T2,1,0,26,4
T3,2,0,83,4
T4,3,1,200,27
[107]
T1,0,1,48,7
T2,1,0,200,29
T3,2,0,188,2
T4,3,1,134,26
[108]
T1,0,0,75,4
T2,1,1,200,68
T3,2,0,26,1
T4,3,0,181,8
[109]
T1,0,1,200,55
T2,1,1,160,4
T3,2,0,48,8
T4,3,0,95,1
[110]
T1,0,0,200,2
T2,1,0,138,2
T3,2,0,28,2
T4,3,1,151,75
[111]
T1,0,0,200,25
T2,1,1,141,13
T3,2,1,50,8
T4,3,0,186,19
[112]
T1,0,0,33,5
T2,1,1,200,6
T3,2,1,100,9
T4,3,1,152,29
[113]
T1,0,1,182,8
T2,1,1,37,2
T3,2,1,64,20
T4,3,1,200,24
[114]
T1,0,0,39,3
T2,1,1,200,37
T3,2,1,56,4
T4,3,0,195,31
[115]
T1,0,0,57,8
T2,1,1,38,11
T3,2,1,176,6
T4,3,1,200,4
[116]
T1,0,1,45,14
T2,1,0,178,11
T3,2,1,200,2
T4,3,1,76,7
[117]
T1,0,0,171,40
T2,1,0,76,2
T3,2,1,51,7
T4,3,1,200,16
[118]
T1,0,1,85,22
T2,1,0,178,31
T3,2,1,52,1
T4,3,1,200,6
[119]
T1,0,0,35,2
T2,1,1,109,29
T3,2,0,200,12
T4,3,1,150,25
[120]
T1,0,1,55,2
T2,1,1,33,8
T3,2,1,153,2
T4,3,1,200,43
[121]
T1,0,1,45,4
T2,1,0,197,2
T3,2,1,200,1
T4,3,1,112,42
[122]
T1,0,0,21,2
T2,1,0,162,16
T3,2,0,113,20
T4,3,0,200,22
[123]
T1,0,0,102,4
T2,1,0,200,4
T3,2,0,194,43
T4,3,0,23,4
[124]
T1,0,1,73,4
T2,1,1,165,16
T3,2,0,40,7
T4,3,1,200,29
[125]
T1,0,0,132,20
T2,1,1,200,32
T3,2,0,31,5
T4,3,1,157,3
[126]
T1,0,1,200,37
T2,1,0,20,2
T3,2,1,97,9
T4,3,1,155,14
[127]
T1,0,1,76,9
T2,1,0,200,10
T3,2,1,26,1
T4,3,0,172,44
[128]
T1,0,0,200,11
T2,1,0,100,30
T3,2,1,196,13
T4,3,0,52,3
[129]
T1,0,0,36,1
T2,1,0,193,38
T3,2,1,200,6
T4,3,1,71,15
[130]
T1,0,1,45,2
T2,1,1,200,11
T3,2,1,89,27
T4,3,1,195,21
[131]
T1,0,1,22,2
T2,1,0,167,25
T3,2,1,200,2
T4,3,0,112,24
[132]
T1,0,0,129,22
T2,1,0,45,2
T3,2,1,200,21
T4,3,0,185,39
[133]
T1,0,0,69,20
T2,1,1,39,3
T3,2,0,200,21
T4,3,1,159,2
[134]
T1,0,1,97,19
T2,1,0,36,4
T3,2,0,200,23
T4,3,0,177,8
[135]
T1,0,1,200,42
T2,1,1,173,21
T3,2,1,69,2
T4,3,1,28,3
[136]
T1,0,1,20,2
T2,1,0,200,3
T3,2,0,170,11
T4,3,1,95,27
[137]
T1,0,0,93,3
T2,1,0,52,4
T3,2,0,200,39
T4,3,1,153,28
[138]
T1,0,1,200,15
T2,1,1,74,21
T3,2,0,51,5
T4,3,0,155,3
[139]
T1,0,1,20,3
T2,1,0,186,7
T3,2,1,65,14
T4,3,1,200,12
[140]
T1,0,0,118,6
T2,1,0,160,61
T3,2,0,200,4
T4,3,0,30,1
[141]
T1,0,0,27,1
T2,1,1,173,32
T3,2,0,120,16
T4,3,0,200,23
[142]
T1,0,1,117,2
T2,1,0,159,26
T3,2,1,45,3
T4,3,1,200,47
[143]
T1,0,0,165,54
T2,1,1,200,20
T3,2,0,122,4
T4,3,1,49,1
[144]
T1,0,1,199,21
T2,1,1,73,10
T3,2,1,40,2
T4,3,0,200,38
[145]
T1,0,1,20,1
T2,1,1,65,15
T3,2,0,200,13
T4,3,0,161,17
[146]
T1,0,0,131,4
T2,1,1,164,33
T3,2,0,200,40
T4,3,0,35,1
[147]
T1,0,0,109,4
T2,1,1,200,13
T3,2,1,170,40
T4,3,0,39,5
[148]
T1,0,1,200,2
T2,1,0,78,2
T3,2,1,36,2
T4,3,0,162,73
[149]
T1,0,0,200,28
T2,1,0,103,1
T3,2,0,37,9
T4,3,1,168,12
[150]
T1,0,1,68,2
T2,1,0,161,12
T3,2,1,40,13
T4,3,1,200,14
[151]
T1,0,0,110,7
T2,1,0,148,16
T3,2,1,34,9
T4,3,0,200,9
[152]
T1,0,0,200,29
T2,1,1,27,2
T3,2,1,153,22
T4,3,0,113,20
[153]
T1,0,0,200,45
T2,1,0,33,7
T3,2,0,91,2
T4,3,1,195,5
[154]
T1,0,1,200,37
T2,1,0,159,2
T3,2,0,26,2
T4,3,0,105,29
[155]
T1,0,1,200,21
T2,1,1,90,3
T3,2,1,198,21
T4,3,0,30,7
[156]
T1,0,1,39,1
T2,1,0,142,30
T3,2,1,200,6
T4,3,0,186,41
[157]
T1,0,1,176,2
T2,1,0,71,2
T3,2,1,34,9
T4,3,1,200,32
[158]
T1,0,1,56,12
T2,1,1,163,32
T3,2,0,44,1
T4,3,1,200,9
[159]
T1,0,1,177,6
T2,1,1,200,12
T3,2,1,106,30
T4,3,1,26,3
[160]
T1,0,0,66,3
T2,1,1,28,2
T3,2,0,153,46
T4,3,1,200,9
[161]
T1,0,1,97,15
T2,1,0,200,34
T3,2,1,175,4
T4,3,1,34,4
[162]
T1,0,0,127,33
T2,1,1,23,2
T3,2,0,200,18
T4,3,1,193,10
[163]
T1,0,0,200,14
T2,1,1,144,37
T3,2,0,24,2
T4,3,1,166,24
[164]
T1,0,1,200,1
T2,1,0,193,22
T3,2,0,35,9
T4,3,0,113,12
[165]
T1,0,0,83,5
T2,1,0,43,2
T3,2,0,180,32
T4,3,0,200,46
[166]
T1,0,0,103,14
T2,1,0,200,43
T3,2,1,47,1
T4,3,1,192,19
[167]
T1,0,1,200,35
T2,1,0,43,7
T3,2,0,140,19
T4,3,1,165,1
[168]
T1,0,0,200,43
T2,1,1,93,2
T3,2,0,49,8
T4,3,0,154,12
[169]
T1,0,1,85,25
T2,1,0,21,2
T3,2,1,153,8
T4,3,1,200,2
[170]
T1,0,0,178,36
T2,1,1,44,6
T3,2,1,200,2
T4,3,1,97,13
[171]
T1,0,1,148,6
T2,1,0,51,9
T3,2,0,200,49
T4,3,0,79,1
[172]
T1,0,0,42,5
T2,1,0,142,34
T3,2,0,176,5
T4,3,1,200,17
[173]
T1,0,0,109,2
T2,1,0,185,68
T3,2,0,46,3
T4,3,0,200,8
[174]
T1,0,0,30,10
T2,1,1,198,2
T3,2,1,82,2
T4,3,0,200,26
[175]
T1,0,1,200,56
T2,1,1,84,2
T3,2,1,31,2
T4,3,0,168,19
[176]
T1,0,1,166,33
T2,1,1,52,2
T3,2,1,69,14
T4,3,1,200,7
[177]
T1,0,1,147,4
T2,1,0,47,2
T3,2,0,194,53
T4,3,0,200,35
[178]
T1,0,1,134,18
T2,1,0,162,1
T3,2,1,200,3
T4,3,1,29,9
[179]
T1,0,0,50,2
T2,1,1,159,15
T3,2,1,200,53
T4,3,1,69,6
[180]
T1,0,1,197,8
T2,1,0,200,70
T3,2,1,126,6
T4,3,1,21,1
[181]
T1,0,1,22,1
T2,1,1,121,2
T3,2,1,200,43
T4,3,1,167,30
[182]
T1,0,0,200,4
T2,1,1,158,52
T3,2,0,120,9
T4,3,1,34,2
[183]
T1,0,0,44,3
T2,1,1,151,27
T3,2,1,200,7
T4,3,1,133,27
[184]
T1,0,1,74,1
T2,1,1,52,5
T3,2,0,178,34
T4,3,0,200,34
[185]
T1,0,1,38,13
T2,1,1,180,1
T3,2,1,102,3
T4,3,0,200,18
[186]
T1,0,0,39,2
T2,1,0,162,5
T3,2,1,200,81
T4,3,0,116,4
[187]
T1,0,1,98,3
T2,1,1,152,41
T3,2,1,46,6
T4,3,1,200,11
[188]
T1,0,1,44,7
T2,1,0,200,36
T3,2,0,72,7
T4,3,0,154,5
[189]
T1,0,1,52,15
T2,1,0,154,6
T3,2,0,75,2
T4,3,0,200,29
[190]
T1,0,1,180,56
T2,1,1,200,27
T3,2,1,120,1
T4,3,1,23,2
[191]
T1,0,1,151,11
T2,1,1,65,2
T3,2,0,21,2
T4,3,0,200,77
[192]
T1,0,1,200,25
T2,1,1,140,4
T3,2,0,196,3
T4,3,0,52,16
[193]
T1,0,0,200,59
T2,1,0,73,5
T3,2,1,193,9
T4,3,1,35,2
[194]
T1,0,0,81,2
T2,1,0,48,4
T3,2,1,192,25
T4,3,0,200,52
[195]
T1,0,1,200,59
T2,1,1,89,1
T3,2,1,54,7
T4,3,1,158,5
[196]
T1,0,0,64,24
T2,1,0,45,3
T3,2,1,192,3
T4,3,1,200,3
[197]
T1,0,0,200,1
T2,1,1,48,5
T3,2,1,79,29
T4,3,1,166,2
[198]
T1,0,0,90,4
T2,1,1,23,3
T3,2,0,200,26
T4,3,1,151,27
[199]
T1,0,1,85,2
T2,1,0,200,31
T3,2,0,161,20
T4,3,0,40,7
[200]
T1,0,0,161,27
T2,1,0,44,12
T3,2,1,200,5
T4,3,1,144,4
[201]
T1,0,0,30,1
T2,1,0,126,12
T3,2,1,200,54
T4,3,0,176,12
[202]
T1,0,1,46,3
T2,1,0,200,3
T3,2,1,96,18
T4,3,1,193,39
[203]
T1,0,1,23,1
T2,1,1,185,29
T3,2,0,97,18
T4,3,0,200,13
[204]
T1,0,1,200,39
T2,1,1,39,4
T3,2,1,57,2
T4,3,1,195,28
[205]
T1,0,1,122,35
T2,1,0,158,16
T3,2,0,27,2
T4,3,0,200,16
[206]
T1,0,1,158,6
T2,1,0,106,31
T3,2,0,200,33
T4,3,1,46,2
[207]
T1,0,0,122,21
T2,1,0,200,2
T3,2,0,26,8
T4,3,0,184,2
[208]
T1,0,0,170,26
T2,1,1,31,2
T3,2,1,200,16
T4,3,1,135,33
[209]
T1,0,0,182,30
T2,1,0,200,32
T3,2,1,59,3
T4,3,0,38,4
[210]
T1,0,1,200,6
T2,1,1,55,7
T3,2,1,31,7
T4,3,1,186,18
[211]
T1,0,0,200,4
T2,1,0,192,12
T3,2,0,50,19
T4,3,0,73,1
[212]
T1,0,0,143,40
T2,1,1,200,37
T3,2,1,174,1
T4,3,1,49,1
[213]
T1,0,0,48,12
T2,1,0,200,11
T3,2,1,163,2
T4,3,1,108,17
[214]
T1,0,1,168,21
T2,1,0,200,4
T3,2,0,104,16
T4,3,1,22,4
[215]
T1,0,0,20,2
T2,1,1,200,49
T3,2,1,101,2
T4,3,0,163,23
[216]
T1,0,0,167,49
T2,1,1,104,19
T3,2,0,200,1
T4,3,1,22,2
[217]
T1,0,0,72,16
T2,1,1,172,6
T3,2,0,200,35
T4,3,1,24,1
[218]
T1,0,0,24,3
T2,1,0,181,13
T3,2,1,200,45
T4,3,1,113,3
[219]
T1,0,0,38,3
T2,1,0,168,29
T3,2,0,135,27
T4,3,1,200,5
[220]
T1,0,1,168,4
T2,1,1,73,10
T3,2,0,200,32
T4,3,0,54,8
[221]
T1,0,0,164,17
T2,1,0,25,2
T3,2,0,200,23
T4,3,0,107,17
[222]
T1,0,1,165,38
T2,1,0,50,1
T3,2,1,200,5
T4,3,0,66,13
[223]
T1,0,0,167,37
T2,1,1,96,8
T3,2,1,29,2
T4,3,1,200,18
[224]
T1,0,1,68,2
T2,1,0,200,63
T3,2,1,162,2
T4,3,0,44,7
[225]
T1,0,1,99,14
T2,1,0,200,10
T3,2,0,195,35
T4,3,0,21,2
[226]
T1,0,1,200,19
T2,1,0,42,2
T3,2,0,147,40
T4,3,0,162,10
[227]
T1,0,0,200,4
T2,1,1,183,11
T3,2,0,68,18
T4,3,1,42,5
[228]
T1,0,1,141,52
T2,1,1,20,2
T3,2,1,200,16
T4,3,0,191,7
[229]
T1,0,1,40,3
T2,1,1,99,10
T3,2,1,200,14
T4,3,0,195,46
[230]
T1,0,1,30,2
T2,1,1,200,42
T3,2,0,189,30
T4,3,0,123,4
[231]
T1,0,0,200,8
T2,1,1,32,13
T3,2,0,57,2
T4,3,0,154,3
[232]
T1,0,0,172,44
T2,1,1,200,8
T3,2,0,124,22
T4,3,1,26,2
[233]
T1,0,0,166,12
T2,1,1,200,13
T3,2,0,138,46
T4,3,1,44,2
[234]
T1,0,1,34,1
T2,1,1,176,36
T3,2,0,129,5
T4,3,0,200,41
[235]
T1,0,1,170,40
T2,1,1,44,1
T3,2,0,200,23
T4,3,0,112,11
[236]
T1,0,0,199,49
T2,1,1,36,1
T3,2,1,147,27
T4,3,1,200,6
[237]
T1,0,0,200,5
T2,1,1,35,5
T3,2,0,159,28
T4,3,1,88,13
[238]
T1,0,0,127,31
T2,1,1,200,8
T3,2,1,196,33
T4,3,1,39,1
[239]
T1,0,0,75,20
T2,1,1,172,27
T3,2,1,200,12
T4,3,0,23,2
[240]
T1,0,0,62,11
T2,1,1,200,47
T3,2,0,22,1
T4,3,1,169,4
[241]
T1,0,1,68,16
T2,1,0,187,3
T3,2,0,200,7
T4,3,1,20,4
[242]
T1,0,1,116,28
T2,1,1,156,35
T3,2,1,43,2
T4,3,1,200,2
[243]
T1,0,0,149,49
T2,1,1,200,20
T3,2,0,145,6
T4,3,1,26,2
[244]
T1,0,0,200,26
T2,1,0,64,7
T3,2,0,181,28
T4,3,1,54,5
[245]
T1,0,0,95,1
T2,1,1,25,8
T3,2,1,200,24
T4,3,0,165,2
[246]
T1,0,0,200,61
T2,1,1,81,2
T3,2,1,176,1
T4,3,0,34,5
[247]
T1,0,1,51,1
T2,1,0,195,43
T3,2,0,89,16
T4,3,1,200,11
[248]
T1,0,1,38,11
T2,1,0,200,25
T3,2,1,116,2
T4,3,0,191,12
[249]
T1,0,0,200,2
T2,1,0,26,5
T3,2,1,86,6
T4,3,1,184,40
[250]
T1,0,0,126,41
T2,1,1,170,3
T3,2,0,200,2
T4,3,1,52,7
[251]
T1,0,1,169,4
T2,1,1,70,4
T3,2,0,42,5
T4,3,0,200,57
[252]
T1,0,0,200,24
T2,1,1,157,17
T3,2,0,121,2
T4,3,0,35,9
[253]
T1,0,1,116,10
T2,1,0,36,5
T3,2,0,200,18
T4,3,1,199,33
[254]
T1,0,0,98,2
T2,1,0,169,11
T3,2,0,36,3
T4,3,0,200,64
[255]
T1,0,0,32,1
T2,1,0,152,32
T3,2,0,145,6
T4,3,1,200,38
[256]
T1,0,0,200,15
T2,1,0,158,48
T3,2,1,53,2
T4,3,0,95,9
[257]
T1,0,0,158,3
T2,1,1,121,1
T3,2,1,200,3
T4,3,0,38,17
[258]
T1,0,0,169,20
T2,1,0,34,2
T3,2,1,200,13
T4,3,0,90,21
[259]
T1,0,1,44,1
T2,1,0,200,73
T3,2,1,179,5
T4,3,0,136,8
[260]
T1,0,0,48,5
T2,1,0,200,21
T3,2,0,105,7
T4,3,0,184,38
[261]
T1,0,0,26,5
T2,1,0,165,29
T3,2,1,200,5
T4,3,1,134,12
[262]
T1,0,0,174,8
T2,1,1,100,2
T3,2,0,200,2
T4,3,0,46,19
[263]
T1,0,0,198,14
T2,1,0,99,6
T3,2,0,200,54
T4,3,0,33,3
[264]
T1,0,0,174,6
T2,1,1,41,7
T3,2,1,200,32
T4,3,1,120,14
[265]
T1,0,0,115,2
T2,1,0,200,47
T3,2,0,181,10
T4,3,0,25,5
[266]
T1,0,1,157,5
T2,1,1,68,12
T3,2,1,200,43
T4,3,1,35,2
[267]
T1,0,1,69,5
T2,1,1,42,1
T3,2,1,193,55
T4,3,0,200,21
[268]
T1,0,0,27,5
T2,1,1,200,21
T3,2,0,161,10
T4,3,1,92,11
[269]
T1,0,1,108,12
T2,1,1,50,1
T3,2,0,156,13
T4,3,1,200,51
[270]
T1,0,0,21,2
T2,1,0,178,3
T3,2,1,200,5
T4,3,1,121,50
[271]
T1,0,1,23,1
T2,1,0,200,12
T3,2,0,185,32
T4,3,1,62,11
[272]
T1,0,0,159,24
T2,1,0,32,7
T3,2,1,138,9
T4,3,0,200,6
[273]
T1,0,0,170,16
T2,1,0,129,11
T3,2,0,49,3
T4,3,1,200,48
[274]
T1,0,1,200,9
T2,1,1,25,2
T3,2,0,151,14
T4,3,1,145,39
[275]
T1,0,1,195,24
T2,1,1,31,6
T3,2,0,130,8
T4,3,0,200,20
[276]
T1,0,1,200,8
T2,1,0,155,11
T3,2,1,26,8
T4,3,1,93,4
[277]
T1,0,0,188,14
T2,1,0,106,1
T3,2,1,47,10
T4,3,1,200,36
[278]
T1,0,0,122,2
T2,1,0,186,24
T3,2,1,200,48
T4,3,1,48,4
[279]
T1,0,1,142,21
T2,1,0,200,1
T3,2,1,37,6
T4,3,0,168,27
[280]
T1,0,1,85,32
T2,1,1,200,19
T3,2,0,40,2
T4,3,0,186,1
[281]
T1,0,1,168,6
T2,1,1,132,24
T3,2,0,41,5
T4,3,0,200,29
[282]
T1,0,1,193,47
T2,1,0,200,3
T3,2,0,20,1
T4,3,1,124,17
[283]
T1,0,1,25,5
T2,1,0,91,1
T3,2,1,177,24
T4,3,1,200,23
[284]
T1,0,0,198,11
T2,1,0,40,2
T3,2,1,200,27
T4,3,0,124,29
[285]
T1,0,1,190,59
T2,1,1,22,2
T3,2,1,60,1
T4,3,1,200,22
[286]
T1,0,1,200,22
T2,1,1,152,42
T3,2,1,44,3
T4,3,1,95,3
[287]
T1,0,0,26,2
T2,1,1,200,27
T3,2,0,162,51
T4,3,0,105,1
[288]
T1,0,1,69,3
T2,1,1,43,3
T3,2,1,168,16
T4,3,1,200,53
[289]
T1,0,0,200,41
T2,1,1,133,1
T3,2,0,28,2
T4,3,0,157,31
[290]
T1,0,1,44,5
T2,1,0,106,34
T3,2,1,157,7
T4,3,1,200,2
[291]
T1,0,0,200,5
T2,1,1,77,7
T3,2,1,196,40
T4,3,0,52,8
[292]
T1,0,0,99,3
T2,1,1,187,1
T3,2,0,44,16
T4,3,0,200,13
[293]
T1,0,1,200,20
T2,1,0,71,14
T3,2,0,152,25
T4,3,0,24,2
[294]
T1,0,0,200,50
T2,1,1,36,3
T3,2,0,141,1
T4,3,1,171,23
[295]
T1,0,0,183,2
T2,1,1,24,4
T3,2,0,200,24
T4,3,1,81,15
[296]
T1,0,1,141,7
T2,1,1,154,31
T3,2,0,40,4
T4,3,1,200,25
[297]
T1,0,0,149,24
T2,1,0,200,10
T3,2,1,63,14
T4,3,1,25,1
[298]
T1,0,1,108,8
T2,1,0,31,2
T3,2,0,172,23
T4,3,0,200,56
[299]
T1,0,0,150,20
T2,1,0,200,9
T3,2,1,128,39
T4,3,1,22,2
[300]
T1,0,1,42,5
T2,1,1,150,8
T3,2,1,75,22
T4,3,1,200,4
[301]
T1,0,0,149,17
T2,1,1,20,3
T3,2,1,112,13
T4,3,0,200,19
[302]
T1,0,0,64,2
T2,1,1,166,4
T3,2,0,200,74
T4,3,1,26,2
[303]
T1,0,1,196,56
T2,1,0,200,1
T3,2,1,85,11
T4,3,0,24,1
[304]
T1,0,1,200,25
T2,1,1,182,20
T3,2,0,107,14
T4,3,1,27,3
[305]
T1,0,0,50,2
T2,1,1,200,16
T3,2,1,134,19
T4,3,0,161,34
[306]
T1,0,0,185,15
T2,1,0,200,12
T3,2,1,31,8
T4,3,0,64,4
[307]
T1,0,0,200,44
T2,1,1,20,3
T3,2,1,77,2
T4,3,0,149,11
[308]
T1,0,1,200,10
T2,1,1,87,4
T3,2,0,34,12
T4,3,1,190,7
[309]
T1,0,0,38,5
T2,1,0,192,2
T3,2,1,200,37
T4,3,0,124,18
[310]
T1,0,1,189,53
T2,1,1,67,3
T3,2,1,200,16
T4,3,0,40,3
[311]
T1,0,0,43,2
T2,1,0,123,15
T3,2,0,200,70
T4,3,0,188,1
[312]
T1,0,1,92,30
T2,1,1,148,17
T3,2,1,31,2
T4,3,1,200,7
[313]
T1,0,1,125,2
T2,1,1,22,2
T3,2,0,200,15
T4,3,1,171,52
[314]
T1,0,1,166,36
T2,1,0,81,6
T3,2,1,29,2
T4,3,1,200,38
[315]
T1,0,0,162,3
T2,1,0,28,8
T3,2,0,75,6
T4,3,0,200,17
[316]
T1,0,0,200,29
T2,1,0,186,3
T3,2,1,83,25
T4,3,0,21,2
[317]
T1,0,1,29,1
T2,1,1,200,2
T3,2,0,146,57
T4,3,1,182,9
[318]
T1,0,0,194,2
T2,1,0,200,17
T3,2,1,27,10
T4,3,0,125,1
[319]
T1,0,0,48,2
T2,1,0,200,30
T3,2,1,159,15
T4,3,0,91,21
[320]
T1,0,1,120,29
T2,1,1,200,32
T3,2,1,185,3
T4,3,0,41,2
[321]
T1,0,1,32,7
T2,1,0,88,13
T3,2,0,196,12
T4,3,0,200,8
[322]
T1,0,0,200,12
T2,1,1,57,2
T3,2,0,167,22
T4,3,0,50,13
[323]
T1,0,0,200,7
T2,1,1,160,49
T3,2,0,100,6
T4,3,0,44,3
[324]
T1,0,0,128,31
T2,1,0,200,3
T3,2,1,197,11
T4,3,1,36,6
[325]
T1,0,0,82,13
T2,1,1,200,13
T3,2,1,30,2
T4,3,1,187,44
[326]
T1,0,1,175,1
T2,1,1,20,3
T3,2,0,200,26
T4,3,1,59,11
[327]
T1,0,1,186,26
T2,1,0,31,2
T3,2,0,200,10
T4,3,0,70,14
[328]
T1,0,0,192,27
T2,1,1,36,2
T3,2,1,200,38
T4,3,0,59,4
[329]
T1,0,1,200,19
T2,1,0,30,10
T3,2,1,183,3
T4,3,1,115,3
[330]
T1,0,0,178,37
T2,1,0,200,35
T3,2,1,46,2
T4,3,1,60,6
[331]
T1,0,1,48,10
T2,1,1,200,13
T3,2,0,69,11
T4,3,0,177,10
[332]
T1,0,0,170,6
T2,1,1,200,24
T3,2,0,40,1
T4,3,1,78,23
[333]
T1,0,0,116,17
T2,1,1,190,8
T3,2,1,200,41
T4,3,0,41,3
[334]
T1,0,0,88,9
T2,1,0,172,48
T3,2,0,200,2
T4,3,0,47,5
[335]
T1,0,1,42,20
T2,1,1,112,2
T3,2,0,200,2
T4,3,0,160,2
[336]
T1,0,0,200,10
T2,1,0,122,29
T3,2,0,31,2
T4,3,0,161,22
[337]
T1,0,0,179,13
T2,1,1,200,24
T3,2,1,40,4
T4,3,1,136,27
[338]
T1,0,0,133,7
T2,1,1,200,2
T3,2,0,39,9
T4,3,1,168,30
[339]
T1,0,0,164,45
T2,1,0,200,18
T3,2,0,133,16
T4,3,0,23,2
[340]
T1,0,1,164,7
T2,1,1,58,3
T3,2,1,22,1
T4,3,0,200,62
[341]
T1,0,0,111,10
T2,1,0,200,74
T3,2,0,173,4
T4,3,0,22,2
[342]
T1,0,0,148,44
T2,1,1,99,5
T3,2,0,200,20
T4,3,1,35,1
[343]
T1,0,0,153,52
T2,1,0,32,1
T3,2,1,200,5
T4,3,1,122,10
[344]
T1,0,0,200,61
T2,1,1,102,8
T3,2,1,28,2
T4,3,0,181,15
[345]
T1,0,1,119,12
T2,1,1,173,53
T3,2,1,54,2
T4,3,1,200,9
[346]
T1,0,0,21,2
T2,1,0,200,50
T3,2,0,99,10
T4,3,1,170,7
[347]
T1,0,1,38,1
T2,1,0,56,9
T3,2,0,169,12
T4,3,0,200,43
[348]
T1,0,0,57,2
T2,1,1,200,53
T3,2,0,34,5
T4,3,1,183,5
[349]
T1,0,0,98,20
T2,1,1,200,35
T3,2,0,38,3
T4,3,1,191,2
[350]
T1,0,1,191,12
T2,1,0,90,9
T3,2,0,38,2
T4,3,1,200,61
[351]
T1,0,0,129,10
T2,1,1,162,22
T3,2,1,28,4
T4,3,1,200,22
[352]
T1,0,1,159,39
T2,1,0,44,3
T3,2,0,200,3
T4,3,1,135,19
[353]
T1,0,0,43,5
T2,1,1,66,10
T3,2,0,200,9
T4,3,1,188,29
[354]
T1,0,1,144,2
T2,1,1,200,28
T3,2,1,52,8
T4,3,0,188,35
[355]
T1,0,0,48,3
T2,1,0,200,7
T3,2,1,173,21
T4,3,1,99,25
[356]
T1,0,0,153,1
T2,1,1,28,1
T3,2,1,83,25
T4,3,0,200,25
[357]
T1,0,1,200,52
T2,1,1,28,5
T3,2,0,166,5
T4,3,0,111,2
[358]
T1,0,1,23,2
T2,1,0,175,7
T3,2,0,200,1
T4,3,0,116,48
[359]
T1,0,0,200,5
T2,1,0,186,15
T3,2,1,41,8
T4,3,1,100,18
[360]
T1,0,0,194,47
T2,1,0,200,14
T3,2,0,23,2
T4,3,1,101,16
[361]
T1,0,1,63,3
T2,1,0,200,22
T3,2,0,35,5
T4,3,1,197,33
[362]
T1,0,0,196,72
T2,1,1,200,9
T3,2,1,85,3
T4,3,1,35,1
[363]
T1,0,1,155,16
T2,1,0,46,2
T3,2,1,200,28
T4,3,0,98,24
[364]
T1,0,1,23,2
T2,1,1,200,4
T3,2,0,161,22
T4,3,0,118,37
[365]
T1,0,1,200,16
T2,1,1,115,44
T3,2,0,171,1
T4,3,1,30,2
[366]
T1,0,0,67,5
T2,1,0,40,14
T3,2,0,200,6
T4,3,1,171,4
[367]
T1,0,1,36,2
T2,1,1,121,15
T3,2,0,200,60
T4,3,1,191,11
[368]
T1,0,1,200,43
T2,1,0,81,2
T3,2,1,24,3
T4,3,0,198,25
[369]
T1,0,1,30,1
T2,1,0,200,36
T3,2,1,159,4
T4,3,0,128,28
[370]
T1,0,1,125,26
T2,1,0,40,2
T3,2,0,200,31
T4,3,1,154,16
[371]
T1,0,0,200,20
T2,1,0,56,2
T3,2,0,37,6
T4,3,1,170,34
[372]
T1,0,1,200,1
T2,1,0,75,9
T3,2,0,38,5
T4,3,0,160,33
[373]
T1,0,0,200,25
T2,1,0,156,5
T3,2,0,34,11
T4,3,0,107,1
[374]
T1,0,0,200,22
T2,1,1,23,3
T3,2,1,88,19
T4,3,1,171,1
[375]
T1,0,0,150,1
T2,1,0,200,31
T3,2,0,116,13
T4,3,0,21,4
[376]
T1,0,1,191,57
T2,1,1,138,18
T3,2,1,26,2
T4,3,0,200,12
[377]
T1,0,0,103,2
T2,1,1,181,48
T3,2,1,200,21
T4,3,0,23,2
[378]
T1,0,0,200,6
T2,1,0,110,36
T3,2,1,28,1
T4,3,1,169,13
[379]
T1,0,0,166,45
T2,1,1,50,6
T3,2,1,95,6
T4,3,0,200,6
[380]
T1,0,1,149,11
T2,1,1,200,12
T3,2,1,77,1
T4,3,1,35,11
[381]
T1,0,0,33,4
T2,1,1,200,2
T3,2,0,175,39
T4,3,0,120,17
[382]
T1,0,0,174,22
T2,1,0,115,29
T3,2,0,200,19
T4,3,1,40,2
[383]
T1,0,0,200,10
T2,1,1,170,47
T3,2,0,115,2
T4,3,1,28,4
[384]
T1,0,1,200,20
T2,1,1,116,15
T3,2,1,25,3
T4,3,1,177,23
[385]
T1,0,1,45,6
T2,1,0,158,16
T3,2,0,114,12
T4,3,0,200,27
[386]
T1,0,1,70,1
T2,1,0,29,2
T3,2,1,188,43
T4,3,1,200,30
[387]
T1,0,1,196,65
T2,1,0,49,1
T3,2,1,61,4
T4,3,0,200,14
[388]
T1,0,0,61,5
T2,1,0,183,24
T3,2,0,200,10
T4,3,0,44,9
[389]
T1,0,1,200,42
T2,1,0,90,13
T3,2,1,176,1
T4,3,0,25,3
[390]
T1,0,1,50,4
T2,1,0,183,32
T3,2,1,200,23
T4,3,0,85,10
[391]
T1,0,1,52,3
T2,1,1,200,2
T3,2,1,198,17
T4,3,1,55,18
[392]
T1,0,1,52,3
T2,1,0,138,23
T3,2,0,200,16
T4,3,0,154,27
[393]
T1,0,0,196,36
T2,1,0,24,2
T3,2,0,200,33
T4,3,0,97,3
[394]
T1,0,1,160,9
T2,1,1,128,48
T3,2,1,40,2
T4,3,0,200,2
[395]
T1,0,1,200,3
T2,1,1,156,3
T3,2,1,77,1
T4,3,1,29,12
[396]
T1,0,0,200,2
T2,1,1,59,10
T3,2,0,27,1
T4,3,0,157,41
[397]
T1,0,0,141,2
T2,1,0,160,11
T3,2,0,41,1
T4,3,1,200,76
[398]
T1,0,1,52,7
T2,1,1,198,6
T3,2,0,200,32
T4,3,0,123,19
[399]
T1,0,1,182,20
T2,1,1,61,15
T3,2,1,200,18
T4,3,0,22,2
[400]
T1,0,0,34,4
T2,1,0,200,57
T3,2,0,177,15
T4,3,1,142,2
[401]
T1,0,1,83,22
T2,1,0,24,4
T3,2,1,200,2
T4,3,0,192,9
[402]
T1,0,1,200,21
T2,1,1,191,24
T3,2,0,130,27
T4,3,1,22,1
[403]
T1,0,1,21,2
T2,1,1,153,39
T3,2,0,81,13
T4,3,1,200,7
[404]
T1,0,0,51,14
T2,1,1,176,21
T3,2,1,100,1
T4,3,0,200,16
[405]
T1,0,1,117,8
T2,1,1,42,6
T3,2,0,180,20
T4,3,0,200,33
[406]
T1,0,0,200,6
T2,1,0,72,2
T3,2,0,40,5
T4,3,0,167,55
[407]
T1,0,0,178,2
T2,1,1,200,59
T3,2,1,35,5
T4,3,0,70,1
[408]
T1,0,0,200,42
T2,1,0,65,5
T3,2,1,37,6
T4,3,0,194,3
[409]
T1,0,1,103,14
T2,1,0,42,12
T3,2,1,198,2
T4,3,1,200,8
[410]
T1,0,0,200,31
T2,1,0,167,16
T3,2,1,103,4
T4,3,1,26,5
[411]
T1,0,1,46,1
T2,1,1,187,79
T3,2,1,113,1
T4,3,1,200,6
[412]
T1,0,0,200,1
T2,1,0,24,4
T3,2,1,144,14
T4,3,1,199,36
[413]
T1,0,0,200,33
T2,1,1,28,2
T3,2,0,184,53
T4,3,1,76,2
[414]
T1,0,0,22,1
T2,1,0,200,46
T3,2,1,189,24
T4,3,1,122,10
[415]
T1,0,1,36,8
T2,1,0,94,8
T3,2,1,154,21
T4,3,0,200,6
[416]
T1,0,1,67,2
T2,1,1,150,17
T3,2,0,42,8
T4,3,0,200,29
[417]
T1,0,1,112,15
T2,1,0,152,13
T3,2,0,200,54
T4,3,0,46,2
[418]
T1,0,0,119,3
T2,1,0,200,31
T3,2,0,176,7
T4,3,0,46,12
[419]
T1,0,1,89,20
T2,1,0,155,7
T3,2,0,200,1
T4,3,0,44,9
[420]
T1,0,1,84,12
T2,1,0,190,5
T3,2,0,200,26
T4,3,0,28,5
[421]
T1,0,1,200,15
T2,1,1,195,17
T3,2,1,43,2
T4,3,0,93,26
[422]
T1,0,0,200,11
T2,1,0,45,11
T3,2,1,101,12
T4,3,0,197,11
[423]
T1,0,0,200,22
T2,1,1,30,7
T3,2,0,147,5
T4,3,0,177,18
[424]
T1,0,0,44,10
T2,1,1,114,9
T3,2,1,183,24
T4,3,0,200,8
[425]
T1,0,0,26,3
T2,1,0,200,14
T3,2,1,67,10
T4,3,1,153,20
[426]
T1,0,1,200,7
T2,1,1,186,8
T3,2,1,124,51
T4,3,0,48,2
[427]
T1,0,1,38,3
T2,1,1,187,69
T3,2,0,142,5
T4,3,1,200,2
[428]
T1,0,0,51,1
T2,1,1,200,45
T3,2,1,172,35
T4,3,1,64,2
[429]
T1,0,1,150,40
T2,1,1,119,2
T3,2,1,200,36
T4,3,0,49,1
[430]
T1,0,0,87,17
T2,1,1,154,3
T3,2,1,200,6
T4,3,1,27,6
[431]
T1,0,1,200,25
T2,1,0,55,6
T3,2,0,32,6
T4,3,1,170,7
[432]
T1,0,0,200,41
T2,1,1,166,8
T3,2,0,58,4
T4,3,1,51,8
[433]
T1,0,0,172,7
T2,1,0,45,16
T3,2,1,200,9
T4,3,1,114,4
[434]
T1,0,1,200,2
T2,1,1,115,2
T3,2,0,21,9
T4,3,1,197,6
[435]
T1,0,1,96,7
T2,1,1,200,28
T3,2,1,46,11
T4,3,0,161,6
[436]
T1,0,1,140,18
T2,1,1,165,44
T3,2,1,200,2
T4,3,1,51,4
[437]
T1,0,1,96,15
T2,1,0,184,12
T3,2,1,52,1
T4,3,0,200,48
[438]
T1,0,0,52,6
T2,1,1,179,34
T3,2,1,101,4
T4,3,1,200,28
[439]
T1,0,1,47,6
T2,1,1,200,8
T3,2,0,155,24
T4,3,0,80,13
[440]
T1,0,0,200,10
T2,1,0,27,6
T3,2,0,167,16
T4,3,1,82,8
[441]
T1,0,0,20,3
T2,1,0,169,16
T3,2,0,62,13
T4,3,1,200,5
[442]
T1,0,1,200,58
T2,1,0,122,13
T3,2,0,179,14
T4,3,0,21,2
[443]
T1,0,1,200,49
T2,1,1,181,23
T3,2,1,106,11
T4,3,0,35,2
[444]
T1,0,0,190,29
T2,1,0,200,54
T3,2,1,100,2
T4,3,0,29,1
[445]
T1,0,0,184,57
T2,1,0,46,2
T3,2,1,86,9
T4,3,0,200,13
[446]
T1,0,0,56,20
T2,1,0,23,2
T3,2,1,200,10
T4,3,1,176,7
[447]
T1,0,1,141,2
T2,1,1,171,28
T3,2,0,36,1
T4,3,1,200,58
[448]
T1,0,1,23,1
T2,1,1,68,16
T3,2,1,173,5
T4,3,0,200,28
[449]
T1,0,1,167,9
T2,1,0,102,26
T3,2,1,21,2
T4,3,1,200,12
[450]
T1,0,0,200,11
T2,1,1,42,11
T3,2,1,150,12
T4,3,0,130,12
[451]
T1,0,0,31,1
T2,1,1,166,1
T3,2,0,135,2
T4,3,0,200,89
[452]
T1,0,0,114,9
T2,1,1,200,58
T3,2,0,181,5
T4,3,0,54,5
[453]
T1,0,1,51,2
T2,1,0,166,11
T3,2,0,93,6
T4,3,1,200,63
[454]
T1,0,1,24,5
T2,1,0,185,7
T3,2,1,200,26
T4,3,0,136,13
[455]
T1,0,0,78,8
T2,1,0,26,7
T3,2,1,200,13
T4,3,1,164,3
[456]
T1,0,0,188,1
T2,1,0,97,16
T3,2,1,200,24
T4,3,1,47,9
[457]
T1,0,1,162,17
T2,1,0,200,1
T3,2,1,68,2
T4,3,1,31,10
[458]
T1,0,1,39,2
T2,1,1,143,40
T3,2,0,200,11
T4,3,1,165,25
[459]
T1,0,1,200,1
T2,1,1,29,4
T3,2,1,100,26
T4,3,0,161,12
[460]
T1,0,0,104,10
T2,1,1,200,47
T3,2,0,53,6
T4,3,0,174,7
[461]
T1,0,1,97,17
T2,1,1,26,2
T3,2,0,200,23
T4,3,0,170,33
[462]
T1,0,1,42,2
T2,1,0,200,49
T3,2,0,89,13
T4,3,1,187,17
[463]
T1,0,1,200,14
T2,1,1,84,8
T3,2,1,188,26
T4,3,1,26,4
[464]
T1,0,0,40,7
T2,1,0,88,18
T3,2,0,183,11
T4,3,0,200,10
[465]
T1,0,0,189,59
T2,1,0,49,3
T3,2,1,73,8
T4,3,0,200,2
[466]
T1,0,0,24,3
T2,1,0,200,1
T3,2,0,179,37
T4,3,0,131,19
[467]
T1,0,0,115,2
T2,1,0,161,7
T3,2,0,24,6
T4,3,1,200,33
[468]
T1,0,0,132,1
T2,1,0,153,30
T3,2,0,33,1
T4,3,1,200,45
[469]
T1,0,0,44,2
T2,1,1,200,46
T3,2,1,145,5
T4,3,0,170,28
[470]
T1,0,1,148,2
T2,1,0,70,5
T3,2,1,200,35
T4,3,1,28,7
[471]
T1,0,1,139,21
T2,1,1,44,1
T3,2,0,200,56
T4,3,1,167,5
[472]
T1,0,0,175,8
T2,1,0,54,13
T3,2,0,73,10
T4,3,1,200,12
[473]
T1,0,1,176,1
T2,1,1,121,40
T3,2,0,200,8
T4,3,1,45,5
[474]
T1,0,1,200,65
T2,1,1,137,17
T3,2,0,152,3
T4,3,0,22,2
[475]
T1,0,0,22,1
T2,1,1,59,6
T3,2,1,200,26
T4,3,1,159,27
[476]
T1,0,1,191,7
T2,1,0,200,1
T3,2,0,36,9
T4,3,0,109,21
[477]
T1,0,1,143,16
T2,1,0,169,52
T3,2,1,34,1
T4,3,1,200,8
[478]
T1,0,0,200,24
T2,1,1,26,2
T3,2,0,149,5
T4,3,0,141,42
[479]
T1,0,0,143,3
T2,1,1,190,28
T3,2,0,38,6
T4,3,0,200,28
[480]
T1,0,1,114,15
T2,1,0,20,1
T3,2,0,179,50
T4,3,0,200,2
[481]
T1,0,0,192,23
T2,1,0,128,11
T3,2,1,200,13
T4,3,0,27,6
[482]
T1,0,1,200,37
T2,1,1,158,3
T3,2,1,97,26
T4,3,0,27,2
[483]
T1,0,0,200,42
T2,1,1,59,2
T3,2,1,155,2
T4,3,0,33,8
[484]
T1,0,0,200,8
T2,1,1,48,2
T3,2,0,103,5
T4,3,0,182,61
[485]
T1,0,1,27,1
T2,1,0,200,3
T3,2,1,188,10
T4,3,1,94,33
[486]
T1,0,0,164,9
T2,1,0,65,4
T3,2,1,26,3
T4,3,1,200,44
[487]
T1,0,1,200,10
T2,1,1,25,3
T3,2,1,169,8
T4,3,1,129,30
[488]
T1,0,1,49,8
T2,1,1,200,3
T3,2,0,154,22
T4,3,1,120,19
[489]
T1,0,1,52,15
T2,1,0,158,7
T3,2,1,200,17
T4,3,1,72,5
[490]
T1,0,1,44,11
T2,1,0,200,43
T3,2,0,136,2
T4,3,1,174,4
[491]
T1,0,0,192,47
T2,1,0,41,2
T3,2,0,126,21
T4,3,0,200,11
[492]
T1,0,0,53,7
T2,1,1,200,13
T3,2,0,91,25
T4,3,1,170,2
[493]
T1,0,1,193,30
T2,1,0,52,6
T3,2,0,200,17
T4,3,0,120,16
[494]
T1,0,1,152,6
T2,1,0,32,7
T3,2,0,200,21
T4,3,0,136,15
[495]
T1,0,0,39,4
T2,1,0,200,62
T3,2,0,154,3
T4,3,1,123,5
[496]
T1,0,0,69,2
T2,1,1,38,16
T3,2,0,174,2
T4,3,1,200,2
[497]
T1,0,0,42,15
T2,1,1,150,3
T3,2,1,200,13
T4,3,1,100,4
[498]
T1,0,1,61,1
T2,1,1,46,12
T3,2,1,200,34
T4,3,1,155,5
[499]
T1,0,1,200,49
T2,1,1,128,11
T3,2,1,188,20
T4,3,1,33,1
[500]
T1,0,1,20,4
T2,1,0,148,8
T3,2,0,64,2
T4,3,0,200,34
