num_task_per_taskset=4
num_taskset=500
//ID,Priority,Offset,Period,Execution Time
[1]
T1,0,1,35,2
T2,1,0,200,11
T3,2,1,181,18
T4,3,1,123,39
[2]
T1,0,1,27,8
T2,1,0,200,8
T3,2,0,179,15
T4,3,1,73,2
[3]
T1,0,1,192,7
T2,1,0,52,8
T3,2,1,200,52
T4,3,1,141,4
[4]
T1,0,1,133,20
T2,1,0,183,1
T3,2,0,22,2
T4,3,1,200,64
[5]
T1,0,1,200,2
T2,1,0,151,4
T3,2,0,85,27
T4,3,0,30,3
[6]
T1,0,0,38,7
T2,1,1,200,7
T3,2,0,116,17
T4,3,1,181,21
[7]
T1,0,0,121,4
T2,1,0,200,37
T3,2,0,172,14
T4,3,1,23,4
[8]
T1,0,0,200,4
T2,1,1,22,1
T3,2,1,59,7
T4,3,0,171,50
[9]
T1,0,1,110,9
T2,1,0,171,22
T3,2,1,200,20
T4,3,0,34,6
[10]
T1,0,0,79,2
T2,1,0,200,35
T3,2,1,172,4
T4,3,0,21,6
[11]
T1,0,0,23,3
T2,1,1,104,13
T3,2,1,182,23
T4,3,1,200,18
[12]
T1,0,0,67,9
T2,1,0,51,2
T3,2,1,175,33
T4,3,1,200,33
[13]
T1,0,1,111,9
T2,1,0,27,5
T3,2,1,151,5
T4,3,1,200,32
[14]
T1,0,1,200,43
T2,1,1,191,14
T3,2,1,30,3
T4,3,0,147,13
[15]
T1,0,1,154,6
T2,1,0,93,7
T3,2,1,20,6
T4,3,0,200,13
[16]
T1,0,1,200,31
T2,1,1,149,35
T3,2,0,20,2
T4,3,1,122,9
[17]
T1,0,1,181,14
T2,1,0,65,11
T3,2,1,200,11
T4,3,0,48,8
[18]
T1,0,1,200,27
T2,1,1,154,18
T3,2,1,20,1
T4,3,1,123,19
[19]
T1,0,1,192,12
T2,1,0,200,14
T3,2,0,26,6
T4,3,0,88,8
[20]
T1,0,0,200,18
T2,1,1,32,7
T3,2,0,176,3
T4,3,1,144,23
[21]
T1,0,1,123,13
T2,1,0,200,19
T3,2,1,35,5
T4,3,0,193,25
[22]
T1,0,0,21,2
T2,1,0,59,4
T3,2,1,148,21
T4,3,0,200,35
[23]
T1,0,1,193,6
T2,1,0,64,11
T3,2,0,200,9
T4,3,0,32,7
[24]
T1,0,1,200,7
T2,1,0,35,6
T3,2,0,110,14
T4,3,0,182,23
[25]
T1,0,0,200,16
T2,1,0,163,17
T3,2,0,126,38
T4,3,1,27,2
[26]
T1,0,0,116,5
T2,1,1,200,41
T3,2,0,164,2
T4,3,1,42,9
[27]
T1,0,0,200,34
T2,1,0,69,4
T3,2,1,174,27
T4,3,0,49,5
[28]
T1,0,0,39,2
T2,1,1,177,8
T3,2,0,200,28
T4,3,1,134,33
[29]
T1,0,0,120,9
T2,1,0,21,2
T3,2,0,177,28
T4,3,1,200,29
[30]
T1,0,0,126,45
T2,1,1,36,1
T3,2,1,200,1
T4,3,0,161,14
[31]
T1,0,1,200,8
T2,1,0,177,44
T3,2,1,127,21
T4,3,1,25,2
[32]
T1,0,0,52,2
T2,1,0,200,33
T3,2,1,156,4
T4,3,0,131,33
[33]
T1,0,1,200,13
T2,1,1,43,3
T3,2,0,115,28
T4,3,1,194,21
[34]
T1,0,0,57,2
T2,1,1,189,41
T3,2,1,48,4
T4,3,1,200,27
[35]
T1,0,1,42,10
T2,1,1,200,9
T3,2,1,185,6
T4,3,0,70,10
[36]
T1,0,1,200,17
T2,1,0,134,7
T3,2,0,41,2
T4,3,1,170,58
[37]
T1,0,0,36,9
T2,1,0,200,43
T3,2,0,185,2
T4,3,0,76,2
[38]
T1,0,0,200,39
T2,1,0,87,21
T3,2,1,176,4
T4,3,1,29,2
[39]
T1,0,0,39,5
T2,1,1,132,34
T3,2,0,158,10
T4,3,1,200,6
[40]
T1,0,0,37,4
T2,1,1,99,15
T3,2,1,200,9
T4,3,0,170,31
[41]
T1,0,1,200,8
T2,1,1,53,2
T3,2,0,172,15
T4,3,1,142,46
[42]
T1,0,0,45,1
T2,1,1,163,21
T3,2,1,80,5
T4,3,0,200,53
[43]
T1,0,1,111,5
T2,1,1,36,7
T3,2,0,182,37
T4,3,0,200,7
[44]
T1,0,0,126,42
T2,1,0,161,14
T3,2,1,21,2
T4,3,1,200,10
[45]
T1,0,1,192,9
T2,1,1,200,33
T3,2,0,137,19
T4,3,0,36,5
[46]
T1,0,0,58,3
T2,1,1,200,59
T3,2,0,166,6
T4,3,0,25,2
[47]
T1,0,1,135,17
T2,1,0,200,36
T3,2,1,149,10
T4,3,0,20,2
[48]
T1,0,1,72,4
T2,1,0,174,6
T3,2,0,200,15
T4,3,0,36,11
[49]
T1,0,1,200,30
T2,1,0,46,5
T3,2,1,116,22
T4,3,1,150,3
[50]
T1,0,1,176,36
T2,1,0,200,15
T3,2,0,88,3
T4,3,0,54,9
[51]
T1,0,1,96,9
T2,1,1,185,51
T3,2,0,200,9
T4,3,1,25,1
[52]
T1,0,0,159,2
T2,1,0,34,1
T3,2,1,123,29
T4,3,1,200,38
[53]
T1,0,1,90,5
T2,1,0,25,1
T3,2,1,200,9
T4,3,0,186,58
[54]
T1,0,0,100,18
T2,1,0,157,17
T3,2,1,24,3
T4,3,1,200,13
[55]
T1,0,1,200,29
T2,1,0,185,14
T3,2,0,36,4
T4,3,0,120,17
[56]
T1,0,1,23,1
T2,1,1,135,42
T3,2,1,200,3
T4,3,0,198,16
[57]
T1,0,1,35,2
T2,1,1,155,2
T3,2,0,200,1
T4,3,1,114,52
[58]
T1,0,0,73,10
T2,1,0,153,14
T3,2,0,20,3
T4,3,1,200,15
[59]
T1,0,1,47,5
T2,1,0,152,37
T3,2,1,200,26
T4,3,0,85,1
[60]
T1,0,1,171,33
T2,1,0,38,2
T3,2,0,124,12
T4,3,0,200,38
[61]
T1,0,1,151,45
T2,1,0,200,4
T3,2,0,67,7
T4,3,0,52,3
[62]
T1,0,1,160,34
T2,1,0,59,2
T3,2,0,39,5
T4,3,0,200,21
[63]
T1,0,0,200,11
T2,1,1,45,15
T3,2,1,187,4
T4,3,1,102,6
[64]
T1,0,0,200,16
T2,1,0,46,11
T3,2,0,115,7
T4,3,0,154,16
[65]
T1,0,0,54,5
T2,1,1,181,48
T3,2,1,87,7
T4,3,1,200,8
[66]
T1,0,0,200,42
T2,1,1,21,4
T3,2,1,134,2
T4,3,1,172,7
[67]
T1,0,1,34,2
T2,1,1,107,24
T3,2,1,192,29
T4,3,0,200,6
[68]
T1,0,0,49,1
T2,1,1,95,16
T3,2,0,195,37
T4,3,0,200,21
[69]
T1,0,0,200,25
T2,1,0,28,2
T3,2,1,81,18
T4,3,1,198,25
[70]
T1,0,0,156,12
T2,1,1,112,35
T3,2,0,200,6
T4,3,1,40,2
[71]
T1,0,0,159,2
T2,1,1,200,21
T3,2,1,35,4
T4,3,0,72,18
[72]
T1,0,0,133,24
T2,1,1,21,2
T3,2,1,200,2
T4,3,1,163,28
[73]
T1,0,1,160,47
T2,1,0,48,2
T3,2,1,71,9
T4,3,0,200,1
[74]
T1,0,0,200,24
T2,1,0,32,10
T3,2,0,177,2
T4,3,0,77,2
[75]
T1,0,0,39,2
T2,1,1,190,69
T3,2,1,200,2
T4,3,1,62,3
[76]
T1,0,1,171,1
T2,1,1,94,24
T3,2,0,46,6
T4,3,1,200,18
[77]
T1,0,1,155,4
T2,1,0,51,2
T3,2,1,78,9
T4,3,0,200,60
[78]
T1,0,0,200,48
T2,1,1,100,1
T3,2,1,190,10
T4,3,1,41,7
[79]
T1,0,1,31,6
T2,1,1,190,22
T3,2,1,200,29
T4,3,0,108,3
[80]
T1,0,0,64,16
T2,1,0,199,7
T3,2,1,200,26
T4,3,1,36,2
[81]
T1,0,1,97,11
T2,1,0,192,40
T3,2,1,200,29
T4,3,1,36,2
[82]
T1,0,1,95,9
T2,1,0,20,1
T3,2,1,200,48
T4,3,1,183,16
[83]
T1,0,0,200,5
T2,1,0,181,20
T3,2,1,134,38
T4,3,1,22,1
[84]
T1,0,0,200,44
T2,1,0,73,2
T3,2,0,22,5
T4,3,0,199,6
[85]
T1,0,0,149,4
T2,1,1,21,1
T3,2,1,77,20
T4,3,1,200,29
[86]
T1,0,1,170,12
T2,1,1,115,8
T3,2,1,43,12
T4,3,1,200,11
[87]
T1,0,0,132,2
T2,1,1,33,7
T3,2,1,200,49
T4,3,1,188,6
[88]
T1,0,1,27,9
T2,1,1,130,4
T3,2,1,183,16
T4,3,1,200,3
[89]
T1,0,1,172,2
T2,1,0,75,23
T3,2,0,48,6
T4,3,1,200,7
[90]
T1,0,1,30,2
T2,1,1,200,48
T3,2,0,167,10
T4,3,1,126,22
[91]
T1,0,1,200,7
T2,1,0,143,1
T3,2,1,170,36
T4,3,0,53,12
[92]
T1,0,0,52,3
T2,1,0,160,7
T3,2,1,121,40
T4,3,0,200,10
[93]
T1,0,1,200,24
T2,1,0,189,46
T3,2,0,20,2
T4,3,0,62,2
[94]
T1,0,1,200,1
T2,1,0,63,20
T3,2,1,176,12
T4,3,1,46,4
[95]
T1,0,0,23,2
T2,1,0,200,16
T3,2,0,160,2
T4,3,1,135,40
[96]
T1,0,1,109,29
T2,1,0,186,22
T3,2,1,200,9
T4,3,0,52,3
[97]
T1,0,0,28,3
T2,1,0,200,8
T3,2,1,168,37
T4,3,1,72,7
[98]
T1,0,1,146,30
T2,1,0,152,31
T3,2,0,200,4
T4,3,0,32,1
[99]
T1,0,0,24,6
T2,1,0,200,7
T3,2,1,128,15
T4,3,0,186,10
[100]
T1,0,0,200,24
T2,1,0,80,2
T3,2,0,43,4
T4,3,0,178,47
[101]
T1,0,0,148,11
T2,1,1,39,2
T3,2,0,118,26
T4,3,0,200,25
[102]
T1,0,1,146,34
T2,1,1,160,11
T3,2,1,35,5
T4,3,0,200,8
[103]
T1,0,0,140,30
T2,1,0,44,2
T3,2,0,197,13
T4,3,0,200,31
[104]
T1,0,1,52,6
T2,1,1,116,29
T3,2,0,200,11
T4,3,1,172,10
[105]
T1,0,1,61,5
T2,1,1,200,24
T3,2,0,156,39
T4,3,0,38,1
[106]
T1,0,0,200,34
T2,1,1,83,15
T3,2,0,47,2
T4,3,1,172,16
[107]
T1,0,1,21,1
T2,1,0,200,2
T3,2,1,96,38
T4,3,0,150,5
[108]
T1,0,1,200,7
T2,1,0,64,2
T3,2,1,45,18
T4,3,1,198,8
[109]
T1,0,1,183,34
T2,1,1,63,10
T3,2,1,40,2
T4,3,1,200,25
[110]
T1,0,0,48,2
T2,1,0,165,13
T3,2,0,200,42
T4,3,1,55,11
[111]
T1,0,1,135,12
T2,1,1,186,24
T3,2,1,21,4
T4,3,0,200,13
[112]
T1,0,0,124,31
T2,1,0,180,11
T3,2,0,200,20
T4,3,1,40,3
[113]
T1,0,0,180,20
T2,1,0,200,51
T3,2,1,39,3
T4,3,0,91,3
[114]
T1,0,1,200,71
T2,1,0,134,8
T3,2,0,174,5
T4,3,1,52,2
[115]
T1,0,0,62,15
T2,1,0,200,10
T3,2,0,46,6
T4,3,1,164,11
[116]
T1,0,1,200,1
T2,1,1,111,38
T3,2,0,167,19
T4,3,1,26,2
[117]
T1,0,1,174,38
T2,1,0,43,6
T3,2,0,66,3
T4,3,0,200,16
[118]
T1,0,0,21,2
T2,1,0,65,11
T3,2,1,157,46
T4,3,1,200,2
[119]
T1,0,0,44,9
T2,1,1,100,1
T3,2,0,176,17
T4,3,1,200,35
[120]
T1,0,0,43,2
T2,1,0,180,3
T3,2,0,75,7
T4,3,0,200,74
[121]
T1,0,1,44,3
T2,1,1,170,28
T3,2,0,200,18
T4,3,0,142,22
[122]
T1,0,1,200,39
T2,1,1,186,13
T3,2,0,32,6
T4,3,1,113,1
[123]
T1,0,1,148,16
T2,1,1,200,17
T3,2,1,127,25
T4,3,0,33,3
[124]
T1,0,1,164,49
T2,1,0,200,31
T3,2,1,30,2
T4,3,1,138,1
[125]
T1,0,0,49,10
T2,1,0,194,18
T3,2,1,200,28
T4,3,0,124,6
[126]
T1,0,1,105,24
T2,1,1,182,26
T3,2,0,200,3
T4,3,1,20,2
[127]
T1,0,1,171,11
T2,1,1,81,4
T3,2,1,40,3
T4,3,1,200,58
[128]
T1,0,1,155,2
T2,1,0,36,5
T3,2,1,59,2
T4,3,0,200,60
[129]
T1,0,0,163,40
T2,1,0,66,10
T3,2,0,200,11
T4,3,1,44,1
[130]
T1,0,1,197,14
T2,1,1,200,39
T3,2,1,44,6
T4,3,1,59,4
[131]
T1,0,0,34,3
T2,1,1,200,25
T3,2,0,133,11
T4,3,0,185,30
[132]
T1,0,0,111,19
T2,1,0,31,1
T3,2,1,200,30
T4,3,0,196,25
[133]
T1,0,1,52,3
T2,1,0,200,39
T3,2,1,72,3
T4,3,0,150,28
[134]
T1,0,1,200,13
T2,1,0,23,3
T3,2,0,61,2
T4,3,0,172,39
[135]
T1,0,1,42,3
T2,1,0,187,2
T3,2,1,141,4
T4,3,1,200,76
[136]
T1,0,1,200,4
T2,1,1,46,2
T3,2,0,177,64
T4,3,1,96,5
[137]
T1,0,1,169,5
T2,1,0,200,74
T3,2,1,52,2
T4,3,0,109,6
[138]
T1,0,0,131,3
T2,1,1,200,11
T3,2,1,164,33
T4,3,1,28,6
[139]
T1,0,0,200,46
T2,1,0,85,7
T3,2,1,38,3
T4,3,1,150,10
[140]
T1,0,0,151,37
T2,1,0,200,3
T3,2,1,102,1
T4,3,1,50,11
[141]
T1,0,0,133,7
T2,1,0,30,7
T3,2,0,196,22
T4,3,0,200,17
[142]
T1,0,1,165,4
T2,1,0,71,6
T3,2,0,52,2
T4,3,0,200,63
[143]
T1,0,1,198,21
T2,1,1,128,3
T3,2,1,52,7
T4,3,1,200,45
[144]
T1,0,1,137,8
T2,1,0,26,3
T3,2,1,176,40
T4,3,0,200,15
[145]
T1,0,0,45,5
T2,1,0,184,2
T3,2,0,200,24
T4,3,1,118,27
[146]
T1,0,1,200,5
T2,1,1,198,6
T3,2,0,78,23
T4,3,0,44,6
[147]
T1,0,1,148,20
T2,1,0,82,2
T3,2,1,200,20
T4,3,1,42,9
[148]
T1,0,0,28,1
T2,1,0,83,1
T3,2,1,156,31
T4,3,0,200,41
[149]
T1,0,1,112,5
T2,1,1,47,11
T3,2,1,200,26
T4,3,1,156,11
[150]
T1,0,0,20,2
T2,1,0,200,17
T3,2,0,112,19
T4,3,1,182,22
[151]
T1,0,1,53,9
T2,1,1,175,12
T3,2,1,118,28
T4,3,1,200,2
[152]
T1,0,1,57,7
T2,1,0,25,2
T3,2,0,166,38
T4,3,1,200,5
[153]
T1,0,0,192,24
T2,1,1,132,24
T3,2,1,200,21
T4,3,1,36,2
[154]
T1,0,0,44,2
T2,1,0,200,57
T3,2,1,155,10
T4,3,1,63,5
[155]
T1,0,0,200,9
T2,1,0,33,11
T3,2,0,152,9
T4,3,1,128,6
[156]
T1,0,1,27,2
T2,1,0,165,57
T3,2,0,200,9
T4,3,0,80,5
[157]
T1,0,0,25,4
T2,1,1,200,7
T3,2,0,161,19
T4,3,0,114,17
[158]
T1,0,1,200,28
T2,1,1,33,4
T3,2,1,184,22
T4,3,1,58,5
[159]
T1,0,1,200,67
T2,1,0,148,7
T3,2,1,33,2
T4,3,1,142,16
[160]
T1,0,0,129,7
T2,1,1,200,39
T3,2,0,50,9
T4,3,0,167,8
[161]
T1,0,0,200,9
T2,1,0,127,5
T3,2,1,23,3
T4,3,0,149,36
[162]
T1,0,0,48,4
T2,1,1,169,2
T3,2,0,81,2
T4,3,1,200,79
[163]
T1,0,0,154,56
T2,1,0,39,3
T3,2,0,200,5
T4,3,1,115,1
[164]
T1,0,0,124,9
T2,1,0,162,29
T3,2,0,200,29
T4,3,1,40,3
[165]
T1,0,1,110,3
T2,1,1,200,21
T3,2,1,25,7
T4,3,0,172,7
[166]
T1,0,0,194,4
T2,1,1,147,14
T3,2,0,41,2
T4,3,1,200,64
[167]
T1,0,0,112,11
T2,1,1,164,22
T3,2,0,200,9
T4,3,1,30,6
[168]
T1,0,0,172,18
T2,1,0,29,2
T3,2,0,127,32
T4,3,1,200,12
[169]
T1,0,0,116,7
T2,1,0,150,52
T3,2,1,42,1
T4,3,1,200,11
[170]
T1,0,0,200,14
T2,1,0,167,19
T3,2,0,27,3
T4,3,1,139,27
[171]
T1,0,1,49,2
T2,1,1,114,5
T3,2,0,200,20
T4,3,1,164,54
[172]
T1,0,0,32,2
T2,1,1,110,23
T3,2,0,198,45
T4,3,1,200,7
[173]
T1,0,0,48,1
T2,1,1,77,5
T3,2,0,159,19
T4,3,0,200,57
[174]
T1,0,1,138,1
T2,1,1,35,11
T3,2,0,169,27
T4,3,0,200,1
[175]
T1,0,0,197,42
T2,1,0,200,24
T3,2,1,134,7
T4,3,0,24,2
[176]
T1,0,0,194,8
T2,1,1,200,25
T3,2,1,101,8
T4,3,0,20,4
[177]
T1,0,1,181,22
T2,1,1,200,23
T3,2,1,26,4
T4,3,0,99,9
[178]
T1,0,0,126,4
T2,1,1,200,23
T3,2,1,30,4
T4,3,0,178,33
[179]
T1,0,0,27,1
T2,1,1,177,5
T3,2,0,130,47
T4,3,1,200,7
[180]
T1,0,1,118,4
T2,1,0,36,2
T3,2,1,185,68
T4,3,1,200,5
[181]
T1,0,0,25,1
T2,1,0,71,2
T3,2,1,196,5
T4,3,0,200,76
[182]
T1,0,0,200,32
T2,1,1,194,15
T3,2,1,142,34
T4,3,0,51,2
[183]
T1,0,0,124,32
T2,1,1,200,37
T3,2,0,42,1
T4,3,0,176,1
[184]
T1,0,0,165,3
T2,1,1,96,34
T3,2,1,200,13
T4,3,0,35,1
[185]
T1,0,1,200,39
T2,1,1,128,2
T3,2,1,27,6
T4,3,1,162,10
[186]
T1,0,1,104,2
T2,1,0,200,35
T3,2,0,49,11
T4,3,0,156,13
[187]
T1,0,1,162,68
T2,1,0,200,3
T3,2,1,79,1
T4,3,1,23,2
[188]
T1,0,1,102,2
T2,1,1,200,9
T3,2,0,20,2
T4,3,0,148,47
[189]
T1,0,0,38,7
T2,1,1,141,20
T3,2,0,200,23
T4,3,0,171,6
[190]
T1,0,0,88,6
T2,1,1,155,27
T3,2,0,200,29
T4,3,0,30,3
[191]
T1,0,1,175,6
T2,1,1,200,16
T3,2,1,147,37
T4,3,1,24,3
[192]
T1,0,0,98,5
T2,1,1,200,9
T3,2,1,183,55
T4,3,0,44,3
[193]
T1,0,0,57,4
T2,1,1,196,34
T3,2,0,200,33
T4,3,0,26,1
[194]
T1,0,1,113,13
T2,1,1,200,3
T3,2,1,45,2
T4,3,0,172,51
[195]
T1,0,0,58,6
T2,1,1,33,4
T3,2,0,198,13
T4,3,0,200,40
[196]
T1,0,0,158,32
T2,1,1,57,1
T3,2,0,200,6
T4,3,1,33,7
[197]
T1,0,1,95,9
T2,1,0,182,12
T3,2,0,200,57
T4,3,0,21,2
[198]
T1,0,1,27,2
T2,1,0,200,88
T3,2,0,161,4
T4,3,1,82,1
[199]
T1,0,0,192,41
T2,1,0,53,6
T3,2,0,55,4
T4,3,1,200,15
[200]
T1,0,0,94,13
T2,1,1,200,1
T3,2,1,194,25
T4,3,1,29,6
[201]
T1,0,0,21,4
T2,1,0,123,2
T3,2,1,200,29
T4,3,0,176,20
[202]
T1,0,1,71,2
T2,1,1,170,19
T3,2,1,200,4
T4,3,1,49,17
[203]
T1,0,0,200,28
T2,1,0,90,25
T3,2,0,177,3
T4,3,1,45,2
[204]
T1,0,0,95,27
T2,1,0,23,2
T3,2,0,200,25
T4,3,0,190,13
[205]
T1,0,0,156,19
T2,1,1,24,2
T3,2,0,59,15
T4,3,0,200,2
[206]
T1,0,0,52,2
T2,1,0,193,46
T3,2,1,200,45
T4,3,0,75,2
[207]
T1,0,0,127,41
T2,1,0,174,6
T3,2,0,42,1
T4,3,1,200,21
[208]
T1,0,1,200,23
T2,1,0,20,5
T3,2,1,140,1
T4,3,1,176,15
[209]
T1,0,1,159,23
T2,1,1,144,2
T3,2,1,34,1
T4,3,0,200,58
[210]
T1,0,0,158,9
T2,1,1,200,18
T3,2,0,62,3
T4,3,0,52,15
[211]
T1,0,1,30,7
T2,1,0,63,2
T3,2,0,200,34
T4,3,1,191,11
[212]
T1,0,1,151,5
T2,1,1,200,43
T3,2,1,104,4
T4,3,0,52,10
[213]
T1,0,0,30,2
T2,1,0,191,3
T3,2,1,200,45
T4,3,0,59,14
[214]
T1,0,1,145,1
T2,1,0,40,9
T3,2,0,200,16
T4,3,1,150,24
[215]
T1,0,1,189,24
T2,1,1,139,8
T3,2,0,20,5
T4,3,1,200,7
[216]
T1,0,0,93,25
T2,1,1,200,12
T3,2,0,164,25
T4,3,1,43,2
[217]
T1,0,1,51,15
T2,1,0,110,14
T3,2,0,200,4
T4,3,1,160,7
[218]
T1,0,1,120,17
T2,1,0,30,5
T3,2,0,182,20
T4,3,0,200,8
[219]
T1,0,0,200,36
T2,1,1,48,9
T3,2,1,130,5
T4,3,1,162,14
[220]
T1,0,0,21,2
T2,1,1,93,8
T3,2,0,200,17
T4,3,1,175,34
[221]
T1,0,1,21,2
T2,1,0,58,8
T3,2,1,184,5
T4,3,0,200,58
[222]
T1,0,0,200,1
T2,1,0,183,20
T3,2,1,81,7
T4,3,1,34,9
[223]
T1,0,0,22,2
T2,1,0,188,64
T3,2,0,200,16
T4,3,1,145,5
[224]
T1,0,0,174,21
T2,1,0,40,1
T3,2,0,200,50
T4,3,0,118,10
[225]
T1,0,1,79,6
T2,1,0,33,3
T3,2,1,190,9
T4,3,1,200,51
[226]
T1,0,1,200,32
T2,1,1,37,2
T3,2,0,136,30
T4,3,1,186,8
[227]
T1,0,1,200,17
T2,1,0,23,3
T3,2,1,151,28
T4,3,0,64,3
[228]
T1,0,0,26,6
T2,1,1,63,1
T3,2,0,194,34
T4,3,1,200,8
[229]
T1,0,1,27,7
T2,1,1,200,5
T3,2,1,119,20
T4,3,1,158,5
[230]
T1,0,0,35,6
T2,1,1,72,14
T3,2,0,151,16
T4,3,0,200,3
[231]
T1,0,0,190,14
T2,1,0,49,8
T3,2,0,200,5
T4,3,0,133,29
[232]
T1,0,1,25,1
T2,1,1,142,18
T3,2,1,158,32
T4,3,1,200,22
[233]
T1,0,1,58,18
T2,1,0,200,23
T3,2,0,157,2
T4,3,1,35,1
[234]
T1,0,0,176,36
T2,1,1,95,12
T3,2,1,200,6
T4,3,0,39,4
[235]
T1,0,0,152,13
T2,1,1,125,36
T3,2,0,27,2
T4,3,1,200,2
[236]
T1,0,1,181,22
T2,1,0,200,8
T3,2,1,24,1
T4,3,1,111,28
[237]
T1,0,1,24,2
T2,1,0,200,42
T3,2,0,162,25
T4,3,0,70,6
[238]
T1,0,0,200,35
T2,1,0,169,2
T3,2,1,136,28
T4,3,0,34,3
[239]
T1,0,1,146,2
T2,1,0,194,5
T3,2,1,34,6
T4,3,1,200,51
[240]
T1,0,0,27,2
T2,1,1,75,8
T3,2,0,200,31
T4,3,0,157,23
[241]
T1,0,0,200,3
T2,1,1,33,9
T3,2,1,94,1
T4,3,1,172,32
[242]
T1,0,1,200,7
T2,1,1,34,6
T3,2,0,67,2
T4,3,0,186,40
[243]
T1,0,0,192,9
T2,1,0,200,37
T3,2,1,41,6
T4,3,0,54,5
[244]
T1,0,1,94,17
T2,1,0,200,6
T3,2,0,34,8
T4,3,1,180,3
[245]
T1,0,0,200,20
T2,1,0,61,21
T3,2,1,186,1
T4,3,1,23,2
[246]
T1,0,0,192,30
T2,1,1,134,5
T3,2,0,200,19
T4,3,0,36,7
[247]
T1,0,0,75,22
T2,1,1,200,19
T3,2,0,54,4
T4,3,0,149,3
[248]
T1,0,0,200,38
T2,1,0,40,4
T3,2,1,125,9
T4,3,1,195,22
[249]
T1,0,1,192,67
T2,1,1,132,3
T3,2,1,200,13
T4,3,1,54,2
[250]
T1,0,0,200,22
T2,1,1,39,4
T3,2,1,91,11
T4,3,0,148,21
[251]
T1,0,1,200,6
T2,1,0,154,46
T3,2,0,103,13
T4,3,0,33,1
[252]
T1,0,0,42,5
T2,1,0,200,23
T3,2,0,166,23
T4,3,0,64,7
[253]
T1,0,1,52,4
T2,1,0,139,10
T3,2,1,200,41
T4,3,1,172,21
[254]
T1,0,0,176,45
T2,1,0,51,8
T3,2,0,200,7
T4,3,0,108,3
[255]
T1,0,0,52,5
T2,1,0,177,20
T3,2,1,128,24
T4,3,1,200,18
[256]
T1,0,1,89,11
T2,1,1,153,30
T3,2,0,200,11
T4,3,0,40,4
[257]
T1,0,0,200,6
T2,1,1,94,21
T3,2,1,34,4
T4,3,0,194,23
[258]
T1,0,0,97,10
T2,1,0,200,15
T3,2,1,35,3
T4,3,0,169,35
[259]
T1,0,1,200,54
T2,1,1,101,20
T3,2,1,180,1
T4,3,1,50,2
[260]
T1,0,0,200,7
T2,1,1,175,29
T3,2,1,46,8
T4,3,1,75,7
[261]
T1,0,1,189,17
T2,1,1,34,12
T3,2,0,62,2
T4,3,0,200,1
[262]
T1,0,0,96,31
T2,1,1,168,6
T3,2,0,200,2
T4,3,1,31,3
[263]
T1,0,0,117,4
T2,1,0,200,75
T3,2,0,40,3
T4,3,0,157,2
[264]
T1,0,0,45,2
T2,1,1,200,65
T3,2,0,82,8
T4,3,0,175,1
[265]
T1,0,1,200,6
T2,1,0,154,8
T3,2,0,31,8
T4,3,1,99,13
[266]
T1,0,1,200,2
T2,1,1,191,35
T3,2,0,48,4
T4,3,1,93,19
[267]
T1,0,1,132,15
T2,1,1,42,2
T3,2,1,165,1
T4,3,1,200,62
[268]
T1,0,0,168,17
T2,1,1,47,9
T3,2,0,63,9
T4,3,1,200,8
[269]
T1,0,0,171,2
T2,1,0,200,35
T3,2,1,39,9
T4,3,1,115,8
[270]
T1,0,1,82,11
T2,1,1,200,51
T3,2,1,38,2
T4,3,0,191,9
[271]
T1,0,1,167,11
T2,1,1,200,24
T3,2,0,90,7
T4,3,1,20,4
[272]
T1,0,1,161,45
T2,1,1,200,9
T3,2,0,147,12
T4,3,0,34,2
[273]
T1,0,1,180,52
T2,1,0,20,2
T3,2,0,200,37
T4,3,0,65,2
[274]
T1,0,0,141,2
T2,1,1,40,9
T3,2,0,187,22
T4,3,1,200,29
[275]
T1,0,1,200,63
T2,1,0,193,6
T3,2,0,34,2
T4,3,1,71,8
[276]
T1,0,1,21,6
T2,1,1,200,2
T3,2,1,178,5
T4,3,1,71,9
[277]
T1,0,1,168,31
T2,1,0,111,13
T3,2,1,53,2
T4,3,0,200,35
[278]
T1,0,1,200,69
T2,1,0,114,2
T3,2,0,28,1
T4,3,1,161,12
[279]
T1,0,1,123,4
T2,1,1,200,49
T3,2,0,28,5
T4,3,1,188,3
[280]
T1,0,0,140,21
T2,1,0,190,8
T3,2,0,200,54
T4,3,1,35,1
[281]
T1,0,1,200,1
T2,1,0,35,6
T3,2,0,158,41
T4,3,0,147,7
[282]
T1,0,0,68,2
T2,1,0,200,53
T3,2,1,160,18
T4,3,0,51,4
[283]
T1,0,1,160,2
T2,1,0,94,35
T3,2,0,200,4
T4,3,0,32,3
[284]
T1,0,0,23,5
T2,1,0,94,1
T3,2,1,188,9
T4,3,0,200,35
[285]
T1,0,0,192,13
T2,1,1,32,4
T3,2,0,143,23
T4,3,1,200,26
[286]
T1,0,1,200,30
T2,1,0,197,35
T3,2,0,114,8
T4,3,0,36,3
[287]
T1,0,0,156,2
T2,1,1,50,17
T3,2,0,200,18
T4,3,0,111,6
[288]
T1,0,0,33,6
T2,1,0,200,3
T3,2,1,55,4
T4,3,1,168,32
[289]
T1,0,1,168,25
T2,1,1,200,49
T3,2,0,123,4
T4,3,1,26,1
[290]
T1,0,0,200,32
T2,1,1,54,2
T3,2,1,197,54
T4,3,0,23,2
[291]
T1,0,0,38,3
T2,1,0,198,30
T3,2,1,144,26
T4,3,1,200,13
[292]
T1,0,1,46,4
T2,1,0,179,55
T3,2,0,200,17
T4,3,0,88,1
[293]
T1,0,1,200,20
T2,1,0,70,8
T3,2,1,20,2
T4,3,1,169,44
[294]
T1,0,1,200,16
T2,1,0,68,4
T3,2,0,36,4
T4,3,1,172,39
[295]
T1,0,0,178,28
T2,1,0,85,4
T3,2,1,23,3
T4,3,1,200,28
[296]
T1,0,1,200,4
T2,1,0,198,23
T3,2,1,126,27
T4,3,1,22,3
[297]
T1,0,0,32,11
T2,1,1,200,8
T3,2,1,73,4
T4,3,0,149,2
[298]
T1,0,1,67,2
T2,1,1,43,9
T3,2,1,166,13
T4,3,1,200,31
[299]
T1,0,0,200,3
T2,1,0,77,23
T3,2,1,31,3
T4,3,0,195,14
[300]
T1,0,0,51,8
T2,1,0,180,13
T3,2,1,107,25
T4,3,1,200,3
[301]
T1,0,1,200,37
T2,1,1,46,2
T3,2,0,108,2
T4,3,0,150,37
[302]
T1,0,1,90,7
T2,1,1,200,43
T3,2,0,198,6
T4,3,0,46,7
[303]
T1,0,0,126,11
T2,1,0,200,7
T3,2,0,150,11
T4,3,1,49,14
[304]
T1,0,1,44,8
T2,1,0,200,7
T3,2,1,87,7
T4,3,1,170,29
[305]
T1,0,1,200,3
T2,1,0,33,8
T3,2,0,166,16
T4,3,1,124,14
[306]
T1,0,0,112,6
T2,1,0,200,37
T3,2,1,48,11
T4,3,1,189,3
[307]
T1,0,0,200,2
T2,1,1,153,11
T3,2,1,42,8
T4,3,1,136,30
[308]
T1,0,0,123,21
T2,1,1,180,6
T3,2,1,42,2
T4,3,0,200,43
[309]
T1,0,0,140,38
T2,1,1,36,2
T3,2,1,200,13
T4,3,0,163,23
[310]
T1,0,1,118,12
T2,1,0,163,18
T3,2,1,200,17
T4,3,1,29,5
[311]
T1,0,1,182,4
T2,1,0,200,61
T3,2,0,28,1
T4,3,1,57,5
[312]
T1,0,1,196,6
T2,1,1,31,1
T3,2,0,200,79
T4,3,1,130,3
[313]
T1,0,1,186,37
T2,1,1,200,6
T3,2,0,48,6
T4,3,1,130,15
[314]
T1,0,0,200,8
T2,1,1,127,18
T3,2,0,197,1
T4,3,1,46,14
[315]
T1,0,1,25,7
T2,1,1,82,2
T3,2,0,164,16
T4,3,1,200,11
[316]
T1,0,1,139,44
T2,1,1,21,2
T3,2,1,150,20
T4,3,1,200,2
[317]
T1,0,1,72,6
T2,1,0,176,4
T3,2,0,31,2
T4,3,1,200,73
[318]
T1,0,1,28,1
T2,1,0,195,44
T3,2,1,132,18
T4,3,0,200,12
[319]
T1,0,1,200,36
T2,1,0,33,5
T3,2,1,196,26
T4,3,0,81,2
[320]
T1,0,0,162,12
T2,1,1,90,2
T3,2,0,50,2
T4,3,1,200,77
[321]
T1,0,0,39,9
T2,1,0,200,2
T3,2,1,143,3
T4,3,0,180,38
[322]
T1,0,0,186,4
T2,1,0,21,6
T3,2,0,96,1
T4,3,1,200,28
[323]
T1,0,0,48,3
T2,1,1,109,34
T3,2,1,183,20
T4,3,0,200,1
[324]
T1,0,1,76,9
T2,1,1,27,2
T3,2,1,158,19
T4,3,0,200,48
[325]
T1,0,1,21,2
T2,1,1,183,10
T3,2,1,200,57
T4,3,1,141,17
[326]
T1,0,0,200,61
T2,1,1,68,5
T3,2,0,197,8
T4,3,1,52,3
[327]
T1,0,1,200,4
T2,1,1,43,5
T3,2,0,147,28
T4,3,0,168,27
[328]
T1,0,1,199,4
T2,1,1,94,20
T3,2,1,200,32
T4,3,0,34,3
[329]
T1,0,0,200,3
T2,1,0,30,9
T3,2,1,85,5
T4,3,1,190,22
[330]
T1,0,1,24,2
T2,1,1,200,31
T3,2,1,187,45
T4,3,1,118,9
[331]
T1,0,1,200,4
T2,1,0,21,2
T3,2,1,153,27
T4,3,0,113,21
[332]
T1,0,0,189,19
T2,1,0,102,15
T3,2,1,200,11
T4,3,1,27,5
[333]
T1,0,1,31,2
T2,1,1,168,3
T3,2,0,200,15
T4,3,1,71,23
[334]
T1,0,0,169,54
T2,1,0,200,17
T3,2,1,94,7
T4,3,1,29,2
[335]
T1,0,0,135,43
T2,1,1,194,21
T3,2,1,27,1
T4,3,0,200,5
[336]
T1,0,0,200,58
T2,1,1,155,24
T3,2,0,29,2
T4,3,0,108,4
[337]
T1,0,0,69,6
T2,1,1,42,8
T3,2,1,165,27
T4,3,1,200,7
[338]
T1,0,0,161,21
T2,1,1,49,15
T3,2,0,106,1
T4,3,1,200,8
[339]
T1,0,0,118,31
T2,1,1,43,6
T3,2,1,194,2
T4,3,0,200,17
[340]
T1,0,0,175,18
T2,1,0,39,6
T3,2,0,200,38
T4,3,0,75,3
[341]
T1,0,0,86,5
T2,1,0,200,16
T3,2,1,167,40
T4,3,1,32,3
[342]
T1,0,1,40,3
T2,1,1,200,30
T3,2,0,66,2
T4,3,1,171,36
[343]
T1,0,1,154,34
T2,1,0,34,6
T3,2,0,73,3
T4,3,1,200,4
[344]
T1,0,0,20,4
T2,1,0,137,15
T3,2,0,188,25
T4,3,1,200,2
[345]
T1,0,1,200,44
T2,1,0,168,1
T3,2,0,80,1
T4,3,0,30,7
[346]
T1,0,0,40,2
T2,1,0,160,54
T3,2,1,200,27
T4,3,1,88,2
[347]
T1,0,1,26,4
T2,1,1,72,3
T3,2,1,200,18
T4,3,0,171,30
[348]
T1,0,0,200,6
T2,1,1,54,2
T3,2,0,53,3
T4,3,0,182,65
[349]
T1,0,0,181,47
T2,1,1,22,2
T3,2,1,81,15
T4,3,1,200,5
[350]
T1,0,1,144,8
T2,1,0,36,2
T3,2,1,193,73
T4,3,1,200,9
[351]
T1,0,1,200,52
T2,1,0,102,1
T3,2,0,162,27
T4,3,1,43,1
[352]
T1,0,1,58,2
T2,1,0,200,39
T3,2,0,29,4
T4,3,0,186,17
[353]
T1,0,0,40,8
T2,1,0,200,35
T3,2,1,188,21
T4,3,1,100,2
[354]
T1,0,0,118,1
T2,1,1,30,2
T3,2,1,155,49
T4,3,1,200,32
[355]
T1,0,1,102,6
T2,1,1,175,21
T3,2,0,200,10
T4,3,0,24,6
[356]
T1,0,0,200,69
T2,1,1,149,1
T3,2,0,55,2
T4,3,0,30,2
[357]
T1,0,0,198,6
T2,1,1,101,12
T3,2,1,32,1
T4,3,0,200,58
[358]
T1,0,0,44,2
T2,1,0,125,5
T3,2,1,200,2
T4,3,1,166,70
[359]
T1,0,0,27,2
T2,1,0,60,2
T3,2,1,179,38
T4,3,0,200,28
[360]
T1,0,0,48,10
T2,1,1,89,11
T3,2,0,153,2
T4,3,1,200,29
[361]
T1,0,1,95,6
T2,1,1,31,1
T3,2,0,194,2
T4,3,0,200,77
[362]
T1,0,1,200,4
T2,1,1,140,25
T3,2,1,45,3
T4,3,1,162,34
[363]
T1,0,1,103,9
T2,1,1,25,3
T3,2,1,169,36
T4,3,1,200,9
[364]
T1,0,1,66,6
T2,1,1,200,46
T3,2,0,28,4
T4,3,0,198,2
[365]
T1,0,0,185,56
T2,1,1,52,2
T3,2,1,137,5
T4,3,1,200,21
[366]
T1,0,0,20,4
T2,1,0,91,19
T3,2,0,200,4
T4,3,1,159,5
[367]
T1,0,1,168,43
T2,1,1,124,5
T3,2,0,43,2
T4,3,0,200,25
[368]
T1,0,0,48,1
T2,1,0,54,12
T3,2,1,200,40
T4,3,0,155,4
[369]
T1,0,0,117,36
T2,1,1,200,9
T3,2,1,41,2
T4,3,1,160,20
[370]
T1,0,1,58,2
T2,1,0,200,54
T3,2,0,159,10
T4,3,0,48,7
[371]
T1,0,1,49,5
T2,1,0,119,20
T3,2,0,200,10
T4,3,1,180,28
[372]
T1,0,0,34,2
T2,1,0,68,15
T3,2,0,169,33
T4,3,1,200,3
[373]
T1,0,0,196,37
T2,1,0,200,46
T3,2,0,25,2
T4,3,0,137,8
[374]
T1,0,1,200,43
T2,1,1,42,8
T3,2,1,82,3
T4,3,1,164,8
[375]
T1,0,0,200,46
T2,1,0,125,3
T3,2,1,167,28
T4,3,1,22,1
[376]
T1,0,1,107,2
T2,1,1,200,68
T3,2,0,169,2
T4,3,1,34,4
[377]
T1,0,0,96,20
T2,1,0,200,4
T3,2,0,165,22
T4,3,1,40,5
[378]
T1,0,0,32,7
T2,1,0,200,32
T3,2,0,75,4
T4,3,1,194,9
[379]
T1,0,1,188,3
T2,1,0,43,10
T3,2,1,200,18
T4,3,0,89,13
[380]
T1,0,1,200,4
T2,1,1,184,11
T3,2,1,121,1
T4,3,0,43,17
[381]
T1,0,0,51,11
T2,1,0,200,18
T3,2,1,178,18
T4,3,1,147,11
[382]
T1,0,0,102,15
T2,1,0,200,21
T3,2,0,32,2
T4,3,1,183,38
[383]
T1,0,0,128,26
T2,1,1,179,27
T3,2,1,200,16
T4,3,0,40,2
[384]
T1,0,1,178,13
T2,1,1,200,21
T3,2,1,52,12
T4,3,0,65,5
[385]
T1,0,1,40,2
T2,1,1,78,10
T3,2,0,200,46
T4,3,1,175,20
[386]
T1,0,0,143,40
T2,1,0,200,9
T3,2,1,29,2
T4,3,1,148,21
[387]
T1,0,1,52,9
T2,1,0,200,28
T3,2,1,187,5
T4,3,1,147,21
[388]
T1,0,1,126,6
T2,1,1,40,12
T3,2,0,200,11
T4,3,0,172,13
[389]
T1,0,0,150,1
T2,1,1,27,1
T3,2,0,140,43
T4,3,0,200,23
[390]
T1,0,1,150,5
T2,1,1,132,1
T3,2,0,200,29
T4,3,0,46,14
[391]
T1,0,1,170,62
T2,1,0,52,2
T3,2,1,128,13
T4,3,0,200,3
[392]
T1,0,0,48,5
T2,1,0,200,52
T3,2,0,62,5
T4,3,0,154,3
[393]
T1,0,0,34,2
T2,1,0,67,5
T3,2,1,180,33
T4,3,0,200,33
[394]
T1,0,1,113,23
T2,1,0,182,5
T3,2,0,200,8
T4,3,1,27,6
[395]
T1,0,0,114,4
T2,1,0,200,8
T3,2,0,190,47
T4,3,0,23,4
[396]
T1,0,1,123,15
T2,1,0,40,3
T3,2,0,153,22
T4,3,1,200,28
[397]
T1,0,0,67,2
T2,1,1,200,47
T3,2,0,185,36
T4,3,0,47,1
[398]
T1,0,0,200,20
T2,1,1,184,33
T3,2,1,31,1
T4,3,1,85,13
[399]
T1,0,1,36,2
T2,1,0,200,11
T3,2,0,186,32
T4,3,0,103,20
[400]
T1,0,0,200,39
T2,1,1,187,8
T3,2,0,26,4
T4,3,1,71,7
[401]
T1,0,1,47,15
T2,1,1,132,2
T3,2,1,190,3
T4,3,0,200,29
[402]
T1,0,0,184,31
T2,1,0,116,26
T3,2,0,47,2
T4,3,1,200,17
[403]
T1,0,0,34,2
T2,1,0,182,13
T3,2,1,64,13
T4,3,0,200,40
[404]
T1,0,1,152,5
T2,1,0,200,11
T3,2,0,22,6
T4,3,0,73,7
[405]
T1,0,1,156,2
T2,1,1,200,5
T3,2,0,122,12
T4,3,0,50,18
[406]
T1,0,0,30,5
T2,1,1,200,24
T3,2,1,87,6
T4,3,1,170,20
[407]
T1,0,0,122,5
T2,1,1,200,60
T3,2,0,49,6
T4,3,0,172,3
[408]
T1,0,1,105,23
T2,1,0,200,17
T3,2,0,26,3
T4,3,0,173,7
[409]
T1,0,0,141,6
T2,1,1,200,19
T3,2,0,169,48
T4,3,0,27,1
[410]
T1,0,0,31,3
T2,1,1,109,17
T3,2,1,200,15
T4,3,1,176,26
[411]
T1,0,1,67,1
T2,1,0,200,10
T3,2,1,28,7
T4,3,0,180,25
[412]
T1,0,1,174,8
T2,1,1,27,6
T3,2,1,101,2
T4,3,1,200,44
[413]
T1,0,1,169,3
T2,1,1,29,2
T3,2,1,200,48
T4,3,0,104,22
[414]
T1,0,0,192,38
T2,1,0,26,6
T3,2,1,107,6
T4,3,1,200,2
[415]
T1,0,1,68,13
T2,1,0,45,7
T3,2,0,200,13
T4,3,1,198,11
[416]
T1,0,0,200,10
T2,1,0,107,4
T3,2,1,45,1
T4,3,0,172,62
[417]
T1,0,0,190,8
T2,1,1,200,23
T3,2,1,71,18
T4,3,1,31,2
[418]
T1,0,0,34,4
T2,1,0,200,46
T3,2,1,60,2
T4,3,0,172,19
[419]
T1,0,0,21,1
T2,1,0,200,14
T3,2,0,172,10
T4,3,1,86,25
[420]
T1,0,0,35,2
T2,1,0,71,1
T3,2,1,200,21
T4,3,0,179,51
[421]
T1,0,1,200,48
T2,1,0,21,2
T3,2,0,73,9
T4,3,1,163,13
[422]
T1,0,0,22,2
T2,1,1,200,2
T3,2,1,115,7
T4,3,1,153,45
[423]
T1,0,0,100,28
T2,1,1,200,8
T3,2,0,26,1
T4,3,0,170,22
[424]
T1,0,0,103,10
T2,1,1,200,51
T3,2,1,22,2
T4,3,1,153,7
[425]
T1,0,1,106,5
T2,1,0,22,7
T3,2,0,149,4
T4,3,1,200,17
[426]
T1,0,0,99,5
T2,1,0,51,16
T3,2,1,188,21
T4,3,0,200,2
[427]
T1,0,0,25,3
T2,1,0,94,11
T3,2,0,162,25
T4,3,1,200,14
[428]
T1,0,0,52,14
T2,1,0,135,2
T3,2,0,165,16
T4,3,0,200,21
[429]
T1,0,0,167,13
T2,1,0,200,49
T3,2,1,40,6
T4,3,1,126,1
[430]
T1,0,1,147,49
T2,1,1,200,9
T3,2,0,119,2
T4,3,0,27,2
[431]
T1,0,1,179,41
T2,1,1,200,17
T3,2,0,142,10
T4,3,0,32,3
[432]
T1,0,0,113,17
T2,1,0,200,12
T3,2,1,40,3
T4,3,1,149,29
[433]
T1,0,1,26,2
T2,1,0,158,42
T3,2,1,200,33
T4,3,1,139,8
[434]
T1,0,1,45,2
T2,1,1,147,16
T3,2,1,200,43
T4,3,1,185,28
[435]
T1,0,0,42,2
T2,1,1,85,5
T3,2,0,200,19
T4,3,0,174,47
[436]
T1,0,0,169,9
T2,1,1,21,5
T3,2,0,200,22
T4,3,1,124,5
[437]
T1,0,0,192,27
T2,1,0,22,3
T3,2,1,102,1
T4,3,0,200,32
[438]
T1,0,0,103,27
T2,1,0,45,2
T3,2,1,170,12
T4,3,1,200,21
[439]
T1,0,0,48,2
T2,1,1,200,28
T3,2,1,167,33
T4,3,0,127,17
[440]
T1,0,0,200,41
T2,1,1,50,1
T3,2,1,174,30
T4,3,0,65,5
[441]
T1,0,1,200,13
T2,1,0,168,9
T3,2,1,96,29
T4,3,0,25,1
[442]
T1,0,1,90,2
T2,1,1,177,7
T3,2,0,200,73
T4,3,1,51,3
[443]
T1,0,1,39,3
T2,1,1,152,6
T3,2,0,200,3
T4,3,1,89,31
[444]
T1,0,1,40,1
T2,1,1,86,3
T3,2,1,200,54
T4,3,1,180,27
[445]
T1,0,0,79,17
T2,1,1,179,7
T3,2,1,50,5
T4,3,0,200,26
[446]
T1,0,0,133,2
T2,1,1,44,2
T3,2,0,200,1
T4,3,0,168,71
[447]
T1,0,1,20,8
T2,1,0,86,1
T3,2,0,170,2
T4,3,1,200,9
[448]
T1,0,1,91,12
T2,1,1,200,4
T3,2,0,24,4
T4,3,0,159,26
[449]
T1,0,1,200,2
T2,1,0,123,16
T3,2,0,197,4
T4,3,0,22,7
[450]
T1,0,0,189,14
T2,1,1,49,2
T3,2,0,122,39
T4,3,1,200,16
[451]
T1,0,1,131,34
T2,1,0,45,6
T3,2,0,200,3
T4,3,1,174,11
[452]
T1,0,1,35,1
T2,1,0,77,5
T3,2,1,200,7
T4,3,1,180,64
[453]
T1,0,0,200,64
T2,1,0,25,1
T3,2,0,109,12
T4,3,1,172,3
[454]
T1,0,1,171,2
T2,1,0,48,9
T3,2,0,200,11
T4,3,0,94,23
[455]
T1,0,0,149,24
T2,1,0,22,3
T3,2,1,56,7
T4,3,0,200,6
[456]
T1,0,0,38,1
T2,1,1,198,2
T3,2,0,200,85
T4,3,0,130,1
[457]
T1,0,1,49,2
T2,1,0,166,21
T3,2,0,69,24
T4,3,1,200,2
[458]
T1,0,1,189,40
T2,1,1,141,1
T3,2,0,200,11
T4,3,0,49,10
[459]
T1,0,1,40,2
T2,1,1,173,57
T3,2,1,200,15
T4,3,0,62,1
[460]
T1,0,0,200,31
T2,1,0,41,5
T3,2,0,168,8
T4,3,1,88,14
[461]
T1,0,1,54,8
T2,1,1,137,2
T3,2,1,167,36
T4,3,0,200,23
[462]
T1,0,1,34,2
T2,1,1,158,39
T3,2,0,200,1
T4,3,0,124,21
[463]
T1,0,0,200,2
T2,1,0,119,19
T3,2,0,193,6
T4,3,0,34,9
[464]
T1,0,0,200,1
T2,1,0,175,29
T3,2,1,34,3
T4,3,1,121,25
[465]
T1,0,1,51,6
T2,1,1,187,3
T3,2,0,200,13
T4,3,1,117,34
[466]
T1,0,1,38,12
T2,1,1,178,5
T3,2,1,142,11
T4,3,1,200,9
[467]
T1,0,0,200,16
T2,1,1,56,2
T3,2,0,184,67
T4,3,1,26,1
[468]
T1,0,1,27,2
T2,1,1,68,22
T3,2,0,200,4
T4,3,1,174,7
[469]
T1,0,1,143,47
T2,1,1,162,17
T3,2,0,37,1
T4,3,0,200,6
[470]
T1,0,1,59,4
T2,1,0,42,5
T3,2,1,200,14
T4,3,0,163,33
[471]
T1,0,0,119,17
T2,1,1,42,2
T3,2,0,188,52
T4,3,1,200,2
[472]
T1,0,0,44,4
T2,1,0,153,37
T3,2,1,105,15
T4,3,0,200,2
[473]
T1,0,1,38,4
T2,1,1,200,15
T3,2,0,135,38
T4,3,0,174,4
[474]
T1,0,0,55,2
T2,1,0,23,4
T3,2,1,200,55
T4,3,0,187,2
[475]
T1,0,1,200,7
T2,1,0,40,11
T3,2,1,195,29
T4,3,1,135,4
[476]
T1,0,0,51,2
T2,1,1,60,20
T3,2,0,195,5
T4,3,0,200,16
[477]
T1,0,1,200,4
T2,1,0,161,6
T3,2,1,56,7
T4,3,1,34,10
[478]
T1,0,1,200,48
T2,1,1,178,7
T3,2,0,35,4
T4,3,0,66,5
[479]
T1,0,1,200,33
T2,1,0,164,44
T3,2,0,131,3
T4,3,0,53,1
[480]
T1,0,0,163,39
T2,1,0,28,2
T3,2,0,200,36
T4,3,1,125,6
[481]
T1,0,0,35,10
T2,1,1,200,2
T3,2,1,169,15
T4,3,1,139,13
[482]
T1,0,0,200,49
T2,1,0,157,29
T3,2,0,26,1
T4,3,1,118,2
[483]
T1,0,0,200,12
T2,1,0,169,2
T3,2,1,61,16
T4,3,1,30,5
[484]
T1,0,1,200,69
T2,1,0,191,24
T3,2,1,127,2
T4,3,0,32,2
[485]
T1,0,1,63,1
T2,1,0,200,37
T3,2,0,196,48
T4,3,0,51,1
[486]
T1,0,0,200,55
T2,1,1,140,5
T3,2,1,24,1
T4,3,0,180,24
[487]
T1,0,0,117,34
T2,1,0,200,3
T3,2,1,150,15
T4,3,1,32,2
[488]
T1,0,0,133,20
T2,1,0,182,26
T3,2,0,200,2
T4,3,0,36,7
[489]
T1,0,0,76,16
T2,1,1,198,53
T3,2,0,26,2
T4,3,1,200,1
[490]
T1,0,0,185,63
T2,1,0,105,2
T3,2,0,200,12
T4,3,1,30,2
[491]
T1,0,1,44,1
T2,1,1,59,9
T3,2,1,148,22
T4,3,0,200,33
[492]
T1,0,1,196,28
T2,1,1,67,10
T3,2,0,29,2
T4,3,0,200,38
[493]
T1,0,0,200,51
T2,1,1,153,3
T3,2,1,31,3
T4,3,0,121,13
[494]
T1,0,1,200,20
T2,1,0,39,13
T3,2,1,92,3
T4,3,0,160,3
[495]
T1,0,0,200,17
T2,1,1,157,31
T3,2,0,95,15
T4,3,1,20,2
[496]
T1,0,0,47,2
T2,1,0,200,26
T3,2,1,156,34
T4,3,0,54,4
[497]
T1,0,0,40,2
T2,1,1,200,24
T3,2,0,55,8
T4,3,0,190,39
[498]
T1,0,1,151,9
T2,1,1,200,19
T3,2,0,32,6
T4,3,1,124,17
[499]
T1,0,0,106,7
T2,1,1,200,37
T3,2,0,166,15
T4,3,1,24,3
[500]
T1,0,0,200,33
T2,1,1,165,27
T3,2,1,112,7
T4,3,1,48,4
