num_task_per_taskset=4
num_taskset=500
//ID,Priority,Offset,Period,Execution Time
[1]
T1,0,0,82,2
T2,1,0,171,3
T3,2,0,200,81
T4,3,1,45,6
[2]
T1,0,0,200,5
T2,1,1,21,1
T3,2,1,196,50
T4,3,0,60,14
[3]
T1,0,0,64,3
T2,1,1,174,16
T3,2,1,200,50
T4,3,0,51,10
[4]
T1,0,1,200,55
T2,1,0,178,10
T3,2,1,28,6
T4,3,0,62,1
[5]
T1,0,1,200,25
T2,1,1,130,3
T3,2,0,41,12
T4,3,0,156,20
[6]
T1,0,1,134,51
T2,1,1,200,25
T3,2,0,33,2
T4,3,0,195,11
[7]
T1,0,1,72,7
T2,1,0,166,16
T3,2,1,200,28
T4,3,0,45,11
[8]
T1,0,0,127,25
T2,1,1,48,9
T3,2,0,196,19
T4,3,0,200,19
[9]
T1,0,1,79,1
T2,1,0,158,72
T3,2,1,200,17
T4,3,0,53,1
[10]
T1,0,1,44,4
T2,1,1,105,2
T3,2,0,192,88
T4,3,1,200,2
[11]
T1,0,1,198,57
T2,1,0,90,2
T3,2,1,52,4
T4,3,0,200,43
[12]
T1,0,1,24,2
T2,1,1,148,40
T3,2,0,64,14
T4,3,1,200,12
[13]
T1,0,0,200,5
T2,1,1,69,36
T3,2,0,28,2
T4,3,0,151,2
[14]
T1,0,1,200,39
T2,1,1,195,32
T3,2,1,123,18
T4,3,1,23,1
[15]
T1,0,0,30,2
T2,1,1,153,17
T3,2,0,97,3
T4,3,1,200,72
[16]
T1,0,0,158,17
T2,1,0,37,1
T3,2,1,200,47
T4,3,1,142,27
[17]
T1,0,1,36,1
T2,1,1,98,39
T3,2,1,189,3
T4,3,0,200,29
[18]
T1,0,0,27,6
T2,1,1,184,1
T3,2,1,200,47
T4,3,0,106,12
[19]
T1,0,1,200,6
T2,1,0,150,71
T3,2,0,22,2
T4,3,0,114,9
[20]
T1,0,1,50,17
T2,1,0,168,19
T3,2,1,200,24
T4,3,0,115,1
[21]
T1,0,0,26,1
T2,1,0,119,10
T3,2,1,200,73
T4,3,0,194,14
[22]
T1,0,0,200,13
T2,1,0,168,19
T3,2,0,26,8
T4,3,1,112,9
[23]
T1,0,0,52,1
T2,1,0,200,65
T3,2,0,176,28
T4,3,1,117,9
[24]
T1,0,0,40,2
T2,1,1,64,5
T3,2,0,200,17
T4,3,0,199,82
[25]
T1,0,1,162,82
T2,1,1,102,2
T3,2,0,200,1
T4,3,1,21,1
[26]
T1,0,1,160,27
T2,1,0,33,6
T3,2,1,97,5
T4,3,1,200,38
[27]
T1,0,1,38,6
T2,1,1,192,62
T3,2,1,200,5
T4,3,1,138,12
[28]
T1,0,1,86,33
T2,1,0,24,1
T3,2,0,200,11
T4,3,0,148,12
[29]
T1,0,1,200,29
T2,1,0,193,69
T3,2,1,50,2
T4,3,0,130,11
[30]
T1,0,1,23,5
T2,1,0,197,39
T3,2,0,135,7
T4,3,0,200,19
[31]
T1,0,0,76,19
T2,1,1,39,4
T3,2,0,200,33
T4,3,0,154,11
[32]
T1,0,0,101,34
T2,1,0,49,7
T3,2,1,192,9
T4,3,0,200,11
[33]
T1,0,1,35,3
T2,1,0,162,1
T3,2,1,200,65
T4,3,1,117,17
[34]
T1,0,1,129,25
T2,1,1,200,67
T3,2,1,44,2
T4,3,1,166,2
[35]
T1,0,1,200,82
T2,1,1,24,1
T3,2,1,116,7
T4,3,0,199,9
[36]
T1,0,1,36,4
T2,1,1,151,27
T3,2,1,200,16
T4,3,1,84,18
[37]
T1,0,0,48,2
T2,1,0,127,45
T3,2,1,200,31
T4,3,1,186,14
[38]
T1,0,0,114,33
T2,1,0,200,16
T3,2,1,169,34
T4,3,0,45,2
[39]
T1,0,1,115,12
T2,1,0,200,5
T3,2,1,34,13
T4,3,1,198,15
[40]
T1,0,0,45,15
T2,1,0,190,11
T3,2,1,90,12
T4,3,1,200,13
[41]
T1,0,0,150,11
T2,1,1,137,45
T3,2,0,35,2
T4,3,0,200,25
[42]
T1,0,0,200,35
T2,1,0,30,1
T3,2,1,75,3
T4,3,1,176,54
[43]
T1,0,1,200,45
T2,1,1,157,7
T3,2,0,23,1
T4,3,1,70,17
[44]
T1,0,0,52,7
T2,1,1,190,10
T3,2,0,131,1
T4,3,0,200,75
[45]
T1,0,0,200,44
T2,1,0,175,9
T3,2,1,73,22
T4,3,0,28,2
[46]
T1,0,1,200,48
T2,1,0,138,4
T3,2,1,50,2
T4,3,1,184,56
[47]
T1,0,1,120,26
T2,1,0,155,3
T3,2,1,200,60
T4,3,1,32,1
[48]
T1,0,0,200,35
T2,1,1,51,4
T3,2,0,159,46
T4,3,1,74,2
[49]
T1,0,1,125,2
T2,1,1,194,45
T3,2,1,200,31
T4,3,0,23,4
[50]
T1,0,0,168,29
T2,1,1,200,16
T3,2,0,59,13
T4,3,1,24,3
[51]
T1,0,0,21,2
T2,1,1,105,9
T3,2,1,158,23
T4,3,1,200,69
[52]
T1,0,0,114,12
T2,1,1,200,43
T3,2,1,192,52
T4,3,1,48,2
[53]
T1,0,1,150,29
T2,1,1,90,6
T3,2,0,53,5
T4,3,0,200,44
[54]
T1,0,0,200,22
T2,1,1,107,2
T3,2,0,155,51
T4,3,0,54,8
[55]
T1,0,1,24,3
T2,1,1,193,57
T3,2,1,200,27
T4,3,1,137,3
[56]
T1,0,0,58,3
T2,1,0,200,45
T3,2,0,53,12
T4,3,1,196,14
[57]
T1,0,1,200,37
T2,1,1,133,2
T3,2,1,178,65
T4,3,0,20,2
[58]
T1,0,1,166,15
T2,1,1,200,51
T3,2,1,91,19
T4,3,1,33,1
[59]
T1,0,0,200,12
T2,1,0,113,9
T3,2,0,157,10
T4,3,0,46,17
[60]
T1,0,0,178,67
T2,1,0,200,14
T3,2,1,59,8
T4,3,1,30,2
[61]
T1,0,1,130,7
T2,1,0,165,31
T3,2,1,38,9
T4,3,1,200,19
[62]
T1,0,1,26,9
T2,1,0,188,2
T3,2,0,124,1
T4,3,0,200,45
[63]
T1,0,0,132,34
T2,1,1,196,30
T3,2,1,51,1
T4,3,0,200,28
[64]
T1,0,1,127,2
T2,1,0,178,2
T3,2,0,200,88
T4,3,0,38,4
[65]
T1,0,1,114,24
T2,1,1,171,2
T3,2,0,200,64
T4,3,0,20,2
[66]
T1,0,1,28,7
T2,1,0,189,13
T3,2,1,200,30
T4,3,1,140,14
[67]
T1,0,1,45,2
T2,1,1,97,1
T3,2,0,200,34
T4,3,1,163,58
[68]
T1,0,0,52,12
T2,1,0,164,10
T3,2,1,200,58
T4,3,1,113,2
[69]
T1,0,1,107,6
T2,1,1,161,13
T3,2,0,200,3
T4,3,0,40,17
[70]
T1,0,0,153,7
T2,1,1,200,11
T3,2,0,42,11
T4,3,1,112,25
[71]
T1,0,0,83,2
T2,1,0,181,6
T3,2,0,25,3
T4,3,1,200,75
[72]
T1,0,1,24,3
T2,1,0,200,12
T3,2,1,71,26
T4,3,0,180,4
[73]
T1,0,1,80,6
T2,1,0,200,28
T3,2,1,25,7
T4,3,1,157,11
[74]
T1,0,0,155,41
T2,1,1,25,1
T3,2,0,122,24
T4,3,0,200,11
[75]
T1,0,0,184,2
T2,1,0,200,22
T3,2,1,141,31
T4,3,0,54,13
[76]
T1,0,0,194,51
T2,1,1,110,17
T3,2,1,21,2
T4,3,0,200,27
[77]
T1,0,1,168,48
T2,1,0,51,5
T3,2,1,143,14
T4,3,0,200,20
[78]
T1,0,0,129,4
T2,1,0,200,78
T3,2,0,150,8
T4,3,1,51,5
[79]
T1,0,1,175,7
T2,1,1,49,3
T3,2,1,119,10
T4,3,1,200,81
[80]
T1,0,0,54,5
T2,1,1,200,15
T3,2,1,39,16
T4,3,1,196,1
[81]
T1,0,1,200,10
T2,1,0,65,11
T3,2,0,40,5
T4,3,0,168,41
[82]
T1,0,0,188,41
T2,1,1,102,12
T3,2,1,200,9
T4,3,0,44,9
[83]
T1,0,1,200,15
T2,1,0,138,32
T3,2,0,42,11
T4,3,0,161,2
[84]
T1,0,1,83,1
T2,1,0,197,19
T3,2,0,200,34
T4,3,0,44,13
[85]
T1,0,1,83,2
T2,1,0,200,70
T3,2,1,174,2
T4,3,0,32,7
[86]
T1,0,1,57,2
T2,1,0,190,85
T3,2,1,48,3
T4,3,0,200,8
[87]
T1,0,1,200,34
T2,1,0,86,10
T3,2,1,174,9
T4,3,0,47,11
[88]
T1,0,0,20,4
T2,1,0,144,22
T3,2,0,200,29
T4,3,0,185,16
[89]
T1,0,1,49,1
T2,1,0,200,103
T3,2,0,109,2
T4,3,0,180,10
[90]
T1,0,0,57,2
T2,1,0,153,27
T3,2,0,20,4
T4,3,0,200,33
[91]
T1,0,0,200,60
T2,1,1,25,2
T3,2,1,85,6
T4,3,0,165,16
[92]
T1,0,0,134,49
T2,1,0,200,43
T3,2,1,35,2
T4,3,1,170,2
[93]
T1,0,0,200,60
T2,1,0,152,23
T3,2,0,100,12
T4,3,0,27,2
[94]
T1,0,1,40,3
T2,1,0,200,61
T3,2,0,157,14
T4,3,1,118,12
[95]
T1,0,1,168,8
T2,1,0,115,15
T3,2,0,200,4
T4,3,1,26,10
[96]
T1,0,1,200,6
T2,1,0,40,2
T3,2,1,95,27
T4,3,1,192,51
[97]
T1,0,1,60,16
T2,1,0,23,1
T3,2,1,200,34
T4,3,1,187,17
[98]
T1,0,1,200,31
T2,1,1,30,10
T3,2,1,117,2
T4,3,1,199,18
[99]
T1,0,0,200,52
T2,1,0,186,9
T3,2,1,45,3
T4,3,1,112,23
[100]
T1,0,1,35,2
T2,1,0,200,10
T3,2,0,156,10
T4,3,1,112,51
[101]
T1,0,0,200,20
T2,1,0,164,56
T3,2,0,130,4
T4,3,0,52,6
[102]
T1,0,0,69,17
T2,1,0,43,10
T3,2,0,168,13
T4,3,0,200,6
[103]
T1,0,0,124,27
T2,1,1,200,20
T3,2,1,157,9
T4,3,0,20,4
[104]
T1,0,1,141,2
T2,1,1,42,11
T3,2,1,200,59
T4,3,1,198,2
[105]
T1,0,1,200,11
T2,1,1,163,40
T3,2,1,117,31
T4,3,0,24,2
[106]
T1,0,1,200,68
T2,1,1,155,5
T3,2,0,65,4
T4,3,0,52,8
[107]
T1,0,1,200,7
T2,1,1,197,49
T3,2,1,34,4
T4,3,1,64,12
[108]
T1,0,1,127,8
T2,1,0,178,15
T3,2,0,51,2
T4,3,1,200,79
[109]
T1,0,0,170,29
T2,1,1,200,4
T3,2,0,45,17
T4,3,1,57,2
[110]
T1,0,0,187,2
T2,1,1,126,24
T3,2,0,35,4
T4,3,1,200,54
[111]
T1,0,1,43,3
T2,1,0,101,7
T3,2,1,182,72
T4,3,0,200,6
[112]
T1,0,1,124,64
T2,1,0,200,4
T3,2,0,160,5
T4,3,1,50,1
[113]
T1,0,0,34,1
T2,1,0,200,57
T3,2,0,90,17
T4,3,0,199,17
[114]
T1,0,0,200,12
T2,1,1,57,9
T3,2,1,26,8
T4,3,0,160,5
[115]
T1,0,0,30,1
T2,1,0,194,53
T3,2,1,96,6
T4,3,0,200,44
[116]
T1,0,1,65,12
T2,1,0,35,1
T3,2,1,180,38
T4,3,0,200,30
[117]
T1,0,0,153,16
T2,1,1,130,25
T3,2,1,46,4
T4,3,0,200,38
[118]
T1,0,0,200,51
T2,1,1,61,17
T3,2,0,166,2
T4,3,1,21,2
[119]
T1,0,1,196,11
T2,1,0,200,93
T3,2,1,31,1
T4,3,0,92,2
[120]
T1,0,0,200,20
T2,1,1,173,19
T3,2,0,142,35
T4,3,1,38,5
[121]
T1,0,1,33,3
T2,1,0,160,13
T3,2,1,57,9
T4,3,1,200,48
[122]
T1,0,0,177,26
T2,1,0,132,42
T3,2,1,39,2
T4,3,1,200,15
[123]
T1,0,0,155,24
T2,1,1,63,14
T3,2,1,200,30
T4,3,0,46,3
[124]
T1,0,1,22,5
T2,1,1,200,37
T3,2,0,156,17
T4,3,0,123,5
[125]
T1,0,1,200,52
T2,1,1,51,9
T3,2,1,168,13
T4,3,1,96,7
[126]
T1,0,0,167,43
T2,1,1,200,29
T3,2,1,89,6
T4,3,1,28,3
[127]
T1,0,1,200,2
T2,1,1,170,4
T3,2,1,119,44
T4,3,0,44,8
[128]
T1,0,1,42,1
T2,1,0,195,53
T3,2,0,78,2
T4,3,0,200,49
[129]
T1,0,1,75,6
T2,1,0,162,51
T3,2,0,200,37
T4,3,1,34,2
[130]
T1,0,0,158,10
T2,1,1,116,4
T3,2,0,200,89
T4,3,0,31,1
[131]
T1,0,0,74,3
T2,1,0,47,14
T3,2,0,200,39
T4,3,0,184,9
[132]
T1,0,0,200,2
T2,1,0,116,30
T3,2,0,40,2
T4,3,1,162,52
[133]
T1,0,0,200,42
T2,1,0,50,11
T3,2,1,112,6
T4,3,1,150,13
[134]
T1,0,0,200,48
T2,1,0,36,7
T3,2,0,178,6
T4,3,0,135,13
[135]
T1,0,0,79,17
T2,1,1,33,10
T3,2,1,200,8
T4,3,0,152,2
[136]
T1,0,0,200,69
T2,1,1,81,5
T3,2,0,32,2
T4,3,0,189,31
[137]
T1,0,0,75,3
T2,1,0,200,44
T3,2,1,169,4
T4,3,1,32,9
[138]
T1,0,1,200,11
T2,1,1,90,13
T3,2,1,174,56
T4,3,0,41,2
[139]
T1,0,1,200,89
T2,1,0,151,15
T3,2,0,34,2
T4,3,1,81,2
[140]
T1,0,0,168,6
T2,1,1,200,49
T3,2,0,48,2
T4,3,1,94,27
[141]
T1,0,0,35,3
T2,1,0,106,4
T3,2,1,163,61
T4,3,1,200,17
[142]
T1,0,0,31,1
T2,1,1,91,15
T3,2,1,195,8
T4,3,1,200,67
[143]
T1,0,0,200,81
T2,1,0,161,1
T3,2,0,69,5
T4,3,1,44,4
[144]
T1,0,1,183,4
T2,1,1,20,5
T3,2,0,79,2
T4,3,0,200,52
[145]
T1,0,0,149,31
T2,1,0,56,1
T3,2,0,22,3
T4,3,1,200,41
[146]
T1,0,1,200,9
T2,1,1,27,2
T3,2,0,184,57
T4,3,1,67,14
[147]
T1,0,0,190,34
T2,1,0,101,5
T3,2,1,200,57
T4,3,0,34,2
[148]
T1,0,0,200,35
T2,1,1,114,37
T3,2,0,36,1
T4,3,1,164,10
[149]
T1,0,0,155,14
T2,1,1,200,19
T3,2,0,52,13
T4,3,0,100,14
[150]
T1,0,0,37,8
T2,1,1,141,20
T3,2,0,164,36
T4,3,0,200,1
[151]
T1,0,1,200,56
T2,1,0,94,2
T3,2,0,51,2
T4,3,1,150,40
[152]
T1,0,0,118,25
T2,1,1,25,1
T3,2,0,194,11
T4,3,0,200,52
[153]
T1,0,1,193,9
T2,1,0,77,7
T3,2,1,200,56
T4,3,0,44,7
[154]
T1,0,1,180,69
T2,1,1,200,3
T3,2,0,67,2
T4,3,0,35,5
[155]
T1,0,0,170,54
T2,1,1,52,3
T3,2,1,96,18
T4,3,0,200,3
[156]
T1,0,0,200,1
T2,1,1,174,53
T3,2,0,38,2
T4,3,0,57,11
[157]
T1,0,1,200,46
T2,1,1,59,6
T3,2,1,33,8
T4,3,1,196,3
[158]
T1,0,0,115,10
T2,1,0,200,11
T3,2,0,196,46
T4,3,1,45,9
[159]
T1,0,1,190,51
T2,1,1,91,14
T3,2,1,200,16
T4,3,1,32,2
[160]
T1,0,0,200,77
T2,1,1,30,3
T3,2,0,92,1
T4,3,1,184,11
[161]
T1,0,0,40,1
T2,1,1,200,19
T3,2,1,106,41
T4,3,0,193,13
[162]
T1,0,0,181,18
T2,1,1,68,23
T3,2,1,25,2
T4,3,1,200,24
[163]
T1,0,1,71,17
T2,1,1,162,1
T3,2,1,44,9
T4,3,0,200,25
[164]
T1,0,0,62,8
T2,1,1,156,13
T3,2,1,21,3
T4,3,0,200,40
[165]
T1,0,0,109,13
T2,1,0,186,13
T3,2,0,200,32
T4,3,1,24,5
[166]
T1,0,0,73,3
T2,1,1,40,5
T3,2,0,199,64
T4,3,1,200,19
[167]
T1,0,0,132,45
T2,1,1,159,11
T3,2,1,200,24
T4,3,0,30,1
[168]
T1,0,1,81,4
T2,1,1,28,4
T3,2,0,200,33
T4,3,0,150,31
[169]
T1,0,1,199,36
T2,1,0,91,7
T3,2,1,200,25
T4,3,1,20,4
[170]
T1,0,0,200,35
T2,1,0,36,11
T3,2,0,68,4
T4,3,1,154,3
[171]
T1,0,1,36,6
T2,1,1,200,19
T3,2,1,184,24
T4,3,0,129,24
[172]
T1,0,1,81,15
T2,1,1,44,2
T3,2,1,200,42
T4,3,1,170,31
[173]
T1,0,1,29,1
T2,1,0,111,20
T3,2,1,180,57
T4,3,0,200,6
[174]
T1,0,1,23,2
T2,1,0,168,1
T3,2,0,90,24
T4,3,1,200,58
[175]
T1,0,1,35,6
T2,1,1,142,16
T3,2,1,200,28
T4,3,0,191,30
[176]
T1,0,0,47,9
T2,1,0,198,47
T3,2,0,200,5
T4,3,0,85,11
[177]
T1,0,0,195,27
T2,1,1,46,17
T3,2,1,139,10
T4,3,1,200,1
[178]
T1,0,1,200,34
T2,1,1,32,1
T3,2,0,145,2
T4,3,0,196,67
[179]
T1,0,0,89,18
T2,1,0,179,42
T3,2,0,21,2
T4,3,1,200,4
[180]
T1,0,1,200,29
T2,1,0,198,2
T3,2,0,50,12
T4,3,1,69,14
[181]
T1,0,0,187,48
T2,1,0,80,3
T3,2,1,200,34
T4,3,1,48,5
[182]
T1,0,0,200,31
T2,1,1,157,37
T3,2,0,94,1
T4,3,0,23,4
[183]
T1,0,1,31,1
T2,1,1,161,27
T3,2,1,200,10
T4,3,0,100,34
[184]
T1,0,1,200,1
T2,1,0,71,15
T3,2,1,21,2
T4,3,0,177,65
[185]
T1,0,0,158,6
T2,1,0,200,51
T3,2,0,42,2
T4,3,1,123,34
[186]
T1,0,1,58,18
T2,1,0,165,1
T3,2,0,53,2
T4,3,1,200,46
[187]
T1,0,0,113,2
T2,1,0,184,9
T3,2,0,200,84
T4,3,0,25,3
[188]
T1,0,0,38,7
T2,1,1,192,73
T3,2,0,62,2
T4,3,0,200,3
[189]
T1,0,0,45,8
T2,1,0,200,35
T3,2,0,107,12
T4,3,1,197,22
[190]
T1,0,1,20,1
T2,1,1,199,56
T3,2,0,90,14
T4,3,0,200,14
[191]
T1,0,1,197,28
T2,1,1,50,2
T3,2,0,135,2
T4,3,1,200,78
[192]
T1,0,0,138,16
T2,1,0,148,42
T3,2,1,200,14
T4,3,1,35,4
[193]
T1,0,1,181,8
T2,1,1,30,5
T3,2,1,200,56
T4,3,1,114,11
[194]
T1,0,1,48,9
T2,1,0,185,8
T3,2,0,200,47
T4,3,0,63,6
[195]
T1,0,0,200,74
T2,1,0,127,9
T3,2,1,181,1
T4,3,1,24,3
[196]
T1,0,0,174,30
T2,1,0,80,14
T3,2,0,200,3
T4,3,1,33,7
[197]
T1,0,0,32,2
T2,1,1,137,2
T3,2,0,197,58
T4,3,1,200,57
[198]
T1,0,0,116,9
T2,1,0,200,37
T3,2,1,23,4
T4,3,0,163,24
[199]
T1,0,0,200,8
T2,1,1,185,15
T3,2,1,108,1
T4,3,1,35,16
[200]
T1,0,1,53,15
T2,1,0,150,11
T3,2,0,200,39
T4,3,1,123,4
[201]
T1,0,1,36,5
T2,1,0,111,23
T3,2,0,200,20
T4,3,1,192,25
[202]
T1,0,0,144,3
T2,1,0,200,6
T3,2,0,148,40
T4,3,0,32,8
[203]
T1,0,0,126,6
T2,1,1,46,7
T3,2,0,200,13
T4,3,1,178,57
[204]
T1,0,1,34,1
T2,1,0,200,3
T3,2,0,178,33
T4,3,1,127,43
[205]
T1,0,0,154,14
T2,1,1,111,21
T3,2,0,41,8
T4,3,1,200,21
[206]
T1,0,1,133,2
T2,1,0,196,34
T3,2,0,200,53
T4,3,0,46,7
[207]
T1,0,1,38,7
T2,1,0,200,77
T3,2,0,186,2
T4,3,0,102,2
[208]
T1,0,0,162,1
T2,1,1,200,32
T3,2,1,35,6
T4,3,1,106,25
[209]
T1,0,0,122,11
T2,1,1,200,40
T3,2,0,186,11
T4,3,0,36,8
[210]
T1,0,1,45,7
T2,1,0,200,5
T3,2,1,174,36
T4,3,1,104,21
[211]
T1,0,1,137,28
T2,1,1,185,47
T3,2,1,54,3
T4,3,1,200,14
[212]
T1,0,1,200,27
T2,1,1,127,31
T3,2,0,39,6
T4,3,0,166,8
[213]
T1,0,0,200,2
T2,1,1,135,28
T3,2,0,39,10
T4,3,0,165,19
[214]
T1,0,0,185,53
T2,1,0,200,35
T3,2,1,62,3
T4,3,1,21,1
[215]
T1,0,0,190,2
T2,1,1,22,3
T3,2,0,84,20
T4,3,0,200,39
[216]
T1,0,1,47,4
T2,1,1,160,11
T3,2,0,146,52
T4,3,1,200,14
[217]
T1,0,1,153,10
T2,1,1,118,13
T3,2,1,45,3
T4,3,0,200,68
[218]
T1,0,1,200,39
T2,1,0,155,37
T3,2,1,46,6
T4,3,1,130,2
[219]
T1,0,0,34,9
T2,1,0,101,3
T3,2,1,200,30
T4,3,0,161,20
[220]
T1,0,0,147,60
T2,1,1,102,3
T3,2,1,200,7
T4,3,0,31,3
[221]
T1,0,0,200,47
T2,1,0,135,11
T3,2,1,176,44
T4,3,0,42,1
[222]
T1,0,1,200,42
T2,1,0,173,4
T3,2,1,40,14
T4,3,1,93,2
[223]
T1,0,1,200,60
T2,1,1,89,11
T3,2,1,154,12
T4,3,1,41,3
[224]
T1,0,1,185,26
T2,1,0,200,7
T3,2,0,43,9
T4,3,0,75,14
[225]
T1,0,1,73,2
T2,1,0,160,82
T3,2,1,200,11
T4,3,1,30,2
[226]
T1,0,0,48,11
T2,1,1,134,19
T3,2,1,181,32
T4,3,1,200,6
[227]
T1,0,1,200,3
T2,1,1,197,8
T3,2,0,122,27
T4,3,1,45,13
[228]
T1,0,1,144,44
T2,1,0,39,2
T3,2,0,171,22
T4,3,1,200,27
[229]
T1,0,1,23,2
T2,1,0,185,39
T3,2,1,200,44
T4,3,0,139,22
[230]
T1,0,1,200,28
T2,1,0,125,2
T3,2,1,190,61
T4,3,1,39,4
[231]
T1,0,1,41,13
T2,1,0,166,14
T3,2,0,73,8
T4,3,1,200,15
[232]
T1,0,1,200,12
T2,1,1,41,2
T3,2,0,186,76
T4,3,1,146,8
[233]
T1,0,0,200,9
T2,1,0,111,22
T3,2,0,44,7
T4,3,1,155,27
[234]
T1,0,0,139,3
T2,1,0,185,10
T3,2,0,47,11
T4,3,0,200,53
[235]
T1,0,0,200,37
T2,1,0,52,3
T3,2,1,117,13
T4,3,1,185,43
[236]
T1,0,0,27,11
T2,1,1,84,2
T3,2,1,178,15
T4,3,0,200,8
[237]
T1,0,1,200,42
T2,1,0,21,2
T3,2,0,154,36
T4,3,1,96,10
[238]
T1,0,0,105,11
T2,1,1,200,2
T3,2,0,25,4
T4,3,1,178,53
[239]
T1,0,0,191,73
T2,1,1,105,1
T3,2,0,50,6
T4,3,0,200,13
[240]
T1,0,1,200,72
T2,1,0,169,2
T3,2,0,97,18
T4,3,0,24,2
[241]
T1,0,0,39,6
T2,1,1,186,13
T3,2,0,200,36
T4,3,1,60,11
[242]
T1,0,0,155,1
T2,1,0,200,41
T3,2,1,96,12
T4,3,0,45,11
[243]
T1,0,1,152,13
T2,1,0,200,8
T3,2,0,117,53
T4,3,1,27,2
[244]
T1,0,0,45,3
T2,1,1,160,22
T3,2,0,94,2
T4,3,0,200,74
[245]
T1,0,1,178,1
T2,1,1,28,12
T3,2,1,108,5
T4,3,1,200,18
[246]
T1,0,0,200,58
T2,1,1,179,20
T3,2,0,22,2
T4,3,1,134,13
[247]
T1,0,1,24,2
T2,1,1,200,83
T3,2,0,98,6
T4,3,0,164,4
[248]
T1,0,0,200,9
T2,1,1,49,3
T3,2,0,121,22
T4,3,0,174,52
[249]
T1,0,0,38,5
T2,1,1,112,31
T3,2,1,200,28
T4,3,0,188,6
[250]
T1,0,0,77,14
T2,1,0,27,4
T3,2,1,200,30
T4,3,1,151,14
[251]
T1,0,0,200,22
T2,1,1,78,7
T3,2,0,190,43
T4,3,0,34,5
[252]
T1,0,1,200,3
T2,1,0,42,8
T3,2,0,61,14
T4,3,1,189,27
[253]
T1,0,0,82,29
T2,1,1,200,15
T3,2,1,168,14
T4,3,1,33,2
[254]
T1,0,0,200,4
T2,1,0,121,37
T3,2,1,50,2
T4,3,0,148,37
[255]
T1,0,0,198,10
T2,1,1,29,8
T3,2,0,100,18
T4,3,0,200,15
[256]
T1,0,1,93,16
T2,1,1,200,5
T3,2,0,54,16
T4,3,1,168,17
[257]
T1,0,1,154,7
T2,1,1,136,17
T3,2,1,48,2
T4,3,0,200,74
[258]
T1,0,0,129,8
T2,1,1,200,11
T3,2,0,170,59
T4,3,0,42,5
[259]
T1,0,0,126,25
T2,1,1,180,60
T3,2,1,200,2
T4,3,0,27,1
[260]
T1,0,0,185,3
T2,1,0,200,23
T3,2,0,64,27
T4,3,1,40,2
[261]
T1,0,0,200,32
T2,1,0,60,11
T3,2,0,51,8
T4,3,0,148,11
[262]
T1,0,1,200,2
T2,1,1,184,29
T3,2,1,54,12
T4,3,1,140,28
[263]
T1,0,1,62,20
T2,1,0,200,17
T3,2,0,177,2
T4,3,1,50,8
[264]
T1,0,0,176,15
T2,1,0,40,13
T3,2,0,200,22
T4,3,0,79,4
[265]
T1,0,1,42,9
T2,1,1,106,4
T3,2,0,200,48
T4,3,0,168,16
[266]
T1,0,0,108,5
T2,1,0,160,2
T3,2,1,44,2
T4,3,1,200,93
[267]
T1,0,1,111,8
T2,1,1,28,3
T3,2,0,200,80
T4,3,0,164,2
[268]
T1,0,0,200,7
T2,1,0,174,57
T3,2,1,23,5
T4,3,0,118,2
[269]
T1,0,0,27,2
T2,1,0,200,2
T3,2,0,148,22
T4,3,0,126,51
[270]
T1,0,0,200,9
T2,1,0,24,2
T3,2,1,131,24
T4,3,0,196,53
[271]
T1,0,0,200,4
T2,1,1,43,3
T3,2,1,195,95
T4,3,0,146,2
[272]
T1,0,1,114,15
T2,1,1,42,2
T3,2,0,188,57
T4,3,1,200,20
[273]
T1,0,0,29,1
T2,1,0,111,24
T3,2,1,200,63
T4,3,0,157,2
[274]
T1,0,0,156,26
T2,1,1,22,5
T3,2,0,200,14
T4,3,0,72,9
[275]
T1,0,1,90,5
T2,1,1,26,9
T3,2,0,192,27
T4,3,0,200,7
[276]
T1,0,0,200,30
T2,1,0,199,62
T3,2,0,30,1
T4,3,1,141,14
[277]
T1,0,1,200,7
T2,1,1,182,30
T3,2,1,99,8
T4,3,0,23,7
[278]
T1,0,0,200,26
T2,1,0,135,26
T3,2,0,23,1
T4,3,0,154,29
[279]
T1,0,0,164,21
T2,1,1,110,24
T3,2,1,200,14
T4,3,0,42,7
[280]
T1,0,1,71,4
T2,1,0,175,2
T3,2,1,200,43
T4,3,1,35,10
[281]
T1,0,0,200,67
T2,1,0,150,1
T3,2,1,45,4
T4,3,1,98,15
[282]
T1,0,0,139,36
T2,1,0,32,7
T3,2,1,200,9
T4,3,1,157,8
[283]
T1,0,0,200,73
T2,1,1,63,2
T3,2,1,51,8
T4,3,0,196,11
[284]
T1,0,0,200,36
T2,1,1,137,42
T3,2,1,172,1
T4,3,0,40,3
[285]
T1,0,1,194,81
T2,1,0,47,3
T3,2,1,102,9
T4,3,0,200,1
[286]
T1,0,1,44,8
T2,1,1,200,24
T3,2,1,122,14
T4,3,0,185,32
[287]
T1,0,0,21,1
T2,1,1,200,70
T3,2,1,177,23
T4,3,0,141,6
[288]
T1,0,0,77,12
T2,1,1,200,44
T3,2,1,37,5
T4,3,0,190,11
[289]
T1,0,0,121,22
T2,1,0,200,3
T3,2,0,153,54
T4,3,1,40,1
[290]
T1,0,0,200,52
T2,1,1,23,1
T3,2,0,155,36
T4,3,1,89,4
[291]
T1,0,1,200,63
T2,1,1,45,5
T3,2,1,91,2
T4,3,1,156,23
[292]
T1,0,1,182,12
T2,1,0,74,26
T3,2,0,200,26
T4,3,1,49,1
[293]
T1,0,1,115,2
T2,1,1,197,7
T3,2,0,200,66
T4,3,0,52,11
[294]
T1,0,0,34,4
T2,1,0,191,7
T3,2,1,200,48
T4,3,0,57,9
[295]
T1,0,1,158,57
T2,1,0,85,3
T3,2,0,22,3
T4,3,0,200,7
[296]
T1,0,1,77,21
T2,1,1,200,13
T3,2,0,182,27
T4,3,0,46,5
[297]
T1,0,1,157,2
T2,1,1,25,2
T3,2,1,93,16
T4,3,1,200,76
[298]
T1,0,1,200,21
T2,1,0,24,4
T3,2,0,184,24
T4,3,0,94,15
[299]
T1,0,0,40,5
T2,1,0,200,1
T3,2,0,60,9
T4,3,0,184,57
[300]
T1,0,0,200,85
T2,1,0,198,24
T3,2,1,20,2
T4,3,0,83,1
[301]
T1,0,0,108,23
T2,1,1,151,33
T3,2,1,200,22
T4,3,1,20,2
[302]
T1,0,1,200,90
T2,1,1,125,5
T3,2,0,152,9
T4,3,1,25,1
[303]
T1,0,1,156,3
T2,1,0,33,2
T3,2,1,200,28
T4,3,1,93,40
[304]
T1,0,0,62,12
T2,1,1,152,1
T3,2,0,53,3
T4,3,0,200,65
[305]
T1,0,0,144,10
T2,1,1,154,21
T3,2,1,200,22
T4,3,1,45,12
[306]
T1,0,0,38,4
T2,1,1,167,15
T3,2,1,200,4
T4,3,1,58,21
[307]
T1,0,0,160,10
T2,1,1,99,1
T3,2,1,200,19
T4,3,0,41,17
[308]
T1,0,1,200,9
T2,1,0,155,57
T3,2,1,97,10
T4,3,0,41,3
[309]
T1,0,0,123,14
T2,1,0,200,58
T3,2,1,42,5
T4,3,1,182,10
[310]
T1,0,1,200,55
T2,1,0,34,1
T3,2,0,75,13
T4,3,0,167,18
[311]
T1,0,1,29,8
T2,1,0,200,16
T3,2,1,186,29
T4,3,0,84,3
[312]
T1,0,1,123,3
T2,1,0,186,16
T3,2,1,27,8
T4,3,1,200,34
[313]
T1,0,1,200,105
T2,1,1,159,6
T3,2,0,125,2
T4,3,0,46,2
[314]
T1,0,0,200,46
T2,1,1,36,3
T3,2,1,182,3
T4,3,0,93,24
[315]
T1,0,1,25,2
T2,1,0,200,61
T3,2,0,165,26
T4,3,0,73,1
[316]
T1,0,0,117,41
T2,1,0,152,7
T3,2,1,41,6
T4,3,0,200,6
[317]
T1,0,1,200,39
T2,1,1,150,14
T3,2,1,108,31
T4,3,0,47,2
[318]
T1,0,1,160,62
T2,1,0,47,2
T3,2,1,115,7
T4,3,1,200,18
[319]
T1,0,1,200,96
T2,1,1,40,2
T3,2,1,165,3
T4,3,1,81,6
[320]
T1,0,0,101,2
T2,1,1,183,35
T3,2,1,200,59
T4,3,1,33,2
[321]
T1,0,1,200,72
T2,1,0,115,2
T3,2,1,181,20
T4,3,1,50,5
[322]
T1,0,0,35,3
T2,1,0,200,42
T3,2,0,58,4
T4,3,1,183,35
[323]
T1,0,1,106,16
T2,1,0,177,46
T3,2,1,200,10
T4,3,1,33,4
[324]
T1,0,0,170,49
T2,1,0,80,2
T3,2,1,200,51
T4,3,1,46,1
[325]
T1,0,0,200,9
T2,1,1,194,26
T3,2,1,48,6
T4,3,0,67,18
[326]
T1,0,0,103,12
T2,1,1,52,10
T3,2,0,200,19
T4,3,1,160,27
[327]
T1,0,1,174,68
T2,1,1,200,3
T3,2,1,48,1
T4,3,0,136,19
[328]
T1,0,0,180,25
T2,1,0,200,6
T3,2,1,39,12
T4,3,1,87,8
[329]
T1,0,0,200,15
T2,1,0,49,7
T3,2,1,98,35
T4,3,0,174,3
[330]
T1,0,0,200,40
T2,1,0,22,2
T3,2,1,160,36
T4,3,0,115,15
[331]
T1,0,1,141,29
T2,1,0,32,3
T3,2,1,154,25
T4,3,1,200,24
[332]
T1,0,1,193,28
T2,1,0,200,20
T3,2,1,105,19
T4,3,0,48,7
[333]
T1,0,0,106,20
T2,1,1,200,38
T3,2,1,185,32
T4,3,0,41,1
[334]
T1,0,1,24,2
T2,1,1,200,59
T3,2,0,99,16
T4,3,0,174,16
[335]
T1,0,0,51,2
T2,1,0,192,28
T3,2,1,200,46
T4,3,0,140,29
[336]
T1,0,0,69,7
T2,1,1,200,72
T3,2,0,160,17
T4,3,1,24,2
[337]
T1,0,0,158,37
T2,1,1,32,2
T3,2,0,200,34
T4,3,0,134,14
[338]
T1,0,0,200,2
T2,1,1,52,8
T3,2,0,108,24
T4,3,0,166,31
[339]
T1,0,1,193,81
T2,1,1,200,9
T3,2,0,66,1
T4,3,0,20,2
[340]
T1,0,1,142,13
T2,1,1,34,7
T3,2,0,178,8
T4,3,0,200,44
[341]
T1,0,0,181,9
T2,1,1,25,5
T3,2,1,200,15
T4,3,1,94,24
[342]
T1,0,1,46,3
T2,1,0,173,13
T3,2,1,126,51
T4,3,1,200,7
[343]
T1,0,1,150,41
T2,1,1,56,2
T3,2,0,33,7
T4,3,0,200,8
[344]
T1,0,0,200,22
T2,1,1,41,11
T3,2,0,70,3
T4,3,0,165,25
[345]
T1,0,0,52,18
T2,1,1,84,1
T3,2,0,200,33
T4,3,1,154,10
[346]
T1,0,0,176,20
T2,1,1,38,5
T3,2,1,125,27
T4,3,1,200,20
[347]
T1,0,0,43,2
T2,1,0,184,50
T3,2,0,67,13
T4,3,0,200,24
[348]
T1,0,1,39,5
T2,1,1,165,7
T3,2,1,105,15
T4,3,1,200,54
[349]
T1,0,0,200,11
T2,1,1,50,2
T3,2,1,118,5
T4,3,0,168,83
[350]
T1,0,1,200,36
T2,1,1,184,6
T3,2,0,33,10
T4,3,1,142,8
[351]
T1,0,0,24,10
T2,1,0,156,17
T3,2,1,121,5
T4,3,0,200,3
[352]
T1,0,0,73,3
T2,1,1,200,11
T3,2,1,28,2
T4,3,1,199,96
[353]
T1,0,0,151,18
T2,1,0,140,11
T3,2,1,200,60
T4,3,1,21,2
[354]
T1,0,1,79,5
T2,1,1,200,1
T3,2,1,173,44
T4,3,0,28,7
[355]
T1,0,1,46,14
T2,1,1,121,19
T3,2,1,200,2
T4,3,1,179,21
[356]
T1,0,1,25,4
T2,1,0,169,38
T3,2,0,200,28
T4,3,0,73,3
[357]
T1,0,0,154,37
T2,1,0,20,4
T3,2,1,200,25
T4,3,0,76,1
[358]
T1,0,0,200,35
T2,1,0,55,3
T3,2,1,46,14
T4,3,1,198,10
[359]
T1,0,1,26,7
T2,1,1,179,8
T3,2,0,107,8
T4,3,1,200,39
[360]
T1,0,0,135,2
T2,1,0,22,4
T3,2,0,200,32
T4,3,0,196,48
[361]
T1,0,0,142,8
T2,1,0,200,17
T3,2,0,178,34
T4,3,0,51,13
[362]
T1,0,1,146,47
T2,1,0,200,32
T3,2,1,180,14
T4,3,0,23,2
[363]
T1,0,1,200,11
T2,1,0,40,2
T3,2,0,69,23
T4,3,1,198,36
[364]
T1,0,1,48,3
T2,1,0,200,32
T3,2,1,104,32
T4,3,1,158,8
[365]
T1,0,1,200,4
T2,1,1,31,4
T3,2,1,96,23
T4,3,0,158,28
[366]
T1,0,1,53,2
T2,1,0,94,15
T3,2,0,200,54
T4,3,1,164,24
[367]
T1,0,0,52,13
T2,1,1,200,59
T3,2,0,173,4
T4,3,0,128,1
[368]
T1,0,1,80,31
T2,1,1,20,2
T3,2,0,200,32
T4,3,0,169,2
[369]
T1,0,0,116,6
T2,1,1,200,67
T3,2,0,41,6
T4,3,0,180,10
[370]
T1,0,1,95,1
T2,1,0,180,47
T3,2,1,53,2
T4,3,0,200,61
[371]
T1,0,0,149,62
T2,1,1,23,2
T3,2,0,200,20
T4,3,1,86,6
[372]
T1,0,0,183,24
T2,1,0,25,1
T3,2,0,61,1
T4,3,0,200,75
[373]
T1,0,0,190,2
T2,1,1,33,1
T3,2,1,200,88
T4,3,0,136,12
[374]
T1,0,1,200,65
T2,1,1,32,3
T3,2,1,150,7
T4,3,1,67,7
[375]
T1,0,1,185,14
T2,1,0,62,10
T3,2,0,20,5
T4,3,0,200,19
[376]
T1,0,0,200,29
T2,1,1,190,24
T3,2,1,87,2
T4,3,1,46,13
[377]
T1,0,0,193,102
T2,1,1,103,2
T3,2,0,36,2
T4,3,1,200,7
[378]
T1,0,0,145,1
T2,1,0,200,4
T3,2,1,150,35
T4,3,0,31,10
[379]
T1,0,0,54,4
T2,1,1,200,55
T3,2,1,193,24
T4,3,0,28,3
[380]
T1,0,0,200,49
T2,1,0,98,2
T3,2,1,162,52
T4,3,1,52,2
[381]
T1,0,1,178,8
T2,1,0,96,18
T3,2,1,25,8
T4,3,0,200,6
[382]
T1,0,0,82,19
T2,1,0,161,31
T3,2,1,25,1
T4,3,1,200,24
[383]
T1,0,1,32,3
T2,1,0,200,5
T3,2,0,171,42
T4,3,0,129,27
[384]
T1,0,1,85,3
T2,1,1,21,1
T3,2,0,181,83
T4,3,1,200,7
[385]
T1,0,0,200,2
T2,1,0,52,16
T3,2,0,160,21
T4,3,0,139,20
[386]
T1,0,0,48,18
T2,1,1,88,11
T3,2,1,161,8
T4,3,0,200,6
[387]
T1,0,1,100,37
T2,1,0,197,19
T3,2,0,23,1
T4,3,1,200,8
[388]
T1,0,1,164,3
T2,1,1,63,10
T3,2,1,41,12
T4,3,0,200,21
[389]
T1,0,0,73,15
T2,1,0,194,44
T3,2,1,21,2
T4,3,1,200,11
[390]
T1,0,0,200,19
T2,1,1,160,18
T3,2,0,66,11
T4,3,0,43,9
[391]
T1,0,0,111,15
T2,1,0,181,19
T3,2,1,20,6
T4,3,0,200,4
[392]
T1,0,0,200,66
T2,1,0,29,5
T3,2,1,144,7
T4,3,1,186,7
[393]
T1,0,0,70,2
T2,1,0,152,12
T3,2,1,27,7
T4,3,1,200,43
[394]
T1,0,0,56,8
T2,1,0,192,50
T3,2,0,200,21
T4,3,1,41,3
[395]
T1,0,0,167,22
T2,1,1,77,2
T3,2,1,54,2
T4,3,0,200,78
[396]
T1,0,1,23,3
T2,1,1,112,26
T3,2,0,191,22
T4,3,1,200,17
[397]
T1,0,1,200,5
T2,1,0,42,1
T3,2,1,195,76
T4,3,0,64,9
[398]
T1,0,0,53,6
T2,1,1,200,39
T3,2,0,162,5
T4,3,0,146,36
[399]
T1,0,0,169,4
T2,1,0,200,4
T3,2,0,39,12
T4,3,0,142,31
[400]
T1,0,0,150,15
T2,1,0,43,2
T3,2,0,77,2
T4,3,0,200,85
[401]
T1,0,1,132,17
T2,1,0,194,28
T3,2,0,200,25
T4,3,0,23,4
[402]
T1,0,0,96,4
T2,1,0,40,6
T3,2,1,200,61
T4,3,0,160,10
[403]
T1,0,1,200,31
T2,1,0,74,2
T3,2,1,21,5
T4,3,0,151,27
[404]
T1,0,1,200,7
T2,1,1,102,6
T3,2,1,26,3
T4,3,0,184,66
[405]
T1,0,1,126,16
T2,1,1,51,12
T3,2,0,200,2
T4,3,1,190,42
[406]
T1,0,0,86,2
T2,1,1,21,9
T3,2,0,200,8
T4,3,0,150,17
[407]
T1,0,0,136,45
T2,1,0,149,23
T3,2,1,29,2
T4,3,0,200,3
[408]
T1,0,0,200,7
T2,1,0,172,52
T3,2,0,30,4
T4,3,0,58,5
[409]
T1,0,1,200,15
T2,1,1,163,44
T3,2,0,62,1
T4,3,1,54,12
[410]
T1,0,1,189,31
T2,1,0,35,11
T3,2,1,200,7
T4,3,0,96,5
[411]
T1,0,1,200,23
T2,1,1,98,20
T3,2,0,25,4
T4,3,0,182,18
[412]
T1,0,1,159,7
T2,1,0,23,6
T3,2,0,138,20
T4,3,1,200,25
[413]
T1,0,1,52,9
T2,1,0,174,9
T3,2,1,113,41
T4,3,0,200,2
[414]
T1,0,1,167,52
T2,1,1,22,2
T3,2,0,79,10
T4,3,1,200,8
[415]
T1,0,0,123,21
T2,1,0,183,31
T3,2,1,45,8
T4,3,0,200,14
[416]
T1,0,1,163,9
T2,1,0,29,9
T3,2,0,143,18
T4,3,0,200,17
[417]
T1,0,1,23,2
T2,1,0,168,12
T3,2,1,200,4
T4,3,0,95,37
[418]
T1,0,1,170,24
T2,1,1,49,11
T3,2,0,139,3
T4,3,0,200,37
[419]
T1,0,1,200,31
T2,1,1,143,10
T3,2,1,42,2
T4,3,1,164,52
[420]
T1,0,0,178,16
T2,1,0,110,24
T3,2,1,200,37
T4,3,1,21,2
[421]
T1,0,1,171,8
T2,1,1,29,5
T3,2,1,200,30
T4,3,1,54,10
[422]
T1,0,0,56,6
T2,1,0,200,14
T3,2,0,29,2
T4,3,1,148,48
[423]
T1,0,0,200,58
T2,1,0,52,1
T3,2,0,135,13
T4,3,1,162,28
[424]
T1,0,1,167,15
T2,1,1,121,52
T3,2,0,23,2
T4,3,0,200,10
[425]
T1,0,1,21,7
T2,1,0,66,6
T3,2,1,187,3
T4,3,1,200,29
[426]
T1,0,1,200,7
T2,1,0,32,3
T3,2,0,175,21
T4,3,0,69,22
[427]
T1,0,1,45,3
T2,1,1,200,63
T3,2,0,197,19
T4,3,1,97,10
[428]
T1,0,1,200,43
T2,1,0,34,1
T3,2,0,180,41
T4,3,1,116,14
[429]
T1,0,1,71,24
T2,1,0,44,2
T3,2,0,200,7
T4,3,0,193,39
[430]
T1,0,0,40,17
T2,1,0,56,1
T3,2,0,153,15
T4,3,0,200,6
[431]
T1,0,1,200,77
T2,1,1,150,4
T3,2,1,35,2
T4,3,1,75,8
[432]
T1,0,0,200,19
T2,1,0,165,6
T3,2,0,36,4
T4,3,1,119,41
[433]
T1,0,1,39,2
T2,1,1,200,97
T3,2,1,177,2
T4,3,1,70,3
[434]
T1,0,0,20,2
T2,1,1,200,54
T3,2,1,194,28
T4,3,1,85,3
[435]
T1,0,1,200,41
T2,1,0,165,15
T3,2,0,44,9
T4,3,0,116,10
[436]
T1,0,0,200,5
T2,1,0,94,4
T3,2,0,31,14
T4,3,1,186,13
[437]
T1,0,0,48,2
T2,1,0,200,63
T3,2,1,161,29
T4,3,0,122,10
[438]
T1,0,0,154,2
T2,1,0,200,111
T3,2,1,28,1
T4,3,1,116,2
[439]
T1,0,0,98,7
T2,1,1,200,89
T3,2,0,28,1
T4,3,1,158,5
[440]
T1,0,1,44,14
T2,1,0,200,2
T3,2,0,180,43
T4,3,0,110,3
[441]
T1,0,1,34,4
T2,1,0,169,4
T3,2,1,137,54
T4,3,1,200,10
[442]
T1,0,0,152,1
T2,1,0,41,14
T3,2,1,118,1
T4,3,1,200,45
[443]
T1,0,1,141,31
T2,1,1,166,32
T3,2,1,45,6
T4,3,0,200,7
[444]
T1,0,0,200,13
T2,1,0,181,4
T3,2,1,52,9
T4,3,1,84,26
[445]
T1,0,1,93,12
T2,1,0,45,9
T3,2,0,200,32
T4,3,1,189,17
[446]
T1,0,1,183,2
T2,1,1,126,38
T3,2,0,42,8
T4,3,0,200,17
[447]
T1,0,0,60,8
T2,1,1,50,12
T3,2,0,189,36
T4,3,1,200,1
[448]
T1,0,0,200,73
T2,1,0,47,6
T3,2,1,75,6
T4,3,0,194,2
[449]
T1,0,1,181,6
T2,1,1,44,11
T3,2,0,200,27
T4,3,1,104,17
[450]
T1,0,0,160,44
T2,1,1,127,10
T3,2,0,34,2
T4,3,1,200,35
[451]
T1,0,0,33,5
T2,1,1,151,47
T3,2,0,71,6
T4,3,1,200,7
[452]
T1,0,0,200,7
T2,1,1,44,2
T3,2,0,181,63
T4,3,1,104,20
[453]
T1,0,1,200,33
T2,1,0,188,27
T3,2,0,42,9
T4,3,1,137,8
[454]
T1,0,1,200,46
T2,1,0,21,5
T3,2,0,152,6
T4,3,0,114,8
[455]
T1,0,0,200,1
T2,1,1,169,40
T3,2,0,23,2
T4,3,0,65,14
[456]
T1,0,0,184,53
T2,1,0,96,19
T3,2,0,200,2
T4,3,0,24,2
[457]
T1,0,0,175,34
T2,1,0,41,7
T3,2,0,200,29
T4,3,0,133,9
[458]
T1,0,0,24,3
T2,1,1,200,1
T3,2,0,125,48
T4,3,1,190,13
[459]
T1,0,1,170,2
T2,1,0,200,50
T3,2,0,56,18
T4,3,0,42,2
[460]
T1,0,1,138,10
T2,1,1,189,2
T3,2,1,200,56
T4,3,0,33,7
[461]
T1,0,0,81,14
T2,1,0,32,4
T3,2,1,200,47
T4,3,0,174,5
[462]
T1,0,0,200,24
T2,1,1,60,3
T3,2,1,53,7
T4,3,0,180,48
[463]
T1,0,1,200,15
T2,1,1,128,41
T3,2,0,46,2
T4,3,1,162,24
[464]
T1,0,1,150,1
T2,1,0,24,2
T3,2,1,77,24
T4,3,1,200,48
[465]
T1,0,1,176,1
T2,1,1,27,8
T3,2,1,108,1
T4,3,0,200,50
[466]
T1,0,0,86,15
T2,1,0,200,5
T3,2,0,192,14
T4,3,1,21,6
[467]
T1,0,0,200,19
T2,1,0,21,1
T3,2,1,173,40
T4,3,0,72,12
[468]
T1,0,1,25,1
T2,1,1,200,21
T3,2,1,153,8
T4,3,1,98,38
[469]
T1,0,1,36,11
T2,1,0,200,12
T3,2,1,78,7
T4,3,1,179,22
[470]
T1,0,0,51,14
T2,1,0,200,3
T3,2,0,63,4
T4,3,1,164,35
[471]
T1,0,0,39,1
T2,1,1,108,8
T3,2,0,200,26
T4,3,1,155,53
[472]
T1,0,1,187,3
T2,1,1,139,14
T3,2,1,200,91
T4,3,0,26,2
[473]
T1,0,1,200,22
T2,1,1,93,17
T3,2,0,188,19
T4,3,1,43,8
[474]
T1,0,0,200,29
T2,1,0,44,11
T3,2,0,184,16
T4,3,0,87,8
[475]
T1,0,0,197,27
T2,1,1,200,58
T3,2,1,52,3
T4,3,1,65,6
[476]
T1,0,1,64,6
T2,1,1,200,22
T3,2,0,51,2
T4,3,1,171,58
[477]
T1,0,1,39,3
T2,1,1,88,30
T3,2,0,188,25
T4,3,0,200,7
[478]
T1,0,0,182,19
T2,1,1,101,6
T3,2,0,200,31
T4,3,1,53,14
[479]
T1,0,1,42,2
T2,1,1,99,45
T3,2,1,148,2
T4,3,1,200,15
[480]
T1,0,0,70,13
T2,1,1,200,7
T3,2,1,196,69
T4,3,0,30,2
[481]
T1,0,1,166,12
T2,1,1,200,14
T3,2,1,29,3
T4,3,0,103,35
[482]
T1,0,1,104,10
T2,1,0,24,1
T3,2,0,155,37
T4,3,0,200,41
[483]
T1,0,0,196,26
T2,1,0,200,9
T3,2,1,79,29
T4,3,1,34,1
[484]
T1,0,0,30,3
T2,1,0,190,30
T3,2,1,58,15
T4,3,1,200,9
[485]
T1,0,0,200,49
T2,1,1,42,3
T3,2,1,130,22
T4,3,1,198,19
[486]
T1,0,0,84,2
T2,1,0,47,2
T3,2,0,158,5
T4,3,1,200,111
[487]
T1,0,1,21,1
T2,1,1,181,83
T3,2,1,200,1
T4,3,0,71,3
[488]
T1,0,0,164,59
T2,1,1,62,2
T3,2,1,200,26
T4,3,1,34,3
[489]
T1,0,1,38,2
T2,1,1,148,58
T3,2,1,200,23
T4,3,1,127,9
[490]
T1,0,1,114,27
T2,1,0,27,2
T3,2,1,185,28
T4,3,0,200,38
[491]
T1,0,1,200,28
T2,1,0,176,5
T3,2,0,92,37
T4,3,1,40,2
[492]
T1,0,1,38,2
T2,1,1,158,80
T3,2,1,106,2
T4,3,0,200,2
[493]
T1,0,0,57,5
T2,1,1,200,10
T3,2,1,150,44
T4,3,0,49,7
[494]
T1,0,0,31,6
T2,1,0,161,30
T3,2,1,200,32
T4,3,1,130,5
[495]
T1,0,1,200,30
T2,1,1,48,3
T3,2,0,108,5
T4,3,0,198,63
[496]
T1,0,0,200,14
T2,1,0,33,3
T3,2,0,85,23
T4,3,1,165,21
[497]
T1,0,0,38,2
T2,1,0,147,57
T3,2,1,200,13
T4,3,1,185,22
[498]
T1,0,0,200,4
T2,1,1,189,33
T3,2,1,25,2
T4,3,0,62,24
[499]
T1,0,1,47,3
T2,1,0,79,4
T3,2,1,200,66
T4,3,1,180,23
[500]
T1,0,0,60,7
T2,1,1,43,8
T3,2,0,200,27
T4,3,1,194,24
