num_task_per_taskset=4
num_taskset=500
//ID,Priority,Offset,Period,Execution Time
[1]
T1,0,0,89,10
T2,1,0,200,17
T3,2,0,35,13
T4,3,0,161,2
[2]
T1,0,0,154,6
T2,1,0,200,57
T3,2,0,134,19
T4,3,0,23,2
[3]
T1,0,1,125,2
T2,1,0,194,20
T3,2,0,200,80
T4,3,1,35,2
[4]
T1,0,0,33,12
T2,1,0,125,9
T3,2,1,159,22
T4,3,0,200,1
[5]
T1,0,0,179,34
T2,1,1,36,1
T3,2,0,64,6
T4,3,0,200,53
[6]
T1,0,0,200,50
T2,1,0,22,6
T3,2,1,187,1
T4,3,1,116,4
[7]
T1,0,0,51,16
T2,1,0,200,42
T3,2,1,159,1
T4,3,1,54,3
[8]
T1,0,0,196,23
T2,1,1,108,33
T3,2,0,50,5
T4,3,0,200,12
[9]
T1,0,1,130,2
T2,1,0,200,21
T3,2,1,34,1
T4,3,0,194,80
[10]
T1,0,1,192,33
T2,1,1,75,2
T3,2,1,32,3
T4,3,1,200,56
[11]
T1,0,0,200,36
T2,1,1,190,20
T3,2,1,106,21
T4,3,1,33,3
[12]
T1,0,0,157,17
T2,1,0,200,5
T3,2,1,78,7
T4,3,0,45,16
[13]
T1,0,0,104,15
T2,1,0,29,2
T3,2,1,188,35
T4,3,1,200,49
[14]
T1,0,0,45,3
T2,1,0,175,50
T3,2,0,200,4
T4,3,0,132,28
[15]
T1,0,0,200,23
T2,1,1,162,57
T3,2,0,56,6
T4,3,0,43,2
[16]
T1,0,0,140,15
T2,1,1,30,5
T3,2,0,200,30
T4,3,0,197,30
[17]
T1,0,0,42,5
T2,1,1,200,2
T3,2,1,186,54
T4,3,1,142,25
[18]
T1,0,1,159,9
T2,1,0,46,19
T3,2,0,200,2
T4,3,1,117,13
[19]
T1,0,0,174,58
T2,1,0,200,23
T3,2,0,40,4
T4,3,0,107,2
[20]
T1,0,1,200,6
T2,1,0,102,6
T3,2,0,33,15
T4,3,1,165,2
[21]
T1,0,1,200,54
T2,1,1,43,4
T3,2,1,99,10
T4,3,0,156,19
[22]
T1,0,1,200,17
T2,1,0,166,41
T3,2,1,62,14
T4,3,0,38,1
[23]
T1,0,1,180,49
T2,1,1,107,10
T3,2,1,40,2
T4,3,1,200,34
[24]
T1,0,0,200,30
T2,1,1,32,2
T3,2,1,167,70
T4,3,0,116,2
[25]
T1,0,1,200,58
T2,1,1,30,2
T3,2,0,116,7
T4,3,1,182,30
[26]
T1,0,0,28,4
T2,1,0,199,20
T3,2,0,72,9
T4,3,1,200,41
[27]
T1,0,1,180,22
T2,1,0,48,5
T3,2,1,200,37
T4,3,1,80,14
[28]
T1,0,1,43,3
T2,1,0,144,1
T3,2,1,200,100
T4,3,1,175,2
[29]
T1,0,1,200,69
T2,1,0,98,20
T3,2,1,160,6
T4,3,1,50,2
[30]
T1,0,0,147,1
T2,1,1,200,57
T3,2,0,165,4
T4,3,0,22,6
[31]
T1,0,1,45,9
T2,1,0,88,2
T3,2,0,200,3
T4,3,0,170,58
[32]
T1,0,0,116,20
T2,1,0,200,43
T3,2,0,30,3
T4,3,0,172,14
[33]
T1,0,1,134,3
T2,1,1,184,15
T3,2,0,200,26
T4,3,0,26,9
[34]
T1,0,0,194,16
T2,1,0,200,11
T3,2,0,20,5
T4,3,0,92,17
[35]
T1,0,0,138,4
T2,1,0,200,22
T3,2,0,42,9
T4,3,1,171,37
[36]
T1,0,0,118,45
T2,1,1,174,4
T3,2,0,200,5
T4,3,1,35,5
[37]
T1,0,1,98,3
T2,1,1,28,10
T3,2,1,200,32
T4,3,0,150,1
[38]
T1,0,1,46,5
T2,1,1,200,56
T3,2,1,188,13
T4,3,1,58,7
[39]
T1,0,0,41,2
T2,1,1,188,71
T3,2,1,200,13
T4,3,0,120,17
[40]
T1,0,0,200,12
T2,1,0,150,54
T3,2,0,54,6
T4,3,1,26,1
[41]
T1,0,1,165,16
T2,1,1,82,5
T3,2,1,47,1
T4,3,1,200,78
[42]
T1,0,1,92,3
T2,1,0,199,41
T3,2,1,200,53
T4,3,1,32,2
[43]
T1,0,0,179,5
T2,1,1,48,10
T3,2,0,200,5
T4,3,1,121,39
[44]
T1,0,1,54,22
T2,1,1,81,5
T3,2,1,200,22
T4,3,1,189,1
[45]
T1,0,0,21,2
T2,1,1,200,50
T3,2,0,178,32
T4,3,0,56,3
[46]
T1,0,0,127,7
T2,1,0,25,8
T3,2,0,161,19
T4,3,0,200,19
[47]
T1,0,1,98,12
T2,1,0,200,19
T3,2,0,190,11
T4,3,0,24,7
[48]
T1,0,1,200,4
T2,1,0,74,12
T3,2,0,24,4
T4,3,1,184,39
[49]
T1,0,1,95,8
T2,1,0,167,5
T3,2,1,200,2
T4,3,0,22,10
[50]
T1,0,1,44,3
T2,1,0,84,27
T3,2,1,160,12
T4,3,0,200,23
[51]
T1,0,0,200,46
T2,1,0,160,5
T3,2,0,37,8
T4,3,0,82,7
[52]
T1,0,0,50,1
T2,1,1,183,1
T3,2,1,200,75
T4,3,0,81,14
[53]
T1,0,1,59,24
T2,1,1,188,12
T3,2,0,200,20
T4,3,0,40,2
[54]
T1,0,1,28,3
T2,1,1,200,11
T3,2,1,140,47
T4,3,0,153,12
[55]
T1,0,1,200,39
T2,1,0,158,5
T3,2,1,52,2
T4,3,0,137,43
[56]
T1,0,1,156,39
T2,1,1,200,1
T3,2,1,46,9
T4,3,1,126,17
[57]
T1,0,1,200,40
T2,1,0,20,3
T3,2,0,94,15
T4,3,1,152,7
[58]
T1,0,0,24,1
T2,1,1,108,21
T3,2,1,200,52
T4,3,1,196,16
[59]
T1,0,0,48,4
T2,1,0,200,42
T3,2,1,191,46
T4,3,1,72,3
[60]
T1,0,0,152,7
T2,1,1,200,35
T3,2,1,21,4
T4,3,1,111,18
[61]
T1,0,1,132,33
T2,1,1,200,25
T3,2,1,43,4
T4,3,0,196,20
[62]
T1,0,1,200,16
T2,1,1,162,36
T3,2,1,116,28
T4,3,0,36,1
[63]
T1,0,0,161,46
T2,1,1,200,27
T3,2,1,36,1
T4,3,0,131,16
[64]
T1,0,1,195,59
T2,1,0,58,2
T3,2,0,46,10
T4,3,0,200,3
[65]
T1,0,1,200,60
T2,1,0,54,10
T3,2,1,186,8
T4,3,1,77,4
[66]
T1,0,1,169,2
T2,1,0,116,12
T3,2,1,200,11
T4,3,1,21,8
[67]
T1,0,1,200,48
T2,1,0,43,4
T3,2,0,137,14
T4,3,1,165,23
[68]
T1,0,1,200,60
T2,1,0,65,6
T3,2,1,162,28
T4,3,0,25,2
[69]
T1,0,0,70,3
T2,1,1,149,63
T3,2,1,48,3
T4,3,0,200,11
[70]
T1,0,1,116,54
T2,1,1,199,5
T3,2,1,200,11
T4,3,1,46,1
[71]
T1,0,1,191,2
T2,1,1,68,14
T3,2,0,200,67
T4,3,0,36,1
[72]
T1,0,0,200,22
T2,1,0,153,2
T3,2,1,73,17
T4,3,0,32,7
[73]
T1,0,1,191,13
T2,1,0,200,1
T3,2,1,36,5
T4,3,1,107,39
[74]
T1,0,0,24,6
T2,1,1,157,42
T3,2,1,200,12
T4,3,1,81,1
[75]
T1,0,1,200,39
T2,1,0,130,3
T3,2,1,35,5
T4,3,1,152,32
[76]
T1,0,1,200,47
T2,1,0,23,3
T3,2,0,67,7
T4,3,1,190,15
[77]
T1,0,1,141,32
T2,1,1,48,7
T3,2,0,200,36
T4,3,1,184,5
[78]
T1,0,1,114,23
T2,1,1,200,2
T3,2,0,182,27
T4,3,0,22,4
[79]
T1,0,0,192,50
T2,1,0,200,8
T3,2,1,113,9
T4,3,0,45,9
[80]
T1,0,1,165,29
T2,1,1,41,7
T3,2,1,200,18
T4,3,0,83,11
[81]
T1,0,1,183,8
T2,1,1,79,18
T3,2,0,25,4
T4,3,1,200,28
[82]
T1,0,1,200,8
T2,1,0,86,30
T3,2,1,22,1
T4,3,1,177,25
[83]
T1,0,1,170,16
T2,1,1,200,73
T3,2,1,132,14
T4,3,1,50,1
[84]
T1,0,1,200,28
T2,1,0,40,8
T3,2,1,151,24
T4,3,1,108,7
[85]
T1,0,0,57,3
T2,1,0,164,48
T3,2,0,33,2
T4,3,0,200,42
[86]
T1,0,0,178,19
T2,1,0,200,19
T3,2,1,101,2
T4,3,1,23,8
[87]
T1,0,1,200,7
T2,1,0,70,2
T3,2,0,179,34
T4,3,0,54,18
[88]
T1,0,1,196,51
T2,1,0,80,2
T3,2,1,200,18
T4,3,0,29,6
[89]
T1,0,1,76,23
T2,1,0,47,2
T3,2,1,200,18
T4,3,1,180,33
[90]
T1,0,0,194,6
T2,1,1,122,11
T3,2,0,200,34
T4,3,1,40,11
[91]
T1,0,1,134,65
T2,1,1,42,1
T3,2,0,183,4
T4,3,1,200,9
[92]
T1,0,0,165,4
T2,1,0,82,5
T3,2,0,200,8
T4,3,1,32,14
[93]
T1,0,0,200,80
T2,1,0,27,3
T3,2,1,156,4
T4,3,0,87,2
[94]
T1,0,1,154,10
T2,1,0,38,2
T3,2,0,200,35
T4,3,1,66,19
[95]
T1,0,1,171,33
T2,1,0,200,31
T3,2,1,114,6
T4,3,1,52,10
[96]
T1,0,0,146,36
T2,1,1,21,2
T3,2,1,200,6
T4,3,0,158,30
[97]
T1,0,0,198,67
T2,1,1,21,3
T3,2,1,200,7
T4,3,1,88,5
[98]
T1,0,1,37,5
T2,1,0,150,19
T3,2,1,96,6
T4,3,0,200,52
[99]
T1,0,0,21,4
T2,1,0,190,16
T3,2,0,200,53
T4,3,1,70,1
[100]
T1,0,0,200,64
T2,1,0,172,20
T3,2,1,53,2
T4,3,1,127,18
[101]
T1,0,0,49,1
T2,1,0,142,2
T3,2,0,168,24
T4,3,1,200,82
[102]
T1,0,0,145,47
T2,1,0,36,4
T3,2,1,152,2
T4,3,1,200,30
[103]
T1,0,0,47,2
T2,1,1,200,66
T3,2,0,156,11
T4,3,0,96,13
[104]
T1,0,0,182,37
T2,1,1,26,1
T3,2,1,200,41
T4,3,0,134,19
[105]
T1,0,0,200,27
T2,1,0,37,7
T3,2,0,70,2
T4,3,1,198,50
[106]
T1,0,0,104,4
T2,1,0,26,6
T3,2,0,153,26
T4,3,0,200,26
[107]
T1,0,1,200,7
T2,1,0,133,30
T3,2,0,189,39
T4,3,0,35,4
[108]
T1,0,0,92,3
T2,1,1,200,46
T3,2,0,176,26
T4,3,1,33,5
[109]
T1,0,0,190,8
T2,1,1,102,24
T3,2,0,200,42
T4,3,0,21,2
[110]
T1,0,0,200,22
T2,1,1,157,19
T3,2,1,66,15
T4,3,1,42,5
[111]
T1,0,1,200,6
T2,1,1,99,17
T3,2,0,166,58
T4,3,0,41,1
[112]
T1,0,1,45,3
T2,1,0,117,1
T3,2,1,169,77
T4,3,0,200,8
[113]
T1,0,1,86,15
T2,1,1,32,5
T3,2,1,192,40
T4,3,1,200,6
[114]
T1,0,0,200,6
T2,1,0,188,2
T3,2,1,78,5
T4,3,0,32,15
[115]
T1,0,0,200,2
T2,1,0,34,14
T3,2,0,198,12
T4,3,1,144,15
[116]
T1,0,1,92,15
T2,1,0,148,37
T3,2,1,200,16
T4,3,1,21,1
[117]
T1,0,1,133,15
T2,1,1,49,12
T3,2,0,184,20
T4,3,0,200,23
[118]
T1,0,0,46,2
T2,1,0,154,5
T3,2,0,200,6
T4,3,1,130,61
[119]
T1,0,1,148,2
T2,1,0,90,22
T3,2,0,200,26
T4,3,1,34,6
[120]
T1,0,1,187,37
T2,1,1,50,9
T3,2,1,200,22
T4,3,1,101,10
[121]
T1,0,0,38,2
T2,1,0,186,53
T3,2,1,91,14
T4,3,0,200,19
[122]
T1,0,0,200,13
T2,1,0,21,5
T3,2,1,79,10
T4,3,1,179,29
[123]
T1,0,1,159,74
T2,1,1,40,1
T3,2,0,133,5
T4,3,1,200,12
[124]
T1,0,0,160,2
T2,1,1,20,3
T3,2,1,200,62
T4,3,1,85,6
[125]
T1,0,0,198,30
T2,1,0,26,8
T3,2,1,99,1
T4,3,0,200,22
[126]
T1,0,0,28,1
T2,1,1,129,21
T3,2,1,200,62
T4,3,0,188,12
[127]
T1,0,0,63,9
T2,1,1,200,17
T3,2,0,39,7
T4,3,0,148,26
[128]
T1,0,0,200,36
T2,1,1,35,2
T3,2,1,80,8
T4,3,0,165,48
[129]
T1,0,1,179,70
T2,1,0,50,1
T3,2,0,200,25
T4,3,0,90,4
[130]
T1,0,1,40,11
T2,1,1,200,31
T3,2,0,151,6
T4,3,0,81,8
[131]
T1,0,1,173,42
T2,1,1,24,1
T3,2,1,88,20
T4,3,1,200,15
[132]
T1,0,1,21,1
T2,1,1,64,2
T3,2,0,167,77
T4,3,1,200,1
[133]
T1,0,1,50,2
T2,1,1,121,24
T3,2,1,195,5
T4,3,1,200,71
[134]
T1,0,0,36,2
T2,1,1,200,8
T3,2,0,128,39
T4,3,0,164,40
[135]
T1,0,1,200,10
T2,1,0,20,2
T3,2,1,188,79
T4,3,1,136,2
[136]
T1,0,1,71,6
T2,1,1,23,3
T3,2,1,182,7
T4,3,1,200,60
[137]
T1,0,0,62,22
T2,1,1,200,6
T3,2,1,180,7
T4,3,1,51,8
[138]
T1,0,1,200,43
T2,1,0,187,45
T3,2,0,137,1
T4,3,1,33,4
[139]
T1,0,1,87,2
T2,1,1,30,8
T3,2,0,200,3
T4,3,0,184,46
[140]
T1,0,1,85,28
T2,1,0,32,4
T3,2,0,200,6
T4,3,0,184,16
[141]
T1,0,0,31,3
T2,1,1,192,69
T3,2,1,97,5
T4,3,1,200,13
[142]
T1,0,1,200,11
T2,1,0,30,13
T3,2,1,119,3
T4,3,1,155,8
[143]
T1,0,0,200,15
T2,1,0,40,14
T3,2,1,180,28
T4,3,1,146,2
[144]
T1,0,1,172,11
T2,1,0,20,5
T3,2,0,140,5
T4,3,1,200,46
[145]
T1,0,1,81,2
T2,1,1,200,36
T3,2,1,158,29
T4,3,1,20,4
[146]
T1,0,1,184,47
T2,1,0,200,19
T3,2,1,42,1
T4,3,0,126,26
[147]
T1,0,1,116,28
T2,1,1,162,13
T3,2,1,34,2
T4,3,0,200,50
[148]
T1,0,1,200,63
T2,1,0,46,2
T3,2,1,199,24
T4,3,1,139,19
[149]
T1,0,1,200,43
T2,1,0,100,14
T3,2,0,161,20
T4,3,0,35,3
[150]
T1,0,0,159,10
T2,1,1,32,6
T3,2,1,200,24
T4,3,0,136,26
[151]
T1,0,1,60,2
T2,1,1,49,22
T3,2,0,185,9
T4,3,1,200,16
[152]
T1,0,0,51,3
T2,1,1,200,32
T3,2,0,165,60
T4,3,1,126,2
[153]
T1,0,1,200,5
T2,1,0,85,33
T3,2,0,180,24
T4,3,1,22,2
[154]
T1,0,1,171,63
T2,1,1,58,2
T3,2,1,200,27
T4,3,0,35,1
[155]
T1,0,1,150,11
T2,1,0,22,6
T3,2,1,200,18
T4,3,0,119,18
[156]
T1,0,0,200,20
T2,1,1,24,5
T3,2,0,72,15
T4,3,0,154,10
[157]
T1,0,0,70,10
T2,1,0,33,2
T3,2,0,200,4
T4,3,1,182,66
[158]
T1,0,0,49,2
T2,1,0,127,36
T3,2,0,200,32
T4,3,0,162,23
[159]
T1,0,1,200,53
T2,1,1,26,2
T3,2,0,126,7
T4,3,1,148,26
[160]
T1,0,0,67,12
T2,1,0,22,2
T3,2,1,200,17
T4,3,0,157,50
[161]
T1,0,0,46,2
T2,1,0,186,76
T3,2,1,59,2
T4,3,0,200,26
[162]
T1,0,1,175,2
T2,1,0,200,96
T3,2,0,110,5
T4,3,0,28,1
[163]
T1,0,1,95,22
T2,1,0,200,49
T3,2,0,35,3
T4,3,1,170,1
[164]
T1,0,1,65,13
T2,1,0,159,39
T3,2,1,21,2
T4,3,0,200,25
[165]
T1,0,0,32,2
T2,1,0,190,43
T3,2,1,200,1
T4,3,0,66,17
[166]
T1,0,0,40,15
T2,1,1,200,8
T3,2,1,169,17
T4,3,0,105,6
[167]
T1,0,1,114,5
T2,1,0,177,86
T3,2,0,200,5
T4,3,0,48,1
[168]
T1,0,1,104,22
T2,1,0,25,2
T3,2,1,200,2
T4,3,0,167,47
[169]
T1,0,0,52,20
T2,1,0,200,18
T3,2,1,127,8
T4,3,0,176,9
[170]
T1,0,0,175,21
T2,1,1,200,15
T3,2,1,57,9
T4,3,0,47,11
[171]
T1,0,1,185,26
T2,1,1,113,21
T3,2,0,46,9
T4,3,0,200,11
[172]
T1,0,1,200,1
T2,1,0,33,1
T3,2,1,76,39
T4,3,0,194,4
[173]
T1,0,1,48,15
T2,1,0,174,36
T3,2,1,117,2
T4,3,1,200,7
[174]
T1,0,0,51,2
T2,1,0,200,57
T3,2,0,180,45
T4,3,0,81,3
[175]
T1,0,0,166,33
T2,1,1,122,38
T3,2,0,20,1
T4,3,1,200,1
[176]
T1,0,1,94,10
T2,1,1,48,4
T3,2,1,188,24
T4,3,1,200,53
[177]
T1,0,1,36,2
T2,1,0,194,96
T3,2,1,200,15
T4,3,1,124,2
[178]
T1,0,0,200,12
T2,1,1,37,10
T3,2,0,107,7
T4,3,0,172,30
[179]
T1,0,0,44,11
T2,1,0,83,1
T3,2,1,200,6
T4,3,0,169,50
[180]
T1,0,1,200,12
T2,1,1,188,53
T3,2,0,47,3
T4,3,0,75,13
[181]
T1,0,1,125,2
T2,1,0,46,3
T3,2,0,148,38
T4,3,1,200,48
[182]
T1,0,1,200,57
T2,1,0,118,2
T3,2,0,36,8
T4,3,1,179,8
[183]
T1,0,0,200,12
T2,1,1,182,29
T3,2,1,73,10
T4,3,0,32,7
[184]
T1,0,1,181,6
T2,1,1,200,6
T3,2,0,65,7
T4,3,0,52,21
[185]
T1,0,0,138,18
T2,1,0,192,20
T3,2,1,200,70
T4,3,0,38,2
[186]
T1,0,0,134,31
T2,1,0,48,1
T3,2,1,200,9
T4,3,0,156,44
[187]
T1,0,1,76,14
T2,1,1,200,34
T3,2,0,179,14
T4,3,0,38,5
[188]
T1,0,1,21,2
T2,1,1,200,24
T3,2,1,198,58
T4,3,0,90,13
[189]
T1,0,1,172,13
T2,1,0,200,33
T3,2,1,129,2
T4,3,0,52,18
[190]
T1,0,0,200,80
T2,1,1,167,22
T3,2,0,86,3
T4,3,1,46,1
[191]
T1,0,0,83,4
T2,1,0,176,4
T3,2,0,200,75
T4,3,0,39,5
[192]
T1,0,1,34,2
T2,1,1,200,38
T3,2,1,96,27
T4,3,0,161,17
[193]
T1,0,0,46,2
T2,1,0,200,11
T3,2,1,161,27
T4,3,1,119,39
[194]
T1,0,0,167,7
T2,1,0,200,2
T3,2,1,66,14
T4,3,0,32,10
[195]
T1,0,1,140,9
T2,1,0,150,51
T3,2,1,36,4
T4,3,0,200,11
[196]
T1,0,1,178,11
T2,1,1,23,1
T3,2,0,77,5
T4,3,1,200,83
[197]
T1,0,1,51,2
T2,1,1,164,2
T3,2,1,147,15
T4,3,1,200,86
[198]
T1,0,0,84,5
T2,1,0,180,55
T3,2,1,39,2
T4,3,0,200,39
[199]
T1,0,0,85,2
T2,1,0,200,35
T3,2,0,43,6
T4,3,1,154,40
[200]
T1,0,0,189,17
T2,1,1,200,5
T3,2,0,21,7
T4,3,0,116,12
[201]
T1,0,0,154,39
T2,1,0,200,20
T3,2,1,66,1
T4,3,0,46,9
[202]
T1,0,1,30,10
T2,1,0,200,9
T3,2,0,155,12
T4,3,0,87,10
[203]
T1,0,0,175,35
T2,1,0,28,2
T3,2,0,200,69
T4,3,0,127,5
[204]
T1,0,1,169,37
T2,1,0,26,1
T3,2,1,200,5
T4,3,1,138,40
[205]
T1,0,1,166,40
T2,1,1,96,9
T3,2,1,200,51
T4,3,1,31,2
[206]
T1,0,1,200,36
T2,1,1,23,1
T3,2,0,120,24
T4,3,0,150,24
[207]
T1,0,0,176,2
T2,1,0,31,2
T3,2,1,200,91
T4,3,1,123,16
[208]
T1,0,1,52,4
T2,1,0,58,3
T3,2,1,200,75
T4,3,0,165,13
[209]
T1,0,0,200,85
T2,1,1,84,2
T3,2,0,31,3
T4,3,0,198,8
[210]
T1,0,1,148,33
T2,1,0,44,5
T3,2,1,200,15
T4,3,1,111,19
[211]
T1,0,0,140,38
T2,1,0,32,3
T3,2,1,200,4
T4,3,1,152,30
[212]
T1,0,1,20,5
T2,1,0,163,32
T3,2,0,85,5
T4,3,0,200,11
[213]
T1,0,0,197,36
T2,1,0,25,7
T3,2,1,200,6
T4,3,1,142,14
[214]
T1,0,1,200,47
T2,1,0,36,5
T3,2,0,111,2
T4,3,1,164,34
[215]
T1,0,1,28,2
T2,1,0,81,6
T3,2,1,200,28
T4,3,0,191,71
[216]
T1,0,1,85,24
T2,1,1,200,6
T3,2,0,42,6
T4,3,1,184,22
[217]
T1,0,0,115,7
T2,1,1,174,2
T3,2,1,200,68
T4,3,0,34,6
[218]
T1,0,0,63,23
T2,1,1,180,1
T3,2,0,200,7
T4,3,1,54,9
[219]
T1,0,1,57,4
T2,1,1,51,11
T3,2,1,200,38
T4,3,0,159,16
[220]
T1,0,1,200,53
T2,1,0,199,23
T3,2,1,20,1
T4,3,1,123,15
[221]
T1,0,1,35,2
T2,1,0,200,30
T3,2,0,83,31
T4,3,1,151,2
[222]
T1,0,0,87,1
T2,1,0,49,11
T3,2,0,152,8
T4,3,0,200,59
[223]
T1,0,1,49,1
T2,1,0,189,23
T3,2,1,200,60
T4,3,0,65,9
[224]
T1,0,0,46,16
T2,1,0,199,15
T3,2,0,200,18
T4,3,0,78,6
[225]
T1,0,0,164,25
T2,1,0,200,10
T3,2,0,40,9
T4,3,0,116,18
[226]
T1,0,1,94,1
T2,1,0,200,27
T3,2,1,174,65
T4,3,0,23,1
[227]
T1,0,1,85,8
T2,1,1,164,39
T3,2,1,53,9
T4,3,0,200,14
[228]
T1,0,0,136,4
T2,1,1,158,20
T3,2,1,27,9
T4,3,0,200,20
[229]
T1,0,1,200,9
T2,1,1,192,22
T3,2,0,103,8
T4,3,1,52,18
[230]
T1,0,1,29,2
T2,1,1,200,17
T3,2,0,82,8
T4,3,1,175,68
[231]
T1,0,0,199,39
T2,1,0,200,60
T3,2,0,113,8
T4,3,0,45,2
[232]
T1,0,0,90,22
T2,1,0,200,64
T3,2,0,178,2
T4,3,0,26,2
[233]
T1,0,0,95,30
T2,1,0,149,10
T3,2,1,34,3
T4,3,0,200,21
[234]
T1,0,0,170,22
T2,1,1,143,2
T3,2,1,54,20
T4,3,1,200,17
[235]
T1,0,0,33,12
T2,1,1,180,1
T3,2,1,144,21
T4,3,0,200,12
[236]
T1,0,1,159,23
T2,1,0,136,6
T3,2,1,200,48
T4,3,1,53,8
[237]
T1,0,0,98,17
T2,1,0,184,21
T3,2,1,30,5
T4,3,0,200,23
[238]
T1,0,0,55,15
T2,1,1,148,29
T3,2,0,45,2
T4,3,0,200,23
[239]
T1,0,0,94,38
T2,1,0,200,7
T3,2,0,156,1
T4,3,1,23,3
[240]
T1,0,0,200,8
T2,1,0,90,20
T3,2,1,30,9
T4,3,1,195,1
[241]
T1,0,0,133,8
T2,1,0,26,2
T3,2,0,164,46
T4,3,1,200,34
[242]
T1,0,0,160,25
T2,1,0,80,17
T3,2,0,200,17
T4,3,0,50,6
[243]
T1,0,0,21,2
T2,1,1,200,2
T3,2,1,148,49
T4,3,0,116,15
[244]
T1,0,1,170,22
T2,1,0,41,1
T3,2,1,200,27
T4,3,0,57,17
[245]
T1,0,0,57,7
T2,1,1,22,6
T3,2,1,200,1
T4,3,1,173,28
[246]
T1,0,1,87,11
T2,1,0,42,6
T3,2,1,200,23
T4,3,0,198,37
[247]
T1,0,0,175,55
T2,1,1,22,2
T3,2,0,200,16
T4,3,0,58,5
[248]
T1,0,0,170,51
T2,1,0,39,3
T3,2,1,69,1
T4,3,0,200,39
[249]
T1,0,0,20,1
T2,1,0,193,54
T3,2,0,133,7
T4,3,0,200,38
[250]
T1,0,0,186,8
T2,1,0,32,14
T3,2,0,200,20
T4,3,1,56,2
[251]
T1,0,1,58,13
T2,1,0,45,2
T3,2,0,200,29
T4,3,0,182,29
[252]
T1,0,1,157,23
T2,1,1,42,3
T3,2,1,80,19
T4,3,0,200,22
[253]
T1,0,1,200,47
T2,1,0,113,2
T3,2,1,34,8
T4,3,0,185,14
[254]
T1,0,1,122,43
T2,1,1,167,11
T3,2,1,200,18
T4,3,1,44,3
[255]
T1,0,0,136,6
T2,1,0,200,2
T3,2,1,199,37
T4,3,1,28,10
[256]
T1,0,0,93,22
T2,1,1,190,8
T3,2,1,200,18
T4,3,1,50,10
[257]
T1,0,0,95,14
T2,1,0,50,9
T3,2,1,191,20
T4,3,0,200,32
[258]
T1,0,0,175,36
T2,1,0,200,11
T3,2,1,138,5
T4,3,0,40,11
[259]
T1,0,1,120,17
T2,1,0,54,4
T3,2,0,168,32
T4,3,0,200,34
[260]
T1,0,1,182,18
T2,1,1,200,63
T3,2,1,33,5
T4,3,0,137,1
[261]
T1,0,1,119,2
T2,1,0,53,8
T3,2,1,200,47
T4,3,1,192,34
[262]
T1,0,0,122,6
T2,1,1,38,1
T3,2,1,171,4
T4,3,1,200,94
[263]
T1,0,0,171,21
T2,1,1,61,2
T3,2,1,200,13
T4,3,0,54,21
[264]
T1,0,0,23,3
T2,1,0,152,2
T3,2,0,93,39
T4,3,1,200,2
[265]
T1,0,1,168,49
T2,1,1,21,5
T3,2,0,71,2
T4,3,1,200,9
[266]
T1,0,0,200,56
T2,1,0,112,20
T3,2,0,20,2
T4,3,0,192,2
[267]
T1,0,1,50,2
T2,1,1,55,15
T3,2,0,199,19
T4,3,0,200,35
[268]
T1,0,0,200,2
T2,1,0,49,19
T3,2,1,150,3
T4,3,0,117,22
[269]
T1,0,0,200,10
T2,1,0,73,8
T3,2,1,176,10
T4,3,1,21,7
[270]
T1,0,1,22,2
T2,1,0,200,4
T3,2,1,199,76
T4,3,1,104,8
[271]
T1,0,0,60,10
T2,1,0,168,35
T3,2,1,47,2
T4,3,1,200,31
[272]
T1,0,0,200,7
T2,1,1,132,49
T3,2,1,50,1
T4,3,0,149,23
[273]
T1,0,0,31,2
T2,1,0,200,55
T3,2,0,195,27
T4,3,1,107,18
[274]
T1,0,1,177,2
T2,1,1,200,58
T3,2,1,134,8
T4,3,1,28,6
[275]
T1,0,0,35,2
T2,1,1,174,31
T3,2,1,82,15
T4,3,0,200,31
[276]
T1,0,1,200,20
T2,1,0,148,11
T3,2,1,107,30
T4,3,0,53,7
[277]
T1,0,1,200,26
T2,1,0,48,2
T3,2,1,106,11
T4,3,0,179,54
[278]
T1,0,0,200,59
T2,1,1,190,2
T3,2,0,105,24
T4,3,1,39,2
[279]
T1,0,0,183,2
T2,1,1,78,1
T3,2,1,200,26
T4,3,0,51,22
[280]
T1,0,1,58,3
T2,1,0,171,48
T3,2,1,33,8
T4,3,0,200,1
[281]
T1,0,0,159,31
T2,1,1,146,9
T3,2,1,51,16
T4,3,0,200,1
[282]
T1,0,0,172,2
T2,1,0,147,65
T3,2,1,38,1
T4,3,0,200,25
[283]
T1,0,0,187,1
T2,1,0,200,50
T3,2,0,146,41
T4,3,0,50,2
[284]
T1,0,0,200,35
T2,1,1,159,6
T3,2,0,75,11
T4,3,1,30,6
[285]
T1,0,0,120,4
T2,1,0,45,9
T3,2,0,174,18
T4,3,1,200,50
[286]
T1,0,1,66,35
T2,1,0,154,6
T3,2,0,20,2
T4,3,0,200,2
[287]
T1,0,0,21,6
T2,1,1,79,12
T3,2,0,159,20
T4,3,0,200,1
[288]
T1,0,0,191,5
T2,1,0,200,48
T3,2,1,26,5
T4,3,0,106,11
[289]
T1,0,0,67,2
T2,1,0,23,1
T3,2,1,165,3
T4,3,1,200,105
[290]
T1,0,1,194,36
T2,1,1,107,20
T3,2,0,200,12
T4,3,0,34,5
[291]
T1,0,1,200,86
T2,1,0,22,2
T3,2,0,78,1
T4,3,0,169,1
[292]
T1,0,1,200,41
T2,1,0,157,10
T3,2,1,42,11
T4,3,1,111,5
[293]
T1,0,0,57,11
T2,1,1,35,3
T3,2,0,150,35
T4,3,1,200,16
[294]
T1,0,1,188,2
T2,1,1,24,7
T3,2,0,125,18
T4,3,0,200,29
[295]
T1,0,0,95,8
T2,1,1,200,31
T3,2,1,171,15
T4,3,0,48,12
[296]
T1,0,0,200,12
T2,1,1,31,2
T3,2,0,174,77
T4,3,0,143,2
[297]
T1,0,1,59,10
T2,1,0,175,29
T3,2,0,200,25
T4,3,0,44,5
[298]
T1,0,1,200,25
T2,1,1,74,4
T3,2,1,151,5
T4,3,0,48,17
[299]
T1,0,1,189,28
T2,1,1,35,3
T3,2,0,200,39
T4,3,0,70,10
[300]
T1,0,1,32,4
T2,1,1,200,56
T3,2,0,178,26
T4,3,1,110,2
[301]
T1,0,1,121,15
T2,1,1,37,7
T3,2,1,185,40
T4,3,0,200,10
[302]
T1,0,0,140,34
T2,1,1,200,26
T3,2,0,193,25
T4,3,0,22,2
[303]
T1,0,1,44,5
T2,1,0,170,14
T3,2,1,91,24
T4,3,0,200,21
[304]
T1,0,0,168,34
T2,1,0,126,15
T3,2,0,200,44
T4,3,0,38,1
[305]
T1,0,0,200,5
T2,1,0,31,10
T3,2,0,185,32
T4,3,0,119,6
[306]
T1,0,1,29,7
T2,1,0,114,1
T3,2,1,161,24
T4,3,0,200,38
[307]
T1,0,0,123,6
T2,1,1,200,71
T3,2,0,164,27
T4,3,0,27,2
[308]
T1,0,0,24,6
T2,1,1,196,36
T3,2,0,104,11
T4,3,0,200,5
[309]
T1,0,0,200,73
T2,1,1,39,4
T3,2,0,158,9
T4,3,1,102,6
[310]
T1,0,1,97,8
T2,1,0,162,36
T3,2,1,43,2
T4,3,1,200,57
[311]
T1,0,0,200,37
T2,1,1,109,22
T3,2,1,45,5
T4,3,1,150,12
[312]
T1,0,1,50,7
T2,1,0,118,47
T3,2,0,185,3
T4,3,0,200,5
[313]
T1,0,1,71,19
T2,1,0,172,20
T3,2,1,44,8
T4,3,0,200,2
[314]
T1,0,0,200,2
T2,1,1,88,30
T3,2,0,47,8
T4,3,0,150,11
[315]
T1,0,0,38,7
T2,1,1,93,22
T3,2,1,168,3
T4,3,1,200,25
[316]
T1,0,0,163,37
T2,1,0,200,69
T3,2,0,36,2
T4,3,0,108,2
[317]
T1,0,1,162,10
T2,1,0,200,45
T3,2,0,44,7
T4,3,1,107,15
[318]
T1,0,1,23,2
T2,1,0,180,61
T3,2,1,107,3
T4,3,1,200,21
[319]
T1,0,0,78,18
T2,1,1,200,52
T3,2,0,22,2
T4,3,0,192,2
[320]
T1,0,1,200,41
T2,1,0,86,30
T3,2,1,171,2
T4,3,0,21,2
[321]
T1,0,1,70,7
T2,1,0,200,60
T3,2,1,152,10
T4,3,0,35,4
[322]
T1,0,0,79,15
T2,1,0,200,8
T3,2,1,190,33
T4,3,1,21,3
[323]
T1,0,0,200,2
T2,1,0,56,21
T3,2,1,154,9
T4,3,0,53,7
[324]
T1,0,1,50,10
T2,1,0,200,47
T3,2,1,153,4
T4,3,0,82,10
[325]
T1,0,0,174,11
T2,1,1,59,5
T3,2,1,21,5
T4,3,0,200,36
[326]
T1,0,0,143,43
T2,1,1,200,36
T3,2,1,148,3
T4,3,1,35,3
[327]
T1,0,0,23,5
T2,1,1,56,1
T3,2,0,200,61
T4,3,1,158,7
[328]
T1,0,1,200,16
T2,1,1,49,4
T3,2,1,77,9
T4,3,1,186,55
[329]
T1,0,0,200,20
T2,1,0,74,12
T3,2,0,175,50
T4,3,1,48,1
[330]
T1,0,1,30,4
T2,1,1,124,29
T3,2,0,189,18
T4,3,1,200,25
[331]
T1,0,0,100,1
T2,1,0,161,6
T3,2,1,200,37
T4,3,1,54,19
[332]
T1,0,0,25,2
T2,1,0,200,64
T3,2,1,106,13
T4,3,1,157,7
[333]
T1,0,1,178,5
T2,1,0,71,13
T3,2,1,41,15
T4,3,0,200,1
[334]
T1,0,1,162,39
T2,1,1,53,7
T3,2,0,82,4
T4,3,1,200,33
[335]
T1,0,1,200,61
T2,1,1,46,9
T3,2,0,150,2
T4,3,1,72,5
[336]
T1,0,1,66,1
T2,1,0,200,5
T3,2,0,190,87
T4,3,1,36,2
[337]
T1,0,0,200,35
T2,1,1,143,8
T3,2,0,46,4
T4,3,1,182,49
[338]
T1,0,0,142,19
T2,1,0,196,62
T3,2,0,200,9
T4,3,1,52,5
[339]
T1,0,0,106,2
T2,1,1,183,14
T3,2,0,40,13
T4,3,1,200,31
[340]
T1,0,0,181,53
T2,1,0,200,3
T3,2,1,60,4
T4,3,0,23,4
[341]
T1,0,0,23,4
T2,1,0,181,19
T3,2,0,200,52
T4,3,1,72,3
[342]
T1,0,0,95,9
T2,1,1,31,8
T3,2,0,176,12
T4,3,1,200,30
[343]
T1,0,0,156,40
T2,1,1,35,6
T3,2,1,86,6
T4,3,1,200,15
[344]
T1,0,0,62,8
T2,1,1,200,43
T3,2,0,169,27
T4,3,0,26,1
[345]
T1,0,0,62,1
T2,1,0,200,44
T3,2,1,166,2
T4,3,0,41,13
[346]
T1,0,1,200,4
T2,1,1,119,27
T3,2,0,168,28
T4,3,0,25,4
[347]
T1,0,1,200,27
T2,1,1,169,13
T3,2,1,42,10
T4,3,0,125,16
[348]
T1,0,0,42,11
T2,1,1,200,2
T3,2,0,189,25
T4,3,1,79,14
[349]
T1,0,0,200,12
T2,1,1,147,18
T3,2,0,184,5
T4,3,1,34,12
[350]
T1,0,0,150,29
T2,1,1,61,9
T3,2,0,200,30
T4,3,0,21,1
[351]
T1,0,1,42,17
T2,1,1,200,6
T3,2,0,118,1
T4,3,0,187,24
[352]
T1,0,1,179,3
T2,1,0,42,2
T3,2,0,200,82
T4,3,0,141,14
[353]
T1,0,0,200,29
T2,1,0,123,21
T3,2,1,148,24
T4,3,1,31,3
[354]
T1,0,1,120,20
T2,1,0,24,2
T3,2,0,149,59
T4,3,0,200,6
[355]
T1,0,1,175,56
T2,1,0,20,2
T3,2,1,200,5
T4,3,1,104,12
[356]
T1,0,1,62,12
T2,1,1,198,13
T3,2,1,29,7
T4,3,0,200,18
[357]
T1,0,0,101,42
T2,1,0,199,8
T3,2,1,21,2
T4,3,0,200,3
[358]
T1,0,1,147,13
T2,1,1,83,23
T3,2,0,21,2
T4,3,1,200,43
[359]
T1,0,1,200,45
T2,1,1,25,3
T3,2,0,193,4
T4,3,0,107,23
[360]
T1,0,1,21,3
T2,1,0,173,29
T3,2,0,200,53
T4,3,0,147,2
[361]
T1,0,0,171,13
T2,1,0,44,9
T3,2,1,60,8
T4,3,1,200,32
[362]
T1,0,0,200,23
T2,1,0,178,38
T3,2,1,29,5
T4,3,0,71,5
[363]
T1,0,1,186,30
T2,1,1,37,11
T3,2,0,200,17
T4,3,0,123,3
[364]
T1,0,1,159,11
T2,1,0,34,3
T3,2,1,200,4
T4,3,1,83,34
[365]
T1,0,1,51,12
T2,1,1,200,65
T3,2,0,177,4
T4,3,0,122,1
[366]
T1,0,0,75,6
T2,1,0,152,24
T3,2,0,38,13
T4,3,1,200,1
[367]
T1,0,1,49,2
T2,1,0,175,12
T3,2,0,200,7
T4,3,1,108,47
[368]
T1,0,0,30,1
T2,1,1,182,5
T3,2,0,71,19
T4,3,1,200,46
[369]
T1,0,0,45,2
T2,1,1,77,4
T3,2,1,199,67
T4,3,0,200,37
[370]
T1,0,1,160,23
T2,1,0,53,19
T3,2,0,133,5
T4,3,0,200,7
[371]
T1,0,0,200,22
T2,1,0,154,33
T3,2,1,64,13
T4,3,1,38,2
[372]
T1,0,1,192,7
T2,1,1,27,3
T3,2,0,200,17
T4,3,1,81,27
[373]
T1,0,0,193,2
T2,1,1,140,46
T3,2,0,45,7
T4,3,1,200,18
[374]
T1,0,1,200,29
T2,1,1,30,1
T3,2,0,166,60
T4,3,1,144,7
[375]
T1,0,1,196,22
T2,1,1,32,4
T3,2,0,200,5
T4,3,1,135,42
[376]
T1,0,1,164,38
T2,1,1,125,13
T3,2,0,200,28
T4,3,0,22,2
[377]
T1,0,1,200,34
T2,1,1,53,3
T3,2,0,104,34
T4,3,0,192,4
[378]
T1,0,1,145,4
T2,1,1,46,2
T3,2,0,156,17
T4,3,1,200,82
[379]
T1,0,0,170,41
T2,1,0,200,33
T3,2,0,44,3
T4,3,0,71,7
[380]
T1,0,1,123,16
T2,1,0,24,1
T3,2,0,200,69
T4,3,0,154,6
[381]
T1,0,1,51,8
T2,1,0,156,30
T3,2,1,76,2
T4,3,1,200,47
[382]
T1,0,0,166,42
T2,1,0,200,45
T3,2,1,66,3
T4,3,0,43,2
[383]
T1,0,0,200,6
T2,1,1,119,19
T3,2,0,150,32
T4,3,1,48,8
[384]
T1,0,1,112,8
T2,1,0,35,3
T3,2,0,200,2
T4,3,0,162,66
[385]
T1,0,1,188,18
T2,1,1,31,3
T3,2,0,68,4
T4,3,1,200,65
[386]
T1,0,1,107,26
T2,1,0,171,24
T3,2,1,24,4
T4,3,1,200,3
[387]
T1,0,1,158,3
T2,1,1,37,8
T3,2,1,118,2
T4,3,1,200,66
[388]
T1,0,0,147,53
T2,1,1,56,2
T3,2,1,20,2
T4,3,0,200,9
[389]
T1,0,1,145,10
T2,1,0,200,46
T3,2,1,158,12
T4,3,0,39,8
[390]
T1,0,1,140,1
T2,1,1,200,11
T3,2,1,157,80
T4,3,1,23,2
[391]
T1,0,1,24,7
T2,1,0,200,18
T3,2,0,88,2
T4,3,0,198,36
[392]
T1,0,0,60,10
T2,1,0,200,3
T3,2,1,190,25
T4,3,0,37,9
[393]
T1,0,0,50,3
T2,1,0,66,11
T3,2,0,196,29
T4,3,1,200,42
[394]
T1,0,0,200,8
T2,1,0,199,38
T3,2,1,35,6
T4,3,0,70,11
[395]
T1,0,1,200,2
T2,1,0,36,12
T3,2,0,191,6
T4,3,0,94,21
[396]
T1,0,0,136,9
T2,1,1,200,7
T3,2,0,23,7
T4,3,0,151,26
[397]
T1,0,0,43,2
T2,1,1,88,13
T3,2,1,184,30
T4,3,1,200,43
[398]
T1,0,0,200,45
T2,1,1,44,10
T3,2,0,185,6
T4,3,1,121,11
[399]
T1,0,1,27,6
T2,1,1,200,19
T3,2,0,190,39
T4,3,0,138,6
[400]
T1,0,0,194,38
T2,1,1,39,7
T3,2,1,200,6
T4,3,0,64,10
[401]
T1,0,1,141,24
T2,1,1,200,18
T3,2,0,187,49
T4,3,0,50,3
[402]
T1,0,0,52,17
T2,1,1,187,9
T3,2,1,200,32
T4,3,0,93,4
[403]
T1,0,0,78,15
T2,1,0,168,35
T3,2,0,37,2
T4,3,0,200,27
[404]
T1,0,1,26,1
T2,1,1,191,58
T3,2,1,137,26
T4,3,1,200,4
[405]
T1,0,0,173,18
T2,1,1,35,1
T3,2,1,75,19
T4,3,1,200,37
[406]
T1,0,0,78,3
T2,1,0,200,98
T3,2,1,165,9
T4,3,1,52,2
[407]
T1,0,1,164,66
T2,1,1,74,2
T3,2,1,26,1
T4,3,0,200,26
[408]
T1,0,0,125,22
T2,1,1,200,22
T3,2,1,51,4
T4,3,0,154,33
[409]
T1,0,0,200,77
T2,1,1,24,2
T3,2,0,167,2
T4,3,1,107,19
[410]
T1,0,0,30,4
T2,1,1,146,17
T3,2,0,200,2
T4,3,1,183,61
[411]
T1,0,0,113,8
T2,1,1,38,15
T3,2,0,192,1
T4,3,0,200,24
[412]
T1,0,1,195,60
T2,1,1,200,6
T3,2,1,38,7
T4,3,1,58,2
[413]
T1,0,0,200,29
T2,1,0,50,13
T3,2,1,165,27
T4,3,1,80,2
[414]
T1,0,0,108,47
T2,1,1,200,2
T3,2,0,23,1
T4,3,0,153,11
[415]
T1,0,0,143,22
T2,1,1,191,58
T3,2,0,200,18
T4,3,1,46,2
[416]
T1,0,1,198,37
T2,1,1,43,3
T3,2,0,128,5
T4,3,0,200,57
[417]
T1,0,1,107,43
T2,1,1,53,9
T3,2,1,200,2
T4,3,1,188,2
[418]
T1,0,1,25,2
T2,1,0,179,82
T3,2,0,90,4
T4,3,0,200,17
[419]
T1,0,0,34,7
T2,1,1,112,24
T3,2,0,197,26
T4,3,0,200,6
[420]
T1,0,1,200,7
T2,1,0,110,11
T3,2,1,177,21
T4,3,1,38,12
[421]
T1,0,0,179,15
T2,1,0,66,2
T3,2,0,200,41
T4,3,0,26,7
[422]
T1,0,0,187,16
T2,1,0,52,2
T3,2,0,73,1
T4,3,0,200,86
[423]
T1,0,1,37,15
T2,1,0,111,2
T3,2,0,166,8
T4,3,0,200,19
[424]
T1,0,1,44,1
T2,1,0,174,11
T3,2,0,102,11
T4,3,1,200,77
[425]
T1,0,0,46,14
T2,1,0,200,8
T3,2,0,68,5
T4,3,1,159,28
[426]
T1,0,0,177,67
T2,1,0,200,22
T3,2,0,89,5
T4,3,0,30,1
[427]
T1,0,0,200,14
T2,1,0,183,10
T3,2,1,38,15
T4,3,0,86,6
[428]
T1,0,1,200,4
T2,1,1,66,2
T3,2,0,151,74
T4,3,1,32,2
[429]
T1,0,0,83,14
T2,1,1,30,7
T3,2,1,200,30
T4,3,1,176,5
[430]
T1,0,1,154,24
T2,1,1,60,2
T3,2,1,200,11
T4,3,0,35,13
[431]
T1,0,1,34,6
T2,1,0,78,3
T3,2,1,192,27
T4,3,0,200,44
[432]
T1,0,1,56,2
T2,1,1,178,44
T3,2,1,200,51
T4,3,0,49,2
[433]
T1,0,0,111,6
T2,1,1,42,12
T3,2,1,193,22
T4,3,1,200,26
[434]
T1,0,1,200,21
T2,1,0,39,5
T3,2,0,178,6
T4,3,0,100,32
[435]
T1,0,0,54,17
T2,1,0,200,17
T3,2,0,175,27
T4,3,1,99,2
[436]
T1,0,1,137,36
T2,1,1,152,29
T3,2,0,36,2
T4,3,0,200,13
[437]
T1,0,0,200,1
T2,1,0,31,7
T3,2,1,190,65
T4,3,1,112,2
[438]
T1,0,0,200,42
T2,1,1,82,12
T3,2,0,30,2
T4,3,0,153,31
[439]
T1,0,0,28,2
T2,1,0,200,25
T3,2,0,95,24
T4,3,1,187,19
[440]
T1,0,0,200,28
T2,1,1,99,12
T3,2,0,40,13
T4,3,0,181,1
[441]
T1,0,0,200,47
T2,1,1,167,11
T3,2,0,24,3
T4,3,1,54,7
[442]
T1,0,0,200,37
T2,1,0,40,9
T3,2,0,189,27
T4,3,0,129,4
[443]
T1,0,1,58,15
T2,1,1,200,8
T3,2,0,26,5
T4,3,1,186,11
[444]
T1,0,1,32,1
T2,1,1,180,70
T3,2,0,86,3
T4,3,1,200,24
[445]
T1,0,0,200,39
T2,1,0,199,14
T3,2,1,32,3
T4,3,1,141,30
[446]
T1,0,0,134,26
T2,1,0,200,23
T3,2,1,178,29
T4,3,0,34,4
[447]
T1,0,0,200,12
T2,1,0,62,6
T3,2,1,45,11
T4,3,1,195,32
[448]
T1,0,1,200,77
T2,1,1,110,15
T3,2,0,20,1
T4,3,1,178,2
[449]
T1,0,0,41,2
T2,1,1,200,29
T3,2,1,124,6
T4,3,1,148,56
[450]
T1,0,0,20,2
T2,1,1,200,57
T3,2,0,119,21
T4,3,0,150,13
[451]
T1,0,0,160,32
T2,1,0,200,4
T3,2,1,47,6
T4,3,1,59,14
[452]
T1,0,1,168,13
T2,1,1,200,6
T3,2,1,23,10
T4,3,0,81,1
[453]
T1,0,0,24,4
T2,1,0,71,3
T3,2,1,154,42
T4,3,0,200,20
[454]
T1,0,0,89,40
T2,1,0,196,10
T3,2,0,200,3
T4,3,0,30,2
[455]
T1,0,0,169,2
T2,1,1,38,2
T3,2,1,55,19
T4,3,0,200,42
[456]
T1,0,1,200,35
T2,1,0,155,22
T3,2,0,48,1
T4,3,1,108,26
[457]
T1,0,1,22,2
T2,1,1,200,15
T3,2,1,56,12
T4,3,0,165,31
[458]
T1,0,1,44,6
T2,1,1,168,10
T3,2,1,135,51
T4,3,1,200,2
[459]
T1,0,0,180,20
T2,1,1,24,3
T3,2,1,89,19
T4,3,1,200,26
[460]
T1,0,0,190,17
T2,1,1,40,2
T3,2,1,111,34
T4,3,1,200,39
[461]
T1,0,0,191,69
T2,1,0,40,3
T3,2,1,114,17
T4,3,1,200,2
[462]
T1,0,0,42,11
T2,1,0,200,31
T3,2,1,164,19
T4,3,1,110,4
[463]
T1,0,1,130,7
T2,1,1,200,34
T3,2,0,160,28
T4,3,1,50,9
[464]
T1,0,0,151,1
T2,1,1,30,4
T3,2,0,200,67
T4,3,1,134,13
[465]
T1,0,0,200,5
T2,1,1,168,18
T3,2,0,58,2
T4,3,0,51,22
[466]
T1,0,1,185,1
T2,1,0,106,48
T3,2,1,200,22
T4,3,1,35,2
[467]
T1,0,1,200,52
T2,1,0,48,7
T3,2,1,151,1
T4,3,0,62,10
[468]
T1,0,1,121,2
T2,1,1,166,57
T3,2,1,200,13
T4,3,1,34,5
[469]
T1,0,0,104,3
T2,1,0,176,40
T3,2,1,200,25
T4,3,1,29,5
[470]
T1,0,0,76,2
T2,1,0,180,75
T3,2,0,200,25
T4,3,1,30,1
[471]
T1,0,1,200,10
T2,1,0,195,26
T3,2,1,126,51
T4,3,1,27,2
[472]
T1,0,0,149,21
T2,1,1,50,2
T3,2,1,147,42
T4,3,1,200,30
[473]
T1,0,1,155,14
T2,1,0,76,6
T3,2,0,200,29
T4,3,1,29,7
[474]
T1,0,1,136,67
T2,1,1,35,2
T3,2,0,200,15
T4,3,0,156,1
[475]
T1,0,0,200,24
T2,1,1,63,8
T3,2,0,34,6
T4,3,1,164,23
[476]
T1,0,0,200,43
T2,1,0,36,11
T3,2,1,106,1
T4,3,1,180,7
[477]
T1,0,0,22,4
T2,1,1,92,23
T3,2,0,171,2
T4,3,1,200,27
[478]
T1,0,1,194,3
T2,1,1,27,7
T3,2,1,134,9
T4,3,0,200,48
[479]
T1,0,1,30,1
T2,1,1,84,8
T3,2,1,175,2
T4,3,1,200,85
[480]
T1,0,0,194,28
T2,1,0,38,4
T3,2,1,200,20
T4,3,1,104,23
[481]
T1,0,0,122,50
T2,1,0,187,1
T3,2,1,24,2
T4,3,0,200,10
[482]
T1,0,1,157,1
T2,1,0,54,22
T3,2,0,200,33
T4,3,0,120,2
[483]
T1,0,1,103,3
T2,1,1,166,61
T3,2,1,200,27
T4,3,0,21,1
[484]
T1,0,0,200,15
T2,1,1,139,57
T3,2,0,175,4
T4,3,1,24,2
[485]
T1,0,1,148,46
T2,1,1,112,4
T3,2,1,200,40
T4,3,0,42,1
[486]
T1,0,1,39,2
T2,1,0,152,49
T3,2,0,62,14
T4,3,0,200,4
[487]
T1,0,1,20,2
T2,1,0,200,88
T3,2,0,196,2
T4,3,1,72,8
[488]
T1,0,1,49,2
T2,1,0,99,14
T3,2,0,200,84
T4,3,1,184,2
[489]
T1,0,1,113,24
T2,1,1,200,34
T3,2,1,166,33
T4,3,1,20,2
[490]
T1,0,0,48,16
T2,1,0,200,21
T3,2,1,70,1
T4,3,1,198,24
[491]
T1,0,1,169,65
T2,1,0,79,5
T3,2,1,200,5
T4,3,1,35,3
[492]
T1,0,1,200,20
T2,1,1,100,17
T3,2,1,50,7
T4,3,0,161,29
[493]
T1,0,1,39,14
T2,1,1,150,2
T3,2,0,124,23
T4,3,0,200,4
[494]
T1,0,1,84,6
T2,1,0,162,17
T3,2,1,22,2
T4,3,0,200,83
[495]
T1,0,1,51,8
T2,1,0,200,67
T3,2,1,99,2
T4,3,0,164,11
[496]
T1,0,1,27,3
T2,1,1,151,2
T3,2,0,200,12
T4,3,0,121,49
[497]
T1,0,1,175,13
T2,1,1,126,25
T3,2,1,200,6
T4,3,0,34,9
[498]
T1,0,0,200,29
T2,1,0,45,5
T3,2,0,131,42
T4,3,1,172,2
[499]
T1,0,1,150,57
T2,1,1,108,3
T3,2,1,50,1
T4,3,0,200,32
[500]
T1,0,1,167,12
T2,1,0,94,10
T3,2,1,200,1
T4,3,0,45,18
