num_task_per_taskset=4
num_taskset=500
//ID,Priority,Offset,Period,Execution Time
[1]
T1,0,1,170,71
T2,1,0,200,35
T3,2,1,31,3
T4,3,1,100,2
[2]
T1,0,1,200,9
T2,1,1,167,17
T3,2,1,30,10
T4,3,0,87,17
[3]
T1,0,1,200,84
T2,1,0,46,2
T3,2,0,55,5
T4,3,0,194,25
[4]
T1,0,0,200,34
T2,1,0,64,3
T3,2,1,23,10
T4,3,1,162,3
[5]
T1,0,1,133,9
T2,1,0,28,9
T3,2,0,160,33
T4,3,0,200,16
[6]
T1,0,0,200,17
T2,1,0,63,19
T3,2,0,25,1
T4,3,1,172,43
[7]
T1,0,1,101,23
T2,1,0,200,14
T3,2,0,162,36
T4,3,0,41,6
[8]
T1,0,1,200,9
T2,1,1,114,25
T3,2,0,46,11
T4,3,1,159,27
[9]
T1,0,1,200,14
T2,1,1,66,9
T3,2,1,43,19
T4,3,0,188,3
[10]
T1,0,0,21,2
T2,1,1,192,1
T3,2,1,122,59
T4,3,0,200,17
[11]
T1,0,0,48,21
T2,1,1,176,13
T3,2,1,200,3
T4,3,0,103,15
[12]
T1,0,1,182,41
T2,1,1,54,6
T3,2,1,200,50
T4,3,1,48,4
[13]
T1,0,1,200,2
T2,1,1,170,28
T3,2,0,71,16
T4,3,0,32,9
[14]
T1,0,0,47,1
T2,1,1,200,26
T3,2,0,150,43
T4,3,0,124,29
[15]
T1,0,1,73,14
T2,1,1,165,5
T3,2,0,200,10
T4,3,0,30,12
[16]
T1,0,0,200,4
T2,1,0,141,7
T3,2,0,168,6
T4,3,0,33,19
[17]
T1,0,0,200,18
T2,1,0,156,33
T3,2,1,37,11
T4,3,0,89,5
[18]
T1,0,0,153,34
T2,1,0,67,5
T3,2,1,46,16
T4,3,0,200,9
[19]
T1,0,1,191,61
T2,1,1,38,11
T3,2,0,200,2
T4,3,1,67,4
[20]
T1,0,1,188,76
T2,1,1,41,2
T3,2,1,200,34
T4,3,0,140,9
[21]
T1,0,1,45,1
T2,1,1,144,47
T3,2,0,190,45
T4,3,1,200,20
[22]
T1,0,0,104,9
T2,1,0,200,15
T3,2,0,161,27
T4,3,1,49,17
[23]
T1,0,0,200,4
T2,1,1,23,5
T3,2,1,129,14
T4,3,0,197,66
[24]
T1,0,0,75,17
T2,1,1,200,8
T3,2,0,48,16
T4,3,1,195,16
[25]
T1,0,0,45,6
T2,1,0,200,45
T3,2,0,69,22
T4,3,0,175,3
[26]
T1,0,0,97,7
T2,1,1,22,5
T3,2,1,200,44
T4,3,0,178,29
[27]
T1,0,1,190,28
T2,1,0,200,49
T3,2,1,63,2
T4,3,0,20,5
[28]
T1,0,0,200,41
T2,1,1,164,37
T3,2,0,44,7
T4,3,1,55,4
[29]
T1,0,0,25,5
T2,1,0,138,30
T3,2,1,149,8
T4,3,0,200,36
[30]
T1,0,1,157,3
T2,1,0,122,17
T3,2,1,38,7
T4,3,0,200,70
[31]
T1,0,0,200,57
T2,1,0,60,17
T3,2,0,50,2
T4,3,1,149,10
[32]
T1,0,0,200,65
T2,1,0,175,37
T3,2,0,41,1
T4,3,0,80,10
[33]
T1,0,0,196,12
T2,1,1,200,16
T3,2,0,113,35
T4,3,1,27,6
[34]
T1,0,1,48,7
T2,1,0,200,22
T3,2,0,169,34
T4,3,0,92,19
[35]
T1,0,1,200,48
T2,1,0,48,15
T3,2,1,57,2
T4,3,1,183,17
[36]
T1,0,1,76,5
T2,1,0,180,8
T3,2,0,200,95
T4,3,0,37,3
[37]
T1,0,1,66,11
T2,1,0,197,19
T3,2,1,46,2
T4,3,0,200,81
[38]
T1,0,1,188,31
T2,1,1,40,3
T3,2,1,200,71
T4,3,1,85,6
[39]
T1,0,1,160,9
T2,1,0,69,1
T3,2,1,200,40
T4,3,1,46,19
[40]
T1,0,1,200,46
T2,1,0,36,5
T3,2,0,159,42
T4,3,0,115,4
[41]
T1,0,1,54,22
T2,1,0,192,23
T3,2,1,128,16
T4,3,1,200,6
[42]
T1,0,1,107,17
T2,1,0,25,1
T3,2,1,156,55
T4,3,0,200,22
[43]
T1,0,1,200,10
T2,1,0,26,3
T3,2,1,63,23
T4,3,1,189,23
[44]
T1,0,1,200,25
T2,1,1,24,5
T3,2,1,174,1
T4,3,0,131,46
[45]
T1,0,0,200,64
T2,1,1,40,6
T3,2,1,105,14
T4,3,0,195,16
[46]
T1,0,1,32,2
T2,1,1,200,107
T3,2,1,199,20
T4,3,1,111,4
[47]
T1,0,0,200,2
T2,1,1,20,2
T3,2,0,190,82
T4,3,1,56,12
[48]
T1,0,1,154,39
T2,1,0,103,5
T3,2,1,200,36
T4,3,1,35,7
[49]
T1,0,1,128,10
T2,1,1,45,4
T3,2,0,195,3
T4,3,1,200,102
[50]
T1,0,0,103,6
T2,1,1,200,43
T3,2,0,37,13
T4,3,0,156,6
[51]
T1,0,1,200,36
T2,1,0,188,83
T3,2,0,32,1
T4,3,0,71,2
[52]
T1,0,0,200,6
T2,1,0,46,2
T3,2,0,152,54
T4,3,0,105,30
[53]
T1,0,0,200,28
T2,1,0,153,34
T3,2,1,39,11
T4,3,0,64,3
[54]
T1,0,1,36,2
T2,1,0,200,12
T3,2,1,138,80
T4,3,1,185,7
[55]
T1,0,0,61,11
T2,1,0,200,86
T3,2,1,53,1
T4,3,1,188,8
[56]
T1,0,1,148,21
T2,1,1,53,1
T3,2,0,83,1
T4,3,1,200,101
[57]
T1,0,0,35,6
T2,1,0,200,29
T3,2,0,197,36
T4,3,1,147,27
[58]
T1,0,1,84,8
T2,1,1,36,4
T3,2,1,154,39
T4,3,1,200,40
[59]
T1,0,1,125,1
T2,1,0,39,1
T3,2,1,200,50
T4,3,1,152,62
[60]
T1,0,0,142,30
T2,1,0,151,2
T3,2,1,31,13
T4,3,1,200,8
[61]
T1,0,1,21,6
T2,1,1,189,55
T3,2,0,200,11
T4,3,1,66,2
[62]
T1,0,1,152,11
T2,1,0,27,2
T3,2,0,128,17
T4,3,0,200,97
[63]
T1,0,1,55,23
T2,1,0,48,8
T3,2,1,200,16
T4,3,0,188,4
[64]
T1,0,0,46,4
T2,1,1,102,36
T3,2,1,200,45
T4,3,1,166,3
[65]
T1,0,0,196,7
T2,1,1,200,3
T3,2,1,27,13
T4,3,0,98,14
[66]
T1,0,1,122,2
T2,1,1,179,74
T3,2,1,200,43
T4,3,0,44,1
[67]
T1,0,1,95,13
T2,1,0,200,61
T3,2,1,46,3
T4,3,1,149,25
[68]
T1,0,1,183,9
T2,1,1,25,7
T3,2,1,88,15
T4,3,0,200,30
[69]
T1,0,1,26,1
T2,1,1,162,12
T3,2,0,200,5
T4,3,1,123,66
[70]
T1,0,1,152,3
T2,1,1,50,15
T3,2,1,105,27
T4,3,1,200,21
[71]
T1,0,0,157,32
T2,1,0,200,65
T3,2,0,28,1
T4,3,0,131,12
[72]
T1,0,1,96,11
T2,1,1,200,3
T3,2,0,50,12
T4,3,1,166,50
[73]
T1,0,0,194,66
T2,1,1,65,6
T3,2,1,34,5
T4,3,0,200,19
[74]
T1,0,0,40,2
T2,1,0,55,23
T3,2,0,200,4
T4,3,1,186,36
[75]
T1,0,1,85,4
T2,1,0,200,9
T3,2,1,37,4
T4,3,0,178,88
[76]
T1,0,1,199,33
T2,1,0,200,18
T3,2,0,59,10
T4,3,0,45,11
[77]
T1,0,1,128,3
T2,1,0,20,1
T3,2,1,185,19
T4,3,0,200,99
[78]
T1,0,1,155,64
T2,1,1,118,5
T3,2,1,45,7
T4,3,0,200,12
[79]
T1,0,0,172,25
T2,1,0,36,8
T3,2,0,67,18
T4,3,1,200,9
[80]
T1,0,1,194,12
T2,1,1,52,16
T3,2,1,123,12
T4,3,1,200,40
[81]
T1,0,1,29,7
T2,1,1,200,28
T3,2,1,195,29
T4,3,1,118,16
[82]
T1,0,0,190,7
T2,1,0,200,8
T3,2,0,45,25
T4,3,1,135,8
[83]
T1,0,1,200,9
T2,1,1,170,61
T3,2,1,58,13
T4,3,0,30,1
[84]
T1,0,1,183,20
T2,1,1,30,8
T3,2,0,139,44
T4,3,0,200,2
[85]
T1,0,0,200,14
T2,1,0,158,40
T3,2,1,53,4
T4,3,0,77,21
[86]
T1,0,0,28,2
T2,1,1,150,86
T3,2,0,62,5
T4,3,0,200,6
[87]
T1,0,0,157,29
T2,1,1,200,34
T3,2,1,123,8
T4,3,0,26,6
[88]
T1,0,0,200,69
T2,1,1,57,8
T3,2,1,160,23
T4,3,1,47,2
[89]
T1,0,0,200,42
T2,1,1,36,3
T3,2,0,86,16
T4,3,0,152,32
[90]
T1,0,0,169,39
T2,1,1,44,10
T3,2,0,128,25
T4,3,1,200,4
[91]
T1,0,1,46,1
T2,1,0,200,88
T3,2,0,84,18
T4,3,0,170,2
[92]
T1,0,1,28,3
T2,1,0,171,10
T3,2,0,132,60
T4,3,1,200,13
[93]
T1,0,0,42,7
T2,1,0,174,51
T3,2,1,200,37
T4,3,1,84,2
[94]
T1,0,1,200,8
T2,1,0,25,2
T3,2,1,146,40
T4,3,1,149,38
[95]
T1,0,1,91,26
T2,1,1,200,19
T3,2,0,168,34
T4,3,1,25,2
[96]
T1,0,1,180,9
T2,1,0,104,16
T3,2,0,200,35
T4,3,1,49,15
[97]
T1,0,0,183,14
T2,1,0,129,13
T3,2,0,25,2
T4,3,1,200,85
[98]
T1,0,1,26,9
T2,1,1,175,2
T3,2,1,200,6
T4,3,0,87,25
[99]
T1,0,1,32,18
T2,1,1,91,1
T3,2,1,161,15
T4,3,0,200,2
[100]
T1,0,1,43,15
T2,1,1,116,15
T3,2,0,200,30
T4,3,1,162,7
[101]
T1,0,0,47,16
T2,1,0,200,15
T3,2,1,134,18
T4,3,1,196,24
[102]
T1,0,0,200,76
T2,1,0,132,4
T3,2,0,158,9
T4,3,0,38,8
[103]
T1,0,0,34,12
T2,1,1,156,37
T3,2,1,133,2
T4,3,0,200,21
[104]
T1,0,1,23,4
T2,1,1,158,29
T3,2,0,62,15
T4,3,0,200,17
[105]
T1,0,0,170,20
T2,1,0,34,2
T3,2,0,200,88
T4,3,1,66,3
[106]
T1,0,0,132,30
T2,1,0,200,21
T3,2,1,148,41
T4,3,0,45,3
[107]
T1,0,0,117,7
T2,1,1,171,77
T3,2,0,20,2
T4,3,1,200,28
[108]
T1,0,0,200,97
T2,1,0,105,3
T3,2,1,21,2
T4,3,0,177,30
[109]
T1,0,0,200,38
T2,1,1,56,4
T3,2,1,20,1
T4,3,0,157,52
[110]
T1,0,1,101,23
T2,1,1,25,2
T3,2,0,200,63
T4,3,1,181,19
[111]
T1,0,0,82,12
T2,1,0,34,7
T3,2,0,200,48
T4,3,1,175,17
[112]
T1,0,1,161,49
T2,1,1,200,41
T3,2,1,22,1
T4,3,0,127,17
[113]
T1,0,1,200,31
T2,1,1,116,1
T3,2,0,22,4
T4,3,1,150,52
[114]
T1,0,0,172,5
T2,1,1,67,1
T3,2,1,200,114
T4,3,0,33,2
[115]
T1,0,1,194,17
T2,1,1,55,5
T3,2,1,200,58
T4,3,1,50,11
[116]
T1,0,1,144,65
T2,1,1,181,14
T3,2,0,200,15
T4,3,0,35,2
[117]
T1,0,0,175,2
T2,1,0,42,2
T3,2,0,69,7
T4,3,0,200,111
[118]
T1,0,1,23,2
T2,1,1,158,1
T3,2,1,200,48
T4,3,1,128,45
[119]
T1,0,1,200,22
T2,1,1,53,16
T3,2,1,190,15
T4,3,1,77,14
[120]
T1,0,1,42,4
T2,1,1,183,49
T3,2,1,200,43
T4,3,0,71,7
[121]
T1,0,1,118,18
T2,1,1,200,71
T3,2,0,191,25
T4,3,0,34,1
[122]
T1,0,0,87,25
T2,1,1,184,23
T3,2,0,200,39
T4,3,0,21,1
[123]
T1,0,0,184,72
T2,1,0,100,9
T3,2,0,200,39
T4,3,1,33,2
[124]
T1,0,1,194,69
T2,1,1,200,5
T3,2,1,70,13
T4,3,0,23,2
[125]
T1,0,0,23,5
T2,1,0,177,11
T3,2,0,200,46
T4,3,1,90,13
[126]
T1,0,0,70,2
T2,1,1,200,92
T3,2,1,195,28
T4,3,1,32,2
[127]
T1,0,0,179,17
T2,1,0,36,2
T3,2,1,200,74
T4,3,1,121,20
[128]
T1,0,1,200,10
T2,1,1,104,53
T3,2,1,171,1
T4,3,1,28,3
[129]
T1,0,0,30,6
T2,1,0,101,10
T3,2,0,200,44
T4,3,1,148,24
[130]
T1,0,1,63,5
T2,1,1,160,36
T3,2,1,49,13
T4,3,0,200,19
[131]
T1,0,0,23,2
T2,1,1,150,3
T3,2,1,200,23
T4,3,1,93,50
[132]
T1,0,1,89,24
T2,1,0,200,10
T3,2,1,22,2
T4,3,0,149,52
[133]
T1,0,1,127,7
T2,1,0,25,2
T3,2,0,200,83
T4,3,0,199,42
[134]
T1,0,1,200,63
T2,1,1,102,3
T3,2,1,179,11
T4,3,1,42,11
[135]
T1,0,0,153,6
T2,1,0,200,87
T3,2,1,39,2
T4,3,1,109,17
[136]
T1,0,1,21,11
T2,1,1,189,2
T3,2,1,200,7
T4,3,1,84,10
[137]
T1,0,1,200,7
T2,1,1,187,19
T3,2,1,97,19
T4,3,1,26,9
[138]
T1,0,1,200,5
T2,1,1,79,37
T3,2,0,38,2
T4,3,0,170,29
[139]
T1,0,0,44,1
T2,1,1,119,66
T3,2,0,162,2
T4,3,0,200,22
[140]
T1,0,0,98,31
T2,1,0,168,17
T3,2,1,200,12
T4,3,0,24,5
[141]
T1,0,0,38,10
T2,1,0,153,44
T3,2,0,200,19
T4,3,0,78,3
[142]
T1,0,0,200,8
T2,1,0,42,16
T3,2,1,121,4
T4,3,1,180,40
[143]
T1,0,0,50,14
T2,1,0,200,37
T3,2,0,123,19
T4,3,1,181,12
[144]
T1,0,1,96,2
T2,1,0,45,2
T3,2,1,200,13
T4,3,0,149,91
[145]
T1,0,1,93,23
T2,1,1,166,31
T3,2,0,45,5
T4,3,0,200,28
[146]
T1,0,1,178,73
T2,1,1,123,5
T3,2,1,46,1
T4,3,1,200,42
[147]
T1,0,0,185,3
T2,1,0,73,13
T3,2,0,200,38
T4,3,0,51,15
[148]
T1,0,0,200,109
T2,1,0,165,6
T3,2,0,87,5
T4,3,0,51,2
[149]
T1,0,1,200,13
T2,1,0,162,70
T3,2,0,117,22
T4,3,1,51,2
[150]
T1,0,1,118,27
T2,1,1,200,46
T3,2,0,162,36
T4,3,0,23,2
[151]
T1,0,0,61,1
T2,1,0,176,56
T3,2,1,200,19
T4,3,1,24,6
[152]
T1,0,0,21,11
T2,1,0,173,12
T3,2,1,200,8
T4,3,1,129,6
[153]
T1,0,1,200,57
T2,1,0,80,4
T3,2,0,156,55
T4,3,1,43,2
[154]
T1,0,1,30,3
T2,1,0,151,67
T3,2,1,93,11
T4,3,1,200,1
[155]
T1,0,0,34,9
T2,1,0,200,14
T3,2,1,132,12
T4,3,1,183,45
[156]
T1,0,0,155,1
T2,1,1,139,19
T3,2,0,25,6
T4,3,1,200,58
[157]
T1,0,1,189,70
T2,1,1,21,3
T3,2,0,200,15
T4,3,0,142,12
[158]
T1,0,1,200,2
T2,1,1,42,15
T3,2,0,194,56
T4,3,1,82,2
[159]
T1,0,0,200,12
T2,1,1,22,4
T3,2,0,98,9
T4,3,1,156,48
[160]
T1,0,0,200,84
T2,1,1,42,3
T3,2,0,80,5
T4,3,0,173,22
[161]
T1,0,0,73,4
T2,1,1,200,36
T3,2,0,35,11
T4,3,0,178,24
[162]
T1,0,0,168,46
T2,1,1,200,32
T3,2,0,146,2
T4,3,1,35,8
[163]
T1,0,1,188,3
T2,1,1,200,77
T3,2,0,90,26
T4,3,0,40,2
[164]
T1,0,1,24,2
T2,1,1,199,73
T3,2,1,200,43
T4,3,0,66,1
[165]
T1,0,1,39,2
T2,1,0,200,16
T3,2,0,73,30
T4,3,1,170,34
[166]
T1,0,1,200,1
T2,1,0,100,9
T3,2,1,196,13
T4,3,1,48,25
[167]
T1,0,1,91,39
T2,1,0,28,4
T3,2,1,181,4
T4,3,0,200,15
[168]
T1,0,0,48,20
T2,1,0,96,14
T3,2,0,168,13
T4,3,1,200,8
[169]
T1,0,0,182,79
T2,1,0,32,1
T3,2,1,200,17
T4,3,0,143,18
[170]
T1,0,0,186,56
T2,1,0,33,6
T3,2,0,112,12
T4,3,1,200,19
[171]
T1,0,1,69,8
T2,1,1,200,62
T3,2,1,194,15
T4,3,1,39,6
[172]
T1,0,1,171,13
T2,1,0,200,23
T3,2,1,141,9
T4,3,0,40,17
[173]
T1,0,0,35,8
T2,1,1,195,28
T3,2,0,200,7
T4,3,0,107,27
[174]
T1,0,0,109,7
T2,1,1,155,36
T3,2,0,35,9
T4,3,1,200,25
[175]
T1,0,1,200,56
T2,1,1,35,2
T3,2,0,57,6
T4,3,0,170,48
[176]
T1,0,1,181,64
T2,1,1,62,3
T3,2,0,200,6
T4,3,0,50,12
[177]
T1,0,0,117,43
T2,1,1,165,26
T3,2,1,53,6
T4,3,1,200,9
[178]
T1,0,1,69,2
T2,1,1,194,59
T3,2,0,45,5
T4,3,0,200,47
[179]
T1,0,0,93,2
T2,1,1,152,9
T3,2,1,28,3
T4,3,1,200,94
[180]
T1,0,1,50,12
T2,1,1,83,2
T3,2,0,200,26
T4,3,1,192,55
[181]
T1,0,1,200,12
T2,1,1,69,2
T3,2,1,25,11
T4,3,0,185,26
[182]
T1,0,0,111,13
T2,1,1,22,1
T3,2,0,200,10
T4,3,0,194,87
[183]
T1,0,0,170,48
T2,1,1,200,23
T3,2,1,29,7
T4,3,0,82,2
[184]
T1,0,1,147,44
T2,1,0,55,3
T3,2,0,200,12
T4,3,1,45,11
[185]
T1,0,1,132,6
T2,1,1,200,3
T3,2,1,169,68
T4,3,1,30,6
[186]
T1,0,0,33,2
T2,1,1,200,98
T3,2,1,162,3
T4,3,0,75,8
[187]
T1,0,1,180,14
T2,1,1,200,60
T3,2,1,72,12
T4,3,1,38,5
[188]
T1,0,0,177,28
T2,1,1,22,1
T3,2,1,90,16
T4,3,0,200,60
[189]
T1,0,1,75,11
T2,1,0,46,14
T3,2,0,191,34
T4,3,0,200,12
[190]
T1,0,0,200,32
T2,1,1,32,14
T3,2,1,174,11
T4,3,1,57,1
[191]
T1,0,1,52,3
T2,1,0,200,2
T3,2,0,193,18
T4,3,1,120,63
[192]
T1,0,1,180,94
T2,1,0,76,3
T3,2,1,200,7
T4,3,0,43,4
[193]
T1,0,1,102,9
T2,1,1,28,2
T3,2,0,167,63
T4,3,0,200,31
[194]
T1,0,1,200,17
T2,1,0,142,72
T3,2,1,153,11
T4,3,1,20,2
[195]
T1,0,0,151,18
T2,1,0,63,15
T3,2,0,200,29
T4,3,0,20,3
[196]
T1,0,0,200,10
T2,1,1,104,2
T3,2,1,33,1
T4,3,0,159,95
[197]
T1,0,0,145,41
T2,1,0,149,10
T3,2,0,20,2
T4,3,1,200,65
[198]
T1,0,0,170,7
T2,1,0,25,2
T3,2,1,200,74
T4,3,1,109,19
[199]
T1,0,0,180,24
T2,1,1,200,2
T3,2,0,48,24
T4,3,0,66,3
[200]
T1,0,1,82,4
T2,1,1,200,16
T3,2,0,152,73
T4,3,1,29,2
[201]
T1,0,0,154,2
T2,1,0,36,12
T3,2,1,200,18
T4,3,0,130,32
[202]
T1,0,0,156,7
T2,1,0,200,21
T3,2,0,20,7
T4,3,0,124,22
[203]
T1,0,0,200,51
T2,1,0,38,1
T3,2,0,145,46
T4,3,0,161,11
[204]
T1,0,0,158,23
T2,1,0,126,15
T3,2,0,48,1
T4,3,0,200,79
[205]
T1,0,0,96,17
T2,1,1,23,2
T3,2,1,187,83
T4,3,1,200,6
[206]
T1,0,0,52,19
T2,1,0,144,17
T3,2,0,200,19
T4,3,0,183,19
[207]
T1,0,0,200,10
T2,1,1,192,2
T3,2,0,37,7
T4,3,0,108,48
[208]
T1,0,1,44,3
T2,1,0,95,11
T3,2,1,172,75
T4,3,1,200,10
[209]
T1,0,1,76,2
T2,1,1,154,31
T3,2,1,27,6
T4,3,1,200,51
[210]
T1,0,0,132,58
T2,1,0,200,28
T3,2,0,195,22
T4,3,0,42,2
[211]
T1,0,1,47,9
T2,1,0,195,33
T3,2,1,200,19
T4,3,0,88,20
[212]
T1,0,1,73,1
T2,1,0,21,3
T3,2,1,150,23
T4,3,0,200,72
[213]
T1,0,1,177,13
T2,1,0,200,15
T3,2,1,64,7
T4,3,0,35,14
[214]
T1,0,0,48,7
T2,1,1,200,58
T3,2,0,159,27
T4,3,1,83,5
[215]
T1,0,0,164,21
T2,1,0,101,30
T3,2,1,200,28
T4,3,1,23,2
[216]
T1,0,1,42,7
T2,1,1,195,50
T3,2,1,200,47
T4,3,0,95,1
[217]
T1,0,0,43,4
T2,1,0,185,26
T3,2,1,200,30
T4,3,1,127,37
[218]
T1,0,0,144,17
T2,1,0,149,21
T3,2,1,35,5
T4,3,1,200,52
[219]
T1,0,1,155,7
T2,1,0,105,47
T3,2,1,36,1
T4,3,0,200,31
[220]
T1,0,1,185,26
T2,1,0,200,4
T3,2,1,63,20
T4,3,0,30,6
[221]
T1,0,0,161,10
T2,1,1,22,7
T3,2,0,200,46
T4,3,1,101,5
[222]
T1,0,1,200,30
T2,1,1,141,12
T3,2,1,38,12
T4,3,1,181,24
[223]
T1,0,0,200,15
T2,1,1,168,78
T3,2,0,24,2
T4,3,0,118,15
[224]
T1,0,1,37,5
T2,1,0,200,20
T3,2,0,102,40
T4,3,1,152,7
[225]
T1,0,1,200,40
T2,1,0,139,45
T3,2,1,26,3
T4,3,0,158,4
[226]
T1,0,1,30,4
T2,1,0,200,17
T3,2,1,199,70
T4,3,1,94,9
[227]
T1,0,1,78,26
T2,1,1,200,24
T3,2,1,185,30
T4,3,1,49,3
[228]
T1,0,1,59,3
T2,1,1,177,42
T3,2,1,200,8
T4,3,1,48,17
[229]
T1,0,1,165,51
T2,1,1,101,4
T3,2,0,200,57
T4,3,1,48,2
[230]
T1,0,1,200,4
T2,1,1,195,63
T3,2,1,51,5
T4,3,1,90,21
[231]
T1,0,0,171,13
T2,1,0,103,24
T3,2,0,200,3
T4,3,1,26,9
[232]
T1,0,1,200,9
T2,1,1,154,48
T3,2,1,71,23
T4,3,0,21,2
[233]
T1,0,1,41,21
T2,1,1,178,12
T3,2,1,119,6
T4,3,0,200,10
[234]
T1,0,0,200,69
T2,1,1,27,2
T3,2,0,146,46
T4,3,1,183,2
[235]
T1,0,1,32,3
T2,1,0,74,13
T3,2,0,182,3
T4,3,0,200,75
[236]
T1,0,1,20,10
T2,1,1,89,3
T3,2,0,154,14
T4,3,0,200,10
[237]
T1,0,0,141,76
T2,1,0,167,2
T3,2,0,40,4
T4,3,1,200,6
[238]
T1,0,1,25,4
T2,1,0,96,6
T3,2,0,200,82
T4,3,1,167,4
[239]
T1,0,1,194,42
T2,1,1,74,15
T3,2,0,39,2
T4,3,0,200,42
[240]
T1,0,1,200,36
T2,1,1,38,2
T3,2,0,185,14
T4,3,1,134,58
[241]
T1,0,0,145,6
T2,1,1,184,7
T3,2,0,200,57
T4,3,1,46,14
[242]
T1,0,1,125,9
T2,1,0,195,31
T3,2,1,200,13
T4,3,0,24,9
[243]
T1,0,1,45,1
T2,1,1,200,57
T3,2,1,186,69
T4,3,1,114,1
[244]
T1,0,0,137,2
T2,1,0,24,1
T3,2,1,151,39
T4,3,1,200,73
[245]
T1,0,1,30,10
T2,1,0,74,2
T3,2,1,167,12
T4,3,1,200,51
[246]
T1,0,1,200,13
T2,1,0,51,23
T3,2,0,188,5
T4,3,1,96,14
[247]
T1,0,0,164,57
T2,1,0,200,4
T3,2,0,69,8
T4,3,0,31,6
[248]
T1,0,1,200,17
T2,1,1,20,5
T3,2,1,164,51
T4,3,1,82,1
[249]
T1,0,1,175,21
T2,1,1,200,89
T3,2,1,77,3
T4,3,1,30,2
[250]
T1,0,1,200,17
T2,1,0,150,5
T3,2,1,96,44
T4,3,0,31,3
[251]
T1,0,0,164,54
T2,1,0,200,6
T3,2,0,72,10
T4,3,1,30,5
[252]
T1,0,0,200,54
T2,1,1,162,20
T3,2,0,21,2
T4,3,1,141,39
[253]
T1,0,0,200,8
T2,1,1,91,6
T3,2,0,40,15
T4,3,1,198,42
[254]
T1,0,0,200,51
T2,1,0,158,19
T3,2,0,125,11
T4,3,0,51,11
[255]
T1,0,0,157,46
T2,1,1,31,6
T3,2,0,120,2
T4,3,1,200,37
[256]
T1,0,0,200,37
T2,1,1,110,17
T3,2,0,34,5
T4,3,0,152,30
[257]
T1,0,0,185,23
T2,1,0,200,85
T3,2,0,34,3
T4,3,1,110,2
[258]
T1,0,1,200,48
T2,1,1,51,8
T3,2,0,95,20
T4,3,0,182,15
[259]
T1,0,0,200,41
T2,1,0,48,5
T3,2,0,147,44
T4,3,1,181,14
[260]
T1,0,0,194,27
T2,1,0,200,25
T3,2,0,69,19
T4,3,1,50,7
[261]
T1,0,1,40,10
T2,1,1,67,4
T3,2,1,200,32
T4,3,0,154,31
[262]
T1,0,0,23,1
T2,1,1,188,50
T3,2,1,200,52
T4,3,0,143,13
[263]
T1,0,0,34,7
T2,1,1,152,2
T3,2,0,200,91
T4,3,1,145,2
[264]
T1,0,1,42,12
T2,1,1,200,13
T3,2,0,111,20
T4,3,0,160,24
[265]
T1,0,1,139,14
T2,1,0,174,33
T3,2,0,200,68
T4,3,0,51,3
[266]
T1,0,0,72,6
T2,1,1,200,1
T3,2,0,165,88
T4,3,0,41,2
[267]
T1,0,0,175,71
T2,1,0,116,16
T3,2,0,39,2
T4,3,1,200,16
[268]
T1,0,0,54,12
T2,1,1,163,40
T3,2,0,200,23
T4,3,0,58,5
[269]
T1,0,0,80,2
T2,1,1,200,85
T3,2,1,198,2
T4,3,0,31,7
[270]
T1,0,1,151,28
T2,1,1,200,21
T3,2,1,22,5
T4,3,1,61,9
[271]
T1,0,0,196,63
T2,1,0,200,51
T3,2,0,142,4
T4,3,0,21,1
[272]
T1,0,1,29,5
T2,1,0,109,2
T3,2,0,200,14
T4,3,1,168,72
[273]
T1,0,1,37,6
T2,1,1,200,34
T3,2,1,164,3
T4,3,1,93,31
[274]
T1,0,1,51,21
T2,1,1,108,13
T3,2,1,162,19
T4,3,1,200,8
[275]
T1,0,0,200,50
T2,1,1,66,17
T3,2,1,154,7
T4,3,1,43,5
[276]
T1,0,1,68,9
T2,1,1,42,5
T3,2,1,181,14
T4,3,1,200,68
[277]
T1,0,0,156,30
T2,1,0,136,20
T3,2,1,20,3
T4,3,1,200,38
[278]
T1,0,1,45,25
T2,1,0,157,4
T3,2,1,200,20
T4,3,0,130,2
[279]
T1,0,0,137,23
T2,1,1,200,17
T3,2,0,37,10
T4,3,0,148,22
[280]
T1,0,1,200,20
T2,1,1,53,8
T3,2,1,166,66
T4,3,0,102,3
[281]
T1,0,1,149,42
T2,1,0,44,13
T3,2,0,200,18
T4,3,0,128,1
[282]
T1,0,0,42,6
T2,1,1,108,18
T3,2,1,200,35
T4,3,0,170,31
[283]
T1,0,0,166,11
T2,1,0,113,43
T3,2,0,200,36
T4,3,1,45,2
[284]
T1,0,0,170,45
T2,1,1,40,7
T3,2,1,123,18
T4,3,1,200,16
[285]
T1,0,1,195,26
T2,1,1,133,37
T3,2,1,200,18
T4,3,0,24,4
[286]
T1,0,1,26,5
T2,1,1,68,6
T3,2,0,157,33
T4,3,0,200,35
[287]
T1,0,1,22,1
T2,1,0,200,67
T3,2,1,79,18
T4,3,0,170,8
[288]
T1,0,1,30,6
T2,1,1,87,3
T3,2,1,162,13
T4,3,1,200,72
[289]
T1,0,1,70,2
T2,1,0,167,86
T3,2,1,26,2
T4,3,0,200,29
[290]
T1,0,1,152,55
T2,1,1,82,3
T3,2,0,200,37
T4,3,0,34,3
[291]
T1,0,0,73,20
T2,1,1,200,11
T3,2,1,44,4
T4,3,0,149,38
[292]
T1,0,1,200,2
T2,1,1,89,17
T3,2,1,188,74
T4,3,0,35,3
[293]
T1,0,0,170,19
T2,1,1,96,21
T3,2,0,200,16
T4,3,1,31,8
[294]
T1,0,1,162,13
T2,1,0,85,42
T3,2,1,200,12
T4,3,1,51,2
[295]
T1,0,0,85,35
T2,1,1,22,1
T3,2,0,162,15
T4,3,0,200,22
[296]
T1,0,0,200,56
T2,1,0,172,34
T3,2,1,135,17
T4,3,1,24,2
[297]
T1,0,1,200,73
T2,1,1,152,20
T3,2,0,91,2
T4,3,0,35,6
[298]
T1,0,0,28,6
T2,1,0,169,45
T3,2,0,104,1
T4,3,0,200,35
[299]
T1,0,0,46,16
T2,1,1,112,2
T3,2,0,180,56
T4,3,1,200,6
[300]
T1,0,1,42,4
T2,1,0,200,71
T3,2,1,80,7
T4,3,1,197,29
[301]
T1,0,1,192,1
T2,1,1,62,9
T3,2,1,200,54
T4,3,1,45,12
[302]
T1,0,1,151,1
T2,1,1,72,11
T3,2,0,200,85
T4,3,0,35,3
[303]
T1,0,0,45,2
T2,1,0,186,94
T3,2,1,200,27
T4,3,1,139,2
[304]
T1,0,0,31,2
T2,1,0,200,8
T3,2,1,91,27
T4,3,1,180,59
[305]
T1,0,0,177,44
T2,1,0,147,30
T3,2,1,200,2
T4,3,1,48,11
[306]
T1,0,1,131,19
T2,1,0,200,82
T3,2,1,156,13
T4,3,1,49,2
[307]
T1,0,0,142,27
T2,1,1,44,8
T3,2,1,200,8
T4,3,1,195,54
[308]
T1,0,0,200,64
T2,1,1,68,5
T3,2,0,165,26
T4,3,1,37,4
[309]
T1,0,0,21,7
T2,1,1,169,12
T3,2,0,200,18
T4,3,1,62,11
[310]
T1,0,0,181,63
T2,1,1,50,8
T3,2,0,138,7
T4,3,0,200,23
[311]
T1,0,1,131,2
T2,1,1,155,4
T3,2,1,200,55
T4,3,1,43,16
[312]
T1,0,1,195,118
T2,1,0,24,2
T3,2,1,200,10
T4,3,0,134,2
[313]
T1,0,1,86,28
T2,1,0,189,16
T3,2,0,200,29
T4,3,0,22,2
[314]
T1,0,1,46,2
T2,1,0,200,2
T3,2,1,185,35
T4,3,1,111,50
[315]
T1,0,0,51,9
T2,1,1,186,37
T3,2,0,200,7
T4,3,0,110,30
[316]
T1,0,1,190,3
T2,1,0,200,27
T3,2,0,121,33
T4,3,1,39,10
[317]
T1,0,1,197,27
T2,1,1,200,64
T3,2,1,40,1
T4,3,0,138,28
[318]
T1,0,1,176,75
T2,1,0,124,22
T3,2,0,200,4
T4,3,0,33,2
[319]
T1,0,0,29,3
T2,1,1,174,32
T3,2,0,200,29
T4,3,0,100,25
[320]
T1,0,1,26,2
T2,1,0,166,19
T3,2,0,200,60
T4,3,1,96,17
[321]
T1,0,0,31,11
T2,1,1,195,17
T3,2,0,200,43
T4,3,1,73,2
[322]
T1,0,0,200,41
T2,1,1,46,3
T3,2,1,119,32
T4,3,0,192,27
[323]
T1,0,0,200,54
T2,1,0,167,11
T3,2,1,22,5
T4,3,1,89,9
[324]
T1,0,1,200,79
T2,1,0,52,8
T3,2,0,192,25
T4,3,1,82,2
[325]
T1,0,1,200,24
T2,1,1,79,30
T3,2,0,168,17
T4,3,1,48,4
[326]
T1,0,1,143,1
T2,1,1,174,14
T3,2,0,200,71
T4,3,1,39,9
[327]
T1,0,0,104,1
T2,1,1,36,6
T3,2,0,167,38
T4,3,0,200,55
[328]
T1,0,1,22,6
T2,1,0,132,23
T3,2,1,200,30
T4,3,0,152,12
[329]
T1,0,0,125,6
T2,1,0,200,25
T3,2,1,33,3
T4,3,1,148,61
[330]
T1,0,0,184,5
T2,1,1,95,46
T3,2,0,200,21
T4,3,1,51,3
[331]
T1,0,0,37,8
T2,1,0,139,16
T3,2,0,190,66
T4,3,1,200,3
[332]
T1,0,0,143,6
T2,1,0,33,6
T3,2,1,166,25
T4,3,0,200,62
[333]
T1,0,1,98,6
T2,1,1,200,28
T3,2,1,23,1
T4,3,0,152,66
[334]
T1,0,0,41,13
T2,1,1,56,7
T3,2,1,184,34
T4,3,0,200,8
[335]
T1,0,0,104,35
T2,1,1,200,62
T3,2,0,190,4
T4,3,1,37,2
[336]
T1,0,1,73,13
T2,1,0,24,7
T3,2,1,155,16
T4,3,0,200,19
[337]
T1,0,1,22,1
T2,1,1,200,61
T3,2,0,154,42
T4,3,1,66,2
[338]
T1,0,1,200,63
T2,1,1,25,2
T3,2,0,194,8
T4,3,0,60,15
[339]
T1,0,1,200,2
T2,1,1,139,11
T3,2,0,32,15
T4,3,1,188,21
[340]
T1,0,0,42,2
T2,1,0,199,24
T3,2,0,200,39
T4,3,0,79,24
[341]
T1,0,0,200,42
T2,1,1,161,9
T3,2,1,48,7
T4,3,1,109,29
[342]
T1,0,1,79,8
T2,1,1,167,21
T3,2,1,200,45
T4,3,0,52,12
[343]
T1,0,1,193,6
T2,1,1,21,2
T3,2,1,200,112
T4,3,1,130,11
[344]
T1,0,1,184,1
T2,1,1,141,9
T3,2,1,47,16
T4,3,0,200,54
[345]
T1,0,0,200,39
T2,1,1,115,2
T3,2,0,22,8
T4,3,1,185,23
[346]
T1,0,1,170,67
T2,1,0,39,2
T3,2,1,200,28
T4,3,1,101,10
[347]
T1,0,1,180,40
T2,1,1,200,2
T3,2,1,35,5
T4,3,0,107,32
[348]
T1,0,0,116,8
T2,1,0,192,81
T3,2,1,200,9
T4,3,0,22,3
[349]
T1,0,0,32,1
T2,1,0,94,21
T3,2,0,200,12
T4,3,0,159,60
[350]
T1,0,0,197,19
T2,1,1,99,34
T3,2,0,44,4
T4,3,0,200,29
[351]
T1,0,1,35,3
T2,1,0,200,78
T3,2,0,102,19
T4,3,0,197,3
[352]
T1,0,0,176,35
T2,1,1,200,32
T3,2,0,35,9
T4,3,0,95,6
[353]
T1,0,1,50,6
T2,1,0,200,45
T3,2,0,147,10
T4,3,0,101,27
[354]
T1,0,0,44,12
T2,1,1,200,2
T3,2,1,94,4
T4,3,0,159,58
[355]
T1,0,0,100,33
T2,1,1,34,1
T3,2,0,200,2
T4,3,0,165,54
[356]
T1,0,1,37,12
T2,1,1,122,4
T3,2,1,200,48
T4,3,1,166,15
[357]
T1,0,0,28,2
T2,1,1,200,29
T3,2,0,187,81
T4,3,0,145,5
[358]
T1,0,1,200,66
T2,1,1,153,18
T3,2,1,59,8
T4,3,0,30,3
[359]
T1,0,0,200,9
T2,1,0,98,16
T3,2,1,30,4
T4,3,0,173,57
[360]
T1,0,0,200,19
T2,1,1,166,56
T3,2,0,54,1
T4,3,1,110,26
[361]
T1,0,1,40,2
T2,1,1,174,17
T3,2,1,200,51
T4,3,1,140,46
[362]
T1,0,1,181,19
T2,1,0,109,31
T3,2,0,23,4
T4,3,1,200,20
[363]
T1,0,0,136,31
T2,1,0,200,13
T3,2,0,51,14
T4,3,0,153,19
[364]
T1,0,0,44,5
T2,1,1,198,56
T3,2,1,130,31
T4,3,1,200,8
[365]
T1,0,0,200,32
T2,1,1,49,3
T3,2,1,131,43
T4,3,1,156,20
[366]
T1,0,0,200,59
T2,1,0,81,25
T3,2,1,179,12
T4,3,0,28,2
[367]
T1,0,1,165,16
T2,1,1,200,9
T3,2,0,22,1
T4,3,1,123,57
[368]
T1,0,1,32,5
T2,1,0,161,3
T3,2,1,200,50
T4,3,0,100,25
[369]
T1,0,0,104,16
T2,1,0,200,76
T3,2,0,162,1
T4,3,0,53,7
[370]
T1,0,0,200,31
T2,1,0,50,9
T3,2,1,67,1
T4,3,1,171,59
[371]
T1,0,0,63,2
T2,1,0,152,31
T3,2,0,32,8
T4,3,1,200,46
[372]
T1,0,0,142,32
T2,1,1,31,9
T3,2,0,170,10
T4,3,1,200,21
[373]
T1,0,1,161,41
T2,1,1,200,33
T3,2,0,54,5
T4,3,1,26,4
[374]
T1,0,0,107,11
T2,1,1,172,20
T3,2,0,200,42
T4,3,0,28,7
[375]
T1,0,1,200,38
T2,1,0,38,2
T3,2,1,190,4
T4,3,1,147,67
[376]
T1,0,0,132,6
T2,1,1,33,10
T3,2,1,168,29
T4,3,0,200,33
[377]
T1,0,1,200,83
T2,1,0,166,7
T3,2,0,52,1
T4,3,1,144,31
[378]
T1,0,1,200,6
T2,1,1,119,24
T3,2,0,50,6
T4,3,0,174,57
[379]
T1,0,1,22,2
T2,1,1,200,9
T3,2,1,198,102
T4,3,1,143,2
[380]
T1,0,1,82,2
T2,1,1,185,12
T3,2,0,200,61
T4,3,1,23,7
[381]
T1,0,1,151,42
T2,1,1,200,21
T3,2,1,142,31
T4,3,0,36,3
[382]
T1,0,0,136,14
T2,1,0,149,14
T3,2,1,52,17
T4,3,0,200,31
[383]
T1,0,0,88,4
T2,1,1,157,69
T3,2,0,200,34
T4,3,1,44,1
[384]
T1,0,0,165,5
T2,1,0,23,5
T3,2,0,200,46
T4,3,1,89,16
[385]
T1,0,0,148,4
T2,1,1,110,60
T3,2,1,38,2
T4,3,0,200,10
[386]
T1,0,1,200,62
T2,1,1,126,2
T3,2,0,173,8
T4,3,1,50,16
[387]
T1,0,0,128,8
T2,1,1,200,38
T3,2,1,50,2
T4,3,1,179,78
[388]
T1,0,1,200,19
T2,1,1,47,6
T3,2,0,158,26
T4,3,1,137,40
[389]
T1,0,0,200,40
T2,1,0,26,2
T3,2,0,122,46
T4,3,1,191,4
[390]
T1,0,1,102,8
T2,1,0,170,63
T3,2,1,31,1
T4,3,1,200,37
[391]
T1,0,0,67,2
T2,1,0,20,1
T3,2,1,200,82
T4,3,1,190,42
[392]
T1,0,1,82,12
T2,1,1,20,1
T3,2,1,170,43
T4,3,0,200,37
[393]
T1,0,1,196,55
T2,1,1,200,2
T3,2,1,112,30
T4,3,1,49,6
[394]
T1,0,0,129,5
T2,1,1,187,34
T3,2,0,32,1
T4,3,0,200,83
[395]
T1,0,1,200,69
T2,1,0,31,5
T3,2,0,121,19
T4,3,1,192,2
[396]
T1,0,1,103,32
T2,1,0,21,2
T3,2,0,159,31
T4,3,0,200,34
[397]
T1,0,0,200,37
T2,1,1,177,31
T3,2,1,20,1
T4,3,0,133,32
[398]
T1,0,1,200,21
T2,1,0,132,20
T3,2,1,40,7
T4,3,1,196,51
[399]
T1,0,1,52,8
T2,1,1,125,14
T3,2,0,200,69
T4,3,0,190,14
[400]
T1,0,1,98,25
T2,1,1,154,4
T3,2,0,30,2
T4,3,1,200,65
[401]
T1,0,0,200,75
T2,1,0,78,2
T3,2,0,188,52
T4,3,1,26,1
[402]
T1,0,1,25,7
T2,1,1,68,17
T3,2,0,200,27
T4,3,0,164,4
[403]
T1,0,0,81,8
T2,1,0,35,5
T3,2,1,200,61
T4,3,1,198,23
[404]
T1,0,0,189,71
T2,1,0,200,27
T3,2,0,106,15
T4,3,0,21,2
[405]
T1,0,1,76,16
T2,1,1,200,27
T3,2,0,179,58
T4,3,0,44,2
[406]
T1,0,0,187,19
T2,1,0,84,12
T3,2,0,200,61
T4,3,1,52,7
[407]
T1,0,1,87,2
T2,1,1,187,72
T3,2,0,32,6
T4,3,1,200,20
[408]
T1,0,0,200,47
T2,1,0,32,8
T3,2,1,57,7
T4,3,0,161,8
[409]
T1,0,1,200,28
T2,1,0,22,5
T3,2,1,63,3
T4,3,1,195,48
[410]
T1,0,0,25,3
T2,1,0,200,18
T3,2,1,186,5
T4,3,0,71,31
[411]
T1,0,1,200,8
T2,1,1,195,6
T3,2,0,81,33
T4,3,0,24,5
[412]
T1,0,1,34,6
T2,1,0,190,18
T3,2,1,200,30
T4,3,0,119,29
[413]
T1,0,0,200,2
T2,1,1,20,1
T3,2,0,178,27
T4,3,1,58,26
[414]
T1,0,1,200,22
T2,1,1,51,19
T3,2,1,133,14
T4,3,1,154,14
[415]
T1,0,1,146,58
T2,1,1,200,23
T3,2,0,30,2
T4,3,0,199,33
[416]
T1,0,1,80,15
T2,1,1,154,11
T3,2,1,47,1
T4,3,1,200,79
[417]
T1,0,1,200,17
T2,1,1,62,14
T3,2,0,182,54
T4,3,1,32,2
[418]
T1,0,0,50,6
T2,1,1,186,9
T3,2,0,200,101
T4,3,1,142,3
[419]
T1,0,0,47,23
T2,1,0,186,21
T3,2,0,200,6
T4,3,1,146,8
[420]
T1,0,0,169,8
T2,1,1,200,25
T3,2,1,76,9
T4,3,0,27,10
[421]
T1,0,0,172,9
T2,1,1,40,1
T3,2,0,120,37
T4,3,1,200,60
[422]
T1,0,0,159,9
T2,1,1,33,15
T3,2,0,200,19
T4,3,0,107,6
[423]
T1,0,0,200,40
T2,1,0,89,7
T3,2,0,44,5
T4,3,1,171,50
[424]
T1,0,1,200,106
T2,1,1,121,6
T3,2,1,185,5
T4,3,1,33,2
[425]
T1,0,1,112,33
T2,1,0,147,51
T3,2,1,45,2
T4,3,0,200,4
[426]
T1,0,1,182,27
T2,1,0,40,12
T3,2,0,109,4
T4,3,0,200,38
[427]
T1,0,0,113,10
T2,1,0,180,7
T3,2,0,200,28
T4,3,1,43,18
[428]
T1,0,0,133,1
T2,1,0,172,73
T3,2,1,40,2
T4,3,0,200,41
[429]
T1,0,1,22,2
T2,1,1,200,2
T3,2,1,61,17
T4,3,0,178,47
[430]
T1,0,0,159,1
T2,1,1,22,4
T3,2,0,103,29
T4,3,1,200,40
[431]
T1,0,1,63,24
T2,1,0,30,5
T3,2,0,200,6
T4,3,1,192,16
[432]
T1,0,0,173,1
T2,1,0,147,19
T3,2,1,24,3
T4,3,1,200,81
[433]
T1,0,0,200,56
T2,1,0,189,20
T3,2,0,25,7
T4,3,0,122,1
[434]
T1,0,0,192,9
T2,1,0,200,61
T3,2,0,96,13
T4,3,1,21,4
[435]
T1,0,1,200,62
T2,1,1,48,5
T3,2,1,71,8
T4,3,1,154,24
[436]
T1,0,0,40,18
T2,1,1,200,10
T3,2,1,154,29
T4,3,1,140,2
[437]
T1,0,1,199,50
T2,1,1,129,21
T3,2,0,200,38
T4,3,0,20,1
[438]
T1,0,1,200,8
T2,1,1,73,10
T3,2,1,155,64
T4,3,1,53,5
[439]
T1,0,1,31,5
T2,1,1,135,34
T3,2,0,192,46
T4,3,1,200,3
[440]
T1,0,1,200,60
T2,1,1,199,8
T3,2,1,57,2
T4,3,1,32,11
[441]
T1,0,0,200,10
T2,1,1,66,23
T3,2,0,180,47
T4,3,0,40,1
[442]
T1,0,1,174,56
T2,1,0,200,11
T3,2,1,97,19
T4,3,1,50,5
[443]
T1,0,0,142,54
T2,1,1,163,8
T3,2,1,200,16
T4,3,1,40,7
[444]
T1,0,0,46,3
T2,1,0,200,6
T3,2,0,186,56
T4,3,0,134,39
[445]
T1,0,1,72,13
T2,1,1,200,51
T3,2,0,35,2
T4,3,0,160,28
[446]
T1,0,0,52,18
T2,1,0,189,41
T3,2,0,200,13
T4,3,1,62,3
[447]
T1,0,0,62,13
T2,1,1,150,49
T3,2,1,200,10
T4,3,0,42,4
[448]
T1,0,1,145,37
T2,1,1,200,7
T3,2,1,196,12
T4,3,1,20,6
[449]
T1,0,1,200,6
T2,1,1,50,16
T3,2,1,163,38
T4,3,1,138,14
[450]
T1,0,1,178,38
T2,1,0,200,53
T3,2,0,33,4
T4,3,0,97,7
[451]
T1,0,0,35,7
T2,1,1,200,41
T3,2,0,137,8
T4,3,0,170,35
[452]
T1,0,1,161,46
T2,1,0,66,10
T3,2,1,31,3
T4,3,1,200,27
[453]
T1,0,1,145,22
T2,1,0,198,61
T3,2,1,35,3
T4,3,1,200,30
[454]
T1,0,1,73,39
T2,1,0,48,5
T3,2,1,173,2
T4,3,0,200,8
[455]
T1,0,0,121,2
T2,1,0,47,13
T3,2,0,172,29
T4,3,1,200,43
[456]
T1,0,1,200,40
T2,1,0,31,3
T3,2,0,172,25
T4,3,0,55,13
[457]
T1,0,0,31,6
T2,1,0,176,40
T3,2,1,200,5
T4,3,0,86,21
[458]
T1,0,0,192,29
T2,1,1,106,36
T3,2,0,200,18
T4,3,0,51,5
[459]
T1,0,1,128,32
T2,1,1,200,11
T3,2,0,35,12
T4,3,1,186,4
[460]
T1,0,0,20,7
T2,1,0,200,29
T3,2,1,79,5
T4,3,1,166,18
[461]
T1,0,1,92,3
T2,1,1,158,87
T3,2,0,200,20
T4,3,1,52,2
[462]
T1,0,0,200,62
T2,1,1,141,41
T3,2,0,195,17
T4,3,1,36,2
[463]
T1,0,1,32,18
T2,1,0,182,5
T3,2,0,200,18
T4,3,0,57,2
[464]
T1,0,0,98,35
T2,1,1,200,27
T3,2,0,199,1
T4,3,0,35,6
[465]
T1,0,0,200,6
T2,1,0,33,2
T3,2,0,118,51
T4,3,1,165,34
[466]
T1,0,0,28,3
T2,1,0,181,100
T3,2,0,200,3
T4,3,1,144,2
[467]
T1,0,1,148,16
T2,1,0,102,14
T3,2,1,22,2
T4,3,1,200,87
[468]
T1,0,0,200,40
T2,1,1,40,18
T3,2,0,166,1
T4,3,0,113,4
[469]
T1,0,0,199,95
T2,1,1,45,1
T3,2,1,200,23
T4,3,1,131,10
[470]
T1,0,1,160,16
T2,1,0,33,5
T3,2,1,137,47
T4,3,0,200,17
[471]
T1,0,0,160,104
T2,1,1,35,2
T3,2,0,200,7
T4,3,1,66,2
[472]
T1,0,0,108,45
T2,1,1,183,12
T3,2,1,27,3
T4,3,1,200,16
[473]
T1,0,1,200,5
T2,1,1,153,9
T3,2,1,68,10
T4,3,0,33,15
[474]
T1,0,1,182,3
T2,1,1,200,28
T3,2,0,37,8
T4,3,1,91,28
[475]
T1,0,1,84,12
T2,1,1,39,7
T3,2,0,165,42
T4,3,1,200,20
[476]
T1,0,1,200,10
T2,1,0,26,10
T3,2,1,143,17
T4,3,1,193,24
[477]
T1,0,0,49,6
T2,1,0,200,18
T3,2,0,55,22
T4,3,0,150,7
[478]
T1,0,0,102,7
T2,1,0,186,45
T3,2,1,200,39
T4,3,0,51,9
[479]
T1,0,1,30,14
T2,1,1,200,13
T3,2,0,165,24
T4,3,0,130,2
[480]
T1,0,0,168,4
T2,1,1,200,44
T3,2,0,31,1
T4,3,1,63,24
[481]
T1,0,1,83,20
T2,1,1,200,37
T3,2,0,176,31
T4,3,0,38,3
[482]
T1,0,0,175,59
T2,1,1,77,1
T3,2,1,37,2
T4,3,0,200,66
[483]
T1,0,1,37,3
T2,1,0,156,29
T3,2,1,200,11
T4,3,0,61,21
[484]
T1,0,0,192,28
T2,1,1,74,5
T3,2,0,33,6
T4,3,0,200,57
[485]
T1,0,1,161,13
T2,1,1,85,7
T3,2,1,200,81
T4,3,0,23,2
[486]
T1,0,0,177,2
T2,1,1,25,6
T3,2,0,200,87
T4,3,1,140,2
[487]
T1,0,1,35,9
T2,1,1,142,33
T3,2,0,200,2
T4,3,0,175,33
[488]
T1,0,1,200,14
T2,1,0,180,29
T3,2,0,39,15
T4,3,1,98,5
[489]
T1,0,1,48,6
T2,1,0,154,51
T3,2,0,200,4
T4,3,0,81,15
[490]
T1,0,0,35,1
T2,1,1,102,61
T3,2,1,164,6
T4,3,0,200,5
[491]
T1,0,1,43,5
T2,1,1,200,5
T3,2,0,176,25
T4,3,0,78,30
[492]
T1,0,1,50,8
T2,1,0,200,34
T3,2,1,74,1
T4,3,0,167,58
[493]
T1,0,1,185,39
T2,1,1,83,3
T3,2,1,42,6
T4,3,1,200,60
[494]
T1,0,1,191,28
T2,1,0,38,14
T3,2,0,200,35
T4,3,0,122,2
[495]
T1,0,0,128,3
T2,1,0,50,2
T3,2,1,200,39
T4,3,1,186,79
[496]
T1,0,0,38,1
T2,1,0,200,42
T3,2,0,189,80
T4,3,0,64,1
[497]
T1,0,0,200,25
T2,1,0,97,3
T3,2,0,52,9
T4,3,1,167,60
[498]
T1,0,0,56,17
T2,1,0,173,12
T3,2,0,50,10
T4,3,1,200,19
[499]
T1,0,0,23,5
T2,1,1,186,15
T3,2,0,61,11
T4,3,0,200,40
[500]
T1,0,1,48,10
T2,1,1,200,7
T3,2,1,165,21
T4,3,0,83,25
