num_task_per_taskset=4
num_taskset=500
//ID,Priority,Offset,Period,Execution Time
[1]
T1,0,0,157,17
T2,1,1,61,11
T3,2,0,35,13
T4,3,0,200,3
[2]
T1,0,1,182,60
T2,1,1,20,2
T3,2,0,200,11
T4,3,1,126,34
[3]
T1,0,0,168,22
T2,1,1,32,5
T3,2,0,121,31
T4,3,0,200,27
[4]
T1,0,1,173,30
T2,1,0,30,9
T3,2,1,109,5
T4,3,1,200,28
[5]
T1,0,0,37,12
T2,1,1,121,1
T3,2,1,156,29
T4,3,0,200,31
[6]
T1,0,0,192,28
T2,1,1,200,3
T3,2,1,39,13
T4,3,1,116,22
[7]
T1,0,1,200,23
T2,1,0,168,30
T3,2,0,23,5
T4,3,1,136,21
[8]
T1,0,1,151,15
T2,1,1,81,11
T3,2,0,48,18
T4,3,1,200,14
[9]
T1,0,1,192,18
T2,1,0,50,16
T3,2,0,200,37
T4,3,0,147,11
[10]
T1,0,0,44,2
T2,1,0,169,57
T3,2,0,200,10
T4,3,1,129,32
[11]
T1,0,0,200,33
T2,1,1,140,15
T3,2,1,32,2
T4,3,0,162,54
[12]
T1,0,0,148,11
T2,1,0,200,53
T3,2,1,106,27
T4,3,1,37,3
[13]
T1,0,1,200,22
T2,1,0,103,19
T3,2,1,159,44
T4,3,1,38,4
[14]
T1,0,1,200,79
T2,1,1,156,29
T3,2,1,82,7
T4,3,0,21,2
[15]
T1,0,0,196,51
T2,1,0,31,1
T3,2,0,200,57
T4,3,0,120,11
[16]
T1,0,1,100,18
T2,1,0,155,43
T3,2,1,39,7
T4,3,1,200,7
[17]
T1,0,1,26,3
T2,1,0,200,54
T3,2,0,142,13
T4,3,1,181,36
[18]
T1,0,1,200,19
T2,1,0,61,15
T3,2,1,29,2
T4,3,0,159,55
[19]
T1,0,0,158,17
T2,1,1,200,8
T3,2,0,33,15
T4,3,1,119,9
[20]
T1,0,1,21,3
T2,1,0,200,56
T3,2,1,150,7
T4,3,1,109,23
[21]
T1,0,1,35,2
T2,1,0,149,31
T3,2,0,200,58
T4,3,1,108,18
[22]
T1,0,1,200,73
T2,1,0,120,9
T3,2,0,190,25
T4,3,0,22,2
[23]
T1,0,0,28,6
T2,1,1,86,8
T3,2,1,152,54
T4,3,0,200,3
[24]
T1,0,0,90,3
T2,1,1,200,35
T3,2,1,37,16
T4,3,1,196,8
[25]
T1,0,0,180,57
T2,1,0,20,2
T3,2,0,118,1
T4,3,1,200,64
[26]
T1,0,0,200,3
T2,1,0,105,5
T3,2,1,47,25
T4,3,1,150,12
[27]
T1,0,0,200,14
T2,1,1,142,19
T3,2,0,153,29
T4,3,0,38,11
[28]
T1,0,0,144,32
T2,1,0,177,26
T3,2,1,200,35
T4,3,1,42,6
[29]
T1,0,0,116,10
T2,1,0,200,53
T3,2,0,25,6
T4,3,1,191,17
[30]
T1,0,0,194,52
T2,1,0,200,9
T3,2,1,26,9
T4,3,1,136,3
[31]
T1,0,0,93,5
T2,1,0,192,64
T3,2,1,200,52
T4,3,0,37,1
[32]
T1,0,0,28,8
T2,1,1,188,58
T3,2,1,64,1
T4,3,1,200,13
[33]
T1,0,0,200,8
T2,1,1,34,1
T3,2,0,146,2
T4,3,1,151,93
[34]
T1,0,0,41,14
T2,1,0,88,24
T3,2,1,200,2
T4,3,0,164,12
[35]
T1,0,0,57,10
T2,1,1,184,39
T3,2,0,200,25
T4,3,1,44,7
[36]
T1,0,1,191,62
T2,1,1,200,13
T3,2,1,28,6
T4,3,1,82,6
[37]
T1,0,1,200,87
T2,1,1,30,1
T3,2,0,160,16
T4,3,0,70,7
[38]
T1,0,0,148,48
T2,1,0,200,56
T3,2,0,20,2
T4,3,0,96,5
[39]
T1,0,0,135,55
T2,1,0,171,33
T3,2,1,24,1
T4,3,0,200,6
[40]
T1,0,1,200,19
T2,1,1,77,17
T3,2,0,47,6
T4,3,1,185,42
[41]
T1,0,0,168,78
T2,1,0,23,2
T3,2,1,200,26
T4,3,1,104,2
[42]
T1,0,1,200,35
T2,1,0,41,5
T3,2,1,58,19
T4,3,0,156,7
[43]
T1,0,0,27,14
T2,1,1,200,4
T3,2,1,99,6
T4,3,0,169,11
[44]
T1,0,1,36,2
T2,1,1,200,55
T3,2,1,191,52
T4,3,0,65,4
[45]
T1,0,1,153,27
T2,1,1,200,21
T3,2,0,139,32
T4,3,0,36,6
[46]
T1,0,1,172,4
T2,1,1,200,18
T3,2,1,112,50
T4,3,1,32,4
[47]
T1,0,1,200,36
T2,1,0,142,22
T3,2,0,52,2
T4,3,1,167,50
[48]
T1,0,1,153,93
T2,1,0,112,2
T3,2,1,200,5
T4,3,1,32,1
[49]
T1,0,0,169,40
T2,1,0,200,44
T3,2,1,109,21
T4,3,1,44,1
[50]
T1,0,1,200,10
T2,1,1,152,11
T3,2,1,40,22
T4,3,0,63,2
[51]
T1,0,1,48,18
T2,1,0,200,44
T3,2,0,129,9
T4,3,0,182,4
[52]
T1,0,1,23,2
T2,1,0,200,14
T3,2,1,199,92
T4,3,1,141,23
[53]
T1,0,1,36,1
T2,1,1,193,14
T3,2,0,200,72
T4,3,0,91,19
[54]
T1,0,1,24,11
T2,1,1,140,26
T3,2,1,184,2
T4,3,1,200,5
[55]
T1,0,1,151,12
T2,1,1,66,12
T3,2,1,48,13
T4,3,1,200,29
[56]
T1,0,0,47,6
T2,1,0,168,30
T3,2,0,200,40
T4,3,0,124,22
[57]
T1,0,1,200,60
T2,1,0,176,2
T3,2,0,114,29
T4,3,0,22,2
[58]
T1,0,1,200,77
T2,1,0,56,11
T3,2,0,31,1
T4,3,0,174,11
[59]
T1,0,0,195,36
T2,1,0,101,4
T3,2,1,200,80
T4,3,1,34,2
[60]
T1,0,0,187,13
T2,1,1,78,12
T3,2,0,20,5
T4,3,0,200,35
[61]
T1,0,1,200,20
T2,1,1,68,23
T3,2,0,26,3
T4,3,1,148,19
[62]
T1,0,1,134,10
T2,1,1,157,17
T3,2,1,200,90
T4,3,1,23,1
[63]
T1,0,1,144,6
T2,1,1,40,14
T3,2,1,199,23
T4,3,1,200,37
[64]
T1,0,1,149,39
T2,1,0,50,18
T3,2,1,200,3
T4,3,1,67,3
[65]
T1,0,0,75,7
T2,1,0,200,69
T3,2,1,21,3
T4,3,1,163,12
[66]
T1,0,1,194,6
T2,1,1,87,20
T3,2,1,200,6
T4,3,0,44,17
[67]
T1,0,0,200,38
T2,1,1,63,3
T3,2,1,180,53
T4,3,1,48,7
[68]
T1,0,1,180,59
T2,1,1,54,5
T3,2,1,200,36
T4,3,1,110,9
[69]
T1,0,1,200,37
T2,1,0,198,40
T3,2,0,32,1
T4,3,1,118,32
[70]
T1,0,1,23,1
T2,1,1,143,31
T3,2,0,200,32
T4,3,0,165,38
[71]
T1,0,0,179,51
T2,1,1,22,2
T3,2,0,144,12
T4,3,0,200,59
[72]
T1,0,1,172,5
T2,1,1,84,26
T3,2,0,36,1
T4,3,0,200,63
[73]
T1,0,0,33,7
T2,1,1,132,14
T3,2,0,152,54
T4,3,1,200,1
[74]
T1,0,0,200,41
T2,1,0,39,10
T3,2,1,109,8
T4,3,1,184,27
[75]
T1,0,1,48,1
T2,1,1,65,6
T3,2,1,160,73
T4,3,1,200,22
[76]
T1,0,0,100,15
T2,1,0,148,11
T3,2,1,200,67
T4,3,1,50,6
[77]
T1,0,0,200,109
T2,1,1,101,1
T3,2,0,50,1
T4,3,0,158,16
[78]
T1,0,0,200,1
T2,1,0,44,21
T3,2,1,178,3
T4,3,0,118,23
[79]
T1,0,1,149,22
T2,1,0,200,29
T3,2,1,128,21
T4,3,0,52,11
[80]
T1,0,0,149,25
T2,1,0,42,5
T3,2,0,200,73
T4,3,0,118,4
[81]
T1,0,0,175,19
T2,1,1,31,7
T3,2,0,200,48
T4,3,0,114,11
[82]
T1,0,0,110,32
T2,1,0,200,28
T3,2,0,28,2
T4,3,0,160,28
[83]
T1,0,0,179,15
T2,1,0,30,6
T3,2,1,91,7
T4,3,0,200,60
[84]
T1,0,0,200,30
T2,1,0,159,63
T3,2,0,100,4
T4,3,0,39,4
[85]
T1,0,1,54,18
T2,1,0,171,29
T3,2,0,34,6
T4,3,0,200,1
[86]
T1,0,1,131,16
T2,1,1,50,11
T3,2,1,192,14
T4,3,0,200,54
[87]
T1,0,1,176,33
T2,1,0,56,2
T3,2,1,39,12
T4,3,1,200,29
[88]
T1,0,0,191,23
T2,1,1,30,11
T3,2,0,62,5
T4,3,0,200,19
[89]
T1,0,0,200,104
T2,1,0,166,1
T3,2,1,96,14
T4,3,0,27,2
[90]
T1,0,0,107,5
T2,1,0,200,20
T3,2,1,170,82
T4,3,1,29,1
[91]
T1,0,1,40,16
T2,1,0,176,1
T3,2,0,200,43
T4,3,1,122,8
[92]
T1,0,1,200,7
T2,1,0,138,37
T3,2,1,160,57
T4,3,0,31,2
[93]
T1,0,0,200,73
T2,1,0,83,14
T3,2,0,160,5
T4,3,0,53,6
[94]
T1,0,0,28,2
T2,1,1,59,17
T3,2,1,181,9
T4,3,1,200,68
[95]
T1,0,0,126,42
T2,1,0,195,36
T3,2,0,37,4
T4,3,1,200,10
[96]
T1,0,1,200,28
T2,1,0,77,11
T3,2,0,157,62
T4,3,0,42,2
[97]
T1,0,1,200,90
T2,1,1,32,2
T3,2,0,158,33
T4,3,0,55,2
[98]
T1,0,0,54,4
T2,1,1,178,6
T3,2,1,200,94
T4,3,0,25,2
[99]
T1,0,0,104,3
T2,1,0,200,27
T3,2,0,198,49
T4,3,1,29,7
[100]
T1,0,0,116,2
T2,1,0,196,51
T3,2,1,200,1
T4,3,1,38,16
[101]
T1,0,1,65,10
T2,1,0,35,2
T3,2,1,200,43
T4,3,1,171,52
[102]
T1,0,0,99,37
T2,1,1,200,51
T3,2,0,190,3
T4,3,0,33,1
[103]
T1,0,0,88,2
T2,1,1,32,1
T3,2,0,200,77
T4,3,0,157,36
[104]
T1,0,1,200,2
T2,1,0,103,58
T3,2,1,164,11
T4,3,0,43,2
[105]
T1,0,1,56,11
T2,1,0,154,15
T3,2,1,200,71
T4,3,0,38,1
[106]
T1,0,0,42,2
T2,1,0,164,4
T3,2,0,81,13
T4,3,1,200,97
[107]
T1,0,1,70,20
T2,1,0,190,18
T3,2,1,200,51
T4,3,0,26,1
[108]
T1,0,0,51,2
T2,1,1,200,10
T3,2,1,162,43
T4,3,1,56,20
[109]
T1,0,1,200,40
T2,1,0,146,27
T3,2,0,31,2
T4,3,0,148,42
[110]
T1,0,0,192,28
T2,1,1,90,3
T3,2,1,200,36
T4,3,0,45,14
[111]
T1,0,0,200,2
T2,1,0,38,19
T3,2,0,93,5
T4,3,1,199,25
[112]
T1,0,0,39,8
T2,1,0,185,16
T3,2,1,137,31
T4,3,1,200,32
[113]
T1,0,1,154,8
T2,1,0,91,4
T3,2,0,47,12
T4,3,0,200,67
[114]
T1,0,0,176,48
T2,1,0,48,10
T3,2,0,200,10
T4,3,0,92,14
[115]
T1,0,0,44,7
T2,1,0,200,20
T3,2,0,166,62
T4,3,0,90,4
[116]
T1,0,0,30,2
T2,1,1,200,6
T3,2,0,172,73
T4,3,1,143,31
[117]
T1,0,1,25,1
T2,1,1,153,22
T3,2,0,200,74
T4,3,0,145,20
[118]
T1,0,0,120,3
T2,1,1,160,12
T3,2,1,200,73
T4,3,1,53,12
[119]
T1,0,0,166,4
T2,1,0,200,110
T3,2,1,30,2
T4,3,0,141,6
[120]
T1,0,1,25,2
T2,1,0,200,51
T3,2,1,56,21
T4,3,0,150,5
[121]
T1,0,1,69,3
T2,1,0,40,11
T3,2,0,179,34
T4,3,1,200,33
[122]
T1,0,1,200,5
T2,1,1,90,1
T3,2,1,34,19
T4,3,0,182,16
[123]
T1,0,0,200,2
T2,1,1,193,96
T3,2,0,124,6
T4,3,1,46,6
[124]
T1,0,0,200,52
T2,1,1,25,2
T3,2,1,180,56
T4,3,1,146,4
[125]
T1,0,1,200,22
T2,1,0,44,6
T3,2,0,177,33
T4,3,0,97,24
[126]
T1,0,0,112,43
T2,1,0,32,1
T3,2,1,193,48
T4,3,1,200,2
[127]
T1,0,0,80,41
T2,1,1,200,3
T3,2,1,35,2
T4,3,1,180,27
[128]
T1,0,0,125,14
T2,1,1,200,2
T3,2,1,28,7
T4,3,1,196,61
[129]
T1,0,0,50,15
T2,1,0,72,19
T3,2,0,200,16
T4,3,0,184,8
[130]
T1,0,1,25,4
T2,1,1,200,51
T3,2,0,128,19
T4,3,0,148,17
[131]
T1,0,0,22,8
T2,1,1,102,19
T3,2,0,179,6
T4,3,1,200,12
[132]
T1,0,0,125,24
T2,1,1,198,59
T3,2,0,200,32
T4,3,1,44,1
[133]
T1,0,1,184,22
T2,1,0,52,22
T3,2,0,68,2
T4,3,1,200,22
[134]
T1,0,0,50,8
T2,1,1,200,4
T3,2,1,130,41
T4,3,1,173,33
[135]
T1,0,1,183,26
T2,1,0,51,6
T3,2,1,135,1
T4,3,0,200,82
[136]
T1,0,0,152,9
T2,1,0,37,11
T3,2,1,129,2
T4,3,1,200,62
[137]
T1,0,0,183,18
T2,1,1,121,18
T3,2,1,200,45
T4,3,1,51,11
[138]
T1,0,1,97,14
T2,1,0,168,8
T3,2,1,21,8
T4,3,0,200,21
[139]
T1,0,1,200,81
T2,1,1,182,47
T3,2,1,75,1
T4,3,1,40,2
[140]
T1,0,0,105,8
T2,1,0,200,34
T3,2,0,158,44
T4,3,1,50,8
[141]
T1,0,0,200,2
T2,1,1,22,3
T3,2,0,107,32
T4,3,1,150,35
[142]
T1,0,1,183,60
T2,1,0,200,26
T3,2,0,32,7
T4,3,0,77,2
[143]
T1,0,0,160,4
T2,1,0,54,7
T3,2,1,23,5
T4,3,0,200,59
[144]
T1,0,1,87,14
T2,1,0,200,62
T3,2,1,180,24
T4,3,1,52,4
[145]
T1,0,0,179,40
T2,1,0,200,5
T3,2,1,101,4
T4,3,1,21,8
[146]
T1,0,0,199,35
T2,1,0,21,9
T3,2,1,146,4
T4,3,1,200,10
[147]
T1,0,0,29,7
T2,1,1,182,4
T3,2,1,200,11
T4,3,1,82,28
[148]
T1,0,1,50,16
T2,1,0,200,23
T3,2,1,103,12
T4,3,1,192,25
[149]
T1,0,1,152,5
T2,1,0,20,1
T3,2,1,200,2
T4,3,1,140,84
[150]
T1,0,1,173,17
T2,1,0,45,8
T3,2,1,200,59
T4,3,0,112,13
[151]
T1,0,1,34,1
T2,1,0,200,22
T3,2,1,70,15
T4,3,0,186,61
[152]
T1,0,1,75,27
T2,1,0,200,28
T3,2,1,164,20
T4,3,0,43,2
[153]
T1,0,0,178,14
T2,1,0,67,16
T3,2,0,39,4
T4,3,0,200,52
[154]
T1,0,0,200,86
T2,1,0,44,2
T3,2,1,195,1
T4,3,0,108,20
[155]
T1,0,0,33,1
T2,1,1,200,3
T3,2,0,189,82
T4,3,1,71,15
[156]
T1,0,0,69,4
T2,1,0,45,9
T3,2,0,200,84
T4,3,1,199,2
[157]
T1,0,1,182,56
T2,1,1,200,27
T3,2,1,142,34
T4,3,1,46,2
[158]
T1,0,0,171,2
T2,1,1,40,11
T3,2,0,127,1
T4,3,1,200,77
[159]
T1,0,0,89,6
T2,1,0,200,94
T3,2,0,36,1
T4,3,1,182,20
[160]
T1,0,1,101,16
T2,1,0,165,2
T3,2,1,20,2
T4,3,1,200,99
[161]
T1,0,0,116,19
T2,1,1,26,4
T3,2,0,169,18
T4,3,1,200,45
[162]
T1,0,1,191,4
T2,1,0,40,8
T3,2,0,200,44
T4,3,0,117,27
[163]
T1,0,1,36,11
T2,1,0,200,11
T3,2,1,183,42
T4,3,1,83,8
[164]
T1,0,0,175,7
T2,1,1,200,88
T3,2,0,145,7
T4,3,0,20,3
[165]
T1,0,1,86,28
T2,1,0,48,9
T3,2,0,200,13
T4,3,0,158,15
[166]
T1,0,1,200,21
T2,1,1,189,79
T3,2,0,71,2
T4,3,1,33,4
[167]
T1,0,1,50,12
T2,1,0,200,35
T3,2,1,113,16
T4,3,0,197,26
[168]
T1,0,1,26,2
T2,1,0,200,40
T3,2,1,187,55
T4,3,1,116,11
[169]
T1,0,0,38,1
T2,1,0,200,44
T3,2,1,74,25
T4,3,0,171,17
[170]
T1,0,0,85,18
T2,1,0,198,1
T3,2,0,25,7
T4,3,1,200,34
[171]
T1,0,1,180,15
T2,1,1,49,2
T3,2,0,75,19
T4,3,0,200,67
[172]
T1,0,0,41,14
T2,1,1,100,2
T3,2,1,200,36
T4,3,1,186,25
[173]
T1,0,0,195,64
T2,1,0,52,14
T3,2,1,137,8
T4,3,0,200,7
[174]
T1,0,0,171,15
T2,1,0,200,27
T3,2,1,42,13
T4,3,1,97,14
[175]
T1,0,1,110,29
T2,1,1,200,2
T3,2,1,34,4
T4,3,0,179,52
[176]
T1,0,0,87,16
T2,1,0,170,16
T3,2,1,200,16
T4,3,0,41,13
[177]
T1,0,0,149,9
T2,1,0,124,5
T3,2,0,33,5
T4,3,0,200,84
[178]
T1,0,0,200,15
T2,1,0,95,15
T3,2,1,174,66
T4,3,0,40,2
[179]
T1,0,1,20,1
T2,1,0,86,2
T3,2,0,200,63
T4,3,0,166,49
[180]
T1,0,1,35,7
T2,1,1,164,26
T3,2,1,77,11
T4,3,1,200,32
[181]
T1,0,1,51,2
T2,1,1,96,18
T3,2,1,200,77
T4,3,1,184,20
[182]
T1,0,0,168,24
T2,1,1,45,6
T3,2,0,200,24
T4,3,1,87,25
[183]
T1,0,1,150,62
T2,1,0,66,7
T3,2,0,200,13
T4,3,1,39,3
[184]
T1,0,0,62,10
T2,1,1,200,94
T3,2,1,183,6
T4,3,0,39,1
[185]
T1,0,1,200,7
T2,1,0,153,14
T3,2,1,63,8
T4,3,0,38,16
[186]
T1,0,0,167,11
T2,1,1,52,4
T3,2,1,200,67
T4,3,0,91,18
[187]
T1,0,0,200,39
T2,1,1,97,27
T3,2,1,25,2
T4,3,0,199,26
[188]
T1,0,1,200,20
T2,1,1,111,13
T3,2,1,21,8
T4,3,0,152,6
[189]
T1,0,0,142,1
T2,1,0,155,78
T3,2,1,200,31
T4,3,1,54,1
[190]
T1,0,0,146,16
T2,1,1,37,2
T3,2,1,200,12
T4,3,0,170,86
[191]
T1,0,0,97,10
T2,1,1,200,59
T3,2,1,181,8
T4,3,1,20,4
[192]
T1,0,1,134,57
T2,1,0,45,5
T3,2,0,200,6
T4,3,1,188,24
[193]
T1,0,1,20,2
T2,1,0,200,81
T3,2,0,113,4
T4,3,1,161,18
[194]
T1,0,0,172,5
T2,1,0,200,82
T3,2,1,26,6
T4,3,1,134,2
[195]
T1,0,0,92,39
T2,1,1,43,4
T3,2,1,200,13
T4,3,1,164,14
[196]
T1,0,0,200,88
T2,1,1,61,7
T3,2,0,41,3
T4,3,0,196,7
[197]
T1,0,1,122,17
T2,1,1,35,1
T3,2,0,200,5
T4,3,0,160,77
[198]
T1,0,0,31,8
T2,1,1,108,39
T3,2,0,200,3
T4,3,1,192,7
[199]
T1,0,1,200,25
T2,1,0,49,26
T3,2,1,99,2
T4,3,1,172,5
[200]
T1,0,1,148,19
T2,1,0,200,61
T3,2,0,44,11
T4,3,1,113,2
[201]
T1,0,0,200,7
T2,1,1,166,43
T3,2,1,46,17
T4,3,1,83,1
[202]
T1,0,0,200,59
T2,1,0,52,2
T3,2,0,175,20
T4,3,1,88,24
[203]
T1,0,1,138,16
T2,1,1,195,96
T3,2,1,38,2
T4,3,0,200,7
[204]
T1,0,1,168,21
T2,1,0,23,2
T3,2,0,200,4
T4,3,1,133,59
[205]
T1,0,1,111,19
T2,1,1,46,3
T3,2,1,200,19
T4,3,1,168,59
[206]
T1,0,1,200,1
T2,1,0,118,61
T3,2,0,150,13
T4,3,1,32,2
[207]
T1,0,0,24,4
T2,1,1,159,40
T3,2,1,138,21
T4,3,0,200,22
[208]
T1,0,1,200,22
T2,1,0,62,12
T3,2,0,47,4
T4,3,1,154,43
[209]
T1,0,0,137,34
T2,1,0,177,18
T3,2,1,200,3
T4,3,0,51,16
[210]
T1,0,0,46,2
T2,1,0,171,95
T3,2,1,200,17
T4,3,0,65,2
[211]
T1,0,0,102,31
T2,1,1,200,32
T3,2,0,148,16
T4,3,0,52,6
[212]
T1,0,1,83,10
T2,1,0,200,44
T3,2,1,38,5
T4,3,1,197,41
[213]
T1,0,0,138,40
T2,1,1,28,3
T3,2,1,200,55
T4,3,1,173,2
[214]
T1,0,0,38,2
T2,1,0,200,82
T3,2,0,93,7
T4,3,0,179,35
[215]
T1,0,0,200,46
T2,1,1,45,4
T3,2,1,151,29
T4,3,1,94,16
[216]
T1,0,0,27,7
T2,1,0,179,38
T3,2,1,98,17
T4,3,0,200,7
[217]
T1,0,0,148,22
T2,1,0,125,17
T3,2,0,32,9
T4,3,1,200,24
[218]
T1,0,0,161,11
T2,1,1,200,28
T3,2,1,49,1
T4,3,0,126,58
[219]
T1,0,0,47,1
T2,1,1,182,59
T3,2,0,135,18
T4,3,1,200,41
[220]
T1,0,0,200,9
T2,1,1,45,5
T3,2,0,148,36
T4,3,0,140,38
[221]
T1,0,1,200,27
T2,1,0,144,15
T3,2,1,180,71
T4,3,1,47,2
[222]
T1,0,1,51,5
T2,1,1,200,33
T3,2,1,175,24
T4,3,1,128,37
[223]
T1,0,0,108,33
T2,1,1,177,43
T3,2,0,200,17
T4,3,1,50,2
[224]
T1,0,0,177,58
T2,1,1,35,1
T3,2,1,200,22
T4,3,0,104,22
[225]
T1,0,0,166,22
T2,1,1,200,4
T3,2,0,38,6
T4,3,0,101,36
[226]
T1,0,0,110,11
T2,1,0,200,34
T3,2,0,30,7
T4,3,1,151,25
[227]
T1,0,0,26,1
T2,1,1,200,16
T3,2,0,149,84
T4,3,0,131,2
[228]
T1,0,0,29,6
T2,1,1,200,7
T3,2,1,119,23
T4,3,0,154,37
[229]
T1,0,0,136,10
T2,1,0,24,12
T3,2,0,200,16
T4,3,0,187,1
[230]
T1,0,1,24,5
T2,1,1,130,12
T3,2,1,200,26
T4,3,1,148,38
[231]
T1,0,1,200,57
T2,1,0,84,26
T3,2,1,191,1
T4,3,0,38,3
[232]
T1,0,1,38,11
T2,1,1,153,28
T3,2,0,77,3
T4,3,1,200,32
[233]
T1,0,1,91,17
T2,1,0,185,7
T3,2,1,40,12
T4,3,0,200,29
[234]
T1,0,1,200,12
T2,1,0,23,5
T3,2,0,195,57
T4,3,0,132,13
[235]
T1,0,0,171,39
T2,1,0,200,23
T3,2,1,34,9
T4,3,0,62,4
[236]
T1,0,0,113,1
T2,1,0,180,27
T3,2,0,200,80
T4,3,0,52,6
[237]
T1,0,0,167,38
T2,1,1,200,42
T3,2,0,29,6
T4,3,0,114,1
[238]
T1,0,0,24,2
T2,1,1,200,14
T3,2,1,67,20
T4,3,1,193,56
[239]
T1,0,0,46,6
T2,1,1,167,54
T3,2,0,200,23
T4,3,1,89,10
[240]
T1,0,1,111,34
T2,1,0,160,6
T3,2,0,39,5
T4,3,0,200,40
[241]
T1,0,1,200,12
T2,1,1,184,39
T3,2,0,36,11
T4,3,0,85,7
[242]
T1,0,0,117,39
T2,1,0,156,2
T3,2,1,27,4
T4,3,0,200,39
[243]
T1,0,0,196,36
T2,1,1,200,44
T3,2,1,48,11
T4,3,1,67,3
[244]
T1,0,1,21,2
T2,1,1,124,44
T3,2,1,183,1
T4,3,0,200,41
[245]
T1,0,0,68,18
T2,1,0,200,18
T3,2,1,25,6
T4,3,1,162,8
[246]
T1,0,1,36,5
T2,1,1,200,10
T3,2,1,162,44
T4,3,0,123,25
[247]
T1,0,1,200,34
T2,1,0,21,3
T3,2,1,176,45
T4,3,0,132,15
[248]
T1,0,1,122,11
T2,1,1,198,54
T3,2,1,200,56
T4,3,1,27,1
[249]
T1,0,0,147,17
T2,1,1,200,10
T3,2,1,135,23
T4,3,0,31,11
[250]
T1,0,1,30,6
T2,1,1,142,15
T3,2,1,200,10
T4,3,0,165,54
[251]
T1,0,1,26,10
T2,1,1,200,5
T3,2,0,173,4
T4,3,0,58,14
[252]
T1,0,1,54,6
T2,1,0,200,85
T3,2,0,172,19
T4,3,0,125,4
[253]
T1,0,1,200,2
T2,1,1,166,56
T3,2,0,84,19
T4,3,0,22,2
[254]
T1,0,1,50,5
T2,1,1,199,7
T3,2,0,200,77
T4,3,0,122,19
[255]
T1,0,1,132,1
T2,1,0,174,16
T3,2,0,200,90
T4,3,1,41,5
[256]
T1,0,1,27,2
T2,1,1,91,3
T3,2,1,200,99
T4,3,0,190,29
[257]
T1,0,1,195,65
T2,1,1,70,6
T3,2,0,200,41
T4,3,0,49,2
[258]
T1,0,1,200,8
T2,1,0,46,8
T3,2,1,88,16
T4,3,1,168,47
[259]
T1,0,1,200,2
T2,1,1,69,1
T3,2,0,28,1
T4,3,0,178,106
[260]
T1,0,0,25,2
T2,1,1,200,114
T3,2,0,147,12
T4,3,1,57,1
[261]
T1,0,0,22,3
T2,1,1,79,9
T3,2,0,181,25
T4,3,0,200,52
[262]
T1,0,1,151,20
T2,1,0,117,18
T3,2,0,200,80
T4,3,0,33,2
[263]
T1,0,1,51,4
T2,1,1,107,34
T3,2,0,200,33
T4,3,1,177,20
[264]
T1,0,1,181,46
T2,1,0,21,2
T3,2,0,200,60
T4,3,1,99,2
[265]
T1,0,0,133,57
T2,1,0,200,9
T3,2,1,186,1
T4,3,1,29,5
[266]
T1,0,0,151,2
T2,1,0,22,1
T3,2,1,92,29
T4,3,1,200,59
[267]
T1,0,1,200,30
T2,1,0,184,2
T3,2,1,132,43
T4,3,0,26,5
[268]
T1,0,0,94,7
T2,1,1,200,5
T3,2,1,39,8
T4,3,1,188,69
[269]
T1,0,0,148,14
T2,1,1,29,2
T3,2,1,200,11
T4,3,0,56,24
[270]
T1,0,1,116,28
T2,1,1,172,16
T3,2,0,200,4
T4,3,1,39,13
[271]
T1,0,1,27,1
T2,1,1,161,14
T3,2,0,200,79
T4,3,1,125,18
[272]
T1,0,1,105,9
T2,1,1,194,21
T3,2,1,200,55
T4,3,1,25,5
[273]
T1,0,0,116,2
T2,1,0,166,67
T3,2,0,30,2
T4,3,1,200,38
[274]
T1,0,1,171,5
T2,1,0,33,5
T3,2,0,200,20
T4,3,1,98,38
[275]
T1,0,0,200,46
T2,1,1,166,18
T3,2,1,118,4
T4,3,1,44,13
[276]
T1,0,0,65,35
T2,1,1,200,4
T3,2,0,50,2
T4,3,0,149,17
[277]
T1,0,0,116,19
T2,1,1,158,1
T3,2,0,45,5
T4,3,0,200,81
[278]
T1,0,0,200,24
T2,1,1,41,14
T3,2,0,140,14
T4,3,1,172,19
[279]
T1,0,0,171,36
T2,1,1,132,18
T3,2,0,200,18
T4,3,1,32,8
[280]
T1,0,0,79,22
T2,1,0,200,24
T3,2,1,38,10
T4,3,0,194,2
[281]
T1,0,0,115,33
T2,1,1,172,19
T3,2,1,200,59
T4,3,1,40,2
[282]
T1,0,1,155,29
T2,1,0,48,3
T3,2,0,75,4
T4,3,0,200,75
[283]
T1,0,0,79,6
T2,1,0,200,15
T3,2,0,171,88
T4,3,0,33,2
[284]
T1,0,1,146,32
T2,1,1,200,45
T3,2,1,35,7
T4,3,1,195,6
[285]
T1,0,0,200,53
T2,1,1,49,2
T3,2,0,172,16
T4,3,0,90,28
[286]
T1,0,0,126,18
T2,1,1,200,11
T3,2,0,25,8
T4,3,1,195,29
[287]
T1,0,0,168,13
T2,1,0,200,46
T3,2,0,26,7
T4,3,1,105,9
[288]
T1,0,1,163,31
T2,1,1,55,2
T3,2,1,35,6
T4,3,0,200,62
[289]
T1,0,0,186,21
T2,1,0,70,9
T3,2,1,31,4
T4,3,0,200,63
[290]
T1,0,0,105,2
T2,1,0,165,21
T3,2,1,200,95
T4,3,1,35,2
[291]
T1,0,1,124,13
T2,1,1,166,74
T3,2,0,200,23
T4,3,0,43,2
[292]
T1,0,0,36,6
T2,1,1,189,36
T3,2,1,80,14
T4,3,0,200,30
[293]
T1,0,0,50,2
T2,1,0,200,21
T3,2,0,142,52
T4,3,0,149,32
[294]
T1,0,0,72,14
T2,1,1,200,30
T3,2,0,193,54
T4,3,1,21,1
[295]
T1,0,0,108,26
T2,1,0,32,2
T3,2,1,176,8
T4,3,0,200,77
[296]
T1,0,0,200,37
T2,1,0,86,11
T3,2,0,163,16
T4,3,1,26,7
[297]
T1,0,1,170,18
T2,1,0,54,27
T3,2,0,41,1
T4,3,0,200,10
[298]
T1,0,0,50,2
T2,1,0,173,76
T3,2,1,200,9
T4,3,0,55,8
[299]
T1,0,0,31,2
T2,1,1,200,41
T3,2,0,168,60
T4,3,1,88,11
[300]
T1,0,1,52,9
T2,1,0,139,18
T3,2,0,199,45
T4,3,1,200,28
[301]
T1,0,0,199,76
T2,1,0,200,16
T3,2,0,85,10
T4,3,1,20,2
[302]
T1,0,1,200,25
T2,1,0,117,4
T3,2,0,38,7
T4,3,0,192,61
[303]
T1,0,0,76,26
T2,1,0,200,18
T3,2,1,21,2
T4,3,1,161,38
[304]
T1,0,1,108,20
T2,1,1,200,40
T3,2,1,28,7
T4,3,1,162,4
[305]
T1,0,1,200,58
T2,1,1,61,15
T3,2,0,166,17
T4,3,1,28,1
[306]
T1,0,1,45,9
T2,1,1,200,23
T3,2,1,110,31
T4,3,1,178,13
[307]
T1,0,1,53,6
T2,1,0,188,54
T3,2,0,62,11
T4,3,0,200,20
[308]
T1,0,1,75,18
T2,1,1,200,44
T3,2,0,54,6
T4,3,0,176,20
[309]
T1,0,1,174,53
T2,1,1,57,18
T3,2,0,200,3
T4,3,1,44,2
[310]
T1,0,0,200,45
T2,1,1,164,34
T3,2,1,22,2
T4,3,0,101,17
[311]
T1,0,0,200,53
T2,1,0,75,29
T3,2,0,23,2
T4,3,0,193,6
[312]
T1,0,0,170,98
T2,1,0,147,16
T3,2,0,25,2
T4,3,0,200,1
[313]
T1,0,1,182,22
T2,1,0,53,19
T3,2,0,200,11
T4,3,1,99,15
[314]
T1,0,1,44,2
T2,1,1,200,19
T3,2,0,193,90
T4,3,1,128,16
[315]
T1,0,1,28,12
T2,1,1,69,7
T3,2,0,149,15
T4,3,1,200,7
[316]
T1,0,0,102,23
T2,1,1,27,7
T3,2,0,147,18
T4,3,1,200,14
[317]
T1,0,1,200,27
T2,1,1,177,45
T3,2,1,22,6
T4,3,0,69,2
[318]
T1,0,0,179,2
T2,1,0,200,3
T3,2,0,85,24
T4,3,1,32,12
[319]
T1,0,0,200,11
T2,1,1,138,18
T3,2,1,45,8
T4,3,1,159,50
[320]
T1,0,1,22,3
T2,1,0,140,62
T3,2,1,200,11
T4,3,0,192,11
[321]
T1,0,1,200,13
T2,1,0,85,25
T3,2,0,42,4
T4,3,0,168,37
[322]
T1,0,0,165,14
T2,1,1,102,56
T3,2,0,29,1
T4,3,0,200,2
[323]
T1,0,0,200,29
T2,1,1,143,14
T3,2,0,33,14
T4,3,0,194,4
[324]
T1,0,1,134,13
T2,1,0,152,4
T3,2,1,26,13
T4,3,1,200,6
[325]
T1,0,0,45,4
T2,1,0,126,29
T3,2,0,195,20
T4,3,1,200,51
[326]
T1,0,0,24,11
T2,1,0,171,9
T3,2,1,75,2
T4,3,1,200,27
[327]
T1,0,1,85,40
T2,1,1,200,20
T3,2,0,149,2
T4,3,1,40,4
[328]
T1,0,1,95,5
T2,1,1,162,25
T3,2,0,200,50
T4,3,0,39,9
[329]
T1,0,0,75,12
T2,1,0,36,9
T3,2,1,200,46
T4,3,1,195,8
[330]
T1,0,1,28,14
T2,1,0,61,4
T3,2,1,200,5
T4,3,0,165,11
[331]
T1,0,1,22,8
T2,1,1,89,15
T3,2,0,200,9
T4,3,1,154,15
[332]
T1,0,0,63,3
T2,1,0,200,74
T3,2,1,181,30
T4,3,0,28,3
[333]
T1,0,1,158,22
T2,1,1,27,2
T3,2,0,138,27
T4,3,1,200,51
[334]
T1,0,0,200,14
T2,1,0,23,4
T3,2,1,189,3
T4,3,0,74,31
[335]
T1,0,1,35,2
T2,1,0,91,21
T3,2,1,181,20
T4,3,1,200,68
[336]
T1,0,1,132,1
T2,1,1,191,36
T3,2,1,46,9
T4,3,0,200,58
[337]
T1,0,1,24,2
T2,1,1,62,3
T3,2,1,199,95
T4,3,1,200,11
[338]
T1,0,0,52,17
T2,1,1,191,51
T3,2,0,200,2
T4,3,0,147,14
[339]
T1,0,0,192,56
T2,1,0,91,2
T3,2,0,38,1
T4,3,1,200,72
[340]
T1,0,1,158,11
T2,1,0,33,1
T3,2,0,128,7
T4,3,1,200,105
[341]
T1,0,1,200,45
T2,1,1,74,15
T3,2,1,36,3
T4,3,0,181,30
[342]
T1,0,0,38,2
T2,1,1,161,22
T3,2,0,200,41
T4,3,1,66,21
[343]
T1,0,0,35,15
T2,1,1,77,9
T3,2,0,200,3
T4,3,1,160,20
[344]
T1,0,1,157,72
T2,1,0,71,2
T3,2,0,200,9
T4,3,1,38,6
[345]
T1,0,1,61,4
T2,1,1,152,40
T3,2,0,200,64
T4,3,1,41,1
[346]
T1,0,1,176,64
T2,1,1,72,11
T3,2,0,23,3
T4,3,1,200,4
[347]
T1,0,1,24,2
T2,1,1,190,89
T3,2,0,200,17
T4,3,1,108,12
[348]
T1,0,0,117,1
T2,1,1,200,52
T3,2,1,46,5
T4,3,0,149,44
[349]
T1,0,0,200,12
T2,1,0,159,1
T3,2,1,139,84
T4,3,0,20,2
[350]
T1,0,0,200,36
T2,1,1,92,8
T3,2,1,174,51
T4,3,1,21,2
[351]
T1,0,0,102,31
T2,1,0,160,25
T3,2,1,200,1
T4,3,1,27,6
[352]
T1,0,1,200,37
T2,1,1,99,14
T3,2,0,148,7
T4,3,0,30,9
[353]
T1,0,0,200,27
T2,1,1,167,64
T3,2,0,115,7
T4,3,1,24,2
[354]
T1,0,1,149,17
T2,1,1,48,23
T3,2,1,200,4
T4,3,1,133,8
[355]
T1,0,0,172,21
T2,1,1,55,2
T3,2,0,48,19
T4,3,1,200,26
[356]
T1,0,1,200,16
T2,1,1,33,7
T3,2,1,194,55
T4,3,1,61,5
[357]
T1,0,0,101,28
T2,1,1,195,52
T3,2,1,200,2
T4,3,0,52,7
[358]
T1,0,1,159,31
T2,1,0,200,28
T3,2,1,46,2
T4,3,0,101,30
[359]
T1,0,1,52,6
T2,1,1,200,7
T3,2,0,60,20
T4,3,0,164,32
[360]
T1,0,1,78,40
T2,1,0,200,6
T3,2,0,24,2
T4,3,0,158,4
[361]
T1,0,1,33,2
T2,1,1,189,38
T3,2,0,55,7
T4,3,1,200,59
[362]
T1,0,0,56,4
T2,1,0,176,33
T3,2,0,200,59
T4,3,0,41,5
[363]
T1,0,1,199,8
T2,1,0,28,2
T3,2,1,200,3
T4,3,0,90,50
[364]
T1,0,1,61,10
T2,1,1,200,3
T3,2,0,35,8
T4,3,0,148,38
[365]
T1,0,1,200,46
T2,1,1,43,1
T3,2,0,59,2
T4,3,0,170,65
[366]
T1,0,1,200,84
T2,1,1,95,15
T3,2,0,33,2
T4,3,0,186,7
[367]
T1,0,0,110,31
T2,1,0,200,26
T3,2,0,177,28
T4,3,0,39,4
[368]
T1,0,0,82,17
T2,1,1,200,39
T3,2,0,35,8
T4,3,0,170,8
[369]
T1,0,0,200,36
T2,1,0,21,4
T3,2,1,129,16
T4,3,1,165,30
[370]
T1,0,1,165,2
T2,1,1,200,64
T3,2,0,147,27
T4,3,0,51,9
[371]
T1,0,1,161,12
T2,1,0,40,1
T3,2,1,106,27
T4,3,0,200,65
[372]
T1,0,1,33,11
T2,1,1,160,7
T3,2,0,56,14
T4,3,1,200,10
[373]
T1,0,0,173,48
T2,1,0,200,1
T3,2,1,35,11
T4,3,1,130,11
[374]
T1,0,0,69,8
T2,1,0,200,18
T3,2,0,168,70
T4,3,0,52,3
[375]
T1,0,1,200,36
T2,1,1,139,4
T3,2,0,42,5
T4,3,0,160,55
[376]
T1,0,1,42,4
T2,1,0,59,2
T3,2,0,197,64
T4,3,1,200,41
[377]
T1,0,1,21,2
T2,1,1,176,7
T3,2,1,200,15
T4,3,1,138,79
[378]
T1,0,1,97,26
T2,1,0,32,2
T3,2,0,200,72
T4,3,0,184,11
[379]
T1,0,1,172,22
T2,1,0,22,2
T3,2,0,200,80
T4,3,0,80,10
[380]
T1,0,1,168,8
T2,1,0,58,9
T3,2,1,200,30
T4,3,1,37,12
[381]
T1,0,0,200,34
T2,1,1,186,5
T3,2,0,24,11
T4,3,1,75,2
[382]
T1,0,0,39,1
T2,1,1,172,2
T3,2,0,121,39
T4,3,0,200,63
[383]
T1,0,1,175,23
T2,1,0,94,23
T3,2,1,45,5
T4,3,0,200,36
[384]
T1,0,0,190,24
T2,1,0,143,39
T3,2,0,200,20
T4,3,1,23,4
[385]
T1,0,0,200,89
T2,1,0,66,10
T3,2,1,169,3
T4,3,0,39,2
[386]
T1,0,0,182,2
T2,1,0,122,26
T3,2,1,49,21
T4,3,1,200,8
[387]
T1,0,1,166,2
T2,1,0,35,7
T3,2,0,60,2
T4,3,1,200,85
[388]
T1,0,0,109,6
T2,1,0,200,25
T3,2,0,47,9
T4,3,1,185,57
[389]
T1,0,0,32,13
T2,1,0,185,14
T3,2,0,104,17
T4,3,1,200,7
[390]
T1,0,0,200,24
T2,1,0,95,37
T3,2,0,166,6
T4,3,0,41,5
[391]
T1,0,1,46,1
T2,1,1,64,9
T3,2,0,200,9
T4,3,0,184,86
[392]
T1,0,0,200,15
T2,1,0,194,82
T3,2,1,85,9
T4,3,0,22,1
[393]
T1,0,1,184,75
T2,1,1,145,11
T3,2,1,200,17
T4,3,1,27,3
[394]
T1,0,1,21,2
T2,1,1,200,34
T3,2,0,85,6
T4,3,0,169,74
[395]
T1,0,0,27,3
T2,1,1,86,35
T3,2,1,178,26
T4,3,1,200,5
[396]
T1,0,1,115,2
T2,1,1,200,56
T3,2,0,48,5
T4,3,0,176,51
[397]
T1,0,0,54,6
T2,1,0,125,57
T3,2,1,149,2
T4,3,0,200,22
[398]
T1,0,1,39,7
T2,1,0,69,18
T3,2,0,200,14
T4,3,1,195,34
[399]
T1,0,0,200,8
T2,1,0,184,43
T3,2,1,40,11
T4,3,0,93,11
[400]
T1,0,0,88,7
T2,1,1,200,102
T3,2,1,160,2
T4,3,1,25,2
[401]
T1,0,1,162,21
T2,1,1,69,1
T3,2,0,48,2
T4,3,1,200,100
[402]
T1,0,1,158,3
T2,1,1,31,3
T3,2,1,200,84
T4,3,1,97,13
[403]
T1,0,0,200,78
T2,1,0,28,5
T3,2,0,174,6
T4,3,1,101,6
[404]
T1,0,1,79,6
T2,1,0,200,25
T3,2,1,178,75
T4,3,0,38,2
[405]
T1,0,0,28,2
T2,1,0,156,35
T3,2,0,110,27
T4,3,1,200,42
[406]
T1,0,1,81,10
T2,1,0,154,2
T3,2,1,200,79
T4,3,1,21,3
[407]
T1,0,1,79,7
T2,1,1,51,14
T3,2,1,148,29
T4,3,0,200,26
[408]
T1,0,1,107,19
T2,1,0,159,61
T3,2,1,30,1
T4,3,1,200,17
[409]
T1,0,0,76,13
T2,1,1,200,16
T3,2,0,44,5
T4,3,0,165,51
[410]
T1,0,1,116,2
T2,1,1,20,3
T3,2,1,160,48
T4,3,1,200,40
[411]
T1,0,1,167,25
T2,1,0,45,4
T3,2,0,133,51
T4,3,0,200,12
[412]
T1,0,0,64,21
T2,1,0,156,15
T3,2,1,200,21
T4,3,0,52,8
[413]
T1,0,1,159,25
T2,1,0,200,1
T3,2,0,33,12
T4,3,1,121,17
[414]
T1,0,1,200,2
T2,1,1,105,21
T3,2,0,41,13
T4,3,0,165,24
[415]
T1,0,1,113,21
T2,1,0,24,1
T3,2,1,200,85
T4,3,0,189,2
[416]
T1,0,0,37,7
T2,1,1,162,15
T3,2,1,200,39
T4,3,0,136,27
[417]
T1,0,0,157,15
T2,1,1,200,65
T3,2,1,113,25
T4,3,1,34,1
[418]
T1,0,0,181,30
T2,1,0,84,19
T3,2,1,200,3
T4,3,1,52,14
[419]
T1,0,1,200,22
T2,1,1,37,1
T3,2,0,60,24
T4,3,0,182,24
[420]
T1,0,1,26,2
T2,1,1,200,58
T3,2,1,161,4
T4,3,0,85,22
[421]
T1,0,0,42,5
T2,1,0,178,48
T3,2,0,200,20
T4,3,1,104,20
[422]
T1,0,0,200,3
T2,1,1,152,90
T3,2,0,117,4
T4,3,1,33,1
[423]
T1,0,1,51,4
T2,1,1,176,3
T3,2,1,142,7
T4,3,0,200,107
[424]
T1,0,1,153,39
T2,1,0,39,3
T3,2,0,116,23
T4,3,0,200,31
[425]
T1,0,0,169,2
T2,1,1,50,6
T3,2,1,200,44
T4,3,0,85,28
[426]
T1,0,1,200,22
T2,1,1,95,31
T3,2,1,25,4
T4,3,1,152,11
[427]
T1,0,0,33,2
T2,1,0,160,56
T3,2,0,113,14
T4,3,0,200,29
[428]
T1,0,0,200,84
T2,1,0,111,18
T3,2,0,184,17
T4,3,1,38,2
[429]
T1,0,1,183,43
T2,1,0,86,30
T3,2,0,200,2
T4,3,1,26,2
[430]
T1,0,0,200,42
T2,1,1,167,1
T3,2,1,24,11
T4,3,0,64,1
[431]
T1,0,1,113,28
T2,1,0,54,8
T3,2,1,179,43
T4,3,1,200,11
[432]
T1,0,0,51,2
T2,1,0,166,24
T3,2,0,200,62
T4,3,0,79,17
[433]
T1,0,0,200,9
T2,1,1,22,1
T3,2,1,57,2
T4,3,0,178,96
[434]
T1,0,1,33,1
T2,1,0,200,39
T3,2,1,132,3
T4,3,1,182,78
[435]
T1,0,0,151,11
T2,1,0,100,1
T3,2,1,24,3
T4,3,0,200,93
[436]
T1,0,0,150,33
T2,1,0,39,17
T3,2,1,200,3
T4,3,1,144,2
[437]
T1,0,0,89,7
T2,1,0,38,12
T3,2,1,158,37
T4,3,0,200,8
[438]
T1,0,0,200,2
T2,1,1,154,19
T3,2,1,22,2
T4,3,1,74,32
[439]
T1,0,0,22,5
T2,1,0,200,24
T3,2,1,94,23
T4,3,1,199,14
[440]
T1,0,0,160,85
T2,1,0,105,1
T3,2,0,52,5
T4,3,1,200,10
[441]
T1,0,1,155,95
T2,1,0,24,1
T3,2,1,131,2
T4,3,0,200,4
[442]
T1,0,0,86,8
T2,1,1,174,6
T3,2,0,48,8
T4,3,1,200,76
[443]
T1,0,0,67,1
T2,1,0,158,32
T3,2,0,39,8
T4,3,1,200,50
[444]
T1,0,1,101,47
T2,1,1,192,12
T3,2,0,26,2
T4,3,0,200,15
[445]
T1,0,1,200,22
T2,1,1,138,48
T3,2,1,157,5
T4,3,0,50,10
[446]
T1,0,0,148,57
T2,1,1,35,1
T3,2,1,200,47
T4,3,0,85,3
[447]
T1,0,0,200,8
T2,1,1,199,76
T3,2,0,114,7
T4,3,0,20,4
[448]
T1,0,0,20,1
T2,1,0,171,33
T3,2,0,200,15
T4,3,1,126,44
[449]
T1,0,1,200,46
T2,1,1,31,2
T3,2,1,93,5
T4,3,0,170,57
[450]
T1,0,1,194,48
T2,1,1,33,6
T3,2,0,200,7
T4,3,0,117,23
[451]
T1,0,1,110,4
T2,1,0,185,65
T3,2,1,200,58
T4,3,1,27,2
[452]
T1,0,1,139,3
T2,1,0,197,110
T3,2,0,200,16
T4,3,0,44,1
[453]
T1,0,1,200,77
T2,1,0,107,2
T3,2,1,194,32
T4,3,1,40,4
[454]
T1,0,1,92,14
T2,1,0,44,8
T3,2,1,156,44
T4,3,0,200,12
[455]
T1,0,1,21,2
T2,1,0,126,15
T3,2,0,200,85
T4,3,1,195,6
[456]
T1,0,1,195,4
T2,1,0,200,4
T3,2,1,49,2
T4,3,0,64,41
[457]
T1,0,0,182,5
T2,1,1,200,87
T3,2,1,114,15
T4,3,1,49,4
[458]
T1,0,0,28,6
T2,1,1,175,67
T3,2,1,144,8
T4,3,0,200,5
[459]
T1,0,0,52,11
T2,1,0,200,48
T3,2,0,195,27
T4,3,1,118,11
[460]
T1,0,0,162,25
T2,1,1,54,18
T3,2,0,200,3
T4,3,0,40,7
[461]
T1,0,0,44,3
T2,1,0,104,18
T3,2,0,188,53
T4,3,0,200,33
[462]
T1,0,0,155,23
T2,1,1,36,11
T3,2,0,200,18
T4,3,1,62,8
[463]
T1,0,1,64,2
T2,1,0,149,46
T3,2,0,30,10
T4,3,1,200,3
[464]
T1,0,0,117,24
T2,1,0,153,19
T3,2,0,40,8
T4,3,0,200,31
[465]
T1,0,0,200,46
T2,1,1,167,12
T3,2,1,136,5
T4,3,1,21,7
[466]
T1,0,0,90,4
T2,1,1,200,15
T3,2,1,183,19
T4,3,1,35,16
[467]
T1,0,1,81,15
T2,1,0,25,8
T3,2,1,181,3
T4,3,1,200,33
[468]
T1,0,1,200,29
T2,1,1,124,54
T3,2,0,22,1
T4,3,1,184,5
[469]
T1,0,0,200,36
T2,1,0,52,4
T3,2,0,108,10
T4,3,0,163,54
[470]
T1,0,0,35,4
T2,1,0,200,8
T3,2,0,199,47
T4,3,0,140,42
[471]
T1,0,1,200,15
T2,1,1,174,50
T3,2,1,26,2
T4,3,0,129,29
[472]
T1,0,0,148,41
T2,1,0,200,13
T3,2,0,20,2
T4,3,0,131,43
[473]
T1,0,1,20,5
T2,1,0,200,29
T3,2,1,124,3
T4,3,1,152,36
[474]
T1,0,0,69,3
T2,1,0,42,5
T3,2,1,200,47
T4,3,0,196,57
[475]
T1,0,1,58,1
T2,1,1,200,2
T3,2,0,52,24
T4,3,1,172,31
[476]
T1,0,1,173,27
T2,1,0,40,2
T3,2,0,200,45
T4,3,1,94,26
[477]
T1,0,1,188,47
T2,1,1,58,11
T3,2,0,200,15
T4,3,1,53,9
[478]
T1,0,1,121,49
T2,1,0,160,11
T3,2,1,45,4
T4,3,1,200,25
[479]
T1,0,0,200,33
T2,1,0,165,11
T3,2,1,133,9
T4,3,0,25,9
[480]
T1,0,1,200,17
T2,1,0,145,9
T3,2,1,180,30
T4,3,1,25,9
[481]
T1,0,1,45,13
T2,1,0,56,2
T3,2,0,173,25
T4,3,1,200,46
[482]
T1,0,0,92,34
T2,1,0,200,13
T3,2,0,193,15
T4,3,0,36,6
[483]
T1,0,0,200,3
T2,1,1,41,1
T3,2,1,110,61
T4,3,1,155,11
[484]
T1,0,1,58,6
T2,1,0,200,11
T3,2,0,52,23
T4,3,1,184,14
[485]
T1,0,1,158,40
T2,1,1,200,68
T3,2,1,38,1
T4,3,0,89,5
[486]
T1,0,0,200,2
T2,1,0,64,3
T3,2,0,192,44
T4,3,1,47,18
[487]
T1,0,1,72,26
T2,1,1,200,16
T3,2,0,42,2
T4,3,0,168,39
[488]
T1,0,0,162,11
T2,1,0,119,34
T3,2,0,43,3
T4,3,1,200,51
[489]
T1,0,0,200,15
T2,1,0,190,43
T3,2,0,93,9
T4,3,1,27,7
[490]
T1,0,0,98,29
T2,1,1,200,20
T3,2,1,37,2
T4,3,0,162,45
[491]
T1,0,0,144,24
T2,1,1,148,40
T3,2,0,45,3
T4,3,0,200,34
[492]
T1,0,0,109,11
T2,1,0,29,2
T3,2,1,178,16
T4,3,0,200,80
[493]
T1,0,0,46,25
T2,1,0,79,2
T3,2,0,200,22
T4,3,1,195,2
[494]
T1,0,0,200,104
T2,1,1,166,7
T3,2,1,125,5
T4,3,0,26,2
[495]
T1,0,0,200,24
T2,1,0,22,2
T3,2,1,83,8
T4,3,0,193,71
[496]
T1,0,1,153,5
T2,1,1,200,81
T3,2,1,39,5
T4,3,1,75,8
[497]
T1,0,1,40,2
T2,1,1,179,19
T3,2,0,200,53
T4,3,1,108,33
[498]
T1,0,0,190,5
T2,1,1,124,5
T3,2,1,200,84
T4,3,1,51,10
[499]
T1,0,1,158,8
T2,1,1,200,71
T3,2,1,46,11
T4,3,1,95,2
[500]
T1,0,0,200,24
T2,1,1,70,16
T3,2,0,28,5
T4,3,0,175,22
