num_task_per_taskset=3
num_taskset=500
//ID,Priority,Offset,Period,Execution Time
[1]
T1,0,1,112,17
T2,1,0,34,1
T3,2,0,183,1
[2]
T1,0,1,187,12
T2,1,0,138,11
T3,2,1,30,1
[3]
T1,0,0,131,9
T2,1,1,151,4
T3,2,1,43,4
[4]
T1,0,1,22,3
T2,1,0,150,2
T3,2,1,73,1
[5]
T1,0,0,39,3
T2,1,0,185,14
T3,2,0,78,2
[6]
T1,0,1,192,22
T2,1,1,34,2
T3,2,0,103,6
[7]
T1,0,1,159,1
T2,1,1,49,3
T3,2,0,59,6
[8]
T1,0,0,34,5
T2,1,1,64,2
T3,2,0,170,4
[9]
T1,0,1,194,5
T2,1,0,65,4
T3,2,0,40,3
[10]
T1,0,1,62,2
T2,1,1,174,15
T3,2,0,50,4
[11]
T1,0,0,188,3
T2,1,0,21,2
T3,2,0,69,12
[12]
T1,0,0,30,2
T2,1,1,191,24
T3,2,0,112,5
[13]
T1,0,0,33,2
T2,1,0,140,7
T3,2,0,147,18
[14]
T1,0,1,68,1
T2,1,0,173,16
T3,2,0,24,2
[15]
T1,0,1,95,11
T2,1,1,192,2
T3,2,0,50,3
[16]
T1,0,0,124,5
T2,1,1,185,16
T3,2,1,20,1
[17]
T1,0,1,174,3
T2,1,1,46,1
T3,2,0,102,14
[18]
T1,0,0,112,3
T2,1,1,25,3
T3,2,1,175,4
[19]
T1,0,1,166,2
T2,1,0,76,9
T3,2,0,45,2
[20]
T1,0,0,124,8
T2,1,1,22,1
T3,2,0,186,15
[21]
T1,0,0,196,20
T2,1,1,119,4
T3,2,0,52,3
[22]
T1,0,0,189,15
T2,1,0,112,12
T3,2,1,50,2
[23]
T1,0,1,129,2
T2,1,1,52,6
T3,2,1,173,8
[24]
T1,0,1,154,2
T2,1,0,60,4
T3,2,1,40,4
[25]
T1,0,1,70,9
T2,1,0,158,2
T3,2,1,47,2
[26]
T1,0,0,37,2
T2,1,1,84,2
T3,2,0,156,24
[27]
T1,0,0,74,4
T2,1,1,28,3
T3,2,0,199,4
[28]
T1,0,0,149,21
T2,1,1,45,1
T3,2,1,64,1
[29]
T1,0,1,148,22
T2,1,0,28,2
T3,2,1,86,4
[30]
T1,0,1,52,3
T2,1,0,136,8
T3,2,1,183,14
[31]
T1,0,1,181,2
T2,1,0,74,5
T3,2,0,27,2
[32]
T1,0,0,73,8
T2,1,1,20,1
T3,2,0,197,1
[33]
T1,0,0,47,4
T2,1,0,161,4
T3,2,0,76,5
[34]
T1,0,0,24,2
T2,1,0,78,12
T3,2,1,195,3
[35]
T1,0,1,37,1
T2,1,0,62,6
T3,2,0,176,11
[36]
T1,0,0,152,6
T2,1,1,42,5
T3,2,1,96,2
[37]
T1,0,1,90,3
T2,1,1,44,3
T3,2,0,168,15
[38]
T1,0,0,68,4
T2,1,0,36,1
T3,2,1,160,16
[39]
T1,0,1,175,3
T2,1,0,32,2
T3,2,1,104,10
[40]
T1,0,1,21,3
T2,1,0,108,3
T3,2,0,184,1
[41]
T1,0,0,114,7
T2,1,0,35,4
T3,2,0,184,4
[42]
T1,0,0,168,5
T2,1,0,25,1
T3,2,1,129,13
[43]
T1,0,1,174,10
T2,1,1,107,9
T3,2,0,50,2
[44]
T1,0,0,134,3
T2,1,0,173,23
T3,2,1,21,2
[45]
T1,0,0,192,21
T2,1,0,67,3
T3,2,1,24,2
[46]
T1,0,0,183,15
T2,1,1,143,12
T3,2,1,38,1
[47]
T1,0,0,35,2
T2,1,0,197,4
T3,2,1,90,8
[48]
T1,0,0,139,3
T2,1,0,148,6
T3,2,1,33,4
[49]
T1,0,1,45,2
T2,1,1,62,6
T3,2,1,154,13
[50]
T1,0,0,170,8
T2,1,1,111,7
T3,2,0,40,3
[51]
T1,0,1,74,3
T2,1,0,22,2
T3,2,1,152,22
[52]
T1,0,0,115,14
T2,1,1,198,1
T3,2,0,22,1
[53]
T1,0,1,193,1
T2,1,1,119,4
T3,2,1,44,6
[54]
T1,0,0,59,3
T2,1,0,167,2
T3,2,0,25,3
[55]
T1,0,1,49,2
T2,1,1,73,3
T3,2,1,169,16
[56]
T1,0,0,182,5
T2,1,1,69,8
T3,2,0,42,1
[57]
T1,0,1,59,8
T2,1,1,190,5
T3,2,0,23,2
[58]
T1,0,0,199,2
T2,1,1,34,5
T3,2,1,111,3
[59]
T1,0,1,83,8
T2,1,1,28,2
T3,2,1,151,9
[60]
T1,0,0,167,11
T2,1,1,45,5
T3,2,0,100,1
[61]
T1,0,1,143,9
T2,1,0,176,5
T3,2,0,23,2
[62]
T1,0,1,106,2
T2,1,1,27,4
T3,2,1,194,5
[63]
T1,0,1,36,1
T2,1,1,70,3
T3,2,0,153,18
[64]
T1,0,1,181,12
T2,1,0,30,2
T3,2,1,111,14
[65]
T1,0,1,31,1
T2,1,0,131,16
T3,2,1,186,3
[66]
T1,0,1,35,2
T2,1,1,157,26
T3,2,0,54,1
[67]
T1,0,0,53,2
T2,1,0,197,9
T3,2,1,144,19
[68]
T1,0,0,77,5
T2,1,0,187,2
T3,2,0,20,2
[69]
T1,0,1,106,3
T2,1,1,30,1
T3,2,1,182,18
[70]
T1,0,1,195,10
T2,1,1,127,5
T3,2,0,37,4
[71]
T1,0,0,81,1
T2,1,0,189,14
T3,2,1,40,4
[72]
T1,0,1,149,12
T2,1,1,128,5
T3,2,1,44,3
[73]
T1,0,0,172,17
T2,1,1,43,2
T3,2,0,95,3
[74]
T1,0,1,81,2
T2,1,0,163,9
T3,2,1,36,3
[75]
T1,0,0,25,2
T2,1,1,57,1
T3,2,0,193,12
[76]
T1,0,1,45,2
T2,1,1,162,14
T3,2,1,66,4
[77]
T1,0,1,181,5
T2,1,0,144,19
T3,2,1,46,1
[78]
T1,0,0,89,2
T2,1,0,44,5
T3,2,1,162,8
[79]
T1,0,0,47,7
T2,1,1,197,6
T3,2,0,81,2
[80]
T1,0,1,106,12
T2,1,0,153,9
T3,2,0,28,2
[81]
T1,0,0,123,6
T2,1,0,47,6
T3,2,1,162,2
[82]
T1,0,1,186,7
T2,1,1,75,9
T3,2,1,24,2
[83]
T1,0,1,180,12
T2,1,0,71,7
T3,2,1,27,2
[84]
T1,0,1,165,5
T2,1,0,110,4
T3,2,0,43,5
[85]
T1,0,1,176,13
T2,1,0,89,3
T3,2,0,32,2
[86]
T1,0,1,148,19
T2,1,0,77,1
T3,2,1,36,1
[87]
T1,0,0,123,2
T2,1,0,27,4
T3,2,0,185,4
[88]
T1,0,1,163,6
T2,1,0,146,22
T3,2,0,23,2
[89]
T1,0,1,151,3
T2,1,0,45,5
T3,2,1,85,5
[90]
T1,0,0,137,1
T2,1,0,154,25
T3,2,0,52,1
[91]
T1,0,0,51,3
T2,1,0,182,1
T3,2,0,131,15
[92]
T1,0,1,167,11
T2,1,1,92,4
T3,2,1,38,3
[93]
T1,0,0,129,2
T2,1,0,156,20
T3,2,0,30,1
[94]
T1,0,0,162,9
T2,1,1,110,2
T3,2,1,31,4
[95]
T1,0,1,192,11
T2,1,0,30,4
T3,2,1,143,2
[96]
T1,0,0,157,24
T2,1,1,100,2
T3,2,1,33,2
[97]
T1,0,0,110,8
T2,1,1,51,5
T3,2,1,168,2
[98]
T1,0,0,36,2
T2,1,1,156,7
T3,2,1,111,9
[99]
T1,0,1,73,4
T2,1,1,34,3
T3,2,1,152,4
[100]
T1,0,0,109,3
T2,1,0,48,3
T3,2,0,152,14
[101]
T1,0,1,191,32
T2,1,0,57,2
T3,2,1,29,2
[102]
T1,0,0,138,2
T2,1,1,167,3
T3,2,1,42,6
[103]
T1,0,1,51,1
T2,1,1,190,1
T3,2,1,58,9
[104]
T1,0,0,122,2
T2,1,0,24,2
T3,2,1,173,26
[105]
T1,0,1,174,2
T2,1,0,124,4
T3,2,1,27,4
[106]
T1,0,0,147,19
T2,1,1,188,4
T3,2,0,20,2
[107]
T1,0,0,181,17
T2,1,1,81,2
T3,2,1,31,2
[108]
T1,0,1,96,7
T2,1,0,161,1
T3,2,1,22,2
[109]
T1,0,0,182,7
T2,1,1,30,1
T3,2,1,113,12
[110]
T1,0,0,190,22
T2,1,1,139,1
T3,2,1,48,3
[111]
T1,0,1,33,4
T2,1,0,182,7
T3,2,1,137,4
[112]
T1,0,0,153,22
T2,1,1,28,1
T3,2,0,116,1
[113]
T1,0,1,51,1
T2,1,1,161,22
T3,2,1,120,3
[114]
T1,0,0,148,7
T2,1,1,143,5
T3,2,0,51,5
[115]
T1,0,1,135,1
T2,1,0,188,26
T3,2,1,40,2
[116]
T1,0,0,41,2
T2,1,1,194,27
T3,2,0,108,2
[117]
T1,0,1,49,2
T2,1,1,143,3
T3,2,1,163,25
[118]
T1,0,1,116,6
T2,1,1,21,1
T3,2,0,159,14
[119]
T1,0,0,69,7
T2,1,1,33,1
T3,2,0,156,8
[120]
T1,0,1,152,9
T2,1,0,103,11
T3,2,1,41,1
[121]
T1,0,0,158,4
T2,1,0,42,3
T3,2,0,75,5
[122]
T1,0,1,152,16
T2,1,0,115,3
T3,2,1,30,1
[123]
T1,0,0,43,2
T2,1,0,177,5
T3,2,0,101,15
[124]
T1,0,1,47,5
T2,1,1,134,7
T3,2,0,152,3
[125]
T1,0,1,65,8
T2,1,0,156,7
T3,2,1,49,1
[126]
T1,0,0,100,2
T2,1,1,167,1
T3,2,1,35,5
[127]
T1,0,1,185,4
T2,1,1,21,3
T3,2,1,82,2
[128]
T1,0,1,53,2
T2,1,0,180,15
T3,2,1,132,7
[129]
T1,0,1,175,1
T2,1,1,37,4
T3,2,1,131,11
[130]
T1,0,1,107,3
T2,1,0,166,20
T3,2,1,31,1
[131]
T1,0,0,103,8
T2,1,1,31,2
T3,2,1,185,21
[132]
T1,0,0,96,3
T2,1,1,154,24
T3,2,0,46,2
[133]
T1,0,1,38,4
T2,1,0,160,4
T3,2,0,57,3
[134]
T1,0,0,24,2
T2,1,0,159,10
T3,2,0,146,5
[135]
T1,0,0,48,9
T2,1,1,105,2
T3,2,0,168,2
[136]
T1,0,0,51,5
T2,1,0,89,2
T3,2,1,152,10
[137]
T1,0,0,152,6
T2,1,0,128,16
T3,2,0,53,1
[138]
T1,0,0,167,10
T2,1,0,53,3
T3,2,0,94,6
[139]
T1,0,1,46,1
T2,1,1,59,6
T3,2,1,181,11
[140]
T1,0,0,43,3
T2,1,0,127,14
T3,2,0,172,1
[141]
T1,0,0,91,3
T2,1,1,158,21
T3,2,0,40,1
[142]
T1,0,0,20,2
T2,1,1,193,10
T3,2,0,58,1
[143]
T1,0,1,42,2
T2,1,0,193,10
T3,2,1,139,17
[144]
T1,0,0,76,10
T2,1,0,22,2
T3,2,1,148,6
[145]
T1,0,0,53,3
T2,1,0,75,7
T3,2,1,167,5
[146]
T1,0,1,24,2
T2,1,0,188,15
T3,2,0,79,8
[147]
T1,0,1,41,3
T2,1,1,55,4
T3,2,0,166,8
[148]
T1,0,1,37,2
T2,1,0,183,28
T3,2,0,107,2
[149]
T1,0,0,23,2
T2,1,1,169,15
T3,2,0,117,1
[150]
T1,0,1,129,9
T2,1,0,53,3
T3,2,1,177,11
[151]
T1,0,0,71,2
T2,1,1,177,11
T3,2,0,49,6
[152]
T1,0,1,126,15
T2,1,0,149,5
T3,2,0,50,2
[153]
T1,0,1,45,2
T2,1,1,176,31
T3,2,1,146,2
[154]
T1,0,0,41,3
T2,1,1,90,5
T3,2,0,171,10
[155]
T1,0,0,178,13
T2,1,0,59,6
T3,2,1,51,2
[156]
T1,0,1,131,1
T2,1,0,176,29
T3,2,0,25,2
[157]
T1,0,0,191,24
T2,1,1,66,4
T3,2,0,41,2
[158]
T1,0,1,122,9
T2,1,1,187,17
T3,2,1,47,1
[159]
T1,0,1,173,5
T2,1,0,141,12
T3,2,1,25,1
[160]
T1,0,1,112,1
T2,1,0,43,3
T3,2,0,148,17
[161]
T1,0,1,20,2
T2,1,0,171,3
T3,2,1,120,7
[162]
T1,0,1,88,2
T2,1,0,27,1
T3,2,0,165,22
[163]
T1,0,0,183,17
T2,1,0,116,11
T3,2,0,22,2
[164]
T1,0,0,197,6
T2,1,1,130,21
T3,2,1,37,2
[165]
T1,0,0,127,14
T2,1,0,154,7
T3,2,1,54,1
[166]
T1,0,0,23,3
T2,1,1,104,2
T3,2,1,198,2
[167]
T1,0,0,103,4
T2,1,0,44,3
T3,2,0,164,11
[168]
T1,0,1,195,11
T2,1,1,47,1
T3,2,1,120,13
[169]
T1,0,1,130,5
T2,1,1,175,10
T3,2,1,50,4
[170]
T1,0,0,180,13
T2,1,0,36,2
T3,2,0,61,6
[171]
T1,0,1,62,3
T2,1,0,181,17
T3,2,0,52,2
[172]
T1,0,0,197,1
T2,1,0,28,3
T3,2,0,64,4
[173]
T1,0,1,178,14
T2,1,0,39,2
T3,2,1,98,6
[174]
T1,0,1,37,1
T2,1,0,198,25
T3,2,0,77,2
[175]
T1,0,0,168,8
T2,1,1,20,2
T3,2,1,63,2
[176]
T1,0,0,76,5
T2,1,1,194,16
T3,2,1,33,1
[177]
T1,0,0,50,5
T2,1,0,103,7
T3,2,1,195,2
[178]
T1,0,0,116,3
T2,1,1,179,18
T3,2,1,53,3
[179]
T1,0,1,86,9
T2,1,0,155,2
T3,2,0,45,3
[180]
T1,0,1,20,1
T2,1,1,106,12
T3,2,1,188,1
[181]
T1,0,1,21,2
T2,1,1,126,10
T3,2,1,156,1
[182]
T1,0,1,179,17
T2,1,0,67,5
T3,2,1,37,2
[183]
T1,0,1,105,2
T2,1,0,20,2
T3,2,0,185,10
[184]
T1,0,0,159,4
T2,1,0,38,2
T3,2,0,119,18
[185]
T1,0,0,131,3
T2,1,1,51,7
T3,2,0,169,2
[186]
T1,0,0,106,4
T2,1,1,24,2
T3,2,0,186,13
[187]
T1,0,1,175,22
T2,1,1,76,1
T3,2,1,23,1
[188]
T1,0,1,190,5
T2,1,0,32,2
T3,2,0,80,12
[189]
T1,0,1,38,6
T2,1,1,173,3
T3,2,0,61,2
[190]
T1,0,0,36,5
T2,1,0,127,3
T3,2,1,197,2
[191]
T1,0,0,110,3
T2,1,1,197,31
T3,2,0,22,2
[192]
T1,0,0,132,3
T2,1,0,168,12
T3,2,1,28,2
[193]
T1,0,1,171,26
T2,1,0,99,1
T3,2,0,31,2
[194]
T1,0,0,99,11
T2,1,0,181,10
T3,2,0,29,2
[195]
T1,0,0,24,4
T2,1,1,186,2
T3,2,0,89,2
[196]
T1,0,0,177,5
T2,1,0,117,12
T3,2,0,44,2
[197]
T1,0,0,104,1
T2,1,1,190,8
T3,2,0,40,5
[198]
T1,0,0,44,6
T2,1,1,156,1
T3,2,1,57,3
[199]
T1,0,0,121,7
T2,1,0,53,4
T3,2,0,168,8
[200]
T1,0,0,121,20
T2,1,0,34,2
T3,2,1,199,4
[201]
T1,0,1,49,3
T2,1,1,59,6
T3,2,1,153,4
[202]
T1,0,1,153,2
T2,1,1,92,1
T3,2,1,44,7
[203]
T1,0,1,171,19
T2,1,1,28,1
T3,2,1,64,1
[204]
T1,0,0,36,4
T2,1,0,187,1
T3,2,0,94,6
[205]
T1,0,1,152,27
T2,1,0,25,2
T3,2,0,63,2
[206]
T1,0,1,35,5
T2,1,0,181,5
T3,2,1,56,2
[207]
T1,0,0,49,1
T2,1,0,70,4
T3,2,1,148,14
[208]
T1,0,0,49,2
T2,1,0,116,8
T3,2,1,188,23
[209]
T1,0,0,157,2
T2,1,0,133,13
T3,2,0,40,3
[210]
T1,0,0,39,1
T2,1,0,112,5
T3,2,1,149,17
[211]
T1,0,0,197,7
T2,1,0,110,5
T3,2,1,31,3
[212]
T1,0,1,103,11
T2,1,0,158,1
T3,2,0,49,4
[213]
T1,0,1,39,2
T2,1,0,193,23
T3,2,0,99,7
[214]
T1,0,0,46,6
T2,1,1,193,2
T3,2,1,69,3
[215]
T1,0,1,169,2
T2,1,1,147,2
T3,2,1,29,5
[216]
T1,0,1,184,6
T2,1,0,80,9
T3,2,0,29,1
[217]
T1,0,1,25,1
T2,1,1,151,9
T3,2,1,54,3
[218]
T1,0,1,117,15
T2,1,1,51,1
T3,2,1,175,7
[219]
T1,0,1,127,2
T2,1,0,156,26
T3,2,0,42,2
[220]
T1,0,0,20,2
T2,1,1,73,3
T3,2,0,195,7
[221]
T1,0,1,72,3
T2,1,1,169,3
T3,2,1,38,4
[222]
T1,0,1,43,6
T2,1,0,174,8
T3,2,1,67,2
[223]
T1,0,1,195,9
T2,1,0,56,6
T3,2,0,27,2
[224]
T1,0,1,30,2
T2,1,0,190,17
T3,2,0,98,7
[225]
T1,0,0,190,9
T2,1,0,34,1
T3,2,0,92,9
[226]
T1,0,0,190,19
T2,1,0,45,1
T3,2,0,91,5
[227]
T1,0,0,88,2
T2,1,0,185,15
T3,2,1,50,4
[228]
T1,0,0,150,11
T2,1,0,54,3
T3,2,1,22,1
[229]
T1,0,1,180,18
T2,1,1,102,3
T3,2,1,29,1
[230]
T1,0,1,25,2
T2,1,1,167,21
T3,2,1,143,7
[231]
T1,0,0,22,1
T2,1,1,134,19
T3,2,0,169,2
[232]
T1,0,1,166,3
T2,1,0,35,2
T3,2,1,90,10
[233]
T1,0,0,122,10
T2,1,0,155,3
T3,2,0,47,4
[234]
T1,0,1,139,18
T2,1,0,50,2
T3,2,0,164,8
[235]
T1,0,0,193,14
T2,1,1,23,2
T3,2,1,133,13
[236]
T1,0,0,196,8
T2,1,0,54,2
T3,2,1,121,17
[237]
T1,0,1,30,2
T2,1,0,102,1
T3,2,0,148,16
[238]
T1,0,1,172,1
T2,1,0,132,12
T3,2,0,54,5
[239]
T1,0,0,136,4
T2,1,0,41,2
T3,2,1,174,26
[240]
T1,0,1,100,15
T2,1,1,25,2
T3,2,1,186,6
[241]
T1,0,1,21,2
T2,1,1,172,3
T3,2,0,94,13
[242]
T1,0,1,112,7
T2,1,1,178,16
T3,2,1,25,1
[243]
T1,0,0,102,4
T2,1,0,176,3
T3,2,1,48,6
[244]
T1,0,0,97,2
T2,1,1,42,4
T3,2,0,148,9
[245]
T1,0,0,41,1
T2,1,0,57,8
T3,2,0,191,1
[246]
T1,0,1,86,8
T2,1,0,194,13
T3,2,0,51,1
[247]
T1,0,0,78,1
T2,1,0,171,26
T3,2,1,22,2
[248]
T1,0,1,46,8
T2,1,0,103,2
T3,2,1,173,2
[249]
T1,0,1,30,2
T2,1,1,123,2
T3,2,1,190,23
[250]
T1,0,1,27,2
T2,1,1,72,4
T3,2,0,165,4
[251]
T1,0,1,164,6
T2,1,1,52,6
T3,2,1,92,3
[252]
T1,0,0,195,14
T2,1,1,110,9
T3,2,0,48,1
[253]
T1,0,1,39,2
T2,1,0,120,15
T3,2,1,195,1
[254]
T1,0,0,81,2
T2,1,1,41,2
T3,2,1,198,33
[255]
T1,0,1,156,4
T2,1,1,142,13
T3,2,1,53,3
[256]
T1,0,0,100,12
T2,1,1,164,8
T3,2,0,38,1
[257]
T1,0,0,119,9
T2,1,1,26,2
T3,2,1,192,5
[258]
T1,0,1,44,3
T2,1,1,169,13
T3,2,1,110,3
[259]
T1,0,0,168,13
T2,1,0,46,3
T3,2,0,90,3
[260]
T1,0,1,170,26
T2,1,0,128,2
T3,2,1,28,1
[261]
T1,0,1,52,5
T2,1,0,143,1
T3,2,0,189,16
[262]
T1,0,0,154,9
T2,1,1,40,2
T3,2,1,127,8
[263]
T1,0,1,156,26
T2,1,0,117,2
T3,2,0,34,2
[264]
T1,0,0,119,5
T2,1,0,39,4
T3,2,0,152,4
[265]
T1,0,1,62,6
T2,1,1,43,1
T3,2,1,196,12
[266]
T1,0,1,24,2
T2,1,1,192,15
T3,2,0,61,5
[267]
T1,0,0,59,2
T2,1,1,184,28
T3,2,1,53,2
[268]
T1,0,1,37,6
T2,1,1,174,2
T3,2,1,144,3
[269]
T1,0,0,142,3
T2,1,0,182,25
T3,2,1,51,1
[270]
T1,0,0,31,1
T2,1,1,198,2
T3,2,1,72,9
[271]
T1,0,1,142,3
T2,1,0,45,4
T3,2,1,184,14
[272]
T1,0,1,190,14
T2,1,1,121,1
T3,2,1,53,5
[273]
T1,0,1,152,8
T2,1,0,100,5
T3,2,0,24,2
[274]
T1,0,0,68,8
T2,1,0,48,2
T3,2,1,192,10
[275]
T1,0,1,130,6
T2,1,1,43,4
T3,2,1,187,9
[276]
T1,0,1,87,7
T2,1,1,160,6
T3,2,0,23,1
[277]
T1,0,1,165,15
T2,1,0,116,12
T3,2,1,23,2
[278]
T1,0,1,161,1
T2,1,0,71,10
T3,2,1,26,1
[279]
T1,0,0,181,10
T2,1,0,60,1
T3,2,0,47,5
[280]
T1,0,1,92,16
T2,1,1,43,2
T3,2,0,182,2
[281]
T1,0,1,32,1
T2,1,0,197,19
T3,2,1,80,3
[282]
T1,0,1,112,5
T2,1,1,185,15
T3,2,0,26,1
[283]
T1,0,0,187,2
T2,1,0,35,3
T3,2,1,135,14
[284]
T1,0,1,192,15
T2,1,1,36,4
T3,2,1,95,2
[285]
T1,0,0,162,24
T2,1,1,36,2
T3,2,1,135,3
[286]
T1,0,0,121,2
T2,1,0,34,2
T3,2,0,194,17
[287]
T1,0,0,63,3
T2,1,1,174,11
T3,2,0,47,3
[288]
T1,0,0,40,1
T2,1,1,139,2
T3,2,0,198,31
[289]
T1,0,0,192,11
T2,1,0,109,4
T3,2,1,39,3
[290]
T1,0,0,34,6
T2,1,1,108,2
T3,2,0,198,2
[291]
T1,0,0,26,1
T2,1,1,69,2
T3,2,1,178,24
[292]
T1,0,1,188,4
T2,1,0,51,3
T3,2,0,56,5
[293]
T1,0,0,62,2
T2,1,0,183,32
T3,2,1,36,2
[294]
T1,0,0,27,2
T2,1,1,54,2
T3,2,0,198,33
[295]
T1,0,0,172,9
T2,1,0,34,1
T3,2,1,138,12
[296]
T1,0,1,114,10
T2,1,0,158,10
T3,2,1,35,1
[297]
T1,0,1,32,2
T2,1,0,187,16
T3,2,0,87,8
[298]
T1,0,1,160,2
T2,1,0,41,2
T3,2,0,90,9
[299]
T1,0,1,27,2
T2,1,1,185,17
T3,2,0,96,1
[300]
T1,0,0,68,2
T2,1,0,43,3
T3,2,0,177,20
[301]
T1,0,0,50,2
T2,1,0,113,16
T3,2,1,164,7
[302]
T1,0,0,184,2
T2,1,0,106,19
T3,2,0,41,2
[303]
T1,0,0,65,7
T2,1,1,41,2
T3,2,0,168,11
[304]
T1,0,1,53,6
T2,1,1,149,5
T3,2,0,83,2
[305]
T1,0,0,163,3
T2,1,1,80,2
T3,2,1,46,8
[306]
T1,0,1,48,2
T2,1,0,165,25
T3,2,1,119,5
[307]
T1,0,0,78,2
T2,1,0,30,2
T3,2,1,166,18
[308]
T1,0,1,197,13
T2,1,0,50,4
T3,2,1,70,3
[309]
T1,0,1,52,3
T2,1,0,111,6
T3,2,0,182,13
[310]
T1,0,1,172,7
T2,1,1,43,3
T3,2,1,70,5
[311]
T1,0,1,68,2
T2,1,0,187,23
T3,2,0,51,2
[312]
T1,0,0,160,29
T2,1,1,44,2
T3,2,0,139,2
[313]
T1,0,0,26,2
T2,1,0,188,8
T3,2,1,133,10
[314]
T1,0,0,20,1
T2,1,0,94,5
T3,2,1,159,7
[315]
T1,0,1,137,14
T2,1,0,39,3
T3,2,1,164,2
[316]
T1,0,0,121,6
T2,1,1,188,25
T3,2,0,40,2
[317]
T1,0,1,138,16
T2,1,1,29,1
T3,2,0,190,7
[318]
T1,0,0,29,2
T2,1,0,191,30
T3,2,1,138,5
[319]
T1,0,0,74,3
T2,1,0,24,2
T3,2,1,185,22
[320]
T1,0,0,188,2
T2,1,0,118,20
T3,2,1,25,2
[321]
T1,0,0,154,11
T2,1,0,84,9
T3,2,0,35,2
[322]
T1,0,1,130,17
T2,1,0,54,1
T3,2,0,149,6
[323]
T1,0,0,39,3
T2,1,0,151,10
T3,2,1,95,5
[324]
T1,0,1,154,21
T2,1,1,45,1
T3,2,1,117,4
[325]
T1,0,1,68,2
T2,1,1,176,4
T3,2,1,49,7
[326]
T1,0,0,64,3
T2,1,1,25,1
T3,2,1,172,13
[327]
T1,0,1,37,2
T2,1,0,80,7
T3,2,1,153,16
[328]
T1,0,0,72,11
T2,1,1,187,4
T3,2,0,46,2
[329]
T1,0,1,195,2
T2,1,1,126,16
T3,2,0,47,2
[330]
T1,0,0,38,2
T2,1,0,148,3
T3,2,1,84,13
[331]
T1,0,1,30,4
T2,1,0,186,3
T3,2,1,126,3
[332]
T1,0,1,26,2
T2,1,0,78,1
T3,2,1,154,23
[333]
T1,0,1,26,1
T2,1,1,163,2
T3,2,1,130,15
[334]
T1,0,1,22,2
T2,1,1,159,22
T3,2,1,94,2
[335]
T1,0,1,65,3
T2,1,0,166,15
T3,2,0,44,2
[336]
T1,0,1,171,5
T2,1,1,79,12
T3,2,0,47,2
[337]
T1,0,1,50,2
T2,1,1,171,4
T3,2,1,56,6
[338]
T1,0,0,123,4
T2,1,0,180,12
T3,2,1,30,2
[339]
T1,0,0,156,7
T2,1,1,23,1
T3,2,0,105,10
[340]
T1,0,1,157,4
T2,1,0,139,2
T3,2,1,43,7
[341]
T1,0,0,23,2
T2,1,1,64,2
T3,2,1,155,23
[342]
T1,0,1,154,6
T2,1,1,41,5
T3,2,1,126,3
[343]
T1,0,1,48,2
T2,1,0,179,21
T3,2,0,78,2
[344]
T1,0,0,36,1
T2,1,0,55,3
T3,2,1,162,17
[345]
T1,0,0,179,5
T2,1,1,45,5
T3,2,0,117,6
[346]
T1,0,1,169,12
T2,1,1,65,2
T3,2,0,48,4
[347]
T1,0,0,44,1
T2,1,1,73,4
T3,2,1,187,18
[348]
T1,0,0,50,6
T2,1,1,92,4
T3,2,0,186,5
[349]
T1,0,0,47,7
T2,1,1,190,5
T3,2,0,57,2
[350]
T1,0,0,31,2
T2,1,0,84,7
T3,2,1,164,6
[351]
T1,0,1,31,2
T2,1,1,57,4
T3,2,1,181,19
[352]
T1,0,1,191,13
T2,1,1,52,1
T3,2,1,130,13
[353]
T1,0,1,66,7
T2,1,1,197,11
T3,2,0,47,1
[354]
T1,0,0,41,2
T2,1,0,156,9
T3,2,0,127,16
[355]
T1,0,1,142,2
T2,1,0,32,1
T3,2,1,181,24
[356]
T1,0,1,124,2
T2,1,0,174,5
T3,2,0,33,5
[357]
T1,0,0,184,11
T2,1,0,90,10
T3,2,1,54,1
[358]
T1,0,0,155,15
T2,1,1,41,3
T3,2,1,108,1
[359]
T1,0,0,105,3
T2,1,1,193,14
T3,2,1,23,2
[360]
T1,0,1,26,2
T2,1,1,190,1
T3,2,1,87,7
[361]
T1,0,1,185,5
T2,1,1,52,7
T3,2,1,107,3
[362]
T1,0,0,88,2
T2,1,0,21,2
T3,2,1,186,12
[363]
T1,0,1,125,7
T2,1,1,41,2
T3,2,0,177,11
[364]
T1,0,0,79,10
T2,1,0,161,9
T3,2,1,43,2
[365]
T1,0,0,44,3
T2,1,0,121,7
T3,2,0,194,9
[366]
T1,0,0,80,13
T2,1,1,48,2
T3,2,1,151,2
[367]
T1,0,0,117,9
T2,1,1,33,3
T3,2,1,169,1
[368]
T1,0,1,155,11
T2,1,1,107,12
T3,2,0,25,2
[369]
T1,0,1,143,8
T2,1,1,34,3
T3,2,0,189,9
[370]
T1,0,0,33,2
T2,1,0,159,2
T3,2,0,125,23
[371]
T1,0,0,197,7
T2,1,0,36,2
T3,2,0,95,9
[372]
T1,0,0,198,17
T2,1,0,106,2
T3,2,1,24,2
[373]
T1,0,0,35,2
T2,1,0,150,1
T3,2,1,90,16
[374]
T1,0,1,25,1
T2,1,1,98,9
T3,2,1,185,5
[375]
T1,0,1,52,2
T2,1,0,64,2
T3,2,1,199,39
[376]
T1,0,1,120,8
T2,1,1,43,4
T3,2,1,192,4
[377]
T1,0,1,51,7
T2,1,1,184,2
T3,2,0,54,2
[378]
T1,0,1,68,8
T2,1,0,190,2
T3,2,1,48,3
[379]
T1,0,1,105,3
T2,1,0,31,1
T3,2,1,194,20
[380]
T1,0,1,20,3
T2,1,1,100,3
T3,2,1,189,2
[381]
T1,0,1,21,2
T2,1,1,177,8
T3,2,0,102,5
[382]
T1,0,0,99,7
T2,1,1,47,2
T3,2,0,195,12
[383]
T1,0,1,49,1
T2,1,0,149,1
T3,2,0,80,12
[384]
T1,0,1,80,2
T2,1,1,155,17
T3,2,0,38,2
[385]
T1,0,0,36,3
T2,1,1,77,4
T3,2,0,180,8
[386]
T1,0,1,146,3
T2,1,1,194,7
T3,2,1,36,4
[387]
T1,0,0,92,10
T2,1,0,153,2
T3,2,1,53,4
[388]
T1,0,1,199,10
T2,1,1,38,1
T3,2,1,74,6
[389]
T1,0,0,47,1
T2,1,1,171,17
T3,2,1,55,3
[390]
T1,0,1,138,5
T2,1,1,176,22
T3,2,0,46,1
[391]
T1,0,0,93,2
T2,1,1,41,6
T3,2,1,177,6
[392]
T1,0,1,62,4
T2,1,1,32,2
T3,2,0,168,19
[393]
T1,0,1,42,2
T2,1,1,146,13
T3,2,0,171,9
[394]
T1,0,0,31,1
T2,1,1,55,2
T3,2,0,197,30
[395]
T1,0,0,198,2
T2,1,0,67,2
T3,2,1,41,7
[396]
T1,0,0,199,24
T2,1,0,71,1
T3,2,1,49,2
[397]
T1,0,0,33,2
T2,1,0,108,13
T3,2,0,167,8
[398]
T1,0,0,21,2
T2,1,0,188,7
T3,2,0,110,3
[399]
T1,0,1,105,1
T2,1,0,24,3
T3,2,0,165,4
[400]
T1,0,1,72,7
T2,1,1,44,2
T3,2,1,153,13
[401]
T1,0,1,29,1
T2,1,0,83,9
T3,2,1,181,4
[402]
T1,0,0,30,2
T2,1,1,185,2
T3,2,0,78,13
[403]
T1,0,0,116,5
T2,1,1,50,1
T3,2,0,176,21
[404]
T1,0,0,51,7
T2,1,0,63,2
T3,2,1,168,6
[405]
T1,0,0,183,2
T2,1,1,51,3
T3,2,0,117,14
[406]
T1,0,0,36,1
T2,1,1,191,24
T3,2,0,126,2
[407]
T1,0,1,184,19
T2,1,0,96,5
T3,2,1,45,1
[408]
T1,0,1,198,11
T2,1,0,145,20
T3,2,0,20,2
[409]
T1,0,1,60,10
T2,1,1,167,4
T3,2,1,42,2
[410]
T1,0,0,56,2
T2,1,0,27,3
T3,2,1,199,12
[411]
T1,0,1,48,2
T2,1,0,115,4
T3,2,1,174,24
[412]
T1,0,0,198,18
T2,1,0,42,3
T3,2,1,144,2
[413]
T1,0,0,166,15
T2,1,0,107,10
T3,2,0,50,2
[414]
T1,0,1,133,4
T2,1,0,48,3
T3,2,0,154,15
[415]
T1,0,0,183,11
T2,1,0,119,14
T3,2,0,24,2
[416]
T1,0,1,44,2
T2,1,1,189,29
T3,2,0,60,1
[417]
T1,0,0,138,11
T2,1,0,172,2
T3,2,0,36,4
[418]
T1,0,0,138,16
T2,1,1,45,2
T3,2,1,188,13
[419]
T1,0,0,161,5
T2,1,1,107,14
T3,2,0,47,1
[420]
T1,0,0,178,8
T2,1,1,60,8
T3,2,1,50,2
[421]
T1,0,1,80,2
T2,1,1,26,2
T3,2,0,150,12
[422]
T1,0,1,105,2
T2,1,1,161,12
T3,2,0,47,5
[423]
T1,0,1,36,2
T2,1,0,115,13
T3,2,1,199,14
[424]
T1,0,1,20,1
T2,1,0,177,17
T3,2,1,90,3
[425]
T1,0,1,78,8
T2,1,1,168,2
T3,2,1,50,4
[426]
T1,0,1,159,3
T2,1,1,39,4
T3,2,0,123,8
[427]
T1,0,0,115,18
T2,1,0,187,6
T3,2,0,44,2
[428]
T1,0,1,144,14
T2,1,1,166,11
T3,2,1,32,2
[429]
T1,0,0,113,9
T2,1,0,24,2
T3,2,1,151,3
[430]
T1,0,0,136,3
T2,1,0,195,16
T3,2,0,51,4
[431]
T1,0,0,196,2
T2,1,1,96,2
T3,2,0,30,5
[432]
T1,0,1,170,18
T2,1,0,67,1
T3,2,0,24,1
[433]
T1,0,1,84,9
T2,1,1,32,2
T3,2,0,163,11
[434]
T1,0,0,180,12
T2,1,1,120,7
T3,2,1,27,1
[435]
T1,0,0,143,2
T2,1,1,185,21
T3,2,0,46,2
[436]
T1,0,0,44,2
T2,1,1,172,18
T3,2,0,101,3
[437]
T1,0,1,35,1
T2,1,1,166,13
T3,2,1,75,6
[438]
T1,0,1,148,5
T2,1,1,45,3
T3,2,1,68,5
[439]
T1,0,1,175,3
T2,1,0,55,2
T3,2,0,39,6
[440]
T1,0,1,24,2
T2,1,1,184,12
T3,2,0,129,16
[441]
T1,0,0,63,7
T2,1,1,196,2
T3,2,1,49,3
[442]
T1,0,0,23,2
T2,1,1,75,2
T3,2,1,172,31
[443]
T1,0,1,170,9
T2,1,1,78,2
T3,2,0,41,4
[444]
T1,0,0,129,4
T2,1,1,163,2
T3,2,1,35,5
[445]
T1,0,0,175,3
T2,1,1,94,1
T3,2,1,28,4
[446]
T1,0,0,40,2
T2,1,0,177,18
T3,2,1,138,3
[447]
T1,0,1,170,2
T2,1,0,56,2
T3,2,0,40,7
[448]
T1,0,0,189,20
T2,1,0,69,5
T3,2,0,21,2
[449]
T1,0,1,86,2
T2,1,0,187,29
T3,2,1,43,2
[450]
T1,0,0,40,1
T2,1,0,147,2
T3,2,1,166,26
[451]
T1,0,1,30,4
T2,1,1,194,7
T3,2,0,69,1
[452]
T1,0,0,168,3
T2,1,0,80,2
T3,2,1,22,3
[453]
T1,0,0,192,7
T2,1,1,22,2
T3,2,1,93,2
[454]
T1,0,1,48,3
T2,1,0,188,3
T3,2,0,55,5
[455]
T1,0,0,24,2
T2,1,0,145,11
T3,2,0,196,15
[456]
T1,0,0,76,13
T2,1,0,45,2
T3,2,1,166,2
[457]
T1,0,0,194,14
T2,1,0,39,3
T3,2,1,111,3
[458]
T1,0,1,51,5
T2,1,1,57,2
T3,2,1,150,12
[459]
T1,0,0,58,7
T2,1,0,30,2
T3,2,1,186,2
[460]
T1,0,1,50,2
T2,1,1,170,23
T3,2,0,111,6
[461]
T1,0,0,161,2
T2,1,1,49,1
T3,2,1,65,10
[462]
T1,0,1,148,8
T2,1,1,110,13
T3,2,1,41,2
[463]
T1,0,0,66,3
T2,1,0,33,2
T3,2,1,148,18
[464]
T1,0,0,155,23
T2,1,1,22,2
T3,2,1,89,1
[465]
T1,0,1,42,3
T2,1,0,76,2
T3,2,1,150,11
[466]
T1,0,0,29,1
T2,1,0,174,27
T3,2,0,109,2
[467]
T1,0,1,58,2
T2,1,0,161,14
T3,2,0,37,2
[468]
T1,0,1,126,10
T2,1,1,161,10
T3,2,1,26,1
[469]
T1,0,1,78,3
T2,1,1,165,16
T3,2,0,52,2
[470]
T1,0,1,188,9
T2,1,0,61,2
T3,2,1,23,3
[471]
T1,0,0,50,1
T2,1,0,102,15
T3,2,0,162,3
[472]
T1,0,1,151,3
T2,1,1,44,2
T3,2,1,70,11
[473]
T1,0,0,85,16
T2,1,1,36,2
T3,2,0,182,2
[474]
T1,0,0,189,3
T2,1,1,75,10
T3,2,0,43,1
[475]
T1,0,1,63,10
T2,1,0,24,2
T3,2,0,170,4
[476]
T1,0,0,23,3
T2,1,1,193,2
T3,2,0,54,2
[477]
T1,0,1,86,10
T2,1,1,164,10
T3,2,1,22,2
[478]
T1,0,1,29,1
T2,1,1,185,26
T3,2,1,68,2
[479]
T1,0,0,145,3
T2,1,0,41,6
T3,2,0,149,1
[480]
T1,0,0,29,2
T2,1,1,104,9
T3,2,0,159,15
[481]
T1,0,0,189,34
T2,1,1,127,1
T3,2,0,20,2
[482]
T1,0,1,25,2
T2,1,0,157,15
T3,2,0,127,2
[483]
T1,0,1,140,9
T2,1,0,50,5
T3,2,0,190,6
[484]
T1,0,1,46,2
T2,1,0,170,11
T3,2,0,133,16
[485]
T1,0,1,153,13
T2,1,1,115,6
T3,2,1,34,1
[486]
T1,0,0,183,5
T2,1,0,22,2
T3,2,0,127,19
[487]
T1,0,0,64,3
T2,1,0,53,2
T3,2,0,157,22
[488]
T1,0,1,30,3
T2,1,1,112,2
T3,2,1,191,11
[489]
T1,0,1,157,2
T2,1,1,80,10
T3,2,0,40,2
[490]
T1,0,0,149,2
T2,1,0,38,4
T3,2,0,89,6
[491]
T1,0,1,49,2
T2,1,1,184,24
T3,2,1,56,2
[492]
T1,0,1,161,28
T2,1,0,23,2
T3,2,1,63,2
[493]
T1,0,0,78,2
T2,1,0,37,5
T3,2,1,161,6
[494]
T1,0,1,76,2
T2,1,0,180,12
T3,2,0,30,2
[495]
T1,0,0,166,5
T2,1,1,82,2
T3,2,0,45,7
[496]
T1,0,0,27,2
T2,1,1,163,1
T3,2,1,137,12
[497]
T1,0,1,79,6
T2,1,0,158,5
T3,2,0,20,1
[498]
T1,0,0,195,6
T2,1,1,42,2
T3,2,1,90,10
[499]
T1,0,0,148,3
T2,1,1,38,3
T3,2,0,116,8
[500]
T1,0,1,136,4
T2,1,1,20,1
T3,2,0,189,19
