num_task_per_taskset=3
num_taskset=500
//ID,Priority,Offset,Period,Execution Time
[1]
T1,0,0,31,1
T2,1,0,197,2
T3,2,0,54,8
[2]
T1,0,1,59,10
T2,1,1,184,2
T3,2,0,46,1
[3]
T1,0,1,187,28
T2,1,0,121,2
T3,2,1,23,2
[4]
T1,0,1,156,3
T2,1,0,33,2
T3,2,0,61,10
[5]
T1,0,0,193,2
T2,1,1,34,6
T3,2,0,147,2
[6]
T1,0,1,103,6
T2,1,0,25,3
T3,2,0,176,1
[7]
T1,0,1,47,2
T2,1,1,138,12
T3,2,0,163,8
[8]
T1,0,1,30,2
T2,1,1,104,16
T3,2,0,184,2
[9]
T1,0,0,151,16
T2,1,1,29,1
T3,2,0,103,2
[10]
T1,0,1,157,10
T2,1,1,59,5
T3,2,0,20,2
[11]
T1,0,0,83,1
T2,1,0,43,4
T3,2,1,164,10
[12]
T1,0,0,21,1
T2,1,0,72,6
T3,2,0,153,8
[13]
T1,0,1,33,3
T2,1,1,194,7
T3,2,1,98,4
[14]
T1,0,1,189,6
T2,1,0,122,10
T3,2,0,42,3
[15]
T1,0,0,109,9
T2,1,1,53,1
T3,2,0,190,16
[16]
T1,0,0,186,8
T2,1,0,123,3
T3,2,0,42,5
[17]
T1,0,1,23,2
T2,1,0,75,5
T3,2,0,155,1
[18]
T1,0,0,43,2
T2,1,1,174,7
T3,2,1,85,7
[19]
T1,0,0,177,2
T2,1,0,35,2
T3,2,1,129,20
[20]
T1,0,1,30,2
T2,1,0,103,2
T3,2,0,149,22
[21]
T1,0,0,51,2
T2,1,1,101,2
T3,2,1,179,32
[22]
T1,0,1,41,2
T2,1,0,183,16
T3,2,0,77,3
[23]
T1,0,1,85,4
T2,1,1,170,18
T3,2,0,45,1
[24]
T1,0,0,43,3
T2,1,0,192,11
T3,2,0,93,5
[25]
T1,0,1,165,4
T2,1,1,54,2
T3,2,0,82,10
[26]
T1,0,1,26,2
T2,1,1,80,1
T3,2,0,163,24
[27]
T1,0,1,187,4
T2,1,1,121,11
T3,2,1,48,3
[28]
T1,0,1,117,20
T2,1,0,29,2
T3,2,0,196,2
[29]
T1,0,0,150,12
T2,1,0,33,2
T3,2,0,117,5
[30]
T1,0,1,38,2
T2,1,1,168,21
T3,2,0,110,1
[31]
T1,0,0,185,7
T2,1,0,29,3
T3,2,0,105,5
[32]
T1,0,0,155,28
T2,1,0,129,2
T3,2,0,50,2
[33]
T1,0,0,120,19
T2,1,0,173,1
T3,2,1,39,1
[34]
T1,0,1,106,8
T2,1,0,164,11
T3,2,0,49,2
[35]
T1,0,0,86,2
T2,1,1,186,14
T3,2,0,42,5
[36]
T1,0,1,199,6
T2,1,1,99,8
T3,2,0,50,4
[37]
T1,0,0,40,2
T2,1,0,191,34
T3,2,1,86,1
[38]
T1,0,1,110,3
T2,1,1,160,9
T3,2,0,42,4
[39]
T1,0,1,92,1
T2,1,0,192,28
T3,2,0,20,2
[40]
T1,0,1,90,8
T2,1,0,192,14
T3,2,0,43,1
[41]
T1,0,0,46,2
T2,1,0,75,12
T3,2,1,151,5
[42]
T1,0,0,21,1
T2,1,1,64,2
T3,2,1,171,14
[43]
T1,0,0,25,1
T2,1,0,150,4
T3,2,1,123,15
[44]
T1,0,0,63,2
T2,1,1,174,10
T3,2,0,20,2
[45]
T1,0,0,114,4
T2,1,1,164,20
T3,2,0,45,1
[46]
T1,0,0,187,18
T2,1,0,84,5
T3,2,1,27,2
[47]
T1,0,1,53,1
T2,1,0,136,22
T3,2,0,184,2
[48]
T1,0,1,168,2
T2,1,1,33,3
T3,2,0,143,13
[49]
T1,0,1,88,7
T2,1,1,160,5
T3,2,0,22,1
[50]
T1,0,0,49,3
T2,1,0,69,4
T3,2,1,190,13
[51]
T1,0,1,193,17
T2,1,0,128,2
T3,2,0,52,5
[52]
T1,0,1,35,1
T2,1,1,148,12
T3,2,1,142,9
[53]
T1,0,0,103,8
T2,1,1,35,1
T3,2,1,171,13
[54]
T1,0,1,32,2
T2,1,0,177,4
T3,2,1,67,5
[55]
T1,0,0,187,25
T2,1,0,121,2
T3,2,1,34,1
[56]
T1,0,1,106,1
T2,1,1,164,5
T3,2,0,29,4
[57]
T1,0,0,190,17
T2,1,0,97,6
T3,2,0,28,1
[58]
T1,0,0,178,6
T2,1,0,32,4
T3,2,1,74,1
[59]
T1,0,1,22,1
T2,1,1,149,6
T3,2,0,64,6
[60]
T1,0,1,120,11
T2,1,1,153,6
T3,2,0,49,3
[61]
T1,0,0,117,6
T2,1,1,193,9
T3,2,0,44,4
[62]
T1,0,0,119,4
T2,1,1,23,2
T3,2,1,172,26
[63]
T1,0,0,95,2
T2,1,1,158,5
T3,2,0,24,3
[64]
T1,0,1,105,16
T2,1,1,34,2
T3,2,1,165,3
[65]
T1,0,0,37,3
T2,1,1,110,6
T3,2,0,159,5
[66]
T1,0,0,41,1
T2,1,0,61,5
T3,2,0,157,11
[67]
T1,0,1,149,15
T2,1,1,65,3
T3,2,0,53,2
[68]
T1,0,1,48,2
T2,1,1,90,7
T3,2,0,179,12
[69]
T1,0,1,109,2
T2,1,0,52,3
T3,2,0,193,24
[70]
T1,0,1,32,2
T2,1,0,171,17
T3,2,0,141,11
[71]
T1,0,1,87,6
T2,1,0,28,2
T3,2,1,193,20
[72]
T1,0,0,167,2
T2,1,1,51,4
T3,2,1,105,10
[73]
T1,0,0,179,15
T2,1,0,37,2
T3,2,1,117,6
[74]
T1,0,0,128,1
T2,1,0,154,1
T3,2,1,36,6
[75]
T1,0,1,36,2
T2,1,0,56,5
T3,2,1,150,12
[76]
T1,0,0,171,20
T2,1,0,50,1
T3,2,1,77,3
[77]
T1,0,0,104,6
T2,1,0,167,6
T3,2,1,20,1
[78]
T1,0,1,179,24
T2,1,1,21,2
T3,2,1,58,1
[79]
T1,0,1,30,1
T2,1,1,105,7
T3,2,0,160,15
[80]
T1,0,1,168,2
T2,1,1,98,9
T3,2,0,43,4
[81]
T1,0,1,184,3
T2,1,1,28,2
T3,2,1,84,7
[82]
T1,0,1,44,4
T2,1,1,123,12
T3,2,0,154,2
[83]
T1,0,0,50,4
T2,1,0,193,22
T3,2,1,128,2
[84]
T1,0,0,33,2
T2,1,0,132,12
T3,2,1,188,8
[85]
T1,0,1,23,2
T2,1,1,148,16
T3,2,0,106,7
[86]
T1,0,1,49,3
T2,1,0,104,13
T3,2,1,159,1
[87]
T1,0,0,30,2
T2,1,1,138,23
T3,2,0,170,2
[88]
T1,0,0,181,2
T2,1,0,100,10
T3,2,1,39,2
[89]
T1,0,1,198,4
T2,1,1,25,2
T3,2,1,147,24
[90]
T1,0,1,149,13
T2,1,0,22,2
T3,2,0,103,10
[91]
T1,0,1,49,2
T2,1,0,73,4
T3,2,0,197,25
[92]
T1,0,0,145,2
T2,1,1,192,1
T3,2,1,43,7
[93]
T1,0,1,199,16
T2,1,0,50,5
T3,2,0,101,2
[94]
T1,0,1,70,4
T2,1,1,37,4
T3,2,1,185,2
[95]
T1,0,0,60,2
T2,1,1,39,5
T3,2,0,161,2
[96]
T1,0,1,32,1
T2,1,0,62,4
T3,2,1,170,12
[97]
T1,0,0,140,12
T2,1,0,24,1
T3,2,1,173,9
[98]
T1,0,1,191,11
T2,1,0,62,8
T3,2,1,25,2
[99]
T1,0,1,127,6
T2,1,1,171,4
T3,2,0,34,4
[100]
T1,0,1,126,9
T2,1,0,52,2
T3,2,0,151,12
[101]
T1,0,0,33,2
T2,1,1,145,1
T3,2,1,161,18
[102]
T1,0,1,36,4
T2,1,0,183,2
T3,2,0,55,2
[103]
T1,0,1,156,1
T2,1,1,97,10
T3,2,0,50,4
[104]
T1,0,0,44,4
T2,1,0,54,3
T3,2,1,162,4
[105]
T1,0,1,198,28
T2,1,0,63,2
T3,2,1,32,1
[106]
T1,0,1,185,3
T2,1,0,37,4
T3,2,1,110,6
[107]
T1,0,0,153,1
T2,1,1,23,3
T3,2,1,135,7
[108]
T1,0,1,30,1
T2,1,1,113,12
T3,2,0,148,3
[109]
T1,0,1,23,2
T2,1,0,88,2
T3,2,1,167,15
[110]
T1,0,0,90,2
T2,1,0,193,32
T3,2,0,30,2
[111]
T1,0,0,161,14
T2,1,1,34,1
T3,2,1,84,4
[112]
T1,0,1,80,2
T2,1,1,191,11
T3,2,0,26,3
[113]
T1,0,1,191,8
T2,1,0,83,11
T3,2,0,38,2
[114]
T1,0,1,36,4
T2,1,1,148,7
T3,2,1,106,1
[115]
T1,0,1,167,27
T2,1,0,45,2
T3,2,1,106,3
[116]
T1,0,0,170,5
T2,1,0,73,11
T3,2,1,48,2
[117]
T1,0,1,134,8
T2,1,0,48,2
T3,2,1,177,21
[118]
T1,0,1,32,2
T2,1,1,157,11
T3,2,1,139,15
[119]
T1,0,1,112,2
T2,1,0,163,16
T3,2,0,47,3
[120]
T1,0,0,73,1
T2,1,0,28,2
T3,2,0,195,30
[121]
T1,0,1,43,5
T2,1,0,154,1
T3,2,1,66,4
[122]
T1,0,0,156,15
T2,1,0,36,2
T3,2,1,120,1
[123]
T1,0,1,123,8
T2,1,1,42,2
T3,2,0,165,20
[124]
T1,0,0,97,8
T2,1,1,159,5
T3,2,0,33,2
[125]
T1,0,1,184,27
T2,1,0,49,2
T3,2,0,91,3
[126]
T1,0,1,51,5
T2,1,0,100,8
T3,2,0,182,2
[127]
T1,0,1,184,11
T2,1,0,53,2
T3,2,0,69,5
[128]
T1,0,0,172,9
T2,1,1,92,11
T3,2,1,31,2
[129]
T1,0,1,30,2
T2,1,1,176,16
T3,2,1,138,13
[130]
T1,0,0,62,9
T2,1,0,190,7
T3,2,0,43,2
[131]
T1,0,1,187,10
T2,1,1,61,2
T3,2,1,37,3
[132]
T1,0,0,112,17
T2,1,1,169,4
T3,2,1,49,2
[133]
T1,0,0,49,2
T2,1,0,164,28
T3,2,1,122,2
[134]
T1,0,1,83,2
T2,1,1,175,8
T3,2,1,25,3
[135]
T1,0,0,175,30
T2,1,1,32,2
T3,2,1,99,2
[136]
T1,0,1,43,5
T2,1,1,182,12
T3,2,1,122,2
[137]
T1,0,1,29,2
T2,1,1,123,2
T3,2,1,172,30
[138]
T1,0,0,188,12
T2,1,1,55,2
T3,2,1,30,2
[139]
T1,0,1,148,7
T2,1,1,57,2
T3,2,0,34,4
[140]
T1,0,0,159,1
T2,1,0,74,11
T3,2,1,53,1
[141]
T1,0,1,180,5
T2,1,1,89,2
T3,2,1,51,7
[142]
T1,0,1,26,2
T2,1,0,155,4
T3,2,0,131,12
[143]
T1,0,0,141,2
T2,1,1,45,3
T3,2,0,176,17
[144]
T1,0,1,87,6
T2,1,1,38,3
T3,2,1,186,5
[145]
T1,0,0,195,18
T2,1,0,49,1
T3,2,0,108,9
[146]
T1,0,0,63,2
T2,1,0,30,3
T3,2,0,199,10
[147]
T1,0,0,50,8
T2,1,1,130,2
T3,2,0,157,2
[148]
T1,0,0,33,2
T2,1,1,199,14
T3,2,1,57,6
[149]
T1,0,0,114,9
T2,1,1,36,2
T3,2,1,170,18
[150]
T1,0,1,149,4
T2,1,0,126,14
T3,2,0,20,1
[151]
T1,0,1,31,3
T2,1,1,154,2
T3,2,0,112,7
[152]
T1,0,0,156,4
T2,1,1,119,15
T3,2,0,53,1
[153]
T1,0,0,45,3
T2,1,0,63,2
T3,2,0,176,21
[154]
T1,0,1,74,2
T2,1,0,176,27
T3,2,1,44,2
[155]
T1,0,0,48,2
T2,1,1,199,9
T3,2,0,96,8
[156]
T1,0,1,42,6
T2,1,0,68,2
T3,2,1,161,4
[157]
T1,0,0,109,1
T2,1,0,37,5
T3,2,0,162,4
[158]
T1,0,0,70,10
T2,1,1,193,9
T3,2,0,37,2
[159]
T1,0,1,97,5
T2,1,0,46,3
T3,2,0,163,9
[160]
T1,0,0,99,4
T2,1,1,174,22
T3,2,1,20,2
[161]
T1,0,1,125,14
T2,1,1,20,1
T3,2,0,185,2
[162]
T1,0,1,32,1
T2,1,1,105,9
T3,2,0,184,13
[163]
T1,0,0,122,8
T2,1,1,188,12
T3,2,0,40,2
[164]
T1,0,0,184,14
T2,1,0,28,1
T3,2,0,140,8
[165]
T1,0,1,28,3
T2,1,0,63,2
T3,2,1,165,7
[166]
T1,0,1,85,7
T2,1,0,38,2
T3,2,0,174,10
[167]
T1,0,1,22,1
T2,1,1,187,10
T3,2,0,67,4
[168]
T1,0,0,121,11
T2,1,1,176,2
T3,2,0,39,3
[169]
T1,0,0,132,2
T2,1,0,168,23
T3,2,1,26,1
[170]
T1,0,1,193,31
T2,1,1,101,1
T3,2,0,20,2
[171]
T1,0,0,75,2
T2,1,0,178,25
T3,2,1,49,2
[172]
T1,0,1,54,8
T2,1,1,38,2
T3,2,0,153,3
[173]
T1,0,1,167,10
T2,1,1,33,2
T3,2,1,130,5
[174]
T1,0,1,196,33
T2,1,1,48,2
T3,2,1,133,1
[175]
T1,0,0,42,1
T2,1,1,194,8
T3,2,1,64,8
[176]
T1,0,0,36,3
T2,1,1,156,6
T3,2,0,117,8
[177]
T1,0,1,160,2
T2,1,0,87,7
T3,2,1,25,2
[178]
T1,0,1,181,11
T2,1,1,133,13
T3,2,0,32,1
[179]
T1,0,1,153,13
T2,1,1,46,1
T3,2,0,82,7
[180]
T1,0,1,82,2
T2,1,0,47,5
T3,2,0,174,7
[181]
T1,0,1,22,2
T2,1,0,195,21
T3,2,1,68,5
[182]
T1,0,1,52,5
T2,1,1,162,2
T3,2,1,108,9
[183]
T1,0,1,184,24
T2,1,1,32,2
T3,2,1,112,5
[184]
T1,0,1,141,2
T2,1,0,34,2
T3,2,0,170,31
[185]
T1,0,0,177,29
T2,1,0,28,2
T3,2,1,66,2
[186]
T1,0,1,185,17
T2,1,1,54,5
T3,2,0,107,2
[187]
T1,0,0,61,2
T2,1,0,49,3
T3,2,1,183,23
[188]
T1,0,1,56,4
T2,1,0,26,1
T3,2,0,149,10
[189]
T1,0,0,84,11
T2,1,0,47,2
T3,2,0,150,1
[190]
T1,0,0,36,2
T2,1,0,193,4
T3,2,0,117,12
[191]
T1,0,0,120,11
T2,1,0,34,3
T3,2,1,192,1
[192]
T1,0,1,178,15
T2,1,0,83,2
T3,2,0,23,2
[193]
T1,0,0,25,2
T2,1,1,125,8
T3,2,1,163,8
[194]
T1,0,0,143,17
T2,1,1,148,7
T3,2,1,32,2
[195]
T1,0,1,162,1
T2,1,0,23,2
T3,2,1,99,15
[196]
T1,0,1,115,18
T2,1,0,48,2
T3,2,1,197,6
[197]
T1,0,0,36,2
T2,1,0,178,15
T3,2,1,83,3
[198]
T1,0,1,156,22
T2,1,0,106,3
T3,2,1,49,1
[199]
T1,0,0,36,1
T2,1,0,182,6
T3,2,1,70,8
[200]
T1,0,1,143,18
T2,1,1,198,3
T3,2,0,20,2
[201]
T1,0,1,112,3
T2,1,0,20,2
T3,2,1,151,4
[202]
T1,0,0,108,3
T2,1,0,175,10
T3,2,1,50,5
[203]
T1,0,0,74,7
T2,1,0,179,13
T3,2,1,48,1
[204]
T1,0,1,144,11
T2,1,1,187,6
T3,2,1,43,3
[205]
T1,0,0,198,27
T2,1,0,35,1
T3,2,0,138,1
[206]
T1,0,0,33,2
T2,1,1,188,35
T3,2,1,142,1
[207]
T1,0,1,153,3
T2,1,1,110,7
T3,2,1,40,4
[208]
T1,0,1,77,3
T2,1,0,40,2
T3,2,0,155,12
[209]
T1,0,0,154,1
T2,1,0,136,11
T3,2,0,31,3
[210]
T1,0,1,81,1
T2,1,0,173,29
T3,2,1,48,2
[211]
T1,0,1,124,4
T2,1,0,195,29
T3,2,0,47,2
[212]
T1,0,0,43,4
T2,1,1,147,2
T3,2,1,149,15
[213]
T1,0,0,162,28
T2,1,0,112,1
T3,2,1,35,2
[214]
T1,0,0,33,3
T2,1,0,131,2
T3,2,0,173,15
[215]
T1,0,1,88,3
T2,1,0,192,15
T3,2,0,28,2
[216]
T1,0,0,188,3
T2,1,1,138,5
T3,2,1,29,4
[217]
T1,0,1,170,24
T2,1,1,97,4
T3,2,1,23,2
[218]
T1,0,0,160,18
T2,1,1,35,2
T3,2,1,75,5
[219]
T1,0,1,158,8
T2,1,1,25,2
T3,2,1,86,3
[220]
T1,0,1,176,2
T2,1,1,61,4
T3,2,1,41,4
[221]
T1,0,1,131,5
T2,1,1,163,19
T3,2,0,41,1
[222]
T1,0,0,53,2
T2,1,1,99,6
T3,2,1,159,20
[223]
T1,0,0,112,2
T2,1,0,29,4
T3,2,1,156,4
[224]
T1,0,1,186,3
T2,1,0,27,1
T3,2,1,135,15
[225]
T1,0,0,177,7
T2,1,1,41,4
T3,2,0,64,2
[226]
T1,0,0,128,2
T2,1,1,163,15
T3,2,1,48,4
[227]
T1,0,0,152,8
T2,1,0,36,2
T3,2,0,59,8
[228]
T1,0,0,160,1
T2,1,1,129,14
T3,2,0,27,2
[229]
T1,0,1,110,8
T2,1,1,168,18
T3,2,1,36,2
[230]
T1,0,0,27,1
T2,1,1,97,9
T3,2,1,151,7
[231]
T1,0,0,83,5
T2,1,0,148,3
T3,2,1,53,5
[232]
T1,0,1,199,36
T2,1,0,92,2
T3,2,0,42,2
[233]
T1,0,1,84,6
T2,1,1,42,1
T3,2,1,186,17
[234]
T1,0,1,119,3
T2,1,0,163,24
T3,2,1,20,2
[235]
T1,0,0,192,10
T2,1,0,120,6
T3,2,1,46,3
[236]
T1,0,0,63,3
T2,1,1,22,2
T3,2,0,157,5
[237]
T1,0,0,20,1
T2,1,1,183,4
T3,2,0,135,17
[238]
T1,0,1,23,2
T2,1,0,109,9
T3,2,0,161,2
[239]
T1,0,0,66,9
T2,1,1,20,2
T3,2,0,198,3
[240]
T1,0,1,185,27
T2,1,0,58,2
T3,2,0,42,2
[241]
T1,0,0,193,12
T2,1,1,31,3
T3,2,0,88,2
[242]
T1,0,0,152,22
T2,1,0,50,2
T3,2,0,139,4
[243]
T1,0,1,33,2
T2,1,0,169,29
T3,2,0,137,3
[244]
T1,0,0,63,7
T2,1,0,179,6
T3,2,1,45,1
[245]
T1,0,1,81,4
T2,1,0,192,3
T3,2,0,39,4
[246]
T1,0,0,37,1
T2,1,0,158,8
T3,2,0,54,5
[247]
T1,0,0,35,2
T2,1,0,108,11
T3,2,1,166,3
[248]
T1,0,1,109,12
T2,1,1,160,11
T3,2,0,25,2
[249]
T1,0,0,85,12
T2,1,1,173,2
T3,2,1,29,1
[250]
T1,0,0,30,3
T2,1,1,181,6
T3,2,1,118,6
[251]
T1,0,1,147,14
T2,1,1,168,15
T3,2,1,23,2
[252]
T1,0,1,194,14
T2,1,1,80,7
T3,2,0,41,1
[253]
T1,0,0,51,5
T2,1,1,163,8
T3,2,1,84,3
[254]
T1,0,1,26,2
T2,1,0,172,17
T3,2,1,62,5
[255]
T1,0,0,149,13
T2,1,1,48,3
T3,2,1,143,3
[256]
T1,0,1,148,14
T2,1,1,22,2
T3,2,1,68,4
[257]
T1,0,1,59,1
T2,1,0,191,4
T3,2,1,32,4
[258]
T1,0,0,153,4
T2,1,0,106,6
T3,2,0,53,5
[259]
T1,0,1,72,4
T2,1,0,25,2
T3,2,0,147,7
[260]
T1,0,1,179,19
T2,1,1,88,7
T3,2,0,23,2
[261]
T1,0,1,26,2
T2,1,1,73,5
T3,2,1,150,2
[262]
T1,0,1,103,6
T2,1,0,186,21
T3,2,1,49,1
[263]
T1,0,1,20,1
T2,1,1,81,5
T3,2,0,179,6
[264]
T1,0,0,182,20
T2,1,1,61,2
T3,2,0,27,1
[265]
T1,0,0,70,10
T2,1,0,186,2
T3,2,1,21,1
[266]
T1,0,1,40,3
T2,1,0,186,2
T3,2,1,88,9
[267]
T1,0,0,23,1
T2,1,1,156,12
T3,2,0,95,5
[268]
T1,0,1,171,18
T2,1,0,32,2
T3,2,1,88,6
[269]
T1,0,0,20,2
T2,1,1,190,21
T3,2,0,144,6
[270]
T1,0,0,80,6
T2,1,1,23,2
T3,2,1,195,3
[271]
T1,0,0,94,7
T2,1,0,163,2
T3,2,1,30,3
[272]
T1,0,1,198,25
T2,1,0,59,3
T3,2,0,28,2
[273]
T1,0,0,61,6
T2,1,1,22,1
T3,2,1,186,5
[274]
T1,0,1,147,14
T2,1,0,43,2
T3,2,0,71,5
[275]
T1,0,0,53,3
T2,1,1,97,2
T3,2,1,169,22
[276]
T1,0,1,110,17
T2,1,0,162,2
T3,2,0,41,1
[277]
T1,0,1,32,2
T2,1,1,196,9
T3,2,0,90,12
[278]
T1,0,1,34,2
T2,1,1,199,7
T3,2,0,109,14
[279]
T1,0,0,148,4
T2,1,1,55,2
T3,2,0,33,4
[280]
T1,0,1,47,2
T2,1,1,147,5
T3,2,1,193,30
[281]
T1,0,1,145,24
T2,1,1,148,1
T3,2,0,41,2
[282]
T1,0,1,173,22
T2,1,0,43,1
T3,2,0,93,2
[283]
T1,0,1,125,16
T2,1,1,148,7
T3,2,0,25,2
[284]
T1,0,1,50,2
T2,1,0,112,7
T3,2,1,153,12
[285]
T1,0,0,167,28
T2,1,1,40,2
T3,2,1,60,2
[286]
T1,0,0,156,2
T2,1,0,145,28
T3,2,1,28,2
[287]
T1,0,0,93,2
T2,1,0,161,2
T3,2,1,35,5
[288]
T1,0,0,172,10
T2,1,1,66,4
T3,2,0,31,2
[289]
T1,0,0,168,11
T2,1,0,30,1
T3,2,0,132,12
[290]
T1,0,1,199,2
T2,1,1,122,7
T3,2,0,53,6
[291]
T1,0,0,189,28
T2,1,0,37,1
T3,2,1,113,2
[292]
T1,0,1,82,2
T2,1,1,153,27
T3,2,1,25,2
[293]
T1,0,1,192,17
T2,1,1,38,3
T3,2,0,87,2
[294]
T1,0,0,77,2
T2,1,1,50,6
T3,2,0,187,7
[295]
T1,0,0,133,3
T2,1,1,161,10
T3,2,1,53,5
[296]
T1,0,0,143,26
T2,1,1,148,2
T3,2,0,31,2
[297]
T1,0,1,24,2
T2,1,1,92,1
T3,2,0,166,13
[298]
T1,0,0,47,3
T2,1,0,58,3
T3,2,1,167,9
[299]
T1,0,0,69,3
T2,1,1,28,2
T3,2,0,163,8
[300]
T1,0,0,179,10
T2,1,0,126,11
T3,2,0,29,1
[301]
T1,0,0,32,2
T2,1,1,182,2
T3,2,0,92,15
[302]
T1,0,0,99,5
T2,1,0,162,17
T3,2,1,38,1
[303]
T1,0,0,50,2
T2,1,0,193,37
T3,2,1,77,2
[304]
T1,0,0,195,16
T2,1,1,23,2
T3,2,1,77,2
[305]
T1,0,1,35,4
T2,1,0,76,3
T3,2,1,151,4
[306]
T1,0,0,186,3
T2,1,1,33,2
T3,2,0,111,16
[307]
T1,0,1,72,2
T2,1,0,53,7
T3,2,1,184,9
[308]
T1,0,1,98,7
T2,1,0,152,7
T3,2,0,20,1
[309]
T1,0,1,188,10
T2,1,0,44,5
T3,2,1,67,1
[310]
T1,0,1,166,28
T2,1,0,60,2
T3,2,0,32,2
[311]
T1,0,0,37,2
T2,1,1,179,24
T3,2,0,89,2
[312]
T1,0,1,61,6
T2,1,0,48,1
T3,2,0,185,12
[313]
T1,0,0,112,2
T2,1,0,24,4
T3,2,0,164,4
[314]
T1,0,0,46,1
T2,1,0,164,11
T3,2,1,140,14
[315]
T1,0,1,193,30
T2,1,0,45,1
T3,2,0,88,2
[316]
T1,0,0,23,1
T2,1,0,62,2
T3,2,0,158,15
[317]
T1,0,1,40,2
T2,1,0,79,7
T3,2,1,191,19
[318]
T1,0,0,112,11
T2,1,1,191,8
T3,2,0,33,1
[319]
T1,0,0,125,3
T2,1,1,180,11
T3,2,1,40,4
[320]
T1,0,0,128,1
T2,1,0,43,2
T3,2,1,156,26
[321]
T1,0,1,176,18
T2,1,0,32,2
T3,2,0,117,8
[322]
T1,0,1,173,28
T2,1,0,127,3
T3,2,1,52,2
[323]
T1,0,0,63,3
T2,1,0,161,2
T3,2,0,20,2
[324]
T1,0,1,187,1
T2,1,0,22,1
T3,2,1,111,13
[325]
T1,0,1,80,6
T2,1,0,152,17
T3,2,0,34,2
[326]
T1,0,1,181,5
T2,1,0,63,7
T3,2,0,37,1
[327]
T1,0,0,187,1
T2,1,0,30,5
T3,2,0,120,2
[328]
T1,0,0,153,9
T2,1,0,44,2
T3,2,1,54,6
[329]
T1,0,1,46,2
T2,1,1,79,8
T3,2,0,194,16
[330]
T1,0,0,188,3
T2,1,1,48,6
T3,2,0,77,3
[331]
T1,0,1,151,21
T2,1,0,40,1
T3,2,1,109,3
[332]
T1,0,0,183,2
T2,1,0,82,5
T3,2,1,34,4
[333]
T1,0,1,175,15
T2,1,0,95,8
T3,2,0,54,1
[334]
T1,0,1,194,6
T2,1,1,41,3
T3,2,1,119,9
[335]
T1,0,1,173,25
T2,1,0,83,1
T3,2,0,26,2
[336]
T1,0,1,179,5
T2,1,0,112,17
T3,2,1,48,2
[337]
T1,0,1,34,2
T2,1,0,154,2
T3,2,1,61,10
[338]
T1,0,0,26,2
T2,1,0,194,14
T3,2,0,116,12
[339]
T1,0,0,131,5
T2,1,1,151,23
T3,2,1,47,2
[340]
T1,0,0,120,6
T2,1,1,153,2
T3,2,0,40,5
[341]
T1,0,0,129,3
T2,1,1,185,5
T3,2,0,40,5
[342]
T1,0,0,140,9
T2,1,1,36,2
T3,2,1,194,21
[343]
T1,0,0,25,3
T2,1,0,197,4
T3,2,0,94,4
[344]
T1,0,0,191,6
T2,1,0,132,13
T3,2,0,52,3
[345]
T1,0,1,102,15
T2,1,0,43,1
T3,2,0,182,3
[346]
T1,0,1,118,18
T2,1,0,45,1
T3,2,0,183,3
[347]
T1,0,0,106,8
T2,1,0,187,6
T3,2,0,28,2
[348]
T1,0,1,162,2
T2,1,0,116,11
T3,2,0,50,4
[349]
T1,0,1,72,1
T2,1,0,48,4
T3,2,0,196,15
[350]
T1,0,0,149,2
T2,1,0,44,7
T3,2,1,103,1
[351]
T1,0,1,121,19
T2,1,0,197,1
T3,2,1,42,1
[352]
T1,0,0,46,3
T2,1,0,65,2
T3,2,1,154,18
[353]
T1,0,0,130,5
T2,1,0,35,4
T3,2,0,178,2
[354]
T1,0,1,155,4
T2,1,1,73,4
T3,2,1,23,2
[355]
T1,0,0,21,2
T2,1,1,85,14
T3,2,0,160,2
[356]
T1,0,1,36,1
T2,1,1,180,16
T3,2,0,80,5
[357]
T1,0,0,75,2
T2,1,0,45,7
T3,2,1,151,1
[358]
T1,0,0,51,6
T2,1,1,108,6
T3,2,0,196,3
[359]
T1,0,0,195,13
T2,1,0,34,4
T3,2,0,112,1
[360]
T1,0,1,199,22
T2,1,0,74,6
T3,2,1,53,2
[361]
T1,0,0,53,1
T2,1,0,181,9
T3,2,1,147,19
[362]
T1,0,1,94,6
T2,1,1,172,4
T3,2,1,47,4
[363]
T1,0,0,162,2
T2,1,0,41,3
T3,2,0,98,11
[364]
T1,0,1,186,34
T2,1,0,38,2
T3,2,0,141,2
[365]
T1,0,0,82,2
T2,1,0,184,2
T3,2,0,48,7
[366]
T1,0,0,92,10
T2,1,1,38,2
T3,2,1,165,10
[367]
T1,0,0,198,3
T2,1,0,41,6
T3,2,1,86,1
[368]
T1,0,0,152,14
T2,1,0,25,2
T3,2,1,69,2
[369]
T1,0,1,159,5
T2,1,1,49,4
T3,2,0,131,11
[370]
T1,0,1,132,12
T2,1,0,28,1
T3,2,1,198,9
[371]
T1,0,1,50,2
T2,1,0,63,9
T3,2,0,165,1
[372]
T1,0,1,165,5
T2,1,1,21,1
T3,2,1,82,7
[373]
T1,0,0,50,1
T2,1,0,109,4
T3,2,0,150,20
[374]
T1,0,0,52,2
T2,1,1,153,2
T3,2,0,113,20
[375]
T1,0,0,137,7
T2,1,0,192,5
T3,2,1,48,5
[376]
T1,0,0,160,23
T2,1,1,47,2
T3,2,0,78,3
[377]
T1,0,0,27,2
T2,1,0,167,19
T3,2,1,135,7
[378]
T1,0,1,46,6
T2,1,0,70,1
T3,2,0,153,7
[379]
T1,0,1,24,2
T2,1,1,60,1
T3,2,1,173,14
[380]
T1,0,1,52,1
T2,1,1,165,11
T3,2,1,85,8
[381]
T1,0,1,27,3
T2,1,0,59,3
T3,2,0,147,3
[382]
T1,0,0,68,3
T2,1,0,165,12
T3,2,0,35,2
[383]
T1,0,0,148,14
T2,1,1,23,2
T3,2,1,56,5
[384]
T1,0,1,29,1
T2,1,1,64,9
T3,2,1,168,3
[385]
T1,0,0,100,4
T2,1,0,190,4
T3,2,1,37,4
[386]
T1,0,0,175,7
T2,1,0,41,3
T3,2,1,99,7
[387]
T1,0,1,60,5
T2,1,0,21,2
T3,2,0,172,15
[388]
T1,0,1,187,17
T2,1,1,80,1
T3,2,1,23,2
[389]
T1,0,1,93,1
T2,1,1,36,1
T3,2,1,152,23
[390]
T1,0,1,68,7
T2,1,0,28,1
T3,2,0,158,6
[391]
T1,0,1,174,11
T2,1,1,45,2
T3,2,1,83,6
[392]
T1,0,0,108,9
T2,1,0,184,6
T3,2,1,49,3
[393]
T1,0,0,40,2
T2,1,0,129,2
T3,2,0,194,36
[394]
T1,0,1,52,4
T2,1,1,63,2
T3,2,0,149,16
[395]
T1,0,0,105,4
T2,1,1,44,4
T3,2,0,185,8
[396]
T1,0,1,114,3
T2,1,1,28,3
T3,2,1,190,9
[397]
T1,0,0,74,7
T2,1,0,173,9
T3,2,1,45,2
[398]
T1,0,0,153,27
T2,1,0,62,2
T3,2,0,33,2
[399]
T1,0,0,151,11
T2,1,1,41,2
T3,2,1,63,4
[400]
T1,0,0,132,4
T2,1,1,170,12
T3,2,1,45,4
[401]
T1,0,0,122,12
T2,1,1,181,1
T3,2,1,45,3
[402]
T1,0,1,45,5
T2,1,0,110,1
T3,2,0,175,11
[403]
T1,0,0,42,2
T2,1,1,122,15
T3,2,0,161,10
[404]
T1,0,0,193,4
T2,1,0,20,2
T3,2,0,74,3
[405]
T1,0,1,37,1
T2,1,1,151,3
T3,2,0,124,18
[406]
T1,0,0,119,7
T2,1,0,177,23
T3,2,0,52,2
[407]
T1,0,0,100,10
T2,1,0,52,1
T3,2,0,152,10
[408]
T1,0,0,22,3
T2,1,1,84,3
T3,2,0,148,3
[409]
T1,0,0,142,10
T2,1,0,42,1
T3,2,1,186,17
[410]
T1,0,0,156,21
T2,1,1,21,2
T3,2,1,136,3
[411]
T1,0,0,112,1
T2,1,0,47,8
T3,2,0,191,2
[412]
T1,0,0,62,10
T2,1,0,171,4
T3,2,1,53,2
[413]
T1,0,1,164,2
T2,1,0,43,5
T3,2,1,62,3
[414]
T1,0,1,55,1
T2,1,0,45,1
T3,2,0,161,21
[415]
T1,0,0,179,7
T2,1,1,29,1
T3,2,0,92,9
[416]
T1,0,0,122,2
T2,1,0,49,5
T3,2,1,150,12
[417]
T1,0,1,174,24
T2,1,1,34,1
T3,2,0,141,2
[418]
T1,0,0,156,24
T2,1,1,42,2
T3,2,1,64,1
[419]
T1,0,0,35,1
T2,1,0,189,10
T3,2,0,57,5
[420]
T1,0,0,158,19
T2,1,0,39,2
T3,2,1,111,1
[421]
T1,0,1,37,2
T2,1,1,63,7
T3,2,0,169,5
[422]
T1,0,1,147,4
T2,1,1,84,5
T3,2,1,43,4
[423]
T1,0,0,44,5
T2,1,0,102,2
T3,2,1,165,12
[424]
T1,0,1,53,7
T2,1,1,62,2
T3,2,1,162,2
[425]
T1,0,0,142,9
T2,1,0,197,18
T3,2,0,39,1
[426]
T1,0,0,121,4
T2,1,0,32,4
T3,2,0,198,4
[427]
T1,0,1,30,2
T2,1,1,103,11
T3,2,0,157,9
[428]
T1,0,0,198,6
T2,1,1,93,7
T3,2,0,27,2
[429]
T1,0,0,44,4
T2,1,1,156,2
T3,2,1,94,9
[430]
T1,0,1,34,4
T2,1,1,75,4
T3,2,0,189,2
[431]
T1,0,1,41,5
T2,1,1,81,2
T3,2,1,180,7
[432]
T1,0,1,29,1
T2,1,0,115,2
T3,2,1,181,22
[433]
T1,0,0,52,1
T2,1,1,55,3
T3,2,0,184,17
[434]
T1,0,0,49,5
T2,1,0,154,9
T3,2,1,96,1
[435]
T1,0,0,38,1
T2,1,1,182,5
T3,2,1,97,12
[436]
T1,0,1,186,14
T2,1,1,96,10
T3,2,0,25,2
[437]
T1,0,0,34,4
T2,1,1,101,3
T3,2,0,150,5
[438]
T1,0,0,40,6
T2,1,1,190,1
T3,2,1,109,2
[439]
T1,0,1,146,12
T2,1,0,49,2
T3,2,1,172,11
[440]
T1,0,0,54,1
T2,1,1,157,8
T3,2,1,35,4
[441]
T1,0,1,51,3
T2,1,1,143,11
T3,2,1,151,6
[442]
T1,0,1,167,9
T2,1,0,82,7
T3,2,0,44,2
[443]
T1,0,0,179,14
T2,1,1,145,1
T3,2,0,43,4
[444]
T1,0,1,40,2
T2,1,0,182,25
T3,2,1,138,6
[445]
T1,0,1,24,2
T2,1,0,103,9
T3,2,1,158,14
[446]
T1,0,1,46,4
T2,1,0,106,6
T3,2,0,165,5
[447]
T1,0,0,176,19
T2,1,1,43,2
T3,2,0,110,4
[448]
T1,0,1,26,1
T2,1,0,153,6
T3,2,0,146,16
[449]
T1,0,0,88,5
T2,1,1,199,4
T3,2,0,25,2
[450]
T1,0,0,33,1
T2,1,1,106,2
T3,2,1,179,28
[451]
T1,0,1,199,14
T2,1,0,42,4
T3,2,0,145,3
[452]
T1,0,0,148,20
T2,1,0,77,3
T3,2,0,40,2
[453]
T1,0,0,168,2
T2,1,0,46,2
T3,2,1,100,14
[454]
T1,0,0,106,2
T2,1,0,192,24
T3,2,1,33,1
[455]
T1,0,1,44,5
T2,1,0,158,13
T3,2,1,145,2
[456]
T1,0,1,20,2
T2,1,0,120,5
T3,2,0,189,20
[457]
T1,0,0,113,5
T2,1,1,153,19
T3,2,0,48,1
[458]
T1,0,0,192,6
T2,1,1,128,1
T3,2,1,30,4
[459]
T1,0,1,172,2
T2,1,1,70,2
T3,2,0,48,7
[460]
T1,0,0,78,7
T2,1,1,25,1
T3,2,1,160,4
[461]
T1,0,1,42,7
T2,1,0,69,2
T3,2,1,151,2
[462]
T1,0,0,83,4
T2,1,1,197,1
T3,2,1,45,6
[463]
T1,0,0,20,2
T2,1,1,117,10
T3,2,1,168,17
[464]
T1,0,1,108,6
T2,1,1,32,1
T3,2,1,189,20
[465]
T1,0,1,183,5
T2,1,1,139,22
T3,2,1,34,2
[466]
T1,0,0,45,2
T2,1,0,163,25
T3,2,1,135,5
[467]
T1,0,1,166,5
T2,1,1,57,2
T3,2,0,52,8
[468]
T1,0,1,146,4
T2,1,1,26,2
T3,2,1,199,13
[469]
T1,0,0,164,26
T2,1,1,63,1
T3,2,1,38,2
[470]
T1,0,0,129,7
T2,1,1,169,19
T3,2,1,25,2
[471]
T1,0,1,62,1
T2,1,0,188,15
T3,2,0,22,2
[472]
T1,0,0,40,2
T2,1,0,82,2
T3,2,0,189,27
[473]
T1,0,1,180,14
T2,1,1,67,3
T3,2,1,51,3
[474]
T1,0,0,52,3
T2,1,1,138,3
T3,2,0,164,18
[475]
T1,0,0,25,1
T2,1,0,179,18
T3,2,1,132,6
[476]
T1,0,0,125,18
T2,1,0,148,5
T3,2,0,37,2
[477]
T1,0,1,37,5
T2,1,0,196,9
T3,2,1,111,2
[478]
T1,0,1,156,5
T2,1,0,44,1
T3,2,0,82,10
[479]
T1,0,1,87,3
T2,1,1,43,5
T3,2,1,180,6
[480]
T1,0,0,132,14
T2,1,1,53,1
T3,2,1,180,13
[481]
T1,0,0,176,10
T2,1,1,41,4
T3,2,0,58,2
[482]
T1,0,1,53,5
T2,1,0,83,2
T3,2,1,169,9
[483]
T1,0,0,23,2
T2,1,0,111,2
T3,2,0,192,17
[484]
T1,0,1,158,3
T2,1,0,47,3
T3,2,0,70,7
[485]
T1,0,0,26,2
T2,1,1,132,8
T3,2,1,162,3
[486]
T1,0,1,163,25
T2,1,1,38,1
T3,2,0,88,2
[487]
T1,0,0,195,18
T2,1,1,92,8
T3,2,0,26,2
[488]
T1,0,1,94,4
T2,1,1,162,12
T3,2,1,43,3
[489]
T1,0,1,29,3
T2,1,1,66,4
T3,2,1,182,2
[490]
T1,0,1,50,6
T2,1,0,129,2
T3,2,0,160,11
[491]
T1,0,1,167,2
T2,1,0,42,5
T3,2,1,72,5
[492]
T1,0,1,194,3
T2,1,0,118,3
T3,2,0,24,3
[493]
T1,0,0,164,30
T2,1,1,42,2
T3,2,1,96,2
[494]
T1,0,1,48,7
T2,1,0,61,2
T3,2,0,150,1
[495]
T1,0,1,53,2
T2,1,1,74,2
T3,2,1,183,20
[496]
T1,0,1,142,9
T2,1,1,183,8
T3,2,0,41,3
[497]
T1,0,1,43,2
T2,1,0,165,20
T3,2,1,137,2
[498]
T1,0,1,111,12
T2,1,0,153,10
T3,2,0,31,2
[499]
T1,0,0,26,2
T2,1,1,64,4
T3,2,1,174,20
[500]
T1,0,1,116,19
T2,1,1,183,4
T3,2,1,47,2
