num_task_per_taskset=3
num_taskset=500
//ID,Priority,Offset,Period,Execution Time
[1]
T1,0,0,183,14
T2,1,1,116,24
T3,2,0,35,2
[2]
T1,0,1,147,14
T2,1,0,36,2
T3,2,0,117,14
[3]
T1,0,1,26,4
T2,1,0,191,12
T3,2,1,90,5
[4]
T1,0,1,69,11
T2,1,0,38,4
T3,2,0,186,3
[5]
T1,0,0,29,1
T2,1,0,67,1
T3,2,0,189,43
[6]
T1,0,0,53,7
T2,1,0,137,22
T3,2,0,194,2
[7]
T1,0,1,43,4
T2,1,0,83,14
T3,2,0,174,2
[8]
T1,0,1,37,1
T2,1,0,150,32
T3,2,1,143,6
[9]
T1,0,0,124,6
T2,1,0,40,1
T3,2,0,153,31
[10]
T1,0,0,174,1
T2,1,1,54,1
T3,2,1,94,24
[11]
T1,0,1,195,29
T2,1,1,50,5
T3,2,0,97,2
[12]
T1,0,0,138,3
T2,1,0,45,2
T3,2,0,181,46
[13]
T1,0,0,167,8
T2,1,1,141,15
T3,2,1,41,5
[14]
T1,0,0,106,8
T2,1,1,180,20
T3,2,0,30,3
[15]
T1,0,1,62,2
T2,1,0,45,10
T3,2,1,166,9
[16]
T1,0,1,150,27
T2,1,0,22,1
T3,2,1,55,2
[17]
T1,0,0,51,9
T2,1,1,134,2
T3,2,0,160,14
[18]
T1,0,1,111,4
T2,1,1,190,48
T3,2,1,28,2
[19]
T1,0,1,35,1
T2,1,1,171,40
T3,2,0,88,1
[20]
T1,0,1,49,5
T2,1,0,151,2
T3,2,1,105,18
[21]
T1,0,1,197,11
T2,1,0,33,5
T3,2,0,126,7
[22]
T1,0,0,45,2
T2,1,1,90,13
T3,2,0,164,16
[23]
T1,0,1,122,5
T2,1,0,39,5
T3,2,0,195,21
[24]
T1,0,0,93,14
T2,1,0,179,21
T3,2,0,53,1
[25]
T1,0,0,94,5
T2,1,1,169,2
T3,2,1,23,5
[26]
T1,0,0,194,41
T2,1,0,22,2
T3,2,0,99,5
[27]
T1,0,1,171,31
T2,1,0,44,2
T3,2,1,85,5
[28]
T1,0,1,173,28
T2,1,0,104,13
T3,2,1,41,2
[29]
T1,0,0,95,8
T2,1,0,194,7
T3,2,1,27,4
[30]
T1,0,0,121,20
T2,1,1,47,2
T3,2,1,184,14
[31]
T1,0,0,34,3
T2,1,0,182,19
T3,2,0,83,6
[32]
T1,0,0,171,3
T2,1,0,72,13
T3,2,0,25,2
[33]
T1,0,1,46,6
T2,1,0,148,7
T3,2,1,111,11
[34]
T1,0,0,158,22
T2,1,1,39,3
T3,2,0,97,6
[35]
T1,0,1,28,5
T2,1,1,80,7
T3,2,0,195,3
[36]
T1,0,0,95,2
T2,1,0,194,41
T3,2,1,23,1
[37]
T1,0,1,178,31
T2,1,1,39,4
T3,2,1,90,1
[38]
T1,0,0,59,12
T2,1,1,148,2
T3,2,1,25,1
[39]
T1,0,0,30,1
T2,1,0,156,25
T3,2,0,109,10
[40]
T1,0,1,48,6
T2,1,1,192,21
T3,2,0,100,5
[41]
T1,0,0,25,1
T2,1,1,70,15
T3,2,0,172,4
[42]
T1,0,1,25,2
T2,1,0,188,29
T3,2,1,66,7
[43]
T1,0,1,35,3
T2,1,0,126,16
T3,2,0,195,11
[44]
T1,0,1,56,1
T2,1,0,41,7
T3,2,0,189,19
[45]
T1,0,0,121,8
T2,1,1,172,13
T3,2,1,41,6
[46]
T1,0,0,150,15
T2,1,0,58,6
T3,2,1,51,4
[47]
T1,0,0,198,41
T2,1,0,141,2
T3,2,0,53,3
[48]
T1,0,1,35,7
T2,1,1,178,12
T3,2,0,114,2
[49]
T1,0,1,104,5
T2,1,0,35,2
T3,2,1,159,28
[50]
T1,0,0,75,5
T2,1,0,156,15
T3,2,1,36,4
[51]
T1,0,1,58,14
T2,1,1,173,3
T3,2,1,38,2
[52]
T1,0,0,71,2
T2,1,0,161,46
T3,2,0,49,2
[53]
T1,0,0,73,10
T2,1,1,149,9
T3,2,0,34,2
[54]
T1,0,1,31,5
T2,1,0,153,19
T3,2,0,102,2
[55]
T1,0,0,92,1
T2,1,1,21,2
T3,2,0,183,34
[56]
T1,0,0,47,2
T2,1,1,198,49
T3,2,0,65,2
[57]
T1,0,0,129,35
T2,1,0,36,2
T3,2,1,186,1
[58]
T1,0,1,36,2
T2,1,1,113,20
T3,2,1,169,19
[59]
T1,0,1,35,5
T2,1,0,189,2
T3,2,0,144,19
[60]
T1,0,0,41,4
T2,1,0,191,13
T3,2,1,143,17
[61]
T1,0,1,43,3
T2,1,1,185,12
T3,2,0,78,11
[62]
T1,0,0,21,3
T2,1,1,149,10
T3,2,1,94,8
[63]
T1,0,1,195,29
T2,1,1,47,1
T3,2,1,121,15
[64]
T1,0,1,106,9
T2,1,1,192,8
T3,2,0,49,8
[65]
T1,0,1,121,20
T2,1,1,52,2
T3,2,0,176,15
[66]
T1,0,0,91,2
T2,1,1,33,8
T3,2,1,156,3
[67]
T1,0,1,61,1
T2,1,0,51,1
T3,2,0,196,47
[68]
T1,0,0,183,19
T2,1,0,107,18
T3,2,1,24,2
[69]
T1,0,0,152,9
T2,1,1,143,5
T3,2,0,20,3
[70]
T1,0,0,140,3
T2,1,1,50,5
T3,2,1,157,27
[71]
T1,0,1,33,5
T2,1,0,76,1
T3,2,1,165,16
[72]
T1,0,1,124,5
T2,1,0,20,2
T3,2,0,180,41
[73]
T1,0,0,157,2
T2,1,1,118,33
T3,2,1,30,2
[74]
T1,0,0,46,5
T2,1,1,175,3
T3,2,1,122,20
[75]
T1,0,1,153,22
T2,1,0,107,3
T3,2,0,35,4
[76]
T1,0,0,90,11
T2,1,1,50,5
T3,2,0,169,10
[77]
T1,0,1,183,6
T2,1,1,45,1
T3,2,0,56,12
[78]
T1,0,0,173,24
T2,1,1,21,2
T3,2,0,78,9
[79]
T1,0,0,46,9
T2,1,1,180,5
T3,2,0,145,8
[80]
T1,0,1,48,5
T2,1,1,157,17
T3,2,1,113,7
[81]
T1,0,0,126,13
T2,1,1,158,22
T3,2,0,45,2
[82]
T1,0,0,33,6
T2,1,1,146,10
T3,2,1,157,5
[83]
T1,0,0,175,4
T2,1,1,81,12
T3,2,0,32,3
[84]
T1,0,1,39,1
T2,1,1,160,20
T3,2,0,141,17
[85]
T1,0,1,53,6
T2,1,0,133,10
T3,2,1,152,14
[86]
T1,0,0,166,28
T2,1,0,136,14
T3,2,0,52,1
[87]
T1,0,0,39,6
T2,1,1,111,1
T3,2,1,175,19
[88]
T1,0,1,84,6
T2,1,0,199,40
T3,2,0,26,2
[89]
T1,0,0,160,13
T2,1,0,30,1
T3,2,1,117,18
[90]
T1,0,0,30,8
T2,1,0,119,1
T3,2,0,165,1
[91]
T1,0,1,168,1
T2,1,0,45,10
T3,2,0,123,7
[92]
T1,0,1,136,7
T2,1,1,191,7
T3,2,1,27,5
[93]
T1,0,1,99,16
T2,1,0,41,4
T3,2,0,197,4
[94]
T1,0,1,90,12
T2,1,0,30,3
T3,2,0,188,6
[95]
T1,0,0,30,6
T2,1,0,99,5
T3,2,1,187,3
[96]
T1,0,1,29,6
T2,1,0,60,3
T3,2,1,148,2
[97]
T1,0,0,127,13
T2,1,1,46,3
T3,2,0,194,23
[98]
T1,0,0,51,2
T2,1,0,102,10
T3,2,0,184,26
[99]
T1,0,1,62,7
T2,1,1,35,3
T3,2,1,147,11
[100]
T1,0,0,25,3
T2,1,0,62,3
T3,2,0,171,19
[101]
T1,0,0,32,1
T2,1,0,194,44
T3,2,0,113,2
[102]
T1,0,0,160,29
T2,1,1,104,1
T3,2,1,24,2
[103]
T1,0,1,26,3
T2,1,1,108,3
T3,2,1,154,23
[104]
T1,0,0,80,9
T2,1,1,186,19
T3,2,1,38,2
[105]
T1,0,0,44,4
T2,1,1,64,3
T3,2,0,191,28
[106]
T1,0,0,49,1
T2,1,1,79,11
T3,2,1,177,24
[107]
T1,0,0,67,2
T2,1,1,181,11
T3,2,1,24,4
[108]
T1,0,0,193,37
T2,1,1,52,4
T3,2,1,102,1
[109]
T1,0,0,42,2
T2,1,0,179,36
T3,2,0,113,2
[110]
T1,0,0,75,16
T2,1,1,188,13
T3,2,0,44,2
[111]
T1,0,0,103,5
T2,1,0,30,3
T3,2,0,170,21
[112]
T1,0,0,104,19
T2,1,1,159,14
T3,2,1,42,2
[113]
T1,0,0,189,14
T2,1,0,37,5
T3,2,0,87,5
[114]
T1,0,1,185,8
T2,1,0,144,5
T3,2,1,20,4
[115]
T1,0,1,90,10
T2,1,0,26,1
T3,2,1,181,24
[116]
T1,0,0,168,18
T2,1,1,36,4
T3,2,1,86,5
[117]
T1,0,0,102,2
T2,1,1,188,13
T3,2,0,46,9
[118]
T1,0,1,39,10
T2,1,1,102,2
T3,2,0,197,3
[119]
T1,0,0,34,4
T2,1,0,115,7
T3,2,1,175,17
[120]
T1,0,0,107,12
T2,1,0,149,2
T3,2,1,43,7
[121]
T1,0,1,133,28
T2,1,0,28,2
T3,2,1,172,10
[122]
T1,0,0,173,12
T2,1,0,40,7
T3,2,0,122,4
[123]
T1,0,0,142,2
T2,1,0,167,42
T3,2,0,48,1
[124]
T1,0,0,134,14
T2,1,1,50,8
T3,2,1,191,5
[125]
T1,0,0,44,3
T2,1,1,141,3
T3,2,1,158,31
[126]
T1,0,0,40,1
T2,1,1,191,19
T3,2,1,113,18
[127]
T1,0,1,138,15
T2,1,1,26,1
T3,2,0,163,24
[128]
T1,0,1,78,5
T2,1,0,161,36
T3,2,0,51,2
[129]
T1,0,1,51,12
T2,1,0,180,2
T3,2,1,109,3
[130]
T1,0,1,134,7
T2,1,1,185,14
T3,2,1,24,4
[131]
T1,0,0,22,2
T2,1,1,158,35
T3,2,1,110,3
[132]
T1,0,0,177,32
T2,1,1,41,1
T3,2,1,104,9
[133]
T1,0,1,180,45
T2,1,0,31,1
T3,2,0,74,2
[134]
T1,0,0,50,4
T2,1,0,151,26
T3,2,0,143,4
[135]
T1,0,1,51,7
T2,1,0,137,9
T3,2,0,181,16
[136]
T1,0,1,113,12
T2,1,0,176,21
T3,2,0,49,3
[137]
T1,0,1,151,17
T2,1,1,75,9
T3,2,1,25,1
[138]
T1,0,1,190,17
T2,1,1,130,5
T3,2,1,31,5
[139]
T1,0,0,43,5
T2,1,0,128,4
T3,2,1,178,23
[140]
T1,0,0,174,4
T2,1,0,31,6
T3,2,0,145,7
[141]
T1,0,0,191,32
T2,1,0,87,2
T3,2,0,25,3
[142]
T1,0,1,189,29
T2,1,1,54,6
T3,2,0,48,2
[143]
T1,0,1,136,2
T2,1,1,173,10
T3,2,1,48,11
[144]
T1,0,1,138,21
T2,1,0,35,2
T3,2,1,150,20
[145]
T1,0,0,179,4
T2,1,1,36,7
T3,2,1,62,3
[146]
T1,0,1,183,36
T2,1,1,30,2
T3,2,0,72,1
[147]
T1,0,0,198,29
T2,1,1,113,7
T3,2,0,26,2
[148]
T1,0,1,151,4
T2,1,1,23,4
T3,2,0,144,8
[149]
T1,0,0,184,4
T2,1,0,146,15
T3,2,0,39,6
[150]
T1,0,0,185,10
T2,1,1,98,13
T3,2,0,25,2
[151]
T1,0,1,48,2
T2,1,0,190,33
T3,2,1,130,15
[152]
T1,0,0,92,12
T2,1,0,45,6
T3,2,0,172,2
[153]
T1,0,0,23,1
T2,1,0,151,20
T3,2,0,64,6
[154]
T1,0,1,127,4
T2,1,0,30,5
T3,2,0,187,16
[155]
T1,0,0,191,23
T2,1,1,135,4
T3,2,1,52,7
[156]
T1,0,0,24,5
T2,1,0,95,5
T3,2,1,157,2
[157]
T1,0,1,90,7
T2,1,1,46,8
T3,2,0,152,3
[158]
T1,0,1,48,1
T2,1,1,149,34
T3,2,1,74,2
[159]
T1,0,1,79,7
T2,1,0,181,4
T3,2,0,42,7
[160]
T1,0,0,26,4
T2,1,0,148,10
T3,2,0,116,4
[161]
T1,0,1,142,4
T2,1,0,24,2
T3,2,1,168,43
[162]
T1,0,1,20,2
T2,1,0,99,9
T3,2,0,151,26
[163]
T1,0,1,21,2
T2,1,1,183,12
T3,2,1,138,14
[164]
T1,0,0,98,22
T2,1,1,20,1
T3,2,1,168,2
[165]
T1,0,0,102,11
T2,1,1,193,28
T3,2,1,42,1
[166]
T1,0,1,74,7
T2,1,1,174,32
T3,2,1,22,2
[167]
T1,0,1,199,31
T2,1,1,98,12
T3,2,0,48,2
[168]
T1,0,1,86,25
T2,1,1,37,2
T3,2,1,170,2
[169]
T1,0,0,32,4
T2,1,1,171,11
T3,2,1,133,12
[170]
T1,0,1,152,31
T2,1,0,90,7
T3,2,0,28,2
[171]
T1,0,0,130,9
T2,1,0,33,6
T3,2,0,152,3
[172]
T1,0,1,38,4
T2,1,0,83,8
T3,2,0,183,14
[173]
T1,0,1,146,25
T2,1,1,148,12
T3,2,0,51,2
[174]
T1,0,0,168,30
T2,1,1,114,2
T3,2,0,35,4
[175]
T1,0,0,85,11
T2,1,0,40,1
T3,2,0,195,25
[176]
T1,0,1,41,2
T2,1,1,149,14
T3,2,0,78,15
[177]
T1,0,1,33,2
T2,1,0,125,18
T3,2,1,159,12
[178]
T1,0,1,193,4
T2,1,0,28,7
T3,2,1,122,1
[179]
T1,0,1,179,35
T2,1,0,42,1
T3,2,0,84,4
[180]
T1,0,1,87,2
T2,1,0,50,2
T3,2,1,180,46
[181]
T1,0,1,23,4
T2,1,0,171,14
T3,2,1,59,2
[182]
T1,0,0,175,2
T2,1,1,129,2
T3,2,0,45,12
[183]
T1,0,1,21,4
T2,1,1,174,5
T3,2,0,91,6
[184]
T1,0,1,181,6
T2,1,1,49,5
T3,2,0,90,13
[185]
T1,0,0,40,2
T2,1,0,182,1
T3,2,0,79,17
[186]
T1,0,0,34,1
T2,1,0,147,21
T3,2,0,137,12
[187]
T1,0,0,193,11
T2,1,1,30,4
T3,2,0,130,11
[188]
T1,0,1,162,13
T2,1,1,69,1
T3,2,0,34,6
[189]
T1,0,1,35,9
T2,1,1,158,1
T3,2,0,114,2
[190]
T1,0,0,21,2
T2,1,0,161,27
T3,2,0,70,5
[191]
T1,0,1,195,28
T2,1,0,54,1
T3,2,0,136,15
[192]
T1,0,1,134,7
T2,1,1,43,2
T3,2,0,177,33
[193]
T1,0,1,26,4
T2,1,0,188,10
T3,2,0,113,8
[194]
T1,0,1,38,1
T2,1,1,178,30
T3,2,1,94,9
[195]
T1,0,1,83,7
T2,1,0,39,5
T3,2,1,175,10
[196]
T1,0,1,162,24
T2,1,1,95,4
T3,2,1,47,4
[197]
T1,0,0,84,13
T2,1,0,162,17
T3,2,1,21,2
[198]
T1,0,1,169,14
T2,1,1,46,7
T3,2,1,89,3
[199]
T1,0,1,112,16
T2,1,1,162,16
T3,2,0,24,1
[200]
T1,0,0,52,7
T2,1,0,145,12
T3,2,1,186,13
[201]
T1,0,0,22,3
T2,1,0,180,13
T3,2,1,124,6
[202]
T1,0,0,39,5
T2,1,1,160,16
T3,2,0,58,3
[203]
T1,0,0,101,7
T2,1,1,159,5
T3,2,0,35,6
[204]
T1,0,1,187,32
T2,1,1,21,2
T3,2,1,59,7
[205]
T1,0,1,84,11
T2,1,0,186,19
T3,2,1,44,2
[206]
T1,0,0,37,1
T2,1,0,171,28
T3,2,0,72,6
[207]
T1,0,0,70,4
T2,1,1,47,2
T3,2,1,189,44
[208]
T1,0,0,45,7
T2,1,0,175,6
T3,2,1,69,6
[209]
T1,0,0,70,2
T2,1,1,162,23
T3,2,1,53,8
[210]
T1,0,1,157,8
T2,1,0,48,4
T3,2,1,110,16
[211]
T1,0,0,47,7
T2,1,1,125,18
T3,2,0,183,2
[212]
T1,0,0,169,32
T2,1,0,31,1
T3,2,1,58,3
[213]
T1,0,1,182,3
T2,1,0,104,11
T3,2,0,22,3
[214]
T1,0,0,29,4
T2,1,1,161,22
T3,2,0,106,2
[215]
T1,0,0,183,49
T2,1,1,28,2
T3,2,0,119,2
[216]
T1,0,0,36,2
T2,1,1,195,35
T3,2,1,58,5
[217]
T1,0,1,66,2
T2,1,0,35,6
T3,2,0,190,13
[218]
T1,0,1,65,1
T2,1,1,151,11
T3,2,1,51,10
[219]
T1,0,1,180,19
T2,1,1,61,10
T3,2,1,24,2
[220]
T1,0,0,107,15
T2,1,0,27,2
T3,2,1,171,24
[221]
T1,0,1,101,3
T2,1,1,156,31
T3,2,0,38,2
[222]
T1,0,1,165,20
T2,1,0,107,11
T3,2,0,27,1
[223]
T1,0,0,56,1
T2,1,1,158,26
T3,2,1,34,3
[224]
T1,0,0,47,2
T2,1,1,89,23
T3,2,0,165,2
[225]
T1,0,1,169,28
T2,1,0,98,9
T3,2,1,46,1
[226]
T1,0,0,43,5
T2,1,0,155,22
T3,2,0,124,5
[227]
T1,0,1,64,1
T2,1,0,191,41
T3,2,1,50,2
[228]
T1,0,1,178,31
T2,1,0,37,2
T3,2,1,145,9
[229]
T1,0,1,170,1
T2,1,1,30,1
T3,2,0,94,23
[230]
T1,0,0,50,1
T2,1,1,98,13
T3,2,0,183,24
[231]
T1,0,1,22,2
T2,1,1,115,19
T3,2,0,180,5
[232]
T1,0,0,42,4
T2,1,0,190,18
T3,2,0,59,5
[233]
T1,0,1,54,1
T2,1,1,157,32
T3,2,1,124,7
[234]
T1,0,1,28,3
T2,1,1,133,4
T3,2,1,156,20
[235]
T1,0,0,24,2
T2,1,0,70,2
T3,2,1,153,27
[236]
T1,0,1,153,18
T2,1,1,126,8
T3,2,0,29,3
[237]
T1,0,0,29,2
T2,1,1,69,9
T3,2,0,179,24
[238]
T1,0,0,21,2
T2,1,1,118,7
T3,2,0,189,36
[239]
T1,0,1,161,9
T2,1,0,120,24
T3,2,0,44,1
[240]
T1,0,0,194,2
T2,1,0,28,4
T3,2,0,70,9
[241]
T1,0,1,54,8
T2,1,0,167,14
T3,2,1,66,3
[242]
T1,0,0,136,25
T2,1,1,171,9
T3,2,0,22,1
[243]
T1,0,1,77,11
T2,1,1,162,14
T3,2,1,48,3
[244]
T1,0,0,190,18
T2,1,1,108,13
T3,2,1,51,4
[245]
T1,0,0,29,6
T2,1,1,74,4
T3,2,0,195,5
[246]
T1,0,1,125,16
T2,1,1,187,21
T3,2,0,45,2
[247]
T1,0,1,172,5
T2,1,1,44,2
T3,2,1,55,11
[248]
T1,0,1,181,4
T2,1,1,142,31
T3,2,0,24,1
[249]
T1,0,0,97,7
T2,1,1,157,9
T3,2,0,33,5
[250]
T1,0,1,47,1
T2,1,1,190,24
T3,2,1,100,13
[251]
T1,0,1,44,4
T2,1,0,143,25
T3,2,1,157,2
[252]
T1,0,0,150,4
T2,1,1,21,2
T3,2,1,74,16
[253]
T1,0,1,179,9
T2,1,1,46,7
T3,2,0,126,9
[254]
T1,0,1,94,11
T2,1,1,31,4
T3,2,0,156,3
[255]
T1,0,0,180,38
T2,1,0,56,2
T3,2,1,24,1
[256]
T1,0,1,124,6
T2,1,0,181,9
T3,2,1,21,4
[257]
T1,0,0,77,8
T2,1,1,41,2
T3,2,1,193,36
[258]
T1,0,1,179,12
T2,1,0,100,22
T3,2,1,36,2
[259]
T1,0,1,27,2
T2,1,1,109,32
T3,2,1,186,2
[260]
T1,0,0,183,14
T2,1,1,115,23
T3,2,0,40,2
[261]
T1,0,0,196,23
T2,1,0,113,18
T3,2,0,23,2
[262]
T1,0,0,35,3
T2,1,1,106,15
T3,2,1,154,9
[263]
T1,0,0,132,18
T2,1,1,154,17
T3,2,1,49,2
[264]
T1,0,1,23,4
T2,1,0,67,2
T3,2,1,149,13
[265]
T1,0,1,50,5
T2,1,0,187,32
T3,2,0,113,1
[266]
T1,0,0,30,2
T2,1,1,131,31
T3,2,0,185,8
[267]
T1,0,0,63,2
T2,1,0,193,9
T3,2,0,42,10
[268]
T1,0,0,146,1
T2,1,0,151,43
T3,2,0,47,2
[269]
T1,0,0,31,1
T2,1,1,160,15
T3,2,1,82,13
[270]
T1,0,1,71,3
T2,1,0,163,36
T3,2,1,53,1
[271]
T1,0,0,39,10
T2,1,0,170,4
T3,2,1,76,2
[272]
T1,0,0,130,10
T2,1,1,173,2
T3,2,1,41,8
[273]
T1,0,1,154,19
T2,1,0,93,10
T3,2,1,25,1
[274]
T1,0,1,50,2
T2,1,0,110,30
T3,2,1,177,1
[275]
T1,0,1,21,2
T2,1,0,174,38
T3,2,0,60,2
[276]
T1,0,0,157,7
T2,1,1,24,5
T3,2,1,102,1
[277]
T1,0,1,191,35
T2,1,0,32,2
T3,2,1,138,4
[278]
T1,0,0,24,2
T2,1,0,193,5
T3,2,0,99,25
[279]
T1,0,0,43,9
T2,1,1,199,11
T3,2,0,114,3
[280]
T1,0,0,29,2
T2,1,1,157,35
T3,2,1,111,2
[281]
T1,0,0,26,3
T2,1,1,166,15
T3,2,1,62,5
[282]
T1,0,1,21,4
T2,1,0,61,2
T3,2,0,153,7
[283]
T1,0,0,182,35
T2,1,0,27,2
T3,2,1,124,11
[284]
T1,0,1,172,41
T2,1,0,115,6
T3,2,1,32,2
[285]
T1,0,1,75,3
T2,1,1,152,20
T3,2,1,48,5
[286]
T1,0,0,177,10
T2,1,0,32,2
T3,2,1,130,19
[287]
T1,0,0,68,9
T2,1,1,34,2
T3,2,1,163,12
[288]
T1,0,1,52,9
T2,1,1,105,4
T3,2,0,192,15
[289]
T1,0,1,124,17
T2,1,1,190,7
T3,2,0,37,4
[290]
T1,0,0,119,2
T2,1,1,49,8
T3,2,1,190,19
[291]
T1,0,1,166,29
T2,1,0,60,2
T3,2,0,48,5
[292]
T1,0,1,39,8
T2,1,0,146,10
T3,2,1,195,1
[293]
T1,0,0,26,2
T2,1,0,169,31
T3,2,0,122,2
[294]
T1,0,1,117,8
T2,1,0,33,1
T3,2,0,180,32
[295]
T1,0,0,195,30
T2,1,1,99,3
T3,2,1,47,4
[296]
T1,0,1,48,2
T2,1,0,187,22
T3,2,0,127,20
[297]
T1,0,1,195,7
T2,1,0,36,7
T3,2,1,72,4
[298]
T1,0,1,56,3
T2,1,0,45,10
T3,2,1,185,2
[299]
T1,0,1,28,2
T2,1,0,108,14
T3,2,1,179,12
[300]
T1,0,0,149,6
T2,1,1,79,12
T3,2,0,22,2
[301]
T1,0,1,103,24
T2,1,0,41,2
T3,2,0,160,7
[302]
T1,0,1,190,24
T2,1,1,31,2
T3,2,0,121,12
[303]
T1,0,0,58,1
T2,1,0,168,25
T3,2,0,40,4
[304]
T1,0,0,33,2
T2,1,1,115,18
T3,2,1,182,19
[305]
T1,0,1,26,4
T2,1,0,133,4
T3,2,0,154,14
[306]
T1,0,1,31,1
T2,1,0,166,1
T3,2,0,129,31
[307]
T1,0,0,102,1
T2,1,0,174,26
T3,2,1,41,5
[308]
T1,0,0,36,2
T2,1,0,91,7
T3,2,1,193,38
[309]
T1,0,0,24,2
T2,1,1,149,16
T3,2,0,88,9
[310]
T1,0,0,125,11
T2,1,1,34,2
T3,2,0,172,24
[311]
T1,0,1,164,4
T2,1,0,137,13
T3,2,1,32,5
[312]
T1,0,1,195,42
T2,1,1,111,3
T3,2,1,34,1
[313]
T1,0,0,38,3
T2,1,0,128,2
T3,2,0,196,37
[314]
T1,0,1,139,2
T2,1,1,189,16
T3,2,0,41,8
[315]
T1,0,0,52,2
T2,1,1,157,19
T3,2,1,124,17
[316]
T1,0,0,93,13
T2,1,0,150,13
T3,2,1,43,2
[317]
T1,0,0,117,19
T2,1,1,37,1
T3,2,0,161,13
[318]
T1,0,0,126,23
T2,1,1,29,2
T3,2,1,169,17
[319]
T1,0,0,36,6
T2,1,0,165,10
T3,2,0,121,7
[320]
T1,0,1,51,3
T2,1,0,165,15
T3,2,1,83,11
[321]
T1,0,1,189,37
T2,1,0,128,8
T3,2,1,25,2
[322]
T1,0,1,48,8
T2,1,1,182,6
T3,2,0,93,8
[323]
T1,0,0,130,13
T2,1,1,52,6
T3,2,0,187,12
[324]
T1,0,1,105,2
T2,1,1,181,48
T3,2,1,50,2
[325]
T1,0,1,172,20
T2,1,0,30,1
T3,2,0,103,14
[326]
T1,0,1,136,9
T2,1,0,149,21
T3,2,0,46,3
[327]
T1,0,0,137,2
T2,1,1,21,6
T3,2,0,152,2
[328]
T1,0,0,103,4
T2,1,0,165,7
T3,2,0,28,5
[329]
T1,0,0,37,1
T2,1,1,163,44
T3,2,0,76,2
[330]
T1,0,0,36,3
T2,1,1,151,2
T3,2,0,101,18
[331]
T1,0,1,24,4
T2,1,0,140,5
T3,2,1,169,16
[332]
T1,0,1,38,2
T2,1,1,69,3
T3,2,0,164,39
[333]
T1,0,0,159,46
T2,1,1,49,2
T3,2,0,114,2
[334]
T1,0,0,22,3
T2,1,1,159,18
T3,2,1,87,2
[335]
T1,0,0,95,20
T2,1,1,54,2
T3,2,0,161,11
[336]
T1,0,1,53,11
T2,1,1,189,3
T3,2,1,74,4
[337]
T1,0,0,49,10
T2,1,0,72,4
T3,2,0,148,4
[338]
T1,0,0,105,12
T2,1,0,184,18
T3,2,1,32,2
[339]
T1,0,0,166,14
T2,1,1,138,19
T3,2,0,48,3
[340]
T1,0,1,126,14
T2,1,0,33,1
T3,2,0,160,20
[341]
T1,0,1,94,2
T2,1,1,153,43
T3,2,0,30,2
[342]
T1,0,0,169,21
T2,1,0,114,7
T3,2,0,40,4
[343]
T1,0,0,57,2
T2,1,0,178,25
T3,2,1,20,2
[344]
T1,0,1,99,11
T2,1,1,157,17
T3,2,1,20,1
[345]
T1,0,1,89,1
T2,1,0,175,5
T3,2,0,26,6
[346]
T1,0,0,58,4
T2,1,0,38,1
T3,2,1,187,31
[347]
T1,0,0,191,9
T2,1,1,22,2
T3,2,1,78,17
[348]
T1,0,1,35,1
T2,1,1,60,10
T3,2,1,154,13
[349]
T1,0,1,140,17
T2,1,0,185,27
T3,2,1,37,2
[350]
T1,0,1,178,28
T2,1,0,23,2
T3,2,1,86,9
[351]
T1,0,1,190,32
T2,1,0,38,2
T3,2,0,55,6
[352]
T1,0,0,37,2
T2,1,0,171,4
T3,2,0,108,21
[353]
T1,0,0,172,2
T2,1,0,29,6
T3,2,1,68,5
[354]
T1,0,1,118,5
T2,1,0,199,50
T3,2,0,33,2
[355]
T1,0,0,69,14
T2,1,1,152,4
T3,2,0,46,3
[356]
T1,0,0,159,24
T2,1,1,21,2
T3,2,1,135,5
[357]
T1,0,0,185,29
T2,1,0,129,13
T3,2,0,26,2
[358]
T1,0,1,38,2
T2,1,1,159,1
T3,2,0,73,16
[359]
T1,0,1,87,3
T2,1,1,50,10
T3,2,0,186,10
[360]
T1,0,0,140,7
T2,1,0,154,29
T3,2,0,50,2
[361]
T1,0,1,174,40
T2,1,0,44,2
T3,2,0,106,5
[362]
T1,0,0,82,2
T2,1,1,179,4
T3,2,0,38,10
[363]
T1,0,0,93,18
T2,1,0,39,2
T3,2,1,170,4
[364]
T1,0,1,45,10
T2,1,0,72,5
T3,2,1,163,2
[365]
T1,0,0,47,7
T2,1,0,190,2
T3,2,1,97,13
[366]
T1,0,0,66,1
T2,1,0,27,4
T3,2,0,166,15
[367]
T1,0,0,21,3
T2,1,1,155,1
T3,2,0,120,17
[368]
T1,0,1,61,4
T2,1,1,160,2
T3,2,1,51,10
[369]
T1,0,1,167,18
T2,1,0,50,2
T3,2,1,79,10
[370]
T1,0,1,135,11
T2,1,0,52,5
T3,2,0,172,17
[371]
T1,0,1,102,26
T2,1,1,157,4
T3,2,0,49,2
[372]
T1,0,1,33,2
T2,1,1,181,21
T3,2,1,71,8
[373]
T1,0,0,136,13
T2,1,0,40,7
T3,2,1,183,1
[374]
T1,0,1,177,14
T2,1,1,43,1
T3,2,0,70,13
[375]
T1,0,1,90,13
T2,1,1,48,6
T3,2,1,195,1
[376]
T1,0,0,126,32
T2,1,1,165,4
T3,2,0,39,2
[377]
T1,0,1,113,7
T2,1,1,49,9
T3,2,1,187,8
[378]
T1,0,0,45,1
T2,1,1,103,20
T3,2,0,192,13
[379]
T1,0,0,107,17
T2,1,1,185,18
T3,2,1,50,1
[380]
T1,0,1,153,2
T2,1,1,66,3
T3,2,1,26,6
[381]
T1,0,1,123,2
T2,1,0,151,34
T3,2,1,40,1
[382]
T1,0,0,195,2
T2,1,0,108,5
T3,2,0,46,10
[383]
T1,0,0,50,2
T2,1,0,85,14
T3,2,1,194,15
[384]
T1,0,0,177,42
T2,1,1,138,3
T3,2,0,25,2
[385]
T1,0,1,41,6
T2,1,0,169,16
T3,2,1,114,4
[386]
T1,0,0,181,20
T2,1,0,36,1
T3,2,1,108,14
[387]
T1,0,1,40,3
T2,1,0,88,7
T3,2,0,170,19
[388]
T1,0,1,150,7
T2,1,0,101,24
T3,2,1,37,2
[389]
T1,0,0,89,17
T2,1,1,188,1
T3,2,1,40,3
[390]
T1,0,0,42,1
T2,1,0,150,10
T3,2,0,119,22
[391]
T1,0,0,69,8
T2,1,0,199,31
T3,2,1,38,2
[392]
T1,0,1,174,7
T2,1,1,28,3
T3,2,1,100,13
[393]
T1,0,0,48,5
T2,1,1,143,10
T3,2,1,156,15
[394]
T1,0,1,51,4
T2,1,1,158,27
T3,2,0,98,3
[395]
T1,0,1,47,4
T2,1,1,88,8
T3,2,0,186,17
[396]
T1,0,1,24,2
T2,1,0,166,21
T3,2,1,141,20
[397]
T1,0,0,178,22
T2,1,0,124,13
T3,2,1,26,1
[398]
T1,0,0,153,6
T2,1,0,62,15
T3,2,1,44,2
[399]
T1,0,1,156,18
T2,1,0,52,7
T3,2,0,69,2
[400]
T1,0,1,165,43
T2,1,1,42,2
T3,2,0,125,2
[401]
T1,0,1,53,3
T2,1,0,135,22
T3,2,0,190,13
[402]
T1,0,0,131,6
T2,1,0,173,23
T3,2,0,22,2
[403]
T1,0,1,152,32
T2,1,1,114,2
T3,2,1,20,1
[404]
T1,0,0,53,2
T2,1,1,171,1
T3,2,1,70,20
[405]
T1,0,1,46,1
T2,1,1,165,22
T3,2,0,102,12
[406]
T1,0,1,188,17
T2,1,1,92,7
T3,2,0,40,4
[407]
T1,0,1,23,2
T2,1,1,76,11
T3,2,0,168,7
[408]
T1,0,0,57,2
T2,1,1,39,2
T3,2,1,187,38
[409]
T1,0,1,30,5
T2,1,0,159,12
T3,2,1,88,3
[410]
T1,0,0,195,10
T2,1,1,91,8
T3,2,1,29,4
[411]
T1,0,0,39,2
T2,1,0,145,28
T3,2,1,198,16
[412]
T1,0,1,70,2
T2,1,1,164,2
T3,2,1,31,8
[413]
T1,0,0,143,30
T2,1,1,196,5
T3,2,1,35,2
[414]
T1,0,0,162,20
T2,1,0,31,2
T3,2,0,103,10
[415]
T1,0,1,181,42
T2,1,0,145,5
T3,2,1,43,1
[416]
T1,0,0,32,1
T2,1,1,148,22
T3,2,1,131,11
[417]
T1,0,1,161,15
T2,1,1,59,11
T3,2,0,51,2
[418]
T1,0,1,64,7
T2,1,1,25,2
T3,2,1,173,12
[419]
T1,0,0,40,7
T2,1,1,195,17
T3,2,1,125,2
[420]
T1,0,1,47,3
T2,1,1,54,8
T3,2,1,170,11
[421]
T1,0,0,56,4
T2,1,1,27,4
T3,2,0,159,9
[422]
T1,0,0,94,5
T2,1,0,24,3
T3,2,0,166,19
[423]
T1,0,1,198,20
T2,1,0,27,1
T3,2,0,112,17
[424]
T1,0,0,190,16
T2,1,1,46,8
T3,2,0,130,3
[425]
T1,0,1,192,27
T2,1,1,39,2
T3,2,1,74,10
[426]
T1,0,1,59,11
T2,1,0,185,9
T3,2,1,39,2
[427]
T1,0,1,171,15
T2,1,0,20,2
T3,2,1,60,4
[428]
T1,0,0,190,17
T2,1,0,139,8
T3,2,1,26,3
[429]
T1,0,1,156,2
T2,1,0,45,1
T3,2,0,85,23
[430]
T1,0,0,38,3
T2,1,1,163,15
T3,2,1,79,7
[431]
T1,0,1,53,9
T2,1,0,170,2
T3,2,0,61,6
[432]
T1,0,0,44,6
T2,1,1,130,5
T3,2,0,172,19
[433]
T1,0,1,197,31
T2,1,0,50,5
T3,2,1,128,3
[434]
T1,0,1,181,2
T2,1,0,45,6
T3,2,1,96,13
[435]
T1,0,1,111,16
T2,1,0,35,1
T3,2,0,157,17
[436]
T1,0,1,40,3
T2,1,1,83,5
T3,2,1,149,20
[437]
T1,0,0,185,3
T2,1,0,37,4
T3,2,0,66,10
[438]
T1,0,1,90,12
T2,1,0,32,3
T3,2,0,195,9
[439]
T1,0,1,136,4
T2,1,1,154,18
T3,2,1,20,2
[440]
T1,0,1,189,34
T2,1,1,36,3
T3,2,1,129,2
[441]
T1,0,0,29,1
T2,1,1,88,18
T3,2,1,176,7
[442]
T1,0,1,191,1
T2,1,0,22,2
T3,2,1,119,30
[443]
T1,0,1,127,6
T2,1,1,184,25
T3,2,1,33,3
[444]
T1,0,0,122,2
T2,1,1,154,8
T3,2,0,34,7
[445]
T1,0,0,87,17
T2,1,1,194,11
T3,2,1,49,1
[446]
T1,0,1,44,2
T2,1,0,75,8
T3,2,0,175,29
[447]
T1,0,1,27,4
T2,1,0,157,1
T3,2,0,77,9
[448]
T1,0,1,41,4
T2,1,1,156,22
T3,2,1,139,6
[449]
T1,0,0,71,2
T2,1,0,179,1
T3,2,1,50,12
[450]
T1,0,1,168,2
T2,1,1,31,4
T3,2,0,86,12
[451]
T1,0,0,111,10
T2,1,1,22,3
T3,2,0,181,6
[452]
T1,0,0,33,2
T2,1,1,187,43
T3,2,1,138,7
[453]
T1,0,0,183,6
T2,1,1,106,3
T3,2,0,47,10
[454]
T1,0,0,149,2
T2,1,0,52,1
T3,2,1,93,24
[455]
T1,0,0,26,3
T2,1,1,187,23
T3,2,1,57,1
[456]
T1,0,1,169,7
T2,1,0,94,14
T3,2,1,52,5
[457]
T1,0,1,158,19
T2,1,0,68,1
T3,2,0,43,6
[458]
T1,0,0,63,2
T2,1,1,199,28
T3,2,1,37,4
[459]
T1,0,0,184,20
T2,1,1,36,4
T3,2,0,129,7
[460]
T1,0,0,34,3
T2,1,1,151,6
T3,2,1,118,19
[461]
T1,0,1,146,34
T2,1,0,156,4
T3,2,0,26,2
[462]
T1,0,0,123,11
T2,1,0,190,30
T3,2,1,44,1
[463]
T1,0,1,149,22
T2,1,1,126,11
T3,2,1,31,1
[464]
T1,0,0,38,2
T2,1,1,199,12
T3,2,0,129,23
[465]
T1,0,0,131,28
T2,1,1,32,2
T3,2,1,169,11
[466]
T1,0,0,188,34
T2,1,0,129,1
T3,2,1,51,5
[467]
T1,0,1,177,20
T2,1,1,118,6
T3,2,0,35,4
[468]
T1,0,0,184,38
T2,1,0,65,3
T3,2,1,45,1
[469]
T1,0,1,41,2
T2,1,0,103,15
T3,2,1,170,15
[470]
T1,0,1,53,2
T2,1,1,68,8
T3,2,0,190,23
[471]
T1,0,1,160,3
T2,1,0,112,30
T3,2,1,49,2
[472]
T1,0,0,48,2
T2,1,0,190,34
T3,2,0,113,6
[473]
T1,0,1,94,4
T2,1,0,36,2
T3,2,1,164,38
[474]
T1,0,0,100,1
T2,1,1,170,43
T3,2,0,24,2
[475]
T1,0,1,39,8
T2,1,1,80,1
T3,2,1,199,15
[476]
T1,0,0,195,38
T2,1,0,87,4
T3,2,0,51,2
[477]
T1,0,0,178,25
T2,1,0,38,1
T3,2,0,121,12
[478]
T1,0,1,51,2
T2,1,0,174,21
T3,2,1,122,15
[479]
T1,0,0,180,11
T2,1,1,94,11
T3,2,0,44,5
[480]
T1,0,0,167,6
T2,1,1,118,24
T3,2,1,34,1
[481]
T1,0,0,131,10
T2,1,0,30,2
T3,2,0,151,20
[482]
T1,0,1,20,2
T2,1,0,159,30
T3,2,1,85,4
[483]
T1,0,0,76,9
T2,1,0,185,16
T3,2,1,26,2
[484]
T1,0,0,45,11
T2,1,1,168,3
T3,2,0,125,3
[485]
T1,0,1,22,2
T2,1,0,188,16
T3,2,1,125,25
[486]
T1,0,1,194,15
T2,1,0,121,23
T3,2,1,22,2
[487]
T1,0,1,118,19
T2,1,0,42,2
T3,2,1,172,20
[488]
T1,0,1,183,2
T2,1,1,135,35
T3,2,1,29,1
[489]
T1,0,1,105,3
T2,1,1,50,3
T3,2,0,190,36
[490]
T1,0,1,114,22
T2,1,0,194,2
T3,2,0,44,4
[491]
T1,0,0,35,3
T2,1,0,177,34
T3,2,1,137,2
[492]
T1,0,0,171,15
T2,1,1,29,2
T3,2,0,129,24
[493]
T1,0,0,103,18
T2,1,0,28,2
T3,2,1,158,3
[494]
T1,0,1,27,5
T2,1,1,173,5
T3,2,0,105,7
[495]
T1,0,1,103,11
T2,1,1,28,4
T3,2,1,152,6
[496]
T1,0,1,78,12
T2,1,1,161,5
T3,2,0,42,4
[497]
T1,0,1,126,11
T2,1,1,24,2
T3,2,1,188,21
[498]
T1,0,1,41,1
T2,1,1,140,32
T3,2,0,187,6
[499]
T1,0,1,71,10
T2,1,1,28,2
T3,2,1,166,7
[500]
T1,0,1,193,34
T2,1,0,51,1
T3,2,1,68,6
