num_task_per_taskset=3
num_taskset=500
//ID,Priority,Offset,Period,Execution Time
[1]
T1,0,1,151,4
T2,1,0,100,1
T3,2,0,46,11
[2]
T1,0,1,125,17
T2,1,0,167,8
T3,2,0,33,3
[3]
T1,0,0,191,16
T2,1,0,124,5
T3,2,1,47,7
[4]
T1,0,0,61,2
T2,1,1,21,2
T3,2,1,156,36
[5]
T1,0,0,87,3
T2,1,1,156,23
T3,2,0,42,4
[6]
T1,0,1,179,10
T2,1,0,130,29
T3,2,0,35,2
[7]
T1,0,1,198,27
T2,1,0,126,5
T3,2,0,32,3
[8]
T1,0,1,30,1
T2,1,1,110,21
T3,2,1,199,7
[9]
T1,0,1,135,9
T2,1,1,26,4
T3,2,1,179,11
[10]
T1,0,0,153,4
T2,1,1,52,7
T3,2,0,61,7
[11]
T1,0,1,132,1
T2,1,1,152,4
T3,2,0,33,8
[12]
T1,0,0,27,2
T2,1,0,149,8
T3,2,0,120,29
[13]
T1,0,1,127,22
T2,1,1,160,18
T3,2,0,49,2
[14]
T1,0,1,64,3
T2,1,1,26,1
T3,2,1,191,39
[15]
T1,0,1,161,24
T2,1,1,141,20
T3,2,0,27,2
[16]
T1,0,1,64,9
T2,1,1,32,2
T3,2,1,183,12
[17]
T1,0,0,47,4
T2,1,1,153,6
T3,2,1,96,15
[18]
T1,0,1,192,46
T2,1,1,90,2
T3,2,1,38,1
[19]
T1,0,0,50,1
T2,1,0,135,26
T3,2,0,159,13
[20]
T1,0,1,197,19
T2,1,0,28,1
T3,2,0,118,18
[21]
T1,0,0,73,1
T2,1,1,52,9
T3,2,0,163,17
[22]
T1,0,0,124,16
T2,1,0,24,1
T3,2,0,163,14
[23]
T1,0,0,157,13
T2,1,1,23,2
T3,2,1,111,13
[24]
T1,0,1,164,29
T2,1,0,129,10
T3,2,0,29,1
[25]
T1,0,0,122,8
T2,1,1,44,3
T3,2,0,193,27
[26]
T1,0,0,121,12
T2,1,0,159,2
T3,2,1,20,3
[27]
T1,0,0,185,10
T2,1,0,54,3
T3,2,1,114,20
[28]
T1,0,1,122,16
T2,1,0,37,3
T3,2,0,180,11
[29]
T1,0,1,95,7
T2,1,1,182,2
T3,2,1,51,11
[30]
T1,0,0,135,26
T2,1,0,170,15
T3,2,1,47,2
[31]
T1,0,1,22,2
T2,1,0,183,36
T3,2,0,91,8
[32]
T1,0,0,40,5
T2,1,1,193,2
T3,2,0,144,24
[33]
T1,0,0,160,8
T2,1,0,132,2
T3,2,0,45,10
[34]
T1,0,1,170,20
T2,1,0,77,1
T3,2,0,40,6
[35]
T1,0,1,107,4
T2,1,1,23,5
T3,2,0,149,4
[36]
T1,0,0,158,2
T2,1,1,116,12
T3,2,1,41,7
[37]
T1,0,0,184,26
T2,1,1,37,2
T3,2,1,142,21
[38]
T1,0,1,54,12
T2,1,0,121,2
T3,2,1,158,6
[39]
T1,0,0,105,16
T2,1,0,53,1
T3,2,0,186,22
[40]
T1,0,0,147,31
T2,1,0,187,12
T3,2,1,21,2
[41]
T1,0,0,108,13
T2,1,1,177,1
T3,2,1,40,6
[42]
T1,0,1,46,1
T2,1,1,85,17
T3,2,0,157,9
[43]
T1,0,1,182,8
T2,1,0,123,6
T3,2,1,36,7
[44]
T1,0,0,37,9
T2,1,1,171,2
T3,2,0,102,3
[45]
T1,0,1,133,2
T2,1,0,30,8
T3,2,0,187,2
[46]
T1,0,0,151,14
T2,1,0,121,17
T3,2,0,49,2
[47]
T1,0,0,33,1
T2,1,0,167,20
T3,2,0,146,17
[48]
T1,0,1,102,7
T2,1,1,44,9
T3,2,0,199,2
[49]
T1,0,1,44,4
T2,1,1,162,19
T3,2,1,91,7
[50]
T1,0,0,97,4
T2,1,1,28,3
T3,2,0,185,22
[51]
T1,0,1,154,25
T2,1,0,23,2
T3,2,0,138,2
[52]
T1,0,1,179,39
T2,1,0,95,4
T3,2,0,31,2
[53]
T1,0,0,140,35
T2,1,0,162,6
T3,2,0,39,2
[54]
T1,0,0,97,6
T2,1,0,150,29
T3,2,1,47,1
[55]
T1,0,1,181,1
T2,1,0,79,5
T3,2,1,44,9
[56]
T1,0,0,77,3
T2,1,0,51,12
T3,2,1,151,2
[57]
T1,0,1,28,1
T2,1,0,189,30
T3,2,0,92,8
[58]
T1,0,0,83,10
T2,1,0,191,10
T3,2,0,23,2
[59]
T1,0,1,46,5
T2,1,0,149,16
T3,2,0,93,5
[60]
T1,0,1,171,19
T2,1,0,125,3
T3,2,1,41,6
[61]
T1,0,0,35,4
T2,1,0,184,19
T3,2,1,110,5
[62]
T1,0,0,117,2
T2,1,1,35,1
T3,2,1,183,45
[63]
T1,0,0,111,18
T2,1,0,25,2
T3,2,0,180,7
[64]
T1,0,0,62,10
T2,1,1,151,16
T3,2,0,28,2
[65]
T1,0,1,28,8
T2,1,0,177,2
T3,2,0,87,1
[66]
T1,0,0,117,10
T2,1,0,191,2
T3,2,0,40,7
[67]
T1,0,1,89,2
T2,1,1,20,4
T3,2,1,196,9
[68]
T1,0,0,163,3
T2,1,0,143,39
T3,2,0,22,2
[69]
T1,0,0,146,22
T2,1,0,48,6
T3,2,1,174,2
[70]
T1,0,0,46,2
T2,1,0,151,2
T3,2,1,77,22
[71]
T1,0,1,169,18
T2,1,0,139,14
T3,2,1,42,3
[72]
T1,0,0,176,27
T2,1,1,42,3
T3,2,0,64,3
[73]
T1,0,1,116,22
T2,1,0,152,5
T3,2,1,36,2
[74]
T1,0,0,103,17
T2,1,0,32,4
T3,2,1,177,2
[75]
T1,0,0,97,1
T2,1,0,172,27
T3,2,0,28,3
[76]
T1,0,1,46,1
T2,1,0,149,19
T3,2,1,116,17
[77]
T1,0,0,158,15
T2,1,1,130,4
T3,2,1,32,5
[78]
T1,0,0,189,16
T2,1,1,75,12
T3,2,0,20,2
[79]
T1,0,0,119,18
T2,1,0,51,6
T3,2,1,156,1
[80]
T1,0,0,30,1
T2,1,1,182,7
T3,2,1,101,22
[81]
T1,0,0,93,7
T2,1,1,195,41
T3,2,0,37,2
[82]
T1,0,1,147,21
T2,1,1,29,2
T3,2,1,168,9
[83]
T1,0,1,163,2
T2,1,0,59,2
T3,2,1,38,10
[84]
T1,0,1,199,9
T2,1,0,21,1
T3,2,0,116,19
[85]
T1,0,1,99,6
T2,1,0,165,25
T3,2,0,37,2
[86]
T1,0,1,148,18
T2,1,0,42,5
T3,2,1,130,5
[87]
T1,0,1,37,5
T2,1,0,151,18
T3,2,0,68,1
[88]
T1,0,1,115,16
T2,1,1,148,14
T3,2,0,41,2
[89]
T1,0,0,42,8
T2,1,1,86,5
T3,2,1,177,3
[90]
T1,0,1,35,1
T2,1,1,158,29
T3,2,0,88,7
[91]
T1,0,0,47,3
T2,1,0,69,10
T3,2,0,153,12
[92]
T1,0,1,153,23
T2,1,0,139,14
T3,2,0,35,1
[93]
T1,0,1,60,12
T2,1,0,37,3
T3,2,0,172,3
[94]
T1,0,1,166,3
T2,1,0,38,3
T3,2,1,90,16
[95]
T1,0,0,44,4
T2,1,1,163,4
T3,2,0,67,10
[96]
T1,0,1,190,4
T2,1,1,33,7
T3,2,0,62,2
[97]
T1,0,1,132,11
T2,1,0,21,3
T3,2,1,181,5
[98]
T1,0,1,172,1
T2,1,1,32,2
T3,2,1,61,16
[99]
T1,0,0,46,2
T2,1,0,97,7
T3,2,1,180,33
[100]
T1,0,0,100,2
T2,1,0,50,12
T3,2,1,190,7
[101]
T1,0,0,31,5
T2,1,0,80,2
T3,2,1,159,15
[102]
T1,0,0,45,4
T2,1,0,95,12
T3,2,0,152,11
[103]
T1,0,0,68,2
T2,1,0,153,28
T3,2,0,41,4
[104]
T1,0,1,41,3
T2,1,1,97,2
T3,2,1,187,41
[105]
T1,0,0,39,2
T2,1,0,140,2
T3,2,0,188,50
[106]
T1,0,0,120,16
T2,1,1,155,24
T3,2,1,45,2
[107]
T1,0,1,81,8
T2,1,1,50,5
T3,2,1,179,16
[108]
T1,0,1,38,6
T2,1,0,153,9
T3,2,0,119,8
[109]
T1,0,1,47,4
T2,1,1,99,12
T3,2,0,158,13
[110]
T1,0,1,40,3
T2,1,0,116,21
T3,2,0,193,6
[111]
T1,0,1,88,19
T2,1,0,187,2
T3,2,0,22,1
[112]
T1,0,1,40,1
T2,1,1,151,34
T3,2,0,114,2
[113]
T1,0,1,82,16
T2,1,0,52,3
T3,2,0,179,4
[114]
T1,0,0,38,3
T2,1,0,57,9
T3,2,1,184,3
[115]
T1,0,0,190,36
T2,1,0,114,2
T3,2,0,33,2
[116]
T1,0,0,139,20
T2,1,1,47,3
T3,2,1,171,13
[117]
T1,0,0,120,11
T2,1,1,37,2
T3,2,1,153,19
[118]
T1,0,1,149,11
T2,1,0,135,15
T3,2,1,45,5
[119]
T1,0,1,108,23
T2,1,0,176,7
T3,2,0,45,1
[120]
T1,0,0,176,41
T2,1,1,52,2
T3,2,1,110,6
[121]
T1,0,1,87,9
T2,1,0,189,2
T3,2,1,40,7
[122]
T1,0,0,22,1
T2,1,1,142,2
T3,2,1,158,37
[123]
T1,0,1,68,7
T2,1,1,152,10
T3,2,0,32,4
[124]
T1,0,1,120,4
T2,1,1,196,10
T3,2,1,36,7
[125]
T1,0,0,46,7
T2,1,1,114,2
T3,2,1,179,17
[126]
T1,0,0,59,4
T2,1,0,23,3
T3,2,1,164,10
[127]
T1,0,1,79,5
T2,1,1,190,4
T3,2,1,20,4
[128]
T1,0,1,172,45
T2,1,1,36,2
T3,2,1,100,1
[129]
T1,0,0,152,22
T2,1,1,61,2
T3,2,0,47,6
[130]
T1,0,1,101,16
T2,1,0,157,16
T3,2,1,50,1
[131]
T1,0,0,40,5
T2,1,0,66,10
T3,2,1,161,1
[132]
T1,0,0,37,2
T2,1,0,152,31
T3,2,0,132,11
[133]
T1,0,0,45,6
T2,1,0,112,8
T3,2,0,170,12
[134]
T1,0,0,88,10
T2,1,0,50,2
T3,2,1,152,18
[135]
T1,0,0,195,18
T2,1,0,24,2
T3,2,0,108,22
[136]
T1,0,1,184,17
T2,1,1,33,3
T3,2,1,112,12
[137]
T1,0,1,66,2
T2,1,0,40,7
T3,2,0,159,14
[138]
T1,0,0,141,8
T2,1,1,48,4
T3,2,0,187,26
[139]
T1,0,1,103,6
T2,1,0,158,17
T3,2,1,42,5
[140]
T1,0,1,149,37
T2,1,1,68,2
T3,2,0,27,2
[141]
T1,0,0,115,17
T2,1,1,166,23
T3,2,1,31,2
[142]
T1,0,1,157,1
T2,1,1,62,1
T3,2,1,40,10
[143]
T1,0,1,22,2
T2,1,0,80,5
T3,2,0,160,15
[144]
T1,0,0,97,15
T2,1,1,178,4
T3,2,1,23,2
[145]
T1,0,0,45,4
T2,1,1,133,7
T3,2,1,197,28
[146]
T1,0,0,175,44
T2,1,0,111,2
T3,2,0,21,2
[147]
T1,0,1,53,6
T2,1,1,143,13
T3,2,0,191,15
[148]
T1,0,0,168,4
T2,1,1,121,2
T3,2,0,25,6
[149]
T1,0,1,89,3
T2,1,1,29,2
T3,2,1,156,37
[150]
T1,0,1,116,24
T2,1,0,53,2
T3,2,0,199,8
[151]
T1,0,0,159,4
T2,1,1,40,6
T3,2,1,131,15
[152]
T1,0,1,111,29
T2,1,1,30,1
T3,2,0,148,2
[153]
T1,0,0,74,14
T2,1,0,153,7
T3,2,1,50,2
[154]
T1,0,0,51,10
T2,1,0,61,1
T3,2,0,182,12
[155]
T1,0,1,42,2
T2,1,0,151,20
T3,2,0,119,13
[156]
T1,0,1,121,3
T2,1,1,164,4
T3,2,1,26,6
[157]
T1,0,0,54,4
T2,1,1,64,6
T3,2,1,184,20
[158]
T1,0,1,22,3
T2,1,0,170,26
T3,2,0,123,2
[159]
T1,0,0,163,2
T2,1,0,82,1
T3,2,0,29,8
[160]
T1,0,0,169,27
T2,1,0,20,1
T3,2,1,134,10
[161]
T1,0,0,135,32
T2,1,0,175,2
T3,2,1,31,1
[162]
T1,0,0,54,2
T2,1,0,191,17
T3,2,1,24,4
[163]
T1,0,0,116,13
T2,1,0,44,5
T3,2,0,195,11
[164]
T1,0,1,101,2
T2,1,1,174,45
T3,2,1,35,1
[165]
T1,0,0,130,5
T2,1,1,47,1
T3,2,0,188,44
[166]
T1,0,1,58,1
T2,1,1,27,4
T3,2,1,197,19
[167]
T1,0,0,198,28
T2,1,1,34,2
T3,2,1,98,9
[168]
T1,0,0,187,29
T2,1,0,66,6
T3,2,1,36,1
[169]
T1,0,0,30,1
T2,1,0,150,35
T3,2,0,63,2
[170]
T1,0,1,77,17
T2,1,0,43,2
T3,2,0,161,10
[171]
T1,0,0,96,6
T2,1,1,166,11
T3,2,1,47,7
[172]
T1,0,1,31,5
T2,1,0,158,5
T3,2,1,110,10
[173]
T1,0,1,65,2
T2,1,0,162,19
T3,2,0,43,7
[174]
T1,0,1,103,9
T2,1,0,176,23
T3,2,0,20,1
[175]
T1,0,1,186,13
T2,1,0,124,24
T3,2,1,24,2
[176]
T1,0,0,29,2
T2,1,0,176,38
T3,2,1,102,5
[177]
T1,0,1,134,18
T2,1,1,179,27
T3,2,0,42,2
[178]
T1,0,1,128,21
T2,1,1,185,9
T3,2,0,47,3
[179]
T1,0,1,35,2
T2,1,0,81,21
T3,2,0,169,4
[180]
T1,0,0,154,23
T2,1,0,39,2
T3,2,1,114,15
[181]
T1,0,1,156,29
T2,1,1,38,2
T3,2,1,81,8
[182]
T1,0,0,185,44
T2,1,0,78,3
T3,2,0,33,2
[183]
T1,0,0,72,18
T2,1,1,156,2
T3,2,0,31,2
[184]
T1,0,0,187,8
T2,1,1,28,2
T3,2,1,77,12
[185]
T1,0,0,26,5
T2,1,1,153,4
T3,2,1,123,6
[186]
T1,0,0,54,2
T2,1,1,171,13
T3,2,1,130,28
[187]
T1,0,1,156,11
T2,1,0,52,1
T3,2,0,62,11
[188]
T1,0,1,179,2
T2,1,0,99,11
T3,2,1,23,4
[189]
T1,0,0,51,6
T2,1,0,166,5
T3,2,1,79,10
[190]
T1,0,0,175,31
T2,1,1,97,4
T3,2,1,35,2
[191]
T1,0,1,191,8
T2,1,1,44,4
T3,2,0,103,15
[192]
T1,0,1,36,6
T2,1,0,123,6
T3,2,0,199,14
[193]
T1,0,0,57,11
T2,1,1,175,3
T3,2,1,31,2
[194]
T1,0,1,162,18
T2,1,0,23,1
T3,2,0,112,13
[195]
T1,0,1,185,12
T2,1,0,89,7
T3,2,0,32,4
[196]
T1,0,0,169,1
T2,1,1,26,2
T3,2,0,61,11
[197]
T1,0,0,115,9
T2,1,0,27,2
T3,2,0,191,35
[198]
T1,0,1,44,3
T2,1,0,175,26
T3,2,1,105,8
[199]
T1,0,1,67,14
T2,1,1,166,2
T3,2,1,43,3
[200]
T1,0,1,32,5
T2,1,0,104,8
T3,2,1,163,5
[201]
T1,0,1,193,15
T2,1,0,33,4
T3,2,1,113,8
[202]
T1,0,1,176,26
T2,1,0,118,8
T3,2,0,28,2
[203]
T1,0,0,89,13
T2,1,0,38,1
T3,2,1,156,16
[204]
T1,0,0,33,5
T2,1,0,196,7
T3,2,1,106,8
[205]
T1,0,0,117,14
T2,1,0,178,6
T3,2,1,41,5
[206]
T1,0,1,49,2
T2,1,0,59,9
T3,2,0,192,15
[207]
T1,0,0,59,2
T2,1,1,37,7
T3,2,0,166,9
[208]
T1,0,1,87,22
T2,1,1,164,4
T3,2,0,41,2
[209]
T1,0,1,34,2
T2,1,0,154,17
T3,2,1,65,10
[210]
T1,0,1,45,8
T2,1,1,154,6
T3,2,1,112,8
[211]
T1,0,0,22,2
T2,1,0,184,12
T3,2,1,143,13
[212]
T1,0,1,37,5
T2,1,1,76,4
T3,2,0,149,11
[213]
T1,0,0,184,16
T2,1,0,21,1
T3,2,0,77,9
[214]
T1,0,0,153,25
T2,1,0,52,2
T3,2,1,117,10
[215]
T1,0,1,175,14
T2,1,1,27,3
T3,2,0,145,11
[216]
T1,0,1,59,4
T2,1,1,157,5
T3,2,1,27,4
[217]
T1,0,1,29,1
T2,1,0,121,25
T3,2,0,168,4
[218]
T1,0,0,74,1
T2,1,0,170,29
T3,2,1,29,2
[219]
T1,0,1,173,22
T2,1,1,34,3
T3,2,0,112,8
[220]
T1,0,1,155,28
T2,1,1,104,10
T3,2,1,42,2
[221]
T1,0,0,29,1
T2,1,1,140,10
T3,2,0,158,27
[222]
T1,0,1,173,16
T2,1,1,28,2
T3,2,0,81,14
[223]
T1,0,0,40,9
T2,1,1,176,4
T3,2,0,77,2
[224]
T1,0,1,117,19
T2,1,0,177,20
T3,2,1,31,2
[225]
T1,0,0,186,25
T2,1,1,86,4
T3,2,0,38,4
[226]
T1,0,1,92,12
T2,1,0,167,7
T3,2,0,47,5
[227]
T1,0,1,187,8
T2,1,1,46,1
T3,2,0,106,23
[228]
T1,0,0,156,10
T2,1,1,61,6
T3,2,1,27,3
[229]
T1,0,0,46,5
T2,1,0,141,5
T3,2,1,159,21
[230]
T1,0,1,31,4
T2,1,0,139,5
T3,2,1,183,19
[231]
T1,0,1,27,1
T2,1,1,136,3
T3,2,1,157,32
[232]
T1,0,1,183,10
T2,1,1,38,8
T3,2,1,89,2
[233]
T1,0,1,42,2
T2,1,0,101,7
T3,2,0,162,33
[234]
T1,0,1,171,47
T2,1,0,37,2
T3,2,1,82,1
[235]
T1,0,1,188,14
T2,1,1,22,2
T3,2,1,109,23
[236]
T1,0,1,180,30
T2,1,1,110,4
T3,2,1,48,4
[237]
T1,0,0,65,4
T2,1,1,193,17
T3,2,1,48,6
[238]
T1,0,0,119,3
T2,1,0,196,1
T3,2,0,22,5
[239]
T1,0,1,158,4
T2,1,0,35,6
T3,2,1,102,9
[240]
T1,0,0,102,2
T2,1,1,161,23
T3,2,1,41,5
[241]
T1,0,1,156,1
T2,1,1,94,16
T3,2,1,46,5
[242]
T1,0,1,180,34
T2,1,1,50,1
T3,2,0,66,5
[243]
T1,0,0,23,2
T2,1,0,75,11
T3,2,1,189,3
[244]
T1,0,1,36,3
T2,1,0,172,27
T3,2,0,57,3
[245]
T1,0,0,39,7
T2,1,0,166,9
T3,2,1,58,3
[246]
T1,0,1,41,2
T2,1,0,148,16
T3,2,0,146,17
[247]
T1,0,0,167,25
T2,1,1,99,9
T3,2,0,35,1
[248]
T1,0,1,44,5
T2,1,0,107,7
T3,2,1,179,17
[249]
T1,0,0,143,19
T2,1,1,49,3
T3,2,1,178,15
[250]
T1,0,0,171,5
T2,1,1,46,6
T3,2,1,84,10
[251]
T1,0,1,32,2
T2,1,1,109,23
T3,2,1,155,12
[252]
T1,0,1,95,7
T2,1,0,163,21
T3,2,0,32,2
[253]
T1,0,0,191,31
T2,1,1,46,3
T3,2,1,135,6
[254]
T1,0,1,79,2
T2,1,0,157,10
T3,2,1,33,7
[255]
T1,0,0,125,2
T2,1,0,24,1
T3,2,1,176,39
[256]
T1,0,0,172,9
T2,1,0,73,5
T3,2,0,23,3
[257]
T1,0,1,187,2
T2,1,0,43,1
T3,2,0,110,28
[258]
T1,0,0,93,6
T2,1,1,25,2
T3,2,0,199,26
[259]
T1,0,1,156,2
T2,1,0,27,3
T3,2,0,101,17
[260]
T1,0,0,59,9
T2,1,1,154,16
T3,2,1,54,1
[261]
T1,0,0,25,3
T2,1,0,95,1
T3,2,1,176,23
[262]
T1,0,1,70,16
T2,1,0,162,6
T3,2,0,22,2
[263]
T1,0,1,178,27
T2,1,1,145,8
T3,2,1,27,2
[264]
T1,0,1,73,9
T2,1,1,160,26
T3,2,0,36,2
[265]
T1,0,1,104,9
T2,1,0,46,2
T3,2,0,195,36
[266]
T1,0,0,35,6
T2,1,0,190,2
T3,2,0,67,6
[267]
T1,0,0,161,24
T2,1,1,91,4
T3,2,1,44,3
[268]
T1,0,1,25,2
T2,1,1,78,5
T3,2,1,179,37
[269]
T1,0,1,188,11
T2,1,1,78,16
T3,2,1,22,2
[270]
T1,0,1,101,9
T2,1,1,43,2
T3,2,0,183,26
[271]
T1,0,0,167,17
T2,1,0,92,14
T3,2,1,25,1
[272]
T1,0,0,46,2
T2,1,0,106,24
T3,2,0,186,9
[273]
T1,0,1,109,7
T2,1,0,164,34
T3,2,1,34,2
[274]
T1,0,0,90,20
T2,1,1,27,1
T3,2,1,151,5
[275]
T1,0,0,189,31
T2,1,0,45,2
T3,2,1,93,6
[276]
T1,0,1,109,9
T2,1,0,190,31
T3,2,1,52,2
[277]
T1,0,0,98,10
T2,1,1,46,3
T3,2,1,188,24
[278]
T1,0,1,75,3
T2,1,1,34,7
T3,2,0,161,5
[279]
T1,0,1,29,4
T2,1,1,54,3
T3,2,0,191,11
[280]
T1,0,0,87,1
T2,1,0,26,4
T3,2,0,168,21
[281]
T1,0,1,75,12
T2,1,1,44,1
T3,2,0,163,16
[282]
T1,0,1,34,2
T2,1,0,69,9
T3,2,0,168,25
[283]
T1,0,0,54,4
T2,1,1,160,13
T3,2,0,83,10
[284]
T1,0,0,123,12
T2,1,0,170,22
T3,2,1,43,3
[285]
T1,0,0,26,5
T2,1,1,138,3
T3,2,0,193,11
[286]
T1,0,0,94,10
T2,1,1,170,10
T3,2,0,51,6
[287]
T1,0,1,39,2
T2,1,1,88,5
T3,2,1,196,32
[288]
T1,0,1,136,33
T2,1,0,27,2
T3,2,0,153,5
[289]
T1,0,0,157,24
T2,1,1,111,14
T3,2,0,37,2
[290]
T1,0,0,117,3
T2,1,1,199,2
T3,2,0,26,6
[291]
T1,0,0,50,10
T2,1,1,150,4
T3,2,0,101,5
[292]
T1,0,1,21,3
T2,1,1,182,2
T3,2,1,107,15
[293]
T1,0,0,171,6
T2,1,0,24,5
T3,2,0,146,4
[294]
T1,0,1,91,4
T2,1,1,156,23
T3,2,1,52,5
[295]
T1,0,0,51,2
T2,1,0,123,1
T3,2,1,182,50
[296]
T1,0,0,42,2
T2,1,1,166,14
T3,2,1,108,17
[297]
T1,0,0,37,3
T2,1,0,102,13
T3,2,0,165,11
[298]
T1,0,1,21,1
T2,1,1,78,9
T3,2,1,176,17
[299]
T1,0,0,63,10
T2,1,0,41,2
T3,2,1,186,22
[300]
T1,0,1,50,7
T2,1,0,160,2
T3,2,0,61,7
[301]
T1,0,1,192,32
T2,1,0,136,2
T3,2,1,23,2
[302]
T1,0,0,104,9
T2,1,1,196,24
T3,2,0,41,3
[303]
T1,0,1,50,2
T2,1,1,148,14
T3,2,1,58,11
[304]
T1,0,1,38,9
T2,1,1,55,1
T3,2,1,153,5
[305]
T1,0,0,90,11
T2,1,0,23,3
T3,2,0,157,1
[306]
T1,0,1,164,21
T2,1,0,93,13
T3,2,0,44,1
[307]
T1,0,1,190,24
T2,1,0,130,14
T3,2,1,28,1
[308]
T1,0,0,34,4
T2,1,0,95,11
T3,2,0,168,5
[309]
T1,0,0,35,3
T2,1,0,176,17
T3,2,1,85,7
[310]
T1,0,1,186,2
T2,1,1,95,24
T3,2,1,31,2
[311]
T1,0,1,51,4
T2,1,0,132,27
T3,2,0,149,1
[312]
T1,0,1,195,12
T2,1,0,142,25
T3,2,0,26,1
[313]
T1,0,1,38,7
T2,1,1,87,6
T3,2,1,154,3
[314]
T1,0,1,153,21
T2,1,1,28,2
T3,2,1,130,9
[315]
T1,0,0,193,3
T2,1,1,37,1
T3,2,0,59,13
[316]
T1,0,1,24,2
T2,1,1,195,13
T3,2,0,145,33
[317]
T1,0,0,129,4
T2,1,0,196,45
T3,2,0,28,2
[318]
T1,0,1,132,7
T2,1,1,155,5
T3,2,1,46,9
[319]
T1,0,0,87,4
T2,1,1,24,2
T3,2,0,191,44
[320]
T1,0,0,27,2
T2,1,0,78,2
T3,2,0,190,53
[321]
T1,0,1,46,11
T2,1,0,69,2
T3,2,1,180,4
[322]
T1,0,0,158,4
T2,1,0,51,5
T3,2,0,77,12
[323]
T1,0,1,20,1
T2,1,0,174,41
T3,2,0,136,2
[324]
T1,0,0,47,5
T2,1,0,154,20
T3,2,1,68,2
[325]
T1,0,1,88,1
T2,1,1,34,4
T3,2,0,173,26
[326]
T1,0,1,50,2
T2,1,1,159,36
T3,2,1,111,2
[327]
T1,0,0,173,20
T2,1,0,97,16
T3,2,1,38,2
[328]
T1,0,1,167,28
T2,1,1,56,3
T3,2,1,39,2
[329]
T1,0,0,75,11
T2,1,0,40,1
T3,2,1,158,17
[330]
T1,0,1,119,12
T2,1,0,172,25
T3,2,0,31,1
[331]
T1,0,1,22,2
T2,1,1,145,5
T3,2,0,164,42
[332]
T1,0,1,35,2
T2,1,1,111,17
T3,2,0,194,25
[333]
T1,0,0,126,4
T2,1,0,41,3
T3,2,0,188,34
[334]
T1,0,1,131,1
T2,1,1,176,50
T3,2,0,51,2
[335]
T1,0,0,120,10
T2,1,0,49,6
T3,2,0,157,13
[336]
T1,0,0,186,13
T2,1,1,33,5
T3,2,1,95,7
[337]
T1,0,0,167,4
T2,1,1,40,2
T3,2,1,114,30
[338]
T1,0,1,32,1
T2,1,1,160,17
T3,2,0,81,12
[339]
T1,0,1,121,29
T2,1,0,48,2
T3,2,1,198,7
[340]
T1,0,1,68,9
T2,1,1,178,5
T3,2,1,32,4
[341]
T1,0,1,94,19
T2,1,0,162,10
T3,2,1,29,2
[342]
T1,0,1,164,8
T2,1,0,117,2
T3,2,1,31,7
[343]
T1,0,1,151,3
T2,1,0,80,1
T3,2,1,40,10
[344]
T1,0,1,137,2
T2,1,0,24,4
T3,2,1,175,18
[345]
T1,0,0,183,47
T2,1,0,65,2
T3,2,0,22,2
[346]
T1,0,1,171,36
T2,1,1,82,5
T3,2,0,26,2
[347]
T1,0,0,157,5
T2,1,1,27,5
T3,2,1,67,4
[348]
T1,0,1,26,2
T2,1,0,152,10
T3,2,0,119,18
[349]
T1,0,1,91,3
T2,1,1,42,9
T3,2,0,178,5
[350]
T1,0,0,53,6
T2,1,1,155,2
T3,2,1,103,19
[351]
T1,0,1,165,11
T2,1,1,56,5
T3,2,0,22,2
[352]
T1,0,1,39,3
T2,1,0,136,24
T3,2,1,197,8
[353]
T1,0,0,25,1
T2,1,0,185,2
T3,2,0,59,12
[354]
T1,0,0,175,21
T2,1,0,28,3
T3,2,1,70,4
[355]
T1,0,0,138,3
T2,1,1,49,5
T3,2,0,181,27
[356]
T1,0,0,47,6
T2,1,0,194,2
T3,2,1,88,13
[357]
T1,0,0,46,3
T2,1,0,89,11
T3,2,0,164,16
[358]
T1,0,0,161,20
T2,1,0,136,6
T3,2,0,51,6
[359]
T1,0,1,160,7
T2,1,1,32,4
T3,2,1,95,11
[360]
T1,0,0,183,8
T2,1,0,44,7
T3,2,0,63,4
[361]
T1,0,0,46,7
T2,1,1,153,9
T3,2,0,100,6
[362]
T1,0,0,170,34
T2,1,1,100,5
T3,2,1,27,1
[363]
T1,0,1,30,5
T2,1,0,153,3
T3,2,0,85,9
[364]
T1,0,1,31,2
T2,1,0,196,16
T3,2,0,92,11
[365]
T1,0,1,124,1
T2,1,0,153,10
T3,2,1,32,6
[366]
T1,0,0,169,38
T2,1,0,94,1
T3,2,1,37,2
[367]
T1,0,0,119,25
T2,1,0,30,1
T3,2,0,149,6
[368]
T1,0,1,90,5
T2,1,0,48,2
T3,2,1,198,36
[369]
T1,0,1,174,37
T2,1,0,39,3
T3,2,1,66,2
[370]
T1,0,0,183,21
T2,1,0,25,2
T3,2,1,57,3
[371]
T1,0,0,167,16
T2,1,0,46,2
T3,2,0,95,17
[372]
T1,0,0,77,4
T2,1,1,186,43
T3,2,1,29,2
[373]
T1,0,1,21,2
T2,1,0,105,6
T3,2,0,178,38
[374]
T1,0,1,190,1
T2,1,1,146,26
T3,2,0,33,3
[375]
T1,0,1,149,2
T2,1,0,40,8
T3,2,1,112,8
[376]
T1,0,1,39,5
T2,1,0,122,17
T3,2,1,179,1
[377]
T1,0,0,178,36
T2,1,1,21,2
T3,2,1,84,5
[378]
T1,0,1,30,2
T2,1,0,162,25
T3,2,1,117,13
[379]
T1,0,1,133,10
T2,1,1,29,2
T3,2,1,160,21
[380]
T1,0,1,31,2
T2,1,1,165,9
T3,2,1,96,14
[381]
T1,0,1,97,8
T2,1,1,173,26
T3,2,0,26,1
[382]
T1,0,1,37,3
T2,1,0,105,8
T3,2,0,164,18
[383]
T1,0,0,41,2
T2,1,1,116,26
T3,2,1,176,9
[384]
T1,0,1,193,34
T2,1,1,80,7
T3,2,0,45,1
[385]
T1,0,1,150,1
T2,1,1,62,4
T3,2,0,34,7
[386]
T1,0,0,100,12
T2,1,0,27,4
T3,2,1,189,1
[387]
T1,0,0,136,2
T2,1,0,42,6
T3,2,1,178,23
[388]
T1,0,1,36,7
T2,1,1,123,8
T3,2,0,162,3
[389]
T1,0,1,50,4
T2,1,0,129,12
T3,2,1,175,19
[390]
T1,0,0,77,11
T2,1,0,158,15
T3,2,0,20,1
[391]
T1,0,0,198,25
T2,1,1,40,1
T3,2,1,145,18
[392]
T1,0,1,87,6
T2,1,1,179,11
T3,2,0,38,6
[393]
T1,0,1,45,4
T2,1,1,62,8
T3,2,1,182,8
[394]
T1,0,0,120,16
T2,1,1,46,1
T3,2,1,165,22
[395]
T1,0,1,160,5
T2,1,1,98,5
T3,2,1,37,7
[396]
T1,0,1,184,3
T2,1,1,55,3
T3,2,1,22,4
[397]
T1,0,0,110,23
T2,1,0,172,2
T3,2,1,22,1
[398]
T1,0,0,89,13
T2,1,0,34,4
T3,2,0,165,4
[399]
T1,0,0,36,2
T2,1,1,84,3
T3,2,0,182,43
[400]
T1,0,1,157,2
T2,1,1,32,2
T3,2,0,90,25
[401]
T1,0,0,47,2
T2,1,0,157,19
T3,2,1,115,19
[402]
T1,0,0,174,14
T2,1,0,21,3
T3,2,0,119,7
[403]
T1,0,0,77,11
T2,1,0,154,6
T3,2,1,28,3
[404]
T1,0,0,41,1
T2,1,0,159,20
T3,2,1,81,11
[405]
T1,0,1,36,4
T2,1,0,152,3
T3,2,0,100,16
[406]
T1,0,1,37,6
T2,1,0,154,7
T3,2,1,92,8
[407]
T1,0,0,69,1
T2,1,1,150,7
T3,2,0,23,5
[408]
T1,0,1,52,4
T2,1,1,56,2
T3,2,1,172,31
[409]
T1,0,1,125,2
T2,1,0,26,1
T3,2,1,170,38
[410]
T1,0,1,171,1
T2,1,0,37,10
T3,2,1,146,2
[411]
T1,0,0,99,3
T2,1,1,158,7
T3,2,1,52,11
[412]
T1,0,1,20,2
T2,1,0,127,22
T3,2,0,199,15
[413]
T1,0,0,128,14
T2,1,0,38,5
T3,2,0,159,5
[414]
T1,0,1,142,8
T2,1,0,173,22
T3,2,1,30,3
[415]
T1,0,0,53,3
T2,1,0,179,11
T3,2,0,109,18
[416]
T1,0,0,28,5
T2,1,1,56,2
T3,2,1,197,7
[417]
T1,0,0,59,2
T2,1,0,159,35
T3,2,0,30,2
[418]
T1,0,0,79,8
T2,1,0,194,12
T3,2,1,47,6
[419]
T1,0,0,41,6
T2,1,0,64,5
T3,2,0,169,8
[420]
T1,0,1,132,2
T2,1,1,184,11
T3,2,0,32,7
[421]
T1,0,0,185,13
T2,1,0,38,3
T3,2,1,97,13
[422]
T1,0,0,124,4
T2,1,1,192,1
T3,2,0,25,6
[423]
T1,0,0,87,1
T2,1,0,189,28
T3,2,1,35,4
[424]
T1,0,0,39,2
T2,1,0,175,39
T3,2,1,84,5
[425]
T1,0,0,171,31
T2,1,0,130,8
T3,2,0,29,1
[426]
T1,0,0,90,1
T2,1,0,50,6
T3,2,1,148,22
[427]
T1,0,0,189,2
T2,1,1,118,32
T3,2,0,53,2
[428]
T1,0,0,23,1
T2,1,0,144,24
T3,2,1,177,10
[429]
T1,0,1,172,2
T2,1,0,37,1
T3,2,1,66,17
[430]
T1,0,1,42,6
T2,1,1,159,12
T3,2,0,123,7
[431]
T1,0,0,41,4
T2,1,0,135,9
T3,2,0,156,18
[432]
T1,0,0,184,39
T2,1,1,35,2
T3,2,0,54,1
[433]
T1,0,0,20,1
T2,1,1,55,6
T3,2,0,148,15
[434]
T1,0,0,21,1
T2,1,0,85,2
T3,2,0,177,37
[435]
T1,0,0,165,19
T2,1,0,37,1
T3,2,0,97,13
[436]
T1,0,1,167,2
T2,1,1,131,16
T3,2,1,51,8
[437]
T1,0,1,168,5
T2,1,0,59,2
T3,2,1,29,7
[438]
T1,0,1,43,3
T2,1,1,54,9
T3,2,1,153,6
[439]
T1,0,1,73,10
T2,1,1,33,3
T3,2,1,160,5
[440]
T1,0,0,44,7
T2,1,1,175,4
T3,2,0,83,8
[441]
T1,0,1,29,6
T2,1,1,191,12
T3,2,1,75,2
[442]
T1,0,0,191,5
T2,1,1,47,2
T3,2,1,80,20
[443]
T1,0,0,155,6
T2,1,1,86,20
T3,2,0,37,2
[444]
T1,0,1,77,17
T2,1,1,169,4
T3,2,0,46,2
[445]
T1,0,0,35,2
T2,1,1,73,1
T3,2,1,169,42
[446]
T1,0,1,126,5
T2,1,1,176,33
T3,2,0,34,2
[447]
T1,0,1,34,5
T2,1,1,178,9
T3,2,1,61,4
[448]
T1,0,0,175,10
T2,1,0,38,5
T3,2,0,115,12
[449]
T1,0,0,38,3
T2,1,1,124,21
T3,2,1,193,5
[450]
T1,0,0,104,16
T2,1,1,53,6
T3,2,0,181,4
[451]
T1,0,0,162,1
T2,1,0,136,11
T3,2,1,20,4
[452]
T1,0,0,72,2
T2,1,1,52,4
T3,2,0,172,35
[453]
T1,0,1,67,11
T2,1,0,34,3
T3,2,0,175,4
[454]
T1,0,0,95,14
T2,1,1,31,1
T3,2,1,153,14
[455]
T1,0,0,136,9
T2,1,1,26,2
T3,2,0,192,26
[456]
T1,0,0,189,17
T2,1,1,28,5
T3,2,0,107,2
[457]
T1,0,1,22,2
T2,1,0,99,12
T3,2,1,154,6
[458]
T1,0,1,106,12
T2,1,0,41,2
T3,2,0,164,21
[459]
T1,0,0,51,2
T2,1,0,79,2
T3,2,1,194,47
[460]
T1,0,0,194,17
T2,1,0,130,20
T3,2,0,52,2
[461]
T1,0,1,32,2
T2,1,0,65,11
T3,2,1,186,7
[462]
T1,0,1,195,38
T2,1,1,105,2
T3,2,0,24,1
[463]
T1,0,1,113,1
T2,1,1,182,3
T3,2,1,52,14
[464]
T1,0,1,39,2
T2,1,1,196,48
T3,2,0,126,5
[465]
T1,0,1,147,15
T2,1,0,52,1
T3,2,0,180,29
[466]
T1,0,0,25,1
T2,1,0,186,43
T3,2,0,147,1
[467]
T1,0,1,154,3
T2,1,1,47,3
T3,2,1,89,17
[468]
T1,0,1,179,23
T2,1,0,91,8
T3,2,1,41,3
[469]
T1,0,1,27,2
T2,1,1,58,11
T3,2,1,152,9
[470]
T1,0,0,49,1
T2,1,1,129,18
T3,2,1,179,23
[471]
T1,0,1,183,15
T2,1,0,42,4
T3,2,0,58,6
[472]
T1,0,0,34,2
T2,1,1,153,11
T3,2,0,68,15
[473]
T1,0,1,20,4
T2,1,1,169,4
T3,2,0,104,5
[474]
T1,0,1,163,6
T2,1,1,26,3
T3,2,1,110,13
[475]
T1,0,1,24,3
T2,1,0,156,11
T3,2,0,122,7
[476]
T1,0,1,89,5
T2,1,1,198,12
T3,2,0,21,3
[477]
T1,0,0,98,2
T2,1,0,181,2
T3,2,0,43,11
[478]
T1,0,1,61,1
T2,1,1,47,12
T3,2,0,165,2
[479]
T1,0,0,181,34
T2,1,1,95,6
T3,2,0,25,1
[480]
T1,0,1,23,1
T2,1,1,120,3
T3,2,1,198,43
[481]
T1,0,0,145,20
T2,1,0,178,6
T3,2,0,49,6
[482]
T1,0,1,196,29
T2,1,1,44,2
T3,2,1,86,11
[483]
T1,0,0,161,5
T2,1,1,100,13
T3,2,1,21,2
[484]
T1,0,1,88,4
T2,1,0,198,14
T3,2,1,42,7
[485]
T1,0,1,175,24
T2,1,1,31,2
T3,2,1,112,7
[486]
T1,0,0,190,22
T2,1,0,37,1
T3,2,0,88,11
[487]
T1,0,1,21,3
T2,1,1,160,21
T3,2,1,133,1
[488]
T1,0,1,23,2
T2,1,1,187,35
T3,2,0,112,1
[489]
T1,0,0,51,3
T2,1,0,135,26
T3,2,1,161,4
[490]
T1,0,1,81,9
T2,1,0,51,2
T3,2,0,154,20
[491]
T1,0,1,181,15
T2,1,0,102,12
T3,2,1,38,3
[492]
T1,0,0,21,1
T2,1,1,150,4
T3,2,1,65,12
[493]
T1,0,1,33,1
T2,1,0,192,15
T3,2,0,88,16
[494]
T1,0,0,162,38
T2,1,0,134,5
T3,2,1,50,1
[495]
T1,0,1,140,31
T2,1,1,161,7
T3,2,0,43,1
[496]
T1,0,1,27,2
T2,1,1,158,38
T3,2,0,77,2
[497]
T1,0,1,31,4
T2,1,1,178,1
T3,2,1,92,14
[498]
T1,0,1,192,4
T2,1,1,30,2
T3,2,0,121,32
[499]
T1,0,1,80,1
T2,1,1,178,33
T3,2,0,32,2
[500]
T1,0,0,159,7
T2,1,0,105,24
T3,2,0,27,2
