num_task_per_taskset=3
num_taskset=500
//ID,Priority,Offset,Period,Execution Time
[1]
T1,0,0,153,2
T2,1,1,35,2
T3,2,1,89,34
[2]
T1,0,0,52,9
T2,1,0,142,8
T3,2,1,177,28
[3]
T1,0,1,197,28
T2,1,1,28,5
T3,2,0,111,4
[4]
T1,0,1,162,43
T2,1,1,120,11
T3,2,1,51,1
[5]
T1,0,1,85,27
T2,1,1,31,1
T3,2,1,165,4
[6]
T1,0,1,47,4
T2,1,0,110,33
T3,2,1,152,2
[7]
T1,0,0,25,2
T2,1,1,175,30
T3,2,1,136,15
[8]
T1,0,0,107,7
T2,1,1,20,2
T3,2,0,180,58
[9]
T1,0,0,171,37
T2,1,0,24,3
T3,2,1,104,5
[10]
T1,0,0,40,5
T2,1,0,128,30
T3,2,0,176,2
[11]
T1,0,1,158,25
T2,1,1,98,3
T3,2,0,38,7
[12]
T1,0,0,150,8
T2,1,0,130,4
T3,2,0,36,11
[13]
T1,0,1,174,14
T2,1,1,26,3
T3,2,1,65,12
[14]
T1,0,1,169,21
T2,1,0,52,10
T3,2,0,84,5
[15]
T1,0,0,86,2
T2,1,1,172,2
T3,2,0,37,14
[16]
T1,0,1,190,62
T2,1,1,23,2
T3,2,1,113,6
[17]
T1,0,0,167,5
T2,1,1,39,2
T3,2,1,72,25
[18]
T1,0,1,159,26
T2,1,1,112,13
T3,2,0,41,4
[19]
T1,0,0,28,9
T2,1,0,70,1
T3,2,1,181,6
[20]
T1,0,1,162,2
T2,1,1,31,3
T3,2,0,103,27
[21]
T1,0,0,190,2
T2,1,1,83,16
T3,2,0,46,9
[22]
T1,0,1,33,1
T2,1,1,177,51
T3,2,0,64,3
[23]
T1,0,1,51,7
T2,1,1,121,6
T3,2,1,190,36
[24]
T1,0,1,20,6
T2,1,1,187,2
T3,2,1,117,7
[25]
T1,0,1,129,18
T2,1,0,47,8
T3,2,0,158,10
[26]
T1,0,0,50,1
T2,1,1,106,10
T3,2,0,198,54
[27]
T1,0,1,36,2
T2,1,1,182,13
T3,2,0,71,18
[28]
T1,0,0,83,9
T2,1,0,165,38
T3,2,1,30,1
[29]
T1,0,1,65,3
T2,1,1,173,57
T3,2,1,50,1
[30]
T1,0,1,101,4
T2,1,0,180,21
T3,2,1,38,9
[31]
T1,0,1,113,13
T2,1,0,165,32
T3,2,1,44,3
[32]
T1,0,0,65,15
T2,1,0,38,5
T3,2,0,194,2
[33]
T1,0,0,36,2
T2,1,1,149,25
T3,2,1,77,16
[34]
T1,0,1,171,54
T2,1,1,111,3
T3,2,1,31,1
[35]
T1,0,0,49,10
T2,1,1,169,1
T3,2,1,86,15
[36]
T1,0,0,24,1
T2,1,1,190,18
T3,2,0,107,25
[37]
T1,0,1,53,11
T2,1,1,173,20
T3,2,0,63,4
[38]
T1,0,0,192,31
T2,1,1,55,10
T3,2,0,48,1
[39]
T1,0,0,46,4
T2,1,1,69,7
T3,2,0,180,35
[40]
T1,0,1,83,1
T2,1,0,199,8
T3,2,1,34,11
[41]
T1,0,1,186,14
T2,1,1,45,2
T3,2,0,131,39
[42]
T1,0,0,51,6
T2,1,1,181,17
T3,2,1,121,20
[43]
T1,0,0,193,29
T2,1,1,140,5
T3,2,1,38,7
[44]
T1,0,1,106,1
T2,1,0,41,3
T3,2,0,180,52
[45]
T1,0,0,181,9
T2,1,1,51,5
T3,2,0,78,19
[46]
T1,0,0,54,7
T2,1,0,44,9
T3,2,0,193,10
[47]
T1,0,0,148,18
T2,1,1,126,20
T3,2,1,39,4
[48]
T1,0,0,153,4
T2,1,1,98,21
T3,2,0,39,5
[49]
T1,0,1,75,4
T2,1,1,148,26
T3,2,1,29,4
[50]
T1,0,1,38,5
T2,1,1,122,2
T3,2,0,187,46
[51]
T1,0,0,109,34
T2,1,0,28,2
T3,2,1,187,2
[52]
T1,0,1,196,21
T2,1,0,43,8
T3,2,0,100,7
[53]
T1,0,1,172,7
T2,1,1,26,2
T3,2,1,146,51
[54]
T1,0,1,42,8
T2,1,1,176,28
T3,2,1,126,5
[55]
T1,0,0,179,2
T2,1,0,85,11
T3,2,0,20,5
[56]
T1,0,1,176,40
T2,1,0,48,5
T3,2,1,124,5
[57]
T1,0,0,106,4
T2,1,0,31,10
T3,2,0,163,5
[58]
T1,0,0,28,3
T2,1,0,165,26
T3,2,1,89,9
[59]
T1,0,0,25,6
T2,1,0,94,9
T3,2,0,180,5
[60]
T1,0,0,159,41
T2,1,0,96,3
T3,2,0,25,2
[61]
T1,0,0,63,6
T2,1,1,45,9
T3,2,1,164,14
[62]
T1,0,0,102,19
T2,1,0,27,3
T3,2,1,149,10
[63]
T1,0,1,41,2
T2,1,0,166,36
T3,2,1,66,7
[64]
T1,0,1,195,61
T2,1,0,22,2
T3,2,1,73,5
[65]
T1,0,1,83,16
T2,1,0,41,1
T3,2,1,190,32
[66]
T1,0,1,22,2
T2,1,1,156,38
T3,2,0,83,2
[67]
T1,0,0,21,1
T2,1,1,140,21
T3,2,1,186,29
[68]
T1,0,1,95,28
T2,1,1,53,2
T3,2,0,158,14
[69]
T1,0,1,127,5
T2,1,0,24,4
T3,2,1,164,27
[70]
T1,0,1,50,6
T2,1,0,86,10
T3,2,0,187,27
[71]
T1,0,0,133,25
T2,1,1,196,12
T3,2,0,35,5
[72]
T1,0,0,127,1
T2,1,0,152,5
T3,2,1,29,10
[73]
T1,0,0,92,1
T2,1,0,34,1
T3,2,1,177,61
[74]
T1,0,0,163,10
T2,1,1,63,2
T3,2,0,22,6
[75]
T1,0,0,158,10
T2,1,1,27,2
T3,2,1,143,33
[76]
T1,0,0,89,7
T2,1,1,23,2
T3,2,1,195,38
[77]
T1,0,0,117,3
T2,1,0,33,1
T3,2,0,166,52
[78]
T1,0,0,79,21
T2,1,1,172,5
T3,2,0,30,2
[79]
T1,0,0,190,4
T2,1,1,53,1
T3,2,1,108,37
[80]
T1,0,1,160,3
T2,1,1,32,9
T3,2,1,86,7
[81]
T1,0,0,167,42
T2,1,1,69,3
T3,2,1,39,3
[82]
T1,0,1,154,11
T2,1,0,32,2
T3,2,0,72,21
[83]
T1,0,1,193,12
T2,1,1,130,27
T3,2,0,35,4
[84]
T1,0,0,36,1
T2,1,0,183,42
T3,2,0,60,6
[85]
T1,0,1,22,2
T2,1,1,128,9
T3,2,1,154,48
[86]
T1,0,0,21,5
T2,1,0,72,7
T3,2,0,155,2
[87]
T1,0,1,130,22
T2,1,1,160,27
T3,2,1,31,1
[88]
T1,0,1,115,10
T2,1,1,189,14
T3,2,1,31,7
[89]
T1,0,1,82,2
T2,1,1,189,63
T3,2,1,33,1
[90]
T1,0,1,20,1
T2,1,1,162,52
T3,2,0,144,1
[91]
T1,0,0,168,31
T2,1,0,74,2
T3,2,1,25,4
[92]
T1,0,1,150,4
T2,1,0,25,2
T3,2,0,76,27
[93]
T1,0,0,153,51
T2,1,0,106,2
T3,2,0,30,1
[94]
T1,0,0,45,4
T2,1,1,143,37
T3,2,0,151,6
[95]
T1,0,0,161,56
T2,1,0,98,3
T3,2,1,24,2
[96]
T1,0,0,28,2
T2,1,0,91,31
T3,2,1,174,6
[97]
T1,0,0,144,34
T2,1,1,157,2
T3,2,0,45,7
[98]
T1,0,1,28,8
T2,1,1,183,14
T3,2,0,120,2
[99]
T1,0,1,79,6
T2,1,0,25,5
T3,2,1,157,15
[100]
T1,0,1,102,14
T2,1,0,195,27
T3,2,1,24,2
[101]
T1,0,0,130,32
T2,1,1,44,1
T3,2,0,174,18
[102]
T1,0,1,23,1
T2,1,0,79,8
T3,2,1,189,46
[103]
T1,0,1,37,3
T2,1,0,183,47
T3,2,1,134,8
[104]
T1,0,1,68,15
T2,1,0,167,11
T3,2,0,24,2
[105]
T1,0,1,21,1
T2,1,0,183,11
T3,2,1,118,31
[106]
T1,0,1,175,25
T2,1,1,27,3
T3,2,0,108,12
[107]
T1,0,1,50,4
T2,1,1,98,3
T3,2,0,171,46
[108]
T1,0,0,169,54
T2,1,1,94,5
T3,2,1,37,2
[109]
T1,0,0,128,13
T2,1,0,168,42
T3,2,0,35,1
[110]
T1,0,0,158,19
T2,1,1,47,3
T3,2,0,128,26
[111]
T1,0,1,24,7
T2,1,1,118,5
T3,2,0,154,3
[112]
T1,0,0,184,13
T2,1,0,23,1
T3,2,0,91,22
[113]
T1,0,1,28,5
T2,1,0,91,3
T3,2,1,159,27
[114]
T1,0,0,118,1
T2,1,1,25,1
T3,2,1,163,52
[115]
T1,0,1,126,36
T2,1,0,29,2
T3,2,1,158,15
[116]
T1,0,1,93,14
T2,1,1,199,14
T3,2,0,32,5
[117]
T1,0,0,176,36
T2,1,1,29,2
T3,2,1,68,7
[118]
T1,0,0,58,14
T2,1,1,166,9
T3,2,1,40,3
[119]
T1,0,0,196,2
T2,1,0,28,2
T3,2,0,62,22
[120]
T1,0,0,148,14
T2,1,0,104,20
T3,2,1,27,2
[121]
T1,0,1,171,37
T2,1,0,47,2
T3,2,1,98,12
[122]
T1,0,1,55,4
T2,1,1,188,11
T3,2,1,30,7
[123]
T1,0,0,157,3
T2,1,1,48,4
T3,2,0,97,26
[124]
T1,0,0,49,10
T2,1,1,133,6
T3,2,1,165,20
[125]
T1,0,1,32,4
T2,1,0,141,29
T3,2,0,177,8
[126]
T1,0,0,185,3
T2,1,0,99,3
T3,2,1,28,9
[127]
T1,0,0,162,47
T2,1,0,108,5
T3,2,0,39,2
[128]
T1,0,1,157,3
T2,1,0,43,14
T3,2,0,135,6
[129]
T1,0,1,114,6
T2,1,0,195,66
T3,2,1,44,2
[130]
T1,0,0,53,17
T2,1,0,147,4
T3,2,0,97,4
[131]
T1,0,0,82,25
T2,1,1,197,13
T3,2,0,38,2
[132]
T1,0,0,25,2
T2,1,1,170,45
T3,2,1,142,17
[133]
T1,0,1,37,2
T2,1,0,191,24
T3,2,1,111,29
[134]
T1,0,0,97,20
T2,1,0,197,14
T3,2,0,39,4
[135]
T1,0,1,64,2
T2,1,1,154,6
T3,2,1,31,10
[136]
T1,0,0,43,7
T2,1,1,167,2
T3,2,0,109,25
[137]
T1,0,1,36,3
T2,1,1,63,2
T3,2,1,191,58
[138]
T1,0,1,163,21
T2,1,0,35,2
T3,2,1,133,34
[139]
T1,0,1,191,11
T2,1,1,51,15
T3,2,1,94,3
[140]
T1,0,0,35,2
T2,1,0,136,27
T3,2,0,179,31
[141]
T1,0,0,172,33
T2,1,1,20,4
T3,2,0,57,2
[142]
T1,0,1,77,7
T2,1,1,149,31
T3,2,1,31,2
[143]
T1,0,0,156,1
T2,1,1,55,20
T3,2,0,34,2
[144]
T1,0,0,33,7
T2,1,0,197,27
T3,2,1,131,3
[145]
T1,0,0,89,10
T2,1,1,26,6
T3,2,0,161,4
[146]
T1,0,1,22,1
T2,1,1,136,44
T3,2,0,162,3
[147]
T1,0,0,198,44
T2,1,1,22,3
T3,2,0,88,2
[148]
T1,0,0,52,2
T2,1,1,122,6
T3,2,1,166,50
[149]
T1,0,1,99,2
T2,1,1,171,32
T3,2,1,43,8
[150]
T1,0,0,157,11
T2,1,1,147,39
T3,2,1,36,2
[151]
T1,0,1,195,5
T2,1,1,59,19
T3,2,1,23,2
[152]
T1,0,1,22,2
T2,1,0,108,15
T3,2,1,181,22
[153]
T1,0,0,99,14
T2,1,0,148,22
T3,2,1,35,3
[154]
T1,0,1,190,17
T2,1,0,71,9
T3,2,1,28,4
[155]
T1,0,1,159,16
T2,1,0,63,2
T3,2,0,39,11
[156]
T1,0,0,95,8
T2,1,0,52,8
T3,2,1,175,28
[157]
T1,0,0,114,10
T2,1,1,171,11
T3,2,0,49,11
[158]
T1,0,1,198,15
T2,1,0,49,3
T3,2,1,127,32
[159]
T1,0,0,28,2
T2,1,0,182,65
T3,2,1,88,2
[160]
T1,0,0,169,25
T2,1,1,128,7
T3,2,0,54,10
[161]
T1,0,1,184,12
T2,1,1,32,9
T3,2,1,126,4
[162]
T1,0,0,32,1
T2,1,1,153,1
T3,2,1,79,27
[163]
T1,0,1,162,16
T2,1,1,143,30
T3,2,0,39,3
[164]
T1,0,1,161,2
T2,1,1,44,15
T3,2,1,139,4
[165]
T1,0,0,108,35
T2,1,0,199,11
T3,2,1,35,2
[166]
T1,0,1,109,18
T2,1,1,33,2
T3,2,1,158,32
[167]
T1,0,1,30,2
T2,1,1,171,62
T3,2,1,103,1
[168]
T1,0,0,80,10
T2,1,0,36,7
T3,2,0,175,10
[169]
T1,0,0,185,18
T2,1,1,39,7
T3,2,0,59,6
[170]
T1,0,1,179,1
T2,1,0,108,3
T3,2,1,49,17
[171]
T1,0,1,121,25
T2,1,0,43,6
T3,2,1,179,7
[172]
T1,0,0,140,7
T2,1,0,38,10
T3,2,0,197,14
[173]
T1,0,0,165,46
T2,1,0,50,3
T3,2,1,130,5
[174]
T1,0,0,20,6
T2,1,0,197,13
T3,2,1,83,1
[175]
T1,0,0,100,1
T2,1,1,24,8
T3,2,1,156,4
[176]
T1,0,1,174,26
T2,1,1,48,1
T3,2,0,127,27
[177]
T1,0,1,102,34
T2,1,0,159,2
T3,2,1,29,1
[178]
T1,0,0,97,5
T2,1,0,27,2
T3,2,0,148,34
[179]
T1,0,1,105,8
T2,1,0,25,6
T3,2,1,170,10
[180]
T1,0,1,161,10
T2,1,1,68,5
T3,2,1,48,12
[181]
T1,0,0,23,6
T2,1,0,74,4
T3,2,0,177,9
[182]
T1,0,1,179,12
T2,1,1,46,7
T3,2,0,121,21
[183]
T1,0,0,28,3
T2,1,0,169,20
T3,2,1,114,17
[184]
T1,0,1,158,22
T2,1,1,36,2
T3,2,1,143,27
[185]
T1,0,1,26,1
T2,1,0,157,36
T3,2,1,124,15
[186]
T1,0,0,167,25
T2,1,0,51,12
T3,2,1,67,2
[187]
T1,0,1,56,1
T2,1,0,44,4
T3,2,0,188,47
[188]
T1,0,1,73,3
T2,1,1,156,22
T3,2,0,53,11
[189]
T1,0,0,63,8
T2,1,1,40,1
T3,2,0,173,39
[190]
T1,0,1,190,7
T2,1,0,42,9
T3,2,0,103,14
[191]
T1,0,1,125,13
T2,1,0,40,8
T3,2,0,179,15
[192]
T1,0,0,46,3
T2,1,1,183,56
T3,2,1,85,1
[193]
T1,0,1,126,18
T2,1,1,163,20
T3,2,0,39,4
[194]
T1,0,0,199,15
T2,1,0,127,38
T3,2,0,38,2
[195]
T1,0,0,170,44
T2,1,1,67,2
T3,2,0,39,3
[196]
T1,0,1,193,58
T2,1,1,109,10
T3,2,0,31,2
[197]
T1,0,1,32,2
T2,1,1,186,26
T3,2,0,70,13
[198]
T1,0,0,43,6
T2,1,0,85,6
T3,2,1,175,31
[199]
T1,0,0,197,21
T2,1,0,45,4
T3,2,1,57,11
[200]
T1,0,1,24,3
T2,1,0,165,30
T3,2,0,90,6
[201]
T1,0,0,146,8
T2,1,0,153,48
T3,2,0,25,2
[202]
T1,0,1,169,10
T2,1,1,39,9
T3,2,1,95,9
[203]
T1,0,0,199,37
T2,1,0,79,9
T3,2,1,38,3
[204]
T1,0,1,120,3
T2,1,1,198,24
T3,2,1,33,8
[205]
T1,0,0,105,11
T2,1,0,185,41
T3,2,1,52,3
[206]
T1,0,1,114,7
T2,1,1,53,1
T3,2,0,197,60
[207]
T1,0,1,57,4
T2,1,0,43,10
T3,2,1,168,13
[208]
T1,0,0,22,1
T2,1,1,192,57
T3,2,1,97,1
[209]
T1,0,1,193,26
T2,1,1,31,6
T3,2,0,74,4
[210]
T1,0,0,43,4
T2,1,1,62,1
T3,2,1,175,49
[211]
T1,0,1,74,6
T2,1,1,52,2
T3,2,1,190,47
[212]
T1,0,1,158,8
T2,1,1,135,27
T3,2,1,42,6
[213]
T1,0,1,180,58
T2,1,1,35,2
T3,2,1,125,7
[214]
T1,0,1,137,35
T2,1,0,178,14
T3,2,1,40,2
[215]
T1,0,1,127,24
T2,1,1,184,21
T3,2,0,22,1
[216]
T1,0,1,132,43
T2,1,1,155,7
T3,2,1,21,2
[217]
T1,0,1,119,21
T2,1,1,50,6
T3,2,0,184,17
[218]
T1,0,0,107,11
T2,1,0,171,31
T3,2,1,35,3
[219]
T1,0,0,71,14
T2,1,0,150,18
T3,2,1,41,3
[220]
T1,0,1,183,8
T2,1,0,39,4
T3,2,1,82,19
[221]
T1,0,1,35,4
T2,1,1,168,38
T3,2,0,122,4
[222]
T1,0,1,45,2
T2,1,1,89,30
T3,2,0,159,8
[223]
T1,0,0,52,2
T2,1,1,118,12
T3,2,0,168,48
[224]
T1,0,0,171,28
T2,1,1,40,5
T3,2,0,117,11
[225]
T1,0,0,58,8
T2,1,1,170,1
T3,2,1,26,6
[226]
T1,0,1,39,1
T2,1,1,180,29
T3,2,0,118,23
[227]
T1,0,0,179,10
T2,1,1,127,12
T3,2,0,52,12
[228]
T1,0,0,44,5
T2,1,0,67,6
T3,2,1,187,33
[229]
T1,0,0,23,1
T2,1,1,189,4
T3,2,1,127,37
[230]
T1,0,1,39,6
T2,1,1,195,7
T3,2,0,86,16
[231]
T1,0,0,20,2
T2,1,0,104,11
T3,2,1,190,27
[232]
T1,0,0,163,40
T2,1,1,29,2
T3,2,1,61,3
[233]
T1,0,1,25,2
T2,1,1,83,16
T3,2,1,184,19
[234]
T1,0,1,186,19
T2,1,0,64,5
T3,2,0,44,9
[235]
T1,0,0,159,7
T2,1,0,55,13
T3,2,1,49,4
[236]
T1,0,1,41,9
T2,1,0,153,4
T3,2,0,92,13
[237]
T1,0,0,117,26
T2,1,0,22,2
T3,2,1,166,25
[238]
T1,0,0,148,48
T2,1,1,141,2
T3,2,1,28,1
[239]
T1,0,0,34,3
T2,1,0,150,27
T3,2,0,107,11
[240]
T1,0,0,171,43
T2,1,0,55,7
T3,2,0,43,2
[241]
T1,0,0,141,6
T2,1,1,28,2
T3,2,0,196,64
[242]
T1,0,0,188,8
T2,1,0,94,31
T3,2,1,40,2
[243]
T1,0,1,83,17
T2,1,0,46,3
T3,2,0,166,17
[244]
T1,0,0,181,44
T2,1,1,59,5
T3,2,1,53,3
[245]
T1,0,1,39,2
T2,1,1,167,61
T3,2,1,105,2
[246]
T1,0,0,70,3
T2,1,0,154,34
T3,2,0,22,2
[247]
T1,0,1,91,9
T2,1,0,50,13
T3,2,0,198,2
[248]
T1,0,1,34,7
T2,1,1,90,14
T3,2,1,199,5
[249]
T1,0,1,164,45
T2,1,0,124,8
T3,2,0,32,1
[250]
T1,0,0,52,5
T2,1,1,148,20
T3,2,0,67,10
[251]
T1,0,0,162,44
T2,1,1,42,2
T3,2,1,100,11
[252]
T1,0,1,139,31
T2,1,1,31,1
T3,2,1,177,24
[253]
T1,0,1,196,44
T2,1,0,143,20
T3,2,1,30,2
[254]
T1,0,0,157,17
T2,1,0,56,2
T3,2,0,28,7
[255]
T1,0,0,59,21
T2,1,0,42,1
T3,2,0,160,2
[256]
T1,0,1,24,1
T2,1,0,160,41
T3,2,1,146,9
[257]
T1,0,1,22,6
T2,1,1,191,5
T3,2,1,58,3
[258]
T1,0,1,199,1
T2,1,0,114,21
T3,2,1,40,8
[259]
T1,0,0,21,3
T2,1,1,151,15
T3,2,0,128,15
[260]
T1,0,1,124,2
T2,1,0,33,2
T3,2,1,168,63
[261]
T1,0,0,133,37
T2,1,0,196,1
T3,2,1,38,4
[262]
T1,0,0,24,4
T2,1,0,84,9
T3,2,1,166,16
[263]
T1,0,1,163,3
T2,1,0,36,11
T3,2,1,146,8
[264]
T1,0,0,38,9
T2,1,1,103,9
T3,2,1,193,9
[265]
T1,0,1,33,1
T2,1,0,161,22
T3,2,0,96,21
[266]
T1,0,0,32,4
T2,1,0,77,19
T3,2,1,175,1
[267]
T1,0,1,175,3
T2,1,1,134,43
T3,2,0,53,2
[268]
T1,0,1,74,14
T2,1,1,48,2
T3,2,1,193,29
[269]
T1,0,1,110,11
T2,1,0,23,2
T3,2,1,199,55
[270]
T1,0,1,153,27
T2,1,1,20,2
T3,2,0,132,9
[271]
T1,0,1,55,8
T2,1,0,167,33
T3,2,0,43,1
[272]
T1,0,1,189,26
T2,1,1,30,2
T3,2,1,112,28
[273]
T1,0,0,48,17
T2,1,1,60,2
T3,2,1,154,2
[274]
T1,0,1,69,4
T2,1,0,21,5
T3,2,1,187,10
[275]
T1,0,1,162,39
T2,1,0,53,5
T3,2,1,122,5
[276]
T1,0,1,135,5
T2,1,0,152,11
T3,2,0,34,9
[277]
T1,0,1,176,9
T2,1,0,147,33
T3,2,0,29,3
[278]
T1,0,1,77,2
T2,1,0,29,6
T3,2,0,158,24
[279]
T1,0,1,172,9
T2,1,0,91,4
T3,2,0,23,6
[280]
T1,0,1,157,32
T2,1,1,127,13
T3,2,0,26,2
[281]
T1,0,1,187,3
T2,1,1,86,5
T3,2,1,38,12
[282]
T1,0,1,150,2
T2,1,0,38,1
T3,2,0,102,35
[283]
T1,0,1,185,36
T2,1,1,26,5
T3,2,0,135,1
[284]
T1,0,1,165,13
T2,1,1,50,14
T3,2,1,73,1
[285]
T1,0,1,72,3
T2,1,1,191,23
T3,2,0,53,12
[286]
T1,0,1,64,2
T2,1,0,182,20
T3,2,1,30,8
[287]
T1,0,0,129,7
T2,1,1,22,3
T3,2,1,166,33
[288]
T1,0,1,94,1
T2,1,1,53,8
T3,2,0,175,40
[289]
T1,0,0,70,6
T2,1,1,23,6
T3,2,0,161,5
[290]
T1,0,0,45,8
T2,1,1,84,4
T3,2,1,152,26
[291]
T1,0,0,64,3
T2,1,1,27,3
T3,2,0,149,31
[292]
T1,0,0,108,8
T2,1,0,161,41
T3,2,1,20,1
[293]
T1,0,1,38,10
T2,1,1,191,7
T3,2,1,127,11
[294]
T1,0,1,190,2
T2,1,0,139,51
T3,2,1,37,2
[295]
T1,0,0,80,12
T2,1,0,38,8
T3,2,0,180,5
[296]
T1,0,1,139,11
T2,1,0,177,46
T3,2,1,35,1
[297]
T1,0,1,132,10
T2,1,0,44,4
T3,2,1,174,38
[298]
T1,0,1,103,28
T2,1,0,189,2
T3,2,1,41,4
[299]
T1,0,1,155,18
T2,1,0,123,32
T3,2,1,28,2
[300]
T1,0,0,41,1
T2,1,0,187,10
T3,2,1,80,24
[301]
T1,0,1,125,4
T2,1,0,50,7
T3,2,1,164,33
[302]
T1,0,0,32,3
T2,1,0,160,15
T3,2,0,58,11
[303]
T1,0,0,49,2
T2,1,0,81,26
T3,2,1,179,3
[304]
T1,0,0,37,6
T2,1,1,167,33
T3,2,1,96,1
[305]
T1,0,1,158,10
T2,1,0,57,6
T3,2,0,20,4
[306]
T1,0,0,144,14
T2,1,0,171,28
T3,2,0,24,3
[307]
T1,0,1,191,10
T2,1,0,52,4
T3,2,0,93,24
[308]
T1,0,0,40,2
T2,1,0,148,36
T3,2,1,101,15
[309]
T1,0,1,193,2
T2,1,0,37,1
T3,2,1,103,35
[310]
T1,0,0,190,49
T2,1,0,127,7
T3,2,0,32,2
[311]
T1,0,1,22,3
T2,1,0,170,34
T3,2,0,121,7
[312]
T1,0,1,160,19
T2,1,1,52,2
T3,2,1,72,17
[313]
T1,0,0,187,20
T2,1,1,135,17
T3,2,0,28,4
[314]
T1,0,0,29,1
T2,1,0,176,32
T3,2,1,88,14
[315]
T1,0,1,39,7
T2,1,0,75,4
T3,2,0,179,25
[316]
T1,0,1,171,20
T2,1,1,48,7
T3,2,1,86,9
[317]
T1,0,1,136,17
T2,1,0,190,23
T3,2,0,31,4
[318]
T1,0,1,85,1
T2,1,0,183,39
T3,2,1,53,8
[319]
T1,0,0,148,10
T2,1,0,40,5
T3,2,1,133,26
[320]
T1,0,1,72,5
T2,1,1,188,31
T3,2,0,44,6
[321]
T1,0,1,24,2
T2,1,1,169,5
T3,2,0,133,34
[322]
T1,0,1,193,48
T2,1,1,23,2
T3,2,1,92,2
[323]
T1,0,0,115,8
T2,1,1,48,12
T3,2,0,186,10
[324]
T1,0,1,192,31
T2,1,1,129,11
T3,2,1,25,3
[325]
T1,0,0,161,13
T2,1,1,52,2
T3,2,1,56,14
[326]
T1,0,0,129,8
T2,1,1,47,5
T3,2,1,163,36
[327]
T1,0,1,150,16
T2,1,1,36,4
T3,2,0,86,13
[328]
T1,0,0,44,3
T2,1,0,192,22
T3,2,0,91,18
[329]
T1,0,1,53,8
T2,1,1,157,17
T3,2,1,136,17
[330]
T1,0,0,41,1
T2,1,1,113,4
T3,2,1,175,58
[331]
T1,0,0,107,3
T2,1,0,165,19
T3,2,0,22,5
[332]
T1,0,0,41,2
T2,1,1,127,22
T3,2,1,160,25
[333]
T1,0,1,108,23
T2,1,1,154,2
T3,2,0,30,4
[334]
T1,0,1,33,4
T2,1,1,73,19
T3,2,0,168,1
[335]
T1,0,1,30,7
T2,1,1,84,1
T3,2,1,199,28
[336]
T1,0,0,117,19
T2,1,0,182,29
T3,2,1,51,3
[337]
T1,0,0,193,8
T2,1,0,40,5
T3,2,0,80,16
[338]
T1,0,0,20,6
T2,1,0,192,7
T3,2,1,100,4
[339]
T1,0,1,160,4
T2,1,0,21,4
T3,2,0,81,14
[340]
T1,0,1,194,13
T2,1,0,25,1
T3,2,0,64,16
[341]
T1,0,1,21,2
T2,1,1,152,12
T3,2,1,107,20
[342]
T1,0,1,96,1
T2,1,0,196,38
T3,2,0,33,6
[343]
T1,0,0,153,42
T2,1,1,23,2
T3,2,1,79,7
[344]
T1,0,1,129,16
T2,1,0,180,44
T3,2,0,31,2
[345]
T1,0,1,30,1
T2,1,0,127,30
T3,2,1,150,17
[346]
T1,0,0,31,2
T2,1,0,90,24
T3,2,1,173,10
[347]
T1,0,1,154,43
T2,1,1,101,4
T3,2,0,25,1
[348]
T1,0,1,46,5
T2,1,0,101,25
T3,2,1,169,4
[349]
T1,0,0,29,2
T2,1,1,179,37
T3,2,0,93,17
[350]
T1,0,1,33,4
T2,1,0,158,31
T3,2,0,87,5
[351]
T1,0,1,170,23
T2,1,0,38,2
T3,2,0,63,12
[352]
T1,0,0,53,5
T2,1,0,94,9
T3,2,0,172,32
[353]
T1,0,0,20,1
T2,1,0,150,2
T3,2,1,101,31
[354]
T1,0,1,46,10
T2,1,0,167,2
T3,2,1,106,17
[355]
T1,0,0,169,14
T2,1,1,85,14
T3,2,0,28,4
[356]
T1,0,0,37,9
T2,1,1,182,19
T3,2,1,109,4
[357]
T1,0,0,144,13
T2,1,0,40,1
T3,2,1,197,51
[358]
T1,0,0,189,9
T2,1,1,23,7
T3,2,1,116,2
[359]
T1,0,1,188,55
T2,1,0,44,2
T3,2,1,64,2
[360]
T1,0,1,69,12
T2,1,0,50,4
T3,2,0,159,21
[361]
T1,0,1,149,46
T2,1,0,22,2
T3,2,1,54,2
[362]
T1,0,1,183,35
T2,1,1,37,2
T3,2,0,74,13
[363]
T1,0,0,80,11
T2,1,0,163,18
T3,2,1,45,6
[364]
T1,0,1,138,10
T2,1,0,34,1
T3,2,1,188,52
[365]
T1,0,1,97,16
T2,1,1,153,1
T3,2,0,27,5
[366]
T1,0,1,175,4
T2,1,0,54,18
T3,2,0,28,2
[367]
T1,0,0,57,2
T2,1,1,186,64
T3,2,1,31,1
[368]
T1,0,0,98,8
T2,1,1,25,6
T3,2,0,155,6
[369]
T1,0,0,195,59
T2,1,0,36,2
T3,2,1,73,2
[370]
T1,0,0,196,22
T2,1,1,95,2
T3,2,1,45,11
[371]
T1,0,0,79,21
T2,1,0,187,6
T3,2,0,40,3
[372]
T1,0,0,136,18
T2,1,0,159,19
T3,2,0,42,5
[373]
T1,0,1,103,3
T2,1,1,47,11
T3,2,1,196,22
[374]
T1,0,1,37,9
T2,1,0,140,2
T3,2,0,175,25
[375]
T1,0,0,145,2
T2,1,1,184,33
T3,2,1,41,8
[376]
T1,0,1,51,10
T2,1,1,191,10
T3,2,0,125,17
[377]
T1,0,1,42,2
T2,1,1,166,33
T3,2,1,98,17
[378]
T1,0,1,193,1
T2,1,0,74,18
T3,2,0,46,6
[379]
T1,0,0,30,8
T2,1,0,177,9
T3,2,1,112,8
[380]
T1,0,1,183,8
T2,1,0,30,2
T3,2,0,135,35
[381]
T1,0,1,41,3
T2,1,0,198,40
T3,2,0,77,7
[382]
T1,0,1,134,26
T2,1,1,159,20
T3,2,0,43,3
[383]
T1,0,0,29,6
T2,1,0,191,33
T3,2,0,100,2
[384]
T1,0,0,31,2
T2,1,0,154,40
T3,2,0,85,9
[385]
T1,0,1,40,11
T2,1,1,194,19
T3,2,0,106,1
[386]
T1,0,0,97,2
T2,1,0,175,40
T3,2,0,49,7
[387]
T1,0,1,47,2
T2,1,1,61,2
T3,2,0,163,57
[388]
T1,0,1,155,10
T2,1,0,65,12
T3,2,1,39,5
[389]
T1,0,1,180,25
T2,1,0,59,2
T3,2,0,34,7
[390]
T1,0,0,38,7
T2,1,0,162,28
T3,2,1,69,1
[391]
T1,0,0,100,3
T2,1,0,40,2
T3,2,1,150,45
[392]
T1,0,0,39,5
T2,1,1,155,8
T3,2,0,89,18
[393]
T1,0,0,113,11
T2,1,1,187,28
T3,2,1,49,7
[394]
T1,0,1,162,5
T2,1,0,30,1
T3,2,0,145,46
[395]
T1,0,0,161,56
T2,1,1,127,2
T3,2,0,43,1
[396]
T1,0,0,128,18
T2,1,0,194,14
T3,2,0,42,7
[397]
T1,0,0,132,32
T2,1,1,36,2
T3,2,1,149,22
[398]
T1,0,0,53,4
T2,1,0,65,4
T3,2,1,182,45
[399]
T1,0,0,85,9
T2,1,1,153,11
T3,2,0,32,6
[400]
T1,0,0,164,52
T2,1,1,48,1
T3,2,0,55,2
[401]
T1,0,0,36,6
T2,1,0,148,4
T3,2,0,77,13
[402]
T1,0,1,183,3
T2,1,0,36,11
T3,2,1,97,6
[403]
T1,0,0,79,8
T2,1,1,20,3
T3,2,0,178,22
[404]
T1,0,0,173,11
T2,1,1,44,5
T3,2,1,144,30
[405]
T1,0,1,133,22
T2,1,0,154,30
T3,2,1,41,1
[406]
T1,0,0,47,4
T2,1,0,135,8
T3,2,1,180,42
[407]
T1,0,0,52,2
T2,1,0,172,22
T3,2,0,126,31
[408]
T1,0,0,166,31
T2,1,1,79,11
T3,2,1,32,1
[409]
T1,0,0,171,2
T2,1,1,90,3
T3,2,0,22,7
[410]
T1,0,0,45,5
T2,1,1,106,24
T3,2,1,181,10
[411]
T1,0,0,32,2
T2,1,0,155,13
T3,2,1,100,29
[412]
T1,0,1,23,4
T2,1,0,186,1
T3,2,0,109,19
[413]
T1,0,0,126,17
T2,1,0,28,2
T3,2,0,180,30
[414]
T1,0,0,51,8
T2,1,1,100,21
T3,2,1,184,5
[415]
T1,0,1,26,1
T2,1,0,142,24
T3,2,0,172,28
[416]
T1,0,0,35,6
T2,1,1,59,7
T3,2,1,158,15
[417]
T1,0,0,45,10
T2,1,1,184,22
T3,2,0,95,3
[418]
T1,0,0,166,41
T2,1,0,126,5
T3,2,0,37,3
[419]
T1,0,1,181,23
T2,1,1,50,1
T3,2,1,130,31
[420]
T1,0,0,21,4
T2,1,1,189,5
T3,2,1,106,15
[421]
T1,0,1,120,36
T2,1,0,148,6
T3,2,1,27,1
[422]
T1,0,0,27,2
T2,1,0,185,69
T3,2,0,145,2
[423]
T1,0,0,154,23
T2,1,0,35,2
T3,2,0,93,17
[424]
T1,0,1,73,8
T2,1,0,154,3
T3,2,0,33,8
[425]
T1,0,0,25,3
T2,1,0,154,34
T3,2,1,71,1
[426]
T1,0,1,26,2
T2,1,1,106,7
T3,2,1,161,50
[427]
T1,0,1,174,25
T2,1,1,28,4
T3,2,1,54,4
[428]
T1,0,1,150,1
T2,1,1,114,2
T3,2,1,50,18
[429]
T1,0,0,66,4
T2,1,0,178,26
T3,2,0,51,8
[430]
T1,0,0,186,45
T2,1,0,73,7
T3,2,1,45,2
[431]
T1,0,1,45,10
T2,1,1,164,10
T3,2,0,69,7
[432]
T1,0,1,97,11
T2,1,0,38,5
T3,2,0,182,22
[433]
T1,0,0,130,4
T2,1,1,36,2
T3,2,1,196,59
[434]
T1,0,1,76,2
T2,1,1,30,8
T3,2,0,152,17
[435]
T1,0,1,40,9
T2,1,0,74,10
T3,2,1,199,6
[436]
T1,0,1,105,20
T2,1,0,156,19
T3,2,0,53,4
[437]
T1,0,0,32,1
T2,1,1,141,42
T3,2,0,169,8
[438]
T1,0,0,33,2
T2,1,0,144,23
T3,2,0,156,25
[439]
T1,0,0,35,5
T2,1,0,106,21
T3,2,1,182,4
[440]
T1,0,0,98,9
T2,1,0,182,26
T3,2,1,28,4
[441]
T1,0,1,141,23
T2,1,0,36,2
T3,2,1,149,25
[442]
T1,0,0,59,17
T2,1,0,191,9
T3,2,1,31,1
[443]
T1,0,1,152,38
T2,1,1,44,2
T3,2,1,58,5
[444]
T1,0,0,134,10
T2,1,1,153,37
T3,2,0,44,3
[445]
T1,0,1,94,2
T2,1,1,20,5
T3,2,1,163,12
[446]
T1,0,0,27,1
T2,1,0,181,25
T3,2,0,143,27
[447]
T1,0,1,177,1
T2,1,0,89,16
T3,2,1,40,8
[448]
T1,0,1,157,8
T2,1,1,126,2
T3,2,0,51,16
[449]
T1,0,0,156,3
T2,1,0,106,19
T3,2,1,31,5
[450]
T1,0,1,70,15
T2,1,0,46,4
T3,2,0,191,16
[451]
T1,0,0,97,16
T2,1,1,181,29
T3,2,1,48,3
[452]
T1,0,0,61,3
T2,1,0,36,11
T3,2,1,154,4
[453]
T1,0,0,193,7
T2,1,1,85,19
T3,2,1,49,6
[454]
T1,0,1,28,3
T2,1,0,154,5
T3,2,0,126,29
[455]
T1,0,1,129,2
T2,1,0,159,50
T3,2,0,43,3
[456]
T1,0,0,53,2
T2,1,1,131,16
T3,2,0,180,41
[457]
T1,0,0,192,53
T2,1,1,62,5
T3,2,1,49,1
[458]
T1,0,1,28,2
T2,1,1,114,33
T3,2,1,181,3
[459]
T1,0,0,45,7
T2,1,0,159,10
T3,2,0,134,21
[460]
T1,0,1,46,1
T2,1,0,112,6
T3,2,1,186,59
[461]
T1,0,0,124,13
T2,1,0,35,2
T3,2,1,177,37
[462]
T1,0,1,41,7
T2,1,0,142,25
T3,2,1,189,6
[463]
T1,0,1,94,23
T2,1,1,47,7
T3,2,0,179,2
[464]
T1,0,0,182,16
T2,1,1,54,15
T3,2,1,50,1
[465]
T1,0,1,168,45
T2,1,1,85,1
T3,2,1,32,3
[466]
T1,0,0,31,6
T2,1,1,153,20
T3,2,0,94,6
[467]
T1,0,0,57,1
T2,1,1,45,2
T3,2,0,156,54
[468]
T1,0,0,20,5
T2,1,0,186,11
T3,2,0,129,7
[469]
T1,0,0,175,22
T2,1,0,50,11
T3,2,1,74,3
[470]
T1,0,0,33,8
T2,1,0,156,16
T3,2,0,136,3
[471]
T1,0,1,36,3
T2,1,0,79,19
T3,2,1,172,8
[472]
T1,0,1,160,16
T2,1,1,25,1
T3,2,1,106,25
[473]
T1,0,0,43,1
T2,1,1,105,27
T3,2,1,191,18
[474]
T1,0,0,92,8
T2,1,1,169,37
T3,2,0,41,3
[475]
T1,0,0,181,4
T2,1,1,72,24
T3,2,1,44,1
[476]
T1,0,0,45,5
T2,1,1,132,7
T3,2,1,160,36
[477]
T1,0,1,45,5
T2,1,0,186,48
T3,2,1,114,2
[478]
T1,0,1,137,24
T2,1,0,44,5
T3,2,1,149,13
[479]
T1,0,0,50,1
T2,1,0,120,27
T3,2,1,166,23
[480]
T1,0,0,116,13
T2,1,1,31,8
T3,2,1,177,2
[481]
T1,0,0,27,6
T2,1,0,150,15
T3,2,0,85,6
[482]
T1,0,1,196,1
T2,1,0,85,3
T3,2,1,48,16
[483]
T1,0,1,20,3
T2,1,1,177,29
T3,2,0,141,9
[484]
T1,0,1,178,52
T2,1,1,37,3
T3,2,0,134,3
[485]
T1,0,0,26,7
T2,1,1,88,5
T3,2,1,196,12
[486]
T1,0,0,171,28
T2,1,1,75,16
T3,2,0,45,2
[487]
T1,0,0,107,39
T2,1,0,41,1
T3,2,0,177,1
[488]
T1,0,1,93,8
T2,1,1,156,32
T3,2,0,51,5
[489]
T1,0,1,183,47
T2,1,1,47,2
T3,2,1,124,16
[490]
T1,0,1,40,3
T2,1,0,139,36
T3,2,0,168,10
[491]
T1,0,1,182,48
T2,1,1,80,3
T3,2,1,39,3
[492]
T1,0,0,170,38
T2,1,1,50,6
T3,2,0,138,5
[493]
T1,0,0,67,2
T2,1,1,181,32
T3,2,0,50,9
[494]
T1,0,1,55,7
T2,1,1,188,42
T3,2,1,45,1
[495]
T1,0,1,51,5
T2,1,0,60,4
T3,2,0,158,34
[496]
T1,0,0,37,8
T2,1,1,128,17
T3,2,1,189,4
[497]
T1,0,1,52,1
T2,1,1,154,11
T3,2,1,76,22
[498]
T1,0,1,42,2
T2,1,1,188,44
T3,2,0,122,17
[499]
T1,0,1,168,44
T2,1,0,114,7
T3,2,0,47,3
[500]
T1,0,0,137,38
T2,1,0,185,17
T3,2,1,35,2
