num_task_per_taskset=3
num_taskset=500
//ID,Priority,Offset,Period,Execution Time
[1]
T1,0,0,21,2
T2,1,0,158,41
T3,2,1,64,1
[2]
T1,0,0,179,17
T2,1,1,50,3
T3,2,1,80,18
[3]
T1,0,0,156,37
T2,1,1,131,20
T3,2,1,34,2
[4]
T1,0,0,46,11
T2,1,0,178,18
T3,2,1,118,5
[5]
T1,0,1,113,8
T2,1,1,40,11
T3,2,0,179,6
[6]
T1,0,1,78,2
T2,1,1,46,5
T3,2,0,165,39
[7]
T1,0,0,135,14
T2,1,0,44,7
T3,2,1,149,18
[8]
T1,0,0,180,20
T2,1,1,119,2
T3,2,1,49,13
[9]
T1,0,1,32,2
T2,1,0,130,22
T3,2,1,182,40
[10]
T1,0,0,147,32
T2,1,1,36,2
T3,2,1,192,28
[11]
T1,0,0,135,34
T2,1,0,34,2
T3,2,0,151,8
[12]
T1,0,0,138,24
T2,1,0,30,1
T3,2,0,190,34
[13]
T1,0,1,152,39
T2,1,0,27,2
T3,2,0,73,4
[14]
T1,0,0,141,15
T2,1,1,181,30
T3,2,1,45,5
[15]
T1,0,0,181,10
T2,1,0,69,18
T3,2,0,47,3
[16]
T1,0,1,45,1
T2,1,1,183,65
T3,2,0,59,2
[17]
T1,0,0,76,5
T2,1,1,24,6
T3,2,1,195,13
[18]
T1,0,0,54,2
T2,1,0,185,47
T3,2,0,47,4
[19]
T1,0,0,42,10
T2,1,0,114,12
T3,2,0,168,5
[20]
T1,0,1,157,40
T2,1,1,67,2
T3,2,0,47,4
[21]
T1,0,0,111,8
T2,1,1,165,23
T3,2,0,50,9
[22]
T1,0,0,31,2
T2,1,0,57,6
T3,2,1,174,34
[23]
T1,0,0,71,17
T2,1,1,151,21
T3,2,1,22,2
[24]
T1,0,1,114,16
T2,1,0,49,12
T3,2,0,181,2
[25]
T1,0,1,24,1
T2,1,0,179,39
T3,2,0,121,16
[26]
T1,0,1,182,6
T2,1,1,60,17
T3,2,0,26,1
[27]
T1,0,0,35,7
T2,1,1,146,10
T3,2,1,166,17
[28]
T1,0,0,20,3
T2,1,1,55,10
T3,2,1,177,2
[29]
T1,0,1,141,25
T2,1,1,24,2
T3,2,1,194,25
[30]
T1,0,0,127,38
T2,1,1,34,1
T3,2,0,149,6
[31]
T1,0,0,193,30
T2,1,1,25,1
T3,2,1,145,27
[32]
T1,0,1,50,8
T2,1,1,176,38
T3,2,1,147,2
[33]
T1,0,0,156,24
T2,1,0,58,1
T3,2,0,43,9
[34]
T1,0,0,171,5
T2,1,1,133,32
T3,2,0,20,2
[35]
T1,0,0,68,7
T2,1,1,41,11
T3,2,0,197,2
[36]
T1,0,1,156,13
T2,1,1,57,7
T3,2,1,41,7
[37]
T1,0,1,112,24
T2,1,1,152,2
T3,2,0,21,3
[38]
T1,0,1,82,10
T2,1,0,50,11
T3,2,0,180,7
[39]
T1,0,0,145,11
T2,1,0,174,28
T3,2,0,22,3
[40]
T1,0,1,187,4
T2,1,0,111,3
T3,2,0,40,13
[41]
T1,0,1,90,17
T2,1,1,190,15
T3,2,1,43,5
[42]
T1,0,0,152,36
T2,1,1,141,1
T3,2,0,42,6
[43]
T1,0,1,38,1
T2,1,1,127,20
T3,2,1,198,40
[44]
T1,0,0,114,8
T2,1,1,171,23
T3,2,1,35,6
[45]
T1,0,1,148,5
T2,1,0,108,13
T3,2,1,28,6
[46]
T1,0,0,197,28
T2,1,0,112,16
T3,2,0,41,4
[47]
T1,0,1,60,4
T2,1,0,153,3
T3,2,1,38,11
[48]
T1,0,1,194,48
T2,1,1,134,5
T3,2,0,47,5
[49]
T1,0,1,176,20
T2,1,0,86,21
T3,2,1,36,1
[50]
T1,0,0,127,4
T2,1,1,38,12
T3,2,0,194,8
[51]
T1,0,0,197,35
T2,1,0,23,4
T3,2,0,142,2
[52]
T1,0,0,69,1
T2,1,0,157,4
T3,2,1,29,10
[53]
T1,0,1,176,26
T2,1,0,62,2
T3,2,0,51,11
[54]
T1,0,1,116,9
T2,1,1,39,10
T3,2,0,197,11
[55]
T1,0,1,181,3
T2,1,0,41,12
T3,2,0,100,7
[56]
T1,0,0,190,12
T2,1,1,56,11
T3,2,1,30,3
[57]
T1,0,1,155,29
T2,1,0,54,5
T3,2,0,137,14
[58]
T1,0,1,172,39
T2,1,0,24,1
T3,2,1,128,11
[59]
T1,0,1,65,4
T2,1,0,45,13
T3,2,1,163,4
[60]
T1,0,0,53,4
T2,1,0,131,38
T3,2,1,170,4
[61]
T1,0,1,132,12
T2,1,0,45,7
T3,2,0,168,21
[62]
T1,0,1,194,54
T2,1,1,44,3
T3,2,1,80,2
[63]
T1,0,1,23,1
T2,1,1,193,14
T3,2,1,141,38
[64]
T1,0,0,52,1
T2,1,1,81,16
T3,2,0,186,30
[65]
T1,0,1,156,2
T2,1,1,44,2
T3,2,1,94,37
[66]
T1,0,1,78,1
T2,1,0,50,12
T3,2,1,183,25
[67]
T1,0,0,152,39
T2,1,1,34,4
T3,2,1,69,1
[68]
T1,0,0,172,5
T2,1,1,32,10
T3,2,1,127,4
[69]
T1,0,0,141,21
T2,1,1,50,2
T3,2,0,199,48
[70]
T1,0,0,160,2
T2,1,1,73,21
T3,2,1,21,2
[71]
T1,0,1,162,21
T2,1,1,25,2
T3,2,0,97,25
[72]
T1,0,1,41,10
T2,1,1,154,11
T3,2,0,125,8
[73]
T1,0,1,126,2
T2,1,1,197,2
T3,2,0,39,14
[74]
T1,0,0,31,4
T2,1,1,184,39
T3,2,0,88,3
[75]
T1,0,1,87,6
T2,1,0,160,2
T3,2,0,40,12
[76]
T1,0,1,61,19
T2,1,0,196,3
T3,2,0,32,1
[77]
T1,0,0,137,28
T2,1,0,25,2
T3,2,0,176,32
[78]
T1,0,1,191,2
T2,1,0,40,8
T3,2,1,63,11
[79]
T1,0,0,107,3
T2,1,1,157,12
T3,2,0,39,11
[80]
T1,0,1,94,10
T2,1,1,183,20
T3,2,0,29,5
[81]
T1,0,0,65,5
T2,1,1,178,28
T3,2,1,23,3
[82]
T1,0,0,21,2
T2,1,0,197,1
T3,2,1,76,29
[83]
T1,0,1,172,39
T2,1,1,91,2
T3,2,0,31,4
[84]
T1,0,1,182,25
T2,1,1,117,29
T3,2,1,52,2
[85]
T1,0,0,152,6
T2,1,1,47,15
T3,2,0,110,2
[86]
T1,0,1,186,56
T2,1,1,34,1
T3,2,1,101,6
[87]
T1,0,0,66,2
T2,1,0,182,55
T3,2,1,40,2
[88]
T1,0,1,74,2
T2,1,1,172,24
T3,2,1,47,10
[89]
T1,0,1,32,2
T2,1,1,62,2
T3,2,1,149,56
[90]
T1,0,1,40,1
T2,1,1,134,12
T3,2,0,156,43
[91]
T1,0,0,160,25
T2,1,1,26,2
T3,2,0,89,18
[92]
T1,0,1,93,26
T2,1,1,20,2
T3,2,1,193,21
[93]
T1,0,0,41,1
T2,1,1,168,18
T3,2,0,91,23
[94]
T1,0,1,41,13
T2,1,1,137,4
T3,2,0,164,5
[95]
T1,0,1,96,18
T2,1,0,22,4
T3,2,1,178,2
[96]
T1,0,0,27,1
T2,1,0,188,25
T3,2,1,141,30
[97]
T1,0,1,196,51
T2,1,1,120,2
T3,2,1,51,5
[98]
T1,0,0,164,2
T2,1,0,40,2
T3,2,1,70,22
[99]
T1,0,0,26,3
T2,1,1,189,40
T3,2,1,127,4
[100]
T1,0,1,63,10
T2,1,0,199,42
T3,2,0,40,2
[101]
T1,0,0,151,15
T2,1,1,20,4
T3,2,0,147,11
[102]
T1,0,1,113,5
T2,1,0,32,8
T3,2,0,157,13
[103]
T1,0,0,178,1
T2,1,0,31,2
T3,2,0,76,28
[104]
T1,0,0,38,4
T2,1,0,82,23
T3,2,1,157,2
[105]
T1,0,0,50,14
T2,1,1,91,3
T3,2,0,187,12
[106]
T1,0,0,145,34
T2,1,1,184,15
T3,2,0,42,3
[107]
T1,0,1,156,3
T2,1,0,20,2
T3,2,1,103,34
[108]
T1,0,1,43,6
T2,1,1,89,2
T3,2,1,185,43
[109]
T1,0,1,104,7
T2,1,0,46,6
T3,2,0,170,30
[110]
T1,0,1,163,2
T2,1,0,55,11
T3,2,1,45,7
[111]
T1,0,0,29,1
T2,1,0,108,23
T3,2,0,153,20
[112]
T1,0,1,46,14
T2,1,0,142,1
T3,2,0,177,12
[113]
T1,0,0,187,11
T2,1,1,50,10
T3,2,1,146,19
[114]
T1,0,1,36,2
T2,1,1,56,3
T3,2,1,194,59
[115]
T1,0,1,157,25
T2,1,1,45,9
T3,2,0,140,2
[116]
T1,0,1,131,11
T2,1,1,153,42
T3,2,0,33,1
[117]
T1,0,0,32,1
T2,1,1,181,12
T3,2,1,107,30
[118]
T1,0,0,54,1
T2,1,1,191,45
T3,2,1,72,9
[119]
T1,0,1,165,39
T2,1,1,30,1
T3,2,0,55,6
[120]
T1,0,0,20,2
T2,1,0,91,1
T3,2,0,151,40
[121]
T1,0,0,123,29
T2,1,0,23,3
T3,2,1,198,2
[122]
T1,0,0,141,1
T2,1,1,46,4
T3,2,0,185,53
[123]
T1,0,1,117,32
T2,1,0,170,19
T3,2,0,23,2
[124]
T1,0,1,45,7
T2,1,1,169,24
T3,2,0,143,14
[125]
T1,0,1,179,22
T2,1,0,55,9
T3,2,0,43,4
[126]
T1,0,0,30,9
T2,1,1,80,5
T3,2,0,163,3
[127]
T1,0,1,32,2
T2,1,1,96,31
T3,2,1,161,6
[128]
T1,0,0,31,5
T2,1,1,154,22
T3,2,1,64,4
[129]
T1,0,1,157,10
T2,1,0,27,1
T3,2,0,80,22
[130]
T1,0,0,164,10
T2,1,0,28,2
T3,2,1,78,24
[131]
T1,0,0,30,2
T2,1,0,141,40
T3,2,0,164,14
[132]
T1,0,1,158,27
T2,1,0,67,9
T3,2,0,51,4
[133]
T1,0,0,75,6
T2,1,0,149,37
T3,2,1,28,1
[134]
T1,0,0,170,14
T2,1,0,79,21
T3,2,0,53,1
[135]
T1,0,0,52,2
T2,1,1,74,17
T3,2,0,183,22
[136]
T1,0,0,51,15
T2,1,1,171,14
T3,2,1,92,2
[137]
T1,0,1,148,44
T2,1,0,117,7
T3,2,1,37,1
[138]
T1,0,1,152,29
T2,1,1,43,3
T3,2,1,95,12
[139]
T1,0,0,198,30
T2,1,1,22,2
T3,2,1,73,14
[140]
T1,0,1,20,6
T2,1,1,119,6
T3,2,1,166,1
[141]
T1,0,0,145,3
T2,1,1,53,12
T3,2,1,168,22
[142]
T1,0,1,58,6
T2,1,0,163,9
T3,2,1,27,6
[143]
T1,0,0,153,29
T2,1,0,58,7
T3,2,1,20,1
[144]
T1,0,0,148,10
T2,1,1,51,5
T3,2,0,107,22
[145]
T1,0,1,189,6
T2,1,1,89,15
T3,2,1,43,8
[146]
T1,0,0,132,35
T2,1,1,184,20
T3,2,0,50,2
[147]
T1,0,1,42,10
T2,1,0,94,2
T3,2,1,164,23
[148]
T1,0,1,198,17
T2,1,0,130,35
T3,2,1,28,1
[149]
T1,0,1,36,7
T2,1,1,92,1
T3,2,0,198,36
[150]
T1,0,1,94,2
T2,1,0,160,6
T3,2,1,33,11
[151]
T1,0,1,194,19
T2,1,0,60,6
T3,2,0,25,4
[152]
T1,0,1,153,21
T2,1,0,123,8
T3,2,0,36,6
[153]
T1,0,0,22,2
T2,1,0,77,2
T3,2,0,185,44
[154]
T1,0,0,155,37
T2,1,0,119,3
T3,2,1,43,5
[155]
T1,0,0,154,26
T2,1,1,50,3
T3,2,1,144,24
[156]
T1,0,1,110,31
T2,1,1,47,2
T3,2,0,173,17
[157]
T1,0,1,188,48
T2,1,1,46,2
T3,2,0,64,5
[158]
T1,0,1,66,11
T2,1,1,49,2
T3,2,1,190,32
[159]
T1,0,1,156,14
T2,1,0,33,9
T3,2,1,133,2
[160]
T1,0,0,163,5
T2,1,1,145,35
T3,2,0,51,6
[161]
T1,0,1,108,7
T2,1,1,183,17
T3,2,1,36,8
[162]
T1,0,0,73,15
T2,1,0,182,2
T3,2,0,52,9
[163]
T1,0,1,104,7
T2,1,0,23,4
T3,2,0,193,27
[164]
T1,0,1,52,4
T2,1,0,63,6
T3,2,0,179,36
[165]
T1,0,0,58,10
T2,1,0,181,27
T3,2,1,35,2
[166]
T1,0,1,52,17
T2,1,0,126,2
T3,2,1,198,9
[167]
T1,0,0,84,20
T2,1,1,32,2
T3,2,0,188,13
[168]
T1,0,1,79,1
T2,1,1,34,9
T3,2,0,167,17
[169]
T1,0,0,170,33
T2,1,1,29,2
T3,2,1,57,10
[170]
T1,0,0,39,1
T2,1,0,189,34
T3,2,0,93,15
[171]
T1,0,0,84,2
T2,1,0,25,4
T3,2,1,192,44
[172]
T1,0,1,74,2
T2,1,0,162,36
T3,2,0,52,7
[173]
T1,0,0,110,29
T2,1,1,158,14
T3,2,0,41,1
[174]
T1,0,1,23,2
T2,1,1,192,13
T3,2,1,135,31
[175]
T1,0,1,134,2
T2,1,1,25,1
T3,2,0,170,59
[176]
T1,0,0,174,12
T2,1,0,30,1
T3,2,0,99,28
[177]
T1,0,1,170,46
T2,1,0,31,3
T3,2,0,119,2
[178]
T1,0,1,34,2
T2,1,0,84,23
T3,2,0,166,8
[179]
T1,0,0,135,41
T2,1,1,154,3
T3,2,0,35,2
[180]
T1,0,1,127,9
T2,1,1,188,40
T3,2,0,23,2
[181]
T1,0,1,106,9
T2,1,1,20,1
T3,2,1,189,45
[182]
T1,0,0,195,46
T2,1,0,135,6
T3,2,0,45,5
[183]
T1,0,1,36,4
T2,1,0,74,11
T3,2,0,179,24
[184]
T1,0,0,91,3
T2,1,0,50,3
T3,2,0,151,44
[185]
T1,0,1,59,4
T2,1,0,199,44
T3,2,1,23,2
[186]
T1,0,1,169,34
T2,1,1,38,4
T3,2,0,130,10
[187]
T1,0,1,50,4
T2,1,1,67,13
T3,2,1,175,18
[188]
T1,0,1,180,3
T2,1,1,46,1
T3,2,0,105,37
[189]
T1,0,0,44,1
T2,1,1,64,8
T3,2,0,180,44
[190]
T1,0,1,63,11
T2,1,1,193,31
T3,2,1,32,1
[191]
T1,0,1,36,3
T2,1,1,173,22
T3,2,1,107,17
[192]
T1,0,1,186,26
T2,1,1,121,21
T3,2,0,37,3
[193]
T1,0,0,37,9
T2,1,1,155,10
T3,2,0,56,4
[194]
T1,0,0,48,1
T2,1,0,166,27
T3,2,1,116,24
[195]
T1,0,0,185,60
T2,1,1,53,1
T3,2,0,103,4
[196]
T1,0,0,67,4
T2,1,0,182,7
T3,2,0,30,8
[197]
T1,0,0,37,8
T2,1,1,135,17
T3,2,0,181,8
[198]
T1,0,1,130,29
T2,1,0,188,6
T3,2,0,34,4
[199]
T1,0,1,51,4
T2,1,1,154,33
T3,2,1,100,9
[200]
T1,0,1,173,34
T2,1,0,57,4
T3,2,0,40,4
[201]
T1,0,0,137,12
T2,1,0,186,37
T3,2,1,21,2
[202]
T1,0,1,32,3
T2,1,0,109,22
T3,2,1,192,18
[203]
T1,0,1,152,9
T2,1,1,128,28
T3,2,0,42,4
[204]
T1,0,1,23,7
T2,1,1,199,8
T3,2,1,64,1
[205]
T1,0,0,176,3
T2,1,1,132,15
T3,2,0,40,10
[206]
T1,0,0,69,12
T2,1,1,195,10
T3,2,0,37,6
[207]
T1,0,1,144,2
T2,1,1,164,46
T3,2,0,21,2
[208]
T1,0,1,176,30
T2,1,1,133,4
T3,2,1,38,7
[209]
T1,0,1,169,8
T2,1,1,89,7
T3,2,0,44,11
[210]
T1,0,1,190,5
T2,1,1,26,4
T3,2,1,71,12
[211]
T1,0,1,35,8
T2,1,1,66,9
T3,2,1,190,3
[212]
T1,0,1,198,2
T2,1,1,140,29
T3,2,0,40,7
[213]
T1,0,1,193,67
T2,1,1,47,1
T3,2,1,93,1
[214]
T1,0,0,25,6
T2,1,1,72,2
T3,2,0,192,22
[215]
T1,0,1,89,12
T2,1,0,41,8
T3,2,1,182,7
[216]
T1,0,0,107,13
T2,1,1,46,5
T3,2,1,170,26
[217]
T1,0,0,175,26
T2,1,0,108,5
T3,2,0,22,4
[218]
T1,0,0,173,29
T2,1,1,32,1
T3,2,1,143,25
[219]
T1,0,0,194,39
T2,1,1,67,8
T3,2,0,35,2
[220]
T1,0,0,28,5
T2,1,0,162,19
T3,2,1,142,12
[221]
T1,0,0,96,9
T2,1,1,195,35
T3,2,1,33,3
[222]
T1,0,0,52,1
T2,1,0,171,12
T3,2,1,135,40
[223]
T1,0,0,54,1
T2,1,1,173,36
T3,2,1,104,17
[224]
T1,0,0,198,11
T2,1,1,47,12
T3,2,0,102,6
[225]
T1,0,1,57,3
T2,1,1,164,7
T3,2,0,26,7
[226]
T1,0,1,84,20
T2,1,0,20,2
T3,2,1,167,22
[227]
T1,0,1,151,29
T2,1,1,129,13
T3,2,0,27,2
[228]
T1,0,0,94,5
T2,1,0,193,4
T3,2,1,39,12
[229]
T1,0,1,67,4
T2,1,1,28,2
T3,2,0,186,49
[230]
T1,0,1,37,6
T2,1,1,192,21
T3,2,1,61,6
[231]
T1,0,0,20,1
T2,1,1,197,47
T3,2,1,113,8
[232]
T1,0,1,137,31
T2,1,0,160,22
T3,2,0,23,2
[233]
T1,0,1,184,19
T2,1,0,117,2
T3,2,1,43,11
[234]
T1,0,1,28,5
T2,1,1,112,3
T3,2,0,159,26
[235]
T1,0,0,104,13
T2,1,1,194,2
T3,2,0,50,13
[236]
T1,0,0,106,6
T2,1,1,22,1
T3,2,0,198,55
[237]
T1,0,1,157,1
T2,1,1,44,8
T3,2,0,65,12
[238]
T1,0,1,108,19
T2,1,0,38,1
T3,2,0,172,33
[239]
T1,0,0,199,35
T2,1,1,79,14
T3,2,1,20,2
[240]
T1,0,0,28,3
T2,1,1,178,45
T3,2,1,133,1
[241]
T1,0,0,171,7
T2,1,1,131,44
T3,2,1,43,2
[242]
T1,0,0,60,4
T2,1,0,153,4
T3,2,0,29,8
[243]
T1,0,1,22,1
T2,1,0,69,4
T3,2,0,181,49
[244]
T1,0,1,151,12
T2,1,0,92,4
T3,2,1,30,7
[245]
T1,0,1,195,2
T2,1,0,95,7
T3,2,1,44,13
[246]
T1,0,1,60,17
T2,1,1,149,14
T3,2,0,44,2
[247]
T1,0,1,53,1
T2,1,1,163,13
T3,2,0,99,28
[248]
T1,0,1,183,36
T2,1,1,92,18
T3,2,0,47,2
[249]
T1,0,0,76,20
T2,1,1,152,4
T3,2,1,48,4
[250]
T1,0,1,128,35
T2,1,0,168,15
T3,2,0,30,2
[251]
T1,0,0,135,6
T2,1,0,171,11
T3,2,0,52,14
[252]
T1,0,1,144,1
T2,1,0,198,68
T3,2,0,50,2
[253]
T1,0,0,103,23
T2,1,0,165,24
T3,2,1,43,2
[254]
T1,0,0,44,1
T2,1,0,174,7
T3,2,0,64,21
[255]
T1,0,1,30,8
T2,1,1,168,2
T3,2,0,116,14
[256]
T1,0,1,171,9
T2,1,1,102,14
T3,2,0,31,6
[257]
T1,0,0,195,37
T2,1,1,58,11
T3,2,1,33,2
[258]
T1,0,0,183,32
T2,1,1,134,21
T3,2,1,38,2
[259]
T1,0,1,29,2
T2,1,0,82,7
T3,2,0,157,34
[260]
T1,0,1,33,2
T2,1,1,67,12
T3,2,1,185,37
[261]
T1,0,0,182,51
T2,1,1,78,6
T3,2,0,39,1
[262]
T1,0,0,75,8
T2,1,0,31,1
T3,2,0,156,36
[263]
T1,0,0,116,25
T2,1,1,173,12
T3,2,0,53,5
[264]
T1,0,1,38,3
T2,1,1,55,13
T3,2,0,153,9
[265]
T1,0,1,21,2
T2,1,0,149,23
T3,2,0,129,25
[266]
T1,0,0,194,29
T2,1,0,71,9
T3,2,0,29,3
[267]
T1,0,1,27,5
T2,1,1,173,6
T3,2,0,100,15
[268]
T1,0,0,184,44
T2,1,0,36,4
T3,2,1,120,4
[269]
T1,0,1,49,5
T2,1,1,134,9
T3,2,0,192,41
[270]
T1,0,1,129,17
T2,1,1,175,14
T3,2,0,31,5
[271]
T1,0,1,120,19
T2,1,1,183,15
T3,2,0,36,5
[272]
T1,0,1,155,21
T2,1,1,21,1
T3,2,0,114,22
[273]
T1,0,0,163,35
T2,1,1,22,2
T3,2,1,99,6
[274]
T1,0,1,48,2
T2,1,0,115,37
T3,2,1,158,3
[275]
T1,0,1,191,10
T2,1,0,135,26
T3,2,0,41,5
[276]
T1,0,0,50,9
T2,1,1,91,5
T3,2,0,175,27
[277]
T1,0,1,183,42
T2,1,1,55,2
T3,2,0,41,6
[278]
T1,0,0,69,8
T2,1,1,38,1
T3,2,1,171,38
[279]
T1,0,0,95,2
T2,1,0,189,69
T3,2,1,50,2
[280]
T1,0,0,38,7
T2,1,1,62,5
T3,2,1,164,19
[281]
T1,0,0,29,6
T2,1,1,95,3
T3,2,1,167,20
[282]
T1,0,0,152,5
T2,1,0,36,12
T3,2,1,54,2
[283]
T1,0,0,79,7
T2,1,1,169,6
T3,2,1,45,12
[284]
T1,0,0,154,21
T2,1,0,129,19
T3,2,0,28,3
[285]
T1,0,0,34,5
T2,1,1,127,7
T3,2,1,182,31
[286]
T1,0,0,150,24
T2,1,0,46,3
T3,2,0,100,15
[287]
T1,0,1,45,2
T2,1,1,170,24
T3,2,1,137,27
[288]
T1,0,0,138,14
T2,1,0,46,3
T3,2,1,184,39
[289]
T1,0,1,53,3
T2,1,0,97,21
T3,2,1,183,22
[290]
T1,0,0,163,19
T2,1,1,140,36
T3,2,1,40,2
[291]
T1,0,0,161,9
T2,1,0,34,7
T3,2,1,142,16
[292]
T1,0,1,183,27
T2,1,0,96,1
T3,2,0,31,7
[293]
T1,0,1,115,27
T2,1,0,156,4
T3,2,1,29,3
[294]
T1,0,0,142,18
T2,1,1,52,2
T3,2,1,183,49
[295]
T1,0,0,25,3
T2,1,0,199,21
T3,2,0,103,14
[296]
T1,0,1,179,2
T2,1,0,37,8
T3,2,0,105,16
[297]
T1,0,1,120,41
T2,1,0,171,8
T3,2,1,20,2
[298]
T1,0,1,144,4
T2,1,0,40,1
T3,2,1,192,62
[299]
T1,0,1,155,45
T2,1,0,106,10
T3,2,0,21,2
[300]
T1,0,1,52,14
T2,1,1,183,19
T3,2,0,125,2
[301]
T1,0,0,162,14
T2,1,1,50,13
T3,2,0,99,4
[302]
T1,0,1,102,10
T2,1,0,150,4
T3,2,1,52,14
[303]
T1,0,1,46,12
T2,1,0,73,7
T3,2,0,181,3
[304]
T1,0,0,37,10
T2,1,1,93,3
T3,2,1,183,13
[305]
T1,0,1,182,3
T2,1,0,125,21
T3,2,0,47,9
[306]
T1,0,1,51,2
T2,1,0,152,21
T3,2,0,111,27
[307]
T1,0,0,36,10
T2,1,0,70,4
T3,2,0,180,9
[308]
T1,0,1,192,2
T2,1,1,60,17
T3,2,0,50,4
[309]
T1,0,0,193,24
T2,1,1,33,4
T3,2,1,108,13
[310]
T1,0,0,68,2
T2,1,0,45,4
T3,2,0,153,46
[311]
T1,0,0,70,2
T2,1,1,44,8
T3,2,1,165,26
[312]
T1,0,1,128,17
T2,1,0,41,2
T3,2,1,189,45
[313]
T1,0,1,113,3
T2,1,1,27,9
T3,2,0,154,2
[314]
T1,0,0,78,19
T2,1,1,177,6
T3,2,0,53,6
[315]
T1,0,0,77,21
T2,1,1,26,2
T3,2,0,150,5
[316]
T1,0,0,52,9
T2,1,1,162,3
T3,2,0,111,22
[317]
T1,0,0,180,5
T2,1,0,113,14
T3,2,1,35,8
[318]
T1,0,0,119,22
T2,1,0,150,19
T3,2,0,28,2
[319]
T1,0,0,192,55
T2,1,0,66,4
T3,2,0,44,1
[320]
T1,0,0,133,35
T2,1,1,156,17
T3,2,1,43,2
[321]
T1,0,0,120,22
T2,1,0,166,29
T3,2,1,46,1
[322]
T1,0,1,28,1
T2,1,1,157,22
T3,2,1,72,13
[323]
T1,0,1,115,10
T2,1,0,177,12
T3,2,0,23,5
[324]
T1,0,1,103,18
T2,1,1,161,13
T3,2,0,22,3
[325]
T1,0,1,30,6
T2,1,0,123,17
T3,2,1,199,10
[326]
T1,0,1,170,6
T2,1,1,37,2
T3,2,0,136,40
[327]
T1,0,1,66,17
T2,1,1,182,1
T3,2,0,53,7
[328]
T1,0,0,119,22
T2,1,1,158,19
T3,2,0,40,3
[329]
T1,0,1,185,39
T2,1,1,34,2
T3,2,1,128,22
[330]
T1,0,0,111,6
T2,1,0,152,5
T3,2,0,30,9
[331]
T1,0,1,43,6
T2,1,0,151,1
T3,2,0,117,29
[332]
T1,0,0,135,18
T2,1,1,167,24
T3,2,0,22,2
[333]
T1,0,0,43,1
T2,1,0,93,8
T3,2,1,157,42
[334]
T1,0,0,149,4
T2,1,0,38,5
T3,2,0,88,20
[335]
T1,0,1,152,7
T2,1,1,115,21
T3,2,0,28,4
[336]
T1,0,0,85,4
T2,1,0,183,20
T3,2,1,29,6
[337]
T1,0,1,62,1
T2,1,0,42,2
T3,2,1,164,60
[338]
T1,0,0,112,20
T2,1,1,185,3
T3,2,1,42,8
[339]
T1,0,1,20,3
T2,1,0,54,2
T3,2,0,160,31
[340]
T1,0,1,52,3
T2,1,0,175,15
T3,2,1,109,27
[341]
T1,0,0,160,42
T2,1,1,106,12
T3,2,1,49,2
[342]
T1,0,1,120,5
T2,1,1,34,9
T3,2,1,197,16
[343]
T1,0,0,48,5
T2,1,1,111,7
T3,2,1,158,32
[344]
T1,0,1,117,10
T2,1,0,42,2
T3,2,1,180,45
[345]
T1,0,1,152,19
T2,1,0,75,20
T3,2,0,38,2
[346]
T1,0,1,75,14
T2,1,1,50,2
T3,2,1,189,38
[347]
T1,0,0,122,6
T2,1,1,177,8
T3,2,0,41,12
[348]
T1,0,1,106,15
T2,1,0,41,2
T3,2,1,194,48
[349]
T1,0,0,101,2
T2,1,1,196,72
T3,2,1,42,2
[350]
T1,0,1,28,4
T2,1,0,174,11
T3,2,0,89,16
[351]
T1,0,0,38,1
T2,1,1,193,54
T3,2,0,81,6
[352]
T1,0,0,165,28
T2,1,0,44,2
T3,2,1,103,23
[353]
T1,0,1,43,2
T2,1,1,182,36
T3,2,0,74,13
[354]
T1,0,0,41,4
T2,1,0,87,1
T3,2,1,164,47
[355]
T1,0,1,40,6
T2,1,1,164,32
T3,2,0,86,3
[356]
T1,0,0,105,1
T2,1,1,195,68
T3,2,1,24,2
[357]
T1,0,0,35,3
T2,1,1,144,12
T3,2,0,191,39
[358]
T1,0,1,122,39
T2,1,1,167,11
T3,2,1,23,2
[359]
T1,0,0,90,16
T2,1,0,186,38
T3,2,1,44,2
[360]
T1,0,0,112,16
T2,1,1,168,25
T3,2,1,36,3
[361]
T1,0,1,176,4
T2,1,0,99,19
T3,2,1,24,4
[362]
T1,0,1,37,3
T2,1,1,177,24
T3,2,1,130,22
[363]
T1,0,1,38,5
T2,1,0,173,10
T3,2,0,125,23
[364]
T1,0,1,35,2
T2,1,0,162,41
T3,2,1,73,4
[365]
T1,0,1,164,20
T2,1,0,60,13
T3,2,1,21,1
[366]
T1,0,1,58,2
T2,1,0,172,52
T3,2,0,27,2
[367]
T1,0,1,55,15
T2,1,0,28,2
T3,2,0,160,14
[368]
T1,0,0,107,8
T2,1,1,182,33
T3,2,0,52,7
[369]
T1,0,0,136,17
T2,1,0,38,2
T3,2,0,199,40
[370]
T1,0,1,26,3
T2,1,0,153,8
T3,2,1,86,17
[371]
T1,0,0,196,55
T2,1,1,80,2
T3,2,1,40,4
[372]
T1,0,0,149,37
T2,1,0,67,3
T3,2,0,43,4
[373]
T1,0,0,174,20
T2,1,0,50,9
T3,2,0,88,7
[374]
T1,0,1,44,15
T2,1,1,198,6
T3,2,1,102,1
[375]
T1,0,0,39,5
T2,1,0,178,27
T3,2,1,117,11
[376]
T1,0,0,162,3
T2,1,1,140,52
T3,2,1,28,2
[377]
T1,0,1,113,2
T2,1,1,198,59
T3,2,1,23,1
[378]
T1,0,0,188,6
T2,1,1,108,24
T3,2,0,32,4
[379]
T1,0,0,35,2
T2,1,1,159,2
T3,2,0,113,43
[380]
T1,0,1,172,34
T2,1,0,132,2
T3,2,0,50,9
[381]
T1,0,0,129,1
T2,1,1,165,17
T3,2,0,51,14
[382]
T1,0,1,49,5
T2,1,1,168,24
T3,2,1,74,11
[383]
T1,0,1,186,23
T2,1,0,83,16
T3,2,1,39,2
[384]
T1,0,0,64,5
T2,1,0,185,8
T3,2,0,35,9
[385]
T1,0,1,166,28
T2,1,1,37,6
T3,2,0,91,4
[386]
T1,0,0,60,7
T2,1,1,184,47
T3,2,1,48,2
[387]
T1,0,1,187,15
T2,1,0,142,28
T3,2,0,30,3
[388]
T1,0,1,26,7
T2,1,0,117,9
T3,2,1,154,1
[389]
T1,0,1,39,2
T2,1,1,121,21
T3,2,0,172,28
[390]
T1,0,0,49,3
T2,1,0,68,19
T3,2,0,173,7
[391]
T1,0,1,76,5
T2,1,0,173,28
T3,2,0,46,7
[392]
T1,0,1,99,1
T2,1,1,181,58
T3,2,1,43,2
[393]
T1,0,0,20,4
T2,1,0,74,4
T3,2,1,184,21
[394]
T1,0,1,30,2
T2,1,0,76,15
T3,2,0,163,29
[395]
T1,0,0,182,30
T2,1,1,51,5
T3,2,0,122,14
[396]
T1,0,1,193,28
T2,1,0,143,1
T3,2,1,44,10
[397]
T1,0,0,50,9
T2,1,0,136,3
T3,2,0,170,32
[398]
T1,0,1,74,7
T2,1,0,21,5
T3,2,0,164,7
[399]
T1,0,0,71,3
T2,1,1,26,2
T3,2,1,167,57
[400]
T1,0,0,24,4
T2,1,0,151,3
T3,2,1,81,16
[401]
T1,0,1,167,33
T2,1,0,106,12
T3,2,1,31,2
[402]
T1,0,0,97,13
T2,1,1,39,2
T3,2,1,160,38
[403]
T1,0,1,38,1
T2,1,0,196,68
T3,2,1,141,2
[404]
T1,0,0,44,4
T2,1,1,192,3
T3,2,1,137,38
[405]
T1,0,1,94,25
T2,1,1,32,3
T3,2,1,170,2
[406]
T1,0,0,44,1
T2,1,0,157,24
T3,2,0,75,16
[407]
T1,0,0,30,2
T2,1,0,186,21
T3,2,0,81,15
[408]
T1,0,0,119,11
T2,1,1,54,11
T3,2,1,161,14
[409]
T1,0,1,46,13
T2,1,0,176,16
T3,2,0,81,1
[410]
T1,0,0,147,35
T2,1,1,37,1
T3,2,1,173,19
[411]
T1,0,1,53,4
T2,1,1,160,29
T3,2,0,138,18
[412]
T1,0,1,172,8
T2,1,0,30,3
T3,2,1,110,27
[413]
T1,0,1,177,52
T2,1,1,144,2
T3,2,0,21,1
[414]
T1,0,0,136,4
T2,1,1,184,11
T3,2,1,26,7
[415]
T1,0,0,27,5
T2,1,0,64,8
T3,2,1,183,15
[416]
T1,0,0,36,7
T2,1,1,188,27
T3,2,1,126,6
[417]
T1,0,0,117,15
T2,1,1,26,5
T3,2,0,155,10
[418]
T1,0,1,164,2
T2,1,0,54,10
T3,2,1,52,9
[419]
T1,0,0,40,4
T2,1,1,153,40
T3,2,0,88,1
[420]
T1,0,0,62,11
T2,1,0,47,6
T3,2,0,169,11
[421]
T1,0,0,39,2
T2,1,1,95,26
T3,2,1,180,10
[422]
T1,0,1,188,2
T2,1,1,130,15
T3,2,0,50,13
[423]
T1,0,1,109,12
T2,1,1,38,2
T3,2,1,153,34
[424]
T1,0,0,98,16
T2,1,1,50,10
T3,2,1,171,5
[425]
T1,0,1,92,2
T2,1,1,193,11
T3,2,1,51,16
[426]
T1,0,1,161,12
T2,1,1,47,2
T3,2,0,106,33
[427]
T1,0,1,190,1
T2,1,0,101,18
T3,2,1,26,5
[428]
T1,0,0,80,18
T2,1,1,182,2
T3,2,1,36,6
[429]
T1,0,0,21,3
T2,1,1,77,2
T3,2,1,159,39
[430]
T1,0,1,105,24
T2,1,1,177,2
T3,2,1,26,4
[431]
T1,0,0,184,5
T2,1,0,62,11
T3,2,0,32,5
[432]
T1,0,1,168,39
T2,1,1,117,14
T3,2,0,35,1
[433]
T1,0,0,105,9
T2,1,1,161,15
T3,2,0,48,10
[434]
T1,0,1,152,33
T2,1,1,53,1
T3,2,0,114,18
[435]
T1,0,1,28,4
T2,1,0,171,36
T3,2,0,135,4
[436]
T1,0,1,40,2
T2,1,0,55,4
T3,2,0,172,44
[437]
T1,0,0,186,65
T2,1,0,70,3
T3,2,0,23,2
[438]
T1,0,0,176,7
T2,1,0,102,24
T3,2,1,37,4
[439]
T1,0,0,33,1
T2,1,1,88,31
T3,2,0,194,1
[440]
T1,0,0,38,1
T2,1,1,71,14
T3,2,0,148,25
[441]
T1,0,1,111,3
T2,1,0,33,6
T3,2,0,175,28
[442]
T1,0,1,34,5
T2,1,1,67,8
T3,2,1,196,20
[443]
T1,0,0,94,8
T2,1,0,41,1
T3,2,1,191,52
[444]
T1,0,1,56,18
T2,1,0,167,2
T3,2,1,38,2
[445]
T1,0,1,166,40
T2,1,0,52,3
T3,2,0,92,7
[446]
T1,0,0,59,2
T2,1,0,33,4
T3,2,0,169,35
[447]
T1,0,1,197,13
T2,1,1,110,1
T3,2,0,47,14
[448]
T1,0,1,117,2
T2,1,1,199,8
T3,2,1,36,11
[449]
T1,0,0,37,1
T2,1,0,99,23
T3,2,0,188,23
[450]
T1,0,0,132,1
T2,1,1,24,8
T3,2,0,155,2
[451]
T1,0,1,47,6
T2,1,0,179,25
T3,2,0,105,12
[452]
T1,0,1,41,9
T2,1,0,143,21
T3,2,1,159,4
[453]
T1,0,1,105,5
T2,1,0,29,3
T3,2,1,148,35
[454]
T1,0,0,29,5
T2,1,0,158,28
T3,2,1,92,1
[455]
T1,0,0,30,4
T2,1,1,88,8
T3,2,1,192,26
[456]
T1,0,1,123,4
T2,1,1,162,36
T3,2,1,42,6
[457]
T1,0,0,98,5
T2,1,0,191,7
T3,2,1,43,12
[458]
T1,0,1,95,23
T2,1,1,169,17
T3,2,1,24,1
[459]
T1,0,1,157,48
T2,1,1,46,1
T3,2,0,55,2
[460]
T1,0,0,87,11
T2,1,1,152,7
T3,2,0,30,6
[461]
T1,0,0,111,28
T2,1,1,32,2
T3,2,1,171,23
[462]
T1,0,0,122,31
T2,1,0,159,17
T3,2,1,44,1
[463]
T1,0,0,171,50
T2,1,0,115,7
T3,2,1,26,2
[464]
T1,0,1,154,29
T2,1,0,37,7
T3,2,0,137,1
[465]
T1,0,1,52,5
T2,1,0,80,1
T3,2,1,165,44
[466]
T1,0,1,35,2
T2,1,0,181,7
T3,2,1,105,31
[467]
T1,0,1,187,26
T2,1,0,56,1
T3,2,0,21,4
[468]
T1,0,1,166,13
T2,1,0,117,8
T3,2,0,54,13
[469]
T1,0,1,53,4
T2,1,0,55,6
T3,2,0,156,32
[470]
T1,0,0,28,2
T2,1,0,149,34
T3,2,1,60,5
[471]
T1,0,1,132,24
T2,1,0,26,4
T3,2,0,163,8
[472]
T1,0,1,35,3
T2,1,1,151,2
T3,2,0,104,30
[473]
T1,0,0,48,12
T2,1,0,182,2
T3,2,0,56,7
[474]
T1,0,1,117,4
T2,1,1,151,47
T3,2,1,27,1
[475]
T1,0,0,43,2
T2,1,1,162,49
T3,2,1,68,5
[476]
T1,0,1,184,20
T2,1,0,25,2
T3,2,1,80,21
[477]
T1,0,1,171,42
T2,1,0,105,2
T3,2,1,34,4
[478]
T1,0,0,38,12
T2,1,1,91,5
T3,2,0,174,2
[479]
T1,0,0,187,50
T2,1,0,121,8
T3,2,0,43,2
[480]
T1,0,0,53,2
T2,1,0,193,43
T3,2,1,147,18
[481]
T1,0,1,75,2
T2,1,1,199,9
T3,2,1,32,10
[482]
T1,0,0,76,15
T2,1,0,157,5
T3,2,1,36,5
[483]
T1,0,0,91,33
T2,1,0,174,5
T3,2,1,29,2
[484]
T1,0,0,151,2
T2,1,0,96,2
T3,2,1,29,11
[485]
T1,0,1,39,2
T2,1,1,168,14
T3,2,1,98,29
[486]
T1,0,0,188,29
T2,1,1,109,17
T3,2,0,24,1
[487]
T1,0,1,198,6
T2,1,0,36,4
T3,2,1,101,23
[488]
T1,0,0,181,18
T2,1,0,98,16
T3,2,1,41,5
[489]
T1,0,1,164,25
T2,1,1,131,12
T3,2,0,27,3
[490]
T1,0,1,33,7
T2,1,0,106,7
T3,2,0,187,16
[491]
T1,0,1,147,29
T2,1,0,52,6
T3,2,1,71,5
[492]
T1,0,0,182,25
T2,1,0,49,2
T3,2,0,86,17
[493]
T1,0,1,45,5
T2,1,0,191,38
T3,2,1,91,6
[494]
T1,0,1,92,19
T2,1,1,45,2
T3,2,0,161,27
[495]
T1,0,1,128,7
T2,1,0,193,64
T3,2,0,53,2
[496]
T1,0,0,65,4
T2,1,0,50,5
T3,2,0,187,38
[497]
T1,0,1,37,7
T2,1,0,68,6
T3,2,1,166,15
[498]
T1,0,0,194,37
T2,1,0,135,25
T3,2,1,25,2
[499]
T1,0,0,30,5
T2,1,1,150,16
T3,2,1,82,9
[500]
T1,0,1,149,41
T2,1,0,58,1
T3,2,1,37,3
