num_task_per_taskset=3
num_taskset=500
//ID,Priority,Offset,Period,Execution Time
[1]
T1,0,0,164,25
T2,1,0,110,2
T3,2,1,36,11
[2]
T1,0,0,146,56
T2,1,0,162,17
T3,2,0,37,2
[3]
T1,0,1,160,29
T2,1,1,23,3
T3,2,1,134,19
[4]
T1,0,1,178,5
T2,1,1,34,4
T3,2,0,118,40
[5]
T1,0,1,195,32
T2,1,1,48,3
T3,2,0,146,38
[6]
T1,0,1,168,33
T2,1,1,106,30
T3,2,0,22,2
[7]
T1,0,0,184,7
T2,1,1,122,2
T3,2,1,29,12
[8]
T1,0,1,125,14
T2,1,1,195,55
T3,2,1,49,5
[9]
T1,0,1,29,2
T2,1,1,69,20
T3,2,0,157,29
[10]
T1,0,1,33,3
T2,1,1,56,20
T3,2,1,189,2
[11]
T1,0,0,24,5
T2,1,1,91,22
T3,2,0,191,4
[12]
T1,0,0,92,24
T2,1,1,186,29
T3,2,1,36,2
[13]
T1,0,1,171,15
T2,1,0,43,12
T3,2,1,101,12
[14]
T1,0,0,29,1
T2,1,0,183,19
T3,2,0,83,29
[15]
T1,0,0,101,2
T2,1,0,153,7
T3,2,0,21,8
[16]
T1,0,0,179,64
T2,1,0,35,2
T3,2,0,94,12
[17]
T1,0,1,193,47
T2,1,0,48,7
T3,2,1,96,9
[18]
T1,0,0,59,21
T2,1,0,42,3
T3,2,0,150,9
[19]
T1,0,0,23,2
T2,1,1,150,58
T3,2,1,120,2
[20]
T1,0,1,46,3
T2,1,1,81,4
T3,2,0,153,55
[21]
T1,0,0,51,6
T2,1,1,149,37
T3,2,0,83,10
[22]
T1,0,0,104,8
T2,1,1,154,33
T3,2,1,48,9
[23]
T1,0,1,189,32
T2,1,1,34,10
T3,2,1,96,1
[24]
T1,0,1,56,5
T2,1,0,153,46
T3,2,0,36,3
[25]
T1,0,1,68,5
T2,1,0,155,24
T3,2,0,48,12
[26]
T1,0,0,21,6
T2,1,0,101,11
T3,2,0,178,17
[27]
T1,0,1,164,20
T2,1,0,40,2
T3,2,0,139,50
[28]
T1,0,0,28,1
T2,1,1,59,7
T3,2,1,160,49
[29]
T1,0,1,42,14
T2,1,1,175,2
T3,2,0,118,15
[30]
T1,0,1,59,9
T2,1,1,43,13
T3,2,0,152,4
[31]
T1,0,0,191,23
T2,1,0,130,5
T3,2,1,52,17
[32]
T1,0,1,68,5
T2,1,1,41,11
T3,2,1,161,21
[33]
T1,0,0,70,13
T2,1,0,196,11
T3,2,0,50,12
[34]
T1,0,0,104,30
T2,1,1,45,6
T3,2,0,176,11
[35]
T1,0,0,160,58
T2,1,1,22,2
T3,2,0,89,8
[36]
T1,0,1,32,9
T2,1,0,74,2
T3,2,1,168,34
[37]
T1,0,0,196,23
T2,1,0,52,17
T3,2,1,75,3
[38]
T1,0,1,178,42
T2,1,0,94,19
T3,2,1,27,1
[39]
T1,0,1,20,2
T2,1,1,65,6
T3,2,0,168,66
[40]
T1,0,0,53,13
T2,1,1,75,13
T3,2,0,182,12
[41]
T1,0,0,164,50
T2,1,0,37,6
T3,2,1,124,2
[42]
T1,0,0,189,36
T2,1,1,33,7
T3,2,1,68,6
[43]
T1,0,0,49,10
T2,1,0,177,31
T3,2,0,127,13
[44]
T1,0,0,52,15
T2,1,0,168,3
T3,2,1,59,10
[45]
T1,0,0,171,60
T2,1,1,126,10
T3,2,1,47,2
[46]
T1,0,0,161,49
T2,1,0,29,2
T3,2,1,56,9
[47]
T1,0,1,69,4
T2,1,1,189,1
T3,2,1,52,21
[48]
T1,0,0,93,7
T2,1,0,172,19
T3,2,1,24,7
[49]
T1,0,1,23,2
T2,1,0,178,68
T3,2,0,89,8
[50]
T1,0,0,62,9
T2,1,0,52,7
T3,2,0,190,40
[51]
T1,0,0,29,5
T2,1,1,159,48
T3,2,0,59,2
[52]
T1,0,0,116,2
T2,1,1,26,6
T3,2,1,189,45
[53]
T1,0,0,99,23
T2,1,1,21,2
T3,2,0,167,35
[54]
T1,0,0,20,5
T2,1,1,147,26
T3,2,0,171,3
[55]
T1,0,1,58,24
T2,1,0,176,5
T3,2,0,51,2
[56]
T1,0,0,52,4
T2,1,1,177,22
T3,2,1,120,35
[57]
T1,0,0,20,2
T2,1,1,154,33
T3,2,1,131,36
[58]
T1,0,1,185,27
T2,1,0,48,7
T3,2,1,136,27
[59]
T1,0,1,162,31
T2,1,0,35,8
T3,2,1,94,6
[60]
T1,0,0,188,12
T2,1,0,136,12
T3,2,0,44,14
[61]
T1,0,1,159,41
T2,1,1,126,28
T3,2,1,36,2
[62]
T1,0,1,21,1
T2,1,0,153,41
T3,2,1,78,12
[63]
T1,0,0,162,7
T2,1,0,64,18
T3,2,1,24,4
[64]
T1,0,0,46,2
T2,1,1,171,43
T3,2,1,131,24
[65]
T1,0,0,35,5
T2,1,0,71,18
T3,2,1,174,15
[66]
T1,0,1,49,2
T2,1,0,166,60
T3,2,1,134,10
[67]
T1,0,0,198,18
T2,1,0,93,19
T3,2,0,36,6
[68]
T1,0,1,156,2
T2,1,1,40,15
T3,2,1,87,8
[69]
T1,0,0,85,17
T2,1,1,46,8
T3,2,0,180,21
[70]
T1,0,1,193,5
T2,1,0,103,13
T3,2,1,34,11
[71]
T1,0,1,56,7
T2,1,1,190,19
T3,2,0,39,10
[72]
T1,0,1,163,41
T2,1,1,32,7
T3,2,0,83,1
[73]
T1,0,1,39,12
T2,1,1,126,19
T3,2,1,170,5
[74]
T1,0,0,28,1
T2,1,1,63,15
T3,2,0,155,31
[75]
T1,0,0,182,19
T2,1,1,129,17
T3,2,0,32,8
[76]
T1,0,1,173,8
T2,1,0,100,7
T3,2,0,29,10
[77]
T1,0,0,37,6
T2,1,0,69,1
T3,2,1,167,51
[78]
T1,0,0,149,34
T2,1,0,80,13
T3,2,1,38,3
[79]
T1,0,1,25,5
T2,1,0,153,12
T3,2,1,120,22
[80]
T1,0,0,97,21
T2,1,1,196,42
T3,2,1,50,2
[81]
T1,0,0,32,2
T2,1,1,189,18
T3,2,1,74,23
[82]
T1,0,0,100,19
T2,1,1,40,5
T3,2,0,159,25
[83]
T1,0,0,115,1
T2,1,1,53,20
T3,2,0,195,18
[84]
T1,0,1,100,7
T2,1,1,39,15
T3,2,0,193,3
[85]
T1,0,1,169,30
T2,1,0,27,2
T3,2,1,103,31
[86]
T1,0,0,175,54
T2,1,1,127,9
T3,2,1,27,3
[87]
T1,0,0,162,3
T2,1,0,89,10
T3,2,1,47,16
[88]
T1,0,0,49,4
T2,1,1,191,74
T3,2,0,90,1
[89]
T1,0,1,180,55
T2,1,1,49,2
T3,2,1,95,16
[90]
T1,0,1,166,18
T2,1,0,53,2
T3,2,1,119,45
[91]
T1,0,1,168,1
T2,1,0,85,4
T3,2,0,24,10
[92]
T1,0,0,154,1
T2,1,0,87,30
T3,2,1,46,6
[93]
T1,0,0,28,9
T2,1,1,144,14
T3,2,0,193,12
[94]
T1,0,1,43,2
T2,1,0,64,23
T3,2,0,198,12
[95]
T1,0,0,103,5
T2,1,1,179,69
T3,2,0,27,1
[96]
T1,0,0,29,9
T2,1,1,141,20
T3,2,0,155,4
[97]
T1,0,0,111,34
T2,1,1,152,12
T3,2,1,48,4
[98]
T1,0,0,197,16
T2,1,1,68,4
T3,2,1,46,16
[99]
T1,0,0,198,11
T2,1,0,38,13
T3,2,1,96,8
[100]
T1,0,1,186,35
T2,1,0,38,6
T3,2,1,130,19
[101]
T1,0,0,82,27
T2,1,0,148,23
T3,2,0,52,2
[102]
T1,0,1,178,28
T2,1,1,61,1
T3,2,0,41,12
[103]
T1,0,0,22,10
T2,1,1,175,5
T3,2,0,140,1
[104]
T1,0,0,181,9
T2,1,0,125,39
T3,2,0,35,4
[105]
T1,0,1,74,18
T2,1,0,177,23
T3,2,1,23,2
[106]
T1,0,0,62,8
T2,1,0,50,1
T3,2,0,154,49
[107]
T1,0,0,182,12
T2,1,1,142,12
T3,2,1,46,15
[108]
T1,0,0,51,5
T2,1,1,190,66
T3,2,1,94,4
[109]
T1,0,1,161,58
T2,1,1,37,1
T3,2,1,115,12
[110]
T1,0,0,81,14
T2,1,1,163,39
T3,2,1,20,1
[111]
T1,0,0,51,14
T2,1,0,179,28
T3,2,1,112,6
[112]
T1,0,0,26,1
T2,1,0,83,11
T3,2,1,189,54
[113]
T1,0,0,146,25
T2,1,1,30,8
T3,2,1,175,5
[114]
T1,0,0,37,10
T2,1,0,101,11
T3,2,1,179,19
[115]
T1,0,1,147,20
T2,1,1,180,52
T3,2,0,34,2
[116]
T1,0,1,154,39
T2,1,0,103,12
T3,2,1,33,4
[117]
T1,0,0,21,6
T2,1,1,93,10
T3,2,0,156,14
[118]
T1,0,1,183,7
T2,1,1,32,7
T3,2,1,68,16
[119]
T1,0,1,178,25
T2,1,1,28,5
T3,2,1,144,21
[120]
T1,0,0,127,40
T2,1,1,184,33
T3,2,1,43,2
[121]
T1,0,0,20,2
T2,1,0,144,22
T3,2,0,181,55
[122]
T1,0,0,31,7
T2,1,1,70,14
T3,2,0,187,11
[123]
T1,0,0,62,8
T2,1,0,48,11
T3,2,1,157,20
[124]
T1,0,0,73,1
T2,1,1,154,4
T3,2,0,48,22
[125]
T1,0,1,41,14
T2,1,1,174,3
T3,2,0,77,9
[126]
T1,0,1,37,2
T2,1,1,133,62
T3,2,1,197,3
[127]
T1,0,1,34,2
T2,1,0,106,22
T3,2,1,168,46
[128]
T1,0,1,154,15
T2,1,1,72,6
T3,2,0,37,11
[129]
T1,0,0,186,3
T2,1,0,96,7
T3,2,1,44,17
[130]
T1,0,0,34,9
T2,1,1,183,39
T3,2,0,117,2
[131]
T1,0,1,33,1
T2,1,1,145,49
T3,2,0,190,21
[132]
T1,0,1,194,38
T2,1,1,39,4
T3,2,1,86,17
[133]
T1,0,0,65,9
T2,1,0,24,4
T3,2,0,155,24
[134]
T1,0,1,147,21
T2,1,1,83,13
T3,2,1,44,8
[135]
T1,0,0,82,5
T2,1,1,44,11
T3,2,0,151,24
[136]
T1,0,0,173,41
T2,1,1,41,7
T3,2,0,82,7
[137]
T1,0,1,187,75
T2,1,1,47,2
T3,2,0,59,2
[138]
T1,0,1,27,8
T2,1,1,88,11
T3,2,1,150,5
[139]
T1,0,1,155,33
T2,1,0,30,3
T3,2,1,119,21
[140]
T1,0,0,28,3
T2,1,0,113,3
T3,2,0,156,56
[141]
T1,0,1,76,5
T2,1,1,34,1
T3,2,1,155,61
[142]
T1,0,1,82,16
T2,1,0,165,37
T3,2,0,41,2
[143]
T1,0,0,90,37
T2,1,1,190,4
T3,2,0,32,1
[144]
T1,0,1,35,2
T2,1,0,192,49
T3,2,0,117,19
[145]
T1,0,1,114,8
T2,1,0,39,6
T3,2,1,192,47
[146]
T1,0,1,41,2
T2,1,0,159,36
T3,2,0,87,17
[147]
T1,0,0,45,13
T2,1,0,107,3
T3,2,1,198,32
[148]
T1,0,1,167,3
T2,1,0,100,29
T3,2,0,20,3
[149]
T1,0,0,28,3
T2,1,0,67,18
T3,2,1,184,21
[150]
T1,0,1,85,2
T2,1,1,157,27
T3,2,0,32,9
[151]
T1,0,1,33,7
T2,1,1,148,26
T3,2,1,79,7
[152]
T1,0,0,115,25
T2,1,0,48,2
T3,2,0,197,50
[153]
T1,0,0,26,12
T2,1,0,89,1
T3,2,1,162,3
[154]
T1,0,1,161,49
T2,1,1,106,11
T3,2,0,50,4
[155]
T1,0,1,159,17
T2,1,0,73,16
T3,2,0,44,7
[156]
T1,0,0,70,2
T2,1,1,31,5
T3,2,0,176,56
[157]
T1,0,1,157,58
T2,1,0,112,10
T3,2,0,28,2
[158]
T1,0,0,167,21
T2,1,1,119,2
T3,2,0,34,12
[159]
T1,0,0,118,16
T2,1,0,50,5
T3,2,1,156,40
[160]
T1,0,0,51,3
T2,1,1,87,29
T3,2,0,158,13
[161]
T1,0,0,118,9
T2,1,0,173,58
T3,2,1,47,3
[162]
T1,0,1,189,35
T2,1,1,116,25
T3,2,0,44,4
[163]
T1,0,0,98,15
T2,1,1,149,17
T3,2,1,27,5
[164]
T1,0,0,118,5
T2,1,1,169,11
T3,2,1,24,9
[165]
T1,0,0,152,25
T2,1,1,124,37
T3,2,1,20,2
[166]
T1,0,1,41,7
T2,1,0,99,3
T3,2,0,169,46
[167]
T1,0,0,115,20
T2,1,1,43,7
T3,2,1,199,29
[168]
T1,0,0,31,5
T2,1,0,118,19
T3,2,0,179,29
[169]
T1,0,1,151,10
T2,1,1,81,25
T3,2,1,32,3
[170]
T1,0,0,157,33
T2,1,0,27,5
T3,2,0,68,6
[171]
T1,0,1,104,15
T2,1,0,23,2
T3,2,1,180,60
[172]
T1,0,1,166,60
T2,1,1,129,14
T3,2,1,45,2
[173]
T1,0,0,52,6
T2,1,0,153,15
T3,2,0,138,37
[174]
T1,0,1,105,4
T2,1,0,30,3
T3,2,0,172,61
[175]
T1,0,0,162,25
T2,1,0,100,25
T3,2,1,41,3
[176]
T1,0,0,23,7
T2,1,0,83,12
T3,2,1,194,2
[177]
T1,0,1,48,15
T2,1,1,189,12
T3,2,0,72,8
[178]
T1,0,1,169,62
T2,1,0,48,3
T3,2,0,80,5
[179]
T1,0,0,170,28
T2,1,0,24,2
T3,2,0,134,32
[180]
T1,0,0,168,45
T2,1,0,50,2
T3,2,1,66,14
[181]
T1,0,1,119,10
T2,1,1,36,10
T3,2,0,151,17
[182]
T1,0,1,26,3
T2,1,0,105,14
T3,2,0,166,38
[183]
T1,0,1,151,11
T2,1,0,127,18
T3,2,1,35,9
[184]
T1,0,1,168,57
T2,1,0,121,13
T3,2,1,43,1
[185]
T1,0,1,176,25
T2,1,1,21,4
T3,2,1,117,14
[186]
T1,0,0,60,2
T2,1,1,154,31
T3,2,1,38,10
[187]
T1,0,0,149,19
T2,1,1,67,5
T3,2,0,53,15
[188]
T1,0,0,43,3
T2,1,0,158,20
T3,2,1,147,41
[189]
T1,0,0,60,16
T2,1,1,49,9
T3,2,0,196,7
[190]
T1,0,1,138,4
T2,1,0,31,2
T3,2,0,175,70
[191]
T1,0,0,172,47
T2,1,0,90,14
T3,2,0,46,2
[192]
T1,0,1,68,2
T2,1,0,50,3
T3,2,0,156,64
[193]
T1,0,1,43,5
T2,1,1,168,54
T3,2,1,82,3
[194]
T1,0,0,86,15
T2,1,0,180,17
T3,2,0,40,8
[195]
T1,0,0,155,49
T2,1,1,93,15
T3,2,0,27,2
[196]
T1,0,1,43,5
T2,1,1,154,49
T3,2,0,105,5
[197]
T1,0,0,73,17
T2,1,1,28,4
T3,2,0,193,15
[198]
T1,0,1,129,4
T2,1,1,29,9
T3,2,1,155,22
[199]
T1,0,0,24,7
T2,1,0,190,6
T3,2,1,97,12
[200]
T1,0,0,190,43
T2,1,1,53,8
T3,2,1,112,12
[201]
T1,0,0,176,73
T2,1,0,34,2
T3,2,1,138,10
[202]
T1,0,0,45,12
T2,1,0,193,2
T3,2,1,119,25
[203]
T1,0,1,31,13
T2,1,1,182,6
T3,2,0,143,5
[204]
T1,0,0,156,28
T2,1,0,120,25
T3,2,1,47,5
[205]
T1,0,0,111,8
T2,1,0,156,64
T3,2,1,46,2
[206]
T1,0,1,79,10
T2,1,0,198,72
T3,2,1,53,2
[207]
T1,0,1,93,6
T2,1,1,177,1
T3,2,1,52,21
[208]
T1,0,1,39,2
T2,1,0,185,54
T3,2,1,143,26
[209]
T1,0,0,111,22
T2,1,1,47,13
T3,2,1,169,2
[210]
T1,0,0,171,8
T2,1,0,102,11
T3,2,0,23,7
[211]
T1,0,0,45,5
T2,1,0,179,14
T3,2,0,85,25
[212]
T1,0,0,199,21
T2,1,1,34,11
T3,2,1,69,4
[213]
T1,0,0,33,4
T2,1,1,162,42
T3,2,0,58,5
[214]
T1,0,0,172,78
T2,1,1,58,2
T3,2,1,43,1
[215]
T1,0,1,147,7
T2,1,1,164,2
T3,2,0,40,17
[216]
T1,0,1,191,32
T2,1,1,121,19
T3,2,1,44,7
[217]
T1,0,1,28,6
T2,1,1,173,30
T3,2,0,132,11
[218]
T1,0,0,142,13
T2,1,0,183,23
T3,2,1,26,7
[219]
T1,0,0,157,36
T2,1,1,92,2
T3,2,1,45,10
[220]
T1,0,1,193,45
T2,1,1,92,10
T3,2,0,30,4
[221]
T1,0,1,21,5
T2,1,0,190,14
T3,2,0,105,15
[222]
T1,0,0,118,39
T2,1,1,26,2
T3,2,0,185,11
[223]
T1,0,1,193,1
T2,1,0,30,8
T3,2,1,69,13
[224]
T1,0,1,189,6
T2,1,1,51,7
T3,2,1,83,26
[225]
T1,0,0,79,13
T2,1,1,173,6
T3,2,1,23,6
[226]
T1,0,0,52,3
T2,1,0,142,58
T3,2,0,171,2
[227]
T1,0,0,37,10
T2,1,0,82,15
T3,2,0,186,3
[228]
T1,0,1,118,24
T2,1,0,39,11
T3,2,0,189,2
[229]
T1,0,0,38,5
T2,1,0,176,12
T3,2,0,97,28
[230]
T1,0,0,41,7
T2,1,0,172,41
T3,2,0,103,8
[231]
T1,0,0,155,33
T2,1,0,28,6
T3,2,0,72,4
[232]
T1,0,0,195,43
T2,1,1,134,21
T3,2,1,54,6
[233]
T1,0,1,160,57
T2,1,1,135,15
T3,2,0,43,1
[234]
T1,0,1,166,10
T2,1,1,45,17
T3,2,1,75,4
[235]
T1,0,1,26,2
T2,1,0,94,8
T3,2,0,189,56
[236]
T1,0,1,168,42
T2,1,1,48,7
T3,2,1,60,5
[237]
T1,0,1,168,19
T2,1,1,89,1
T3,2,0,38,14
[238]
T1,0,1,155,8
T2,1,1,118,49
T3,2,1,37,2
[239]
T1,0,0,116,24
T2,1,0,35,3
T3,2,0,159,29
[240]
T1,0,0,84,17
T2,1,1,28,4
T3,2,0,154,20
[241]
T1,0,1,23,2
T2,1,1,136,11
T3,2,0,187,73
[242]
T1,0,0,181,7
T2,1,0,30,2
T3,2,0,81,36
[243]
T1,0,0,47,2
T2,1,1,148,40
T3,2,0,100,17
[244]
T1,0,1,86,1
T2,1,1,197,43
T3,2,1,22,5
[245]
T1,0,0,169,38
T2,1,0,44,10
T3,2,1,72,2
[246]
T1,0,1,48,9
T2,1,1,191,57
T3,2,0,58,2
[247]
T1,0,1,53,5
T2,1,0,165,33
T3,2,1,90,17
[248]
T1,0,0,150,13
T2,1,1,31,3
T3,2,1,90,26
[249]
T1,0,0,157,34
T2,1,0,35,2
T3,2,1,133,36
[250]
T1,0,1,46,6
T2,1,0,94,24
T3,2,0,158,13
[251]
T1,0,0,158,11
T2,1,1,98,23
T3,2,0,27,5
[252]
T1,0,1,67,1
T2,1,1,166,12
T3,2,1,41,16
[253]
T1,0,1,193,50
T2,1,0,38,8
T3,2,1,61,2
[254]
T1,0,0,159,44
T2,1,0,81,15
T3,2,0,51,1
[255]
T1,0,1,195,47
T2,1,1,99,2
T3,2,0,40,9
[256]
T1,0,0,107,37
T2,1,1,32,2
T3,2,1,196,15
[257]
T1,0,1,191,2
T2,1,1,108,37
T3,2,0,44,6
[258]
T1,0,1,120,5
T2,1,0,178,38
T3,2,1,44,10
[259]
T1,0,0,31,7
T2,1,0,166,42
T3,2,1,111,2
[260]
T1,0,1,29,1
T2,1,1,160,36
T3,2,0,132,29
[261]
T1,0,1,37,3
T2,1,1,99,1
T3,2,0,156,61
[262]
T1,0,0,136,3
T2,1,1,39,12
T3,2,1,184,29
[263]
T1,0,1,25,4
T2,1,1,172,31
T3,2,1,87,10
[264]
T1,0,0,67,15
T2,1,1,184,45
T3,2,1,47,1
[265]
T1,0,0,46,1
T2,1,1,157,22
T3,2,1,70,22
[266]
T1,0,1,24,7
T2,1,0,145,13
T3,2,1,199,19
[267]
T1,0,1,48,3
T2,1,1,178,20
T3,2,1,96,29
[268]
T1,0,0,29,10
T2,1,1,110,13
T3,2,1,192,5
[269]
T1,0,1,189,16
T2,1,0,69,1
T3,2,1,51,19
[270]
T1,0,0,57,4
T2,1,1,163,42
T3,2,1,50,7
[271]
T1,0,1,32,9
T2,1,0,187,16
T3,2,0,118,12
[272]
T1,0,0,68,2
T2,1,1,195,89
T3,2,1,39,1
[273]
T1,0,0,34,8
T2,1,1,146,15
T3,2,0,192,26
[274]
T1,0,1,133,14
T2,1,1,162,39
T3,2,1,32,4
[275]
T1,0,1,131,1
T2,1,1,33,5
T3,2,1,158,48
[276]
T1,0,0,90,2
T2,1,0,26,10
T3,2,1,151,15
[277]
T1,0,1,64,6
T2,1,0,174,43
T3,2,1,21,3
[278]
T1,0,0,38,13
T2,1,1,186,9
T3,2,0,128,10
[279]
T1,0,1,94,1
T2,1,0,45,19
T3,2,0,181,8
[280]
T1,0,0,96,2
T2,1,0,52,23
T3,2,0,191,8
[281]
T1,0,0,119,12
T2,1,1,181,64
T3,2,1,32,1
[282]
T1,0,0,199,1
T2,1,1,27,7
T3,2,0,124,27
[283]
T1,0,1,130,33
T2,1,1,181,2
T3,2,1,39,9
[284]
T1,0,1,140,13
T2,1,0,21,4
T3,2,1,172,31
[285]
T1,0,0,156,2
T2,1,1,112,33
T3,2,0,20,3
[286]
T1,0,0,165,40
T2,1,1,143,2
T3,2,1,35,8
[287]
T1,0,1,132,1
T2,1,1,49,2
T3,2,0,153,67
[288]
T1,0,1,165,28
T2,1,1,42,2
T3,2,1,116,36
[289]
T1,0,0,75,15
T2,1,1,26,4
T3,2,0,172,21
[290]
T1,0,1,135,9
T2,1,0,163,32
T3,2,1,48,10
[291]
T1,0,1,47,19
T2,1,0,175,2
T3,2,0,131,9
[292]
T1,0,0,161,10
T2,1,0,27,9
T3,2,1,121,8
[293]
T1,0,0,187,12
T2,1,0,80,21
T3,2,1,50,8
[294]
T1,0,0,20,1
T2,1,0,62,27
T3,2,0,153,2
[295]
T1,0,0,167,3
T2,1,0,93,12
T3,2,1,23,7
[296]
T1,0,0,48,2
T2,1,0,197,13
T3,2,0,70,26
[297]
T1,0,1,129,36
T2,1,0,170,32
T3,2,1,33,2
[298]
T1,0,0,70,11
T2,1,0,149,1
T3,2,1,49,16
[299]
T1,0,1,35,4
T2,1,0,177,40
T3,2,1,101,13
[300]
T1,0,0,60,23
T2,1,1,39,1
T3,2,1,164,10
[301]
T1,0,1,172,2
T2,1,1,41,15
T3,2,1,143,16
[302]
T1,0,0,185,36
T2,1,0,106,14
T3,2,1,20,3
[303]
T1,0,0,187,5
T2,1,1,147,61
T3,2,1,46,2
[304]
T1,0,1,71,22
T2,1,1,194,12
T3,2,1,52,6
[305]
T1,0,0,188,21
T2,1,0,35,7
T3,2,1,140,25
[306]
T1,0,1,28,5
T2,1,1,182,35
T3,2,0,93,9
[307]
T1,0,0,186,39
T2,1,0,46,1
T3,2,0,128,32
[308]
T1,0,0,29,4
T2,1,0,156,12
T3,2,0,57,15
[309]
T1,0,1,23,1
T2,1,0,126,41
T3,2,1,180,22
[310]
T1,0,0,103,27
T2,1,1,44,7
T3,2,1,172,11
[311]
T1,0,1,113,2
T2,1,0,24,6
T3,2,1,188,45
[312]
T1,0,0,147,5
T2,1,0,115,27
T3,2,0,53,11
[313]
T1,0,1,41,2
T2,1,1,88,21
T3,2,0,196,36
[314]
T1,0,0,34,1
T2,1,0,166,32
T3,2,0,67,17
[315]
T1,0,0,151,42
T2,1,0,141,16
T3,2,0,53,5
[316]
T1,0,1,199,56
T2,1,1,100,5
T3,2,0,20,3
[317]
T1,0,1,69,31
T2,1,0,23,2
T3,2,1,185,7
[318]
T1,0,0,42,1
T2,1,1,167,34
T3,2,1,138,36
[319]
T1,0,0,28,5
T2,1,0,120,5
T3,2,0,150,36
[320]
T1,0,0,28,6
T2,1,1,190,42
T3,2,0,84,2
[321]
T1,0,0,25,3
T2,1,0,72,7
T3,2,0,170,42
[322]
T1,0,1,195,2
T2,1,1,115,4
T3,2,0,27,12
[323]
T1,0,0,23,3
T2,1,0,189,5
T3,2,0,94,30
[324]
T1,0,0,47,2
T2,1,1,60,14
T3,2,0,180,47
[325]
T1,0,1,167,60
T2,1,1,131,15
T3,2,1,30,2
[326]
T1,0,0,148,10
T2,1,0,50,1
T3,2,0,91,36
[327]
T1,0,1,27,4
T2,1,0,136,14
T3,2,1,168,38
[328]
T1,0,1,121,30
T2,1,1,172,18
T3,2,0,36,5
[329]
T1,0,1,149,27
T2,1,0,124,3
T3,2,0,27,7
[330]
T1,0,1,188,36
T2,1,1,60,13
T3,2,1,47,4
[331]
T1,0,0,59,1
T2,1,0,163,64
T3,2,0,25,2
[332]
T1,0,1,22,2
T2,1,0,71,30
T3,2,1,178,10
[333]
T1,0,1,170,37
T2,1,0,29,4
T3,2,0,124,15
[334]
T1,0,0,184,6
T2,1,1,100,36
T3,2,1,48,4
[335]
T1,0,1,59,15
T2,1,1,188,23
T3,2,1,51,5
[336]
T1,0,1,69,7
T2,1,1,48,4
T3,2,1,190,55
[337]
T1,0,1,115,18
T2,1,0,48,1
T3,2,1,177,56
[338]
T1,0,1,151,12
T2,1,0,76,24
T3,2,1,48,4
[339]
T1,0,0,155,49
T2,1,1,138,5
T3,2,0,22,3
[340]
T1,0,1,44,2
T2,1,1,148,54
T3,2,0,57,6
[341]
T1,0,0,39,8
T2,1,0,189,24
T3,2,0,72,11
[342]
T1,0,0,98,22
T2,1,1,29,3
T3,2,1,167,25
[343]
T1,0,1,28,2
T2,1,1,163,35
T3,2,0,97,24
[344]
T1,0,0,49,3
T2,1,0,165,1
T3,2,0,121,51
[345]
T1,0,1,131,4
T2,1,0,51,19
T3,2,0,153,12
[346]
T1,0,1,31,3
T2,1,1,133,8
T3,2,1,177,57
[347]
T1,0,1,199,39
T2,1,1,39,2
T3,2,1,83,24
[348]
T1,0,1,185,60
T2,1,0,52,6
T3,2,0,109,4
[349]
T1,0,0,178,9
T2,1,1,37,11
T3,2,1,119,16
[350]
T1,0,1,37,4
T2,1,1,180,33
T3,2,1,89,17
[351]
T1,0,0,109,35
T2,1,0,161,2
T3,2,1,52,9
[352]
T1,0,1,37,4
T2,1,1,81,19
T3,2,0,156,20
[353]
T1,0,0,189,24
T2,1,1,32,6
T3,2,1,96,15
[354]
T1,0,0,184,40
T2,1,1,46,5
T3,2,1,83,13
[355]
T1,0,1,185,73
T2,1,0,139,7
T3,2,1,34,1
[356]
T1,0,0,35,8
T2,1,0,156,34
T3,2,0,113,2
[357]
T1,0,1,152,39
T2,1,1,35,6
T3,2,1,64,3
[358]
T1,0,1,24,3
T2,1,1,57,11
T3,2,0,184,30
[359]
T1,0,1,42,2
T2,1,1,151,55
T3,2,1,73,5
[360]
T1,0,1,101,4
T2,1,1,26,10
T3,2,1,151,9
[361]
T1,0,1,149,39
T2,1,1,51,11
T3,2,1,146,2
[362]
T1,0,0,176,24
T2,1,0,51,15
T3,2,0,136,6
[363]
T1,0,1,165,42
T2,1,1,27,6
T3,2,0,112,2
[364]
T1,0,1,118,42
T2,1,0,172,16
T3,2,1,29,1
[365]
T1,0,0,185,26
T2,1,1,103,29
T3,2,0,40,2
[366]
T1,0,1,26,1
T2,1,1,60,23
T3,2,1,176,7
[367]
T1,0,1,164,16
T2,1,0,52,1
T3,2,1,88,32
[368]
T1,0,0,175,48
T2,1,1,129,10
T3,2,1,41,5
[369]
T1,0,0,28,8
T2,1,1,161,8
T3,2,1,71,9
[370]
T1,0,1,22,2
T2,1,1,104,13
T3,2,0,191,62
[371]
T1,0,1,35,10
T2,1,0,113,4
T3,2,0,199,31
[372]
T1,0,1,63,13
T2,1,0,170,28
T3,2,0,51,6
[373]
T1,0,1,85,12
T2,1,1,22,2
T3,2,0,150,37
[374]
T1,0,0,183,2
T2,1,1,134,59
T3,2,1,25,1
[375]
T1,0,1,30,7
T2,1,0,92,21
T3,2,1,187,2
[376]
T1,0,1,91,5
T2,1,1,181,30
T3,2,1,20,5
[377]
T1,0,0,52,6
T2,1,0,62,4
T3,2,0,157,46
[378]
T1,0,1,61,21
T2,1,0,50,6
T3,2,1,197,1
[379]
T1,0,0,93,5
T2,1,1,39,2
T3,2,1,199,85
[380]
T1,0,1,28,5
T2,1,0,171,3
T3,2,0,142,41
[381]
T1,0,0,190,17
T2,1,0,50,8
T3,2,1,73,16
[382]
T1,0,0,167,27
T2,1,1,50,10
T3,2,1,110,14
[383]
T1,0,1,23,6
T2,1,0,162,18
T3,2,1,143,14
[384]
T1,0,0,51,7
T2,1,0,81,19
T3,2,1,157,15
[385]
T1,0,1,35,14
T2,1,0,146,3
T3,2,0,178,12
[386]
T1,0,1,199,36
T2,1,1,60,5
T3,2,1,34,7
[387]
T1,0,1,192,22
T2,1,1,124,46
T3,2,1,51,2
[388]
T1,0,0,39,8
T2,1,0,66,11
T3,2,1,181,20
[389]
T1,0,1,196,82
T2,1,0,64,2
T3,2,0,53,2
[390]
T1,0,1,76,23
T2,1,1,173,27
T3,2,0,42,1
[391]
T1,0,1,197,50
T2,1,0,41,6
T3,2,0,137,13
[392]
T1,0,1,176,21
T2,1,0,32,7
T3,2,0,77,10
[393]
T1,0,1,101,4
T2,1,1,171,15
T3,2,1,25,9
[394]
T1,0,0,180,39
T2,1,1,24,6
T3,2,0,133,1
[395]
T1,0,1,44,7
T2,1,1,115,25
T3,2,1,157,15
[396]
T1,0,0,187,57
T2,1,0,39,4
T3,2,0,84,6
[397]
T1,0,0,27,7
T2,1,1,78,8
T3,2,0,169,21
[398]
T1,0,0,176,2
T2,1,1,102,37
T3,2,0,22,2
[399]
T1,0,0,198,48
T2,1,1,92,18
T3,2,0,21,1
[400]
T1,0,1,133,48
T2,1,0,45,4
T3,2,1,190,8
[401]
T1,0,0,195,36
T2,1,1,100,19
T3,2,1,33,3
[402]
T1,0,0,50,13
T2,1,1,106,12
T3,2,1,158,16
[403]
T1,0,1,189,40
T2,1,1,23,1
T3,2,0,97,23
[404]
T1,0,1,144,29
T2,1,1,31,2
T3,2,0,157,35
[405]
T1,0,1,71,11
T2,1,0,172,14
T3,2,1,30,7
[406]
T1,0,1,186,29
T2,1,0,142,37
T3,2,1,30,2
[407]
T1,0,1,184,60
T2,1,1,143,6
T3,2,0,36,4
[408]
T1,0,1,92,26
T2,1,0,49,5
T3,2,0,185,17
[409]
T1,0,0,160,21
T2,1,1,64,13
T3,2,0,30,4
[410]
T1,0,1,63,27
T2,1,0,53,2
T3,2,1,189,11
[411]
T1,0,0,179,33
T2,1,0,125,29
T3,2,1,24,1
[412]
T1,0,0,32,1
T2,1,0,81,11
T3,2,1,199,62
[413]
T1,0,1,172,6
T2,1,1,51,8
T3,2,1,117,34
[414]
T1,0,0,131,33
T2,1,1,197,47
T3,2,0,46,2
[415]
T1,0,1,183,52
T2,1,0,51,2
T3,2,1,81,12
[416]
T1,0,0,50,6
T2,1,0,182,44
T3,2,1,60,7
[417]
T1,0,0,129,29
T2,1,0,192,34
T3,2,1,21,1
[418]
T1,0,0,150,43
T2,1,1,68,2
T3,2,1,23,4
[419]
T1,0,0,46,15
T2,1,1,95,11
T3,2,1,186,8
[420]
T1,0,1,194,41
T2,1,1,83,2
T3,2,1,41,10
[421]
T1,0,1,196,9
T2,1,0,40,11
T3,2,1,129,20
[422]
T1,0,1,77,26
T2,1,1,181,8
T3,2,1,32,3
[423]
T1,0,1,29,2
T2,1,1,93,30
T3,2,0,178,14
[424]
T1,0,1,120,15
T2,1,0,183,13
T3,2,1,36,10
[425]
T1,0,1,41,6
T2,1,1,168,32
T3,2,1,80,10
[426]
T1,0,1,163,46
T2,1,1,31,3
T3,2,1,74,6
[427]
T1,0,1,50,3
T2,1,0,170,60
T3,2,1,116,7
[428]
T1,0,1,161,35
T2,1,0,32,4
T3,2,1,131,16
[429]
T1,0,1,142,19
T2,1,0,175,33
T3,2,1,48,8
[430]
T1,0,1,60,26
T2,1,1,34,2
T3,2,0,199,9
[431]
T1,0,0,32,1
T2,1,1,160,3
T3,2,0,115,49
[432]
T1,0,1,41,3
T2,1,0,171,2
T3,2,1,57,23
[433]
T1,0,0,177,12
T2,1,1,51,11
T3,2,0,105,21
[434]
T1,0,0,103,2
T2,1,1,175,46
T3,2,1,25,5
[435]
T1,0,1,135,28
T2,1,1,154,20
T3,2,1,27,4
[436]
T1,0,0,32,2
T2,1,0,90,2
T3,2,1,153,65
[437]
T1,0,0,151,45
T2,1,0,52,2
T3,2,0,122,22
[438]
T1,0,0,191,59
T2,1,0,40,2
T3,2,1,141,24
[439]
T1,0,0,51,10
T2,1,0,109,29
T3,2,0,182,3
[440]
T1,0,0,167,17
T2,1,0,100,37
T3,2,1,47,1
[441]
T1,0,1,45,1
T2,1,0,163,17
T3,2,1,137,49
[442]
T1,0,0,38,2
T2,1,0,65,25
T3,2,0,168,7
[443]
T1,0,1,129,9
T2,1,1,35,5
T3,2,1,167,43
[444]
T1,0,1,155,22
T2,1,0,44,2
T3,2,1,88,30
[445]
T1,0,1,29,7
T2,1,1,177,37
T3,2,0,61,2
[446]
T1,0,0,20,2
T2,1,1,179,1
T3,2,1,79,26
[447]
T1,0,0,61,15
T2,1,1,38,2
T3,2,1,199,47
[448]
T1,0,0,169,40
T2,1,1,47,11
T3,2,1,86,2
[449]
T1,0,1,50,16
T2,1,0,182,10
T3,2,0,134,14
[450]
T1,0,1,157,55
T2,1,1,130,11
T3,2,0,44,2
[451]
T1,0,0,195,48
T2,1,0,25,2
T3,2,0,96,12
[452]
T1,0,1,138,47
T2,1,1,53,1
T3,2,1,183,22
[453]
T1,0,0,52,8
T2,1,1,72,10
T3,2,0,156,29
[454]
T1,0,1,80,8
T2,1,1,172,37
T3,2,0,27,4
[455]
T1,0,1,174,55
T2,1,0,47,6
T3,2,0,80,3
[456]
T1,0,1,110,40
T2,1,0,50,4
T3,2,0,162,8
[457]
T1,0,1,52,2
T2,1,0,192,27
T3,2,1,83,25
[458]
T1,0,0,73,15
T2,1,0,35,6
T3,2,1,193,22
[459]
T1,0,1,49,2
T2,1,0,179,55
T3,2,1,65,9
[460]
T1,0,0,139,18
T2,1,0,23,1
T3,2,1,186,54
[461]
T1,0,0,107,8
T2,1,1,154,21
T3,2,1,22,6
[462]
T1,0,1,22,9
T2,1,0,158,9
T3,2,0,144,2
[463]
T1,0,0,185,7
T2,1,1,23,3
T3,2,1,111,32
[464]
T1,0,1,161,37
T2,1,0,62,7
T3,2,0,43,6
[465]
T1,0,1,87,15
T2,1,1,162,7
T3,2,0,36,9
[466]
T1,0,1,117,31
T2,1,0,49,3
T3,2,0,151,23
[467]
T1,0,1,175,33
T2,1,0,87,20
T3,2,1,51,3
[468]
T1,0,1,62,15
T2,1,1,198,5
T3,2,0,34,7
[469]
T1,0,1,196,5
T2,1,0,42,2
T3,2,1,143,57
[470]
T1,0,0,61,17
T2,1,1,53,7
T3,2,1,160,11
[471]
T1,0,1,128,5
T2,1,0,158,9
T3,2,0,47,18
[472]
T1,0,1,29,5
T2,1,0,167,20
T3,2,0,90,16
[473]
T1,0,0,51,11
T2,1,0,92,23
T3,2,1,170,2
[474]
T1,0,0,35,4
T2,1,1,149,16
T3,2,0,90,24
[475]
T1,0,1,191,40
T2,1,1,57,14
T3,2,1,41,1
[476]
T1,0,1,138,50
T2,1,1,44,3
T3,2,1,183,8
[477]
T1,0,0,157,61
T2,1,0,40,2
T3,2,0,92,4
[478]
T1,0,0,70,2
T2,1,1,183,38
T3,2,1,40,9
[479]
T1,0,1,130,40
T2,1,0,187,3
T3,2,0,25,4
[480]
T1,0,0,134,53
T2,1,0,159,5
T3,2,0,23,1
[481]
T1,0,1,69,8
T2,1,1,41,14
T3,2,0,149,2
[482]
T1,0,0,27,8
T2,1,1,79,2
T3,2,1,184,28
[483]
T1,0,0,28,4
T2,1,0,80,17
T3,2,0,195,23
[484]
T1,0,1,190,4
T2,1,1,114,24
T3,2,1,23,6
[485]
T1,0,1,78,2
T2,1,0,44,9
T3,2,0,181,45
[486]
T1,0,1,162,14
T2,1,0,23,8
T3,2,0,109,5
[487]
T1,0,0,142,2
T2,1,0,31,9
T3,2,1,163,26
[488]
T1,0,1,154,30
T2,1,0,21,4
T3,2,1,117,9
[489]
T1,0,1,49,5
T2,1,0,107,30
T3,2,1,195,20
[490]
T1,0,1,182,53
T2,1,0,34,2
T3,2,1,59,11
[491]
T1,0,1,48,2
T2,1,1,101,40
T3,2,1,161,6
[492]
T1,0,0,84,13
T2,1,0,149,44
T3,2,1,27,1
[493]
T1,0,1,64,2
T2,1,0,43,5
T3,2,0,161,54
[494]
T1,0,0,95,11
T2,1,1,21,2
T3,2,1,172,43
[495]
T1,0,1,123,45
T2,1,1,195,10
T3,2,1,33,2
[496]
T1,0,0,124,2
T2,1,0,149,3
T3,2,0,31,14
[497]
T1,0,0,46,2
T2,1,0,151,13
T3,2,0,137,48
[498]
T1,0,0,77,19
T2,1,0,50,11
T3,2,1,154,3
[499]
T1,0,1,175,12
T2,1,1,91,19
T3,2,0,33,7
[500]
T1,0,1,53,8
T2,1,0,128,30
T3,2,0,178,17
