num_task_per_taskset=3
num_taskset=500
//ID,Priority,Offset,Period,Execution Time
[1]
T1,0,1,93,21
T2,1,0,152,23
T3,2,1,35,4
[2]
T1,0,0,120,11
T2,1,0,23,5
T3,2,1,190,34
[3]
T1,0,0,184,31
T2,1,0,46,11
T3,2,0,70,6
[4]
T1,0,1,117,18
T2,1,1,198,27
T3,2,1,32,6
[5]
T1,0,1,74,8
T2,1,0,21,2
T3,2,1,169,58
[6]
T1,0,0,32,5
T2,1,1,154,43
T3,2,0,144,4
[7]
T1,0,0,66,2
T2,1,0,190,22
T3,2,1,52,19
[8]
T1,0,1,161,6
T2,1,0,23,9
T3,2,0,93,3
[9]
T1,0,1,182,82
T2,1,0,71,1
T3,2,1,24,2
[10]
T1,0,1,44,5
T2,1,0,67,6
T3,2,1,176,50
[11]
T1,0,0,33,8
T2,1,1,126,19
T3,2,0,164,15
[12]
T1,0,1,51,16
T2,1,0,192,29
T3,2,0,62,2
[13]
T1,0,1,194,2
T2,1,0,34,6
T3,2,1,66,18
[14]
T1,0,0,176,41
T2,1,1,23,4
T3,2,0,123,10
[15]
T1,0,0,147,4
T2,1,0,32,1
T3,2,1,198,85
[16]
T1,0,1,137,16
T2,1,0,155,13
T3,2,0,25,7
[17]
T1,0,1,43,10
T2,1,0,104,25
T3,2,1,153,2
[18]
T1,0,1,174,35
T2,1,1,112,29
T3,2,0,43,1
[19]
T1,0,0,186,28
T2,1,0,82,3
T3,2,1,53,16
[20]
T1,0,0,83,7
T2,1,0,180,6
T3,2,1,24,8
[21]
T1,0,1,90,1
T2,1,0,26,4
T3,2,0,191,57
[22]
T1,0,1,28,3
T2,1,1,153,4
T3,2,1,136,44
[23]
T1,0,1,39,2
T2,1,1,114,20
T3,2,1,160,49
[24]
T1,0,1,34,15
T2,1,1,159,2
T3,2,0,56,1
[25]
T1,0,0,169,24
T2,1,0,24,7
T3,2,0,60,3
[26]
T1,0,0,183,13
T2,1,1,121,5
T3,2,0,35,13
[27]
T1,0,0,81,2
T2,1,1,52,6
T3,2,0,153,57
[28]
T1,0,1,26,4
T2,1,1,190,45
T3,2,0,123,8
[29]
T1,0,0,166,33
T2,1,1,74,10
T3,2,0,49,7
[30]
T1,0,1,33,3
T2,1,0,87,3
T3,2,1,180,66
[31]
T1,0,1,166,2
T2,1,0,122,42
T3,2,1,51,6
[32]
T1,0,0,43,6
T2,1,1,168,53
T3,2,0,64,2
[33]
T1,0,1,34,2
T2,1,0,112,30
T3,2,1,188,42
[34]
T1,0,0,47,6
T2,1,0,187,24
T3,2,1,130,30
[35]
T1,0,0,104,36
T2,1,1,188,7
T3,2,1,40,4
[36]
T1,0,1,39,11
T2,1,1,106,8
T3,2,0,180,24
[37]
T1,0,0,48,9
T2,1,1,184,27
T3,2,0,64,10
[38]
T1,0,1,139,2
T2,1,1,38,5
T3,2,1,180,64
[39]
T1,0,0,162,1
T2,1,1,44,4
T3,2,0,74,29
[40]
T1,0,1,27,5
T2,1,1,74,2
T3,2,1,155,47
[41]
T1,0,0,174,30
T2,1,1,35,4
T3,2,1,87,16
[42]
T1,0,0,58,5
T2,1,1,149,9
T3,2,0,51,17
[43]
T1,0,1,161,21
T2,1,1,65,22
T3,2,1,24,2
[44]
T1,0,0,196,9
T2,1,0,27,4
T3,2,0,123,37
[45]
T1,0,1,34,4
T2,1,0,162,40
T3,2,0,133,16
[46]
T1,0,0,160,31
T2,1,1,63,9
T3,2,1,22,3
[47]
T1,0,1,23,9
T2,1,1,83,6
T3,2,1,149,2
[48]
T1,0,0,41,1
T2,1,1,73,16
T3,2,1,183,41
[49]
T1,0,0,54,12
T2,1,1,153,10
T3,2,1,118,23
[50]
T1,0,1,34,2
T2,1,0,85,11
T3,2,1,173,52
[51]
T1,0,1,157,8
T2,1,0,44,6
T3,2,1,94,27
[52]
T1,0,0,35,14
T2,1,1,159,8
T3,2,1,55,2
[53]
T1,0,1,50,2
T2,1,0,100,6
T3,2,0,180,69
[54]
T1,0,0,75,18
T2,1,1,161,15
T3,2,1,49,7
[55]
T1,0,1,26,2
T2,1,0,193,3
T3,2,1,104,47
[56]
T1,0,1,121,22
T2,1,0,191,13
T3,2,0,52,12
[57]
T1,0,0,159,1
T2,1,1,45,3
T3,2,1,82,34
[58]
T1,0,0,90,33
T2,1,1,187,15
T3,2,0,30,1
[59]
T1,0,0,31,2
T2,1,1,62,14
T3,2,0,165,40
[60]
T1,0,0,183,23
T2,1,0,21,2
T3,2,1,140,46
[61]
T1,0,1,32,9
T2,1,1,91,15
T3,2,1,173,4
[62]
T1,0,0,91,3
T2,1,1,21,6
T3,2,1,156,23
[63]
T1,0,1,157,52
T2,1,1,52,7
T3,2,1,118,3
[64]
T1,0,1,42,2
T2,1,0,154,70
T3,2,1,69,1
[65]
T1,0,1,180,26
T2,1,0,73,8
T3,2,0,28,6
[66]
T1,0,0,154,34
T2,1,0,119,29
T3,2,0,20,2
[67]
T1,0,1,186,29
T2,1,1,57,10
T3,2,0,54,8
[68]
T1,0,0,125,10
T2,1,1,154,49
T3,2,1,23,2
[69]
T1,0,0,49,11
T2,1,0,186,1
T3,2,0,70,18
[70]
T1,0,0,30,3
T2,1,0,99,19
T3,2,0,150,27
[71]
T1,0,1,28,3
T2,1,1,173,36
T3,2,0,129,21
[72]
T1,0,0,122,18
T2,1,1,183,20
T3,2,0,39,9
[73]
T1,0,0,162,10
T2,1,0,20,7
T3,2,0,115,5
[74]
T1,0,0,175,51
T2,1,1,33,1
T3,2,0,104,17
[75]
T1,0,0,99,32
T2,1,1,37,3
T3,2,1,171,12
[76]
T1,0,1,113,12
T2,1,0,150,23
T3,2,0,27,6
[77]
T1,0,1,31,1
T2,1,1,169,21
T3,2,1,123,39
[78]
T1,0,0,183,46
T2,1,0,41,5
T3,2,1,67,6
[79]
T1,0,1,79,4
T2,1,1,52,2
T3,2,1,173,68
[80]
T1,0,0,52,5
T2,1,0,93,24
T3,2,0,163,22
[81]
T1,0,0,164,21
T2,1,0,72,6
T3,2,0,36,9
[82]
T1,0,0,41,15
T2,1,0,142,7
T3,2,1,177,10
[83]
T1,0,0,187,4
T2,1,0,140,10
T3,2,0,40,16
[84]
T1,0,1,91,17
T2,1,0,31,9
T3,2,1,178,1
[85]
T1,0,1,79,32
T2,1,1,42,2
T3,2,0,183,7
[86]
T1,0,1,173,4
T2,1,1,131,56
T3,2,1,37,1
[87]
T1,0,1,43,5
T2,1,1,150,40
T3,2,1,119,11
[88]
T1,0,1,173,36
T2,1,0,146,11
T3,2,1,35,7
[89]
T1,0,0,115,32
T2,1,0,198,10
T3,2,1,52,8
[90]
T1,0,1,125,19
T2,1,1,173,5
T3,2,0,33,10
[91]
T1,0,1,154,6
T2,1,0,53,22
T3,2,1,66,2
[92]
T1,0,1,48,14
T2,1,0,120,6
T3,2,0,174,24
[93]
T1,0,0,77,22
T2,1,0,194,1
T3,2,0,40,8
[94]
T1,0,0,45,9
T2,1,1,178,17
T3,2,1,123,22
[95]
T1,0,0,54,12
T2,1,1,24,2
T3,2,1,156,23
[96]
T1,0,0,25,3
T2,1,1,165,2
T3,2,1,145,53
[97]
T1,0,0,67,3
T2,1,1,183,28
T3,2,0,39,11
[98]
T1,0,1,44,2
T2,1,1,110,11
T3,2,1,159,54
[99]
T1,0,1,26,2
T2,1,1,68,27
T3,2,0,153,9
[100]
T1,0,1,35,6
T2,1,0,162,28
T3,2,0,54,7
[101]
T1,0,0,177,2
T2,1,0,47,2
T3,2,0,92,41
[102]
T1,0,0,139,37
T2,1,1,182,19
T3,2,1,39,4
[103]
T1,0,1,46,6
T2,1,1,90,23
T3,2,0,147,13
[104]
T1,0,1,38,4
T2,1,0,181,40
T3,2,0,119,20
[105]
T1,0,1,149,47
T2,1,0,58,8
T3,2,1,38,1
[106]
T1,0,1,164,31
T2,1,1,134,40
T3,2,1,21,2
[107]
T1,0,0,85,32
T2,1,1,43,4
T3,2,1,171,2
[108]
T1,0,0,33,1
T2,1,1,101,44
T3,2,1,149,2
[109]
T1,0,0,48,10
T2,1,1,128,26
T3,2,1,165,10
[110]
T1,0,1,43,6
T2,1,1,155,47
T3,2,1,64,2
[111]
T1,0,0,84,13
T2,1,1,194,64
T3,2,1,21,2
[112]
T1,0,0,79,7
T2,1,0,37,2
T3,2,1,190,62
[113]
T1,0,0,58,2
T2,1,0,187,36
T3,2,1,48,12
[114]
T1,0,1,148,64
T2,1,0,29,1
T3,2,0,119,3
[115]
T1,0,1,150,36
T2,1,0,49,3
T3,2,1,80,15
[116]
T1,0,1,172,73
T2,1,0,71,1
T3,2,1,28,1
[117]
T1,0,0,26,10
T2,1,1,149,9
T3,2,0,120,3
[118]
T1,0,0,137,5
T2,1,0,152,40
T3,2,1,24,4
[119]
T1,0,0,163,5
T2,1,1,29,6
T3,2,1,108,26
[120]
T1,0,0,108,19
T2,1,0,30,6
T3,2,0,198,16
[121]
T1,0,0,62,12
T2,1,1,34,5
T3,2,1,185,26
[122]
T1,0,0,61,2
T2,1,0,157,12
T3,2,0,41,16
[123]
T1,0,0,199,60
T2,1,1,139,22
T3,2,1,54,1
[124]
T1,0,0,133,18
T2,1,1,53,16
T3,2,1,151,7
[125]
T1,0,0,179,9
T2,1,0,28,2
T3,2,0,124,44
[126]
T1,0,0,112,20
T2,1,1,157,20
T3,2,1,32,6
[127]
T1,0,0,43,11
T2,1,1,70,10
T3,2,1,192,16
[128]
T1,0,1,191,14
T2,1,0,81,21
T3,2,1,41,6
[129]
T1,0,0,148,42
T2,1,1,92,2
T3,2,0,23,4
[130]
T1,0,0,46,6
T2,1,0,166,13
T3,2,0,124,35
[131]
T1,0,1,170,12
T2,1,1,29,10
T3,2,1,89,7
[132]
T1,0,0,20,2
T2,1,1,57,9
T3,2,1,194,61
[133]
T1,0,1,158,21
T2,1,1,30,3
T3,2,1,128,30
[134]
T1,0,0,94,7
T2,1,0,189,7
T3,2,0,29,11
[135]
T1,0,0,96,21
T2,1,0,167,16
T3,2,1,35,6
[136]
T1,0,1,191,46
T2,1,1,133,5
T3,2,0,41,8
[137]
T1,0,1,42,4
T2,1,0,103,28
T3,2,0,190,25
[138]
T1,0,0,186,47
T2,1,0,75,13
T3,2,0,48,3
[139]
T1,0,0,69,6
T2,1,0,48,2
T3,2,1,189,65
[140]
T1,0,0,181,5
T2,1,1,62,4
T3,2,1,24,9
[141]
T1,0,1,39,1
T2,1,0,153,44
T3,2,0,147,25
[142]
T1,0,1,25,4
T2,1,1,74,4
T3,2,0,197,48
[143]
T1,0,0,188,15
T2,1,1,39,5
T3,2,0,146,41
[144]
T1,0,1,100,2
T2,1,1,147,50
T3,2,1,45,6
[145]
T1,0,0,172,15
T2,1,0,76,11
T3,2,0,44,11
[146]
T1,0,1,129,14
T2,1,1,28,2
T3,2,0,156,60
[147]
T1,0,1,41,1
T2,1,1,178,52
T3,2,0,147,24
[148]
T1,0,0,39,10
T2,1,0,66,12
T3,2,1,185,4
[149]
T1,0,0,186,7
T2,1,0,24,6
T3,2,0,128,24
[150]
T1,0,1,116,43
T2,1,1,165,18
T3,2,1,42,2
[151]
T1,0,0,22,4
T2,1,1,156,26
T3,2,0,118,15
[152]
T1,0,0,75,25
T2,1,1,52,2
T3,2,1,151,15
[153]
T1,0,1,48,8
T2,1,1,111,31
T3,2,0,175,5
[154]
T1,0,0,107,10
T2,1,1,154,50
T3,2,0,51,3
[155]
T1,0,1,39,5
T2,1,0,138,3
T3,2,0,172,58
[156]
T1,0,0,50,4
T2,1,0,157,61
T3,2,1,59,1
[157]
T1,0,1,184,40
T2,1,1,20,2
T3,2,1,138,19
[158]
T1,0,1,50,4
T2,1,0,161,17
T3,2,1,79,23
[159]
T1,0,0,45,15
T2,1,0,119,10
T3,2,0,190,13
[160]
T1,0,1,132,48
T2,1,0,37,3
T3,2,0,169,5
[161]
T1,0,0,55,4
T2,1,1,36,14
T3,2,1,181,4
[162]
T1,0,0,90,16
T2,1,1,191,37
T3,2,1,25,3
[163]
T1,0,1,72,4
T2,1,1,163,7
T3,2,1,37,14
[164]
T1,0,1,107,17
T2,1,1,185,15
T3,2,0,26,6
[165]
T1,0,0,23,3
T2,1,1,186,17
T3,2,1,84,21
[166]
T1,0,0,32,4
T2,1,1,186,28
T3,2,1,79,15
[167]
T1,0,0,98,15
T2,1,0,34,9
T3,2,0,154,8
[168]
T1,0,1,139,3
T2,1,1,26,2
T3,2,0,150,68
[169]
T1,0,1,61,14
T2,1,0,181,5
T3,2,0,21,4
[170]
T1,0,1,150,22
T2,1,1,42,1
T3,2,1,137,43
[171]
T1,0,0,95,5
T2,1,1,150,45
T3,2,1,24,3
[172]
T1,0,1,49,6
T2,1,0,183,32
T3,2,1,64,12
[173]
T1,0,1,85,1
T2,1,0,187,34
T3,2,1,28,8
[174]
T1,0,0,120,1
T2,1,1,53,15
T3,2,1,168,32
[175]
T1,0,1,122,29
T2,1,1,183,2
T3,2,0,44,11
[176]
T1,0,0,182,2
T2,1,1,129,54
T3,2,0,23,1
[177]
T1,0,0,123,22
T2,1,1,46,2
T3,2,1,175,54
[178]
T1,0,1,37,5
T2,1,1,162,35
T3,2,0,102,14
[179]
T1,0,0,103,2
T2,1,1,194,73
T3,2,1,22,2
[180]
T1,0,0,153,52
T2,1,1,44,4
T3,2,1,142,6
[181]
T1,0,0,192,43
T2,1,1,100,19
T3,2,1,25,2
[182]
T1,0,1,175,48
T2,1,1,20,4
T3,2,0,90,2
[183]
T1,0,0,158,23
T2,1,1,29,9
T3,2,1,100,2
[184]
T1,0,0,179,48
T2,1,1,46,6
T3,2,1,114,10
[185]
T1,0,1,72,5
T2,1,1,49,19
T3,2,1,170,3
[186]
T1,0,1,98,25
T2,1,1,28,2
T3,2,1,181,24
[187]
T1,0,0,50,15
T2,1,1,110,2
T3,2,1,154,29
[188]
T1,0,1,62,1
T2,1,1,180,44
T3,2,0,20,4
[189]
T1,0,1,116,36
T2,1,1,37,3
T3,2,0,158,12
[190]
T1,0,0,27,2
T2,1,0,140,44
T3,2,1,154,12
[191]
T1,0,1,57,9
T2,1,0,177,56
T3,2,0,37,2
[192]
T1,0,1,26,2
T2,1,0,87,34
T3,2,0,192,16
[193]
T1,0,0,181,44
T2,1,1,33,8
T3,2,1,140,2
[194]
T1,0,1,196,41
T2,1,1,123,12
T3,2,0,46,8
[195]
T1,0,1,158,18
T2,1,0,61,14
T3,2,1,20,3
[196]
T1,0,1,178,48
T2,1,0,87,3
T3,2,0,34,6
[197]
T1,0,1,157,2
T2,1,0,143,5
T3,2,1,47,21
[198]
T1,0,0,44,3
T2,1,1,188,10
T3,2,1,117,42
[199]
T1,0,1,50,6
T2,1,1,141,23
T3,2,1,191,37
[200]
T1,0,1,113,42
T2,1,1,152,14
T3,2,0,42,1
[201]
T1,0,1,179,45
T2,1,1,33,4
T3,2,0,118,12
[202]
T1,0,0,62,4
T2,1,1,177,55
T3,2,1,34,3
[203]
T1,0,1,45,9
T2,1,1,117,1
T3,2,1,187,50
[204]
T1,0,0,53,14
T2,1,0,84,2
T3,2,0,198,40
[205]
T1,0,0,127,7
T2,1,0,37,9
T3,2,1,166,29
[206]
T1,0,0,187,30
T2,1,1,21,5
T3,2,1,130,8
[207]
T1,0,1,42,9
T2,1,0,157,4
T3,2,0,58,13
[208]
T1,0,1,52,4
T2,1,1,179,53
T3,2,1,144,16
[209]
T1,0,0,44,1
T2,1,0,198,47
T3,2,1,105,24
[210]
T1,0,1,183,35
T2,1,0,60,15
T3,2,0,52,2
[211]
T1,0,0,33,1
T2,1,0,176,71
T3,2,0,90,3
[212]
T1,0,1,24,1
T2,1,0,89,15
T3,2,0,169,43
[213]
T1,0,0,130,42
T2,1,1,53,7
T3,2,1,168,4
[214]
T1,0,1,199,45
T2,1,0,23,3
T3,2,0,80,10
[215]
T1,0,0,21,2
T2,1,1,198,57
T3,2,1,100,6
[216]
T1,0,0,110,15
T2,1,0,28,4
T3,2,0,166,36
[217]
T1,0,1,172,18
T2,1,0,130,31
T3,2,0,26,3
[218]
T1,0,0,55,8
T2,1,0,36,4
T3,2,1,199,46
[219]
T1,0,0,23,2
T2,1,0,174,62
T3,2,0,99,13
[220]
T1,0,0,45,18
T2,1,1,116,7
T3,2,1,158,5
[221]
T1,0,0,35,11
T2,1,0,155,10
T3,2,1,58,5
[222]
T1,0,0,29,1
T2,1,0,150,13
T3,2,1,129,47
[223]
T1,0,1,183,14
T2,1,1,118,29
T3,2,0,25,4
[224]
T1,0,0,108,11
T2,1,1,23,2
T3,2,0,198,76
[225]
T1,0,1,37,3
T2,1,1,65,7
T3,2,0,149,42
[226]
T1,0,0,58,5
T2,1,1,197,72
T3,2,0,38,1
[227]
T1,0,0,186,35
T2,1,1,102,11
T3,2,0,52,10
[228]
T1,0,1,65,18
T2,1,0,24,2
T3,2,1,163,32
[229]
T1,0,1,119,24
T2,1,1,180,36
T3,2,0,24,2
[230]
T1,0,0,29,2
T2,1,0,158,16
T3,2,1,135,42
[231]
T1,0,1,20,2
T2,1,0,149,35
T3,2,1,85,20
[232]
T1,0,0,36,1
T2,1,1,123,36
T3,2,0,186,31
[233]
T1,0,1,31,7
T2,1,0,85,5
T3,2,1,186,35
[234]
T1,0,1,23,3
T2,1,1,57,8
T3,2,0,178,32
[235]
T1,0,1,171,8
T2,1,1,85,24
T3,2,1,49,7
[236]
T1,0,0,96,10
T2,1,1,163,17
T3,2,1,51,14
[237]
T1,0,1,84,17
T2,1,1,21,4
T3,2,1,197,10
[238]
T1,0,0,165,15
T2,1,1,127,42
T3,2,1,30,2
[239]
T1,0,0,92,9
T2,1,0,189,35
T3,2,1,38,8
[240]
T1,0,1,46,5
T2,1,1,179,47
T3,2,1,118,13
[241]
T1,0,0,113,45
T2,1,0,26,1
T3,2,0,191,7
[242]
T1,0,1,37,9
T2,1,0,118,14
T3,2,0,181,20
[243]
T1,0,0,46,1
T2,1,1,152,70
T3,2,0,57,2
[244]
T1,0,1,171,66
T2,1,1,27,2
T3,2,1,69,6
[245]
T1,0,1,27,2
T2,1,1,171,55
T3,2,0,122,18
[246]
T1,0,0,49,15
T2,1,0,199,24
T3,2,1,109,6
[247]
T1,0,1,199,16
T2,1,1,39,5
T3,2,0,69,18
[248]
T1,0,0,154,59
T2,1,0,128,2
T3,2,0,46,4
[249]
T1,0,0,98,13
T2,1,0,184,49
T3,2,1,35,3
[250]
T1,0,0,95,3
T2,1,1,38,5
T3,2,1,173,56
[251]
T1,0,0,57,7
T2,1,0,34,5
T3,2,0,156,33
[252]
T1,0,1,103,14
T2,1,0,185,58
T3,2,0,38,1
[253]
T1,0,1,37,6
T2,1,1,180,23
T3,2,0,54,10
[254]
T1,0,1,166,14
T2,1,0,68,5
T3,2,0,53,17
[255]
T1,0,0,66,9
T2,1,1,47,9
T3,2,0,184,28
[256]
T1,0,0,42,9
T2,1,1,177,4
T3,2,0,77,18
[257]
T1,0,1,193,42
T2,1,0,109,14
T3,2,1,37,5
[258]
T1,0,1,103,12
T2,1,1,32,2
T3,2,1,157,47
[259]
T1,0,0,169,13
T2,1,0,37,14
T3,2,0,54,2
[260]
T1,0,0,111,5
T2,1,0,45,8
T3,2,0,180,46
[261]
T1,0,0,103,28
T2,1,0,44,7
T3,2,1,150,7
[262]
T1,0,0,165,10
T2,1,0,63,20
T3,2,1,53,5
[263]
T1,0,1,52,11
T2,1,1,161,29
T3,2,0,68,6
[264]
T1,0,1,22,1
T2,1,0,145,12
T3,2,0,191,66
[265]
T1,0,0,152,8
T2,1,1,40,1
T3,2,1,54,21
[266]
T1,0,1,39,16
T2,1,0,146,2
T3,2,1,168,10
[267]
T1,0,1,184,31
T2,1,1,42,1
T3,2,1,138,40
[268]
T1,0,0,76,5
T2,1,0,24,4
T3,2,0,170,38
[269]
T1,0,1,143,12
T2,1,1,176,53
T3,2,1,38,3
[270]
T1,0,0,170,42
T2,1,1,131,31
T3,2,0,42,2
[271]
T1,0,1,152,6
T2,1,0,82,32
T3,2,0,38,1
[272]
T1,0,0,52,5
T2,1,0,121,39
T3,2,1,172,10
[273]
T1,0,0,156,8
T2,1,0,49,1
T3,2,0,147,60
[274]
T1,0,0,172,18
T2,1,0,111,26
T3,2,1,23,3
[275]
T1,0,1,150,21
T2,1,0,145,7
T3,2,0,31,9
[276]
T1,0,0,149,6
T2,1,0,35,14
T3,2,0,57,1
[277]
T1,0,1,75,9
T2,1,0,150,53
T3,2,1,39,2
[278]
T1,0,0,190,27
T2,1,0,105,31
T3,2,1,27,1
[279]
T1,0,0,190,63
T2,1,1,146,18
T3,2,0,53,2
[280]
T1,0,1,146,19
T2,1,1,46,10
T3,2,0,184,24
[281]
T1,0,0,32,3
T2,1,0,156,51
T3,2,1,68,3
[282]
T1,0,0,145,3
T2,1,1,32,7
T3,2,0,170,39
[283]
T1,0,1,53,8
T2,1,1,180,9
T3,2,0,123,34
[284]
T1,0,1,46,5
T2,1,0,197,1
T3,2,1,92,34
[285]
T1,0,1,181,37
T2,1,1,105,14
T3,2,0,31,4
[286]
T1,0,1,28,2
T2,1,0,74,12
T3,2,0,165,38
[287]
T1,0,1,156,7
T2,1,0,43,7
T3,2,0,134,38
[288]
T1,0,1,61,13
T2,1,0,169,22
T3,2,0,30,4
[289]
T1,0,1,85,3
T2,1,1,159,47
T3,2,1,22,3
[290]
T1,0,0,95,5
T2,1,1,26,2
T3,2,0,196,71
[291]
T1,0,1,189,60
T2,1,0,49,1
T3,2,1,55,7
[292]
T1,0,0,168,6
T2,1,1,105,44
T3,2,0,42,1
[293]
T1,0,0,28,8
T2,1,1,94,1
T3,2,1,177,35
[294]
T1,0,1,109,2
T2,1,1,172,61
T3,2,0,44,5
[295]
T1,0,1,51,6
T2,1,0,134,2
T3,2,0,151,54
[296]
T1,0,1,48,8
T2,1,1,154,9
T3,2,1,59,14
[297]
T1,0,1,48,2
T2,1,0,183,12
T3,2,0,117,48
[298]
T1,0,1,163,10
T2,1,0,45,15
T3,2,1,69,5
[299]
T1,0,0,29,2
T2,1,0,149,10
T3,2,0,135,46
[300]
T1,0,0,159,33
T2,1,1,91,21
T3,2,1,20,1
[301]
T1,0,0,41,12
T2,1,0,160,10
T3,2,0,115,14
[302]
T1,0,0,166,5
T2,1,1,21,5
T3,2,0,73,16
[303]
T1,0,0,179,27
T2,1,1,75,16
T3,2,1,48,6
[304]
T1,0,1,148,62
T2,1,1,51,1
T3,2,0,127,7
[305]
T1,0,0,111,43
T2,1,1,35,1
T3,2,1,149,10
[306]
T1,0,0,172,23
T2,1,0,42,14
T3,2,1,60,2
[307]
T1,0,1,199,45
T2,1,0,117,12
T3,2,0,29,4
[308]
T1,0,1,26,2
T2,1,0,196,43
T3,2,1,122,21
[309]
T1,0,0,43,2
T2,1,1,160,8
T3,2,0,80,35
[310]
T1,0,1,22,2
T2,1,1,89,40
T3,2,0,189,3
[311]
T1,0,1,199,18
T2,1,1,37,9
T3,2,0,96,13
[312]
T1,0,0,42,2
T2,1,1,138,11
T3,2,0,195,70
[313]
T1,0,1,39,6
T2,1,0,131,42
T3,2,1,194,2
[314]
T1,0,1,154,8
T2,1,1,134,10
T3,2,0,50,18
[315]
T1,0,0,62,13
T2,1,1,52,9
T3,2,1,172,17
[316]
T1,0,1,58,4
T2,1,0,184,17
T3,2,1,50,16
[317]
T1,0,0,40,4
T2,1,0,115,26
T3,2,0,161,25
[318]
T1,0,0,54,7
T2,1,1,73,6
T3,2,1,162,43
[319]
T1,0,0,52,1
T2,1,0,86,25
T3,2,1,180,32
[320]
T1,0,0,130,2
T2,1,1,35,2
T3,2,1,165,69
[321]
T1,0,0,83,1
T2,1,1,48,21
T3,2,1,153,4
[322]
T1,0,1,55,17
T2,1,1,174,21
T3,2,1,52,3
[323]
T1,0,0,26,2
T2,1,0,170,21
T3,2,1,57,20
[324]
T1,0,1,116,31
T2,1,1,167,35
T3,2,0,30,2
[325]
T1,0,0,33,2
T2,1,1,90,30
T3,2,1,157,10
[326]
T1,0,1,193,78
T2,1,0,34,1
T3,2,1,107,6
[327]
T1,0,1,148,35
T2,1,1,21,3
T3,2,1,143,16
[328]
T1,0,0,26,3
T2,1,0,170,10
T3,2,1,122,35
[329]
T1,0,0,43,13
T2,1,0,86,4
T3,2,1,178,23
[330]
T1,0,0,39,7
T2,1,1,130,11
T3,2,1,178,40
[331]
T1,0,0,121,5
T2,1,0,50,9
T3,2,0,147,37
[332]
T1,0,0,169,16
T2,1,0,118,34
T3,2,0,53,5
[333]
T1,0,0,150,15
T2,1,0,92,13
T3,2,1,53,13
[334]
T1,0,1,66,16
T2,1,1,167,28
T3,2,1,33,2
[335]
T1,0,1,194,68
T2,1,1,114,10
T3,2,1,40,2
[336]
T1,0,0,113,19
T2,1,0,199,18
T3,2,0,23,5
[337]
T1,0,0,97,15
T2,1,1,39,1
T3,2,1,171,52
[338]
T1,0,1,82,8
T2,1,1,22,2
T3,2,0,197,59
[339]
T1,0,0,46,4
T2,1,1,114,30
T3,2,0,171,21
[340]
T1,0,0,144,6
T2,1,0,49,21
T3,2,0,197,4
[341]
T1,0,0,137,47
T2,1,0,29,4
T3,2,0,150,1
[342]
T1,0,0,32,2
T2,1,0,84,2
T3,2,1,159,74
[343]
T1,0,0,152,41
T2,1,1,29,2
T3,2,0,58,8
[344]
T1,0,0,79,18
T2,1,1,49,9
T3,2,0,174,10
[345]
T1,0,0,198,6
T2,1,1,99,45
T3,2,0,46,2
[346]
T1,0,1,83,35
T2,1,1,21,1
T3,2,1,191,2
[347]
T1,0,1,107,36
T2,1,0,158,3
T3,2,0,37,5
[348]
T1,0,0,31,2
T2,1,0,69,20
T3,2,0,189,35
[349]
T1,0,1,175,2
T2,1,1,54,4
T3,2,1,82,34
[350]
T1,0,1,172,12
T2,1,1,89,21
T3,2,1,25,4
[351]
T1,0,1,179,2
T2,1,1,61,13
T3,2,0,46,12
[352]
T1,0,1,72,21
T2,1,1,38,3
T3,2,1,153,17
[353]
T1,0,0,177,31
T2,1,1,103,28
T3,2,1,36,1
[354]
T1,0,1,37,6
T2,1,0,158,27
T3,2,0,98,14
[355]
T1,0,1,42,3
T2,1,1,105,22
T3,2,1,192,37
[356]
T1,0,1,24,2
T2,1,0,120,39
T3,2,0,167,8
[357]
T1,0,0,90,23
T2,1,1,48,10
T3,2,1,198,5
[358]
T1,0,1,20,1
T2,1,0,193,10
T3,2,1,81,28
[359]
T1,0,0,181,27
T2,1,0,37,10
T3,2,0,140,8
[360]
T1,0,0,122,5
T2,1,1,40,17
T3,2,1,175,3
[361]
T1,0,1,146,3
T2,1,1,191,52
T3,2,1,49,9
[362]
T1,0,1,68,9
T2,1,0,53,1
T3,2,1,177,58
[363]
T1,0,1,141,53
T2,1,1,43,4
T3,2,0,155,3
[364]
T1,0,1,131,19
T2,1,1,191,49
T3,2,0,36,3
[365]
T1,0,1,30,4
T2,1,1,72,7
T3,2,0,149,35
[366]
T1,0,1,191,20
T2,1,0,133,30
T3,2,1,41,6
[367]
T1,0,0,53,10
T2,1,0,59,3
T3,2,1,173,42
[368]
T1,0,0,51,3
T2,1,1,145,42
T3,2,1,160,20
[369]
T1,0,0,173,46
T2,1,1,103,20
T3,2,0,51,1
[370]
T1,0,1,156,28
T2,1,1,104,14
T3,2,1,30,5
[371]
T1,0,1,199,45
T2,1,0,85,18
T3,2,0,54,2
[372]
T1,0,1,194,7
T2,1,0,100,35
T3,2,0,52,5
[373]
T1,0,0,176,12
T2,1,1,56,22
T3,2,1,53,1
[374]
T1,0,1,112,23
T2,1,0,167,41
T3,2,1,20,2
[375]
T1,0,0,180,14
T2,1,0,37,5
T3,2,1,78,21
[376]
T1,0,0,165,2
T2,1,1,131,63
T3,2,0,47,2
[377]
T1,0,0,40,2
T2,1,1,64,19
T3,2,0,169,31
[378]
T1,0,0,194,81
T2,1,1,109,2
T3,2,1,43,2
[379]
T1,0,1,169,14
T2,1,1,114,40
T3,2,1,49,2
[380]
T1,0,1,101,39
T2,1,1,36,2
T3,2,1,199,19
[381]
T1,0,0,98,8
T2,1,0,172,21
T3,2,1,26,7
[382]
T1,0,1,160,69
T2,1,1,143,3
T3,2,0,42,1
[383]
T1,0,1,30,1
T2,1,0,184,80
T3,2,1,104,2
[384]
T1,0,1,143,31
T2,1,1,52,8
T3,2,0,175,18
[385]
T1,0,1,183,14
T2,1,0,143,41
T3,2,1,44,5
[386]
T1,0,1,162,71
T2,1,0,49,2
T3,2,1,58,2
[387]
T1,0,0,58,23
T2,1,1,34,1
T3,2,1,181,5
[388]
T1,0,1,38,17
T2,1,1,158,4
T3,2,1,92,1
[389]
T1,0,1,93,16
T2,1,1,197,44
T3,2,1,27,2
[390]
T1,0,1,187,52
T2,1,1,34,3
T3,2,1,145,15
[391]
T1,0,1,37,14
T2,1,1,173,6
T3,2,1,76,6
[392]
T1,0,1,127,31
T2,1,1,35,1
T3,2,1,161,32
[393]
T1,0,0,109,20
T2,1,0,173,30
T3,2,0,20,2
[394]
T1,0,0,94,6
T2,1,1,50,12
T3,2,0,175,29
[395]
T1,0,1,149,26
T2,1,0,54,10
T3,2,1,49,6
[396]
T1,0,1,105,2
T2,1,1,51,2
T3,2,1,161,79
[397]
T1,0,0,160,30
T2,1,1,54,2
T3,2,1,29,7
[398]
T1,0,0,198,34
T2,1,0,109,18
T3,2,1,41,6
[399]
T1,0,1,142,13
T2,1,0,26,1
T3,2,1,197,64
[400]
T1,0,0,47,16
T2,1,0,176,5
T3,2,0,107,11
[401]
T1,0,0,157,2
T2,1,1,26,2
T3,2,1,130,59
[402]
T1,0,1,28,2
T2,1,1,171,61
T3,2,1,56,6
[403]
T1,0,0,23,2
T2,1,1,77,1
T3,2,1,154,69
[404]
T1,0,1,47,4
T2,1,1,58,13
T3,2,1,176,30
[405]
T1,0,0,188,75
T2,1,1,36,3
T3,2,1,118,2
[406]
T1,0,1,51,15
T2,1,1,101,9
T3,2,0,177,18
[407]
T1,0,1,105,51
T2,1,1,30,2
T3,2,1,156,2
[408]
T1,0,0,155,63
T2,1,0,84,3
T3,2,1,51,2
[409]
T1,0,0,118,40
T2,1,0,45,3
T3,2,0,163,12
[410]
T1,0,0,178,36
T2,1,0,47,7
T3,2,0,140,19
[411]
T1,0,1,130,16
T2,1,0,179,62
T3,2,1,24,2
[412]
T1,0,1,47,18
T2,1,0,153,3
T3,2,0,129,10
[413]
T1,0,0,48,9
T2,1,1,69,8
T3,2,1,157,29
[414]
T1,0,1,192,83
T2,1,1,70,2
T3,2,0,33,2
[415]
T1,0,1,45,17
T2,1,0,169,2
T3,2,0,74,7
[416]
T1,0,1,169,67
T2,1,1,24,2
T3,2,1,130,7
[417]
T1,0,1,173,18
T2,1,0,109,9
T3,2,0,25,7
[418]
T1,0,0,50,15
T2,1,1,146,6
T3,2,1,152,20
[419]
T1,0,1,163,18
T2,1,0,43,15
T3,2,0,54,1
[420]
T1,0,1,181,52
T2,1,1,53,5
T3,2,0,100,10
[421]
T1,0,0,28,4
T2,1,0,157,21
T3,2,1,96,18
[422]
T1,0,1,39,2
T2,1,0,134,40
T3,2,0,190,24
[423]
T1,0,0,153,46
T2,1,1,90,8
T3,2,0,26,2
[424]
T1,0,1,167,21
T2,1,0,114,19
T3,2,0,25,5
[425]
T1,0,0,48,8
T2,1,0,178,21
T3,2,1,67,13
[426]
T1,0,1,187,36
T2,1,0,135,7
T3,2,0,26,6
[427]
T1,0,0,38,3
T2,1,0,91,23
T3,2,0,158,25
[428]
T1,0,0,44,3
T2,1,1,110,5
T3,2,0,174,64
[429]
T1,0,1,131,9
T2,1,0,38,5
T3,2,1,184,50
[430]
T1,0,0,109,3
T2,1,1,31,14
T3,2,0,154,1
[431]
T1,0,0,33,2
T2,1,0,190,5
T3,2,0,128,50
[432]
T1,0,0,184,36
T2,1,0,24,2
T3,2,0,67,14
[433]
T1,0,1,178,45
T2,1,1,80,16
T3,2,1,20,2
[434]
T1,0,1,152,6
T2,1,1,145,10
T3,2,1,48,18
[435]
T1,0,0,30,5
T2,1,0,171,2
T3,2,1,135,39
[436]
T1,0,0,87,12
T2,1,0,185,6
T3,2,1,49,15
[437]
T1,0,0,35,2
T2,1,0,188,72
T3,2,0,132,14
[438]
T1,0,1,72,5
T2,1,0,20,3
T3,2,1,151,36
[439]
T1,0,0,94,21
T2,1,1,160,5
T3,2,1,51,12
[440]
T1,0,1,187,28
T2,1,1,97,29
T3,2,0,40,1
[441]
T1,0,0,50,2
T2,1,0,180,13
T3,2,1,73,29
[442]
T1,0,0,158,10
T2,1,1,104,16
T3,2,1,30,8
[443]
T1,0,1,37,9
T2,1,0,166,12
T3,2,0,107,17
[444]
T1,0,0,127,43
T2,1,0,196,12
T3,2,1,43,3
[445]
T1,0,1,87,1
T2,1,1,41,13
T3,2,1,182,28
[446]
T1,0,0,179,68
T2,1,1,79,3
T3,2,1,31,2
[447]
T1,0,1,110,15
T2,1,0,27,3
T3,2,1,164,37
[448]
T1,0,0,103,7
T2,1,0,37,3
T3,2,1,176,57
[449]
T1,0,0,38,5
T2,1,0,148,42
T3,2,0,91,6
[450]
T1,0,0,193,26
T2,1,1,103,25
T3,2,1,38,4
[451]
T1,0,0,40,3
T2,1,0,139,36
T3,2,1,168,26
[452]
T1,0,0,173,69
T2,1,1,120,5
T3,2,1,47,2
[453]
T1,0,0,39,8
T2,1,1,99,26
T3,2,1,185,2
[454]
T1,0,0,166,1
T2,1,1,70,31
T3,2,0,33,1
[455]
T1,0,1,150,10
T2,1,0,45,18
T3,2,1,134,3
[456]
T1,0,1,25,5
T2,1,0,183,7
T3,2,0,56,12
[457]
T1,0,1,157,13
T2,1,0,112,26
T3,2,1,53,9
[458]
T1,0,0,48,2
T2,1,1,120,41
T3,2,1,177,26
[459]
T1,0,0,51,1
T2,1,1,157,23
T3,2,1,112,36
[460]
T1,0,0,29,5
T2,1,0,120,23
T3,2,0,167,19
[461]
T1,0,0,46,10
T2,1,0,172,30
T3,2,0,113,10
[462]
T1,0,0,62,1
T2,1,1,44,20
T3,2,0,178,2
[463]
T1,0,0,61,21
T2,1,0,45,6
T3,2,0,180,2
[464]
T1,0,0,94,41
T2,1,1,174,5
T3,2,0,33,2
[465]
T1,0,1,186,6
T2,1,0,22,5
T3,2,1,141,31
[466]
T1,0,0,167,32
T2,1,1,114,5
T3,2,1,53,13
[467]
T1,0,1,172,10
T2,1,0,118,4
T3,2,1,44,17
[468]
T1,0,1,158,37
T2,1,1,40,2
T3,2,0,68,12
[469]
T1,0,0,99,28
T2,1,1,179,9
T3,2,0,39,6
[470]
T1,0,0,142,35
T2,1,0,159,10
T3,2,1,28,5
[471]
T1,0,1,88,7
T2,1,1,170,36
T3,2,0,35,6
[472]
T1,0,1,30,5
T2,1,0,55,16
T3,2,0,199,5
[473]
T1,0,1,114,12
T2,1,0,43,2
T3,2,1,173,64
[474]
T1,0,0,149,14
T2,1,0,116,25
T3,2,0,22,4
[475]
T1,0,0,25,1
T2,1,1,89,25
T3,2,0,158,25
[476]
T1,0,1,39,6
T2,1,0,162,25
T3,2,0,72,13
[477]
T1,0,1,199,3
T2,1,1,56,23
T3,2,0,27,1
[478]
T1,0,0,32,2
T2,1,0,98,37
T3,2,1,191,8
[479]
T1,0,1,69,18
T2,1,0,53,8
T3,2,1,197,13
[480]
T1,0,0,185,74
T2,1,1,130,2
T3,2,1,36,2
[481]
T1,0,0,164,23
T2,1,1,36,12
T3,2,0,89,2
[482]
T1,0,1,199,89
T2,1,0,136,4
T3,2,1,43,2
[483]
T1,0,0,173,2
T2,1,0,77,15
T3,2,1,30,8
[484]
T1,0,0,126,33
T2,1,0,176,2
T3,2,0,37,8
[485]
T1,0,1,179,62
T2,1,0,50,2
T3,2,1,99,13
[486]
T1,0,0,69,7
T2,1,0,46,5
T3,2,1,183,52
[487]
T1,0,1,67,1
T2,1,0,191,48
T3,2,0,30,6
[488]
T1,0,0,199,30
T2,1,1,50,15
T3,2,0,115,4
[489]
T1,0,0,23,3
T2,1,1,55,4
T3,2,1,164,41
[490]
T1,0,0,72,12
T2,1,1,45,9
T3,2,1,161,18
[491]
T1,0,1,175,18
T2,1,1,67,21
T3,2,1,25,1
[492]
T1,0,0,110,18
T2,1,0,180,27
T3,2,1,22,3
[493]
T1,0,0,92,2
T2,1,0,179,50
T3,2,0,42,9
[494]
T1,0,1,41,7
T2,1,0,181,28
T3,2,1,83,12
[495]
T1,0,0,81,21
T2,1,0,197,13
T3,2,0,34,5
[496]
T1,0,1,52,17
T2,1,0,68,3
T3,2,0,187,21
[497]
T1,0,0,184,59
T2,1,0,123,20
T3,2,0,22,2
[498]
T1,0,0,179,10
T2,1,0,41,16
T3,2,1,78,3
[499]
T1,0,0,187,47
T2,1,1,70,9
T3,2,1,38,4
[500]
T1,0,0,188,20
T2,1,0,32,10
T3,2,1,70,3
