num_task_per_taskset=3
num_taskset=500
//ID,Priority,Offset,Period,Execution Time
[1]
T1,0,1,89,50
T2,1,0,161,5
T3,2,1,35,2
[2]
T1,0,0,159,3
T2,1,0,59,32
T3,2,1,34,2
[3]
T1,0,0,159,63
T2,1,0,52,10
T3,2,0,128,2
[4]
T1,0,1,138,13
T2,1,0,46,1
T3,2,1,187,88
[5]
T1,0,0,27,3
T2,1,1,183,26
T3,2,0,94,30
[6]
T1,0,1,34,7
T2,1,0,148,44
T3,2,1,77,5
[7]
T1,0,0,131,33
T2,1,0,50,8
T3,2,0,162,29
[8]
T1,0,0,193,2
T2,1,1,126,17
T3,2,0,42,18
[9]
T1,0,1,187,42
T2,1,0,104,5
T3,2,1,28,8
[10]
T1,0,1,37,14
T2,1,0,83,5
T3,2,0,185,25
[11]
T1,0,0,26,6
T2,1,0,102,23
T3,2,0,187,23
[12]
T1,0,1,138,48
T2,1,1,179,27
T3,2,1,47,4
[13]
T1,0,1,118,53
T2,1,1,28,2
T3,2,1,157,6
[14]
T1,0,1,129,61
T2,1,0,194,21
T3,2,0,52,2
[15]
T1,0,1,105,2
T2,1,1,165,20
T3,2,1,53,25
[16]
T1,0,0,186,78
T2,1,1,51,4
T3,2,1,126,11
[17]
T1,0,0,173,34
T2,1,1,145,46
T3,2,1,52,4
[18]
T1,0,1,34,18
T2,1,1,197,11
T3,2,1,85,2
[19]
T1,0,0,63,25
T2,1,0,38,5
T3,2,0,158,6
[20]
T1,0,1,27,1
T2,1,1,182,50
T3,2,1,84,20
[21]
T1,0,0,90,26
T2,1,0,164,30
T3,2,0,29,3
[22]
T1,0,0,178,31
T2,1,1,31,6
T3,2,1,91,17
[23]
T1,0,1,45,2
T2,1,0,122,50
T3,2,1,169,30
[24]
T1,0,1,132,20
T2,1,0,47,19
T3,2,0,187,3
[25]
T1,0,1,198,12
T2,1,0,125,39
T3,2,0,22,4
[26]
T1,0,0,22,4
T2,1,0,81,16
T3,2,1,155,27
[27]
T1,0,0,77,1
T2,1,1,31,1
T3,2,0,159,86
[28]
T1,0,0,131,60
T2,1,1,20,2
T3,2,1,183,2
[29]
T1,0,1,177,61
T2,1,0,25,2
T3,2,0,111,16
[30]
T1,0,1,144,5
T2,1,0,148,25
T3,2,1,39,15
[31]
T1,0,1,109,20
T2,1,0,177,34
T3,2,1,32,7
[32]
T1,0,0,139,33
T2,1,1,192,23
T3,2,0,50,12
[33]
T1,0,0,51,12
T2,1,1,181,48
T3,2,1,55,4
[34]
T1,0,1,137,22
T2,1,1,35,3
T3,2,0,197,68
[35]
T1,0,1,118,39
T2,1,0,165,43
T3,2,1,40,2
[36]
T1,0,0,114,34
T2,1,1,33,8
T3,2,0,186,5
[37]
T1,0,0,35,15
T2,1,1,164,2
T3,2,1,98,13
[38]
T1,0,0,43,20
T2,1,1,144,4
T3,2,0,175,15
[39]
T1,0,0,190,35
T2,1,0,89,27
T3,2,0,44,4
[40]
T1,0,1,165,35
T2,1,0,52,6
T3,2,0,97,24
[41]
T1,0,1,133,12
T2,1,0,29,12
T3,2,0,192,13
[42]
T1,0,0,45,1
T2,1,1,88,6
T3,2,1,170,84
[43]
T1,0,0,149,38
T2,1,0,52,11
T3,2,0,73,8
[44]
T1,0,1,169,43
T2,1,1,43,4
T3,2,0,101,23
[45]
T1,0,1,194,8
T2,1,0,32,13
T3,2,0,67,9
[46]
T1,0,0,194,68
T2,1,0,92,18
T3,2,1,20,2
[47]
T1,0,0,151,46
T2,1,1,88,22
T3,2,0,28,2
[48]
T1,0,1,101,15
T2,1,1,198,39
T3,2,1,50,12
[49]
T1,0,1,193,24
T2,1,0,95,21
T3,2,1,44,10
[50]
T1,0,1,98,23
T2,1,0,28,5
T3,2,0,150,22
[51]
T1,0,1,179,98
T2,1,0,45,1
T3,2,1,108,2
[52]
T1,0,1,178,1
T2,1,1,117,51
T3,2,1,32,4
[53]
T1,0,1,44,2
T2,1,0,172,16
T3,2,0,126,61
[54]
T1,0,1,50,3
T2,1,0,162,73
T3,2,1,130,10
[55]
T1,0,0,24,3
T2,1,0,154,19
T3,2,1,137,43
[56]
T1,0,1,46,3
T2,1,1,192,63
T3,2,0,108,22
[57]
T1,0,1,34,9
T2,1,0,146,41
T3,2,1,192,5
[58]
T1,0,1,181,23
T2,1,1,101,15
T3,2,1,35,10
[59]
T1,0,1,53,12
T2,1,1,166,53
T3,2,1,114,3
[60]
T1,0,1,144,6
T2,1,1,181,49
T3,2,0,22,6
[61]
T1,0,0,20,5
T2,1,1,109,5
T3,2,0,156,39
[62]
T1,0,1,77,22
T2,1,1,160,7
T3,2,0,51,13
[63]
T1,0,1,183,22
T2,1,0,24,6
T3,2,0,81,18
[64]
T1,0,0,48,3
T2,1,0,177,21
T3,2,0,122,48
[65]
T1,0,0,191,65
T2,1,1,120,26
T3,2,1,27,2
[66]
T1,0,1,21,5
T2,1,0,81,18
T3,2,0,175,15
[67]
T1,0,1,27,5
T2,1,0,170,28
T3,2,1,79,17
[68]
T1,0,0,120,4
T2,1,0,164,43
T3,2,0,42,12
[69]
T1,0,1,36,4
T2,1,1,133,22
T3,2,0,148,44
[70]
T1,0,1,47,10
T2,1,0,187,35
T3,2,1,81,14
[71]
T1,0,0,45,2
T2,1,1,141,2
T3,2,1,167,97
[72]
T1,0,0,36,3
T2,1,1,109,52
T3,2,0,150,4
[73]
T1,0,1,191,56
T2,1,1,136,38
T3,2,0,40,2
[74]
T1,0,1,72,12
T2,1,1,165,19
T3,2,0,46,13
[75]
T1,0,1,46,6
T2,1,0,196,76
T3,2,1,86,5
[76]
T1,0,0,188,79
T2,1,1,21,2
T3,2,0,126,20
[77]
T1,0,1,130,39
T2,1,0,195,32
T3,2,0,51,6
[78]
T1,0,0,34,8
T2,1,0,159,35
T3,2,1,62,7
[79]
T1,0,1,185,86
T2,1,1,75,8
T3,2,0,22,2
[80]
T1,0,1,182,75
T2,1,0,27,1
T3,2,0,78,9
[81]
T1,0,1,126,15
T2,1,1,183,82
T3,2,0,45,1
[82]
T1,0,0,158,45
T2,1,0,63,14
T3,2,0,40,3
[83]
T1,0,0,190,6
T2,1,0,40,21
T3,2,0,128,2
[84]
T1,0,0,32,5
T2,1,1,104,41
T3,2,0,176,4
[85]
T1,0,1,185,25
T2,1,0,128,44
T3,2,0,47,5
[86]
T1,0,0,79,12
T2,1,1,48,3
T3,2,0,168,62
[87]
T1,0,0,156,6
T2,1,1,112,3
T3,2,1,50,26
[88]
T1,0,1,45,2
T2,1,1,157,33
T3,2,1,93,30
[89]
T1,0,1,157,42
T2,1,1,35,11
T3,2,0,122,1
[90]
T1,0,1,42,6
T2,1,1,177,77
T3,2,1,93,2
[91]
T1,0,1,106,26
T2,1,1,198,58
T3,2,0,30,1
[92]
T1,0,0,50,26
T2,1,1,142,1
T3,2,0,181,11
[93]
T1,0,1,156,8
T2,1,0,65,15
T3,2,1,28,8
[94]
T1,0,0,174,12
T2,1,0,56,28
T3,2,0,25,2
[95]
T1,0,1,40,14
T2,1,1,149,2
T3,2,1,108,25
[96]
T1,0,1,52,11
T2,1,0,77,22
T3,2,1,186,15
[97]
T1,0,0,26,13
T2,1,0,150,1
T3,2,0,62,3
[98]
T1,0,0,167,46
T2,1,0,64,2
T3,2,0,26,8
[99]
T1,0,1,24,5
T2,1,0,114,37
T3,2,0,157,8
[100]
T1,0,0,21,8
T2,1,0,96,5
T3,2,1,168,20
[101]
T1,0,1,23,3
T2,1,1,70,15
T3,2,0,194,46
[102]
T1,0,1,62,16
T2,1,0,48,12
T3,2,1,154,10
[103]
T1,0,0,178,9
T2,1,0,30,14
T3,2,0,111,6
[104]
T1,0,1,100,5
T2,1,1,47,12
T3,2,0,197,56
[105]
T1,0,0,191,35
T2,1,1,21,6
T3,2,0,76,6
[106]
T1,0,0,115,32
T2,1,0,194,40
T3,2,1,42,4
[107]
T1,0,0,156,25
T2,1,1,60,23
T3,2,1,53,2
[108]
T1,0,0,58,9
T2,1,0,35,5
T3,2,0,180,51
[109]
T1,0,1,45,9
T2,1,0,85,28
T3,2,0,170,7
[110]
T1,0,1,118,42
T2,1,1,162,11
T3,2,1,29,4
[111]
T1,0,0,76,12
T2,1,1,45,12
T3,2,1,197,28
[112]
T1,0,0,35,6
T2,1,1,90,28
T3,2,0,189,16
[113]
T1,0,1,49,15
T2,1,1,109,14
T3,2,1,151,21
[114]
T1,0,1,39,7
T2,1,0,191,22
T3,2,1,60,17
[115]
T1,0,0,174,46
T2,1,0,33,9
T3,2,1,134,5
[116]
T1,0,1,172,83
T2,1,1,77,3
T3,2,1,47,3
[117]
T1,0,1,59,6
T2,1,1,32,9
T3,2,1,162,31
[118]
T1,0,0,25,1
T2,1,1,111,30
T3,2,1,167,44
[119]
T1,0,0,159,13
T2,1,1,56,27
T3,2,0,30,2
[120]
T1,0,1,122,31
T2,1,1,29,1
T3,2,1,181,52
[121]
T1,0,1,111,13
T2,1,1,156,46
T3,2,1,20,3
[122]
T1,0,1,44,2
T2,1,0,137,52
T3,2,0,165,27
[123]
T1,0,0,42,16
T2,1,0,185,18
T3,2,1,64,6
[124]
T1,0,0,20,2
T2,1,1,65,20
T3,2,1,177,50
[125]
T1,0,0,128,7
T2,1,1,42,2
T3,2,0,187,98
[126]
T1,0,0,159,1
T2,1,0,32,3
T3,2,0,69,33
[127]
T1,0,0,164,29
T2,1,0,21,7
T3,2,1,108,4
[128]
T1,0,0,131,37
T2,1,0,163,40
T3,2,0,45,2
[129]
T1,0,1,169,76
T2,1,1,124,16
T3,2,0,40,2
[130]
T1,0,1,73,12
T2,1,0,53,8
T3,2,0,195,51
[131]
T1,0,1,140,2
T2,1,1,160,26
T3,2,0,41,17
[132]
T1,0,0,25,2
T2,1,1,194,27
T3,2,0,75,33
[133]
T1,0,1,155,52
T2,1,1,57,10
T3,2,0,21,1
[134]
T1,0,0,72,4
T2,1,0,46,18
T3,2,0,150,21
[135]
T1,0,0,155,87
T2,1,1,42,2
T3,2,1,102,1
[136]
T1,0,1,35,2
T2,1,1,104,17
T3,2,1,197,85
[137]
T1,0,1,33,17
T2,1,0,104,3
T3,2,0,150,4
[138]
T1,0,1,33,1
T2,1,1,111,60
T3,2,0,172,1
[139]
T1,0,0,97,9
T2,1,1,47,19
T3,2,0,167,15
[140]
T1,0,0,193,45
T2,1,0,35,2
T3,2,1,119,34
[141]
T1,0,0,83,26
T2,1,0,181,40
T3,2,1,42,2
[142]
T1,0,0,174,27
T2,1,0,39,14
T3,2,1,61,4
[143]
T1,0,0,100,40
T2,1,0,37,3
T3,2,1,171,18
[144]
T1,0,0,160,7
T2,1,0,26,4
T3,2,1,77,29
[145]
T1,0,0,101,13
T2,1,1,159,35
T3,2,0,47,11
[146]
T1,0,0,78,7
T2,1,0,167,29
T3,2,0,26,8
[147]
T1,0,0,34,18
T2,1,0,166,4
T3,2,0,136,2
[148]
T1,0,0,162,17
T2,1,1,27,6
T3,2,0,71,19
[149]
T1,0,1,71,20
T2,1,0,26,4
T3,2,1,163,25
[150]
T1,0,1,179,31
T2,1,0,120,41
T3,2,1,53,3
[151]
T1,0,1,42,6
T2,1,0,197,74
T3,2,0,74,4
[152]
T1,0,0,134,21
T2,1,0,52,2
T3,2,0,156,61
[153]
T1,0,1,196,36
T2,1,1,75,16
T3,2,1,49,9
[154]
T1,0,1,43,3
T2,1,1,166,14
T3,2,1,128,55
[155]
T1,0,1,90,11
T2,1,0,30,8
T3,2,0,164,30
[156]
T1,0,1,133,25
T2,1,0,20,6
T3,2,0,167,10
[157]
T1,0,1,75,7
T2,1,1,153,30
T3,2,0,20,6
[158]
T1,0,1,37,1
T2,1,1,103,45
T3,2,1,190,23
[159]
T1,0,1,45,7
T2,1,0,158,52
T3,2,0,90,9
[160]
T1,0,1,46,22
T2,1,0,154,13
T3,2,0,130,2
[161]
T1,0,0,154,1
T2,1,0,29,10
T3,2,1,83,18
[162]
T1,0,1,35,4
T2,1,1,95,27
T3,2,0,177,29
[163]
T1,0,1,53,3
T2,1,1,74,11
T3,2,1,163,62
[164]
T1,0,0,38,8
T2,1,0,186,62
T3,2,1,91,3
[165]
T1,0,0,26,4
T2,1,0,198,57
T3,2,0,60,7
[166]
T1,0,1,44,1
T2,1,0,198,73
T3,2,1,100,20
[167]
T1,0,1,184,2
T2,1,0,125,41
T3,2,1,23,6
[168]
T1,0,1,62,16
T2,1,0,199,6
T3,2,1,53,16
[169]
T1,0,1,90,34
T2,1,0,182,15
T3,2,1,35,4
[170]
T1,0,1,23,2
T2,1,0,175,77
T3,2,1,140,21
[171]
T1,0,0,114,15
T2,1,1,40,12
T3,2,1,161,25
[172]
T1,0,1,170,17
T2,1,1,40,14
T3,2,0,62,8
[173]
T1,0,0,34,2
T2,1,0,183,100
T3,2,0,87,4
[174]
T1,0,1,65,2
T2,1,0,31,6
T3,2,1,164,59
[175]
T1,0,1,193,28
T2,1,1,45,2
T3,2,0,66,25
[176]
T1,0,0,52,6
T2,1,0,197,17
T3,2,0,72,27
[177]
T1,0,0,65,10
T2,1,0,33,7
T3,2,0,162,31
[178]
T1,0,1,160,42
T2,1,1,101,28
T3,2,1,37,1
[179]
T1,0,0,144,13
T2,1,0,149,65
T3,2,0,53,3
[180]
T1,0,0,118,6
T2,1,0,194,74
T3,2,0,25,4
[181]
T1,0,1,196,88
T2,1,0,22,2
T3,2,1,126,15
[182]
T1,0,1,31,7
T2,1,0,176,54
T3,2,1,93,3
[183]
T1,0,1,82,1
T2,1,0,29,6
T3,2,0,148,52
[184]
T1,0,0,28,1
T2,1,0,182,81
T3,2,0,69,7
[185]
T1,0,1,182,101
T2,1,1,73,2
T3,2,0,47,1
[186]
T1,0,1,151,58
T2,1,0,145,25
T3,2,1,41,1
[187]
T1,0,0,39,19
T2,1,1,101,1
T3,2,0,168,12
[188]
T1,0,1,99,5
T2,1,1,197,32
T3,2,0,35,13
[189]
T1,0,0,167,73
T2,1,0,24,2
T3,2,0,56,7
[190]
T1,0,1,144,48
T2,1,1,43,8
T3,2,0,184,12
[191]
T1,0,0,21,3
T2,1,0,64,10
T3,2,0,165,41
[192]
T1,0,1,107,2
T2,1,1,41,7
T3,2,0,157,63
[193]
T1,0,1,165,40
T2,1,1,20,3
T3,2,1,90,14
[194]
T1,0,1,117,55
T2,1,0,186,3
T3,2,0,41,4
[195]
T1,0,0,113,22
T2,1,0,38,2
T3,2,0,148,47
[196]
T1,0,0,44,6
T2,1,0,84,37
T3,2,1,192,2
[197]
T1,0,1,135,65
T2,1,1,29,1
T3,2,1,173,8
[198]
T1,0,1,162,24
T2,1,1,132,6
T3,2,0,43,17
[199]
T1,0,0,198,26
T2,1,0,53,13
T3,2,1,97,20
[200]
T1,0,1,52,5
T2,1,1,197,7
T3,2,1,101,46
[201]
T1,0,1,20,2
T2,1,0,190,15
T3,2,1,91,42
[202]
T1,0,1,173,66
T2,1,0,46,6
T3,2,0,96,7
[203]
T1,0,1,171,48
T2,1,0,122,3
T3,2,0,42,12
[204]
T1,0,1,34,11
T2,1,1,161,1
T3,2,0,107,27
[205]
T1,0,0,60,11
T2,1,1,49,2
T3,2,0,185,65
[206]
T1,0,1,116,8
T2,1,1,155,53
T3,2,1,43,7
[207]
T1,0,0,195,66
T2,1,1,43,7
T3,2,1,76,6
[208]
T1,0,0,29,3
T2,1,0,190,14
T3,2,1,110,44
[209]
T1,0,0,171,8
T2,1,1,58,9
T3,2,1,35,13
[210]
T1,0,0,118,3
T2,1,1,192,19
T3,2,1,39,18
[211]
T1,0,0,32,10
T2,1,0,158,14
T3,2,0,76,15
[212]
T1,0,1,26,4
T2,1,1,160,52
T3,2,0,65,6
[213]
T1,0,0,168,10
T2,1,1,48,20
T3,2,0,95,10
[214]
T1,0,0,27,7
T2,1,1,110,10
T3,2,0,178,37
[215]
T1,0,0,35,2
T2,1,0,90,33
T3,2,0,154,24
[216]
T1,0,0,46,4
T2,1,1,151,36
T3,2,1,56,14
[217]
T1,0,1,68,16
T2,1,0,42,14
T3,2,1,175,2
[218]
T1,0,0,39,7
T2,1,1,83,3
T3,2,0,193,70
[219]
T1,0,1,45,20
T2,1,0,109,1
T3,2,0,181,26
[220]
T1,0,1,48,12
T2,1,0,91,25
T3,2,1,160,9
[221]
T1,0,0,186,50
T2,1,0,47,6
T3,2,0,129,23
[222]
T1,0,1,163,42
T2,1,0,85,6
T3,2,0,52,13
[223]
T1,0,1,27,2
T2,1,1,136,29
T3,2,0,169,61
[224]
T1,0,1,166,3
T2,1,0,47,8
T3,2,1,97,38
[225]
T1,0,0,40,10
T2,1,1,107,22
T3,2,0,160,21
[226]
T1,0,0,125,18
T2,1,1,194,66
T3,2,1,39,4
[227]
T1,0,0,80,3
T2,1,1,39,1
T3,2,0,151,77
[228]
T1,0,0,88,36
T2,1,0,155,21
T3,2,0,27,1
[229]
T1,0,1,195,2
T2,1,1,58,13
T3,2,0,24,8
[230]
T1,0,0,61,2
T2,1,1,169,49
T3,2,0,46,13
[231]
T1,0,0,38,5
T2,1,0,120,22
T3,2,1,177,47
[232]
T1,0,1,51,8
T2,1,1,67,2
T3,2,1,188,76
[233]
T1,0,0,70,9
T2,1,0,184,23
T3,2,1,49,16
[234]
T1,0,1,187,64
T2,1,0,36,3
T3,2,1,58,9
[235]
T1,0,1,182,81
T2,1,1,131,7
T3,2,1,28,2
[236]
T1,0,1,102,41
T2,1,0,161,3
T3,2,0,36,6
[237]
T1,0,0,45,6
T2,1,1,60,21
T3,2,0,198,18
[238]
T1,0,0,168,2
T2,1,1,108,54
T3,2,0,41,3
[239]
T1,0,0,42,3
T2,1,1,159,33
T3,2,1,140,42
[240]
T1,0,0,189,29
T2,1,0,130,38
T3,2,0,44,6
[241]
T1,0,1,137,2
T2,1,1,194,8
T3,2,1,45,24
[242]
T1,0,1,181,11
T2,1,0,33,6
T3,2,1,115,39
[243]
T1,0,0,49,23
T2,1,0,127,8
T3,2,1,176,8
[244]
T1,0,1,159,29
T2,1,0,48,12
T3,2,1,134,21
[245]
T1,0,1,191,21
T2,1,1,127,11
T3,2,1,27,10
[246]
T1,0,1,65,33
T2,1,0,156,11
T3,2,0,44,2
[247]
T1,0,1,108,21
T2,1,0,195,38
T3,2,0,36,7
[248]
T1,0,0,127,30
T2,1,1,21,5
T3,2,0,163,18
[249]
T1,0,1,116,24
T2,1,0,185,30
T3,2,0,27,6
[250]
T1,0,1,38,5
T2,1,1,113,37
T3,2,1,158,18
[251]
T1,0,1,186,102
T2,1,1,122,1
T3,2,0,23,2
[252]
T1,0,1,44,11
T2,1,0,143,37
T3,2,1,156,10
[253]
T1,0,0,49,2
T2,1,0,70,28
T3,2,0,168,22
[254]
T1,0,0,150,19
T2,1,1,101,37
T3,2,1,31,3
[255]
T1,0,1,153,45
T2,1,0,126,3
T3,2,0,39,10
[256]
T1,0,1,50,6
T2,1,0,132,12
T3,2,1,179,68
[257]
T1,0,0,98,11
T2,1,0,148,64
T3,2,1,47,2
[258]
T1,0,1,31,2
T2,1,0,108,30
T3,2,0,170,39
[259]
T1,0,1,32,2
T2,1,1,79,32
T3,2,1,154,26
[260]
T1,0,0,41,4
T2,1,0,136,10
T3,2,1,177,75
[261]
T1,0,0,169,91
T2,1,1,38,2
T3,2,1,74,3
[262]
T1,0,0,62,12
T2,1,0,52,15
T3,2,1,188,18
[263]
T1,0,1,23,3
T2,1,0,113,35
T3,2,0,158,23
[264]
T1,0,0,32,2
T2,1,0,87,5
T3,2,0,168,85
[265]
T1,0,1,47,7
T2,1,1,85,24
T3,2,1,173,26
[266]
T1,0,0,187,57
T2,1,1,107,3
T3,2,0,29,7
[267]
T1,0,1,58,13
T2,1,1,176,59
T3,2,1,44,2
[268]
T1,0,1,31,14
T2,1,1,79,9
T3,2,1,165,2
[269]
T1,0,1,50,3
T2,1,0,176,41
T3,2,1,143,41
[270]
T1,0,0,27,5
T2,1,1,121,35
T3,2,1,173,17
[271]
T1,0,1,52,3
T2,1,0,172,92
T3,2,1,83,2
[272]
T1,0,1,189,86
T2,1,0,73,8
T3,2,1,47,1
[273]
T1,0,0,187,43
T2,1,1,79,2
T3,2,0,23,8
[274]
T1,0,0,149,47
T2,1,0,79,15
T3,2,1,22,1
[275]
T1,0,0,186,32
T2,1,1,46,7
T3,2,0,123,31
[276]
T1,0,0,188,69
T2,1,0,77,4
T3,2,1,42,7
[277]
T1,0,1,22,2
T2,1,1,94,22
T3,2,0,169,57
[278]
T1,0,0,49,2
T2,1,0,184,86
T3,2,0,131,10
[279]
T1,0,1,42,2
T2,1,1,54,17
T3,2,1,151,42
[280]
T1,0,0,128,3
T2,1,0,40,3
T3,2,0,163,78
[281]
T1,0,1,28,11
T2,1,1,168,32
T3,2,1,88,2
[282]
T1,0,0,172,12
T2,1,1,131,61
T3,2,1,41,2
[283]
T1,0,1,52,2
T2,1,0,58,10
T3,2,0,165,66
[284]
T1,0,0,100,33
T2,1,0,180,1
T3,2,0,42,10
[285]
T1,0,1,21,2
T2,1,0,172,12
T3,2,0,122,59
[286]
T1,0,0,50,5
T2,1,1,85,20
T3,2,1,166,41
[287]
T1,0,1,140,67
T2,1,1,32,3
T3,2,0,152,2
[288]
T1,0,0,33,1
T2,1,1,191,99
T3,2,0,61,2
[289]
T1,0,0,35,17
T2,1,0,189,1
T3,2,0,121,11
[290]
T1,0,0,143,59
T2,1,1,52,7
T3,2,0,187,8
[291]
T1,0,0,120,22
T2,1,1,193,30
T3,2,1,28,7
[292]
T1,0,1,75,15
T2,1,1,148,34
T3,2,1,36,5
[293]
T1,0,1,146,66
T2,1,0,30,3
T3,2,1,154,3
[294]
T1,0,0,191,26
T2,1,0,31,12
T3,2,1,120,5
[295]
T1,0,1,176,36
T2,1,0,52,11
T3,2,1,85,14
[296]
T1,0,1,51,4
T2,1,1,186,64
T3,2,0,102,17
[297]
T1,0,0,165,1
T2,1,0,41,16
T3,2,1,98,18
[298]
T1,0,1,195,11
T2,1,0,137,25
T3,2,0,25,8
[299]
T1,0,0,188,74
T2,1,0,29,5
T3,2,1,100,2
[300]
T1,0,1,72,34
T2,1,0,170,11
T3,2,0,36,1
[301]
T1,0,1,22,3
T2,1,1,183,70
T3,2,0,85,5
[302]
T1,0,0,192,81
T2,1,0,36,4
T3,2,0,143,8
[303]
T1,0,1,101,17
T2,1,0,165,39
T3,2,1,49,9
[304]
T1,0,1,185,23
T2,1,0,23,9
T3,2,1,65,3
[305]
T1,0,0,29,1
T2,1,0,127,56
T3,2,1,161,17
[306]
T1,0,1,90,27
T2,1,1,169,26
T3,2,0,42,5
[307]
T1,0,0,171,58
T2,1,0,72,10
T3,2,1,34,3
[308]
T1,0,1,26,6
T2,1,0,191,50
T3,2,1,114,8
[309]
T1,0,1,144,46
T2,1,1,26,5
T3,2,0,164,9
[310]
T1,0,1,109,27
T2,1,0,45,14
T3,2,0,179,5
[311]
T1,0,1,124,63
T2,1,1,161,5
T3,2,1,28,1
[312]
T1,0,1,197,5
T2,1,1,94,11
T3,2,0,20,8
[313]
T1,0,1,185,50
T2,1,1,134,23
T3,2,0,39,6
[314]
T1,0,1,154,84
T2,1,1,123,5
T3,2,1,49,2
[315]
T1,0,0,40,4
T2,1,0,154,13
T3,2,0,114,45
[316]
T1,0,0,90,2
T2,1,1,26,3
T3,2,0,178,83
[317]
T1,0,0,63,2
T2,1,0,26,13
T3,2,0,157,13
[318]
T1,0,1,41,14
T2,1,0,182,1
T3,2,1,117,26
[319]
T1,0,1,149,27
T2,1,0,94,13
T3,2,0,52,14
[320]
T1,0,0,50,6
T2,1,1,102,47
T3,2,1,197,1
[321]
T1,0,0,188,9
T2,1,1,139,64
T3,2,1,32,2
[322]
T1,0,1,35,2
T2,1,1,164,46
T3,2,0,127,38
[323]
T1,0,0,36,5
T2,1,0,197,35
T3,2,0,120,30
[324]
T1,0,0,126,5
T2,1,0,168,92
T3,2,1,30,2
[325]
T1,0,0,143,3
T2,1,1,27,8
T3,2,0,161,44
[326]
T1,0,0,130,8
T2,1,1,198,91
T3,2,0,52,3
[327]
T1,0,0,161,36
T2,1,0,33,2
T3,2,0,139,43
[328]
T1,0,1,22,5
T2,1,1,145,10
T3,2,1,184,54
[329]
T1,0,1,74,11
T2,1,1,170,29
T3,2,0,25,6
[330]
T1,0,1,134,24
T2,1,0,28,4
T3,2,0,182,47
[331]
T1,0,1,30,1
T2,1,0,149,20
T3,2,0,79,32
[332]
T1,0,0,171,50
T2,1,1,114,21
T3,2,0,38,4
[333]
T1,0,0,174,1
T2,1,0,132,32
T3,2,0,24,8
[334]
T1,0,0,196,2
T2,1,0,36,6
T3,2,1,66,26
[335]
T1,0,0,173,22
T2,1,1,43,9
T3,2,0,111,27
[336]
T1,0,0,141,27
T2,1,1,25,3
T3,2,0,175,44
[337]
T1,0,1,175,28
T2,1,0,22,6
T3,2,1,58,7
[338]
T1,0,0,24,2
T2,1,0,135,48
T3,2,1,160,21
[339]
T1,0,1,78,15
T2,1,1,22,5
T3,2,1,165,26
[340]
T1,0,0,93,8
T2,1,0,53,1
T3,2,0,163,77
[341]
T1,0,1,186,93
T2,1,0,32,2
T3,2,0,56,4
[342]
T1,0,1,31,1
T2,1,1,165,77
T3,2,0,78,6
[343]
T1,0,0,155,43
T2,1,0,40,9
T3,2,0,142,12
[344]
T1,0,1,158,13
T2,1,1,58,19
T3,2,0,48,8
[345]
T1,0,1,193,94
T2,1,1,53,4
T3,2,0,123,2
[346]
T1,0,0,29,2
T2,1,1,177,43
T3,2,1,75,21
[347]
T1,0,1,31,2
T2,1,1,187,14
T3,2,0,113,51
[348]
T1,0,0,50,7
T2,1,0,195,1
T3,2,0,147,66
[349]
T1,0,1,183,10
T2,1,0,22,2
T3,2,1,136,57
[350]
T1,0,1,91,26
T2,1,1,42,7
T3,2,0,166,20
[351]
T1,0,1,92,36
T2,1,0,40,7
T3,2,1,178,1
[352]
T1,0,1,51,2
T2,1,0,195,32
T3,2,0,103,39
[353]
T1,0,0,155,27
T2,1,0,30,6
T3,2,1,115,25
[354]
T1,0,1,174,27
T2,1,1,137,49
T3,2,0,52,3
[355]
T1,0,1,151,47
T2,1,0,89,12
T3,2,1,32,4
[356]
T1,0,0,135,40
T2,1,0,43,1
T3,2,1,182,48
[357]
T1,0,1,124,24
T2,1,1,22,4
T3,2,0,199,41
[358]
T1,0,0,47,11
T2,1,1,78,2
T3,2,0,180,60
[359]
T1,0,1,148,47
T2,1,0,100,22
T3,2,0,44,2
[360]
T1,0,1,34,3
T2,1,1,62,2
T3,2,0,158,80
[361]
T1,0,0,68,15
T2,1,1,197,43
T3,2,0,25,3
[362]
T1,0,1,85,12
T2,1,0,37,8
T3,2,0,168,37
[363]
T1,0,0,22,4
T2,1,0,199,30
T3,2,1,100,23
[364]
T1,0,0,147,13
T2,1,0,165,60
T3,2,1,20,2
[365]
T1,0,1,158,6
T2,1,0,58,5
T3,2,1,47,22
[366]
T1,0,1,153,8
T2,1,0,64,1
T3,2,0,29,15
[367]
T1,0,1,180,81
T2,1,1,44,2
T3,2,0,122,10
[368]
T1,0,0,153,5
T2,1,0,38,7
T3,2,1,146,53
[369]
T1,0,0,188,41
T2,1,1,116,3
T3,2,0,31,10
[370]
T1,0,0,41,4
T2,1,1,196,66
T3,2,0,108,16
[371]
T1,0,1,152,5
T2,1,0,21,11
T3,2,0,59,2
[372]
T1,0,0,153,36
T2,1,1,39,13
T3,2,0,139,2
[373]
T1,0,1,73,6
T2,1,1,32,11
T3,2,0,189,28
[374]
T1,0,1,161,8
T2,1,1,45,14
T3,2,1,119,27
[375]
T1,0,1,170,22
T2,1,0,54,2
T3,2,1,119,53
[376]
T1,0,1,54,18
T2,1,1,39,7
T3,2,1,198,11
[377]
T1,0,0,114,15
T2,1,1,149,31
T3,2,0,29,7
[378]
T1,0,1,159,65
T2,1,0,69,5
T3,2,0,52,5
[379]
T1,0,0,35,1
T2,1,1,66,1
T3,2,1,195,103
[380]
T1,0,1,117,47
T2,1,1,28,2
T3,2,0,178,33
[381]
T1,0,1,154,29
T2,1,0,117,19
T3,2,1,37,8
[382]
T1,0,0,53,4
T2,1,1,87,26
T3,2,0,194,38
[383]
T1,0,1,144,27
T2,1,0,170,62
T3,2,1,40,1
[384]
T1,0,1,98,2
T2,1,0,54,22
T3,2,0,179,31
[385]
T1,0,1,150,4
T2,1,1,21,10
T3,2,0,106,7
[386]
T1,0,0,69,23
T2,1,0,188,36
T3,2,0,34,2
[387]
T1,0,1,131,8
T2,1,0,193,46
T3,2,1,27,7
[388]
T1,0,1,135,28
T2,1,0,25,1
T3,2,1,186,60
[389]
T1,0,1,43,2
T2,1,0,171,13
T3,2,1,144,73
[390]
T1,0,0,20,8
T2,1,0,158,18
T3,2,0,139,10
[391]
T1,0,1,27,6
T2,1,0,173,57
T3,2,1,71,1
[392]
T1,0,0,158,42
T2,1,0,75,20
T3,2,0,35,2
[393]
T1,0,0,139,12
T2,1,0,34,12
T3,2,0,150,21
[394]
T1,0,0,177,2
T2,1,0,71,38
T3,2,1,22,1
[395]
T1,0,0,162,65
T2,1,1,50,2
T3,2,0,80,11
[396]
T1,0,0,148,12
T2,1,0,109,51
T3,2,0,35,1
[397]
T1,0,0,52,2
T2,1,0,109,12
T3,2,0,197,94
[398]
T1,0,0,51,1
T2,1,0,123,42
T3,2,1,191,43
[399]
T1,0,0,167,42
T2,1,1,28,3
T3,2,0,147,32
[400]
T1,0,0,114,31
T2,1,1,167,1
T3,2,1,45,14
[401]
T1,0,0,78,12
T2,1,0,47,17
T3,2,0,154,10
[402]
T1,0,0,89,20
T2,1,1,23,1
T3,2,0,194,60
[403]
T1,0,0,118,11
T2,1,0,167,39
T3,2,1,40,10
[404]
T1,0,1,102,9
T2,1,0,37,16
T3,2,1,157,9
[405]
T1,0,0,184,27
T2,1,0,20,6
T3,2,1,64,8
[406]
T1,0,1,125,5
T2,1,0,53,11
T3,2,0,192,66
[407]
T1,0,0,63,18
T2,1,0,44,6
T3,2,0,188,29
[408]
T1,0,0,156,21
T2,1,1,47,9
T3,2,1,115,30
[409]
T1,0,1,28,7
T2,1,0,69,17
T3,2,0,166,12
[410]
T1,0,0,174,22
T2,1,1,50,11
T3,2,1,90,21
[411]
T1,0,0,162,37
T2,1,0,75,3
T3,2,1,28,9
[412]
T1,0,0,50,10
T2,1,0,128,20
T3,2,1,172,38
[413]
T1,0,1,30,14
T2,1,1,65,5
T3,2,1,184,4
[414]
T1,0,0,91,46
T2,1,0,182,8
T3,2,0,42,2
[415]
T1,0,0,73,11
T2,1,0,161,71
T3,2,1,28,2
[416]
T1,0,1,119,6
T2,1,0,197,36
T3,2,0,44,15
[417]
T1,0,1,75,8
T2,1,1,182,50
T3,2,0,35,7
[418]
T1,0,0,176,101
T2,1,1,95,1
T3,2,0,52,2
[419]
T1,0,0,68,16
T2,1,1,31,3
T3,2,0,150,37
[420]
T1,0,0,175,11
T2,1,0,67,5
T3,2,0,27,12
[421]
T1,0,1,74,17
T2,1,0,48,10
T3,2,0,191,27
[422]
T1,0,1,111,5
T2,1,0,39,21
T3,2,0,155,2
[423]
T1,0,1,166,44
T2,1,0,27,5
T3,2,1,61,7
[424]
T1,0,1,46,17
T2,1,1,178,9
T3,2,1,122,19
[425]
T1,0,0,194,74
T2,1,0,47,8
T3,2,1,63,2
[426]
T1,0,1,51,4
T2,1,0,178,71
T3,2,0,78,8
[427]
T1,0,1,122,32
T2,1,0,20,5
T3,2,1,180,8
[428]
T1,0,0,129,41
T2,1,0,33,6
T3,2,0,166,15
[429]
T1,0,1,61,11
T2,1,1,195,49
T3,2,0,30,4
[430]
T1,0,0,33,8
T2,1,1,175,23
T3,2,0,139,27
[431]
T1,0,0,40,2
T2,1,0,170,20
T3,2,0,100,41
[432]
T1,0,0,163,21
T2,1,0,80,25
T3,2,0,32,4
[433]
T1,0,1,93,3
T2,1,1,30,14
T3,2,0,189,14
[434]
T1,0,0,43,2
T2,1,1,176,53
T3,2,1,64,15
[435]
T1,0,1,78,2
T2,1,1,192,41
T3,2,0,22,8
[436]
T1,0,0,169,41
T2,1,0,32,6
T3,2,1,106,16
[437]
T1,0,0,23,2
T2,1,0,88,3
T3,2,0,180,83
[438]
T1,0,0,84,24
T2,1,1,23,4
T3,2,0,173,16
[439]
T1,0,0,79,11
T2,1,0,21,1
T3,2,0,190,73
[440]
T1,0,0,21,10
T2,1,0,185,15
T3,2,1,88,1
[441]
T1,0,0,149,4
T2,1,0,139,47
T3,2,1,43,9
[442]
T1,0,0,191,6
T2,1,1,127,36
T3,2,0,25,7
[443]
T1,0,0,174,54
T2,1,0,59,11
T3,2,1,21,1
[444]
T1,0,1,175,100
T2,1,0,118,1
T3,2,0,30,2
[445]
T1,0,0,128,4
T2,1,0,27,12
T3,2,1,178,16
[446]
T1,0,1,153,54
T2,1,0,91,17
T3,2,1,45,2
[447]
T1,0,1,186,43
T2,1,1,49,8
T3,2,1,77,14
[448]
T1,0,0,40,12
T2,1,0,195,26
T3,2,1,107,15
[449]
T1,0,1,81,20
T2,1,1,156,42
T3,2,0,28,1
[450]
T1,0,1,159,70
T2,1,0,39,1
T3,2,1,110,13
[451]
T1,0,0,100,2
T2,1,0,161,30
T3,2,1,54,20
[452]
T1,0,0,58,8
T2,1,0,36,3
T3,2,0,198,71
[453]
T1,0,0,30,2
T2,1,1,65,18
T3,2,0,165,46
[454]
T1,0,0,76,20
T2,1,1,38,11
T3,2,0,192,3
[455]
T1,0,1,162,22
T2,1,1,53,11
T3,2,1,82,19
[456]
T1,0,1,146,36
T2,1,0,163,54
T3,2,0,49,2
[457]
T1,0,0,83,27
T2,1,1,183,2
T3,2,1,20,5
[458]
T1,0,0,94,22
T2,1,0,192,6
T3,2,1,24,7
[459]
T1,0,0,182,53
T2,1,1,143,28
T3,2,1,46,4
[460]
T1,0,1,34,2
T2,1,1,146,73
T3,2,1,166,2
[461]
T1,0,0,161,11
T2,1,1,63,31
T3,2,1,44,1
[462]
T1,0,1,48,9
T2,1,0,179,28
T3,2,1,97,23
[463]
T1,0,1,21,2
T2,1,1,172,15
T3,2,1,86,39
[464]
T1,0,0,76,36
T2,1,0,51,4
T3,2,0,187,5
[465]
T1,0,1,126,7
T2,1,0,196,63
T3,2,0,41,9
[466]
T1,0,0,115,53
T2,1,1,165,8
T3,2,1,32,2
[467]
T1,0,1,46,11
T2,1,0,159,1
T3,2,0,136,44
[468]
T1,0,1,187,78
T2,1,0,92,8
T3,2,0,43,3
[469]
T1,0,0,185,19
T2,1,0,106,31
T3,2,1,34,6
[470]
T1,0,0,75,7
T2,1,1,26,2
T3,2,1,180,90
[471]
T1,0,1,162,10
T2,1,0,30,10
T3,2,0,84,16
[472]
T1,0,0,50,13
T2,1,1,177,51
T3,2,1,100,4
[473]
T1,0,1,159,35
T2,1,1,33,7
T3,2,1,101,13
[474]
T1,0,1,182,19
T2,1,1,48,8
T3,2,0,71,22
[475]
T1,0,1,163,6
T2,1,1,120,39
T3,2,1,23,5
[476]
T1,0,1,183,28
T2,1,0,21,2
T3,2,0,123,38
[477]
T1,0,0,84,15
T2,1,0,21,3
T3,2,1,197,45
[478]
T1,0,0,73,22
T2,1,1,182,37
T3,2,0,29,2
[479]
T1,0,1,72,9
T2,1,1,174,59
T3,2,1,44,5
[480]
T1,0,1,27,2
T2,1,0,96,6
T3,2,0,166,72
[481]
T1,0,1,30,2
T2,1,0,85,25
T3,2,0,186,36
[482]
T1,0,1,100,37
T2,1,1,31,4
T3,2,1,159,10
[483]
T1,0,0,141,17
T2,1,1,37,6
T3,2,1,157,48
[484]
T1,0,1,197,11
T2,1,0,142,54
T3,2,1,36,5
[485]
T1,0,0,51,12
T2,1,0,152,5
T3,2,1,79,25
[486]
T1,0,1,187,88
T2,1,1,113,7
T3,2,1,53,3
[487]
T1,0,0,48,3
T2,1,0,143,9
T3,2,0,196,90
[488]
T1,0,1,31,1
T2,1,1,160,79
T3,2,0,85,4
[489]
T1,0,1,177,11
T2,1,1,51,11
T3,2,1,70,22
[490]
T1,0,1,190,22
T2,1,1,46,22
T3,2,0,104,2
[491]
T1,0,1,35,1
T2,1,0,152,7
T3,2,0,60,29
[492]
T1,0,0,21,3
T2,1,0,100,4
T3,2,1,193,77
[493]
T1,0,1,81,13
T2,1,1,52,20
T3,2,1,157,6
[494]
T1,0,1,77,24
T2,1,0,172,29
T3,2,1,27,3
[495]
T1,0,0,116,47
T2,1,0,50,4
T3,2,0,156,15
[496]
T1,0,1,52,14
T2,1,0,137,32
T3,2,1,184,14
[497]
T1,0,1,185,36
T2,1,0,40,7
T3,2,0,140,29
[498]
T1,0,1,133,21
T2,1,0,27,9
T3,2,0,183,17
[499]
T1,0,1,52,11
T2,1,1,116,9
T3,2,1,154,46
[500]
T1,0,1,53,7
T2,1,0,94,7
T3,2,0,155,58
