num_task_per_taskset=3
num_taskset=500
//ID,Priority,Offset,Period,Execution Time
[1]
T1,0,0,84,17
T2,1,1,157,49
T3,2,1,46,3
[2]
T1,0,1,28,10
T2,1,1,183,23
T3,2,1,85,7
[3]
T1,0,1,47,9
T2,1,1,87,12
T3,2,0,189,45
[4]
T1,0,1,92,15
T2,1,0,49,5
T3,2,0,179,57
[5]
T1,0,0,153,7
T2,1,1,26,2
T3,2,1,104,54
[6]
T1,0,1,51,16
T2,1,1,98,7
T3,2,1,168,33
[7]
T1,0,1,44,6
T2,1,1,82,28
T3,2,1,162,15
[8]
T1,0,0,190,47
T2,1,1,43,8
T3,2,0,82,12
[9]
T1,0,0,41,1
T2,1,0,198,74
T3,2,1,84,15
[10]
T1,0,1,119,5
T2,1,1,30,7
T3,2,1,185,58
[11]
T1,0,0,68,18
T2,1,1,162,45
T3,2,0,24,1
[12]
T1,0,1,161,77
T2,1,1,120,13
T3,2,0,22,2
[13]
T1,0,0,175,63
T2,1,1,146,1
T3,2,1,32,7
[14]
T1,0,0,29,14
T2,1,1,199,2
T3,2,0,144,10
[15]
T1,0,1,173,15
T2,1,1,109,22
T3,2,1,25,7
[16]
T1,0,0,170,35
T2,1,0,71,26
T3,2,1,44,2
[17]
T1,0,1,162,73
T2,1,0,80,6
T3,2,1,35,2
[18]
T1,0,0,117,6
T2,1,0,163,73
T3,2,0,50,4
[19]
T1,0,0,69,8
T2,1,1,199,55
T3,2,1,21,3
[20]
T1,0,1,166,15
T2,1,0,43,8
T3,2,0,66,19
[21]
T1,0,1,81,8
T2,1,0,30,14
T3,2,0,186,4
[22]
T1,0,1,195,9
T2,1,0,97,53
T3,2,1,48,2
[23]
T1,0,0,69,8
T2,1,0,177,44
T3,2,0,31,7
[24]
T1,0,0,193,61
T2,1,0,119,23
T3,2,1,47,3
[25]
T1,0,1,48,6
T2,1,1,76,17
T3,2,0,190,44
[26]
T1,0,0,67,17
T2,1,0,177,30
T3,2,1,42,7
[27]
T1,0,0,157,46
T2,1,1,35,5
T3,2,0,105,14
[28]
T1,0,0,149,66
T2,1,0,108,10
T3,2,0,20,1
[29]
T1,0,0,52,21
T2,1,1,164,31
T3,2,1,98,2
[30]
T1,0,0,29,2
T2,1,0,108,38
T3,2,1,198,47
[31]
T1,0,0,51,8
T2,1,0,160,66
T3,2,1,121,1
[32]
T1,0,0,146,18
T2,1,0,171,36
T3,2,1,47,12
[33]
T1,0,1,156,39
T2,1,0,52,3
T3,2,0,77,21
[34]
T1,0,0,101,19
T2,1,0,150,31
T3,2,0,31,5
[35]
T1,0,1,100,3
T2,1,1,48,3
T3,2,1,150,73
[36]
T1,0,0,37,4
T2,1,0,95,32
T3,2,1,187,26
[37]
T1,0,0,191,9
T2,1,0,112,21
T3,2,1,49,17
[38]
T1,0,0,99,18
T2,1,0,36,8
T3,2,1,170,30
[39]
T1,0,1,27,2
T2,1,0,156,65
T3,2,0,141,22
[40]
T1,0,1,194,41
T2,1,0,122,26
T3,2,1,45,7
[41]
T1,0,0,90,33
T2,1,1,45,6
T3,2,1,189,15
[42]
T1,0,0,185,18
T2,1,1,49,18
T3,2,0,120,13
[43]
T1,0,1,32,10
T2,1,1,76,19
T3,2,0,184,5
[44]
T1,0,1,173,3
T2,1,0,117,46
T3,2,1,45,8
[45]
T1,0,0,186,41
T2,1,1,133,50
T3,2,1,27,2
[46]
T1,0,0,138,20
T2,1,1,35,3
T3,2,0,196,67
[47]
T1,0,1,192,3
T2,1,1,107,36
T3,2,0,29,7
[48]
T1,0,1,66,2
T2,1,0,164,14
T3,2,0,47,22
[49]
T1,0,0,45,9
T2,1,0,152,48
T3,2,0,126,7
[50]
T1,0,1,193,6
T2,1,0,73,34
T3,2,1,33,3
[51]
T1,0,0,51,17
T2,1,0,55,13
T3,2,0,153,2
[52]
T1,0,1,37,15
T2,1,1,176,2
T3,2,1,124,21
[53]
T1,0,1,78,1
T2,1,1,52,27
T3,2,1,165,9
[54]
T1,0,0,33,2
T2,1,1,58,11
T3,2,1,174,55
[55]
T1,0,1,89,39
T2,1,0,187,10
T3,2,1,45,4
[56]
T1,0,1,30,5
T2,1,1,161,55
T3,2,0,142,8
[57]
T1,0,0,107,4
T2,1,1,24,2
T3,2,0,167,89
[58]
T1,0,0,24,2
T2,1,0,164,30
T3,2,0,147,60
[59]
T1,0,1,157,75
T2,1,1,64,2
T3,2,1,53,5
[60]
T1,0,1,43,11
T2,1,0,117,8
T3,2,0,182,47
[61]
T1,0,0,195,31
T2,1,0,58,5
T3,2,1,38,12
[62]
T1,0,0,182,38
T2,1,0,40,11
T3,2,0,117,12
[63]
T1,0,1,53,15
T2,1,0,68,15
T3,2,1,161,13
[64]
T1,0,1,93,39
T2,1,0,45,5
T3,2,0,181,8
[65]
T1,0,0,143,22
T2,1,0,191,50
T3,2,0,46,8
[66]
T1,0,1,36,18
T2,1,0,111,7
T3,2,0,157,2
[67]
T1,0,1,186,18
T2,1,1,132,5
T3,2,0,42,19
[68]
T1,0,1,198,75
T2,1,1,32,1
T3,2,1,145,26
[69]
T1,0,0,25,11
T2,1,1,179,21
T3,2,0,90,2
[70]
T1,0,0,159,19
T2,1,0,63,1
T3,2,0,39,17
[71]
T1,0,1,50,10
T2,1,1,123,42
T3,2,0,178,6
[72]
T1,0,0,46,11
T2,1,1,190,30
T3,2,1,89,16
[73]
T1,0,0,179,46
T2,1,0,66,6
T3,2,0,26,6
[74]
T1,0,1,64,13
T2,1,1,151,49
T3,2,0,20,1
[75]
T1,0,1,105,2
T2,1,0,171,38
T3,2,1,46,15
[76]
T1,0,0,123,11
T2,1,0,46,19
T3,2,0,149,12
[77]
T1,0,1,44,17
T2,1,0,174,27
T3,2,1,102,5
[78]
T1,0,0,51,18
T2,1,0,67,3
T3,2,1,172,30
[79]
T1,0,0,24,2
T2,1,1,196,97
T3,2,1,146,2
[80]
T1,0,0,175,54
T2,1,0,68,9
T3,2,0,27,3
[81]
T1,0,1,86,47
T2,1,0,183,2
T3,2,1,38,1
[82]
T1,0,0,36,13
T2,1,1,196,40
T3,2,0,62,2
[83]
T1,0,0,46,1
T2,1,1,199,48
T3,2,0,112,36
[84]
T1,0,0,105,25
T2,1,1,30,6
T3,2,0,187,28
[85]
T1,0,0,120,15
T2,1,0,177,66
T3,2,1,41,3
[86]
T1,0,1,68,4
T2,1,0,152,9
T3,2,1,36,16
[87]
T1,0,1,53,2
T2,1,0,128,49
T3,2,1,166,34
[88]
T1,0,0,20,7
T2,1,1,197,13
T3,2,1,109,16
[89]
T1,0,0,147,5
T2,1,0,42,13
T3,2,1,136,32
[90]
T1,0,1,155,53
T2,1,1,116,10
T3,2,1,44,7
[91]
T1,0,0,96,16
T2,1,0,47,18
T3,2,1,192,6
[92]
T1,0,1,176,4
T2,1,1,104,36
T3,2,0,36,7
[93]
T1,0,1,23,9
T2,1,0,75,9
T3,2,1,182,11
[94]
T1,0,1,156,28
T2,1,0,56,12
T3,2,1,27,5
[95]
T1,0,1,191,30
T2,1,1,34,2
T3,2,0,61,26
[96]
T1,0,0,64,18
T2,1,0,30,5
T3,2,0,180,19
[97]
T1,0,1,168,71
T2,1,1,54,4
T3,2,0,58,5
[98]
T1,0,1,173,14
T2,1,1,46,11
T3,2,0,101,27
[99]
T1,0,0,173,6
T2,1,0,40,3
T3,2,0,100,47
[100]
T1,0,0,155,31
T2,1,1,20,2
T3,2,0,88,24
[101]
T1,0,0,93,24
T2,1,0,178,48
T3,2,0,52,3
[102]
T1,0,1,70,20
T2,1,0,156,2
T3,2,1,26,7
[103]
T1,0,0,161,59
T2,1,1,129,26
T3,2,0,20,2
[104]
T1,0,1,112,55
T2,1,1,31,1
T3,2,1,174,8
[105]
T1,0,0,45,14
T2,1,1,69,2
T3,2,1,178,47
[106]
T1,0,0,48,5
T2,1,0,126,17
T3,2,1,158,53
[107]
T1,0,1,159,32
T2,1,0,74,11
T3,2,0,40,9
[108]
T1,0,1,76,2
T2,1,1,186,73
T3,2,1,44,7
[109]
T1,0,1,112,2
T2,1,1,149,6
T3,2,1,40,21
[110]
T1,0,1,149,57
T2,1,1,106,12
T3,2,1,44,4
[111]
T1,0,1,20,8
T2,1,0,142,20
T3,2,1,169,8
[112]
T1,0,0,109,14
T2,1,1,39,14
T3,2,0,147,15
[113]
T1,0,0,42,3
T2,1,1,159,30
T3,2,1,111,36
[114]
T1,0,1,72,15
T2,1,1,192,17
T3,2,1,27,7
[115]
T1,0,1,63,2
T2,1,0,50,18
T3,2,1,163,35
[116]
T1,0,1,194,76
T2,1,0,135,5
T3,2,1,42,7
[117]
T1,0,0,178,32
T2,1,0,26,5
T3,2,1,75,16
[118]
T1,0,0,114,43
T2,1,0,149,18
T3,2,0,26,2
[119]
T1,0,1,31,4
T2,1,0,148,57
T3,2,1,103,7
[120]
T1,0,0,38,2
T2,1,0,193,44
T3,2,0,55,17
[121]
T1,0,0,128,27
T2,1,0,193,47
T3,2,0,26,3
[122]
T1,0,1,171,13
T2,1,1,35,1
T3,2,1,56,25
[123]
T1,0,1,193,16
T2,1,0,120,41
T3,2,0,27,4
[124]
T1,0,1,178,66
T2,1,0,52,4
T3,2,0,103,14
[125]
T1,0,1,186,16
T2,1,1,115,16
T3,2,1,37,13
[126]
T1,0,0,26,5
T2,1,1,194,38
T3,2,1,97,16
[127]
T1,0,0,110,9
T2,1,1,181,76
T3,2,0,38,3
[128]
T1,0,1,163,47
T2,1,1,21,2
T3,2,1,91,17
[129]
T1,0,1,35,9
T2,1,1,66,12
T3,2,0,198,28
[130]
T1,0,1,169,13
T2,1,1,57,3
T3,2,0,27,12
[131]
T1,0,1,52,1
T2,1,1,108,4
T3,2,0,199,102
[132]
T1,0,0,52,1
T2,1,0,159,66
T3,2,0,145,23
[133]
T1,0,1,86,14
T2,1,0,53,7
T3,2,0,196,55
[134]
T1,0,1,185,2
T2,1,0,106,56
T3,2,0,35,2
[135]
T1,0,1,190,32
T2,1,0,77,32
T3,2,0,50,2
[136]
T1,0,1,194,12
T2,1,0,53,16
T3,2,1,129,28
[137]
T1,0,1,194,80
T2,1,1,27,2
T3,2,1,63,11
[138]
T1,0,0,104,35
T2,1,0,176,18
T3,2,0,29,4
[139]
T1,0,1,181,19
T2,1,1,84,15
T3,2,1,25,7
[140]
T1,0,1,23,4
T2,1,1,178,54
T3,2,0,105,11
[141]
T1,0,0,126,9
T2,1,1,44,7
T3,2,1,172,62
[142]
T1,0,1,149,25
T2,1,0,50,20
T3,2,1,147,2
[143]
T1,0,1,106,4
T2,1,1,27,6
T3,2,1,198,61
[144]
T1,0,1,131,35
T2,1,1,32,8
T3,2,0,181,9
[145]
T1,0,0,195,2
T2,1,1,50,2
T3,2,1,70,40
[146]
T1,0,1,89,22
T2,1,0,152,27
T3,2,0,42,6
[147]
T1,0,1,107,15
T2,1,1,183,5
T3,2,1,39,16
[148]
T1,0,1,193,7
T2,1,1,22,2
T3,2,0,63,34
[149]
T1,0,0,96,16
T2,1,0,34,11
T3,2,0,176,17
[150]
T1,0,1,188,18
T2,1,0,90,42
T3,2,1,38,1
[151]
T1,0,1,119,45
T2,1,0,22,2
T3,2,0,168,17
[152]
T1,0,1,197,40
T2,1,1,106,10
T3,2,1,34,10
[153]
T1,0,0,156,29
T2,1,1,38,7
T3,2,0,138,28
[154]
T1,0,0,139,40
T2,1,0,34,9
T3,2,0,182,7
[155]
T1,0,0,194,48
T2,1,0,144,36
T3,2,0,37,3
[156]
T1,0,1,42,4
T2,1,0,146,46
T3,2,1,184,32
[157]
T1,0,0,140,9
T2,1,1,165,75
T3,2,1,37,2
[158]
T1,0,0,135,17
T2,1,1,162,54
T3,2,1,39,5
[159]
T1,0,0,132,7
T2,1,1,166,60
T3,2,0,43,7
[160]
T1,0,1,38,6
T2,1,0,115,2
T3,2,0,180,73
[161]
T1,0,0,51,21
T2,1,1,188,27
T3,2,0,131,5
[162]
T1,0,1,165,22
T2,1,1,60,3
T3,2,1,50,19
[163]
T1,0,1,20,2
T2,1,1,72,2
T3,2,1,196,104
[164]
T1,0,0,45,8
T2,1,0,153,19
T3,2,1,68,19
[165]
T1,0,1,191,2
T2,1,0,124,24
T3,2,0,22,8
[166]
T1,0,1,65,16
T2,1,1,161,33
T3,2,1,33,4
[167]
T1,0,0,48,13
T2,1,0,198,4
T3,2,1,70,21
[168]
T1,0,0,27,4
T2,1,1,82,20
T3,2,1,194,39
[169]
T1,0,1,185,1
T2,1,1,33,18
T3,2,1,104,1
[170]
T1,0,0,36,8
T2,1,1,174,39
T3,2,1,79,11
[171]
T1,0,1,169,77
T2,1,0,147,16
T3,2,1,46,1
[172]
T1,0,0,172,3
T2,1,0,37,9
T3,2,0,56,18
[173]
T1,0,1,199,55
T2,1,0,106,2
T3,2,1,47,14
[174]
T1,0,1,36,3
T2,1,1,84,21
T3,2,1,195,46
[175]
T1,0,0,161,70
T2,1,1,22,2
T3,2,1,142,18
[176]
T1,0,1,72,15
T2,1,0,167,21
T3,2,1,25,6
[177]
T1,0,1,115,5
T2,1,0,21,6
T3,2,1,193,42
[178]
T1,0,0,150,56
T2,1,1,99,17
T3,2,0,48,2
[179]
T1,0,0,22,2
T2,1,1,191,5
T3,2,1,65,30
[180]
T1,0,0,25,5
T2,1,0,107,8
T3,2,1,180,53
[181]
T1,0,1,144,14
T2,1,0,182,82
T3,2,1,22,1
[182]
T1,0,1,38,16
T2,1,1,75,3
T3,2,1,186,20
[183]
T1,0,1,92,41
T2,1,0,38,1
T3,2,1,158,19
[184]
T1,0,0,152,26
T2,1,1,109,20
T3,2,0,26,6
[185]
T1,0,0,131,21
T2,1,0,37,13
T3,2,1,150,12
[186]
T1,0,0,41,14
T2,1,1,160,16
T3,2,1,73,10
[187]
T1,0,0,85,10
T2,1,0,53,14
T3,2,1,178,36
[188]
T1,0,0,82,10
T2,1,0,191,11
T3,2,1,23,9
[189]
T1,0,1,51,17
T2,1,1,113,18
T3,2,1,178,14
[190]
T1,0,1,186,75
T2,1,0,62,6
T3,2,1,33,3
[191]
T1,0,0,181,71
T2,1,1,22,3
T3,2,0,137,5
[192]
T1,0,0,30,5
T2,1,1,76,1
T3,2,0,173,65
[193]
T1,0,0,198,106
T2,1,1,26,2
T3,2,0,122,3
[194]
T1,0,1,48,8
T2,1,0,98,1
T3,2,1,184,73
[195]
T1,0,1,22,2
T2,1,1,97,7
T3,2,1,198,97
[196]
T1,0,0,78,25
T2,1,0,53,5
T3,2,0,185,32
[197]
T1,0,1,20,8
T2,1,1,79,3
T3,2,1,171,17
[198]
T1,0,1,160,22
T2,1,1,120,14
T3,2,1,20,6
[199]
T1,0,0,24,2
T2,1,1,166,52
T3,2,1,119,30
[200]
T1,0,1,170,51
T2,1,0,97,22
T3,2,0,41,2
[201]
T1,0,0,159,8
T2,1,0,63,28
T3,2,1,23,2
[202]
T1,0,0,175,38
T2,1,0,36,9
T3,2,0,132,13
[203]
T1,0,1,43,11
T2,1,0,158,45
T3,2,1,86,2
[204]
T1,0,0,164,32
T2,1,0,55,2
T3,2,1,34,13
[205]
T1,0,1,188,22
T2,1,0,44,10
T3,2,1,110,26
[206]
T1,0,0,91,22
T2,1,0,38,6
T3,2,1,150,27
[207]
T1,0,0,48,15
T2,1,0,72,2
T3,2,0,198,49
[208]
T1,0,0,61,5
T2,1,0,154,78
T3,2,1,37,2
[209]
T1,0,1,164,36
T2,1,0,50,9
T3,2,0,114,21
[210]
T1,0,1,157,58
T2,1,1,90,5
T3,2,1,46,7
[211]
T1,0,1,169,83
T2,1,0,135,11
T3,2,1,46,1
[212]
T1,0,1,115,4
T2,1,1,152,62
T3,2,0,33,4
[213]
T1,0,0,90,7
T2,1,0,53,4
T3,2,1,151,64
[214]
T1,0,1,57,26
T2,1,0,165,12
T3,2,1,30,2
[215]
T1,0,1,20,6
T2,1,1,126,26
T3,2,1,152,6
[216]
T1,0,1,160,36
T2,1,0,33,7
T3,2,1,97,13
[217]
T1,0,0,184,5
T2,1,0,50,24
T3,2,0,70,6
[218]
T1,0,0,124,11
T2,1,0,24,3
T3,2,1,176,65
[219]
T1,0,0,141,41
T2,1,0,180,9
T3,2,0,51,12
[220]
T1,0,1,130,52
T2,1,1,193,31
T3,2,0,50,1
[221]
T1,0,1,92,3
T2,1,0,37,19
T3,2,1,184,4
[222]
T1,0,0,183,44
T2,1,0,44,13
T3,2,0,146,7
[223]
T1,0,1,157,28
T2,1,0,135,50
T3,2,0,21,2
[224]
T1,0,0,101,10
T2,1,1,49,14
T3,2,0,192,38
[225]
T1,0,0,185,19
T2,1,0,23,3
T3,2,0,98,34
[226]
T1,0,1,22,2
T2,1,0,196,2
T3,2,1,62,29
[227]
T1,0,1,34,5
T2,1,1,98,13
T3,2,1,188,56
[228]
T1,0,0,199,43
T2,1,0,24,7
T3,2,0,116,7
[229]
T1,0,0,101,26
T2,1,1,197,4
T3,2,0,40,12
[230]
T1,0,1,72,18
T2,1,1,152,6
T3,2,1,33,9
[231]
T1,0,0,181,46
T2,1,1,140,44
T3,2,1,22,2
[232]
T1,0,1,114,58
T2,1,1,45,1
T3,2,1,169,7
[233]
T1,0,0,177,1
T2,1,1,89,42
T3,2,0,24,2
[234]
T1,0,0,29,9
T2,1,1,61,2
T3,2,1,147,37
[235]
T1,0,0,183,7
T2,1,1,27,3
T3,2,1,98,40
[236]
T1,0,0,150,18
T2,1,0,137,58
T3,2,0,35,1
[237]
T1,0,0,27,4
T2,1,0,148,46
T3,2,1,102,12
[238]
T1,0,0,62,24
T2,1,0,196,4
T3,2,1,24,4
[239]
T1,0,1,187,30
T2,1,0,48,12
T3,2,1,93,15
[240]
T1,0,1,52,12
T2,1,0,190,54
T3,2,0,131,10
[241]
T1,0,0,126,41
T2,1,1,169,24
T3,2,1,29,3
[242]
T1,0,1,142,1
T2,1,1,193,106
T3,2,0,39,1
[243]
T1,0,0,153,3
T2,1,1,50,27
T3,2,1,140,3
[244]
T1,0,1,120,4
T2,1,0,155,42
T3,2,0,32,9
[245]
T1,0,1,198,42
T2,1,0,52,16
T3,2,0,85,5
[246]
T1,0,0,116,16
T2,1,0,148,52
T3,2,0,48,5
[247]
T1,0,1,46,4
T2,1,1,186,58
T3,2,1,137,26
[248]
T1,0,1,39,2
T2,1,0,104,32
T3,2,0,164,36
[249]
T1,0,0,163,49
T2,1,1,36,10
T3,2,0,105,1
[250]
T1,0,1,150,17
T2,1,1,93,20
T3,2,1,54,14
[251]
T1,0,1,42,4
T2,1,0,135,48
T3,2,0,184,25
[252]
T1,0,0,137,2
T2,1,1,188,24
T3,2,0,38,17
[253]
T1,0,0,134,37
T2,1,1,23,3
T3,2,1,191,34
[254]
T1,0,0,94,36
T2,1,0,39,5
T3,2,0,177,11
[255]
T1,0,0,136,26
T2,1,0,50,2
T3,2,1,181,63
[256]
T1,0,1,179,85
T2,1,0,130,2
T3,2,0,48,4
[257]
T1,0,1,157,49
T2,1,1,113,21
T3,2,0,33,3
[258]
T1,0,1,170,79
T2,1,0,43,1
T3,2,0,128,11
[259]
T1,0,0,149,44
T2,1,0,87,2
T3,2,1,33,8
[260]
T1,0,0,47,4
T2,1,0,190,68
T3,2,1,121,15
[261]
T1,0,0,174,15
T2,1,0,41,11
T3,2,0,59,13
[262]
T1,0,1,39,6
T2,1,0,94,40
T3,2,0,158,2
[263]
T1,0,1,144,51
T2,1,0,176,5
T3,2,0,53,11
[264]
T1,0,1,73,6
T2,1,1,24,3
T3,2,0,189,73
[265]
T1,0,0,54,5
T2,1,1,196,78
T3,2,1,28,2
[266]
T1,0,0,52,8
T2,1,0,167,25
T3,2,1,136,37
[267]
T1,0,1,175,2
T2,1,1,100,50
T3,2,0,44,3
[268]
T1,0,0,54,14
T2,1,1,178,57
T3,2,0,23,2
[269]
T1,0,0,191,18
T2,1,1,138,46
T3,2,0,23,3
[270]
T1,0,0,195,46
T2,1,0,76,25
T3,2,0,29,2
[271]
T1,0,0,32,3
T2,1,0,124,55
T3,2,1,164,7
[272]
T1,0,1,166,47
T2,1,0,21,4
T3,2,1,128,12
[273]
T1,0,1,52,14
T2,1,1,164,35
T3,2,0,113,12
[274]
T1,0,1,28,9
T2,1,1,177,20
T3,2,0,55,8
[275]
T1,0,1,92,37
T2,1,1,46,4
T3,2,1,178,18
[276]
T1,0,1,187,32
T2,1,0,41,14
T3,2,0,63,4
[277]
T1,0,0,91,29
T2,1,0,45,6
T3,2,1,174,20
[278]
T1,0,1,156,19
T2,1,0,145,14
T3,2,1,25,9
[279]
T1,0,1,136,37
T2,1,0,189,34
T3,2,0,23,3
[280]
T1,0,1,71,16
T2,1,1,159,42
T3,2,1,29,2
[281]
T1,0,1,107,23
T2,1,0,23,8
T3,2,1,199,3
[282]
T1,0,1,28,5
T2,1,0,60,20
T3,2,1,155,8
[283]
T1,0,1,173,1
T2,1,0,35,12
T3,2,0,77,17
[284]
T1,0,0,137,41
T2,1,1,170,9
T3,2,0,40,9
[285]
T1,0,1,37,9
T2,1,1,109,24
T3,2,0,156,20
[286]
T1,0,0,188,22
T2,1,0,78,34
T3,2,0,20,2
[287]
T1,0,0,51,9
T2,1,1,184,69
T3,2,1,58,2
[288]
T1,0,1,104,2
T2,1,1,183,17
T3,2,1,43,20
[289]
T1,0,1,133,3
T2,1,0,177,86
T3,2,0,50,4
[290]
T1,0,0,182,23
T2,1,0,95,30
T3,2,1,43,6
[291]
T1,0,0,168,20
T2,1,0,73,3
T3,2,1,28,12
[292]
T1,0,0,156,27
T2,1,1,127,37
T3,2,0,37,4
[293]
T1,0,0,51,14
T2,1,1,105,31
T3,2,1,164,1
[294]
T1,0,1,80,16
T2,1,1,41,2
T3,2,0,148,51
[295]
T1,0,0,184,10
T2,1,0,140,41
T3,2,0,23,5
[296]
T1,0,0,172,2
T2,1,1,102,32
T3,2,1,30,8
[297]
T1,0,1,107,6
T2,1,1,173,82
T3,2,0,29,1
[298]
T1,0,1,38,2
T2,1,0,150,34
T3,2,0,61,18
[299]
T1,0,1,102,48
T2,1,0,168,15
T3,2,0,33,2
[300]
T1,0,0,121,28
T2,1,1,192,45
T3,2,0,52,6
[301]
T1,0,1,89,7
T2,1,0,171,68
T3,2,0,26,3
[302]
T1,0,0,121,32
T2,1,1,20,5
T3,2,1,172,9
[303]
T1,0,0,44,2
T2,1,0,79,34
T3,2,0,163,23
[304]
T1,0,0,31,2
T2,1,1,86,11
T3,2,0,183,71
[305]
T1,0,0,133,1
T2,1,1,158,31
T3,2,0,44,16
[306]
T1,0,0,182,9
T2,1,0,49,8
T3,2,1,96,36
[307]
T1,0,0,43,3
T2,1,0,92,21
T3,2,1,174,50
[308]
T1,0,1,71,9
T2,1,0,190,33
T3,2,1,43,12
[309]
T1,0,1,26,9
T2,1,1,193,2
T3,2,1,73,16
[310]
T1,0,1,33,15
T2,1,1,131,8
T3,2,0,160,11
[311]
T1,0,1,197,14
T2,1,1,32,14
T3,2,0,133,9
[312]
T1,0,0,22,1
T2,1,0,124,29
T3,2,1,194,60
[313]
T1,0,0,36,7
T2,1,1,198,2
T3,2,0,132,51
[314]
T1,0,1,162,53
T2,1,1,51,8
T3,2,0,104,11
[315]
T1,0,1,40,10
T2,1,1,180,19
T3,2,0,71,16
[316]
T1,0,0,41,1
T2,1,0,189,103
T3,2,1,69,1
[317]
T1,0,0,73,41
T2,1,1,36,2
T3,2,1,191,2
[318]
T1,0,0,86,15
T2,1,1,22,5
T3,2,0,188,31
[319]
T1,0,0,33,4
T2,1,0,97,5
T3,2,0,149,60
[320]
T1,0,1,55,3
T2,1,0,20,10
T3,2,0,147,4
[321]
T1,0,0,33,4
T2,1,0,148,11
T3,2,1,121,46
[322]
T1,0,1,137,59
T2,1,0,25,2
T3,2,1,148,10
[323]
T1,0,0,67,19
T2,1,1,176,48
T3,2,1,30,2
[324]
T1,0,1,196,110
T2,1,1,48,2
T3,2,1,74,2
[325]
T1,0,0,175,25
T2,1,0,108,19
T3,2,1,27,7
[326]
T1,0,1,38,2
T2,1,1,109,48
T3,2,1,196,29
[327]
T1,0,1,188,73
T2,1,1,47,3
T3,2,1,140,18
[328]
T1,0,1,49,4
T2,1,0,166,3
T3,2,1,141,70
[329]
T1,0,0,170,2
T2,1,1,119,48
T3,2,1,53,10
[330]
T1,0,0,22,2
T2,1,1,172,36
T3,2,0,105,40
[331]
T1,0,0,113,19
T2,1,1,40,5
T3,2,0,199,56
[332]
T1,0,1,188,40
T2,1,0,38,12
T3,2,0,91,4
[333]
T1,0,0,147,77
T2,1,0,28,1
T3,2,1,104,3
[334]
T1,0,1,34,4
T2,1,1,199,84
T3,2,0,90,5
[335]
T1,0,0,64,1
T2,1,1,25,2
T3,2,1,167,81
[336]
T1,0,0,32,10
T2,1,1,185,45
T3,2,0,132,2
[337]
T1,0,0,33,13
T2,1,1,160,17
T3,2,0,56,4
[338]
T1,0,1,65,17
T2,1,0,35,8
T3,2,1,180,17
[339]
T1,0,0,51,27
T2,1,1,177,5
T3,2,0,58,1
[340]
T1,0,1,161,32
T2,1,0,24,7
T3,2,0,83,8
[341]
T1,0,0,87,36
T2,1,0,22,1
T3,2,0,159,18
[342]
T1,0,0,61,4
T2,1,1,180,5
T3,2,1,38,18
[343]
T1,0,0,194,20
T2,1,1,139,32
T3,2,1,47,12
[344]
T1,0,0,110,33
T2,1,0,160,27
T3,2,1,36,4
[345]
T1,0,0,168,71
T2,1,1,36,2
T3,2,1,144,22
[346]
T1,0,0,191,49
T2,1,1,23,3
T3,2,1,121,25
[347]
T1,0,1,34,9
T2,1,1,190,29
T3,2,0,126,21
[348]
T1,0,1,62,18
T2,1,0,25,2
T3,2,1,187,38
[349]
T1,0,0,151,4
T2,1,0,84,33
T3,2,0,48,7
[350]
T1,0,0,48,15
T2,1,0,196,48
T3,2,1,105,3
[351]
T1,0,1,76,13
T2,1,0,162,5
T3,2,0,42,16
[352]
T1,0,1,32,5
T2,1,0,111,32
T3,2,1,173,23
[353]
T1,0,1,184,3
T2,1,1,132,43
T3,2,1,44,11
[354]
T1,0,0,195,10
T2,1,0,147,16
T3,2,1,23,10
[355]
T1,0,0,155,89
T2,1,0,79,2
T3,2,0,48,2
[356]
T1,0,0,89,17
T2,1,1,149,12
T3,2,0,29,9
[357]
T1,0,0,164,36
T2,1,1,32,11
T3,2,0,124,3
[358]
T1,0,0,168,80
T2,1,1,34,2
T3,2,0,76,7
[359]
T1,0,0,172,14
T2,1,1,60,2
T3,2,1,30,14
[360]
T1,0,1,168,44
T2,1,0,29,2
T3,2,0,129,42
[361]
T1,0,0,27,2
T2,1,1,194,52
T3,2,1,146,35
[362]
T1,0,0,67,11
T2,1,1,150,54
T3,2,1,42,2
[363]
T1,0,0,146,38
T2,1,0,41,11
T3,2,0,196,11
[364]
T1,0,0,161,15
T2,1,0,33,3
T3,2,0,91,36
[365]
T1,0,0,183,19
T2,1,0,23,5
T3,2,0,55,14
[366]
T1,0,0,195,29
T2,1,0,62,23
T3,2,0,38,2
[367]
T1,0,0,159,21
T2,1,0,88,13
T3,2,1,20,6
[368]
T1,0,1,167,10
T2,1,1,113,36
T3,2,1,42,8
[369]
T1,0,0,46,12
T2,1,0,180,20
T3,2,1,124,25
[370]
T1,0,1,21,1
T2,1,1,136,62
T3,2,0,191,10
[371]
T1,0,1,168,29
T2,1,1,94,3
T3,2,1,48,18
[372]
T1,0,0,133,20
T2,1,1,36,11
T3,2,1,148,20
[373]
T1,0,0,26,8
T2,1,1,186,47
T3,2,0,97,3
[374]
T1,0,1,108,43
T2,1,1,42,3
T3,2,1,188,20
[375]
T1,0,1,44,2
T2,1,1,161,35
T3,2,0,69,25
[376]
T1,0,1,158,34
T2,1,0,62,17
T3,2,1,22,2
[377]
T1,0,0,171,16
T2,1,0,107,48
T3,2,0,50,2
[378]
T1,0,0,48,15
T2,1,0,162,32
T3,2,1,95,7
[379]
T1,0,0,67,3
T2,1,1,27,2
T3,2,0,184,80
[380]
T1,0,0,44,15
T2,1,0,147,11
T3,2,0,161,28
[381]
T1,0,1,33,5
T2,1,0,199,49
T3,2,1,105,20
[382]
T1,0,1,185,27
T2,1,0,122,45
T3,2,1,30,2
[383]
T1,0,0,155,50
T2,1,1,100,20
T3,2,1,52,3
[384]
T1,0,1,29,2
T2,1,1,150,58
T3,2,0,119,22
[385]
T1,0,0,132,19
T2,1,0,40,7
T3,2,0,189,52
[386]
T1,0,0,112,8
T2,1,0,189,19
T3,2,1,41,17
[387]
T1,0,0,118,14
T2,1,1,25,3
T3,2,1,194,67
[388]
T1,0,0,169,44
T2,1,0,113,4
T3,2,1,34,10
[389]
T1,0,0,119,22
T2,1,1,192,56
T3,2,0,24,2
[390]
T1,0,1,191,34
T2,1,0,61,18
T3,2,0,29,3
[391]
T1,0,0,170,4
T2,1,0,52,3
T3,2,1,96,49
[392]
T1,0,1,101,5
T2,1,1,174,9
T3,2,0,25,12
[393]
T1,0,0,44,2
T2,1,1,58,1
T3,2,0,151,77
[394]
T1,0,1,158,42
T2,1,1,121,18
T3,2,1,28,4
[395]
T1,0,0,115,8
T2,1,0,45,9
T3,2,1,196,62
[396]
T1,0,1,22,2
T2,1,1,160,22
T3,2,1,60,26
[397]
T1,0,1,181,25
T2,1,1,38,8
T3,2,0,90,19
[398]
T1,0,1,33,1
T2,1,0,120,56
T3,2,0,181,11
[399]
T1,0,0,68,13
T2,1,0,175,48
T3,2,1,40,5
[400]
T1,0,0,47,22
T2,1,0,178,7
T3,2,0,62,4
[401]
T1,0,0,174,72
T2,1,0,116,16
T3,2,1,42,1
[402]
T1,0,0,44,12
T2,1,1,185,44
T3,2,1,109,7
[403]
T1,0,0,42,13
T2,1,0,117,17
T3,2,0,184,22
[404]
T1,0,0,199,53
T2,1,1,30,3
T3,2,1,68,13
[405]
T1,0,1,67,30
T2,1,1,178,23
T3,2,1,31,2
[406]
T1,0,0,46,6
T2,1,0,153,55
T3,2,0,74,7
[407]
T1,0,0,121,2
T2,1,1,34,3
T3,2,0,186,90
[408]
T1,0,0,184,94
T2,1,1,32,2
T3,2,1,108,9
[409]
T1,0,1,163,15
T2,1,1,36,12
T3,2,1,76,11
[410]
T1,0,1,23,12
T2,1,1,199,3
T3,2,0,109,3
[411]
T1,0,0,91,47
T2,1,0,199,6
T3,2,0,28,1
[412]
T1,0,0,50,7
T2,1,0,159,49
T3,2,0,79,10
[413]
T1,0,1,51,5
T2,1,1,99,38
T3,2,1,189,20
[414]
T1,0,0,175,2
T2,1,0,39,13
T3,2,0,123,31
[415]
T1,0,1,163,48
T2,1,1,41,3
T3,2,1,85,18
[416]
T1,0,0,29,2
T2,1,0,111,56
T3,2,0,180,16
[417]
T1,0,1,84,19
T2,1,0,50,7
T3,2,0,174,39
[418]
T1,0,1,150,32
T2,1,1,44,13
T3,2,0,112,9
[419]
T1,0,1,170,13
T2,1,1,103,42
T3,2,0,39,4
[420]
T1,0,0,47,9
T2,1,1,198,16
T3,2,0,85,26
[421]
T1,0,1,54,28
T2,1,1,32,2
T3,2,1,164,8
[422]
T1,0,1,144,23
T2,1,1,25,9
T3,2,0,181,6
[423]
T1,0,1,21,2
T2,1,0,73,2
T3,2,0,166,90
[424]
T1,0,1,89,4
T2,1,1,179,94
T3,2,1,21,2
[425]
T1,0,0,31,2
T2,1,0,99,23
T3,2,0,154,55
[426]
T1,0,0,166,2
T2,1,1,53,16
T3,2,1,67,19
[427]
T1,0,0,29,9
T2,1,1,182,34
T3,2,0,125,8
[428]
T1,0,1,24,8
T2,1,1,127,2
T3,2,0,182,47
[429]
T1,0,0,32,8
T2,1,1,81,18
T3,2,0,152,14
[430]
T1,0,1,22,1
T2,1,0,180,60
T3,2,0,61,12
[431]
T1,0,1,107,37
T2,1,0,26,2
T3,2,1,197,46
[432]
T1,0,1,107,5
T2,1,1,162,36
T3,2,1,30,9
[433]
T1,0,0,151,2
T2,1,1,88,43
T3,2,0,47,4
[434]
T1,0,0,64,21
T2,1,1,37,1
T3,2,1,185,42
[435]
T1,0,0,155,10
T2,1,1,44,21
T3,2,1,136,5
[436]
T1,0,0,109,5
T2,1,0,153,9
T3,2,1,24,11
[437]
T1,0,0,30,11
T2,1,1,197,24
T3,2,1,146,15
[438]
T1,0,0,52,11
T2,1,0,148,21
T3,2,0,131,29
[439]
T1,0,1,148,9
T2,1,1,27,5
T3,2,1,118,37
[440]
T1,0,1,52,2
T2,1,0,180,95
T3,2,1,94,5
[441]
T1,0,1,153,9
T2,1,0,111,46
T3,2,1,21,2
[442]
T1,0,0,170,15
T2,1,0,20,2
T3,2,0,54,19
[443]
T1,0,1,164,18
T2,1,1,114,50
T3,2,0,49,2
[444]
T1,0,1,176,15
T2,1,0,27,11
T3,2,0,79,7
[445]
T1,0,0,182,6
T2,1,0,124,46
T3,2,1,27,5
[446]
T1,0,0,96,9
T2,1,0,188,2
T3,2,0,42,20
[447]
T1,0,0,135,24
T2,1,0,52,18
T3,2,0,168,9
[448]
T1,0,0,52,25
T2,1,1,123,9
T3,2,0,155,4
[449]
T1,0,0,32,7
T2,1,1,137,5
T3,2,0,197,64
[450]
T1,0,0,135,46
T2,1,0,35,5
T3,2,0,155,16
[451]
T1,0,1,171,2
T2,1,1,32,9
T3,2,1,136,41
[452]
T1,0,1,133,15
T2,1,1,180,54
T3,2,1,53,9
[453]
T1,0,0,81,14
T2,1,0,47,19
T3,2,1,193,2
[454]
T1,0,1,24,1
T2,1,0,125,27
T3,2,1,161,47
[455]
T1,0,1,94,16
T2,1,1,49,6
T3,2,0,194,55
[456]
T1,0,0,128,44
T2,1,0,35,8
T3,2,0,180,2
[457]
T1,0,1,160,16
T2,1,1,48,9
T3,2,1,140,41
[458]
T1,0,0,196,61
T2,1,1,79,11
T3,2,0,49,7
[459]
T1,0,0,188,91
T2,1,1,37,2
T3,2,0,93,3
[460]
T1,0,0,137,39
T2,1,0,23,4
T3,2,1,168,21
[461]
T1,0,1,31,11
T2,1,0,156,29
T3,2,0,84,1
[462]
T1,0,0,161,4
T2,1,0,39,21
T3,2,1,61,1
[463]
T1,0,0,22,7
T2,1,1,123,23
T3,2,1,155,13
[464]
T1,0,0,45,2
T2,1,1,94,18
T3,2,0,165,64
[465]
T1,0,1,97,13
T2,1,1,22,1
T3,2,0,171,63
[466]
T1,0,1,81,7
T2,1,0,160,38
T3,2,1,35,9
[467]
T1,0,0,169,40
T2,1,1,30,5
T3,2,1,68,11
[468]
T1,0,1,163,6
T2,1,1,102,32
T3,2,0,37,8
[469]
T1,0,1,199,53
T2,1,0,50,12
T3,2,0,112,8
[470]
T1,0,0,79,7
T2,1,1,197,43
T3,2,0,28,7
[471]
T1,0,0,185,61
T2,1,1,71,11
T3,2,1,32,3
[472]
T1,0,1,54,17
T2,1,0,197,2
T3,2,1,31,8
[473]
T1,0,0,33,4
T2,1,1,79,20
T3,2,1,150,29
[474]
T1,0,0,41,16
T2,1,1,105,17
T3,2,0,147,4
[475]
T1,0,0,146,11
T2,1,1,30,1
T3,2,1,167,75
[476]
T1,0,0,157,17
T2,1,1,85,34
T3,2,1,28,2
[477]
T1,0,1,143,61
T2,1,0,23,3
T3,2,1,186,2
[478]
T1,0,0,120,11
T2,1,0,195,36
T3,2,0,40,12
[479]
T1,0,1,73,40
T2,1,0,27,1
T3,2,0,154,1
[480]
T1,0,0,173,5
T2,1,0,47,23
T3,2,0,93,7
[481]
T1,0,0,165,41
T2,1,0,48,8
T3,2,1,69,12
[482]
T1,0,1,172,32
T2,1,1,50,4
T3,2,1,74,23
[483]
T1,0,0,179,4
T2,1,0,47,7
T3,2,1,134,55
[484]
T1,0,0,102,20
T2,1,0,36,6
T3,2,0,165,34
[485]
T1,0,0,28,2
T2,1,0,184,44
T3,2,0,70,17
[486]
T1,0,1,84,38
T2,1,1,28,1
T3,2,1,154,11
[487]
T1,0,0,185,40
T2,1,1,75,21
T3,2,1,43,4
[488]
T1,0,1,52,10
T2,1,1,64,4
T3,2,1,172,56
[489]
T1,0,1,144,25
T2,1,1,177,3
T3,2,0,20,8
[490]
T1,0,1,165,4
T2,1,1,51,6
T3,2,1,143,62
[491]
T1,0,0,45,4
T2,1,0,197,74
T3,2,0,122,15
[492]
T1,0,1,125,40
T2,1,0,38,2
T3,2,1,168,44
[493]
T1,0,1,30,8
T2,1,1,63,4
T3,2,1,150,35
[494]
T1,0,0,199,43
T2,1,1,53,19
T3,2,0,106,2
[495]
T1,0,1,39,2
T2,1,1,125,5
T3,2,0,190,93
[496]
T1,0,0,56,18
T2,1,1,185,18
T3,2,1,42,7
[497]
T1,0,1,26,9
T2,1,1,193,4
T3,2,0,106,20
[498]
T1,0,1,40,14
T2,1,0,185,36
T3,2,1,54,2
[499]
T1,0,0,155,35
T2,1,0,111,13
T3,2,1,44,10
[500]
T1,0,0,80,12
T2,1,1,20,8
T3,2,0,172,4
