num_task_per_taskset=3
num_taskset=500
//ID,Priority,Offset,Period,Execution Time
[1]
T1,0,0,157,9
T2,1,0,61,23
T3,2,1,35,9
[2]
T1,0,0,157,63
T2,1,0,36,3
T3,2,0,121,25
[3]
T1,0,1,133,42
T2,1,0,42,10
T3,2,0,148,18
[4]
T1,0,1,101,17
T2,1,0,160,52
T3,2,0,37,7
[5]
T1,0,0,173,58
T2,1,1,30,5
T3,2,1,109,19
[6]
T1,0,0,81,8
T2,1,0,191,94
T3,2,1,46,4
[7]
T1,0,1,103,7
T2,1,1,167,74
T3,2,0,42,7
[8]
T1,0,1,167,11
T2,1,1,136,59
T3,2,1,28,5
[9]
T1,0,1,136,75
T2,1,1,168,14
T3,2,0,23,1
[10]
T1,0,0,65,1
T2,1,1,45,15
T3,2,1,170,54
[11]
T1,0,1,88,27
T2,1,1,198,1
T3,2,1,46,17
[12]
T1,0,0,30,3
T2,1,0,131,68
T3,2,0,181,8
[13]
T1,0,0,44,18
T2,1,0,169,19
T3,2,1,129,21
[14]
T1,0,0,24,4
T2,1,0,56,27
T3,2,0,160,4
[15]
T1,0,1,127,13
T2,1,0,35,3
T3,2,0,187,90
[16]
T1,0,0,160,71
T2,1,1,24,5
T3,2,1,70,2
[17]
T1,0,1,41,15
T2,1,0,161,14
T3,2,1,105,24
[18]
T1,0,0,161,104
T2,1,0,24,2
T3,2,1,108,4
[19]
T1,0,1,140,78
T2,1,0,48,5
T3,2,0,174,3
[20]
T1,0,0,192,29
T2,1,0,44,18
T3,2,0,142,19
[21]
T1,0,1,156,68
T2,1,0,95,22
T3,2,0,29,2
[22]
T1,0,1,180,11
T2,1,0,145,25
T3,2,1,43,19
[23]
T1,0,0,103,18
T2,1,1,161,72
T3,2,0,25,1
[24]
T1,0,0,22,7
T2,1,1,195,3
T3,2,1,74,24
[25]
T1,0,1,134,23
T2,1,1,33,4
T3,2,0,161,62
[26]
T1,0,0,139,63
T2,1,1,199,42
T3,2,1,52,1
[27]
T1,0,1,29,5
T2,1,1,178,56
T3,2,0,129,26
[28]
T1,0,0,39,1
T2,1,0,151,58
T3,2,1,57,15
[29]
T1,0,0,35,6
T2,1,0,196,86
T3,2,1,59,4
[30]
T1,0,0,39,19
T2,1,0,96,11
T3,2,0,190,12
[31]
T1,0,1,48,6
T2,1,0,150,30
T3,2,1,82,29
[32]
T1,0,1,30,1
T2,1,1,74,14
T3,2,1,174,78
[33]
T1,0,1,161,9
T2,1,0,63,39
T3,2,1,50,2
[34]
T1,0,1,25,13
T2,1,1,193,5
T3,2,0,141,19
[35]
T1,0,1,128,9
T2,1,0,176,8
T3,2,1,45,26
[36]
T1,0,1,34,16
T2,1,0,83,15
T3,2,0,168,4
[37]
T1,0,1,163,35
T2,1,1,45,13
T3,2,1,118,21
[38]
T1,0,0,129,32
T2,1,0,40,8
T3,2,1,174,39
[39]
T1,0,0,182,2
T2,1,1,69,29
T3,2,0,42,11
[40]
T1,0,1,40,10
T2,1,1,155,61
T3,2,0,91,3
[41]
T1,0,1,175,2
T2,1,0,62,32
T3,2,1,45,6
[42]
T1,0,0,34,13
T2,1,0,152,36
T3,2,1,102,6
[43]
T1,0,1,76,2
T2,1,0,23,12
T3,2,1,153,15
[44]
T1,0,1,33,14
T2,1,0,194,48
T3,2,1,55,2
[45]
T1,0,1,158,18
T2,1,0,142,2
T3,2,0,50,28
[46]
T1,0,0,165,62
T2,1,0,91,17
T3,2,1,27,3
[47]
T1,0,1,149,3
T2,1,0,121,25
T3,2,0,21,9
[48]
T1,0,0,188,64
T2,1,1,55,13
T3,2,0,37,3
[49]
T1,0,0,186,45
T2,1,0,45,3
T3,2,0,71,26
[50]
T1,0,1,186,28
T2,1,1,104,3
T3,2,0,20,10
[51]
T1,0,0,54,15
T2,1,1,171,26
T3,2,0,28,7
[52]
T1,0,0,94,2
T2,1,0,170,77
T3,2,0,31,6
[53]
T1,0,1,150,28
T2,1,0,141,39
T3,2,1,46,10
[54]
T1,0,1,39,14
T2,1,1,114,29
T3,2,0,191,15
[55]
T1,0,0,176,13
T2,1,1,39,5
T3,2,0,63,30
[56]
T1,0,0,88,46
T2,1,1,162,4
T3,2,0,26,3
[57]
T1,0,0,48,19
T2,1,0,198,54
T3,2,0,81,1
[58]
T1,0,0,141,18
T2,1,1,187,64
T3,2,1,49,10
[59]
T1,0,0,31,1
T2,1,0,98,47
T3,2,0,154,27
[60]
T1,0,1,44,1
T2,1,0,135,59
T3,2,0,194,41
[61]
T1,0,0,83,2
T2,1,1,34,3
T3,2,0,180,105
[62]
T1,0,1,169,26
T2,1,1,147,24
T3,2,1,33,12
[63]
T1,0,1,49,20
T2,1,1,143,12
T3,2,0,196,37
[64]
T1,0,0,169,45
T2,1,0,33,5
T3,2,0,126,33
[65]
T1,0,1,186,30
T2,1,1,130,50
T3,2,0,25,3
[66]
T1,0,0,150,8
T2,1,0,39,16
T3,2,1,116,24
[67]
T1,0,0,41,3
T2,1,1,152,51
T3,2,0,108,30
[68]
T1,0,1,44,2
T2,1,0,114,14
T3,2,0,198,101
[69]
T1,0,0,154,36
T2,1,1,80,31
T3,2,1,21,1
[70]
T1,0,1,23,9
T2,1,0,139,6
T3,2,1,170,41
[71]
T1,0,1,168,76
T2,1,0,100,7
T3,2,0,47,8
[72]
T1,0,0,41,9
T2,1,1,195,3
T3,2,1,109,49
[73]
T1,0,1,196,102
T2,1,0,121,8
T3,2,0,52,5
[74]
T1,0,1,33,3
T2,1,1,119,50
T3,2,1,168,29
[75]
T1,0,1,186,4
T2,1,1,128,55
T3,2,0,39,9
[76]
T1,0,1,21,2
T2,1,1,165,11
T3,2,1,68,34
[77]
T1,0,0,154,77
T2,1,0,52,4
T3,2,1,104,11
[78]
T1,0,1,137,4
T2,1,0,48,8
T3,2,0,154,75
[79]
T1,0,1,94,30
T2,1,0,173,55
T3,2,1,34,1
[80]
T1,0,0,72,1
T2,1,0,20,12
T3,2,0,166,10
[81]
T1,0,0,97,7
T2,1,0,191,52
T3,2,0,42,14
[82]
T1,0,1,28,11
T2,1,1,175,32
T3,2,0,60,5
[83]
T1,0,1,62,39
T2,1,1,44,2
T3,2,1,192,2
[84]
T1,0,1,175,3
T2,1,1,126,19
T3,2,1,28,14
[85]
T1,0,1,86,3
T2,1,0,43,4
T3,2,0,183,99
[86]
T1,0,1,181,20
T2,1,0,29,1
T3,2,1,97,51
[87]
T1,0,1,159,7
T2,1,0,57,6
T3,2,1,50,26
[88]
T1,0,1,31,3
T2,1,0,159,61
T3,2,0,54,11
[89]
T1,0,1,49,15
T2,1,0,61,8
T3,2,1,157,38
[90]
T1,0,0,130,7
T2,1,1,44,17
T3,2,1,148,34
[91]
T1,0,0,48,2
T2,1,1,147,41
T3,2,0,179,64
[92]
T1,0,1,199,57
T2,1,1,31,8
T3,2,0,142,19
[93]
T1,0,0,48,25
T2,1,1,156,6
T3,2,0,98,11
[94]
T1,0,1,49,4
T2,1,1,73,18
T3,2,0,149,52
[95]
T1,0,0,61,2
T2,1,1,35,3
T3,2,1,197,111
[96]
T1,0,0,197,30
T2,1,1,20,4
T3,2,1,97,31
[97]
T1,0,0,151,44
T2,1,1,64,18
T3,2,0,29,3
[98]
T1,0,0,53,2
T2,1,1,55,3
T3,2,0,167,100
[99]
T1,0,0,178,9
T2,1,0,107,43
T3,2,1,48,11
[100]
T1,0,0,154,87
T2,1,1,25,1
T3,2,0,66,3
[101]
T1,0,1,76,3
T2,1,0,29,2
T3,2,0,168,104
[102]
T1,0,0,162,89
T2,1,0,40,3
T3,2,1,121,8
[103]
T1,0,0,136,20
T2,1,0,174,64
T3,2,0,43,7
[104]
T1,0,1,24,2
T2,1,1,60,11
T3,2,1,192,95
[105]
T1,0,0,112,58
T2,1,1,149,22
T3,2,0,47,1
[106]
T1,0,1,149,29
T2,1,1,52,12
T3,2,0,128,32
[107]
T1,0,1,45,1
T2,1,0,190,22
T3,2,1,90,50
[108]
T1,0,1,22,2
T2,1,1,155,2
T3,2,1,131,79
[109]
T1,0,1,98,36
T2,1,0,53,13
T3,2,0,180,13
[110]
T1,0,1,110,6
T2,1,0,160,69
T3,2,0,28,5
[111]
T1,0,1,25,14
T2,1,0,151,12
T3,2,1,82,2
[112]
T1,0,1,154,29
T2,1,0,82,23
T3,2,1,35,8
[113]
T1,0,1,36,5
T2,1,0,199,12
T3,2,0,76,37
[114]
T1,0,0,163,74
T2,1,0,25,5
T3,2,0,80,1
[115]
T1,0,1,106,18
T2,1,1,46,13
T3,2,1,182,41
[116]
T1,0,1,106,24
T2,1,0,162,39
T3,2,1,26,5
[117]
T1,0,0,105,44
T2,1,0,172,36
T3,2,1,20,1
[118]
T1,0,1,104,45
T2,1,1,184,15
T3,2,1,24,4
[119]
T1,0,0,120,16
T2,1,0,160,60
T3,2,0,42,7
[120]
T1,0,0,196,4
T2,1,0,32,2
T3,2,0,122,72
[121]
T1,0,0,61,1
T2,1,0,162,98
T3,2,0,38,2
[122]
T1,0,1,47,12
T2,1,1,114,45
T3,2,0,169,6
[123]
T1,0,1,123,14
T2,1,0,198,24
T3,2,1,31,14
[124]
T1,0,1,136,51
T2,1,1,28,2
T3,2,0,177,50
[125]
T1,0,1,44,16
T2,1,0,197,8
T3,2,0,90,25
[126]
T1,0,1,29,9
T2,1,0,74,17
T3,2,0,164,18
[127]
T1,0,1,56,18
T2,1,1,26,2
T3,2,1,150,52
[128]
T1,0,1,51,10
T2,1,0,162,21
T3,2,0,138,50
[129]
T1,0,0,30,16
T2,1,0,131,12
T3,2,0,181,10
[130]
T1,0,1,64,18
T2,1,0,44,7
T3,2,1,174,43
[131]
T1,0,0,64,4
T2,1,0,50,9
T3,2,0,197,85
[132]
T1,0,1,89,3
T2,1,0,149,18
T3,2,1,40,21
[133]
T1,0,0,176,58
T2,1,1,92,15
T3,2,1,37,7
[134]
T1,0,1,185,11
T2,1,1,85,19
T3,2,1,33,13
[135]
T1,0,0,195,20
T2,1,0,117,60
T3,2,1,47,3
[136]
T1,0,0,95,4
T2,1,0,154,30
T3,2,0,49,22
[137]
T1,0,1,160,35
T2,1,1,117,24
T3,2,1,31,8
[138]
T1,0,0,181,75
T2,1,0,137,14
T3,2,0,33,5
[139]
T1,0,0,159,9
T2,1,1,88,41
T3,2,0,25,4
[140]
T1,0,0,175,2
T2,1,1,117,61
T3,2,1,29,4
[141]
T1,0,0,152,2
T2,1,0,108,20
T3,2,0,53,26
[142]
T1,0,1,46,21
T2,1,0,167,31
T3,2,0,116,4
[143]
T1,0,0,116,41
T2,1,0,45,1
T3,2,0,181,54
[144]
T1,0,1,144,8
T2,1,1,39,9
T3,2,0,163,66
[145]
T1,0,1,28,2
T2,1,0,87,14
T3,2,1,179,79
[146]
T1,0,0,80,40
T2,1,1,186,21
T3,2,0,20,1
[147]
T1,0,1,125,4
T2,1,1,189,112
T3,2,1,53,3
[148]
T1,0,1,21,11
T2,1,1,193,16
T3,2,1,92,4
[149]
T1,0,1,91,15
T2,1,0,191,55
T3,2,1,50,12
[150]
T1,0,0,146,2
T2,1,1,34,20
T3,2,0,183,17
[151]
T1,0,0,174,18
T2,1,0,98,48
T3,2,0,36,3
[152]
T1,0,0,177,43
T2,1,1,20,5
T3,2,1,68,10
[153]
T1,0,0,51,14
T2,1,0,67,23
T3,2,1,185,11
[154]
T1,0,1,105,23
T2,1,0,182,20
T3,2,0,33,11
[155]
T1,0,1,59,5
T2,1,1,155,49
T3,2,0,31,8
[156]
T1,0,0,188,51
T2,1,0,26,9
T3,2,1,80,3
[157]
T1,0,0,23,6
T2,1,1,171,52
T3,2,0,139,14
[158]
T1,0,1,198,86
T2,1,1,53,11
T3,2,1,64,3
[159]
T1,0,1,153,55
T2,1,0,67,18
T3,2,1,39,2
[160]
T1,0,0,177,25
T2,1,1,119,6
T3,2,1,52,25
[161]
T1,0,1,195,51
T2,1,0,130,20
T3,2,0,30,8
[162]
T1,0,0,20,5
T2,1,0,156,5
T3,2,1,58,23
[163]
T1,0,0,152,23
T2,1,0,32,11
T3,2,0,106,19
[164]
T1,0,1,146,11
T2,1,0,46,15
T3,2,1,192,56
[165]
T1,0,1,115,17
T2,1,0,46,18
T3,2,1,147,20
[166]
T1,0,1,45,3
T2,1,0,170,5
T3,2,0,136,80
[167]
T1,0,0,174,12
T2,1,1,43,16
T3,2,1,77,18
[168]
T1,0,1,84,2
T2,1,1,42,19
T3,2,0,194,36
[169]
T1,0,1,121,24
T2,1,1,199,68
T3,2,0,39,5
[170]
T1,0,1,65,17
T2,1,0,20,3
T3,2,1,196,53
[171]
T1,0,1,194,61
T2,1,0,64,4
T3,2,0,33,10
[172]
T1,0,0,80,32
T2,1,1,180,28
T3,2,1,35,4
[173]
T1,0,1,20,2
T2,1,0,198,112
T3,2,1,122,10
[174]
T1,0,0,157,53
T2,1,1,43,1
T3,2,0,70,23
[175]
T1,0,0,46,15
T2,1,0,157,45
T3,2,0,137,10
[176]
T1,0,1,25,7
T2,1,1,148,14
T3,2,1,128,40
[177]
T1,0,0,119,23
T2,1,1,154,30
T3,2,1,53,16
[178]
T1,0,1,24,3
T2,1,1,174,36
T3,2,1,70,24
[179]
T1,0,1,50,3
T2,1,0,157,94
T3,2,1,59,1
[180]
T1,0,1,141,44
T2,1,0,173,47
T3,2,1,37,4
[181]
T1,0,0,159,71
T2,1,1,29,2
T3,2,0,125,19
[182]
T1,0,1,138,37
T2,1,1,162,36
T3,2,1,34,6
[183]
T1,0,0,197,10
T2,1,0,118,15
T3,2,1,49,25
[184]
T1,0,1,24,1
T2,1,0,137,68
T3,2,0,162,23
[185]
T1,0,1,66,2
T2,1,0,21,3
T3,2,0,194,91
[186]
T1,0,1,49,29
T2,1,1,168,6
T3,2,1,113,5
[187]
T1,0,1,150,43
T2,1,1,83,6
T3,2,1,34,11
[188]
T1,0,1,125,16
T2,1,1,189,71
T3,2,0,20,3
[189]
T1,0,1,22,5
T2,1,1,150,15
T3,2,1,138,50
[190]
T1,0,0,27,9
T2,1,0,180,18
T3,2,0,54,12
[191]
T1,0,0,24,13
T2,1,1,130,13
T3,2,1,152,1
[192]
T1,0,0,96,39
T2,1,1,148,34
T3,2,0,49,2
[193]
T1,0,0,162,6
T2,1,0,144,60
T3,2,0,30,7
[194]
T1,0,0,198,7
T2,1,0,141,40
T3,2,0,28,10
[195]
T1,0,0,197,6
T2,1,1,81,23
T3,2,0,48,18
[196]
T1,0,1,108,19
T2,1,1,189,3
T3,2,1,37,18
[197]
T1,0,1,156,26
T2,1,0,132,45
T3,2,1,22,4
[198]
T1,0,1,53,25
T2,1,0,96,3
T3,2,0,151,29
[199]
T1,0,0,161,51
T2,1,1,52,12
T3,2,1,143,19
[200]
T1,0,1,30,3
T2,1,0,167,87
T3,2,0,84,4
[201]
T1,0,1,184,53
T2,1,0,39,14
T3,2,1,112,2
[202]
T1,0,0,108,2
T2,1,1,175,111
T3,2,0,23,1
[203]
T1,0,1,144,2
T2,1,1,187,50
T3,2,0,53,22
[204]
T1,0,1,32,3
T2,1,0,179,81
T3,2,0,80,11
[205]
T1,0,0,127,13
T2,1,1,182,75
T3,2,0,25,4
[206]
T1,0,1,30,4
T2,1,1,166,12
T3,2,0,76,35
[207]
T1,0,0,47,7
T2,1,1,177,47
T3,2,1,85,22
[208]
T1,0,1,171,58
T2,1,0,22,2
T3,2,0,89,22
[209]
T1,0,0,63,3
T2,1,0,46,16
T3,2,0,197,52
[210]
T1,0,1,162,4
T2,1,0,62,38
T3,2,1,47,2
[211]
T1,0,1,186,69
T2,1,0,20,4
T3,2,0,129,10
[212]
T1,0,0,163,80
T2,1,0,123,8
T3,2,0,36,5
[213]
T1,0,1,149,8
T2,1,1,100,25
T3,2,1,29,11
[214]
T1,0,1,35,10
T2,1,0,155,61
T3,2,1,92,1
[215]
T1,0,1,32,2
T2,1,1,172,65
T3,2,0,121,27
[216]
T1,0,1,105,9
T2,1,1,36,2
T3,2,1,162,97
[217]
T1,0,1,160,16
T2,1,0,52,7
T3,2,1,139,64
[218]
T1,0,1,34,8
T2,1,0,163,24
T3,2,1,147,44
[219]
T1,0,1,134,35
T2,1,0,179,62
T3,2,1,24,1
[220]
T1,0,1,36,3
T2,1,1,189,92
T3,2,0,140,14
[221]
T1,0,1,76,10
T2,1,1,41,13
T3,2,1,158,35
[222]
T1,0,0,55,21
T2,1,1,30,2
T3,2,1,198,41
[223]
T1,0,0,89,5
T2,1,0,35,14
T3,2,1,193,42
[224]
T1,0,0,127,48
T2,1,0,35,1
T3,2,1,187,50
[225]
T1,0,1,32,4
T2,1,1,63,6
T3,2,0,157,71
[226]
T1,0,0,180,29
T2,1,0,137,7
T3,2,1,43,20
[227]
T1,0,1,46,9
T2,1,0,115,45
T3,2,0,170,17
[228]
T1,0,1,41,1
T2,1,0,125,34
T3,2,0,148,57
[229]
T1,0,0,37,19
T2,1,0,172,7
T3,2,1,131,15
[230]
T1,0,0,164,18
T2,1,0,69,15
T3,2,1,33,11
[231]
T1,0,1,151,75
T2,1,1,67,9
T3,2,0,22,1
[232]
T1,0,1,58,3
T2,1,0,39,2
T3,2,1,184,113
[233]
T1,0,0,189,66
T2,1,1,76,2
T3,2,1,33,10
[234]
T1,0,1,156,93
T2,1,1,90,3
T3,2,1,52,3
[235]
T1,0,0,35,14
T2,1,0,185,11
T3,2,1,81,18
[236]
T1,0,0,182,86
T2,1,1,48,6
T3,2,1,78,6
[237]
T1,0,1,110,41
T2,1,0,179,57
T3,2,0,34,2
[238]
T1,0,0,177,41
T2,1,0,145,26
T3,2,1,52,14
[239]
T1,0,1,187,37
T2,1,0,88,41
T3,2,0,31,2
[240]
T1,0,0,22,5
T2,1,0,86,3
T3,2,0,189,77
[241]
T1,0,0,40,8
T2,1,1,95,28
T3,2,0,174,31
[242]
T1,0,0,64,18
T2,1,1,185,49
T3,2,0,30,4
[243]
T1,0,0,167,47
T2,1,0,89,17
T3,2,0,51,11
[244]
T1,0,1,43,5
T2,1,1,171,83
T3,2,1,95,9
[245]
T1,0,1,51,16
T2,1,0,96,2
T3,2,1,184,64
[246]
T1,0,1,197,31
T2,1,0,110,31
T3,2,0,47,11
[247]
T1,0,0,149,7
T2,1,0,139,87
T3,2,0,37,2
[248]
T1,0,0,185,2
T2,1,0,123,54
T3,2,1,50,12
[249]
T1,0,0,157,18
T2,1,1,86,35
T3,2,0,43,7
[250]
T1,0,0,150,29
T2,1,0,33,11
T3,2,1,125,19
[251]
T1,0,1,185,32
T2,1,0,59,25
T3,2,1,20,1
[252]
T1,0,1,33,10
T2,1,1,197,54
T3,2,0,89,9
[253]
T1,0,0,49,19
T2,1,1,163,7
T3,2,1,124,32
[254]
T1,0,0,38,7
T2,1,0,77,28
T3,2,1,184,26
[255]
T1,0,0,73,23
T2,1,1,170,45
T3,2,1,23,2
[256]
T1,0,1,39,11
T2,1,0,81,28
T3,2,1,199,9
[257]
T1,0,1,37,11
T2,1,0,64,19
T3,2,1,149,15
[258]
T1,0,0,40,8
T2,1,0,189,70
T3,2,0,56,6
[259]
T1,0,0,172,31
T2,1,0,46,16
T3,2,1,55,8
[260]
T1,0,1,182,94
T2,1,1,66,5
T3,2,1,49,4
[261]
T1,0,0,166,27
T2,1,1,97,41
T3,2,0,24,2
[262]
T1,0,1,193,15
T2,1,0,29,5
T3,2,0,66,28
[263]
T1,0,0,42,3
T2,1,1,72,17
T3,2,1,192,73
[264]
T1,0,0,30,3
T2,1,1,150,35
T3,2,1,63,21
[265]
T1,0,1,95,15
T2,1,0,22,3
T3,2,1,183,67
[266]
T1,0,0,113,72
T2,1,1,171,4
T3,2,0,50,1
[267]
T1,0,0,96,24
T2,1,0,32,9
T3,2,0,185,28
[268]
T1,0,1,132,26
T2,1,1,197,59
T3,2,1,42,8
[269]
T1,0,1,58,22
T2,1,0,158,29
T3,2,1,49,6
[270]
T1,0,0,172,37
T2,1,1,49,23
T3,2,1,99,2
[271]
T1,0,1,52,2
T2,1,0,181,99
T3,2,0,85,11
[272]
T1,0,0,159,14
T2,1,0,53,9
T3,2,1,82,35
[273]
T1,0,1,160,35
T2,1,1,107,50
T3,2,1,39,2
[274]
T1,0,1,88,58
T2,1,1,52,2
T3,2,0,175,5
[275]
T1,0,0,64,3
T2,1,1,149,91
T3,2,1,24,2
[276]
T1,0,1,155,9
T2,1,0,114,26
T3,2,1,52,21
[277]
T1,0,0,99,4
T2,1,0,180,74
T3,2,1,28,6
[278]
T1,0,1,111,31
T2,1,0,46,9
T3,2,1,168,36
[279]
T1,0,0,114,13
T2,1,1,50,27
T3,2,1,175,5
[280]
T1,0,0,24,3
T2,1,0,188,3
T3,2,0,60,31
[281]
T1,0,1,79,10
T2,1,1,30,15
T3,2,1,154,7
[282]
T1,0,1,23,5
T2,1,1,56,3
T3,2,0,164,65
[283]
T1,0,1,40,1
T2,1,1,165,43
T3,2,1,79,32
[284]
T1,0,1,170,56
T2,1,0,39,4
T3,2,0,122,31
[285]
T1,0,0,84,20
T2,1,0,188,45
T3,2,1,46,10
[286]
T1,0,0,171,69
T2,1,0,26,2
T3,2,1,130,35
[287]
T1,0,0,39,17
T2,1,1,181,2
T3,2,0,115,27
[288]
T1,0,0,52,13
T2,1,1,109,18
T3,2,0,194,53
[289]
T1,0,0,47,20
T2,1,1,131,20
T3,2,1,160,17
[290]
T1,0,0,30,10
T2,1,0,94,1
T3,2,0,154,48
[291]
T1,0,0,198,29
T2,1,1,32,16
T3,2,0,121,5
[292]
T1,0,1,83,11
T2,1,0,196,63
T3,2,1,22,5
[293]
T1,0,0,52,2
T2,1,0,158,31
T3,2,1,112,50
[294]
T1,0,1,51,29
T2,1,1,166,7
T3,2,0,96,7
[295]
T1,0,1,176,47
T2,1,1,95,4
T3,2,1,26,9
[296]
T1,0,0,28,2
T2,1,0,63,30
T3,2,1,178,25
[297]
T1,0,1,190,46
T2,1,1,60,3
T3,2,1,42,16
[298]
T1,0,0,153,3
T2,1,1,95,17
T3,2,1,26,12
[299]
T1,0,0,129,49
T2,1,1,183,57
T3,2,1,29,2
[300]
T1,0,1,181,21
T2,1,1,41,17
T3,2,0,112,16
[301]
T1,0,1,144,2
T2,1,1,195,128
T3,2,0,37,2
[302]
T1,0,0,136,2
T2,1,1,32,2
T3,2,0,186,113
[303]
T1,0,1,25,12
T2,1,0,156,13
T3,2,1,110,12
[304]
T1,0,1,193,15
T2,1,0,39,15
T3,2,1,134,28
[305]
T1,0,1,87,1
T2,1,1,43,28
T3,2,0,176,2
[306]
T1,0,0,21,4
T2,1,0,165,54
T3,2,0,144,19
[307]
T1,0,1,180,70
T2,1,0,89,5
T3,2,1,28,7
[308]
T1,0,1,21,9
T2,1,0,175,3
T3,2,1,143,32
[309]
T1,0,0,98,35
T2,1,1,161,37
T3,2,0,31,3
[310]
T1,0,1,153,7
T2,1,1,42,13
T3,2,1,103,35
[311]
T1,0,0,194,87
T2,1,0,20,2
T3,2,1,78,19
[312]
T1,0,1,67,20
T2,1,1,180,43
T3,2,1,20,3
[313]
T1,0,1,49,7
T2,1,1,107,37
T3,2,0,175,32
[314]
T1,0,0,188,62
T2,1,1,47,9
T3,2,1,139,23
[315]
T1,0,1,167,13
T2,1,1,35,19
T3,2,0,133,10
[316]
T1,0,0,168,81
T2,1,1,47,1
T3,2,1,110,19
[317]
T1,0,1,150,5
T2,1,0,129,25
T3,2,0,35,16
[318]
T1,0,0,131,60
T2,1,0,40,7
T3,2,1,195,11
[319]
T1,0,1,171,29
T2,1,0,62,3
T3,2,1,34,15
[320]
T1,0,1,81,17
T2,1,1,179,61
T3,2,1,34,4
[321]
T1,0,1,29,2
T2,1,0,66,19
T3,2,1,160,50
[322]
T1,0,1,23,2
T2,1,0,165,14
T3,2,0,76,37
[323]
T1,0,0,24,1
T2,1,1,193,114
T3,2,1,67,2
[324]
T1,0,0,198,59
T2,1,1,21,3
T3,2,1,138,35
[325]
T1,0,0,68,29
T2,1,1,172,25
T3,2,1,21,2
[326]
T1,0,0,76,35
T2,1,0,40,2
T3,2,1,172,30
[327]
T1,0,0,150,49
T2,1,0,79,9
T3,2,1,29,7
[328]
T1,0,0,115,6
T2,1,0,174,2
T3,2,1,28,17
[329]
T1,0,1,26,1
T2,1,0,177,34
T3,2,1,147,63
[330]
T1,0,0,24,1
T2,1,0,188,71
T3,2,0,140,34
[331]
T1,0,0,120,36
T2,1,0,174,20
T3,2,0,44,12
[332]
T1,0,0,75,9
T2,1,1,38,5
T3,2,1,196,82
[333]
T1,0,1,35,21
T2,1,1,74,2
T3,2,0,154,7
[334]
T1,0,1,45,3
T2,1,1,150,50
T3,2,1,79,22
[335]
T1,0,0,160,69
T2,1,0,104,19
T3,2,0,39,3
[336]
T1,0,1,111,61
T2,1,0,41,1
T3,2,1,197,21
[337]
T1,0,1,114,26
T2,1,1,192,11
T3,2,0,21,8
[338]
T1,0,0,49,3
T2,1,1,191,79
T3,2,0,54,11
[339]
T1,0,0,104,39
T2,1,1,46,13
T3,2,1,151,3
[340]
T1,0,0,189,88
T2,1,0,145,2
T3,2,0,47,10
[341]
T1,0,0,148,49
T2,1,0,78,6
T3,2,1,26,7
[342]
T1,0,0,189,11
T2,1,1,46,21
T3,2,1,97,15
[343]
T1,0,0,149,41
T2,1,1,35,5
T3,2,0,66,16
[344]
T1,0,1,169,42
T2,1,1,108,36
T3,2,1,31,3
[345]
T1,0,0,188,49
T2,1,0,62,14
T3,2,1,33,6
[346]
T1,0,0,152,2
T2,1,0,48,6
T3,2,1,102,55
[347]
T1,0,1,186,97
T2,1,0,23,2
T3,2,0,69,9
[348]
T1,0,0,109,44
T2,1,1,49,3
T3,2,0,149,31
[349]
T1,0,1,59,6
T2,1,1,176,69
T3,2,1,51,9
[350]
T1,0,0,89,47
T2,1,1,187,26
T3,2,1,21,2
[351]
T1,0,1,134,67
T2,1,0,188,29
T3,2,0,28,1
[352]
T1,0,0,54,16
T2,1,0,164,15
T3,2,0,46,14
[353]
T1,0,1,171,22
T2,1,0,136,61
T3,2,1,20,2
[354]
T1,0,0,29,12
T2,1,1,151,34
T3,2,0,104,5
[355]
T1,0,0,113,50
T2,1,1,39,5
T3,2,0,152,15
[356]
T1,0,0,38,19
T2,1,1,102,11
T3,2,0,199,16
[357]
T1,0,0,177,97
T2,1,0,139,16
T3,2,1,34,1
[358]
T1,0,1,194,15
T2,1,1,43,23
T3,2,0,110,9
[359]
T1,0,0,164,84
T2,1,1,35,4
T3,2,1,56,2
[360]
T1,0,0,88,34
T2,1,0,199,49
T3,2,1,22,1
[361]
T1,0,0,61,9
T2,1,0,169,92
T3,2,0,45,2
[362]
T1,0,1,71,16
T2,1,1,156,30
T3,2,1,22,5
[363]
T1,0,0,155,32
T2,1,1,27,11
T3,2,0,103,7
[364]
T1,0,1,197,39
T2,1,1,78,6
T3,2,1,27,11
[365]
T1,0,0,44,7
T2,1,1,117,49
T3,2,0,161,16
[366]
T1,0,1,30,3
T2,1,0,152,74
T3,2,1,126,13
[367]
T1,0,1,42,18
T2,1,0,189,43
T3,2,1,99,3
[368]
T1,0,1,71,15
T2,1,1,53,7
T3,2,0,180,60
[369]
T1,0,1,42,14
T2,1,0,178,18
T3,2,1,83,19
[370]
T1,0,1,110,38
T2,1,1,184,51
T3,2,1,45,3
[371]
T1,0,0,29,7
T2,1,0,163,63
T3,2,1,143,9
[372]
T1,0,0,53,5
T2,1,1,152,34
T3,2,0,85,30
[373]
T1,0,1,49,12
T2,1,1,163,40
T3,2,1,121,23
[374]
T1,0,0,104,4
T2,1,0,153,57
T3,2,1,32,8
[375]
T1,0,1,111,22
T2,1,1,193,48
T3,2,0,44,10
[376]
T1,0,1,145,39
T2,1,1,49,15
T3,2,1,166,18
[377]
T1,0,0,163,79
T2,1,1,52,10
T3,2,1,119,1
[378]
T1,0,0,143,20
T2,1,0,196,26
T3,2,1,36,15
[379]
T1,0,1,107,28
T2,1,1,24,7
T3,2,0,166,22
[380]
T1,0,1,83,25
T2,1,0,39,5
T3,2,1,173,43
[381]
T1,0,0,141,79
T2,1,1,184,16
T3,2,1,27,1
[382]
T1,0,0,109,16
T2,1,1,48,13
T3,2,0,181,49
[383]
T1,0,1,84,11
T2,1,1,176,87
T3,2,1,38,2
[384]
T1,0,0,47,2
T2,1,0,85,2
T3,2,0,159,101
[385]
T1,0,0,140,11
T2,1,0,20,7
T3,2,0,163,38
[386]
T1,0,0,24,14
T2,1,0,199,6
T3,2,1,96,7
[387]
T1,0,1,176,8
T2,1,0,106,27
T3,2,1,28,11
[388]
T1,0,1,32,13
T2,1,0,154,10
T3,2,0,125,26
[389]
T1,0,0,126,52
T2,1,1,195,28
T3,2,1,25,3
[390]
T1,0,1,115,23
T2,1,0,33,10
T3,2,1,162,29
[391]
T1,0,0,60,2
T2,1,0,27,1
T3,2,1,159,97
[392]
T1,0,1,156,24
T2,1,1,38,7
T3,2,0,134,46
[393]
T1,0,1,186,45
T2,1,0,70,20
T3,2,0,31,5
[394]
T1,0,0,85,29
T2,1,1,194,33
T3,2,0,28,5
[395]
T1,0,1,32,6
T2,1,0,174,37
T3,2,0,111,30
[396]
T1,0,1,195,33
T2,1,0,34,9
T3,2,0,84,20
[397]
T1,0,0,72,18
T2,1,1,31,4
T3,2,0,187,53
[398]
T1,0,0,174,52
T2,1,1,32,8
T3,2,1,99,14
[399]
T1,0,1,187,99
T2,1,0,129,1
T3,2,0,21,3
[400]
T1,0,1,70,10
T2,1,0,33,15
T3,2,0,149,9
[401]
T1,0,0,39,2
T2,1,1,155,36
T3,2,1,72,28
[402]
T1,0,0,179,50
T2,1,0,51,13
T3,2,0,134,20
[403]
T1,0,1,145,46
T2,1,0,159,34
T3,2,0,30,4
[404]
T1,0,0,113,59
T2,1,1,34,1
T3,2,1,180,25
[405]
T1,0,1,34,15
T2,1,1,119,6
T3,2,1,176,36
[406]
T1,0,0,46,4
T2,1,0,186,102
T3,2,0,133,6
[407]
T1,0,1,33,4
T2,1,0,166,59
T3,2,1,59,12
[408]
T1,0,1,143,19
T2,1,1,178,77
T3,2,0,34,4
[409]
T1,0,0,40,9
T2,1,0,175,67
T3,2,1,77,6
[410]
T1,0,1,199,46
T2,1,0,20,2
T3,2,1,85,28
[411]
T1,0,1,94,45
T2,1,1,156,13
T3,2,0,21,2
[412]
T1,0,0,198,63
T2,1,0,88,10
T3,2,1,44,11
[413]
T1,0,0,82,11
T2,1,1,195,34
T3,2,1,34,12
[414]
T1,0,1,108,8
T2,1,0,162,84
T3,2,1,28,2
[415]
T1,0,1,49,24
T2,1,0,133,16
T3,2,0,182,12
[416]
T1,0,1,30,3
T2,1,1,171,32
T3,2,0,138,53
[417]
T1,0,1,32,1
T2,1,1,158,96
T3,2,1,65,2
[418]
T1,0,1,53,21
T2,1,0,188,33
T3,2,1,62,6
[419]
T1,0,1,157,23
T2,1,0,79,14
T3,2,1,45,16
[420]
T1,0,0,78,18
T2,1,1,31,12
T3,2,1,178,11
[421]
T1,0,1,30,13
T2,1,0,109,18
T3,2,1,195,12
[422]
T1,0,1,101,40
T2,1,0,164,21
T3,2,1,22,3
[423]
T1,0,0,25,7
T2,1,1,186,7
T3,2,1,124,45
[424]
T1,0,1,122,33
T2,1,0,33,7
T3,2,0,160,30
[425]
T1,0,0,67,13
T2,1,0,20,8
T3,2,0,198,13
[426]
T1,0,1,182,24
T2,1,1,53,24
T3,2,1,99,11
[427]
T1,0,0,84,6
T2,1,0,173,13
T3,2,0,43,23
[428]
T1,0,0,52,12
T2,1,0,57,1
T3,2,1,198,87
[429]
T1,0,1,113,49
T2,1,0,32,3
T3,2,1,150,21
[430]
T1,0,0,102,12
T2,1,0,27,8
T3,2,0,147,37
[431]
T1,0,1,149,18
T2,1,0,26,4
T3,2,1,135,56
[432]
T1,0,0,73,18
T2,1,1,43,14
T3,2,0,167,16
[433]
T1,0,0,199,34
T2,1,0,49,24
T3,2,1,70,2
[434]
T1,0,1,159,29
T2,1,1,138,42
T3,2,1,45,9
[435]
T1,0,0,32,2
T2,1,1,188,18
T3,2,1,144,82
[436]
T1,0,0,175,30
T2,1,0,98,26
T3,2,1,50,13
[437]
T1,0,0,51,19
T2,1,0,157,33
T3,2,0,59,6
[438]
T1,0,1,165,19
T2,1,1,102,57
T3,2,0,29,2
[439]
T1,0,1,131,80
T2,1,0,20,1
T3,2,1,167,2
[440]
T1,0,1,65,28
T2,1,0,48,6
T3,2,1,162,20
[441]
T1,0,0,110,53
T2,1,1,193,10
T3,2,1,31,4
[442]
T1,0,1,45,2
T2,1,0,126,72
T3,2,0,195,15
[443]
T1,0,0,33,12
T2,1,1,152,23
T3,2,1,63,11
[444]
T1,0,0,181,4
T2,1,0,90,42
T3,2,1,23,4
[445]
T1,0,1,56,16
T2,1,0,38,6
T3,2,1,179,41
[446]
T1,0,0,95,4
T2,1,1,162,75
T3,2,1,39,7
[447]
T1,0,1,151,27
T2,1,0,127,13
T3,2,0,46,19
[448]
T1,0,1,158,37
T2,1,1,23,8
T3,2,0,82,7
[449]
T1,0,0,178,108
T2,1,0,22,2
T3,2,1,85,4
[450]
T1,0,1,23,10
T2,1,1,106,2
T3,2,0,154,39
[451]
T1,0,1,66,14
T2,1,1,38,11
T3,2,1,193,33
[452]
T1,0,1,110,16
T2,1,0,28,12
T3,2,0,174,18
[453]
T1,0,1,74,14
T2,1,0,51,17
T3,2,1,149,24
[454]
T1,0,0,182,111
T2,1,0,53,3
T3,2,0,79,1
[455]
T1,0,1,48,2
T2,1,0,187,28
T3,2,0,96,46
[456]
T1,0,1,166,19
T2,1,1,109,11
T3,2,1,37,17
[457]
T1,0,0,175,47
T2,1,0,48,7
T3,2,1,133,37
[458]
T1,0,1,155,26
T2,1,1,38,2
T3,2,1,122,64
[459]
T1,0,1,45,27
T2,1,0,150,5
T3,2,0,57,2
[460]
T1,0,0,41,20
T2,1,0,162,12
T3,2,0,147,18
[461]
T1,0,0,49,16
T2,1,1,175,49
T3,2,0,132,10
[462]
T1,0,0,23,9
T2,1,0,146,36
T3,2,1,159,7
[463]
T1,0,1,44,12
T2,1,0,175,60
T3,2,0,56,4
[464]
T1,0,1,191,23
T2,1,1,42,12
T3,2,1,136,37
[465]
T1,0,1,63,27
T2,1,0,175,29
T3,2,0,38,3
[466]
T1,0,1,158,31
T2,1,1,130,36
T3,2,1,36,8
[467]
T1,0,1,22,3
T2,1,1,81,30
T3,2,0,193,35
[468]
T1,0,0,98,4
T2,1,1,148,8
T3,2,0,26,15
[469]
T1,0,1,180,48
T2,1,1,33,2
T3,2,1,115,46
[470]
T1,0,0,114,6
T2,1,1,179,16
T3,2,1,26,14
[471]
T1,0,1,23,8
T2,1,0,193,23
T3,2,1,80,17
[472]
T1,0,1,180,19
T2,1,1,48,1
T3,2,1,61,34
[473]
T1,0,1,111,13
T2,1,1,187,91
T3,2,1,28,2
[474]
T1,0,0,53,2
T2,1,0,88,40
T3,2,0,167,39
[475]
T1,0,0,46,22
T2,1,0,141,25
T3,2,0,148,5
[476]
T1,0,0,182,62
T2,1,0,37,5
T3,2,1,143,30
[477]
T1,0,0,42,20
T2,1,1,159,7
T3,2,0,142,22
[478]
T1,0,0,24,4
T2,1,1,81,31
T3,2,0,167,22
[479]
T1,0,0,101,16
T2,1,1,182,7
T3,2,0,47,23
[480]
T1,0,0,181,72
T2,1,1,52,13
T3,2,1,67,3
[481]
T1,0,0,27,1
T2,1,0,193,104
T3,2,1,94,8
[482]
T1,0,1,47,24
T2,1,0,183,14
T3,2,0,143,15
[483]
T1,0,0,101,3
T2,1,1,178,56
T3,2,0,28,9
[484]
T1,0,1,151,34
T2,1,1,92,28
T3,2,0,50,7
[485]
T1,0,0,101,33
T2,1,1,54,1
T3,2,0,181,62
[486]
T1,0,1,57,12
T2,1,0,35,11
T3,2,0,199,30
[487]
T1,0,0,159,30
T2,1,1,101,19
T3,2,0,46,14
[488]
T1,0,1,41,21
T2,1,1,58,3
T3,2,0,185,21
[489]
T1,0,0,192,22
T2,1,1,67,34
T3,2,0,48,3
[490]
T1,0,0,28,17
T2,1,1,73,5
T3,2,1,148,1
[491]
T1,0,0,21,5
T2,1,1,152,11
T3,2,0,62,21
[492]
T1,0,1,28,2
T2,1,0,149,92
T3,2,1,131,6
[493]
T1,0,0,118,8
T2,1,0,49,6
T3,2,0,180,87
[494]
T1,0,0,191,16
T2,1,0,33,2
T3,2,1,147,86
[495]
T1,0,0,158,1
T2,1,0,25,1
T3,2,1,114,72
[496]
T1,0,0,129,66
T2,1,0,176,22
T3,2,0,23,1
[497]
T1,0,0,156,44
T2,1,0,131,46
T3,2,0,42,2
[498]
T1,0,0,122,34
T2,1,1,160,10
T3,2,1,35,12
[499]
T1,0,0,169,49
T2,1,0,82,18
T3,2,0,50,8
[500]
T1,0,0,159,4
T2,1,0,76,21
T3,2,0,24,9
