num_task_per_taskset=3
num_taskset=500
//ID,Priority,Offset,Period,Execution Time
[1]
T1,0,0,162,1
T2,1,0,49,33
T3,2,0,88,2
[2]
T1,0,1,85,19
T2,1,1,156,43
T3,2,0,47,8
[3]
T1,0,1,28,8
T2,1,1,188,31
T3,2,0,127,31
[4]
T1,0,0,189,75
T2,1,1,95,4
T3,2,0,28,7
[5]
T1,0,1,180,24
T2,1,0,68,8
T3,2,0,32,14
[6]
T1,0,1,150,20
T2,1,0,76,5
T3,2,1,20,9
[7]
T1,0,0,81,21
T2,1,1,42,11
T3,2,0,194,30
[8]
T1,0,0,118,72
T2,1,0,158,6
T3,2,1,46,2
[9]
T1,0,1,156,63
T2,1,1,47,1
T3,2,0,141,36
[10]
T1,0,1,76,2
T2,1,0,157,39
T3,2,1,26,10
[11]
T1,0,1,37,7
T2,1,0,87,10
T3,2,0,168,62
[12]
T1,0,1,42,12
T2,1,0,59,3
T3,2,0,197,69
[13]
T1,0,0,79,2
T2,1,0,172,63
T3,2,1,48,14
[14]
T1,0,0,31,12
T2,1,1,153,2
T3,2,0,92,27
[15]
T1,0,0,159,31
T2,1,0,123,6
T3,2,0,32,14
[16]
T1,0,1,172,20
T2,1,1,22,2
T3,2,1,80,36
[17]
T1,0,1,85,5
T2,1,0,41,3
T3,2,0,158,87
[18]
T1,0,0,46,10
T2,1,1,141,31
T3,2,0,198,50
[19]
T1,0,1,149,39
T2,1,0,81,9
T3,2,1,37,11
[20]
T1,0,0,39,1
T2,1,0,172,25
T3,2,1,121,61
[21]
T1,0,0,166,40
T2,1,1,23,4
T3,2,1,136,32
[22]
T1,0,1,34,18
T2,1,1,197,14
T3,2,0,147,10
[23]
T1,0,0,133,74
T2,1,0,176,19
T3,2,1,26,2
[24]
T1,0,1,39,1
T2,1,0,66,20
T3,2,1,169,58
[25]
T1,0,1,33,13
T2,1,1,57,11
T3,2,1,187,18
[26]
T1,0,0,31,8
T2,1,0,175,47
T3,2,1,116,19
[27]
T1,0,0,20,2
T2,1,0,61,33
T3,2,1,198,23
[28]
T1,0,0,109,15
T2,1,0,185,32
T3,2,0,47,18
[29]
T1,0,0,29,5
T2,1,0,165,62
T3,2,1,75,10
[30]
T1,0,1,124,21
T2,1,0,147,67
T3,2,1,51,3
[31]
T1,0,1,167,11
T2,1,0,87,11
T3,2,0,35,17
[32]
T1,0,0,165,91
T2,1,1,36,3
T3,2,0,89,3
[33]
T1,0,1,33,10
T2,1,1,178,11
T3,2,1,57,17
[34]
T1,0,1,186,40
T2,1,0,120,39
T3,2,0,33,5
[35]
T1,0,0,53,3
T2,1,0,119,60
T3,2,1,198,25
[36]
T1,0,1,50,11
T2,1,1,196,45
T3,2,1,131,32
[37]
T1,0,1,193,12
T2,1,1,45,23
T3,2,0,60,6
[38]
T1,0,1,180,42
T2,1,1,99,3
T3,2,1,24,10
[39]
T1,0,0,181,30
T2,1,0,42,16
T3,2,1,105,14
[40]
T1,0,1,73,40
T2,1,1,170,16
T3,2,1,41,1
[41]
T1,0,1,192,90
T2,1,1,133,24
T3,2,0,20,2
[42]
T1,0,0,23,4
T2,1,1,170,79
T3,2,1,91,4
[43]
T1,0,1,120,7
T2,1,0,34,8
T3,2,0,156,61
[44]
T1,0,0,21,2
T2,1,0,112,40
T3,2,0,162,33
[45]
T1,0,0,190,79
T2,1,1,119,26
T3,2,1,53,2
[46]
T1,0,0,22,7
T2,1,1,153,29
T3,2,0,56,9
[47]
T1,0,1,35,3
T2,1,0,184,96
T3,2,1,73,4
[48]
T1,0,0,191,6
T2,1,0,132,62
T3,2,1,39,7
[49]
T1,0,1,154,33
T2,1,1,48,12
T3,2,0,106,24
[50]
T1,0,1,163,16
T2,1,0,27,6
T3,2,0,60,21
[51]
T1,0,0,153,1
T2,1,0,40,12
T3,2,0,69,26
[52]
T1,0,0,23,10
T2,1,0,73,14
T3,2,1,190,9
[53]
T1,0,0,172,10
T2,1,1,141,39
T3,2,0,41,14
[54]
T1,0,1,31,3
T2,1,0,178,3
T3,2,1,75,41
[55]
T1,0,1,42,4
T2,1,0,117,30
T3,2,0,164,54
[56]
T1,0,1,177,6
T2,1,0,34,6
T3,2,0,102,48
[57]
T1,0,0,166,12
T2,1,0,123,35
T3,2,1,39,12
[58]
T1,0,1,28,11
T2,1,1,62,2
T3,2,1,198,52
[59]
T1,0,1,186,16
T2,1,1,50,22
T3,2,1,117,20
[60]
T1,0,1,133,1
T2,1,0,174,42
T3,2,1,38,16
[61]
T1,0,0,68,2
T2,1,0,35,2
T3,2,1,172,105
[62]
T1,0,0,27,8
T2,1,1,155,3
T3,2,0,146,52
[63]
T1,0,0,28,5
T2,1,1,131,14
T3,2,0,180,67
[64]
T1,0,1,175,37
T2,1,1,22,1
T3,2,0,101,41
[65]
T1,0,0,198,28
T2,1,1,102,47
T3,2,1,21,1
[66]
T1,0,0,136,17
T2,1,0,198,55
T3,2,1,29,8
[67]
T1,0,0,169,29
T2,1,0,89,1
T3,2,0,48,24
[68]
T1,0,0,38,2
T2,1,0,131,76
T3,2,0,161,6
[69]
T1,0,1,35,17
T2,1,1,75,13
T3,2,0,196,2
[70]
T1,0,1,75,8
T2,1,1,188,49
T3,2,1,42,13
[71]
T1,0,0,58,7
T2,1,1,29,7
T3,2,1,157,50
[72]
T1,0,1,64,3
T2,1,1,52,5
T3,2,0,176,93
[73]
T1,0,1,105,32
T2,1,0,32,2
T3,2,1,185,67
[74]
T1,0,1,135,18
T2,1,0,186,47
T3,2,1,23,7
[75]
T1,0,1,139,53
T2,1,1,23,3
T3,2,0,195,35
[76]
T1,0,1,98,20
T2,1,1,190,73
T3,2,0,50,5
[77]
T1,0,1,165,43
T2,1,0,43,5
T3,2,0,108,34
[78]
T1,0,1,28,5
T2,1,0,138,34
T3,2,1,165,38
[79]
T1,0,0,78,9
T2,1,1,198,81
T3,2,1,22,3
[80]
T1,0,0,26,1
T2,1,1,167,106
T3,2,0,118,2
[81]
T1,0,0,43,2
T2,1,0,56,30
T3,2,0,190,25
[82]
T1,0,1,23,3
T2,1,1,179,43
T3,2,0,104,33
[83]
T1,0,1,99,19
T2,1,0,40,15
T3,2,0,168,17
[84]
T1,0,0,66,42
T2,1,0,194,8
T3,2,0,22,2
[85]
T1,0,0,178,44
T2,1,1,69,20
T3,2,1,36,5
[86]
T1,0,1,29,7
T2,1,1,181,44
T3,2,0,147,25
[87]
T1,0,1,141,24
T2,1,0,22,10
T3,2,1,165,5
[88]
T1,0,0,182,50
T2,1,0,109,44
T3,2,1,41,2
[89]
T1,0,0,115,4
T2,1,1,192,100
T3,2,1,32,4
[90]
T1,0,0,89,47
T2,1,0,191,15
T3,2,1,34,2
[91]
T1,0,0,30,13
T2,1,0,130,17
T3,2,0,170,22
[92]
T1,0,1,152,20
T2,1,1,25,4
T3,2,0,71,26
[93]
T1,0,0,96,47
T2,1,0,27,2
T3,2,1,199,36
[94]
T1,0,0,41,4
T2,1,0,104,4
T3,2,0,167,90
[95]
T1,0,1,48,24
T2,1,1,153,21
T3,2,1,59,2
[96]
T1,0,0,74,48
T2,1,0,42,2
T3,2,1,197,5
[97]
T1,0,0,118,14
T2,1,0,191,55
T3,2,1,49,13
[98]
T1,0,1,45,16
T2,1,1,176,17
T3,2,0,141,31
[99]
T1,0,0,70,13
T2,1,1,32,1
T3,2,1,148,67
[100]
T1,0,1,194,62
T2,1,0,60,14
T3,2,1,20,2
[101]
T1,0,0,36,15
T2,1,1,98,17
T3,2,0,159,12
[102]
T1,0,1,155,8
T2,1,0,49,5
T3,2,0,106,55
[103]
T1,0,1,68,27
T2,1,1,23,1
T3,2,1,170,40
[104]
T1,0,1,184,38
T2,1,0,55,13
T3,2,0,35,8
[105]
T1,0,1,50,22
T2,1,0,138,12
T3,2,0,157,25
[106]
T1,0,0,37,2
T2,1,1,190,56
T3,2,0,125,50
[107]
T1,0,1,24,13
T2,1,1,84,6
T3,2,1,176,9
[108]
T1,0,1,73,15
T2,1,0,185,24
T3,2,0,53,19
[109]
T1,0,0,20,9
T2,1,1,171,32
T3,2,0,126,7
[110]
T1,0,0,27,5
T2,1,1,172,42
T3,2,0,68,17
[111]
T1,0,1,78,10
T2,1,1,195,74
T3,2,1,46,8
[112]
T1,0,1,94,2
T2,1,0,161,103
T3,2,0,44,1
[113]
T1,0,1,110,42
T2,1,1,185,9
T3,2,1,27,7
[114]
T1,0,0,179,4
T2,1,1,97,62
T3,2,1,45,1
[115]
T1,0,1,189,4
T2,1,1,110,49
T3,2,0,21,4
[116]
T1,0,0,194,51
T2,1,1,27,6
T3,2,1,61,12
[117]
T1,0,1,92,25
T2,1,1,44,11
T3,2,1,156,26
[118]
T1,0,1,94,8
T2,1,1,187,10
T3,2,1,39,21
[119]
T1,0,0,145,13
T2,1,1,51,17
T3,2,1,176,44
[120]
T1,0,0,195,78
T2,1,1,51,4
T3,2,0,144,31
[121]
T1,0,1,182,27
T2,1,1,49,1
T3,2,1,114,59
[122]
T1,0,1,188,2
T2,1,0,25,9
T3,2,1,115,36
[123]
T1,0,1,133,14
T2,1,1,47,23
T3,2,1,199,18
[124]
T1,0,0,74,6
T2,1,0,180,12
T3,2,1,35,19
[125]
T1,0,1,162,84
T2,1,1,54,7
T3,2,1,40,1
[126]
T1,0,1,102,17
T2,1,0,34,8
T3,2,0,164,45
[127]
T1,0,0,46,16
T2,1,0,93,8
T3,2,0,186,44
[128]
T1,0,1,190,23
T2,1,1,22,2
T3,2,0,67,29
[129]
T1,0,0,180,2
T2,1,0,50,24
T3,2,1,90,19
[130]
T1,0,1,154,58
T2,1,1,54,4
T3,2,1,23,5
[131]
T1,0,0,184,32
T2,1,0,96,28
T3,2,0,24,5
[132]
T1,0,0,67,26
T2,1,0,22,5
T3,2,1,150,5
[133]
T1,0,1,119,40
T2,1,0,157,11
T3,2,1,51,14
[134]
T1,0,1,111,29
T2,1,0,21,4
T3,2,0,169,41
[135]
T1,0,0,164,69
T2,1,1,74,1
T3,2,0,41,10
[136]
T1,0,0,53,8
T2,1,1,151,30
T3,2,1,102,34
[137]
T1,0,1,41,24
T2,1,1,183,5
T3,2,0,123,10
[138]
T1,0,0,164,28
T2,1,0,72,28
T3,2,1,41,5
[139]
T1,0,1,53,19
T2,1,0,199,56
T3,2,0,83,4
[140]
T1,0,1,24,3
T2,1,1,157,33
T3,2,1,94,31
[141]
T1,0,0,67,14
T2,1,1,177,86
T3,2,0,54,2
[142]
T1,0,0,27,11
T2,1,0,156,41
T3,2,1,137,1
[143]
T1,0,0,23,2
T2,1,1,107,32
T3,2,0,172,60
[144]
T1,0,0,181,87
T2,1,1,53,4
T3,2,0,118,16
[145]
T1,0,1,36,13
T2,1,1,68,1
T3,2,0,160,49
[146]
T1,0,1,197,35
T2,1,1,143,52
T3,2,0,33,5
[147]
T1,0,1,137,32
T2,1,1,37,15
T3,2,0,160,5
[148]
T1,0,1,199,33
T2,1,1,118,2
T3,2,0,33,17
[149]
T1,0,1,178,55
T2,1,1,106,33
T3,2,0,32,2
[150]
T1,0,1,111,27
T2,1,0,179,37
T3,2,1,36,8
[151]
T1,0,1,191,58
T2,1,1,47,2
T3,2,0,69,25
[152]
T1,0,1,78,31
T2,1,1,24,2
T3,2,0,171,48
[153]
T1,0,0,22,2
T2,1,1,107,17
T3,2,1,157,68
[154]
T1,0,0,45,13
T2,1,1,56,16
T3,2,0,173,16
[155]
T1,0,0,163,9
T2,1,0,67,17
T3,2,1,51,19
[156]
T1,0,1,104,33
T2,1,0,25,2
T3,2,1,163,46
[157]
T1,0,1,190,16
T2,1,1,116,41
T3,2,1,43,10
[158]
T1,0,0,58,13
T2,1,0,184,73
T3,2,0,52,3
[159]
T1,0,1,40,3
T2,1,1,171,58
T3,2,0,78,21
[160]
T1,0,0,136,5
T2,1,1,161,93
T3,2,0,24,1
[161]
T1,0,0,25,4
T2,1,0,187,68
T3,2,1,100,15
[162]
T1,0,1,72,15
T2,1,0,168,65
T3,2,0,42,3
[163]
T1,0,0,108,17
T2,1,1,168,71
T3,2,1,42,4
[164]
T1,0,0,38,4
T2,1,1,116,32
T3,2,0,193,59
[165]
T1,0,0,47,14
T2,1,0,122,12
T3,2,1,158,47
[166]
T1,0,1,98,59
T2,1,0,162,6
T3,2,1,37,1
[167]
T1,0,1,35,23
T2,1,0,111,2
T3,2,0,187,2
[168]
T1,0,1,190,22
T2,1,1,31,4
T3,2,0,77,34
[169]
T1,0,0,41,8
T2,1,1,143,40
T3,2,0,179,36
[170]
T1,0,1,46,29
T2,1,0,79,2
T3,2,1,195,10
[171]
T1,0,0,76,6
T2,1,1,156,34
T3,2,1,29,11
[172]
T1,0,0,24,9
T2,1,1,125,16
T3,2,1,166,32
[173]
T1,0,0,43,14
T2,1,1,105,13
T3,2,0,153,34
[174]
T1,0,0,153,27
T2,1,0,75,29
T3,2,1,39,4
[175]
T1,0,0,39,6
T2,1,1,104,33
T3,2,0,177,36
[176]
T1,0,1,45,14
T2,1,1,59,10
T3,2,0,184,36
[177]
T1,0,1,190,34
T2,1,1,38,16
T3,2,1,103,9
[178]
T1,0,0,163,63
T2,1,0,64,1
T3,2,1,33,9
[179]
T1,0,1,181,81
T2,1,0,118,11
T3,2,0,37,5
[180]
T1,0,0,165,44
T2,1,0,32,1
T3,2,0,104,41
[181]
T1,0,1,95,2
T2,1,1,36,16
T3,2,1,163,40
[182]
T1,0,1,30,8
T2,1,0,117,10
T3,2,1,193,65
[183]
T1,0,1,134,12
T2,1,0,27,2
T3,2,0,155,80
[184]
T1,0,0,60,19
T2,1,0,171,25
T3,2,0,21,4
[185]
T1,0,1,23,2
T2,1,0,193,47
T3,2,0,80,28
[186]
T1,0,1,36,2
T2,1,1,108,38
T3,2,1,181,50
[187]
T1,0,0,57,5
T2,1,0,164,47
T3,2,1,27,8
[188]
T1,0,0,127,39
T2,1,1,25,9
T3,2,1,162,2
[189]
T1,0,1,80,27
T2,1,1,199,24
T3,2,1,37,8
[190]
T1,0,1,155,47
T2,1,0,74,2
T3,2,1,36,13
[191]
T1,0,1,156,17
T2,1,1,49,26
T3,2,0,142,7
[192]
T1,0,1,57,23
T2,1,0,39,7
T3,2,0,172,16
[193]
T1,0,0,133,83
T2,1,0,181,2
T3,2,0,45,2
[194]
T1,0,1,110,17
T2,1,1,42,7
T3,2,0,147,52
[195]
T1,0,1,138,74
T2,1,1,36,2
T3,2,1,147,20
[196]
T1,0,1,78,23
T2,1,1,176,58
T3,2,0,26,1
[197]
T1,0,1,95,37
T2,1,1,185,2
T3,2,1,26,7
[198]
T1,0,0,38,4
T2,1,0,78,2
T3,2,0,167,90
[199]
T1,0,0,119,4
T2,1,0,182,92
T3,2,1,23,3
[200]
T1,0,0,128,46
T2,1,0,154,2
T3,2,0,29,9
[201]
T1,0,0,168,101
T2,1,0,90,4
T3,2,0,52,2
[202]
T1,0,0,26,10
T2,1,1,162,7
T3,2,1,63,14
[203]
T1,0,0,96,48
T2,1,0,199,5
T3,2,0,36,5
[204]
T1,0,1,170,55
T2,1,0,47,17
T3,2,1,129,1
[205]
T1,0,1,174,46
T2,1,0,24,10
T3,2,1,133,1
[206]
T1,0,0,40,8
T2,1,1,198,23
T3,2,0,79,28
[207]
T1,0,0,154,38
T2,1,1,45,9
T3,2,1,104,24
[208]
T1,0,1,48,13
T2,1,1,179,6
T3,2,1,68,26
[209]
T1,0,1,33,9
T2,1,1,109,27
T3,2,1,193,31
[210]
T1,0,1,59,3
T2,1,0,165,18
T3,2,1,54,28
[211]
T1,0,0,197,75
T2,1,1,89,5
T3,2,0,39,9
[212]
T1,0,1,154,12
T2,1,0,79,35
T3,2,1,51,8
[213]
T1,0,1,186,9
T2,1,0,24,2
T3,2,1,142,89
[214]
T1,0,1,122,4
T2,1,1,32,14
T3,2,1,160,32
[215]
T1,0,0,44,14
T2,1,1,169,51
T3,2,0,93,6
[216]
T1,0,0,54,2
T2,1,0,36,9
T3,2,0,153,63
[217]
T1,0,1,114,67
T2,1,1,154,15
T3,2,0,53,2
[218]
T1,0,0,96,4
T2,1,1,195,69
T3,2,0,42,12
[219]
T1,0,0,196,32
T2,1,0,29,5
T3,2,1,139,50
[220]
T1,0,0,104,22
T2,1,1,25,8
T3,2,1,185,28
[221]
T1,0,1,121,5
T2,1,0,159,97
T3,2,1,23,1
[222]
T1,0,1,30,10
T2,1,0,165,42
T3,2,1,68,5
[223]
T1,0,0,23,4
T2,1,0,189,90
T3,2,0,132,5
[224]
T1,0,0,75,2
T2,1,1,180,79
T3,2,0,27,6
[225]
T1,0,0,184,11
T2,1,1,85,32
T3,2,0,42,10
[226]
T1,0,1,35,15
T2,1,0,86,10
T3,2,1,181,24
[227]
T1,0,1,128,41
T2,1,0,26,8
T3,2,1,171,10
[228]
T1,0,1,102,14
T2,1,1,160,55
T3,2,0,49,10
[229]
T1,0,0,118,9
T2,1,0,23,12
T3,2,0,156,12
[230]
T1,0,1,62,3
T2,1,0,168,39
T3,2,1,35,14
[231]
T1,0,1,23,1
T2,1,1,199,72
T3,2,1,130,35
[232]
T1,0,1,156,25
T2,1,1,126,3
T3,2,1,42,21
[233]
T1,0,1,139,23
T2,1,1,172,35
T3,2,0,40,12
[234]
T1,0,1,27,2
T2,1,1,152,30
T3,2,1,128,63
[235]
T1,0,1,27,10
T2,1,0,168,13
T3,2,1,84,19
[236]
T1,0,1,70,27
T2,1,0,177,32
T3,2,1,50,6
[237]
T1,0,1,157,4
T2,1,1,137,54
T3,2,1,33,8
[238]
T1,0,0,65,6
T2,1,1,170,51
T3,2,1,38,11
[239]
T1,0,1,150,6
T2,1,1,26,15
T3,2,1,139,10
[240]
T1,0,0,109,10
T2,1,1,176,70
T3,2,1,20,4
[241]
T1,0,1,189,49
T2,1,0,72,19
T3,2,0,24,3
[242]
T1,0,0,186,48
T2,1,0,136,2
T3,2,1,38,16
[243]
T1,0,0,83,33
T2,1,1,30,8
T3,2,0,150,2
[244]
T1,0,0,49,10
T2,1,1,174,36
T3,2,1,97,26
[245]
T1,0,1,31,14
T2,1,0,163,15
T3,2,1,139,17
[246]
T1,0,1,165,16
T2,1,1,135,18
T3,2,0,52,24
[247]
T1,0,0,174,60
T2,1,1,49,10
T3,2,0,72,10
[248]
T1,0,1,27,1
T2,1,1,177,41
T3,2,1,117,47
[249]
T1,0,1,167,36
T2,1,0,103,48
T3,2,1,44,2
[250]
T1,0,0,197,22
T2,1,0,40,2
T3,2,0,123,65
[251]
T1,0,1,64,4
T2,1,1,153,52
T3,2,1,39,11
[252]
T1,0,1,93,43
T2,1,0,21,4
T3,2,0,191,6
[253]
T1,0,1,37,15
T2,1,1,132,32
T3,2,1,196,4
[254]
T1,0,0,198,34
T2,1,0,44,2
T3,2,0,143,74
[255]
T1,0,1,81,55
T2,1,0,49,2
T3,2,1,161,1
[256]
T1,0,1,60,4
T2,1,0,50,24
T3,2,1,194,27
[257]
T1,0,0,53,13
T2,1,0,127,32
T3,2,0,166,32
[258]
T1,0,1,104,16
T2,1,1,30,6
T3,2,1,198,66
[259]
T1,0,1,110,58
T2,1,1,183,9
T3,2,0,31,3
[260]
T1,0,1,154,105
T2,1,0,59,2
T3,2,1,30,2
[261]
T1,0,0,40,2
T2,1,1,85,18
T3,2,0,197,92
[262]
T1,0,0,38,20
T2,1,0,60,8
T3,2,0,149,3
[263]
T1,0,1,86,38
T2,1,1,180,1
T3,2,1,21,5
[264]
T1,0,1,152,72
T2,1,0,27,6
T3,2,1,128,2
[265]
T1,0,0,161,3
T2,1,1,88,54
T3,2,0,43,2
[266]
T1,0,1,149,59
T2,1,0,96,4
T3,2,0,24,6
[267]
T1,0,1,20,4
T2,1,1,72,25
T3,2,1,163,22
[268]
T1,0,0,196,35
T2,1,0,98,25
T3,2,1,27,6
[269]
T1,0,1,105,29
T2,1,0,176,56
T3,2,1,36,3
[270]
T1,0,1,45,16
T2,1,0,138,29
T3,2,1,155,17
[271]
T1,0,1,163,21
T2,1,1,57,18
T3,2,1,34,8
[272]
T1,0,1,183,41
T2,1,0,23,2
T3,2,0,144,51
[273]
T1,0,0,46,5
T2,1,0,150,74
T3,2,1,73,5
[274]
T1,0,1,120,66
T2,1,1,29,1
T3,2,1,157,12
[275]
T1,0,1,132,3
T2,1,1,27,13
T3,2,1,193,33
[276]
T1,0,1,124,17
T2,1,1,183,27
T3,2,1,20,8
[277]
T1,0,0,72,8
T2,1,1,25,8
T3,2,0,169,42
[278]
T1,0,0,32,10
T2,1,1,73,9
T3,2,1,194,50
[279]
T1,0,1,169,54
T2,1,0,106,30
T3,2,1,27,2
[280]
T1,0,0,148,7
T2,1,1,22,12
T3,2,1,119,7
[281]
T1,0,1,127,1
T2,1,1,150,42
T3,2,0,32,13
[282]
T1,0,0,40,4
T2,1,1,106,5
T3,2,0,170,90
[283]
T1,0,1,186,28
T2,1,0,44,15
T3,2,0,54,11
[284]
T1,0,0,38,4
T2,1,1,187,94
T3,2,1,57,3
[285]
T1,0,1,47,2
T2,1,0,101,37
T3,2,1,177,49
[286]
T1,0,1,122,20
T2,1,0,183,80
T3,2,1,20,1
[287]
T1,0,1,44,18
T2,1,0,117,7
T3,2,0,174,37
[288]
T1,0,1,170,51
T2,1,1,67,4
T3,2,1,31,10
[289]
T1,0,1,61,6
T2,1,1,44,13
T3,2,1,150,43
[290]
T1,0,0,37,14
T2,1,1,81,5
T3,2,0,183,45
[291]
T1,0,1,179,16
T2,1,1,118,9
T3,2,0,34,17
[292]
T1,0,0,100,28
T2,1,0,31,10
T3,2,0,167,11
[293]
T1,0,1,173,13
T2,1,1,45,1
T3,2,1,76,45
[294]
T1,0,1,22,3
T2,1,0,195,54
T3,2,1,81,21
[295]
T1,0,0,113,1
T2,1,1,174,89
T3,2,1,35,6
[296]
T1,0,0,153,69
T2,1,0,98,22
T3,2,0,46,2
[297]
T1,0,0,112,65
T2,1,1,157,8
T3,2,0,26,1
[298]
T1,0,0,73,11
T2,1,1,186,79
T3,2,1,28,3
[299]
T1,0,0,95,57
T2,1,1,180,13
T3,2,1,33,2
[300]
T1,0,0,40,11
T2,1,0,83,21
T3,2,0,184,28
[301]
T1,0,0,36,10
T2,1,1,149,10
T3,2,0,118,38
[302]
T1,0,0,120,41
T2,1,1,189,1
T3,2,1,36,12
[303]
T1,0,0,21,1
T2,1,0,78,15
T3,2,0,187,77
[304]
T1,0,0,50,8
T2,1,1,138,10
T3,2,0,156,70
[305]
T1,0,1,33,5
T2,1,0,149,68
T3,2,0,100,6
[306]
T1,0,1,164,10
T2,1,0,38,4
T3,2,0,115,59
[307]
T1,0,0,166,47
T2,1,1,49,2
T3,2,0,84,34
[308]
T1,0,0,122,66
T2,1,0,25,2
T3,2,0,190,7
[309]
T1,0,1,173,53
T2,1,1,117,39
T3,2,0,41,2
[310]
T1,0,1,133,31
T2,1,0,175,49
T3,2,1,49,8
[311]
T1,0,0,30,2
T2,1,0,148,2
T3,2,0,135,89
[312]
T1,0,0,47,5
T2,1,0,118,7
T3,2,0,180,95
[313]
T1,0,0,78,33
T2,1,1,20,3
T3,2,1,177,15
[314]
T1,0,0,149,17
T2,1,0,55,30
T3,2,0,50,1
[315]
T1,0,1,142,9
T2,1,0,27,10
T3,2,1,186,47
[316]
T1,0,0,147,50
T2,1,1,182,58
T3,2,0,36,1
[317]
T1,0,0,107,49
T2,1,1,175,22
T3,2,0,20,2
[318]
T1,0,1,157,51
T2,1,1,110,38
T3,2,1,37,2
[319]
T1,0,0,169,11
T2,1,0,26,5
T3,2,0,85,34
[320]
T1,0,0,62,24
T2,1,0,169,42
T3,2,1,33,1
[321]
T1,0,0,60,1
T2,1,0,156,58
T3,2,0,52,15
[322]
T1,0,0,34,2
T2,1,0,119,23
T3,2,0,170,73
[323]
T1,0,1,154,12
T2,1,0,54,26
T3,2,0,93,12
[324]
T1,0,0,46,4
T2,1,1,155,77
T3,2,0,93,8
[325]
T1,0,0,39,17
T2,1,1,159,37
T3,2,0,77,2
[326]
T1,0,0,185,57
T2,1,1,33,1
T3,2,0,137,45
[327]
T1,0,1,49,15
T2,1,0,176,37
T3,2,1,59,9
[328]
T1,0,1,24,2
T2,1,0,166,106
T3,2,0,92,4
[329]
T1,0,0,27,1
T2,1,1,181,40
T3,2,1,105,46
[330]
T1,0,1,48,1
T2,1,1,67,29
T3,2,0,195,43
[331]
T1,0,0,93,13
T2,1,0,50,24
T3,2,0,163,10
[332]
T1,0,1,82,12
T2,1,0,150,74
T3,2,1,47,2
[333]
T1,0,0,67,11
T2,1,1,151,44
T3,2,1,33,7
[334]
T1,0,0,150,45
T2,1,1,116,5
T3,2,1,22,7
[335]
T1,0,0,142,60
T2,1,1,166,7
T3,2,1,38,8
[336]
T1,0,1,25,9
T2,1,0,158,7
T3,2,1,54,13
[337]
T1,0,1,156,9
T2,1,0,20,6
T3,2,1,138,41
[338]
T1,0,1,129,40
T2,1,0,191,25
T3,2,1,41,10
[339]
T1,0,1,67,11
T2,1,0,46,15
T3,2,0,169,31
[340]
T1,0,0,55,31
T2,1,0,150,1
T3,2,0,22,2
[341]
T1,0,0,47,10
T2,1,1,198,4
T3,2,1,72,32
[342]
T1,0,1,47,3
T2,1,0,197,118
T3,2,1,139,4
[343]
T1,0,1,42,6
T2,1,1,98,21
T3,2,1,159,51
[344]
T1,0,1,28,15
T2,1,0,177,25
T3,2,0,76,1
[345]
T1,0,1,43,3
T2,1,1,132,30
T3,2,1,165,64
[346]
T1,0,1,49,13
T2,1,0,170,53
T3,2,0,73,8
[347]
T1,0,1,150,75
T2,1,0,41,2
T3,2,1,81,14
[348]
T1,0,0,42,6
T2,1,1,140,49
T3,2,0,186,34
[349]
T1,0,1,159,29
T2,1,0,25,11
T3,2,1,137,6
[350]
T1,0,1,37,6
T2,1,0,153,69
T3,2,0,116,8
[351]
T1,0,1,49,2
T2,1,0,197,118
T3,2,1,113,9
[352]
T1,0,1,149,72
T2,1,1,100,11
T3,2,0,49,4
[353]
T1,0,0,44,20
T2,1,0,156,16
T3,2,0,110,15
[354]
T1,0,1,136,54
T2,1,1,193,14
T3,2,1,28,6
[355]
T1,0,0,41,21
T2,1,1,68,11
T3,2,1,157,1
[356]
T1,0,0,33,2
T2,1,1,96,20
T3,2,1,181,82
[357]
T1,0,0,176,60
T2,1,1,76,16
T3,2,1,23,3
[358]
T1,0,1,46,2
T2,1,1,155,17
T3,2,0,143,76
[359]
T1,0,0,48,6
T2,1,1,183,40
T3,2,0,142,47
[360]
T1,0,1,75,15
T2,1,0,23,10
T3,2,0,149,4
[361]
T1,0,1,146,1
T2,1,0,47,27
T3,2,1,151,16
[362]
T1,0,0,158,14
T2,1,1,27,4
T3,2,0,89,40
[363]
T1,0,0,23,2
T2,1,0,99,1
T3,2,0,160,90
[364]
T1,0,1,59,33
T2,1,1,155,1
T3,2,0,42,5
[365]
T1,0,1,151,8
T2,1,1,128,79
T3,2,1,31,2
[366]
T1,0,1,135,12
T2,1,0,46,27
T3,2,0,178,1
[367]
T1,0,0,149,79
T2,1,1,36,4
T3,2,0,96,4
[368]
T1,0,0,45,7
T2,1,0,196,35
T3,2,1,136,48
[369]
T1,0,1,43,2
T2,1,1,193,8
T3,2,0,81,52
[370]
T1,0,1,81,19
T2,1,1,168,42
T3,2,0,48,9
[371]
T1,0,0,198,110
T2,1,0,112,1
T3,2,0,37,4
[372]
T1,0,0,178,54
T2,1,0,39,3
T3,2,1,73,22
[373]
T1,0,0,162,45
T2,1,0,112,6
T3,2,0,44,16
[374]
T1,0,0,102,8
T2,1,0,190,25
T3,2,0,35,16
[375]
T1,0,0,147,22
T2,1,1,124,27
T3,2,1,49,16
[376]
T1,0,1,26,3
T2,1,0,143,16
T3,2,1,148,67
[377]
T1,0,0,34,5
T2,1,1,87,26
T3,2,1,189,42
[378]
T1,0,1,45,7
T2,1,0,78,32
T3,2,1,164,20
[379]
T1,0,1,178,25
T2,1,1,37,4
T3,2,1,92,39
[380]
T1,0,0,92,36
T2,1,0,156,4
T3,2,1,49,13
[381]
T1,0,1,32,1
T2,1,1,85,10
T3,2,0,153,79
[382]
T1,0,0,156,31
T2,1,1,29,9
T3,2,1,57,9
[383]
T1,0,0,142,16
T2,1,1,199,63
T3,2,0,27,7
[384]
T1,0,0,146,54
T2,1,0,37,12
T3,2,0,170,2
[385]
T1,0,0,171,60
T2,1,0,106,33
T3,2,0,22,2
[386]
T1,0,1,142,21
T2,1,1,32,6
T3,2,1,185,62
[387]
T1,0,0,185,3
T2,1,0,76,14
T3,2,0,49,23
[388]
T1,0,0,53,21
T2,1,1,148,2
T3,2,0,73,19
[389]
T1,0,0,60,2
T2,1,0,196,21
T3,2,1,34,18
[390]
T1,0,1,110,20
T2,1,1,36,14
T3,2,0,193,22
[391]
T1,0,0,50,16
T2,1,0,117,18
T3,2,1,190,38
[392]
T1,0,0,162,11
T2,1,1,35,11
T3,2,0,102,30
[393]
T1,0,0,129,61
T2,1,0,52,5
T3,2,1,195,23
[394]
T1,0,0,164,63
T2,1,1,56,2
T3,2,0,43,11
[395]
T1,0,0,38,2
T2,1,0,147,32
T3,2,0,166,75
[396]
T1,0,0,70,9
T2,1,1,51,16
T3,2,1,157,36
[397]
T1,0,1,100,11
T2,1,1,170,78
T3,2,0,29,3
[398]
T1,0,0,150,34
T2,1,1,94,24
T3,2,0,51,10
[399]
T1,0,0,184,22
T2,1,0,33,7
T3,2,1,67,24
[400]
T1,0,0,33,2
T2,1,0,176,56
T3,2,1,67,24
[401]
T1,0,0,178,76
T2,1,1,36,2
T3,2,1,103,25
[402]
T1,0,0,34,13
T2,1,1,74,19
T3,2,0,183,6
[403]
T1,0,0,41,14
T2,1,1,68,6
T3,2,0,196,52
[404]
T1,0,1,35,17
T2,1,1,140,1
T3,2,0,178,34
[405]
T1,0,0,190,21
T2,1,0,130,8
T3,2,0,35,18
[406]
T1,0,1,124,59
T2,1,0,188,28
T3,2,1,22,1
[407]
T1,0,0,57,29
T2,1,1,35,5
T3,2,0,160,6
[408]
T1,0,1,33,5
T2,1,0,154,74
T3,2,0,98,4
[409]
T1,0,1,118,10
T2,1,0,29,6
T3,2,0,166,65
[410]
T1,0,1,80,16
T2,1,0,49,17
T3,2,1,164,21
[411]
T1,0,1,162,25
T2,1,1,33,13
T3,2,0,116,16
[412]
T1,0,0,152,16
T2,1,1,60,10
T3,2,1,51,21
[413]
T1,0,1,40,8
T2,1,1,178,19
T3,2,1,124,45
[414]
T1,0,0,130,44
T2,1,0,199,39
T3,2,0,24,3
[415]
T1,0,0,173,11
T2,1,0,110,29
T3,2,1,49,18
[416]
T1,0,1,25,4
T2,1,0,190,75
T3,2,1,69,7
[417]
T1,0,1,127,67
T2,1,0,171,25
T3,2,1,21,2
[418]
T1,0,1,20,1
T2,1,0,180,39
T3,2,1,147,63
[419]
T1,0,0,57,32
T2,1,1,28,1
T3,2,1,179,11
[420]
T1,0,1,31,1
T2,1,0,81,36
T3,2,1,170,33
[421]
T1,0,0,109,39
T2,1,1,186,48
T3,2,1,39,2
[422]
T1,0,0,143,20
T2,1,0,175,9
T3,2,0,50,25
[423]
T1,0,0,194,71
T2,1,1,111,9
T3,2,1,40,9
[424]
T1,0,1,163,15
T2,1,0,138,51
T3,2,1,54,12
[425]
T1,0,0,176,8
T2,1,0,45,18
T3,2,0,134,32
[426]
T1,0,0,71,22
T2,1,1,194,64
T3,2,1,38,2
[427]
T1,0,0,84,5
T2,1,1,178,56
T3,2,0,46,14
[428]
T1,0,0,163,9
T2,1,1,34,6
T3,2,0,80,34
[429]
T1,0,0,180,18
T2,1,1,63,2
T3,2,1,30,17
[430]
T1,0,0,97,1
T2,1,1,47,21
T3,2,0,156,34
[431]
T1,0,1,88,24
T2,1,1,50,6
T3,2,1,161,45
[432]
T1,0,1,90,31
T2,1,0,159,42
T3,2,1,53,4
[433]
T1,0,0,34,13
T2,1,1,97,18
T3,2,0,185,18
[434]
T1,0,0,166,9
T2,1,0,44,15
T3,2,1,118,32
[435]
T1,0,0,61,9
T2,1,1,160,84
T3,2,1,43,2
[436]
T1,0,0,159,14
T2,1,1,125,25
T3,2,0,36,14
[437]
T1,0,1,112,46
T2,1,0,20,5
T3,2,0,148,1
[438]
T1,0,0,176,27
T2,1,0,122,54
T3,2,1,21,2
[439]
T1,0,1,52,20
T2,1,0,120,35
T3,2,1,193,2
[440]
T1,0,1,89,19
T2,1,0,44,5
T3,2,1,152,54
[441]
T1,0,0,170,25
T2,1,0,29,2
T3,2,0,118,54
[442]
T1,0,1,89,32
T2,1,1,154,33
T3,2,1,37,4
[443]
T1,0,0,49,3
T2,1,1,149,6
T3,2,0,91,53
[444]
T1,0,1,101,14
T2,1,0,184,3
T3,2,1,39,20
[445]
T1,0,0,152,22
T2,1,1,52,19
T3,2,0,55,9
[446]
T1,0,0,162,33
T2,1,1,66,15
T3,2,0,32,8
[447]
T1,0,0,167,64
T2,1,1,30,1
T3,2,0,146,37
[448]
T1,0,0,39,2
T2,1,0,114,47
T3,2,0,164,33
[449]
T1,0,0,44,2
T2,1,0,68,24
T3,2,1,178,48
[450]
T1,0,0,68,20
T2,1,1,160,53
T3,2,0,38,2
[451]
T1,0,1,189,12
T2,1,0,140,2
T3,2,0,31,19
[452]
T1,0,1,82,1
T2,1,0,29,14
T3,2,1,152,28
[453]
T1,0,0,115,9
T2,1,1,170,11
T3,2,0,39,21
[454]
T1,0,1,190,97
T2,1,0,27,4
T3,2,0,63,2
[455]
T1,0,0,190,7
T2,1,0,38,2
T3,2,0,64,41
[456]
T1,0,0,161,41
T2,1,1,38,12
T3,2,0,145,17
[457]
T1,0,1,170,22
T2,1,0,28,13
T3,2,1,55,4
[458]
T1,0,0,145,23
T2,1,1,180,43
T3,2,0,22,6
[459]
T1,0,1,129,12
T2,1,1,191,62
T3,2,1,31,8
[460]
T1,0,0,52,10
T2,1,0,144,28
T3,2,0,183,56
[461]
T1,0,0,98,7
T2,1,1,36,16
T3,2,1,149,25
[462]
T1,0,0,44,2
T2,1,0,61,42
T3,2,1,176,1
[463]
T1,0,0,34,4
T2,1,1,182,58
T3,2,1,100,24
[464]
T1,0,1,76,3
T2,1,1,154,2
T3,2,0,27,17
[465]
T1,0,0,144,8
T2,1,0,184,10
T3,2,0,38,22
[466]
T1,0,1,153,16
T2,1,1,129,45
T3,2,1,20,4
[467]
T1,0,0,189,73
T2,1,1,26,2
T3,2,0,124,28
[468]
T1,0,1,37,2
T2,1,1,87,21
T3,2,0,182,81
[469]
T1,0,0,140,23
T2,1,0,163,43
T3,2,0,36,9
[470]
T1,0,1,188,56
T2,1,1,107,21
T3,2,0,39,7
[471]
T1,0,1,190,66
T2,1,1,51,10
T3,2,0,65,8
[472]
T1,0,1,51,8
T2,1,1,151,74
T3,2,0,81,3
[473]
T1,0,1,172,34
T2,1,1,73,35
T3,2,0,37,2
[474]
T1,0,1,170,35
T2,1,0,114,8
T3,2,0,53,22
[475]
T1,0,0,188,85
T2,1,0,33,4
T3,2,1,145,18
[476]
T1,0,1,155,1
T2,1,0,86,53
T3,2,1,41,2
[477]
T1,0,0,144,45
T2,1,0,149,46
T3,2,1,35,2
[478]
T1,0,1,28,2
T2,1,0,183,80
T3,2,1,61,11
[479]
T1,0,0,96,22
T2,1,1,23,5
T3,2,0,175,40
[480]
T1,0,0,155,74
T2,1,1,56,2
T3,2,0,39,8
[481]
T1,0,1,161,72
T2,1,1,22,1
T3,2,1,101,18
[482]
T1,0,1,26,15
T2,1,1,103,9
T3,2,1,161,1
[483]
T1,0,1,76,30
T2,1,1,42,7
T3,2,1,159,17
[484]
T1,0,0,154,59
T2,1,0,39,11
T3,2,1,135,3
[485]
T1,0,0,67,14
T2,1,1,36,9
T3,2,0,169,37
[486]
T1,0,1,168,60
T2,1,0,47,8
T3,2,1,68,10
[487]
T1,0,1,103,35
T2,1,1,26,3
T3,2,0,174,36
[488]
T1,0,0,164,2
T2,1,1,89,1
T3,2,1,48,32
[489]
T1,0,0,35,2
T2,1,1,199,37
T3,2,1,65,28
[490]
T1,0,1,156,60
T2,1,1,39,4
T3,2,1,101,20
[491]
T1,0,0,131,3
T2,1,0,150,28
T3,2,0,46,22
[492]
T1,0,0,29,9
T2,1,1,134,42
T3,2,1,174,10
[493]
T1,0,1,48,15
T2,1,1,153,48
T3,2,1,98,6
[494]
T1,0,0,90,3
T2,1,1,195,45
T3,2,1,51,21
[495]
T1,0,1,41,9
T2,1,0,137,38
T3,2,1,191,36
[496]
T1,0,0,169,19
T2,1,0,82,39
T3,2,1,51,5
[497]
T1,0,1,136,22
T2,1,1,197,4
T3,2,0,51,26
[498]
T1,0,0,41,11
T2,1,0,178,61
T3,2,0,119,9
[499]
T1,0,0,176,84
T2,1,0,43,2
T3,2,0,105,22
[500]
T1,0,0,30,9
T2,1,1,152,15
T3,2,1,81,22
