num_task_per_taskset=8
num_taskset=500
//ID,Priority,Offset,Period,Execution Time
[1]
T1,0,1,200,2
T2,1,1,102,9
T3,2,1,90,2
T4,3,1,88,1
T5,4,0,170,2
T6,5,0,50,1
T7,6,0,41,2
T8,7,0,150,8
[2]
T1,0,0,98,2
T2,1,1,147,11
T3,2,0,200,1
T4,3,0,152,1
T5,4,1,20,2
T6,5,0,100,3
T7,6,1,25,2
T8,7,0,168,4
[3]
T1,0,1,200,1
T2,1,1,23,2
T3,2,0,102,2
T4,3,0,195,12
T5,4,0,85,7
T6,5,1,60,2
T7,6,0,25,2
T8,7,1,150,1
[4]
T1,0,0,130,3
T2,1,0,25,2
T3,2,1,27,2
T4,3,1,117,2
T5,4,1,156,2
T6,5,0,200,7
T7,6,1,156,7
T8,7,0,138,1
[5]
T1,0,1,28,2
T2,1,0,88,1
T3,2,0,168,17
T4,3,0,88,2
T5,4,0,27,2
T6,5,0,200,6
T7,6,0,99,2
T8,7,1,150,4
[6]
T1,0,0,39,1
T2,1,1,23,2
T3,2,0,156,10
T4,3,0,144,1
T5,4,1,60,2
T6,5,1,180,3
T7,6,1,65,2
T8,7,0,200,6
[7]
T1,0,0,119,2
T2,1,0,46,2
T3,2,0,200,2
T4,3,0,33,2
T5,4,0,60,2
T6,5,0,170,5
T7,6,0,150,2
T8,7,0,132,9
[8]
T1,0,0,75,3
T2,1,0,200,3
T3,2,1,44,2
T4,3,1,138,4
T5,4,0,150,1
T6,5,1,180,7
T7,6,1,28,2
T8,7,0,132,2
[9]
T1,0,0,153,1
T2,1,0,100,2
T3,2,1,52,2
T4,3,1,153,4
T5,4,1,117,2
T6,5,0,24,2
T7,6,1,136,6
T8,7,0,200,2
[10]
T1,0,1,54,2
T2,1,0,41,2
T3,2,0,200,5
T4,3,1,186,13
T5,4,0,125,2
T6,5,0,180,9
T7,6,1,100,1
T8,7,0,31,2
[11]
T1,0,0,85,2
T2,1,1,65,2
T3,2,0,53,1
T4,3,1,24,2
T5,4,1,200,1
T6,5,1,182,12
T7,6,1,136,2
T8,7,1,175,4
[12]
T1,0,1,105,2
T2,1,1,64,2
T3,2,1,150,2
T4,3,1,41,2
T5,4,0,100,5
T6,5,0,156,2
T7,6,1,39,2
T8,7,1,200,15
[13]
T1,0,0,30,1
T2,1,1,200,2
T3,2,1,96,8
T4,3,0,180,2
T5,4,1,135,1
T6,5,1,90,1
T7,6,0,195,6
T8,7,1,39,2
[14]
T1,0,1,50,1
T2,1,0,77,2
T3,2,0,156,8
T4,3,1,195,2
T5,4,0,70,2
T6,5,1,35,2
T7,6,0,200,4
T8,7,1,104,2
[15]
T1,0,0,150,2
T2,1,0,200,2
T3,2,0,36,1
T4,3,1,150,2
T5,4,1,75,8
T6,5,0,117,2
T7,6,1,46,2
T8,7,0,135,2
[16]
T1,0,1,140,2
T2,1,0,165,2
T3,2,1,110,7
T4,3,0,90,3
T5,4,0,40,2
T6,5,1,28,2
T7,6,0,200,1
T8,7,1,175,4
[17]
T1,0,0,200,7
T2,1,1,28,2
T3,2,1,170,9
T4,3,0,46,2
T5,4,0,168,3
T6,5,0,88,1
T7,6,0,110,1
T8,7,0,56,2
[18]
T1,0,0,152,17
T2,1,0,100,2
T3,2,0,200,6
T4,3,0,145,2
T5,4,1,180,1
T6,5,1,38,2
T7,6,0,57,2
T8,7,1,21,2
[19]
T1,0,0,51,2
T2,1,1,63,1
T3,2,0,60,2
T4,3,1,21,2
T5,4,0,200,8
T6,5,1,150,2
T7,6,1,60,3
T8,7,0,164,6
[20]
T1,0,0,33,1
T2,1,0,75,4
T3,2,0,36,1
T4,3,0,180,2
T5,4,0,84,2
T6,5,1,200,5
T7,6,0,114,2
T8,7,0,152,1
[21]
T1,0,0,132,2
T2,1,0,200,2
T3,2,1,168,2
T4,3,1,80,2
T5,4,0,37,2
T6,5,1,110,1
T7,6,0,44,3
T8,7,0,189,2
[22]
T1,0,1,90,2
T2,1,0,200,9
T3,2,1,156,11
T4,3,0,90,2
T5,4,0,28,2
T6,5,1,180,2
T7,6,1,24,2
T8,7,0,57,2
[23]
T1,0,0,200,2
T2,1,1,91,7
T3,2,1,160,2
T4,3,1,130,2
T5,4,0,160,1
T6,5,0,28,1
T7,6,0,49,1
T8,7,0,78,2
[24]
T1,0,0,42,2
T2,1,1,63,1
T3,2,1,114,1
T4,3,0,24,1
T5,4,0,133,3
T6,5,1,189,2
T7,6,1,168,10
T8,7,1,200,1
[25]
T1,0,0,196,2
T2,1,0,189,1
T3,2,1,47,2
T4,3,0,100,2
T5,4,0,81,8
T6,5,1,27,2
T7,6,0,147,1
T8,7,0,200,5
[26]
T1,0,0,168,3
T2,1,1,162,2
T3,2,0,84,3
T4,3,0,48,2
T5,4,1,53,2
T6,5,0,135,2
T7,6,1,64,5
T8,7,0,200,1
[27]
T1,0,1,100,2
T2,1,1,52,2
T3,2,1,72,5
T4,3,1,175,4
T5,4,1,23,2
T6,5,0,200,6
T7,6,1,195,2
T8,7,0,140,7
[28]
T1,0,1,160,1
T2,1,0,126,6
T3,2,1,132,1
T4,3,0,200,2
T5,4,0,32,2
T6,5,0,56,1
T7,6,1,154,3
T8,7,0,32,2
[29]
T1,0,0,200,10
T2,1,0,20,2
T3,2,0,168,1
T4,3,0,190,7
T5,4,1,24,2
T6,5,1,132,1
T7,6,1,55,1
T8,7,0,140,1
[30]
T1,0,0,50,2
T2,1,0,195,2
T3,2,1,65,3
T4,3,1,20,2
T5,4,1,78,1
T6,5,1,88,2
T7,6,0,168,13
T8,7,0,200,1
[31]
T1,0,0,187,1
T2,1,1,132,3
T3,2,0,100,2
T4,3,0,150,2
T5,4,1,88,4
T6,5,0,200,3
T7,6,1,34,2
T8,7,0,31,1
[32]
T1,0,0,189,2
T2,1,0,88,1
T3,2,0,48,2
T4,3,1,180,3
T5,4,0,200,2
T6,5,1,90,1
T7,6,0,49,1
T8,7,0,55,5
[33]
T1,0,1,200,4
T2,1,0,60,4
T3,2,1,48,1
T4,3,0,90,1
T5,4,1,175,2
T6,5,1,35,2
T7,6,0,90,2
T8,7,0,180,6
[34]
T1,0,1,66,1
T2,1,0,155,16
T3,2,1,62,2
T4,3,1,200,2
T5,4,0,176,1
T6,5,1,96,2
T7,6,0,23,2
T8,7,1,48,2
[35]
T1,0,0,174,5
T2,1,1,40,2
T3,2,0,116,1
T4,3,1,31,2
T5,4,1,112,2
T6,5,1,200,3
T7,6,0,168,2
T8,7,0,120,7
[36]
T1,0,0,115,4
T2,1,1,20,2
T3,2,0,100,2
T4,3,1,200,15
T5,4,1,21,2
T6,5,0,165,1
T7,6,0,180,1
T8,7,1,144,2
[37]
T1,0,1,176,7
T2,1,0,84,2
T3,2,0,100,2
T4,3,0,154,3
T5,4,0,42,2
T6,5,1,200,12
T7,6,1,112,2
T8,7,0,21,2
[38]
T1,0,0,168,1
T2,1,0,88,5
T3,2,0,200,12
T4,3,0,112,2
T5,4,0,192,2
T6,5,1,28,2
T7,6,0,56,2
T8,7,1,48,2
[39]
T1,0,0,168,2
T2,1,1,200,7
T3,2,0,39,2
T4,3,1,33,1
T5,4,0,75,1
T6,5,1,175,6
T7,6,1,128,3
T8,7,1,56,2
[40]
T1,0,1,175,11
T2,1,0,150,2
T3,2,0,105,2
T4,3,1,96,2
T5,4,1,125,2
T6,5,0,22,2
T7,6,1,200,9
T8,7,0,29,2
[41]
T1,0,0,168,1
T2,1,1,39,1
T3,2,1,75,2
T4,3,0,30,2
T5,4,0,140,5
T6,5,1,182,9
T7,6,1,200,3
T8,7,0,110,2
[42]
T1,0,0,95,1
T2,1,0,76,1
T3,2,1,195,5
T4,3,1,29,2
T5,4,1,48,1
T6,5,1,200,6
T7,6,0,160,2
T8,7,0,65,2
[43]
T1,0,0,180,7
T2,1,0,70,2
T3,2,1,25,2
T4,3,1,200,3
T5,4,0,164,3
T6,5,0,72,2
T7,6,1,47,3
T8,7,0,63,2
[44]
T1,0,1,108,2
T2,1,0,120,19
T3,2,0,162,1
T4,3,0,24,2
T5,4,0,200,2
T6,5,1,177,1
T7,6,0,31,2
T8,7,1,59,2
[45]
T1,0,1,28,2
T2,1,0,115,3
T3,2,0,90,1
T4,3,1,171,2
T5,4,0,190,3
T6,5,0,36,2
T7,6,1,200,12
T8,7,1,60,1
[46]
T1,0,1,100,2
T2,1,1,43,1
T3,2,0,164,2
T4,3,0,200,13
T5,4,1,96,1
T6,5,0,168,7
T7,6,0,21,2
T8,7,0,120,2
[47]
T1,0,0,80,1
T2,1,1,200,18
T3,2,0,46,2
T4,3,1,150,3
T5,4,1,200,6
T6,5,1,75,1
T7,6,0,41,2
T8,7,1,124,2
[48]
T1,0,0,53,1
T2,1,0,200,1
T3,2,0,115,7
T4,3,0,175,2
T5,4,0,42,2
T6,5,0,168,2
T7,6,0,69,2
T8,7,1,126,4
[49]
T1,0,0,190,2
T2,1,0,32,2
T3,2,0,40,1
T4,3,1,192,2
T5,4,0,144,6
T6,5,1,95,3
T7,6,1,120,4
T8,7,1,200,3
[50]
T1,0,0,200,6
T2,1,0,31,2
T3,2,1,100,2
T4,3,0,180,1
T5,4,1,120,2
T6,5,1,144,2
T7,6,0,20,2
T8,7,1,149,2
[51]
T1,0,0,36,2
T2,1,0,150,5
T3,2,0,60,2
T4,3,0,57,2
T5,4,1,154,3
T6,5,1,200,1
T7,6,1,84,2
T8,7,1,33,1
[52]
T1,0,0,45,3
T2,1,0,165,2
T3,2,0,200,2
T4,3,1,48,2
T5,4,1,55,2
T6,5,0,90,2
T7,6,0,65,5
T8,7,0,198,4
[53]
T1,0,1,130,2
T2,1,1,120,15
T3,2,1,165,2
T4,3,0,25,2
T5,4,1,200,3
T6,5,0,84,1
T7,6,1,156,2
T8,7,1,35,2
[54]
T1,0,0,160,2
T2,1,1,33,2
T3,2,1,88,2
T4,3,1,198,1
T5,4,0,77,1
T6,5,0,200,5
T7,6,1,20,2
T8,7,0,60,4
[55]
T1,0,1,135,9
T2,1,0,200,1
T3,2,1,21,2
T4,3,1,168,2
T5,4,1,92,2
T6,5,0,184,9
T7,6,0,135,1
T8,7,1,50,2
[56]
T1,0,0,36,2
T2,1,1,147,1
T3,2,1,200,6
T4,3,1,130,1
T5,4,1,50,2
T6,5,0,112,5
T7,6,1,175,3
T8,7,0,156,3
[57]
T1,0,1,72,1
T2,1,1,42,2
T3,2,1,200,7
T4,3,1,105,4
T5,4,0,174,13
T6,5,0,180,2
T7,6,1,42,2
T8,7,1,87,2
[58]
T1,0,1,81,2
T2,1,0,162,2
T3,2,0,45,1
T4,3,0,100,2
T5,4,1,43,1
T6,5,1,180,2
T7,6,1,200,12
T8,7,0,117,6
[59]
T1,0,0,60,1
T2,1,1,200,6
T3,2,1,168,9
T4,3,0,115,2
T5,4,1,30,1
T6,5,1,75,2
T7,6,0,189,1
T8,7,1,46,2
[60]
T1,0,1,148,5
T2,1,0,160,2
T3,2,1,21,2
T4,3,1,111,1
T5,4,0,200,2
T6,5,1,56,2
T7,6,1,60,1
T8,7,0,20,2
[61]
T1,0,1,156,4
T2,1,1,200,2
T3,2,1,24,2
T4,3,0,150,12
T5,4,1,56,2
T6,5,1,100,2
T7,6,1,75,1
T8,7,0,44,2
[62]
T1,0,0,160,3
T2,1,0,150,9
T3,2,0,140,1
T4,3,1,38,2
T5,4,0,56,2
T6,5,1,21,2
T7,6,0,200,2
T8,7,1,145,6
[63]
T1,0,0,35,2
T2,1,0,196,1
T3,2,0,66,2
T4,3,1,90,1
T5,4,0,180,13
T6,5,1,100,6
T7,6,1,200,2
T8,7,1,50,2
[64]
T1,0,1,21,2
T2,1,0,192,1
T3,2,0,175,3
T4,3,1,80,2
T5,4,1,23,2
T6,5,0,128,4
T7,6,0,72,1
T8,7,1,200,6
[65]
T1,0,0,84,1
T2,1,1,165,4
T3,2,1,133,6
T4,3,0,33,2
T5,4,1,35,1
T6,5,0,190,2
T7,6,1,200,5
T8,7,1,57,1
[66]
T1,0,1,37,1
T2,1,0,185,5
T3,2,0,75,2
T4,3,0,160,10
T5,4,1,111,2
T6,5,1,120,2
T7,6,0,200,2
T8,7,0,24,2
[67]
T1,0,1,200,4
T2,1,1,70,2
T3,2,1,25,2
T4,3,1,150,2
T5,4,1,96,2
T6,5,0,156,16
T7,6,1,144,3
T8,7,1,40,2
[68]
T1,0,1,154,1
T2,1,0,75,2
T3,2,0,56,2
T4,3,1,35,2
T5,4,0,55,2
T6,5,0,187,2
T7,6,1,43,3
T8,7,0,200,2
[69]
T1,0,0,135,2
T2,1,1,200,10
T3,2,1,26,2
T4,3,1,175,2
T5,4,1,95,1
T6,5,1,60,1
T7,6,0,50,4
T8,7,1,168,2
[70]
T1,0,0,64,2
T2,1,1,150,1
T3,2,1,200,2
T4,3,1,169,16
T5,4,1,50,2
T6,5,1,47,2
T7,6,1,75,5
T8,7,0,78,2
[71]
T1,0,0,120,1
T2,1,1,52,2
T3,2,1,87,2
T4,3,0,145,1
T5,4,1,200,9
T6,5,0,180,12
T7,6,1,28,1
T8,7,1,180,2
[72]
T1,0,1,200,2
T2,1,1,48,2
T3,2,1,68,1
T4,3,0,70,2
T5,4,0,25,2
T6,5,0,196,5
T7,6,1,150,6
T8,7,0,112,3
[73]
T1,0,1,116,2
T2,1,0,48,3
T3,2,1,200,3
T4,3,1,165,3
T5,4,0,150,3
T6,5,1,30,2
T7,6,0,72,2
T8,7,1,72,2
[74]
T1,0,1,200,2
T2,1,1,85,1
T3,2,0,187,13
T4,3,1,48,2
T5,4,0,72,1
T6,5,1,198,2
T7,6,1,68,2
T8,7,0,31,1
[75]
T1,0,0,100,2
T2,1,0,150,6
T3,2,1,108,2
T4,3,0,51,3
T5,4,0,23,2
T6,5,1,168,3
T7,6,0,200,5
T8,7,0,126,2
[76]
T1,0,1,110,1
T2,1,0,121,4
T3,2,1,40,1
T4,3,0,60,2
T5,4,1,168,5
T6,5,0,154,1
T7,6,0,32,2
T8,7,0,200,10
[77]
T1,0,0,64,2
T2,1,0,49,1
T3,2,1,200,7
T4,3,0,24,2
T5,4,1,160,2
T6,5,1,150,11
T7,6,0,91,2
T8,7,0,91,2
[78]
T1,0,1,200,5
T2,1,0,120,2
T3,2,1,34,1
T4,3,0,154,2
T5,4,1,165,2
T6,5,0,25,2
T7,6,0,126,2
T8,7,0,63,2
[79]
T1,0,0,114,1
T2,1,1,200,2
T3,2,0,150,2
T4,3,0,70,3
T5,4,0,50,2
T6,5,1,147,7
T7,6,1,60,1
T8,7,0,28,1
[80]
T1,0,0,100,5
T2,1,0,150,6
T3,2,0,78,2
T4,3,0,180,3
T5,4,0,47,1
T6,5,0,200,2
T7,6,1,58,2
T8,7,0,52,2
[81]
T1,0,0,92,2
T2,1,1,200,2
T3,2,0,115,2
T4,3,1,49,2
T5,4,1,55,2
T6,5,0,44,2
T7,6,1,180,4
T8,7,1,180,13
[82]
T1,0,0,91,2
T2,1,0,200,6
T3,2,1,100,2
T4,3,0,20,1
T5,4,0,182,2
T6,5,1,54,1
T7,6,1,160,4
T8,7,0,75,2
[83]
T1,0,1,200,11
T2,1,0,72,2
T3,2,1,66,1
T4,3,0,43,1
T5,4,1,33,2
T6,5,0,184,2
T7,6,1,176,2
T8,7,1,80,3
[84]
T1,0,0,200,1
T2,1,1,80,2
T3,2,1,20,2
T4,3,0,108,1
T5,4,1,81,2
T6,5,1,195,2
T7,6,1,36,2
T8,7,1,150,2
[85]
T1,0,0,184,2
T2,1,0,92,1
T3,2,0,29,2
T4,3,0,200,2
T5,4,0,90,2
T6,5,0,160,1
T7,6,0,92,3
T8,7,1,45,2
[86]
T1,0,1,54,2
T2,1,0,99,3
T3,2,0,165,6
T4,3,0,200,10
T5,4,1,55,1
T6,5,1,49,2
T7,6,0,22,2
T8,7,0,160,1
[87]
T1,0,1,200,2
T2,1,0,175,3
T3,2,0,42,2
T4,3,0,134,2
T5,4,0,70,1
T6,5,0,100,2
T7,6,1,24,1
T8,7,1,175,13
[88]
T1,0,0,21,2
T2,1,1,100,1
T3,2,0,195,3
T4,3,1,119,4
T5,4,1,170,7
T6,5,1,200,2
T7,6,1,40,1
T8,7,0,60,2
[89]
T1,0,1,182,4
T2,1,0,144,1
T3,2,1,175,2
T4,3,1,200,3
T5,4,0,20,2
T6,5,1,100,3
T7,6,0,91,2
T8,7,0,27,2
[90]
T1,0,1,147,2
T2,1,1,36,1
T3,2,0,80,1
T4,3,1,49,1
T5,4,1,75,2
T6,5,0,196,4
T7,6,0,200,2
T8,7,0,64,2
[91]
T1,0,0,50,2
T2,1,1,126,8
T3,2,0,200,4
T4,3,1,84,1
T5,4,0,156,3
T6,5,1,72,1
T7,6,0,47,1
T8,7,1,182,1
[92]
T1,0,1,23,2
T2,1,1,152,4
T3,2,1,88,2
T4,3,1,80,2
T5,4,1,30,2
T6,5,1,190,10
T7,6,1,200,1
T8,7,0,100,3
[93]
T1,0,1,120,6
T2,1,1,200,2
T3,2,0,150,8
T4,3,0,176,2
T5,4,0,108,7
T6,5,0,42,2
T7,6,0,20,2
T8,7,0,135,1
[94]
T1,0,0,70,2
T2,1,0,200,16
T3,2,1,153,3
T4,3,1,105,2
T5,4,1,24,2
T6,5,0,100,2
T7,6,0,168,2
T8,7,0,47,2
[95]
T1,0,0,150,2
T2,1,1,189,4
T3,2,0,85,2
T4,3,1,24,2
T5,4,1,200,6
T6,5,0,120,7
T7,6,1,38,2
T8,7,1,126,2
[96]
T1,0,1,176,6
T2,1,1,36,2
T3,2,0,135,1
T4,3,1,126,2
T5,4,1,53,4
T6,5,0,200,8
T7,6,1,150,2
T8,7,1,110,1
[97]
T1,0,0,189,8
T2,1,0,120,7
T3,2,0,200,2
T4,3,1,138,2
T5,4,0,72,2
T6,5,1,180,1
T7,6,0,51,1
T8,7,0,45,1
[98]
T1,0,1,85,2
T2,1,0,102,2
T3,2,0,156,5
T4,3,1,45,3
T5,4,0,160,1
T6,5,1,34,2
T7,6,1,78,2
T8,7,0,200,2
[99]
T1,0,1,90,9
T2,1,1,95,1
T3,2,0,174,8
T4,3,0,72,1
T5,4,1,200,2
T6,5,1,40,2
T7,6,0,32,2
T8,7,0,174,2
[100]
T1,0,0,38,2
T2,1,1,180,2
T3,2,0,110,7
T4,3,0,171,2
T5,4,0,90,2
T6,5,1,200,5
T7,6,1,72,2
T8,7,0,47,1
[101]
T1,0,0,84,2
T2,1,1,200,11
T3,2,1,48,1
T4,3,1,48,2
T5,4,0,144,4
T6,5,0,180,8
T7,6,1,74,1
T8,7,1,148,2
[102]
T1,0,0,200,19
T2,1,1,175,1
T3,2,1,154,2
T4,3,0,25,2
T5,4,1,144,2
T6,5,1,31,2
T7,6,0,112,2
T8,7,0,140,6
[103]
T1,0,0,162,2
T2,1,1,177,10
T3,2,0,118,2
T4,3,1,31,2
T5,4,0,59,1
T6,5,1,118,1
T7,6,1,200,6
T8,7,1,36,2
[104]
T1,0,0,168,1
T2,1,0,150,2
T3,2,0,63,2
T4,3,0,25,1
T5,4,0,200,2
T6,5,1,30,2
T7,6,1,111,1
T8,7,1,63,2
[105]
T1,0,0,80,6
T2,1,1,100,2
T3,2,1,110,2
T4,3,0,46,2
T5,4,0,26,2
T6,5,1,150,1
T7,6,1,200,2
T8,7,1,150,14
[106]
T1,0,0,192,3
T2,1,0,160,2
T3,2,0,98,3
T4,3,0,200,2
T5,4,1,98,3
T6,5,1,36,2
T7,6,1,32,1
T8,7,0,96,4
[107]
T1,0,0,190,2
T2,1,1,95,2
T3,2,0,200,3
T4,3,1,84,3
T5,4,1,49,2
T6,5,0,21,2
T7,6,1,175,2
T8,7,1,66,2
[108]
T1,0,0,162,2
T2,1,1,200,6
T3,2,0,81,3
T4,3,0,49,2
T5,4,0,25,2
T6,5,1,54,4
T7,6,1,171,2
T8,7,1,57,1
[109]
T1,0,0,190,2
T2,1,1,66,2
T3,2,1,22,2
T4,3,1,53,3
T5,4,1,76,2
T6,5,1,110,1
T7,6,1,190,4
T8,7,0,200,2
[110]
T1,0,1,45,2
T2,1,0,75,2
T3,2,1,200,1
T4,3,0,184,2
T5,4,0,57,2
T6,5,1,46,5
T7,6,0,171,2
T8,7,0,57,2
[111]
T1,0,1,84,2
T2,1,0,126,8
T3,2,1,29,2
T4,3,1,80,2
T5,4,0,198,4
T6,5,1,200,5
T7,6,1,30,1
T8,7,1,198,4
[112]
T1,0,0,125,3
T2,1,1,192,2
T3,2,1,125,6
T4,3,0,24,2
T5,4,1,200,4
T6,5,0,96,1
T7,6,0,50,1
T8,7,0,164,8
[113]
T1,0,1,125,3
T2,1,0,156,10
T3,2,1,41,2
T4,3,0,150,2
T5,4,1,45,1
T6,5,0,90,1
T7,6,1,72,3
T8,7,0,200,1
[114]
T1,0,0,120,2
T2,1,0,120,4
T3,2,0,200,1
T4,3,0,45,1
T5,4,1,189,11
T6,5,1,192,11
T7,6,1,120,2
T8,7,1,28,2
[115]
T1,0,1,93,1
T2,1,1,70,1
T3,2,1,28,1
T4,3,1,90,2
T5,4,0,175,3
T6,5,0,175,4
T7,6,1,200,4
T8,7,1,25,2
[116]
T1,0,0,150,5
T2,1,1,144,4
T3,2,0,37,2
T4,3,1,23,2
T5,4,1,200,8
T6,5,1,144,1
T7,6,1,115,4
T8,7,0,180,2
[117]
T1,0,1,24,2
T2,1,0,120,3
T3,2,0,176,3
T4,3,1,48,2
T5,4,0,78,1
T6,5,0,60,1
T7,6,1,200,9
T8,7,1,176,2
[118]
T1,0,0,180,2
T2,1,1,84,1
T3,2,1,200,15
T4,3,1,55,2
T5,4,1,160,7
T6,5,0,132,3
T7,6,1,38,2
T8,7,1,42,2
[119]
T1,0,1,48,6
T2,1,0,176,2
T3,2,0,104,2
T4,3,0,55,2
T5,4,0,200,4
T6,5,1,91,1
T7,6,0,35,2
T8,7,0,176,1
[120]
T1,0,0,130,2
T2,1,1,25,1
T3,2,1,190,1
T4,3,1,190,5
T5,4,0,200,2
T6,5,1,104,2
T7,6,0,91,1
T8,7,0,38,1
[121]
T1,0,0,48,1
T2,1,0,80,1
T3,2,0,144,2
T4,3,1,99,8
T5,4,0,189,1
T6,5,0,200,1
T7,6,1,198,8
T8,7,0,36,2
[122]
T1,0,0,189,2
T2,1,0,50,3
T3,2,1,49,2
T4,3,1,147,2
T5,4,1,75,2
T6,5,0,200,2
T7,6,1,189,4
T8,7,1,63,4
[123]
T1,0,1,95,2
T2,1,0,76,2
T3,2,0,56,1
T4,3,0,47,2
T5,4,0,160,11
T6,5,0,200,1
T7,6,1,171,1
T8,7,1,24,2
[124]
T1,0,1,55,2
T2,1,1,26,2
T3,2,0,98,2
T4,3,1,50,1
T5,4,0,200,2
T6,5,0,77,2
T7,6,1,196,20
T8,7,1,168,1
[125]
T1,0,1,39,2
T2,1,1,150,8
T3,2,0,140,2
T4,3,0,91,2
T5,4,0,48,2
T6,5,0,70,2
T7,6,0,200,10
T8,7,1,180,6
[126]
T1,0,0,26,2
T2,1,1,80,2
T3,2,1,182,8
T4,3,0,42,2
T5,4,0,80,2
T6,5,0,133,5
T7,6,0,152,2
T8,7,0,200,2
[127]
T1,0,0,33,2
T2,1,1,200,4
T3,2,1,55,1
T4,3,0,176,2
T5,4,0,150,2
T6,5,0,80,3
T7,6,1,52,2
T8,7,1,126,8
[128]
T1,0,1,144,3
T2,1,0,56,4
T3,2,0,126,2
T4,3,0,200,2
T5,4,1,36,2
T6,5,1,20,2
T7,6,0,192,1
T8,7,1,162,7
[129]
T1,0,0,72,2
T2,1,1,200,3
T3,2,0,176,3
T4,3,0,144,1
T5,4,0,24,2
T6,5,1,52,2
T7,6,1,150,1
T8,7,1,90,9
[130]
T1,0,1,138,19
T2,1,0,138,2
T3,2,0,200,3
T4,3,1,35,2
T5,4,0,150,2
T6,5,1,161,2
T7,6,0,32,2
T8,7,0,105,2
[131]
T1,0,1,132,2
T2,1,0,154,4
T3,2,1,200,2
T4,3,1,154,12
T5,4,0,40,1
T6,5,0,88,2
T7,6,1,75,2
T8,7,1,26,2
[132]
T1,0,1,32,2
T2,1,0,160,1
T3,2,0,154,3
T4,3,1,200,9
T5,4,0,40,2
T6,5,0,60,2
T7,6,1,128,1
T8,7,0,140,11
[133]
T1,0,0,38,2
T2,1,1,200,3
T3,2,1,108,2
T4,3,0,162,1
T5,4,1,20,2
T6,5,0,180,3
T7,6,0,135,5
T8,7,0,135,8
[134]
T1,0,1,48,1
T2,1,1,100,2
T3,2,1,39,2
T4,3,0,84,2
T5,4,1,120,5
T6,5,0,200,7
T7,6,0,160,7
T8,7,0,192,1
[135]
T1,0,1,60,1
T2,1,0,135,10
T3,2,0,190,4
T4,3,0,200,1
T5,4,1,90,2
T6,5,1,150,2
T7,6,1,27,2
T8,7,1,40,1
[136]
T1,0,1,200,2
T2,1,0,190,9
T3,2,0,118,6
T4,3,1,75,1
T5,4,1,30,2
T6,5,1,177,2
T7,6,0,100,4
T8,7,0,50,2
[137]
T1,0,1,41,1
T2,1,1,55,3
T3,2,0,126,2
T4,3,1,175,5
T5,4,0,200,5
T6,5,1,176,4
T7,6,0,54,2
T8,7,0,22,2
[138]
T1,0,1,38,1
T2,1,0,43,2
T3,2,1,150,2
T4,3,0,108,4
T5,4,0,120,8
T6,5,0,126,1
T7,6,0,200,3
T8,7,0,168,2
[139]
T1,0,1,200,5
T2,1,1,154,1
T3,2,0,150,4
T4,3,1,52,2
T5,4,0,102,1
T6,5,0,136,1
T7,6,0,50,1
T8,7,1,60,3
[140]
T1,0,1,50,2
T2,1,1,150,2
T3,2,0,33,2
T4,3,0,84,2
T5,4,1,83,1
T6,5,1,175,5
T7,6,0,120,1
T8,7,1,200,9
[141]
T1,0,0,43,1
T2,1,1,64,1
T3,2,1,135,1
T4,3,0,200,2
T5,4,0,76,2
T6,5,0,25,2
T7,6,0,160,8
T8,7,0,192,4
[142]
T1,0,0,195,1
T2,1,1,180,8
T3,2,0,80,2
T4,3,0,200,2
T5,4,1,45,2
T6,5,0,110,2
T7,6,1,117,2
T8,7,0,31,2
[143]
T1,0,1,110,1
T2,1,1,50,3
T3,2,1,126,3
T4,3,0,60,2
T5,4,0,168,2
T6,5,1,147,2
T7,6,1,200,7
T8,7,1,24,2
[144]
T1,0,1,30,2
T2,1,0,53,2
T3,2,0,200,7
T4,3,1,196,4
T5,4,0,105,2
T6,5,0,119,1
T7,6,0,175,1
T8,7,1,85,3
[145]
T1,0,0,120,7
T2,1,1,200,3
T3,2,1,49,2
T4,3,1,56,2
T5,4,1,42,1
T6,5,1,196,2
T7,6,1,198,3
T8,7,1,60,2
[146]
T1,0,1,58,1
T2,1,1,51,2
T3,2,0,90,2
T4,3,0,174,2
T5,4,0,72,2
T6,5,1,28,2
T7,6,0,174,20
T8,7,1,200,4
[147]
T1,0,1,48,3
T2,1,0,38,2
T3,2,0,162,5
T4,3,1,171,4
T5,4,1,57,1
T6,5,1,100,1
T7,6,0,95,1
T8,7,0,200,3
[148]
T1,0,1,100,1
T2,1,1,150,2
T3,2,0,33,2
T4,3,0,185,8
T5,4,0,50,1
T6,5,0,200,1
T7,6,0,60,2
T8,7,1,126,8
[149]
T1,0,1,116,2
T2,1,0,200,1
T3,2,1,130,6
T4,3,0,25,2
T5,4,1,150,2
T6,5,0,87,1
T7,6,0,26,1
T8,7,0,174,8
[150]
T1,0,0,72,5
T2,1,1,200,5
T3,2,0,140,2
T4,3,1,48,2
T5,4,0,106,2
T6,5,0,159,2
T7,6,1,30,2
T8,7,1,150,7
[151]
T1,0,1,200,2
T2,1,0,130,5
T3,2,1,53,2
T4,3,1,25,2
T5,4,0,110,2
T6,5,1,104,9
T7,6,1,195,2
T8,7,1,175,2
[152]
T1,0,0,134,2
T2,1,0,28,2
T3,2,0,35,2
T4,3,0,200,11
T5,4,1,150,2
T6,5,0,140,2
T7,6,0,175,1
T8,7,1,70,2
[153]
T1,0,1,80,1
T2,1,0,200,1
T3,2,0,64,1
T4,3,1,26,2
T5,4,0,192,2
T6,5,0,46,3
T7,6,0,150,2
T8,7,0,65,1
[154]
T1,0,0,150,3
T2,1,1,54,3
T3,2,0,126,1
T4,3,0,24,2
T5,4,0,200,2
T6,5,1,60,2
T7,6,0,140,3
T8,7,1,158,1
[155]
T1,0,0,187,2
T2,1,1,60,1
T3,2,0,21,2
T4,3,0,88,4
T5,4,0,84,1
T6,5,0,31,2
T7,6,0,200,2
T8,7,1,187,15
[156]
T1,0,1,21,2
T2,1,1,130,2
T3,2,1,75,1
T4,3,1,156,1
T5,4,1,196,7
T6,5,1,200,16
T7,6,0,120,2
T8,7,0,50,2
[157]
T1,0,1,30,2
T2,1,1,25,2
T3,2,0,200,11
T4,3,0,198,2
T5,4,0,144,7
T6,5,1,99,1
T7,6,0,60,1
T8,7,0,162,1
[158]
T1,0,0,38,2
T2,1,0,30,2
T3,2,0,189,9
T4,3,1,69,2
T5,4,1,200,9
T6,5,1,60,1
T7,6,0,126,2
T8,7,1,161,2
[159]
T1,0,0,120,10
T2,1,0,147,2
T3,2,1,78,2
T4,3,1,70,2
T5,4,0,39,1
T6,5,1,200,8
T7,6,1,37,2
T8,7,0,150,2
[160]
T1,0,1,170,2
T2,1,0,150,6
T3,2,1,147,3
T4,3,0,200,6
T5,4,0,98,3
T6,5,1,105,2
T7,6,1,30,2
T8,7,0,51,2
[161]
T1,0,1,23,2
T2,1,0,114,2
T3,2,1,26,2
T4,3,1,115,4
T5,4,1,200,9
T6,5,1,60,2
T7,6,1,184,2
T8,7,0,150,6
[162]
T1,0,0,189,2
T2,1,1,29,2
T3,2,1,20,2
T4,3,1,60,3
T5,4,1,150,2
T6,5,0,200,2
T7,6,0,128,5
T8,7,0,75,1
[163]
T1,0,1,153,6
T2,1,1,50,1
T3,2,0,90,1
T4,3,1,200,9
T5,4,0,195,2
T6,5,1,144,1
T7,6,0,51,2
T8,7,1,136,5
[164]
T1,0,1,26,1
T2,1,0,91,2
T3,2,1,20,2
T4,3,0,100,3
T5,4,0,63,2
T6,5,0,189,2
T7,6,1,200,5
T8,7,0,175,2
[165]
T1,0,1,130,2
T2,1,0,160,1
T3,2,1,96,1
T4,3,1,200,2
T5,4,0,155,4
T6,5,0,36,3
T7,6,0,80,2
T8,7,1,40,2
[166]
T1,0,1,80,2
T2,1,1,200,2
T3,2,1,195,2
T4,3,0,65,2
T5,4,1,120,2
T6,5,0,176,6
T7,6,0,50,1
T8,7,0,24,1
[167]
T1,0,0,152,4
T2,1,0,50,2
T3,2,1,195,2
T4,3,0,104,2
T5,4,1,51,3
T6,5,1,100,2
T7,6,0,200,1
T8,7,1,100,2
[168]
T1,0,0,160,5
T2,1,0,25,2
T3,2,1,132,6
T4,3,0,99,1
T5,4,0,128,2
T6,5,1,200,1
T7,6,1,49,1
T8,7,0,160,8
[169]
T1,0,1,102,2
T2,1,0,63,2
T3,2,1,200,2
T4,3,0,160,16
T5,4,0,42,2
T6,5,1,20,2
T7,6,0,112,1
T8,7,0,150,2
[170]
T1,0,1,200,2
T2,1,0,120,2
T3,2,1,96,2
T4,3,0,185,4
T5,4,1,120,2
T6,5,1,36,4
T7,6,0,148,3
T8,7,1,26,2
[171]
T1,0,0,200,1
T2,1,1,195,5
T3,2,0,20,2
T4,3,1,26,2
T5,4,0,176,1
T6,5,1,72,3
T7,6,0,60,2
T8,7,1,143,8
[172]
T1,0,1,46,2
T2,1,1,22,2
T3,2,1,64,2
T4,3,0,192,3
T5,4,0,200,2
T6,5,1,69,2
T7,6,1,192,2
T8,7,0,138,11
[173]
T1,0,0,81,3
T2,1,0,200,2
T3,2,1,135,5
T4,3,1,162,3
T5,4,1,176,2
T6,5,0,27,1
T7,6,0,55,2
T8,7,0,43,2
[174]
T1,0,0,41,2
T2,1,0,200,9
T3,2,0,84,2
T4,3,1,112,2
T5,4,0,20,2
T6,5,1,160,1
T7,6,0,90,1
T8,7,1,196,2
[175]
T1,0,0,200,8
T2,1,0,20,2
T3,2,0,135,2
T4,3,0,160,3
T5,4,1,45,2
T6,5,0,90,1
T7,6,1,144,4
T8,7,0,174,8
[176]
T1,0,1,182,2
T2,1,0,42,2
T3,2,1,91,3
T4,3,1,75,2
T5,4,1,200,2
T6,5,1,51,1
T7,6,1,192,3
T8,7,0,91,3
[177]
T1,0,0,200,7
T2,1,0,180,5
T3,2,1,92,2
T4,3,0,34,2
T5,4,1,138,5
T6,5,1,144,6
T7,6,1,161,1
T8,7,1,30,2
[178]
T1,0,1,110,3
T2,1,0,176,1
T3,2,1,54,2
T4,3,0,24,2
T5,4,1,200,8
T6,5,0,165,16
T7,6,0,135,2
T8,7,0,42,2
[179]
T1,0,1,190,6
T2,1,1,35,2
T3,2,0,98,1
T4,3,1,26,2
T5,4,1,75,4
T6,5,0,56,2
T7,6,0,200,1
T8,7,1,168,5
[180]
T1,0,0,33,1
T2,1,1,56,2
T3,2,1,200,1
T4,3,0,168,6
T5,4,1,40,1
T6,5,1,76,2
T7,6,1,120,1
T8,7,0,190,3
[181]
T1,0,0,87,1
T2,1,0,145,2
T3,2,0,175,9
T4,3,0,84,2
T5,4,0,180,4
T6,5,1,49,2
T7,6,1,50,2
T8,7,1,200,2
[182]
T1,0,1,48,2
T2,1,1,63,1
T3,2,1,175,2
T4,3,1,84,1
T5,4,1,200,3
T6,5,1,195,16
T7,6,0,100,2
T8,7,0,24,1
[183]
T1,0,1,76,2
T2,1,0,76,2
T3,2,0,171,16
T4,3,1,200,2
T5,4,0,25,2
T6,5,1,95,2
T7,6,0,34,2
T8,7,0,190,2
[184]
T1,0,0,200,3
T2,1,1,126,2
T3,2,0,80,2
T4,3,1,52,5
T5,4,1,32,2
T6,5,0,195,1
T7,6,0,156,9
T8,7,1,72,2
[185]
T1,0,0,132,3
T2,1,0,180,2
T3,2,1,72,2
T4,3,0,132,3
T5,4,0,48,1
T6,5,0,200,3
T7,6,0,33,2
T8,7,1,150,3
[186]
T1,0,0,95,3
T2,1,1,70,2
T3,2,0,176,5
T4,3,0,200,2
T5,4,1,56,3
T6,5,0,176,1
T7,6,1,40,2
T8,7,1,41,1
[187]
T1,0,0,108,2
T2,1,1,200,2
T3,2,1,153,7
T4,3,1,50,2
T5,4,0,80,3
T6,5,0,180,1
T7,6,1,26,2
T8,7,1,120,5
[188]
T1,0,1,70,1
T2,1,0,22,2
T3,2,0,100,1
T4,3,0,170,2
T5,4,0,160,12
T6,5,0,119,6
T7,6,0,36,2
T8,7,1,200,2
[189]
T1,0,1,37,2
T2,1,1,153,2
T3,2,1,85,2
T4,3,0,68,2
T5,4,1,175,2
T6,5,0,200,17
T7,6,0,75,2
T8,7,0,24,2
[190]
T1,0,1,174,4
T2,1,1,200,9
T3,2,0,140,4
T4,3,1,125,1
T5,4,0,35,2
T6,5,0,175,6
T7,6,0,24,2
T8,7,0,70,2
[191]
T1,0,0,29,2
T2,1,0,175,5
T3,2,1,175,7
T4,3,1,116,5
T5,4,1,64,2
T6,5,0,200,2
T7,6,1,75,2
T8,7,1,24,2
[192]
T1,0,1,200,1
T2,1,1,160,3
T3,2,1,65,3
T4,3,1,75,2
T5,4,1,135,2
T6,5,0,26,1
T7,6,1,40,2
T8,7,0,162,2
[193]
T1,0,1,40,1
T2,1,0,175,5
T3,2,1,42,2
T4,3,1,70,2
T5,4,1,63,2
T6,5,0,75,2
T7,6,1,177,8
T8,7,1,200,8
[194]
T1,0,1,81,5
T2,1,0,32,2
T3,2,0,120,3
T4,3,0,135,1
T5,4,1,40,2
T6,5,0,200,3
T7,6,0,162,8
T8,7,0,165,1
[195]
T1,0,0,180,4
T2,1,0,43,3
T3,2,0,120,2
T4,3,1,144,3
T5,4,1,180,2
T6,5,0,200,3
T7,6,0,36,2
T8,7,1,109,5
[196]
T1,0,1,120,2
T2,1,1,176,1
T3,2,1,160,2
T4,3,0,114,1
T5,4,0,32,3
T6,5,1,22,2
T7,6,1,75,2
T8,7,1,200,8
[197]
T1,0,0,40,2
T2,1,0,110,3
T3,2,0,154,1
T4,3,0,150,2
T5,4,1,47,2
T6,5,1,200,1
T7,6,1,136,1
T8,7,1,136,9
[198]
T1,0,0,68,2
T2,1,1,153,2
T3,2,1,33,1
T4,3,1,50,1
T5,4,0,189,3
T6,5,0,100,5
T7,6,1,200,2
T8,7,0,119,6
[199]
T1,0,0,78,1
T2,1,0,26,2
T3,2,0,154,3
T4,3,1,60,2
T5,4,1,168,12
T6,5,0,44,2
T7,6,1,200,3
T8,7,1,140,2
[200]
T1,0,1,49,1
T2,1,1,65,4
T3,2,0,192,2
T4,3,0,200,2
T5,4,1,195,7
T6,5,1,120,3
T7,6,1,36,2
T8,7,0,78,2
[201]
T1,0,0,90,2
T2,1,1,20,2
T3,2,0,174,2
T4,3,1,85,2
T5,4,1,174,2
T6,5,0,58,1
T7,6,0,45,2
T8,7,1,200,1
[202]
T1,0,1,23,2
T2,1,1,175,6
T3,2,0,182,3
T4,3,0,140,2
T5,4,1,104,8
T6,5,1,25,2
T7,6,1,200,3
T8,7,1,98,4
[203]
T1,0,1,50,2
T2,1,0,160,2
T3,2,1,29,2
T4,3,0,66,2
T5,4,1,176,2
T6,5,0,200,6
T7,6,0,75,2
T8,7,0,63,3
[204]
T1,0,0,200,3
T2,1,0,120,2
T3,2,1,31,2
T4,3,1,24,1
T5,4,0,75,1
T6,5,1,195,6
T7,6,1,158,1
T8,7,1,65,3
[205]
T1,0,0,28,1
T2,1,1,200,2
T3,2,1,126,3
T4,3,1,70,2
T5,4,0,84,1
T6,5,1,172,1
T7,6,1,172,10
T8,7,0,28,2
[206]
T1,0,1,112,4
T2,1,0,33,2
T3,2,1,168,7
T4,3,1,125,3
T5,4,1,200,7
T6,5,0,161,2
T7,6,1,35,2
T8,7,1,69,2
[207]
T1,0,0,100,1
T2,1,0,96,2
T3,2,0,195,2
T4,3,1,80,1
T5,4,0,36,2
T6,5,1,200,5
T7,6,1,52,2
T8,7,0,169,18
[208]
T1,0,0,42,1
T2,1,1,200,3
T3,2,0,192,2
T4,3,1,54,2
T5,4,1,55,1
T6,5,0,44,2
T7,6,0,132,8
T8,7,0,180,2
[209]
T1,0,0,200,1
T2,1,1,24,2
T3,2,1,72,2
T4,3,1,65,2
T5,4,0,195,5
T6,5,1,120,3
T7,6,1,195,10
T8,7,1,30,2
[210]
T1,0,0,160,2
T2,1,1,27,1
T3,2,0,154,2
T4,3,0,110,2
T5,4,0,200,2
T6,5,0,44,2
T7,6,1,63,1
T8,7,1,72,2
[211]
T1,0,0,82,2
T2,1,0,82,2
T3,2,1,25,1
T4,3,0,82,1
T5,4,1,150,9
T6,5,0,200,5
T7,6,1,180,2
T8,7,0,31,2
[212]
T1,0,0,35,2
T2,1,0,90,2
T3,2,1,168,8
T4,3,1,126,6
T5,4,0,183,1
T6,5,1,35,1
T7,6,0,200,8
T8,7,1,60,2
[213]
T1,0,1,154,2
T2,1,0,51,1
T3,2,0,54,1
T4,3,0,200,8
T5,4,0,154,9
T6,5,0,90,2
T7,6,0,135,2
T8,7,0,40,2
[214]
T1,0,1,120,1
T2,1,0,175,2
T3,2,0,200,4
T4,3,1,136,1
T5,4,1,34,2
T6,5,0,68,7
T7,6,1,156,4
T8,7,1,39,2
[215]
T1,0,1,66,2
T2,1,0,200,4
T3,2,1,144,6
T4,3,1,57,1
T5,4,0,152,1
T6,5,0,152,3
T7,6,0,37,2
T8,7,0,40,2
[216]
T1,0,1,80,2
T2,1,1,190,2
T3,2,0,42,1
T4,3,0,34,2
T5,4,0,144,1
T6,5,0,95,1
T7,6,1,200,1
T8,7,1,150,13
[217]
T1,0,1,175,5
T2,1,0,165,2
T3,2,0,36,2
T4,3,0,26,2
T5,4,1,72,2
T6,5,1,200,17
T7,6,0,72,2
T8,7,1,144,3
[218]
T1,0,0,135,1
T2,1,0,50,2
T3,2,0,144,2
T4,3,0,50,2
T5,4,0,175,2
T6,5,0,56,2
T7,6,0,200,12
T8,7,0,162,7
[219]
T1,0,0,25,1
T2,1,1,200,2
T3,2,0,120,2
T4,3,1,133,2
T5,4,0,150,11
T6,5,1,30,2
T7,6,1,105,1
T8,7,0,190,1
[220]
T1,0,0,200,2
T2,1,1,80,8
T3,2,1,78,2
T4,3,1,52,2
T5,4,0,42,2
T6,5,1,190,2
T7,6,1,156,3
T8,7,0,80,2
[221]
T1,0,1,175,4
T2,1,1,60,1
T3,2,1,200,5
T4,3,1,62,2
T5,4,1,155,8
T6,5,1,40,1
T7,6,0,70,2
T8,7,0,48,2
[222]
T1,0,1,66,2
T2,1,1,36,1
T3,2,1,184,1
T4,3,1,200,8
T5,4,0,160,2
T6,5,0,110,4
T7,6,0,32,2
T8,7,0,69,2
[223]
T1,0,0,54,1
T2,1,0,200,2
T3,2,1,195,7
T4,3,1,156,14
T5,4,0,65,2
T6,5,0,41,2
T7,6,0,81,1
T8,7,0,36,2
[224]
T1,0,0,160,5
T2,1,0,55,2
T3,2,0,176,4
T4,3,1,30,1
T5,4,0,38,2
T6,5,1,76,2
T7,6,1,200,6
T8,7,1,95,1
[225]
T1,0,0,62,1
T2,1,1,125,2
T3,2,1,124,4
T4,3,1,152,2
T5,4,1,38,2
T6,5,0,37,2
T7,6,1,200,3
T8,7,1,190,8
[226]
T1,0,1,53,3
T2,1,1,195,1
T3,2,0,104,4
T4,3,0,65,2
T5,4,1,200,1
T6,5,1,55,1
T7,6,0,52,2
T8,7,0,150,5
[227]
T1,0,1,184,13
T2,1,0,150,2
T3,2,1,50,1
T4,3,1,120,2
T5,4,1,200,8
T6,5,0,53,2
T7,6,0,144,3
T8,7,0,96,2
[228]
T1,0,0,34,2
T2,1,0,192,7
T3,2,1,200,6
T4,3,1,54,2
T5,4,0,165,2
T6,5,0,60,2
T7,6,0,48,1
T8,7,1,144,6
[229]
T1,0,0,200,2
T2,1,1,190,6
T3,2,1,110,2
T4,3,0,110,4
T5,4,0,25,2
T6,5,1,44,1
T7,6,0,95,2
T8,7,0,154,2
[230]
T1,0,0,180,2
T2,1,0,153,13
T3,2,0,200,2
T4,3,0,38,2
T5,4,0,95,4
T6,5,1,26,2
T7,6,0,120,1
T8,7,1,114,2
[231]
T1,0,0,70,2
T2,1,0,198,7
T3,2,1,140,2
T4,3,0,20,2
T5,4,0,180,2
T6,5,1,200,13
T7,6,1,99,5
T8,7,1,35,2
[232]
T1,0,0,56,1
T2,1,0,70,1
T3,2,1,24,2
T4,3,0,22,1
T5,4,0,176,2
T6,5,1,187,4
T7,6,0,200,2
T8,7,0,136,2
[233]
T1,0,0,91,3
T2,1,0,49,1
T3,2,1,84,4
T4,3,0,63,2
T5,4,1,182,3
T6,5,1,189,7
T7,6,1,200,2
T8,7,1,24,2
[234]
T1,0,1,43,1
T2,1,0,155,1
T3,2,1,72,3
T4,3,0,68,2
T5,4,1,153,2
T6,5,0,68,5
T7,6,0,31,2
T8,7,0,200,2
[235]
T1,0,0,69,2
T2,1,0,168,2
T3,2,1,184,7
T4,3,1,90,1
T5,4,0,135,12
T6,5,0,34,2
T7,6,1,200,2
T8,7,0,36,2
[236]
T1,0,1,100,7
T2,1,0,29,2
T3,2,0,66,1
T4,3,1,200,5
T5,4,0,77,1
T6,5,1,154,3
T7,6,0,21,2
T8,7,1,187,2
[237]
T1,0,0,180,2
T2,1,1,168,3
T3,2,1,200,2
T4,3,1,91,1
T5,4,1,50,2
T6,5,0,21,2
T7,6,1,60,1
T8,7,0,70,5
[238]
T1,0,1,160,1
T2,1,1,90,3
T3,2,0,144,2
T4,3,0,200,2
T5,4,0,152,2
T6,5,0,38,3
T7,6,0,23,2
T8,7,1,75,2
[239]
T1,0,1,200,6
T2,1,0,66,2
T3,2,1,45,2
T4,3,0,143,2
T5,4,1,175,2
T6,5,1,168,9
T7,6,0,104,2
T8,7,0,26,2
[240]
T1,0,1,66,1
T2,1,1,150,2
T3,2,1,21,1
T4,3,0,190,5
T5,4,0,200,4
T6,5,0,60,2
T7,6,1,76,2
T8,7,1,38,2
[241]
T1,0,1,144,1
T2,1,1,90,1
T3,2,0,44,2
T4,3,1,21,2
T5,4,1,80,2
T6,5,0,170,6
T7,6,0,176,11
T8,7,0,200,11
[242]
T1,0,1,90,2
T2,1,1,25,2
T3,2,1,117,7
T4,3,0,41,1
T5,4,0,200,8
T6,5,0,195,2
T7,6,0,164,2
T8,7,0,130,2
[243]
T1,0,1,170,7
T2,1,1,112,2
T3,2,1,70,1
T4,3,0,49,1
T5,4,0,120,2
T6,5,1,147,4
T7,6,1,50,1
T8,7,0,200,5
[244]
T1,0,1,138,4
T2,1,1,160,3
T3,2,0,200,7
T4,3,0,26,2
T5,4,1,160,1
T6,5,1,92,1
T7,6,0,66,2
T8,7,0,50,2
[245]
T1,0,0,25,2
T2,1,1,200,2
T3,2,1,145,2
T4,3,1,66,4
T5,4,0,53,3
T6,5,0,198,8
T7,6,0,180,1
T8,7,1,90,2
[246]
T1,0,1,40,2
T2,1,0,140,7
T3,2,1,111,2
T4,3,1,150,6
T5,4,1,42,2
T6,5,0,140,3
T7,6,0,200,7
T8,7,0,148,5
[247]
T1,0,0,63,2
T2,1,1,50,1
T3,2,1,198,5
T4,3,1,140,2
T5,4,0,55,2
T6,5,1,160,6
T7,6,0,200,2
T8,7,0,20,2
[248]
T1,0,1,67,2
T2,1,1,156,2
T3,2,1,200,10
T4,3,0,67,1
T5,4,1,41,2
T6,5,0,24,2
T7,6,0,150,6
T8,7,1,65,2
[249]
T1,0,1,26,1
T2,1,0,56,2
T3,2,0,32,1
T4,3,0,105,2
T5,4,1,200,7
T6,5,1,150,4
T7,6,0,148,1
T8,7,0,96,2
[250]
T1,0,1,184,2
T2,1,0,200,2
T3,2,0,26,2
T4,3,1,95,8
T5,4,0,171,6
T6,5,1,72,1
T7,6,0,92,1
T8,7,1,36,2
[251]
T1,0,0,126,2
T2,1,0,184,3
T3,2,1,25,1
T4,3,1,144,2
T5,4,0,175,5
T6,5,1,200,2
T7,6,0,75,2
T8,7,0,46,1
[252]
T1,0,1,39,1
T2,1,1,84,1
T3,2,0,195,1
T4,3,0,200,1
T5,4,1,39,3
T6,5,1,180,2
T7,6,0,63,2
T8,7,1,125,3
[253]
T1,0,1,20,2
T2,1,1,150,1
T3,2,0,55,1
T4,3,0,57,2
T5,4,1,28,2
T6,5,0,200,1
T7,6,1,154,19
T8,7,1,140,2
[254]
T1,0,0,165,1
T2,1,0,200,1
T3,2,0,124,8
T4,3,1,99,2
T5,4,1,25,2
T6,5,0,99,3
T7,6,1,34,2
T8,7,1,165,7
[255]
T1,0,0,50,4
T2,1,1,126,2
T3,2,0,200,3
T4,3,0,120,1
T5,4,1,77,1
T6,5,0,154,3
T7,6,0,154,2
T8,7,1,42,2
[256]
T1,0,1,50,3
T2,1,0,132,3
T3,2,0,200,3
T4,3,0,165,8
T5,4,0,100,2
T6,5,1,182,1
T7,6,0,31,2
T8,7,1,105,2
[257]
T1,0,1,200,6
T2,1,0,80,3
T3,2,1,40,2
T4,3,1,60,1
T5,4,0,43,2
T6,5,1,162,3
T7,6,0,140,4
T8,7,0,150,2
[258]
T1,0,0,29,2
T2,1,0,195,3
T3,2,0,200,9
T4,3,1,40,1
T5,4,0,72,3
T6,5,0,180,2
T7,6,1,92,2
T8,7,0,138,1
[259]
T1,0,0,184,19
T2,1,0,25,2
T3,2,1,172,2
T4,3,1,92,2
T5,4,1,200,1
T6,5,1,39,2
T7,6,1,69,2
T8,7,1,60,2
[260]
T1,0,1,200,3
T2,1,1,84,2
T3,2,1,105,4
T4,3,1,181,7
T5,4,0,70,2
T6,5,1,24,2
T7,6,0,181,3
T8,7,0,22,1
[261]
T1,0,0,24,2
T2,1,0,200,3
T3,2,0,77,4
T4,3,0,154,2
T5,4,0,56,2
T6,5,0,24,2
T7,6,0,195,7
T8,7,1,132,7
[262]
T1,0,0,88,2
T2,1,1,32,1
T3,2,1,200,1
T4,3,1,30,2
T5,4,1,72,1
T6,5,1,60,1
T7,6,1,150,2
T8,7,1,162,2
[263]
T1,0,1,190,8
T2,1,0,60,2
T3,2,1,150,3
T4,3,0,200,5
T5,4,1,32,1
T6,5,0,56,2
T7,6,1,55,2
T8,7,1,28,1
[264]
T1,0,1,144,2
T2,1,0,172,6
T3,2,0,90,2
T4,3,0,180,10
T5,4,0,200,6
T6,5,1,24,2
T7,6,1,27,2
T8,7,0,54,1
[265]
T1,0,0,78,2
T2,1,0,26,1
T3,2,1,95,2
T4,3,0,200,4
T5,4,1,160,2
T6,5,0,20,2
T7,6,1,152,2
T8,7,0,104,4
[266]
T1,0,0,132,6
T2,1,1,180,4
T3,2,0,36,2
T4,3,1,132,4
T5,4,0,165,2
T6,5,0,200,8
T7,6,0,23,2
T8,7,1,112,1
[267]
T1,0,1,25,2
T2,1,1,200,1
T3,2,0,150,2
T4,3,1,55,2
T5,4,0,20,2
T6,5,1,140,3
T7,6,1,176,7
T8,7,0,84,1
[268]
T1,0,1,68,2
T2,1,0,154,5
T3,2,1,40,2
T4,3,0,70,2
T5,4,0,200,4
T6,5,0,23,2
T7,6,0,165,6
T8,7,0,84,2
[269]
T1,0,1,200,1
T2,1,0,20,2
T3,2,0,121,2
T4,3,0,156,1
T5,4,0,143,2
T6,5,0,104,2
T7,6,0,33,2
T8,7,1,165,14
[270]
T1,0,0,200,4
T2,1,1,154,4
T3,2,1,20,2
T4,3,1,63,2
T5,4,1,176,3
T6,5,0,32,2
T7,6,0,77,5
T8,7,1,132,2
[271]
T1,0,1,116,8
T2,1,0,200,3
T3,2,0,150,7
T4,3,0,145,2
T5,4,0,44,1
T6,5,1,80,2
T7,6,1,174,1
T8,7,1,23,2
[272]
T1,0,1,150,2
T2,1,0,56,2
T3,2,1,200,2
T4,3,0,100,5
T5,4,1,30,2
T6,5,1,175,1
T7,6,0,103,1
T8,7,0,22,2
[273]
T1,0,0,132,2
T2,1,1,150,4
T3,2,1,200,7
T4,3,0,136,4
T5,4,1,33,1
T6,5,0,90,3
T7,6,1,39,2
T8,7,0,187,2
[274]
T1,0,0,25,2
T2,1,0,152,2
T3,2,0,100,6
T4,3,1,200,5
T5,4,0,152,4
T6,5,0,70,1
T7,6,0,108,2
T8,7,1,50,2
[275]
T1,0,1,65,2
T2,1,0,189,2
T3,2,1,48,2
T4,3,0,84,2
T5,4,0,20,2
T6,5,1,156,3
T7,6,1,200,8
T8,7,1,126,1
[276]
T1,0,1,30,1
T2,1,1,200,6
T3,2,1,60,2
T4,3,0,68,2
T5,4,1,114,3
T6,5,1,160,3
T7,6,1,160,1
T8,7,0,41,1
[277]
T1,0,0,136,2
T2,1,1,120,2
T3,2,0,165,2
T4,3,1,168,4
T5,4,0,38,2
T6,5,1,200,12
T7,6,1,77,1
T8,7,1,25,2
[278]
T1,0,0,30,2
T2,1,1,195,2
T3,2,0,36,1
T4,3,0,186,5
T5,4,1,80,2
T6,5,1,62,2
T7,6,0,200,17
T8,7,0,78,2
[279]
T1,0,0,72,2
T2,1,0,200,2
T3,2,0,192,2
T4,3,1,100,1
T5,4,0,30,2
T6,5,0,150,9
T7,6,1,23,2
T8,7,0,117,2
[280]
T1,0,1,36,1
T2,1,0,160,5
T3,2,1,161,1
T4,3,1,80,5
T5,4,0,92,2
T6,5,0,75,2
T7,6,0,35,2
T8,7,0,200,8
[281]
T1,0,1,75,1
T2,1,1,100,2
T3,2,0,40,3
T4,3,1,200,5
T5,4,1,150,4
T6,5,1,112,2
T7,6,0,168,2
T8,7,0,51,1
[282]
T1,0,1,176,2
T2,1,1,22,2
T3,2,1,200,2
T4,3,0,172,3
T5,4,1,48,2
T6,5,1,86,2
T7,6,0,75,2
T8,7,0,55,3
[283]
T1,0,0,81,5
T2,1,0,24,2
T3,2,0,150,2
T4,3,1,200,7
T5,4,1,45,2
T6,5,0,184,7
T7,6,1,144,2
T8,7,0,54,2
[284]
T1,0,0,200,3
T2,1,1,81,2
T3,2,0,150,1
T4,3,0,20,2
T5,4,0,88,5
T6,5,0,135,1
T7,6,1,180,6
T8,7,1,50,2
[285]
T1,0,1,153,2
T2,1,1,34,2
T3,2,0,48,2
T4,3,0,84,2
T5,4,1,72,2
T6,5,1,100,3
T7,6,0,200,24
T8,7,0,153,2
[286]
T1,0,0,200,7
T2,1,0,51,1
T3,2,0,170,2
T4,3,0,187,7
T5,4,0,100,1
T6,5,0,43,2
T7,6,1,132,1
T8,7,0,68,2
[287]
T1,0,1,72,1
T2,1,1,200,9
T3,2,1,180,1
T4,3,1,26,2
T5,4,0,63,3
T6,5,0,180,2
T7,6,0,84,3
T8,7,0,49,2
[288]
T1,0,0,200,3
T2,1,0,36,2
T3,2,1,162,3
T4,3,1,90,2
T5,4,1,47,3
T6,5,0,180,5
T7,6,1,90,2
T8,7,0,110,2
[289]
T1,0,1,189,9
T2,1,1,41,1
T3,2,1,20,2
T4,3,0,135,2
T5,4,0,68,2
T6,5,0,200,6
T7,6,0,153,2
T8,7,0,70,2
[290]
T1,0,0,108,2
T2,1,0,50,1
T3,2,1,200,2
T4,3,1,30,2
T5,4,0,164,7
T6,5,1,75,3
T7,6,1,180,4
T8,7,0,90,2
[291]
T1,0,1,63,1
T2,1,0,156,5
T3,2,1,34,2
T4,3,0,32,2
T5,4,0,200,10
T6,5,1,182,2
T7,6,0,78,2
T8,7,0,104,2
[292]
T1,0,1,200,2
T2,1,1,32,1
T3,2,0,21,2
T4,3,1,135,5
T5,4,0,128,5
T6,5,1,120,2
T7,6,1,189,2
T8,7,0,192,4
[293]
T1,0,1,106,2
T2,1,0,168,2
T3,2,0,72,3
T4,3,0,45,1
T5,4,0,200,3
T6,5,0,35,2
T7,6,1,159,2
T8,7,0,105,1
[294]
T1,0,0,182,3
T2,1,0,66,2
T3,2,1,50,2
T4,3,1,165,3
T5,4,1,200,5
T6,5,1,66,4
T7,6,1,77,2
T8,7,1,52,1
[295]
T1,0,0,190,4
T2,1,0,30,2
T3,2,1,55,2
T4,3,1,42,3
T5,4,1,90,2
T6,5,1,66,2
T7,6,1,200,9
T8,7,0,150,2
[296]
T1,0,1,55,2
T2,1,1,38,2
T3,2,0,165,5
T4,3,0,165,3
T5,4,1,104,4
T6,5,0,200,2
T7,6,0,99,5
T8,7,0,44,1
[297]
T1,0,1,200,2
T2,1,0,30,1
T3,2,0,162,10
T4,3,1,95,1
T5,4,0,24,2
T6,5,0,114,3
T7,6,0,150,2
T8,7,0,114,1
[298]
T1,0,1,200,15
T2,1,0,135,2
T3,2,1,80,2
T4,3,0,162,2
T5,4,0,46,1
T6,5,0,42,2
T7,6,1,92,1
T8,7,0,150,2
[299]
T1,0,1,200,9
T2,1,1,100,8
T3,2,0,23,2
T4,3,0,100,2
T5,4,0,175,4
T6,5,0,40,2
T7,6,1,196,2
T8,7,0,89,2
[300]
T1,0,1,76,1
T2,1,0,51,2
T3,2,1,150,6
T4,3,1,180,1
T5,4,0,120,2
T6,5,0,27,2
T7,6,1,70,3
T8,7,0,200,7
[301]
T1,0,0,200,2
T2,1,0,168,1
T3,2,0,24,2
T4,3,1,196,6
T5,4,1,25,1
T6,5,1,100,4
T7,6,0,100,2
T8,7,1,104,2
[302]
T1,0,1,200,11
T2,1,1,75,1
T3,2,0,120,3
T4,3,1,186,5
T5,4,0,32,2
T6,5,1,100,2
T7,6,1,45,2
T8,7,1,186,9
[303]
T1,0,1,53,2
T2,1,0,42,2
T3,2,0,132,2
T4,3,0,200,2
T5,4,1,154,2
T6,5,1,175,14
T7,6,1,63,1
T8,7,1,126,4
[304]
T1,0,1,160,6
T2,1,0,33,3
T3,2,1,110,1
T4,3,1,200,2
T5,4,0,23,2
T6,5,1,60,2
T7,6,0,96,1
T8,7,1,184,1
[305]
T1,0,1,90,1
T2,1,1,30,2
T3,2,0,40,2
T4,3,0,100,2
T5,4,0,65,2
T6,5,0,200,5
T7,6,0,190,12
T8,7,1,180,2
[306]
T1,0,1,144,10
T2,1,1,21,2
T3,2,0,168,6
T4,3,1,182,1
T5,4,0,200,2
T6,5,1,41,2
T7,6,0,135,5
T8,7,0,130,1
[307]
T1,0,0,38,2
T2,1,1,144,1
T3,2,1,100,2
T4,3,0,148,2
T5,4,1,175,11
T6,5,1,200,1
T7,6,0,74,1
T8,7,1,20,2
[308]
T1,0,1,161,2
T2,1,0,145,6
T3,2,0,140,2
T4,3,1,28,2
T5,4,0,92,2
T6,5,1,35,1
T7,6,0,200,5
T8,7,1,175,4
[309]
T1,0,1,170,4
T2,1,1,38,2
T3,2,1,175,2
T4,3,1,102,6
T5,4,1,68,2
T6,5,1,144,2
T7,6,0,200,5
T8,7,1,32,1
[310]
T1,0,1,50,2
T2,1,0,171,9
T3,2,0,75,1
T4,3,1,200,11
T5,4,0,49,2
T6,5,0,171,1
T7,6,1,144,3
T8,7,1,128,2
[311]
T1,0,0,170,9
T2,1,1,53,2
T3,2,1,132,5
T4,3,0,80,2
T5,4,1,100,5
T6,5,0,24,2
T7,6,0,176,2
T8,7,0,200,2
[312]
T1,0,1,51,2
T2,1,1,65,5
T3,2,1,42,2
T4,3,1,200,2
T5,4,0,150,1
T6,5,1,156,3
T7,6,0,84,2
T8,7,1,85,2
[313]
T1,0,1,200,2
T2,1,1,20,2
T3,2,0,85,5
T4,3,0,132,2
T5,4,1,45,2
T6,5,0,80,2
T7,6,0,198,5
T8,7,1,198,4
[314]
T1,0,1,60,2
T2,1,0,33,4
T3,2,0,144,2
T4,3,1,156,2
T5,4,1,200,6
T6,5,1,195,2
T7,6,1,30,2
T8,7,1,70,2
[315]
T1,0,0,145,2
T2,1,0,200,1
T3,2,0,165,3
T4,3,1,100,2
T5,4,1,30,1
T6,5,0,180,10
T7,6,0,55,1
T8,7,0,29,2
[316]
T1,0,0,22,2
T2,1,0,176,6
T3,2,0,28,2
T4,3,0,160,1
T5,4,0,84,1
T6,5,1,120,4
T7,6,1,200,2
T8,7,1,56,3
[317]
T1,0,1,44,2
T2,1,1,132,4
T3,2,0,200,2
T4,3,0,168,10
T5,4,0,196,1
T6,5,0,53,2
T7,6,1,120,5
T8,7,0,56,1
[318]
T1,0,0,78,4
T2,1,0,156,15
T3,2,0,26,2
T4,3,0,66,2
T5,4,1,195,2
T6,5,0,200,1
T7,6,1,143,2
T8,7,1,35,2
[319]
T1,0,1,160,8
T2,1,1,176,3
T3,2,1,22,1
T4,3,1,200,4
T5,4,0,121,1
T6,5,1,99,2
T7,6,0,99,2
T8,7,0,31,2
[320]
T1,0,0,150,2
T2,1,1,90,2
T3,2,0,120,1
T4,3,1,88,9
T5,4,0,21,2
T6,5,1,150,2
T7,6,0,200,1
T8,7,0,42,2
[321]
T1,0,1,180,10
T2,1,1,91,1
T3,2,0,34,1
T4,3,0,200,2
T5,4,1,28,2
T6,5,0,135,1
T7,6,1,195,4
T8,7,0,126,3
[322]
T1,0,0,150,7
T2,1,0,56,2
T3,2,1,144,2
T4,3,0,200,1
T5,4,1,44,1
T6,5,1,24,2
T7,6,1,100,1
T8,7,0,154,4
[323]
T1,0,0,152,6
T2,1,0,48,1
T3,2,0,160,3
T4,3,1,29,2
T5,4,1,114,2
T6,5,0,112,1
T7,6,1,56,2
T8,7,1,200,1
[324]
T1,0,1,105,4
T2,1,1,40,1
T3,2,0,112,2
T4,3,1,162,5
T5,4,0,200,1
T6,5,1,175,2
T7,6,1,81,2
T8,7,0,30,2
[325]
T1,0,0,200,2
T2,1,0,174,7
T3,2,1,20,2
T4,3,0,90,2
T5,4,0,90,6
T6,5,0,20,2
T7,6,1,76,2
T8,7,1,152,2
[326]
T1,0,0,200,6
T2,1,0,34,2
T3,2,0,49,2
T4,3,0,105,2
T5,4,0,64,2
T6,5,1,150,3
T7,6,1,170,12
T8,7,1,75,2
[327]
T1,0,1,195,5
T2,1,1,53,2
T3,2,0,200,1
T4,3,1,42,3
T5,4,1,78,2
T6,5,0,136,2
T7,6,1,70,2
T8,7,1,168,9
[328]
T1,0,1,60,1
T2,1,0,162,14
T3,2,1,200,2
T4,3,1,98,2
T5,4,0,52,2
T6,5,0,36,2
T7,6,0,72,1
T8,7,1,189,7
[329]
T1,0,1,60,2
T2,1,0,148,5
T3,2,0,75,2
T4,3,1,148,2
T5,4,0,34,2
T6,5,1,200,16
T7,6,1,42,2
T8,7,0,72,2
[330]
T1,0,1,200,1
T2,1,1,28,2
T3,2,1,175,3
T4,3,1,126,3
T5,4,0,144,3
T6,5,1,20,2
T7,6,0,96,2
T8,7,1,162,1
[331]
T1,0,1,150,10
T2,1,0,112,1
T3,2,1,30,2
T4,3,1,180,8
T5,4,1,63,2
T6,5,0,200,2
T7,6,1,27,2
T8,7,1,99,1
[332]
T1,0,1,60,2
T2,1,1,175,5
T3,2,1,40,1
T4,3,0,200,5
T5,4,1,62,2
T6,5,1,52,2
T7,6,0,160,1
T8,7,0,60,4
[333]
T1,0,0,20,2
T2,1,0,165,2
T3,2,1,128,2
T4,3,0,64,2
T5,4,1,30,1
T6,5,1,64,2
T7,6,0,200,4
T8,7,0,168,4
[334]
T1,0,0,35,2
T2,1,1,200,7
T3,2,0,32,2
T4,3,0,108,2
T5,4,1,90,2
T6,5,1,56,2
T7,6,0,152,5
T8,7,1,150,6
[335]
T1,0,0,88,1
T2,1,1,78,1
T3,2,0,160,11
T4,3,0,165,7
T5,4,1,66,1
T6,5,1,24,2
T7,6,1,200,2
T8,7,0,48,1
[336]
T1,0,0,121,1
T2,1,0,65,1
T3,2,0,200,2
T4,3,0,150,7
T5,4,0,50,2
T6,5,0,65,2
T7,6,0,41,1
T8,7,1,195,3
[337]
T1,0,0,99,1
T2,1,1,144,3
T3,2,1,22,2
T4,3,1,75,1
T5,4,1,189,2
T6,5,1,200,21
T7,6,1,189,2
T8,7,1,32,2
[338]
T1,0,1,80,4
T2,1,1,37,2
T3,2,1,90,1
T4,3,0,99,3
T5,4,0,38,1
T6,5,0,150,3
T7,6,1,180,3
T8,7,0,200,3
[339]
T1,0,1,144,1
T2,1,0,200,6
T3,2,1,80,2
T4,3,0,198,4
T5,4,1,44,2
T6,5,1,30,1
T7,6,1,72,2
T8,7,1,192,4
[340]
T1,0,1,21,2
T2,1,0,38,1
T3,2,0,175,2
T4,3,1,72,2
T5,4,0,63,2
T6,5,1,200,2
T7,6,0,155,9
T8,7,1,105,2
[341]
T1,0,1,22,2
T2,1,0,180,5
T3,2,0,110,6
T4,3,1,95,2
T5,4,1,100,2
T6,5,0,33,2
T7,6,1,180,7
T8,7,1,200,6
[342]
T1,0,0,21,2
T2,1,0,25,2
T3,2,1,175,2
T4,3,0,85,3
T5,4,1,120,6
T6,5,0,170,3
T7,6,0,135,3
T8,7,1,200,2
[343]
T1,0,0,156,2
T2,1,1,200,3
T3,2,1,120,7
T4,3,0,110,3
T5,4,0,65,1
T6,5,0,26,2
T7,6,1,26,1
T8,7,1,168,2
[344]
T1,0,1,168,2
T2,1,0,150,7
T3,2,0,60,3
T4,3,0,70,2
T5,4,1,34,2
T6,5,1,200,1
T7,6,0,48,1
T8,7,0,61,1
[345]
T1,0,0,200,2
T2,1,0,130,7
T3,2,1,46,1
T4,3,0,144,3
T5,4,1,32,2
T6,5,1,180,4
T7,6,0,195,2
T8,7,1,91,2
[346]
T1,0,1,200,1
T2,1,1,49,2
T3,2,0,21,2
T4,3,0,56,3
T5,4,0,91,4
T6,5,0,154,3
T7,6,0,143,4
T8,7,0,168,1
[347]
T1,0,0,112,2
T2,1,0,42,2
T3,2,0,90,2
T4,3,1,200,9
T5,4,0,36,2
T6,5,0,148,2
T7,6,1,148,15
T8,7,0,105,2
[348]
T1,0,0,152,1
T2,1,0,186,2
T3,2,1,44,2
T4,3,1,93,1
T5,4,1,114,2
T6,5,1,57,1
T7,6,1,200,26
T8,7,0,20,2
[349]
T1,0,0,54,4
T2,1,1,99,1
T3,2,1,114,1
T4,3,1,200,3
T5,4,1,150,8
T6,5,0,152,2
T7,6,0,95,2
T8,7,1,24,2
[350]
T1,0,1,200,9
T2,1,1,150,4
T3,2,0,28,2
T4,3,1,69,1
T5,4,1,88,2
T6,5,1,184,11
T7,6,1,36,1
T8,7,0,99,2
[351]
T1,0,1,172,6
T2,1,0,175,2
T3,2,1,29,1
T4,3,0,50,3
T5,4,0,100,1
T6,5,0,86,2
T7,6,0,56,2
T8,7,0,200,2
[352]
T1,0,1,56,1
T2,1,1,24,2
T3,2,1,140,7
T4,3,1,144,4
T5,4,0,37,2
T6,5,0,180,6
T7,6,1,154,2
T8,7,1,200,2
[353]
T1,0,0,195,1
T2,1,0,30,2
T3,2,1,142,2
T4,3,1,42,2
T5,4,0,142,2
T6,5,1,150,10
T7,6,1,200,4
T8,7,0,60,2
[354]
T1,0,0,84,2
T2,1,0,39,2
T3,2,1,111,2
T4,3,0,175,6
T5,4,0,185,2
T6,5,1,144,2
T7,6,1,36,2
T8,7,1,200,17
[355]
T1,0,1,48,2
T2,1,1,200,6
T3,2,1,175,12
T4,3,0,80,3
T5,4,0,69,2
T6,5,0,84,2
T7,6,0,45,2
T8,7,1,161,2
[356]
T1,0,1,200,3
T2,1,1,76,5
T3,2,0,32,1
T4,3,1,20,2
T5,4,1,176,2
T6,5,0,80,2
T7,6,1,190,5
T8,7,1,110,1
[357]
T1,0,0,200,2
T2,1,0,90,1
T3,2,1,183,4
T4,3,1,63,2
T5,4,1,180,4
T6,5,0,40,2
T7,6,0,35,1
T8,7,0,100,2
[358]
T1,0,0,150,6
T2,1,0,200,1
T3,2,1,28,2
T4,3,1,105,4
T5,4,0,168,2
T6,5,1,140,10
T7,6,0,81,2
T8,7,0,50,2
[359]
T1,0,1,112,6
T2,1,0,96,3
T3,2,1,200,2
T4,3,1,150,4
T5,4,1,125,2
T6,5,1,189,5
T7,6,1,20,2
T8,7,1,20,2
[360]
T1,0,1,112,2
T2,1,0,66,2
T3,2,0,22,2
T4,3,1,198,4
T5,4,1,55,3
T6,5,1,198,2
T7,6,1,200,1
T8,7,0,35,2
[361]
T1,0,1,30,2
T2,1,1,24,1
T3,2,1,152,11
T4,3,0,200,3
T5,4,1,148,2
T6,5,1,76,2
T7,6,0,75,2
T8,7,1,57,2
[362]
T1,0,1,88,2
T2,1,0,104,2
T3,2,1,192,5
T4,3,0,150,2
T5,4,1,200,6
T6,5,0,32,2
T7,6,0,78,7
T8,7,0,23,2
[363]
T1,0,1,72,5
T2,1,0,27,2
T3,2,1,180,1
T4,3,1,60,2
T5,4,1,183,2
T6,5,0,200,5
T7,6,1,144,3
T8,7,1,24,1
[364]
T1,0,1,200,10
T2,1,0,38,2
T3,2,1,39,2
T4,3,0,180,8
T5,4,0,180,2
T6,5,1,120,5
T7,6,0,130,3
T8,7,1,62,2
[365]
T1,0,0,200,12
T2,1,1,130,1
T3,2,1,174,8
T4,3,1,174,7
T5,4,1,33,2
T6,5,1,26,2
T7,6,1,72,1
T8,7,0,87,2
[366]
T1,0,1,186,9
T2,1,1,36,2
T3,2,1,180,2
T4,3,1,140,4
T5,4,0,200,8
T6,5,1,50,1
T7,6,1,70,2
T8,7,0,100,3
[367]
T1,0,1,168,5
T2,1,1,150,2
T3,2,0,23,2
T4,3,1,200,2
T5,4,0,25,2
T6,5,0,105,5
T7,6,0,63,2
T8,7,0,62,1
[368]
T1,0,1,72,2
T2,1,0,200,2
T3,2,1,43,1
T4,3,0,57,3
T5,4,1,20,2
T6,5,0,60,2
T7,6,0,152,4
T8,7,1,156,3
[369]
T1,0,0,170,2
T2,1,1,36,1
T3,2,0,160,3
T4,3,0,100,1
T5,4,0,33,1
T6,5,0,64,2
T7,6,1,200,3
T8,7,0,68,2
[370]
T1,0,0,26,2
T2,1,1,200,2
T3,2,1,123,5
T4,3,1,138,4
T5,4,0,164,1
T6,5,1,75,4
T7,6,1,184,2
T8,7,0,23,2
[371]
T1,0,0,30,2
T2,1,0,200,2
T3,2,0,148,3
T4,3,1,74,1
T5,4,0,152,1
T6,5,0,76,2
T7,6,0,45,1
T8,7,1,60,2
[372]
T1,0,0,90,2
T2,1,0,200,5
T3,2,0,176,7
T4,3,0,25,2
T5,4,0,132,9
T6,5,0,60,2
T7,6,0,189,6
T8,7,1,30,2
[373]
T1,0,0,195,8
T2,1,0,200,2
T3,2,1,108,3
T4,3,1,156,8
T5,4,1,26,2
T6,5,0,32,2
T7,6,0,72,2
T8,7,0,54,1
[374]
T1,0,0,47,1
T2,1,0,88,2
T3,2,0,200,1
T4,3,1,68,1
T5,4,0,168,4
T6,5,1,24,2
T7,6,0,84,5
T8,7,1,150,1
[375]
T1,0,0,44,2
T2,1,0,150,5
T3,2,0,132,1
T4,3,1,24,2
T5,4,1,93,2
T6,5,0,132,11
T7,6,1,150,7
T8,7,1,200,2
[376]
T1,0,1,200,5
T2,1,0,84,1
T3,2,0,165,2
T4,3,0,112,10
T5,4,0,35,2
T6,5,1,168,2
T7,6,0,51,2
T8,7,0,100,3
[377]
T1,0,0,165,2
T2,1,0,42,2
T3,2,0,38,2
T4,3,1,175,7
T5,4,1,57,2
T6,5,0,200,9
T7,6,1,60,2
T8,7,1,75,1
[378]
T1,0,0,126,3
T2,1,0,39,1
T3,2,1,105,5
T4,3,1,24,2
T5,4,1,200,2
T6,5,1,161,2
T7,6,0,135,5
T8,7,0,150,1
[379]
T1,0,0,135,5
T2,1,0,105,1
T3,2,0,28,2
T4,3,1,112,1
T5,4,1,195,13
T6,5,1,200,2
T7,6,0,189,5
T8,7,1,54,2
[380]
T1,0,1,110,1
T2,1,0,187,6
T3,2,0,200,6
T4,3,1,36,2
T5,4,0,55,2
T6,5,1,30,2
T7,6,0,187,5
T8,7,1,102,1
[381]
T1,0,0,176,4
T2,1,1,66,4
T3,2,1,72,1
T4,3,1,153,2
T5,4,0,200,10
T6,5,1,33,2
T7,6,1,99,2
T8,7,0,47,2
[382]
T1,0,1,112,5
T2,1,0,144,2
T3,2,1,40,2
T4,3,1,200,7
T5,4,1,190,4
T6,5,1,190,1
T7,6,1,46,1
T8,7,1,56,1
[383]
T1,0,0,42,2
T2,1,1,57,2
T3,2,1,152,4
T4,3,0,50,2
T5,4,0,74,2
T6,5,1,200,10
T7,6,0,150,2
T8,7,1,114,6
[384]
T1,0,0,192,2
T2,1,1,88,1
T3,2,0,25,2
T4,3,0,84,3
T5,4,1,30,1
T6,5,1,175,11
T7,6,1,200,1
T8,7,1,60,2
[385]
T1,0,1,90,1
T2,1,1,24,1
T3,2,0,72,4
T4,3,1,165,2
T5,4,0,34,2
T6,5,1,196,1
T7,6,1,200,4
T8,7,1,99,2
[386]
T1,0,0,95,4
T2,1,0,70,2
T3,2,0,168,3
T4,3,1,200,2
T5,4,0,44,2
T6,5,1,66,1
T7,6,1,30,1
T8,7,0,150,2
[387]
T1,0,1,120,6
T2,1,0,39,2
T3,2,1,78,3
T4,3,1,47,2
T5,4,0,200,4
T6,5,0,156,1
T7,6,1,119,2
T8,7,0,182,3
[388]
T1,0,1,200,3
T2,1,1,77,2
T3,2,1,35,2
T4,3,0,140,4
T5,4,0,51,2
T6,5,1,132,3
T7,6,1,175,12
T8,7,1,165,2
[389]
T1,0,0,170,5
T2,1,1,200,5
T3,2,0,100,2
T4,3,1,24,2
T5,4,1,147,9
T6,5,0,140,7
T7,6,1,170,1
T8,7,1,49,2
[390]
T1,0,0,162,3
T2,1,0,141,2
T3,2,1,94,2
T4,3,1,135,4
T5,4,0,200,2
T6,5,1,180,13
T7,6,1,50,2
T8,7,1,20,2
[391]
T1,0,0,68,1
T2,1,0,150,1
T3,2,0,200,8
T4,3,1,33,2
T5,4,1,68,2
T6,5,1,153,2
T7,6,0,99,1
T8,7,0,51,4
[392]
T1,0,0,85,2
T2,1,1,60,2
T3,2,0,63,2
T4,3,1,160,10
T5,4,1,175,5
T6,5,0,200,1
T7,6,0,28,1
T8,7,1,45,1
[393]
T1,0,0,200,2
T2,1,1,30,2
T3,2,0,150,2
T4,3,1,160,2
T5,4,1,26,2
T6,5,1,112,4
T7,6,1,126,2
T8,7,1,63,7
[394]
T1,0,0,175,10
T2,1,1,70,4
T3,2,1,84,2
T4,3,1,25,2
T5,4,0,192,4
T6,5,0,22,2
T7,6,0,105,1
T8,7,1,200,4
[395]
T1,0,0,42,2
T2,1,1,47,2
T3,2,0,189,3
T4,3,1,60,2
T5,4,0,200,6
T6,5,1,105,2
T7,6,1,95,1
T8,7,1,180,17
[396]
T1,0,0,60,2
T2,1,1,200,3
T3,2,1,48,2
T4,3,1,45,1
T5,4,0,160,4
T6,5,0,65,1
T7,6,0,156,2
T8,7,1,80,2
[397]
T1,0,1,75,4
T2,1,0,168,1
T3,2,1,68,2
T4,3,0,189,2
T5,4,1,22,2
T6,5,0,136,5
T7,6,0,40,1
T8,7,1,200,1
[398]
T1,0,1,140,7
T2,1,0,154,4
T3,2,0,21,2
T4,3,0,200,6
T5,4,1,51,2
T6,5,0,132,1
T7,6,1,165,1
T8,7,0,88,2
[399]
T1,0,0,56,2
T2,1,1,98,2
T3,2,1,24,1
T4,3,0,26,1
T5,4,0,150,2
T6,5,0,161,4
T7,6,0,92,1
T8,7,1,200,4
[400]
T1,0,1,175,2
T2,1,1,88,3
T3,2,0,80,2
T4,3,1,80,2
T5,4,0,176,6
T6,5,0,24,2
T7,6,0,21,2
T8,7,1,200,2
[401]
T1,0,0,27,1
T2,1,1,72,1
T3,2,0,96,2
T4,3,0,200,3
T5,4,0,45,1
T6,5,0,180,1
T7,6,0,104,2
T8,7,1,195,7
[402]
T1,0,1,75,2
T2,1,0,187,2
T3,2,0,160,11
T4,3,1,200,4
T5,4,1,132,2
T6,5,0,132,1
T7,6,1,22,1
T8,7,1,40,2
[403]
T1,0,1,200,5
T2,1,1,80,1
T3,2,0,165,3
T4,3,0,90,2
T5,4,1,56,2
T6,5,0,176,2
T7,6,1,21,2
T8,7,1,43,2
[404]
T1,0,0,200,1
T2,1,1,120,3
T3,2,1,164,2
T4,3,0,23,2
T5,4,1,60,3
T6,5,1,24,2
T7,6,0,198,3
T8,7,0,123,2
[405]
T1,0,0,24,1
T2,1,0,200,3
T3,2,0,160,8
T4,3,0,175,5
T5,4,0,75,1
T6,5,0,21,2
T7,6,1,63,2
T8,7,1,128,2
[406]
T1,0,1,31,2
T2,1,0,32,2
T3,2,1,200,12
T4,3,1,164,8
T5,4,1,82,2
T6,5,0,92,2
T7,6,0,92,2
T8,7,1,184,5
[407]
T1,0,0,45,1
T2,1,0,45,1
T3,2,0,90,2
T4,3,0,90,3
T5,4,0,200,2
T6,5,1,70,3
T7,6,0,176,2
T8,7,1,180,1
[408]
T1,0,0,184,2
T2,1,1,138,3
T3,2,1,176,3
T4,3,0,37,2
T5,4,1,30,2
T6,5,0,200,5
T7,6,0,115,7
T8,7,1,90,2
[409]
T1,0,1,50,2
T2,1,1,39,2
T3,2,0,160,2
T4,3,1,100,1
T5,4,0,130,3
T6,5,1,180,1
T7,6,0,200,14
T8,7,1,135,6
[410]
T1,0,0,135,2
T2,1,1,200,1
T3,2,1,50,1
T4,3,0,44,2
T5,4,1,176,10
T6,5,0,120,2
T7,6,0,176,5
T8,7,1,64,2
[411]
T1,0,1,128,1
T2,1,0,168,4
T3,2,1,28,2
T4,3,1,175,1
T5,4,0,35,2
T6,5,0,112,2
T7,6,0,200,6
T8,7,1,60,2
[412]
T1,0,1,60,2
T2,1,1,200,14
T3,2,0,161,4
T4,3,0,180,5
T5,4,1,25,2
T6,5,0,140,2
T7,6,0,135,5
T8,7,0,44,2
[413]
T1,0,0,175,11
T2,1,0,54,2
T3,2,1,100,6
T4,3,1,50,1
T5,4,1,92,1
T6,5,1,50,2
T7,6,1,168,1
T8,7,0,200,1
[414]
T1,0,1,200,10
T2,1,1,48,1
T3,2,0,53,1
T4,3,0,75,1
T5,4,1,117,2
T6,5,0,108,2
T7,6,0,182,5
T8,7,0,168,3
[415]
T1,0,0,200,8
T2,1,0,160,6
T3,2,1,84,2
T4,3,0,34,2
T5,4,0,21,2
T6,5,0,96,4
T7,6,1,168,1
T8,7,0,95,4
[416]
T1,0,1,64,1
T2,1,0,26,1
T3,2,0,160,2
T4,3,1,192,2
T5,4,0,200,7
T6,5,1,70,1
T7,6,1,112,1
T8,7,1,28,1
[417]
T1,0,1,26,2
T2,1,0,150,5
T3,2,0,195,2
T4,3,0,200,13
T5,4,0,60,1
T6,5,0,27,1
T7,6,0,100,2
T8,7,0,115,2
[418]
T1,0,0,125,1
T2,1,0,162,3
T3,2,1,54,2
T4,3,1,20,2
T5,4,1,180,10
T6,5,1,200,8
T7,6,0,135,1
T8,7,1,34,2
[419]
T1,0,0,38,2
T2,1,1,29,2
T3,2,0,176,7
T4,3,1,116,2
T5,4,0,110,2
T6,5,0,132,2
T7,6,1,200,15
T8,7,1,150,2
[420]
T1,0,1,75,2
T2,1,0,30,2
T3,2,0,192,9
T4,3,0,23,2
T5,4,1,111,1
T6,5,1,90,1
T7,6,1,200,3
T8,7,1,150,2
[421]
T1,0,0,20,2
T2,1,1,195,6
T3,2,0,126,1
T4,3,1,49,2
T5,4,1,180,2
T6,5,0,84,8
T7,6,1,200,2
T8,7,0,84,2
[422]
T1,0,1,198,3
T2,1,1,186,1
T3,2,0,200,2
T4,3,1,88,6
T5,4,0,50,2
T6,5,0,90,2
T7,6,0,24,1
T8,7,1,90,2
[423]
T1,0,1,42,1
T2,1,0,48,2
T3,2,1,180,2
T4,3,0,55,3
T5,4,1,198,3
T6,5,1,147,5
T7,6,1,200,4
T8,7,0,56,2
[424]
T1,0,0,104,2
T2,1,0,156,2
T3,2,1,38,3
T4,3,0,100,2
T5,4,0,63,2
T6,5,0,200,9
T7,6,0,52,1
T8,7,1,175,1
[425]
T1,0,1,150,6
T2,1,0,72,1
T3,2,0,41,1
T4,3,0,192,1
T5,4,1,200,1
T6,5,1,145,2
T7,6,0,50,4
T8,7,1,87,1
[426]
T1,0,0,180,1
T2,1,0,21,1
T3,2,0,54,2
T4,3,1,76,2
T5,4,0,200,6
T6,5,1,38,2
T7,6,0,90,2
T8,7,0,175,1
[427]
T1,0,1,200,2
T2,1,1,72,2
T3,2,1,27,2
T4,3,0,153,1
T5,4,1,72,4
T6,5,0,180,2
T7,6,1,51,2
T8,7,1,125,1
[428]
T1,0,1,64,1
T2,1,1,50,1
T3,2,0,198,1
T4,3,1,90,2
T5,4,1,47,2
T6,5,1,90,6
T7,6,0,160,2
T8,7,0,200,4
[429]
T1,0,0,36,1
T2,1,1,156,6
T3,2,1,200,3
T4,3,1,42,1
T5,4,1,100,2
T6,5,0,156,3
T7,6,1,136,3
T8,7,1,140,3
[430]
T1,0,1,66,2
T2,1,1,180,3
T3,2,0,165,7
T4,3,0,80,2
T5,4,1,40,2
T6,5,1,132,3
T7,6,1,33,2
T8,7,1,200,4
[431]
T1,0,0,34,2
T2,1,0,90,2
T3,2,1,40,2
T4,3,0,186,7
T5,4,1,150,7
T6,5,0,144,1
T7,6,1,144,8
T8,7,0,200,2
[432]
T1,0,0,90,6
T2,1,0,72,1
T3,2,0,180,3
T4,3,1,26,2
T5,4,1,150,4
T6,5,1,53,2
T7,6,1,200,4
T8,7,0,68,1
[433]
T1,0,1,180,14
T2,1,0,135,2
T3,2,1,42,2
T4,3,1,117,2
T5,4,0,200,2
T6,5,0,42,1
T7,6,1,56,2
T8,7,1,180,3
[434]
T1,0,1,188,15
T2,1,0,56,2
T3,2,0,21,2
T4,3,1,72,2
T5,4,0,180,1
T6,5,0,200,4
T7,6,0,126,2
T8,7,0,47,2
[435]
T1,0,1,24,2
T2,1,1,37,2
T3,2,0,66,1
T4,3,0,111,2
T5,4,1,200,2
T6,5,0,66,1
T7,6,0,160,4
T8,7,0,150,12
[436]
T1,0,1,175,6
T2,1,0,171,10
T3,2,1,200,5
T4,3,1,31,2
T5,4,0,90,1
T6,5,0,108,2
T7,6,0,20,2
T8,7,0,70,2
[437]
T1,0,1,98,3
T2,1,0,196,2
T3,2,1,100,1
T4,3,0,23,2
T5,4,0,182,2
T6,5,0,56,2
T7,6,0,200,2
T8,7,0,28,2
[438]
T1,0,0,144,2
T2,1,1,190,6
T3,2,1,176,2
T4,3,0,40,2
T5,4,0,26,2
T6,5,0,200,4
T7,6,0,76,3
T8,7,0,120,8
[439]
T1,0,0,35,2
T2,1,1,150,1
T3,2,1,80,4
T4,3,1,171,2
T5,4,0,95,1
T6,5,0,200,4
T7,6,0,56,2
T8,7,0,24,2
[440]
T1,0,1,132,2
T2,1,1,31,2
T3,2,0,200,2
T4,3,1,20,2
T5,4,1,64,5
T6,5,1,175,4
T7,6,1,192,3
T8,7,0,77,2
[441]
T1,0,1,26,2
T2,1,1,132,6
T3,2,1,64,3
T4,3,1,176,2
T5,4,1,200,9
T6,5,0,54,1
T7,6,1,32,2
T8,7,0,176,2
[442]
T1,0,1,184,1
T2,1,0,65,3
T3,2,1,120,2
T4,3,1,21,2
T5,4,0,30,2
T6,5,0,180,2
T7,6,1,138,8
T8,7,0,200,4
[443]
T1,0,1,60,1
T2,1,1,22,2
T3,2,1,200,5
T4,3,1,148,2
T5,4,1,111,5
T6,5,0,165,6
T7,6,0,55,1
T8,7,0,30,2
[444]
T1,0,0,112,1
T2,1,0,40,2
T3,2,1,105,5
T4,3,0,39,2
T5,4,1,175,6
T6,5,0,116,1
T7,6,0,200,1
T8,7,0,150,7
[445]
T1,0,0,117,4
T2,1,1,81,2
T3,2,1,28,1
T4,3,0,200,2
T5,4,1,78,2
T6,5,0,20,2
T7,6,0,156,2
T8,7,0,180,4
[446]
T1,0,1,85,2
T2,1,1,75,1
T3,2,1,29,1
T4,3,0,100,7
T5,4,1,160,2
T6,5,1,200,2
T7,6,0,180,1
T8,7,1,42,2
[447]
T1,0,0,133,1
T2,1,1,27,2
T3,2,0,175,11
T4,3,1,80,2
T5,4,0,140,2
T6,5,1,36,1
T7,6,0,171,3
T8,7,0,200,5
[448]
T1,0,0,200,9
T2,1,1,120,2
T3,2,0,168,1
T4,3,1,96,2
T5,4,0,160,2
T6,5,1,93,5
T7,6,1,42,2
T8,7,1,25,1
[449]
T1,0,0,30,2
T2,1,0,154,10
T3,2,1,45,2
T4,3,0,200,17
T5,4,0,90,2
T6,5,0,189,2
T7,6,0,100,2
T8,7,1,63,1
[450]
T1,0,0,70,2
T2,1,1,200,4
T3,2,1,24,2
T4,3,0,56,3
T5,4,0,52,1
T6,5,0,70,2
T7,6,0,175,1
T8,7,0,164,2
[451]
T1,0,1,35,1
T2,1,0,148,1
T3,2,1,60,2
T4,3,1,64,2
T5,4,1,200,5
T6,5,1,192,16
T7,6,0,90,1
T8,7,0,30,2
[452]
T1,0,0,34,1
T2,1,0,200,1
T3,2,0,140,1
T4,3,0,185,1
T5,4,1,56,1
T6,5,1,48,2
T7,6,1,63,1
T8,7,1,185,13
[453]
T1,0,0,52,2
T2,1,1,56,3
T3,2,1,200,4
T4,3,0,168,4
T5,4,1,25,2
T6,5,1,196,2
T7,6,0,56,2
T8,7,0,100,2
[454]
T1,0,0,90,5
T2,1,1,38,2
T3,2,0,175,7
T4,3,0,120,2
T5,4,0,200,9
T6,5,1,21,2
T7,6,1,108,2
T8,7,1,150,1
[455]
T1,0,1,160,11
T2,1,0,56,2
T3,2,1,200,2
T4,3,0,90,2
T5,4,1,48,2
T6,5,0,180,1
T7,6,0,102,5
T8,7,0,35,2
[456]
T1,0,1,200,13
T2,1,0,144,2
T3,2,0,156,1
T4,3,1,126,3
T5,4,1,30,1
T6,5,1,160,2
T7,6,1,96,2
T8,7,0,53,2
[457]
T1,0,0,69,6
T2,1,1,47,2
T3,2,0,175,1
T4,3,1,50,1
T5,4,1,100,2
T6,5,0,135,2
T7,6,0,200,5
T8,7,1,175,2
[458]
T1,0,0,175,2
T2,1,1,200,10
T3,2,0,98,1
T4,3,1,40,1
T5,4,1,175,3
T6,5,1,25,2
T7,6,0,83,2
T8,7,0,98,6
[459]
T1,0,1,195,6
T2,1,0,63,1
T3,2,0,45,2
T4,3,1,63,2
T5,4,1,80,2
T6,5,1,182,6
T7,6,1,200,4
T8,7,0,53,1
[460]
T1,0,0,160,4
T2,1,0,172,2
T3,2,1,105,1
T4,3,1,200,1
T5,4,1,56,2
T6,5,0,42,1
T7,6,0,39,2
T8,7,0,56,2
[461]
T1,0,1,195,8
T2,1,0,91,3
T3,2,0,28,2
T4,3,0,154,1
T5,4,0,26,2
T6,5,0,200,2
T7,6,1,84,4
T8,7,0,70,1
[462]
T1,0,0,33,1
T2,1,1,29,2
T3,2,0,168,4
T4,3,1,182,8
T5,4,1,88,2
T6,5,0,55,2
T7,6,0,56,2
T8,7,1,200,2
[463]
T1,0,1,144,2
T2,1,1,50,2
T3,2,0,37,1
T4,3,0,90,3
T5,4,0,195,4
T6,5,0,182,2
T7,6,1,200,4
T8,7,0,144,3
[464]
T1,0,0,200,1
T2,1,0,154,5
T3,2,1,140,6
T4,3,0,150,7
T5,4,1,53,1
T6,5,1,140,2
T7,6,1,55,2
T8,7,1,34,2
[465]
T1,0,0,148,4
T2,1,0,75,1
T3,2,0,200,8
T4,3,1,37,2
T5,4,0,45,2
T6,5,1,62,1
T7,6,1,124,8
T8,7,0,186,1
[466]
T1,0,1,170,2
T2,1,1,170,7
T3,2,1,32,2
T4,3,1,72,2
T5,4,0,200,2
T6,5,1,100,7
T7,6,0,52,2
T8,7,0,120,1
[467]
T1,0,0,54,1
T2,1,0,132,4
T3,2,1,63,2
T4,3,0,25,2
T5,4,1,198,10
T6,5,1,165,2
T7,6,1,200,2
T8,7,0,36,2
[468]
T1,0,1,180,5
T2,1,1,48,1
T3,2,1,104,6
T4,3,0,165,2
T5,4,1,36,2
T6,5,0,88,2
T7,6,0,72,2
T8,7,0,200,2
[469]
T1,0,0,200,2
T2,1,0,189,2
T3,2,0,70,5
T4,3,0,126,5
T5,4,1,20,2
T6,5,0,189,1
T7,6,1,65,1
T8,7,1,29,2
[470]
T1,0,1,189,2
T2,1,0,168,3
T3,2,0,126,6
T4,3,0,45,2
T5,4,1,200,6
T6,5,1,140,8
T7,6,0,65,2
T8,7,1,21,2
[471]
T1,0,1,100,6
T2,1,1,175,2
T3,2,0,200,4
T4,3,1,72,2
T5,4,1,188,4
T6,5,1,43,1
T7,6,0,90,1
T8,7,0,24,2
[472]
T1,0,1,64,3
T2,1,0,35,1
T3,2,0,120,1
T4,3,1,50,2
T5,4,0,188,1
T6,5,0,96,3
T7,6,0,180,3
T8,7,0,200,2
[473]
T1,0,0,200,2
T2,1,1,168,1
T3,2,0,192,16
T4,3,0,100,2
T5,4,0,78,3
T6,5,1,45,2
T7,6,0,48,1
T8,7,0,130,2
[474]
T1,0,0,100,2
T2,1,0,47,2
T3,2,1,108,5
T4,3,0,144,1
T5,4,0,165,3
T6,5,0,200,9
T7,6,0,48,2
T8,7,1,175,8
[475]
T1,0,0,171,2
T2,1,0,175,2
T3,2,0,200,5
T4,3,0,114,4
T5,4,0,20,2
T6,5,0,20,1
T7,6,0,60,1
T8,7,0,56,1
[476]
T1,0,1,58,1
T2,1,1,145,2
T3,2,0,29,2
T4,3,1,150,2
T5,4,0,80,2
T6,5,0,174,17
T7,6,1,200,7
T8,7,1,32,2
[477]
T1,0,1,66,3
T2,1,0,175,2
T3,2,1,187,2
T4,3,1,40,1
T5,4,1,120,4
T6,5,1,50,1
T7,6,1,200,3
T8,7,0,119,1
[478]
T1,0,0,70,2
T2,1,0,200,2
T3,2,0,23,1
T4,3,1,70,2
T5,4,1,171,2
T6,5,0,35,3
T7,6,0,180,2
T8,7,0,54,1
[479]
T1,0,0,200,2
T2,1,1,56,1
T3,2,0,40,1
T4,3,1,114,1
T5,4,0,70,1
T6,5,1,190,6
T7,6,0,27,1
T8,7,0,165,1
[480]
T1,0,0,165,3
T2,1,1,50,2
T3,2,1,175,2
T4,3,1,105,5
T5,4,1,200,2
T6,5,1,143,2
T7,6,1,55,1
T8,7,0,30,2
[481]
T1,0,1,98,6
T2,1,0,55,2
T3,2,1,165,5
T4,3,1,98,2
T5,4,0,200,4
T6,5,1,32,2
T7,6,1,49,2
T8,7,1,198,2
[482]
T1,0,0,65,2
T2,1,0,72,2
T3,2,1,200,2
T4,3,0,26,2
T5,4,1,35,3
T6,5,1,168,7
T7,6,0,90,3
T8,7,1,175,2
[483]
T1,0,0,39,2
T2,1,0,195,4
T3,2,0,200,1
T4,3,1,160,2
T5,4,1,70,3
T6,5,0,51,1
T7,6,1,70,1
T8,7,0,91,2
[484]
T1,0,0,49,4
T2,1,1,24,2
T3,2,0,192,2
T4,3,1,175,2
T5,4,1,64,1
T6,5,0,90,2
T7,6,1,72,2
T8,7,1,200,6
[485]
T1,0,0,175,2
T2,1,1,40,1
T3,2,1,175,6
T4,3,1,200,2
T5,4,1,77,1
T6,5,1,30,2
T7,6,1,54,3
T8,7,1,110,2
[486]
T1,0,0,200,1
T2,1,1,140,1
T3,2,1,161,2
T4,3,1,96,4
T5,4,1,51,2
T6,5,0,32,2
T7,6,1,140,2
T8,7,1,192,6
[487]
T1,0,0,41,1
T2,1,1,72,3
T3,2,0,200,1
T4,3,1,45,2
T5,4,1,99,2
T6,5,1,186,3
T7,6,0,62,1
T8,7,1,155,3
[488]
T1,0,1,200,1
T2,1,0,60,1
T3,2,1,132,2
T4,3,0,189,3
T5,4,0,40,1
T6,5,0,31,1
T7,6,0,168,3
T8,7,1,54,1
[489]
T1,0,1,26,2
T2,1,0,120,5
T3,2,0,200,2
T4,3,0,100,2
T5,4,1,160,1
T6,5,0,116,9
T7,6,1,48,2
T8,7,1,168,1
[490]
T1,0,0,168,4
T2,1,1,70,1
T3,2,0,200,2
T4,3,0,100,6
T5,4,0,48,2
T6,5,1,152,4
T7,6,0,132,2
T8,7,1,20,2
[491]
T1,0,0,22,2
T2,1,0,108,4
T3,2,1,88,2
T4,3,0,180,10
T5,4,0,162,2
T6,5,1,46,2
T7,6,0,66,1
T8,7,1,200,1
[492]
T1,0,1,37,2
T2,1,0,110,1
T3,2,0,148,7
T4,3,1,54,2
T5,4,0,148,3
T6,5,0,200,2
T7,6,1,55,3
T8,7,0,55,2
[493]
T1,0,0,200,3
T2,1,1,95,5
T3,2,0,190,1
T4,3,0,195,2
T5,4,0,50,3
T6,5,0,65,2
T7,6,0,26,2
T8,7,0,78,1
[494]
T1,0,1,75,2
T2,1,0,72,1
T3,2,0,33,2
T4,3,1,195,2
T5,4,1,21,1
T6,5,0,200,2
T7,6,0,65,1
T8,7,0,150,13
[495]
T1,0,1,123,2
T2,1,1,164,6
T3,2,0,45,1
T4,3,1,32,2
T5,4,1,200,4
T6,5,1,144,4
T7,6,1,125,3
T8,7,0,164,2
[496]
T1,0,1,160,4
T2,1,0,200,7
T3,2,0,156,1
T4,3,0,104,1
T5,4,1,20,2
T6,5,1,135,3
T7,6,1,135,4
T8,7,1,41,2
[497]
T1,0,0,183,4
T2,1,1,50,3
T3,2,1,180,2
T4,3,1,60,2
T5,4,0,125,3
T6,5,0,200,11
T7,6,0,20,2
T8,7,1,75,2
[498]
T1,0,0,60,1
T2,1,1,50,2
T3,2,0,64,2
T4,3,0,160,4
T5,4,1,200,7
T6,5,1,176,2
T7,6,1,143,2
T8,7,0,22,1
[499]
T1,0,0,30,2
T2,1,0,132,5
T3,2,0,36,1
T4,3,1,75,2
T5,4,0,195,2
T6,5,0,200,2
T7,6,1,150,2
T8,7,0,117,2
[500]
T1,0,1,180,4
T2,1,0,47,2
T3,2,1,192,1
T4,3,1,200,17
T5,4,1,64,1
T6,5,1,21,2
T7,6,0,128,2
T8,7,1,70,2
