num_task_per_taskset=8
num_taskset=500
//ID,Priority,Offset,Period,Execution Time
[1]
T1,0,0,21,1
T2,1,1,105,1
T3,2,0,126,1
T4,3,0,180,4
T5,4,1,180,1
T6,5,1,200,1
T7,6,0,106,4
T8,7,1,25,2
[2]
T1,0,1,72,2
T2,1,0,63,3
T3,2,1,150,2
T4,3,1,175,3
T5,4,1,200,2
T6,5,1,49,3
T7,6,1,112,2
T8,7,0,46,2
[3]
T1,0,1,96,5
T2,1,1,200,2
T3,2,1,128,2
T4,3,0,105,2
T5,4,0,196,8
T6,5,1,25,2
T7,6,1,160,5
T8,7,0,29,1
[4]
T1,0,1,100,5
T2,1,0,144,3
T3,2,1,180,10
T4,3,1,200,2
T5,4,1,195,4
T6,5,0,33,2
T7,6,1,39,2
T8,7,0,60,2
[5]
T1,0,0,172,6
T2,1,1,200,1
T3,2,1,126,2
T4,3,0,50,3
T5,4,1,172,3
T6,5,1,86,2
T7,6,0,63,2
T8,7,0,46,2
[6]
T1,0,1,200,5
T2,1,0,42,2
T3,2,0,32,1
T4,3,1,55,2
T5,4,0,198,10
T6,5,1,198,2
T7,6,0,75,1
T8,7,0,55,2
[7]
T1,0,1,98,2
T2,1,0,47,2
T3,2,1,168,2
T4,3,0,42,1
T5,4,1,128,5
T6,5,0,200,10
T7,6,1,168,3
T8,7,1,112,1
[8]
T1,0,0,200,3
T2,1,0,144,3
T3,2,0,51,2
T4,3,1,120,1
T5,4,1,153,8
T6,5,0,26,2
T7,6,1,110,1
T8,7,0,150,2
[9]
T1,0,0,180,1
T2,1,1,48,2
T3,2,0,198,4
T4,3,0,110,2
T5,4,1,46,2
T6,5,0,60,6
T7,6,1,200,2
T8,7,1,108,3
[10]
T1,0,1,53,3
T2,1,1,200,2
T3,2,0,20,2
T4,3,1,75,1
T5,4,1,186,1
T6,5,1,175,2
T7,6,0,112,3
T8,7,0,62,3
[11]
T1,0,0,200,1
T2,1,1,36,2
T3,2,1,91,2
T4,3,0,117,2
T5,4,0,182,5
T6,5,0,180,6
T7,6,0,45,4
T8,7,0,105,2
[12]
T1,0,0,156,2
T2,1,0,200,1
T3,2,1,83,2
T4,3,1,75,5
T5,4,1,54,1
T6,5,1,150,6
T7,6,1,25,2
T8,7,0,104,1
[13]
T1,0,0,100,1
T2,1,1,32,2
T3,2,1,200,4
T4,3,1,55,1
T5,4,0,150,2
T6,5,0,20,2
T7,6,0,150,11
T8,7,0,137,3
[14]
T1,0,0,112,1
T2,1,1,91,1
T3,2,0,200,2
T4,3,0,140,2
T5,4,0,45,3
T6,5,1,35,2
T7,6,1,156,10
T8,7,1,160,1
[15]
T1,0,0,154,8
T2,1,1,200,1
T3,2,1,125,4
T4,3,0,77,3
T5,4,0,40,2
T6,5,1,132,1
T7,6,1,22,2
T8,7,0,176,2
[16]
T1,0,1,60,2
T2,1,1,30,2
T3,2,0,190,1
T4,3,1,35,2
T5,4,0,200,8
T6,5,1,189,2
T7,6,0,57,1
T8,7,1,76,1
[17]
T1,0,0,35,1
T2,1,1,170,5
T3,2,1,68,2
T4,3,0,200,8
T5,4,1,196,3
T6,5,0,102,2
T7,6,0,119,4
T8,7,1,44,2
[18]
T1,0,1,200,2
T2,1,1,22,2
T3,2,1,108,4
T4,3,0,94,7
T5,4,1,80,2
T6,5,0,188,2
T7,6,0,47,1
T8,7,0,150,1
[19]
T1,0,1,196,3
T2,1,0,44,2
T3,2,0,20,2
T4,3,1,56,2
T5,4,1,200,2
T6,5,1,58,2
T7,6,1,147,13
T8,7,1,196,4
[20]
T1,0,1,200,2
T2,1,1,120,7
T3,2,1,95,2
T4,3,1,171,3
T5,4,1,175,6
T6,5,1,30,2
T7,6,0,112,1
T8,7,1,37,2
[21]
T1,0,1,57,2
T2,1,1,88,1
T3,2,1,165,9
T4,3,0,150,2
T5,4,1,20,2
T6,5,0,25,1
T7,6,0,55,1
T8,7,0,200,3
[22]
T1,0,0,80,1
T2,1,1,56,2
T3,2,0,87,4
T4,3,0,200,13
T5,4,1,48,2
T6,5,1,29,2
T7,6,1,175,1
T8,7,1,160,4
[23]
T1,0,1,159,6
T2,1,1,40,2
T3,2,0,53,1
T4,3,0,105,2
T5,4,0,200,2
T6,5,1,159,2
T7,6,0,70,5
T8,7,1,126,3
[24]
T1,0,1,24,1
T2,1,1,165,1
T3,2,0,125,2
T4,3,1,200,2
T5,4,1,126,3
T6,5,0,60,1
T7,6,1,41,1
T8,7,0,198,13
[25]
T1,0,0,198,12
T2,1,1,200,5
T3,2,1,78,3
T4,3,1,50,2
T5,4,1,165,6
T6,5,0,132,2
T7,6,0,50,2
T8,7,1,144,2
[26]
T1,0,0,200,2
T2,1,1,92,2
T3,2,1,161,2
T4,3,0,56,1
T5,4,1,161,13
T6,5,0,45,1
T7,6,1,38,2
T8,7,0,115,1
[27]
T1,0,1,47,2
T2,1,1,176,2
T3,2,1,147,2
T4,3,1,147,1
T5,4,0,200,1
T6,5,0,150,14
T7,6,0,77,2
T8,7,1,35,1
[28]
T1,0,0,75,2
T2,1,0,22,2
T3,2,1,35,1
T4,3,1,200,5
T5,4,0,195,9
T6,5,0,80,1
T7,6,0,125,1
T8,7,1,175,2
[29]
T1,0,1,70,2
T2,1,1,196,8
T3,2,0,51,2
T4,3,0,60,2
T5,4,1,105,1
T6,5,1,45,2
T7,6,0,196,3
T8,7,1,200,17
[30]
T1,0,0,90,2
T2,1,0,187,2
T3,2,1,75,2
T4,3,0,46,2
T5,4,1,55,2
T6,5,0,170,3
T7,6,0,200,1
T8,7,0,34,1
[31]
T1,0,1,49,1
T2,1,0,132,1
T3,2,1,168,2
T4,3,1,175,4
T5,4,1,132,4
T6,5,0,64,2
T7,6,0,200,1
T8,7,1,28,1
[32]
T1,0,1,80,1
T2,1,1,200,5
T3,2,1,39,2
T4,3,0,65,2
T5,4,1,32,2
T6,5,1,195,10
T7,6,1,104,7
T8,7,0,160,1
[33]
T1,0,1,35,1
T2,1,1,150,3
T3,2,0,139,2
T4,3,0,60,1
T5,4,0,42,2
T6,5,1,200,2
T7,6,0,100,2
T8,7,0,175,3
[34]
T1,0,0,156,2
T2,1,0,96,2
T3,2,1,100,7
T4,3,1,34,1
T5,4,1,200,1
T6,5,1,96,1
T7,6,0,44,1
T8,7,1,176,1
[35]
T1,0,0,56,2
T2,1,1,70,3
T3,2,0,49,2
T4,3,1,36,2
T5,4,1,189,2
T6,5,0,189,1
T7,6,0,200,11
T8,7,0,99,4
[36]
T1,0,1,160,4
T2,1,0,96,2
T3,2,0,39,1
T4,3,1,21,2
T5,4,0,200,1
T6,5,0,88,3
T7,6,0,165,1
T8,7,1,84,6
[37]
T1,0,1,93,2
T2,1,0,180,1
T3,2,0,36,2
T4,3,1,200,8
T5,4,1,30,2
T6,5,1,155,9
T7,6,0,132,2
T8,7,1,93,1
[38]
T1,0,0,30,1
T2,1,1,175,6
T3,2,1,95,3
T4,3,1,40,2
T5,4,0,190,5
T6,5,0,56,1
T7,6,1,200,1
T8,7,1,147,1
[39]
T1,0,0,38,2
T2,1,0,72,3
T3,2,1,72,2
T4,3,0,20,1
T5,4,1,84,1
T6,5,1,150,2
T7,6,1,200,2
T8,7,1,198,1
[40]
T1,0,0,39,2
T2,1,1,62,2
T3,2,0,45,2
T4,3,0,170,14
T5,4,1,200,2
T6,5,1,155,2
T7,6,0,136,3
T8,7,0,90,4
[41]
T1,0,0,120,2
T2,1,0,63,2
T3,2,1,180,5
T4,3,0,120,1
T5,4,0,30,1
T6,5,1,198,1
T7,6,1,24,2
T8,7,0,200,7
[42]
T1,0,1,176,2
T2,1,0,108,1
T3,2,0,25,2
T4,3,0,49,2
T5,4,1,132,5
T6,5,0,54,2
T7,6,1,168,4
T8,7,1,200,1
[43]
T1,0,1,28,2
T2,1,0,40,3
T3,2,0,200,5
T4,3,0,156,2
T5,4,0,135,2
T6,5,0,182,3
T7,6,1,105,1
T8,7,1,117,1
[44]
T1,0,1,37,1
T2,1,0,192,2
T3,2,0,45,1
T4,3,0,100,5
T5,4,0,172,3
T6,5,0,64,1
T7,6,0,86,3
T8,7,0,200,2
[45]
T1,0,0,90,3
T2,1,0,53,2
T3,2,0,150,2
T4,3,0,135,1
T5,4,0,90,4
T6,5,0,180,6
T7,6,1,200,8
T8,7,0,53,2
[46]
T1,0,1,150,2
T2,1,1,100,2
T3,2,1,25,2
T4,3,0,200,17
T5,4,1,63,2
T6,5,0,37,2
T7,6,0,115,1
T8,7,1,189,2
[47]
T1,0,1,132,1
T2,1,0,34,2
T3,2,0,20,2
T4,3,1,200,10
T5,4,0,168,8
T6,5,1,176,2
T7,6,1,120,3
T8,7,0,80,3
[48]
T1,0,1,42,2
T2,1,0,78,1
T3,2,0,56,1
T4,3,0,28,1
T5,4,0,195,2
T6,5,0,200,2
T7,6,0,160,1
T8,7,1,65,1
[49]
T1,0,0,108,1
T2,1,0,135,2
T3,2,1,36,2
T4,3,0,200,13
T5,4,1,160,2
T6,5,0,162,11
T7,6,1,52,2
T8,7,1,105,2
[50]
T1,0,1,200,1
T2,1,0,195,1
T3,2,1,165,1
T4,3,0,65,1
T5,4,0,31,2
T6,5,0,36,2
T7,6,0,99,7
T8,7,0,108,5
[51]
T1,0,1,187,1
T2,1,1,55,2
T3,2,1,40,2
T4,3,0,84,2
T5,4,0,165,5
T6,5,1,77,4
T7,6,1,200,1
T8,7,1,43,2
[52]
T1,0,1,125,1
T2,1,1,200,2
T3,2,1,20,2
T4,3,0,182,11
T5,4,0,150,6
T6,5,1,56,2
T7,6,0,30,2
T8,7,1,60,2
[53]
T1,0,0,72,2
T2,1,1,20,1
T3,2,1,49,1
T4,3,0,200,3
T5,4,1,114,3
T6,5,0,174,6
T7,6,0,76,2
T8,7,0,174,3
[54]
T1,0,1,39,2
T2,1,1,126,1
T3,2,1,65,2
T4,3,1,189,5
T5,4,0,105,2
T6,5,0,200,4
T7,6,0,182,12
T8,7,0,28,2
[55]
T1,0,0,75,2
T2,1,1,120,2
T3,2,1,180,2
T4,3,1,54,2
T5,4,1,110,1
T6,5,0,150,10
T7,6,0,45,2
T8,7,0,200,8
[56]
T1,0,0,22,2
T2,1,1,200,16
T3,2,1,50,1
T4,3,0,168,3
T5,4,0,72,2
T6,5,1,76,2
T7,6,1,96,2
T8,7,1,152,1
[57]
T1,0,1,200,12
T2,1,1,180,3
T3,2,1,28,2
T4,3,1,44,2
T5,4,1,56,2
T6,5,0,100,1
T7,6,0,96,2
T8,7,0,198,9
[58]
T1,0,1,200,1
T2,1,1,75,2
T3,2,1,21,2
T4,3,0,120,3
T5,4,1,140,2
T6,5,1,182,7
T7,6,0,23,1
T8,7,0,170,2
[59]
T1,0,1,150,1
T2,1,0,72,6
T3,2,1,105,1
T4,3,0,182,2
T5,4,1,200,1
T6,5,0,25,2
T7,6,1,33,2
T8,7,0,56,2
[60]
T1,0,1,200,2
T2,1,0,102,2
T3,2,1,33,2
T4,3,1,187,12
T5,4,1,70,1
T6,5,1,150,1
T7,6,0,50,2
T8,7,1,140,8
[61]
T1,0,0,200,5
T2,1,1,180,1
T3,2,0,28,2
T4,3,1,190,8
T5,4,1,76,5
T6,5,1,56,2
T7,6,1,37,2
T8,7,1,76,1
[62]
T1,0,1,200,4
T2,1,0,84,1
T3,2,0,26,3
T4,3,0,165,2
T5,4,0,112,2
T6,5,0,150,2
T7,6,0,90,2
T8,7,1,27,2
[63]
T1,0,1,198,8
T2,1,1,200,5
T3,2,0,27,2
T4,3,1,40,3
T5,4,0,120,1
T6,5,0,96,2
T7,6,0,176,1
T8,7,1,108,2
[64]
T1,0,1,195,2
T2,1,1,70,6
T3,2,1,30,2
T4,3,1,70,5
T5,4,1,182,2
T6,5,1,200,2
T7,6,0,102,1
T8,7,0,20,2
[65]
T1,0,0,147,3
T2,1,1,196,2
T3,2,1,200,2
T4,3,1,100,2
T5,4,1,105,1
T6,5,0,48,4
T7,6,1,64,2
T8,7,1,28,2
[66]
T1,0,0,40,2
T2,1,0,105,5
T3,2,0,56,1
T4,3,1,75,2
T5,4,0,175,2
T6,5,0,200,1
T7,6,1,40,2
T8,7,0,193,2
[67]
T1,0,1,112,2
T2,1,1,180,18
T3,2,1,60,1
T4,3,0,200,1
T5,4,1,45,2
T6,5,0,192,1
T7,6,1,51,2
T8,7,0,63,1
[68]
T1,0,1,182,14
T2,1,1,30,2
T3,2,0,65,2
T4,3,1,200,2
T5,4,0,168,2
T6,5,0,130,1
T7,6,1,77,2
T8,7,1,48,1
[69]
T1,0,0,32,1
T2,1,1,100,1
T3,2,1,38,2
T4,3,1,180,7
T5,4,1,88,2
T6,5,1,198,6
T7,6,0,200,2
T8,7,1,110,2
[70]
T1,0,1,84,1
T2,1,0,26,2
T3,2,1,30,2
T4,3,0,120,1
T5,4,1,88,2
T6,5,0,180,3
T7,6,0,196,8
T8,7,0,200,2
[71]
T1,0,0,184,5
T2,1,1,47,2
T3,2,0,100,1
T4,3,1,200,3
T5,4,0,30,2
T6,5,1,60,3
T7,6,1,170,2
T8,7,0,92,2
[72]
T1,0,1,200,1
T2,1,0,110,2
T3,2,1,46,2
T4,3,0,78,2
T5,4,1,168,4
T6,5,1,88,1
T7,6,0,26,1
T8,7,1,154,2
[73]
T1,0,0,24,2
T2,1,0,117,2
T3,2,1,180,1
T4,3,0,68,1
T5,4,0,200,14
T6,5,1,65,2
T7,6,1,153,4
T8,7,1,21,2
[74]
T1,0,0,49,2
T2,1,1,200,4
T3,2,0,70,2
T4,3,0,75,1
T5,4,0,162,8
T6,5,1,98,2
T7,6,0,49,2
T8,7,1,147,6
[75]
T1,0,0,46,2
T2,1,1,28,2
T3,2,1,57,2
T4,3,0,190,2
T5,4,1,57,2
T6,5,1,200,8
T7,6,1,63,2
T8,7,0,189,3
[76]
T1,0,0,180,2
T2,1,0,60,2
T3,2,1,92,2
T4,3,1,180,3
T5,4,1,200,4
T6,5,1,22,1
T7,6,1,88,1
T8,7,0,34,2
[77]
T1,0,0,180,2
T2,1,1,192,2
T3,2,1,98,3
T4,3,1,80,2
T5,4,1,200,2
T6,5,1,21,2
T7,6,1,41,4
T8,7,1,75,1
[78]
T1,0,1,27,2
T2,1,1,24,1
T3,2,1,70,2
T4,3,1,156,2
T5,4,1,200,5
T6,5,0,60,1
T7,6,0,180,4
T8,7,1,60,2
[79]
T1,0,1,50,2
T2,1,0,29,2
T3,2,0,200,5
T4,3,0,79,3
T5,4,0,195,6
T6,5,1,156,7
T7,6,0,120,2
T8,7,1,75,2
[80]
T1,0,1,36,2
T2,1,1,168,1
T3,2,0,91,1
T4,3,1,200,11
T5,4,1,98,4
T6,5,1,84,1
T7,6,0,150,7
T8,7,1,24,2
[81]
T1,0,0,168,1
T2,1,1,40,2
T3,2,1,60,2
T4,3,0,126,1
T5,4,1,180,14
T6,5,1,200,1
T7,6,1,130,4
T8,7,1,50,2
[82]
T1,0,0,38,2
T2,1,0,200,1
T3,2,1,112,2
T4,3,0,150,10
T5,4,1,26,2
T6,5,0,189,3
T7,6,1,60,2
T8,7,0,72,2
[83]
T1,0,0,70,2
T2,1,1,184,3
T3,2,0,161,4
T4,3,1,200,2
T5,4,1,80,1
T6,5,1,33,2
T7,6,0,52,4
T8,7,1,104,3
[84]
T1,0,1,132,2
T2,1,1,200,1
T3,2,0,22,2
T4,3,1,195,11
T5,4,1,132,10
T6,5,1,36,2
T7,6,0,156,1
T8,7,0,120,1
[85]
T1,0,0,175,3
T2,1,1,36,2
T3,2,1,200,7
T4,3,1,75,3
T5,4,0,45,2
T6,5,0,104,2
T7,6,0,105,2
T8,7,1,182,9
[86]
T1,0,0,165,2
T2,1,1,168,2
T3,2,1,50,1
T4,3,0,108,2
T5,4,1,24,2
T6,5,0,105,8
T7,6,1,120,5
T8,7,1,200,2
[87]
T1,0,1,78,2
T2,1,1,72,1
T3,2,0,200,2
T4,3,1,53,3
T5,4,1,176,12
T6,5,0,33,2
T7,6,0,150,2
T8,7,1,104,1
[88]
T1,0,1,38,2
T2,1,1,55,2
T3,2,0,160,8
T4,3,0,55,4
T5,4,0,20,2
T6,5,0,80,1
T7,6,1,200,3
T8,7,0,162,2
[89]
T1,0,0,182,3
T2,1,0,140,2
T3,2,1,62,2
T4,3,0,200,1
T5,4,0,20,2
T6,5,1,70,2
T7,6,1,155,14
T8,7,0,27,2
[90]
T1,0,1,190,5
T2,1,1,48,2
T3,2,0,200,3
T4,3,1,48,2
T5,4,0,105,9
T6,5,0,190,2
T7,6,1,70,2
T8,7,0,63,1
[91]
T1,0,0,200,11
T2,1,1,36,2
T3,2,1,56,2
T4,3,0,77,1
T5,4,1,110,2
T6,5,0,175,1
T7,6,1,28,2
T8,7,1,147,7
[92]
T1,0,1,75,1
T2,1,1,150,2
T3,2,1,35,3
T4,3,0,46,2
T5,4,1,116,1
T6,5,1,100,3
T7,6,1,160,2
T8,7,1,200,2
[93]
T1,0,0,200,1
T2,1,1,25,2
T3,2,1,165,2
T4,3,0,132,2
T5,4,0,170,7
T6,5,0,29,2
T7,6,0,125,2
T8,7,0,88,7
[94]
T1,0,0,47,2
T2,1,1,60,1
T3,2,1,55,2
T4,3,0,20,2
T5,4,1,198,2
T6,5,0,200,7
T7,6,0,115,3
T8,7,0,150,8
[95]
T1,0,1,182,5
T2,1,1,189,14
T3,2,0,33,2
T4,3,1,20,2
T5,4,0,200,3
T6,5,1,144,2
T7,6,1,144,5
T8,7,0,130,2
[96]
T1,0,0,126,2
T2,1,1,20,2
T3,2,1,126,3
T4,3,0,200,3
T5,4,1,33,2
T6,5,0,168,7
T7,6,1,112,5
T8,7,1,155,1
[97]
T1,0,1,110,1
T2,1,1,72,2
T3,2,1,148,5
T4,3,1,74,2
T5,4,1,150,1
T6,5,1,33,2
T7,6,0,33,2
T8,7,1,200,5
[98]
T1,0,0,47,1
T2,1,0,150,5
T3,2,1,99,3
T4,3,1,77,1
T5,4,0,150,6
T6,5,1,33,1
T7,6,1,200,1
T8,7,1,98,2
[99]
T1,0,0,32,3
T2,1,0,65,2
T3,2,0,124,7
T4,3,1,200,1
T5,4,1,45,2
T6,5,1,60,2
T7,6,1,186,1
T8,7,1,155,2
[100]
T1,0,1,189,3
T2,1,1,80,1
T3,2,0,125,2
T4,3,0,40,3
T5,4,1,80,1
T6,5,0,150,1
T7,6,0,20,2
T8,7,1,200,2
[101]
T1,0,1,42,1
T2,1,0,130,2
T3,2,1,33,2
T4,3,1,200,15
T5,4,0,150,1
T6,5,1,160,2
T7,6,0,117,2
T8,7,1,120,2
[102]
T1,0,1,180,2
T2,1,1,150,2
T3,2,0,33,2
T4,3,0,200,2
T5,4,1,129,4
T6,5,1,60,2
T7,6,1,46,2
T8,7,0,132,2
[103]
T1,0,1,31,2
T2,1,1,36,1
T3,2,1,155,2
T4,3,1,93,1
T5,4,0,105,2
T6,5,1,200,4
T7,6,0,80,1
T8,7,1,155,4
[104]
T1,0,0,80,2
T2,1,0,162,4
T3,2,0,120,5
T4,3,0,24,2
T5,4,1,37,2
T6,5,0,156,3
T7,6,1,200,6
T8,7,0,100,1
[105]
T1,0,1,196,2
T2,1,0,20,2
T3,2,0,175,10
T4,3,0,60,1
T5,4,0,26,2
T6,5,0,200,5
T7,6,0,105,2
T8,7,1,140,2
[106]
T1,0,1,75,2
T2,1,0,200,2
T3,2,1,90,3
T4,3,1,30,1
T5,4,0,160,2
T6,5,1,128,1
T7,6,0,35,1
T8,7,1,198,4
[107]
T1,0,1,182,11
T2,1,0,56,2
T3,2,1,182,6
T4,3,0,100,1
T5,4,1,200,7
T6,5,1,126,2
T7,6,1,42,2
T8,7,1,35,2
[108]
T1,0,0,37,1
T2,1,0,175,4
T3,2,0,200,1
T4,3,0,100,1
T5,4,0,28,1
T6,5,1,68,1
T7,6,1,196,2
T8,7,1,56,1
[109]
T1,0,1,48,2
T2,1,1,160,9
T3,2,0,200,7
T4,3,1,96,2
T5,4,0,26,2
T6,5,1,177,3
T7,6,1,60,2
T8,7,1,96,2
[110]
T1,0,0,175,1
T2,1,1,64,2
T3,2,1,175,1
T4,3,1,200,11
T5,4,1,96,2
T6,5,1,33,1
T7,6,1,75,2
T8,7,0,36,2
[111]
T1,0,0,84,2
T2,1,0,70,1
T3,2,1,120,2
T4,3,0,160,4
T5,4,0,50,2
T6,5,0,42,2
T7,6,1,200,1
T8,7,0,192,2
[112]
T1,0,0,33,1
T2,1,1,60,2
T3,2,1,80,2
T4,3,1,112,2
T5,4,0,200,2
T6,5,0,192,9
T7,6,0,147,2
T8,7,1,25,1
[113]
T1,0,0,96,2
T2,1,0,168,10
T3,2,1,63,2
T4,3,0,150,1
T5,4,0,52,2
T6,5,0,91,1
T7,6,1,200,3
T8,7,0,42,1
[114]
T1,0,1,168,2
T2,1,1,81,3
T3,2,1,200,3
T4,3,0,140,1
T5,4,0,70,3
T6,5,1,36,2
T7,6,1,160,11
T8,7,1,26,2
[115]
T1,0,1,180,2
T2,1,1,26,2
T3,2,1,168,10
T4,3,0,65,1
T5,4,0,47,1
T6,5,1,200,3
T7,6,0,100,2
T8,7,0,100,2
[116]
T1,0,1,190,3
T2,1,0,165,16
T3,2,1,200,2
T4,3,0,75,2
T5,4,1,57,2
T6,5,0,21,2
T7,6,1,33,2
T8,7,1,114,5
[117]
T1,0,0,140,1
T2,1,1,175,1
T3,2,0,200,7
T4,3,1,70,2
T5,4,1,85,2
T6,5,0,175,2
T7,6,0,41,1
T8,7,1,45,2
[118]
T1,0,1,200,1
T2,1,0,180,4
T3,2,1,120,2
T4,3,1,114,9
T5,4,1,120,2
T6,5,0,38,1
T7,6,0,32,2
T8,7,1,184,7
[119]
T1,0,0,24,2
T2,1,1,200,6
T3,2,1,36,1
T4,3,0,180,2
T5,4,0,117,2
T6,5,0,156,11
T7,6,0,128,5
T8,7,0,104,2
[120]
T1,0,1,150,10
T2,1,1,80,2
T3,2,0,144,9
T4,3,0,200,2
T5,4,1,184,2
T6,5,1,49,1
T7,6,1,24,2
T8,7,0,80,1
[121]
T1,0,1,200,2
T2,1,0,140,1
T3,2,0,36,2
T4,3,1,70,3
T5,4,1,160,6
T6,5,0,163,6
T7,6,1,100,2
T8,7,1,20,2
[122]
T1,0,0,29,2
T2,1,0,70,1
T3,2,0,120,3
T4,3,0,196,2
T5,4,1,200,2
T6,5,0,44,2
T7,6,1,180,18
T8,7,1,99,2
[123]
T1,0,0,164,3
T2,1,0,200,2
T3,2,1,24,2
T4,3,0,92,5
T5,4,0,184,2
T6,5,0,123,3
T7,6,1,75,2
T8,7,1,27,2
[124]
T1,0,1,48,2
T2,1,1,28,1
T3,2,1,200,9
T4,3,1,165,1
T5,4,0,140,3
T6,5,1,56,1
T7,6,0,112,2
T8,7,0,180,2
[125]
T1,0,1,84,2
T2,1,0,25,2
T3,2,1,66,2
T4,3,0,200,2
T5,4,0,48,3
T6,5,0,108,2
T7,6,0,175,5
T8,7,1,165,2
[126]
T1,0,1,180,1
T2,1,1,81,2
T3,2,1,100,4
T4,3,1,72,2
T5,4,1,180,4
T6,5,0,200,9
T7,6,0,21,2
T8,7,1,33,2
[127]
T1,0,0,30,2
T2,1,0,23,2
T3,2,1,132,2
T4,3,0,200,2
T5,4,0,178,11
T6,5,0,178,3
T7,6,1,55,2
T8,7,0,132,5
[128]
T1,0,0,57,2
T2,1,1,76,9
T3,2,0,108,2
T4,3,0,42,2
T5,4,0,175,1
T6,5,1,168,1
T7,6,0,20,2
T8,7,0,200,3
[129]
T1,0,1,200,3
T2,1,1,75,2
T3,2,0,25,2
T4,3,0,114,4
T5,4,1,114,3
T6,5,0,175,6
T7,6,0,36,2
T8,7,1,180,10
[130]
T1,0,0,120,7
T2,1,0,172,7
T3,2,0,84,2
T4,3,0,200,1
T5,4,0,45,2
T6,5,1,105,1
T7,6,0,160,1
T8,7,1,30,1
[131]
T1,0,0,52,2
T2,1,1,174,2
T3,2,0,38,1
T4,3,1,57,2
T5,4,1,90,4
T6,5,0,60,2
T7,6,1,200,12
T8,7,1,152,2
[132]
T1,0,1,30,2
T2,1,0,136,2
T3,2,1,50,2
T4,3,1,156,2
T5,4,0,104,1
T6,5,0,200,1
T7,6,0,153,6
T8,7,0,72,1
[133]
T1,0,0,160,1
T2,1,1,23,2
T3,2,0,101,2
T4,3,0,200,2
T5,4,0,75,1
T6,5,1,32,3
T7,6,0,192,4
T8,7,0,80,1
[134]
T1,0,0,88,1
T2,1,0,77,1
T3,2,0,200,19
T4,3,0,42,2
T5,4,1,150,2
T6,5,0,168,5
T7,6,1,42,2
T8,7,1,80,2
[135]
T1,0,0,66,2
T2,1,0,34,1
T3,2,0,200,2
T4,3,0,192,2
T5,4,0,64,2
T6,5,0,198,2
T7,6,1,96,3
T8,7,1,22,2
[136]
T1,0,0,70,2
T2,1,0,200,14
T3,2,1,128,4
T4,3,1,42,2
T5,4,0,80,2
T6,5,0,189,2
T7,6,1,160,5
T8,7,1,30,2
[137]
T1,0,0,66,2
T2,1,0,140,1
T3,2,1,77,3
T4,3,1,40,2
T5,4,0,36,2
T6,5,1,156,6
T7,6,0,182,4
T8,7,1,200,1
[138]
T1,0,1,22,2
T2,1,1,200,13
T3,2,0,84,2
T4,3,0,192,1
T5,4,1,52,2
T6,5,1,150,7
T7,6,1,140,2
T8,7,1,128,2
[139]
T1,0,1,192,2
T2,1,1,44,2
T3,2,1,128,2
T4,3,0,72,3
T5,4,1,200,4
T6,5,1,135,9
T7,6,1,30,2
T8,7,1,165,4
[140]
T1,0,0,198,12
T2,1,1,130,11
T3,2,0,165,2
T4,3,0,60,2
T5,4,0,200,2
T6,5,0,30,2
T7,6,0,120,2
T8,7,1,27,2
[141]
T1,0,0,34,2
T2,1,0,96,2
T3,2,0,75,3
T4,3,1,76,1
T5,4,1,152,8
T6,5,0,150,1
T7,6,1,200,2
T8,7,1,39,1
[142]
T1,0,1,43,2
T2,1,0,195,3
T3,2,0,200,2
T4,3,1,87,4
T5,4,0,87,4
T6,5,0,25,2
T7,6,1,150,3
T8,7,1,145,3
[143]
T1,0,0,187,4
T2,1,1,48,1
T3,2,1,72,4
T4,3,1,33,2
T5,4,0,200,2
T6,5,1,99,1
T7,6,1,120,3
T8,7,0,187,2
[144]
T1,0,1,75,2
T2,1,1,171,2
T3,2,1,45,2
T4,3,1,168,1
T5,4,0,100,2
T6,5,1,200,2
T7,6,1,75,2
T8,7,0,42,4
[145]
T1,0,0,96,1
T2,1,1,175,2
T3,2,1,200,3
T4,3,1,156,4
T5,4,1,46,2
T6,5,0,28,2
T7,6,1,140,1
T8,7,0,56,2
[146]
T1,0,1,200,16
T2,1,0,104,2
T3,2,0,130,2
T4,3,1,42,2
T5,4,0,23,2
T6,5,1,150,1
T7,6,1,143,2
T8,7,0,156,1
[147]
T1,0,0,88,2
T2,1,0,200,15
T3,2,1,175,2
T4,3,0,99,2
T5,4,0,50,2
T6,5,1,168,11
T7,6,1,112,2
T8,7,0,37,2
[148]
T1,0,1,165,1
T2,1,1,200,2
T3,2,1,150,5
T4,3,0,51,1
T5,4,0,76,2
T6,5,0,95,5
T7,6,0,24,2
T8,7,0,60,2
[149]
T1,0,0,100,1
T2,1,1,160,9
T3,2,1,140,2
T4,3,1,55,2
T5,4,1,33,2
T6,5,1,44,2
T7,6,1,150,4
T8,7,1,200,5
[150]
T1,0,1,150,2
T2,1,1,177,2
T3,2,1,96,2
T4,3,0,200,2
T5,4,0,25,2
T6,5,0,120,7
T7,6,0,140,16
T8,7,1,28,2
[151]
T1,0,1,43,2
T2,1,0,150,2
T3,2,1,200,6
T4,3,1,180,3
T5,4,1,88,3
T6,5,0,90,2
T7,6,0,30,2
T8,7,0,124,7
[152]
T1,0,1,168,2
T2,1,0,22,2
T3,2,1,198,1
T4,3,0,120,5
T5,4,1,144,6
T6,5,0,28,2
T7,6,0,200,6
T8,7,0,99,1
[153]
T1,0,1,39,2
T2,1,1,120,2
T3,2,0,175,7
T4,3,0,100,2
T5,4,1,144,10
T6,5,0,40,1
T7,6,1,200,3
T8,7,1,176,2
[154]
T1,0,1,32,2
T2,1,0,200,17
T3,2,0,22,2
T4,3,1,60,1
T5,4,1,144,5
T6,5,0,168,2
T7,6,0,175,5
T8,7,0,100,2
[155]
T1,0,1,150,2
T2,1,1,117,1
T3,2,1,99,1
T4,3,0,50,1
T5,4,1,54,1
T6,5,1,200,9
T7,6,0,32,2
T8,7,1,180,3
[156]
T1,0,1,176,8
T2,1,0,42,2
T3,2,1,24,2
T4,3,1,135,3
T5,4,1,192,3
T6,5,0,200,7
T7,6,1,96,1
T8,7,0,60,2
[157]
T1,0,1,180,2
T2,1,1,182,4
T3,2,0,60,1
T4,3,1,72,2
T5,4,0,21,2
T6,5,0,105,5
T7,6,1,30,2
T8,7,1,200,14
[158]
T1,0,1,126,1
T2,1,0,180,20
T3,2,1,200,7
T4,3,1,48,2
T5,4,0,185,2
T6,5,0,90,2
T7,6,0,36,2
T8,7,0,70,2
[159]
T1,0,1,35,1
T2,1,0,165,2
T3,2,1,200,5
T4,3,1,60,5
T5,4,1,33,2
T6,5,0,182,1
T7,6,0,65,1
T8,7,0,104,2
[160]
T1,0,1,188,2
T2,1,1,100,3
T3,2,0,47,2
T4,3,1,48,2
T5,4,1,188,2
T6,5,1,200,2
T7,6,1,85,5
T8,7,1,75,2
[161]
T1,0,0,200,2
T2,1,1,56,1
T3,2,0,60,2
T4,3,1,174,2
T5,4,0,105,3
T6,5,1,38,3
T7,6,0,175,3
T8,7,1,30,2
[162]
T1,0,0,110,1
T2,1,0,46,3
T3,2,0,124,1
T4,3,0,155,2
T5,4,1,186,1
T6,5,0,48,1
T7,6,1,200,1
T8,7,0,55,2
[163]
T1,0,1,77,2
T2,1,1,88,1
T3,2,0,40,2
T4,3,1,168,5
T5,4,0,88,2
T6,5,1,200,2
T7,6,1,176,5
T8,7,1,50,1
[164]
T1,0,0,86,2
T2,1,0,30,2
T3,2,0,60,2
T4,3,1,72,2
T5,4,0,180,6
T6,5,1,24,2
T7,6,0,162,2
T8,7,1,200,16
[165]
T1,0,0,182,7
T2,1,0,119,2
T3,2,1,200,2
T4,3,0,80,3
T5,4,1,50,2
T6,5,1,52,2
T7,6,0,130,6
T8,7,1,182,2
[166]
T1,0,0,128,2
T2,1,0,200,14
T3,2,0,41,2
T4,3,1,168,7
T5,4,0,56,2
T6,5,1,192,2
T7,6,0,50,2
T8,7,0,104,1
[167]
T1,0,0,26,2
T2,1,0,192,6
T3,2,0,112,2
T4,3,1,63,2
T5,4,0,128,10
T6,5,1,200,7
T7,6,1,175,2
T8,7,1,42,2
[168]
T1,0,0,20,2
T2,1,1,189,4
T3,2,1,72,1
T4,3,0,165,2
T5,4,1,110,1
T6,5,0,24,1
T7,6,1,200,2
T8,7,0,63,1
[169]
T1,0,0,22,2
T2,1,0,168,3
T3,2,1,200,2
T4,3,1,98,6
T5,4,0,56,1
T6,5,1,49,2
T7,6,0,70,1
T8,7,1,147,4
[170]
T1,0,0,25,2
T2,1,1,170,1
T3,2,0,200,3
T4,3,0,78,1
T5,4,1,156,1
T6,5,0,100,1
T7,6,1,96,8
T8,7,0,43,2
[171]
T1,0,1,150,3
T2,1,1,165,4
T3,2,1,90,3
T4,3,0,93,2
T5,4,0,200,3
T6,5,0,36,2
T7,6,0,55,2
T8,7,1,40,2
[172]
T1,0,0,200,8
T2,1,0,150,7
T3,2,0,100,2
T4,3,1,27,1
T5,4,0,56,2
T6,5,1,165,2
T7,6,1,32,2
T8,7,1,56,1
[173]
T1,0,0,200,1
T2,1,1,104,3
T3,2,1,28,2
T4,3,1,111,2
T5,4,1,74,7
T6,5,1,156,2
T7,6,1,40,2
T8,7,0,150,2
[174]
T1,0,1,38,2
T2,1,1,54,1
T3,2,1,90,2
T4,3,1,153,5
T5,4,1,84,6
T6,5,1,180,2
T7,6,0,200,5
T8,7,1,27,2
[175]
T1,0,1,38,2
T2,1,1,154,2
T3,2,0,144,1
T4,3,1,168,3
T5,4,0,200,13
T6,5,1,54,1
T7,6,1,35,2
T8,7,1,100,4
[176]
T1,0,0,64,2
T2,1,0,192,6
T3,2,1,51,1
T4,3,1,128,2
T5,4,0,153,10
T6,5,1,53,2
T7,6,1,200,7
T8,7,0,80,2
[177]
T1,0,0,99,2
T2,1,1,58,3
T3,2,0,165,2
T4,3,0,165,11
T5,4,1,200,4
T6,5,0,33,2
T7,6,0,100,2
T8,7,0,35,2
[178]
T1,0,1,144,4
T2,1,1,20,2
T3,2,0,165,2
T4,3,1,80,4
T5,4,1,200,9
T6,5,0,156,4
T7,6,0,24,2
T8,7,1,55,2
[179]
T1,0,1,78,1
T2,1,0,195,1
T3,2,1,200,2
T4,3,0,64,1
T5,4,0,34,2
T6,5,0,192,9
T7,6,0,135,4
T8,7,1,48,2
[180]
T1,0,0,200,2
T2,1,1,189,2
T3,2,1,37,2
T4,3,0,180,8
T5,4,0,45,2
T6,5,1,75,2
T7,6,0,108,2
T8,7,1,91,6
[181]
T1,0,1,162,3
T2,1,1,45,2
T3,2,0,48,1
T4,3,0,198,11
T5,4,0,96,2
T6,5,1,100,2
T7,6,1,110,2
T8,7,1,200,2
[182]
T1,0,0,200,17
T2,1,1,130,6
T3,2,1,80,1
T4,3,0,195,1
T5,4,0,52,2
T6,5,1,180,3
T7,6,0,24,2
T8,7,0,112,1
[183]
T1,0,0,39,2
T2,1,0,112,7
T3,2,1,168,2
T4,3,1,192,2
T5,4,1,200,9
T6,5,0,65,1
T7,6,1,60,2
T8,7,1,34,2
[184]
T1,0,0,200,2
T2,1,1,28,2
T3,2,1,156,1
T4,3,1,180,1
T5,4,0,41,1
T6,5,0,78,1
T7,6,0,100,1
T8,7,0,72,2
[185]
T1,0,0,75,1
T2,1,1,160,1
T3,2,0,200,9
T4,3,0,90,2
T5,4,1,49,1
T6,5,0,196,6
T7,6,0,147,6
T8,7,1,44,2
[186]
T1,0,1,65,1
T2,1,0,20,2
T3,2,0,200,5
T4,3,1,196,3
T5,4,0,26,2
T6,5,0,196,2
T7,6,1,100,1
T8,7,0,70,2
[187]
T1,0,1,150,10
T2,1,0,66,2
T3,2,0,150,3
T4,3,0,32,2
T5,4,1,132,6
T6,5,0,200,2
T7,6,0,105,3
T8,7,1,53,2
[188]
T1,0,1,95,2
T2,1,0,170,9
T3,2,1,44,2
T4,3,1,200,6
T5,4,0,80,1
T6,5,0,25,2
T7,6,1,125,4
T8,7,0,190,1
[189]
T1,0,1,45,2
T2,1,0,192,8
T3,2,0,144,8
T4,3,1,80,2
T5,4,0,200,2
T6,5,0,160,3
T7,6,1,21,2
T8,7,0,134,1
[190]
T1,0,0,168,4
T2,1,1,126,10
T3,2,1,140,2
T4,3,0,43,1
T5,4,0,150,3
T6,5,0,200,1
T7,6,0,32,2
T8,7,0,95,2
[191]
T1,0,0,175,10
T2,1,1,176,8
T3,2,0,119,2
T4,3,0,28,2
T5,4,0,80,3
T6,5,0,35,2
T7,6,0,200,1
T8,7,1,119,2
[192]
T1,0,1,81,3
T2,1,0,200,6
T3,2,1,50,2
T4,3,0,177,2
T5,4,0,72,1
T6,5,0,37,2
T7,6,1,100,5
T8,7,0,150,1
[193]
T1,0,1,104,1
T2,1,1,168,14
T3,2,0,21,2
T4,3,0,100,5
T5,4,0,36,2
T6,5,1,63,2
T7,6,1,200,1
T8,7,1,168,1
[194]
T1,0,1,29,2
T2,1,0,33,2
T3,2,0,154,9
T4,3,0,54,2
T5,4,0,200,7
T6,5,1,80,4
T7,6,1,150,3
T8,7,0,132,2
[195]
T1,0,0,32,2
T2,1,1,80,1
T3,2,0,180,2
T4,3,1,200,2
T5,4,1,85,1
T6,5,0,160,2
T7,6,0,64,1
T8,7,1,27,2
[196]
T1,0,1,57,2
T2,1,0,160,4
T3,2,0,168,2
T4,3,1,40,1
T5,4,1,144,9
T6,5,0,80,1
T7,6,0,200,1
T8,7,0,22,2
[197]
T1,0,1,189,4
T2,1,0,105,2
T3,2,0,44,1
T4,3,0,60,2
T5,4,0,144,5
T6,5,0,200,2
T7,6,1,46,2
T8,7,1,189,5
[198]
T1,0,0,29,2
T2,1,0,21,2
T3,2,0,63,4
T4,3,0,175,5
T5,4,1,110,1
T6,5,1,110,3
T7,6,0,200,1
T8,7,1,176,4
[199]
T1,0,0,32,2
T2,1,0,111,7
T3,2,1,148,1
T4,3,0,148,2
T5,4,0,200,4
T6,5,1,50,1
T7,6,0,96,1
T8,7,1,84,4
[200]
T1,0,0,189,12
T2,1,1,200,4
T3,2,1,56,2
T4,3,1,42,2
T5,4,0,84,2
T6,5,1,184,13
T7,6,1,38,2
T8,7,0,108,2
[201]
T1,0,1,70,2
T2,1,0,21,2
T3,2,1,49,2
T4,3,1,180,2
T5,4,1,200,8
T6,5,0,70,2
T7,6,1,189,5
T8,7,1,126,11
[202]
T1,0,0,200,6
T2,1,0,37,2
T3,2,0,150,16
T4,3,1,102,2
T5,4,1,136,1
T6,5,1,57,1
T7,6,0,152,2
T8,7,0,50,2
[203]
T1,0,0,35,1
T2,1,1,27,2
T3,2,0,72,1
T4,3,1,170,12
T5,4,0,200,1
T6,5,0,68,2
T7,6,0,168,2
T8,7,0,135,1
[204]
T1,0,0,78,1
T2,1,0,156,5
T3,2,1,105,2
T4,3,0,34,1
T5,4,0,84,2
T6,5,1,156,1
T7,6,0,24,2
T8,7,0,200,11
[205]
T1,0,0,85,2
T2,1,0,27,2
T3,2,0,200,1
T4,3,0,175,2
T5,4,1,48,1
T6,5,0,84,1
T7,6,1,102,6
T8,7,0,168,6
[206]
T1,0,1,23,2
T2,1,0,200,15
T3,2,0,175,2
T4,3,1,49,2
T5,4,1,120,2
T6,5,0,168,7
T7,6,1,80,2
T8,7,0,84,1
[207]
T1,0,0,168,10
T2,1,0,195,2
T3,2,1,52,2
T4,3,0,120,2
T5,4,0,104,2
T6,5,1,35,2
T7,6,1,136,2
T8,7,0,200,1
[208]
T1,0,1,175,1
T2,1,1,75,3
T3,2,1,66,2
T4,3,0,50,2
T5,4,1,176,1
T6,5,1,200,9
T7,6,0,108,1
T8,7,1,37,2
[209]
T1,0,1,80,2
T2,1,1,165,2
T3,2,0,72,2
T4,3,1,36,2
T5,4,1,130,1
T6,5,1,200,4
T7,6,1,176,13
T8,7,1,20,2
[210]
T1,0,0,160,7
T2,1,0,41,2
T3,2,1,80,6
T4,3,0,150,2
T5,4,1,69,2
T6,5,0,200,4
T7,6,0,69,2
T8,7,1,35,2
[211]
T1,0,0,52,2
T2,1,0,165,2
T3,2,0,65,2
T4,3,1,91,1
T5,4,0,27,2
T6,5,0,200,6
T7,6,1,105,2
T8,7,1,168,11
[212]
T1,0,0,100,2
T2,1,0,40,2
T3,2,0,200,2
T4,3,1,49,2
T5,4,0,168,19
T6,5,0,65,2
T7,6,1,60,1
T8,7,1,175,2
[213]
T1,0,0,45,2
T2,1,0,192,4
T3,2,0,60,2
T4,3,1,57,2
T5,4,1,57,2
T6,5,0,20,2
T7,6,0,180,2
T8,7,1,200,7
[214]
T1,0,0,60,3
T2,1,1,20,2
T3,2,0,72,2
T4,3,1,192,1
T5,4,0,170,2
T6,5,0,200,18
T7,6,0,128,1
T8,7,0,44,2
[215]
T1,0,0,168,6
T2,1,1,96,5
T3,2,0,42,2
T4,3,1,168,2
T5,4,1,126,3
T6,5,1,50,2
T7,6,1,88,2
T8,7,0,200,8
[216]
T1,0,0,50,2
T2,1,0,125,6
T3,2,0,54,2
T4,3,1,60,1
T5,4,0,168,7
T6,5,1,200,2
T7,6,0,168,1
T8,7,0,32,2
[217]
T1,0,1,192,9
T2,1,0,30,1
T3,2,1,156,5
T4,3,0,120,2
T5,4,0,78,2
T6,5,1,200,2
T7,6,0,70,1
T8,7,0,21,2
[218]
T1,0,1,135,1
T2,1,1,168,3
T3,2,0,117,4
T4,3,1,140,2
T5,4,0,46,2
T6,5,1,200,5
T7,6,0,42,2
T8,7,0,182,5
[219]
T1,0,0,92,2
T2,1,0,48,2
T3,2,0,160,7
T4,3,1,132,3
T5,4,1,23,1
T6,5,1,150,2
T7,6,0,200,3
T8,7,1,69,1
[220]
T1,0,0,152,13
T2,1,1,49,2
T3,2,0,152,5
T4,3,0,120,2
T5,4,1,114,2
T6,5,0,200,1
T7,6,0,51,1
T8,7,1,140,2
[221]
T1,0,1,64,2
T2,1,0,51,2
T3,2,0,190,7
T4,3,0,30,2
T5,4,1,70,1
T6,5,1,168,7
T7,6,0,75,2
T8,7,1,200,7
[222]
T1,0,0,160,1
T2,1,1,200,2
T3,2,0,49,2
T4,3,0,150,7
T5,4,1,72,2
T6,5,1,129,2
T7,6,0,48,2
T8,7,1,80,1
[223]
T1,0,0,110,2
T2,1,0,60,2
T3,2,1,55,2
T4,3,1,49,1
T5,4,1,48,1
T6,5,1,168,7
T7,6,0,165,7
T8,7,0,200,8
[224]
T1,0,1,38,2
T2,1,0,156,1
T3,2,1,100,2
T4,3,1,150,4
T5,4,0,80,2
T6,5,0,200,2
T7,6,1,99,3
T8,7,1,24,1
[225]
T1,0,1,200,4
T2,1,0,198,6
T3,2,1,171,3
T4,3,0,100,3
T5,4,1,46,1
T6,5,0,120,6
T7,6,0,100,1
T8,7,0,50,2
[226]
T1,0,0,200,1
T2,1,1,120,2
T3,2,0,29,2
T4,3,0,175,2
T5,4,0,108,2
T6,5,1,150,2
T7,6,1,68,5
T8,7,0,35,2
[227]
T1,0,0,150,2
T2,1,0,45,1
T3,2,1,100,4
T4,3,1,105,2
T5,4,0,140,7
T6,5,1,200,10
T7,6,0,177,2
T8,7,0,20,2
[228]
T1,0,0,60,1
T2,1,0,156,2
T3,2,0,82,4
T4,3,1,44,1
T5,4,0,200,4
T6,5,0,80,2
T7,6,1,156,2
T8,7,0,26,2
[229]
T1,0,0,75,2
T2,1,1,200,1
T3,2,0,112,1
T4,3,0,25,2
T5,4,0,102,3
T6,5,1,24,1
T7,6,0,170,5
T8,7,0,150,2
[230]
T1,0,1,200,3
T2,1,0,36,2
T3,2,0,150,2
T4,3,0,175,6
T5,4,0,65,2
T6,5,1,42,3
T7,6,1,65,1
T8,7,1,64,1
[231]
T1,0,1,154,3
T2,1,1,63,1
T3,2,1,154,1
T4,3,1,84,3
T5,4,1,84,1
T6,5,0,30,2
T7,6,1,26,2
T8,7,0,200,6
[232]
T1,0,0,189,16
T2,1,1,60,2
T3,2,0,147,2
T4,3,0,60,2
T5,4,1,200,2
T6,5,1,28,2
T7,6,0,42,1
T8,7,0,175,1
[233]
T1,0,0,51,2
T2,1,0,195,3
T3,2,0,200,3
T4,3,0,144,1
T5,4,0,80,2
T6,5,1,104,2
T7,6,0,189,2
T8,7,1,39,4
[234]
T1,0,0,200,5
T2,1,0,45,2
T3,2,1,56,2
T4,3,0,176,2
T5,4,1,105,3
T6,5,0,189,1
T7,6,0,33,1
T8,7,1,70,1
[235]
T1,0,0,120,1
T2,1,0,150,2
T3,2,1,90,2
T4,3,1,45,2
T5,4,0,200,4
T6,5,0,95,8
T7,6,1,150,8
T8,7,1,37,2
[236]
T1,0,0,96,3
T2,1,1,23,2
T3,2,1,150,2
T4,3,1,176,7
T5,4,1,120,2
T6,5,1,200,4
T7,6,1,75,2
T8,7,0,22,2
[237]
T1,0,1,175,2
T2,1,1,117,1
T3,2,0,126,3
T4,3,0,21,2
T5,4,0,182,8
T6,5,0,33,1
T7,6,0,200,1
T8,7,1,135,8
[238]
T1,0,0,200,3
T2,1,0,48,1
T3,2,1,63,2
T4,3,0,144,7
T5,4,0,37,2
T6,5,0,150,10
T7,6,0,81,2
T8,7,1,150,1
[239]
T1,0,0,46,2
T2,1,1,180,8
T3,2,0,31,2
T4,3,0,180,2
T5,4,1,75,2
T6,5,1,69,1
T7,6,1,69,2
T8,7,1,200,2
[240]
T1,0,0,200,2
T2,1,0,20,2
T3,2,0,110,2
T4,3,0,150,11
T5,4,1,198,1
T6,5,1,62,1
T7,6,0,93,2
T8,7,1,44,2
[241]
T1,0,0,135,4
T2,1,0,135,2
T3,2,0,90,1
T4,3,1,200,2
T5,4,1,150,1
T6,5,1,40,2
T7,6,0,36,1
T8,7,1,175,1
[242]
T1,0,0,44,1
T2,1,1,200,11
T3,2,0,20,2
T4,3,1,150,3
T5,4,0,75,2
T6,5,1,70,4
T7,6,0,82,2
T8,7,1,150,2
[243]
T1,0,1,60,2
T2,1,1,104,2
T3,2,1,150,7
T4,3,0,200,9
T5,4,1,75,2
T6,5,0,46,2
T7,6,0,178,4
T8,7,1,20,2
[244]
T1,0,1,176,3
T2,1,1,60,2
T3,2,0,69,2
T4,3,0,24,2
T5,4,1,200,12
T6,5,0,184,3
T7,6,0,92,2
T8,7,0,33,2
[245]
T1,0,1,168,2
T2,1,0,105,1
T3,2,0,190,5
T4,3,1,125,3
T5,4,1,40,2
T6,5,0,200,11
T7,6,1,120,2
T8,7,0,41,1
[246]
T1,0,0,29,2
T2,1,0,80,1
T3,2,1,130,2
T4,3,0,30,2
T5,4,1,153,2
T6,5,1,200,26
T7,6,0,60,2
T8,7,1,180,2
[247]
T1,0,0,84,2
T2,1,1,46,2
T3,2,0,144,1
T4,3,1,84,1
T5,4,0,200,6
T6,5,1,20,2
T7,6,0,175,11
T8,7,1,155,9
[248]
T1,0,1,75,3
T2,1,1,200,1
T3,2,1,99,4
T4,3,0,180,2
T5,4,1,44,2
T6,5,1,186,3
T7,6,1,54,2
T8,7,0,60,1
[249]
T1,0,0,200,4
T2,1,1,28,2
T3,2,0,168,4
T4,3,1,40,2
T5,4,0,114,3
T6,5,1,132,4
T7,6,0,77,2
T8,7,1,150,6
[250]
T1,0,1,80,1
T2,1,1,189,5
T3,2,0,198,9
T4,3,0,105,2
T5,4,0,22,2
T6,5,0,200,5
T7,6,1,84,2
T8,7,1,36,2
[251]
T1,0,1,35,1
T2,1,1,56,2
T3,2,1,150,6
T4,3,1,105,2
T5,4,0,147,8
T6,5,0,150,2
T7,6,1,48,2
T8,7,1,200,1
[252]
T1,0,1,114,1
T2,1,1,176,2
T3,2,0,110,2
T4,3,1,90,1
T5,4,1,25,1
T6,5,0,200,2
T7,6,0,171,12
T8,7,0,50,1
[253]
T1,0,0,77,2
T2,1,0,180,8
T3,2,0,38,2
T4,3,1,168,2
T5,4,1,36,2
T6,5,1,55,4
T7,6,0,66,2
T8,7,1,200,1
[254]
T1,0,1,175,4
T2,1,1,60,2
T3,2,1,40,2
T4,3,0,60,2
T5,4,1,125,1
T6,5,1,161,6
T7,6,1,200,1
T8,7,1,36,2
[255]
T1,0,0,47,1
T2,1,1,200,5
T3,2,0,100,2
T4,3,1,147,1
T5,4,1,196,14
T6,5,1,136,1
T7,6,0,102,3
T8,7,0,24,2
[256]
T1,0,0,168,3
T2,1,0,150,2
T3,2,0,70,2
T4,3,1,28,1
T5,4,0,84,3
T6,5,0,200,4
T7,6,0,139,5
T8,7,1,20,2
[257]
T1,0,0,96,1
T2,1,0,32,1
T3,2,1,152,4
T4,3,1,100,1
T5,4,1,152,2
T6,5,1,38,1
T7,6,1,200,13
T8,7,0,84,2
[258]
T1,0,0,112,3
T2,1,1,175,4
T3,2,0,98,1
T4,3,0,35,2
T5,4,1,200,6
T6,5,1,182,2
T7,6,0,25,1
T8,7,1,120,2
[259]
T1,0,1,108,2
T2,1,1,200,4
T3,2,1,24,2
T4,3,0,25,2
T5,4,1,132,12
T6,5,0,195,1
T7,6,0,195,3
T8,7,0,75,1
[260]
T1,0,0,51,2
T2,1,1,33,1
T3,2,0,176,14
T4,3,1,102,2
T5,4,0,100,2
T6,5,1,200,3
T7,6,1,165,3
T8,7,0,80,2
[261]
T1,0,1,200,2
T2,1,0,64,1
T3,2,1,192,2
T4,3,1,135,1
T5,4,1,33,1
T6,5,1,88,2
T7,6,0,180,2
T8,7,1,48,4
[262]
T1,0,0,112,10
T2,1,0,57,2
T3,2,1,36,2
T4,3,0,200,6
T5,4,0,95,2
T6,5,0,152,2
T7,6,1,190,2
T8,7,1,21,2
[263]
T1,0,1,180,2
T2,1,1,156,2
T3,2,1,143,3
T4,3,1,200,2
T5,4,1,144,2
T6,5,1,23,2
T7,6,1,39,4
T8,7,0,143,1
[264]
T1,0,1,200,9
T2,1,1,60,2
T3,2,1,140,2
T4,3,1,171,2
T5,4,1,41,1
T6,5,1,190,6
T7,6,0,28,2
T8,7,0,135,2
[265]
T1,0,1,120,2
T2,1,1,176,12
T3,2,0,104,2
T4,3,1,40,2
T5,4,1,34,1
T6,5,0,64,1
T7,6,0,160,2
T8,7,0,200,1
[266]
T1,0,1,170,8
T2,1,1,68,2
T3,2,0,44,2
T4,3,1,45,1
T5,4,0,200,3
T6,5,0,72,2
T7,6,1,144,2
T8,7,0,198,6
[267]
T1,0,0,144,1
T2,1,0,39,2
T3,2,0,96,3
T4,3,1,50,1
T5,4,1,150,10
T6,5,1,200,2
T7,6,1,195,2
T8,7,0,90,3
[268]
T1,0,0,56,1
T2,1,1,85,2
T3,2,0,189,6
T4,3,1,36,2
T5,4,1,200,5
T6,5,0,49,1
T7,6,1,105,4
T8,7,1,168,2
[269]
T1,0,0,90,6
T2,1,1,98,2
T3,2,0,189,8
T4,3,0,50,2
T5,4,1,63,2
T6,5,1,175,4
T7,6,0,200,1
T8,7,0,45,2
[270]
T1,0,1,150,5
T2,1,1,45,1
T3,2,1,135,2
T4,3,0,135,2
T5,4,0,85,1
T6,5,1,192,15
T7,6,0,200,3
T8,7,0,31,2
[271]
T1,0,0,164,13
T2,1,1,82,2
T3,2,1,200,11
T4,3,0,120,1
T5,4,1,22,2
T6,5,1,176,2
T7,6,0,75,2
T8,7,1,20,2
[272]
T1,0,1,92,1
T2,1,0,115,1
T3,2,1,81,1
T4,3,1,40,2
T5,4,1,49,3
T6,5,0,150,2
T7,6,1,200,2
T8,7,0,150,1
[273]
T1,0,1,140,2
T2,1,1,195,2
T3,2,1,150,3
T4,3,0,66,2
T5,4,1,60,6
T6,5,0,200,3
T7,6,0,24,2
T8,7,1,37,2
[274]
T1,0,0,200,6
T2,1,1,27,1
T3,2,1,184,1
T4,3,1,140,3
T5,4,1,105,1
T6,5,1,23,2
T7,6,1,150,6
T8,7,1,90,1
[275]
T1,0,0,188,2
T2,1,1,180,3
T3,2,0,24,2
T4,3,0,200,10
T5,4,1,144,2
T6,5,0,90,5
T7,6,1,141,2
T8,7,1,33,2
[276]
T1,0,1,24,2
T2,1,1,63,3
T3,2,0,182,5
T4,3,0,24,2
T5,4,0,105,2
T6,5,0,144,4
T7,6,0,150,2
T8,7,0,200,2
[277]
T1,0,1,100,2
T2,1,1,33,2
T3,2,1,104,2
T4,3,1,165,2
T5,4,0,180,10
T6,5,0,200,9
T7,6,0,100,2
T8,7,1,23,2
[278]
T1,0,1,56,1
T2,1,0,21,2
T3,2,1,175,4
T4,3,1,188,2
T5,4,0,72,3
T6,5,1,56,2
T7,6,0,200,2
T8,7,0,41,2
[279]
T1,0,0,85,5
T2,1,0,185,4
T3,2,1,74,2
T4,3,1,85,2
T5,4,1,40,1
T6,5,0,160,1
T7,6,0,53,2
T8,7,0,200,4
[280]
T1,0,0,108,2
T2,1,0,96,7
T3,2,0,190,2
T4,3,1,52,1
T5,4,1,72,2
T6,5,1,200,6
T7,6,1,152,2
T8,7,0,48,1
[281]
T1,0,1,55,2
T2,1,0,25,2
T3,2,0,75,2
T4,3,1,200,4
T5,4,1,28,2
T6,5,0,66,1
T7,6,0,174,9
T8,7,1,150,2
[282]
T1,0,0,40,2
T2,1,1,200,12
T3,2,1,190,8
T4,3,0,24,2
T5,4,0,120,2
T6,5,1,105,2
T7,6,1,168,1
T8,7,1,112,1
[283]
T1,0,1,52,2
T2,1,1,150,6
T3,2,0,104,2
T4,3,1,104,3
T5,4,0,60,2
T6,5,1,200,9
T7,6,1,44,2
T8,7,0,169,2
[284]
T1,0,1,21,2
T2,1,0,40,2
T3,2,1,117,2
T4,3,0,156,10
T5,4,0,189,10
T6,5,0,90,2
T7,6,0,56,2
T8,7,0,200,5
[285]
T1,0,1,162,1
T2,1,0,84,1
T3,2,0,105,4
T4,3,1,36,2
T5,4,1,120,4
T6,5,0,200,9
T7,6,0,35,2
T8,7,0,162,1
[286]
T1,0,0,40,3
T2,1,0,118,2
T3,2,1,84,2
T4,3,0,200,1
T5,4,1,90,1
T6,5,1,20,2
T7,6,1,177,6
T8,7,1,150,2
[287]
T1,0,0,30,2
T2,1,1,26,2
T3,2,1,112,1
T4,3,0,175,7
T5,4,1,112,1
T6,5,0,60,1
T7,6,0,172,1
T8,7,0,200,2
[288]
T1,0,0,150,2
T2,1,1,54,1
T3,2,1,140,8
T4,3,1,200,9
T5,4,0,168,2
T6,5,1,132,1
T7,6,0,22,2
T8,7,1,49,1
[289]
T1,0,0,200,4
T2,1,0,165,10
T3,2,1,41,2
T4,3,0,110,7
T5,4,0,114,1
T6,5,1,75,1
T7,6,0,165,2
T8,7,0,48,1
[290]
T1,0,1,200,1
T2,1,1,70,2
T3,2,1,126,2
T4,3,1,20,2
T5,4,1,183,10
T6,5,1,120,3
T7,6,0,41,2
T8,7,0,175,1
[291]
T1,0,0,91,2
T2,1,1,200,6
T3,2,0,28,2
T4,3,0,65,1
T5,4,1,125,9
T6,5,1,180,2
T7,6,0,156,4
T8,7,1,43,2
[292]
T1,0,0,180,1
T2,1,1,36,2
T3,2,0,180,7
T4,3,0,200,2
T5,4,0,38,2
T6,5,0,95,3
T7,6,0,87,3
T8,7,1,114,5
[293]
T1,0,1,33,2
T2,1,0,165,4
T3,2,0,28,2
T4,3,0,80,1
T5,4,1,60,2
T6,5,0,200,1
T7,6,1,125,1
T8,7,1,154,4
[294]
T1,0,1,200,7
T2,1,1,64,2
T3,2,0,120,1
T4,3,1,159,5
T5,4,1,20,2
T6,5,0,180,5
T7,6,0,29,2
T8,7,1,90,2
[295]
T1,0,1,104,3
T2,1,1,128,5
T3,2,1,64,3
T4,3,0,20,2
T5,4,0,42,2
T6,5,0,195,2
T7,6,0,150,2
T8,7,0,200,6
[296]
T1,0,1,55,3
T2,1,0,150,2
T3,2,0,80,2
T4,3,0,200,5
T5,4,1,160,5
T6,5,1,25,2
T7,6,1,88,2
T8,7,0,33,2
[297]
T1,0,0,80,1
T2,1,1,160,3
T3,2,1,100,2
T4,3,0,25,2
T5,4,0,200,1
T6,5,0,192,2
T7,6,0,49,3
T8,7,0,72,2
[298]
T1,0,0,200,7
T2,1,1,156,1
T3,2,1,195,1
T4,3,0,35,2
T5,4,0,104,2
T6,5,1,47,1
T7,6,0,135,6
T8,7,0,84,1
[299]
T1,0,0,91,2
T2,1,1,168,1
T3,2,1,168,2
T4,3,1,50,2
T5,4,0,64,2
T6,5,0,64,2
T7,6,1,50,2
T8,7,1,200,20
[300]
T1,0,0,49,2
T2,1,0,56,1
T3,2,0,200,2
T4,3,1,195,2
T5,4,0,60,1
T6,5,0,65,2
T7,6,0,156,5
T8,7,1,54,2
[301]
T1,0,1,126,2
T2,1,1,108,10
T3,2,0,168,2
T4,3,1,95,2
T5,4,1,175,4
T6,5,1,200,3
T7,6,1,27,2
T8,7,1,42,2
[302]
T1,0,0,75,1
T2,1,1,21,2
T3,2,0,20,2
T4,3,1,150,2
T5,4,0,138,1
T6,5,1,198,2
T7,6,0,69,1
T8,7,0,200,21
[303]
T1,0,1,125,1
T2,1,1,176,5
T3,2,0,200,5
T4,3,0,165,1
T5,4,1,108,1
T6,5,1,20,1
T7,6,0,45,2
T8,7,0,54,2
[304]
T1,0,0,45,2
T2,1,1,150,5
T3,2,1,100,2
T4,3,0,162,3
T5,4,1,21,1
T6,5,0,75,4
T7,6,0,87,2
T8,7,1,200,2
[305]
T1,0,0,70,6
T2,1,0,39,2
T3,2,0,200,1
T4,3,0,150,7
T5,4,0,60,2
T6,5,1,28,2
T7,6,1,152,2
T8,7,0,77,2
[306]
T1,0,0,108,5
T2,1,0,150,6
T3,2,0,159,2
T4,3,0,120,3
T5,4,0,25,2
T6,5,0,50,2
T7,6,0,200,10
T8,7,0,106,2
[307]
T1,0,0,192,4
T2,1,0,80,2
T3,2,0,34,2
T4,3,0,45,2
T5,4,0,66,1
T6,5,0,200,5
T7,6,1,180,9
T8,7,1,99,2
[308]
T1,0,1,81,3
T2,1,0,54,1
T3,2,1,200,4
T4,3,1,168,2
T5,4,1,51,1
T6,5,1,21,2
T7,6,0,54,2
T8,7,0,180,2
[309]
T1,0,0,117,3
T2,1,0,171,2
T3,2,0,26,1
T4,3,1,21,2
T5,4,1,80,5
T6,5,1,200,1
T7,6,0,120,3
T8,7,0,150,1
[310]
T1,0,0,192,4
T2,1,1,88,2
T3,2,1,88,1
T4,3,1,176,5
T5,4,1,200,4
T6,5,0,48,1
T7,6,0,33,1
T8,7,1,70,1
[311]
T1,0,1,189,2
T2,1,0,25,2
T3,2,0,150,3
T4,3,0,200,15
T5,4,1,55,2
T6,5,1,110,4
T7,6,1,27,1
T8,7,0,120,2
[312]
T1,0,1,50,2
T2,1,0,180,5
T3,2,1,96,2
T4,3,1,108,2
T5,4,0,162,2
T6,5,1,65,1
T7,6,0,200,9
T8,7,1,52,2
[313]
T1,0,1,42,1
T2,1,0,168,2
T3,2,0,106,6
T4,3,0,49,2
T5,4,0,75,1
T6,5,0,200,4
T7,6,1,159,7
T8,7,1,106,2
[314]
T1,0,0,96,2
T2,1,0,21,2
T3,2,0,140,3
T4,3,1,168,3
T5,4,1,48,2
T6,5,1,200,4
T7,6,1,68,2
T8,7,0,180,12
[315]
T1,0,1,56,3
T2,1,1,100,2
T3,2,1,63,2
T4,3,1,37,1
T5,4,1,180,2
T6,5,1,40,2
T7,6,0,152,3
T8,7,1,200,11
[316]
T1,0,1,124,4
T2,1,1,43,2
T3,2,0,200,9
T4,3,0,150,1
T5,4,1,93,3
T6,5,1,32,2
T7,6,1,88,3
T8,7,0,176,1
[317]
T1,0,0,160,7
T2,1,0,28,1
T3,2,1,171,3
T4,3,1,20,2
T5,4,0,200,1
T6,5,1,63,1
T7,6,0,112,2
T8,7,0,63,2
[318]
T1,0,0,165,9
T2,1,1,175,1
T3,2,1,108,1
T4,3,1,100,4
T5,4,0,99,2
T6,5,0,36,2
T7,6,1,30,2
T8,7,1,200,7
[319]
T1,0,1,200,14
T2,1,0,80,2
T3,2,0,150,1
T4,3,1,80,3
T5,4,1,161,1
T6,5,1,140,2
T7,6,0,30,2
T8,7,1,31,2
[320]
T1,0,0,102,2
T2,1,0,32,1
T3,2,1,176,2
T4,3,1,80,2
T5,4,1,200,3
T6,5,0,132,2
T7,6,1,165,9
T8,7,0,53,2
[321]
T1,0,0,60,2
T2,1,1,180,2
T3,2,0,160,2
T4,3,1,90,5
T5,4,0,200,2
T6,5,1,96,4
T7,6,1,44,1
T8,7,1,23,2
[322]
T1,0,0,124,1
T2,1,0,60,2
T3,2,1,62,2
T4,3,0,175,3
T5,4,1,39,2
T6,5,1,200,10
T7,6,0,186,2
T8,7,0,30,2
[323]
T1,0,0,64,2
T2,1,1,200,1
T3,2,1,180,16
T4,3,1,180,6
T5,4,1,22,2
T6,5,0,140,7
T7,6,1,63,2
T8,7,0,20,2
[324]
T1,0,1,154,2
T2,1,1,21,2
T3,2,0,36,1
T4,3,0,60,2
T5,4,1,105,2
T6,5,1,200,3
T7,6,0,180,2
T8,7,1,132,4
[325]
T1,0,0,165,2
T2,1,0,56,2
T3,2,0,200,4
T4,3,1,108,4
T5,4,0,25,1
T6,5,1,144,4
T7,6,0,35,2
T8,7,0,175,2
[326]
T1,0,0,156,1
T2,1,1,200,6
T3,2,0,77,2
T4,3,1,65,2
T5,4,1,182,2
T6,5,0,132,1
T7,6,0,42,4
T8,7,0,30,2
[327]
T1,0,1,76,2
T2,1,0,152,1
T3,2,1,160,8
T4,3,1,200,1
T5,4,0,80,2
T6,5,1,65,2
T7,6,1,20,2
T8,7,1,40,3
[328]
T1,0,0,20,2
T2,1,0,88,2
T3,2,1,200,3
T4,3,0,141,2
T5,4,1,180,11
T6,5,1,198,2
T7,6,0,55,2
T8,7,1,32,2
[329]
T1,0,0,150,2
T2,1,1,180,5
T3,2,1,92,2
T4,3,0,28,2
T5,4,0,47,1
T6,5,1,200,2
T7,6,0,90,3
T8,7,1,80,3
[330]
T1,0,0,200,1
T2,1,0,80,3
T3,2,1,96,6
T4,3,0,32,2
T5,4,1,173,2
T6,5,0,64,3
T7,6,0,22,2
T8,7,0,173,1
[331]
T1,0,1,198,5
T2,1,1,105,2
T3,2,1,144,1
T4,3,0,24,1
T5,4,1,46,2
T6,5,0,189,2
T7,6,0,63,2
T8,7,1,200,3
[332]
T1,0,1,95,2
T2,1,0,170,7
T3,2,0,36,2
T4,3,0,57,2
T5,4,1,75,2
T6,5,0,153,8
T7,6,1,47,1
T8,7,0,200,2
[333]
T1,0,0,50,4
T2,1,0,53,2
T3,2,0,172,3
T4,3,0,154,3
T5,4,0,70,3
T6,5,1,110,1
T7,6,0,70,2
T8,7,0,200,2
[334]
T1,0,0,41,2
T2,1,0,160,5
T3,2,1,32,1
T4,3,0,104,1
T5,4,1,150,2
T6,5,0,70,2
T7,6,1,200,3
T8,7,0,84,2
[335]
T1,0,0,138,2
T2,1,0,168,6
T3,2,1,180,5
T4,3,0,200,11
T5,4,0,45,2
T6,5,1,72,2
T7,6,1,56,2
T8,7,0,48,1
[336]
T1,0,1,70,2
T2,1,0,168,1
T3,2,0,200,2
T4,3,1,39,3
T5,4,0,24,2
T6,5,1,168,2
T7,6,0,56,2
T8,7,1,73,1
[337]
T1,0,0,114,1
T2,1,0,60,2
T3,2,0,144,1
T4,3,0,168,2
T5,4,1,200,3
T6,5,1,21,2
T7,6,1,152,3
T8,7,1,22,2
[338]
T1,0,0,170,13
T2,1,0,144,2
T3,2,1,175,5
T4,3,1,26,2
T5,4,0,200,2
T6,5,1,144,1
T7,6,0,119,5
T8,7,1,48,2
[339]
T1,0,0,85,1
T2,1,1,70,2
T3,2,1,49,2
T4,3,0,26,2
T5,4,0,200,2
T6,5,1,91,7
T7,6,1,156,7
T8,7,0,182,3
[340]
T1,0,1,150,1
T2,1,0,176,4
T3,2,1,200,2
T4,3,1,55,1
T5,4,1,40,2
T6,5,1,93,4
T7,6,0,120,7
T8,7,1,52,2
[341]
T1,0,1,165,6
T2,1,0,49,2
T3,2,1,55,2
T4,3,1,104,2
T5,4,0,135,8
T6,5,0,150,7
T7,6,0,44,2
T8,7,0,200,3
[342]
T1,0,1,105,3
T2,1,1,150,5
T3,2,1,120,4
T4,3,1,42,2
T5,4,1,175,2
T6,5,1,136,1
T7,6,0,200,4
T8,7,1,39,2
[343]
T1,0,0,32,2
T2,1,1,182,2
T3,2,1,60,2
T4,3,0,52,3
T5,4,1,168,2
T6,5,1,70,1
T7,6,1,200,3
T8,7,1,84,2
[344]
T1,0,0,57,1
T2,1,0,160,2
T3,2,0,200,2
T4,3,1,57,6
T5,4,1,42,2
T6,5,1,192,3
T7,6,1,50,2
T8,7,1,76,2
[345]
T1,0,1,200,4
T2,1,1,108,3
T3,2,0,20,2
T4,3,0,44,2
T5,4,1,91,2
T6,5,0,182,4
T7,6,1,78,2
T8,7,0,195,1
[346]
T1,0,1,135,2
T2,1,1,180,9
T3,2,1,48,2
T4,3,0,64,2
T5,4,1,42,1
T6,5,0,160,6
T7,6,1,128,2
T8,7,1,200,2
[347]
T1,0,1,114,8
T2,1,0,41,2
T3,2,1,100,3
T4,3,1,160,2
T5,4,0,25,2
T6,5,1,190,5
T7,6,0,200,4
T8,7,1,76,1
[348]
T1,0,1,189,2
T2,1,0,135,1
T3,2,0,22,2
T4,3,1,35,2
T5,4,1,189,6
T6,5,0,135,2
T7,6,0,105,6
T8,7,0,200,7
[349]
T1,0,0,172,2
T2,1,0,20,2
T3,2,1,50,2
T4,3,0,120,3
T5,4,0,200,6
T6,5,0,126,1
T7,6,1,175,5
T8,7,0,63,2
[350]
T1,0,0,39,2
T2,1,0,176,4
T3,2,1,192,2
T4,3,0,80,3
T5,4,1,200,4
T6,5,0,128,7
T7,6,1,108,1
T8,7,0,50,2
[351]
T1,0,1,126,1
T2,1,0,144,6
T3,2,1,200,10
T4,3,1,36,1
T5,4,0,46,2
T6,5,0,180,2
T7,6,1,162,2
T8,7,0,80,3
[352]
T1,0,1,37,2
T2,1,0,164,13
T3,2,1,96,1
T4,3,0,64,2
T5,4,1,25,2
T6,5,1,200,3
T7,6,0,144,2
T8,7,1,192,2
[353]
T1,0,0,174,10
T2,1,1,78,1
T3,2,1,80,4
T4,3,1,195,1
T5,4,0,75,2
T6,5,1,39,2
T7,6,1,42,2
T8,7,0,200,1
[354]
T1,0,1,66,1
T2,1,1,50,2
T3,2,0,51,2
T4,3,0,66,2
T5,4,0,200,3
T6,5,1,150,2
T7,6,0,195,17
T8,7,1,125,2
[355]
T1,0,1,196,3
T2,1,0,36,2
T3,2,1,42,2
T4,3,1,200,2
T5,4,1,120,2
T6,5,1,100,2
T7,6,1,152,12
T8,7,1,70,2
[356]
T1,0,1,175,6
T2,1,0,25,1
T3,2,0,200,1
T4,3,0,95,2
T5,4,0,50,2
T6,5,1,96,4
T7,6,1,105,2
T8,7,1,171,2
[357]
T1,0,1,160,9
T2,1,1,200,2
T3,2,1,84,2
T4,3,0,50,3
T5,4,1,175,1
T6,5,0,70,2
T7,6,0,21,2
T8,7,0,58,2
[358]
T1,0,0,26,2
T2,1,0,98,3
T3,2,0,147,2
T4,3,1,56,2
T5,4,0,140,6
T6,5,0,200,5
T7,6,1,45,1
T8,7,0,162,2
[359]
T1,0,1,72,2
T2,1,0,150,2
T3,2,0,20,2
T4,3,0,200,15
T5,4,0,21,2
T6,5,0,98,2
T7,6,0,75,2
T8,7,0,175,2
[360]
T1,0,1,65,1
T2,1,0,40,2
T3,2,0,200,2
T4,3,0,168,3
T5,4,0,117,2
T6,5,1,54,3
T7,6,1,150,1
T8,7,1,35,1
[361]
T1,0,0,168,9
T2,1,0,44,2
T3,2,0,56,2
T4,3,1,72,2
T5,4,1,168,9
T6,5,1,33,2
T7,6,0,56,2
T8,7,0,200,2
[362]
T1,0,0,20,2
T2,1,1,100,3
T3,2,0,36,2
T4,3,0,200,3
T5,4,0,144,6
T6,5,1,196,2
T7,6,0,150,14
T8,7,1,140,2
[363]
T1,0,0,36,2
T2,1,1,96,3
T3,2,1,168,7
T4,3,1,58,2
T5,4,1,200,2
T6,5,0,160,2
T7,6,0,32,2
T8,7,0,60,2
[364]
T1,0,0,49,4
T2,1,1,130,2
T3,2,1,182,1
T4,3,0,28,2
T5,4,0,200,8
T6,5,0,195,3
T7,6,0,135,2
T8,7,0,78,1
[365]
T1,0,0,165,3
T2,1,1,52,2
T3,2,0,168,3
T4,3,1,200,5
T5,4,0,60,2
T6,5,0,120,5
T7,6,1,38,2
T8,7,1,95,3
[366]
T1,0,1,60,2
T2,1,0,75,2
T3,2,1,175,4
T4,3,1,200,3
T5,4,1,84,6
T6,5,1,194,2
T7,6,1,42,2
T8,7,0,21,2
[367]
T1,0,1,56,2
T2,1,0,175,3
T3,2,1,200,9
T4,3,0,198,4
T5,4,0,125,1
T6,5,1,31,2
T7,6,1,70,1
T8,7,1,22,2
[368]
T1,0,1,88,2
T2,1,0,52,1
T3,2,1,200,2
T4,3,0,60,3
T5,4,0,170,2
T6,5,1,176,7
T7,6,0,72,2
T8,7,1,50,2
[369]
T1,0,0,174,1
T2,1,1,60,2
T3,2,0,200,1
T4,3,0,198,9
T5,4,0,99,3
T6,5,0,46,2
T7,6,1,30,2
T8,7,1,87,1
[370]
T1,0,0,168,6
T2,1,1,52,1
T3,2,0,27,2
T4,3,0,135,1
T5,4,0,198,11
T6,5,1,70,1
T7,6,1,200,3
T8,7,1,72,1
[371]
T1,0,0,35,1
T2,1,0,150,2
T3,2,1,128,2
T4,3,0,64,2
T5,4,1,182,2
T6,5,1,65,3
T7,6,1,32,2
T8,7,1,200,11
[372]
T1,0,0,34,2
T2,1,1,200,16
T3,2,0,26,2
T4,3,1,150,2
T5,4,0,85,1
T6,5,0,130,3
T7,6,1,182,2
T8,7,0,102,2
[373]
T1,0,0,200,3
T2,1,1,123,4
T3,2,0,38,1
T4,3,1,75,2
T5,4,0,164,10
T6,5,1,150,4
T7,6,1,76,2
T8,7,1,23,2
[374]
T1,0,0,200,7
T2,1,1,85,4
T3,2,1,32,2
T4,3,1,168,1
T5,4,1,25,2
T6,5,0,150,2
T7,6,1,77,1
T8,7,1,84,2
[375]
T1,0,0,180,2
T2,1,0,52,2
T3,2,0,180,8
T4,3,0,130,1
T5,4,0,88,6
T6,5,0,200,2
T7,6,1,108,4
T8,7,0,34,2
[376]
T1,0,0,200,2
T2,1,0,35,2
T3,2,1,182,4
T4,3,0,41,1
T5,4,0,120,2
T6,5,1,175,10
T7,6,1,70,1
T8,7,1,110,2
[377]
T1,0,1,42,2
T2,1,0,98,3
T3,2,0,100,7
T4,3,1,200,4
T5,4,0,150,6
T6,5,1,75,2
T7,6,1,196,2
T8,7,1,54,2
[378]
T1,0,1,79,3
T2,1,0,79,2
T3,2,0,90,1
T4,3,1,40,3
T5,4,0,200,1
T6,5,1,160,1
T7,6,1,29,2
T8,7,0,160,4
[379]
T1,0,0,175,1
T2,1,1,36,2
T3,2,1,70,2
T4,3,1,200,3
T5,4,1,54,2
T6,5,1,43,2
T7,6,1,92,3
T8,7,1,175,14
[380]
T1,0,1,136,5
T2,1,1,35,2
T3,2,0,35,2
T4,3,0,144,1
T5,4,0,180,6
T6,5,1,136,1
T7,6,0,200,1
T8,7,1,170,2
[381]
T1,0,1,34,2
T2,1,1,156,2
T3,2,0,169,2
T4,3,1,100,7
T5,4,1,200,5
T6,5,1,70,4
T7,6,0,20,2
T8,7,0,100,2
[382]
T1,0,0,110,2
T2,1,0,75,3
T3,2,0,55,3
T4,3,1,38,2
T5,4,0,44,1
T6,5,0,198,1
T7,6,0,200,4
T8,7,0,156,2
[383]
T1,0,0,60,1
T2,1,1,70,2
T3,2,0,36,2
T4,3,0,200,6
T5,4,0,63,1
T6,5,1,152,6
T7,6,1,160,2
T8,7,1,35,2
[384]
T1,0,0,140,2
T2,1,1,50,2
T3,2,0,60,1
T4,3,0,200,2
T5,4,1,58,2
T6,5,0,51,1
T7,6,0,150,9
T8,7,1,150,2
[385]
T1,0,1,60,2
T2,1,0,200,2
T3,2,0,100,2
T4,3,0,174,6
T5,4,0,41,2
T6,5,0,98,7
T7,6,1,196,4
T8,7,0,40,2
[386]
T1,0,0,175,1
T2,1,0,200,5
T3,2,0,27,2
T4,3,1,100,2
T5,4,1,56,2
T6,5,0,46,3
T7,6,1,65,2
T8,7,1,175,2
[387]
T1,0,0,24,2
T2,1,0,32,2
T3,2,0,93,5
T4,3,0,75,2
T5,4,1,160,2
T6,5,0,160,1
T7,6,1,75,3
T8,7,1,200,2
[388]
T1,0,1,20,2
T2,1,1,104,7
T3,2,0,200,10
T4,3,0,38,2
T5,4,1,195,4
T6,5,0,115,1
T7,6,0,100,2
T8,7,1,160,3
[389]
T1,0,0,41,1
T2,1,0,25,2
T3,2,1,68,1
T4,3,1,200,3
T5,4,0,175,2
T6,5,1,90,2
T7,6,0,180,17
T8,7,1,96,2
[390]
T1,0,1,144,2
T2,1,1,150,2
T3,2,1,114,3
T4,3,0,70,1
T5,4,0,42,1
T6,5,1,200,3
T7,6,1,175,1
T8,7,0,30,2
[391]
T1,0,1,160,2
T2,1,0,50,2
T3,2,0,34,2
T4,3,0,153,3
T5,4,1,200,2
T6,5,0,72,2
T7,6,0,100,13
T8,7,0,64,2
[392]
T1,0,1,130,1
T2,1,0,34,2
T3,2,0,102,2
T4,3,1,45,2
T5,4,0,200,21
T6,5,1,168,3
T7,6,0,100,1
T8,7,0,195,1
[393]
T1,0,1,60,1
T2,1,0,200,3
T3,2,0,140,3
T4,3,0,180,5
T5,4,0,85,4
T6,5,0,27,2
T7,6,0,150,1
T8,7,0,23,2
[394]
T1,0,1,29,1
T2,1,0,42,1
T3,2,0,126,2
T4,3,1,156,2
T5,4,0,120,2
T6,5,1,175,13
T7,6,1,75,1
T8,7,1,200,3
[395]
T1,0,0,150,4
T2,1,0,180,10
T3,2,1,136,2
T4,3,1,200,3
T5,4,0,36,1
T6,5,1,54,2
T7,6,1,120,1
T8,7,1,21,2
[396]
T1,0,1,52,2
T2,1,0,156,8
T3,2,1,24,1
T4,3,1,70,2
T5,4,0,96,1
T6,5,0,200,5
T7,6,1,180,1
T8,7,0,56,2
[397]
T1,0,1,175,4
T2,1,0,200,12
T3,2,1,24,2
T4,3,1,72,2
T5,4,0,50,2
T6,5,1,165,2
T7,6,0,77,4
T8,7,0,72,2
[398]
T1,0,1,200,1
T2,1,1,33,2
T3,2,0,198,5
T4,3,1,116,1
T5,4,1,45,1
T6,5,1,75,2
T7,6,1,66,1
T8,7,1,150,8
[399]
T1,0,1,200,2
T2,1,1,185,7
T3,2,1,168,3
T4,3,0,84,4
T5,4,1,126,2
T6,5,0,120,2
T7,6,1,37,2
T8,7,1,28,2
[400]
T1,0,0,200,2
T2,1,1,80,1
T3,2,1,25,2
T4,3,1,84,3
T5,4,1,20,2
T6,5,1,95,2
T7,6,0,175,2
T8,7,0,190,2
[401]
T1,0,0,63,2
T2,1,1,180,9
T3,2,1,112,1
T4,3,1,45,2
T5,4,1,35,2
T6,5,1,186,2
T7,6,0,200,4
T8,7,0,112,7
[402]
T1,0,0,28,2
T2,1,0,180,1
T3,2,0,200,1
T4,3,1,72,2
T5,4,1,190,2
T6,5,1,64,5
T7,6,0,57,1
T8,7,1,30,2
[403]
T1,0,0,21,2
T2,1,0,140,1
T3,2,0,175,2
T4,3,1,200,2
T5,4,0,54,2
T6,5,0,100,2
T7,6,1,175,15
T8,7,0,108,4
[404]
T1,0,0,120,2
T2,1,0,200,2
T3,2,1,169,2
T4,3,1,105,2
T5,4,0,24,2
T6,5,1,104,6
T7,6,0,195,4
T8,7,1,20,2
[405]
T1,0,1,20,2
T2,1,0,200,1
T3,2,0,27,2
T4,3,0,192,3
T5,4,0,90,10
T6,5,1,90,2
T7,6,1,60,1
T8,7,1,162,2
[406]
T1,0,1,148,4
T2,1,1,96,2
T3,2,0,55,2
T4,3,0,34,2
T5,4,0,185,1
T6,5,1,32,1
T7,6,0,88,5
T8,7,1,200,5
[407]
T1,0,0,83,2
T2,1,0,150,2
T3,2,1,30,2
T4,3,1,68,3
T5,4,1,136,6
T6,5,1,150,2
T7,6,0,24,2
T8,7,0,200,8
[408]
T1,0,1,63,2
T2,1,0,24,2
T3,2,0,105,2
T4,3,1,200,9
T5,4,0,28,1
T6,5,0,161,4
T7,6,0,168,4
T8,7,1,60,2
[409]
T1,0,1,105,2
T2,1,1,35,2
T3,2,1,111,2
T4,3,1,148,3
T5,4,1,60,1
T6,5,1,175,2
T7,6,0,200,1
T8,7,1,51,2
[410]
T1,0,0,33,2
T2,1,0,25,2
T3,2,1,156,2
T4,3,0,55,2
T5,4,0,195,7
T6,5,1,90,2
T7,6,0,200,7
T8,7,1,104,1
[411]
T1,0,1,114,3
T2,1,0,175,4
T3,2,1,112,2
T4,3,0,80,1
T5,4,0,45,2
T6,5,0,152,6
T7,6,0,200,8
T8,7,1,21,2
[412]
T1,0,1,90,1
T2,1,1,53,1
T3,2,0,24,1
T4,3,0,150,7
T5,4,0,162,2
T6,5,1,112,1
T7,6,0,200,4
T8,7,0,63,2
[413]
T1,0,1,180,1
T2,1,0,99,5
T3,2,1,23,2
T4,3,0,45,2
T5,4,0,200,8
T6,5,1,180,6
T7,6,1,88,3
T8,7,1,138,2
[414]
T1,0,1,36,2
T2,1,1,140,4
T3,2,1,150,1
T4,3,0,112,2
T5,4,0,90,1
T6,5,1,185,4
T7,6,1,43,2
T8,7,1,200,3
[415]
T1,0,0,168,2
T2,1,0,177,3
T3,2,1,84,3
T4,3,0,42,2
T5,4,0,200,7
T6,5,1,70,2
T7,6,1,45,2
T8,7,1,75,3
[416]
T1,0,0,130,2
T2,1,0,60,1
T3,2,1,20,2
T4,3,0,150,2
T5,4,1,91,2
T6,5,0,180,13
T7,6,0,200,1
T8,7,0,20,2
[417]
T1,0,0,196,5
T2,1,1,30,2
T3,2,1,125,2
T4,3,0,42,2
T5,4,1,70,2
T6,5,0,105,3
T7,6,0,160,2
T8,7,1,200,11
[418]
T1,0,1,54,2
T2,1,0,176,1
T3,2,0,150,1
T4,3,0,23,2
T5,4,0,30,3
T6,5,1,105,1
T7,6,0,200,11
T8,7,0,77,2
[419]
T1,0,1,200,4
T2,1,0,175,2
T3,2,1,35,2
T4,3,0,49,2
T5,4,0,135,3
T6,5,0,84,3
T7,6,1,140,4
T8,7,0,162,4
[420]
T1,0,1,150,6
T2,1,0,39,3
T3,2,1,85,1
T4,3,1,200,2
T5,4,0,42,2
T6,5,0,125,2
T7,6,0,130,2
T8,7,0,150,4
[421]
T1,0,0,120,1
T2,1,1,76,2
T3,2,0,40,2
T4,3,1,168,17
T5,4,0,150,2
T6,5,1,55,1
T7,6,1,200,2
T8,7,0,44,2
[422]
T1,0,1,120,4
T2,1,1,70,2
T3,2,0,52,2
T4,3,0,150,1
T5,4,1,200,2
T6,5,0,54,1
T7,6,1,20,1
T8,7,1,168,5
[423]
T1,0,1,161,10
T2,1,0,200,7
T3,2,1,112,2
T4,3,0,34,2
T5,4,1,35,2
T6,5,1,105,1
T7,6,0,150,2
T8,7,0,100,4
[424]
T1,0,0,120,1
T2,1,0,192,10
T3,2,0,160,7
T4,3,0,115,1
T5,4,1,200,7
T6,5,0,75,2
T7,6,1,32,2
T8,7,1,25,2
[425]
T1,0,0,50,2
T2,1,1,200,1
T3,2,1,38,2
T4,3,0,156,2
T5,4,1,120,11
T6,5,1,95,2
T7,6,0,195,3
T8,7,1,104,5
[426]
T1,0,1,138,7
T2,1,1,180,2
T3,2,0,28,2
T4,3,1,200,3
T5,4,1,180,13
T6,5,1,45,2
T7,6,0,115,1
T8,7,0,72,2
[427]
T1,0,1,154,12
T2,1,0,125,5
T3,2,1,110,1
T4,3,0,31,2
T5,4,0,44,1
T6,5,0,180,2
T7,6,0,200,1
T8,7,1,126,1
[428]
T1,0,0,31,2
T2,1,1,189,3
T3,2,0,84,1
T4,3,1,105,2
T5,4,1,20,2
T6,5,0,156,10
T7,6,1,200,3
T8,7,0,63,2
[429]
T1,0,0,32,2
T2,1,0,175,10
T3,2,1,70,2
T4,3,1,160,1
T5,4,0,200,3
T6,5,1,78,2
T7,6,0,126,4
T8,7,0,46,2
[430]
T1,0,1,200,5
T2,1,1,180,9
T3,2,1,39,2
T4,3,0,72,2
T5,4,1,27,2
T6,5,0,195,3
T7,6,1,65,4
T8,7,1,143,1
[431]
T1,0,1,150,2
T2,1,1,92,2
T3,2,1,184,9
T4,3,0,200,3
T5,4,0,72,2
T6,5,0,46,3
T7,6,1,120,1
T8,7,0,30,1
[432]
T1,0,0,34,2
T2,1,0,164,7
T3,2,0,200,1
T4,3,1,42,2
T5,4,0,168,2
T6,5,0,84,2
T7,6,1,120,3
T8,7,1,96,7
[433]
T1,0,0,80,1
T2,1,0,200,5
T3,2,0,40,1
T4,3,0,152,2
T5,4,1,36,2
T6,5,1,88,1
T7,6,0,152,9
T8,7,1,100,1
[434]
T1,0,0,143,2
T2,1,0,40,2
T3,2,0,99,3
T4,3,1,30,2
T5,4,1,195,4
T6,5,0,156,2
T7,6,0,120,8
T8,7,1,200,10
[435]
T1,0,1,133,4
T2,1,0,200,2
T3,2,0,39,2
T4,3,0,160,2
T5,4,1,60,1
T6,5,0,180,3
T7,6,0,36,1
T8,7,0,63,4
[436]
T1,0,1,22,2
T2,1,1,120,2
T3,2,0,148,5
T4,3,1,100,2
T5,4,0,200,1
T6,5,0,135,1
T7,6,1,150,2
T8,7,0,20,1
[437]
T1,0,0,168,13
T2,1,1,49,2
T3,2,0,198,6
T4,3,1,84,3
T5,4,0,25,2
T6,5,0,98,2
T7,6,1,60,2
T8,7,1,200,2
[438]
T1,0,1,196,2
T2,1,0,56,5
T3,2,0,87,2
T4,3,0,60,2
T5,4,0,33,1
T6,5,0,200,7
T7,6,0,50,2
T8,7,1,150,1
[439]
T1,0,0,56,2
T2,1,0,47,2
T3,2,1,200,2
T4,3,0,175,1
T5,4,1,132,5
T6,5,0,80,4
T7,6,1,198,2
T8,7,0,48,2
[440]
T1,0,0,35,2
T2,1,1,189,5
T3,2,0,189,7
T4,3,0,68,2
T5,4,0,126,3
T6,5,0,200,5
T7,6,0,56,1
T8,7,1,21,2
[441]
T1,0,0,22,2
T2,1,0,100,2
T3,2,0,88,5
T4,3,1,22,2
T5,4,1,180,2
T6,5,1,200,1
T7,6,0,147,2
T8,7,0,175,13
[442]
T1,0,0,24,2
T2,1,1,160,3
T3,2,0,111,4
T4,3,1,105,2
T5,4,1,140,4
T6,5,1,148,7
T7,6,0,200,2
T8,7,0,22,2
[443]
T1,0,1,140,3
T2,1,0,41,2
T3,2,0,160,1
T4,3,1,200,4
T5,4,1,192,6
T6,5,0,60,4
T7,6,1,66,2
T8,7,1,44,2
[444]
T1,0,0,45,2
T2,1,1,99,1
T3,2,0,135,11
T4,3,1,140,2
T5,4,1,200,1
T6,5,1,198,10
T7,6,1,41,2
T8,7,0,168,4
[445]
T1,0,0,152,6
T2,1,0,200,2
T3,2,1,57,2
T4,3,0,42,2
T5,4,0,180,4
T6,5,1,54,3
T7,6,1,63,2
T8,7,0,72,2
[446]
T1,0,0,20,2
T2,1,0,81,6
T3,2,1,126,2
T4,3,0,20,2
T5,4,0,192,1
T6,5,0,100,1
T7,6,1,192,2
T8,7,0,200,3
[447]
T1,0,0,160,1
T2,1,1,80,1
T3,2,0,75,2
T4,3,0,162,2
T5,4,0,40,2
T6,5,1,66,1
T7,6,1,25,2
T8,7,0,200,22
[448]
T1,0,1,176,2
T2,1,0,28,2
T3,2,1,95,2
T4,3,0,200,11
T5,4,0,176,4
T6,5,0,25,2
T7,6,0,100,5
T8,7,0,76,2
[449]
T1,0,1,104,6
T2,1,1,200,5
T3,2,1,150,2
T4,3,1,42,2
T5,4,0,165,2
T6,5,1,77,1
T7,6,1,44,3
T8,7,0,70,2
[450]
T1,0,1,30,2
T2,1,0,150,3
T3,2,0,63,1
T4,3,0,75,2
T5,4,1,200,5
T6,5,0,33,1
T7,6,0,161,5
T8,7,0,100,2
[451]
T1,0,0,200,6
T2,1,1,165,3
T3,2,1,160,2
T4,3,0,124,4
T5,4,1,100,2
T6,5,1,33,1
T7,6,1,22,2
T8,7,0,88,2
[452]
T1,0,1,140,2
T2,1,1,27,2
T3,2,0,200,2
T4,3,0,60,2
T5,4,0,175,9
T6,5,1,198,11
T7,6,0,26,1
T8,7,0,66,2
[453]
T1,0,0,140,5
T2,1,0,105,1
T3,2,0,200,8
T4,3,0,104,1
T5,4,0,160,2
T6,5,1,21,2
T7,6,0,180,2
T8,7,0,39,1
[454]
T1,0,0,112,2
T2,1,1,25,2
T3,2,0,200,3
T4,3,0,184,2
T5,4,0,126,4
T6,5,0,184,8
T7,6,1,30,1
T8,7,1,90,2
[455]
T1,0,1,196,12
T2,1,0,50,2
T3,2,1,165,1
T4,3,1,36,2
T5,4,0,132,1
T6,5,1,200,15
T7,6,1,98,1
T8,7,0,70,2
[456]
T1,0,0,56,2
T2,1,0,93,3
T3,2,1,168,7
T4,3,0,168,4
T5,4,0,42,2
T6,5,0,52,2
T7,6,0,144,4
T8,7,0,200,6
[457]
T1,0,1,100,4
T2,1,0,48,2
T3,2,1,162,2
T4,3,1,176,6
T5,4,0,200,2
T6,5,0,38,1
T7,6,1,54,1
T8,7,0,99,2
[458]
T1,0,0,120,2
T2,1,1,200,2
T3,2,0,180,2
T4,3,0,180,4
T5,4,1,37,2
T6,5,0,51,2
T7,6,0,100,4
T8,7,1,55,2
[459]
T1,0,0,114,2
T2,1,0,195,20
T3,2,1,200,3
T4,3,0,60,1
T5,4,0,80,2
T6,5,0,35,2
T7,6,0,190,1
T8,7,0,30,2
[460]
T1,0,1,132,2
T2,1,0,74,1
T3,2,1,148,2
T4,3,1,72,3
T5,4,1,200,5
T6,5,0,37,2
T7,6,1,180,2
T8,7,0,20,2
[461]
T1,0,1,121,1
T2,1,1,154,1
T3,2,0,154,2
T4,3,0,88,2
T5,4,1,200,12
T6,5,0,43,2
T7,6,0,22,2
T8,7,0,84,5
[462]
T1,0,1,150,5
T2,1,1,125,6
T3,2,1,136,2
T4,3,0,200,2
T5,4,0,51,2
T6,5,0,156,2
T7,6,0,47,3
T8,7,0,136,2
[463]
T1,0,1,168,5
T2,1,1,180,2
T3,2,1,128,4
T4,3,0,32,1
T5,4,1,47,1
T6,5,0,128,1
T7,6,1,108,2
T8,7,0,200,7
[464]
T1,0,1,144,5
T2,1,1,160,2
T3,2,1,20,1
T4,3,0,47,1
T5,4,1,72,2
T6,5,0,200,2
T7,6,1,150,2
T8,7,0,129,2
[465]
T1,0,0,150,1
T2,1,0,43,1
T3,2,1,150,6
T4,3,1,30,2
T5,4,0,200,3
T6,5,1,56,2
T7,6,0,125,9
T8,7,0,65,1
[466]
T1,0,0,23,2
T2,1,1,95,2
T3,2,1,95,2
T4,3,1,160,8
T5,4,0,120,2
T6,5,1,190,5
T7,6,1,200,7
T8,7,0,36,2
[467]
T1,0,1,76,3
T2,1,1,24,2
T3,2,0,174,2
T4,3,0,200,1
T5,4,0,21,2
T6,5,0,58,2
T7,6,0,180,2
T8,7,1,57,6
[468]
T1,0,1,200,2
T2,1,1,138,2
T3,2,0,150,1
T4,3,0,138,5
T5,4,1,180,2
T6,5,0,45,2
T7,6,0,24,1
T8,7,0,95,3
[469]
T1,0,0,57,1
T2,1,0,154,2
T3,2,0,37,1
T4,3,0,200,5
T5,4,1,40,2
T6,5,1,55,2
T7,6,0,133,2
T8,7,1,152,11
[470]
T1,0,1,47,2
T2,1,1,125,2
T3,2,0,34,2
T4,3,1,190,3
T5,4,1,125,8
T6,5,1,120,2
T7,6,1,152,9
T8,7,1,200,1
[471]
T1,0,1,45,1
T2,1,0,108,2
T3,2,0,150,2
T4,3,1,200,1
T5,4,1,175,5
T6,5,1,100,5
T7,6,1,100,5
T8,7,0,49,2
[472]
T1,0,0,155,9
T2,1,1,78,5
T3,2,1,30,2
T4,3,1,195,6
T5,4,1,124,2
T6,5,1,72,2
T7,6,0,200,2
T8,7,1,44,2
[473]
T1,0,1,200,11
T2,1,0,168,1
T3,2,1,54,2
T4,3,1,65,2
T5,4,1,40,2
T6,5,0,105,3
T7,6,1,182,1
T8,7,0,21,2
[474]
T1,0,1,200,3
T2,1,1,196,3
T3,2,0,196,5
T4,3,1,33,2
T5,4,0,112,1
T6,5,0,37,2
T7,6,1,110,4
T8,7,1,70,3
[475]
T1,0,0,32,1
T2,1,1,200,10
T3,2,0,55,2
T4,3,0,64,2
T5,4,1,160,2
T6,5,0,20,2
T7,6,1,150,2
T8,7,1,112,8
[476]
T1,0,1,25,2
T2,1,0,150,7
T3,2,1,56,2
T4,3,0,140,2
T5,4,0,41,2
T6,5,0,160,10
T7,6,0,68,1
T8,7,0,200,3
[477]
T1,0,1,200,7
T2,1,0,67,2
T3,2,1,75,2
T4,3,0,30,2
T5,4,0,60,3
T6,5,0,150,9
T7,6,0,175,2
T8,7,0,50,1
[478]
T1,0,1,100,5
T2,1,0,200,1
T3,2,0,100,1
T4,3,1,176,3
T5,4,1,184,8
T6,5,0,66,2
T7,6,0,32,2
T8,7,1,44,2
[479]
T1,0,0,200,1
T2,1,0,175,2
T3,2,1,105,2
T4,3,1,128,5
T5,4,1,98,2
T6,5,1,21,2
T7,6,0,192,4
T8,7,0,47,2
[480]
T1,0,0,21,2
T2,1,1,189,3
T3,2,0,45,2
T4,3,0,138,1
T5,4,1,60,4
T6,5,0,184,4
T7,6,0,105,2
T8,7,0,200,4
[481]
T1,0,1,144,2
T2,1,0,41,2
T3,2,0,168,4
T4,3,1,200,2
T5,4,1,136,9
T6,5,0,25,2
T7,6,1,102,1
T8,7,1,150,5
[482]
T1,0,1,29,1
T2,1,1,58,2
T3,2,0,60,2
T4,3,1,76,2
T5,4,0,180,3
T6,5,1,45,2
T7,6,1,180,2
T8,7,1,200,15
[483]
T1,0,0,135,2
T2,1,0,200,2
T3,2,1,112,10
T4,3,0,180,2
T5,4,1,27,2
T6,5,0,28,2
T7,6,0,63,3
T8,7,1,154,3
[484]
T1,0,1,55,3
T2,1,0,200,2
T3,2,1,132,1
T4,3,1,154,2
T5,4,1,60,2
T6,5,0,41,1
T7,6,1,195,12
T8,7,1,25,2
[485]
T1,0,0,198,6
T2,1,1,132,8
T3,2,1,38,2
T4,3,0,40,1
T5,4,1,200,7
T6,5,1,80,2
T7,6,0,162,2
T8,7,1,110,2
[486]
T1,0,0,200,1
T2,1,1,180,5
T3,2,0,25,1
T4,3,0,126,6
T5,4,1,180,1
T6,5,1,24,2
T7,6,1,95,2
T8,7,1,114,2
[487]
T1,0,0,200,7
T2,1,0,187,1
T3,2,1,21,2
T4,3,0,88,1
T5,4,1,100,2
T6,5,1,33,2
T7,6,0,175,3
T8,7,1,77,2
[488]
T1,0,0,25,2
T2,1,1,143,4
T3,2,0,165,4
T4,3,1,60,2
T5,4,0,84,2
T6,5,0,37,1
T7,6,0,200,8
T8,7,1,168,1
[489]
T1,0,1,78,2
T2,1,1,30,1
T3,2,0,195,2
T4,3,0,23,2
T5,4,0,156,5
T6,5,0,200,3
T7,6,1,130,2
T8,7,1,142,4
[490]
T1,0,0,160,2
T2,1,0,40,2
T3,2,1,140,3
T4,3,1,200,2
T5,4,1,150,2
T6,5,1,117,3
T7,6,0,48,2
T8,7,1,84,8
[491]
T1,0,0,34,2
T2,1,0,175,2
T3,2,0,91,2
T4,3,1,184,3
T5,4,0,200,10
T6,5,1,56,1
T7,6,0,28,2
T8,7,0,100,4
[492]
T1,0,1,150,3
T2,1,1,51,2
T3,2,1,160,5
T4,3,0,85,1
T5,4,0,200,5
T6,5,0,125,1
T7,6,0,24,2
T8,7,1,80,2
[493]
T1,0,0,95,1
T2,1,0,25,2
T3,2,0,145,1
T4,3,0,152,2
T5,4,1,200,4
T6,5,0,36,2
T7,6,1,190,2
T8,7,0,60,2
[494]
T1,0,1,200,2
T2,1,1,72,1
T3,2,1,34,2
T4,3,0,95,1
T5,4,0,27,2
T6,5,0,190,5
T7,6,0,54,1
T8,7,0,192,1
[495]
T1,0,0,66,2
T2,1,1,175,1
T3,2,0,27,1
T4,3,0,200,3
T5,4,0,84,2
T6,5,0,90,3
T7,6,0,168,5
T8,7,1,52,2
[496]
T1,0,0,180,1
T2,1,1,186,5
T3,2,1,33,2
T4,3,0,124,8
T5,4,0,40,2
T6,5,0,200,2
T7,6,0,136,2
T8,7,1,100,4
[497]
T1,0,0,175,3
T2,1,1,200,2
T3,2,0,72,2
T4,3,1,56,2
T5,4,1,50,2
T6,5,1,70,6
T7,6,0,25,1
T8,7,0,182,1
[498]
T1,0,0,175,3
T2,1,0,125,2
T3,2,0,35,2
T4,3,1,200,4
T5,4,1,34,1
T6,5,0,75,2
T7,6,0,150,9
T8,7,0,75,2
[499]
T1,0,0,96,1
T2,1,0,198,1
T3,2,1,28,1
T4,3,0,200,8
T5,4,1,120,2
T6,5,1,154,2
T7,6,0,96,7
T8,7,0,35,2
[500]
T1,0,0,40,2
T2,1,0,200,1
T3,2,0,125,2
T4,3,0,150,3
T5,4,0,156,1
T6,5,1,78,1
T7,6,0,22,1
T8,7,1,75,3
