num_task_per_taskset=8
num_taskset=500
//ID,Priority,Offset,Period,Execution Time
[1]
T1,0,0,200,4
T2,1,1,110,8
T3,2,0,70,1
T4,3,1,54,3
T5,4,1,170,3
T6,5,0,68,2
T7,6,1,165,1
T8,7,0,42,1
[2]
T1,0,1,21,2
T2,1,0,51,1
T3,2,1,175,10
T4,3,0,200,13
T5,4,1,56,1
T6,5,0,84,2
T7,6,0,60,2
T8,7,1,187,13
[3]
T1,0,0,200,13
T2,1,1,55,2
T3,2,0,144,6
T4,3,0,168,3
T5,4,0,42,1
T6,5,0,132,3
T7,6,0,54,1
T8,7,0,160,11
[4]
T1,0,0,195,1
T2,1,1,165,3
T3,2,1,50,6
T4,3,1,56,1
T5,4,1,25,1
T6,5,1,65,1
T7,6,1,200,3
T8,7,0,75,1
[5]
T1,0,0,200,6
T2,1,0,140,8
T3,2,0,154,3
T4,3,1,57,2
T5,4,0,53,4
T6,5,1,84,1
T7,6,0,168,12
T8,7,0,35,2
[6]
T1,0,0,125,10
T2,1,1,20,2
T3,2,1,111,2
T4,3,1,175,13
T5,4,1,100,2
T6,5,1,148,2
T7,6,0,25,2
T8,7,0,200,4
[7]
T1,0,0,70,2
T2,1,0,189,10
T3,2,1,200,10
T4,3,1,100,6
T5,4,1,63,2
T6,5,0,50,1
T7,6,1,150,1
T8,7,0,50,3
[8]
T1,0,0,98,6
T2,1,1,75,1
T3,2,1,200,3
T4,3,0,160,9
T5,4,1,35,1
T6,5,0,168,10
T7,6,0,144,1
T8,7,1,32,2
[9]
T1,0,1,189,3
T2,1,0,84,4
T3,2,0,20,2
T4,3,0,115,2
T5,4,0,180,5
T6,5,1,36,2
T7,6,1,200,18
T8,7,0,135,10
[10]
T1,0,1,200,5
T2,1,0,130,8
T3,2,0,53,5
T4,3,1,119,2
T5,4,0,39,2
T6,5,0,150,3
T7,6,0,84,1
T8,7,1,175,8
[11]
T1,0,1,77,1
T2,1,1,154,2
T3,2,1,110,6
T4,3,0,160,4
T5,4,0,49,2
T6,5,0,98,3
T7,6,0,21,2
T8,7,1,200,17
[12]
T1,0,1,108,6
T2,1,1,126,4
T3,2,0,200,21
T4,3,0,150,2
T5,4,0,52,1
T6,5,1,150,7
T7,6,0,32,2
T8,7,0,100,2
[13]
T1,0,0,32,2
T2,1,0,105,2
T3,2,1,48,5
T4,3,0,175,11
T5,4,0,111,8
T6,5,1,185,2
T7,6,0,111,2
T8,7,0,200,2
[14]
T1,0,0,39,2
T2,1,1,89,4
T3,2,0,49,2
T4,3,0,195,2
T5,4,1,100,10
T6,5,1,89,2
T7,6,1,200,15
T8,7,1,150,2
[15]
T1,0,0,45,2
T2,1,1,198,2
T3,2,0,55,2
T4,3,0,200,15
T5,4,1,33,2
T6,5,0,72,5
T7,6,0,185,6
T8,7,0,132,3
[16]
T1,0,0,55,1
T2,1,1,180,8
T3,2,1,64,1
T4,3,1,200,2
T5,4,1,24,3
T6,5,1,110,2
T7,6,1,45,2
T8,7,1,192,9
[17]
T1,0,1,198,24
T2,1,0,26,2
T3,2,0,95,3
T4,3,0,200,6
T5,4,0,76,2
T6,5,0,198,1
T7,6,1,60,5
T8,7,0,24,2
[18]
T1,0,0,114,3
T2,1,0,110,1
T3,2,0,57,1
T4,3,0,198,3
T5,4,0,176,22
T6,5,1,28,2
T7,6,1,200,9
T8,7,0,25,2
[19]
T1,0,1,60,2
T2,1,0,74,1
T3,2,0,200,10
T4,3,0,152,8
T5,4,0,49,2
T6,5,0,95,10
T7,6,1,150,2
T8,7,0,48,1
[20]
T1,0,1,150,1
T2,1,0,160,1
T3,2,0,126,9
T4,3,0,104,11
T5,4,0,56,2
T6,5,0,27,2
T7,6,0,200,7
T8,7,0,36,1
[21]
T1,0,0,200,6
T2,1,1,192,2
T3,2,1,152,2
T4,3,0,56,2
T5,4,0,29,2
T6,5,1,24,1
T7,6,1,105,3
T8,7,0,56,2
[22]
T1,0,1,28,2
T2,1,1,150,23
T3,2,1,133,2
T4,3,0,132,2
T5,4,1,42,1
T6,5,1,140,2
T7,6,1,190,10
T8,7,1,200,2
[23]
T1,0,1,200,2
T2,1,0,150,15
T3,2,0,80,1
T4,3,1,80,1
T5,4,0,114,8
T6,5,0,160,4
T7,6,0,28,2
T8,7,1,24,2
[24]
T1,0,0,48,3
T2,1,0,66,3
T3,2,0,126,11
T4,3,0,165,2
T5,4,1,200,8
T6,5,0,28,2
T7,6,1,75,2
T8,7,1,189,2
[25]
T1,0,0,136,13
T2,1,1,54,1
T3,2,0,90,2
T4,3,0,56,1
T5,4,1,35,2
T6,5,0,200,2
T7,6,0,153,14
T8,7,0,175,3
[26]
T1,0,0,48,3
T2,1,0,182,2
T3,2,1,156,8
T4,3,1,104,2
T5,4,1,108,2
T6,5,0,49,2
T7,6,1,105,11
T8,7,1,200,7
[27]
T1,0,0,28,3
T2,1,0,80,2
T3,2,0,63,3
T4,3,1,39,1
T5,4,1,168,2
T6,5,1,152,2
T7,6,0,114,1
T8,7,0,200,1
[28]
T1,0,0,88,2
T2,1,1,200,2
T3,2,1,38,2
T4,3,0,77,2
T5,4,1,44,5
T6,5,0,161,20
T7,6,1,100,2
T8,7,0,161,3
[29]
T1,0,0,23,2
T2,1,1,28,1
T3,2,1,120,4
T4,3,1,120,1
T5,4,0,197,17
T6,5,1,100,4
T7,6,1,200,5
T8,7,0,168,1
[30]
T1,0,1,53,2
T2,1,1,200,8
T3,2,0,22,2
T4,3,1,124,2
T5,4,0,176,12
T6,5,1,112,6
T7,6,0,62,4
T8,7,0,154,7
[31]
T1,0,1,135,13
T2,1,0,162,7
T3,2,1,200,3
T4,3,0,75,2
T5,4,1,50,2
T6,5,1,24,2
T7,6,1,65,3
T8,7,0,160,2
[32]
T1,0,1,175,3
T2,1,0,200,13
T3,2,1,20,2
T4,3,1,149,4
T5,4,0,75,4
T6,5,1,140,6
T7,6,1,140,1
T8,7,0,43,1
[33]
T1,0,1,160,8
T2,1,1,78,5
T3,2,1,144,2
T4,3,1,200,2
T5,4,1,22,2
T6,5,1,150,3
T7,6,0,50,1
T8,7,1,112,7
[34]
T1,0,1,120,2
T2,1,0,27,2
T3,2,1,32,1
T4,3,1,200,1
T5,4,1,150,17
T6,5,1,129,2
T7,6,0,172,2
T8,7,0,90,1
[35]
T1,0,1,128,11
T2,1,1,35,2
T3,2,0,100,2
T4,3,1,96,1
T5,4,0,40,4
T6,5,0,155,5
T7,6,0,160,5
T8,7,1,200,2
[36]
T1,0,1,115,2
T2,1,0,180,2
T3,2,0,184,3
T4,3,1,31,2
T5,4,1,140,18
T6,5,0,112,2
T7,6,0,200,2
T8,7,1,20,2
[37]
T1,0,1,200,2
T2,1,0,39,2
T3,2,0,54,3
T4,3,0,189,18
T5,4,0,126,4
T6,5,0,150,1
T7,6,0,52,2
T8,7,1,78,1
[38]
T1,0,1,171,1
T2,1,1,180,1
T3,2,0,76,2
T4,3,0,76,4
T5,4,1,21,1
T6,5,1,200,11
T7,6,1,144,6
T8,7,0,31,1
[39]
T1,0,1,72,4
T2,1,0,200,2
T3,2,0,24,1
T4,3,0,105,3
T5,4,0,56,2
T6,5,1,20,2
T7,6,0,198,7
T8,7,1,150,5
[40]
T1,0,1,144,1
T2,1,0,33,2
T3,2,1,90,1
T4,3,0,20,2
T5,4,0,84,1
T6,5,0,198,9
T7,6,1,168,5
T8,7,0,200,29
[41]
T1,0,1,40,1
T2,1,1,130,2
T3,2,1,156,8
T4,3,0,200,5
T5,4,1,25,2
T6,5,0,168,7
T7,6,1,80,4
T8,7,1,100,3
[42]
T1,0,0,150,2
T2,1,0,38,2
T3,2,0,165,4
T4,3,0,42,1
T5,4,0,55,2
T6,5,1,77,3
T7,6,1,200,10
T8,7,0,120,2
[43]
T1,0,1,96,1
T2,1,0,155,5
T3,2,1,50,1
T4,3,1,168,6
T5,4,0,80,2
T6,5,0,200,3
T7,6,1,36,2
T8,7,1,124,10
[44]
T1,0,1,42,2
T2,1,0,105,2
T3,2,0,62,2
T4,3,1,21,1
T5,4,0,200,10
T6,5,0,150,10
T7,6,1,93,3
T8,7,1,168,4
[45]
T1,0,0,39,1
T2,1,1,104,3
T3,2,1,36,1
T4,3,0,156,3
T5,4,1,135,6
T6,5,0,195,7
T7,6,1,200,6
T8,7,0,56,3
[46]
T1,0,0,200,2
T2,1,0,87,12
T3,2,1,100,1
T4,3,0,174,3
T5,4,1,49,2
T6,5,1,175,2
T7,6,0,116,10
T8,7,0,36,2
[47]
T1,0,1,44,6
T2,1,1,198,9
T3,2,1,200,2
T4,3,0,110,1
T5,4,1,115,2
T6,5,0,150,4
T7,6,1,88,2
T8,7,0,22,2
[48]
T1,0,1,90,1
T2,1,0,50,2
T3,2,1,195,3
T4,3,1,120,4
T5,4,0,68,2
T6,5,0,200,18
T7,6,0,26,3
T8,7,1,170,2
[49]
T1,0,0,20,2
T2,1,0,90,2
T3,2,1,156,12
T4,3,1,104,7
T5,4,0,169,1
T6,5,0,53,1
T7,6,1,130,10
T8,7,0,200,2
[50]
T1,0,1,200,10
T2,1,1,35,2
T3,2,1,65,5
T4,3,0,20,2
T5,4,0,90,2
T6,5,1,144,1
T7,6,1,170,2
T8,7,0,170,16
[51]
T1,0,0,49,1
T2,1,0,143,2
T3,2,0,165,13
T4,3,1,180,12
T5,4,0,200,10
T6,5,1,88,1
T7,6,1,36,2
T8,7,1,90,1
[52]
T1,0,0,200,2
T2,1,0,102,2
T3,2,1,150,14
T4,3,0,39,3
T5,4,0,136,4
T6,5,1,50,2
T7,6,0,168,1
T8,7,0,78,2
[53]
T1,0,1,200,2
T2,1,1,21,2
T3,2,0,175,2
T4,3,1,168,6
T5,4,0,20,2
T6,5,0,75,1
T7,6,1,120,2
T8,7,1,116,8
[54]
T1,0,1,32,2
T2,1,0,162,1
T3,2,1,144,4
T4,3,1,120,10
T5,4,1,135,1
T6,5,0,32,1
T7,6,1,189,15
T8,7,1,200,7
[55]
T1,0,0,46,1
T2,1,1,32,2
T3,2,1,200,5
T4,3,0,94,1
T5,4,1,150,6
T6,5,0,94,2
T7,6,0,112,4
T8,7,0,175,20
[56]
T1,0,0,99,1
T2,1,1,120,1
T3,2,0,200,5
T4,3,1,170,1
T5,4,1,24,2
T6,5,0,60,4
T7,6,0,198,11
T8,7,0,36,3
[57]
T1,0,0,189,10
T2,1,1,200,2
T3,2,1,90,3
T4,3,0,60,2
T5,4,1,192,13
T6,5,1,50,1
T7,6,1,140,8
T8,7,0,37,1
[58]
T1,0,1,175,11
T2,1,1,30,2
T3,2,0,200,12
T4,3,0,76,2
T5,4,1,21,2
T6,5,0,77,4
T7,6,1,95,2
T8,7,1,154,6
[59]
T1,0,0,20,2
T2,1,0,72,2
T3,2,1,64,2
T4,3,1,25,1
T5,4,1,136,8
T6,5,0,180,2
T7,6,0,200,19
T8,7,1,180,3
[60]
T1,0,0,21,2
T2,1,1,185,1
T3,2,0,200,4
T4,3,1,111,1
T5,4,1,175,3
T6,5,0,60,3
T7,6,1,43,2
T8,7,0,75,6
[61]
T1,0,1,200,7
T2,1,0,42,2
T3,2,0,72,2
T4,3,0,91,1
T5,4,1,150,9
T6,5,0,40,1
T7,6,1,104,5
T8,7,0,189,1
[62]
T1,0,1,40,2
T2,1,1,175,9
T3,2,1,112,1
T4,3,1,182,15
T5,4,0,33,2
T6,5,0,200,16
T7,6,1,128,3
T8,7,0,56,2
[63]
T1,0,0,47,2
T2,1,1,84,2
T3,2,1,184,6
T4,3,1,96,1
T5,4,1,200,24
T6,5,0,24,1
T7,6,1,60,3
T8,7,1,160,2
[64]
T1,0,0,100,2
T2,1,1,176,6
T3,2,1,196,7
T4,3,1,120,2
T5,4,1,35,2
T6,5,0,56,1
T7,6,1,200,27
T8,7,0,50,2
[65]
T1,0,0,110,6
T2,1,0,40,2
T3,2,1,200,2
T4,3,1,168,10
T5,4,1,53,5
T6,5,0,85,1
T7,6,0,77,2
T8,7,0,150,1
[66]
T1,0,0,150,5
T2,1,0,180,7
T3,2,0,95,1
T4,3,1,24,2
T5,4,0,200,2
T6,5,1,64,2
T7,6,1,54,6
T8,7,0,28,1
[67]
T1,0,1,45,1
T2,1,0,165,1
T3,2,0,180,3
T4,3,0,140,9
T5,4,1,200,4
T6,5,1,108,3
T7,6,0,80,4
T8,7,1,35,2
[68]
T1,0,1,150,2
T2,1,1,80,4
T3,2,1,200,3
T4,3,0,50,1
T5,4,0,120,21
T6,5,1,85,2
T7,6,0,188,2
T8,7,1,47,2
[69]
T1,0,1,105,2
T2,1,1,161,15
T3,2,1,189,2
T4,3,0,40,2
T5,4,1,115,9
T6,5,0,200,2
T7,6,1,120,5
T8,7,1,32,1
[70]
T1,0,1,50,2
T2,1,1,196,19
T3,2,0,135,6
T4,3,1,120,10
T5,4,1,32,2
T6,5,1,162,4
T7,6,1,98,1
T8,7,0,200,2
[71]
T1,0,1,175,9
T2,1,0,33,2
T3,2,1,64,2
T4,3,1,80,3
T5,4,0,200,3
T6,5,1,21,1
T7,6,1,174,8
T8,7,0,75,5
[72]
T1,0,1,77,4
T2,1,1,66,2
T3,2,0,26,2
T4,3,0,154,6
T5,4,0,150,2
T6,5,0,140,11
T7,6,0,200,9
T8,7,1,28,1
[73]
T1,0,1,84,6
T2,1,0,95,7
T3,2,1,200,2
T4,3,1,76,2
T5,4,0,22,2
T6,5,1,154,12
T7,6,1,168,1
T8,7,1,22,2
[74]
T1,0,1,153,1
T2,1,1,117,1
T3,2,1,170,4
T4,3,1,60,1
T5,4,1,68,2
T6,5,1,33,5
T7,6,0,48,2
T8,7,0,200,4
[75]
T1,0,0,75,4
T2,1,0,99,2
T3,2,0,200,11
T4,3,1,132,6
T5,4,0,23,2
T6,5,1,24,2
T7,6,1,160,14
T8,7,0,198,5
[76]
T1,0,1,150,10
T2,1,0,100,3
T3,2,0,200,14
T4,3,0,153,10
T5,4,1,124,3
T6,5,1,30,2
T7,6,1,93,1
T8,7,1,29,2
[77]
T1,0,1,42,1
T2,1,1,195,14
T3,2,0,78,2
T4,3,0,180,11
T5,4,1,21,2
T6,5,1,80,3
T7,6,1,200,11
T8,7,1,120,2
[78]
T1,0,0,200,13
T2,1,0,150,7
T3,2,0,41,1
T4,3,0,64,2
T5,4,1,164,5
T6,5,1,125,6
T7,6,0,82,2
T8,7,0,25,1
[79]
T1,0,1,63,1
T2,1,0,23,2
T3,2,0,70,5
T4,3,1,200,10
T5,4,1,135,3
T6,5,0,50,2
T7,6,0,168,3
T8,7,1,175,11
[80]
T1,0,0,25,2
T2,1,1,196,12
T3,2,1,23,1
T4,3,0,100,2
T5,4,0,200,9
T6,5,1,168,3
T7,6,0,56,1
T8,7,0,57,1
[81]
T1,0,0,200,13
T2,1,0,152,2
T3,2,1,95,1
T4,3,0,171,16
T5,4,1,132,5
T6,5,1,60,2
T7,6,0,44,1
T8,7,1,43,1
[82]
T1,0,1,117,7
T2,1,1,200,3
T3,2,0,35,1
T4,3,1,160,9
T5,4,1,180,8
T6,5,0,78,2
T7,6,0,33,1
T8,7,1,70,2
[83]
T1,0,0,162,3
T2,1,1,81,2
T3,2,1,24,2
T4,3,1,98,2
T5,4,0,63,2
T6,5,0,200,2
T7,6,0,38,4
T8,7,0,162,11
[84]
T1,0,1,200,2
T2,1,0,144,1
T3,2,1,28,1
T4,3,0,48,4
T5,4,0,64,3
T6,5,1,128,1
T7,6,0,176,8
T8,7,0,165,5
[85]
T1,0,1,152,8
T2,1,1,28,2
T3,2,1,64,2
T4,3,0,100,2
T5,4,0,39,3
T6,5,0,152,2
T7,6,0,200,8
T8,7,0,64,2
[86]
T1,0,1,144,12
T2,1,1,128,4
T3,2,0,96,2
T4,3,1,168,8
T5,4,1,200,1
T6,5,0,175,2
T7,6,0,29,2
T8,7,1,30,3
[87]
T1,0,1,69,1
T2,1,0,180,2
T3,2,0,120,2
T4,3,0,189,19
T5,4,1,27,3
T6,5,0,135,2
T7,6,1,45,2
T8,7,1,200,5
[88]
T1,0,0,190,12
T2,1,0,46,1
T3,2,1,175,4
T4,3,0,80,2
T5,4,0,114,5
T6,5,0,30,2
T7,6,0,105,2
T8,7,1,200,20
[89]
T1,0,0,54,3
T2,1,0,48,1
T3,2,0,25,2
T4,3,1,140,9
T5,4,0,150,1
T6,5,0,165,2
T7,6,1,55,4
T8,7,0,200,2
[90]
T1,0,0,48,4
T2,1,1,72,2
T3,2,1,90,2
T4,3,0,180,6
T5,4,0,72,2
T6,5,1,200,7
T7,6,1,180,2
T8,7,0,32,2
[91]
T1,0,1,200,2
T2,1,1,36,2
T3,2,0,105,2
T4,3,0,33,1
T5,4,0,105,1
T6,5,1,180,19
T7,6,0,190,4
T8,7,1,76,4
[92]
T1,0,1,200,2
T2,1,0,136,3
T3,2,0,45,2
T4,3,0,40,1
T5,4,1,170,6
T6,5,0,150,9
T7,6,1,145,6
T8,7,0,116,2
[93]
T1,0,1,75,4
T2,1,1,52,1
T3,2,1,180,20
T4,3,1,75,1
T5,4,0,200,2
T6,5,0,50,2
T7,6,1,162,3
T8,7,0,80,2
[94]
T1,0,1,100,4
T2,1,1,175,7
T3,2,0,50,3
T4,3,0,105,3
T5,4,1,174,10
T6,5,0,25,1
T7,6,0,126,2
T8,7,1,200,1
[95]
T1,0,0,120,1
T2,1,0,165,8
T3,2,1,66,1
T4,3,1,41,2
T5,4,1,200,3
T6,5,0,192,2
T7,6,0,65,5
T8,7,0,39,1
[96]
T1,0,1,140,2
T2,1,0,120,11
T3,2,1,53,2
T4,3,1,33,2
T5,4,0,192,4
T6,5,0,66,2
T7,6,1,154,2
T8,7,1,200,11
[97]
T1,0,0,34,2
T2,1,1,200,10
T3,2,0,112,2
T4,3,0,176,2
T5,4,1,55,1
T6,5,1,80,3
T7,6,1,40,5
T8,7,1,155,2
[98]
T1,0,0,176,5
T2,1,1,200,7
T3,2,0,104,5
T4,3,0,75,2
T5,4,0,33,3
T6,5,1,48,2
T7,6,0,96,2
T8,7,0,165,2
[99]
T1,0,1,28,2
T2,1,1,175,13
T3,2,0,200,2
T4,3,0,52,2
T5,4,1,84,1
T6,5,1,145,2
T7,6,0,75,1
T8,7,0,174,3
[100]
T1,0,0,72,2
T2,1,1,45,2
T3,2,1,114,4
T4,3,1,46,3
T5,4,1,200,10
T6,5,0,190,2
T7,6,1,100,8
T8,7,0,190,2
[101]
T1,0,1,200,3
T2,1,0,192,10
T3,2,1,68,2
T4,3,1,75,2
T5,4,1,170,2
T6,5,1,45,1
T7,6,0,144,16
T8,7,1,50,1
[102]
T1,0,0,190,8
T2,1,1,80,1
T3,2,0,76,2
T4,3,0,51,1
T5,4,1,22,1
T6,5,1,171,13
T7,6,1,200,3
T8,7,0,90,2
[103]
T1,0,1,77,2
T2,1,1,84,2
T3,2,0,154,1
T4,3,0,46,1
T5,4,0,40,2
T6,5,0,150,9
T7,6,1,200,20
T8,7,1,54,1
[104]
T1,0,0,189,7
T2,1,1,200,4
T3,2,0,104,6
T4,3,0,44,2
T5,4,0,105,1
T6,5,1,175,23
T7,6,0,105,1
T8,7,1,27,2
[105]
T1,0,0,176,6
T2,1,1,200,14
T3,2,0,126,8
T4,3,1,28,2
T5,4,1,140,5
T6,5,0,126,1
T7,6,0,160,1
T8,7,1,44,1
[106]
T1,0,0,69,2
T2,1,1,180,8
T3,2,1,54,4
T4,3,1,184,9
T5,4,1,200,2
T6,5,1,81,2
T7,6,1,27,2
T8,7,0,36,1
[107]
T1,0,1,75,1
T2,1,1,54,7
T3,2,0,200,2
T4,3,0,150,8
T5,4,0,46,2
T6,5,1,84,2
T7,6,1,45,2
T8,7,0,162,5
[108]
T1,0,0,48,1
T2,1,0,62,4
T3,2,0,155,4
T4,3,1,186,7
T5,4,0,34,1
T6,5,1,75,3
T7,6,0,136,1
T8,7,0,200,10
[109]
T1,0,1,195,1
T2,1,1,35,1
T3,2,1,168,1
T4,3,1,200,7
T5,4,0,110,13
T6,5,0,55,1
T7,6,0,23,2
T8,7,1,84,3
[110]
T1,0,1,105,15
T2,1,1,200,2
T3,2,0,72,2
T4,3,0,37,1
T5,4,1,175,8
T6,5,1,168,1
T7,6,0,66,2
T8,7,1,28,2
[111]
T1,0,1,186,1
T2,1,0,100,10
T3,2,1,41,2
T4,3,1,168,2
T5,4,0,45,1
T6,5,1,200,19
T7,6,0,56,2
T8,7,1,126,2
[112]
T1,0,1,176,4
T2,1,1,72,1
T3,2,1,176,2
T4,3,1,54,2
T5,4,1,56,6
T6,5,1,200,13
T7,6,0,126,5
T8,7,0,29,2
[113]
T1,0,0,162,2
T2,1,0,36,2
T3,2,0,63,2
T4,3,1,56,2
T5,4,0,147,4
T6,5,0,90,8
T7,6,1,27,2
T8,7,1,200,9
[114]
T1,0,1,50,4
T2,1,0,29,2
T3,2,1,85,2
T4,3,0,150,1
T5,4,0,93,2
T6,5,0,155,4
T7,6,1,85,2
T8,7,1,200,23
[115]
T1,0,1,72,2
T2,1,0,42,2
T3,2,1,30,2
T4,3,0,135,3
T5,4,0,175,18
T6,5,1,200,1
T7,6,0,189,6
T8,7,1,81,3
[116]
T1,0,1,150,2
T2,1,0,65,1
T3,2,0,200,3
T4,3,0,52,2
T5,4,1,119,1
T6,5,0,156,5
T7,6,1,32,5
T8,7,0,85,2
[117]
T1,0,1,75,2
T2,1,1,96,6
T3,2,0,91,6
T4,3,1,35,2
T5,4,0,200,2
T6,5,1,156,3
T7,6,1,37,2
T8,7,1,195,11
[118]
T1,0,1,60,2
T2,1,1,63,1
T3,2,0,200,27
T4,3,1,49,2
T5,4,0,80,2
T6,5,1,192,1
T7,6,1,189,10
T8,7,1,21,2
[119]
T1,0,1,22,2
T2,1,1,37,2
T3,2,1,55,1
T4,3,1,175,3
T5,4,0,168,14
T6,5,1,200,14
T7,6,1,63,1
T8,7,1,100,1
[120]
T1,0,0,150,15
T2,1,0,144,1
T3,2,1,66,2
T4,3,0,78,1
T5,4,0,36,2
T6,5,0,24,2
T7,6,0,165,6
T8,7,1,200,2
[121]
T1,0,0,160,4
T2,1,1,96,6
T3,2,0,126,2
T4,3,0,95,2
T5,4,0,45,4
T6,5,1,160,2
T7,6,1,200,11
T8,7,0,20,2
[122]
T1,0,1,138,6
T2,1,0,69,2
T3,2,1,200,7
T4,3,1,150,2
T5,4,1,140,1
T6,5,0,53,1
T7,6,1,42,3
T8,7,0,150,6
[123]
T1,0,0,112,3
T2,1,0,30,2
T3,2,0,126,3
T4,3,0,182,2
T5,4,0,28,2
T6,5,1,65,7
T7,6,1,182,2
T8,7,1,200,20
[124]
T1,0,0,40,2
T2,1,1,64,1
T3,2,1,192,6
T4,3,1,112,5
T5,4,1,35,1
T6,5,0,147,3
T7,6,1,160,4
T8,7,0,200,4
[125]
T1,0,0,195,7
T2,1,0,72,2
T3,2,1,165,2
T4,3,1,104,2
T5,4,1,46,1
T6,5,1,200,3
T7,6,1,39,5
T8,7,1,80,2
[126]
T1,0,0,63,3
T2,1,0,29,1
T3,2,1,36,2
T4,3,1,182,3
T5,4,1,200,8
T6,5,1,112,3
T7,6,0,180,3
T8,7,1,112,7
[127]
T1,0,0,81,1
T2,1,0,64,2
T3,2,1,200,2
T4,3,1,52,2
T5,4,1,126,23
T6,5,1,40,2
T7,6,1,168,2
T8,7,1,189,8
[128]
T1,0,0,180,9
T2,1,1,200,2
T3,2,1,63,1
T4,3,0,183,4
T5,4,0,100,14
T6,5,1,35,2
T7,6,0,63,1
T8,7,1,33,2
[129]
T1,0,1,28,2
T2,1,0,100,2
T3,2,0,168,4
T4,3,0,200,13
T5,4,0,135,3
T6,5,1,126,3
T7,6,1,175,7
T8,7,1,49,2
[130]
T1,0,1,37,2
T2,1,0,80,4
T3,2,1,50,3
T4,3,0,187,5
T5,4,1,200,19
T6,5,0,153,3
T7,6,1,55,2
T8,7,0,110,1
[131]
T1,0,0,135,4
T2,1,1,180,7
T3,2,1,170,1
T4,3,0,72,3
T5,4,0,70,2
T6,5,0,35,1
T7,6,0,21,1
T8,7,0,200,12
[132]
T1,0,1,55,2
T2,1,0,114,7
T3,2,0,190,14
T4,3,0,21,2
T5,4,1,88,2
T6,5,1,168,2
T7,6,0,23,1
T8,7,1,200,3
[133]
T1,0,0,108,4
T2,1,0,81,1
T3,2,0,150,4
T4,3,0,75,3
T5,4,1,200,9
T6,5,1,48,2
T7,6,1,152,12
T8,7,1,21,2
[134]
T1,0,0,26,2
T2,1,0,108,2
T3,2,0,135,2
T4,3,1,20,1
T5,4,0,176,6
T6,5,1,100,1
T7,6,0,200,12
T8,7,1,154,12
[135]
T1,0,0,182,9
T2,1,0,63,3
T3,2,1,28,1
T4,3,0,156,1
T5,4,0,104,2
T6,5,0,108,2
T7,6,0,20,2
T8,7,0,200,14
[136]
T1,0,0,24,2
T2,1,1,195,2
T3,2,1,135,1
T4,3,1,156,3
T5,4,0,49,1
T6,5,1,105,10
T7,6,0,70,2
T8,7,1,200,18
[137]
T1,0,0,147,2
T2,1,0,147,3
T3,2,1,200,3
T4,3,1,120,15
T5,4,1,175,5
T6,5,1,175,13
T7,6,0,24,2
T8,7,0,40,2
[138]
T1,0,0,70,1
T2,1,0,195,11
T3,2,1,195,2
T4,3,0,52,1
T5,4,1,30,4
T6,5,1,200,2
T7,6,1,55,1
T8,7,1,120,2
[139]
T1,0,0,50,2
T2,1,0,39,2
T3,2,1,175,16
T4,3,1,180,2
T5,4,0,200,12
T6,5,1,70,1
T7,6,0,60,4
T8,7,1,112,3
[140]
T1,0,0,114,16
T2,1,1,175,2
T3,2,0,200,4
T4,3,1,33,2
T5,4,1,105,2
T6,5,1,189,1
T7,6,0,56,2
T8,7,1,45,4
[141]
T1,0,1,144,1
T2,1,1,200,8
T3,2,0,45,2
T4,3,1,150,3
T5,4,0,80,3
T6,5,1,176,2
T7,6,0,35,3
T8,7,1,100,6
[142]
T1,0,0,164,7
T2,1,0,200,1
T3,2,1,123,1
T4,3,0,64,2
T5,4,1,123,16
T6,5,1,150,2
T7,6,0,20,2
T8,7,1,48,2
[143]
T1,0,1,126,8
T2,1,0,28,1
T3,2,1,60,1
T4,3,0,66,1
T5,4,0,33,2
T6,5,1,200,15
T7,6,1,180,2
T8,7,1,154,4
[144]
T1,0,0,30,2
T2,1,0,175,1
T3,2,1,136,1
T4,3,0,70,2
T5,4,0,153,8
T6,5,0,42,3
T7,6,0,96,2
T8,7,0,200,23
[145]
T1,0,0,88,2
T2,1,0,55,4
T3,2,0,175,11
T4,3,0,198,2
T5,4,1,200,5
T6,5,0,49,3
T7,6,1,24,2
T8,7,1,120,3
[146]
T1,0,0,198,9
T2,1,0,27,2
T3,2,1,195,3
T4,3,1,72,2
T5,4,0,200,10
T6,5,0,39,2
T7,6,1,55,2
T8,7,0,54,4
[147]
T1,0,0,195,2
T2,1,1,98,2
T3,2,0,200,2
T4,3,1,48,4
T5,4,0,84,3
T6,5,0,147,9
T7,6,1,168,6
T8,7,0,20,2
[148]
T1,0,1,37,2
T2,1,0,170,2
T3,2,0,100,1
T4,3,1,160,18
T5,4,0,132,2
T6,5,1,200,5
T7,6,1,60,2
T8,7,0,33,2
[149]
T1,0,1,169,15
T2,1,1,91,4
T3,2,1,42,2
T4,3,0,46,1
T5,4,1,65,1
T6,5,1,195,2
T7,6,0,200,2
T8,7,1,140,7
[150]
T1,0,0,23,1
T2,1,1,135,5
T3,2,1,180,14
T4,3,0,70,2
T5,4,0,200,1
T6,5,1,80,4
T7,6,0,27,1
T8,7,1,156,2
[151]
T1,0,0,42,1
T2,1,1,40,1
T3,2,0,195,10
T4,3,1,56,5
T5,4,0,200,2
T6,5,1,91,2
T7,6,1,182,1
T8,7,1,119,7
[152]
T1,0,1,152,7
T2,1,0,96,1
T3,2,1,160,2
T4,3,0,200,2
T5,4,0,35,2
T6,5,0,38,1
T7,6,1,63,6
T8,7,0,63,1
[153]
T1,0,1,126,4
T2,1,0,135,9
T3,2,1,81,2
T4,3,0,162,10
T5,4,0,27,2
T6,5,1,46,1
T7,6,1,162,3
T8,7,1,200,2
[154]
T1,0,1,150,13
T2,1,1,25,2
T3,2,0,96,2
T4,3,1,195,12
T5,4,0,200,2
T6,5,1,81,2
T7,6,1,60,5
T8,7,1,45,2
[155]
T1,0,0,200,12
T2,1,0,184,2
T3,2,0,175,2
T4,3,0,33,2
T5,4,1,64,6
T6,5,1,115,2
T7,6,0,75,7
T8,7,0,25,2
[156]
T1,0,1,49,1
T2,1,1,24,1
T3,2,0,200,4
T4,3,0,120,3
T5,4,0,150,4
T6,5,1,56,1
T7,6,0,105,5
T8,7,1,153,10
[157]
T1,0,1,56,2
T2,1,1,48,6
T3,2,0,25,2
T4,3,1,200,2
T5,4,0,140,1
T6,5,1,196,2
T7,6,1,79,5
T8,7,0,158,3
[158]
T1,0,0,150,1
T2,1,0,200,2
T3,2,0,60,4
T4,3,0,150,5
T5,4,1,21,2
T6,5,1,135,10
T7,6,0,25,1
T8,7,0,92,2
[159]
T1,0,0,84,7
T2,1,0,150,2
T3,2,1,75,2
T4,3,0,200,6
T5,4,1,81,3
T6,5,0,44,2
T7,6,1,189,3
T8,7,1,50,4
[160]
T1,0,1,186,1
T2,1,1,25,2
T3,2,1,27,2
T4,3,0,155,12
T5,4,0,200,2
T6,5,1,140,11
T7,6,0,126,2
T8,7,1,124,2
[161]
T1,0,0,200,2
T2,1,1,65,2
T3,2,0,182,12
T4,3,1,143,19
T5,4,1,20,2
T6,5,0,143,1
T7,6,1,154,2
T8,7,0,24,1
[162]
T1,0,1,31,2
T2,1,1,186,9
T3,2,0,170,4
T4,3,1,60,1
T5,4,1,80,1
T6,5,0,50,1
T7,6,0,85,2
T8,7,0,200,29
[163]
T1,0,1,162,11
T2,1,0,108,4
T3,2,0,75,2
T4,3,1,45,1
T5,4,1,23,2
T6,5,1,152,1
T7,6,0,144,9
T8,7,0,200,12
[164]
T1,0,1,52,1
T2,1,1,162,4
T3,2,0,29,2
T4,3,1,180,8
T5,4,0,60,5
T6,5,1,108,5
T7,6,0,200,3
T8,7,1,120,2
[165]
T1,0,1,44,1
T2,1,0,110,2
T3,2,0,189,20
T4,3,0,176,10
T5,4,1,144,1
T6,5,0,28,2
T7,6,0,110,2
T8,7,1,200,11
[166]
T1,0,0,200,6
T2,1,1,100,2
T3,2,0,175,2
T4,3,1,182,5
T5,4,1,32,1
T6,5,0,63,8
T7,6,0,50,2
T8,7,1,96,1
[167]
T1,0,0,154,9
T2,1,1,160,3
T3,2,0,30,1
T4,3,1,63,2
T5,4,1,200,4
T6,5,0,112,4
T7,6,0,40,1
T8,7,0,96,4
[168]
T1,0,1,120,4
T2,1,1,110,2
T3,2,0,200,7
T4,3,1,112,4
T5,4,1,45,3
T6,5,0,42,1
T7,6,0,165,3
T8,7,0,150,8
[169]
T1,0,1,200,2
T2,1,0,170,20
T3,2,1,150,2
T4,3,1,70,2
T5,4,1,105,7
T6,5,0,52,1
T7,6,0,119,2
T8,7,1,37,2
[170]
T1,0,1,75,2
T2,1,1,29,2
T3,2,1,75,3
T4,3,1,162,6
T5,4,1,170,7
T6,5,1,80,2
T7,6,1,200,4
T8,7,0,20,2
[171]
T1,0,0,21,2
T2,1,1,176,16
T3,2,1,200,14
T4,3,0,56,2
T5,4,0,37,1
T6,5,1,132,2
T7,6,1,90,2
T8,7,0,168,2
[172]
T1,0,0,200,9
T2,1,0,62,2
T3,2,1,49,2
T4,3,0,190,3
T5,4,1,70,1
T6,5,0,76,6
T7,6,0,35,1
T8,7,1,190,8
[173]
T1,0,1,84,3
T2,1,1,196,1
T3,2,1,52,1
T4,3,0,200,5
T5,4,0,150,13
T6,5,0,50,2
T7,6,1,98,4
T8,7,0,145,8
[174]
T1,0,0,198,5
T2,1,1,100,2
T3,2,0,150,2
T4,3,0,20,1
T5,4,1,98,4
T6,5,1,200,8
T7,6,1,39,3
T8,7,0,98,3
[175]
T1,0,0,48,1
T2,1,1,84,3
T3,2,1,196,17
T4,3,1,20,2
T5,4,0,200,4
T6,5,0,100,4
T7,6,1,120,1
T8,7,0,182,3
[176]
T1,0,0,182,12
T2,1,0,105,2
T3,2,0,48,2
T4,3,0,112,2
T5,4,0,25,2
T6,5,0,65,4
T7,6,1,200,4
T8,7,1,160,11
[177]
T1,0,1,31,2
T2,1,0,180,8
T3,2,1,175,8
T4,3,0,124,3
T5,4,1,105,6
T6,5,0,200,11
T7,6,0,126,1
T8,7,0,44,2
[178]
T1,0,0,48,2
T2,1,0,144,11
T3,2,1,200,5
T4,3,0,100,1
T5,4,1,184,2
T6,5,1,180,12
T7,6,0,135,5
T8,7,0,48,1
[179]
T1,0,0,50,1
T2,1,1,168,16
T3,2,1,114,2
T4,3,0,132,4
T5,4,1,95,5
T6,5,0,22,2
T7,6,0,168,2
T8,7,1,200,10
[180]
T1,0,0,51,1
T2,1,1,65,7
T3,2,1,180,5
T4,3,0,84,2
T5,4,0,30,2
T6,5,0,140,3
T7,6,0,156,4
T8,7,1,200,12
[181]
T1,0,1,90,5
T2,1,1,198,1
T3,2,1,33,2
T4,3,1,78,2
T5,4,0,35,2
T6,5,1,156,24
T7,6,0,104,3
T8,7,1,200,2
[182]
T1,0,1,200,2
T2,1,0,170,8
T3,2,0,68,3
T4,3,1,136,6
T5,4,0,156,3
T6,5,1,35,2
T7,6,0,35,1
T8,7,1,84,1
[183]
T1,0,1,35,2
T2,1,0,70,3
T3,2,1,154,15
T4,3,1,200,15
T5,4,0,140,3
T6,5,0,175,2
T7,6,0,112,1
T8,7,1,39,2
[184]
T1,0,0,28,2
T2,1,1,75,1
T3,2,0,150,1
T4,3,1,150,4
T5,4,1,80,7
T6,5,0,46,2
T7,6,0,200,14
T8,7,1,87,2
[185]
T1,0,0,200,2
T2,1,0,125,1
T3,2,0,190,14
T4,3,0,190,16
T5,4,1,40,2
T6,5,1,70,5
T7,6,1,33,2
T8,7,1,84,2
[186]
T1,0,0,168,10
T2,1,1,112,10
T3,2,1,25,2
T4,3,0,200,4
T5,4,0,192,4
T6,5,1,65,4
T7,6,0,39,2
T8,7,0,70,2
[187]
T1,0,0,140,15
T2,1,0,45,2
T3,2,0,120,2
T4,3,0,200,1
T5,4,0,108,1
T6,5,1,198,5
T7,6,1,189,8
T8,7,1,51,2
[188]
T1,0,0,130,12
T2,1,1,65,2
T3,2,1,112,2
T4,3,0,175,5
T5,4,1,37,3
T6,5,0,200,3
T7,6,0,26,1
T8,7,0,195,2
[189]
T1,0,1,55,3
T2,1,0,180,4
T3,2,0,75,8
T4,3,0,200,3
T5,4,1,172,1
T6,5,1,110,2
T7,6,1,44,2
T8,7,1,39,1
[190]
T1,0,1,180,3
T2,1,0,85,1
T3,2,0,144,2
T4,3,0,40,5
T5,4,0,117,4
T6,5,0,170,1
T7,6,1,200,2
T8,7,1,47,1
[191]
T1,0,0,24,2
T2,1,0,195,2
T3,2,0,195,10
T4,3,0,105,1
T5,4,1,55,1
T6,5,1,200,2
T7,6,0,104,2
T8,7,1,44,7
[192]
T1,0,0,80,2
T2,1,0,189,12
T3,2,0,147,4
T4,3,1,180,2
T5,4,0,35,2
T6,5,1,200,15
T7,6,0,90,3
T8,7,0,50,1
[193]
T1,0,1,160,2
T2,1,1,200,16
T3,2,0,192,7
T4,3,1,52,3
T5,4,0,34,1
T6,5,0,96,4
T7,6,0,102,2
T8,7,1,120,1
[194]
T1,0,0,25,1
T2,1,1,200,24
T3,2,1,150,5
T4,3,0,62,2
T5,4,1,80,2
T6,5,1,112,2
T7,6,0,155,2
T8,7,1,28,1
[195]
T1,0,1,91,1
T2,1,1,90,7
T3,2,1,160,1
T4,3,0,46,3
T5,4,0,24,1
T6,5,1,144,6
T7,6,0,175,3
T8,7,0,200,2
[196]
T1,0,1,144,1
T2,1,0,115,2
T3,2,1,63,1
T4,3,1,180,4
T5,4,0,200,2
T6,5,1,21,2
T7,6,0,150,3
T8,7,0,44,4
[197]
T1,0,1,96,5
T2,1,0,100,2
T3,2,1,200,9
T4,3,0,150,4
T5,4,0,85,3
T6,5,0,39,1
T7,6,0,39,1
T8,7,1,170,1
[198]
T1,0,0,180,6
T2,1,0,90,6
T3,2,0,75,5
T4,3,1,185,5
T5,4,0,46,2
T6,5,1,56,2
T7,6,0,200,1
T8,7,0,40,2
[199]
T1,0,1,200,2
T2,1,1,165,1
T3,2,1,20,2
T4,3,0,198,22
T5,4,1,22,2
T6,5,1,99,2
T7,6,0,104,5
T8,7,0,110,9
[200]
T1,0,0,200,6
T2,1,1,180,6
T3,2,1,21,2
T4,3,1,70,2
T5,4,1,48,2
T6,5,1,81,2
T7,6,0,192,15
T8,7,1,63,4
[201]
T1,0,1,200,1
T2,1,1,160,2
T3,2,1,142,18
T4,3,0,160,2
T5,4,0,96,5
T6,5,1,26,1
T7,6,0,20,2
T8,7,0,80,2
[202]
T1,0,0,75,1
T2,1,0,37,2
T3,2,0,119,4
T4,3,1,200,2
T5,4,0,136,8
T6,5,0,52,3
T7,6,0,168,1
T8,7,1,175,1
[203]
T1,0,0,180,13
T2,1,1,49,1
T3,2,0,88,1
T4,3,0,33,1
T5,4,0,104,1
T6,5,0,195,11
T7,6,0,78,4
T8,7,0,200,3
[204]
T1,0,0,140,7
T2,1,0,120,14
T3,2,0,46,2
T4,3,1,160,2
T5,4,1,64,2
T6,5,0,160,3
T7,6,1,200,2
T8,7,0,49,3
[205]
T1,0,0,200,8
T2,1,1,100,1
T3,2,0,130,2
T4,3,1,72,4
T5,4,0,48,1
T6,5,1,169,10
T7,6,1,195,3
T8,7,0,52,3
[206]
T1,0,0,120,6
T2,1,1,36,2
T3,2,1,56,5
T4,3,0,21,1
T5,4,1,165,1
T6,5,0,200,2
T7,6,0,102,2
T8,7,0,175,7
[207]
T1,0,0,72,1
T2,1,0,104,5
T3,2,1,195,5
T4,3,1,171,7
T5,4,1,25,1
T6,5,0,26,2
T7,6,0,117,2
T8,7,0,200,13
[208]
T1,0,0,75,3
T2,1,0,40,2
T3,2,1,200,31
T4,3,1,87,2
T5,4,0,160,2
T6,5,1,156,1
T7,6,1,39,2
T8,7,1,100,6
[209]
T1,0,1,25,2
T2,1,1,200,2
T3,2,1,43,2
T4,3,0,132,2
T5,4,1,165,2
T6,5,0,154,2
T7,6,0,80,5
T8,7,1,66,9
[210]
T1,0,0,160,5
T2,1,0,116,2
T3,2,1,200,6
T4,3,1,160,1
T5,4,0,39,1
T6,5,0,29,2
T7,6,0,100,11
T8,7,1,90,6
[211]
T1,0,1,35,1
T2,1,0,200,1
T3,2,0,64,1
T4,3,0,182,6
T5,4,0,100,10
T6,5,0,65,1
T7,6,1,32,1
T8,7,0,182,2
[212]
T1,0,1,36,2
T2,1,0,168,8
T3,2,0,126,2
T4,3,0,28,1
T5,4,1,200,15
T6,5,1,72,2
T7,6,1,175,2
T8,7,1,88,3
[213]
T1,0,1,200,8
T2,1,0,195,9
T3,2,1,24,2
T4,3,0,91,7
T5,4,1,150,4
T6,5,0,44,2
T7,6,0,66,4
T8,7,0,100,2
[214]
T1,0,1,117,9
T2,1,0,78,9
T3,2,0,40,2
T4,3,1,200,9
T5,4,1,44,2
T6,5,1,165,2
T7,6,0,176,2
T8,7,1,65,2
[215]
T1,0,0,200,1
T2,1,1,60,1
T3,2,1,37,2
T4,3,1,80,2
T5,4,0,162,8
T6,5,1,160,12
T7,6,1,24,1
T8,7,0,120,2
[216]
T1,0,1,66,1
T2,1,1,200,2
T3,2,0,43,2
T4,3,1,64,7
T5,4,1,66,2
T6,5,1,176,8
T7,6,0,30,2
T8,7,1,187,9
[217]
T1,0,1,100,2
T2,1,1,200,3
T3,2,0,175,19
T4,3,1,72,4
T5,4,1,45,1
T6,5,1,155,4
T7,6,1,31,1
T8,7,1,72,2
[218]
T1,0,0,128,2
T2,1,0,70,1
T3,2,1,165,1
T4,3,1,40,2
T5,4,0,154,10
T6,5,1,200,3
T7,6,1,88,12
T8,7,0,33,2
[219]
T1,0,0,165,5
T2,1,1,90,4
T3,2,1,43,1
T4,3,0,100,1
T5,4,1,200,6
T6,5,0,110,6
T7,6,1,189,1
T8,7,0,25,1
[220]
T1,0,1,99,4
T2,1,1,198,4
T3,2,1,200,5
T4,3,0,29,2
T5,4,1,93,12
T6,5,1,180,3
T7,6,0,75,1
T8,7,1,22,2
[221]
T1,0,1,152,7
T2,1,1,36,6
T3,2,1,60,2
T4,3,0,165,2
T5,4,0,200,2
T6,5,0,90,2
T7,6,1,76,1
T8,7,1,20,2
[222]
T1,0,0,200,2
T2,1,1,153,2
T3,2,0,52,2
T4,3,0,75,5
T5,4,0,160,2
T6,5,0,126,5
T7,6,0,45,2
T8,7,1,80,11
[223]
T1,0,0,200,13
T2,1,1,190,4
T3,2,1,31,2
T4,3,0,171,5
T5,4,0,144,6
T6,5,1,24,2
T7,6,0,55,2
T8,7,0,80,2
[224]
T1,0,1,24,1
T2,1,0,128,2
T3,2,1,28,1
T4,3,0,180,4
T5,4,1,132,11
T6,5,1,120,2
T7,6,0,200,12
T8,7,0,180,2
[225]
T1,0,0,66,2
T2,1,1,132,4
T3,2,0,135,12
T4,3,0,156,2
T5,4,1,22,2
T6,5,1,195,6
T7,6,0,200,5
T8,7,1,37,1
[226]
T1,0,0,144,15
T2,1,0,34,2
T3,2,1,60,2
T4,3,1,152,9
T5,4,0,200,4
T6,5,1,40,2
T7,6,0,104,1
T8,7,1,156,1
[227]
T1,0,1,60,1
T2,1,0,54,2
T3,2,0,72,5
T4,3,0,48,2
T5,4,1,20,1
T6,5,0,168,7
T7,6,1,168,2
T8,7,0,200,2
[228]
T1,0,1,200,3
T2,1,0,64,6
T3,2,0,43,2
T4,3,0,42,3
T5,4,0,176,9
T6,5,0,77,2
T7,6,0,105,2
T8,7,1,175,2
[229]
T1,0,0,30,1
T2,1,0,183,2
T3,2,0,72,1
T4,3,0,120,1
T5,4,0,150,7
T6,5,0,200,5
T7,6,1,53,1
T8,7,1,61,7
[230]
T1,0,0,110,2
T2,1,1,91,13
T3,2,0,78,1
T4,3,0,24,1
T5,4,0,22,2
T6,5,0,168,1
T7,6,0,165,2
T8,7,1,200,1
[231]
T1,0,1,120,1
T2,1,0,50,1
T3,2,0,37,2
T4,3,0,200,2
T5,4,0,186,6
T6,5,1,72,1
T7,6,0,120,4
T8,7,1,170,23
[232]
T1,0,0,35,1
T2,1,0,114,2
T3,2,0,70,5
T4,3,1,175,1
T5,4,1,200,18
T6,5,0,31,2
T7,6,0,171,4
T8,7,0,135,5
[233]
T1,0,0,180,1
T2,1,0,100,1
T3,2,1,150,17
T4,3,0,52,4
T5,4,0,20,2
T6,5,1,64,1
T7,6,1,144,2
T8,7,0,200,3
[234]
T1,0,1,190,7
T2,1,1,150,1
T3,2,1,200,10
T4,3,1,48,2
T5,4,0,99,1
T6,5,1,114,1
T7,6,1,30,2
T8,7,0,144,13
[235]
T1,0,1,200,4
T2,1,0,162,2
T3,2,1,189,6
T4,3,0,60,7
T5,4,1,22,2
T6,5,1,21,2
T7,6,0,64,2
T8,7,1,96,3
[236]
T1,0,0,25,2
T2,1,1,180,3
T3,2,0,172,20
T4,3,1,100,3
T5,4,0,50,2
T6,5,0,70,2
T7,6,0,75,3
T8,7,1,200,1
[237]
T1,0,1,24,2
T2,1,1,72,4
T3,2,1,72,3
T4,3,0,160,7
T5,4,1,150,2
T6,5,1,57,1
T7,6,1,35,2
T8,7,0,200,2
[238]
T1,0,1,135,2
T2,1,1,78,1
T3,2,0,175,3
T4,3,0,56,1
T5,4,1,180,16
T6,5,0,26,2
T7,6,0,200,5
T8,7,0,39,2
[239]
T1,0,0,200,10
T2,1,1,36,1
T3,2,1,150,2
T4,3,0,42,2
T5,4,0,160,9
T6,5,0,64,2
T7,6,0,64,2
T8,7,1,132,2
[240]
T1,0,1,200,9
T2,1,1,153,5
T3,2,0,136,9
T4,3,0,45,2
T5,4,1,135,8
T6,5,0,50,2
T7,6,0,180,11
T8,7,1,70,2
[241]
T1,0,1,72,5
T2,1,1,128,3
T3,2,0,150,7
T4,3,0,39,1
T5,4,1,180,5
T6,5,0,100,6
T7,6,0,200,2
T8,7,1,46,2
[242]
T1,0,0,184,1
T2,1,0,72,4
T3,2,0,200,24
T4,3,1,120,2
T5,4,1,53,2
T6,5,0,68,1
T7,6,1,30,2
T8,7,0,170,9
[243]
T1,0,1,53,2
T2,1,1,27,2
T3,2,0,168,32
T4,3,0,200,3
T5,4,0,57,2
T6,5,1,90,2
T7,6,1,84,1
T8,7,0,150,2
[244]
T1,0,0,132,1
T2,1,0,154,2
T3,2,1,60,1
T4,3,0,120,4
T5,4,1,34,4
T6,5,1,35,2
T7,6,0,200,1
T8,7,0,152,2
[245]
T1,0,0,130,4
T2,1,0,72,1
T3,2,0,48,2
T4,3,1,150,2
T5,4,0,104,2
T6,5,1,200,24
T7,6,1,176,4
T8,7,0,37,1
[246]
T1,0,0,60,2
T2,1,0,57,2
T3,2,1,152,7
T4,3,0,154,2
T5,4,1,50,2
T6,5,1,38,1
T7,6,0,200,2
T8,7,1,132,13
[247]
T1,0,1,189,5
T2,1,1,34,1
T3,2,0,180,16
T4,3,1,42,2
T5,4,1,200,10
T6,5,0,72,2
T7,6,1,108,1
T8,7,1,69,3
[248]
T1,0,1,102,4
T2,1,0,51,1
T3,2,0,200,2
T4,3,0,170,5
T5,4,1,189,2
T6,5,1,100,14
T7,6,1,68,1
T8,7,1,27,2
[249]
T1,0,0,21,2
T2,1,0,180,2
T3,2,0,200,6
T4,3,1,120,1
T5,4,0,108,2
T6,5,0,153,10
T7,6,1,27,1
T8,7,1,90,8
[250]
T1,0,0,200,8
T2,1,1,20,2
T3,2,0,140,2
T4,3,1,22,1
T5,4,1,198,16
T6,5,1,110,8
T7,6,1,140,1
T8,7,0,154,2
[251]
T1,0,1,200,8
T2,1,0,60,2
T3,2,1,45,1
T4,3,0,195,9
T5,4,1,65,3
T6,5,1,75,3
T7,6,1,185,2
T8,7,0,52,2
[252]
T1,0,0,42,1
T2,1,1,112,4
T3,2,1,84,3
T4,3,0,100,10
T5,4,0,42,2
T6,5,1,200,4
T7,6,0,160,6
T8,7,0,148,3
[253]
T1,0,1,28,2
T2,1,1,40,2
T3,2,1,200,13
T4,3,0,160,2
T5,4,1,90,4
T6,5,1,64,2
T7,6,1,192,17
T8,7,0,141,5
[254]
T1,0,1,200,2
T2,1,0,150,1
T3,2,0,30,3
T4,3,0,90,2
T5,4,1,162,16
T6,5,1,38,1
T7,6,0,94,1
T8,7,0,94,2
[255]
T1,0,0,152,4
T2,1,1,60,2
T3,2,1,132,5
T4,3,0,40,1
T5,4,0,152,4
T6,5,1,200,10
T7,6,0,39,2
T8,7,0,105,2
[256]
T1,0,0,78,8
T2,1,0,60,1
T3,2,0,160,2
T4,3,1,28,2
T5,4,0,195,3
T6,5,0,112,3
T7,6,1,49,1
T8,7,0,200,1
[257]
T1,0,1,168,7
T2,1,0,136,5
T3,2,1,102,2
T4,3,0,150,15
T5,4,1,200,7
T6,5,1,48,2
T7,6,0,21,2
T8,7,0,60,2
[258]
T1,0,0,180,6
T2,1,1,120,5
T3,2,0,69,1
T4,3,0,156,4
T5,4,1,200,9
T6,5,1,46,1
T7,6,0,69,3
T8,7,1,45,1
[259]
T1,0,1,150,2
T2,1,0,48,2
T3,2,1,120,11
T4,3,0,200,6
T5,4,0,198,2
T6,5,0,100,1
T7,6,1,43,2
T8,7,0,60,4
[260]
T1,0,0,150,15
T2,1,1,165,10
T3,2,1,200,5
T4,3,0,140,1
T5,4,0,54,2
T6,5,1,25,1
T7,6,1,144,5
T8,7,0,44,2
[261]
T1,0,1,119,1
T2,1,0,28,2
T3,2,1,175,2
T4,3,0,200,4
T5,4,0,116,2
T6,5,1,53,1
T7,6,0,119,16
T8,7,0,170,6
[262]
T1,0,0,171,4
T2,1,0,72,3
T3,2,1,46,2
T4,3,1,90,2
T5,4,0,27,2
T6,5,0,150,2
T7,6,0,138,4
T8,7,1,200,1
[263]
T1,0,0,100,2
T2,1,1,182,2
T3,2,0,200,15
T4,3,0,154,10
T5,4,1,33,2
T6,5,1,112,4
T7,6,0,55,2
T8,7,1,52,2
[264]
T1,0,1,88,2
T2,1,0,200,12
T3,2,0,175,10
T4,3,0,90,1
T5,4,1,21,1
T6,5,1,165,5
T7,6,0,47,2
T8,7,1,96,3
[265]
T1,0,0,90,2
T2,1,0,25,2
T3,2,1,157,2
T4,3,0,60,2
T5,4,1,200,8
T6,5,0,48,2
T7,6,1,72,5
T8,7,0,180,8
[266]
T1,0,0,78,1
T2,1,0,160,3
T3,2,0,21,2
T4,3,1,200,12
T5,4,1,21,2
T6,5,1,105,13
T7,6,0,75,2
T8,7,1,182,10
[267]
T1,0,0,175,18
T2,1,0,77,2
T3,2,1,200,3
T4,3,1,47,2
T5,4,0,35,2
T6,5,1,140,1
T7,6,1,86,6
T8,7,0,172,2
[268]
T1,0,1,200,5
T2,1,1,156,14
T3,2,1,104,2
T4,3,0,24,2
T5,4,1,156,2
T6,5,1,135,2
T7,6,1,104,2
T8,7,1,22,3
[269]
T1,0,1,154,16
T2,1,0,75,1
T3,2,1,140,4
T4,3,0,33,2
T5,4,0,200,3
T6,5,0,60,1
T7,6,1,175,14
T8,7,0,35,2
[270]
T1,0,0,31,2
T2,1,0,56,3
T3,2,1,66,2
T4,3,1,51,5
T5,4,0,187,1
T6,5,0,187,4
T7,6,0,200,4
T8,7,0,136,3
[271]
T1,0,1,168,6
T2,1,1,104,8
T3,2,1,200,2
T4,3,1,26,2
T5,4,1,182,11
T6,5,0,66,1
T7,6,0,105,3
T8,7,0,21,2
[272]
T1,0,1,42,2
T2,1,1,200,11
T3,2,0,170,4
T4,3,1,75,2
T5,4,0,30,2
T6,5,0,140,7
T7,6,0,196,7
T8,7,1,75,2
[273]
T1,0,1,182,4
T2,1,1,96,3
T3,2,1,200,6
T4,3,1,175,3
T5,4,1,63,3
T6,5,1,20,2
T7,6,1,60,2
T8,7,0,32,2
[274]
T1,0,0,72,2
T2,1,1,50,3
T3,2,0,32,2
T4,3,1,125,7
T5,4,0,200,8
T6,5,0,152,2
T7,6,0,114,2
T8,7,1,150,3
[275]
T1,0,0,32,2
T2,1,1,140,9
T3,2,1,168,4
T4,3,0,180,2
T5,4,1,200,4
T6,5,0,60,2
T7,6,0,144,16
T8,7,1,29,2
[276]
T1,0,0,187,2
T2,1,1,200,13
T3,2,0,110,4
T4,3,1,34,2
T5,4,1,60,5
T6,5,0,75,1
T7,6,1,32,1
T8,7,0,150,1
[277]
T1,0,1,200,20
T2,1,0,140,1
T3,2,1,150,2
T4,3,0,140,2
T5,4,0,37,2
T6,5,1,50,1
T7,6,1,161,17
T8,7,0,96,2
[278]
T1,0,1,200,7
T2,1,1,150,3
T3,2,1,168,3
T4,3,1,75,2
T5,4,0,40,2
T6,5,0,130,19
T7,6,0,64,2
T8,7,1,40,2
[279]
T1,0,1,124,7
T2,1,1,200,7
T3,2,0,128,4
T4,3,0,62,2
T5,4,0,155,1
T6,5,0,160,2
T7,6,0,51,4
T8,7,0,32,1
[280]
T1,0,0,77,5
T2,1,1,46,2
T3,2,0,176,23
T4,3,0,180,6
T5,4,1,20,2
T6,5,0,200,2
T7,6,0,88,2
T8,7,1,140,2
[281]
T1,0,0,145,3
T2,1,0,84,4
T3,2,1,180,3
T4,3,1,145,2
T5,4,0,200,10
T6,5,1,43,2
T7,6,1,30,1
T8,7,0,168,11
[282]
T1,0,0,51,2
T2,1,0,70,1
T3,2,0,160,11
T4,3,1,30,2
T5,4,1,63,2
T6,5,1,84,2
T7,6,0,200,5
T8,7,1,153,14
[283]
T1,0,1,136,2
T2,1,0,102,1
T3,2,1,150,2
T4,3,0,41,2
T5,4,0,95,2
T6,5,1,50,2
T7,6,1,200,35
T8,7,1,150,2
[284]
T1,0,1,25,2
T2,1,0,192,1
T3,2,1,95,3
T4,3,0,84,5
T5,4,0,50,2
T6,5,1,96,2
T7,6,0,200,4
T8,7,0,192,2
[285]
T1,0,0,50,2
T2,1,1,148,2
T3,2,0,44,2
T4,3,1,55,2
T5,4,1,150,21
T6,5,1,111,2
T7,6,1,80,1
T8,7,0,200,4
[286]
T1,0,0,140,15
T2,1,1,80,2
T3,2,0,52,3
T4,3,1,147,2
T5,4,1,168,1
T6,5,0,35,1
T7,6,1,192,4
T8,7,0,200,12
[287]
T1,0,1,28,2
T2,1,1,200,3
T3,2,1,126,1
T4,3,1,150,3
T5,4,0,156,1
T6,5,1,100,4
T7,6,0,30,5
T8,7,0,108,1
[288]
T1,0,0,175,12
T2,1,1,75,2
T3,2,1,30,2
T4,3,0,46,2
T5,4,0,200,14
T6,5,0,150,8
T7,6,1,100,3
T8,7,1,112,2
[289]
T1,0,1,25,2
T2,1,0,44,2
T3,2,1,90,3
T4,3,1,63,8
T5,4,1,200,6
T6,5,0,198,4
T7,6,0,84,1
T8,7,0,165,7
[290]
T1,0,1,154,2
T2,1,1,200,20
T3,2,0,72,1
T4,3,1,189,3
T5,4,0,51,1
T6,5,0,66,5
T7,6,1,99,2
T8,7,0,24,2
[291]
T1,0,1,136,13
T2,1,0,100,2
T3,2,1,20,2
T4,3,0,200,8
T5,4,1,51,2
T6,5,0,170,5
T7,6,0,164,1
T8,7,1,56,2
[292]
T1,0,0,200,16
T2,1,0,60,1
T3,2,0,84,1
T4,3,1,168,1
T5,4,0,41,1
T6,5,1,79,2
T7,6,0,28,2
T8,7,0,150,9
[293]
T1,0,0,155,2
T2,1,1,200,5
T3,2,0,38,1
T4,3,1,30,1
T5,4,1,160,2
T6,5,0,100,3
T7,6,0,112,6
T8,7,1,112,8
[294]
T1,0,1,144,2
T2,1,1,96,1
T3,2,1,45,2
T4,3,1,180,5
T5,4,0,136,7
T6,5,0,200,11
T7,6,0,168,7
T8,7,1,20,2
[295]
T1,0,0,160,17
T2,1,1,39,2
T3,2,0,114,2
T4,3,0,60,2
T5,4,0,176,2
T6,5,1,57,1
T7,6,0,200,22
T8,7,0,38,1
[296]
T1,0,1,176,5
T2,1,1,66,4
T3,2,1,20,2
T4,3,0,43,2
T5,4,1,143,18
T6,5,0,165,1
T7,6,0,132,2
T8,7,0,200,4
[297]
T1,0,0,155,5
T2,1,0,168,9
T3,2,1,26,2
T4,3,0,30,2
T5,4,1,200,22
T6,5,1,98,2
T7,6,1,124,1
T8,7,1,62,3
[298]
T1,0,1,84,5
T2,1,0,70,2
T3,2,0,140,13
T4,3,0,200,8
T5,4,1,168,6
T6,5,1,27,2
T7,6,1,171,2
T8,7,0,33,2
[299]
T1,0,1,168,6
T2,1,1,180,5
T3,2,0,21,2
T4,3,1,70,1
T5,4,1,49,1
T6,5,0,200,18
T7,6,0,132,1
T8,7,1,70,2
[300]
T1,0,1,150,7
T2,1,0,21,2
T3,2,1,55,4
T4,3,1,46,1
T5,4,0,200,4
T6,5,0,165,4
T7,6,1,77,1
T8,7,0,85,3
[301]
T1,0,0,87,2
T2,1,1,174,12
T3,2,1,180,2
T4,3,0,200,7
T5,4,0,35,2
T6,5,1,90,6
T7,6,0,40,2
T8,7,0,84,1
[302]
T1,0,0,49,2
T2,1,0,170,3
T3,2,1,120,2
T4,3,0,64,2
T5,4,0,150,18
T6,5,0,102,7
T7,6,1,200,2
T8,7,1,22,2
[303]
T1,0,1,200,2
T2,1,1,60,2
T3,2,1,44,4
T4,3,0,180,3
T5,4,0,150,9
T6,5,1,80,2
T7,6,0,53,2
T8,7,0,105,4
[304]
T1,0,0,200,4
T2,1,1,180,2
T3,2,1,26,2
T4,3,1,125,2
T5,4,1,165,14
T6,5,1,126,6
T7,6,1,84,1
T8,7,0,36,1
[305]
T1,0,1,60,1
T2,1,1,75,1
T3,2,1,90,1
T4,3,1,164,8
T5,4,1,180,13
T6,5,0,52,2
T7,6,1,36,2
T8,7,1,200,19
[306]
T1,0,1,200,27
T2,1,0,25,2
T3,2,1,185,3
T4,3,0,100,2
T5,4,0,56,4
T6,5,1,120,2
T7,6,1,168,1
T8,7,0,39,1
[307]
T1,0,1,150,5
T2,1,1,200,7
T3,2,0,170,7
T4,3,0,85,2
T5,4,1,48,2
T6,5,1,30,1
T7,6,0,90,2
T8,7,0,115,10
[308]
T1,0,0,200,10
T2,1,1,129,1
T3,2,1,165,11
T4,3,1,45,2
T5,4,0,120,4
T6,5,0,172,2
T7,6,0,22,2
T8,7,1,132,11
[309]
T1,0,1,75,2
T2,1,1,51,1
T3,2,1,200,3
T4,3,1,165,1
T5,4,1,53,4
T6,5,0,144,1
T7,6,1,180,5
T8,7,0,66,5
[310]
T1,0,1,194,12
T2,1,1,48,1
T3,2,0,120,1
T4,3,0,48,2
T5,4,1,200,2
T6,5,1,80,4
T7,6,0,175,3
T8,7,1,75,4
[311]
T1,0,1,39,2
T2,1,1,98,7
T3,2,0,156,2
T4,3,1,52,2
T5,4,1,104,2
T6,5,0,200,2
T7,6,0,130,5
T8,7,0,175,14
[312]
T1,0,1,42,2
T2,1,1,150,2
T3,2,0,143,11
T4,3,1,156,15
T5,4,1,88,2
T6,5,0,200,2
T7,6,1,78,2
T8,7,0,30,1
[313]
T1,0,1,144,10
T2,1,1,27,1
T3,2,1,200,2
T4,3,1,180,2
T5,4,0,45,2
T6,5,1,66,5
T7,6,1,130,3
T8,7,0,165,2
[314]
T1,0,1,41,2
T2,1,0,200,7
T3,2,1,60,2
T4,3,1,198,9
T5,4,1,100,3
T6,5,1,32,1
T7,6,1,75,2
T8,7,1,198,5
[315]
T1,0,1,27,2
T2,1,1,200,17
T3,2,1,130,9
T4,3,0,144,2
T5,4,1,78,2
T6,5,0,189,6
T7,6,1,35,2
T8,7,0,150,2
[316]
T1,0,1,200,10
T2,1,0,64,3
T3,2,0,162,1
T4,3,1,45,2
T5,4,0,90,2
T6,5,0,72,5
T7,6,1,192,11
T8,7,1,20,2
[317]
T1,0,1,88,6
T2,1,0,200,4
T3,2,0,187,4
T4,3,0,34,2
T5,4,1,120,2
T6,5,1,102,1
T7,6,1,44,2
T8,7,0,198,21
[318]
T1,0,0,108,1
T2,1,1,176,6
T3,2,1,24,2
T4,3,0,140,1
T5,4,1,110,13
T6,5,0,168,2
T7,6,1,200,7
T8,7,0,36,1
[319]
T1,0,0,75,2
T2,1,1,37,2
T3,2,0,72,2
T4,3,0,174,9
T5,4,0,200,22
T6,5,1,171,4
T7,6,1,30,2
T8,7,1,116,1
[320]
T1,0,1,140,7
T2,1,1,175,22
T3,2,0,120,2
T4,3,0,84,2
T5,4,1,200,9
T6,5,1,42,2
T7,6,0,48,2
T8,7,1,150,1
[321]
T1,0,1,100,2
T2,1,1,200,1
T3,2,0,154,8
T4,3,1,150,2
T5,4,0,56,1
T6,5,0,45,3
T7,6,0,20,2
T8,7,1,55,5
[322]
T1,0,0,31,1
T2,1,0,119,2
T3,2,1,160,4
T4,3,0,49,4
T5,4,0,136,2
T6,5,1,200,3
T7,6,1,196,11
T8,7,1,98,2
[323]
T1,0,0,165,4
T2,1,1,37,2
T3,2,0,196,4
T4,3,0,25,1
T5,4,0,80,5
T6,5,1,70,1
T7,6,0,98,7
T8,7,0,200,2
[324]
T1,0,1,105,2
T2,1,0,168,3
T3,2,1,115,7
T4,3,0,184,19
T5,4,1,27,2
T6,5,0,31,2
T7,6,0,84,1
T8,7,1,200,2
[325]
T1,0,0,180,5
T2,1,1,28,2
T3,2,0,200,8
T4,3,1,43,5
T5,4,0,90,2
T6,5,0,150,10
T7,6,0,112,2
T8,7,1,133,2
[326]
T1,0,0,20,1
T2,1,1,54,2
T3,2,0,63,2
T4,3,0,200,12
T5,4,1,180,8
T6,5,1,189,1
T7,6,0,100,8
T8,7,1,23,2
[327]
T1,0,1,27,2
T2,1,1,168,17
T3,2,1,105,1
T4,3,0,63,2
T5,4,0,150,3
T6,5,0,200,17
T7,6,0,30,1
T8,7,0,81,2
[328]
T1,0,0,52,2
T2,1,0,100,2
T3,2,1,145,15
T4,3,0,174,10
T5,4,0,200,2
T6,5,0,51,1
T7,6,1,65,3
T8,7,1,180,2
[329]
T1,0,0,192,2
T2,1,1,184,1
T3,2,0,60,3
T4,3,0,200,20
T5,4,0,23,2
T6,5,1,115,2
T7,6,1,100,4
T8,7,0,30,1
[330]
T1,0,1,200,6
T2,1,0,120,1
T3,2,0,50,1
T4,3,1,186,2
T5,4,0,128,7
T6,5,1,100,6
T7,6,0,22,1
T8,7,1,192,5
[331]
T1,0,0,44,1
T2,1,0,160,2
T3,2,1,160,3
T4,3,0,88,13
T5,4,1,143,1
T6,5,0,200,5
T7,6,0,110,3
T8,7,0,32,2
[332]
T1,0,1,66,3
T2,1,1,33,2
T3,2,1,190,5
T4,3,0,200,7
T5,4,1,150,8
T6,5,0,132,7
T7,6,0,75,1
T8,7,0,51,1
[333]
T1,0,0,150,1
T2,1,1,68,2
T3,2,0,50,2
T4,3,0,136,17
T5,4,1,68,4
T6,5,0,28,2
T7,6,1,200,7
T8,7,0,196,4
[334]
T1,0,0,50,3
T2,1,0,168,3
T3,2,1,55,1
T4,3,1,31,1
T5,4,1,78,1
T6,5,1,200,10
T7,6,0,105,5
T8,7,1,156,1
[335]
T1,0,0,38,2
T2,1,1,90,6
T3,2,0,100,4
T4,3,0,36,1
T5,4,1,130,14
T6,5,1,156,1
T7,6,1,200,3
T8,7,1,176,2
[336]
T1,0,1,189,8
T2,1,0,66,2
T3,2,1,34,2
T4,3,1,33,1
T5,4,1,75,5
T6,5,1,70,1
T7,6,0,154,6
T8,7,0,200,11
[337]
T1,0,0,56,2
T2,1,0,35,2
T3,2,1,20,2
T4,3,0,155,1
T5,4,1,160,23
T6,5,1,200,1
T7,6,0,100,2
T8,7,0,128,9
[338]
T1,0,0,200,12
T2,1,0,95,2
T3,2,1,152,11
T4,3,1,31,1
T5,4,1,120,4
T6,5,1,49,2
T7,6,0,150,3
T8,7,0,114,2
[339]
T1,0,1,147,9
T2,1,1,32,2
T3,2,1,140,2
T4,3,1,50,4
T5,4,1,200,1
T6,5,0,70,1
T7,6,1,160,2
T8,7,0,96,2
[340]
T1,0,0,160,12
T2,1,1,42,1
T3,2,0,84,1
T4,3,0,39,2
T5,4,1,84,1
T6,5,0,200,8
T7,6,0,56,2
T8,7,0,150,4
[341]
T1,0,0,133,7
T2,1,0,80,1
T3,2,1,95,2
T4,3,1,26,2
T5,4,1,20,1
T6,5,1,190,13
T7,6,1,176,5
T8,7,0,200,1
[342]
T1,0,0,105,2
T2,1,0,96,10
T3,2,0,200,10
T4,3,1,24,2
T5,4,0,20,2
T6,5,0,168,13
T7,6,1,96,2
T8,7,1,162,2
[343]
T1,0,0,62,1
T2,1,1,200,3
T3,2,0,30,2
T4,3,0,30,3
T5,4,0,160,2
T6,5,0,140,4
T7,6,1,120,5
T8,7,0,150,6
[344]
T1,0,0,47,2
T2,1,1,56,1
T3,2,0,200,9
T4,3,1,27,2
T5,4,1,150,2
T6,5,1,196,8
T7,6,0,126,6
T8,7,0,140,15
[345]
T1,0,0,75,2
T2,1,0,136,3
T3,2,1,200,14
T4,3,0,198,11
T5,4,0,40,1
T6,5,0,37,2
T7,6,0,120,2
T8,7,1,176,12
[346]
T1,0,0,21,2
T2,1,0,152,1
T3,2,0,40,1
T4,3,1,85,2
T5,4,0,102,2
T6,5,0,80,2
T7,6,0,200,30
T8,7,1,190,2
[347]
T1,0,0,46,2
T2,1,0,184,12
T3,2,0,200,2
T4,3,1,100,1
T5,4,1,92,1
T6,5,0,80,4
T7,6,0,33,3
T8,7,1,188,5
[348]
T1,0,0,200,6
T2,1,1,175,9
T3,2,1,29,2
T4,3,0,50,6
T5,4,1,144,2
T6,5,0,60,2
T7,6,1,168,4
T8,7,0,91,2
[349]
T1,0,1,30,2
T2,1,1,60,2
T3,2,1,80,2
T4,3,0,200,1
T5,4,1,125,13
T6,5,1,26,1
T7,6,1,198,3
T8,7,1,165,12
[350]
T1,0,1,77,2
T2,1,0,112,1
T3,2,0,132,6
T4,3,0,34,2
T5,4,1,200,5
T6,5,0,180,12
T7,6,1,175,4
T8,7,0,27,2
[351]
T1,0,0,198,3
T2,1,0,88,3
T3,2,1,36,2
T4,3,1,150,7
T5,4,1,63,2
T6,5,0,49,2
T7,6,0,70,9
T8,7,1,200,3
[352]
T1,0,1,72,2
T2,1,0,60,1
T3,2,1,150,8
T4,3,0,52,2
T5,4,1,50,8
T6,5,1,200,2
T7,6,1,69,2
T8,7,0,162,3
[353]
T1,0,1,180,2
T2,1,0,54,1
T3,2,1,84,4
T4,3,0,150,4
T5,4,1,117,10
T6,5,0,63,1
T7,6,0,41,2
T8,7,0,200,2
[354]
T1,0,1,22,2
T2,1,1,200,7
T3,2,1,176,13
T4,3,0,176,9
T5,4,1,84,2
T6,5,1,52,2
T7,6,1,105,2
T8,7,0,56,2
[355]
T1,0,0,176,11
T2,1,0,96,3
T3,2,1,90,4
T4,3,1,50,2
T5,4,1,200,1
T6,5,0,180,10
T7,6,1,36,2
T8,7,1,81,2
[356]
T1,0,1,144,2
T2,1,0,76,5
T3,2,1,52,3
T4,3,1,171,2
T5,4,1,37,2
T6,5,1,100,5
T7,6,1,200,2
T8,7,0,171,9
[357]
T1,0,0,64,2
T2,1,0,84,4
T3,2,1,90,6
T4,3,0,200,5
T5,4,1,192,9
T6,5,0,30,2
T7,6,1,32,1
T8,7,1,168,1
[358]
T1,0,1,72,7
T2,1,1,32,2
T3,2,1,200,2
T4,3,0,176,3
T5,4,0,72,1
T6,5,1,150,7
T7,6,0,46,2
T8,7,1,132,8
[359]
T1,0,1,48,2
T2,1,0,25,2
T3,2,0,189,4
T4,3,0,112,12
T5,4,1,200,17
T6,5,0,100,1
T7,6,1,192,2
T8,7,1,90,2
[360]
T1,0,1,200,20
T2,1,0,48,2
T3,2,1,42,2
T4,3,1,90,3
T5,4,1,78,2
T6,5,0,84,4
T7,6,1,156,1
T8,7,0,182,4
[361]
T1,0,0,51,2
T2,1,0,36,3
T3,2,0,126,6
T4,3,0,170,12
T5,4,0,68,2
T6,5,1,170,1
T7,6,1,84,2
T8,7,0,200,5
[362]
T1,0,0,110,1
T2,1,1,58,2
T3,2,1,25,2
T4,3,0,174,6
T5,4,0,32,2
T6,5,1,180,12
T7,6,1,90,8
T8,7,1,200,6
[363]
T1,0,0,26,1
T2,1,1,117,5
T3,2,1,60,2
T4,3,1,156,8
T5,4,0,200,2
T6,5,1,45,1
T7,6,1,156,14
T8,7,1,70,2
[364]
T1,0,1,50,6
T2,1,0,125,2
T3,2,0,200,1
T4,3,1,184,2
T5,4,1,184,15
T6,5,0,56,2
T7,6,1,92,3
T8,7,1,20,2
[365]
T1,0,1,63,1
T2,1,0,38,2
T3,2,0,200,2
T4,3,0,24,2
T5,4,1,140,5
T6,5,0,140,1
T7,6,0,150,4
T8,7,0,192,7
[366]
T1,0,1,200,1
T2,1,1,80,3
T3,2,1,158,7
T4,3,1,60,8
T5,4,0,24,2
T6,5,1,45,2
T7,6,0,150,2
T8,7,0,90,2
[367]
T1,0,1,48,2
T2,1,0,200,7
T3,2,1,187,2
T4,3,0,99,1
T5,4,0,100,10
T6,5,1,80,3
T7,6,1,25,1
T8,7,0,187,6
[368]
T1,0,0,25,2
T2,1,0,70,3
T3,2,1,22,2
T4,3,1,140,11
T5,4,1,165,2
T6,5,1,80,2
T7,6,1,154,11
T8,7,0,200,6
[369]
T1,0,1,46,2
T2,1,0,80,2
T3,2,0,200,2
T4,3,0,95,8
T5,4,1,48,3
T6,5,1,80,4
T7,6,1,190,9
T8,7,1,160,2
[370]
T1,0,0,104,5
T2,1,0,200,2
T3,2,1,28,4
T4,3,1,182,5
T5,4,0,65,1
T6,5,1,72,1
T7,6,1,180,1
T8,7,0,32,2
[371]
T1,0,0,160,4
T2,1,1,54,3
T3,2,0,190,13
T4,3,1,200,9
T5,4,1,100,5
T6,5,0,38,2
T7,6,0,25,2
T8,7,0,75,2
[372]
T1,0,0,170,2
T2,1,1,136,14
T3,2,1,44,2
T4,3,1,52,2
T5,4,1,176,6
T6,5,0,200,17
T7,6,0,110,3
T8,7,0,68,2
[373]
T1,0,1,90,4
T2,1,1,196,18
T3,2,1,200,13
T4,3,0,126,1
T5,4,1,189,11
T6,5,1,30,2
T7,6,0,45,2
T8,7,1,105,2
[374]
T1,0,0,30,2
T2,1,1,165,4
T3,2,1,160,14
T4,3,0,132,12
T5,4,1,26,2
T6,5,0,200,10
T7,6,0,104,2
T8,7,0,104,2
[375]
T1,0,0,75,2
T2,1,0,28,2
T3,2,1,180,6
T4,3,0,102,7
T5,4,0,40,2
T6,5,1,200,1
T7,6,1,136,3
T8,7,0,165,6
[376]
T1,0,0,100,4
T2,1,0,186,1
T3,2,1,42,2
T4,3,1,41,2
T5,4,0,144,5
T6,5,0,200,1
T7,6,1,175,20
T8,7,0,100,6
[377]
T1,0,1,20,2
T2,1,0,72,1
T3,2,0,35,2
T4,3,1,110,2
T5,4,0,189,2
T6,5,1,144,4
T7,6,0,198,27
T8,7,0,200,8
[378]
T1,0,0,54,7
T2,1,0,200,2
T3,2,0,150,8
T4,3,1,102,2
T5,4,1,192,6
T6,5,0,45,2
T7,6,0,120,2
T8,7,1,23,2
[379]
T1,0,0,200,5
T2,1,0,171,2
T3,2,1,24,2
T4,3,1,102,6
T5,4,0,40,2
T6,5,0,57,9
T7,6,1,150,1
T8,7,0,75,2
[380]
T1,0,0,81,9
T2,1,0,174,5
T3,2,0,200,2
T4,3,1,150,1
T5,4,1,120,3
T6,5,1,48,1
T7,6,0,108,5
T8,7,0,27,2
[381]
T1,0,1,135,2
T2,1,1,38,2
T3,2,0,200,3
T4,3,1,180,32
T5,4,0,56,2
T6,5,1,144,5
T7,6,0,22,2
T8,7,1,150,6
[382]
T1,0,1,75,2
T2,1,1,25,1
T3,2,0,80,9
T4,3,1,51,2
T5,4,1,200,12
T6,5,1,160,1
T7,6,1,120,1
T8,7,1,150,5
[383]
T1,0,1,20,2
T2,1,0,198,2
T3,2,0,20,2
T4,3,0,189,1
T5,4,0,80,10
T6,5,0,90,1
T7,6,0,200,17
T8,7,1,120,5
[384]
T1,0,0,35,2
T2,1,1,136,2
T3,2,1,154,2
T4,3,0,105,9
T5,4,1,154,11
T6,5,0,66,2
T7,6,0,200,2
T8,7,0,43,1
[385]
T1,0,0,200,5
T2,1,1,84,2
T3,2,1,36,1
T4,3,1,175,2
T5,4,1,70,4
T6,5,1,120,2
T7,6,0,168,1
T8,7,0,38,3
[386]
T1,0,1,104,7
T2,1,1,116,9
T3,2,1,195,4
T4,3,1,160,2
T5,4,1,200,10
T6,5,1,65,1
T7,6,0,21,2
T8,7,1,52,2
[387]
T1,0,0,60,1
T2,1,1,160,19
T3,2,1,40,2
T4,3,1,200,2
T5,4,1,161,1
T6,5,1,64,2
T7,6,1,112,1
T8,7,1,45,3
[388]
T1,0,1,165,6
T2,1,1,121,6
T3,2,0,66,6
T4,3,0,165,1
T5,4,0,200,1
T6,5,1,48,1
T7,6,0,110,2
T8,7,1,43,1
[389]
T1,0,1,200,2
T2,1,0,88,2
T3,2,0,150,2
T4,3,1,58,2
T5,4,1,25,1
T6,5,0,132,9
T7,6,1,21,1
T8,7,1,165,7
[390]
T1,0,1,164,4
T2,1,1,48,1
T3,2,1,200,4
T4,3,0,39,1
T5,4,0,150,2
T6,5,1,100,2
T7,6,1,70,10
T8,7,1,120,2
[391]
T1,0,1,48,1
T2,1,0,200,10
T3,2,0,152,1
T4,3,1,57,2
T5,4,0,90,4
T6,5,1,38,2
T7,6,0,120,2
T8,7,1,156,16
[392]
T1,0,1,180,2
T2,1,1,24,1
T3,2,0,21,1
T4,3,1,91,2
T5,4,1,200,4
T6,5,0,120,2
T7,6,0,150,18
T8,7,0,60,2
[393]
T1,0,0,38,2
T2,1,1,50,2
T3,2,1,200,10
T4,3,0,165,3
T5,4,1,72,2
T6,5,0,88,5
T7,6,0,143,2
T8,7,0,198,5
[394]
T1,0,1,140,1
T2,1,1,42,2
T3,2,1,159,27
T4,3,1,84,1
T5,4,1,200,2
T6,5,1,37,2
T7,6,1,160,4
T8,7,1,100,3
[395]
T1,0,1,200,5
T2,1,0,55,1
T3,2,0,60,1
T4,3,0,33,2
T5,4,0,164,1
T6,5,1,30,1
T7,6,1,164,1
T8,7,0,60,9
[396]
T1,0,0,190,3
T2,1,1,200,2
T3,2,1,84,7
T4,3,0,160,7
T5,4,0,80,1
T6,5,1,44,1
T7,6,0,114,6
T8,7,1,21,2
[397]
T1,0,0,120,2
T2,1,0,74,2
T3,2,1,50,1
T4,3,1,200,18
T5,4,0,72,2
T6,5,1,180,9
T7,6,0,160,5
T8,7,1,34,1
[398]
T1,0,0,34,2
T2,1,1,126,2
T3,2,0,110,2
T4,3,1,33,2
T5,4,1,200,7
T6,5,1,198,19
T7,6,1,108,5
T8,7,0,198,3
[399]
T1,0,0,52,1
T2,1,0,175,3
T3,2,1,168,9
T4,3,1,122,9
T5,4,1,61,1
T6,5,0,120,2
T7,6,1,200,2
T8,7,0,48,4
[400]
T1,0,1,104,1
T2,1,0,37,2
T3,2,0,65,4
T4,3,0,100,2
T5,4,0,175,12
T6,5,1,200,6
T7,6,1,38,1
T8,7,0,182,1
[401]
T1,0,0,64,3
T2,1,0,200,2
T3,2,1,32,2
T4,3,0,192,5
T5,4,0,180,14
T6,5,0,130,8
T7,6,1,41,2
T8,7,1,104,3
[402]
T1,0,0,120,2
T2,1,1,100,2
T3,2,0,23,1
T4,3,0,44,1
T5,4,0,160,8
T6,5,1,162,3
T7,6,1,200,16
T8,7,0,88,2
[403]
T1,0,1,126,2
T2,1,1,100,2
T3,2,0,88,11
T4,3,1,175,2
T5,4,1,200,2
T6,5,0,196,11
T7,6,1,28,1
T8,7,1,50,2
[404]
T1,0,1,150,2
T2,1,1,152,5
T3,2,1,128,1
T4,3,1,24,1
T5,4,0,64,2
T6,5,0,47,5
T7,6,1,200,4
T8,7,0,128,2
[405]
T1,0,1,165,4
T2,1,1,135,4
T3,2,1,189,2
T4,3,1,200,8
T5,4,0,23,1
T6,5,1,120,5
T7,6,1,21,1
T8,7,1,84,3
[406]
T1,0,0,200,1
T2,1,1,184,2
T3,2,1,64,1
T4,3,1,45,4
T5,4,0,138,14
T6,5,1,160,2
T7,6,1,25,2
T8,7,0,69,2
[407]
T1,0,1,180,9
T2,1,0,74,2
T3,2,0,90,3
T4,3,1,200,19
T5,4,1,47,2
T6,5,1,25,2
T7,6,0,168,8
T8,7,0,84,1
[408]
T1,0,1,44,1
T2,1,0,72,4
T3,2,0,180,5
T4,3,1,40,2
T5,4,1,135,2
T6,5,1,173,10
T7,6,1,200,2
T8,7,1,90,6
[409]
T1,0,1,24,1
T2,1,0,90,2
T3,2,1,200,4
T4,3,1,36,1
T5,4,1,99,2
T6,5,1,56,1
T7,6,0,150,12
T8,7,0,198,5
[410]
T1,0,0,175,3
T2,1,1,186,2
T3,2,0,200,2
T4,3,1,46,1
T5,4,1,120,1
T6,5,0,100,7
T7,6,1,21,2
T8,7,1,93,2
[411]
T1,0,0,37,1
T2,1,0,48,4
T3,2,1,200,3
T4,3,1,100,2
T5,4,1,80,2
T6,5,1,175,15
T7,6,1,74,2
T8,7,1,175,1
[412]
T1,0,1,104,6
T2,1,0,195,12
T3,2,1,80,1
T4,3,0,150,5
T5,4,1,24,2
T6,5,1,58,4
T7,6,1,49,2
T8,7,1,200,1
[413]
T1,0,0,30,2
T2,1,1,168,2
T3,2,1,60,2
T4,3,0,200,12
T5,4,1,33,2
T6,5,0,105,4
T7,6,1,195,10
T8,7,0,64,2
[414]
T1,0,0,152,2
T2,1,0,63,5
T3,2,0,57,2
T4,3,0,168,1
T5,4,0,200,21
T6,5,0,32,2
T7,6,0,25,2
T8,7,0,144,5
[415]
T1,0,0,22,2
T2,1,0,200,9
T3,2,0,26,2
T4,3,1,62,1
T5,4,1,55,2
T6,5,0,66,2
T7,6,0,155,1
T8,7,1,150,15
[416]
T1,0,0,75,2
T2,1,1,200,8
T3,2,0,39,2
T4,3,0,58,2
T5,4,0,175,1
T6,5,0,192,16
T7,6,0,58,2
T8,7,0,30,2
[417]
T1,0,1,72,2
T2,1,0,200,5
T3,2,1,90,1
T4,3,1,29,2
T5,4,0,99,8
T6,5,0,37,2
T7,6,1,165,6
T8,7,0,198,10
[418]
T1,0,0,112,5
T2,1,1,200,8
T3,2,0,45,2
T4,3,0,36,2
T5,4,1,96,1
T6,5,0,154,12
T7,6,0,80,1
T8,7,1,154,10
[419]
T1,0,0,54,2
T2,1,0,54,1
T3,2,1,192,1
T4,3,1,28,2
T5,4,1,144,4
T6,5,1,200,15
T7,6,0,128,6
T8,7,1,150,2
[420]
T1,0,1,25,2
T2,1,1,95,2
T3,2,1,70,6
T4,3,1,46,2
T5,4,1,200,10
T6,5,1,56,1
T7,6,1,196,1
T8,7,0,190,3
[421]
T1,0,1,100,2
T2,1,0,22,1
T3,2,1,100,2
T4,3,0,80,1
T5,4,0,200,19
T6,5,0,41,2
T7,6,1,156,5
T8,7,0,160,6
[422]
T1,0,1,27,2
T2,1,1,180,7
T3,2,1,54,1
T4,3,1,114,1
T5,4,0,54,2
T6,5,0,200,25
T7,6,1,189,2
T8,7,1,52,1
[423]
T1,0,0,156,3
T2,1,1,40,2
T3,2,0,78,2
T4,3,1,25,2
T5,4,1,200,7
T6,5,1,132,3
T7,6,1,132,10
T8,7,0,180,15
[424]
T1,0,1,200,4
T2,1,1,195,14
T3,2,1,165,3
T4,3,0,30,2
T5,4,0,33,1
T6,5,0,130,4
T7,6,0,72,2
T8,7,0,104,9
[425]
T1,0,0,150,3
T2,1,0,144,14
T3,2,0,24,2
T4,3,0,112,7
T5,4,0,198,1
T6,5,0,200,10
T7,6,1,140,2
T8,7,0,48,2
[426]
T1,0,0,189,1
T2,1,1,144,4
T3,2,1,63,2
T4,3,1,200,6
T5,4,1,35,1
T6,5,0,72,4
T7,6,0,198,10
T8,7,1,50,1
[427]
T1,0,1,38,2
T2,1,0,180,11
T3,2,1,78,1
T4,3,1,56,2
T5,4,1,168,4
T6,5,1,36,2
T7,6,1,104,9
T8,7,0,200,6
[428]
T1,0,0,25,1
T2,1,1,200,5
T3,2,0,165,8
T4,3,1,165,6
T5,4,0,48,2
T6,5,0,85,2
T7,6,1,140,4
T8,7,0,132,4
[429]
T1,0,1,200,22
T2,1,0,160,9
T3,2,1,45,2
T4,3,0,175,4
T5,4,1,47,2
T6,5,1,81,2
T7,6,0,56,2
T8,7,0,64,2
[430]
T1,0,1,165,5
T2,1,0,200,16
T3,2,0,85,2
T4,3,0,99,2
T5,4,0,36,1
T6,5,0,150,16
T7,6,0,23,2
T8,7,0,99,2
[431]
T1,0,1,40,2
T2,1,1,53,2
T3,2,0,150,1
T4,3,0,88,2
T5,4,0,66,3
T6,5,0,190,10
T7,6,0,200,2
T8,7,1,114,7
[432]
T1,0,0,48,2
T2,1,0,144,13
T3,2,1,176,3
T4,3,0,200,7
T5,4,0,80,1
T6,5,1,51,1
T7,6,1,99,8
T8,7,0,150,2
[433]
T1,0,0,80,4
T2,1,0,147,3
T3,2,0,44,1
T4,3,1,60,2
T5,4,1,150,7
T6,5,1,200,6
T7,6,1,60,2
T8,7,0,20,1
[434]
T1,0,1,47,1
T2,1,0,28,2
T3,2,0,200,4
T4,3,0,140,3
T5,4,1,168,1
T6,5,1,72,2
T7,6,0,154,23
T8,7,0,105,2
[435]
T1,0,1,40,2
T2,1,1,120,4
T3,2,0,165,8
T4,3,1,200,9
T5,4,1,120,2
T6,5,0,153,3
T7,6,1,100,8
T8,7,0,25,2
[436]
T1,0,0,95,1
T2,1,1,110,3
T3,2,0,45,1
T4,3,1,200,1
T5,4,1,198,26
T6,5,0,88,2
T7,6,1,51,2
T8,7,1,198,9
[437]
T1,0,1,63,2
T2,1,0,200,43
T3,2,0,28,2
T4,3,1,195,1
T5,4,1,65,2
T6,5,1,120,1
T7,6,0,182,1
T8,7,0,26,2
[438]
T1,0,0,55,1
T2,1,1,56,4
T3,2,0,176,2
T4,3,1,112,5
T5,4,1,31,2
T6,5,0,40,4
T7,6,1,200,3
T8,7,0,165,2
[439]
T1,0,0,200,9
T2,1,1,40,2
T3,2,0,120,7
T4,3,0,90,2
T5,4,1,150,2
T6,5,0,174,19
T7,6,0,50,1
T8,7,0,65,2
[440]
T1,0,0,150,2
T2,1,0,54,2
T3,2,1,30,2
T4,3,0,56,1
T5,4,1,75,2
T6,5,1,120,2
T7,6,1,200,21
T8,7,0,160,2
[441]
T1,0,0,200,23
T2,1,1,36,1
T3,2,0,72,2
T4,3,1,75,1
T5,4,0,180,2
T6,5,1,27,2
T7,6,1,160,1
T8,7,1,98,3
[442]
T1,0,1,168,5
T2,1,0,24,2
T3,2,1,84,2
T4,3,0,22,2
T5,4,0,196,2
T6,5,1,112,5
T7,6,1,200,28
T8,7,0,60,1
[443]
T1,0,1,20,2
T2,1,1,200,5
T3,2,1,112,1
T4,3,0,150,10
T5,4,0,41,2
T6,5,0,80,10
T7,6,0,70,2
T8,7,1,170,7
[444]
T1,0,1,120,2
T2,1,0,36,1
T3,2,1,200,33
T4,3,1,198,7
T5,4,0,108,1
T6,5,1,165,2
T7,6,0,52,2
T8,7,1,130,3
[445]
T1,0,0,165,2
T2,1,0,200,1
T3,2,0,42,2
T4,3,0,176,23
T5,4,1,110,8
T6,5,0,117,1
T7,6,0,39,2
T8,7,0,100,1
[446]
T1,0,0,175,17
T2,1,1,140,6
T3,2,0,59,2
T4,3,0,200,7
T5,4,1,84,5
T6,5,0,20,2
T7,6,0,177,2
T8,7,1,35,1
[447]
T1,0,0,198,26
T2,1,0,200,2
T3,2,1,66,2
T4,3,0,48,2
T5,4,1,77,2
T6,5,1,132,8
T7,6,1,165,6
T8,7,1,52,2
[448]
T1,0,0,120,5
T2,1,1,49,1
T3,2,0,150,2
T4,3,0,200,9
T5,4,0,56,2
T6,5,1,130,2
T7,6,1,40,2
T8,7,1,156,5
[449]
T1,0,1,165,1
T2,1,0,175,1
T3,2,1,99,1
T4,3,1,200,2
T5,4,1,126,5
T6,5,0,31,2
T7,6,0,80,1
T8,7,0,35,4
[450]
T1,0,0,42,1
T2,1,0,145,3
T3,2,1,196,17
T4,3,0,140,4
T5,4,1,200,6
T6,5,1,174,2
T7,6,0,34,1
T8,7,1,56,2
[451]
T1,0,0,130,2
T2,1,1,156,1
T3,2,1,105,1
T4,3,0,78,4
T5,4,1,30,1
T6,5,0,36,3
T7,6,0,189,12
T8,7,0,200,2
[452]
T1,0,0,147,8
T2,1,0,200,1
T3,2,0,110,2
T4,3,0,75,2
T5,4,1,100,8
T6,5,0,24,2
T7,6,1,196,12
T8,7,1,50,2
[453]
T1,0,0,90,2
T2,1,0,77,1
T3,2,0,96,2
T4,3,0,165,2
T5,4,0,165,2
T6,5,1,43,6
T7,6,0,200,8
T8,7,1,35,2
[454]
T1,0,0,50,1
T2,1,0,96,2
T3,2,0,24,2
T4,3,0,200,9
T5,4,1,100,7
T6,5,1,168,2
T7,6,1,148,2
T8,7,1,84,10
[455]
T1,0,1,200,17
T2,1,1,22,2
T3,2,1,150,12
T4,3,1,148,1
T5,4,0,25,2
T6,5,0,75,1
T7,6,1,110,5
T8,7,0,60,2
[456]
T1,0,0,154,3
T2,1,0,168,10
T3,2,1,200,1
T4,3,1,57,2
T5,4,1,51,2
T6,5,0,120,15
T7,6,1,24,2
T8,7,1,100,2
[457]
T1,0,0,120,5
T2,1,1,34,2
T3,2,0,160,10
T4,3,1,80,1
T5,4,0,200,8
T6,5,0,165,8
T7,6,1,28,1
T8,7,0,90,2
[458]
T1,0,0,144,2
T2,1,1,168,2
T3,2,0,156,12
T4,3,1,112,4
T5,4,0,96,4
T6,5,0,200,1
T7,6,0,52,1
T8,7,0,51,3
[459]
T1,0,1,120,7
T2,1,0,200,16
T3,2,0,75,1
T4,3,0,90,7
T5,4,1,180,4
T6,5,1,149,2
T7,6,0,45,2
T8,7,0,53,2
[460]
T1,0,1,120,5
T2,1,0,135,9
T3,2,1,182,3
T4,3,0,39,2
T5,4,0,189,9
T6,5,0,26,1
T7,6,0,104,1
T8,7,0,200,1
[461]
T1,0,0,200,1
T2,1,1,34,4
T3,2,1,100,2
T4,3,1,126,11
T5,4,0,154,3
T6,5,0,175,1
T7,6,0,132,5
T8,7,0,40,2
[462]
T1,0,0,42,2
T2,1,1,160,2
T3,2,0,125,4
T4,3,1,21,2
T5,4,1,98,3
T6,5,0,200,7
T7,6,0,98,8
T8,7,0,175,6
[463]
T1,0,0,135,2
T2,1,1,171,2
T3,2,0,52,1
T4,3,1,135,16
T5,4,0,200,4
T6,5,0,45,2
T7,6,1,120,10
T8,7,1,189,2
[464]
T1,0,0,198,7
T2,1,0,200,3
T3,2,0,45,2
T4,3,1,112,11
T5,4,0,80,2
T6,5,0,84,5
T7,6,0,45,2
T8,7,1,180,4
[465]
T1,0,0,38,2
T2,1,1,175,4
T3,2,0,80,2
T4,3,1,76,4
T5,4,0,175,13
T6,5,1,200,2
T7,6,0,49,2
T8,7,1,60,2
[466]
T1,0,1,70,2
T2,1,1,196,10
T3,2,0,30,2
T4,3,0,37,1
T5,4,1,198,3
T6,5,1,200,18
T7,6,1,140,7
T8,7,1,70,1
[467]
T1,0,0,195,8
T2,1,0,30,4
T3,2,0,65,2
T4,3,1,200,8
T5,4,0,52,2
T6,5,1,88,2
T7,6,0,75,2
T8,7,1,182,2
[468]
T1,0,0,88,1
T2,1,1,26,2
T3,2,1,96,2
T4,3,0,176,3
T5,4,1,176,3
T6,5,1,200,3
T7,6,0,110,8
T8,7,0,45,2
[469]
T1,0,0,66,5
T2,1,1,28,2
T3,2,0,147,3
T4,3,1,176,2
T5,4,0,88,5
T6,5,1,38,1
T7,6,0,200,4
T8,7,0,112,2
[470]
T1,0,0,150,24
T2,1,1,175,1
T3,2,1,22,2
T4,3,1,60,3
T5,4,0,50,2
T6,5,1,113,2
T7,6,1,113,1
T8,7,1,200,3
[471]
T1,0,0,176,2
T2,1,0,132,5
T3,2,1,200,21
T4,3,1,66,3
T5,4,0,33,2
T6,5,0,92,1
T7,6,1,198,2
T8,7,1,32,1
[472]
T1,0,1,56,2
T2,1,0,150,1
T3,2,1,39,1
T4,3,1,33,2
T5,4,0,200,2
T6,5,1,182,20
T7,6,1,130,6
T8,7,0,64,2
[473]
T1,0,1,48,2
T2,1,1,65,2
T3,2,1,54,3
T4,3,1,192,1
T5,4,0,24,2
T6,5,1,200,9
T7,6,0,78,2
T8,7,1,150,2
[474]
T1,0,1,182,5
T2,1,0,119,2
T3,2,1,91,6
T4,3,1,60,1
T5,4,0,49,2
T6,5,1,39,2
T7,6,1,168,2
T8,7,0,200,24
[475]
T1,0,0,132,6
T2,1,1,200,2
T3,2,0,154,7
T4,3,1,33,2
T5,4,1,140,2
T6,5,1,195,7
T7,6,1,44,3
T8,7,1,143,8
[476]
T1,0,0,160,2
T2,1,0,200,2
T3,2,1,34,2
T4,3,1,185,5
T5,4,0,54,2
T6,5,0,144,1
T7,6,0,27,2
T8,7,1,120,2
[477]
T1,0,1,176,7
T2,1,1,91,2
T3,2,0,130,4
T4,3,0,80,2
T5,4,0,44,1
T6,5,1,200,11
T7,6,1,154,1
T8,7,0,41,4
[478]
T1,0,0,168,17
T2,1,1,135,2
T3,2,0,182,2
T4,3,0,48,3
T5,4,1,130,3
T6,5,0,32,1
T7,6,1,200,3
T8,7,0,54,2
[479]
T1,0,1,200,2
T2,1,0,23,2
T3,2,1,160,14
T4,3,1,176,2
T5,4,1,85,2
T6,5,1,64,7
T7,6,1,44,2
T8,7,1,80,3
[480]
T1,0,0,177,11
T2,1,1,54,1
T3,2,0,100,6
T4,3,0,200,5
T5,4,1,76,3
T6,5,1,190,6
T7,6,1,25,2
T8,7,0,100,3
[481]
T1,0,1,156,7
T2,1,1,91,3
T3,2,1,75,2
T4,3,1,24,1
T5,4,1,200,5
T6,5,1,25,2
T7,6,0,143,2
T8,7,1,165,7
[482]
T1,0,1,100,2
T2,1,1,41,1
T3,2,1,36,2
T4,3,1,60,2
T5,4,1,200,29
T6,5,1,186,11
T7,6,1,99,1
T8,7,0,165,1
[483]
T1,0,1,45,1
T2,1,0,200,4
T3,2,0,24,2
T4,3,1,150,10
T5,4,0,175,3
T6,5,1,84,2
T7,6,1,63,3
T8,7,0,84,7
[484]
T1,0,0,114,14
T2,1,0,200,3
T3,2,1,58,1
T4,3,1,45,2
T5,4,0,171,2
T6,5,0,57,2
T7,6,1,150,1
T8,7,0,32,3
[485]
T1,0,0,170,10
T2,1,1,50,4
T3,2,0,170,8
T4,3,0,75,3
T5,4,1,30,2
T6,5,1,85,1
T7,6,1,200,4
T8,7,0,92,2
[486]
T1,0,1,200,9
T2,1,1,42,5
T3,2,0,100,1
T4,3,0,110,2
T5,4,1,30,1
T6,5,1,104,1
T7,6,1,192,8
T8,7,1,195,1
[487]
T1,0,1,132,1
T2,1,0,200,2
T3,2,0,154,4
T4,3,0,28,3
T5,4,1,20,2
T6,5,0,135,5
T7,6,0,75,1
T8,7,1,154,7
[488]
T1,0,0,172,2
T2,1,0,21,2
T3,2,1,100,4
T4,3,1,200,4
T5,4,1,144,1
T6,5,0,54,1
T7,6,1,48,2
T8,7,0,160,15
[489]
T1,0,1,40,1
T2,1,0,200,2
T3,2,0,168,2
T4,3,1,105,2
T5,4,0,180,19
T6,5,0,72,2
T7,6,1,23,2
T8,7,0,117,5
[490]
T1,0,1,58,2
T2,1,0,27,2
T3,2,0,52,2
T4,3,1,180,7
T5,4,0,200,8
T6,5,0,162,18
T7,6,0,135,7
T8,7,1,120,2
[491]
T1,0,1,144,4
T2,1,1,198,2
T3,2,0,200,24
T4,3,0,92,1
T5,4,1,36,2
T6,5,0,184,4
T7,6,1,48,1
T8,7,1,60,2
[492]
T1,0,1,160,5
T2,1,1,56,2
T3,2,0,36,2
T4,3,0,155,4
T5,4,0,56,2
T6,5,0,96,3
T7,6,0,200,14
T8,7,1,21,2
[493]
T1,0,1,63,2
T2,1,1,156,11
T3,2,0,24,2
T4,3,1,105,3
T5,4,0,63,1
T6,5,1,200,15
T7,6,0,168,3
T8,7,1,40,1
[494]
T1,0,0,23,2
T2,1,1,136,8
T3,2,1,110,11
T4,3,1,44,2
T5,4,1,56,2
T6,5,1,175,9
T7,6,0,150,2
T8,7,0,200,6
[495]
T1,0,0,200,9
T2,1,1,78,2
T3,2,0,34,1
T4,3,1,78,4
T5,4,0,38,2
T6,5,1,78,2
T7,6,1,170,7
T8,7,1,170,2
[496]
T1,0,1,42,2
T2,1,0,165,11
T3,2,0,200,1
T4,3,0,154,7
T5,4,1,112,2
T6,5,1,46,4
T7,6,1,75,1
T8,7,0,140,3
[497]
T1,0,1,135,7
T2,1,1,150,7
T3,2,1,48,2
T4,3,0,50,1
T5,4,0,72,3
T6,5,1,200,6
T7,6,0,145,9
T8,7,1,174,1
[498]
T1,0,1,175,7
T2,1,0,56,1
T3,2,1,174,11
T4,3,0,60,2
T5,4,0,200,6
T6,5,1,34,2
T7,6,1,36,2
T8,7,1,112,6
[499]
T1,0,0,150,4
T2,1,0,132,2
T3,2,1,22,2
T4,3,0,200,3
T5,4,1,170,10
T6,5,1,64,2
T7,6,0,88,1
T8,7,1,24,1
[500]
T1,0,1,50,4
T2,1,1,188,9
T3,2,1,125,9
T4,3,0,200,2
T5,4,1,80,6
T6,5,0,53,2
T7,6,1,75,2
T8,7,1,150,2
