num_task_per_taskset=8
num_taskset=500
//ID,Priority,Offset,Period,Execution Time
[1]
T1,0,1,120,4
T2,1,1,153,3
T3,2,1,58,2
T4,3,1,180,9
T5,4,0,100,3
T6,5,1,44,3
T7,6,0,30,2
T8,7,1,200,5
[2]
T1,0,1,92,3
T2,1,0,184,2
T3,2,1,120,7
T4,3,0,26,1
T5,4,0,180,2
T6,5,1,25,1
T7,6,0,200,4
T8,7,0,78,4
[3]
T1,0,1,95,4
T2,1,0,42,2
T3,2,0,77,2
T4,3,0,20,2
T5,4,0,200,8
T6,5,1,168,3
T7,6,1,154,7
T8,7,1,88,6
[4]
T1,0,0,150,6
T2,1,0,200,18
T3,2,1,150,2
T4,3,1,106,4
T5,4,0,39,1
T6,5,0,145,2
T7,6,0,30,2
T8,7,1,58,2
[5]
T1,0,0,171,8
T2,1,1,50,1
T3,2,1,128,2
T4,3,1,128,4
T5,4,0,152,3
T6,5,1,34,1
T7,6,1,80,3
T8,7,0,200,12
[6]
T1,0,0,180,3
T2,1,1,75,2
T3,2,1,120,8
T4,3,1,57,2
T5,4,0,200,19
T6,5,1,35,2
T7,6,1,160,5
T8,7,0,53,2
[7]
T1,0,1,75,2
T2,1,1,96,3
T3,2,0,158,4
T4,3,1,35,1
T5,4,0,160,12
T6,5,0,200,2
T7,6,0,48,1
T8,7,1,79,4
[8]
T1,0,1,48,5
T2,1,1,200,12
T3,2,1,123,2
T4,3,1,48,2
T5,4,0,150,1
T6,5,1,55,2
T7,6,1,123,6
T8,7,0,150,4
[9]
T1,0,0,150,2
T2,1,1,162,4
T3,2,1,60,2
T4,3,1,51,1
T5,4,0,200,9
T6,5,1,129,4
T7,6,0,20,2
T8,7,0,86,2
[10]
T1,0,0,97,1
T2,1,1,194,5
T3,2,1,56,2
T4,3,0,45,2
T5,4,1,40,2
T6,5,1,175,4
T7,6,0,80,2
T8,7,1,200,26
[11]
T1,0,1,60,1
T2,1,0,48,3
T3,2,1,200,5
T4,3,1,120,5
T5,4,0,140,2
T6,5,1,28,2
T7,6,0,160,7
T8,7,0,162,10
[12]
T1,0,1,47,2
T2,1,1,135,2
T3,2,0,75,2
T4,3,1,30,2
T5,4,1,175,1
T6,5,1,200,14
T7,6,0,54,2
T8,7,0,192,21
[13]
T1,0,1,82,1
T2,1,0,31,2
T3,2,1,162,11
T4,3,0,120,3
T5,4,1,200,21
T6,5,1,123,2
T7,6,1,180,6
T8,7,1,30,2
[14]
T1,0,0,150,2
T2,1,0,200,2
T3,2,1,175,16
T4,3,0,65,2
T5,4,0,42,1
T6,5,1,39,3
T7,6,1,104,2
T8,7,0,144,1
[15]
T1,0,1,189,2
T2,1,0,84,8
T3,2,1,189,12
T4,3,0,24,2
T5,4,1,126,12
T6,5,0,21,2
T7,6,1,200,2
T8,7,0,115,2
[16]
T1,0,0,40,2
T2,1,0,80,6
T3,2,1,39,1
T4,3,1,160,3
T5,4,1,96,2
T6,5,1,192,2
T7,6,0,200,13
T8,7,1,128,2
[17]
T1,0,0,32,2
T2,1,0,26,2
T3,2,1,102,5
T4,3,0,70,3
T5,4,1,160,3
T6,5,1,200,10
T7,6,1,168,2
T8,7,0,80,4
[18]
T1,0,0,165,2
T2,1,1,40,2
T3,2,0,32,2
T4,3,0,200,26
T5,4,1,80,2
T6,5,1,110,3
T7,6,1,88,7
T8,7,0,171,2
[19]
T1,0,0,76,1
T2,1,0,34,2
T3,2,0,85,1
T4,3,0,170,2
T5,4,0,200,8
T6,5,1,51,3
T7,6,0,130,6
T8,7,0,170,13
[20]
T1,0,1,180,1
T2,1,1,30,2
T3,2,1,152,18
T4,3,1,60,1
T5,4,1,76,1
T6,5,1,200,2
T7,6,0,33,1
T8,7,1,56,4
[21]
T1,0,0,91,7
T2,1,0,20,2
T3,2,0,150,2
T4,3,0,27,1
T5,4,0,60,1
T6,5,0,189,2
T7,6,1,65,1
T8,7,1,200,8
[22]
T1,0,0,198,2
T2,1,0,88,2
T3,2,0,170,3
T4,3,0,43,2
T5,4,1,20,2
T6,5,1,120,6
T7,6,0,99,1
T8,7,0,200,18
[23]
T1,0,0,24,2
T2,1,0,180,3
T3,2,1,52,2
T4,3,0,72,5
T5,4,0,168,4
T6,5,0,76,5
T7,6,0,200,2
T8,7,1,95,2
[24]
T1,0,1,32,1
T2,1,1,25,2
T3,2,0,96,2
T4,3,1,200,3
T5,4,1,168,2
T6,5,1,119,16
T7,6,0,150,3
T8,7,0,70,1
[25]
T1,0,0,75,2
T2,1,1,200,22
T3,2,1,189,1
T4,3,1,32,3
T5,4,1,126,1
T6,5,0,27,2
T7,6,0,184,9
T8,7,1,72,2
[26]
T1,0,1,54,6
T2,1,1,200,8
T3,2,1,46,1
T4,3,1,36,1
T5,4,1,184,2
T6,5,1,140,3
T7,6,1,189,2
T8,7,1,115,3
[27]
T1,0,0,176,1
T2,1,1,198,14
T3,2,0,200,7
T4,3,1,144,1
T5,4,1,80,4
T6,5,1,39,2
T7,6,0,100,2
T8,7,1,29,2
[28]
T1,0,0,200,11
T2,1,0,44,2
T3,2,1,102,1
T4,3,0,150,12
T5,4,0,45,2
T6,5,1,175,3
T7,6,0,135,3
T8,7,0,136,2
[29]
T1,0,1,198,16
T2,1,1,33,2
T3,2,1,75,2
T4,3,1,40,2
T5,4,1,162,2
T6,5,0,120,3
T7,6,0,200,12
T8,7,1,72,1
[30]
T1,0,0,200,1
T2,1,1,136,2
T3,2,0,20,2
T4,3,0,78,6
T5,4,0,136,7
T6,5,0,156,5
T7,6,1,195,14
T8,7,1,51,2
[31]
T1,0,0,40,1
T2,1,0,100,2
T3,2,0,200,3
T4,3,1,180,14
T5,4,1,165,4
T6,5,1,40,1
T7,6,1,69,5
T8,7,0,99,1
[32]
T1,0,1,140,3
T2,1,0,198,12
T3,2,0,30,2
T4,3,0,110,6
T5,4,0,168,1
T6,5,1,200,11
T7,6,1,70,4
T8,7,0,53,1
[33]
T1,0,0,36,2
T2,1,0,200,1
T3,2,1,66,2
T4,3,1,75,2
T5,4,1,156,11
T6,5,1,53,2
T7,6,1,156,2
T8,7,0,120,9
[34]
T1,0,1,52,1
T2,1,0,200,22
T3,2,1,100,2
T4,3,1,75,2
T5,4,1,150,9
T6,5,1,198,2
T7,6,1,123,4
T8,7,1,44,2
[35]
T1,0,1,40,2
T2,1,0,26,1
T3,2,0,200,1
T4,3,0,93,3
T5,4,1,120,12
T6,5,0,162,4
T7,6,1,124,2
T8,7,0,155,10
[36]
T1,0,0,158,19
T2,1,1,132,1
T3,2,0,165,2
T4,3,0,24,2
T5,4,1,25,2
T6,5,0,66,1
T7,6,1,200,13
T8,7,0,88,3
[37]
T1,0,1,150,7
T2,1,0,75,5
T3,2,1,188,19
T4,3,0,24,2
T5,4,1,200,1
T6,5,0,45,2
T7,6,1,75,2
T8,7,1,65,1
[38]
T1,0,1,136,6
T2,1,1,21,1
T3,2,0,175,19
T4,3,1,170,2
T5,4,0,68,2
T6,5,1,200,2
T7,6,1,21,2
T8,7,0,90,3
[39]
T1,0,1,49,2
T2,1,1,175,7
T3,2,1,46,2
T4,3,1,110,6
T5,4,0,165,5
T6,5,1,200,14
T7,6,0,110,5
T8,7,1,105,1
[40]
T1,0,0,132,9
T2,1,1,35,1
T3,2,1,187,7
T4,3,0,64,2
T5,4,0,50,3
T6,5,0,200,6
T7,6,0,64,2
T8,7,1,192,2
[41]
T1,0,1,42,1
T2,1,0,200,3
T3,2,1,176,3
T4,3,1,105,4
T5,4,1,108,6
T6,5,1,22,2
T7,6,0,55,5
T8,7,0,165,2
[42]
T1,0,0,70,3
T2,1,0,150,9
T3,2,0,60,2
T4,3,1,170,8
T5,4,1,140,9
T6,5,1,31,2
T7,6,1,39,2
T8,7,0,200,6
[43]
T1,0,0,108,5
T2,1,0,168,15
T3,2,0,162,1
T4,3,1,45,1
T5,4,0,200,5
T6,5,0,43,2
T7,6,0,126,2
T8,7,1,98,2
[44]
T1,0,1,99,8
T2,1,0,176,16
T3,2,1,180,1
T4,3,0,110,3
T5,4,1,32,2
T6,5,1,27,1
T7,6,0,200,3
T8,7,1,96,2
[45]
T1,0,1,132,1
T2,1,0,156,4
T3,2,1,120,9
T4,3,1,150,8
T5,4,1,42,1
T6,5,1,200,8
T7,6,0,21,2
T8,7,1,78,3
[46]
T1,0,1,170,2
T2,1,0,168,13
T3,2,0,22,2
T4,3,0,200,13
T5,4,0,80,7
T6,5,1,50,2
T7,6,0,72,1
T8,7,0,100,2
[47]
T1,0,0,150,16
T2,1,1,23,2
T3,2,1,134,2
T4,3,0,150,2
T5,4,1,42,1
T6,5,0,200,2
T7,6,1,56,4
T8,7,1,72,1
[48]
T1,0,1,154,6
T2,1,1,35,2
T3,2,1,165,2
T4,3,0,22,1
T5,4,1,90,12
T6,5,1,200,2
T7,6,1,55,1
T8,7,1,72,1
[49]
T1,0,0,46,1
T2,1,0,200,2
T3,2,0,72,2
T4,3,0,105,1
T5,4,1,159,4
T6,5,1,159,17
T7,6,1,21,2
T8,7,0,75,5
[50]
T1,0,1,196,12
T2,1,0,200,1
T3,2,0,95,3
T4,3,0,152,1
T5,4,1,70,2
T6,5,0,25,2
T7,6,0,56,2
T8,7,0,25,3
[51]
T1,0,1,84,2
T2,1,0,120,7
T3,2,0,200,7
T4,3,1,48,2
T5,4,0,25,2
T6,5,1,162,13
T7,6,0,120,10
T8,7,0,150,1
[52]
T1,0,1,65,2
T2,1,0,155,2
T3,2,1,100,14
T4,3,1,31,2
T5,4,1,195,2
T6,5,0,104,2
T7,6,1,200,6
T8,7,0,30,1
[53]
T1,0,1,153,9
T2,1,1,66,2
T3,2,1,200,5
T4,3,0,85,4
T5,4,0,22,2
T6,5,0,28,1
T7,6,1,85,4
T8,7,0,187,4
[54]
T1,0,0,165,4
T2,1,1,150,4
T3,2,0,200,23
T4,3,1,35,2
T5,4,0,126,2
T6,5,0,120,2
T7,6,1,140,3
T8,7,1,31,1
[55]
T1,0,0,150,7
T2,1,1,70,2
T3,2,1,144,1
T4,3,1,200,4
T5,4,0,50,1
T6,5,1,162,7
T7,6,1,30,2
T8,7,0,84,1
[56]
T1,0,0,84,6
T2,1,1,117,2
T3,2,1,200,4
T4,3,0,33,2
T5,4,0,39,1
T6,5,0,195,2
T7,6,1,168,18
T8,7,1,80,2
[57]
T1,0,0,140,3
T2,1,0,28,2
T3,2,1,62,1
T4,3,0,186,8
T5,4,0,50,2
T6,5,1,200,11
T7,6,1,155,12
T8,7,1,140,7
[58]
T1,0,1,20,1
T2,1,0,154,21
T3,2,1,98,2
T4,3,0,41,3
T5,4,1,60,2
T6,5,0,200,2
T7,6,0,88,2
T8,7,0,154,2
[59]
T1,0,1,55,1
T2,1,0,176,7
T3,2,0,32,1
T4,3,1,176,7
T5,4,0,70,2
T6,5,1,200,12
T7,6,1,64,3
T8,7,1,23,2
[60]
T1,0,0,31,1
T2,1,1,93,3
T3,2,1,150,2
T4,3,0,200,2
T5,4,1,147,5
T6,5,1,35,2
T7,6,0,186,4
T8,7,0,100,14
[61]
T1,0,1,162,3
T2,1,1,135,10
T3,2,1,37,3
T4,3,1,24,2
T5,4,1,200,1
T6,5,1,162,2
T7,6,0,120,2
T8,7,1,114,3
[62]
T1,0,0,42,2
T2,1,1,48,2
T3,2,1,98,1
T4,3,0,200,2
T5,4,1,160,13
T6,5,1,147,3
T7,6,0,120,14
T8,7,1,180,3
[63]
T1,0,1,44,1
T2,1,0,55,3
T3,2,0,120,2
T4,3,0,60,2
T5,4,0,200,13
T6,5,1,32,2
T7,6,0,150,9
T8,7,1,192,3
[64]
T1,0,0,75,1
T2,1,1,150,13
T3,2,1,70,1
T4,3,0,23,2
T5,4,0,52,1
T6,5,0,98,2
T7,6,0,161,17
T8,7,1,200,2
[65]
T1,0,0,28,2
T2,1,0,120,2
T3,2,0,160,3
T4,3,0,30,1
T5,4,0,75,2
T6,5,1,200,11
T7,6,1,157,3
T8,7,1,75,6
[66]
T1,0,0,105,2
T2,1,0,96,2
T3,2,0,20,2
T4,3,1,35,2
T5,4,0,119,1
T6,5,1,180,3
T7,6,1,150,6
T8,7,0,200,6
[67]
T1,0,1,180,7
T2,1,1,75,2
T3,2,1,35,1
T4,3,0,60,2
T5,4,0,200,9
T6,5,0,100,2
T7,6,1,34,3
T8,7,1,198,1
[68]
T1,0,1,52,1
T2,1,1,85,1
T3,2,0,34,3
T4,3,0,76,9
T5,4,1,180,3
T6,5,0,60,1
T7,6,1,153,2
T8,7,0,200,2
[69]
T1,0,0,152,1
T2,1,1,41,4
T3,2,0,30,2
T4,3,1,70,6
T5,4,1,88,1
T6,5,1,200,2
T7,6,1,168,4
T8,7,1,133,2
[70]
T1,0,0,140,3
T2,1,0,96,5
T3,2,0,51,2
T4,3,0,180,5
T5,4,1,63,1
T6,5,0,21,2
T7,6,1,160,5
T8,7,1,200,17
[71]
T1,0,1,35,2
T2,1,1,41,2
T3,2,1,114,2
T4,3,1,200,5
T5,4,0,190,14
T6,5,1,76,2
T7,6,1,75,4
T8,7,1,171,1
[72]
T1,0,1,50,2
T2,1,0,45,1
T3,2,0,92,6
T4,3,0,65,4
T5,4,0,90,1
T6,5,1,195,2
T7,6,0,195,3
T8,7,0,200,2
[73]
T1,0,0,198,5
T2,1,1,200,2
T3,2,1,22,2
T4,3,0,150,4
T5,4,1,102,9
T6,5,1,33,2
T7,6,0,66,5
T8,7,0,110,2
[74]
T1,0,0,190,8
T2,1,1,171,6
T3,2,1,96,1
T4,3,1,28,2
T5,4,0,60,3
T6,5,0,200,9
T7,6,0,114,3
T8,7,0,32,1
[75]
T1,0,1,35,2
T2,1,1,178,9
T3,2,0,100,1
T4,3,0,150,4
T5,4,0,29,1
T6,5,1,200,2
T7,6,1,75,2
T8,7,0,70,6
[76]
T1,0,1,30,1
T2,1,0,200,29
T3,2,0,125,3
T4,3,0,48,2
T5,4,1,150,1
T6,5,0,95,2
T7,6,1,152,2
T8,7,0,75,2
[77]
T1,0,0,195,2
T2,1,0,91,3
T3,2,1,72,2
T4,3,0,200,19
T5,4,1,80,2
T6,5,1,32,2
T7,6,0,41,3
T8,7,1,195,8
[78]
T1,0,0,200,11
T2,1,0,75,2
T3,2,1,39,4
T4,3,1,196,1
T5,4,1,192,5
T6,5,0,100,1
T7,6,1,48,2
T8,7,0,126,8
[79]
T1,0,0,186,7
T2,1,0,27,2
T3,2,1,200,3
T4,3,0,90,8
T5,4,0,135,3
T6,5,0,180,1
T7,6,1,62,5
T8,7,0,21,2
[80]
T1,0,0,200,2
T2,1,0,189,7
T3,2,1,170,3
T4,3,1,36,1
T5,4,0,54,2
T6,5,1,30,3
T7,6,1,75,1
T8,7,1,120,5
[81]
T1,0,0,90,1
T2,1,0,60,1
T3,2,0,180,22
T4,3,1,20,2
T5,4,0,49,1
T6,5,1,200,9
T7,6,1,160,2
T8,7,1,105,1
[82]
T1,0,0,40,2
T2,1,0,136,1
T3,2,0,85,3
T4,3,1,160,18
T5,4,1,20,2
T6,5,1,200,2
T7,6,0,180,8
T8,7,1,80,1
[83]
T1,0,1,200,3
T2,1,0,180,5
T3,2,1,29,1
T4,3,0,55,5
T5,4,1,132,6
T6,5,1,117,2
T7,6,1,26,2
T8,7,0,195,2
[84]
T1,0,0,47,2
T2,1,1,92,1
T3,2,1,165,2
T4,3,1,200,32
T5,4,0,90,2
T6,5,0,198,7
T7,6,0,60,2
T8,7,0,23,2
[85]
T1,0,1,63,3
T2,1,1,152,9
T3,2,0,84,1
T4,3,0,20,2
T5,4,1,200,8
T6,5,1,150,3
T7,6,1,46,4
T8,7,1,80,2
[86]
T1,0,1,168,21
T2,1,1,28,1
T3,2,0,112,2
T4,3,1,200,3
T5,4,1,55,2
T6,5,0,25,1
T7,6,1,180,3
T8,7,0,55,2
[87]
T1,0,0,50,1
T2,1,1,200,4
T3,2,1,176,1
T4,3,1,110,5
T5,4,1,198,29
T6,5,1,128,3
T7,6,1,44,2
T8,7,0,60,2
[88]
T1,0,0,176,1
T2,1,0,126,6
T3,2,0,42,1
T4,3,1,180,27
T5,4,1,200,8
T6,5,1,45,2
T7,6,0,112,2
T8,7,1,100,2
[89]
T1,0,0,120,7
T2,1,0,28,1
T3,2,0,63,2
T4,3,1,160,2
T5,4,1,200,1
T6,5,1,55,2
T7,6,0,168,21
T8,7,0,41,2
[90]
T1,0,1,168,5
T2,1,1,90,7
T3,2,1,105,2
T4,3,0,184,2
T5,4,0,20,2
T6,5,0,200,12
T7,6,1,48,2
T8,7,0,84,3
[91]
T1,0,1,133,15
T2,1,1,75,5
T3,2,1,32,2
T4,3,1,200,2
T5,4,1,189,2
T6,5,1,150,2
T7,6,1,38,2
T8,7,1,105,2
[92]
T1,0,1,150,3
T2,1,0,88,2
T3,2,0,162,2
T4,3,1,44,3
T5,4,0,75,8
T6,5,1,200,1
T7,6,0,108,2
T8,7,0,33,1
[93]
T1,0,1,200,15
T2,1,1,156,9
T3,2,0,24,2
T4,3,1,96,2
T5,4,1,50,2
T6,5,1,160,2
T7,6,0,62,2
T8,7,0,124,1
[94]
T1,0,0,80,10
T2,1,0,200,13
T3,2,0,35,2
T4,3,1,180,2
T5,4,0,66,3
T6,5,1,168,2
T7,6,1,30,2
T8,7,1,144,2
[95]
T1,0,0,200,7
T2,1,0,112,4
T3,2,0,40,2
T4,3,1,175,3
T5,4,0,108,3
T6,5,0,132,2
T7,6,0,154,14
T8,7,0,35,1
[96]
T1,0,0,200,4
T2,1,1,117,2
T3,2,1,90,2
T4,3,0,90,13
T5,4,1,192,3
T6,5,0,160,2
T7,6,1,48,2
T8,7,1,32,2
[97]
T1,0,0,150,2
T2,1,1,200,10
T3,2,1,32,2
T4,3,0,192,1
T5,4,1,35,2
T6,5,0,120,2
T7,6,1,108,3
T8,7,1,78,13
[98]
T1,0,0,189,12
T2,1,0,200,3
T3,2,0,55,5
T4,3,0,72,2
T5,4,0,36,2
T6,5,0,150,1
T7,6,1,35,2
T8,7,1,72,3
[99]
T1,0,0,44,2
T2,1,0,28,2
T3,2,0,200,2
T4,3,1,160,3
T5,4,1,160,7
T6,5,1,80,2
T7,6,0,59,2
T8,7,0,55,3
[100]
T1,0,0,21,1
T2,1,0,50,1
T3,2,1,66,1
T4,3,0,192,16
T5,4,1,112,2
T6,5,0,200,8
T7,6,0,80,2
T8,7,0,192,1
[101]
T1,0,0,63,5
T2,1,1,200,4
T3,2,0,50,1
T4,3,1,90,2
T5,4,1,180,16
T6,5,0,95,4
T7,6,1,175,1
T8,7,0,45,2
[102]
T1,0,0,100,1
T2,1,1,152,1
T3,2,1,150,8
T4,3,1,48,1
T5,4,1,45,4
T6,5,1,200,7
T7,6,1,90,3
T8,7,1,64,1
[103]
T1,0,1,184,3
T2,1,1,48,1
T3,2,1,144,4
T4,3,1,175,8
T5,4,0,200,10
T6,5,1,140,10
T7,6,0,69,2
T8,7,1,51,1
[104]
T1,0,0,39,1
T2,1,1,125,14
T3,2,0,44,2
T4,3,0,150,6
T5,4,0,72,1
T6,5,0,198,9
T7,6,0,84,2
T8,7,0,200,1
[105]
T1,0,0,28,1
T2,1,1,192,10
T3,2,0,108,4
T4,3,0,126,3
T5,4,0,29,2
T6,5,1,90,3
T7,6,1,180,9
T8,7,0,200,1
[106]
T1,0,0,200,11
T2,1,1,190,5
T3,2,1,20,2
T4,3,0,190,7
T5,4,0,76,4
T6,5,0,133,4
T7,6,0,100,7
T8,7,0,51,2
[107]
T1,0,0,31,2
T2,1,1,160,7
T3,2,0,176,4
T4,3,0,200,6
T5,4,1,126,12
T6,5,1,25,1
T7,6,0,99,2
T8,7,0,96,2
[108]
T1,0,1,200,5
T2,1,0,143,2
T3,2,0,156,2
T4,3,1,30,2
T5,4,1,80,3
T6,5,1,176,16
T7,6,0,78,4
T8,7,1,44,2
[109]
T1,0,0,45,1
T2,1,1,47,1
T3,2,1,105,6
T4,3,1,90,6
T5,4,0,200,2
T6,5,0,195,11
T7,6,0,65,1
T8,7,0,195,2
[110]
T1,0,0,200,4
T2,1,0,160,2
T3,2,1,170,22
T4,3,0,100,2
T5,4,1,80,1
T6,5,0,92,2
T7,6,1,23,1
T8,7,0,32,2
[111]
T1,0,1,105,9
T2,1,0,52,1
T3,2,0,200,2
T4,3,1,80,3
T5,4,0,21,2
T6,5,1,168,3
T7,6,0,132,1
T8,7,1,192,7
[112]
T1,0,1,195,11
T2,1,1,200,24
T3,2,0,39,2
T4,3,1,132,2
T5,4,0,75,2
T6,5,0,160,2
T7,6,1,80,4
T8,7,0,25,2
[113]
T1,0,1,60,7
T2,1,1,150,4
T3,2,1,88,2
T4,3,0,200,4
T5,4,0,41,2
T6,5,0,30,1
T7,6,0,88,2
T8,7,1,160,2
[114]
T1,0,1,135,2
T2,1,0,22,2
T3,2,0,195,3
T4,3,0,26,2
T5,4,0,195,2
T6,5,0,132,17
T7,6,1,200,9
T8,7,0,130,6
[115]
T1,0,1,175,21
T2,1,0,168,6
T3,2,0,47,1
T4,3,0,56,2
T5,4,0,41,2
T6,5,1,200,4
T7,6,0,125,1
T8,7,1,56,1
[116]
T1,0,1,90,2
T2,1,1,200,1
T3,2,1,168,8
T4,3,0,22,2
T5,4,1,175,17
T6,5,1,112,2
T7,6,1,52,3
T8,7,1,144,2
[117]
T1,0,1,84,2
T2,1,0,152,10
T3,2,1,200,2
T4,3,0,42,2
T5,4,0,21,1
T6,5,0,60,2
T7,6,0,152,12
T8,7,1,140,2
[118]
T1,0,1,21,2
T2,1,0,31,1
T3,2,0,108,5
T4,3,1,150,2
T5,4,1,200,16
T6,5,0,70,1
T7,6,1,133,4
T8,7,1,150,6
[119]
T1,0,1,24,2
T2,1,0,171,2
T3,2,1,84,3
T4,3,0,200,9
T5,4,1,20,2
T6,5,1,150,3
T7,6,0,70,1
T8,7,1,105,2
[120]
T1,0,0,186,15
T2,1,0,60,4
T3,2,0,200,2
T4,3,0,65,2
T5,4,1,186,3
T6,5,1,35,1
T7,6,0,75,2
T8,7,0,24,1
[121]
T1,0,1,160,2
T2,1,1,100,6
T3,2,0,87,1
T4,3,0,145,8
T5,4,0,33,4
T6,5,1,160,2
T7,6,1,30,2
T8,7,0,200,1
[122]
T1,0,1,152,17
T2,1,0,200,3
T3,2,1,57,4
T4,3,0,150,3
T5,4,0,106,2
T6,5,1,24,2
T7,6,0,24,1
T8,7,1,120,2
[123]
T1,0,1,144,7
T2,1,1,180,3
T3,2,0,72,2
T4,3,1,43,3
T5,4,0,153,2
T6,5,1,80,1
T7,6,1,200,2
T8,7,1,21,2
[124]
T1,0,0,185,1
T2,1,0,72,2
T3,2,1,38,2
T4,3,1,104,3
T5,4,0,120,1
T6,5,0,200,13
T7,6,0,150,14
T8,7,0,20,2
[125]
T1,0,1,200,3
T2,1,1,77,3
T3,2,1,49,2
T4,3,1,165,4
T5,4,1,75,9
T6,5,1,165,2
T7,6,0,44,2
T8,7,0,84,2
[126]
T1,0,1,190,1
T2,1,0,35,1
T3,2,1,24,2
T4,3,1,133,6
T5,4,0,135,4
T6,5,0,200,13
T7,6,1,152,6
T8,7,1,72,2
[127]
T1,0,0,195,4
T2,1,1,200,1
T3,2,0,20,2
T4,3,1,34,2
T5,4,0,168,9
T6,5,0,128,5
T7,6,1,91,5
T8,7,0,130,6
[128]
T1,0,0,168,2
T2,1,0,200,9
T3,2,1,164,2
T4,3,1,70,1
T5,4,0,90,13
T6,5,0,105,2
T7,6,0,23,2
T8,7,0,45,2
[129]
T1,0,1,39,2
T2,1,0,150,2
T3,2,1,78,3
T4,3,1,104,1
T5,4,0,24,2
T6,5,1,60,2
T7,6,0,200,14
T8,7,1,182,7
[130]
T1,0,1,84,2
T2,1,1,198,2
T3,2,1,47,2
T4,3,0,70,2
T5,4,1,196,3
T6,5,0,200,15
T7,6,0,42,3
T8,7,0,60,3
[131]
T1,0,1,200,3
T2,1,1,80,2
T3,2,0,80,5
T4,3,1,120,2
T5,4,1,51,2
T6,5,1,32,2
T7,6,0,176,21
T8,7,1,195,5
[132]
T1,0,1,60,1
T2,1,0,200,11
T3,2,0,180,3
T4,3,0,170,6
T5,4,1,78,6
T6,5,0,100,2
T7,6,1,51,2
T8,7,1,20,2
[133]
T1,0,1,108,2
T2,1,0,60,5
T3,2,1,24,2
T4,3,0,110,2
T5,4,1,33,1
T6,5,1,162,4
T7,6,1,200,2
T8,7,1,165,14
[134]
T1,0,0,150,1
T2,1,0,20,1
T3,2,0,90,7
T4,3,0,53,1
T5,4,1,180,7
T6,5,0,54,2
T7,6,0,200,2
T8,7,0,117,2
[135]
T1,0,0,60,1
T2,1,1,190,8
T3,2,0,200,1
T4,3,1,35,1
T5,4,1,84,1
T6,5,1,189,21
T7,6,0,108,2
T8,7,0,38,1
[136]
T1,0,1,150,3
T2,1,0,54,1
T3,2,0,28,2
T4,3,0,180,23
T5,4,0,144,4
T6,5,1,117,4
T7,6,0,200,3
T8,7,1,130,2
[137]
T1,0,0,200,17
T2,1,0,171,16
T3,2,0,133,4
T4,3,1,48,2
T5,4,1,21,2
T6,5,0,190,8
T7,6,1,80,2
T8,7,0,80,1
[138]
T1,0,0,194,10
T2,1,1,80,2
T3,2,0,30,2
T4,3,0,90,1
T5,4,1,200,2
T6,5,1,180,30
T7,6,1,120,4
T8,7,1,33,2
[139]
T1,0,1,20,2
T2,1,0,144,2
T3,2,1,88,4
T4,3,1,175,10
T5,4,1,198,2
T6,5,0,45,2
T7,6,1,200,5
T8,7,0,72,7
[140]
T1,0,1,200,4
T2,1,0,85,8
T3,2,1,192,6
T4,3,1,60,5
T5,4,0,32,2
T6,5,1,144,5
T7,6,0,23,2
T8,7,0,170,2
[141]
T1,0,1,125,10
T2,1,1,70,4
T3,2,1,50,2
T4,3,0,46,1
T5,4,1,200,2
T6,5,0,154,4
T7,6,1,110,2
T8,7,0,154,5
[142]
T1,0,1,150,11
T2,1,0,120,2
T3,2,0,106,8
T4,3,1,37,2
T5,4,1,62,2
T6,5,0,159,8
T7,6,0,50,2
T8,7,0,200,9
[143]
T1,0,1,176,8
T2,1,1,31,2
T3,2,1,50,3
T4,3,0,200,2
T5,4,1,66,4
T6,5,0,185,2
T7,6,0,66,4
T8,7,0,88,3
[144]
T1,0,0,110,10
T2,1,0,45,1
T3,2,1,40,1
T4,3,1,174,2
T5,4,1,90,8
T6,5,0,200,1
T7,6,0,180,3
T8,7,0,90,2
[145]
T1,0,1,22,1
T2,1,1,165,3
T3,2,1,51,1
T4,3,0,198,3
T5,4,0,115,1
T6,5,0,200,2
T7,6,0,92,4
T8,7,1,69,8
[146]
T1,0,1,60,4
T2,1,1,28,2
T3,2,1,182,12
T4,3,1,168,3
T5,4,1,144,9
T6,5,1,200,7
T7,6,0,54,2
T8,7,0,100,1
[147]
T1,0,1,156,14
T2,1,1,200,14
T3,2,0,75,7
T4,3,0,50,2
T5,4,1,78,2
T6,5,1,30,2
T7,6,0,156,1
T8,7,0,109,2
[148]
T1,0,1,85,1
T2,1,0,20,2
T3,2,0,180,1
T4,3,0,108,2
T5,4,1,32,2
T6,5,0,200,1
T7,6,0,189,39
T8,7,0,100,2
[149]
T1,0,1,176,3
T2,1,1,120,3
T3,2,0,165,4
T4,3,1,200,18
T5,4,1,143,11
T6,5,1,39,1
T7,6,1,110,2
T8,7,0,26,2
[150]
T1,0,1,96,12
T2,1,0,200,3
T3,2,0,48,2
T4,3,1,125,2
T5,4,0,150,3
T6,5,1,20,2
T7,6,0,128,1
T8,7,1,170,5
[151]
T1,0,1,54,1
T2,1,1,144,5
T3,2,0,198,13
T4,3,1,200,2
T5,4,1,57,2
T6,5,0,75,2
T7,6,0,33,1
T8,7,1,180,22
[152]
T1,0,0,200,21
T2,1,0,28,2
T3,2,0,39,2
T4,3,0,175,5
T5,4,0,64,4
T6,5,1,56,2
T7,6,1,140,1
T8,7,0,174,2
[153]
T1,0,1,66,2
T2,1,1,30,2
T3,2,1,77,5
T4,3,0,176,2
T5,4,0,37,2
T6,5,0,135,6
T7,6,1,168,2
T8,7,0,200,11
[154]
T1,0,1,70,1
T2,1,0,120,3
T3,2,0,85,2
T4,3,1,35,1
T5,4,0,31,2
T6,5,0,200,23
T7,6,1,170,1
T8,7,0,180,6
[155]
T1,0,0,112,2
T2,1,1,154,3
T3,2,1,200,8
T4,3,1,176,5
T5,4,1,42,2
T6,5,1,110,2
T7,6,0,125,12
T8,7,0,24,2
[156]
T1,0,1,23,1
T2,1,1,200,3
T3,2,0,96,2
T4,3,1,180,16
T5,4,1,70,1
T6,5,1,33,2
T7,6,1,198,2
T8,7,0,60,1
[157]
T1,0,0,115,10
T2,1,1,49,2
T3,2,0,128,1
T4,3,0,200,5
T5,4,0,20,2
T6,5,1,161,3
T7,6,0,56,5
T8,7,1,160,2
[158]
T1,0,0,39,2
T2,1,1,189,5
T3,2,1,108,4
T4,3,1,154,9
T5,4,0,50,1
T6,5,0,108,2
T7,6,1,200,1
T8,7,1,88,7
[159]
T1,0,0,99,2
T2,1,0,90,3
T3,2,0,38,2
T4,3,0,200,1
T5,4,0,90,2
T6,5,1,35,2
T7,6,0,176,8
T8,7,1,189,15
[160]
T1,0,0,34,2
T2,1,0,21,2
T3,2,1,170,10
T4,3,1,200,4
T5,4,0,100,2
T6,5,1,100,3
T7,6,0,65,6
T8,7,0,180,2
[161]
T1,0,0,36,1
T2,1,0,171,23
T3,2,0,27,2
T4,3,1,200,3
T5,4,1,63,2
T6,5,1,96,2
T7,6,0,171,2
T8,7,1,84,1
[162]
T1,0,1,175,1
T2,1,1,25,2
T3,2,1,68,1
T4,3,1,102,5
T5,4,0,104,5
T6,5,1,200,7
T7,6,1,38,1
T8,7,1,170,9
[163]
T1,0,1,200,2
T2,1,0,114,2
T3,2,0,41,3
T4,3,1,190,2
T5,4,0,72,6
T6,5,1,114,1
T7,6,0,28,2
T8,7,1,175,9
[164]
T1,0,0,200,4
T2,1,0,175,2
T3,2,0,154,2
T4,3,1,99,3
T5,4,0,100,3
T6,5,0,144,6
T7,6,0,35,1
T8,7,1,38,4
[165]
T1,0,1,183,8
T2,1,0,125,4
T3,2,1,200,1
T4,3,0,120,10
T5,4,1,37,2
T6,5,0,30,1
T7,6,1,100,2
T8,7,0,160,1
[166]
T1,0,1,200,4
T2,1,0,24,2
T3,2,0,153,1
T4,3,1,144,2
T5,4,1,80,6
T6,5,0,195,3
T7,6,1,51,1
T8,7,0,80,1
[167]
T1,0,1,200,14
T2,1,1,192,12
T3,2,1,88,6
T4,3,0,96,2
T5,4,1,23,2
T6,5,1,165,3
T7,6,0,77,2
T8,7,1,24,2
[168]
T1,0,0,200,11
T2,1,1,120,11
T3,2,0,68,2
T4,3,1,39,3
T5,4,1,45,2
T6,5,1,165,2
T7,6,1,88,1
T8,7,0,198,2
[169]
T1,0,1,72,4
T2,1,1,91,7
T3,2,0,175,3
T4,3,0,168,4
T5,4,0,108,2
T6,5,1,200,5
T7,6,0,27,1
T8,7,1,32,2
[170]
T1,0,1,78,5
T2,1,0,31,2
T3,2,1,200,2
T4,3,1,168,2
T5,4,1,52,2
T6,5,1,168,3
T7,6,0,56,4
T8,7,0,55,2
[171]
T1,0,1,147,3
T2,1,0,28,1
T3,2,0,50,2
T4,3,1,196,17
T5,4,0,98,5
T6,5,0,56,2
T7,6,0,200,1
T8,7,1,165,9
[172]
T1,0,0,32,1
T2,1,1,119,2
T3,2,1,195,2
T4,3,1,68,2
T5,4,1,75,1
T6,5,1,51,5
T7,6,1,182,2
T8,7,0,200,16
[173]
T1,0,1,90,3
T2,1,1,44,4
T3,2,1,196,4
T4,3,1,196,2
T5,4,0,140,6
T6,5,1,200,10
T7,6,1,88,2
T8,7,1,38,2
[174]
T1,0,1,200,8
T2,1,1,170,4
T3,2,1,195,3
T4,3,1,26,2
T5,4,0,120,2
T6,5,1,84,5
T7,6,0,102,3
T8,7,0,49,3
[175]
T1,0,0,200,5
T2,1,0,170,2
T3,2,0,100,2
T4,3,0,104,1
T5,4,0,44,1
T6,5,1,175,3
T7,6,0,112,11
T8,7,0,20,1
[176]
T1,0,1,120,2
T2,1,0,171,10
T3,2,1,200,3
T4,3,0,35,2
T5,4,0,150,2
T6,5,0,54,4
T7,6,1,100,2
T8,7,1,70,6
[177]
T1,0,1,170,1
T2,1,1,60,2
T3,2,0,68,1
T4,3,1,96,1
T5,4,0,53,8
T6,5,1,45,1
T7,6,1,153,3
T8,7,1,200,3
[178]
T1,0,1,56,1
T2,1,0,200,3
T3,2,1,196,15
T4,3,1,53,1
T5,4,0,170,2
T6,5,1,75,2
T7,6,1,40,3
T8,7,1,70,2
[179]
T1,0,0,168,5
T2,1,1,150,9
T3,2,1,138,3
T4,3,0,48,2
T5,4,0,200,4
T6,5,1,38,1
T7,6,1,80,5
T8,7,0,140,4
[180]
T1,0,1,72,2
T2,1,0,90,2
T3,2,0,20,2
T4,3,1,190,3
T5,4,0,200,2
T6,5,0,27,1
T7,6,0,60,4
T8,7,1,174,17
[181]
T1,0,1,75,3
T2,1,0,53,3
T3,2,0,150,8
T4,3,0,99,2
T5,4,1,200,10
T6,5,1,56,2
T7,6,0,42,2
T8,7,0,150,8
[182]
T1,0,0,46,2
T2,1,0,45,2
T3,2,0,165,2
T4,3,1,55,4
T5,4,0,96,2
T6,5,0,200,23
T7,6,0,165,2
T8,7,1,55,1
[183]
T1,0,1,46,1
T2,1,1,65,5
T3,2,0,105,1
T4,3,0,196,10
T5,4,1,200,5
T6,5,0,24,2
T7,6,1,175,10
T8,7,0,60,2
[184]
T1,0,0,26,2
T2,1,0,168,2
T3,2,0,200,25
T4,3,1,168,6
T5,4,1,98,4
T6,5,0,49,2
T7,6,1,120,2
T8,7,0,147,1
[185]
T1,0,0,32,2
T2,1,1,156,11
T3,2,0,65,2
T4,3,1,110,1
T5,4,0,165,5
T6,5,1,200,7
T7,6,1,65,5
T8,7,1,39,2
[186]
T1,0,1,176,11
T2,1,1,50,2
T3,2,0,63,2
T4,3,0,140,2
T5,4,1,198,9
T6,5,0,200,9
T7,6,0,34,3
T8,7,0,90,2
[187]
T1,0,0,44,2
T2,1,0,200,1
T3,2,1,112,4
T4,3,0,176,2
T5,4,1,110,6
T6,5,1,28,2
T7,6,1,100,2
T8,7,0,192,25
[188]
T1,0,1,166,19
T2,1,1,90,2
T3,2,0,43,2
T4,3,0,100,7
T5,4,0,75,2
T6,5,1,160,6
T7,6,1,24,2
T8,7,0,200,4
[189]
T1,0,1,45,3
T2,1,0,196,1
T3,2,0,105,4
T4,3,0,24,2
T5,4,0,54,1
T6,5,0,60,2
T7,6,1,196,12
T8,7,1,200,9
[190]
T1,0,0,51,3
T2,1,0,105,1
T3,2,1,42,1
T4,3,0,120,7
T5,4,1,180,2
T6,5,0,63,4
T7,6,1,175,2
T8,7,1,200,4
[191]
T1,0,1,195,4
T2,1,0,32,1
T3,2,1,108,2
T4,3,1,200,7
T5,4,0,180,22
T6,5,1,40,2
T7,6,0,64,2
T8,7,1,108,2
[192]
T1,0,1,70,2
T2,1,0,200,16
T3,2,0,32,1
T4,3,0,36,2
T5,4,1,150,4
T6,5,0,90,5
T7,6,1,196,5
T8,7,0,126,3
[193]
T1,0,1,117,2
T2,1,0,48,2
T3,2,1,78,2
T4,3,1,200,14
T5,4,0,38,1
T6,5,1,195,3
T7,6,1,114,5
T8,7,0,190,2
[194]
T1,0,1,200,2
T2,1,0,36,2
T3,2,1,135,2
T4,3,1,80,2
T5,4,0,140,13
T6,5,1,168,10
T7,6,1,182,10
T8,7,0,32,1
[195]
T1,0,0,178,11
T2,1,1,120,9
T3,2,1,30,2
T4,3,1,34,2
T5,4,1,178,1
T6,5,0,200,14
T7,6,0,75,2
T8,7,1,100,3
[196]
T1,0,0,200,3
T2,1,0,150,6
T3,2,1,85,2
T4,3,1,75,4
T5,4,1,21,2
T6,5,1,68,2
T7,6,0,42,3
T8,7,0,175,4
[197]
T1,0,0,134,2
T2,1,0,150,2
T3,2,0,25,1
T4,3,0,37,3
T5,4,1,200,15
T6,5,0,67,2
T7,6,0,67,1
T8,7,0,190,3
[198]
T1,0,0,77,8
T2,1,0,22,2
T3,2,0,150,4
T4,3,1,110,3
T5,4,0,200,17
T6,5,0,56,1
T7,6,0,198,1
T8,7,1,49,2
[199]
T1,0,1,80,5
T2,1,1,53,1
T3,2,1,20,2
T4,3,0,55,1
T5,4,0,200,24
T6,5,0,150,3
T7,6,1,69,2
T8,7,0,150,2
[200]
T1,0,0,150,2
T2,1,1,130,2
T3,2,0,28,2
T4,3,1,195,4
T5,4,1,128,1
T6,5,0,65,2
T7,6,0,200,10
T8,7,0,28,4
[201]
T1,0,0,189,16
T2,1,0,171,3
T3,2,1,60,3
T4,3,0,20,2
T5,4,1,36,2
T6,5,1,200,3
T7,6,0,90,2
T8,7,1,95,8
[202]
T1,0,0,75,3
T2,1,1,24,3
T3,2,0,162,2
T4,3,1,180,3
T5,4,0,98,2
T6,5,1,56,2
T7,6,0,51,2
T8,7,1,200,5
[203]
T1,0,0,150,7
T2,1,0,119,2
T3,2,0,200,2
T4,3,1,189,9
T5,4,0,72,6
T6,5,1,24,1
T7,6,1,43,2
T8,7,1,126,5
[204]
T1,0,1,76,2
T2,1,1,153,3
T3,2,0,95,5
T4,3,0,200,4
T5,4,0,51,6
T6,5,0,120,2
T7,6,0,190,2
T8,7,0,45,2
[205]
T1,0,1,99,1
T2,1,0,77,4
T3,2,1,39,1
T4,3,1,165,3
T5,4,1,30,1
T6,5,0,175,11
T7,6,1,112,2
T8,7,0,200,9
[206]
T1,0,1,78,2
T2,1,0,27,2
T3,2,0,180,4
T4,3,0,33,2
T5,4,1,180,8
T6,5,0,126,5
T7,6,1,200,18
T8,7,1,90,4
[207]
T1,0,0,180,2
T2,1,1,154,7
T3,2,1,120,3
T4,3,1,46,2
T5,4,1,50,2
T6,5,1,200,17
T7,6,1,98,2
T8,7,0,126,1
[208]
T1,0,1,50,2
T2,1,1,80,2
T3,2,1,105,1
T4,3,0,140,3
T5,4,0,175,22
T6,5,1,200,2
T7,6,1,32,2
T8,7,0,177,16
[209]
T1,0,0,41,1
T2,1,1,78,2
T3,2,1,156,2
T4,3,1,66,2
T5,4,0,50,9
T6,5,1,150,2
T7,6,1,200,6
T8,7,1,90,2
[210]
T1,0,1,196,13
T2,1,0,84,1
T3,2,0,105,5
T4,3,0,196,19
T5,4,0,33,2
T6,5,0,72,2
T7,6,0,200,4
T8,7,0,37,2
[211]
T1,0,1,180,2
T2,1,1,53,2
T3,2,0,81,6
T4,3,1,40,2
T5,4,1,150,7
T6,5,0,200,2
T7,6,0,72,2
T8,7,1,93,7
[212]
T1,0,0,170,1
T2,1,0,77,2
T3,2,0,200,8
T4,3,1,175,14
T5,4,0,24,2
T6,5,1,37,2
T7,6,1,84,1
T8,7,1,77,2
[213]
T1,0,0,39,2
T2,1,0,165,12
T3,2,0,60,1
T4,3,0,200,2
T5,4,0,34,1
T6,5,0,120,11
T7,6,1,150,3
T8,7,0,105,1
[214]
T1,0,0,39,2
T2,1,1,200,1
T3,2,1,165,18
T4,3,0,30,2
T5,4,1,165,2
T6,5,1,55,2
T7,6,0,63,2
T8,7,0,88,4
[215]
T1,0,1,192,8
T2,1,0,156,14
T3,2,0,70,2
T4,3,1,200,2
T5,4,1,120,4
T6,5,1,52,2
T7,6,0,25,1
T8,7,0,128,2
[216]
T1,0,0,44,2
T2,1,1,160,1
T3,2,1,200,10
T4,3,1,33,2
T5,4,0,80,5
T6,5,0,162,12
T7,6,1,99,4
T8,7,1,72,1
[217]
T1,0,0,36,1
T2,1,0,23,2
T3,2,1,150,2
T4,3,1,99,3
T5,4,0,88,2
T6,5,0,200,12
T7,6,0,65,3
T8,7,1,198,13
[218]
T1,0,0,104,2
T2,1,0,24,2
T3,2,0,200,1
T4,3,0,50,1
T5,4,0,66,1
T6,5,0,165,6
T7,6,0,150,15
T8,7,0,88,7
[219]
T1,0,0,46,2
T2,1,1,200,8
T3,2,0,30,2
T4,3,0,140,7
T5,4,1,160,15
T6,5,0,60,2
T7,6,0,160,4
T8,7,1,110,1
[220]
T1,0,0,63,2
T2,1,1,189,1
T3,2,0,135,8
T4,3,0,152,2
T5,4,0,27,2
T6,5,1,72,3
T7,6,1,200,8
T8,7,0,21,2
[221]
T1,0,1,170,3
T2,1,0,25,2
T3,2,0,200,9
T4,3,1,47,2
T5,4,1,150,13
T6,5,0,120,2
T7,6,0,68,1
T8,7,0,93,9
[222]
T1,0,0,54,2
T2,1,0,170,3
T3,2,0,26,2
T4,3,0,84,1
T5,4,0,200,15
T6,5,1,153,5
T7,6,1,21,2
T8,7,1,68,2
[223]
T1,0,1,98,2
T2,1,0,90,1
T3,2,1,168,16
T4,3,1,200,6
T5,4,1,192,3
T6,5,0,84,1
T7,6,1,32,2
T8,7,0,20,1
[224]
T1,0,0,200,9
T2,1,0,75,4
T3,2,0,111,2
T4,3,1,164,5
T5,4,1,111,7
T6,5,0,50,2
T7,6,1,164,2
T8,7,0,49,2
[225]
T1,0,0,63,2
T2,1,0,22,2
T3,2,0,200,3
T4,3,1,80,2
T5,4,0,28,2
T6,5,0,190,30
T7,6,0,95,3
T8,7,1,160,1
[226]
T1,0,1,189,8
T2,1,1,20,2
T3,2,1,50,4
T4,3,1,84,2
T5,4,0,126,4
T6,5,1,54,2
T7,6,0,200,14
T8,7,0,160,2
[227]
T1,0,1,150,1
T2,1,0,200,7
T3,2,0,20,2
T4,3,0,156,2
T5,4,0,30,1
T6,5,0,65,2
T7,6,1,95,16
T8,7,1,80,1
[228]
T1,0,0,175,1
T2,1,1,154,8
T3,2,1,28,2
T4,3,1,132,4
T5,4,1,70,2
T6,5,0,200,20
T7,6,0,114,2
T8,7,0,32,2
[229]
T1,0,1,88,2
T2,1,0,65,3
T3,2,1,200,2
T4,3,1,198,9
T5,4,1,130,8
T6,5,1,30,2
T7,6,1,26,1
T8,7,1,180,7
[230]
T1,0,1,120,6
T2,1,1,168,10
T3,2,0,34,2
T4,3,0,23,2
T5,4,1,200,3
T6,5,0,120,5
T7,6,0,70,3
T8,7,0,161,6
[231]
T1,0,0,88,2
T2,1,1,154,1
T3,2,0,63,5
T4,3,1,20,1
T5,4,1,165,12
T6,5,0,33,2
T7,6,0,120,1
T8,7,1,200,4
[232]
T1,0,0,200,2
T2,1,1,150,4
T3,2,1,33,2
T4,3,0,55,6
T5,4,0,100,5
T6,5,1,38,2
T7,6,0,100,2
T8,7,1,182,3
[233]
T1,0,1,75,1
T2,1,0,190,5
T3,2,1,31,2
T4,3,0,120,7
T5,4,1,24,1
T6,5,0,200,1
T7,6,0,198,11
T8,7,1,57,2
[234]
T1,0,0,45,2
T2,1,1,140,2
T3,2,0,22,2
T4,3,0,135,6
T5,4,1,56,2
T6,5,1,165,9
T7,6,1,168,17
T8,7,1,200,5
[235]
T1,0,0,99,2
T2,1,0,198,12
T3,2,1,176,13
T4,3,1,100,5
T5,4,0,88,2
T6,5,1,42,2
T7,6,1,200,1
T8,7,0,26,1
[236]
T1,0,0,132,4
T2,1,0,34,1
T3,2,0,200,8
T4,3,1,75,1
T5,4,1,110,5
T6,5,0,155,1
T7,6,1,31,2
T8,7,0,180,16
[237]
T1,0,1,117,4
T2,1,1,63,2
T3,2,0,200,7
T4,3,1,39,2
T5,4,0,195,1
T6,5,1,189,5
T7,6,1,54,1
T8,7,0,144,13
[238]
T1,0,0,72,2
T2,1,0,90,5
T3,2,0,189,2
T4,3,0,160,2
T5,4,0,200,10
T6,5,0,46,3
T7,6,1,45,1
T8,7,0,125,8
[239]
T1,0,1,105,1
T2,1,1,171,12
T3,2,0,189,4
T4,3,0,21,2
T5,4,1,140,4
T6,5,0,41,2
T7,6,0,200,9
T8,7,1,84,4
[240]
T1,0,0,175,11
T2,1,0,161,7
T3,2,1,36,1
T4,3,1,100,1
T5,4,1,70,2
T6,5,1,200,2
T7,6,0,21,2
T8,7,0,80,5
[241]
T1,0,0,170,19
T2,1,0,24,2
T3,2,0,180,2
T4,3,0,68,2
T5,4,0,200,2
T6,5,1,132,6
T7,6,0,45,2
T8,7,1,88,1
[242]
T1,0,1,200,4
T2,1,1,170,12
T3,2,0,33,2
T4,3,1,75,1
T5,4,0,51,1
T6,5,1,68,8
T7,6,1,90,1
T8,7,0,155,2
[243]
T1,0,1,104,1
T2,1,1,150,5
T3,2,1,120,6
T4,3,0,25,2
T5,4,0,148,7
T6,5,0,200,10
T7,6,1,50,2
T8,7,1,72,1
[244]
T1,0,1,195,8
T2,1,0,55,2
T3,2,0,55,1
T4,3,1,24,1
T5,4,1,175,2
T6,5,1,52,3
T7,6,1,200,1
T8,7,1,91,5
[245]
T1,0,0,144,1
T2,1,0,102,2
T3,2,0,198,6
T4,3,0,165,13
T5,4,1,200,6
T6,5,0,52,5
T7,6,0,20,2
T8,7,0,68,2
[246]
T1,0,0,28,1
T2,1,1,78,2
T3,2,0,24,2
T4,3,1,200,9
T5,4,1,60,3
T6,5,0,64,2
T7,6,1,168,2
T8,7,1,160,11
[247]
T1,0,1,46,2
T2,1,1,184,5
T3,2,1,72,7
T4,3,1,168,5
T5,4,0,200,16
T6,5,0,54,2
T7,6,0,41,2
T8,7,1,108,1
[248]
T1,0,0,108,5
T2,1,1,184,15
T3,2,0,135,2
T4,3,1,21,2
T5,4,0,180,4
T6,5,1,115,8
T7,6,1,200,4
T8,7,0,36,2
[249]
T1,0,0,182,1
T2,1,0,28,2
T3,2,1,28,1
T4,3,0,200,5
T5,4,0,105,2
T6,5,0,195,1
T7,6,1,104,2
T8,7,0,66,8
[250]
T1,0,0,98,5
T2,1,0,200,4
T3,2,1,195,16
T4,3,0,104,2
T5,4,1,35,1
T6,5,1,168,1
T7,6,1,70,2
T8,7,1,49,2
[251]
T1,0,0,27,2
T2,1,1,165,7
T3,2,0,200,8
T4,3,1,160,16
T5,4,1,130,1
T6,5,0,20,1
T7,6,0,110,2
T8,7,1,60,1
[252]
T1,0,0,200,2
T2,1,0,75,3
T3,2,1,80,2
T4,3,1,21,2
T5,4,1,198,5
T6,5,1,26,2
T7,6,0,132,2
T8,7,0,198,22
[253]
T1,0,0,105,1
T2,1,0,200,29
T3,2,1,184,7
T4,3,0,168,10
T5,4,0,105,2
T6,5,1,96,2
T7,6,0,21,2
T8,7,0,25,2
[254]
T1,0,0,200,2
T2,1,1,51,1
T3,2,1,25,2
T4,3,1,100,2
T5,4,1,148,2
T6,5,0,198,12
T7,6,1,74,12
T8,7,0,110,2
[255]
T1,0,0,160,2
T2,1,1,96,2
T3,2,0,21,1
T4,3,0,200,2
T5,4,1,70,1
T6,5,1,105,9
T7,6,1,160,7
T8,7,0,53,1
[256]
T1,0,0,72,1
T2,1,0,98,3
T3,2,0,200,3
T4,3,0,25,1
T5,4,1,168,9
T6,5,0,147,5
T7,6,0,21,2
T8,7,1,90,7
[257]
T1,0,1,182,5
T2,1,0,200,19
T3,2,1,39,2
T4,3,0,104,2
T5,4,1,150,7
T6,5,0,77,2
T7,6,1,22,1
T8,7,1,66,2
[258]
T1,0,0,200,2
T2,1,1,150,2
T3,2,0,105,12
T4,3,1,182,4
T5,4,0,130,2
T6,5,0,43,2
T7,6,0,105,9
T8,7,0,39,2
[259]
T1,0,1,200,2
T2,1,1,170,1
T3,2,1,196,3
T4,3,1,32,2
T5,4,0,46,1
T6,5,1,98,2
T7,6,0,112,4
T8,7,0,56,8
[260]
T1,0,0,175,5
T2,1,0,175,28
T3,2,1,200,5
T4,3,0,100,2
T5,4,1,41,2
T6,5,1,72,2
T7,6,1,129,2
T8,7,1,42,2
[261]
T1,0,1,200,2
T2,1,1,150,14
T3,2,1,84,2
T4,3,1,45,3
T5,4,0,72,2
T6,5,1,168,11
T7,6,0,92,2
T8,7,0,50,2
[262]
T1,0,0,150,4
T2,1,0,70,4
T3,2,0,42,2
T4,3,1,84,2
T5,4,0,189,17
T6,5,1,26,2
T7,6,0,200,13
T8,7,0,126,2
[263]
T1,0,0,24,2
T2,1,0,116,2
T3,2,0,184,3
T4,3,1,100,1
T5,4,1,100,1
T6,5,1,37,4
T7,6,0,184,7
T8,7,0,200,4
[264]
T1,0,1,119,10
T2,1,0,27,2
T3,2,1,154,7
T4,3,0,77,2
T5,4,0,176,5
T6,5,1,119,10
T7,6,1,28,2
T8,7,1,200,2
[265]
T1,0,0,112,2
T2,1,1,200,2
T3,2,0,162,7
T4,3,1,168,1
T5,4,0,63,1
T6,5,0,40,2
T7,6,0,63,5
T8,7,0,24,2
[266]
T1,0,0,200,9
T2,1,0,100,2
T3,2,1,162,18
T4,3,1,72,3
T5,4,0,75,2
T6,5,1,25,2
T7,6,1,195,10
T8,7,1,23,2
[267]
T1,0,1,152,2
T2,1,0,105,2
T3,2,0,114,2
T4,3,0,171,15
T5,4,0,36,2
T6,5,0,133,2
T7,6,1,200,20
T8,7,1,52,2
[268]
T1,0,1,112,2
T2,1,1,175,7
T3,2,0,24,1
T4,3,0,56,1
T5,4,0,200,9
T6,5,1,41,3
T7,6,1,141,1
T8,7,0,160,7
[269]
T1,0,1,48,1
T2,1,1,100,2
T3,2,0,77,4
T4,3,1,200,1
T5,4,0,165,10
T6,5,0,24,2
T7,6,0,150,5
T8,7,1,84,2
[270]
T1,0,1,100,3
T2,1,1,150,9
T3,2,0,141,4
T4,3,1,44,3
T5,4,1,200,4
T6,5,1,81,2
T7,6,0,24,2
T8,7,0,180,8
[271]
T1,0,1,53,2
T2,1,0,200,15
T3,2,0,85,2
T4,3,0,153,5
T5,4,0,31,1
T6,5,1,124,9
T7,6,1,62,2
T8,7,1,150,5
[272]
T1,0,1,64,2
T2,1,0,140,8
T3,2,1,114,3
T4,3,0,200,1
T5,4,1,30,2
T6,5,1,152,3
T7,6,0,34,1
T8,7,0,175,20
[273]
T1,0,1,57,2
T2,1,1,200,1
T3,2,1,171,3
T4,3,0,46,1
T5,4,1,72,2
T6,5,1,180,3
T7,6,1,24,1
T8,7,1,88,10
[274]
T1,0,0,144,2
T2,1,0,200,8
T3,2,0,96,8
T4,3,0,159,1
T5,4,0,25,1
T6,5,0,24,2
T7,6,0,90,5
T8,7,0,160,3
[275]
T1,0,0,180,5
T2,1,1,200,2
T3,2,0,152,5
T4,3,0,108,3
T5,4,1,40,3
T6,5,0,56,1
T7,6,0,84,3
T8,7,1,43,1
[276]
T1,0,0,195,1
T2,1,1,200,4
T3,2,1,58,1
T4,3,0,65,2
T5,4,1,58,2
T6,5,0,49,2
T7,6,0,156,6
T8,7,1,20,3
[277]
T1,0,1,75,1
T2,1,0,24,2
T3,2,1,64,2
T4,3,0,150,18
T5,4,0,20,2
T6,5,1,75,1
T7,6,1,200,11
T8,7,1,191,6
[278]
T1,0,1,200,1
T2,1,0,32,2
T3,2,0,160,8
T4,3,0,84,2
T5,4,1,125,16
T6,5,1,144,6
T7,6,0,28,1
T8,7,0,160,1
[279]
T1,0,0,34,2
T2,1,0,29,2
T3,2,1,75,2
T4,3,1,80,2
T5,4,1,170,2
T6,5,1,180,11
T7,6,1,84,4
T8,7,0,200,20
[280]
T1,0,0,175,13
T2,1,0,128,2
T3,2,1,41,2
T4,3,0,200,7
T5,4,0,192,1
T6,5,1,80,2
T7,6,0,49,2
T8,7,1,80,4
[281]
T1,0,1,45,1
T2,1,0,60,2
T3,2,0,80,2
T4,3,1,25,1
T5,4,1,148,17
T6,5,1,74,2
T7,6,0,200,2
T8,7,0,176,6
[282]
T1,0,0,90,2
T2,1,1,190,12
T3,2,1,46,2
T4,3,1,200,2
T5,4,0,195,2
T6,5,0,45,7
T7,6,1,72,2
T8,7,1,120,2
[283]
T1,0,1,182,5
T2,1,0,31,2
T3,2,1,182,8
T4,3,1,42,1
T5,4,0,130,7
T6,5,1,66,2
T7,6,1,60,1
T8,7,1,200,6
[284]
T1,0,1,36,1
T2,1,0,81,1
T3,2,0,174,8
T4,3,1,20,2
T5,4,1,200,4
T6,5,1,144,2
T7,6,1,80,8
T8,7,0,180,8
[285]
T1,0,0,35,1
T2,1,1,57,1
T3,2,1,150,2
T4,3,0,53,6
T5,4,0,165,10
T6,5,1,200,8
T7,6,1,76,2
T8,7,0,60,2
[286]
T1,0,0,165,1
T2,1,1,88,2
T3,2,1,200,7
T4,3,0,38,1
T5,4,1,50,2
T6,5,0,150,2
T7,6,1,140,11
T8,7,0,112,11
[287]
T1,0,0,63,1
T2,1,0,42,1
T3,2,0,24,2
T4,3,0,59,2
T5,4,1,180,6
T6,5,1,126,6
T7,6,1,200,11
T8,7,0,177,7
[288]
T1,0,0,27,1
T2,1,1,100,2
T3,2,0,119,10
T4,3,0,175,4
T5,4,1,63,2
T6,5,0,200,2
T7,6,0,170,1
T8,7,0,50,1
[289]
T1,0,1,175,7
T2,1,1,47,3
T3,2,0,144,1
T4,3,0,180,5
T5,4,1,117,1
T6,5,1,84,1
T7,6,0,200,10
T8,7,1,28,2
[290]
T1,0,0,58,4
T2,1,0,20,2
T3,2,1,80,2
T4,3,1,200,4
T5,4,1,174,13
T6,5,0,65,1
T7,6,1,41,2
T8,7,0,150,2
[291]
T1,0,0,28,1
T2,1,0,25,2
T3,2,1,70,3
T4,3,0,140,6
T5,4,0,180,6
T6,5,0,200,2
T7,6,1,195,2
T8,7,1,60,2
[292]
T1,0,1,69,2
T2,1,0,28,2
T3,2,1,200,6
T4,3,0,86,5
T5,4,0,150,4
T6,5,1,184,7
T7,6,0,25,2
T8,7,1,75,2
[293]
T1,0,0,85,6
T2,1,1,153,2
T3,2,1,200,7
T4,3,1,20,2
T5,4,1,88,3
T6,5,1,120,8
T7,6,1,26,2
T8,7,1,176,7
[294]
T1,0,1,75,2
T2,1,1,200,1
T3,2,1,80,6
T4,3,0,49,2
T5,4,1,174,2
T6,5,0,160,22
T7,6,0,105,2
T8,7,1,24,2
[295]
T1,0,1,88,1
T2,1,1,96,4
T3,2,0,121,3
T4,3,0,40,2
T5,4,0,176,2
T6,5,0,176,9
T7,6,1,200,14
T8,7,1,22,2
[296]
T1,0,0,156,3
T2,1,0,195,19
T3,2,0,21,2
T4,3,0,70,5
T5,4,1,91,3
T6,5,1,56,2
T7,6,1,49,2
T8,7,0,200,3
[297]
T1,0,1,39,1
T2,1,0,180,2
T3,2,0,156,18
T4,3,1,78,2
T5,4,0,200,2
T6,5,1,40,2
T7,6,1,99,10
T8,7,0,55,2
[298]
T1,0,1,150,16
T2,1,0,200,2
T3,2,0,30,2
T4,3,0,135,5
T5,4,0,25,2
T6,5,1,81,2
T7,6,0,150,4
T8,7,1,76,3
[299]
T1,0,1,200,21
T2,1,0,63,2
T3,2,0,192,10
T4,3,1,48,2
T5,4,0,144,12
T6,5,1,175,1
T7,6,0,25,2
T8,7,1,125,1
[300]
T1,0,0,105,2
T2,1,1,46,2
T3,2,0,165,17
T4,3,1,200,2
T5,4,0,55,2
T6,5,1,150,11
T7,6,0,55,2
T8,7,0,28,2
[301]
T1,0,1,200,4
T2,1,1,150,2
T3,2,1,21,2
T4,3,1,47,2
T5,4,1,198,16
T6,5,1,132,11
T7,6,0,110,2
T8,7,1,98,2
[302]
T1,0,0,28,2
T2,1,1,84,3
T3,2,0,200,3
T4,3,0,130,4
T5,4,1,54,2
T6,5,1,140,2
T7,6,1,165,13
T8,7,0,150,3
[303]
T1,0,1,25,2
T2,1,0,88,2
T3,2,0,58,2
T4,3,1,180,6
T5,4,0,116,7
T6,5,1,200,11
T7,6,1,40,2
T8,7,0,180,10
[304]
T1,0,1,51,5
T2,1,1,22,1
T3,2,1,120,2
T4,3,0,100,2
T5,4,1,176,2
T6,5,0,200,3
T7,6,1,176,12
T8,7,0,112,2
[305]
T1,0,1,45,2
T2,1,1,25,2
T3,2,0,180,6
T4,3,0,168,2
T5,4,0,200,13
T6,5,0,80,2
T7,6,0,125,4
T8,7,0,80,2
[306]
T1,0,0,90,7
T2,1,1,39,2
T3,2,0,195,2
T4,3,1,150,4
T5,4,1,78,4
T6,5,0,36,1
T7,6,1,112,1
T8,7,1,200,7
[307]
T1,0,1,147,2
T2,1,0,200,2
T3,2,1,77,1
T4,3,0,53,5
T5,4,0,75,1
T6,5,0,99,1
T7,6,0,49,1
T8,7,0,180,13
[308]
T1,0,1,192,2
T2,1,0,200,10
T3,2,0,56,3
T4,3,0,115,9
T5,4,1,28,2
T6,5,1,70,2
T7,6,1,40,1
T8,7,0,175,3
[309]
T1,0,1,70,4
T2,1,1,75,2
T3,2,1,168,17
T4,3,1,100,2
T5,4,0,54,2
T6,5,1,200,4
T7,6,0,33,2
T8,7,1,165,8
[310]
T1,0,1,45,2
T2,1,1,156,9
T3,2,1,195,2
T4,3,0,145,1
T5,4,0,200,4
T6,5,1,75,9
T7,6,0,36,2
T8,7,1,58,2
[311]
T1,0,1,200,22
T2,1,1,66,1
T3,2,1,132,3
T4,3,1,44,2
T5,4,1,23,2
T6,5,1,176,2
T7,6,0,153,2
T8,7,0,55,4
[312]
T1,0,1,140,4
T2,1,1,45,2
T3,2,0,26,2
T4,3,1,198,8
T5,4,1,135,2
T6,5,1,75,5
T7,6,0,200,14
T8,7,0,176,2
[313]
T1,0,1,32,2
T2,1,1,56,1
T3,2,0,184,2
T4,3,1,84,3
T5,4,1,20,2
T6,5,1,192,1
T7,6,0,200,31
T8,7,0,80,3
[314]
T1,0,0,32,1
T2,1,1,96,2
T3,2,0,200,2
T4,3,0,192,2
T5,4,1,160,10
T6,5,0,132,3
T7,6,1,66,7
T8,7,1,20,2
[315]
T1,0,0,192,1
T2,1,0,80,1
T3,2,0,20,1
T4,3,1,160,7
T5,4,0,200,2
T6,5,0,50,4
T7,6,1,84,2
T8,7,1,133,1
[316]
T1,0,1,161,9
T2,1,0,108,7
T3,2,0,115,3
T4,3,1,150,2
T5,4,1,42,1
T6,5,1,105,6
T7,6,0,39,1
T8,7,0,200,1
[317]
T1,0,0,144,2
T2,1,0,100,2
T3,2,0,173,14
T4,3,0,144,2
T5,4,0,173,1
T6,5,1,200,5
T7,6,0,50,3
T8,7,1,41,3
[318]
T1,0,1,43,1
T2,1,1,154,2
T3,2,1,88,6
T4,3,1,160,7
T5,4,0,48,4
T6,5,1,200,1
T7,6,1,55,2
T8,7,0,80,2
[319]
T1,0,0,144,7
T2,1,0,110,3
T3,2,0,200,6
T4,3,0,41,1
T5,4,1,168,2
T6,5,1,28,1
T7,6,1,160,13
T8,7,0,100,2
[320]
T1,0,1,128,2
T2,1,1,200,11
T3,2,1,35,2
T4,3,0,120,1
T5,4,1,150,3
T6,5,1,195,10
T7,6,1,80,2
T8,7,0,48,2
[321]
T1,0,1,125,2
T2,1,1,126,2
T3,2,1,34,2
T4,3,1,200,7
T5,4,0,150,9
T6,5,1,168,11
T7,6,0,112,1
T8,7,1,30,1
[322]
T1,0,1,66,3
T2,1,1,168,2
T3,2,0,126,1
T4,3,0,165,11
T5,4,1,37,2
T6,5,0,200,13
T7,6,1,20,2
T8,7,0,80,4
[323]
T1,0,1,25,2
T2,1,1,200,3
T3,2,0,26,2
T4,3,0,91,8
T5,4,1,65,2
T6,5,0,120,3
T7,6,0,147,2
T8,7,1,156,2
[324]
T1,0,0,190,2
T2,1,1,80,2
T3,2,0,57,4
T4,3,0,192,4
T5,4,0,24,2
T6,5,1,49,1
T7,6,0,128,9
T8,7,0,200,14
[325]
T1,0,1,29,2
T2,1,1,40,2
T3,2,0,66,3
T4,3,0,132,5
T5,4,0,100,7
T6,5,1,154,2
T7,6,0,200,4
T8,7,0,165,12
[326]
T1,0,1,72,5
T2,1,0,200,1
T3,2,0,126,4
T4,3,0,51,2
T5,4,1,40,2
T6,5,0,120,4
T7,6,0,150,11
T8,7,0,161,6
[327]
T1,0,1,28,2
T2,1,1,63,2
T3,2,0,64,3
T4,3,0,80,3
T5,4,0,168,2
T6,5,1,42,1
T7,6,0,200,3
T8,7,0,196,24
[328]
T1,0,1,200,6
T2,1,1,84,2
T3,2,0,42,2
T4,3,1,110,3
T5,4,0,152,1
T6,5,0,45,1
T7,6,0,84,12
T8,7,1,190,1
[329]
T1,0,0,36,2
T2,1,1,88,2
T3,2,1,200,12
T4,3,0,144,8
T5,4,1,160,10
T6,5,1,25,2
T7,6,0,60,1
T8,7,0,168,3
[330]
T1,0,1,170,4
T2,1,1,60,2
T3,2,0,200,5
T4,3,0,90,1
T5,4,0,30,2
T6,5,0,180,1
T7,6,1,72,8
T8,7,1,48,1
[331]
T1,0,0,45,2
T2,1,0,64,7
T3,2,0,64,2
T4,3,0,76,5
T5,4,0,190,5
T6,5,1,39,2
T7,6,1,200,3
T8,7,1,190,7
[332]
T1,0,1,174,1
T2,1,1,175,2
T3,2,0,44,2
T4,3,1,140,6
T5,4,1,200,5
T6,5,1,105,6
T7,6,0,120,10
T8,7,1,20,2
[333]
T1,0,1,170,2
T2,1,1,102,1
T3,2,1,48,2
T4,3,0,200,2
T5,4,0,170,2
T6,5,0,39,9
T7,6,1,120,1
T8,7,0,140,1
[334]
T1,0,1,84,1
T2,1,1,38,2
T3,2,0,190,2
T4,3,0,75,2
T5,4,0,200,5
T6,5,1,43,6
T7,6,0,190,15
T8,7,0,105,2
[335]
T1,0,1,200,6
T2,1,1,190,14
T3,2,1,171,4
T4,3,0,66,2
T5,4,1,114,7
T6,5,1,35,2
T7,6,1,120,4
T8,7,1,20,2
[336]
T1,0,0,27,2
T2,1,1,126,1
T3,2,1,140,7
T4,3,0,156,20
T5,4,0,200,3
T6,5,1,80,3
T7,6,1,26,2
T8,7,1,189,2
[337]
T1,0,1,80,5
T2,1,0,24,2
T3,2,0,200,2
T4,3,1,175,3
T5,4,0,133,12
T6,5,0,100,5
T7,6,0,38,2
T8,7,1,152,2
[338]
T1,0,1,93,1
T2,1,1,96,2
T3,2,1,44,2
T4,3,1,96,1
T5,4,1,50,2
T6,5,1,150,6
T7,6,0,200,34
T8,7,1,160,2
[339]
T1,0,0,56,4
T2,1,0,48,2
T3,2,0,200,2
T4,3,0,84,2
T5,4,0,27,2
T6,5,1,100,1
T7,6,0,160,2
T8,7,1,188,5
[340]
T1,0,1,24,4
T2,1,1,102,2
T3,2,1,63,2
T4,3,1,200,4
T5,4,1,180,4
T6,5,0,47,2
T7,6,0,153,2
T8,7,0,72,2
[341]
T1,0,1,190,2
T2,1,0,23,2
T3,2,1,96,4
T4,3,0,140,2
T5,4,0,200,3
T6,5,1,100,3
T7,6,0,30,2
T8,7,0,171,13
[342]
T1,0,0,180,8
T2,1,0,200,5
T3,2,1,144,3
T4,3,1,78,2
T5,4,0,130,7
T6,5,1,160,5
T7,6,0,40,2
T8,7,1,54,5
[343]
T1,0,0,20,2
T2,1,1,183,2
T3,2,1,135,1
T4,3,0,200,1
T5,4,0,81,7
T6,5,1,90,2
T7,6,1,150,16
T8,7,1,20,2
[344]
T1,0,1,168,3
T2,1,1,44,2
T3,2,1,45,1
T4,3,1,168,2
T5,4,1,75,8
T6,5,1,200,2
T7,6,0,112,2
T8,7,0,66,6
[345]
T1,0,1,99,8
T2,1,1,200,2
T3,2,1,176,2
T4,3,1,135,5
T5,4,0,108,2
T6,5,1,189,16
T7,6,1,50,2
T8,7,1,30,2
[346]
T1,0,1,48,1
T2,1,1,26,2
T3,2,0,90,2
T4,3,0,90,9
T5,4,0,200,4
T6,5,1,152,5
T7,6,0,152,10
T8,7,1,105,2
[347]
T1,0,0,125,1
T2,1,1,70,6
T3,2,1,65,4
T4,3,1,168,7
T5,4,1,200,2
T6,5,0,53,2
T7,6,1,182,2
T8,7,0,28,1
[348]
T1,0,1,112,2
T2,1,0,45,3
T3,2,0,96,12
T4,3,0,96,2
T5,4,1,160,1
T6,5,0,200,2
T7,6,0,20,2
T8,7,1,180,9
[349]
T1,0,0,100,1
T2,1,0,152,9
T3,2,1,100,2
T4,3,0,56,2
T5,4,0,200,23
T6,5,1,160,1
T7,6,0,35,1
T8,7,1,50,2
[350]
T1,0,1,200,4
T2,1,0,175,11
T3,2,1,64,2
T4,3,0,112,2
T5,4,0,51,1
T6,5,1,150,13
T7,6,1,46,2
T8,7,1,68,3
[351]
T1,0,1,100,3
T2,1,0,200,37
T3,2,1,128,1
T4,3,0,48,2
T5,4,0,150,5
T6,5,1,192,2
T7,6,1,41,2
T8,7,1,58,2
[352]
T1,0,0,200,7
T2,1,0,140,2
T3,2,0,28,2
T4,3,1,161,4
T5,4,0,48,2
T6,5,0,55,1
T7,6,1,175,4
T8,7,0,55,3
[353]
T1,0,1,39,2
T2,1,0,200,5
T3,2,0,168,14
T4,3,1,60,5
T5,4,0,104,2
T6,5,0,195,2
T7,6,1,51,2
T8,7,1,140,12
[354]
T1,0,0,176,2
T2,1,1,49,2
T3,2,1,144,2
T4,3,0,168,3
T5,4,1,80,2
T6,5,1,200,13
T7,6,0,45,3
T8,7,1,84,3
[355]
T1,0,0,148,3
T2,1,0,105,2
T3,2,0,30,2
T4,3,0,60,1
T5,4,1,185,2
T6,5,1,38,1
T7,6,1,200,2
T8,7,0,70,9
[356]
T1,0,1,85,2
T2,1,0,200,10
T3,2,0,124,1
T4,3,1,20,2
T5,4,0,170,4
T6,5,1,80,1
T7,6,1,150,15
T8,7,1,25,1
[357]
T1,0,1,24,2
T2,1,1,156,1
T3,2,1,44,5
T4,3,1,170,2
T5,4,1,90,1
T6,5,0,85,2
T7,6,1,85,1
T8,7,0,200,4
[358]
T1,0,1,200,15
T2,1,0,144,2
T3,2,1,46,2
T4,3,1,160,2
T5,4,0,90,8
T6,5,1,155,8
T7,6,1,48,1
T8,7,1,62,1
[359]
T1,0,0,125,2
T2,1,0,200,13
T3,2,1,26,2
T4,3,1,126,1
T5,4,0,25,1
T6,5,0,168,16
T7,6,1,189,1
T8,7,0,96,2
[360]
T1,0,1,30,2
T2,1,1,200,2
T3,2,0,156,4
T4,3,0,82,1
T5,4,1,120,2
T6,5,1,46,3
T7,6,0,104,1
T8,7,0,164,10
[361]
T1,0,0,23,1
T2,1,0,159,1
T3,2,0,32,2
T4,3,0,150,8
T5,4,1,200,8
T6,5,1,112,10
T7,6,1,70,2
T8,7,1,70,2
[362]
T1,0,0,80,7
T2,1,1,200,1
T3,2,0,70,2
T4,3,1,25,2
T5,4,0,95,1
T6,5,1,182,4
T7,6,0,35,3
T8,7,0,175,3
[363]
T1,0,0,126,11
T2,1,0,35,2
T3,2,1,170,10
T4,3,0,200,2
T5,4,0,25,2
T6,5,0,96,1
T7,6,1,112,2
T8,7,0,168,2
[364]
T1,0,1,200,1
T2,1,1,53,2
T3,2,0,175,2
T4,3,1,72,7
T5,4,1,150,5
T6,5,1,39,1
T7,6,0,108,6
T8,7,0,80,3
[365]
T1,0,0,50,2
T2,1,1,200,8
T3,2,1,96,1
T4,3,0,192,16
T5,4,1,156,2
T6,5,0,78,2
T7,6,1,120,3
T8,7,0,48,1
[366]
T1,0,0,200,9
T2,1,0,40,2
T3,2,1,68,2
T4,3,1,154,15
T5,4,0,187,1
T6,5,0,68,2
T7,6,0,25,2
T8,7,1,68,2
[367]
T1,0,1,21,2
T2,1,1,180,10
T3,2,0,90,9
T4,3,0,70,2
T5,4,1,172,4
T6,5,1,200,2
T7,6,1,21,2
T8,7,1,100,4
[368]
T1,0,1,180,12
T2,1,0,161,2
T3,2,0,120,1
T4,3,0,63,2
T5,4,1,138,4
T6,5,0,45,2
T7,6,1,200,22
T8,7,0,25,2
[369]
T1,0,1,33,1
T2,1,0,66,3
T3,2,1,110,3
T4,3,1,96,2
T5,4,1,48,2
T6,5,0,160,7
T7,6,0,156,12
T8,7,1,200,1
[370]
T1,0,1,175,6
T2,1,1,21,2
T3,2,1,200,7
T4,3,1,22,2
T5,4,0,104,1
T6,5,0,140,2
T7,6,1,182,19
T8,7,0,77,2
[371]
T1,0,1,60,2
T2,1,0,42,1
T3,2,0,150,1
T4,3,1,45,2
T5,4,0,105,1
T6,5,0,150,5
T7,6,0,82,4
T8,7,1,200,10
[372]
T1,0,1,175,3
T2,1,0,90,1
T3,2,0,144,10
T4,3,1,77,6
T5,4,0,175,2
T6,5,0,24,1
T7,6,1,200,7
T8,7,0,36,2
[373]
T1,0,0,66,2
T2,1,0,132,5
T3,2,0,200,14
T4,3,1,28,2
T5,4,0,143,5
T6,5,0,48,2
T7,6,1,165,1
T8,7,1,180,12
[374]
T1,0,1,50,1
T2,1,0,102,6
T3,2,1,132,2
T4,3,0,200,10
T5,4,0,136,4
T6,5,1,150,6
T7,6,0,50,2
T8,7,1,160,7
[375]
T1,0,0,40,2
T2,1,1,60,2
T3,2,1,150,11
T4,3,0,28,2
T5,4,0,200,3
T6,5,0,132,2
T7,6,0,110,2
T8,7,0,158,13
[376]
T1,0,0,100,2
T2,1,0,200,9
T3,2,1,184,4
T4,3,1,80,2
T5,4,1,30,2
T6,5,1,51,1
T7,6,1,102,14
T8,7,0,160,6
[377]
T1,0,1,153,3
T2,1,1,51,2
T3,2,0,200,13
T4,3,0,132,3
T5,4,0,150,4
T6,5,0,27,3
T7,6,1,102,1
T8,7,1,99,2
[378]
T1,0,0,66,2
T2,1,1,147,8
T3,2,1,175,9
T4,3,1,200,2
T5,4,1,165,3
T6,5,1,63,3
T7,6,0,46,2
T8,7,0,25,2
[379]
T1,0,1,44,2
T2,1,0,200,8
T3,2,0,110,4
T4,3,1,46,4
T5,4,0,80,2
T6,5,1,180,3
T7,6,1,190,5
T8,7,1,60,3
[380]
T1,0,0,112,2
T2,1,0,200,10
T3,2,0,35,1
T4,3,1,69,1
T5,4,0,150,1
T6,5,0,33,1
T7,6,0,168,18
T8,7,0,138,5
[381]
T1,0,1,80,2
T2,1,0,200,3
T3,2,1,126,2
T4,3,1,27,2
T5,4,0,30,1
T6,5,1,180,11
T7,6,1,88,2
T8,7,1,150,4
[382]
T1,0,1,49,2
T2,1,1,147,8
T3,2,1,156,2
T4,3,0,112,1
T5,4,1,200,13
T6,5,1,112,2
T7,6,1,65,2
T8,7,1,24,1
[383]
T1,0,0,154,12
T2,1,0,40,2
T3,2,1,22,1
T4,3,0,60,2
T5,4,0,200,2
T6,5,1,60,1
T7,6,0,156,10
T8,7,1,91,2
[384]
T1,0,0,33,1
T2,1,0,154,2
T3,2,0,180,20
T4,3,0,135,2
T5,4,1,200,1
T6,5,0,112,1
T7,6,1,43,2
T8,7,0,108,3
[385]
T1,0,1,200,2
T2,1,1,65,3
T3,2,1,102,1
T4,3,0,41,1
T5,4,0,150,10
T6,5,0,56,4
T7,6,1,168,2
T8,7,0,26,2
[386]
T1,0,0,135,5
T2,1,0,192,9
T3,2,1,20,2
T4,3,1,44,2
T5,4,1,200,2
T6,5,1,136,1
T7,6,1,90,13
T8,7,0,192,2
[387]
T1,0,1,80,6
T2,1,1,162,1
T3,2,0,27,1
T4,3,0,22,2
T5,4,1,88,2
T6,5,0,162,2
T7,6,1,200,15
T8,7,0,60,1
[388]
T1,0,1,200,16
T2,1,0,154,1
T3,2,0,77,5
T4,3,0,24,2
T5,4,1,112,4
T6,5,0,147,2
T7,6,0,70,4
T8,7,1,46,2
[389]
T1,0,1,78,1
T2,1,0,159,2
T3,2,1,156,6
T4,3,1,45,2
T5,4,1,104,4
T6,5,0,120,8
T7,6,0,40,2
T8,7,1,200,10
[390]
T1,0,1,82,2
T2,1,0,165,13
T3,2,0,198,3
T4,3,1,23,2
T5,4,1,41,2
T6,5,0,200,5
T7,6,0,100,12
T8,7,1,66,2
[391]
T1,0,1,35,2
T2,1,1,136,12
T3,2,1,46,3
T4,3,0,180,2
T5,4,0,63,4
T6,5,0,105,2
T7,6,0,153,3
T8,7,0,200,2
[392]
T1,0,1,60,4
T2,1,1,152,2
T3,2,1,26,2
T4,3,0,72,6
T5,4,0,110,2
T6,5,0,200,2
T7,6,1,165,2
T8,7,1,22,2
[393]
T1,0,1,20,2
T2,1,1,196,12
T3,2,0,180,3
T4,3,1,28,2
T5,4,0,200,2
T6,5,0,126,3
T7,6,1,126,11
T8,7,0,81,4
[394]
T1,0,0,170,10
T2,1,0,95,7
T3,2,0,20,2
T4,3,1,152,7
T5,4,0,125,9
T6,5,1,33,2
T7,6,0,68,2
T8,7,0,200,1
[395]
T1,0,0,26,2
T2,1,1,88,2
T3,2,0,154,8
T4,3,0,200,5
T5,4,0,144,2
T6,5,1,48,6
T7,6,0,198,6
T8,7,0,75,2
[396]
T1,0,1,180,6
T2,1,1,171,4
T3,2,1,108,2
T4,3,1,34,2
T5,4,0,76,5
T6,5,1,105,3
T7,6,1,36,1
T8,7,1,200,8
[397]
T1,0,0,176,1
T2,1,0,77,2
T3,2,0,200,5
T4,3,0,29,2
T5,4,0,99,1
T6,5,1,108,14
T7,6,1,168,2
T8,7,1,28,1
[398]
T1,0,0,200,21
T2,1,1,110,1
T3,2,1,176,2
T4,3,1,40,2
T5,4,0,33,1
T6,5,1,196,2
T7,6,0,75,4
T8,7,1,98,1
[399]
T1,0,1,100,8
T2,1,0,46,2
T3,2,1,54,2
T4,3,1,25,2
T5,4,0,63,4
T6,5,1,150,8
T7,6,0,200,1
T8,7,1,153,3
[400]
T1,0,0,156,2
T2,1,0,72,7
T3,2,1,39,2
T4,3,0,93,1
T5,4,0,195,9
T6,5,0,37,1
T7,6,0,100,3
T8,7,0,200,2
[401]
T1,0,1,60,3
T2,1,1,200,2
T3,2,1,45,2
T4,3,1,39,1
T5,4,0,180,2
T6,5,0,142,5
T7,6,0,150,11
T8,7,1,84,5
[402]
T1,0,1,84,1
T2,1,1,175,12
T3,2,1,28,2
T4,3,0,100,2
T5,4,1,57,2
T6,5,0,160,11
T7,6,0,200,5
T8,7,1,51,1
[403]
T1,0,0,200,18
T2,1,0,36,1
T3,2,1,124,3
T4,3,0,170,4
T5,4,1,85,3
T6,5,1,21,2
T7,6,0,93,1
T8,7,1,180,7
[404]
T1,0,0,77,2
T2,1,0,42,2
T3,2,1,200,7
T4,3,0,120,1
T5,4,0,150,4
T6,5,1,90,8
T7,6,0,47,2
T8,7,1,176,8
[405]
T1,0,1,40,2
T2,1,1,25,2
T3,2,0,84,3
T4,3,0,192,5
T5,4,1,175,6
T6,5,0,200,2
T7,6,0,55,2
T8,7,1,75,5
[406]
T1,0,1,200,2
T2,1,1,168,13
T3,2,1,21,2
T4,3,1,175,2
T5,4,1,52,2
T6,5,1,55,8
T7,6,0,80,2
T8,7,1,135,2
[407]
T1,0,1,184,8
T2,1,0,200,7
T3,2,0,69,1
T4,3,1,40,3
T5,4,0,69,2
T6,5,1,57,2
T7,6,0,24,2
T8,7,0,190,11
[408]
T1,0,1,200,5
T2,1,1,168,4
T3,2,1,56,1
T4,3,0,92,2
T5,4,0,90,4
T6,5,1,22,2
T7,6,1,150,2
T8,7,1,46,1
[409]
T1,0,1,168,9
T2,1,1,54,1
T3,2,1,50,2
T4,3,0,90,2
T5,4,0,46,1
T6,5,1,200,7
T7,6,0,156,6
T8,7,0,130,1
[410]
T1,0,0,114,1
T2,1,0,27,2
T3,2,1,57,6
T4,3,0,175,1
T5,4,0,200,1
T6,5,0,126,2
T7,6,0,190,13
T8,7,1,35,1
[411]
T1,0,1,66,2
T2,1,1,150,3
T3,2,1,200,11
T4,3,0,189,1
T5,4,0,34,2
T6,5,1,25,1
T7,6,0,90,5
T8,7,0,63,2
[412]
T1,0,1,170,12
T2,1,0,34,2
T3,2,1,200,10
T4,3,1,174,11
T5,4,1,68,2
T6,5,0,116,4
T7,6,0,34,2
T8,7,1,90,3
[413]
T1,0,1,168,7
T2,1,0,60,2
T3,2,0,200,2
T4,3,0,100,1
T5,4,1,35,2
T6,5,0,33,3
T7,6,1,130,3
T8,7,1,180,13
[414]
T1,0,0,23,2
T2,1,0,45,2
T3,2,0,81,2
T4,3,0,75,2
T5,4,1,150,29
T6,5,1,75,2
T7,6,1,200,2
T8,7,0,152,8
[415]
T1,0,0,124,2
T2,1,1,50,2
T3,2,1,99,17
T4,3,1,200,7
T5,4,0,22,2
T6,5,1,165,3
T7,6,1,124,2
T8,7,0,186,4
[416]
T1,0,1,110,3
T2,1,1,50,2
T3,2,0,200,7
T4,3,0,196,1
T5,4,0,24,2
T6,5,1,84,3
T7,6,0,180,24
T8,7,0,110,2
[417]
T1,0,1,200,12
T2,1,0,150,11
T3,2,0,90,1
T4,3,0,45,2
T5,4,0,80,1
T6,5,0,187,11
T7,6,0,120,3
T8,7,1,51,2
[418]
T1,0,0,168,15
T2,1,0,77,3
T3,2,0,77,3
T4,3,1,21,2
T5,4,1,63,2
T6,5,0,154,2
T7,6,1,50,2
T8,7,1,200,5
[419]
T1,0,0,170,1
T2,1,1,200,4
T3,2,0,80,11
T4,3,1,153,2
T5,4,0,26,1
T6,5,0,48,2
T7,6,1,72,3
T8,7,0,100,1
[420]
T1,0,0,32,2
T2,1,1,75,2
T3,2,1,47,3
T4,3,0,170,2
T5,4,1,56,3
T6,5,1,200,4
T7,6,1,180,14
T8,7,0,144,1
[421]
T1,0,1,29,2
T2,1,1,35,1
T3,2,1,200,7
T4,3,1,119,3
T5,4,0,170,8
T6,5,0,160,8
T7,6,0,128,7
T8,7,0,136,1
[422]
T1,0,1,180,10
T2,1,0,162,9
T3,2,0,72,4
T4,3,1,36,2
T5,4,0,40,2
T6,5,1,114,2
T7,6,1,108,2
T8,7,0,200,16
[423]
T1,0,0,126,2
T2,1,1,180,5
T3,2,1,200,2
T4,3,1,22,1
T5,4,0,154,5
T6,5,0,72,2
T7,6,0,60,6
T8,7,1,49,1
[424]
T1,0,0,200,2
T2,1,1,55,1
T3,2,1,120,2
T4,3,1,170,16
T5,4,1,165,10
T6,5,0,22,2
T7,6,0,35,1
T8,7,0,85,4
[425]
T1,0,1,47,1
T2,1,0,200,4
T3,2,0,182,2
T4,3,1,35,1
T5,4,1,182,3
T6,5,0,132,8
T7,6,0,140,7
T8,7,0,70,4
[426]
T1,0,0,29,2
T2,1,1,43,1
T3,2,0,100,6
T4,3,0,60,3
T5,4,1,174,5
T6,5,0,200,4
T7,6,1,195,5
T8,7,0,58,3
[427]
T1,0,0,20,2
T2,1,0,89,3
T3,2,1,178,1
T4,3,0,65,2
T5,4,0,200,13
T6,5,1,41,1
T7,6,0,150,7
T8,7,1,89,7
[428]
T1,0,0,100,2
T2,1,1,39,2
T3,2,0,45,1
T4,3,1,182,8
T5,4,1,200,12
T6,5,1,55,5
T7,6,1,100,2
T8,7,0,156,1
[429]
T1,0,1,200,9
T2,1,1,104,4
T3,2,0,140,4
T4,3,0,56,5
T5,4,1,155,4
T6,5,0,182,6
T7,6,0,31,2
T8,7,0,21,2
[430]
T1,0,1,63,4
T2,1,0,180,6
T3,2,0,75,1
T4,3,1,98,1
T5,4,1,33,2
T6,5,1,44,1
T7,6,0,150,9
T8,7,1,200,12
[431]
T1,0,1,100,2
T2,1,0,26,2
T3,2,0,42,1
T4,3,0,200,4
T5,4,0,135,5
T6,5,1,162,1
T7,6,0,65,4
T8,7,0,150,12
[432]
T1,0,0,105,4
T2,1,1,189,6
T3,2,1,200,8
T4,3,0,135,4
T5,4,0,24,2
T6,5,0,33,2
T7,6,0,108,7
T8,7,1,170,10
[433]
T1,0,1,150,1
T2,1,0,115,4
T3,2,1,200,25
T4,3,1,49,2
T5,4,0,184,1
T6,5,0,100,5
T7,6,0,34,2
T8,7,0,80,2
[434]
T1,0,1,195,4
T2,1,0,24,1
T3,2,1,100,2
T4,3,1,180,17
T5,4,1,200,3
T6,5,1,56,2
T7,6,0,36,2
T8,7,1,84,1
[435]
T1,0,0,33,1
T2,1,1,108,2
T3,2,1,37,2
T4,3,0,200,5
T5,4,1,189,12
T6,5,1,135,5
T7,6,1,77,2
T8,7,0,189,1
[436]
T1,0,0,48,2
T2,1,0,117,1
T3,2,1,150,2
T4,3,1,33,2
T5,4,0,200,25
T6,5,1,195,9
T7,6,0,104,2
T8,7,1,135,2
[437]
T1,0,1,195,2
T2,1,1,42,2
T3,2,0,200,10
T4,3,1,68,6
T5,4,1,175,2
T6,5,1,30,1
T7,6,0,56,2
T8,7,0,84,4
[438]
T1,0,0,20,2
T2,1,1,200,12
T3,2,1,100,7
T4,3,1,112,6
T5,4,1,189,2
T6,5,0,160,1
T7,6,0,30,2
T8,7,1,126,4
[439]
T1,0,0,200,11
T2,1,0,25,1
T3,2,0,192,14
T4,3,1,100,1
T5,4,0,60,2
T6,5,1,114,3
T7,6,0,47,2
T8,7,0,175,2
[440]
T1,0,0,176,1
T2,1,0,75,1
T3,2,0,176,13
T4,3,0,99,2
T5,4,0,30,1
T6,5,1,200,12
T7,6,0,75,1
T8,7,0,35,2
[441]
T1,0,1,39,2
T2,1,0,160,3
T3,2,0,63,2
T4,3,1,105,3
T5,4,1,112,2
T6,5,0,168,20
T7,6,0,20,2
T8,7,1,200,2
[442]
T1,0,0,200,2
T2,1,0,144,2
T3,2,0,51,1
T4,3,1,180,2
T5,4,0,38,2
T6,5,1,56,6
T7,6,1,96,12
T8,7,1,170,1
[443]
T1,0,1,196,2
T2,1,1,93,6
T3,2,0,186,5
T4,3,0,200,2
T5,4,1,52,4
T6,5,0,56,3
T7,6,0,147,2
T8,7,0,21,2
[444]
T1,0,1,141,2
T2,1,1,25,2
T3,2,1,30,2
T4,3,0,200,1
T5,4,1,94,2
T6,5,1,188,13
T7,6,0,180,18
T8,7,1,63,4
[445]
T1,0,1,40,2
T2,1,1,70,2
T3,2,1,200,10
T4,3,1,128,15
T5,4,1,189,2
T6,5,0,25,1
T7,6,1,168,1
T8,7,1,90,2
[446]
T1,0,0,88,1
T2,1,0,40,1
T3,2,1,72,1
T4,3,0,198,18
T5,4,0,100,6
T6,5,1,41,2
T7,6,1,198,2
T8,7,1,200,3
[447]
T1,0,1,24,2
T2,1,0,200,9
T3,2,1,191,10
T4,3,1,48,4
T5,4,1,144,2
T6,5,1,144,8
T7,6,1,72,2
T8,7,1,180,1
[448]
T1,0,0,21,2
T2,1,1,90,1
T3,2,1,200,10
T4,3,1,28,2
T5,4,0,147,13
T6,5,0,196,2
T7,6,0,140,9
T8,7,0,196,8
[449]
T1,0,1,182,6
T2,1,1,168,12
T3,2,0,38,2
T4,3,1,135,9
T5,4,1,100,3
T6,5,0,63,1
T7,6,1,200,6
T8,7,0,28,2
[450]
T1,0,1,105,9
T2,1,1,165,14
T3,2,1,200,1
T4,3,1,143,3
T5,4,1,156,8
T6,5,0,39,2
T7,6,1,45,2
T8,7,0,88,2
[451]
T1,0,0,40,3
T2,1,1,200,7
T3,2,0,190,9
T4,3,0,63,1
T5,4,1,75,2
T6,5,1,114,2
T7,6,0,51,3
T8,7,1,190,3
[452]
T1,0,1,189,2
T2,1,1,90,2
T3,2,0,40,2
T4,3,1,105,4
T5,4,0,85,7
T6,5,1,44,1
T7,6,1,170,15
T8,7,1,200,2
[453]
T1,0,0,132,13
T2,1,0,112,8
T3,2,0,200,1
T4,3,1,180,8
T5,4,1,42,2
T6,5,1,154,4
T7,6,0,108,1
T8,7,0,48,2
[454]
T1,0,0,115,2
T2,1,0,46,1
T3,2,0,177,21
T4,3,0,100,2
T5,4,1,177,6
T6,5,0,200,1
T7,6,0,118,2
T8,7,1,30,2
[455]
T1,0,0,48,2
T2,1,0,63,2
T3,2,1,20,2
T4,3,0,96,7
T5,4,1,154,4
T6,5,0,200,17
T7,6,0,165,5
T8,7,0,63,3
[456]
T1,0,0,49,2
T2,1,0,46,2
T3,2,1,75,6
T4,3,0,98,3
T5,4,0,98,2
T6,5,1,150,13
T7,6,1,170,5
T8,7,1,200,4
[457]
T1,0,1,150,6
T2,1,1,21,2
T3,2,0,55,3
T4,3,0,200,8
T5,4,0,32,1
T6,5,1,70,2
T7,6,1,160,2
T8,7,0,70,3
[458]
T1,0,1,65,1
T2,1,1,28,2
T3,2,1,182,6
T4,3,0,52,1
T5,4,0,112,2
T6,5,0,70,1
T7,6,1,170,2
T8,7,0,200,33
[459]
T1,0,0,50,4
T2,1,0,40,2
T3,2,1,195,2
T4,3,1,130,2
T5,4,0,182,14
T6,5,1,104,2
T7,6,1,85,1
T8,7,1,200,14
[460]
T1,0,1,200,7
T2,1,1,75,2
T3,2,0,192,2
T4,3,0,46,3
T5,4,0,63,2
T6,5,1,192,2
T7,6,0,98,2
T8,7,0,50,5
[461]
T1,0,1,168,8
T2,1,1,28,2
T3,2,1,200,4
T4,3,1,132,5
T5,4,1,37,3
T6,5,0,150,2
T7,6,0,75,4
T8,7,0,128,2
[462]
T1,0,0,200,6
T2,1,0,114,10
T3,2,0,152,1
T4,3,0,112,2
T5,4,1,39,2
T6,5,0,90,1
T7,6,0,150,11
T8,7,1,38,1
[463]
T1,0,0,78,2
T2,1,0,27,1
T3,2,1,117,1
T4,3,1,72,8
T5,4,0,200,11
T6,5,0,156,1
T7,6,1,48,1
T8,7,0,169,3
[464]
T1,0,0,58,1
T2,1,1,88,2
T3,2,1,58,2
T4,3,0,40,2
T5,4,0,200,6
T6,5,0,29,2
T7,6,1,198,18
T8,7,0,150,11
[465]
T1,0,1,120,7
T2,1,1,175,2
T3,2,0,32,2
T4,3,0,105,5
T5,4,0,27,2
T6,5,0,200,11
T7,6,1,91,4
T8,7,0,150,6
[466]
T1,0,0,85,2
T2,1,0,20,1
T3,2,0,132,5
T4,3,1,27,2
T5,4,0,170,12
T6,5,1,160,3
T7,6,1,132,5
T8,7,0,200,2
[467]
T1,0,1,24,2
T2,1,0,120,3
T3,2,1,63,2
T4,3,1,52,1
T5,4,0,150,13
T6,5,0,75,4
T7,6,1,176,10
T8,7,1,200,2
[468]
T1,0,0,170,5
T2,1,1,21,1
T3,2,0,125,11
T4,3,0,200,1
T5,4,0,80,3
T6,5,1,175,2
T7,6,0,120,5
T8,7,0,20,2
[469]
T1,0,1,50,2
T2,1,1,165,16
T3,2,0,56,3
T4,3,1,110,10
T5,4,1,108,2
T6,5,0,200,2
T7,6,1,45,2
T8,7,1,165,1
[470]
T1,0,0,30,2
T2,1,1,168,5
T3,2,1,63,2
T4,3,1,200,7
T5,4,0,183,8
T6,5,0,29,2
T7,6,0,105,4
T8,7,1,90,8
[471]
T1,0,0,175,7
T2,1,0,200,21
T3,2,1,50,1
T4,3,0,56,1
T5,4,1,35,2
T6,5,0,154,2
T7,6,0,61,2
T8,7,1,56,4
[472]
T1,0,0,156,4
T2,1,1,189,10
T3,2,1,130,3
T4,3,1,126,4
T5,4,0,24,2
T6,5,1,35,2
T7,6,1,104,2
T8,7,0,200,12
[473]
T1,0,0,48,4
T2,1,1,120,8
T3,2,1,200,10
T4,3,1,105,1
T5,4,1,119,1
T6,5,0,150,2
T7,6,0,21,2
T8,7,0,150,3
[474]
T1,0,1,60,1
T2,1,1,161,7
T3,2,0,70,1
T4,3,1,40,2
T5,4,1,200,12
T6,5,0,150,2
T7,6,0,30,2
T8,7,1,140,6
[475]
T1,0,0,150,4
T2,1,1,125,5
T3,2,1,33,2
T4,3,1,38,2
T5,4,0,190,7
T6,5,1,128,11
T7,6,1,200,3
T8,7,0,125,2
[476]
T1,0,0,142,2
T2,1,0,36,2
T3,2,0,150,4
T4,3,1,60,2
T5,4,0,160,3
T6,5,1,80,4
T7,6,1,53,2
T8,7,1,200,11
[477]
T1,0,1,189,2
T2,1,1,54,1
T3,2,0,168,11
T4,3,1,100,5
T5,4,0,200,7
T6,5,1,35,2
T7,6,1,21,2
T8,7,0,90,5
[478]
T1,0,0,132,2
T2,1,1,200,7
T3,2,0,162,2
T4,3,1,180,10
T5,4,1,24,2
T6,5,0,72,2
T7,6,0,66,7
T8,7,1,48,2
[479]
T1,0,0,200,2
T2,1,1,140,4
T3,2,1,150,1
T4,3,0,24,2
T5,4,1,43,2
T6,5,0,196,1
T7,6,1,147,10
T8,7,0,92,9
[480]
T1,0,0,51,1
T2,1,1,198,11
T3,2,1,180,3
T4,3,1,104,7
T5,4,0,200,4
T6,5,0,130,2
T7,6,1,30,2
T8,7,0,99,2
[481]
T1,0,1,54,3
T2,1,1,180,3
T3,2,1,54,2
T4,3,1,176,2
T5,4,0,42,2
T6,5,0,112,4
T7,6,1,25,2
T8,7,1,200,15
[482]
T1,0,1,108,3
T2,1,0,105,2
T3,2,0,36,2
T4,3,1,160,13
T5,4,1,160,2
T6,5,1,52,2
T7,6,0,84,8
T8,7,1,200,7
[483]
T1,0,0,200,11
T2,1,0,100,4
T3,2,0,182,9
T4,3,1,112,2
T5,4,0,36,3
T6,5,1,32,2
T7,6,0,65,2
T8,7,0,154,4
[484]
T1,0,0,200,2
T2,1,1,21,2
T3,2,0,37,1
T4,3,1,100,2
T5,4,1,100,13
T6,5,1,75,2
T7,6,0,148,2
T8,7,0,198,2
[485]
T1,0,0,192,1
T2,1,1,50,2
T3,2,1,60,3
T4,3,0,60,2
T5,4,0,26,2
T6,5,0,97,4
T7,6,1,194,4
T8,7,0,200,7
[486]
T1,0,1,110,2
T2,1,0,75,3
T3,2,0,75,4
T4,3,0,28,2
T5,4,1,200,3
T6,5,1,175,15
T7,6,1,22,2
T8,7,1,190,8
[487]
T1,0,1,124,1
T2,1,1,200,2
T3,2,0,152,2
T4,3,0,124,17
T5,4,1,150,6
T6,5,1,50,1
T7,6,1,93,2
T8,7,0,26,2
[488]
T1,0,0,72,2
T2,1,0,200,2
T3,2,0,195,20
T4,3,1,120,8
T5,4,0,49,2
T6,5,0,120,1
T7,6,0,169,7
T8,7,1,39,2
[489]
T1,0,1,60,2
T2,1,1,180,5
T3,2,0,34,1
T4,3,1,39,2
T5,4,1,152,8
T6,5,1,200,9
T7,6,0,120,1
T8,7,0,68,2
[490]
T1,0,1,150,3
T2,1,0,88,5
T3,2,1,200,5
T4,3,0,165,26
T5,4,0,140,2
T6,5,1,54,2
T7,6,1,32,2
T8,7,0,56,2
[491]
T1,0,1,41,6
T2,1,1,180,3
T3,2,0,48,1
T4,3,0,150,2
T5,4,1,112,2
T6,5,0,75,2
T7,6,0,133,4
T8,7,0,200,4
[492]
T1,0,0,92,1
T2,1,0,32,1
T3,2,0,176,17
T4,3,1,184,11
T5,4,1,200,2
T6,5,0,110,2
T7,6,0,88,2
T8,7,1,53,1
[493]
T1,0,0,140,2
T2,1,1,150,6
T3,2,1,54,1
T4,3,0,150,3
T5,4,1,200,2
T6,5,1,77,6
T7,6,1,48,2
T8,7,1,99,2
[494]
T1,0,1,65,3
T2,1,1,53,2
T3,2,0,110,1
T4,3,0,200,1
T5,4,1,190,5
T6,5,0,26,1
T7,6,1,190,4
T8,7,1,65,6
[495]
T1,0,0,49,2
T2,1,0,195,2
T3,2,0,80,2
T4,3,1,200,3
T5,4,0,50,5
T6,5,0,112,6
T7,6,1,135,3
T8,7,1,175,6
[496]
T1,0,1,117,4
T2,1,1,200,11
T3,2,1,22,2
T4,3,0,195,2
T5,4,1,70,6
T6,5,1,26,1
T7,6,0,175,2
T8,7,0,96,4
[497]
T1,0,0,200,5
T2,1,1,45,3
T3,2,0,150,1
T4,3,0,72,4
T5,4,1,154,10
T6,5,0,63,2
T7,6,1,43,1
T8,7,1,72,2
[498]
T1,0,0,180,15
T2,1,0,84,4
T3,2,1,200,9
T4,3,1,180,11
T5,4,1,32,2
T6,5,0,81,1
T7,6,1,100,2
T8,7,0,26,2
[499]
T1,0,1,33,1
T2,1,0,168,3
T3,2,0,36,1
T4,3,0,126,1
T5,4,0,120,6
T6,5,1,200,10
T7,6,0,155,10
T8,7,0,70,2
[500]
T1,0,1,42,4
T2,1,0,200,10
T3,2,0,190,2
T4,3,0,180,7
T5,4,0,57,2
T6,5,1,80,3
T7,6,0,65,2
T8,7,1,40,2
