num_task_per_taskset=8
num_taskset=500
//ID,Priority,Offset,Period,Execution Time
[1]
T1,0,1,200,34
T2,1,1,190,27
T3,2,1,70,1
T4,3,0,22,2
T5,4,0,31,2
T6,5,0,190,2
T7,6,0,80,2
T8,7,0,95,4
[2]
T1,0,1,147,2
T2,1,0,140,16
T3,2,1,36,2
T4,3,1,126,5
T5,4,1,198,11
T6,5,1,200,6
T7,6,0,29,2
T8,7,0,110,3
[3]
T1,0,0,168,20
T2,1,0,77,2
T3,2,0,41,1
T4,3,1,200,10
T5,4,0,84,4
T6,5,1,40,1
T7,6,1,55,4
T8,7,0,180,6
[4]
T1,0,1,57,2
T2,1,1,64,2
T3,2,1,168,12
T4,3,1,34,2
T5,4,1,140,15
T6,5,1,40,1
T7,6,1,200,5
T8,7,1,168,8
[5]
T1,0,0,56,6
T2,1,1,90,2
T3,2,1,45,2
T4,3,1,80,1
T5,4,0,200,17
T6,5,1,45,2
T7,6,0,150,13
T8,7,0,192,1
[6]
T1,0,0,57,6
T2,1,0,57,1
T3,2,0,38,5
T4,3,1,183,2
T5,4,0,48,2
T6,5,1,120,3
T7,6,0,200,1
T8,7,1,190,12
[7]
T1,0,1,168,2
T2,1,0,69,9
T3,2,0,189,10
T4,3,0,135,10
T5,4,0,200,6
T6,5,0,56,1
T7,6,0,20,2
T8,7,1,35,1
[8]
T1,0,1,150,3
T2,1,1,95,6
T3,2,1,56,2
T4,3,0,168,17
T5,4,0,200,20
T6,5,1,33,1
T7,6,0,100,1
T8,7,0,28,2
[9]
T1,0,1,65,1
T2,1,1,182,34
T3,2,0,42,2
T4,3,1,45,1
T5,4,0,200,3
T6,5,1,165,4
T7,6,0,66,4
T8,7,0,84,2
[10]
T1,0,1,23,1
T2,1,0,66,2
T3,2,0,120,9
T4,3,0,180,3
T5,4,0,138,4
T6,5,0,200,10
T7,6,1,21,1
T8,7,0,165,13
[11]
T1,0,1,40,1
T2,1,0,59,2
T3,2,1,200,4
T4,3,1,59,8
T5,4,0,140,2
T6,5,0,168,7
T7,6,0,53,6
T8,7,1,180,5
[12]
T1,0,0,200,4
T2,1,1,168,2
T3,2,0,24,1
T4,3,1,57,2
T5,4,0,60,2
T6,5,1,24,2
T7,6,0,150,20
T8,7,1,114,6
[13]
T1,0,1,156,7
T2,1,0,68,2
T3,2,1,38,3
T4,3,0,21,2
T5,4,1,156,3
T6,5,1,136,1
T7,6,1,140,12
T8,7,1,200,6
[14]
T1,0,0,175,2
T2,1,1,200,3
T3,2,0,108,3
T4,3,0,31,2
T5,4,0,180,4
T6,5,1,105,10
T7,6,1,30,4
T8,7,1,81,4
[15]
T1,0,0,21,2
T2,1,1,121,2
T3,2,0,33,3
T4,3,1,200,5
T5,4,0,55,4
T6,5,0,165,8
T7,6,0,154,7
T8,7,0,140,7
[16]
T1,0,0,100,1
T2,1,0,80,9
T3,2,1,189,4
T4,3,1,200,7
T5,4,0,40,2
T6,5,1,24,2
T7,6,0,156,3
T8,7,0,54,5
[17]
T1,0,0,150,7
T2,1,0,104,14
T3,2,1,24,1
T4,3,1,200,7
T5,4,0,125,3
T6,5,1,120,5
T7,6,0,160,2
T8,7,0,25,2
[18]
T1,0,1,95,2
T2,1,0,180,1
T3,2,0,50,2
T4,3,0,76,6
T5,4,0,200,16
T6,5,1,57,5
T7,6,0,53,1
T8,7,1,170,5
[19]
T1,0,1,180,7
T2,1,0,148,7
T3,2,1,25,2
T4,3,1,72,2
T5,4,0,200,5
T6,5,0,111,4
T7,6,0,88,2
T8,7,1,50,6
[20]
T1,0,0,43,2
T2,1,1,104,2
T3,2,1,176,2
T4,3,0,187,12
T5,4,1,104,11
T6,5,1,143,18
T7,6,0,200,4
T8,7,0,44,2
[21]
T1,0,1,84,4
T2,1,1,180,15
T3,2,1,43,1
T4,3,1,165,8
T5,4,1,112,2
T6,5,0,45,1
T7,6,1,200,2
T8,7,1,108,12
[22]
T1,0,0,200,6
T2,1,0,28,2
T3,2,0,41,1
T4,3,0,56,2
T5,4,1,112,3
T6,5,1,168,9
T7,6,0,180,37
T8,7,1,138,2
[23]
T1,0,1,112,2
T2,1,0,96,1
T3,2,0,43,4
T4,3,1,168,2
T5,4,0,35,6
T6,5,1,192,7
T7,6,1,55,2
T8,7,1,200,5
[24]
T1,0,0,24,4
T2,1,1,36,1
T3,2,0,63,1
T4,3,1,72,2
T5,4,1,55,2
T6,5,1,200,3
T7,6,1,165,12
T8,7,1,180,5
[25]
T1,0,1,200,4
T2,1,1,52,4
T3,2,1,80,3
T4,3,0,31,2
T5,4,0,150,11
T6,5,1,100,7
T7,6,0,195,2
T8,7,0,86,7
[26]
T1,0,0,165,6
T2,1,1,200,16
T3,2,1,176,1
T4,3,1,53,4
T5,4,0,52,2
T6,5,1,65,2
T7,6,1,99,6
T8,7,0,110,6
[27]
T1,0,0,37,2
T2,1,1,24,2
T3,2,0,132,6
T4,3,1,88,2
T5,4,1,140,10
T6,5,1,200,23
T7,6,0,175,7
T8,7,1,189,2
[28]
T1,0,0,114,5
T2,1,1,160,2
T3,2,0,105,6
T4,3,1,175,7
T5,4,0,200,4
T6,5,1,140,2
T7,6,1,30,5
T8,7,1,30,2
[29]
T1,0,0,96,5
T2,1,0,30,1
T3,2,1,28,2
T4,3,1,195,1
T5,4,1,150,1
T6,5,1,91,13
T7,6,0,112,2
T8,7,0,200,21
[30]
T1,0,1,63,2
T2,1,1,171,17
T3,2,1,41,2
T4,3,1,90,5
T5,4,1,63,2
T6,5,0,190,17
T7,6,1,40,1
T8,7,0,200,9
[31]
T1,0,1,200,6
T2,1,0,96,9
T3,2,0,192,3
T4,3,1,40,1
T5,4,1,80,5
T6,5,1,32,1
T7,6,0,126,2
T8,7,1,175,14
[32]
T1,0,0,123,4
T2,1,1,164,9
T3,2,0,112,3
T4,3,0,168,6
T5,4,1,41,1
T6,5,0,200,13
T7,6,1,37,1
T8,7,0,60,4
[33]
T1,0,1,27,2
T2,1,1,200,8
T3,2,1,35,3
T4,3,1,170,17
T5,4,1,88,2
T6,5,0,150,2
T7,6,1,77,9
T8,7,0,136,1
[34]
T1,0,0,200,1
T2,1,1,112,5
T3,2,1,24,2
T4,3,1,28,1
T5,4,0,84,5
T6,5,1,150,6
T7,6,1,188,28
T8,7,0,75,2
[35]
T1,0,0,200,22
T2,1,0,192,11
T3,2,1,177,2
T4,3,1,24,2
T5,4,1,59,1
T6,5,1,120,6
T7,6,0,30,1
T8,7,0,80,1
[36]
T1,0,1,112,1
T2,1,0,120,2
T3,2,1,160,1
T4,3,0,32,2
T5,4,0,161,3
T6,5,1,200,16
T7,6,0,20,3
T8,7,1,96,3
[37]
T1,0,0,49,2
T2,1,1,200,17
T3,2,1,21,2
T4,3,1,65,4
T5,4,1,65,2
T6,5,1,175,6
T7,6,0,56,3
T8,7,1,150,8
[38]
T1,0,1,55,2
T2,1,0,168,12
T3,2,0,100,3
T4,3,0,21,2
T5,4,1,200,2
T6,5,1,37,5
T7,6,1,160,7
T8,7,1,60,2
[39]
T1,0,1,40,2
T2,1,1,91,3
T3,2,1,150,2
T4,3,0,175,3
T5,4,0,44,2
T6,5,1,200,15
T7,6,0,84,1
T8,7,1,117,26
[40]
T1,0,0,45,3
T2,1,0,200,2
T3,2,1,100,12
T4,3,1,168,3
T5,4,0,105,2
T6,5,1,125,7
T7,6,1,150,14
T8,7,0,47,2
[41]
T1,0,1,52,1
T2,1,0,96,2
T3,2,1,200,16
T4,3,1,32,5
T5,4,0,140,10
T6,5,1,168,3
T7,6,1,185,2
T8,7,0,100,2
[42]
T1,0,0,28,1
T2,1,1,28,1
T3,2,1,150,4
T4,3,0,200,7
T5,4,1,144,9
T6,5,1,170,6
T7,6,0,60,5
T8,7,0,63,2
[43]
T1,0,0,156,1
T2,1,1,130,3
T3,2,1,200,20
T4,3,0,78,2
T5,4,1,147,23
T6,5,0,112,3
T7,6,1,34,1
T8,7,0,40,2
[44]
T1,0,0,68,4
T2,1,0,85,1
T3,2,0,187,3
T4,3,0,150,27
T5,4,0,200,11
T6,5,0,30,1
T7,6,1,24,2
T8,7,1,140,1
[45]
T1,0,1,172,4
T2,1,0,120,6
T3,2,0,53,2
T4,3,0,72,3
T5,4,1,168,6
T6,5,0,35,5
T7,6,0,100,1
T8,7,1,200,5
[46]
T1,0,1,195,14
T2,1,0,195,7
T3,2,1,34,3
T4,3,1,56,1
T5,4,0,20,1
T6,5,1,200,3
T7,6,1,140,3
T8,7,1,110,5
[47]
T1,0,1,200,8
T2,1,1,75,1
T3,2,0,178,15
T4,3,1,75,6
T5,4,0,72,1
T6,5,0,40,1
T7,6,0,178,12
T8,7,0,38,1
[48]
T1,0,1,81,6
T2,1,1,144,2
T3,2,0,162,3
T4,3,1,57,7
T5,4,1,50,3
T6,5,0,51,2
T7,6,0,200,2
T8,7,1,162,2
[49]
T1,0,0,78,5
T2,1,1,156,1
T3,2,1,41,2
T4,3,1,200,26
T5,4,0,120,15
T6,5,0,26,2
T7,6,0,72,2
T8,7,0,180,4
[50]
T1,0,0,200,11
T2,1,0,196,2
T3,2,0,150,5
T4,3,1,84,2
T5,4,0,84,5
T6,5,1,51,9
T7,6,1,25,2
T8,7,0,60,1
[51]
T1,0,1,200,15
T2,1,0,60,5
T3,2,1,153,2
T4,3,1,136,12
T5,4,0,35,1
T6,5,1,150,1
T7,6,0,144,3
T8,7,1,39,2
[52]
T1,0,1,92,3
T2,1,1,138,1
T3,2,1,198,1
T4,3,1,200,23
T5,4,0,50,1
T6,5,0,72,3
T7,6,1,150,7
T8,7,1,50,4
[53]
T1,0,0,200,10
T2,1,1,110,14
T3,2,1,180,7
T4,3,0,45,1
T5,4,1,124,1
T6,5,1,150,14
T7,6,1,62,2
T8,7,1,44,2
[54]
T1,0,0,133,2
T2,1,1,20,2
T3,2,1,49,3
T4,3,0,190,2
T5,4,1,200,19
T6,5,1,88,2
T7,6,1,88,7
T8,7,0,190,18
[55]
T1,0,0,60,6
T2,1,1,24,1
T3,2,1,125,2
T4,3,0,200,8
T5,4,0,24,2
T6,5,1,87,9
T7,6,0,165,2
T8,7,1,174,5
[56]
T1,0,0,33,2
T2,1,1,145,4
T3,2,1,200,2
T4,3,0,195,16
T5,4,0,96,2
T6,5,0,32,2
T7,6,0,87,2
T8,7,0,195,25
[57]
T1,0,1,165,2
T2,1,1,83,9
T3,2,1,166,5
T4,3,1,200,6
T5,4,1,75,6
T6,5,1,51,2
T7,6,1,50,3
T8,7,0,83,2
[58]
T1,0,0,125,2
T2,1,1,147,14
T3,2,1,147,2
T4,3,1,98,1
T5,4,0,36,3
T6,5,1,60,1
T7,6,0,200,12
T8,7,1,43,2
[59]
T1,0,0,100,2
T2,1,1,57,2
T3,2,0,76,12
T4,3,1,23,1
T5,4,0,200,2
T6,5,1,184,1
T7,6,1,180,7
T8,7,0,20,1
[60]
T1,0,0,105,4
T2,1,0,75,2
T3,2,1,45,2
T4,3,0,45,3
T5,4,0,184,4
T6,5,1,115,10
T7,6,0,189,17
T8,7,0,200,3
[61]
T1,0,1,190,8
T2,1,1,77,1
T3,2,0,35,2
T4,3,1,112,3
T5,4,0,52,2
T6,5,0,200,1
T7,6,1,176,7
T8,7,0,80,17
[62]
T1,0,0,30,2
T2,1,1,90,1
T3,2,0,40,4
T4,3,0,132,11
T5,4,1,168,14
T6,5,0,80,2
T7,6,1,200,11
T8,7,0,154,2
[63]
T1,0,0,175,9
T2,1,1,43,1
T3,2,0,58,3
T4,3,0,24,2
T5,4,0,144,3
T6,5,1,200,2
T7,6,1,75,10
T8,7,0,175,9
[64]
T1,0,0,104,8
T2,1,0,168,9
T3,2,1,150,4
T4,3,1,47,2
T5,4,1,80,2
T6,5,0,200,16
T7,6,0,36,3
T8,7,0,100,2
[65]
T1,0,1,165,14
T2,1,0,50,1
T3,2,1,108,3
T4,3,0,28,2
T5,4,1,180,2
T6,5,1,200,1
T7,6,0,99,15
T8,7,0,132,9
[66]
T1,0,0,45,4
T2,1,1,200,11
T3,2,1,192,15
T4,3,1,192,10
T5,4,1,114,1
T6,5,1,60,3
T7,6,1,125,3
T8,7,1,48,2
[67]
T1,0,1,200,5
T2,1,1,42,6
T3,2,0,150,2
T4,3,0,175,15
T5,4,0,58,6
T6,5,1,116,2
T7,6,1,100,2
T8,7,1,49,2
[68]
T1,0,1,153,4
T2,1,0,100,14
T3,2,0,85,7
T4,3,1,51,1
T5,4,0,170,11
T6,5,0,200,3
T7,6,1,144,2
T8,7,0,53,1
[69]
T1,0,0,168,9
T2,1,0,45,4
T3,2,1,91,2
T4,3,1,54,1
T5,4,1,200,18
T6,5,0,135,1
T7,6,0,182,20
T8,7,1,112,2
[70]
T1,0,1,180,4
T2,1,0,64,7
T3,2,1,40,2
T4,3,0,156,2
T5,4,0,200,17
T6,5,0,64,4
T7,6,0,108,5
T8,7,0,47,2
[71]
T1,0,0,20,2
T2,1,0,45,2
T3,2,0,132,10
T4,3,0,195,7
T5,4,0,168,1
T6,5,1,66,5
T7,6,1,75,2
T8,7,1,200,10
[72]
T1,0,1,78,2
T2,1,0,156,5
T3,2,1,20,2
T4,3,0,200,2
T5,4,0,130,5
T6,5,0,168,28
T7,6,0,120,15
T8,7,1,38,2
[73]
T1,0,1,105,4
T2,1,0,55,1
T3,2,0,200,1
T4,3,1,165,22
T5,4,1,182,2
T6,5,1,22,2
T7,6,0,40,3
T8,7,1,105,5
[74]
T1,0,0,24,2
T2,1,1,77,7
T3,2,0,180,6
T4,3,1,200,2
T5,4,0,84,3
T6,5,1,100,2
T7,6,0,165,28
T8,7,0,40,2
[75]
T1,0,0,60,1
T2,1,1,180,6
T3,2,0,154,1
T4,3,1,140,5
T5,4,1,41,1
T6,5,1,200,4
T7,6,1,54,2
T8,7,0,63,11
[76]
T1,0,0,150,16
T2,1,1,105,2
T3,2,0,25,2
T4,3,0,22,2
T5,4,1,160,6
T6,5,1,65,4
T7,6,1,200,17
T8,7,0,90,2
[77]
T1,0,0,23,2
T2,1,0,40,6
T3,2,1,168,2
T4,3,0,117,4
T5,4,0,105,2
T6,5,0,140,12
T7,6,1,200,10
T8,7,0,156,3
[78]
T1,0,1,198,30
T2,1,0,99,1
T3,2,1,96,2
T4,3,1,176,1
T5,4,0,33,1
T6,5,1,200,8
T7,6,1,26,2
T8,7,1,55,2
[79]
T1,0,1,175,8
T2,1,1,52,2
T3,2,0,108,11
T4,3,1,200,8
T5,4,1,126,3
T6,5,1,161,8
T7,6,0,75,2
T8,7,1,50,3
[80]
T1,0,0,50,2
T2,1,0,155,7
T3,2,1,100,4
T4,3,1,200,25
T5,4,0,175,3
T6,5,1,125,2
T7,6,0,75,2
T8,7,0,34,2
[81]
T1,0,1,36,2
T2,1,0,93,2
T3,2,0,44,1
T4,3,1,150,9
T5,4,0,96,1
T6,5,0,180,11
T7,6,0,100,5
T8,7,1,200,12
[82]
T1,0,1,72,3
T2,1,0,135,1
T3,2,0,168,9
T4,3,0,72,5
T5,4,0,33,2
T6,5,1,200,4
T7,6,0,28,1
T8,7,0,175,20
[83]
T1,0,0,84,2
T2,1,1,150,2
T3,2,0,200,14
T4,3,1,100,2
T5,4,0,44,1
T6,5,0,168,39
T7,6,0,100,2
T8,7,1,46,2
[84]
T1,0,1,170,23
T2,1,1,130,1
T3,2,1,91,4
T4,3,1,38,2
T5,4,0,120,6
T6,5,0,200,7
T7,6,1,150,3
T8,7,1,52,1
[85]
T1,0,1,200,9
T2,1,0,192,5
T3,2,1,135,2
T4,3,0,44,5
T5,4,0,189,2
T6,5,1,28,2
T7,6,0,112,12
T8,7,1,56,1
[86]
T1,0,1,104,6
T2,1,0,91,7
T3,2,1,130,4
T4,3,0,200,2
T5,4,1,54,2
T6,5,1,195,14
T7,6,1,196,8
T8,7,0,20,2
[87]
T1,0,1,180,26
T2,1,0,30,2
T3,2,1,43,1
T4,3,1,160,7
T5,4,1,77,7
T6,5,1,56,2
T7,6,0,200,2
T8,7,1,60,2
[88]
T1,0,0,200,4
T2,1,0,129,9
T3,2,1,172,2
T4,3,1,20,1
T5,4,1,86,5
T6,5,1,145,4
T7,6,1,27,1
T8,7,0,150,9
[89]
T1,0,1,55,7
T2,1,1,200,20
T3,2,0,80,2
T4,3,1,88,2
T5,4,1,180,3
T6,5,0,31,2
T7,6,0,176,2
T8,7,1,36,2
[90]
T1,0,0,200,19
T2,1,1,180,10
T3,2,0,62,5
T4,3,0,180,1
T5,4,0,50,1
T6,5,0,104,2
T7,6,1,43,2
T8,7,0,124,3
[91]
T1,0,0,41,2
T2,1,1,44,1
T3,2,0,120,1
T4,3,1,152,42
T5,4,1,200,3
T6,5,1,70,2
T7,6,1,66,2
T8,7,1,190,5
[92]
T1,0,1,63,2
T2,1,0,105,10
T3,2,0,47,2
T4,3,1,200,2
T5,4,1,35,2
T6,5,0,180,8
T7,6,0,160,19
T8,7,0,110,10
[93]
T1,0,1,84,5
T2,1,1,200,11
T3,2,1,100,5
T4,3,0,146,12
T5,4,1,21,2
T6,5,1,168,4
T7,6,0,150,3
T8,7,0,46,2
[94]
T1,0,1,189,2
T2,1,0,21,1
T3,2,1,140,10
T4,3,0,75,3
T5,4,0,49,4
T6,5,0,189,12
T7,6,1,200,9
T8,7,1,126,3
[95]
T1,0,0,50,5
T2,1,1,120,2
T3,2,1,200,2
T4,3,0,80,8
T5,4,1,189,11
T6,5,1,30,2
T7,6,0,168,11
T8,7,0,64,2
[96]
T1,0,0,33,1
T2,1,1,64,2
T3,2,0,192,2
T4,3,0,30,3
T5,4,0,140,1
T6,5,0,126,15
T7,6,1,160,12
T8,7,0,200,2
[97]
T1,0,0,147,9
T2,1,0,38,4
T3,2,1,152,9
T4,3,1,120,7
T5,4,1,200,2
T6,5,1,95,2
T7,6,0,36,2
T8,7,0,120,8
[98]
T1,0,1,156,3
T2,1,1,70,3
T3,2,1,200,8
T4,3,0,150,4
T5,4,1,72,1
T6,5,1,91,10
T7,6,0,35,1
T8,7,0,20,1
[99]
T1,0,1,47,2
T2,1,0,60,2
T3,2,1,200,22
T4,3,1,180,2
T5,4,0,54,9
T6,5,0,125,2
T7,6,1,189,4
T8,7,1,96,1
[100]
T1,0,0,200,5
T2,1,1,50,2
T3,2,1,54,5
T4,3,1,175,21
T5,4,1,120,2
T6,5,0,81,2
T7,6,0,30,1
T8,7,1,150,8
[101]
T1,0,0,200,24
T2,1,1,36,2
T3,2,0,25,1
T4,3,1,75,1
T5,4,1,189,18
T6,5,1,100,1
T7,6,0,195,14
T8,7,1,120,2
[102]
T1,0,0,200,6
T2,1,0,156,16
T3,2,0,120,17
T4,3,1,56,2
T5,4,0,33,2
T6,5,1,195,2
T7,6,1,44,1
T8,7,1,60,2
[103]
T1,0,0,133,1
T2,1,0,35,3
T3,2,0,168,13
T4,3,0,180,5
T5,4,1,120,3
T6,5,0,32,2
T7,6,0,133,11
T8,7,1,200,9
[104]
T1,0,1,66,2
T2,1,1,42,2
T3,2,0,200,11
T4,3,0,190,7
T5,4,1,42,2
T6,5,0,84,11
T7,6,1,110,4
T8,7,1,154,10
[105]
T1,0,1,150,4
T2,1,0,54,6
T3,2,0,190,10
T4,3,0,32,1
T5,4,0,95,5
T6,5,0,144,2
T7,6,1,200,13
T8,7,1,42,2
[106]
T1,0,0,175,8
T2,1,1,200,14
T3,2,0,40,2
T4,3,0,60,9
T5,4,1,175,3
T6,5,0,70,1
T7,6,1,63,2
T8,7,1,45,1
[107]
T1,0,1,150,2
T2,1,0,200,1
T3,2,0,162,2
T4,3,0,49,4
T5,4,0,75,3
T6,5,1,42,6
T7,6,1,147,8
T8,7,0,90,1
[108]
T1,0,0,60,3
T2,1,1,160,1
T3,2,0,160,14
T4,3,0,115,7
T5,4,1,51,1
T6,5,1,48,3
T7,6,1,88,3
T8,7,0,200,5
[109]
T1,0,1,147,7
T2,1,1,48,3
T3,2,1,176,9
T4,3,0,200,16
T5,4,1,75,1
T6,5,1,147,2
T7,6,1,49,3
T8,7,0,168,6
[110]
T1,0,0,24,1
T2,1,1,195,17
T3,2,0,70,5
T4,3,0,120,12
T5,4,0,182,4
T6,5,1,60,2
T7,6,1,32,2
T8,7,0,200,4
[111]
T1,0,0,130,4
T2,1,0,70,5
T3,2,1,200,16
T4,3,0,35,2
T5,4,0,31,2
T6,5,1,175,15
T7,6,1,195,1
T8,7,1,136,10
[112]
T1,0,0,100,7
T2,1,1,126,2
T3,2,0,37,2
T4,3,0,150,26
T5,4,0,60,2
T6,5,1,200,8
T7,6,0,150,1
T8,7,0,51,2
[113]
T1,0,1,100,7
T2,1,1,53,1
T3,2,1,50,4
T4,3,1,160,3
T5,4,0,86,2
T6,5,1,160,12
T7,6,0,72,2
T8,7,0,200,15
[114]
T1,0,0,140,14
T2,1,0,49,2
T3,2,1,155,8
T4,3,1,196,5
T5,4,0,105,1
T6,5,1,46,4
T7,6,1,100,5
T8,7,1,200,8
[115]
T1,0,1,175,1
T2,1,0,30,2
T3,2,0,26,1
T4,3,0,153,8
T5,4,0,80,5
T6,5,0,200,3
T7,6,0,72,2
T8,7,0,60,10
[116]
T1,0,1,195,1
T2,1,1,162,5
T3,2,0,135,18
T4,3,1,90,9
T5,4,0,200,4
T6,5,0,42,2
T7,6,1,78,2
T8,7,1,48,2
[117]
T1,0,0,26,1
T2,1,1,136,2
T3,2,0,32,4
T4,3,1,168,24
T5,4,1,68,2
T6,5,1,80,1
T7,6,0,200,3
T8,7,0,153,4
[118]
T1,0,1,200,21
T2,1,0,114,3
T3,2,0,72,2
T4,3,1,150,22
T5,4,1,72,1
T6,5,1,21,2
T7,6,1,180,2
T8,7,1,48,3
[119]
T1,0,1,180,1
T2,1,0,90,16
T3,2,1,46,2
T4,3,1,91,2
T5,4,0,60,3
T6,5,1,156,1
T7,6,1,200,24
T8,7,0,32,2
[120]
T1,0,1,175,1
T2,1,0,198,5
T3,2,1,60,3
T4,3,0,36,1
T5,4,0,135,8
T6,5,1,200,14
T7,6,0,112,5
T8,7,1,41,3
[121]
T1,0,1,150,8
T2,1,1,112,2
T3,2,0,28,1
T4,3,0,140,10
T5,4,0,78,3
T6,5,0,160,7
T7,6,1,24,1
T8,7,0,200,12
[122]
T1,0,0,48,3
T2,1,1,154,25
T3,2,0,66,1
T4,3,1,200,10
T5,4,1,176,2
T6,5,0,144,2
T7,6,0,48,2
T8,7,0,66,2
[123]
T1,0,1,32,3
T2,1,0,160,1
T3,2,0,56,3
T4,3,1,70,5
T5,4,0,200,3
T6,5,1,20,2
T7,6,0,171,2
T8,7,0,100,6
[124]
T1,0,0,112,2
T2,1,1,200,10
T3,2,1,100,5
T4,3,1,183,3
T5,4,1,175,2
T6,5,1,28,5
T7,6,1,25,2
T8,7,0,105,3
[125]
T1,0,0,34,2
T2,1,1,200,7
T3,2,1,100,1
T4,3,0,195,2
T5,4,1,170,1
T6,5,1,136,10
T7,6,0,28,4
T8,7,1,130,8
[126]
T1,0,1,125,7
T2,1,1,128,17
T3,2,1,190,20
T4,3,1,31,2
T5,4,1,200,2
T6,5,1,57,1
T7,6,1,150,1
T8,7,0,48,2
[127]
T1,0,1,27,2
T2,1,1,99,2
T3,2,0,200,1
T4,3,0,120,24
T5,4,0,198,5
T6,5,1,29,2
T7,6,0,160,19
T8,7,0,75,2
[128]
T1,0,0,120,2
T2,1,1,45,1
T3,2,0,23,2
T4,3,1,200,7
T5,4,1,189,13
T6,5,0,130,6
T7,6,1,189,4
T8,7,1,112,5
[129]
T1,0,1,120,14
T2,1,0,50,3
T3,2,1,36,2
T4,3,0,75,5
T5,4,0,171,2
T6,5,0,200,2
T7,6,1,60,1
T8,7,0,168,3
[130]
T1,0,1,200,14
T2,1,1,112,6
T3,2,0,46,4
T4,3,1,64,1
T5,4,0,195,3
T6,5,1,182,5
T7,6,1,91,5
T8,7,0,24,2
[131]
T1,0,1,75,5
T2,1,0,40,3
T3,2,0,57,1
T4,3,1,168,12
T5,4,0,189,5
T6,5,0,42,1
T7,6,0,105,5
T8,7,0,200,2
[132]
T1,0,0,56,2
T2,1,1,189,5
T3,2,1,200,11
T4,3,1,105,9
T5,4,1,132,5
T6,5,0,35,2
T7,6,1,168,24
T8,7,0,36,1
[133]
T1,0,0,200,2
T2,1,1,114,3
T3,2,0,72,5
T4,3,0,36,2
T5,4,0,35,4
T6,5,0,171,2
T7,6,0,68,2
T8,7,0,190,10
[134]
T1,0,1,130,6
T2,1,0,200,2
T3,2,1,26,2
T4,3,1,20,2
T5,4,1,192,19
T6,5,1,117,1
T7,6,1,180,19
T8,7,1,75,2
[135]
T1,0,1,176,4
T2,1,1,50,2
T3,2,0,154,12
T4,3,0,90,1
T5,4,0,50,2
T6,5,0,96,1
T7,6,1,200,37
T8,7,0,96,5
[136]
T1,0,0,200,11
T2,1,1,72,2
T3,2,1,48,1
T4,3,0,180,14
T5,4,0,108,2
T6,5,0,56,10
T7,6,0,154,1
T8,7,1,50,1
[137]
T1,0,1,52,1
T2,1,1,200,2
T3,2,0,130,25
T4,3,0,50,2
T5,4,0,72,2
T6,5,0,180,6
T7,6,0,195,1
T8,7,1,56,6
[138]
T1,0,0,180,14
T2,1,0,192,29
T3,2,1,200,2
T4,3,0,30,2
T5,4,1,30,2
T6,5,0,80,6
T7,6,1,65,1
T8,7,0,54,1
[139]
T1,0,0,200,3
T2,1,1,40,2
T3,2,1,168,4
T4,3,0,39,7
T5,4,0,176,6
T6,5,0,80,7
T7,6,1,84,1
T8,7,0,99,1
[140]
T1,0,0,115,2
T2,1,0,200,13
T3,2,1,150,11
T4,3,1,72,2
T5,4,0,72,1
T6,5,0,36,4
T7,6,1,33,2
T8,7,1,184,6
[141]
T1,0,0,75,10
T2,1,1,60,8
T3,2,1,20,2
T4,3,1,196,2
T5,4,0,30,2
T6,5,0,196,3
T7,6,0,200,2
T8,7,1,60,2
[142]
T1,0,1,35,2
T2,1,0,200,12
T3,2,1,66,4
T4,3,0,110,2
T5,4,1,135,14
T6,5,0,175,2
T7,6,1,180,7
T8,7,1,35,2
[143]
T1,0,1,200,9
T2,1,0,144,3
T3,2,0,180,5
T4,3,1,48,2
T5,4,1,92,5
T6,5,1,105,7
T7,6,0,43,3
T8,7,1,150,9
[144]
T1,0,0,96,2
T2,1,0,25,1
T3,2,0,200,2
T4,3,0,51,8
T5,4,1,180,8
T6,5,0,192,5
T7,6,1,62,3
T8,7,0,96,1
[145]
T1,0,0,90,5
T2,1,0,200,18
T3,2,1,111,3
T4,3,0,150,5
T5,4,0,30,3
T6,5,1,56,1
T7,6,0,150,4
T8,7,1,22,2
[146]
T1,0,0,28,2
T2,1,0,154,2
T3,2,1,135,7
T4,3,0,72,1
T5,4,0,60,9
T6,5,0,150,9
T7,6,0,200,11
T8,7,0,41,2
[147]
T1,0,0,24,2
T2,1,1,50,6
T3,2,1,180,1
T4,3,1,56,3
T5,4,0,140,11
T6,5,1,145,6
T7,6,1,180,8
T8,7,0,200,2
[148]
T1,0,1,66,7
T2,1,0,152,3
T3,2,1,200,9
T4,3,0,105,5
T5,4,1,21,2
T6,5,0,140,4
T7,6,1,42,2
T8,7,0,150,11
[149]
T1,0,1,72,2
T2,1,0,126,9
T3,2,1,50,3
T4,3,0,42,2
T5,4,1,171,1
T6,5,1,200,1
T7,6,1,180,26
T8,7,1,100,6
[150]
T1,0,1,153,1
T2,1,1,200,2
T3,2,1,84,5
T4,3,0,28,1
T5,4,0,90,2
T6,5,0,26,2
T7,6,0,102,1
T8,7,1,180,39
[151]
T1,0,1,114,2
T2,1,1,120,11
T3,2,0,171,5
T4,3,1,35,2
T5,4,1,200,8
T6,5,1,190,4
T7,6,0,30,3
T8,7,0,72,5
[152]
T1,0,1,180,2
T2,1,0,135,9
T3,2,1,200,7
T4,3,1,66,5
T5,4,1,165,13
T6,5,1,44,2
T7,6,1,105,2
T8,7,0,24,1
[153]
T1,0,0,180,4
T2,1,0,162,7
T3,2,1,100,4
T4,3,0,48,4
T5,4,0,65,6
T6,5,0,78,1
T7,6,0,200,3
T8,7,0,53,2
[154]
T1,0,1,200,2
T2,1,0,72,3
T3,2,0,180,8
T4,3,0,185,16
T5,4,0,37,2
T6,5,0,135,5
T7,6,0,135,3
T8,7,0,32,4
[155]
T1,0,0,105,15
T2,1,0,156,3
T3,2,0,200,3
T4,3,0,60,1
T5,4,1,35,1
T6,5,0,39,1
T7,6,1,150,11
T8,7,1,126,4
[156]
T1,0,0,200,17
T2,1,1,91,2
T3,2,0,52,2
T4,3,0,182,8
T5,4,0,168,3
T6,5,1,26,2
T7,6,1,91,16
T8,7,1,108,2
[157]
T1,0,1,150,13
T2,1,1,200,5
T3,2,0,122,2
T4,3,1,45,2
T5,4,1,24,1
T6,5,0,72,1
T7,6,0,84,2
T8,7,1,175,18
[158]
T1,0,0,136,2
T2,1,1,184,2
T3,2,1,30,5
T4,3,0,184,4
T5,4,1,200,20
T6,5,1,60,2
T7,6,1,136,1
T8,7,1,40,2
[159]
T1,0,0,36,1
T2,1,1,39,3
T3,2,1,78,12
T4,3,0,182,4
T5,4,1,200,11
T6,5,0,84,2
T7,6,1,104,1
T8,7,0,182,7
[160]
T1,0,0,200,2
T2,1,1,46,2
T3,2,0,82,7
T4,3,0,115,5
T5,4,0,27,2
T6,5,1,164,6
T7,6,0,82,7
T8,7,0,160,5
[161]
T1,0,1,72,2
T2,1,1,30,2
T3,2,1,200,27
T4,3,1,180,9
T5,4,1,56,2
T6,5,1,53,4
T7,6,0,68,4
T8,7,1,168,1
[162]
T1,0,1,176,3
T2,1,1,38,1
T3,2,0,26,1
T4,3,1,165,16
T5,4,0,143,2
T6,5,0,200,13
T7,6,1,90,2
T8,7,1,132,8
[163]
T1,0,1,43,5
T2,1,1,60,7
T3,2,1,200,24
T4,3,1,198,2
T5,4,1,180,2
T6,5,0,94,2
T7,6,1,141,2
T8,7,1,20,2
[164]
T1,0,1,154,1
T2,1,0,200,11
T3,2,1,182,1
T4,3,1,39,7
T5,4,0,120,10
T6,5,1,51,1
T7,6,1,132,1
T8,7,1,70,1
[165]
T1,0,1,200,2
T2,1,0,62,3
T3,2,1,132,7
T4,3,1,176,9
T5,4,0,32,2
T6,5,0,150,10
T7,6,1,39,1
T8,7,0,75,4
[166]
T1,0,0,80,1
T2,1,0,192,13
T3,2,0,175,12
T4,3,0,200,22
T5,4,0,24,2
T6,5,0,80,2
T7,6,0,116,3
T8,7,0,52,4
[167]
T1,0,1,192,4
T2,1,0,200,2
T3,2,0,168,22
T4,3,0,21,2
T5,4,1,30,2
T6,5,1,57,5
T7,6,1,75,1
T8,7,0,95,2
[168]
T1,0,1,105,9
T2,1,0,150,3
T3,2,1,200,2
T4,3,0,170,8
T5,4,0,51,2
T6,5,0,136,23
T7,6,0,65,1
T8,7,1,39,2
[169]
T1,0,0,50,2
T2,1,0,189,2
T3,2,1,46,1
T4,3,0,135,2
T5,4,0,200,30
T6,5,1,90,8
T7,6,1,150,1
T8,7,0,126,10
[170]
T1,0,1,200,3
T2,1,0,138,2
T3,2,0,28,2
T4,3,1,192,34
T5,4,0,29,2
T6,5,0,160,5
T7,6,0,80,7
T8,7,0,56,1
[171]
T1,0,0,80,3
T2,1,0,45,2
T3,2,1,32,6
T4,3,1,80,2
T5,4,0,183,3
T6,5,0,200,5
T7,6,1,128,2
T8,7,1,192,7
[172]
T1,0,1,200,3
T2,1,0,120,4
T3,2,1,44,2
T4,3,1,26,2
T5,4,0,144,29
T6,5,1,176,4
T7,6,1,132,4
T8,7,0,180,6
[173]
T1,0,1,160,7
T2,1,0,77,1
T3,2,1,28,2
T4,3,0,200,23
T5,4,0,176,5
T6,5,0,35,2
T7,6,0,96,2
T8,7,0,60,3
[174]
T1,0,1,160,2
T2,1,1,85,3
T3,2,1,68,5
T4,3,1,200,2
T5,4,0,24,2
T6,5,1,51,1
T7,6,0,125,2
T8,7,0,180,16
[175]
T1,0,0,100,4
T2,1,1,84,2
T3,2,1,195,7
T4,3,1,35,1
T5,4,0,200,5
T6,5,0,195,9
T7,6,0,77,2
T8,7,1,51,7
[176]
T1,0,1,54,1
T2,1,0,44,3
T3,2,1,55,1
T4,3,0,192,8
T5,4,0,176,6
T6,5,0,64,3
T7,6,0,200,19
T8,7,0,23,2
[177]
T1,0,0,24,2
T2,1,1,63,10
T3,2,1,150,5
T4,3,0,168,15
T5,4,0,102,2
T6,5,1,26,2
T7,6,0,200,13
T8,7,0,144,2
[178]
T1,0,1,80,1
T2,1,1,51,1
T3,2,1,75,1
T4,3,1,192,4
T5,4,1,75,1
T6,5,0,200,18
T7,6,1,32,3
T8,7,0,164,16
[179]
T1,0,1,148,11
T2,1,0,200,3
T3,2,1,80,1
T4,3,0,39,3
T5,4,1,48,3
T6,5,1,125,5
T7,6,0,150,2
T8,7,1,75,4
[180]
T1,0,1,59,1
T2,1,1,24,2
T3,2,1,160,23
T4,3,1,200,1
T5,4,1,60,1
T6,5,0,175,5
T7,6,0,49,4
T8,7,0,60,3
[181]
T1,0,1,90,17
T2,1,0,170,5
T3,2,1,155,3
T4,3,0,72,1
T5,4,0,50,2
T6,5,1,33,3
T7,6,0,200,2
T8,7,0,124,1
[182]
T1,0,1,150,5
T2,1,1,200,1
T3,2,0,37,1
T4,3,1,74,7
T5,4,1,100,2
T6,5,0,150,13
T7,6,0,44,2
T8,7,1,125,7
[183]
T1,0,1,176,2
T2,1,1,60,1
T3,2,0,42,2
T4,3,0,40,2
T5,4,1,64,6
T6,5,0,75,1
T7,6,1,200,24
T8,7,1,176,10
[184]
T1,0,1,150,8
T2,1,1,176,6
T3,2,1,45,3
T4,3,0,200,18
T5,4,1,60,2
T6,5,1,135,4
T7,6,0,144,5
T8,7,0,44,2
[185]
T1,0,1,72,3
T2,1,1,20,1
T3,2,1,42,2
T4,3,1,65,2
T5,4,1,150,7
T6,5,1,168,10
T7,6,0,72,3
T8,7,0,200,10
[186]
T1,0,0,190,2
T2,1,1,38,7
T3,2,1,44,1
T4,3,1,160,6
T5,4,1,200,4
T6,5,0,88,4
T7,6,1,75,2
T8,7,1,66,2
[187]
T1,0,0,160,8
T2,1,1,195,20
T3,2,0,43,2
T4,3,1,30,2
T5,4,1,54,5
T6,5,1,96,9
T7,6,0,200,2
T8,7,1,144,2
[188]
T1,0,0,57,2
T2,1,0,20,2
T3,2,1,186,10
T4,3,0,25,2
T5,4,1,152,1
T6,5,0,80,14
T7,6,1,57,3
T8,7,1,200,9
[189]
T1,0,0,175,2
T2,1,1,23,1
T3,2,0,114,6
T4,3,0,70,4
T5,4,1,44,1
T6,5,0,133,15
T7,6,0,200,1
T8,7,1,175,6
[190]
T1,0,0,200,6
T2,1,0,140,6
T3,2,0,96,3
T4,3,0,105,1
T5,4,1,49,7
T6,5,1,20,2
T7,6,0,159,6
T8,7,1,150,10
[191]
T1,0,0,200,4
T2,1,0,155,24
T3,2,0,88,12
T4,3,1,24,1
T5,4,1,180,2
T6,5,1,75,1
T7,6,1,93,1
T8,7,1,31,2
[192]
T1,0,0,60,6
T2,1,0,185,5
T3,2,0,36,1
T4,3,0,54,3
T5,4,0,34,2
T6,5,1,75,2
T7,6,0,200,20
T8,7,1,160,1
[193]
T1,0,1,105,2
T2,1,0,28,2
T3,2,0,33,1
T4,3,1,108,2
T5,4,0,200,33
T6,5,1,112,4
T7,6,0,182,2
T8,7,0,182,22
[194]
T1,0,1,120,3
T2,1,1,190,2
T3,2,1,70,1
T4,3,1,40,7
T5,4,1,200,14
T6,5,0,171,9
T7,6,0,51,2
T8,7,1,70,1
[195]
T1,0,0,35,4
T2,1,0,162,8
T3,2,1,90,2
T4,3,0,200,18
T5,4,1,168,2
T6,5,0,96,2
T7,6,0,48,2
T8,7,1,72,2
[196]
T1,0,1,56,3
T2,1,1,168,3
T3,2,1,126,12
T4,3,0,27,2
T5,4,0,84,2
T6,5,0,200,6
T7,6,0,25,2
T8,7,0,152,22
[197]
T1,0,1,200,5
T2,1,0,60,2
T3,2,1,54,5
T4,3,0,148,4
T5,4,1,185,16
T6,5,0,25,2
T7,6,1,40,1
T8,7,1,125,5
[198]
T1,0,1,90,2
T2,1,1,84,1
T3,2,1,30,1
T4,3,1,56,2
T5,4,0,180,1
T6,5,1,195,23
T7,6,1,39,2
T8,7,1,200,34
[199]
T1,0,0,180,1
T2,1,1,43,5
T3,2,0,90,4
T4,3,1,26,1
T5,4,1,160,11
T6,5,1,200,8
T7,6,1,64,2
T8,7,1,78,1
[200]
T1,0,1,70,1
T2,1,0,64,2
T3,2,0,80,12
T4,3,1,175,5
T5,4,1,192,22
T6,5,1,24,2
T7,6,1,200,4
T8,7,0,53,1
[201]
T1,0,0,100,14
T2,1,0,200,20
T3,2,0,90,1
T4,3,1,188,5
T5,4,1,45,1
T6,5,0,75,2
T7,6,1,180,4
T8,7,0,32,2
[202]
T1,0,1,161,7
T2,1,0,168,24
T3,2,0,80,1
T4,3,1,125,2
T5,4,0,138,4
T6,5,0,42,2
T7,6,1,200,14
T8,7,0,51,1
[203]
T1,0,1,25,2
T2,1,0,186,3
T3,2,1,38,2
T4,3,1,60,4
T5,4,1,195,4
T6,5,0,104,3
T7,6,1,200,8
T8,7,1,90,3
[204]
T1,0,0,37,1
T2,1,0,182,5
T3,2,0,140,13
T4,3,0,189,17
T5,4,1,200,2
T6,5,1,75,7
T7,6,1,21,2
T8,7,0,117,2
[205]
T1,0,1,99,4
T2,1,0,30,2
T3,2,0,162,11
T4,3,0,52,1
T5,4,0,200,2
T6,5,0,81,9
T7,6,0,165,12
T8,7,1,72,3
[206]
T1,0,1,186,10
T2,1,0,75,6
T3,2,1,196,2
T4,3,0,147,1
T5,4,0,200,13
T6,5,0,20,2
T7,6,1,31,2
T8,7,1,60,3
[207]
T1,0,1,51,2
T2,1,1,63,5
T3,2,0,152,2
T4,3,0,32,1
T5,4,1,96,2
T6,5,1,180,3
T7,6,1,75,9
T8,7,1,200,14
[208]
T1,0,1,150,7
T2,1,0,105,1
T3,2,1,200,6
T4,3,0,35,1
T5,4,1,61,5
T6,5,0,175,8
T7,6,1,50,3
T8,7,0,56,3
[209]
T1,0,1,48,2
T2,1,0,46,2
T3,2,0,88,10
T4,3,1,189,5
T5,4,0,140,1
T6,5,1,55,2
T7,6,1,200,11
T8,7,1,154,3
[210]
T1,0,0,50,3
T2,1,1,200,13
T3,2,1,144,4
T4,3,1,75,2
T5,4,1,54,4
T6,5,0,165,16
T7,6,1,165,3
T8,7,1,22,2
[211]
T1,0,0,46,2
T2,1,1,140,26
T3,2,1,70,2
T4,3,0,200,2
T5,4,1,112,11
T6,5,0,42,1
T7,6,0,150,1
T8,7,1,198,4
[212]
T1,0,1,198,23
T2,1,1,24,2
T3,2,1,99,2
T4,3,1,200,1
T5,4,0,88,1
T6,5,0,56,7
T7,6,1,160,15
T8,7,1,20,2
[213]
T1,0,0,29,2
T2,1,1,150,1
T3,2,1,55,5
T4,3,1,200,4
T5,4,1,168,1
T6,5,0,20,2
T7,6,1,140,4
T8,7,0,120,21
[214]
T1,0,1,125,3
T2,1,1,168,2
T3,2,1,42,4
T4,3,1,154,3
T5,4,1,36,2
T6,5,1,200,20
T7,6,1,56,2
T8,7,1,120,9
[215]
T1,0,1,160,4
T2,1,0,200,22
T3,2,1,160,2
T4,3,1,98,3
T5,4,1,38,2
T6,5,1,28,2
T7,6,1,90,11
T8,7,1,75,1
[216]
T1,0,0,50,5
T2,1,0,104,2
T3,2,1,91,2
T4,3,0,195,4
T5,4,1,125,2
T6,5,1,200,8
T7,6,1,175,9
T8,7,0,52,5
[217]
T1,0,1,60,3
T2,1,0,46,2
T3,2,1,20,2
T4,3,1,200,17
T5,4,1,168,17
T6,5,0,130,1
T7,6,1,96,5
T8,7,0,175,2
[218]
T1,0,0,168,2
T2,1,0,64,2
T3,2,0,192,23
T4,3,0,42,1
T5,4,0,39,4
T6,5,1,91,2
T7,6,0,78,5
T8,7,1,200,2
[219]
T1,0,1,171,9
T2,1,0,150,3
T3,2,0,25,1
T4,3,1,200,20
T5,4,1,48,1
T6,5,0,114,4
T7,6,0,110,6
T8,7,1,95,1
[220]
T1,0,1,168,8
T2,1,1,200,5
T3,2,1,195,24
T4,3,1,91,2
T5,4,0,48,1
T6,5,0,104,6
T7,6,0,52,2
T8,7,0,132,6
[221]
T1,0,1,85,3
T2,1,0,75,8
T3,2,0,170,1
T4,3,0,85,5
T5,4,0,28,2
T6,5,1,45,3
T7,6,0,160,1
T8,7,0,200,2
[222]
T1,0,1,20,2
T2,1,1,132,2
T3,2,1,200,1
T4,3,1,190,8
T5,4,0,70,6
T6,5,1,168,28
T7,6,1,30,2
T8,7,0,88,2
[223]
T1,0,1,166,1
T2,1,1,88,10
T3,2,0,166,4
T4,3,0,200,2
T5,4,1,50,2
T6,5,1,88,3
T7,6,0,100,10
T8,7,1,43,1
[224]
T1,0,1,100,2
T2,1,1,32,4
T3,2,1,195,14
T4,3,1,52,2
T5,4,0,200,15
T6,5,1,120,3
T7,6,1,175,10
T8,7,1,77,2
[225]
T1,0,0,27,2
T2,1,0,165,19
T3,2,1,200,4
T4,3,0,147,1
T5,4,1,132,13
T6,5,0,56,4
T7,6,1,25,1
T8,7,1,55,2
[226]
T1,0,1,60,1
T2,1,0,52,2
T3,2,0,112,8
T4,3,0,90,2
T5,4,1,160,5
T6,5,1,200,28
T7,6,0,50,2
T8,7,0,160,7
[227]
T1,0,1,21,2
T2,1,0,125,18
T3,2,0,200,4
T4,3,1,90,5
T5,4,0,198,6
T6,5,0,27,2
T7,6,0,175,12
T8,7,0,140,4
[228]
T1,0,1,138,2
T2,1,1,177,13
T3,2,1,120,2
T4,3,1,23,2
T5,4,0,150,11
T6,5,1,200,2
T7,6,0,47,1
T8,7,1,92,16
[229]
T1,0,1,176,6
T2,1,1,200,12
T3,2,1,53,4
T4,3,0,39,3
T5,4,1,156,8
T6,5,1,143,5
T7,6,1,55,2
T8,7,0,104,2
[230]
T1,0,1,140,1
T2,1,1,30,2
T3,2,1,200,5
T4,3,0,153,3
T5,4,1,119,18
T6,5,0,153,1
T7,6,0,70,1
T8,7,0,27,2
[231]
T1,0,1,200,8
T2,1,1,100,2
T3,2,1,152,2
T4,3,1,120,18
T5,4,0,52,2
T6,5,1,48,2
T7,6,1,198,26
T8,7,1,75,1
[232]
T1,0,1,160,10
T2,1,0,200,13
T3,2,1,75,3
T4,3,1,39,1
T5,4,1,35,2
T6,5,0,195,14
T7,6,1,70,6
T8,7,1,126,2
[233]
T1,0,1,200,2
T2,1,1,120,2
T3,2,1,172,3
T4,3,0,63,14
T5,4,1,51,2
T6,5,0,86,1
T7,6,1,180,18
T8,7,1,45,2
[234]
T1,0,1,36,2
T2,1,1,200,8
T3,2,0,165,5
T4,3,1,44,7
T5,4,0,160,6
T6,5,1,130,3
T7,6,1,96,5
T8,7,1,100,2
[235]
T1,0,0,66,5
T2,1,1,36,2
T3,2,1,165,1
T4,3,0,72,3
T5,4,1,34,2
T6,5,1,200,31
T7,6,0,153,6
T8,7,1,60,2
[236]
T1,0,1,88,1
T2,1,0,170,20
T3,2,0,80,1
T4,3,0,200,10
T5,4,0,45,1
T6,5,1,198,2
T7,6,0,90,1
T8,7,0,23,3
[237]
T1,0,0,120,2
T2,1,0,60,1
T3,2,0,200,4
T4,3,1,52,5
T5,4,1,120,2
T6,5,0,154,6
T7,6,1,160,18
T8,7,1,21,1
[238]
T1,0,0,36,1
T2,1,1,175,2
T3,2,0,60,11
T4,3,0,51,2
T5,4,0,154,2
T6,5,0,200,2
T7,6,1,132,6
T8,7,1,66,4
[239]
T1,0,1,180,7
T2,1,1,35,2
T3,2,0,63,1
T4,3,1,63,2
T5,4,1,200,7
T6,5,1,150,28
T7,6,1,100,7
T8,7,1,49,2
[240]
T1,0,1,90,9
T2,1,1,34,1
T3,2,0,74,2
T4,3,1,175,19
T5,4,1,200,1
T6,5,1,28,2
T7,6,1,72,6
T8,7,0,180,2
[241]
T1,0,1,95,9
T2,1,1,200,8
T3,2,1,40,4
T4,3,1,27,2
T5,4,0,159,4
T6,5,0,60,1
T7,6,1,159,1
T8,7,0,120,2
[242]
T1,0,1,180,2
T2,1,1,165,16
T3,2,1,36,3
T4,3,0,23,1
T5,4,0,126,4
T6,5,1,200,1
T7,6,1,60,3
T8,7,1,99,3
[243]
T1,0,1,110,6
T2,1,1,88,2
T3,2,1,40,2
T4,3,1,200,2
T5,4,1,140,10
T6,5,1,175,33
T7,6,1,30,2
T8,7,0,187,7
[244]
T1,0,0,200,2
T2,1,1,84,2
T3,2,1,35,2
T4,3,0,41,1
T5,4,1,96,4
T6,5,1,168,15
T7,6,0,176,15
T8,7,0,88,8
[245]
T1,0,1,48,6
T2,1,1,88,6
T3,2,0,70,2
T4,3,0,200,3
T5,4,0,165,2
T6,5,1,112,6
T7,6,1,192,8
T8,7,1,44,1
[246]
T1,0,0,200,4
T2,1,0,75,1
T3,2,0,120,8
T4,3,0,26,2
T5,4,1,54,3
T6,5,0,156,4
T7,6,1,156,13
T8,7,0,43,2
[247]
T1,0,1,84,2
T2,1,1,120,2
T3,2,0,90,4
T4,3,0,161,22
T5,4,0,200,5
T6,5,0,38,3
T7,6,1,42,2
T8,7,1,175,6
[248]
T1,0,0,155,10
T2,1,0,60,2
T3,2,1,25,2
T4,3,1,60,2
T5,4,1,42,1
T6,5,1,96,8
T7,6,1,195,2
T8,7,0,200,20
[249]
T1,0,0,90,3
T2,1,0,200,3
T3,2,1,42,1
T4,3,0,175,23
T5,4,1,36,2
T6,5,1,72,2
T7,6,0,165,7
T8,7,0,70,9
[250]
T1,0,0,23,2
T2,1,1,200,7
T3,2,0,182,6
T4,3,1,144,3
T5,4,0,54,2
T6,5,0,50,3
T7,6,1,65,10
T8,7,1,182,5
[251]
T1,0,0,104,2
T2,1,0,165,10
T3,2,0,55,2
T4,3,1,41,2
T5,4,0,180,1
T6,5,0,200,3
T7,6,1,52,7
T8,7,0,104,8
[252]
T1,0,1,190,10
T2,1,0,95,6
T3,2,0,56,2
T4,3,1,95,15
T5,4,1,46,2
T6,5,0,30,2
T7,6,0,196,2
T8,7,1,200,7
[253]
T1,0,0,120,3
T2,1,1,26,2
T3,2,1,200,12
T4,3,1,72,3
T5,4,0,72,2
T6,5,0,192,24
T7,6,0,24,2
T8,7,0,183,11
[254]
T1,0,1,170,5
T2,1,0,182,2
T3,2,1,56,2
T4,3,0,91,3
T5,4,0,200,30
T6,5,0,136,2
T7,6,1,35,1
T8,7,1,21,1
[255]
T1,0,0,126,7
T2,1,0,80,2
T3,2,0,24,2
T4,3,1,25,2
T5,4,0,168,15
T6,5,1,102,3
T7,6,0,150,12
T8,7,1,200,2
[256]
T1,0,1,85,5
T2,1,0,192,7
T3,2,0,187,1
T4,3,0,75,2
T5,4,1,22,4
T6,5,0,45,2
T7,6,0,200,2
T8,7,0,64,1
[257]
T1,0,1,195,1
T2,1,0,156,15
T3,2,1,110,4
T4,3,0,25,2
T5,4,0,56,3
T6,5,1,200,11
T7,6,0,44,3
T8,7,0,91,5
[258]
T1,0,0,55,3
T2,1,1,200,24
T3,2,0,168,2
T4,3,1,132,8
T5,4,1,168,4
T6,5,1,128,9
T7,6,0,20,2
T8,7,1,33,2
[259]
T1,0,1,112,2
T2,1,0,180,9
T3,2,1,25,2
T4,3,1,144,2
T5,4,0,184,8
T6,5,0,24,1
T7,6,1,200,2
T8,7,0,140,16
[260]
T1,0,0,168,3
T2,1,0,48,2
T3,2,0,30,2
T4,3,0,180,10
T5,4,0,200,2
T6,5,1,75,12
T7,6,1,80,3
T8,7,0,76,1
[261]
T1,0,1,140,2
T2,1,0,193,6
T3,2,0,60,1
T4,3,1,35,2
T5,4,0,100,6
T6,5,1,200,16
T7,6,0,175,29
T8,7,0,24,2
[262]
T1,0,0,200,2
T2,1,1,153,6
T3,2,1,50,2
T4,3,1,56,3
T5,4,0,40,1
T6,5,1,126,5
T7,6,0,160,4
T8,7,1,102,11
[263]
T1,0,0,200,7
T2,1,0,180,12
T3,2,0,175,1
T4,3,0,100,9
T5,4,0,24,2
T6,5,0,108,2
T7,6,0,28,1
T8,7,0,90,2
[264]
T1,0,0,172,12
T2,1,1,200,1
T3,2,0,80,2
T4,3,0,20,2
T5,4,0,28,3
T6,5,0,172,4
T7,6,0,56,6
T8,7,0,64,3
[265]
T1,0,1,168,10
T2,1,1,120,8
T3,2,1,77,2
T4,3,1,200,1
T5,4,0,98,5
T6,5,0,198,30
T7,6,1,28,2
T8,7,1,27,2
[266]
T1,0,1,35,1
T2,1,0,192,7
T3,2,1,156,3
T4,3,1,200,1
T5,4,1,52,1
T6,5,0,80,4
T7,6,1,60,3
T8,7,1,112,15
[267]
T1,0,1,44,1
T2,1,1,168,4
T3,2,0,165,6
T4,3,0,64,2
T5,4,1,200,22
T6,5,1,53,2
T7,6,1,105,2
T8,7,1,100,9
[268]
T1,0,0,198,16
T2,1,0,28,2
T3,2,0,140,19
T4,3,0,55,2
T5,4,0,38,3
T6,5,1,200,1
T7,6,1,168,4
T8,7,0,63,1
[269]
T1,0,0,100,9
T2,1,1,20,2
T3,2,0,70,1
T4,3,0,175,2
T5,4,1,145,5
T6,5,0,200,26
T7,6,1,176,2
T8,7,1,31,1
[270]
T1,0,1,65,7
T2,1,0,78,2
T3,2,0,168,10
T4,3,1,200,2
T5,4,0,28,2
T6,5,1,34,2
T7,6,0,117,11
T8,7,0,189,2
[271]
T1,0,1,168,7
T2,1,0,20,2
T3,2,1,105,10
T4,3,0,200,4
T5,4,0,113,3
T6,5,0,29,2
T7,6,1,120,9
T8,7,0,175,13
[272]
T1,0,1,161,4
T2,1,1,161,6
T3,2,1,48,7
T4,3,0,96,1
T5,4,1,34,1
T6,5,0,100,1
T7,6,0,92,4
T8,7,1,200,10
[273]
T1,0,0,64,5
T2,1,0,105,2
T3,2,0,200,4
T4,3,1,150,2
T5,4,0,24,2
T6,5,1,64,6
T7,6,1,46,1
T8,7,0,162,2
[274]
T1,0,0,24,2
T2,1,1,180,1
T3,2,0,60,7
T4,3,1,156,13
T5,4,0,36,2
T6,5,1,99,4
T7,6,0,200,2
T8,7,0,108,3
[275]
T1,0,0,72,3
T2,1,1,84,3
T3,2,1,25,4
T4,3,0,140,6
T5,4,0,37,2
T6,5,0,150,5
T7,6,1,177,3
T8,7,0,200,2
[276]
T1,0,1,70,11
T2,1,0,32,2
T3,2,0,84,1
T4,3,0,175,4
T5,4,0,200,6
T6,5,1,180,3
T7,6,0,42,2
T8,7,0,82,1
[277]
T1,0,0,62,4
T2,1,0,92,11
T3,2,1,45,2
T4,3,0,25,2
T5,4,1,161,2
T6,5,1,124,8
T7,6,1,200,2
T8,7,0,161,16
[278]
T1,0,1,32,2
T2,1,1,160,7
T3,2,0,76,5
T4,3,0,200,6
T5,4,0,25,1
T6,5,1,57,1
T7,6,1,95,13
T8,7,1,190,2
[279]
T1,0,1,175,25
T2,1,1,100,2
T3,2,1,75,6
T4,3,1,193,1
T5,4,1,70,2
T6,5,1,35,2
T7,6,1,24,2
T8,7,0,200,4
[280]
T1,0,1,168,6
T2,1,0,200,16
T3,2,1,96,5
T4,3,0,27,1
T5,4,0,180,7
T6,5,1,39,1
T7,6,0,96,1
T8,7,1,100,4
[281]
T1,0,0,150,15
T2,1,0,38,2
T3,2,1,200,7
T4,3,0,171,1
T5,4,1,95,4
T6,5,0,35,2
T7,6,1,130,19
T8,7,1,57,1
[282]
T1,0,1,117,6
T2,1,0,21,1
T3,2,1,200,12
T4,3,1,75,1
T5,4,0,160,7
T6,5,1,112,1
T7,6,0,24,1
T8,7,1,160,11
[283]
T1,0,0,82,5
T2,1,0,150,6
T3,2,0,200,2
T4,3,1,164,33
T5,4,0,30,2
T6,5,0,80,2
T7,6,1,27,2
T8,7,0,105,3
[284]
T1,0,0,75,5
T2,1,1,200,11
T3,2,1,165,7
T4,3,0,99,3
T5,4,1,22,2
T6,5,0,42,1
T7,6,0,175,17
T8,7,0,125,2
[285]
T1,0,1,140,2
T2,1,0,75,2
T3,2,1,175,3
T4,3,1,200,17
T5,4,0,53,7
T6,5,1,116,3
T7,6,1,168,8
T8,7,0,32,1
[286]
T1,0,0,152,7
T2,1,0,64,2
T3,2,1,75,2
T4,3,1,50,2
T5,4,0,160,6
T6,5,0,53,5
T7,6,0,200,6
T8,7,0,105,3
[287]
T1,0,0,24,4
T2,1,1,58,2
T3,2,1,52,3
T4,3,0,180,7
T5,4,0,120,2
T6,5,0,200,2
T7,6,1,100,4
T8,7,1,160,1
[288]
T1,0,1,35,1
T2,1,0,72,3
T3,2,1,176,22
T4,3,0,63,1
T5,4,1,198,16
T6,5,0,200,8
T7,6,1,25,2
T8,7,1,110,2
[289]
T1,0,1,49,1
T2,1,1,160,17
T3,2,0,105,1
T4,3,0,200,2
T5,4,0,74,10
T6,5,0,150,1
T7,6,0,30,1
T8,7,0,70,2
[290]
T1,0,1,35,2
T2,1,0,200,2
T3,2,1,162,5
T4,3,1,88,2
T5,4,0,72,1
T6,5,0,24,3
T7,6,0,165,19
T8,7,0,75,5
[291]
T1,0,0,200,23
T2,1,1,130,2
T3,2,1,120,6
T4,3,0,170,4
T5,4,0,25,1
T6,5,0,180,9
T7,6,0,52,3
T8,7,1,80,2
[292]
T1,0,1,200,7
T2,1,1,198,8
T3,2,0,60,5
T4,3,0,72,5
T5,4,1,27,2
T6,5,0,45,2
T7,6,1,110,3
T8,7,1,187,5
[293]
T1,0,0,47,2
T2,1,0,200,24
T3,2,1,88,12
T4,3,1,65,2
T5,4,0,195,9
T6,5,0,117,4
T7,6,1,26,2
T8,7,0,150,2
[294]
T1,0,0,175,4
T2,1,0,32,1
T3,2,1,200,17
T4,3,1,160,2
T5,4,1,140,20
T6,5,1,102,1
T7,6,0,75,3
T8,7,0,25,2
[295]
T1,0,1,128,2
T2,1,1,195,28
T3,2,0,70,5
T4,3,0,48,2
T5,4,1,48,2
T6,5,0,200,1
T7,6,1,168,1
T8,7,0,96,12
[296]
T1,0,1,200,11
T2,1,1,156,6
T3,2,0,125,11
T4,3,1,52,2
T5,4,1,78,3
T6,5,0,50,3
T7,6,1,176,10
T8,7,0,78,1
[297]
T1,0,1,84,1
T2,1,1,165,5
T3,2,0,77,2
T4,3,1,168,2
T5,4,0,30,3
T6,5,1,200,24
T7,6,1,96,2
T8,7,0,46,2
[298]
T1,0,0,200,32
T2,1,0,180,4
T3,2,0,126,1
T4,3,1,87,1
T5,4,1,35,2
T6,5,1,25,2
T7,6,0,174,6
T8,7,0,72,3
[299]
T1,0,1,200,6
T2,1,1,108,10
T3,2,1,75,7
T4,3,0,75,2
T5,4,0,38,2
T6,5,1,171,4
T7,6,0,48,2
T8,7,0,171,7
[300]
T1,0,0,112,6
T2,1,0,168,2
T3,2,1,152,2
T4,3,0,38,2
T5,4,1,200,20
T6,5,0,50,3
T7,6,0,105,10
T8,7,0,57,1
[301]
T1,0,0,192,2
T2,1,0,32,2
T3,2,1,84,2
T4,3,1,176,3
T5,4,0,110,1
T6,5,1,96,6
T7,6,0,200,47
T8,7,0,23,2
[302]
T1,0,0,58,2
T2,1,0,28,3
T3,2,1,200,1
T4,3,1,174,7
T5,4,0,120,2
T6,5,0,30,2
T7,6,0,90,6
T8,7,1,170,13
[303]
T1,0,1,160,4
T2,1,0,46,2
T3,2,1,105,2
T4,3,0,48,5
T5,4,1,174,5
T6,5,1,100,3
T7,6,0,100,2
T8,7,1,200,26
[304]
T1,0,1,168,1
T2,1,0,47,2
T3,2,1,63,4
T4,3,0,144,11
T5,4,1,200,19
T6,5,1,168,2
T7,6,1,44,2
T8,7,1,100,3
[305]
T1,0,1,108,24
T2,1,0,105,7
T3,2,1,175,6
T4,3,0,144,2
T5,4,0,200,6
T6,5,1,195,2
T7,6,0,22,2
T8,7,0,50,2
[306]
T1,0,0,188,24
T2,1,0,22,2
T3,2,0,110,3
T4,3,1,99,6
T5,4,0,200,2
T6,5,0,198,15
T7,6,0,99,1
T8,7,0,49,3
[307]
T1,0,1,192,7
T2,1,1,43,5
T3,2,1,56,2
T4,3,0,40,2
T5,4,0,192,5
T6,5,1,96,5
T7,6,1,200,3
T8,7,0,72,4
[308]
T1,0,0,195,22
T2,1,1,200,10
T3,2,0,95,2
T4,3,1,30,1
T5,4,1,48,2
T6,5,1,72,4
T7,6,1,156,8
T8,7,0,65,5
[309]
T1,0,1,132,4
T2,1,1,165,7
T3,2,1,28,2
T4,3,0,132,7
T5,4,1,200,11
T6,5,1,44,1
T7,6,1,105,13
T8,7,0,168,7
[310]
T1,0,0,129,2
T2,1,1,120,1
T3,2,0,172,15
T4,3,1,31,2
T5,4,0,198,9
T6,5,1,100,5
T7,6,0,44,3
T8,7,0,200,15
[311]
T1,0,0,61,2
T2,1,0,200,4
T3,2,0,183,16
T4,3,1,168,2
T5,4,0,84,5
T6,5,0,63,8
T7,6,1,37,2
T8,7,1,24,1
[312]
T1,0,0,55,4
T2,1,1,180,12
T3,2,1,174,2
T4,3,1,200,6
T5,4,0,44,2
T6,5,0,31,2
T7,6,0,100,3
T8,7,1,66,1
[313]
T1,0,0,69,3
T2,1,1,29,2
T3,2,1,138,2
T4,3,1,200,11
T5,4,0,150,7
T6,5,1,198,9
T7,6,0,44,2
T8,7,0,110,9
[314]
T1,0,1,200,1
T2,1,0,105,10
T3,2,0,80,1
T4,3,1,96,10
T5,4,0,24,2
T6,5,1,180,7
T7,6,1,195,5
T8,7,0,40,2
[315]
T1,0,0,200,9
T2,1,1,70,1
T3,2,0,52,1
T4,3,0,144,2
T5,4,1,196,2
T6,5,0,189,2
T7,6,0,56,8
T8,7,0,20,2
[316]
T1,0,0,48,2
T2,1,0,52,4
T3,2,1,56,1
T4,3,0,70,4
T5,4,0,168,10
T6,5,1,132,10
T7,6,1,198,4
T8,7,1,200,1
[317]
T1,0,0,44,2
T2,1,0,110,13
T3,2,0,150,8
T4,3,1,70,5
T5,4,1,200,4
T6,5,1,37,2
T7,6,0,150,15
T8,7,1,85,2
[318]
T1,0,0,45,1
T2,1,0,115,17
T3,2,1,184,15
T4,3,0,150,5
T5,4,0,64,2
T6,5,1,54,2
T7,6,1,200,2
T8,7,1,46,4
[319]
T1,0,1,100,2
T2,1,0,84,11
T3,2,0,174,3
T4,3,1,35,3
T5,4,0,180,2
T6,5,0,29,1
T7,6,0,56,4
T8,7,1,200,1
[320]
T1,0,1,200,33
T2,1,0,29,2
T3,2,0,170,2
T4,3,1,135,2
T5,4,0,192,13
T6,5,0,51,3
T7,6,1,120,1
T8,7,0,108,4
[321]
T1,0,0,192,27
T2,1,0,52,2
T3,2,1,120,1
T4,3,0,200,11
T5,4,1,176,4
T6,5,0,80,4
T7,6,1,78,5
T8,7,0,44,2
[322]
T1,0,0,200,1
T2,1,0,78,2
T3,2,1,55,3
T4,3,0,27,5
T5,4,0,165,6
T6,5,0,176,7
T7,6,1,64,2
T8,7,1,32,2
[323]
T1,0,1,105,1
T2,1,0,105,14
T3,2,0,34,1
T4,3,1,122,2
T5,4,1,183,11
T6,5,1,200,1
T7,6,1,30,1
T8,7,1,168,6
[324]
T1,0,0,105,9
T2,1,0,68,2
T3,2,0,170,6
T4,3,0,168,2
T5,4,0,108,9
T6,5,1,30,2
T7,6,0,200,10
T8,7,1,42,4
[325]
T1,0,0,182,42
T2,1,1,200,12
T3,2,0,156,2
T4,3,0,84,2
T5,4,0,104,1
T6,5,0,48,2
T7,6,0,50,1
T8,7,0,63,1
[326]
T1,0,0,46,1
T2,1,0,105,1
T3,2,0,40,3
T4,3,1,105,10
T5,4,0,168,9
T6,5,1,150,2
T7,6,1,135,4
T8,7,1,200,9
[327]
T1,0,1,70,1
T2,1,1,51,2
T3,2,1,160,15
T4,3,0,28,2
T5,4,1,200,2
T6,5,0,84,2
T7,6,0,56,2
T8,7,0,186,32
[328]
T1,0,1,27,3
T2,1,0,150,4
T3,2,0,198,9
T4,3,0,32,2
T5,4,0,200,5
T6,5,1,55,3
T7,6,1,80,5
T8,7,1,108,2
[329]
T1,0,0,165,2
T2,1,1,72,9
T3,2,0,24,1
T4,3,0,200,4
T5,4,0,112,2
T6,5,1,34,2
T7,6,1,189,4
T8,7,1,144,17
[330]
T1,0,0,36,1
T2,1,0,99,7
T3,2,0,196,27
T4,3,0,45,1
T5,4,1,120,2
T6,5,0,165,11
T7,6,1,200,6
T8,7,0,88,1
[331]
T1,0,0,37,1
T2,1,1,99,1
T3,2,0,22,2
T4,3,0,138,21
T5,4,0,150,18
T6,5,0,72,1
T7,6,0,200,1
T8,7,0,198,9
[332]
T1,0,1,37,2
T2,1,1,70,1
T3,2,1,140,6
T4,3,1,150,1
T5,4,0,70,16
T6,5,1,200,6
T7,6,0,24,2
T8,7,0,185,2
[333]
T1,0,1,60,10
T2,1,0,40,1
T3,2,0,80,1
T4,3,0,168,17
T5,4,1,200,7
T6,5,1,65,1
T7,6,1,175,1
T8,7,1,28,2
[334]
T1,0,0,40,1
T2,1,1,126,6
T3,2,1,135,2
T4,3,0,182,12
T5,4,1,195,2
T6,5,1,40,1
T7,6,1,200,2
T8,7,0,144,23
[335]
T1,0,0,192,1
T2,1,0,125,11
T3,2,0,168,9
T4,3,1,80,13
T5,4,0,200,2
T6,5,0,37,1
T7,6,1,70,1
T8,7,0,45,2
[336]
T1,0,1,135,1
T2,1,0,200,2
T3,2,0,195,15
T4,3,1,180,11
T5,4,0,50,4
T6,5,0,117,7
T7,6,1,60,4
T8,7,0,25,2
[337]
T1,0,1,180,2
T2,1,0,200,16
T3,2,1,40,2
T4,3,0,160,8
T5,4,0,81,5
T6,5,0,120,5
T7,6,0,28,1
T8,7,0,125,2
[338]
T1,0,1,26,1
T2,1,0,56,2
T3,2,1,80,1
T4,3,0,189,15
T5,4,0,180,23
T6,5,0,105,2
T7,6,0,200,3
T8,7,0,33,2
[339]
T1,0,1,200,16
T2,1,1,184,16
T3,2,0,60,5
T4,3,0,75,2
T5,4,1,130,5
T6,5,1,39,2
T7,6,1,46,2
T8,7,1,160,2
[340]
T1,0,0,48,2
T2,1,1,72,7
T3,2,1,75,8
T4,3,1,186,17
T5,4,1,150,2
T6,5,0,90,1
T7,6,1,34,2
T8,7,0,200,5
[341]
T1,0,0,156,11
T2,1,1,75,1
T3,2,1,200,9
T4,3,1,105,18
T5,4,1,47,2
T6,5,0,24,2
T7,6,1,168,5
T8,7,0,65,2
[342]
T1,0,0,63,1
T2,1,1,189,2
T3,2,0,198,2
T4,3,1,48,1
T5,4,0,144,27
T6,5,1,63,4
T7,6,1,38,2
T8,7,0,200,9
[343]
T1,0,0,88,1
T2,1,1,22,2
T3,2,0,99,3
T4,3,1,84,2
T5,4,1,200,2
T6,5,1,33,3
T7,6,1,176,30
T8,7,0,180,5
[344]
T1,0,1,104,13
T2,1,1,195,12
T3,2,0,74,1
T4,3,0,117,2
T5,4,1,148,10
T6,5,0,52,1
T7,6,0,200,8
T8,7,1,36,2
[345]
T1,0,0,200,16
T2,1,1,70,13
T3,2,1,180,11
T4,3,0,22,2
T5,4,1,80,1
T6,5,0,160,2
T7,6,1,26,2
T8,7,1,60,2
[346]
T1,0,0,96,2
T2,1,0,63,6
T3,2,0,196,2
T4,3,1,50,2
T5,4,0,180,8
T6,5,0,200,12
T7,6,1,41,3
T8,7,1,96,4
[347]
T1,0,0,200,2
T2,1,1,60,2
T3,2,1,28,2
T4,3,0,55,7
T5,4,1,154,5
T6,5,0,152,13
T7,6,1,133,2
T8,7,0,36,2
[348]
T1,0,0,165,8
T2,1,1,77,2
T3,2,0,165,12
T4,3,0,21,2
T5,4,0,37,1
T6,5,0,84,4
T7,6,1,200,6
T8,7,1,70,3
[349]
T1,0,0,198,1
T2,1,0,144,2
T3,2,1,175,2
T4,3,0,23,3
T5,4,0,60,2
T6,5,1,56,3
T7,6,1,30,2
T8,7,1,200,30
[350]
T1,0,0,198,7
T2,1,0,125,15
T3,2,0,36,1
T4,3,1,55,2
T5,4,1,200,12
T6,5,1,99,1
T7,6,0,51,1
T8,7,0,165,15
[351]
T1,0,0,42,4
T2,1,1,70,2
T3,2,0,96,2
T4,3,0,50,4
T5,4,0,168,5
T6,5,1,200,2
T7,6,1,185,12
T8,7,1,96,4
[352]
T1,0,0,132,18
T2,1,1,44,2
T3,2,1,198,19
T4,3,0,33,2
T5,4,0,81,2
T6,5,1,200,5
T7,6,1,108,2
T8,7,0,160,1
[353]
T1,0,0,165,2
T2,1,0,22,2
T3,2,0,88,2
T4,3,0,200,6
T5,4,1,60,4
T6,5,0,198,3
T7,6,1,85,18
T8,7,0,41,1
[354]
T1,0,0,36,1
T2,1,1,200,8
T3,2,1,53,2
T4,3,0,150,2
T5,4,1,165,4
T6,5,0,78,7
T7,6,0,75,1
T8,7,1,90,9
[355]
T1,0,0,160,1
T2,1,1,75,2
T3,2,0,50,1
T4,3,1,200,4
T5,4,0,96,7
T6,5,1,155,2
T7,6,1,50,11
T8,7,0,125,2
[356]
T1,0,1,200,2
T2,1,0,78,6
T3,2,0,26,2
T4,3,0,150,7
T5,4,0,156,17
T6,5,0,114,3
T7,6,0,75,7
T8,7,1,46,2
[357]
T1,0,0,175,5
T2,1,0,36,2
T3,2,0,64,15
T4,3,1,95,6
T5,4,0,42,1
T6,5,0,190,2
T7,6,1,200,2
T8,7,1,95,1
[358]
T1,0,1,78,8
T2,1,1,200,8
T3,2,0,162,3
T4,3,1,60,2
T5,4,0,53,2
T6,5,1,160,13
T7,6,1,25,2
T8,7,0,60,2
[359]
T1,0,0,36,2
T2,1,1,140,2
T3,2,1,54,2
T4,3,1,200,31
T5,4,0,60,3
T6,5,1,63,1
T7,6,1,176,2
T8,7,0,175,12
[360]
T1,0,1,48,2
T2,1,0,135,13
T3,2,1,135,3
T4,3,0,180,4
T5,4,1,178,12
T6,5,1,40,1
T7,6,0,200,23
T8,7,1,100,1
[361]
T1,0,1,80,2
T2,1,1,72,11
T3,2,0,153,1
T4,3,1,160,2
T5,4,1,200,2
T6,5,1,32,2
T7,6,0,85,10
T8,7,1,25,2
[362]
T1,0,0,192,4
T2,1,0,128,2
T3,2,1,110,1
T4,3,1,21,2
T5,4,1,192,26
T6,5,0,39,2
T7,6,0,200,3
T8,7,1,110,1
[363]
T1,0,1,200,2
T2,1,0,23,2
T3,2,1,75,3
T4,3,1,56,1
T5,4,1,28,2
T6,5,1,147,5
T7,6,0,150,3
T8,7,1,190,13
[364]
T1,0,0,35,2
T2,1,0,200,10
T3,2,1,120,2
T4,3,0,189,17
T5,4,0,133,11
T6,5,0,168,10
T7,6,0,57,1
T8,7,0,27,1
[365]
T1,0,1,198,2
T2,1,0,198,34
T3,2,0,45,2
T4,3,0,200,8
T5,4,0,66,1
T6,5,1,98,9
T7,6,1,21,2
T8,7,1,75,2
[366]
T1,0,1,88,2
T2,1,0,30,2
T3,2,0,200,10
T4,3,0,120,12
T5,4,0,35,3
T6,5,1,165,7
T7,6,0,154,10
T8,7,0,110,2
[367]
T1,0,0,57,2
T2,1,1,190,12
T3,2,1,76,9
T4,3,1,46,2
T5,4,1,65,2
T6,5,1,180,14
T7,6,1,30,1
T8,7,1,200,10
[368]
T1,0,1,147,8
T2,1,1,165,2
T3,2,0,44,2
T4,3,0,110,3
T5,4,1,200,3
T6,5,0,80,11
T7,6,1,112,2
T8,7,0,42,3
[369]
T1,0,0,51,4
T2,1,1,125,2
T3,2,1,175,9
T4,3,1,100,4
T5,4,0,25,2
T6,5,1,182,9
T7,6,1,140,3
T8,7,1,200,8
[370]
T1,0,0,150,1
T2,1,0,88,16
T3,2,0,160,9
T4,3,1,54,2
T5,4,1,36,2
T6,5,0,200,2
T7,6,1,96,4
T8,7,0,135,8
[371]
T1,0,0,150,3
T2,1,0,200,16
T3,2,1,56,2
T4,3,1,168,3
T5,4,0,33,2
T6,5,0,25,4
T7,6,0,125,1
T8,7,0,69,2
[372]
T1,0,1,200,2
T2,1,0,70,10
T3,2,1,189,1
T4,3,1,28,2
T5,4,1,72,2
T6,5,1,33,3
T7,6,1,81,1
T8,7,1,175,12
[373]
T1,0,0,112,2
T2,1,1,144,12
T3,2,1,200,7
T4,3,0,195,6
T5,4,1,175,5
T6,5,0,28,3
T7,6,1,126,2
T8,7,0,24,1
[374]
T1,0,0,200,7
T2,1,1,182,4
T3,2,1,110,8
T4,3,0,35,1
T5,4,0,156,3
T6,5,1,130,15
T7,6,1,143,9
T8,7,1,31,2
[375]
T1,0,1,110,5
T2,1,1,70,3
T3,2,1,51,1
T4,3,0,165,31
T5,4,1,200,1
T6,5,0,34,1
T7,6,0,56,2
T8,7,1,154,5
[376]
T1,0,1,75,2
T2,1,0,200,3
T3,2,1,36,2
T4,3,0,75,4
T5,4,0,180,17
T6,5,1,150,20
T7,6,1,94,5
T8,7,1,35,2
[377]
T1,0,1,102,3
T2,1,1,51,2
T3,2,1,136,9
T4,3,1,200,5
T5,4,1,176,4
T6,5,0,153,23
T7,6,1,132,2
T8,7,1,34,1
[378]
T1,0,0,50,4
T2,1,0,96,3
T3,2,0,93,6
T4,3,0,168,1
T5,4,1,41,2
T6,5,1,105,8
T7,6,1,155,16
T8,7,1,200,1
[379]
T1,0,0,28,2
T2,1,0,48,2
T3,2,0,160,7
T4,3,0,60,2
T5,4,0,200,7
T6,5,0,175,8
T7,6,0,57,10
T8,7,0,120,5
[380]
T1,0,0,172,12
T2,1,0,20,2
T3,2,1,40,1
T4,3,1,200,2
T5,4,1,180,4
T6,5,0,90,2
T7,6,1,72,5
T8,7,1,140,18
[381]
T1,0,0,100,12
T2,1,0,135,4
T3,2,0,160,6
T4,3,1,150,13
T5,4,1,32,2
T6,5,1,123,9
T7,6,1,200,1
T8,7,1,45,2
[382]
T1,0,1,72,7
T2,1,1,21,1
T3,2,1,80,5
T4,3,1,119,1
T5,4,0,200,6
T6,5,0,170,2
T7,6,1,43,3
T8,7,1,150,5
[383]
T1,0,0,180,8
T2,1,0,165,20
T3,2,1,200,1
T4,3,1,90,8
T5,4,1,88,2
T6,5,0,141,14
T7,6,1,24,2
T8,7,0,24,2
[384]
T1,0,0,148,32
T2,1,0,64,2
T3,2,1,74,2
T4,3,0,200,11
T5,4,1,37,1
T6,5,0,80,2
T7,6,0,180,2
T8,7,1,48,2
[385]
T1,0,0,196,4
T2,1,0,200,16
T3,2,1,38,2
T4,3,1,78,1
T5,4,1,98,10
T6,5,0,150,4
T7,6,1,70,6
T8,7,0,30,1
[386]
T1,0,1,50,2
T2,1,0,200,12
T3,2,1,110,12
T4,3,0,165,1
T5,4,1,72,2
T6,5,0,117,9
T7,6,1,32,2
T8,7,1,150,6
[387]
T1,0,0,31,1
T2,1,1,119,10
T3,2,1,195,3
T4,3,0,42,2
T5,4,1,170,1
T6,5,1,200,17
T7,6,0,85,9
T8,7,1,68,2
[388]
T1,0,1,57,2
T2,1,0,72,2
T3,2,1,152,9
T4,3,0,42,1
T5,4,1,190,26
T6,5,0,200,12
T7,6,1,90,2
T8,7,0,37,1
[389]
T1,0,1,96,6
T2,1,1,140,7
T3,2,1,42,3
T4,3,0,196,14
T5,4,0,175,2
T6,5,0,45,2
T7,6,0,200,11
T8,7,1,64,2
[390]
T1,0,0,200,4
T2,1,0,70,3
T3,2,1,168,6
T4,3,0,31,2
T5,4,0,25,2
T6,5,0,196,30
T7,6,1,57,3
T8,7,1,60,1
[391]
T1,0,1,128,17
T2,1,1,200,1
T3,2,0,40,2
T4,3,0,96,2
T5,4,1,195,1
T6,5,0,90,6
T7,6,1,156,8
T8,7,1,30,1
[392]
T1,0,0,192,14
T2,1,0,24,2
T3,2,1,64,3
T4,3,0,112,15
T5,4,0,66,2
T6,5,0,200,8
T7,6,0,154,10
T8,7,0,50,2
[393]
T1,0,0,25,1
T2,1,1,200,25
T3,2,1,150,1
T4,3,0,120,8
T5,4,1,97,4
T6,5,1,97,2
T7,6,1,30,1
T8,7,1,168,2
[394]
T1,0,0,51,1
T2,1,1,95,6
T3,2,0,189,24
T4,3,1,200,2
T5,4,1,54,2
T6,5,1,114,4
T7,6,0,180,1
T8,7,1,25,1
[395]
T1,0,1,63,2
T2,1,1,200,19
T3,2,0,29,2
T4,3,0,180,5
T5,4,0,126,6
T6,5,0,63,2
T7,6,1,180,15
T8,7,0,50,2
[396]
T1,0,1,31,1
T2,1,0,63,2
T3,2,0,168,13
T4,3,1,25,2
T5,4,1,56,2
T6,5,0,117,4
T7,6,0,200,6
T8,7,1,156,16
[397]
T1,0,1,44,2
T2,1,0,175,12
T3,2,0,48,1
T4,3,1,160,2
T5,4,1,125,3
T6,5,0,75,1
T7,6,0,100,5
T8,7,0,200,31
[398]
T1,0,1,200,1
T2,1,0,50,3
T3,2,0,180,2
T4,3,1,125,2
T5,4,1,182,10
T6,5,1,126,14
T7,6,1,84,3
T8,7,0,40,3
[399]
T1,0,0,112,5
T2,1,1,150,2
T3,2,1,112,2
T4,3,1,180,22
T5,4,0,200,2
T6,5,1,36,1
T7,6,1,92,7
T8,7,1,24,2
[400]
T1,0,1,174,23
T2,1,0,135,1
T3,2,1,162,2
T4,3,0,72,3
T5,4,0,45,2
T6,5,1,29,2
T7,6,0,200,1
T8,7,0,90,2
[401]
T1,0,1,45,3
T2,1,0,38,2
T3,2,1,124,1
T4,3,1,72,6
T5,4,1,195,3
T6,5,0,60,2
T7,6,0,200,19
T8,7,0,150,9
[402]
T1,0,1,168,10
T2,1,1,32,2
T3,2,1,56,2
T4,3,1,65,2
T5,4,1,154,12
T6,5,0,200,19
T7,6,1,130,4
T8,7,1,50,2
[403]
T1,0,0,100,2
T2,1,0,196,6
T3,2,0,23,2
T4,3,1,156,23
T5,4,0,200,4
T6,5,0,75,6
T7,6,0,112,7
T8,7,0,48,2
[404]
T1,0,0,180,2
T2,1,1,54,6
T3,2,1,200,12
T4,3,1,108,2
T5,4,1,108,3
T6,5,1,45,5
T7,6,0,54,2
T8,7,1,148,3
[405]
T1,0,1,75,2
T2,1,0,200,43
T3,2,0,175,2
T4,3,1,45,1
T5,4,0,126,2
T6,5,1,45,2
T7,6,1,60,1
T8,7,1,158,7
[406]
T1,0,0,60,3
T2,1,1,200,1
T3,2,1,40,2
T4,3,1,140,12
T5,4,1,160,10
T6,5,0,150,5
T7,6,1,84,1
T8,7,1,26,1
[407]
T1,0,0,84,3
T2,1,0,35,2
T3,2,0,175,7
T4,3,0,179,19
T5,4,1,120,1
T6,5,1,200,10
T7,6,0,105,10
T8,7,0,54,1
[408]
T1,0,0,70,8
T2,1,1,49,2
T3,2,1,198,2
T4,3,1,147,4
T5,4,0,84,2
T6,5,0,56,5
T7,6,0,200,11
T8,7,0,40,2
[409]
T1,0,0,200,13
T2,1,1,144,8
T3,2,1,150,4
T4,3,0,168,30
T5,4,1,46,2
T6,5,0,119,1
T7,6,0,120,2
T8,7,1,51,2
[410]
T1,0,0,200,9
T2,1,0,192,11
T3,2,0,32,2
T4,3,1,119,3
T5,4,0,100,5
T6,5,0,192,22
T7,6,1,85,1
T8,7,0,20,1
[411]
T1,0,1,114,4
T2,1,1,102,9
T3,2,1,90,2
T4,3,1,52,1
T5,4,0,190,13
T6,5,0,200,1
T7,6,1,30,2
T8,7,1,180,14
[412]
T1,0,0,63,1
T2,1,1,192,17
T3,2,0,28,2
T4,3,0,180,16
T5,4,1,50,2
T6,5,0,80,5
T7,6,1,54,2
T8,7,1,200,4
[413]
T1,0,0,55,2
T2,1,0,28,1
T3,2,1,112,16
T4,3,0,99,1
T5,4,0,160,1
T6,5,1,175,1
T7,6,0,29,1
T8,7,0,200,21
[414]
T1,0,0,132,3
T2,1,1,200,34
T3,2,1,55,2
T4,3,1,32,1
T5,4,0,160,3
T6,5,0,40,3
T7,6,0,165,2
T8,7,1,55,2
[415]
T1,0,0,77,3
T2,1,0,41,2
T3,2,1,120,2
T4,3,0,168,5
T5,4,1,77,4
T6,5,0,200,13
T7,6,0,175,3
T8,7,1,51,6
[416]
T1,0,0,84,9
T2,1,0,30,1
T3,2,1,199,1
T4,3,0,200,2
T5,4,1,28,2
T6,5,1,140,10
T7,6,0,84,1
T8,7,0,175,19
[417]
T1,0,0,200,1
T2,1,1,49,3
T3,2,0,70,3
T4,3,1,168,9
T5,4,0,165,12
T6,5,0,50,2
T7,6,0,56,4
T8,7,0,105,1
[418]
T1,0,0,155,2
T2,1,1,88,8
T3,2,0,36,1
T4,3,0,90,1
T5,4,0,39,1
T6,5,1,100,10
T7,6,0,200,3
T8,7,0,165,8
[419]
T1,0,1,36,8
T2,1,1,52,2
T3,2,1,200,7
T4,3,1,91,2
T5,4,1,100,2
T6,5,1,156,7
T7,6,0,104,3
T8,7,1,182,2
[420]
T1,0,0,125,9
T2,1,1,90,9
T3,2,0,25,2
T4,3,1,195,5
T5,4,0,43,2
T6,5,1,200,12
T7,6,0,195,15
T8,7,1,80,2
[421]
T1,0,0,40,1
T2,1,1,132,4
T3,2,0,99,15
T4,3,1,200,2
T5,4,1,33,3
T6,5,1,110,2
T7,6,1,156,1
T8,7,1,150,8
[422]
T1,0,1,198,2
T2,1,0,144,12
T3,2,1,57,6
T4,3,1,200,7
T5,4,0,176,7
T6,5,0,50,1
T7,6,0,52,2
T8,7,0,57,2
[423]
T1,0,1,135,2
T2,1,1,22,2
T3,2,1,154,10
T4,3,0,60,1
T5,4,0,189,13
T6,5,0,105,4
T7,6,0,200,2
T8,7,1,39,5
[424]
T1,0,0,78,10
T2,1,0,35,2
T3,2,0,200,2
T4,3,1,105,6
T5,4,1,195,5
T6,5,0,117,4
T7,6,0,195,19
T8,7,1,49,2
[425]
T1,0,0,200,7
T2,1,0,22,1
T3,2,1,26,2
T4,3,1,120,2
T5,4,0,60,2
T6,5,0,99,18
T7,6,0,180,3
T8,7,0,165,4
[426]
T1,0,1,120,1
T2,1,1,136,1
T3,2,0,165,2
T4,3,0,175,18
T5,4,1,25,2
T6,5,0,132,1
T7,6,0,52,7
T8,7,0,200,4
[427]
T1,0,1,156,2
T2,1,0,189,16
T3,2,0,70,5
T4,3,1,112,2
T5,4,1,117,1
T6,5,1,40,2
T7,6,0,200,19
T8,7,0,22,2
[428]
T1,0,0,56,1
T2,1,1,100,7
T3,2,1,49,2
T4,3,1,51,7
T5,4,0,168,6
T6,5,0,200,6
T7,6,0,184,2
T8,7,0,84,1
[429]
T1,0,0,200,7
T2,1,0,22,2
T3,2,0,78,6
T4,3,1,195,12
T5,4,1,156,9
T6,5,0,66,2
T7,6,0,53,2
T8,7,1,90,1
[430]
T1,0,0,154,12
T2,1,1,90,2
T3,2,0,200,19
T4,3,1,32,2
T5,4,1,100,6
T6,5,0,144,6
T7,6,1,198,3
T8,7,1,21,1
[431]
T1,0,0,36,1
T2,1,0,92,8
T3,2,1,200,10
T4,3,0,37,1
T5,4,1,189,2
T6,5,0,90,1
T7,6,1,161,19
T8,7,1,70,1
[432]
T1,0,0,68,2
T2,1,1,21,2
T3,2,0,200,4
T4,3,1,150,2
T5,4,0,136,13
T6,5,1,23,2
T7,6,0,170,14
T8,7,1,77,8
[433]
T1,0,0,81,7
T2,1,0,108,4
T3,2,1,30,1
T4,3,0,196,16
T5,4,1,200,7
T6,5,0,175,1
T7,6,0,28,2
T8,7,1,72,6
[434]
T1,0,0,192,15
T2,1,1,200,7
T3,2,1,34,1
T4,3,1,96,5
T5,4,1,34,2
T6,5,1,100,3
T7,6,0,144,17
T8,7,1,153,3
[435]
T1,0,1,200,3
T2,1,0,120,4
T3,2,0,68,4
T4,3,1,22,2
T5,4,0,34,2
T6,5,1,96,8
T7,6,1,150,18
T8,7,0,190,3
[436]
T1,0,0,200,9
T2,1,0,36,4
T3,2,0,56,1
T4,3,0,165,10
T5,4,1,47,1
T6,5,1,154,2
T7,6,0,100,2
T8,7,1,125,7
[437]
T1,0,0,22,2
T2,1,1,175,2
T3,2,1,200,1
T4,3,1,168,3
T5,4,1,85,12
T6,5,1,136,12
T7,6,0,88,5
T8,7,1,31,2
[438]
T1,0,0,200,1
T2,1,1,52,1
T3,2,0,136,2
T4,3,1,102,7
T5,4,0,102,2
T6,5,1,30,1
T7,6,1,152,12
T8,7,1,153,17
[439]
T1,0,0,69,1
T2,1,0,69,2
T3,2,1,200,16
T4,3,0,92,2
T5,4,1,196,22
T6,5,1,36,2
T7,6,0,24,1
T8,7,1,184,11
[440]
T1,0,1,180,17
T2,1,1,55,1
T3,2,1,120,3
T4,3,0,44,1
T5,4,0,150,17
T6,5,1,74,5
T7,6,0,38,2
T8,7,1,200,5
[441]
T1,0,1,54,3
T2,1,1,200,11
T3,2,0,183,2
T4,3,1,81,9
T5,4,0,54,4
T6,5,1,21,2
T7,6,1,30,2
T8,7,0,183,3
[442]
T1,0,1,180,12
T2,1,0,144,4
T3,2,1,52,2
T4,3,0,200,6
T5,4,0,35,1
T6,5,1,184,17
T7,6,1,115,3
T8,7,0,63,6
[443]
T1,0,0,65,5
T2,1,0,180,7
T3,2,0,168,9
T4,3,1,80,5
T5,4,1,25,2
T6,5,1,108,1
T7,6,1,200,9
T8,7,1,35,2
[444]
T1,0,1,30,2
T2,1,0,84,1
T3,2,0,21,2
T4,3,0,175,20
T5,4,1,192,1
T6,5,1,200,30
T7,6,0,77,1
T8,7,0,112,6
[445]
T1,0,0,182,19
T2,1,1,72,5
T3,2,1,72,2
T4,3,0,75,2
T5,4,0,200,17
T6,5,0,49,2
T7,6,1,24,2
T8,7,1,182,5
[446]
T1,0,1,63,5
T2,1,1,36,2
T3,2,0,57,3
T4,3,0,175,2
T5,4,1,21,2
T6,5,1,150,17
T7,6,1,80,2
T8,7,0,200,8
[447]
T1,0,0,185,2
T2,1,1,111,6
T3,2,1,120,3
T4,3,0,25,2
T5,4,0,200,4
T6,5,1,93,6
T7,6,1,186,4
T8,7,1,45,3
[448]
T1,0,0,25,2
T2,1,1,200,2
T3,2,1,77,2
T4,3,1,189,8
T5,4,0,63,8
T6,5,1,176,3
T7,6,1,105,4
T8,7,0,30,2
[449]
T1,0,0,200,4
T2,1,1,34,2
T3,2,0,168,9
T4,3,1,96,2
T5,4,0,45,6
T6,5,0,160,5
T7,6,0,85,4
T8,7,0,140,1
[450]
T1,0,0,119,5
T2,1,1,29,2
T3,2,0,187,14
T4,3,1,110,2
T5,4,0,77,5
T6,5,0,170,7
T7,6,0,35,2
T8,7,1,200,8
[451]
T1,0,0,136,16
T2,1,1,22,2
T3,2,0,36,4
T4,3,0,100,1
T5,4,0,108,9
T6,5,0,160,2
T7,6,0,150,1
T8,7,1,200,3
[452]
T1,0,0,70,2
T2,1,0,90,4
T3,2,1,174,24
T4,3,0,126,1
T5,4,1,25,2
T6,5,1,38,2
T7,6,1,180,18
T8,7,0,200,2
[453]
T1,0,1,150,23
T2,1,0,75,2
T3,2,1,168,7
T4,3,0,24,1
T5,4,1,200,5
T6,5,0,133,9
T7,6,0,64,1
T8,7,0,22,2
[454]
T1,0,0,75,1
T2,1,0,69,5
T3,2,1,28,2
T4,3,0,200,17
T5,4,1,184,3
T6,5,1,189,2
T7,6,0,72,8
T8,7,0,23,1
[455]
T1,0,0,153,9
T2,1,1,160,24
T3,2,0,200,3
T4,3,0,27,1
T5,4,0,140,4
T6,5,1,34,2
T7,6,0,136,7
T8,7,1,112,2
[456]
T1,0,0,200,12
T2,1,0,36,1
T3,2,0,72,2
T4,3,1,36,2
T5,4,1,184,20
T6,5,1,84,2
T7,6,1,180,1
T8,7,1,144,8
[457]
T1,0,1,84,6
T2,1,1,55,2
T3,2,1,200,1
T4,3,1,192,7
T5,4,0,112,2
T6,5,0,33,2
T7,6,1,32,4
T8,7,0,168,18
[458]
T1,0,1,99,7
T2,1,1,25,2
T3,2,1,150,2
T4,3,0,152,9
T5,4,1,45,2
T6,5,0,66,5
T7,6,1,120,7
T8,7,1,200,5
[459]
T1,0,1,106,1
T2,1,1,120,7
T3,2,0,200,2
T4,3,0,159,22
T5,4,0,165,10
T6,5,0,48,2
T7,6,1,26,2
T8,7,0,100,7
[460]
T1,0,1,120,8
T2,1,1,41,2
T3,2,0,100,3
T4,3,0,49,2
T5,4,1,70,6
T6,5,1,200,1
T7,6,1,168,11
T8,7,0,150,15
[461]
T1,0,1,200,10
T2,1,0,70,2
T3,2,1,102,19
T4,3,1,170,11
T5,4,1,45,2
T6,5,1,180,1
T7,6,0,85,2
T8,7,1,45,1
[462]
T1,0,1,23,2
T2,1,1,57,8
T3,2,1,20,1
T4,3,0,72,1
T5,4,1,198,1
T6,5,1,66,4
T7,6,1,171,1
T8,7,0,200,10
[463]
T1,0,0,192,2
T2,1,0,200,6
T3,2,0,32,2
T4,3,0,160,17
T5,4,1,140,14
T6,5,1,126,1
T7,6,0,36,2
T8,7,1,144,4
[464]
T1,0,1,200,22
T2,1,1,72,2
T3,2,0,88,2
T4,3,1,180,2
T5,4,1,27,3
T6,5,0,156,5
T7,6,0,20,2
T8,7,0,135,3
[465]
T1,0,1,200,2
T2,1,0,51,1
T3,2,1,88,2
T4,3,1,50,9
T5,4,1,128,8
T6,5,0,70,4
T7,6,1,154,1
T8,7,1,160,1
[466]
T1,0,1,39,4
T2,1,0,195,2
T3,2,1,35,1
T4,3,1,200,5
T5,4,1,130,6
T6,5,0,120,2
T7,6,0,190,25
T8,7,1,95,2
[467]
T1,0,1,47,3
T2,1,1,198,5
T3,2,1,66,3
T4,3,1,180,6
T5,4,1,62,2
T6,5,0,132,4
T7,6,0,25,2
T8,7,1,200,5
[468]
T1,0,0,140,3
T2,1,0,196,35
T3,2,0,120,5
T4,3,1,64,1
T5,4,1,48,4
T6,5,1,196,4
T7,6,0,51,2
T8,7,1,200,2
[469]
T1,0,0,200,6
T2,1,1,55,2
T3,2,1,25,2
T4,3,1,150,28
T5,4,0,170,2
T6,5,0,132,3
T7,6,0,50,1
T8,7,0,125,8
[470]
T1,0,0,120,7
T2,1,1,68,1
T3,2,1,51,1
T4,3,1,170,2
T5,4,0,174,6
T6,5,0,100,12
T7,6,1,200,14
T8,7,1,42,2
[471]
T1,0,0,48,2
T2,1,0,75,9
T3,2,1,72,2
T4,3,1,162,4
T5,4,1,180,8
T6,5,0,200,19
T7,6,1,28,1
T8,7,0,100,3
[472]
T1,0,0,63,6
T2,1,0,198,13
T3,2,1,132,4
T4,3,1,168,2
T5,4,1,135,2
T6,5,0,200,9
T7,6,1,22,1
T8,7,1,26,1
[473]
T1,0,0,200,8
T2,1,0,35,1
T3,2,0,91,6
T4,3,1,45,2
T5,4,0,125,16
T6,5,1,156,2
T7,6,1,120,5
T8,7,0,182,12
[474]
T1,0,1,124,3
T2,1,0,200,6
T3,2,0,170,28
T4,3,1,100,2
T5,4,1,90,4
T6,5,1,27,2
T7,6,1,155,3
T8,7,1,24,1
[475]
T1,0,1,59,10
T2,1,1,96,1
T3,2,1,50,1
T4,3,1,38,1
T5,4,1,160,3
T6,5,1,200,2
T7,6,1,177,13
T8,7,0,125,1
[476]
T1,0,1,117,4
T2,1,0,150,3
T3,2,1,102,4
T4,3,1,40,3
T5,4,1,42,2
T6,5,0,75,4
T7,6,1,200,6
T8,7,0,180,17
[477]
T1,0,1,200,3
T2,1,0,24,2
T3,2,1,140,10
T4,3,1,84,6
T5,4,1,189,17
T6,5,1,64,2
T7,6,1,150,10
T8,7,1,53,3
[478]
T1,0,0,165,2
T2,1,0,38,6
T3,2,1,65,1
T4,3,1,25,2
T5,4,0,200,2
T6,5,0,91,3
T7,6,1,132,8
T8,7,0,156,7
[479]
T1,0,1,22,2
T2,1,1,200,28
T3,2,0,150,1
T4,3,1,165,2
T5,4,1,116,20
T6,5,1,116,2
T7,6,1,33,2
T8,7,0,58,2
[480]
T1,0,1,185,33
T2,1,1,160,8
T3,2,1,30,2
T4,3,0,96,1
T5,4,0,72,2
T6,5,0,120,1
T7,6,1,23,2
T8,7,1,200,3
[481]
T1,0,1,132,10
T2,1,0,200,7
T3,2,1,150,15
T4,3,0,182,13
T5,4,1,130,2
T6,5,0,54,3
T7,6,1,50,2
T8,7,0,143,2
[482]
T1,0,1,175,11
T2,1,0,200,1
T3,2,0,45,5
T4,3,0,20,2
T5,4,0,150,6
T6,5,0,85,6
T7,6,1,119,1
T8,7,1,90,4
[483]
T1,0,1,34,2
T2,1,0,165,1
T3,2,0,72,8
T4,3,1,153,1
T5,4,0,80,7
T6,5,1,36,2
T7,6,1,120,10
T8,7,0,200,5
[484]
T1,0,0,80,2
T2,1,0,160,2
T3,2,1,200,16
T4,3,1,114,3
T5,4,0,168,31
T6,5,1,26,1
T7,6,1,95,2
T8,7,1,40,2
[485]
T1,0,1,25,1
T2,1,0,155,3
T3,2,0,190,19
T4,3,1,200,3
T5,4,1,124,10
T6,5,0,70,3
T7,6,1,62,2
T8,7,0,37,2
[486]
T1,0,0,182,17
T2,1,0,200,13
T3,2,1,44,2
T4,3,0,30,2
T5,4,0,105,1
T6,5,1,112,7
T7,6,1,117,2
T8,7,1,160,8
[487]
T1,0,1,175,14
T2,1,1,110,5
T3,2,1,30,2
T4,3,0,70,6
T5,4,1,119,3
T6,5,1,24,2
T7,6,1,150,2
T8,7,0,200,9
[488]
T1,0,0,200,4
T2,1,0,176,13
T3,2,0,192,12
T4,3,0,125,4
T5,4,1,34,1
T6,5,1,55,3
T7,6,1,33,2
T8,7,0,144,8
[489]
T1,0,0,159,19
T2,1,0,140,7
T3,2,0,100,2
T4,3,0,40,2
T5,4,0,200,18
T6,5,0,175,17
T7,6,1,100,1
T8,7,0,52,2
[490]
T1,0,1,54,3
T2,1,1,123,5
T3,2,0,164,18
T4,3,0,200,10
T5,4,0,48,2
T6,5,0,90,3
T7,6,0,180,3
T8,7,1,96,6
[491]
T1,0,0,175,6
T2,1,1,192,14
T3,2,0,144,5
T4,3,1,50,3
T5,4,0,200,3
T6,5,1,46,5
T7,6,0,80,3
T8,7,0,126,2
[492]
T1,0,0,75,4
T2,1,0,195,18
T3,2,0,175,2
T4,3,1,200,2
T5,4,0,49,2
T6,5,1,91,2
T7,6,1,39,2
T8,7,1,84,14
[493]
T1,0,1,110,2
T2,1,1,84,5
T3,2,1,187,23
T4,3,0,38,2
T5,4,0,154,2
T6,5,1,66,8
T7,6,1,34,2
T8,7,1,200,3
[494]
T1,0,1,20,2
T2,1,1,72,1
T3,2,0,96,15
T4,3,1,200,11
T5,4,1,75,2
T6,5,0,42,2
T7,6,0,175,6
T8,7,1,153,1
[495]
T1,0,1,26,1
T2,1,1,65,6
T3,2,0,200,2
T4,3,1,168,3
T5,4,0,55,7
T6,5,1,60,3
T7,6,0,20,2
T8,7,0,156,1
[496]
T1,0,0,30,2
T2,1,0,24,2
T3,2,0,168,5
T4,3,0,100,2
T5,4,0,200,41
T6,5,1,175,2
T7,6,0,55,6
T8,7,0,119,2
[497]
T1,0,0,45,2
T2,1,0,54,3
T3,2,1,132,3
T4,3,0,180,10
T5,4,0,200,8
T6,5,0,120,3
T7,6,0,180,13
T8,7,0,143,4
[498]
T1,0,1,60,10
T2,1,0,161,3
T3,2,0,75,2
T4,3,0,196,3
T5,4,1,36,2
T6,5,0,200,9
T7,6,0,92,3
T8,7,1,20,1
[499]
T1,0,1,93,2
T2,1,1,192,10
T3,2,1,150,2
T4,3,0,33,2
T5,4,0,125,11
T6,5,1,31,2
T7,6,1,120,12
T8,7,0,200,7
[500]
T1,0,1,200,10
T2,1,1,184,7
T3,2,1,29,2
T4,3,0,161,13
T5,4,1,98,8
T6,5,0,40,1
T7,6,0,75,6
T8,7,0,75,2
