num_task_per_taskset=8
num_taskset=500
//ID,Priority,Offset,Period,Execution Time
[1]
T1,0,0,63,5
T2,1,0,60,6
T3,2,1,36,2
T4,3,1,170,20
T5,4,1,52,1
T6,5,1,153,2
T7,6,1,68,2
T8,7,0,200,2
[2]
T1,0,1,40,1
T2,1,0,200,4
T3,2,0,56,4
T4,3,1,130,11
T5,4,1,170,6
T6,5,1,21,2
T7,6,0,168,2
T8,7,1,105,1
[3]
T1,0,0,48,3
T2,1,1,200,6
T3,2,1,120,1
T4,3,1,24,2
T5,4,1,180,17
T6,5,0,144,10
T7,6,1,168,1
T8,7,0,110,2
[4]
T1,0,1,45,2
T2,1,0,200,11
T3,2,1,90,7
T4,3,0,136,1
T5,4,0,96,2
T6,5,1,168,5
T7,6,0,30,2
T8,7,1,168,25
[5]
T1,0,0,84,1
T2,1,1,100,1
T3,2,0,160,2
T4,3,0,51,4
T5,4,0,200,19
T6,5,0,80,3
T7,6,1,27,3
T8,7,1,175,1
[6]
T1,0,1,192,5
T2,1,0,200,22
T3,2,0,175,9
T4,3,0,33,2
T5,4,0,70,2
T6,5,0,84,5
T7,6,0,56,4
T8,7,0,28,1
[7]
T1,0,1,177,8
T2,1,0,156,12
T3,2,0,60,2
T4,3,0,30,1
T5,4,1,100,6
T6,5,0,200,15
T7,6,1,120,3
T8,7,1,29,2
[8]
T1,0,0,28,2
T2,1,1,100,4
T3,2,0,91,2
T4,3,1,200,8
T5,4,1,80,9
T6,5,0,175,26
T7,6,0,156,1
T8,7,0,30,2
[9]
T1,0,1,130,9
T2,1,1,30,2
T3,2,0,53,2
T4,3,1,156,3
T5,4,0,189,25
T6,5,1,78,8
T7,6,1,200,5
T8,7,0,56,2
[10]
T1,0,1,180,13
T2,1,1,105,2
T3,2,0,200,18
T4,3,0,42,1
T5,4,0,144,10
T6,5,0,125,8
T7,6,1,192,5
T8,7,0,20,2
[11]
T1,0,1,136,5
T2,1,0,200,2
T3,2,0,29,2
T4,3,1,75,7
T5,4,0,22,2
T6,5,0,176,16
T7,6,0,150,4
T8,7,0,120,2
[12]
T1,0,0,76,10
T2,1,1,100,12
T3,2,1,20,2
T4,3,0,175,1
T5,4,1,185,9
T6,5,1,200,1
T7,6,1,133,1
T8,7,1,50,2
[13]
T1,0,1,98,5
T2,1,0,33,2
T3,2,0,41,1
T4,3,1,180,27
T5,4,1,140,4
T6,5,1,200,1
T7,6,1,150,10
T8,7,1,105,4
[14]
T1,0,0,180,8
T2,1,1,200,10
T3,2,0,66,2
T4,3,0,45,3
T5,4,0,33,1
T6,5,0,64,2
T7,6,0,160,23
T8,7,0,135,3
[15]
T1,0,0,168,2
T2,1,0,196,29
T3,2,1,110,3
T4,3,0,72,1
T5,4,0,200,5
T6,5,1,33,2
T7,6,1,24,2
T8,7,0,110,14
[16]
T1,0,0,198,7
T2,1,1,49,4
T3,2,1,200,2
T4,3,0,99,4
T5,4,0,195,15
T6,5,0,65,8
T7,6,1,100,1
T8,7,0,27,2
[17]
T1,0,1,36,2
T2,1,0,200,7
T3,2,1,190,13
T4,3,1,105,9
T5,4,0,120,1
T6,5,0,196,20
T7,6,1,35,1
T8,7,1,114,3
[18]
T1,0,0,21,2
T2,1,0,119,2
T3,2,0,196,3
T4,3,1,100,9
T5,4,0,68,2
T6,5,1,150,2
T7,6,0,20,1
T8,7,1,200,4
[19]
T1,0,1,60,2
T2,1,0,57,2
T3,2,1,200,2
T4,3,1,99,16
T5,4,0,198,24
T6,5,0,176,2
T7,6,0,53,1
T8,7,0,36,1
[20]
T1,0,1,76,4
T2,1,0,28,2
T3,2,0,112,2
T4,3,1,126,16
T5,4,0,44,3
T6,5,0,190,16
T7,6,0,171,1
T8,7,0,200,3
[21]
T1,0,0,180,4
T2,1,1,90,4
T3,2,1,35,2
T4,3,0,35,2
T5,4,0,99,16
T6,5,1,77,1
T7,6,0,200,12
T8,7,0,150,5
[22]
T1,0,1,128,2
T2,1,0,60,8
T3,2,1,76,6
T4,3,1,171,12
T5,4,1,26,2
T6,5,0,36,2
T7,6,0,192,2
T8,7,0,200,3
[23]
T1,0,1,64,2
T2,1,0,80,8
T3,2,0,192,21
T4,3,1,67,2
T5,4,0,150,10
T6,5,1,50,1
T7,6,0,40,2
T8,7,0,200,5
[24]
T1,0,1,180,1
T2,1,1,200,1
T3,2,1,102,2
T4,3,1,27,2
T5,4,0,180,27
T6,5,0,39,4
T7,6,0,90,7
T8,7,1,80,2
[25]
T1,0,0,195,3
T2,1,0,52,2
T3,2,0,29,2
T4,3,1,200,27
T5,4,1,105,5
T6,5,1,102,2
T7,6,0,168,4
T8,7,0,105,10
[26]
T1,0,0,60,7
T2,1,0,27,2
T3,2,1,200,14
T4,3,1,35,2
T5,4,1,168,22
T6,5,0,146,1
T7,6,1,175,1
T8,7,0,112,3
[27]
T1,0,0,29,4
T2,1,1,65,2
T3,2,0,150,2
T4,3,1,200,2
T5,4,0,69,5
T6,5,0,39,2
T7,6,1,120,1
T8,7,1,156,14
[28]
T1,0,0,125,6
T2,1,0,156,12
T3,2,0,156,16
T4,3,0,33,1
T5,4,1,72,2
T6,5,0,126,2
T7,6,1,200,6
T8,7,1,24,1
[29]
T1,0,1,135,8
T2,1,1,135,2
T3,2,1,25,1
T4,3,0,120,2
T5,4,0,195,6
T6,5,1,150,18
T7,6,1,200,14
T8,7,1,29,2
[30]
T1,0,0,48,5
T2,1,1,27,2
T3,2,1,156,13
T4,3,1,200,2
T5,4,1,135,2
T6,5,1,65,4
T7,6,1,140,15
T8,7,0,168,2
[31]
T1,0,0,171,11
T2,1,1,200,10
T3,2,1,92,5
T4,3,0,92,2
T5,4,0,20,2
T6,5,0,37,2
T7,6,1,95,11
T8,7,1,171,3
[32]
T1,0,1,75,2
T2,1,1,200,18
T3,2,0,168,10
T4,3,1,22,2
T5,4,0,108,3
T6,5,0,180,13
T7,6,0,20,2
T8,7,0,105,8
[33]
T1,0,1,75,2
T2,1,0,54,2
T3,2,1,48,2
T4,3,1,75,3
T5,4,0,136,8
T6,5,1,200,4
T7,6,0,190,24
T8,7,1,152,10
[34]
T1,0,0,45,3
T2,1,1,60,4
T3,2,1,132,2
T4,3,1,144,4
T5,4,1,165,9
T6,5,0,200,1
T7,6,0,152,20
T8,7,0,45,2
[35]
T1,0,1,24,2
T2,1,0,200,1
T3,2,0,45,7
T4,3,1,100,3
T5,4,1,184,5
T6,5,1,69,2
T7,6,0,75,9
T8,7,1,171,3
[36]
T1,0,0,189,34
T2,1,1,72,2
T3,2,1,27,1
T4,3,0,28,1
T5,4,0,200,8
T6,5,0,180,2
T7,6,0,105,1
T8,7,0,125,3
[37]
T1,0,1,160,6
T2,1,0,200,10
T3,2,0,160,12
T4,3,1,140,7
T5,4,1,77,8
T6,5,0,144,4
T7,6,0,45,2
T8,7,1,24,2
[38]
T1,0,0,200,5
T2,1,0,180,11
T3,2,1,175,15
T4,3,0,49,2
T5,4,1,110,2
T6,5,1,22,1
T7,6,0,135,2
T8,7,0,84,10
[39]
T1,0,1,35,2
T2,1,1,150,4
T3,2,0,180,8
T4,3,0,55,7
T5,4,0,29,1
T6,5,1,140,2
T7,6,0,108,2
T8,7,1,200,17
[40]
T1,0,1,135,4
T2,1,1,112,14
T3,2,1,51,2
T4,3,0,165,2
T5,4,0,200,1
T6,5,1,35,2
T7,6,0,80,6
T8,7,1,176,12
[41]
T1,0,1,31,2
T2,1,0,44,2
T3,2,1,140,4
T4,3,0,200,5
T5,4,1,56,6
T6,5,1,99,4
T7,6,0,196,1
T8,7,1,180,10
[42]
T1,0,1,126,3
T2,1,1,180,2
T3,2,0,77,4
T4,3,1,160,3
T5,4,1,200,27
T6,5,1,20,1
T7,6,1,39,1
T8,7,1,99,3
[43]
T1,0,0,51,1
T2,1,1,104,1
T3,2,0,60,1
T4,3,0,148,5
T5,4,1,45,2
T6,5,0,200,1
T7,6,0,104,17
T8,7,0,148,7
[44]
T1,0,1,153,1
T2,1,1,85,3
T3,2,0,180,2
T4,3,1,45,1
T5,4,0,200,23
T6,5,1,95,17
T7,6,1,72,2
T8,7,0,43,2
[45]
T1,0,1,126,2
T2,1,0,30,1
T3,2,0,200,6
T4,3,0,140,7
T5,4,0,152,8
T6,5,1,54,1
T7,6,1,21,1
T8,7,1,150,14
[46]
T1,0,1,140,11
T2,1,1,176,21
T3,2,1,160,1
T4,3,0,125,2
T5,4,1,70,2
T6,5,0,200,9
T7,6,0,26,1
T8,7,0,32,1
[47]
T1,0,0,114,2
T2,1,1,51,2
T3,2,0,200,7
T4,3,0,38,2
T5,4,1,64,5
T6,5,1,84,12
T7,6,0,168,5
T8,7,0,160,3
[48]
T1,0,0,40,1
T2,1,1,84,7
T3,2,1,200,5
T4,3,1,187,1
T5,4,1,150,23
T6,5,1,38,1
T7,6,1,88,3
T8,7,0,120,1
[49]
T1,0,0,200,10
T2,1,1,98,3
T3,2,0,160,13
T4,3,0,36,2
T5,4,1,72,1
T6,5,1,84,9
T7,6,1,48,1
T8,7,1,150,5
[50]
T1,0,0,51,2
T2,1,1,172,4
T3,2,0,120,1
T4,3,1,200,16
T5,4,0,129,2
T6,5,0,28,2
T7,6,0,85,9
T8,7,1,172,9
[51]
T1,0,0,180,9
T2,1,0,200,21
T3,2,1,72,2
T4,3,0,144,22
T5,4,0,48,2
T6,5,0,140,4
T7,6,0,175,2
T8,7,1,52,2
[52]
T1,0,1,75,2
T2,1,1,40,10
T3,2,0,196,2
T4,3,0,200,5
T5,4,0,100,2
T6,5,1,124,3
T7,6,0,196,2
T8,7,1,39,2
[53]
T1,0,0,30,2
T2,1,1,84,1
T3,2,0,200,3
T4,3,1,120,9
T5,4,0,168,12
T6,5,0,20,2
T7,6,0,75,2
T8,7,1,159,12
[54]
T1,0,0,68,5
T2,1,1,27,1
T3,2,0,51,2
T4,3,1,187,4
T5,4,0,170,5
T6,5,1,200,35
T7,6,1,85,2
T8,7,0,60,2
[55]
T1,0,0,198,6
T2,1,0,165,16
T3,2,1,88,1
T4,3,1,29,2
T5,4,1,20,1
T6,5,1,200,8
T7,6,1,117,7
T8,7,1,144,11
[56]
T1,0,1,40,2
T2,1,1,26,1
T3,2,0,54,9
T4,3,1,75,1
T5,4,0,189,2
T6,5,0,70,2
T7,6,1,176,2
T8,7,0,200,19
[57]
T1,0,1,150,26
T2,1,1,128,6
T3,2,0,28,1
T4,3,1,180,1
T5,4,1,54,1
T6,5,1,200,6
T7,6,1,70,2
T8,7,0,38,1
[58]
T1,0,0,175,2
T2,1,1,53,7
T3,2,0,200,9
T4,3,1,56,2
T5,4,1,136,16
T6,5,1,175,2
T7,6,1,21,2
T8,7,0,110,5
[59]
T1,0,0,180,6
T2,1,0,56,2
T3,2,0,90,8
T4,3,1,200,1
T5,4,1,45,4
T6,5,0,100,6
T7,6,1,195,2
T8,7,0,32,1
[60]
T1,0,0,171,16
T2,1,1,36,1
T3,2,1,200,4
T4,3,0,95,2
T5,4,1,72,2
T6,5,0,176,24
T7,6,1,36,1
T8,7,1,72,3
[61]
T1,0,0,195,10
T2,1,1,65,8
T3,2,1,64,2
T4,3,0,200,4
T5,4,0,26,2
T6,5,1,195,12
T7,6,0,54,1
T8,7,1,117,1
[62]
T1,0,1,70,2
T2,1,1,77,2
T3,2,0,54,3
T4,3,1,165,4
T5,4,0,200,7
T6,5,0,39,2
T7,6,1,30,2
T8,7,0,154,28
[63]
T1,0,0,120,5
T2,1,0,154,5
T3,2,0,147,2
T4,3,0,150,21
T5,4,0,48,7
T6,5,1,42,2
T7,6,1,200,3
T8,7,0,110,2
[64]
T1,0,1,143,24
T2,1,0,96,2
T3,2,0,66,2
T4,3,0,22,2
T5,4,0,30,2
T6,5,1,165,9
T7,6,1,195,1
T8,7,0,200,25
[65]
T1,0,1,150,14
T2,1,1,200,2
T3,2,0,45,2
T4,3,1,195,4
T5,4,0,22,1
T6,5,0,100,11
T7,6,0,63,1
T8,7,0,100,4
[66]
T1,0,1,182,24
T2,1,0,104,1
T3,2,0,24,2
T4,3,1,90,3
T5,4,0,182,9
T6,5,1,35,2
T7,6,1,200,11
T8,7,1,91,2
[67]
T1,0,0,168,15
T2,1,0,70,6
T3,2,1,20,2
T4,3,1,110,5
T5,4,1,27,2
T6,5,1,66,2
T7,6,1,200,14
T8,7,1,175,4
[68]
T1,0,1,132,1
T2,1,1,150,4
T3,2,0,21,2
T4,3,1,168,4
T5,4,1,200,16
T6,5,1,35,2
T7,6,1,75,4
T8,7,0,85,9
[69]
T1,0,0,120,1
T2,1,1,145,1
T3,2,0,174,2
T4,3,1,104,3
T5,4,1,36,4
T6,5,1,200,29
T7,6,1,150,5
T8,7,0,43,2
[70]
T1,0,1,143,6
T2,1,1,99,4
T3,2,1,195,8
T4,3,1,25,4
T5,4,1,156,2
T6,5,1,50,2
T7,6,0,200,4
T8,7,0,65,3
[71]
T1,0,1,165,25
T2,1,0,20,2
T3,2,1,156,1
T4,3,0,28,3
T5,4,1,104,2
T6,5,1,200,10
T7,6,0,66,2
T8,7,1,104,3
[72]
T1,0,0,40,2
T2,1,1,200,2
T3,2,0,152,2
T4,3,1,56,2
T5,4,0,154,2
T6,5,0,24,1
T7,6,0,133,26
T8,7,1,88,2
[73]
T1,0,1,21,2
T2,1,0,126,6
T3,2,0,88,5
T4,3,0,198,5
T5,4,1,200,2
T6,5,1,105,2
T7,6,1,198,10
T8,7,0,39,2
[74]
T1,0,1,31,2
T2,1,1,45,1
T3,2,0,112,3
T4,3,1,56,10
T5,4,0,140,2
T6,5,1,200,4
T7,6,0,147,2
T8,7,1,189,19
[75]
T1,0,0,47,3
T2,1,1,200,6
T3,2,0,156,5
T4,3,1,125,16
T5,4,0,182,3
T6,5,1,42,1
T7,6,1,80,3
T8,7,1,78,2
[76]
T1,0,1,180,2
T2,1,1,150,8
T3,2,1,30,2
T4,3,0,200,2
T5,4,1,74,10
T6,5,0,72,2
T7,6,1,36,2
T8,7,1,80,6
[77]
T1,0,1,25,1
T2,1,1,171,19
T3,2,1,80,8
T4,3,1,168,2
T5,4,0,95,8
T6,5,1,200,1
T7,6,0,45,2
T8,7,0,133,2
[78]
T1,0,1,63,2
T2,1,1,200,2
T3,2,0,120,5
T4,3,1,70,1
T5,4,0,48,2
T6,5,1,31,2
T7,6,1,150,35
T8,7,1,152,2
[79]
T1,0,0,110,2
T2,1,1,30,1
T3,2,1,200,11
T4,3,1,180,4
T5,4,0,175,10
T6,5,0,44,1
T7,6,1,72,4
T8,7,1,132,10
[80]
T1,0,0,110,2
T2,1,1,120,22
T3,2,1,200,5
T4,3,0,192,5
T5,4,0,150,10
T6,5,0,43,2
T7,6,0,105,4
T8,7,1,22,2
[81]
T1,0,1,182,1
T2,1,0,84,8
T3,2,1,170,12
T4,3,0,50,2
T5,4,1,120,6
T6,5,0,65,4
T7,6,1,36,3
T8,7,1,200,3
[82]
T1,0,0,175,5
T2,1,1,143,7
T3,2,0,200,18
T4,3,1,55,2
T5,4,0,38,2
T6,5,1,182,11
T7,6,1,30,2
T8,7,0,140,12
[83]
T1,0,1,30,2
T2,1,0,60,4
T3,2,1,160,17
T4,3,0,104,1
T5,4,1,156,6
T6,5,1,26,2
T7,6,0,112,4
T8,7,1,200,2
[84]
T1,0,1,153,2
T2,1,1,28,2
T3,2,0,200,23
T4,3,0,175,24
T5,4,0,24,2
T6,5,0,100,2
T7,6,0,108,2
T8,7,1,108,9
[85]
T1,0,1,70,2
T2,1,0,196,4
T3,2,1,180,5
T4,3,0,200,3
T5,4,1,40,3
T6,5,1,46,2
T7,6,1,56,6
T8,7,1,99,5
[86]
T1,0,1,154,6
T2,1,1,32,2
T3,2,0,41,3
T4,3,0,200,4
T5,4,1,55,4
T6,5,1,126,8
T7,6,0,144,10
T8,7,1,175,2
[87]
T1,0,1,152,20
T2,1,1,60,2
T3,2,0,66,2
T4,3,0,80,2
T5,4,1,40,8
T6,5,1,200,2
T7,6,0,160,1
T8,7,1,25,2
[88]
T1,0,1,190,7
T2,1,1,33,1
T3,2,1,198,5
T4,3,0,200,7
T5,4,1,30,2
T6,5,0,75,2
T7,6,0,88,18
T8,7,1,55,2
[89]
T1,0,1,32,2
T2,1,1,165,4
T3,2,1,25,2
T4,3,1,150,4
T5,4,1,80,4
T6,5,1,108,6
T7,6,1,200,2
T8,7,0,108,13
[90]
T1,0,0,200,24
T2,1,0,189,7
T3,2,1,184,3
T4,3,0,33,1
T5,4,0,84,5
T6,5,0,120,6
T7,6,0,21,2
T8,7,0,63,4
[91]
T1,0,1,72,3
T2,1,1,30,2
T3,2,0,115,6
T4,3,0,162,13
T5,4,1,138,2
T6,5,0,45,2
T7,6,0,200,33
T8,7,0,162,1
[92]
T1,0,0,160,4
T2,1,1,45,1
T3,2,1,140,4
T4,3,1,31,4
T5,4,0,200,10
T6,5,1,105,6
T7,6,1,112,2
T8,7,0,152,5
[93]
T1,0,0,200,24
T2,1,0,21,1
T3,2,1,180,28
T4,3,0,34,2
T5,4,0,190,6
T6,5,1,108,1
T7,6,0,63,2
T8,7,0,133,2
[94]
T1,0,0,76,7
T2,1,1,111,7
T3,2,0,30,2
T4,3,0,152,3
T5,4,1,95,17
T6,5,0,185,1
T7,6,1,200,2
T8,7,0,41,2
[95]
T1,0,0,29,3
T2,1,0,115,12
T3,2,1,38,2
T4,3,0,138,3
T5,4,1,200,9
T6,5,1,190,10
T7,6,1,120,3
T8,7,1,171,2
[96]
T1,0,0,30,1
T2,1,1,75,4
T3,2,1,68,4
T4,3,1,47,1
T5,4,0,55,6
T6,5,0,160,1
T7,6,0,200,5
T8,7,0,165,2
[97]
T1,0,1,156,5
T2,1,0,38,2
T3,2,1,49,1
T4,3,1,105,13
T5,4,0,200,7
T6,5,1,70,2
T7,6,1,91,1
T8,7,0,175,8
[98]
T1,0,1,200,2
T2,1,1,182,5
T3,2,0,36,1
T4,3,0,84,2
T5,4,0,156,2
T6,5,1,130,2
T7,6,0,90,9
T8,7,0,51,8
[99]
T1,0,0,187,17
T2,1,0,102,1
T3,2,1,120,6
T4,3,0,187,8
T5,4,0,88,7
T6,5,1,35,1
T7,6,1,35,1
T8,7,1,200,3
[100]
T1,0,1,22,2
T2,1,0,100,5
T3,2,0,200,2
T4,3,0,171,1
T5,4,0,152,8
T6,5,1,38,5
T7,6,0,63,6
T8,7,1,144,2
[101]
T1,0,0,180,7
T2,1,0,198,21
T3,2,0,200,2
T4,3,1,99,2
T5,4,0,43,2
T6,5,0,100,13
T7,6,1,66,3
T8,7,1,22,2
[102]
T1,0,1,169,8
T2,1,1,104,2
T3,2,0,192,7
T4,3,0,200,6
T5,4,1,26,2
T6,5,0,24,2
T7,6,0,78,6
T8,7,1,120,8
[103]
T1,0,1,88,1
T2,1,0,48,2
T3,2,0,200,6
T4,3,0,63,2
T5,4,0,154,19
T6,5,0,53,2
T7,6,0,150,7
T8,7,0,110,6
[104]
T1,0,0,104,12
T2,1,1,195,14
T3,2,0,145,2
T4,3,1,200,7
T5,4,0,33,2
T6,5,0,29,1
T7,6,1,160,1
T8,7,1,130,5
[105]
T1,0,0,165,4
T2,1,0,160,1
T3,2,0,41,4
T4,3,0,120,6
T5,4,1,200,7
T6,5,1,99,2
T7,6,1,70,10
T8,7,0,45,2
[106]
T1,0,1,140,2
T2,1,1,100,1
T3,2,1,20,2
T4,3,0,192,15
T5,4,1,200,7
T6,5,1,48,9
T7,6,0,162,2
T8,7,1,75,2
[107]
T1,0,0,165,11
T2,1,1,48,4
T3,2,1,200,4
T4,3,0,112,1
T5,4,0,120,15
T6,5,0,45,2
T7,6,0,165,8
T8,7,0,64,2
[108]
T1,0,0,105,6
T2,1,1,120,15
T3,2,0,100,2
T4,3,0,154,3
T5,4,0,152,5
T6,5,0,200,14
T7,6,1,32,1
T8,7,0,44,1
[109]
T1,0,1,46,6
T2,1,1,76,2
T3,2,0,200,5
T4,3,1,25,2
T5,4,0,171,22
T6,5,0,180,2
T7,6,1,88,1
T8,7,0,76,2
[110]
T1,0,0,24,2
T2,1,1,200,18
T3,2,0,52,2
T4,3,1,55,4
T5,4,0,180,8
T6,5,0,156,2
T7,6,0,90,10
T8,7,1,132,1
[111]
T1,0,0,92,18
T2,1,0,200,1
T3,2,0,92,7
T4,3,1,23,2
T5,4,1,171,7
T6,5,1,46,2
T7,6,0,114,2
T8,7,1,190,4
[112]
T1,0,1,144,16
T2,1,1,200,6
T3,2,0,21,2
T4,3,1,154,6
T5,4,1,132,2
T6,5,1,40,2
T7,6,0,120,6
T8,7,1,176,19
[113]
T1,0,0,168,2
T2,1,1,75,2
T3,2,1,200,11
T4,3,1,180,13
T5,4,0,51,2
T6,5,1,90,8
T7,6,1,63,1
T8,7,1,28,3
[114]
T1,0,0,28,2
T2,1,1,175,8
T3,2,0,48,6
T4,3,1,117,3
T5,4,0,80,1
T6,5,0,175,4
T7,6,1,200,5
T8,7,0,144,14
[115]
T1,0,1,105,17
T2,1,0,189,2
T3,2,1,80,2
T4,3,0,63,1
T5,4,1,28,2
T6,5,1,182,2
T7,6,0,200,12
T8,7,1,40,1
[116]
T1,0,1,56,4
T2,1,1,200,8
T3,2,1,114,8
T4,3,1,33,2
T5,4,1,154,2
T6,5,0,76,6
T7,6,0,168,3
T8,7,0,28,2
[117]
T1,0,0,135,7
T2,1,0,44,3
T3,2,1,189,7
T4,3,0,112,9
T5,4,1,150,6
T6,5,0,43,2
T7,6,0,105,3
T8,7,1,200,2
[118]
T1,0,1,200,6
T2,1,1,51,3
T3,2,1,90,4
T4,3,0,183,11
T5,4,1,63,7
T6,5,0,24,2
T7,6,1,126,4
T8,7,1,150,5
[119]
T1,0,0,182,2
T2,1,0,90,1
T3,2,0,75,4
T4,3,1,200,10
T5,4,1,195,1
T6,5,1,40,1
T7,6,1,96,2
T8,7,1,47,9
[120]
T1,0,1,111,2
T2,1,0,176,7
T3,2,1,24,2
T4,3,0,74,2
T5,4,1,200,5
T6,5,0,185,18
T7,6,1,132,11
T8,7,1,49,1
[121]
T1,0,0,25,1
T2,1,0,28,2
T3,2,1,100,5
T4,3,1,112,2
T5,4,1,200,7
T6,5,0,60,1
T7,6,0,180,34
T8,7,0,156,1
[122]
T1,0,1,192,28
T2,1,0,169,18
T3,2,0,200,6
T4,3,0,30,2
T5,4,0,100,2
T6,5,0,45,2
T7,6,1,65,2
T8,7,0,75,3
[123]
T1,0,0,200,1
T2,1,1,80,2
T3,2,0,37,7
T4,3,1,156,4
T5,4,0,160,2
T6,5,0,54,3
T7,6,1,104,2
T8,7,1,36,3
[124]
T1,0,0,126,5
T2,1,1,36,5
T3,2,0,65,4
T4,3,1,29,2
T5,4,0,200,13
T6,5,1,156,7
T7,6,0,78,1
T8,7,1,156,2
[125]
T1,0,0,95,16
T2,1,1,200,2
T3,2,1,32,2
T4,3,0,160,8
T5,4,1,76,3
T6,5,0,75,1
T7,6,1,176,3
T8,7,1,25,2
[126]
T1,0,0,200,24
T2,1,0,192,2
T3,2,0,180,7
T4,3,1,55,1
T5,4,0,44,1
T6,5,1,55,2
T7,6,0,64,1
T8,7,0,31,4
[127]
T1,0,1,180,3
T2,1,0,36,2
T3,2,0,120,1
T4,3,1,150,16
T5,4,0,140,6
T6,5,0,43,5
T7,6,1,96,2
T8,7,1,200,12
[128]
T1,0,0,200,20
T2,1,1,75,3
T3,2,0,96,2
T4,3,0,196,15
T5,4,0,50,1
T6,5,1,180,6
T7,6,0,25,2
T8,7,0,112,9
[129]
T1,0,1,140,1
T2,1,1,176,2
T3,2,1,90,2
T4,3,1,88,15
T5,4,1,154,5
T6,5,0,50,2
T7,6,1,200,10
T8,7,0,39,1
[130]
T1,0,0,183,15
T2,1,1,48,1
T3,2,1,23,2
T4,3,0,200,21
T5,4,0,75,1
T6,5,1,112,7
T7,6,0,183,3
T8,7,0,112,6
[131]
T1,0,0,39,3
T2,1,0,42,1
T3,2,0,190,10
T4,3,0,200,8
T5,4,0,100,5
T6,5,0,60,1
T7,6,1,57,3
T8,7,0,154,10
[132]
T1,0,1,195,36
T2,1,1,135,3
T3,2,0,45,1
T4,3,1,39,2
T5,4,0,200,2
T6,5,0,80,2
T7,6,0,180,1
T8,7,1,125,16
[133]
T1,0,1,176,2
T2,1,1,20,2
T3,2,0,66,1
T4,3,1,121,7
T5,4,0,160,14
T6,5,0,90,2
T7,6,1,200,2
T8,7,1,50,7
[134]
T1,0,0,180,17
T2,1,0,172,1
T3,2,1,120,1
T4,3,0,36,4
T5,4,1,200,2
T6,5,1,126,10
T7,6,1,126,3
T8,7,1,35,2
[135]
T1,0,0,176,14
T2,1,1,140,12
T3,2,0,200,9
T4,3,0,189,16
T5,4,0,70,2
T6,5,1,38,2
T7,6,0,42,1
T8,7,1,60,2
[136]
T1,0,0,200,2
T2,1,1,126,10
T3,2,1,175,5
T4,3,1,56,5
T5,4,1,180,2
T6,5,0,38,3
T7,6,1,30,2
T8,7,0,118,2
[137]
T1,0,1,135,3
T2,1,0,154,7
T3,2,0,120,1
T4,3,1,198,10
T5,4,0,55,2
T6,5,1,42,2
T7,6,1,50,6
T8,7,1,200,13
[138]
T1,0,1,75,3
T2,1,0,168,1
T3,2,1,41,1
T4,3,1,26,1
T5,4,1,56,3
T6,5,0,200,14
T7,6,0,175,13
T8,7,0,64,3
[139]
T1,0,0,96,2
T2,1,0,36,6
T3,2,0,115,3
T4,3,1,192,5
T5,4,0,108,7
T6,5,1,200,2
T7,6,0,46,3
T8,7,1,150,4
[140]
T1,0,1,200,10
T2,1,0,110,2
T3,2,0,170,12
T4,3,1,50,2
T5,4,1,55,4
T6,5,1,80,1
T7,6,1,150,9
T8,7,0,45,3
[141]
T1,0,1,102,2
T2,1,0,24,4
T3,2,0,200,14
T4,3,1,152,5
T5,4,0,114,1
T6,5,1,37,2
T7,6,0,152,10
T8,7,0,80,2
[142]
T1,0,1,48,4
T2,1,0,72,2
T3,2,0,136,4
T4,3,0,120,7
T5,4,0,152,5
T6,5,0,50,5
T7,6,1,200,3
T8,7,1,150,7
[143]
T1,0,1,99,2
T2,1,0,51,3
T3,2,1,196,2
T4,3,1,63,2
T5,4,1,72,2
T6,5,1,40,5
T7,6,0,200,3
T8,7,1,196,16
[144]
T1,0,0,198,7
T2,1,0,200,31
T3,2,0,47,3
T4,3,1,49,2
T5,4,0,66,2
T6,5,1,132,3
T7,6,1,196,2
T8,7,0,77,2
[145]
T1,0,1,100,2
T2,1,0,150,3
T3,2,1,150,15
T4,3,0,200,23
T5,4,0,39,2
T6,5,1,68,1
T7,6,0,125,8
T8,7,1,24,2
[146]
T1,0,0,63,2
T2,1,1,200,41
T3,2,1,105,1
T4,3,0,175,4
T5,4,0,92,3
T6,5,1,161,9
T7,6,0,48,2
T8,7,1,44,2
[147]
T1,0,0,130,3
T2,1,0,51,7
T3,2,1,150,1
T4,3,0,48,2
T5,4,1,140,5
T6,5,1,104,2
T7,6,1,156,4
T8,7,0,200,23
[148]
T1,0,1,105,3
T2,1,1,176,3
T3,2,1,44,10
T4,3,1,189,5
T5,4,1,100,3
T6,5,1,100,1
T7,6,0,38,2
T8,7,1,200,1
[149]
T1,0,0,160,5
T2,1,0,38,1
T3,2,0,200,18
T4,3,1,145,1
T5,4,1,150,6
T6,5,0,52,2
T7,6,0,75,2
T8,7,0,96,12
[150]
T1,0,1,200,1
T2,1,1,33,1
T3,2,0,128,10
T4,3,1,76,8
T5,4,0,50,2
T6,5,0,175,2
T7,6,1,56,2
T8,7,1,160,13
[151]
T1,0,1,133,2
T2,1,1,25,2
T3,2,1,150,21
T4,3,1,200,26
T5,4,0,105,2
T6,5,0,38,1
T7,6,1,160,2
T8,7,1,112,2
[152]
T1,0,0,34,2
T2,1,0,160,37
T3,2,0,33,2
T4,3,1,72,2
T5,4,0,77,2
T6,5,1,168,10
T7,6,1,72,1
T8,7,0,200,1
[153]
T1,0,0,80,2
T2,1,0,161,2
T3,2,1,40,2
T4,3,1,100,3
T5,4,0,39,3
T6,5,0,200,2
T7,6,1,175,12
T8,7,0,120,10
[154]
T1,0,1,33,2
T2,1,0,198,4
T3,2,1,90,3
T4,3,1,170,4
T5,4,1,80,5
T6,5,1,68,1
T7,6,0,30,4
T8,7,0,200,1
[155]
T1,0,0,33,1
T2,1,0,20,2
T3,2,0,66,5
T4,3,1,165,20
T5,4,1,55,3
T6,5,0,76,2
T7,6,1,165,2
T8,7,0,200,11
[156]
T1,0,1,190,1
T2,1,1,66,5
T3,2,0,190,15
T4,3,1,96,9
T5,4,1,132,10
T6,5,1,200,2
T7,6,1,30,2
T8,7,0,47,2
[157]
T1,0,1,41,3
T2,1,1,104,9
T3,2,1,24,2
T4,3,1,200,11
T5,4,0,104,2
T6,5,0,175,5
T7,6,0,175,15
T8,7,0,132,1
[158]
T1,0,1,47,1
T2,1,0,189,25
T3,2,0,100,2
T4,3,0,100,2
T5,4,0,81,1
T6,5,0,175,18
T7,6,0,200,7
T8,7,0,42,2
[159]
T1,0,1,160,3
T2,1,0,200,7
T3,2,1,195,6
T4,3,1,140,2
T5,4,0,26,1
T6,5,0,47,10
T7,6,1,80,1
T8,7,1,80,1
[160]
T1,0,1,147,14
T2,1,1,140,2
T3,2,1,154,7
T4,3,1,196,31
T5,4,1,38,2
T6,5,1,63,2
T7,6,1,200,10
T8,7,1,28,2
[161]
T1,0,0,198,11
T2,1,0,31,1
T3,2,0,200,15
T4,3,0,84,4
T5,4,1,56,1
T6,5,0,99,2
T7,6,0,175,6
T8,7,1,33,2
[162]
T1,0,1,196,4
T2,1,0,132,10
T3,2,1,30,2
T4,3,0,80,10
T5,4,1,29,1
T6,5,0,154,1
T7,6,1,77,5
T8,7,1,200,3
[163]
T1,0,0,36,2
T2,1,1,182,6
T3,2,0,75,4
T4,3,1,120,3
T5,4,0,49,6
T6,5,1,200,2
T7,6,0,196,11
T8,7,0,98,8
[164]
T1,0,1,143,12
T2,1,1,39,2
T3,2,0,90,1
T4,3,0,65,1
T5,4,0,38,3
T6,5,0,156,23
T7,6,0,195,2
T8,7,1,200,5
[165]
T1,0,0,168,10
T2,1,0,150,2
T3,2,1,200,2
T4,3,1,135,4
T5,4,0,84,6
T6,5,0,52,8
T7,6,1,28,2
T8,7,0,120,1
[166]
T1,0,0,196,14
T2,1,1,150,4
T3,2,1,104,2
T4,3,1,42,6
T5,4,1,38,1
T6,5,0,84,3
T7,6,0,98,1
T8,7,0,200,6
[167]
T1,0,0,26,2
T2,1,1,70,7
T3,2,1,72,2
T4,3,1,153,10
T5,4,1,200,9
T6,5,1,20,2
T7,6,1,168,12
T8,7,0,102,4
[168]
T1,0,0,152,13
T2,1,0,80,1
T3,2,0,100,7
T4,3,0,180,6
T5,4,1,44,2
T6,5,0,200,2
T7,6,1,99,8
T8,7,0,25,2
[169]
T1,0,0,54,2
T2,1,1,22,2
T3,2,1,100,4
T4,3,0,111,1
T5,4,1,111,5
T6,5,1,160,26
T7,6,0,148,1
T8,7,1,200,16
[170]
T1,0,0,85,1
T2,1,0,200,1
T3,2,0,100,12
T4,3,1,182,25
T5,4,1,65,1
T6,5,0,175,7
T7,6,1,20,2
T8,7,0,20,2
[171]
T1,0,0,150,3
T2,1,1,200,14
T3,2,0,112,6
T4,3,0,49,2
T5,4,1,126,2
T6,5,0,30,4
T7,6,0,58,2
T8,7,1,150,2
[172]
T1,0,0,121,3
T2,1,0,104,2
T3,2,0,200,25
T4,3,1,40,2
T5,4,0,51,2
T6,5,1,60,1
T7,6,0,165,1
T8,7,0,195,25
[173]
T1,0,1,125,3
T2,1,1,160,11
T3,2,0,200,2
T4,3,0,32,3
T5,4,1,192,5
T6,5,0,39,2
T7,6,0,108,9
T8,7,0,72,5
[174]
T1,0,1,39,2
T2,1,0,80,6
T3,2,1,21,2
T4,3,0,136,3
T5,4,0,170,24
T6,5,0,200,8
T7,6,0,68,5
T8,7,0,175,4
[175]
T1,0,0,54,5
T2,1,0,39,2
T3,2,1,96,4
T4,3,1,74,10
T5,4,0,180,1
T6,5,1,180,4
T7,6,1,25,2
T8,7,1,200,4
[176]
T1,0,1,148,2
T2,1,1,74,1
T3,2,0,200,20
T4,3,0,40,1
T5,4,0,148,17
T6,5,0,62,1
T7,6,0,74,4
T8,7,0,42,2
[177]
T1,0,1,120,2
T2,1,1,200,13
T3,2,0,126,15
T4,3,1,48,2
T5,4,1,196,9
T6,5,1,147,12
T7,6,0,192,5
T8,7,0,21,2
[178]
T1,0,0,192,2
T2,1,1,100,1
T3,2,0,200,5
T4,3,1,90,1
T5,4,0,48,9
T6,5,0,36,2
T7,6,0,80,4
T8,7,1,159,1
[179]
T1,0,1,95,8
T2,1,0,200,19
T3,2,0,38,2
T4,3,0,27,2
T5,4,0,95,1
T6,5,1,56,1
T7,6,1,171,4
T8,7,0,190,1
[180]
T1,0,1,22,1
T2,1,0,98,1
T3,2,0,180,1
T4,3,1,98,2
T5,4,1,126,2
T6,5,0,150,18
T7,6,0,200,21
T8,7,1,40,3
[181]
T1,0,1,168,3
T2,1,0,36,2
T3,2,0,150,23
T4,3,1,96,5
T5,4,1,42,2
T6,5,0,200,22
T7,6,0,132,3
T8,7,0,56,2
[182]
T1,0,1,200,8
T2,1,1,175,3
T3,2,0,42,4
T4,3,1,135,12
T5,4,0,115,1
T6,5,1,90,2
T7,6,0,189,14
T8,7,0,26,2
[183]
T1,0,1,156,4
T2,1,0,200,23
T3,2,1,80,2
T4,3,1,21,1
T5,4,0,192,7
T6,5,0,105,12
T7,6,1,60,1
T8,7,0,45,2
[184]
T1,0,0,75,1
T2,1,1,45,2
T3,2,0,30,2
T4,3,0,144,2
T5,4,0,150,3
T6,5,0,185,7
T7,6,0,72,3
T8,7,1,200,21
[185]
T1,0,1,130,25
T2,1,1,156,9
T3,2,1,78,4
T4,3,1,25,2
T5,4,0,54,2
T6,5,1,200,6
T7,6,1,55,2
T8,7,0,176,6
[186]
T1,0,1,56,1
T2,1,1,200,14
T3,2,1,84,4
T4,3,1,27,2
T5,4,1,72,1
T6,5,0,42,5
T7,6,1,183,13
T8,7,1,175,2
[187]
T1,0,1,90,7
T2,1,0,200,7
T3,2,1,75,3
T4,3,1,168,18
T5,4,0,180,11
T6,5,0,119,2
T7,6,0,48,2
T8,7,1,25,2
[188]
T1,0,1,200,4
T2,1,0,110,1
T3,2,1,66,2
T4,3,1,30,4
T5,4,0,196,15
T6,5,1,40,1
T7,6,0,140,5
T8,7,1,168,10
[189]
T1,0,1,60,2
T2,1,1,28,2
T3,2,0,85,2
T4,3,1,200,5
T5,4,0,36,2
T6,5,0,108,2
T7,6,1,189,2
T8,7,0,170,44
[190]
T1,0,1,42,3
T2,1,0,55,3
T3,2,1,180,14
T4,3,0,160,12
T5,4,0,35,2
T6,5,1,200,3
T7,6,0,110,2
T8,7,1,80,1
[191]
T1,0,1,200,23
T2,1,1,28,2
T3,2,0,51,1
T4,3,1,165,6
T5,4,1,68,9
T6,5,1,120,1
T7,6,0,170,1
T8,7,0,80,1
[192]
T1,0,1,75,1
T2,1,1,192,14
T3,2,0,52,2
T4,3,1,100,2
T5,4,0,25,2
T6,5,1,180,12
T7,6,0,200,9
T8,7,0,144,3
[193]
T1,0,0,25,6
T2,1,0,83,2
T3,2,0,150,7
T4,3,0,80,1
T5,4,0,160,1
T6,5,1,200,3
T7,6,0,50,2
T8,7,1,128,1
[194]
T1,0,1,150,4
T2,1,0,42,2
T3,2,1,98,9
T4,3,1,75,3
T5,4,1,180,12
T6,5,1,200,14
T7,6,1,80,1
T8,7,0,41,2
[195]
T1,0,1,189,4
T2,1,0,55,2
T3,2,0,108,8
T4,3,0,21,1
T5,4,1,200,18
T6,5,1,77,3
T7,6,1,154,7
T8,7,1,41,2
[196]
T1,0,0,200,27
T2,1,0,189,12
T3,2,0,132,5
T4,3,1,20,1
T5,4,0,42,2
T6,5,1,189,2
T7,6,1,55,1
T8,7,1,135,5
[197]
T1,0,1,195,31
T2,1,0,30,2
T3,2,1,91,2
T4,3,1,60,2
T5,4,1,200,16
T6,5,1,22,1
T7,6,0,165,5
T8,7,1,84,2
[198]
T1,0,1,108,2
T2,1,0,70,1
T3,2,0,196,1
T4,3,1,70,6
T5,4,1,30,6
T6,5,1,200,1
T7,6,1,168,2
T8,7,0,36,2
[199]
T1,0,0,96,5
T2,1,1,150,13
T3,2,0,160,4
T4,3,1,37,2
T5,4,0,200,2
T6,5,1,115,10
T7,6,0,35,2
T8,7,1,70,4
[200]
T1,0,0,105,2
T2,1,1,63,9
T3,2,0,200,3
T4,3,0,70,2
T5,4,0,175,11
T6,5,1,30,2
T7,6,0,35,1
T8,7,1,192,2
[201]
T1,0,1,144,2
T2,1,1,25,3
T3,2,1,186,6
T4,3,1,200,2
T5,4,1,84,3
T6,5,1,144,15
T7,6,1,186,5
T8,7,1,25,2
[202]
T1,0,1,86,7
T2,1,0,200,4
T3,2,1,186,1
T4,3,0,43,2
T5,4,0,34,2
T6,5,1,120,2
T7,6,0,124,7
T8,7,0,186,17
[203]
T1,0,1,120,6
T2,1,1,24,2
T3,2,0,91,2
T4,3,0,44,2
T5,4,1,147,5
T6,5,1,175,2
T7,6,1,200,29
T8,7,0,147,5
[204]
T1,0,0,172,3
T2,1,1,43,2
T3,2,0,136,2
T4,3,1,170,23
T5,4,0,68,7
T6,5,1,75,2
T7,6,0,46,1
T8,7,1,200,4
[205]
T1,0,1,160,3
T2,1,1,120,24
T3,2,0,52,1
T4,3,1,200,13
T5,4,0,56,2
T6,5,1,128,2
T7,6,1,156,2
T8,7,0,35,2
[206]
T1,0,0,50,1
T2,1,1,156,21
T3,2,0,26,1
T4,3,0,140,2
T5,4,0,156,8
T6,5,0,75,2
T7,6,1,200,6
T8,7,1,104,3
[207]
T1,0,0,182,21
T2,1,1,56,1
T3,2,0,91,1
T4,3,0,200,3
T5,4,1,54,5
T6,5,0,30,2
T7,6,1,132,2
T8,7,0,154,10
[208]
T1,0,0,100,2
T2,1,0,21,1
T3,2,0,72,7
T4,3,1,200,12
T5,4,0,155,9
T6,5,1,155,3
T7,6,0,88,2
T8,7,0,33,2
[209]
T1,0,0,100,2
T2,1,1,20,2
T3,2,0,152,2
T4,3,0,182,36
T5,4,1,33,2
T6,5,1,140,2
T7,6,0,200,19
T8,7,1,100,2
[210]
T1,0,1,154,9
T2,1,0,63,3
T3,2,0,52,2
T4,3,0,144,1
T5,4,0,200,8
T6,5,0,140,4
T7,6,1,175,24
T8,7,1,42,2
[211]
T1,0,0,33,1
T2,1,0,200,17
T3,2,0,198,5
T4,3,1,47,2
T5,4,0,132,9
T6,5,1,88,2
T7,6,0,63,2
T8,7,0,168,11
[212]
T1,0,1,55,1
T2,1,0,44,2
T3,2,1,108,2
T4,3,1,198,35
T5,4,0,117,7
T6,5,1,150,2
T7,6,0,32,1
T8,7,1,200,4
[213]
T1,0,0,50,2
T2,1,1,100,6
T3,2,0,34,2
T4,3,0,168,18
T5,4,1,154,10
T6,5,0,119,3
T7,6,1,100,2
T8,7,0,200,19
[214]
T1,0,1,84,1
T2,1,0,192,22
T3,2,1,25,1
T4,3,0,192,17
T5,4,1,81,2
T6,5,1,22,2
T7,6,0,200,2
T8,7,1,70,4
[215]
T1,0,1,128,2
T2,1,1,144,14
T3,2,1,175,12
T4,3,0,64,5
T5,4,1,46,2
T6,5,0,175,7
T7,6,1,200,4
T8,7,1,48,1
[216]
T1,0,0,189,5
T2,1,1,200,9
T3,2,0,80,2
T4,3,1,27,2
T5,4,1,21,1
T6,5,0,192,35
T7,6,0,90,1
T8,7,0,100,3
[217]
T1,0,1,200,9
T2,1,0,153,2
T3,2,0,195,14
T4,3,1,72,3
T5,4,0,26,2
T6,5,0,68,2
T7,6,0,100,6
T8,7,1,25,1
[218]
T1,0,1,120,8
T2,1,1,150,1
T3,2,0,93,1
T4,3,0,200,2
T5,4,1,24,4
T6,5,1,35,1
T7,6,0,126,6
T8,7,1,155,2
[219]
T1,0,1,36,2
T2,1,0,198,4
T3,2,0,48,5
T4,3,0,88,2
T5,4,1,88,12
T6,5,0,198,6
T7,6,1,200,6
T8,7,1,105,3
[220]
T1,0,0,200,3
T2,1,1,175,4
T3,2,0,150,5
T4,3,1,54,1
T5,4,0,46,3
T6,5,1,91,5
T7,6,1,84,11
T8,7,1,21,2
[221]
T1,0,0,95,2
T2,1,0,171,7
T3,2,1,168,24
T4,3,1,200,8
T5,4,1,112,14
T6,5,0,76,2
T7,6,1,40,2
T8,7,0,20,2
[222]
T1,0,1,63,7
T2,1,1,120,3
T3,2,1,200,15
T4,3,1,49,2
T5,4,1,48,4
T6,5,1,100,5
T7,6,0,196,3
T8,7,0,198,1
[223]
T1,0,0,165,7
T2,1,1,74,2
T3,2,0,200,11
T4,3,0,111,15
T5,4,1,44,2
T6,5,0,32,2
T7,6,1,148,3
T8,7,0,120,12
[224]
T1,0,0,198,18
T2,1,1,42,1
T3,2,0,140,2
T4,3,0,96,5
T5,4,1,36,2
T6,5,0,200,5
T7,6,1,112,10
T8,7,0,175,8
[225]
T1,0,1,200,6
T2,1,0,69,3
T3,2,0,120,9
T4,3,1,55,3
T5,4,1,165,18
T6,5,1,176,10
T7,6,1,38,2
T8,7,0,40,2
[226]
T1,0,0,180,30
T2,1,0,78,3
T3,2,0,25,2
T4,3,0,41,1
T5,4,0,195,5
T6,5,1,144,2
T7,6,0,200,8
T8,7,0,108,4
[227]
T1,0,0,110,2
T2,1,0,32,2
T3,2,1,66,1
T4,3,0,29,1
T5,4,1,200,8
T6,5,1,80,2
T7,6,0,160,38
T8,7,1,160,1
[228]
T1,0,0,47,4
T2,1,0,105,3
T3,2,1,160,7
T4,3,0,25,1
T5,4,1,200,15
T6,5,0,94,2
T7,6,0,160,1
T8,7,1,100,6
[229]
T1,0,0,75,2
T2,1,0,140,2
T3,2,1,110,8
T4,3,0,198,4
T5,4,0,49,2
T6,5,0,45,9
T7,6,1,200,5
T8,7,0,165,3
[230]
T1,0,0,132,2
T2,1,1,110,8
T3,2,1,168,10
T4,3,0,25,1
T5,4,0,156,7
T6,5,0,56,3
T7,6,1,26,2
T8,7,1,200,10
[231]
T1,0,1,192,24
T2,1,1,200,2
T3,2,1,60,4
T4,3,1,143,11
T5,4,1,80,2
T6,5,1,176,6
T7,6,0,52,3
T8,7,0,54,2
[232]
T1,0,1,176,39
T2,1,0,88,3
T3,2,0,44,2
T4,3,0,200,3
T5,4,0,192,1
T6,5,0,105,5
T7,6,1,80,2
T8,7,1,37,1
[233]
T1,0,1,200,16
T2,1,0,27,2
T3,2,0,144,2
T4,3,1,80,2
T5,4,0,154,16
T6,5,1,56,7
T7,6,1,176,2
T8,7,1,37,2
[234]
T1,0,1,80,3
T2,1,0,150,14
T3,2,1,105,3
T4,3,1,200,2
T5,4,1,160,9
T6,5,1,42,2
T7,6,1,51,5
T8,7,1,63,1
[235]
T1,0,1,200,2
T2,1,0,112,2
T3,2,0,140,11
T4,3,0,25,2
T5,4,0,84,12
T6,5,0,168,13
T7,6,1,21,2
T8,7,0,192,4
[236]
T1,0,1,150,2
T2,1,1,85,3
T3,2,0,24,2
T4,3,1,200,11
T5,4,1,198,14
T6,5,0,100,5
T7,6,0,136,12
T8,7,1,40,2
[237]
T1,0,0,37,1
T2,1,0,60,2
T3,2,0,200,25
T4,3,0,165,2
T5,4,0,84,3
T6,5,0,196,5
T7,6,0,56,7
T8,7,0,48,1
[238]
T1,0,1,104,4
T2,1,0,160,3
T3,2,0,195,34
T4,3,0,140,13
T5,4,1,20,2
T6,5,0,91,3
T7,6,1,200,2
T8,7,0,37,2
[239]
T1,0,1,38,4
T2,1,0,143,4
T3,2,1,200,6
T4,3,1,150,10
T5,4,1,78,2
T6,5,0,40,1
T7,6,0,96,3
T8,7,1,192,12
[240]
T1,0,1,110,6
T2,1,0,187,1
T3,2,1,99,9
T4,3,1,20,1
T5,4,1,198,2
T6,5,1,200,2
T7,6,0,88,6
T8,7,1,43,3
[241]
T1,0,0,54,1
T2,1,0,130,16
T3,2,1,180,13
T4,3,1,55,2
T5,4,1,45,2
T6,5,0,156,5
T7,6,1,200,23
T8,7,1,30,2
[242]
T1,0,1,44,2
T2,1,0,35,2
T3,2,0,143,5
T4,3,1,195,32
T5,4,1,78,1
T6,5,1,156,6
T7,6,0,70,2
T8,7,1,200,6
[243]
T1,0,0,200,15
T2,1,1,52,1
T3,2,1,184,2
T4,3,0,92,1
T5,4,0,64,2
T6,5,1,184,20
T7,6,0,100,13
T8,7,0,46,2
[244]
T1,0,0,49,6
T2,1,0,168,6
T3,2,1,100,1
T4,3,1,200,21
T5,4,0,84,6
T6,5,1,40,2
T7,6,1,119,1
T8,7,1,187,2
[245]
T1,0,0,168,4
T2,1,0,198,7
T3,2,1,66,2
T4,3,0,22,2
T5,4,0,108,2
T6,5,0,34,1
T7,6,1,200,5
T8,7,0,112,10
[246]
T1,0,0,52,2
T2,1,0,29,2
T3,2,1,105,3
T4,3,1,132,11
T5,4,1,56,4
T6,5,0,168,4
T7,6,0,195,1
T8,7,0,200,31
[247]
T1,0,1,115,2
T2,1,1,40,2
T3,2,0,200,33
T4,3,1,165,1
T5,4,1,44,2
T6,5,0,176,2
T7,6,0,144,10
T8,7,1,88,5
[248]
T1,0,1,200,12
T2,1,0,189,13
T3,2,1,36,1
T4,3,1,168,6
T5,4,1,72,1
T6,5,1,120,4
T7,6,1,33,1
T8,7,0,102,8
[249]
T1,0,1,38,2
T2,1,1,200,21
T3,2,0,198,6
T4,3,0,100,2
T5,4,0,35,4
T6,5,1,98,7
T7,6,0,198,1
T8,7,1,126,1
[250]
T1,0,0,29,4
T2,1,0,58,1
T3,2,1,200,2
T4,3,1,175,13
T5,4,0,72,2
T6,5,0,180,1
T7,6,0,32,1
T8,7,0,90,5
[251]
T1,0,0,100,3
T2,1,0,200,4
T3,2,0,27,2
T4,3,1,150,1
T5,4,1,105,8
T6,5,0,55,7
T7,6,1,23,2
T8,7,1,198,11
[252]
T1,0,1,25,1
T2,1,1,130,15
T3,2,1,29,2
T4,3,1,95,6
T5,4,0,76,2
T6,5,1,152,4
T7,6,1,195,2
T8,7,0,200,1
[253]
T1,0,0,192,21
T2,1,1,150,5
T3,2,1,123,2
T4,3,0,75,1
T5,4,1,128,7
T6,5,0,48,4
T7,6,0,200,11
T8,7,0,37,2
[254]
T1,0,1,200,8
T2,1,0,120,8
T3,2,0,22,1
T4,3,1,198,20
T5,4,0,105,2
T6,5,1,176,9
T7,6,0,20,2
T8,7,0,100,7
[255]
T1,0,1,27,2
T2,1,1,168,6
T3,2,0,98,1
T4,3,1,112,2
T5,4,0,196,34
T6,5,0,200,8
T7,6,1,100,2
T8,7,1,35,3
[256]
T1,0,0,39,2
T2,1,0,200,17
T3,2,0,96,2
T4,3,0,156,6
T5,4,1,182,11
T6,5,1,22,1
T7,6,0,56,3
T8,7,0,112,8
[257]
T1,0,0,48,2
T2,1,0,80,8
T3,2,0,108,7
T4,3,0,186,21
T5,4,1,30,2
T6,5,1,200,3
T7,6,1,96,4
T8,7,0,155,1
[258]
T1,0,1,51,2
T2,1,0,150,3
T3,2,1,110,2
T4,3,0,105,12
T5,4,0,200,13
T6,5,0,125,2
T7,6,1,175,12
T8,7,1,20,1
[259]
T1,0,1,82,14
T2,1,1,164,1
T3,2,0,200,8
T4,3,0,82,3
T5,4,0,75,1
T6,5,0,164,5
T7,6,0,36,2
T8,7,0,34,2
[260]
T1,0,0,154,19
T2,1,0,200,2
T3,2,1,84,2
T4,3,1,21,1
T5,4,1,152,1
T6,5,0,133,2
T7,6,0,33,4
T8,7,0,77,3
[261]
T1,0,0,140,8
T2,1,1,182,9
T3,2,0,50,2
T4,3,0,49,2
T5,4,1,75,3
T6,5,0,85,1
T7,6,0,168,17
T8,7,0,200,14
[262]
T1,0,0,152,2
T2,1,0,184,26
T3,2,0,75,4
T4,3,0,75,2
T5,4,1,120,2
T6,5,0,21,1
T7,6,0,20,1
T8,7,1,200,7
[263]
T1,0,0,200,17
T2,1,1,20,2
T3,2,1,60,2
T4,3,1,184,12
T5,4,1,186,7
T6,5,0,49,2
T7,6,0,60,2
T8,7,1,75,10
[264]
T1,0,0,77,2
T2,1,0,161,9
T3,2,0,140,14
T4,3,1,70,4
T5,4,0,176,4
T6,5,0,44,2
T7,6,1,39,2
T8,7,1,200,5
[265]
T1,0,0,200,2
T2,1,0,150,5
T3,2,1,56,2
T4,3,1,32,3
T5,4,0,35,2
T6,5,0,182,38
T7,6,0,80,1
T8,7,0,98,2
[266]
T1,0,0,27,2
T2,1,0,200,19
T3,2,0,84,4
T4,3,1,175,6
T5,4,0,132,1
T6,5,1,56,2
T7,6,0,22,1
T8,7,0,195,10
[267]
T1,0,1,200,21
T2,1,0,50,2
T3,2,0,150,8
T4,3,0,70,1
T5,4,0,75,7
T6,5,0,22,2
T7,6,1,135,2
T8,7,1,171,13
[268]
T1,0,0,198,9
T2,1,0,160,9
T3,2,1,200,20
T4,3,0,50,1
T5,4,0,48,2
T6,5,0,54,2
T7,6,1,108,7
T8,7,1,120,2
[269]
T1,0,0,36,2
T2,1,0,170,4
T3,2,0,176,5
T4,3,1,99,15
T5,4,1,34,2
T6,5,0,200,16
T7,6,1,60,2
T8,7,1,88,2
[270]
T1,0,0,24,1
T2,1,0,200,2
T3,2,0,25,2
T4,3,1,66,1
T5,4,0,135,14
T6,5,0,160,4
T7,6,1,160,2
T8,7,0,99,4
[271]
T1,0,1,128,2
T2,1,1,100,4
T3,2,0,44,1
T4,3,1,180,2
T5,4,1,176,3
T6,5,1,200,9
T7,6,0,55,8
T8,7,0,50,4
[272]
T1,0,0,27,3
T2,1,0,25,4
T3,2,0,184,2
T4,3,1,196,3
T5,4,0,200,2
T6,5,0,140,2
T7,6,1,60,2
T8,7,1,140,1
[273]
T1,0,1,70,15
T2,1,0,75,1
T3,2,1,196,2
T4,3,1,90,2
T5,4,0,200,18
T6,5,0,50,2
T7,6,0,38,2
T8,7,0,189,1
[274]
T1,0,0,150,1
T2,1,1,96,8
T3,2,0,79,3
T4,3,0,20,2
T5,4,0,64,2
T6,5,1,35,2
T7,6,0,160,27
T8,7,0,200,7
[275]
T1,0,0,52,2
T2,1,0,200,14
T3,2,1,153,16
T4,3,0,170,8
T5,4,0,110,3
T6,5,1,48,2
T7,6,1,85,3
T8,7,0,72,2
[276]
T1,0,0,168,8
T2,1,0,48,7
T3,2,0,120,8
T4,3,1,70,1
T5,4,0,118,2
T6,5,0,168,2
T7,6,1,200,10
T8,7,1,24,2
[277]
T1,0,0,64,3
T2,1,0,22,3
T3,2,1,148,6
T4,3,1,52,1
T5,4,1,64,2
T6,5,0,130,5
T7,6,1,160,2
T8,7,0,200,5
[278]
T1,0,0,184,1
T2,1,1,200,2
T3,2,1,35,2
T4,3,1,168,23
T5,4,1,90,11
T6,5,1,92,2
T7,6,1,60,2
T8,7,0,35,2
[279]
T1,0,1,90,3
T2,1,1,110,1
T3,2,0,160,27
T4,3,1,176,2
T5,4,0,48,1
T6,5,1,200,23
T7,6,1,24,2
T8,7,0,135,2
[280]
T1,0,0,58,2
T2,1,1,104,7
T3,2,0,96,5
T4,3,1,200,6
T5,4,0,195,11
T6,5,0,32,2
T7,6,1,30,2
T8,7,1,156,13
[281]
T1,0,1,195,32
T2,1,0,135,2
T3,2,1,117,9
T4,3,0,160,10
T5,4,0,60,1
T6,5,1,20,2
T7,6,1,53,2
T8,7,1,200,1
[282]
T1,0,1,160,9
T2,1,1,198,2
T3,2,0,96,9
T4,3,1,96,3
T5,4,0,42,2
T6,5,0,77,4
T7,6,0,200,15
T8,7,1,24,1
[283]
T1,0,0,200,10
T2,1,1,136,13
T3,2,1,44,2
T4,3,1,182,8
T5,4,1,75,2
T6,5,0,85,5
T7,6,1,170,2
T8,7,1,21,1
[284]
T1,0,0,63,1
T2,1,0,29,2
T3,2,0,174,9
T4,3,1,30,6
T5,4,0,72,2
T6,5,0,150,2
T7,6,1,100,3
T8,7,1,200,2
[285]
T1,0,1,150,13
T2,1,1,37,1
T3,2,1,145,18
T4,3,1,48,2
T5,4,1,87,2
T6,5,1,148,2
T7,6,1,200,12
T8,7,0,60,2
[286]
T1,0,1,168,6
T2,1,1,23,2
T3,2,1,165,7
T4,3,1,57,2
T5,4,1,77,4
T6,5,1,200,7
T7,6,0,42,1
T8,7,1,105,15
[287]
T1,0,0,88,20
T2,1,0,140,2
T3,2,1,59,2
T4,3,1,52,1
T5,4,0,35,1
T6,5,1,175,1
T7,6,1,154,1
T8,7,1,200,3
[288]
T1,0,0,90,3
T2,1,0,144,14
T3,2,0,135,3
T4,3,1,180,10
T5,4,0,52,1
T6,5,1,23,1
T7,6,1,175,11
T8,7,1,200,2
[289]
T1,0,0,52,6
T2,1,1,200,2
T3,2,0,195,22
T4,3,0,21,1
T5,4,0,65,1
T6,5,0,78,1
T7,6,1,150,8
T8,7,0,102,2
[290]
T1,0,0,23,2
T2,1,1,180,2
T3,2,1,168,7
T4,3,0,100,2
T5,4,0,116,5
T6,5,0,48,7
T7,6,0,87,4
T8,7,1,200,7
[291]
T1,0,1,95,5
T2,1,0,47,6
T3,2,0,200,2
T4,3,0,20,2
T5,4,0,144,11
T6,5,1,150,15
T7,6,0,175,1
T8,7,0,84,2
[292]
T1,0,0,36,5
T2,1,0,180,2
T3,2,0,180,2
T4,3,1,115,12
T5,4,1,200,6
T6,5,0,21,2
T7,6,0,120,2
T8,7,0,80,5
[293]
T1,0,1,182,11
T2,1,0,48,1
T3,2,0,78,3
T4,3,0,200,27
T5,4,0,51,2
T6,5,0,105,1
T7,6,1,150,7
T8,7,1,78,2
[294]
T1,0,1,200,4
T2,1,1,150,8
T3,2,1,116,12
T4,3,0,50,3
T5,4,1,174,7
T6,5,0,44,2
T7,6,0,75,3
T8,7,0,69,2
[295]
T1,0,0,165,11
T2,1,0,200,14
T3,2,1,85,4
T4,3,1,53,3
T5,4,1,36,2
T6,5,0,90,5
T7,6,0,102,3
T8,7,1,150,3
[296]
T1,0,0,200,10
T2,1,0,174,16
T3,2,1,60,2
T4,3,1,42,3
T5,4,1,105,3
T6,5,0,96,4
T7,6,1,160,5
T8,7,1,32,2
[297]
T1,0,0,200,5
T2,1,1,151,2
T3,2,0,151,1
T4,3,1,75,5
T5,4,0,84,6
T6,5,1,51,1
T7,6,1,105,17
T8,7,0,35,2
[298]
T1,0,0,23,2
T2,1,1,200,12
T3,2,0,117,2
T4,3,0,140,6
T5,4,0,32,1
T6,5,0,175,17
T7,6,0,117,11
T8,7,0,175,5
[299]
T1,0,0,200,5
T2,1,1,20,1
T3,2,1,75,1
T4,3,0,198,18
T5,4,1,162,12
T6,5,1,25,2
T7,6,1,108,2
T8,7,0,72,2
[300]
T1,0,0,175,13
T2,1,1,200,1
T3,2,0,108,2
T4,3,0,24,2
T5,4,1,50,2
T6,5,1,192,29
T7,6,1,81,2
T8,7,1,90,2
[301]
T1,0,0,200,16
T2,1,0,136,5
T3,2,0,110,2
T4,3,0,34,1
T5,4,0,187,3
T6,5,0,96,5
T7,6,0,150,13
T8,7,0,28,1
[302]
T1,0,0,102,5
T2,1,1,22,2
T3,2,1,140,4
T4,3,0,120,10
T5,4,0,40,1
T6,5,1,168,16
T7,6,1,200,15
T8,7,0,165,2
[303]
T1,0,1,200,4
T2,1,0,84,3
T3,2,0,150,21
T4,3,1,50,3
T5,4,1,105,1
T6,5,1,168,2
T7,6,1,25,2
T8,7,0,92,8
[304]
T1,0,0,184,5
T2,1,0,24,2
T3,2,0,72,2
T4,3,0,48,2
T5,4,1,150,5
T6,5,0,200,10
T7,6,0,72,10
T8,7,1,138,10
[305]
T1,0,1,55,2
T2,1,0,84,16
T3,2,0,165,2
T4,3,1,52,2
T5,4,0,66,2
T6,5,1,200,11
T7,6,1,42,2
T8,7,1,165,1
[306]
T1,0,0,200,10
T2,1,1,36,1
T3,2,1,68,2
T4,3,0,51,1
T5,4,0,198,16
T6,5,0,55,2
T7,6,1,170,9
T8,7,0,68,8
[307]
T1,0,0,87,3
T2,1,1,87,2
T3,2,0,200,2
T4,3,0,64,2
T5,4,1,175,11
T6,5,0,168,2
T7,6,0,37,8
T8,7,0,29,2
[308]
T1,0,1,80,3
T2,1,1,196,21
T3,2,1,40,3
T4,3,1,200,2
T5,4,1,56,5
T6,5,0,161,2
T7,6,0,50,2
T8,7,1,70,2
[309]
T1,0,0,60,5
T2,1,1,160,6
T3,2,0,25,2
T4,3,0,200,19
T5,4,0,176,6
T6,5,1,48,3
T7,6,0,92,2
T8,7,0,115,5
[310]
T1,0,0,150,2
T2,1,0,144,2
T3,2,0,160,6
T4,3,0,200,17
T5,4,0,70,2
T6,5,0,44,2
T7,6,0,126,1
T8,7,1,44,9
[311]
T1,0,0,168,2
T2,1,0,84,2
T3,2,0,120,3
T4,3,0,40,2
T5,4,0,91,7
T6,5,1,200,7
T7,6,0,39,7
T8,7,1,154,2
[312]
T1,0,0,105,5
T2,1,1,98,5
T3,2,1,156,11
T4,3,0,195,5
T5,4,0,21,2
T6,5,0,112,3
T7,6,0,200,8
T8,7,0,37,3
[313]
T1,0,1,44,1
T2,1,1,200,14
T3,2,0,176,10
T4,3,0,112,1
T5,4,1,23,2
T6,5,1,121,3
T7,6,1,160,2
T8,7,1,80,4
[314]
T1,0,1,88,2
T2,1,1,31,3
T3,2,0,200,9
T4,3,0,72,2
T5,4,0,100,13
T6,5,0,198,3
T7,6,0,22,2
T8,7,1,188,3
[315]
T1,0,0,150,17
T2,1,1,75,1
T3,2,0,35,2
T4,3,1,165,12
T5,4,1,37,1
T6,5,1,55,4
T7,6,0,88,1
T8,7,1,200,7
[316]
T1,0,1,188,7
T2,1,0,55,4
T3,2,0,150,3
T4,3,0,25,1
T5,4,0,200,25
T6,5,0,44,2
T7,6,0,120,4
T8,7,0,141,1
[317]
T1,0,1,153,2
T2,1,1,60,3
T3,2,0,200,2
T4,3,0,37,2
T5,4,1,144,1
T6,5,0,51,2
T7,6,0,120,21
T8,7,0,170,2
[318]
T1,0,0,200,7
T2,1,1,95,2
T3,2,0,95,5
T4,3,0,60,2
T5,4,1,45,3
T6,5,1,50,4
T7,6,0,192,5
T8,7,1,171,11
[319]
T1,0,0,126,2
T2,1,0,200,2
T3,2,1,162,7
T4,3,1,150,11
T5,4,0,81,4
T6,5,0,27,4
T7,6,1,135,4
T8,7,0,41,2
[320]
T1,0,1,175,11
T2,1,1,38,2
T3,2,1,146,2
T4,3,1,72,5
T5,4,0,200,12
T6,5,0,150,13
T7,6,0,56,1
T8,7,0,42,2
[321]
T1,0,1,41,3
T2,1,1,160,13
T3,2,0,120,6
T4,3,0,170,2
T5,4,0,85,3
T6,5,1,200,1
T7,6,1,125,4
T8,7,0,34,3
[322]
T1,0,0,54,2
T2,1,0,90,1
T3,2,0,23,1
T4,3,0,32,1
T5,4,1,100,3
T6,5,0,200,1
T7,6,1,168,31
T8,7,0,189,4
[323]
T1,0,0,140,1
T2,1,0,200,24
T3,2,0,37,1
T4,3,1,51,2
T5,4,0,180,2
T6,5,0,75,1
T7,6,1,70,8
T8,7,1,185,14
[324]
T1,0,1,172,2
T2,1,1,70,6
T3,2,1,200,32
T4,3,0,45,4
T5,4,0,100,2
T6,5,1,130,2
T7,6,1,20,2
T8,7,0,172,2
[325]
T1,0,1,160,12
T2,1,0,46,2
T3,2,0,200,14
T4,3,1,96,2
T5,4,0,84,4
T6,5,0,120,9
T7,6,0,25,2
T8,7,0,180,14
[326]
T1,0,0,175,2
T2,1,1,140,2
T3,2,0,51,2
T4,3,1,176,33
T5,4,0,80,1
T6,5,0,77,1
T7,6,1,24,2
T8,7,1,200,2
[327]
T1,0,0,156,12
T2,1,1,125,11
T3,2,1,35,2
T4,3,0,168,26
T5,4,1,200,3
T6,5,1,78,2
T7,6,1,78,2
T8,7,0,46,2
[328]
T1,0,1,96,1
T2,1,1,160,2
T3,2,1,144,1
T4,3,1,37,1
T5,4,0,178,18
T6,5,1,200,27
T7,6,1,24,2
T8,7,0,144,5
[329]
T1,0,0,176,6
T2,1,1,175,6
T3,2,0,140,7
T4,3,1,60,5
T5,4,0,200,6
T6,5,0,75,2
T7,6,1,23,2
T8,7,0,22,1
[330]
T1,0,0,110,5
T2,1,1,66,4
T3,2,0,55,1
T4,3,0,24,2
T5,4,1,24,2
T6,5,0,159,10
T7,6,0,200,15
T8,7,0,159,2
[331]
T1,0,0,200,12
T2,1,0,30,4
T3,2,1,66,1
T4,3,1,44,2
T5,4,1,120,1
T6,5,0,198,9
T7,6,0,150,4
T8,7,1,65,1
[332]
T1,0,1,48,1
T2,1,1,138,4
T3,2,0,100,6
T4,3,0,200,10
T5,4,1,32,4
T6,5,1,161,2
T7,6,1,64,2
T8,7,1,161,7
[333]
T1,0,1,23,1
T2,1,0,200,1
T3,2,1,184,17
T4,3,1,126,11
T5,4,0,115,2
T6,5,1,175,1
T7,6,0,31,3
T8,7,1,60,1
[334]
T1,0,0,25,2
T2,1,0,200,9
T3,2,0,63,7
T4,3,1,70,5
T5,4,1,150,2
T6,5,0,42,2
T7,6,1,117,7
T8,7,0,182,4
[335]
T1,0,0,150,1
T2,1,1,37,2
T3,2,0,200,11
T4,3,1,24,2
T5,4,0,175,10
T6,5,1,84,3
T7,6,0,63,2
T8,7,1,88,5
[336]
T1,0,1,44,4
T2,1,0,112,6
T3,2,0,27,1
T4,3,0,198,15
T5,4,1,135,6
T6,5,0,105,3
T7,6,0,200,4
T8,7,0,175,2
[337]
T1,0,1,32,2
T2,1,1,200,6
T3,2,0,40,7
T4,3,0,60,1
T5,4,0,180,1
T6,5,1,112,7
T7,6,1,150,10
T8,7,0,96,2
[338]
T1,0,0,72,3
T2,1,0,100,3
T3,2,1,195,18
T4,3,0,42,2
T5,4,0,36,1
T6,5,1,170,3
T7,6,1,80,8
T8,7,0,200,5
[339]
T1,0,0,42,1
T2,1,0,40,5
T3,2,0,160,8
T4,3,0,105,5
T5,4,1,200,1
T6,5,1,175,16
T7,6,1,77,2
T8,7,0,90,2
[340]
T1,0,0,112,7
T2,1,0,200,17
T3,2,0,34,2
T4,3,1,154,15
T5,4,0,175,1
T6,5,0,33,1
T7,6,0,80,3
T8,7,0,108,4
[341]
T1,0,0,40,3
T2,1,0,160,3
T3,2,1,112,7
T4,3,0,198,12
T5,4,1,45,3
T6,5,1,72,2
T7,6,1,200,1
T8,7,1,63,1
[342]
T1,0,0,95,2
T2,1,0,33,4
T3,2,0,200,6
T4,3,0,150,8
T5,4,0,75,7
T6,5,0,38,2
T7,6,0,150,8
T8,7,0,62,2
[343]
T1,0,0,200,2
T2,1,0,52,12
T3,2,0,99,1
T4,3,0,24,2
T5,4,0,168,2
T6,5,0,132,7
T7,6,0,150,9
T8,7,0,80,1
[344]
T1,0,0,35,2
T2,1,1,77,8
T3,2,1,30,2
T4,3,0,195,8
T5,4,0,165,5
T6,5,1,200,22
T7,6,1,143,5
T8,7,1,140,3
[345]
T1,0,0,20,1
T2,1,1,133,2
T3,2,0,72,3
T4,3,1,160,8
T5,4,1,80,2
T6,5,0,35,2
T7,6,1,168,14
T8,7,0,200,13
[346]
T1,0,0,32,2
T2,1,1,91,2
T3,2,0,65,10
T4,3,1,176,15
T5,4,1,34,2
T6,5,1,154,3
T7,6,1,200,7
T8,7,1,55,1
[347]
T1,0,0,200,9
T2,1,0,112,3
T3,2,1,36,2
T4,3,1,80,1
T5,4,1,35,3
T6,5,1,184,4
T7,6,1,160,4
T8,7,0,56,6
[348]
T1,0,0,84,4
T2,1,0,200,2
T3,2,1,42,2
T4,3,0,132,13
T5,4,0,168,1
T6,5,0,170,2
T7,6,1,49,2
T8,7,0,120,17
[349]
T1,0,0,104,5
T2,1,0,168,26
T3,2,0,30,2
T4,3,1,24,1
T5,4,1,200,2
T6,5,1,75,2
T7,6,0,180,3
T8,7,1,108,9
[350]
T1,0,0,90,2
T2,1,0,96,2
T3,2,1,165,19
T4,3,0,30,2
T5,4,0,165,10
T6,5,0,105,1
T7,6,0,200,8
T8,7,0,44,2
[351]
T1,0,1,200,10
T2,1,0,47,2
T3,2,0,150,4
T4,3,0,116,2
T5,4,1,48,7
T6,5,0,81,1
T7,6,0,174,3
T8,7,1,120,7
[352]
T1,0,1,152,6
T2,1,1,56,3
T3,2,0,200,13
T4,3,1,96,4
T5,4,0,52,1
T6,5,0,50,2
T7,6,1,75,6
T8,7,1,150,3
[353]
T1,0,1,100,9
T2,1,0,54,2
T3,2,1,169,6
T4,3,1,75,9
T5,4,0,180,2
T6,5,0,200,19
T7,6,0,53,1
T8,7,1,135,2
[354]
T1,0,1,80,8
T2,1,1,200,1
T3,2,0,24,4
T4,3,0,180,2
T5,4,0,56,1
T6,5,0,24,2
T7,6,0,165,6
T8,7,1,75,2
[355]
T1,0,0,51,7
T2,1,0,160,1
T3,2,1,70,2
T4,3,0,200,25
T5,4,1,117,1
T6,5,1,52,2
T7,6,1,70,1
T8,7,0,150,7
[356]
T1,0,0,187,15
T2,1,0,55,1
T3,2,0,100,2
T4,3,0,44,3
T5,4,1,200,12
T6,5,1,34,2
T7,6,1,70,3
T8,7,1,154,1
[357]
T1,0,0,180,2
T2,1,0,200,24
T3,2,0,49,2
T4,3,0,41,2
T5,4,1,100,8
T6,5,1,192,11
T7,6,0,112,5
T8,7,0,70,1
[358]
T1,0,0,96,3
T2,1,0,90,4
T3,2,0,160,17
T4,3,1,36,2
T5,4,0,105,6
T6,5,1,153,1
T7,6,1,200,2
T8,7,0,36,3
[359]
T1,0,1,24,2
T2,1,1,42,4
T3,2,0,160,3
T4,3,1,156,4
T5,4,0,120,2
T6,5,1,200,2
T7,6,0,135,13
T8,7,1,72,9
[360]
T1,0,1,160,8
T2,1,1,75,1
T3,2,1,69,9
T4,3,0,24,1
T5,4,1,23,2
T6,5,0,150,2
T7,6,0,115,9
T8,7,1,200,1
[361]
T1,0,0,35,1
T2,1,0,140,7
T3,2,0,189,27
T4,3,1,200,4
T5,4,1,60,2
T6,5,0,84,8
T7,6,0,23,2
T8,7,1,168,2
[362]
T1,0,1,50,6
T2,1,0,85,2
T3,2,0,41,5
T4,3,1,180,4
T5,4,0,108,4
T6,5,0,200,2
T7,6,0,180,2
T8,7,1,108,5
[363]
T1,0,0,25,5
T2,1,1,100,5
T3,2,0,125,2
T4,3,0,110,1
T5,4,0,150,2
T6,5,1,160,4
T7,6,0,42,1
T8,7,1,200,7
[364]
T1,0,1,70,10
T2,1,0,70,2
T3,2,0,35,2
T4,3,0,28,2
T5,4,1,77,6
T6,5,1,200,2
T7,6,1,175,9
T8,7,1,187,13
[365]
T1,0,1,88,2
T2,1,0,75,2
T3,2,0,45,3
T4,3,1,63,2
T5,4,1,165,3
T6,5,1,30,2
T7,6,0,200,3
T8,7,1,160,22
[366]
T1,0,1,85,2
T2,1,0,53,5
T3,2,0,200,2
T4,3,0,68,6
T5,4,1,33,1
T6,5,0,187,18
T7,6,1,192,6
T8,7,0,136,1
[367]
T1,0,0,75,7
T2,1,1,175,3
T3,2,1,152,5
T4,3,0,200,20
T5,4,0,31,2
T6,5,1,114,7
T7,6,1,77,2
T8,7,1,30,2
[368]
T1,0,0,33,2
T2,1,0,38,2
T3,2,1,168,2
T4,3,0,84,2
T5,4,0,136,14
T6,5,1,165,30
T7,6,1,56,2
T8,7,0,200,12
[369]
T1,0,0,56,2
T2,1,1,154,7
T3,2,1,200,29
T4,3,0,76,2
T5,4,0,60,2
T6,5,1,152,2
T7,6,0,33,2
T8,7,0,25,3
[370]
T1,0,1,28,4
T2,1,0,155,9
T3,2,0,90,4
T4,3,1,180,2
T5,4,1,23,1
T6,5,0,60,4
T7,6,1,72,2
T8,7,1,200,1
[371]
T1,0,1,108,3
T2,1,0,160,1
T3,2,1,23,2
T4,3,0,55,2
T5,4,1,90,4
T6,5,0,22,2
T7,6,0,200,11
T8,7,0,162,22
[372]
T1,0,1,160,4
T2,1,1,40,1
T3,2,0,68,1
T4,3,1,150,14
T5,4,0,200,6
T6,5,0,22,2
T7,6,1,108,13
T8,7,1,60,2
[373]
T1,0,1,75,4
T2,1,0,200,11
T3,2,1,28,2
T4,3,1,85,5
T5,4,0,44,1
T6,5,1,55,2
T7,6,1,192,1
T8,7,1,150,21
[374]
T1,0,0,147,15
T2,1,0,189,2
T3,2,0,144,2
T4,3,1,200,22
T5,4,0,98,6
T6,5,1,25,1
T7,6,0,45,2
T8,7,0,140,2
[375]
T1,0,1,30,2
T2,1,0,58,6
T3,2,1,87,5
T4,3,0,165,2
T5,4,0,180,17
T6,5,0,75,2
T7,6,1,200,6
T8,7,0,43,2
[376]
T1,0,0,200,9
T2,1,1,25,2
T3,2,0,116,1
T4,3,0,70,10
T5,4,0,176,12
T6,5,0,49,2
T7,6,1,175,10
T8,7,1,77,2
[377]
T1,0,0,24,2
T2,1,1,150,11
T3,2,0,148,11
T4,3,1,200,2
T5,4,0,42,2
T6,5,1,120,7
T7,6,1,84,2
T8,7,0,72,9
[378]
T1,0,1,54,2
T2,1,1,55,2
T3,2,1,60,2
T4,3,0,75,2
T5,4,1,150,1
T6,5,1,200,3
T7,6,0,53,15
T8,7,0,154,1
[379]
T1,0,0,50,2
T2,1,1,110,1
T3,2,0,123,1
T4,3,0,75,1
T5,4,0,165,2
T6,5,1,200,7
T7,6,0,164,15
T8,7,1,49,11
[380]
T1,0,1,200,5
T2,1,1,72,1
T3,2,0,22,2
T4,3,0,165,17
T5,4,0,104,9
T6,5,0,90,2
T7,6,0,31,1
T8,7,1,150,4
[381]
T1,0,1,34,4
T2,1,1,196,8
T3,2,1,120,2
T4,3,0,200,2
T5,4,1,196,2
T6,5,1,120,10
T7,6,1,46,2
T8,7,0,102,6
[382]
T1,0,1,23,1
T2,1,0,180,12
T3,2,1,105,13
T4,3,0,39,2
T5,4,0,78,1
T6,5,1,96,7
T7,6,1,175,2
T8,7,0,200,4
[383]
T1,0,1,200,9
T2,1,1,85,2
T3,2,1,84,2
T4,3,0,50,2
T5,4,1,72,8
T6,5,1,168,23
T7,6,1,42,1
T8,7,1,153,9
[384]
T1,0,1,49,4
T2,1,0,60,2
T3,2,0,196,21
T4,3,0,21,1
T5,4,0,55,2
T6,5,0,198,16
T7,6,0,75,2
T8,7,1,200,2
[385]
T1,0,1,150,12
T2,1,0,72,10
T3,2,0,104,6
T4,3,0,27,1
T5,4,1,54,2
T6,5,1,200,2
T7,6,0,33,2
T8,7,0,150,4
[386]
T1,0,1,114,4
T2,1,1,90,4
T3,2,1,200,22
T4,3,0,125,9
T5,4,1,160,1
T6,5,1,180,17
T7,6,1,54,2
T8,7,1,24,2
[387]
T1,0,0,200,1
T2,1,1,95,1
T3,2,0,144,1
T4,3,0,192,7
T5,4,1,44,3
T6,5,0,75,6
T7,6,0,27,1
T8,7,0,180,15
[388]
T1,0,0,102,2
T2,1,0,200,21
T3,2,0,51,5
T4,3,1,171,3
T5,4,1,68,4
T6,5,1,180,11
T7,6,1,85,2
T8,7,1,45,1
[389]
T1,0,1,200,19
T2,1,0,168,1
T3,2,1,75,2
T4,3,0,50,1
T5,4,1,110,8
T6,5,0,105,8
T7,6,1,51,4
T8,7,1,180,4
[390]
T1,0,1,155,8
T2,1,1,25,1
T3,2,0,156,15
T4,3,0,75,2
T5,4,0,200,1
T6,5,0,120,1
T7,6,0,53,1
T8,7,1,62,7
[391]
T1,0,1,176,22
T2,1,1,35,1
T3,2,1,36,2
T4,3,1,78,2
T5,4,1,65,6
T6,5,0,200,2
T7,6,0,198,11
T8,7,0,90,2
[392]
T1,0,1,150,4
T2,1,1,35,1
T3,2,1,40,3
T4,3,1,140,6
T5,4,1,160,8
T6,5,1,111,13
T7,6,0,56,1
T8,7,1,200,4
[393]
T1,0,0,44,1
T2,1,0,88,4
T3,2,1,57,8
T4,3,1,21,2
T5,4,1,76,2
T6,5,0,175,10
T7,6,0,168,8
T8,7,0,200,12
[394]
T1,0,1,195,3
T2,1,0,200,1
T3,2,0,55,3
T4,3,1,130,12
T5,4,1,24,2
T6,5,1,51,6
T7,6,0,143,2
T8,7,1,198,16
[395]
T1,0,0,108,4
T2,1,1,175,3
T3,2,0,84,5
T4,3,1,23,3
T5,4,1,112,1
T6,5,0,50,4
T7,6,0,200,2
T8,7,0,150,1
[396]
T1,0,0,90,2
T2,1,1,189,27
T3,2,0,40,1
T4,3,1,42,2
T5,4,1,72,4
T6,5,0,200,2
T7,6,0,70,4
T8,7,0,171,2
[397]
T1,0,1,120,1
T2,1,0,189,28
T3,2,0,189,9
T4,3,1,91,2
T5,4,0,200,12
T6,5,0,108,3
T7,6,0,51,2
T8,7,1,45,1
[398]
T1,0,1,33,2
T2,1,0,140,2
T3,2,1,170,8
T4,3,0,68,1
T5,4,1,187,15
T6,5,1,48,1
T7,6,1,200,3
T8,7,0,70,6
[399]
T1,0,1,155,2
T2,1,0,28,2
T3,2,1,100,14
T4,3,1,95,1
T5,4,1,29,2
T6,5,0,95,10
T7,6,0,200,1
T8,7,1,190,1
[400]
T1,0,1,48,2
T2,1,0,140,2
T3,2,1,120,2
T4,3,1,24,2
T5,4,1,200,3
T6,5,0,154,11
T7,6,1,147,8
T8,7,0,168,24
[401]
T1,0,0,85,2
T2,1,1,85,2
T3,2,1,68,2
T4,3,1,200,7
T5,4,0,150,23
T6,5,0,154,3
T7,6,0,21,1
T8,7,0,28,1
[402]
T1,0,0,112,2
T2,1,0,51,2
T3,2,1,168,24
T4,3,1,200,2
T5,4,0,49,4
T6,5,1,88,2
T7,6,0,98,2
T8,7,1,168,13
[403]
T1,0,1,60,3
T2,1,0,80,5
T3,2,0,153,1
T4,3,0,200,19
T5,4,0,26,2
T6,5,1,34,4
T7,6,0,72,2
T8,7,1,153,5
[404]
T1,0,0,200,3
T2,1,0,190,25
T3,2,0,190,1
T4,3,1,65,6
T5,4,1,65,2
T6,5,0,55,3
T7,6,0,38,2
T8,7,0,44,2
[405]
T1,0,0,70,2
T2,1,0,174,8
T3,2,0,63,1
T4,3,0,200,1
T5,4,0,80,2
T6,5,1,174,8
T7,6,0,24,1
T8,7,0,43,8
[406]
T1,0,1,48,3
T2,1,0,200,10
T3,2,1,168,8
T4,3,1,154,1
T5,4,1,23,1
T6,5,0,125,5
T7,6,1,132,2
T8,7,1,70,8
[407]
T1,0,1,45,2
T2,1,0,120,3
T3,2,1,77,7
T4,3,0,176,2
T5,4,1,99,11
T6,5,0,180,1
T7,6,1,200,10
T8,7,1,20,1
[408]
T1,0,0,200,14
T2,1,1,198,10
T3,2,1,42,2
T4,3,0,52,1
T5,4,1,140,8
T6,5,1,105,2
T7,6,0,180,26
T8,7,0,110,2
[409]
T1,0,1,36,2
T2,1,1,27,1
T3,2,1,72,4
T4,3,1,162,2
T5,4,0,75,1
T6,5,0,144,32
T7,6,1,174,5
T8,7,0,200,2
[410]
T1,0,1,36,2
T2,1,0,27,2
T3,2,1,128,9
T4,3,1,80,12
T5,4,0,200,7
T6,5,1,60,1
T7,6,0,160,1
T8,7,1,171,1
[411]
T1,0,1,172,18
T2,1,0,150,3
T3,2,1,60,8
T4,3,1,129,2
T5,4,1,26,2
T6,5,0,38,2
T7,6,1,200,2
T8,7,1,120,2
[412]
T1,0,1,200,6
T2,1,1,175,3
T3,2,0,156,6
T4,3,0,63,1
T5,4,1,72,3
T6,5,0,35,2
T7,6,1,96,2
T8,7,1,41,8
[413]
T1,0,1,160,5
T2,1,1,70,4
T3,2,1,75,11
T4,3,0,60,2
T5,4,1,176,1
T6,5,1,20,2
T7,6,1,36,3
T8,7,1,200,6
[414]
T1,0,1,110,2
T2,1,0,189,27
T3,2,1,56,2
T4,3,0,90,2
T5,4,1,21,2
T6,5,1,52,4
T7,6,0,200,19
T8,7,1,154,1
[415]
T1,0,1,54,8
T2,1,1,200,2
T3,2,1,198,12
T4,3,1,128,9
T5,4,0,49,2
T6,5,0,90,2
T7,6,1,198,1
T8,7,1,32,2
[416]
T1,0,0,200,14
T2,1,0,29,2
T3,2,0,27,2
T4,3,1,160,7
T5,4,0,140,2
T6,5,0,84,6
T7,6,0,174,2
T8,7,1,96,4
[417]
T1,0,0,120,1
T2,1,0,70,5
T3,2,1,200,18
T4,3,1,39,2
T5,4,0,195,6
T6,5,1,130,3
T7,6,0,48,1
T8,7,0,180,10
[418]
T1,0,1,200,16
T2,1,0,25,2
T3,2,1,49,1
T4,3,0,84,6
T5,4,0,195,8
T6,5,0,195,14
T7,6,1,54,4
T8,7,1,100,2
[419]
T1,0,0,45,12
T2,1,1,100,5
T3,2,0,132,1
T4,3,1,112,2
T5,4,1,200,2
T6,5,0,160,3
T7,6,0,28,2
T8,7,0,175,3
[420]
T1,0,0,126,2
T2,1,1,40,2
T3,2,0,165,4
T4,3,0,84,2
T5,4,1,160,5
T6,5,0,77,2
T7,6,0,200,40
T8,7,1,35,1
[421]
T1,0,1,165,17
T2,1,1,100,8
T3,2,1,112,8
T4,3,1,45,2
T5,4,1,200,3
T6,5,1,175,10
T7,6,1,20,2
T8,7,1,125,3
[422]
T1,0,0,60,6
T2,1,0,90,7
T3,2,0,74,4
T4,3,1,27,2
T5,4,1,148,1
T6,5,0,200,1
T7,6,1,150,3
T8,7,0,26,2
[423]
T1,0,1,180,15
T2,1,0,90,6
T3,2,1,45,1
T4,3,1,200,2
T5,4,0,188,2
T6,5,0,27,2
T7,6,1,126,12
T8,7,0,63,5
[424]
T1,0,1,120,2
T2,1,0,174,5
T3,2,1,140,2
T4,3,0,21,2
T5,4,0,38,1
T6,5,0,116,4
T7,6,0,150,17
T8,7,0,200,7
[425]
T1,0,0,49,1
T2,1,0,200,14
T3,2,0,100,2
T4,3,0,145,1
T5,4,1,145,3
T6,5,1,174,14
T7,6,0,48,2
T8,7,0,160,24
[426]
T1,0,1,159,11
T2,1,1,145,2
T3,2,0,30,1
T4,3,1,200,9
T5,4,0,36,5
T6,5,1,120,1
T7,6,0,145,2
T8,7,1,159,8
[427]
T1,0,1,182,2
T2,1,0,104,4
T3,2,1,36,5
T4,3,0,55,2
T5,4,0,160,1
T6,5,0,88,2
T7,6,1,26,2
T8,7,1,200,17
[428]
T1,0,0,150,2
T2,1,0,156,12
T3,2,1,40,1
T4,3,1,50,2
T5,4,0,143,14
T6,5,0,200,10
T7,6,1,100,3
T8,7,1,130,6
[429]
T1,0,0,175,9
T2,1,1,168,5
T3,2,0,146,2
T4,3,0,21,2
T5,4,0,26,3
T6,5,1,63,2
T7,6,0,200,15
T8,7,0,146,7
[430]
T1,0,1,195,17
T2,1,0,195,5
T3,2,1,81,1
T4,3,0,36,1
T5,4,1,39,4
T6,5,1,200,16
T7,6,0,65,2
T8,7,1,81,1
[431]
T1,0,1,152,2
T2,1,0,133,12
T3,2,0,105,1
T4,3,0,200,1
T5,4,0,22,1
T6,5,1,60,2
T7,6,0,25,2
T8,7,0,150,26
[432]
T1,0,0,160,10
T2,1,1,112,2
T3,2,1,32,2
T4,3,1,156,10
T5,4,1,46,2
T6,5,1,60,2
T7,6,0,200,14
T8,7,0,91,8
[433]
T1,0,1,27,3
T2,1,0,72,2
T3,2,0,150,2
T4,3,1,154,26
T5,4,0,120,2
T6,5,0,200,3
T7,6,0,25,2
T8,7,0,63,2
[434]
T1,0,0,120,2
T2,1,1,46,2
T3,2,0,50,12
T4,3,0,180,2
T5,4,0,200,5
T6,5,0,110,2
T7,6,0,135,2
T8,7,0,192,8
[435]
T1,0,0,112,1
T2,1,1,20,2
T3,2,0,70,2
T4,3,0,34,5
T5,4,1,168,4
T6,5,0,200,19
T7,6,1,150,4
T8,7,0,95,2
[436]
T1,0,1,111,2
T2,1,0,74,2
T3,2,0,52,2
T4,3,1,37,3
T5,4,0,185,8
T6,5,1,74,3
T7,6,1,200,14
T8,7,0,195,16
[437]
T1,0,1,103,3
T2,1,1,192,25
T3,2,0,150,6
T4,3,1,200,18
T5,4,0,103,2
T6,5,1,64,5
T7,6,1,36,2
T8,7,0,32,2
[438]
T1,0,1,56,2
T2,1,1,60,3
T3,2,0,30,2
T4,3,1,160,1
T5,4,1,68,6
T6,5,1,53,5
T7,6,0,200,4
T8,7,0,168,14
[439]
T1,0,1,62,1
T2,1,1,75,9
T3,2,1,45,3
T4,3,1,150,15
T5,4,0,200,1
T6,5,1,21,2
T7,6,0,160,2
T8,7,1,120,4
[440]
T1,0,1,154,12
T2,1,1,55,1
T3,2,0,184,2
T4,3,0,55,1
T5,4,0,35,2
T6,5,0,56,5
T7,6,0,200,1
T8,7,0,50,3
[441]
T1,0,0,95,4
T2,1,0,171,8
T3,2,0,20,2
T4,3,0,190,5
T5,4,1,88,2
T6,5,0,38,2
T7,6,1,66,2
T8,7,1,200,34
[442]
T1,0,1,69,1
T2,1,0,160,1
T3,2,1,24,2
T4,3,1,100,2
T5,4,0,27,3
T6,5,1,64,5
T7,6,0,200,4
T8,7,0,161,2
[443]
T1,0,0,66,1
T2,1,0,132,6
T3,2,1,48,2
T4,3,0,154,14
T5,4,0,176,27
T6,5,0,45,2
T7,6,0,200,2
T8,7,1,140,7
[444]
T1,0,0,125,4
T2,1,0,49,5
T3,2,0,64,2
T4,3,0,90,4
T5,4,0,160,9
T6,5,0,200,2
T7,6,0,45,3
T8,7,1,150,7
[445]
T1,0,0,200,2
T2,1,0,64,2
T3,2,0,140,2
T4,3,1,160,14
T5,4,0,42,5
T6,5,0,102,8
T7,6,0,150,4
T8,7,1,50,1
[446]
T1,0,0,150,8
T2,1,1,100,4
T3,2,1,41,2
T4,3,1,200,11
T5,4,0,155,4
T6,5,0,105,8
T7,6,1,120,1
T8,7,0,40,4
[447]
T1,0,0,105,2
T2,1,1,168,8
T3,2,0,26,1
T4,3,1,175,7
T5,4,0,60,5
T6,5,0,38,1
T7,6,1,200,11
T8,7,1,66,3
[448]
T1,0,0,140,7
T2,1,0,75,2
T3,2,1,175,13
T4,3,1,200,12
T5,4,1,175,4
T6,5,0,25,1
T7,6,1,30,2
T8,7,1,132,2
[449]
T1,0,0,40,3
T2,1,0,144,1
T3,2,0,105,18
T4,3,0,186,7
T5,4,1,200,2
T6,5,1,93,3
T7,6,0,29,2
T8,7,0,150,1
[450]
T1,0,1,200,15
T2,1,1,135,9
T3,2,0,182,6
T4,3,1,70,1
T5,4,0,182,22
T6,5,1,80,2
T7,6,0,48,1
T8,7,0,28,2
[451]
T1,0,0,200,8
T2,1,0,85,8
T3,2,0,53,2
T4,3,1,120,2
T5,4,0,170,2
T6,5,0,195,3
T7,6,0,90,7
T8,7,1,36,2
[452]
T1,0,0,155,8
T2,1,0,25,2
T3,2,0,111,1
T4,3,0,186,2
T5,4,0,124,2
T6,5,0,200,17
T7,6,0,20,4
T8,7,0,124,4
[453]
T1,0,0,25,2
T2,1,1,140,2
T3,2,0,180,2
T4,3,1,200,11
T5,4,1,140,2
T6,5,1,25,2
T7,6,0,154,18
T8,7,1,56,3
[454]
T1,0,1,168,2
T2,1,1,70,2
T3,2,0,200,5
T4,3,1,46,4
T5,4,0,184,2
T6,5,1,90,3
T7,6,1,45,7
T8,7,0,70,2
[455]
T1,0,0,168,10
T2,1,1,135,15
T3,2,1,180,4
T4,3,1,200,12
T5,4,0,72,3
T6,5,1,37,1
T7,6,0,21,2
T8,7,0,105,4
[456]
T1,0,1,196,23
T2,1,1,66,1
T3,2,0,196,2
T4,3,0,99,8
T5,4,1,90,6
T6,5,0,32,2
T7,6,0,200,3
T8,7,0,40,2
[457]
T1,0,1,165,6
T2,1,1,100,9
T3,2,1,77,3
T4,3,1,80,1
T5,4,0,50,2
T6,5,0,165,10
T7,6,0,23,1
T8,7,0,200,15
[458]
T1,0,0,112,8
T2,1,0,20,2
T3,2,1,90,5
T4,3,1,200,30
T5,4,0,35,1
T6,5,1,156,1
T7,6,0,156,2
T8,7,0,70,1
[459]
T1,0,0,175,1
T2,1,1,200,19
T3,2,0,144,4
T4,3,0,105,5
T5,4,1,31,1
T6,5,0,75,7
T7,6,0,20,2
T8,7,0,175,9
[460]
T1,0,1,60,4
T2,1,0,175,2
T3,2,1,150,10
T4,3,1,60,3
T5,4,1,200,8
T6,5,0,40,2
T7,6,1,37,2
T8,7,0,65,5
[461]
T1,0,0,180,7
T2,1,1,30,3
T3,2,1,57,2
T4,3,1,135,4
T5,4,1,50,4
T6,5,0,72,2
T7,6,1,175,8
T8,7,0,200,7
[462]
T1,0,0,70,2
T2,1,1,160,6
T3,2,0,84,1
T4,3,0,120,7
T5,4,1,36,1
T6,5,0,200,4
T7,6,0,26,2
T8,7,0,182,17
[463]
T1,0,1,105,5
T2,1,0,20,1
T3,2,1,56,1
T4,3,0,200,2
T5,4,1,170,1
T6,5,0,36,2
T7,6,1,196,1
T8,7,0,100,13
[464]
T1,0,1,31,2
T2,1,0,60,1
T3,2,1,200,7
T4,3,1,60,1
T5,4,0,78,5
T6,5,0,190,29
T7,6,0,45,1
T8,7,0,190,2
[465]
T1,0,0,110,2
T2,1,1,77,1
T3,2,0,200,10
T4,3,1,38,2
T5,4,1,198,21
T6,5,0,27,2
T7,6,0,80,2
T8,7,0,165,17
[466]
T1,0,0,112,1
T2,1,0,186,20
T3,2,1,62,2
T4,3,0,155,7
T5,4,1,56,6
T6,5,0,42,2
T7,6,0,200,7
T8,7,1,28,2
[467]
T1,0,1,175,4
T2,1,1,66,4
T3,2,1,165,2
T4,3,1,100,5
T5,4,0,200,11
T6,5,1,35,2
T7,6,0,20,1
T8,7,0,120,11
[468]
T1,0,1,140,1
T2,1,0,120,6
T3,2,1,112,4
T4,3,0,168,28
T5,4,0,200,3
T6,5,1,37,2
T7,6,0,44,1
T8,7,1,168,9
[469]
T1,0,1,95,2
T2,1,1,168,6
T3,2,0,135,5
T4,3,1,42,3
T5,4,0,171,10
T6,5,1,41,3
T7,6,1,200,15
T8,7,0,95,1
[470]
T1,0,0,24,2
T2,1,0,175,5
T3,2,0,22,2
T4,3,1,55,5
T5,4,1,90,2
T6,5,0,200,18
T7,6,1,160,3
T8,7,0,56,2
[471]
T1,0,1,200,2
T2,1,1,46,2
T3,2,1,150,4
T4,3,0,75,3
T5,4,0,53,4
T6,5,1,60,2
T7,6,0,168,6
T8,7,0,140,22
[472]
T1,0,0,120,9
T2,1,0,154,10
T3,2,0,33,1
T4,3,1,39,1
T5,4,1,165,9
T6,5,1,200,11
T7,6,1,84,1
T8,7,1,110,2
[473]
T1,0,1,52,2
T2,1,1,152,12
T3,2,0,38,2
T4,3,1,64,2
T5,4,1,180,2
T6,5,0,114,9
T7,6,0,96,3
T8,7,1,200,30
[474]
T1,0,1,75,3
T2,1,1,200,36
T3,2,0,117,1
T4,3,0,20,2
T5,4,0,190,9
T6,5,0,78,2
T7,6,1,36,2
T8,7,1,152,8
[475]
T1,0,1,26,1
T2,1,0,91,1
T3,2,1,150,2
T4,3,1,47,2
T5,4,1,54,7
T6,5,1,175,1
T7,6,1,200,28
T8,7,0,60,1
[476]
T1,0,1,200,11
T2,1,1,108,2
T3,2,1,49,3
T4,3,1,175,4
T5,4,0,63,6
T6,5,1,28,2
T7,6,1,70,2
T8,7,1,147,12
[477]
T1,0,0,25,1
T2,1,0,160,24
T3,2,0,80,2
T4,3,1,200,2
T5,4,0,55,1
T6,5,0,26,2
T7,6,1,150,21
T8,7,1,56,2
[478]
T1,0,0,88,2
T2,1,1,42,4
T3,2,1,132,3
T4,3,1,200,5
T5,4,0,126,3
T6,5,1,168,9
T7,6,1,189,3
T8,7,0,24,3
[479]
T1,0,1,200,1
T2,1,1,84,2
T3,2,1,150,9
T4,3,1,198,8
T5,4,1,140,3
T6,5,1,46,2
T7,6,0,36,5
T8,7,1,100,1
[480]
T1,0,0,184,20
T2,1,1,40,1
T3,2,1,69,7
T4,3,1,135,4
T5,4,1,138,1
T6,5,1,21,2
T7,6,1,200,1
T8,7,0,184,17
[481]
T1,0,1,66,2
T2,1,0,140,10
T3,2,1,38,2
T4,3,1,200,4
T5,4,1,45,1
T6,5,1,180,31
T7,6,0,70,3
T8,7,1,160,2
[482]
T1,0,0,110,2
T2,1,0,21,1
T3,2,1,153,2
T4,3,0,99,1
T5,4,1,22,2
T6,5,1,165,10
T7,6,1,90,16
T8,7,0,200,6
[483]
T1,0,0,134,3
T2,1,0,50,4
T3,2,0,175,12
T4,3,0,168,10
T5,4,0,75,5
T6,5,1,39,1
T7,6,1,200,2
T8,7,1,72,1
[484]
T1,0,0,30,1
T2,1,1,200,7
T3,2,0,33,2
T4,3,1,63,1
T5,4,0,60,1
T6,5,1,57,2
T7,6,1,189,21
T8,7,0,168,11
[485]
T1,0,0,175,5
T2,1,1,108,6
T3,2,1,36,2
T4,3,0,40,2
T5,4,1,189,11
T6,5,0,69,1
T7,6,0,200,14
T8,7,1,70,9
[486]
T1,0,0,60,2
T2,1,0,49,2
T3,2,1,30,2
T4,3,1,78,2
T5,4,0,177,18
T6,5,0,75,5
T7,6,1,200,10
T8,7,0,177,20
[487]
T1,0,1,80,8
T2,1,1,40,3
T3,2,1,200,9
T4,3,0,84,1
T5,4,1,75,2
T6,5,1,168,5
T7,6,1,40,2
T8,7,1,182,7
[488]
T1,0,0,23,2
T2,1,0,175,3
T3,2,0,56,2
T4,3,1,71,9
T5,4,1,168,1
T6,5,0,200,9
T7,6,1,36,5
T8,7,0,63,1
[489]
T1,0,1,55,2
T2,1,0,22,1
T3,2,1,20,2
T4,3,0,160,4
T5,4,0,120,6
T6,5,0,174,1
T7,6,1,200,3
T8,7,1,96,8
[490]
T1,0,1,112,4
T2,1,1,70,2
T3,2,1,160,11
T4,3,0,26,2
T5,4,1,200,18
T6,5,1,77,2
T7,6,0,154,3
T8,7,1,35,1
[491]
T1,0,1,189,15
T2,1,1,28,2
T3,2,0,104,7
T4,3,1,100,8
T5,4,0,140,6
T6,5,0,150,3
T7,6,0,26,2
T8,7,0,200,6
[492]
T1,0,0,124,1
T2,1,0,52,2
T3,2,1,156,5
T4,3,1,52,2
T5,4,1,200,22
T6,5,0,104,2
T7,6,1,78,10
T8,7,0,160,2
[493]
T1,0,0,99,1
T2,1,0,200,32
T3,2,0,198,14
T4,3,1,43,2
T5,4,1,57,3
T6,5,0,38,2
T7,6,1,190,14
T8,7,1,110,1
[494]
T1,0,1,200,24
T2,1,1,150,9
T3,2,0,104,2
T4,3,0,39,2
T5,4,0,28,2
T6,5,1,195,2
T7,6,0,119,9
T8,7,0,104,7
[495]
T1,0,1,24,1
T2,1,1,23,2
T3,2,0,200,1
T4,3,0,75,4
T5,4,0,148,12
T6,5,1,185,8
T7,6,0,138,2
T8,7,0,100,1
[496]
T1,0,0,63,3
T2,1,0,168,20
T3,2,0,40,2
T4,3,1,189,15
T5,4,1,200,16
T6,5,1,31,1
T7,6,1,98,2
T8,7,1,63,2
[497]
T1,0,0,135,14
T2,1,0,175,6
T3,2,1,56,3
T4,3,1,20,2
T5,4,1,24,2
T6,5,0,152,1
T7,6,0,200,19
T8,7,0,54,2
[498]
T1,0,0,82,5
T2,1,1,80,2
T3,2,1,145,16
T4,3,1,200,6
T5,4,0,41,2
T6,5,0,164,17
T7,6,1,41,1
T8,7,1,160,4
[499]
T1,0,1,198,14
T2,1,0,60,6
T3,2,1,34,3
T4,3,1,45,2
T5,4,1,58,2
T6,5,0,110,1
T7,6,0,200,2
T8,7,0,150,5
[500]
T1,0,0,200,29
T2,1,1,196,3
T3,2,0,168,4
T4,3,1,56,1
T5,4,1,46,2
T6,5,1,56,2
T7,6,1,32,3
T8,7,0,56,4
