num_task_per_taskset=8
num_taskset=500
//ID,Priority,Offset,Period,Execution Time
[1]
T1,0,0,31,2
T2,1,1,150,11
T3,2,0,55,2
T4,3,1,176,1
T5,4,0,135,2
T6,5,1,110,3
T7,6,0,27,5
T8,7,0,200,17
[2]
T1,0,1,172,27
T2,1,0,172,2
T3,2,0,45,4
T4,3,1,63,1
T5,4,0,75,5
T6,5,1,100,2
T7,6,0,200,5
T8,7,0,36,3
[3]
T1,0,0,75,8
T2,1,1,38,4
T3,2,0,65,2
T4,3,1,49,2
T5,4,0,200,2
T6,5,0,175,9
T7,6,0,140,6
T8,7,0,182,23
[4]
T1,0,1,80,11
T2,1,1,170,14
T3,2,1,195,2
T4,3,1,26,2
T5,4,1,46,3
T6,5,0,78,6
T7,6,0,144,12
T8,7,1,200,1
[5]
T1,0,0,41,2
T2,1,0,200,2
T3,2,0,84,2
T4,3,0,20,1
T5,4,0,100,3
T6,5,1,152,26
T7,6,1,150,3
T8,7,1,135,17
[6]
T1,0,1,72,2
T2,1,1,200,33
T3,2,1,144,20
T4,3,0,190,15
T5,4,1,30,1
T6,5,0,30,2
T7,6,1,130,2
T8,7,1,180,3
[7]
T1,0,0,79,2
T2,1,0,200,40
T3,2,1,184,7
T4,3,0,25,2
T5,4,1,51,1
T6,5,0,184,12
T7,6,0,80,8
T8,7,1,100,2
[8]
T1,0,1,55,2
T2,1,1,114,6
T3,2,0,200,28
T4,3,1,198,5
T5,4,1,48,2
T6,5,0,31,1
T7,6,0,88,3
T8,7,1,165,19
[9]
T1,0,0,68,11
T2,1,1,190,3
T3,2,0,26,2
T4,3,0,46,7
T5,4,0,200,2
T6,5,1,190,7
T7,6,1,104,7
T8,7,0,68,1
[10]
T1,0,0,85,6
T2,1,0,51,2
T3,2,0,154,10
T4,3,1,175,18
T5,4,1,119,21
T6,5,1,77,2
T7,6,0,200,3
T8,7,1,23,2
[11]
T1,0,0,98,9
T2,1,1,198,18
T3,2,1,30,2
T4,3,0,132,9
T5,4,1,25,1
T6,5,1,198,2
T7,6,0,200,13
T8,7,0,55,1
[12]
T1,0,1,86,1
T2,1,1,175,4
T3,2,0,35,3
T4,3,1,25,1
T5,4,0,60,1
T6,5,0,150,16
T7,6,1,200,4
T8,7,0,120,15
[13]
T1,0,0,130,7
T2,1,0,27,2
T3,2,0,200,6
T4,3,0,180,38
T5,4,1,198,4
T6,5,0,75,2
T7,6,0,33,2
T8,7,0,78,5
[14]
T1,0,0,196,2
T2,1,1,200,1
T3,2,1,75,1
T4,3,1,49,2
T5,4,0,150,14
T6,5,0,22,5
T7,6,0,147,5
T8,7,0,120,9
[15]
T1,0,0,80,3
T2,1,1,170,10
T3,2,1,70,4
T4,3,0,45,2
T5,4,0,160,3
T6,5,1,45,1
T7,6,0,136,26
T8,7,0,200,7
[16]
T1,0,1,200,40
T2,1,0,145,16
T3,2,1,145,8
T4,3,1,90,2
T5,4,1,24,2
T6,5,1,198,11
T7,6,0,20,2
T8,7,0,180,2
[17]
T1,0,0,200,3
T2,1,1,138,17
T3,2,0,135,5
T4,3,0,43,1
T5,4,0,56,1
T6,5,1,175,6
T7,6,0,184,25
T8,7,0,46,3
[18]
T1,0,0,64,2
T2,1,1,80,5
T3,2,0,25,6
T4,3,1,160,8
T5,4,1,192,16
T6,5,1,86,2
T7,6,1,34,2
T8,7,1,200,2
[19]
T1,0,1,80,2
T2,1,1,182,12
T3,2,0,156,11
T4,3,1,42,2
T5,4,0,52,3
T6,5,0,120,2
T7,6,1,200,8
T8,7,1,65,13
[20]
T1,0,0,21,2
T2,1,0,49,1
T3,2,0,147,8
T4,3,0,84,8
T5,4,1,200,4
T6,5,0,175,10
T7,6,1,174,12
T8,7,1,145,7
[21]
T1,0,1,41,2
T2,1,1,36,1
T3,2,0,72,2
T4,3,0,170,3
T5,4,1,85,7
T6,5,0,174,42
T7,6,1,120,2
T8,7,1,200,5
[22]
T1,0,0,135,4
T2,1,0,20,2
T3,2,1,106,1
T4,3,1,108,18
T5,4,0,159,1
T6,5,0,51,3
T7,6,0,200,10
T8,7,1,162,2
[23]
T1,0,1,150,6
T2,1,1,200,2
T3,2,0,72,2
T4,3,1,171,13
T5,4,0,80,5
T6,5,1,42,2
T7,6,0,100,10
T8,7,1,30,3
[24]
T1,0,0,100,3
T2,1,0,20,1
T3,2,1,28,1
T4,3,1,92,2
T5,4,1,108,3
T6,5,0,150,7
T7,6,1,200,24
T8,7,0,160,21
[25]
T1,0,0,168,2
T2,1,0,126,2
T3,2,0,200,31
T4,3,1,39,1
T5,4,0,140,6
T6,5,1,165,8
T7,6,1,54,5
T8,7,0,99,8
[26]
T1,0,1,120,5
T2,1,0,150,25
T3,2,1,121,6
T4,3,0,168,3
T5,4,1,35,3
T6,5,0,200,8
T7,6,0,84,3
T8,7,1,40,1
[27]
T1,0,1,56,4
T2,1,1,28,2
T3,2,1,200,2
T4,3,1,126,3
T5,4,0,162,2
T6,5,1,192,7
T7,6,0,26,2
T8,7,1,126,30
[28]
T1,0,0,100,11
T2,1,0,200,22
T3,2,0,150,4
T4,3,1,75,1
T5,4,1,126,4
T6,5,0,25,2
T7,6,0,52,6
T8,7,1,153,6
[29]
T1,0,0,36,1
T2,1,1,120,11
T3,2,1,195,1
T4,3,0,49,2
T5,4,0,175,16
T6,5,1,105,3
T7,6,1,200,31
T8,7,1,72,2
[30]
T1,0,0,200,11
T2,1,0,189,12
T3,2,1,175,8
T4,3,0,126,15
T5,4,1,33,3
T6,5,1,21,2
T7,6,0,70,3
T8,7,0,99,1
[31]
T1,0,1,144,16
T2,1,1,32,2
T3,2,1,88,4
T4,3,1,176,5
T5,4,0,200,22
T6,5,1,90,2
T7,6,1,165,23
T8,7,1,39,2
[32]
T1,0,0,140,2
T2,1,0,24,2
T3,2,0,200,9
T4,3,1,92,2
T5,4,1,168,45
T6,5,0,25,2
T7,6,1,192,6
T8,7,0,120,5
[33]
T1,0,1,24,1
T2,1,0,70,2
T3,2,1,143,12
T4,3,0,200,42
T5,4,1,39,2
T6,5,0,165,3
T7,6,0,165,8
T8,7,1,77,2
[34]
T1,0,1,137,14
T2,1,1,26,2
T3,2,0,200,3
T4,3,1,70,6
T5,4,0,150,19
T6,5,0,70,6
T7,6,1,40,1
T8,7,0,150,4
[35]
T1,0,1,171,2
T2,1,0,190,10
T3,2,0,32,3
T4,3,1,128,2
T5,4,1,128,21
T6,5,0,46,2
T7,6,1,200,6
T8,7,0,60,5
[36]
T1,0,1,200,12
T2,1,0,105,20
T3,2,0,39,2
T4,3,0,186,15
T5,4,1,98,4
T6,5,1,175,11
T7,6,0,50,2
T8,7,1,56,1
[37]
T1,0,0,105,1
T2,1,0,180,27
T3,2,1,22,2
T4,3,0,60,2
T5,4,0,154,1
T6,5,0,200,5
T7,6,1,96,20
T8,7,0,26,1
[38]
T1,0,0,200,42
T2,1,0,44,1
T3,2,1,115,2
T4,3,0,184,11
T5,4,1,184,6
T6,5,1,24,2
T7,6,1,115,11
T8,7,0,90,2
[39]
T1,0,0,165,21
T2,1,0,200,5
T3,2,1,90,1
T4,3,1,21,2
T5,4,1,120,8
T6,5,0,156,16
T7,6,1,130,3
T8,7,0,39,2
[40]
T1,0,0,135,14
T2,1,1,128,9
T3,2,0,28,3
T4,3,0,198,6
T5,4,0,99,3
T6,5,1,30,2
T7,6,0,200,3
T8,7,0,176,17
[41]
T1,0,0,56,8
T2,1,1,43,2
T3,2,0,126,9
T4,3,0,200,7
T5,4,0,168,20
T6,5,0,40,2
T7,6,1,184,11
T8,7,1,92,1
[42]
T1,0,0,200,3
T2,1,1,130,3
T3,2,0,70,2
T4,3,1,180,16
T5,4,1,125,2
T6,5,0,156,11
T7,6,0,28,4
T8,7,1,35,3
[43]
T1,0,0,200,18
T2,1,1,100,6
T3,2,1,23,2
T4,3,1,84,10
T5,4,1,150,9
T6,5,0,120,3
T7,6,1,42,1
T8,7,0,190,15
[44]
T1,0,0,200,12
T2,1,0,48,5
T3,2,1,96,2
T4,3,1,64,1
T5,4,1,135,4
T6,5,1,168,5
T7,6,1,20,3
T8,7,1,175,14
[45]
T1,0,1,56,1
T2,1,1,37,2
T3,2,1,150,4
T4,3,1,175,2
T5,4,0,200,1
T6,5,1,102,29
T7,6,0,85,3
T8,7,0,50,1
[46]
T1,0,0,160,10
T2,1,1,200,5
T3,2,0,90,11
T4,3,0,40,2
T5,4,0,60,7
T6,5,1,72,5
T7,6,1,195,5
T8,7,1,40,1
[47]
T1,0,1,120,3
T2,1,1,75,2
T3,2,1,100,2
T4,3,0,159,9
T5,4,0,159,24
T6,5,0,200,25
T7,6,1,23,1
T8,7,0,36,1
[48]
T1,0,0,187,15
T2,1,1,200,6
T3,2,1,170,4
T4,3,0,72,1
T5,4,1,100,2
T6,5,1,80,1
T7,6,1,20,5
T8,7,1,47,1
[49]
T1,0,0,200,10
T2,1,0,25,5
T3,2,0,100,1
T4,3,1,168,2
T5,4,1,41,4
T6,5,0,160,6
T7,6,0,80,4
T8,7,0,92,2
[50]
T1,0,0,189,3
T2,1,1,75,11
T3,2,1,200,6
T4,3,1,84,2
T5,4,0,189,21
T6,5,1,28,2
T7,6,0,105,8
T8,7,0,28,1
[51]
T1,0,0,168,19
T2,1,1,68,2
T3,2,0,36,1
T4,3,1,180,10
T5,4,1,70,9
T6,5,0,200,2
T7,6,0,144,6
T8,7,1,53,4
[52]
T1,0,1,160,2
T2,1,0,26,2
T3,2,0,200,15
T4,3,0,80,4
T5,4,0,90,11
T6,5,1,25,3
T7,6,1,188,17
T8,7,1,80,2
[53]
T1,0,0,74,2
T2,1,0,75,2
T3,2,0,40,4
T4,3,1,192,25
T5,4,0,47,1
T6,5,0,200,11
T7,6,0,150,12
T8,7,0,120,4
[54]
T1,0,1,130,3
T2,1,0,182,1
T3,2,1,38,2
T4,3,0,24,1
T5,4,0,140,8
T6,5,1,175,27
T7,6,1,200,17
T8,7,1,65,3
[55]
T1,0,1,48,6
T2,1,1,80,2
T3,2,0,23,1
T4,3,0,80,4
T5,4,0,200,12
T6,5,1,196,8
T7,6,1,115,7
T8,7,0,175,13
[56]
T1,0,1,200,15
T2,1,1,160,18
T3,2,0,81,4
T4,3,0,96,2
T5,4,1,36,2
T6,5,1,156,9
T7,6,0,54,4
T8,7,1,30,2
[57]
T1,0,1,198,4
T2,1,0,75,15
T3,2,1,198,11
T4,3,1,33,2
T5,4,0,75,7
T6,5,0,28,2
T7,6,1,57,1
T8,7,0,200,11
[58]
T1,0,1,200,3
T2,1,0,75,2
T3,2,1,108,1
T4,3,1,37,2
T5,4,1,175,15
T6,5,0,198,14
T7,6,1,135,4
T8,7,0,28,5
[59]
T1,0,1,120,5
T2,1,1,196,2
T3,2,1,39,3
T4,3,0,180,18
T5,4,0,35,2
T6,5,1,140,24
T7,6,0,200,7
T8,7,1,64,2
[60]
T1,0,0,70,4
T2,1,1,98,1
T3,2,0,200,10
T4,3,0,180,16
T5,4,0,25,1
T6,5,0,88,8
T7,6,0,35,1
T8,7,1,154,9
[61]
T1,0,0,114,2
T2,1,1,70,2
T3,2,0,200,12
T4,3,1,37,1
T5,4,1,20,2
T6,5,1,76,2
T7,6,1,175,43
T8,7,0,150,8
[62]
T1,0,0,120,2
T2,1,1,156,1
T3,2,0,160,10
T4,3,1,100,6
T5,4,1,26,2
T6,5,0,45,3
T7,6,0,200,31
T8,7,0,60,5
[63]
T1,0,1,200,29
T2,1,1,150,1
T3,2,1,97,8
T4,3,0,80,3
T5,4,0,28,2
T6,5,1,35,5
T7,6,1,100,1
T8,7,0,175,1
[64]
T1,0,0,186,7
T2,1,1,200,9
T3,2,1,160,29
T4,3,1,49,2
T5,4,1,50,1
T6,5,0,93,5
T7,6,1,93,7
T8,7,1,130,8
[65]
T1,0,0,175,2
T2,1,1,42,1
T3,2,1,72,4
T4,3,1,84,4
T5,4,0,147,5
T6,5,0,21,4
T7,6,1,200,11
T8,7,1,100,1
[66]
T1,0,0,64,6
T2,1,1,180,3
T3,2,0,160,11
T4,3,1,80,8
T5,4,0,68,9
T6,5,1,36,2
T7,6,1,47,2
T8,7,0,200,4
[67]
T1,0,0,98,3
T2,1,1,37,2
T3,2,0,200,10
T4,3,1,40,1
T5,4,0,96,6
T6,5,0,147,13
T7,6,0,175,16
T8,7,0,125,7
[68]
T1,0,0,84,2
T2,1,1,200,23
T3,2,1,21,2
T4,3,1,138,14
T5,4,0,184,12
T6,5,1,60,1
T7,6,1,184,16
T8,7,0,50,1
[69]
T1,0,1,160,2
T2,1,1,60,13
T3,2,1,25,1
T4,3,1,168,23
T5,4,1,56,1
T6,5,0,200,2
T7,6,1,24,2
T8,7,1,118,3
[70]
T1,0,1,140,9
T2,1,1,180,3
T3,2,1,200,3
T4,3,0,47,1
T5,4,0,63,5
T6,5,1,100,4
T7,6,0,184,22
T8,7,0,42,4
[71]
T1,0,0,200,2
T2,1,1,54,2
T3,2,0,176,13
T4,3,1,25,2
T5,4,1,96,12
T6,5,0,55,3
T7,6,1,45,1
T8,7,1,176,32
[72]
T1,0,0,56,2
T2,1,0,33,2
T3,2,1,90,6
T4,3,0,200,18
T5,4,1,54,4
T6,5,1,175,7
T7,6,0,50,6
T8,7,0,192,3
[73]
T1,0,0,22,2
T2,1,1,75,4
T3,2,1,110,18
T4,3,0,200,2
T5,4,0,168,11
T6,5,0,154,11
T7,6,0,51,2
T8,7,0,102,7
[74]
T1,0,0,168,39
T2,1,1,20,1
T3,2,1,200,5
T4,3,0,102,6
T5,4,0,100,2
T6,5,1,180,1
T7,6,0,21,2
T8,7,1,70,2
[75]
T1,0,0,24,1
T2,1,0,32,2
T3,2,0,200,1
T4,3,1,140,19
T5,4,0,175,2
T6,5,0,140,10
T7,6,0,168,19
T8,7,0,130,11
[76]
T1,0,1,168,1
T2,1,1,29,3
T3,2,0,32,2
T4,3,1,196,9
T5,4,0,200,3
T6,5,1,144,14
T7,6,1,120,3
T8,7,1,64,5
[77]
T1,0,1,175,41
T2,1,0,200,20
T3,2,0,112,7
T4,3,0,45,2
T5,4,0,154,2
T6,5,0,26,2
T7,6,1,96,2
T8,7,1,96,3
[78]
T1,0,0,24,3
T2,1,1,200,15
T3,2,0,176,22
T4,3,0,55,2
T5,4,0,168,3
T6,5,1,135,2
T7,6,0,140,5
T8,7,0,27,1
[79]
T1,0,0,200,19
T2,1,0,77,1
T3,2,0,150,7
T4,3,0,44,6
T5,4,0,96,5
T6,5,0,192,10
T7,6,1,33,1
T8,7,1,84,2
[80]
T1,0,0,72,6
T2,1,0,152,2
T3,2,0,200,13
T4,3,0,53,1
T5,4,0,40,2
T6,5,0,68,6
T7,6,1,102,12
T8,7,1,153,10
[81]
T1,0,0,100,2
T2,1,0,36,1
T3,2,1,200,4
T4,3,0,156,44
T5,4,0,46,2
T6,5,0,120,1
T7,6,0,176,17
T8,7,1,143,2
[82]
T1,0,1,39,2
T2,1,0,70,2
T3,2,0,150,2
T4,3,0,159,22
T5,4,1,105,4
T6,5,1,120,4
T7,6,1,200,18
T8,7,0,36,3
[83]
T1,0,0,45,1
T2,1,1,150,4
T3,2,1,35,2
T4,3,0,200,43
T5,4,0,84,8
T6,5,0,122,5
T7,6,0,168,6
T8,7,1,63,1
[84]
T1,0,1,24,2
T2,1,0,189,13
T3,2,0,50,1
T4,3,0,144,1
T5,4,1,105,16
T6,5,1,200,27
T7,6,0,144,7
T8,7,1,180,4
[85]
T1,0,1,176,20
T2,1,0,200,33
T3,2,1,20,2
T4,3,1,160,2
T5,4,1,26,2
T6,5,1,132,6
T7,6,0,128,5
T8,7,1,56,4
[86]
T1,0,1,30,2
T2,1,0,200,23
T3,2,0,75,1
T4,3,1,170,6
T5,4,0,170,2
T6,5,0,85,1
T7,6,0,24,3
T8,7,1,126,16
[87]
T1,0,0,174,13
T2,1,1,116,2
T3,2,1,165,7
T4,3,0,45,3
T5,4,0,39,4
T6,5,1,88,10
T7,6,1,200,5
T8,7,0,58,2
[88]
T1,0,0,33,2
T2,1,0,105,5
T3,2,0,63,3
T4,3,1,156,2
T5,4,1,175,20
T6,5,0,200,11
T7,6,0,90,2
T8,7,1,30,4
[89]
T1,0,1,25,3
T2,1,1,30,1
T3,2,1,75,2
T4,3,1,100,1
T5,4,0,200,24
T6,5,0,76,2
T7,6,1,175,8
T8,7,1,171,12
[90]
T1,0,0,48,2
T2,1,1,200,17
T3,2,0,75,2
T4,3,1,133,11
T5,4,0,110,10
T6,5,0,50,4
T7,6,0,190,12
T8,7,0,152,8
[91]
T1,0,0,72,2
T2,1,0,44,5
T3,2,0,88,6
T4,3,0,30,2
T5,4,0,90,1
T6,5,1,198,3
T7,6,1,200,27
T8,7,0,192,18
[92]
T1,0,1,189,7
T2,1,0,78,12
T3,2,1,108,2
T4,3,0,34,2
T5,4,0,175,2
T6,5,0,75,8
T7,6,0,20,1
T8,7,0,200,6
[93]
T1,0,1,84,11
T2,1,1,120,3
T3,2,0,175,25
T4,3,0,112,2
T5,4,1,54,1
T6,5,0,200,13
T7,6,0,159,7
T8,7,1,28,2
[94]
T1,0,0,126,3
T2,1,0,70,5
T3,2,1,200,1
T4,3,0,189,3
T5,4,0,44,8
T6,5,0,170,7
T7,6,1,84,11
T8,7,1,28,2
[95]
T1,0,1,170,1
T2,1,1,28,2
T3,2,1,51,2
T4,3,1,170,19
T5,4,0,128,4
T6,5,0,85,5
T7,6,1,85,4
T8,7,0,200,21
[96]
T1,0,1,200,7
T2,1,1,144,3
T3,2,1,65,1
T4,3,0,180,16
T5,4,1,136,5
T6,5,0,47,8
T7,6,1,156,2
T8,7,1,25,2
[97]
T1,0,0,180,22
T2,1,1,75,6
T3,2,1,120,2
T4,3,1,28,2
T5,4,1,200,2
T6,5,0,150,15
T7,6,0,36,2
T8,7,1,79,4
[98]
T1,0,1,200,3
T2,1,0,176,1
T3,2,0,80,4
T4,3,1,160,4
T5,4,1,65,6
T6,5,1,112,7
T7,6,1,52,8
T8,7,1,28,1
[99]
T1,0,1,156,3
T2,1,0,43,4
T3,2,1,84,7
T4,3,0,24,2
T5,4,1,144,9
T6,5,0,90,3
T7,6,1,200,12
T8,7,1,189,15
[100]
T1,0,0,152,2
T2,1,1,100,5
T3,2,0,105,1
T4,3,1,35,2
T5,4,1,36,2
T6,5,0,192,33
T7,6,0,100,10
T8,7,0,200,2
[101]
T1,0,0,84,2
T2,1,0,150,6
T3,2,0,56,6
T4,3,1,200,17
T5,4,0,48,1
T6,5,1,63,10
T7,6,0,162,2
T8,7,1,25,2
[102]
T1,0,0,100,1
T2,1,1,160,11
T3,2,0,132,4
T4,3,1,148,13
T5,4,1,74,1
T6,5,0,48,10
T7,6,0,200,6
T8,7,0,26,2
[103]
T1,0,1,44,2
T2,1,1,200,2
T3,2,0,195,9
T4,3,1,156,7
T5,4,1,75,4
T6,5,1,84,4
T7,6,0,77,16
T8,7,1,52,3
[104]
T1,0,1,22,1
T2,1,1,88,6
T3,2,0,112,2
T4,3,0,66,1
T5,4,1,168,6
T6,5,0,30,8
T7,6,0,200,3
T8,7,1,160,2
[105]
T1,0,1,24,1
T2,1,0,81,11
T3,2,0,192,1
T4,3,1,189,4
T5,4,1,63,6
T6,5,1,75,4
T7,6,0,48,3
T8,7,0,200,6
[106]
T1,0,0,55,1
T2,1,0,33,7
T3,2,0,28,4
T4,3,0,165,5
T5,4,0,170,4
T6,5,1,200,1
T7,6,1,110,2
T8,7,0,125,2
[107]
T1,0,1,84,3
T2,1,0,200,7
T3,2,1,42,2
T4,3,0,154,22
T5,4,0,54,2
T6,5,1,198,2
T7,6,1,126,15
T8,7,1,99,8
[108]
T1,0,1,189,8
T2,1,1,130,12
T3,2,1,200,15
T4,3,1,84,1
T5,4,0,39,2
T6,5,1,168,25
T7,6,1,21,2
T8,7,0,75,4
[109]
T1,0,1,192,19
T2,1,0,57,3
T3,2,0,112,10
T4,3,0,56,2
T5,4,1,200,11
T6,5,0,40,1
T7,6,0,160,5
T8,7,0,20,2
[110]
T1,0,0,28,1
T2,1,1,200,4
T3,2,1,35,3
T4,3,0,154,9
T5,4,1,55,3
T6,5,0,176,11
T7,6,0,55,2
T8,7,0,55,4
[111]
T1,0,0,39,4
T2,1,1,200,6
T3,2,0,150,13
T4,3,1,136,2
T5,4,1,180,2
T6,5,0,44,2
T7,6,0,90,16
T8,7,0,120,6
[112]
T1,0,1,150,21
T2,1,0,85,11
T3,2,1,200,3
T4,3,0,168,5
T5,4,0,42,2
T6,5,0,29,2
T7,6,1,120,5
T8,7,0,56,5
[113]
T1,0,0,66,2
T2,1,1,63,2
T3,2,0,198,53
T4,3,1,32,2
T5,4,0,126,2
T6,5,0,31,3
T7,6,0,160,1
T8,7,0,200,1
[114]
T1,0,1,150,15
T2,1,1,100,5
T3,2,1,132,6
T4,3,0,188,2
T5,4,0,20,3
T6,5,0,55,2
T7,6,1,33,1
T8,7,0,200,7
[115]
T1,0,1,60,3
T2,1,0,53,3
T3,2,1,30,2
T4,3,1,180,1
T5,4,1,198,25
T6,5,1,60,7
T7,6,1,94,2
T8,7,0,200,21
[116]
T1,0,0,92,3
T2,1,0,200,11
T3,2,0,200,24
T4,3,1,48,3
T5,4,0,46,4
T6,5,1,150,9
T7,6,1,69,3
T8,7,0,93,2
[117]
T1,0,0,75,11
T2,1,0,25,2
T3,2,0,80,6
T4,3,1,200,4
T5,4,0,84,8
T6,5,1,40,1
T7,6,0,194,1
T8,7,1,175,9
[118]
T1,0,0,43,2
T2,1,0,175,3
T3,2,1,165,2
T4,3,0,88,8
T5,4,0,112,18
T6,5,0,88,9
T7,6,1,200,11
T8,7,1,22,1
[119]
T1,0,0,22,2
T2,1,0,128,8
T3,2,1,160,8
T4,3,0,50,1
T5,4,0,200,1
T6,5,1,184,15
T7,6,0,56,5
T8,7,0,56,3
[120]
T1,0,0,93,6
T2,1,1,200,3
T3,2,0,150,2
T4,3,0,35,2
T5,4,1,40,2
T6,5,0,186,8
T7,6,0,99,28
T8,7,1,99,3
[121]
T1,0,0,128,8
T2,1,1,41,3
T3,2,0,190,1
T4,3,1,175,15
T5,4,0,128,2
T6,5,0,40,3
T7,6,1,133,3
T8,7,0,200,24
[122]
T1,0,1,130,3
T2,1,0,130,30
T3,2,1,90,2
T4,3,0,162,12
T5,4,0,32,2
T6,5,0,200,4
T7,6,1,160,7
T8,7,0,26,2
[123]
T1,0,1,160,5
T2,1,0,75,4
T3,2,0,170,20
T4,3,0,102,5
T5,4,1,200,7
T6,5,1,49,5
T7,6,1,68,2
T8,7,0,32,2
[124]
T1,0,1,41,7
T2,1,1,27,2
T3,2,0,180,6
T4,3,1,70,2
T5,4,0,152,15
T6,5,0,200,12
T7,6,0,76,5
T8,7,1,90,1
[125]
T1,0,0,180,31
T2,1,1,23,1
T3,2,1,45,2
T4,3,1,72,5
T5,4,1,200,4
T6,5,1,196,16
T7,6,0,66,1
T8,7,1,56,2
[126]
T1,0,1,140,24
T2,1,1,52,3
T3,2,1,160,4
T4,3,0,200,2
T5,4,1,150,13
T6,5,1,35,1
T7,6,1,56,2
T8,7,0,115,8
[127]
T1,0,0,126,11
T2,1,0,70,8
T3,2,0,25,2
T4,3,0,200,21
T5,4,1,75,5
T6,5,1,150,4
T7,6,0,53,3
T8,7,0,154,2
[128]
T1,0,1,200,2
T2,1,1,21,2
T3,2,0,175,10
T4,3,0,133,8
T5,4,1,140,8
T6,5,1,30,4
T7,6,1,110,12
T8,7,0,175,2
[129]
T1,0,1,95,30
T2,1,1,75,1
T3,2,1,175,2
T4,3,1,30,1
T5,4,1,25,2
T6,5,1,95,1
T7,6,1,190,18
T8,7,0,200,1
[130]
T1,0,1,120,5
T2,1,1,175,12
T3,2,0,36,2
T4,3,0,200,28
T5,4,1,168,1
T6,5,1,32,1
T7,6,1,125,12
T8,7,0,80,1
[131]
T1,0,0,170,3
T2,1,1,48,2
T3,2,1,42,6
T4,3,1,66,5
T5,4,0,180,5
T6,5,1,102,1
T7,6,1,88,6
T8,7,1,200,15
[132]
T1,0,0,200,1
T2,1,0,25,1
T3,2,0,66,5
T4,3,0,48,6
T5,4,0,187,24
T6,5,1,168,5
T7,6,1,60,2
T8,7,0,110,1
[133]
T1,0,1,140,2
T2,1,0,134,5
T3,2,0,150,7
T4,3,0,40,3
T5,4,0,51,2
T6,5,1,200,42
T7,6,0,175,2
T8,7,0,126,6
[134]
T1,0,0,24,2
T2,1,0,190,33
T3,2,0,170,5
T4,3,1,68,4
T5,4,0,38,1
T6,5,1,85,2
T7,6,1,200,2
T8,7,0,80,10
[135]
T1,0,1,54,9
T2,1,0,198,19
T3,2,0,50,2
T4,3,0,150,7
T5,4,1,49,2
T6,5,1,88,8
T7,6,0,132,2
T8,7,1,200,14
[136]
T1,0,1,100,10
T2,1,0,140,2
T3,2,0,140,24
T4,3,0,200,2
T5,4,1,35,3
T6,5,0,34,1
T7,6,1,175,9
T8,7,0,153,2
[137]
T1,0,1,80,2
T2,1,1,89,2
T3,2,0,54,1
T4,3,0,150,4
T5,4,1,200,8
T6,5,1,180,5
T7,6,1,52,13
T8,7,1,20,2
[138]
T1,0,1,75,6
T2,1,0,27,3
T3,2,0,80,3
T4,3,1,175,2
T5,4,1,200,6
T6,5,0,98,11
T7,6,1,150,2
T8,7,0,21,1
[139]
T1,0,1,150,2
T2,1,0,35,2
T3,2,0,200,8
T4,3,0,63,10
T5,4,0,42,1
T6,5,0,196,2
T7,6,1,63,8
T8,7,1,98,6
[140]
T1,0,0,170,21
T2,1,0,60,3
T3,2,1,70,2
T4,3,1,45,2
T5,4,0,200,23
T6,5,0,45,3
T7,6,1,85,6
T8,7,0,175,7
[141]
T1,0,1,75,2
T2,1,0,160,2
T3,2,0,75,5
T4,3,0,132,3
T5,4,0,42,3
T6,5,0,200,4
T7,6,1,176,21
T8,7,0,30,3
[142]
T1,0,1,168,11
T2,1,1,170,9
T3,2,0,104,2
T4,3,1,200,2
T5,4,0,105,16
T6,5,1,35,1
T7,6,0,30,2
T8,7,1,84,7
[143]
T1,0,1,145,1
T2,1,1,145,8
T3,2,1,155,9
T4,3,0,60,3
T5,4,1,37,2
T6,5,1,155,33
T7,6,0,31,2
T8,7,1,200,17
[144]
T1,0,1,42,2
T2,1,1,200,2
T3,2,0,77,2
T4,3,1,66,11
T5,4,0,77,2
T6,5,1,160,2
T7,6,0,41,2
T8,7,0,198,42
[145]
T1,0,0,150,6
T2,1,1,38,2
T3,2,0,58,12
T4,3,0,78,2
T5,4,1,195,26
T6,5,1,200,1
T7,6,0,120,9
T8,7,1,25,2
[146]
T1,0,0,30,2
T2,1,0,200,10
T3,2,1,168,20
T4,3,0,195,2
T5,4,1,70,9
T6,5,1,26,2
T7,6,0,132,8
T8,7,1,88,6
[147]
T1,0,0,132,18
T2,1,1,54,2
T3,2,0,48,1
T4,3,1,200,15
T5,4,1,154,5
T6,5,1,198,18
T7,6,0,84,5
T8,7,1,45,2
[148]
T1,0,0,112,2
T2,1,1,200,2
T3,2,0,50,2
T4,3,1,120,22
T5,4,0,42,2
T6,5,0,72,7
T7,6,1,165,2
T8,7,1,160,17
[149]
T1,0,1,25,2
T2,1,0,110,2
T3,2,1,176,18
T4,3,1,175,9
T5,4,0,92,3
T6,5,1,110,10
T7,6,0,200,11
T8,7,1,41,1
[150]
T1,0,0,49,4
T2,1,1,200,30
T3,2,1,135,8
T4,3,1,135,1
T5,4,1,194,9
T6,5,1,108,2
T7,6,0,40,4
T8,7,0,150,2
[151]
T1,0,1,200,35
T2,1,0,186,5
T3,2,1,40,1
T4,3,1,164,2
T5,4,1,38,2
T6,5,1,124,13
T7,6,0,93,2
T8,7,0,62,1
[152]
T1,0,0,51,2
T2,1,0,180,20
T3,2,0,117,9
T4,3,1,102,1
T5,4,0,80,11
T6,5,0,195,3
T7,6,1,200,17
T8,7,0,24,2
[153]
T1,0,0,153,2
T2,1,0,40,2
T3,2,1,75,2
T4,3,1,72,2
T5,4,1,150,9
T6,5,0,35,2
T7,6,0,200,65
T8,7,1,88,1
[154]
T1,0,0,24,1
T2,1,0,99,2
T3,2,1,189,19
T4,3,1,120,10
T5,4,1,108,4
T6,5,1,50,3
T7,6,0,200,5
T8,7,1,180,16
[155]
T1,0,0,88,1
T2,1,1,200,17
T3,2,1,28,1
T4,3,0,56,4
T5,4,1,182,16
T6,5,0,104,6
T7,6,0,175,1
T8,7,1,37,2
[156]
T1,0,1,150,13
T2,1,0,50,2
T3,2,0,66,2
T4,3,1,159,10
T5,4,0,88,2
T6,5,0,75,1
T7,6,0,40,2
T8,7,1,200,45
[157]
T1,0,0,82,2
T2,1,1,44,2
T3,2,0,190,3
T4,3,0,40,3
T5,4,1,60,6
T6,5,0,200,4
T7,6,1,190,2
T8,7,1,114,20
[158]
T1,0,0,140,9
T2,1,0,50,6
T3,2,0,52,2
T4,3,1,200,32
T5,4,1,56,2
T6,5,1,55,1
T7,6,1,150,8
T8,7,1,176,5
[159]
T1,0,0,34,2
T2,1,0,120,4
T3,2,1,60,10
T4,3,1,200,9
T5,4,1,88,5
T6,5,1,42,1
T7,6,0,156,2
T8,7,1,165,11
[160]
T1,0,1,99,10
T2,1,1,200,5
T3,2,1,88,3
T4,3,0,40,2
T5,4,1,189,8
T6,5,0,24,1
T7,6,0,105,13
T8,7,1,168,9
[161]
T1,0,1,150,2
T2,1,1,92,3
T3,2,0,46,7
T4,3,0,70,2
T5,4,1,50,5
T6,5,0,200,17
T7,6,1,150,4
T8,7,0,69,3
[162]
T1,0,1,40,2
T2,1,0,85,12
T3,2,0,200,32
T4,3,0,37,1
T5,4,1,152,4
T6,5,0,95,4
T7,6,0,160,5
T8,7,1,85,1
[163]
T1,0,1,85,1
T2,1,0,76,2
T3,2,1,25,3
T4,3,0,160,1
T5,4,0,160,17
T6,5,1,25,5
T7,6,0,60,2
T8,7,0,200,2
[164]
T1,0,0,37,2
T2,1,0,95,6
T3,2,1,57,5
T4,3,0,196,11
T5,4,0,25,4
T6,5,0,200,11
T7,6,1,150,1
T8,7,1,60,1
[165]
T1,0,1,31,1
T2,1,1,180,2
T3,2,0,21,1
T4,3,0,171,19
T5,4,0,75,6
T6,5,1,200,3
T7,6,1,56,5
T8,7,1,54,4
[166]
T1,0,1,180,4
T2,1,0,144,17
T3,2,1,30,2
T4,3,0,176,2
T5,4,1,144,7
T6,5,0,135,16
T7,6,0,43,1
T8,7,1,200,26
[167]
T1,0,0,138,17
T2,1,0,47,2
T3,2,1,200,2
T4,3,1,150,2
T5,4,0,153,20
T6,5,1,85,7
T7,6,0,46,3
T8,7,0,115,4
[168]
T1,0,1,156,2
T2,1,1,27,4
T3,2,0,88,2
T4,3,0,195,3
T5,4,1,200,8
T6,5,0,104,2
T7,6,1,32,3
T8,7,1,110,14
[169]
T1,0,1,30,3
T2,1,1,160,19
T3,2,1,200,5
T4,3,0,195,3
T5,4,0,80,3
T6,5,1,45,2
T7,6,1,105,4
T8,7,1,60,4
[170]
T1,0,0,175,13
T2,1,1,126,7
T3,2,0,147,19
T4,3,0,45,1
T5,4,1,22,2
T6,5,1,165,6
T7,6,1,200,1
T8,7,0,99,4
[171]
T1,0,0,72,4
T2,1,1,171,5
T3,2,1,200,4
T4,3,0,25,2
T5,4,0,162,2
T6,5,1,75,11
T7,6,0,49,8
T8,7,1,90,3
[172]
T1,0,1,30,1
T2,1,1,114,3
T3,2,0,46,7
T4,3,0,68,2
T5,4,1,150,12
T6,5,0,170,16
T7,6,0,125,2
T8,7,1,200,14
[173]
T1,0,1,200,12
T2,1,1,26,2
T3,2,1,175,1
T4,3,1,84,2
T5,4,1,175,12
T6,5,0,72,11
T7,6,0,24,2
T8,7,1,64,11
[174]
T1,0,1,144,3
T2,1,1,200,7
T3,2,0,130,14
T4,3,1,78,1
T5,4,1,39,1
T6,5,1,152,4
T7,6,0,52,7
T8,7,1,150,14
[175]
T1,0,0,42,1
T2,1,1,54,2
T3,2,1,100,14
T4,3,0,200,2
T5,4,1,165,7
T6,5,1,175,41
T7,6,0,60,1
T8,7,0,85,2
[176]
T1,0,1,47,1
T2,1,0,200,36
T3,2,1,192,3
T4,3,0,192,8
T5,4,1,40,1
T6,5,0,100,8
T7,6,0,55,2
T8,7,1,100,7
[177]
T1,0,0,108,14
T2,1,0,34,1
T3,2,0,91,6
T4,3,1,180,18
T5,4,1,70,2
T6,5,1,189,12
T7,6,0,27,2
T8,7,1,200,9
[178]
T1,0,1,192,5
T2,1,0,144,5
T3,2,0,200,4
T4,3,1,168,16
T5,4,1,84,9
T6,5,1,49,1
T7,6,0,49,5
T8,7,0,96,5
[179]
T1,0,0,31,3
T2,1,0,180,2
T3,2,0,92,17
T4,3,0,120,12
T5,4,0,40,2
T6,5,0,200,1
T7,6,1,180,6
T8,7,1,135,2
[180]
T1,0,0,20,5
T2,1,0,150,8
T3,2,1,100,9
T4,3,1,65,2
T5,4,1,33,1
T6,5,1,156,1
T7,6,1,200,4
T8,7,0,120,2
[181]
T1,0,1,120,4
T2,1,1,46,2
T3,2,0,112,4
T4,3,0,93,12
T5,4,0,200,13
T6,5,1,150,19
T7,6,0,168,2
T8,7,1,25,2
[182]
T1,0,1,96,11
T2,1,0,75,8
T3,2,0,170,2
T4,3,0,84,1
T5,4,1,29,2
T6,5,1,160,1
T7,6,0,200,14
T8,7,1,51,7
[183]
T1,0,1,130,8
T2,1,1,32,2
T3,2,1,25,2
T4,3,1,192,2
T5,4,0,55,2
T6,5,1,176,16
T7,6,1,200,29
T8,7,0,110,5
[184]
T1,0,0,25,2
T2,1,1,189,9
T3,2,0,182,3
T4,3,1,72,1
T5,4,0,126,2
T6,5,0,38,4
T7,6,0,200,28
T8,7,1,140,17
[185]
T1,0,1,114,10
T2,1,1,75,4
T3,2,0,136,11
T4,3,1,171,2
T5,4,0,24,1
T6,5,1,200,25
T7,6,0,21,1
T8,7,0,153,1
[186]
T1,0,0,44,5
T2,1,1,165,2
T3,2,1,189,11
T4,3,1,112,3
T5,4,0,36,2
T6,5,1,56,4
T7,6,1,88,8
T8,7,0,200,3
[187]
T1,0,0,200,13
T2,1,0,52,2
T3,2,1,85,2
T4,3,1,34,2
T5,4,0,64,2
T6,5,0,187,22
T7,6,0,192,12
T8,7,0,68,9
[188]
T1,0,0,150,8
T2,1,0,36,2
T3,2,1,200,14
T4,3,0,51,5
T5,4,0,60,8
T6,5,1,123,4
T7,6,0,60,2
T8,7,1,168,12
[189]
T1,0,0,100,1
T2,1,1,168,19
T3,2,0,200,2
T4,3,1,22,2
T5,4,1,90,15
T6,5,1,80,4
T7,6,0,20,1
T8,7,1,171,7
[190]
T1,0,0,154,5
T2,1,0,77,2
T3,2,1,60,2
T4,3,1,77,5
T5,4,1,165,37
T6,5,0,20,2
T7,6,1,200,2
T8,7,1,34,3
[191]
T1,0,0,49,6
T2,1,0,200,14
T3,2,0,75,2
T4,3,0,80,2
T5,4,1,66,2
T6,5,1,177,2
T7,6,0,177,5
T8,7,0,22,4
[192]
T1,0,0,37,2
T2,1,1,105,5
T3,2,1,161,12
T4,3,1,56,2
T5,4,1,48,5
T6,5,0,63,4
T7,6,0,180,8
T8,7,0,200,16
[193]
T1,0,0,98,19
T2,1,0,45,1
T3,2,1,84,1
T4,3,1,200,12
T5,4,0,37,1
T6,5,1,162,15
T7,6,0,120,2
T8,7,0,180,6
[194]
T1,0,1,150,4
T2,1,1,57,2
T3,2,1,34,7
T4,3,0,133,4
T5,4,1,150,6
T6,5,0,200,3
T7,6,1,27,1
T8,7,1,70,6
[195]
T1,0,1,60,2
T2,1,0,196,40
T3,2,1,53,2
T4,3,1,104,3
T5,4,1,196,10
T6,5,0,200,12
T7,6,0,120,2
T8,7,1,28,1
[196]
T1,0,0,75,10
T2,1,1,200,3
T3,2,0,22,2
T4,3,0,84,4
T5,4,0,45,2
T6,5,1,150,6
T7,6,1,120,11
T8,7,1,164,20
[197]
T1,0,0,200,7
T2,1,1,80,1
T3,2,0,108,4
T4,3,0,180,12
T5,4,1,24,1
T6,5,0,42,5
T7,6,0,54,2
T8,7,0,165,20
[198]
T1,0,0,70,2
T2,1,0,35,2
T3,2,1,200,5
T4,3,0,145,3
T5,4,1,192,53
T6,5,0,174,17
T7,6,1,87,2
T8,7,1,42,1
[199]
T1,0,0,32,2
T2,1,1,58,1
T3,2,1,160,2
T4,3,0,80,3
T5,4,1,200,6
T6,5,1,72,2
T7,6,0,40,10
T8,7,0,160,6
[200]
T1,0,0,114,2
T2,1,1,174,20
T3,2,1,200,18
T4,3,0,171,9
T5,4,0,36,2
T6,5,0,20,2
T7,6,0,100,8
T8,7,1,100,10
[201]
T1,0,1,144,10
T2,1,1,65,5
T3,2,1,100,2
T4,3,1,195,29
T5,4,0,200,12
T6,5,1,162,2
T7,6,1,26,1
T8,7,0,23,2
[202]
T1,0,1,40,4
T2,1,1,168,3
T3,2,0,200,9
T4,3,1,65,5
T5,4,0,30,2
T6,5,1,154,17
T7,6,1,104,2
T8,7,0,132,11
[203]
T1,0,1,42,4
T2,1,0,44,2
T3,2,0,126,12
T4,3,1,168,5
T5,4,0,189,9
T6,5,1,200,25
T7,6,0,105,3
T8,7,1,102,2
[204]
T1,0,1,171,3
T2,1,1,135,27
T3,2,1,200,2
T4,3,1,76,10
T5,4,1,28,2
T6,5,0,60,2
T7,6,1,40,1
T8,7,0,189,3
[205]
T1,0,0,63,2
T2,1,1,23,6
T3,2,0,148,2
T4,3,0,175,4
T5,4,0,200,1
T6,5,0,50,2
T7,6,1,63,3
T8,7,0,120,11
[206]
T1,0,0,125,1
T2,1,0,44,3
T3,2,0,120,28
T4,3,0,165,6
T5,4,1,52,2
T6,5,1,160,9
T7,6,1,200,9
T8,7,1,72,2
[207]
T1,0,1,90,12
T2,1,0,70,2
T3,2,1,23,2
T4,3,1,21,3
T5,4,1,189,4
T6,5,1,81,1
T7,6,1,162,9
T8,7,0,200,18
[208]
T1,0,1,69,1
T2,1,1,48,2
T3,2,1,46,2
T4,3,1,75,4
T5,4,0,168,25
T6,5,1,69,1
T7,6,0,200,20
T8,7,0,161,16
[209]
T1,0,0,147,7
T2,1,1,32,2
T3,2,1,140,18
T4,3,1,175,30
T5,4,0,112,4
T6,5,0,196,6
T7,6,0,47,2
T8,7,1,200,11
[210]
T1,0,1,53,2
T2,1,0,48,4
T3,2,1,200,20
T4,3,1,112,2
T5,4,0,56,2
T6,5,1,150,17
T7,6,1,74,11
T8,7,1,150,2
[211]
T1,0,1,29,3
T2,1,0,125,2
T3,2,1,40,2
T4,3,0,200,6
T5,4,0,117,25
T6,5,1,144,3
T7,6,1,160,6
T8,7,0,192,2
[212]
T1,0,1,76,11
T2,1,1,148,8
T3,2,0,148,1
T4,3,0,200,6
T5,4,1,133,13
T6,5,0,45,1
T7,6,1,140,6
T8,7,0,20,1
[213]
T1,0,0,200,10
T2,1,0,40,2
T3,2,0,56,2
T4,3,1,160,3
T5,4,1,160,39
T6,5,1,140,2
T7,6,1,104,11
T8,7,1,44,2
[214]
T1,0,0,200,16
T2,1,1,32,3
T3,2,1,20,1
T4,3,1,155,4
T5,4,0,140,4
T6,5,0,56,2
T7,6,1,175,14
T8,7,1,63,3
[215]
T1,0,0,28,4
T2,1,0,182,6
T3,2,1,64,6
T4,3,0,112,2
T5,4,0,56,5
T6,5,1,46,2
T7,6,1,200,1
T8,7,0,175,15
[216]
T1,0,1,105,3
T2,1,1,200,16
T3,2,0,150,14
T4,3,0,40,3
T5,4,1,24,1
T6,5,1,107,2
T7,6,0,140,13
T8,7,1,175,4
[217]
T1,0,1,64,3
T2,1,1,69,2
T3,2,1,184,4
T4,3,0,32,5
T5,4,0,29,1
T6,5,0,200,7
T7,6,0,150,1
T8,7,1,115,13
[218]
T1,0,1,108,2
T2,1,1,195,52
T3,2,1,156,12
T4,3,0,200,4
T5,4,1,66,2
T6,5,0,104,2
T7,6,0,40,2
T8,7,1,44,3
[219]
T1,0,1,146,11
T2,1,0,100,3
T3,2,0,200,24
T4,3,0,146,7
T5,4,0,31,2
T6,5,0,150,7
T7,6,1,50,2
T8,7,1,180,14
[220]
T1,0,1,180,3
T2,1,1,117,7
T3,2,0,44,2
T4,3,1,48,2
T5,4,0,152,2
T6,5,1,80,2
T7,6,0,200,49
T8,7,0,72,1
[221]
T1,0,1,200,19
T2,1,1,149,19
T3,2,1,84,3
T4,3,1,140,4
T5,4,0,150,10
T6,5,0,50,2
T7,6,1,70,7
T8,7,1,31,2
[222]
T1,0,0,60,2
T2,1,0,198,8
T3,2,1,51,2
T4,3,1,180,21
T5,4,1,135,8
T6,5,1,200,4
T7,6,0,36,6
T8,7,0,96,2
[223]
T1,0,0,200,11
T2,1,0,42,2
T3,2,0,180,8
T4,3,0,90,9
T5,4,0,115,5
T6,5,0,108,2
T7,6,0,32,3
T8,7,1,189,12
[224]
T1,0,0,136,5
T2,1,0,28,1
T3,2,1,56,2
T4,3,1,200,4
T5,4,1,25,3
T6,5,1,150,20
T7,6,1,170,4
T8,7,1,144,2
[225]
T1,0,0,120,2
T2,1,1,200,2
T3,2,1,150,17
T4,3,1,112,2
T5,4,0,165,17
T6,5,1,37,2
T7,6,0,48,5
T8,7,0,63,4
[226]
T1,0,0,84,13
T2,1,0,50,3
T3,2,0,175,1
T4,3,0,200,3
T5,4,0,45,1
T6,5,1,112,10
T7,6,1,111,2
T8,7,0,148,17
[227]
T1,0,1,189,22
T2,1,1,35,1
T3,2,1,198,21
T4,3,1,32,2
T5,4,0,77,5
T6,5,1,200,4
T7,6,0,108,8
T8,7,0,100,4
[228]
T1,0,1,200,15
T2,1,0,29,1
T3,2,0,27,2
T4,3,0,175,13
T5,4,0,150,19
T6,5,1,140,5
T7,6,1,140,3
T8,7,0,132,10
[229]
T1,0,1,39,3
T2,1,0,150,9
T3,2,1,176,8
T4,3,1,100,1
T5,4,1,39,2
T6,5,0,80,6
T7,6,1,200,10
T8,7,1,96,10
[230]
T1,0,0,140,14
T2,1,1,21,2
T3,2,1,180,14
T4,3,0,52,1
T5,4,1,147,5
T6,5,0,200,6
T7,6,0,165,1
T8,7,0,110,8
[231]
T1,0,0,70,5
T2,1,1,32,2
T3,2,1,49,7
T4,3,0,165,1
T5,4,1,77,6
T6,5,1,154,2
T7,6,1,200,8
T8,7,1,75,3
[232]
T1,0,1,78,5
T2,1,0,168,2
T3,2,0,20,2
T4,3,0,200,13
T5,4,0,100,6
T6,5,1,27,1
T7,6,1,160,1
T8,7,1,104,22
[233]
T1,0,1,56,3
T2,1,1,200,9
T3,2,1,170,2
T4,3,1,175,16
T5,4,0,60,3
T6,5,1,102,15
T7,6,1,47,2
T8,7,0,50,2
[234]
T1,0,1,42,2
T2,1,0,88,2
T3,2,0,160,22
T4,3,0,200,14
T5,4,1,22,1
T6,5,1,100,3
T7,6,1,75,2
T8,7,0,175,16
[235]
T1,0,1,42,5
T2,1,0,24,2
T3,2,1,75,3
T4,3,0,105,19
T5,4,0,182,2
T6,5,0,196,2
T7,6,1,75,2
T8,7,0,200,19
[236]
T1,0,0,200,7
T2,1,1,120,3
T3,2,0,29,3
T4,3,1,64,2
T5,4,0,20,2
T6,5,0,175,5
T7,6,1,120,17
T8,7,1,162,12
[237]
T1,0,1,150,5
T2,1,0,42,1
T3,2,1,180,32
T4,3,1,200,8
T5,4,0,112,6
T6,5,1,66,2
T7,6,1,21,1
T8,7,1,72,4
[238]
T1,0,0,33,2
T2,1,1,35,2
T3,2,1,70,7
T4,3,1,75,14
T5,4,0,98,4
T6,5,1,200,2
T7,6,1,154,5
T8,7,1,165,9
[239]
T1,0,0,175,2
T2,1,0,43,2
T3,2,0,168,14
T4,3,1,130,22
T5,4,0,68,9
T6,5,1,200,12
T7,6,0,70,2
T8,7,0,50,2
[240]
T1,0,1,187,13
T2,1,0,26,1
T3,2,1,88,2
T4,3,0,60,13
T5,4,1,200,3
T6,5,1,34,1
T7,6,0,150,3
T8,7,0,125,4
[241]
T1,0,1,84,5
T2,1,1,168,9
T3,2,0,78,5
T4,3,0,33,4
T5,4,1,77,2
T6,5,1,175,12
T7,6,0,31,1
T8,7,0,200,10
[242]
T1,0,0,20,2
T2,1,0,70,6
T3,2,1,200,14
T4,3,0,155,15
T5,4,0,28,2
T6,5,1,147,2
T7,6,1,60,2
T8,7,1,186,8
[243]
T1,0,0,117,2
T2,1,0,48,7
T3,2,0,168,2
T4,3,1,150,7
T5,4,1,26,1
T6,5,0,91,4
T7,6,1,200,25
T8,7,1,90,4
[244]
T1,0,1,96,9
T2,1,1,160,2
T3,2,0,60,2
T4,3,1,170,22
T5,4,1,69,1
T6,5,0,200,6
T7,6,0,40,5
T8,7,0,40,1
[245]
T1,0,0,120,2
T2,1,0,200,9
T3,2,1,96,11
T4,3,1,162,21
T5,4,1,81,1
T6,5,1,35,5
T7,6,0,32,2
T8,7,0,156,2
[246]
T1,0,1,105,9
T2,1,0,65,5
T3,2,0,200,15
T4,3,1,27,2
T5,4,0,130,2
T6,5,1,175,2
T7,6,0,26,2
T8,7,0,150,28
[247]
T1,0,1,57,1
T2,1,1,180,13
T3,2,1,72,3
T4,3,0,200,9
T5,4,1,45,4
T6,5,1,36,4
T7,6,1,100,6
T8,7,1,184,1
[248]
T1,0,1,153,3
T2,1,0,200,2
T3,2,1,40,6
T4,3,0,25,2
T5,4,0,120,3
T6,5,0,95,15
T7,6,0,85,7
T8,7,0,150,4
[249]
T1,0,1,40,2
T2,1,1,195,4
T3,2,0,90,17
T4,3,1,22,1
T5,4,1,117,2
T6,5,1,150,3
T7,6,1,200,20
T8,7,0,144,1
[250]
T1,0,1,47,1
T2,1,0,100,1
T3,2,0,187,6
T4,3,0,104,13
T5,4,0,176,11
T6,5,0,34,2
T7,6,0,200,33
T8,7,1,85,2
[251]
T1,0,0,80,5
T2,1,0,100,12
T3,2,1,178,8
T4,3,0,22,2
T5,4,1,175,25
T6,5,0,30,1
T7,6,1,75,2
T8,7,0,200,2
[252]
T1,0,1,175,15
T2,1,1,21,3
T3,2,1,160,13
T4,3,0,96,6
T5,4,1,140,4
T6,5,1,120,2
T7,6,0,200,3
T8,7,1,43,2
[253]
T1,0,1,192,1
T2,1,1,168,13
T3,2,0,34,3
T4,3,0,70,2
T5,4,1,102,20
T6,5,1,200,6
T7,6,1,48,3
T8,7,0,75,1
[254]
T1,0,1,100,9
T2,1,0,39,3
T3,2,1,150,3
T4,3,1,30,3
T5,4,1,200,7
T6,5,0,68,2
T7,6,1,102,6
T8,7,1,178,13
[255]
T1,0,1,200,2
T2,1,1,156,14
T3,2,1,40,2
T4,3,1,112,4
T5,4,0,78,4
T6,5,0,195,17
T7,6,1,128,2
T8,7,0,35,6
[256]
T1,0,0,145,3
T2,1,0,145,2
T3,2,0,22,1
T4,3,0,172,45
T5,4,0,200,4
T6,5,1,86,8
T7,6,1,50,2
T8,7,1,172,1
[257]
T1,0,1,196,44
T2,1,0,196,6
T3,2,0,140,1
T4,3,1,70,8
T5,4,1,146,4
T6,5,0,38,2
T7,6,1,35,2
T8,7,0,200,4
[258]
T1,0,0,88,1
T2,1,1,154,22
T3,2,1,200,19
T4,3,0,119,4
T5,4,0,165,29
T6,5,0,34,2
T7,6,0,66,2
T8,7,1,31,2
[259]
T1,0,0,29,1
T2,1,0,105,2
T3,2,0,154,5
T4,3,1,132,30
T5,4,1,33,2
T6,5,0,200,2
T7,6,0,114,6
T8,7,1,152,16
[260]
T1,0,0,40,1
T2,1,1,200,19
T3,2,1,41,2
T4,3,0,120,1
T5,4,1,81,6
T6,5,0,189,4
T7,6,1,175,9
T8,7,1,100,18
[261]
T1,0,1,32,2
T2,1,1,91,2
T3,2,0,91,1
T4,3,0,160,6
T5,4,0,160,5
T6,5,0,200,27
T7,6,0,36,2
T8,7,1,140,23
[262]
T1,0,0,165,6
T2,1,1,34,2
T3,2,1,55,1
T4,3,1,200,7
T5,4,0,40,2
T6,5,0,165,2
T7,6,0,140,13
T8,7,1,66,15
[263]
T1,0,0,126,2
T2,1,0,180,36
T3,2,1,40,2
T4,3,1,50,7
T5,4,1,100,8
T6,5,1,200,1
T7,6,1,80,2
T8,7,1,184,2
[264]
T1,0,1,200,17
T2,1,1,29,2
T3,2,1,170,4
T4,3,0,120,15
T5,4,0,150,2
T6,5,1,42,1
T7,6,0,85,8
T8,7,1,65,7
[265]
T1,0,1,185,22
T2,1,0,60,4
T3,2,0,148,2
T4,3,1,200,25
T5,4,0,135,1
T6,5,1,100,1
T7,6,0,25,2
T8,7,0,30,1
[266]
T1,0,1,28,2
T2,1,1,180,2
T3,2,0,120,4
T4,3,1,160,13
T5,4,1,63,4
T6,5,1,43,6
T7,6,1,56,2
T8,7,1,200,24
[267]
T1,0,1,120,2
T2,1,0,200,18
T3,2,0,177,3
T4,3,1,108,8
T5,4,1,180,8
T6,5,1,52,2
T7,6,1,80,3
T8,7,1,24,4
[268]
T1,0,0,160,12
T2,1,0,75,2
T3,2,0,50,1
T4,3,1,33,2
T5,4,1,172,13
T6,5,1,129,6
T7,6,1,54,6
T8,7,1,200,13
[269]
T1,0,1,120,7
T2,1,0,132,24
T3,2,0,41,2
T4,3,0,41,2
T5,4,1,150,12
T6,5,0,200,1
T7,6,0,60,4
T8,7,0,180,2
[270]
T1,0,1,126,15
T2,1,0,200,2
T3,2,0,171,17
T4,3,1,52,1
T5,4,1,160,2
T6,5,0,90,7
T7,6,0,21,1
T8,7,1,60,3
[271]
T1,0,0,187,10
T2,1,1,180,31
T3,2,0,66,2
T4,3,0,110,3
T5,4,0,22,1
T6,5,0,72,7
T7,6,1,53,1
T8,7,0,200,9
[272]
T1,0,1,50,2
T2,1,1,119,9
T3,2,1,119,14
T4,3,1,192,2
T5,4,0,168,2
T6,5,0,200,39
T7,6,0,85,4
T8,7,0,21,2
[273]
T1,0,0,154,1
T2,1,0,200,10
T3,2,1,119,9
T4,3,1,22,2
T5,4,0,68,9
T6,5,0,77,2
T7,6,1,30,3
T8,7,0,187,2
[274]
T1,0,0,160,8
T2,1,0,140,17
T3,2,1,45,2
T4,3,1,32,6
T5,4,0,70,3
T6,5,0,200,6
T7,6,1,182,8
T8,7,1,96,2
[275]
T1,0,1,96,12
T2,1,1,180,1
T3,2,0,30,2
T4,3,0,200,26
T5,4,1,144,10
T6,5,0,192,2
T7,6,0,114,7
T8,7,0,27,2
[276]
T1,0,1,200,6
T2,1,0,66,7
T3,2,1,53,2
T4,3,0,140,6
T5,4,1,176,32
T6,5,1,99,2
T7,6,1,32,2
T8,7,1,180,2
[277]
T1,0,1,153,14
T2,1,0,85,3
T3,2,1,200,8
T4,3,1,153,6
T5,4,1,60,5
T6,5,0,78,4
T7,6,0,36,4
T8,7,1,24,2
[278]
T1,0,0,24,2
T2,1,0,43,2
T3,2,1,105,11
T4,3,0,200,3
T5,4,0,175,15
T6,5,0,153,12
T7,6,0,126,18
T8,7,1,144,4
[279]
T1,0,1,175,12
T2,1,0,66,3
T3,2,0,78,8
T4,3,1,26,1
T5,4,1,33,1
T6,5,0,168,6
T7,6,0,200,7
T8,7,1,120,6
[280]
T1,0,0,164,7
T2,1,0,150,16
T3,2,0,200,5
T4,3,1,21,1
T5,4,0,112,11
T6,5,0,75,2
T7,6,0,70,9
T8,7,0,52,2
[281]
T1,0,1,100,16
T2,1,0,200,18
T3,2,1,189,3
T4,3,0,75,1
T5,4,0,32,1
T6,5,0,20,2
T7,6,0,65,1
T8,7,1,180,2
[282]
T1,0,0,48,2
T2,1,0,144,9
T3,2,1,35,2
T4,3,0,88,14
T5,4,1,135,2
T6,5,1,198,2
T7,6,1,200,20
T8,7,0,162,21
[283]
T1,0,1,200,6
T2,1,1,170,10
T3,2,0,85,4
T4,3,0,78,5
T5,4,1,72,2
T6,5,1,22,1
T7,6,1,195,11
T8,7,0,34,3
[284]
T1,0,0,89,1
T2,1,1,21,2
T3,2,1,150,20
T4,3,1,35,4
T5,4,1,150,4
T6,5,0,200,5
T7,6,1,56,2
T8,7,1,120,18
[285]
T1,0,1,200,16
T2,1,0,192,9
T3,2,0,85,4
T4,3,1,165,2
T5,4,0,45,2
T6,5,1,55,4
T7,6,0,48,7
T8,7,1,88,2
[286]
T1,0,0,100,4
T2,1,0,108,10
T3,2,0,200,9
T4,3,0,32,7
T5,4,1,189,1
T6,5,0,27,2
T7,6,0,72,2
T8,7,0,160,6
[287]
T1,0,1,196,8
T2,1,1,200,2
T3,2,1,175,4
T4,3,0,25,2
T5,4,1,57,5
T6,5,1,95,3
T7,6,1,45,6
T8,7,1,114,4
[288]
T1,0,0,153,27
T2,1,0,75,2
T3,2,1,54,2
T4,3,0,200,13
T5,4,1,40,2
T6,5,1,42,1
T7,6,1,119,7
T8,7,0,150,3
[289]
T1,0,1,60,2
T2,1,1,84,7
T3,2,1,190,17
T4,3,0,150,2
T5,4,1,200,2
T6,5,0,45,8
T7,6,0,35,1
T8,7,0,76,1
[290]
T1,0,1,90,9
T2,1,1,138,7
T3,2,0,40,2
T4,3,1,176,1
T5,4,0,200,8
T6,5,1,165,11
T7,6,1,66,4
T8,7,0,31,2
[291]
T1,0,0,200,1
T2,1,1,32,4
T3,2,1,96,5
T4,3,0,100,8
T5,4,1,196,3
T6,5,1,192,2
T7,6,1,128,1
T8,7,0,33,6
[292]
T1,0,1,56,6
T2,1,0,180,3
T3,2,1,24,2
T4,3,1,47,5
T5,4,1,200,12
T6,5,0,78,9
T7,6,0,189,6
T8,7,1,70,2
[293]
T1,0,1,120,8
T2,1,0,167,13
T3,2,0,140,8
T4,3,0,140,5
T5,4,0,168,29
T6,5,1,30,2
T7,6,1,200,3
T8,7,1,35,1
[294]
T1,0,0,189,2
T2,1,1,180,11
T3,2,1,24,2
T4,3,1,40,4
T5,4,1,200,5
T6,5,1,91,3
T7,6,1,65,6
T8,7,1,56,6
[295]
T1,0,0,200,3
T2,1,1,129,8
T3,2,0,172,2
T4,3,1,36,8
T5,4,0,90,4
T6,5,1,55,1
T7,6,1,23,1
T8,7,0,172,1
[296]
T1,0,0,174,16
T2,1,1,25,2
T3,2,1,200,16
T4,3,0,51,2
T5,4,0,55,6
T6,5,0,100,1
T7,6,0,55,4
T8,7,0,198,6
[297]
T1,0,1,156,10
T2,1,0,182,18
T3,2,1,77,2
T4,3,0,88,2
T5,4,1,20,2
T6,5,1,200,2
T7,6,1,56,14
T8,7,1,29,2
[298]
T1,0,0,78,1
T2,1,1,20,2
T3,2,1,150,3
T4,3,1,78,8
T5,4,0,175,21
T6,5,0,125,5
T7,6,1,200,9
T8,7,0,21,2
[299]
T1,0,0,154,2
T2,1,1,55,9
T3,2,1,133,5
T4,3,1,23,2
T5,4,1,28,2
T6,5,1,200,17
T7,6,0,152,2
T8,7,1,112,13
[300]
T1,0,0,92,2
T2,1,0,150,2
T3,2,1,33,3
T4,3,0,115,10
T5,4,1,184,2
T6,5,0,36,1
T7,6,0,102,2
T8,7,1,200,38
[301]
T1,0,1,130,2
T2,1,0,200,14
T3,2,0,52,7
T4,3,1,104,5
T5,4,1,170,4
T6,5,1,182,4
T7,6,1,28,4
T8,7,1,60,2
[302]
T1,0,0,200,17
T2,1,0,161,1
T3,2,1,161,9
T4,3,1,32,2
T5,4,0,70,2
T6,5,0,52,2
T7,6,1,64,6
T8,7,1,96,20
[303]
T1,0,0,160,11
T2,1,1,81,6
T3,2,0,50,1
T4,3,0,100,8
T5,4,1,150,27
T6,5,1,200,1
T7,6,1,28,2
T8,7,0,84,2
[304]
T1,0,0,180,3
T2,1,1,72,8
T3,2,1,76,1
T4,3,1,20,2
T5,4,1,176,18
T6,5,1,200,17
T7,6,1,66,1
T8,7,0,40,3
[305]
T1,0,1,171,19
T2,1,1,190,7
T3,2,0,50,1
T4,3,0,200,5
T5,4,1,20,2
T6,5,0,60,2
T7,6,0,72,2
T8,7,0,126,26
[306]
T1,0,1,152,6
T2,1,0,50,3
T3,2,0,138,2
T4,3,1,75,5
T5,4,0,180,11
T6,5,1,200,6
T7,6,1,20,2
T8,7,1,100,8
[307]
T1,0,0,53,2
T2,1,1,200,19
T3,2,1,190,15
T4,3,1,132,15
T5,4,1,24,1
T6,5,1,154,19
T7,6,1,140,2
T8,7,0,140,1
[308]
T1,0,1,100,4
T2,1,1,138,22
T3,2,1,138,6
T4,3,0,184,10
T5,4,0,200,7
T6,5,1,45,2
T7,6,0,40,2
T8,7,1,162,11
[309]
T1,0,1,54,2
T2,1,1,28,1
T3,2,0,54,2
T4,3,0,200,7
T5,4,0,100,12
T6,5,1,186,17
T7,6,1,150,4
T8,7,0,80,10
[310]
T1,0,0,176,29
T2,1,1,88,1
T3,2,1,88,3
T4,3,1,34,2
T5,4,0,136,8
T6,5,0,200,14
T7,6,1,38,1
T8,7,0,170,15
[311]
T1,0,1,198,29
T2,1,0,200,22
T3,2,0,132,2
T4,3,0,75,6
T5,4,1,64,2
T6,5,0,39,2
T7,6,0,165,3
T8,7,0,27,2
[312]
T1,0,0,41,2
T2,1,0,176,6
T3,2,1,75,5
T4,3,0,36,2
T5,4,0,184,8
T6,5,1,60,1
T7,6,0,200,15
T8,7,0,132,17
[313]
T1,0,1,130,11
T2,1,0,21,2
T3,2,0,200,12
T4,3,0,70,6
T5,4,0,70,4
T6,5,0,51,2
T7,6,0,156,6
T8,7,0,160,19
[314]
T1,0,1,156,17
T2,1,0,48,2
T3,2,1,185,30
T4,3,0,200,1
T5,4,1,75,4
T6,5,1,39,2
T7,6,1,104,4
T8,7,1,65,2
[315]
T1,0,1,104,5
T2,1,1,80,1
T3,2,0,168,14
T4,3,0,35,3
T5,4,1,156,2
T6,5,1,120,8
T7,6,1,200,2
T8,7,0,45,7
[316]
T1,0,0,80,12
T2,1,1,64,1
T3,2,1,184,14
T4,3,1,38,2
T5,4,1,200,9
T6,5,1,27,2
T7,6,0,144,5
T8,7,0,184,10
[317]
T1,0,0,168,1
T2,1,0,68,2
T3,2,1,125,7
T4,3,0,37,6
T5,4,0,170,26
T6,5,0,100,5
T7,6,0,200,2
T8,7,1,42,2
[318]
T1,0,0,80,13
T2,1,0,20,1
T3,2,0,126,8
T4,3,1,195,29
T5,4,1,126,2
T6,5,1,29,2
T7,6,1,200,2
T8,7,0,182,2
[319]
T1,0,1,56,2
T2,1,0,38,5
T3,2,1,72,2
T4,3,0,182,6
T5,4,1,150,1
T6,5,0,200,8
T7,6,0,54,2
T8,7,0,30,5
[320]
T1,0,1,180,2
T2,1,1,70,6
T3,2,0,70,3
T4,3,1,196,3
T5,4,0,200,21
T6,5,0,49,2
T7,6,1,84,4
T8,7,0,40,4
[321]
T1,0,0,200,22
T2,1,0,154,3
T3,2,0,165,2
T4,3,0,24,2
T5,4,1,77,3
T6,5,1,49,10
T7,6,0,126,3
T8,7,1,132,7
[322]
T1,0,0,88,1
T2,1,0,70,10
T3,2,1,60,4
T4,3,1,40,2
T5,4,0,196,2
T6,5,1,200,17
T7,6,1,20,1
T8,7,0,175,8
[323]
T1,0,0,165,6
T2,1,1,41,2
T3,2,1,168,4
T4,3,0,99,16
T5,4,0,200,7
T6,5,1,48,1
T7,6,1,77,9
T8,7,1,135,9
[324]
T1,0,0,184,1
T2,1,1,136,12
T3,2,1,170,4
T4,3,1,85,7
T5,4,0,102,18
T6,5,0,51,2
T7,6,0,200,5
T8,7,1,27,1
[325]
T1,0,0,182,22
T2,1,0,200,36
T3,2,1,88,6
T4,3,1,150,1
T5,4,0,27,2
T6,5,1,110,2
T7,6,0,105,1
T8,7,1,52,4
[326]
T1,0,0,189,40
T2,1,1,63,2
T3,2,1,54,2
T4,3,1,200,13
T5,4,0,70,2
T6,5,0,72,3
T7,6,0,152,2
T8,7,1,37,4
[327]
T1,0,0,200,11
T2,1,0,187,12
T3,2,0,27,1
T4,3,1,34,2
T5,4,0,136,14
T6,5,1,60,2
T7,6,0,176,30
T8,7,1,96,2
[328]
T1,0,1,42,5
T2,1,1,119,10
T3,2,1,34,1
T4,3,1,200,1
T5,4,1,80,14
T6,5,1,90,2
T7,6,1,160,2
T8,7,0,180,2
[329]
T1,0,0,165,3
T2,1,1,96,8
T3,2,1,40,4
T4,3,1,192,7
T5,4,1,80,3
T6,5,1,36,4
T7,6,1,75,3
T8,7,1,200,6
[330]
T1,0,1,20,2
T2,1,1,28,2
T3,2,0,72,2
T4,3,0,200,5
T5,4,1,180,16
T6,5,1,75,2
T7,6,0,140,22
T8,7,0,158,22
[331]
T1,0,0,99,7
T2,1,1,180,8
T3,2,1,53,2
T4,3,0,175,20
T5,4,1,32,2
T6,5,1,90,4
T7,6,0,100,1
T8,7,1,200,26
[332]
T1,0,0,21,1
T2,1,0,70,2
T3,2,0,130,2
T4,3,1,90,2
T5,4,0,200,13
T6,5,1,51,5
T7,6,0,180,14
T8,7,0,195,15
[333]
T1,0,0,165,2
T2,1,0,30,1
T3,2,0,200,9
T4,3,1,88,6
T5,4,0,46,6
T6,5,1,150,16
T7,6,1,144,11
T8,7,0,65,2
[334]
T1,0,1,60,9
T2,1,0,45,2
T3,2,1,188,14
T4,3,1,29,2
T5,4,1,200,1
T6,5,1,70,1
T7,6,1,100,6
T8,7,1,150,22
[335]
T1,0,0,120,7
T2,1,0,31,2
T3,2,0,200,3
T4,3,0,180,3
T5,4,0,125,8
T6,5,0,150,3
T7,6,1,108,23
T8,7,0,30,2
[336]
T1,0,1,111,2
T2,1,1,104,2
T3,2,0,200,38
T4,3,1,90,9
T5,4,0,185,6
T6,5,0,200,4
T7,6,0,36,3
T8,7,1,26,2
[337]
T1,0,1,70,2
T2,1,1,192,4
T3,2,1,63,16
T4,3,1,50,2
T5,4,0,162,2
T6,5,1,32,2
T7,6,0,200,9
T8,7,1,80,4
[338]
T1,0,1,55,2
T2,1,1,51,2
T3,2,0,198,4
T4,3,1,180,26
T5,4,1,200,1
T6,5,1,112,7
T7,6,0,36,1
T8,7,1,140,17
[339]
T1,0,0,35,2
T2,1,0,200,39
T3,2,1,78,5
T4,3,0,70,3
T5,4,0,182,2
T6,5,0,70,1
T7,6,1,42,5
T8,7,1,169,2
[340]
T1,0,1,200,11
T2,1,1,81,16
T3,2,0,105,1
T4,3,0,189,11
T5,4,0,64,1
T6,5,1,50,2
T7,6,0,162,12
T8,7,1,53,1
[341]
T1,0,1,153,2
T2,1,0,43,4
T3,2,0,189,11
T4,3,0,126,18
T5,4,1,200,12
T6,5,1,105,1
T7,6,0,27,2
T8,7,1,70,2
[342]
T1,0,0,42,4
T2,1,0,25,3
T3,2,0,161,2
T4,3,1,75,6
T5,4,0,69,1
T6,5,1,161,9
T7,6,1,115,8
T8,7,1,200,1
[343]
T1,0,0,160,10
T2,1,1,90,9
T3,2,1,32,2
T4,3,0,170,32
T5,4,0,135,3
T6,5,1,31,1
T7,6,0,200,9
T8,7,1,54,2
[344]
T1,0,0,31,2
T2,1,0,184,40
T3,2,0,180,15
T4,3,1,81,4
T5,4,1,200,6
T6,5,0,40,2
T7,6,0,144,10
T8,7,1,75,2
[345]
T1,0,1,24,2
T2,1,1,200,3
T3,2,1,180,1
T4,3,0,192,13
T5,4,1,57,9
T6,5,1,47,1
T7,6,0,76,2
T8,7,1,100,6
[346]
T1,0,1,100,2
T2,1,0,80,3
T3,2,1,41,7
T4,3,0,164,4
T5,4,0,200,14
T6,5,1,66,9
T7,6,1,33,2
T8,7,1,176,3
[347]
T1,0,1,165,5
T2,1,0,200,7
T3,2,0,53,8
T4,3,1,165,14
T5,4,0,77,9
T6,5,1,140,1
T7,6,0,90,2
T8,7,0,50,1
[348]
T1,0,0,20,2
T2,1,1,100,7
T3,2,1,200,1
T4,3,1,63,4
T5,4,0,182,11
T6,5,1,125,2
T7,6,1,150,15
T8,7,1,28,1
[349]
T1,0,1,180,10
T2,1,0,50,1
T3,2,0,164,1
T4,3,0,140,2
T5,4,0,31,5
T6,5,1,60,2
T7,6,0,70,2
T8,7,0,200,34
[350]
T1,0,0,195,20
T2,1,0,78,1
T3,2,1,60,6
T4,3,1,75,2
T5,4,0,192,1
T6,5,1,44,3
T7,6,0,44,3
T8,7,1,200,15
[351]
T1,0,1,54,2
T2,1,1,180,2
T3,2,1,34,2
T4,3,0,200,19
T5,4,1,69,11
T6,5,1,80,4
T7,6,0,150,7
T8,7,1,36,1
[352]
T1,0,1,188,3
T2,1,0,36,6
T3,2,0,90,4
T4,3,0,90,8
T5,4,1,200,4
T6,5,0,28,3
T7,6,0,162,3
T8,7,1,94,1
[353]
T1,0,0,162,1
T2,1,1,200,8
T3,2,0,22,2
T4,3,0,25,1
T5,4,1,156,2
T6,5,1,65,9
T7,6,0,135,19
T8,7,0,81,2
[354]
T1,0,1,200,8
T2,1,0,162,21
T3,2,1,150,12
T4,3,1,39,1
T5,4,0,75,1
T6,5,0,132,19
T7,6,1,108,2
T8,7,0,25,2
[355]
T1,0,0,32,2
T2,1,0,84,2
T3,2,0,105,4
T4,3,0,53,2
T5,4,0,72,9
T6,5,1,152,24
T7,6,0,200,3
T8,7,1,190,21
[356]
T1,0,1,189,17
T2,1,0,140,9
T3,2,0,45,3
T4,3,1,175,10
T5,4,1,96,3
T6,5,1,60,2
T7,6,0,200,22
T8,7,0,47,1
[357]
T1,0,0,106,2
T2,1,0,69,10
T3,2,1,159,11
T4,3,1,48,2
T5,4,0,200,26
T6,5,0,23,1
T7,6,0,69,3
T8,7,1,150,1
[358]
T1,0,0,200,16
T2,1,1,26,1
T3,2,0,60,1
T4,3,1,26,2
T5,4,1,150,27
T6,5,1,75,6
T7,6,0,85,3
T8,7,1,168,1
[359]
T1,0,0,150,2
T2,1,0,200,7
T3,2,0,74,22
T4,3,1,48,2
T5,4,1,185,3
T6,5,0,22,2
T7,6,0,111,6
T8,7,1,66,2
[360]
T1,0,1,100,14
T2,1,1,23,2
T3,2,0,186,13
T4,3,1,155,14
T5,4,0,60,2
T6,5,1,31,1
T7,6,1,200,3
T8,7,0,132,10
[361]
T1,0,0,136,22
T2,1,0,170,1
T3,2,0,200,16
T4,3,1,162,16
T5,4,0,40,1
T6,5,0,120,5
T7,6,0,32,2
T8,7,0,75,3
[362]
T1,0,1,83,5
T2,1,0,95,6
T3,2,0,152,18
T4,3,1,200,4
T5,4,1,31,1
T6,5,0,40,1
T7,6,1,120,8
T8,7,1,150,7
[363]
T1,0,0,36,4
T2,1,0,25,2
T3,2,1,200,1
T4,3,1,150,1
T5,4,1,105,14
T6,5,1,165,7
T7,6,0,126,4
T8,7,1,54,1
[364]
T1,0,0,81,6
T2,1,1,81,2
T3,2,0,180,12
T4,3,1,136,4
T5,4,0,25,2
T6,5,0,150,8
T7,6,1,26,1
T8,7,1,200,19
[365]
T1,0,0,147,13
T2,1,1,196,29
T3,2,0,120,2
T4,3,1,91,11
T5,4,1,21,2
T6,5,1,200,2
T7,6,1,70,2
T8,7,0,43,2
[366]
T1,0,1,190,21
T2,1,1,32,2
T3,2,1,133,2
T4,3,0,175,13
T5,4,1,74,2
T6,5,1,70,8
T7,6,0,38,4
T8,7,0,200,2
[367]
T1,0,0,102,15
T2,1,0,21,1
T3,2,0,175,13
T4,3,0,200,7
T5,4,1,88,6
T6,5,0,30,2
T7,6,0,68,2
T8,7,1,165,11
[368]
T1,0,1,104,10
T2,1,1,160,1
T3,2,0,36,2
T4,3,1,200,7
T5,4,1,144,8
T6,5,0,28,2
T7,6,0,160,8
T8,7,0,100,13
[369]
T1,0,0,30,4
T2,1,0,189,18
T3,2,1,30,2
T4,3,0,200,2
T5,4,1,140,20
T6,5,1,130,3
T7,6,0,182,5
T8,7,0,70,1
[370]
T1,0,1,160,8
T2,1,1,72,9
T3,2,1,200,8
T4,3,0,40,2
T5,4,0,180,4
T6,5,0,66,9
T7,6,0,90,4
T8,7,0,35,2
[371]
T1,0,0,35,2
T2,1,1,26,1
T3,2,0,160,7
T4,3,1,72,2
T5,4,0,54,1
T6,5,0,200,4
T7,6,0,128,2
T8,7,1,180,57
[372]
T1,0,1,24,2
T2,1,0,99,19
T3,2,0,28,2
T4,3,1,90,4
T5,4,1,132,6
T6,5,1,200,24
T7,6,0,150,2
T8,7,0,174,6
[373]
T1,0,1,37,3
T2,1,0,135,8
T3,2,0,104,8
T4,3,0,200,3
T5,4,1,195,8
T6,5,1,168,15
T7,6,0,91,8
T8,7,1,24,2
[374]
T1,0,0,200,2
T2,1,1,24,2
T3,2,1,59,2
T4,3,1,112,1
T5,4,1,168,1
T6,5,1,168,26
T7,6,0,24,3
T8,7,0,80,5
[375]
T1,0,0,63,3
T2,1,1,57,9
T3,2,1,200,18
T4,3,1,24,2
T5,4,1,171,3
T6,5,1,75,3
T7,6,1,150,5
T8,7,1,22,1
[376]
T1,0,0,150,17
T2,1,0,48,2
T3,2,0,33,2
T4,3,1,90,3
T5,4,0,75,5
T6,5,0,200,2
T7,6,1,120,10
T8,7,1,175,11
[377]
T1,0,1,32,6
T2,1,0,110,8
T3,2,0,165,13
T4,3,0,200,4
T5,4,0,198,2
T6,5,0,42,2
T7,6,1,90,2
T8,7,0,66,1
[378]
T1,0,0,143,2
T2,1,1,56,2
T3,2,1,200,14
T4,3,1,154,33
T5,4,1,21,2
T6,5,1,130,8
T7,6,1,40,2
T8,7,1,156,2
[379]
T1,0,0,200,2
T2,1,1,24,2
T3,2,0,120,13
T4,3,1,69,4
T5,4,1,21,1
T6,5,0,176,19
T7,6,0,150,15
T8,7,0,110,1
[380]
T1,0,1,175,1
T2,1,0,175,2
T3,2,1,105,7
T4,3,1,41,1
T5,4,0,56,1
T6,5,1,200,23
T7,6,1,110,6
T8,7,1,26,4
[381]
T1,0,1,150,21
T2,1,0,84,5
T3,2,0,37,2
T4,3,0,22,2
T5,4,0,176,9
T6,5,0,200,36
T7,6,0,96,2
T8,7,1,63,2
[382]
T1,0,1,26,2
T2,1,1,150,7
T3,2,1,169,24
T4,3,1,120,5
T5,4,0,105,1
T6,5,1,26,2
T7,6,1,200,25
T8,7,1,56,2
[383]
T1,0,0,105,2
T2,1,0,176,1
T3,2,1,36,2
T4,3,1,165,6
T5,4,0,31,3
T6,5,0,66,13
T7,6,1,200,6
T8,7,0,105,1
[384]
T1,0,1,88,2
T2,1,1,25,1
T3,2,0,126,10
T4,3,0,200,19
T5,4,1,154,2
T6,5,0,66,1
T7,6,1,44,3
T8,7,1,176,23
[385]
T1,0,0,150,2
T2,1,0,25,1
T3,2,0,36,2
T4,3,1,78,2
T5,4,0,110,2
T6,5,1,195,3
T7,6,1,200,14
T8,7,0,65,13
[386]
T1,0,1,66,2
T2,1,0,48,1
T3,2,0,200,23
T4,3,0,105,2
T5,4,0,56,1
T6,5,0,198,36
T7,6,1,176,19
T8,7,1,40,2
[387]
T1,0,1,90,1
T2,1,1,60,4
T3,2,1,55,5
T4,3,1,200,14
T5,4,0,49,1
T6,5,1,154,18
T7,6,0,168,7
T8,7,1,30,1
[388]
T1,0,1,39,2
T2,1,0,189,2
T3,2,1,27,1
T4,3,1,168,9
T5,4,1,200,40
T6,5,1,140,9
T7,6,1,115,2
T8,7,1,126,14
[389]
T1,0,0,37,4
T2,1,1,171,2
T3,2,1,110,13
T4,3,0,45,2
T5,4,1,200,16
T6,5,0,75,2
T7,6,0,55,1
T8,7,0,176,11
[390]
T1,0,0,51,2
T2,1,0,168,4
T3,2,1,63,9
T4,3,1,27,2
T5,4,0,200,12
T6,5,0,108,2
T7,6,0,70,5
T8,7,0,180,21
[391]
T1,0,0,108,18
T2,1,0,175,9
T3,2,1,60,2
T4,3,0,53,2
T5,4,1,189,12
T6,5,1,24,2
T7,6,1,200,8
T8,7,0,114,10
[392]
T1,0,0,144,16
T2,1,0,200,15
T3,2,0,41,4
T4,3,1,119,3
T5,4,1,160,2
T6,5,1,80,2
T7,6,0,35,2
T8,7,1,180,16
[393]
T1,0,1,50,5
T2,1,1,200,3
T3,2,0,96,2
T4,3,0,111,2
T5,4,0,132,2
T6,5,0,185,14
T7,6,1,185,13
T8,7,1,53,9
[394]
T1,0,1,21,2
T2,1,0,162,9
T3,2,0,200,11
T4,3,1,56,4
T5,4,1,60,2
T6,5,0,28,1
T7,6,0,144,6
T8,7,0,162,20
[395]
T1,0,0,36,5
T2,1,0,105,2
T3,2,0,200,6
T4,3,0,77,1
T5,4,1,154,5
T6,5,1,50,7
T7,6,1,75,1
T8,7,1,190,14
[396]
T1,0,0,140,1
T2,1,0,33,3
T3,2,0,132,7
T4,3,1,152,7
T5,4,1,200,29
T6,5,1,152,5
T7,6,1,20,2
T8,7,1,110,6
[397]
T1,0,1,192,8
T2,1,0,35,6
T3,2,0,68,3
T4,3,0,200,17
T5,4,0,175,11
T6,5,1,80,2
T7,6,0,96,1
T8,7,1,47,2
[398]
T1,0,0,60,1
T2,1,0,56,6
T3,2,0,156,14
T4,3,1,189,3
T5,4,0,90,2
T6,5,0,200,15
T7,6,0,20,1
T8,7,0,26,2
[399]
T1,0,1,38,2
T2,1,0,180,9
T3,2,1,36,1
T4,3,0,111,6
T5,4,0,90,3
T6,5,0,72,13
T7,6,1,200,12
T8,7,1,160,6
[400]
T1,0,0,53,2
T2,1,0,200,11
T3,2,1,160,9
T4,3,1,102,1
T5,4,1,56,5
T6,5,1,48,1
T7,6,1,100,5
T8,7,0,180,26
[401]
T1,0,1,22,2
T2,1,0,56,2
T3,2,1,200,24
T4,3,1,168,4
T5,4,1,60,2
T6,5,0,25,2
T7,6,0,128,7
T8,7,1,154,14
[402]
T1,0,0,170,3
T2,1,0,20,2
T3,2,1,102,2
T4,3,1,200,4
T5,4,1,75,11
T6,5,0,156,5
T7,6,1,31,6
T8,7,1,102,2
[403]
T1,0,1,130,2
T2,1,0,200,22
T3,2,1,160,2
T4,3,1,39,1
T5,4,0,33,1
T6,5,1,120,2
T7,6,0,156,6
T8,7,0,78,20
[404]
T1,0,1,175,18
T2,1,1,95,11
T3,2,1,200,16
T4,3,1,28,2
T5,4,1,70,2
T6,5,0,155,19
T7,6,1,36,2
T8,7,1,76,2
[405]
T1,0,0,57,2
T2,1,1,175,9
T3,2,0,31,1
T4,3,1,35,1
T5,4,0,120,16
T6,5,0,200,18
T7,6,1,180,10
T8,7,0,90,6
[406]
T1,0,1,72,1
T2,1,0,192,14
T3,2,0,21,3
T4,3,1,96,3
T5,4,1,200,14
T6,5,0,150,9
T7,6,0,25,1
T8,7,0,72,2
[407]
T1,0,0,200,32
T2,1,0,42,2
T3,2,1,140,9
T4,3,0,180,34
T5,4,1,135,2
T6,5,0,25,2
T7,6,0,182,5
T8,7,0,63,2
[408]
T1,0,1,78,2
T2,1,0,112,2
T3,2,1,200,2
T4,3,0,54,5
T5,4,1,43,2
T6,5,0,48,2
T7,6,1,175,19
T8,7,1,182,37
[409]
T1,0,0,60,5
T2,1,1,198,39
T3,2,0,80,2
T4,3,0,45,1
T5,4,0,26,1
T6,5,1,66,1
T7,6,0,156,4
T8,7,1,200,5
[410]
T1,0,1,105,7
T2,1,0,64,2
T3,2,0,165,6
T4,3,1,150,24
T5,4,1,200,10
T6,5,1,25,2
T7,6,0,88,11
T8,7,1,32,2
[411]
T1,0,0,150,4
T2,1,1,175,15
T3,2,1,200,21
T4,3,1,46,2
T5,4,1,60,2
T6,5,0,46,2
T7,6,0,54,7
T8,7,0,70,1
[412]
T1,0,1,200,18
T2,1,0,198,35
T3,2,1,140,1
T4,3,1,70,1
T5,4,1,90,7
T6,5,0,50,2
T7,6,1,160,1
T8,7,1,44,2
[413]
T1,0,0,196,11
T2,1,1,46,3
T3,2,1,196,9
T4,3,1,27,5
T5,4,1,200,2
T6,5,0,84,1
T7,6,0,112,1
T8,7,1,60,5
[414]
T1,0,1,78,6
T2,1,0,182,2
T3,2,0,120,9
T4,3,1,44,8
T5,4,0,150,1
T6,5,0,48,2
T7,6,0,200,18
T8,7,1,72,1
[415]
T1,0,0,176,19
T2,1,1,165,12
T3,2,0,200,4
T4,3,1,84,2
T5,4,1,75,3
T6,5,0,23,2
T7,6,1,25,2
T8,7,0,80,8
[416]
T1,0,1,54,2
T2,1,0,132,20
T3,2,1,200,25
T4,3,0,22,2
T5,4,0,32,2
T6,5,0,198,16
T7,6,0,162,3
T8,7,1,80,2
[417]
T1,0,0,64,1
T2,1,1,114,11
T3,2,0,32,1
T4,3,1,133,3
T5,4,1,200,2
T6,5,0,23,3
T7,6,0,160,8
T8,7,1,175,14
[418]
T1,0,0,175,10
T2,1,1,200,5
T3,2,1,42,6
T4,3,0,20,1
T5,4,0,88,3
T6,5,0,125,7
T7,6,0,66,3
T8,7,0,198,5
[419]
T1,0,1,126,2
T2,1,1,150,3
T3,2,1,56,12
T4,3,0,152,6
T5,4,0,54,1
T6,5,0,120,3
T7,6,0,200,2
T8,7,0,22,3
[420]
T1,0,0,168,8
T2,1,0,120,16
T3,2,0,175,2
T4,3,1,49,2
T5,4,1,200,3
T6,5,1,45,2
T7,6,1,120,17
T8,7,0,124,10
[421]
T1,0,0,190,8
T2,1,0,200,1
T3,2,0,104,1
T4,3,0,52,4
T5,4,0,64,7
T6,5,1,160,2
T7,6,1,53,5
T8,7,1,64,6
[422]
T1,0,1,200,32
T2,1,0,72,1
T3,2,0,76,4
T4,3,1,35,1
T5,4,0,171,1
T6,5,0,24,2
T7,6,1,171,16
T8,7,0,80,1
[423]
T1,0,1,70,2
T2,1,0,125,17
T3,2,1,52,3
T4,3,0,48,2
T5,4,1,168,1
T6,5,0,152,15
T7,6,1,60,2
T8,7,0,200,26
[424]
T1,0,1,22,1
T2,1,1,64,4
T3,2,1,91,3
T4,3,0,182,18
T5,4,0,100,2
T6,5,1,32,2
T7,6,1,200,1
T8,7,0,156,31
[425]
T1,0,0,155,26
T2,1,0,49,2
T3,2,1,100,16
T4,3,1,70,1
T5,4,0,200,2
T6,5,0,150,6
T7,6,0,75,4
T8,7,0,27,2
[426]
T1,0,1,72,1
T2,1,0,184,14
T3,2,0,45,2
T4,3,1,115,1
T5,4,0,140,17
T6,5,0,200,9
T7,6,1,50,3
T8,7,0,189,26
[427]
T1,0,1,190,26
T2,1,1,148,19
T3,2,0,100,1
T4,3,0,74,3
T5,4,1,74,5
T6,5,1,30,2
T7,6,1,43,2
T8,7,1,200,13
[428]
T1,0,1,24,2
T2,1,1,24,2
T3,2,1,115,14
T4,3,0,200,11
T5,4,0,184,3
T6,5,0,66,13
T7,6,0,184,8
T8,7,0,90,3
[429]
T1,0,0,90,11
T2,1,0,200,3
T3,2,0,172,13
T4,3,0,27,2
T5,4,0,20,1
T6,5,1,126,13
T7,6,1,175,2
T8,7,0,100,5
[430]
T1,0,1,80,12
T2,1,0,165,5
T3,2,0,200,11
T4,3,1,135,3
T5,4,0,50,2
T6,5,0,64,2
T7,6,0,51,2
T8,7,1,160,20
[431]
T1,0,1,135,22
T2,1,0,30,3
T3,2,0,81,2
T4,3,0,150,2
T5,4,0,156,8
T6,5,0,108,2
T7,6,0,41,4
T8,7,0,200,5
[432]
T1,0,0,190,22
T2,1,1,32,1
T3,2,0,32,2
T4,3,1,190,10
T5,4,0,136,14
T6,5,0,102,4
T7,6,0,75,4
T8,7,0,200,1
[433]
T1,0,0,90,9
T2,1,1,80,2
T3,2,0,200,1
T4,3,0,108,2
T5,4,0,20,3
T6,5,1,50,6
T7,6,0,192,1
T8,7,0,195,11
[434]
T1,0,0,84,10
T2,1,0,190,20
T3,2,1,125,2
T4,3,1,42,1
T5,4,1,112,6
T6,5,1,30,2
T7,6,0,175,13
T8,7,1,200,15
[435]
T1,0,1,200,25
T2,1,0,80,6
T3,2,0,28,2
T4,3,0,70,10
T5,4,1,24,2
T6,5,1,180,10
T7,6,1,100,3
T8,7,0,171,2
[436]
T1,0,0,200,2
T2,1,0,128,7
T3,2,1,24,2
T4,3,0,160,8
T5,4,0,70,17
T6,5,1,91,1
T7,6,1,156,8
T8,7,1,22,2
[437]
T1,0,1,168,16
T2,1,1,108,8
T3,2,0,45,1
T4,3,1,78,2
T5,4,1,100,13
T6,5,0,200,11
T7,6,1,27,2
T8,7,1,189,17
[438]
T1,0,0,187,2
T2,1,0,66,2
T3,2,1,88,7
T4,3,0,192,12
T5,4,1,200,49
T6,5,1,80,2
T7,6,0,40,1
T8,7,1,21,2
[439]
T1,0,1,84,2
T2,1,1,126,1
T3,2,0,32,2
T4,3,0,40,4
T5,4,1,175,17
T6,5,1,56,2
T7,6,0,200,15
T8,7,0,170,26
[440]
T1,0,1,200,6
T2,1,0,168,1
T3,2,0,176,3
T4,3,1,22,3
T5,4,1,110,9
T6,5,1,90,1
T7,6,1,112,17
T8,7,0,53,2
[441]
T1,0,1,124,8
T2,1,1,72,2
T3,2,1,168,2
T4,3,1,43,1
T5,4,1,200,29
T6,5,0,124,2
T7,6,1,180,13
T8,7,1,30,5
[442]
T1,0,1,170,6
T2,1,0,25,2
T3,2,1,154,9
T4,3,0,70,7
T5,4,0,85,15
T6,5,0,200,4
T7,6,0,30,1
T8,7,1,60,1
[443]
T1,0,1,180,7
T2,1,0,200,2
T3,2,0,115,6
T4,3,0,50,4
T5,4,1,156,38
T6,5,0,104,4
T7,6,1,115,2
T8,7,1,38,2
[444]
T1,0,0,30,2
T2,1,0,84,9
T3,2,1,26,1
T4,3,0,77,2
T5,4,0,143,3
T6,5,1,168,5
T7,6,0,200,33
T8,7,1,150,9
[445]
T1,0,1,200,40
T2,1,0,28,1
T3,2,1,64,1
T4,3,0,112,7
T5,4,0,184,18
T6,5,1,175,1
T7,6,1,92,3
T8,7,1,48,2
[446]
T1,0,0,20,2
T2,1,0,63,3
T3,2,0,56,3
T4,3,0,28,1
T5,4,0,92,5
T6,5,1,180,21
T7,6,0,200,2
T8,7,0,168,22
[447]
T1,0,1,150,29
T2,1,0,22,2
T3,2,1,84,1
T4,3,1,110,10
T5,4,1,96,1
T6,5,1,45,1
T7,6,1,168,2
T8,7,1,200,7
[448]
T1,0,1,84,6
T2,1,1,145,1
T3,2,0,20,2
T4,3,1,54,4
T5,4,0,200,1
T6,5,0,160,2
T7,6,1,60,11
T8,7,1,175,16
[449]
T1,0,1,54,1
T2,1,1,175,25
T3,2,1,22,3
T4,3,1,176,5
T5,4,0,200,3
T6,5,0,54,4
T7,6,0,88,2
T8,7,1,32,2
[450]
T1,0,0,108,2
T2,1,1,51,1
T3,2,0,145,2
T4,3,0,25,2
T5,4,1,180,1
T6,5,0,145,24
T7,6,1,150,19
T8,7,1,200,24
[451]
T1,0,1,180,4
T2,1,1,46,2
T3,2,1,115,3
T4,3,1,115,2
T5,4,0,150,2
T6,5,0,200,29
T7,6,1,76,18
T8,7,1,34,2
[452]
T1,0,1,60,2
T2,1,1,25,3
T3,2,0,90,10
T4,3,0,184,18
T5,4,0,108,7
T6,5,0,53,2
T7,6,0,189,3
T8,7,0,200,10
[453]
T1,0,0,200,24
T2,1,1,102,1
T3,2,0,60,3
T4,3,0,39,3
T5,4,0,170,14
T6,5,0,21,2
T7,6,0,175,3
T8,7,0,85,4
[454]
T1,0,0,110,15
T2,1,0,168,7
T3,2,0,21,2
T4,3,0,132,19
T5,4,0,176,14
T6,5,1,43,2
T7,6,1,112,1
T8,7,1,200,3
[455]
T1,0,0,176,33
T2,1,1,112,2
T3,2,1,46,4
T4,3,1,90,1
T5,4,1,99,3
T6,5,0,175,18
T7,6,0,36,2
T8,7,1,200,6
[456]
T1,0,0,42,6
T2,1,0,21,1
T3,2,0,84,2
T4,3,1,120,13
T5,4,0,69,7
T6,5,1,161,3
T7,6,0,200,7
T8,7,0,196,3
[457]
T1,0,0,72,4
T2,1,0,180,2
T3,2,0,35,1
T4,3,1,175,2
T5,4,0,41,7
T6,5,1,76,5
T7,6,1,57,1
T8,7,0,200,19
[458]
T1,0,1,100,9
T2,1,0,126,9
T3,2,1,200,5
T4,3,0,180,2
T5,4,0,24,2
T6,5,1,176,1
T7,6,1,43,8
T8,7,1,144,9
[459]
T1,0,1,36,2
T2,1,1,150,9
T3,2,0,195,17
T4,3,0,47,3
T5,4,1,85,10
T6,5,0,90,5
T7,6,0,130,2
T8,7,1,200,5
[460]
T1,0,1,92,5
T2,1,1,150,7
T3,2,1,105,3
T4,3,0,150,3
T5,4,0,200,6
T6,5,1,46,7
T7,6,1,70,2
T8,7,1,26,2
[461]
T1,0,1,165,2
T2,1,1,32,2
T3,2,0,80,1
T4,3,0,189,9
T5,4,1,56,2
T6,5,0,126,10
T7,6,0,200,4
T8,7,1,30,7
[462]
T1,0,1,180,30
T2,1,0,75,1
T3,2,1,21,3
T4,3,1,120,2
T5,4,1,190,2
T6,5,0,38,2
T7,6,0,200,20
T8,7,0,63,2
[463]
T1,0,0,133,5
T2,1,1,95,20
T3,2,1,150,1
T4,3,0,72,4
T5,4,1,27,2
T6,5,1,200,8
T7,6,1,175,17
T8,7,0,21,2
[464]
T1,0,1,24,2
T2,1,1,185,2
T3,2,1,138,2
T4,3,0,150,12
T5,4,0,138,9
T6,5,0,115,5
T7,6,0,50,4
T8,7,1,200,13
[465]
T1,0,0,80,4
T2,1,0,20,3
T3,2,1,168,1
T4,3,1,96,2
T5,4,1,81,13
T6,5,0,162,2
T7,6,1,39,2
T8,7,1,200,1
[466]
T1,0,0,90,5
T2,1,1,186,8
T3,2,1,28,2
T4,3,0,155,5
T5,4,1,49,3
T6,5,1,84,5
T7,6,1,124,17
T8,7,1,200,2
[467]
T1,0,0,25,1
T2,1,0,72,2
T3,2,0,200,2
T4,3,1,120,6
T5,4,0,76,1
T6,5,0,165,27
T7,6,0,49,3
T8,7,0,152,12
[468]
T1,0,1,175,2
T2,1,0,147,12
T3,2,0,110,4
T4,3,0,49,2
T5,4,1,154,6
T6,5,0,84,22
T7,6,1,200,8
T8,7,0,48,2
[469]
T1,0,0,195,39
T2,1,0,182,2
T3,2,0,78,5
T4,3,0,80,2
T5,4,0,52,1
T6,5,1,80,5
T7,6,1,48,2
T8,7,0,200,8
[470]
T1,0,1,120,6
T2,1,0,180,3
T3,2,0,91,1
T4,3,1,48,4
T5,4,1,200,5
T6,5,0,47,9
T7,6,1,195,4
T8,7,0,54,2
[471]
T1,0,0,200,41
T2,1,1,77,2
T3,2,1,170,13
T4,3,1,168,6
T5,4,0,25,2
T6,5,0,21,1
T7,6,1,60,2
T8,7,0,140,10
[472]
T1,0,1,21,1
T2,1,0,112,7
T3,2,1,54,2
T4,3,0,192,13
T5,4,0,154,16
T6,5,0,200,3
T7,6,1,80,9
T8,7,0,88,1
[473]
T1,0,0,200,6
T2,1,0,196,20
T3,2,1,20,1
T4,3,0,110,2
T5,4,0,55,8
T6,5,1,154,2
T7,6,1,41,1
T8,7,1,84,5
[474]
T1,0,1,99,19
T2,1,1,180,3
T3,2,0,24,2
T4,3,0,200,2
T5,4,1,98,7
T6,5,0,165,7
T7,6,1,77,4
T8,7,1,36,2
[475]
T1,0,1,140,14
T2,1,0,200,1
T3,2,1,35,2
T4,3,1,165,2
T5,4,1,120,4
T6,5,0,50,4
T7,6,1,187,29
T8,7,1,75,1
[476]
T1,0,0,185,17
T2,1,1,50,8
T3,2,0,100,11
T4,3,1,200,8
T5,4,0,148,1
T6,5,1,81,2
T7,6,0,111,4
T8,7,0,33,2
[477]
T1,0,1,160,14
T2,1,1,153,18
T3,2,1,63,1
T4,3,1,200,5
T5,4,1,68,1
T6,5,1,38,2
T7,6,0,35,4
T8,7,1,90,7
[478]
T1,0,0,114,9
T2,1,1,144,9
T3,2,0,200,2
T4,3,1,126,2
T5,4,0,175,19
T6,5,1,49,1
T7,6,1,160,11
T8,7,0,38,4
[479]
T1,0,0,153,2
T2,1,1,99,8
T3,2,0,30,2
T4,3,0,180,11
T5,4,1,110,7
T6,5,0,120,16
T7,6,1,20,2
T8,7,0,200,20
[480]
T1,0,0,48,2
T2,1,0,70,2
T3,2,0,144,1
T4,3,1,160,15
T5,4,0,50,3
T6,5,1,91,20
T7,6,0,150,3
T8,7,1,200,8
[481]
T1,0,0,200,2
T2,1,0,28,3
T3,2,1,160,2
T4,3,0,110,5
T5,4,1,28,5
T6,5,0,96,1
T7,6,1,176,10
T8,7,1,88,1
[482]
T1,0,1,120,11
T2,1,0,183,1
T3,2,1,42,3
T4,3,0,112,2
T5,4,1,105,4
T6,5,1,200,38
T7,6,0,183,8
T8,7,1,28,2
[483]
T1,0,0,84,8
T2,1,0,25,2
T3,2,1,105,4
T4,3,0,35,2
T5,4,1,200,5
T6,5,1,84,2
T7,6,0,150,14
T8,7,1,184,8
[484]
T1,0,1,200,6
T2,1,1,26,2
T3,2,1,130,20
T4,3,0,46,1
T5,4,0,169,12
T6,5,1,135,4
T7,6,1,156,5
T8,7,0,60,2
[485]
T1,0,0,189,4
T2,1,0,48,1
T3,2,1,126,5
T4,3,0,168,16
T5,4,0,117,13
T6,5,0,65,1
T7,6,1,200,16
T8,7,1,43,4
[486]
T1,0,0,28,3
T2,1,0,35,1
T3,2,0,189,11
T4,3,1,200,1
T5,4,0,90,2
T6,5,1,100,15
T7,6,0,60,5
T8,7,1,150,2
[487]
T1,0,0,144,18
T2,1,1,200,19
T3,2,0,34,3
T4,3,0,120,2
T5,4,1,120,10
T6,5,1,187,3
T7,6,1,170,3
T8,7,1,26,2
[488]
T1,0,1,200,7
T2,1,0,162,25
T3,2,1,175,18
T4,3,0,40,2
T5,4,0,90,2
T6,5,0,75,5
T7,6,1,54,2
T8,7,0,48,2
[489]
T1,0,1,200,11
T2,1,1,162,22
T3,2,0,138,4
T4,3,1,50,3
T5,4,0,115,2
T6,5,0,36,2
T7,6,0,184,22
T8,7,0,90,5
[490]
T1,0,0,53,6
T2,1,1,29,2
T3,2,1,69,5
T4,3,1,150,2
T5,4,0,60,5
T6,5,0,106,4
T7,6,0,159,5
T8,7,1,200,16
[491]
T1,0,0,160,13
T2,1,1,53,1
T3,2,1,140,12
T4,3,1,200,3
T5,4,1,103,5
T6,5,1,175,11
T7,6,1,80,9
T8,7,0,28,1
[492]
T1,0,1,25,2
T2,1,0,144,5
T3,2,0,54,1
T4,3,1,177,10
T5,4,0,177,27
T6,5,1,72,4
T7,6,0,200,14
T8,7,1,75,6
[493]
T1,0,0,63,2
T2,1,1,200,4
T3,2,1,154,4
T4,3,1,36,1
T5,4,0,27,3
T6,5,1,135,26
T7,6,0,132,3
T8,7,1,165,6
[494]
T1,0,1,25,2
T2,1,1,96,5
T3,2,1,75,1
T4,3,0,200,4
T5,4,1,168,14
T6,5,1,85,1
T7,6,0,46,11
T8,7,1,180,3
[495]
T1,0,0,24,2
T2,1,1,21,2
T3,2,1,75,1
T4,3,0,60,4
T5,4,0,200,2
T6,5,1,160,29
T7,6,1,180,3
T8,7,1,105,7
[496]
T1,0,1,200,5
T2,1,0,150,2
T3,2,1,126,18
T4,3,0,75,4
T5,4,0,150,9
T6,5,1,22,2
T7,6,1,24,4
T8,7,1,74,1
[497]
T1,0,1,171,1
T2,1,0,150,29
T3,2,0,30,1
T4,3,1,57,2
T5,4,0,60,7
T6,5,0,43,2
T7,6,1,200,4
T8,7,1,76,2
[498]
T1,0,1,200,22
T2,1,1,182,6
T3,2,1,150,3
T4,3,0,51,7
T5,4,1,130,2
T6,5,1,128,2
T7,6,0,140,10
T8,7,0,20,1
[499]
T1,0,1,186,7
T2,1,1,150,8
T3,2,0,27,6
T4,3,1,125,2
T5,4,1,200,4
T6,5,1,21,2
T7,6,0,100,2
T8,7,0,135,7
[500]
T1,0,0,56,2
T2,1,1,200,1
T3,2,1,155,11
T4,3,0,180,2
T5,4,0,50,3
T6,5,1,126,9
T7,6,0,90,15
T8,7,1,27,2
