num_task_per_taskset=8
num_taskset=500
//ID,Priority,Offset,Period,Execution Time
[1]
T1,0,0,52,3
T2,1,0,183,21
T3,2,0,150,9
T4,3,0,200,5
T5,4,0,50,1
T6,5,0,122,10
T7,6,1,60,8
T8,7,1,130,7
[2]
T1,0,0,150,9
T2,1,0,51,1
T3,2,0,42,5
T4,3,1,200,3
T5,4,1,158,34
T6,5,1,84,5
T7,6,0,63,4
T8,7,0,140,2
[3]
T1,0,1,200,23
T2,1,1,162,13
T3,2,0,22,2
T4,3,0,25,5
T5,4,0,81,2
T6,5,1,81,2
T7,6,0,180,6
T8,7,0,126,2
[4]
T1,0,0,40,5
T2,1,1,160,1
T3,2,0,96,15
T4,3,0,175,6
T5,4,1,100,1
T6,5,1,104,18
T7,6,1,200,3
T8,7,1,43,1
[5]
T1,0,1,192,18
T2,1,0,20,1
T3,2,0,65,2
T4,3,0,40,2
T5,4,0,70,11
T6,5,0,200,23
T7,6,0,195,4
T8,7,0,56,2
[6]
T1,0,1,70,2
T2,1,1,175,21
T3,2,0,125,11
T4,3,1,41,5
T5,4,1,60,3
T6,5,0,21,2
T7,6,1,154,5
T8,7,1,200,1
[7]
T1,0,1,130,2
T2,1,1,120,6
T3,2,0,200,2
T4,3,1,25,2
T5,4,0,23,1
T6,5,0,104,42
T7,6,0,195,1
T8,7,1,150,2
[8]
T1,0,1,180,27
T2,1,1,33,3
T3,2,0,198,28
T4,3,1,143,4
T5,4,1,117,4
T6,5,0,42,1
T7,6,0,143,4
T8,7,1,200,12
[9]
T1,0,1,84,5
T2,1,0,200,5
T3,2,1,155,5
T4,3,1,168,3
T5,4,1,20,1
T6,5,0,84,7
T7,6,0,38,7
T8,7,0,125,10
[10]
T1,0,1,168,31
T2,1,0,78,3
T3,2,1,48,1
T4,3,0,175,6
T5,4,1,54,4
T6,5,0,117,1
T7,6,1,200,13
T8,7,1,45,6
[11]
T1,0,0,200,22
T2,1,1,36,1
T3,2,1,20,3
T4,3,1,75,9
T5,4,0,82,3
T6,5,0,132,3
T7,6,0,150,2
T8,7,0,150,6
[12]
T1,0,0,156,3
T2,1,0,80,11
T3,2,1,45,2
T4,3,0,65,13
T5,4,0,100,6
T6,5,1,200,2
T7,6,0,195,12
T8,7,1,20,2
[13]
T1,0,1,86,1
T2,1,1,48,2
T3,2,0,38,2
T4,3,1,86,2
T5,4,0,100,5
T6,5,0,200,31
T7,6,1,180,46
T8,7,1,150,1
[14]
T1,0,0,132,5
T2,1,0,55,2
T3,2,0,128,2
T4,3,1,40,8
T5,4,1,175,9
T6,5,1,38,2
T7,6,0,200,11
T8,7,0,176,35
[15]
T1,0,1,70,14
T2,1,0,192,9
T3,2,0,200,8
T4,3,0,70,3
T5,4,0,38,2
T6,5,0,175,2
T7,6,1,84,10
T8,7,1,21,1
[16]
T1,0,0,88,7
T2,1,1,200,25
T3,2,1,170,6
T4,3,1,27,2
T5,4,1,150,5
T6,5,1,68,14
T7,6,1,33,1
T8,7,1,90,3
[17]
T1,0,0,63,9
T2,1,0,200,4
T3,2,1,75,1
T4,3,0,180,6
T5,4,1,160,24
T6,5,1,32,2
T7,6,1,40,2
T8,7,0,104,14
[18]
T1,0,1,165,9
T2,1,0,44,2
T3,2,0,52,3
T4,3,1,170,13
T5,4,1,77,3
T6,5,0,200,51
T7,6,1,105,4
T8,7,1,85,2
[19]
T1,0,0,90,10
T2,1,0,90,1
T3,2,1,170,11
T4,3,1,24,2
T5,4,0,21,2
T6,5,1,153,2
T7,6,0,200,11
T8,7,1,75,12
[20]
T1,0,1,156,26
T2,1,0,64,3
T3,2,1,200,2
T4,3,1,112,6
T5,4,1,40,2
T6,5,0,96,4
T7,6,0,160,9
T8,7,1,29,5
[21]
T1,0,0,110,5
T2,1,1,35,2
T3,2,1,44,4
T4,3,0,200,24
T5,4,1,70,7
T6,5,1,105,9
T7,6,0,150,2
T8,7,0,165,16
[22]
T1,0,0,46,7
T2,1,1,160,21
T3,2,0,140,16
T4,3,0,126,5
T5,4,0,70,1
T6,5,0,48,2
T7,6,0,200,9
T8,7,0,160,13
[23]
T1,0,0,85,1
T2,1,0,192,52
T3,2,0,200,22
T4,3,0,120,5
T5,4,1,100,2
T6,5,1,23,1
T7,6,0,36,1
T8,7,1,160,4
[24]
T1,0,1,155,21
T2,1,1,48,2
T3,2,1,68,5
T4,3,1,60,4
T5,4,1,85,2
T6,5,0,155,3
T7,6,0,200,36
T8,7,1,53,4
[25]
T1,0,1,200,2
T2,1,0,47,3
T3,2,0,143,8
T4,3,0,21,3
T5,4,0,77,1
T6,5,0,195,26
T7,6,1,77,1
T8,7,1,156,13
[26]
T1,0,0,78,5
T2,1,1,53,3
T3,2,1,156,40
T4,3,0,61,5
T5,4,1,120,1
T6,5,1,200,9
T7,6,1,50,2
T8,7,0,183,1
[27]
T1,0,1,180,12
T2,1,0,192,22
T3,2,1,27,2
T4,3,1,200,11
T5,4,1,75,11
T6,5,0,20,2
T7,6,1,54,2
T8,7,1,55,2
[28]
T1,0,0,175,25
T2,1,1,98,2
T3,2,0,98,3
T4,3,0,45,3
T5,4,1,192,9
T6,5,1,140,18
T7,6,1,200,28
T8,7,1,24,2
[29]
T1,0,1,200,18
T2,1,1,90,1
T3,2,1,102,3
T4,3,1,42,5
T5,4,1,48,1
T6,5,0,63,1
T7,6,0,150,9
T8,7,1,160,33
[30]
T1,0,1,30,1
T2,1,0,200,8
T3,2,1,192,3
T4,3,1,81,4
T5,4,0,144,19
T6,5,0,45,2
T7,6,1,180,24
T8,7,0,90,11
[31]
T1,0,1,200,16
T2,1,1,168,2
T3,2,1,46,2
T4,3,1,54,5
T5,4,1,135,21
T6,5,1,189,6
T7,6,1,90,14
T8,7,1,38,1
[32]
T1,0,0,60,2
T2,1,1,120,14
T3,2,0,198,5
T4,3,0,53,4
T5,4,0,154,22
T6,5,0,33,2
T7,6,0,200,23
T8,7,1,135,7
[33]
T1,0,0,105,2
T2,1,1,175,22
T3,2,1,92,2
T4,3,1,20,2
T5,4,1,147,4
T6,5,1,200,2
T7,6,1,138,21
T8,7,1,46,10
[34]
T1,0,0,60,2
T2,1,1,170,5
T3,2,0,125,25
T4,3,1,170,21
T5,4,1,128,4
T6,5,0,200,25
T7,6,0,20,2
T8,7,1,48,1
[35]
T1,0,0,182,20
T2,1,1,26,2
T3,2,0,100,6
T4,3,0,29,1
T5,4,1,130,4
T6,5,1,200,43
T7,6,0,150,10
T8,7,1,60,1
[36]
T1,0,0,75,2
T2,1,0,93,3
T3,2,1,200,28
T4,3,1,32,2
T5,4,0,37,5
T6,5,0,150,24
T7,6,0,56,1
T8,7,1,168,4
[37]
T1,0,1,80,4
T2,1,0,56,2
T3,2,0,200,15
T4,3,1,196,20
T5,4,0,90,5
T6,5,1,20,1
T7,6,0,48,4
T8,7,1,168,14
[38]
T1,0,1,70,2
T2,1,1,145,12
T3,2,1,56,8
T4,3,1,175,2
T5,4,1,44,8
T6,5,0,49,2
T7,6,0,200,2
T8,7,1,196,25
[39]
T1,0,1,120,4
T2,1,0,189,16
T3,2,1,144,1
T4,3,0,150,19
T5,4,0,200,9
T6,5,0,24,6
T7,6,1,104,1
T8,7,1,20,2
[40]
T1,0,1,56,8
T2,1,1,52,6
T3,2,1,156,3
T4,3,1,40,1
T5,4,1,84,5
T6,5,1,200,20
T7,6,1,126,9
T8,7,1,175,2
[41]
T1,0,1,52,1
T2,1,1,200,2
T3,2,1,105,6
T4,3,0,100,4
T5,4,1,128,8
T6,5,0,53,3
T7,6,1,182,29
T8,7,1,182,31
[42]
T1,0,1,180,8
T2,1,1,29,4
T3,2,1,104,7
T4,3,0,200,29
T5,4,1,60,1
T6,5,0,195,5
T7,6,0,140,20
T8,7,1,39,2
[43]
T1,0,1,195,56
T2,1,1,42,2
T3,2,1,34,2
T4,3,1,80,4
T5,4,1,168,4
T6,5,1,200,7
T7,6,0,70,4
T8,7,1,108,7
[44]
T1,0,1,72,5
T2,1,0,150,5
T3,2,1,99,36
T4,3,1,31,2
T5,4,0,200,15
T6,5,1,20,2
T7,6,0,129,3
T8,7,1,150,1
[45]
T1,0,0,159,2
T2,1,0,36,2
T3,2,1,60,2
T4,3,0,175,8
T5,4,0,60,20
T6,5,1,200,18
T7,6,1,36,2
T8,7,0,70,2
[46]
T1,0,1,135,12
T2,1,0,46,5
T3,2,0,175,12
T4,3,0,200,1
T5,4,1,75,7
T6,5,0,184,12
T7,6,0,52,1
T8,7,0,115,13
[47]
T1,0,1,111,6
T2,1,1,200,17
T3,2,0,47,6
T4,3,0,148,5
T5,4,1,148,15
T6,5,0,72,6
T7,6,0,90,1
T8,7,0,27,1
[48]
T1,0,1,120,6
T2,1,0,171,26
T3,2,0,200,10
T4,3,1,26,1
T5,4,1,168,13
T6,5,1,32,2
T7,6,1,105,17
T8,7,0,75,2
[49]
T1,0,0,104,3
T2,1,0,182,34
T3,2,1,195,7
T4,3,1,68,2
T5,4,1,200,12
T6,5,0,51,9
T7,6,0,50,3
T8,7,1,136,2
[50]
T1,0,0,63,2
T2,1,0,180,26
T3,2,1,39,2
T4,3,0,168,6
T5,4,1,112,5
T6,5,1,46,2
T7,6,1,200,12
T8,7,0,84,12
[51]
T1,0,0,110,2
T2,1,1,100,19
T3,2,0,176,2
T4,3,1,200,2
T5,4,1,28,2
T6,5,1,39,6
T7,6,1,154,17
T8,7,1,80,4
[52]
T1,0,1,41,1
T2,1,1,195,18
T3,2,1,33,2
T4,3,1,200,11
T5,4,1,175,8
T6,5,1,104,4
T7,6,0,56,1
T8,7,0,120,25
[53]
T1,0,0,154,10
T2,1,1,44,3
T3,2,0,200,39
T4,3,0,96,2
T5,4,0,72,2
T6,5,0,37,1
T7,6,1,75,7
T8,7,0,154,14
[54]
T1,0,0,56,1
T2,1,0,72,17
T3,2,1,88,5
T4,3,0,26,2
T5,4,1,35,2
T6,5,0,150,20
T7,6,0,200,4
T8,7,1,165,16
[55]
T1,0,1,200,31
T2,1,0,110,20
T3,2,0,160,10
T4,3,1,180,4
T5,4,0,44,3
T6,5,1,46,1
T7,6,1,55,2
T8,7,0,126,4
[56]
T1,0,1,37,1
T2,1,0,144,7
T3,2,1,153,45
T4,3,0,200,5
T5,4,0,153,2
T6,5,1,100,2
T7,6,0,42,2
T8,7,0,126,16
[57]
T1,0,0,150,12
T2,1,0,122,1
T3,2,0,90,2
T4,3,1,35,6
T5,4,1,50,4
T6,5,0,122,1
T7,6,0,150,24
T8,7,1,200,7
[58]
T1,0,0,200,2
T2,1,0,23,2
T3,2,0,105,10
T4,3,0,28,2
T5,4,1,198,10
T6,5,1,175,14
T7,6,0,54,11
T8,7,0,84,2
[59]
T1,0,0,31,8
T2,1,0,72,2
T3,2,0,56,4
T4,3,0,87,2
T5,4,1,29,2
T6,5,0,175,16
T7,6,1,200,2
T8,7,0,150,19
[60]
T1,0,0,30,5
T2,1,1,96,6
T3,2,1,43,7
T4,3,0,81,2
T5,4,1,165,2
T6,5,1,165,2
T7,6,1,200,20
T8,7,0,54,2
[61]
T1,0,1,140,1
T2,1,0,68,2
T3,2,1,168,13
T4,3,0,75,21
T5,4,1,37,2
T6,5,1,200,8
T7,6,0,153,26
T8,7,1,28,2
[62]
T1,0,0,56,3
T2,1,0,176,2
T3,2,0,28,2
T4,3,0,200,15
T5,4,0,105,10
T6,5,0,160,8
T7,6,0,33,5
T8,7,1,77,10
[63]
T1,0,1,56,2
T2,1,0,39,2
T3,2,1,195,1
T4,3,1,28,6
T5,4,1,150,6
T6,5,0,144,9
T7,6,1,135,2
T8,7,1,200,33
[64]
T1,0,1,60,2
T2,1,0,136,2
T3,2,0,160,46
T4,3,1,200,2
T5,4,0,150,3
T6,5,0,31,2
T7,6,1,25,1
T8,7,1,140,19
[65]
T1,0,1,174,16
T2,1,0,200,12
T3,2,0,80,6
T4,3,1,70,19
T5,4,1,29,1
T6,5,0,32,2
T7,6,0,120,1
T8,7,0,168,1
[66]
T1,0,0,80,7
T2,1,1,95,13
T3,2,1,96,1
T4,3,1,35,2
T5,4,0,200,9
T6,5,1,150,9
T7,6,0,44,2
T8,7,1,192,40
[67]
T1,0,0,198,11
T2,1,1,44,2
T3,2,1,200,21
T4,3,1,48,2
T5,4,1,99,15
T6,5,0,120,1
T7,6,0,156,36
T8,7,0,65,2
[68]
T1,0,1,66,6
T2,1,1,50,1
T3,2,0,200,43
T4,3,1,38,2
T5,4,0,105,2
T6,5,0,165,2
T7,6,1,104,13
T8,7,1,175,7
[69]
T1,0,1,150,7
T2,1,0,72,5
T3,2,0,24,2
T4,3,0,88,6
T5,4,0,200,42
T6,5,1,150,1
T7,6,0,100,2
T8,7,1,51,7
[70]
T1,0,0,100,13
T2,1,1,180,33
T3,2,0,156,7
T4,3,1,36,2
T5,4,1,78,4
T6,5,0,65,2
T7,6,1,41,1
T8,7,0,200,24
[71]
T1,0,0,49,1
T2,1,1,200,14
T3,2,1,72,2
T4,3,0,50,7
T5,4,1,132,15
T6,5,0,147,9
T7,6,1,147,19
T8,7,0,75,2
[72]
T1,0,1,144,25
T2,1,0,160,15
T3,2,1,153,14
T4,3,0,70,2
T5,4,1,200,29
T6,5,1,46,2
T7,6,0,68,1
T8,7,0,34,1
[73]
T1,0,0,189,13
T2,1,0,91,7
T3,2,1,200,18
T4,3,0,50,2
T5,4,0,195,10
T6,5,0,130,7
T7,6,0,28,1
T8,7,0,104,15
[74]
T1,0,1,48,2
T2,1,0,99,11
T3,2,1,85,5
T4,3,0,170,18
T5,4,0,60,2
T6,5,0,180,26
T7,6,0,200,5
T8,7,1,43,4
[75]
T1,0,1,200,40
T2,1,1,49,3
T3,2,1,150,2
T4,3,0,105,2
T5,4,1,92,8
T6,5,1,160,13
T7,6,0,48,1
T8,7,0,84,7
[76]
T1,0,0,175,10
T2,1,1,196,6
T3,2,1,90,2
T4,3,1,200,21
T5,4,0,24,2
T6,5,0,140,1
T7,6,1,47,4
T8,7,0,84,18
[77]
T1,0,1,50,11
T2,1,1,57,7
T3,2,1,36,2
T4,3,1,55,2
T5,4,1,198,11
T6,5,0,190,14
T7,6,1,200,5
T8,7,1,57,3
[78]
T1,0,1,150,4
T2,1,1,121,10
T3,2,1,154,5
T4,3,0,200,15
T5,4,0,100,7
T6,5,1,38,1
T7,6,1,24,3
T8,7,1,70,9
[79]
T1,0,0,180,38
T2,1,0,108,1
T3,2,0,72,4
T4,3,1,35,7
T5,4,0,27,2
T6,5,1,200,3
T7,6,1,75,2
T8,7,1,176,6
[80]
T1,0,0,82,3
T2,1,0,43,2
T3,2,1,200,16
T4,3,1,150,6
T5,4,1,150,14
T6,5,0,56,8
T7,6,1,123,3
T8,7,0,32,3
[81]
T1,0,0,150,35
T2,1,1,200,12
T3,2,0,72,2
T4,3,0,74,11
T5,4,1,24,1
T6,5,1,168,10
T7,6,0,60,1
T8,7,0,43,2
[82]
T1,0,0,90,8
T2,1,0,175,9
T3,2,1,51,3
T4,3,1,180,24
T5,4,0,110,1
T6,5,1,200,2
T7,6,0,80,1
T8,7,1,30,6
[83]
T1,0,0,77,2
T2,1,1,175,21
T3,2,1,66,4
T4,3,1,100,5
T5,4,1,200,31
T6,5,1,38,1
T7,6,0,154,5
T8,7,0,43,5
[84]
T1,0,0,32,2
T2,1,1,200,29
T3,2,0,105,22
T4,3,0,112,5
T5,4,0,27,1
T6,5,0,72,4
T7,6,0,147,7
T8,7,1,189,2
[85]
T1,0,1,200,8
T2,1,1,99,6
T3,2,0,46,4
T4,3,0,75,8
T5,4,1,90,1
T6,5,0,198,3
T7,6,1,184,23
T8,7,1,44,4
[86]
T1,0,1,165,1
T2,1,1,200,2
T3,2,0,155,26
T4,3,0,72,4
T5,4,1,93,11
T6,5,1,23,1
T7,6,1,45,1
T8,7,1,72,10
[87]
T1,0,1,200,6
T2,1,1,20,3
T3,2,1,108,9
T4,3,1,90,4
T5,4,0,40,1
T6,5,1,173,30
T7,6,1,180,11
T8,7,0,75,2
[88]
T1,0,0,200,7
T2,1,1,117,7
T3,2,1,180,16
T4,3,1,26,5
T5,4,0,185,9
T6,5,0,74,2
T7,6,1,60,4
T8,7,0,39,1
[89]
T1,0,1,198,22
T2,1,0,27,2
T3,2,1,143,3
T4,3,1,200,12
T5,4,1,132,9
T6,5,0,120,19
T7,6,0,165,17
T8,7,1,49,2
[90]
T1,0,0,153,6
T2,1,0,80,4
T3,2,0,72,4
T4,3,0,200,2
T5,4,0,153,11
T6,5,0,90,7
T7,6,1,24,3
T8,7,0,52,5
[91]
T1,0,0,111,2
T2,1,1,35,1
T3,2,0,70,2
T4,3,1,200,37
T5,4,0,168,5
T6,5,1,148,17
T7,6,1,105,7
T8,7,1,28,3
[92]
T1,0,0,30,1
T2,1,0,76,20
T3,2,0,114,8
T4,3,1,150,2
T5,4,1,51,1
T6,5,1,120,9
T7,6,1,196,5
T8,7,0,200,12
[93]
T1,0,0,140,15
T2,1,0,175,12
T3,2,1,88,7
T4,3,0,53,2
T5,4,0,175,10
T6,5,0,66,2
T7,6,0,200,22
T8,7,0,52,3
[94]
T1,0,1,168,18
T2,1,0,200,16
T3,2,0,176,3
T4,3,0,120,4
T5,4,0,50,2
T6,5,1,51,5
T7,6,1,98,8
T8,7,0,105,12
[95]
T1,0,0,26,11
T2,1,0,168,1
T3,2,0,20,2
T4,3,0,164,2
T5,4,0,84,2
T6,5,0,200,2
T7,6,0,126,6
T8,7,1,123,4
[96]
T1,0,1,60,3
T2,1,0,20,2
T3,2,0,200,6
T4,3,1,180,21
T5,4,1,156,3
T6,5,0,24,2
T7,6,1,60,6
T8,7,1,96,8
[97]
T1,0,1,98,8
T2,1,0,80,3
T3,2,0,200,3
T4,3,1,196,28
T5,4,1,128,8
T6,5,0,45,2
T7,6,1,168,10
T8,7,1,30,3
[98]
T1,0,1,21,2
T2,1,1,175,2
T3,2,1,200,19
T4,3,0,68,14
T5,4,0,168,2
T6,5,1,48,6
T7,6,1,102,2
T8,7,1,75,5
[99]
T1,0,0,153,5
T2,1,0,200,22
T3,2,0,119,24
T4,3,0,40,5
T5,4,0,102,4
T6,5,1,168,1
T7,6,0,70,3
T8,7,1,54,2
[100]
T1,0,1,189,6
T2,1,0,20,2
T3,2,1,63,7
T4,3,0,150,5
T5,4,1,69,3
T6,5,0,108,7
T7,6,0,200,18
T8,7,1,30,4
[101]
T1,0,1,180,27
T2,1,1,80,2
T3,2,0,54,1
T4,3,0,31,2
T5,4,1,125,4
T6,5,0,200,53
T7,6,0,160,5
T8,7,1,28,1
[102]
T1,0,0,135,2
T2,1,0,176,2
T3,2,1,33,1
T4,3,1,168,3
T5,4,1,200,45
T6,5,0,24,3
T7,6,0,108,12
T8,7,0,135,7
[103]
T1,0,0,69,4
T2,1,1,150,2
T3,2,1,200,22
T4,3,0,21,1
T5,4,1,46,2
T6,5,0,135,12
T7,6,1,120,23
T8,7,1,180,2
[104]
T1,0,0,140,3
T2,1,1,56,6
T3,2,1,153,4
T4,3,0,119,1
T5,4,1,180,40
T6,5,0,20,2
T7,6,1,200,26
T8,7,0,27,2
[105]
T1,0,1,195,11
T2,1,1,80,2
T3,2,0,195,23
T4,3,1,38,5
T5,4,0,65,2
T6,5,1,96,5
T7,6,0,200,12
T8,7,1,43,3
[106]
T1,0,1,200,7
T2,1,0,75,12
T3,2,0,88,7
T4,3,1,40,2
T5,4,0,21,3
T6,5,0,56,1
T7,6,0,182,4
T8,7,0,165,4
[107]
T1,0,0,200,2
T2,1,1,182,7
T3,2,1,25,2
T4,3,0,70,5
T5,4,1,37,3
T6,5,0,180,18
T7,6,1,105,6
T8,7,0,135,29
[108]
T1,0,0,165,1
T2,1,0,88,2
T3,2,1,39,7
T4,3,1,120,9
T5,4,1,200,13
T6,5,0,144,9
T7,6,1,198,12
T8,7,1,35,3
[109]
T1,0,0,175,15
T2,1,0,200,15
T3,2,1,63,3
T4,3,0,23,4
T5,4,1,100,3
T6,5,0,76,7
T7,6,0,27,2
T8,7,1,150,2
[110]
T1,0,0,88,3
T2,1,1,200,3
T3,2,0,36,4
T4,3,1,45,2
T5,4,1,154,7
T6,5,0,160,9
T7,6,0,112,6
T8,7,0,75,13
[111]
T1,0,1,171,13
T2,1,1,51,3
T3,2,1,85,1
T4,3,0,100,2
T5,4,1,72,16
T6,5,0,36,4
T7,6,0,200,9
T8,7,1,170,7
[112]
T1,0,1,22,2
T2,1,1,200,13
T3,2,0,88,18
T4,3,1,33,1
T5,4,0,176,24
T6,5,1,96,9
T7,6,0,175,6
T8,7,1,84,1
[113]
T1,0,0,56,2
T2,1,1,130,35
T3,2,1,154,16
T4,3,1,110,2
T5,4,1,200,1
T6,5,0,29,2
T7,6,1,195,12
T8,7,0,21,2
[114]
T1,0,1,165,38
T2,1,0,156,6
T3,2,1,78,3
T4,3,1,120,6
T5,4,0,39,1
T6,5,1,132,12
T7,6,1,50,2
T8,7,0,200,6
[115]
T1,0,0,55,1
T2,1,1,30,1
T3,2,0,148,18
T4,3,0,160,11
T5,4,1,120,15
T6,5,1,120,6
T7,6,0,200,17
T8,7,1,34,2
[116]
T1,0,0,30,1
T2,1,0,195,12
T3,2,0,34,3
T4,3,1,200,9
T5,4,1,176,8
T6,5,1,143,24
T7,6,0,104,6
T8,7,0,90,6
[117]
T1,0,1,50,1
T2,1,0,135,2
T3,2,0,140,15
T4,3,1,48,2
T5,4,1,175,10
T6,5,1,104,13
T7,6,0,200,16
T8,7,1,180,23
[118]
T1,0,1,176,12
T2,1,0,51,2
T3,2,0,165,12
T4,3,0,105,22
T5,4,0,35,2
T6,5,0,200,13
T7,6,0,72,3
T8,7,1,80,5
[119]
T1,0,0,25,2
T2,1,0,55,4
T3,2,1,195,16
T4,3,0,28,2
T5,4,1,200,21
T6,5,0,66,6
T7,6,1,125,2
T8,7,1,165,19
[120]
T1,0,0,144,1
T2,1,0,195,23
T3,2,0,150,1
T4,3,1,200,16
T5,4,0,36,1
T6,5,1,90,10
T7,6,1,35,3
T8,7,0,76,7
[121]
T1,0,0,50,4
T2,1,0,62,2
T3,2,0,41,1
T4,3,1,175,2
T5,4,0,200,13
T6,5,1,56,5
T7,6,1,140,21
T8,7,1,154,17
[122]
T1,0,1,114,14
T2,1,0,200,16
T3,2,0,190,2
T4,3,0,75,7
T5,4,1,180,5
T6,5,1,42,2
T7,6,1,126,27
T8,7,0,42,1
[123]
T1,0,0,77,2
T2,1,0,200,23
T3,2,0,48,6
T4,3,1,80,8
T5,4,0,80,2
T6,5,0,168,3
T7,6,1,160,5
T8,7,1,21,3
[124]
T1,0,1,37,2
T2,1,0,30,2
T3,2,0,175,9
T4,3,1,192,3
T5,4,1,200,19
T6,5,1,105,5
T7,6,0,116,12
T8,7,0,58,10
[125]
T1,0,0,200,10
T2,1,1,125,16
T3,2,0,150,2
T4,3,0,24,2
T5,4,1,35,5
T6,5,0,128,3
T7,6,1,80,10
T8,7,0,175,5
[126]
T1,0,0,140,8
T2,1,1,164,9
T3,2,0,42,6
T4,3,0,30,2
T5,4,1,164,9
T6,5,0,96,8
T7,6,0,200,27
T8,7,1,140,5
[127]
T1,0,1,138,10
T2,1,1,200,15
T3,2,0,50,2
T4,3,1,92,2
T5,4,1,26,2
T6,5,1,150,17
T7,6,0,115,5
T8,7,1,161,26
[128]
T1,0,0,200,31
T2,1,1,195,15
T3,2,0,75,1
T4,3,1,39,4
T5,4,1,60,5
T6,5,0,69,1
T7,6,1,27,2
T8,7,1,184,13
[129]
T1,0,0,152,1
T2,1,1,126,2
T3,2,0,42,5
T4,3,0,120,3
T5,4,0,72,7
T6,5,1,152,4
T7,6,1,42,9
T8,7,0,200,9
[130]
T1,0,1,130,2
T2,1,0,168,4
T3,2,1,41,6
T4,3,0,175,9
T5,4,0,65,14
T6,5,0,55,2
T7,6,1,200,16
T8,7,0,33,2
[131]
T1,0,1,88,7
T2,1,1,30,2
T3,2,0,150,28
T4,3,1,77,1
T5,4,1,200,25
T6,5,1,42,1
T7,6,0,140,12
T8,7,1,190,4
[132]
T1,0,1,48,1
T2,1,0,200,29
T3,2,0,64,3
T4,3,0,128,6
T5,4,1,72,7
T6,5,1,192,2
T7,6,0,44,2
T8,7,0,155,20
[133]
T1,0,1,42,2
T2,1,1,53,5
T3,2,0,200,25
T4,3,1,144,4
T5,4,1,80,1
T6,5,1,112,14
T7,6,1,189,12
T8,7,1,156,12
[134]
T1,0,1,60,4
T2,1,0,180,1
T3,2,1,68,10
T4,3,1,20,2
T5,4,0,200,23
T6,5,0,50,1
T7,6,1,95,2
T8,7,0,170,37
[135]
T1,0,0,188,10
T2,1,1,90,5
T3,2,0,24,1
T4,3,1,175,21
T5,4,1,75,9
T6,5,0,21,2
T7,6,0,72,3
T8,7,0,200,21
[136]
T1,0,1,34,1
T2,1,1,160,11
T3,2,1,120,2
T4,3,0,48,2
T5,4,1,198,11
T6,5,1,110,10
T7,6,1,75,14
T8,7,1,200,24
[137]
T1,0,0,76,7
T2,1,1,49,2
T3,2,0,96,6
T4,3,1,170,17
T5,4,1,30,2
T6,5,0,152,12
T7,6,0,200,4
T8,7,1,96,9
[138]
T1,0,0,55,2
T2,1,0,44,2
T3,2,0,88,2
T4,3,0,150,3
T5,4,1,126,28
T6,5,0,42,8
T7,6,1,180,3
T8,7,0,200,1
[139]
T1,0,1,88,2
T2,1,1,190,3
T3,2,0,104,2
T4,3,1,43,10
T5,4,1,200,20
T6,5,0,40,1
T7,6,0,190,17
T8,7,1,143,5
[140]
T1,0,1,96,12
T2,1,1,175,1
T3,2,1,32,2
T4,3,0,84,10
T5,4,1,168,11
T6,5,0,42,2
T7,6,0,200,12
T8,7,0,126,22
[141]
T1,0,1,175,4
T2,1,0,47,2
T3,2,1,63,2
T4,3,1,200,15
T5,4,0,126,24
T6,5,0,45,8
T7,6,1,86,6
T8,7,1,168,4
[142]
T1,0,0,29,5
T2,1,0,63,3
T3,2,1,150,2
T4,3,1,90,18
T5,4,0,200,10
T6,5,1,192,1
T7,6,0,24,2
T8,7,0,144,9
[143]
T1,0,0,91,5
T2,1,0,144,3
T3,2,0,32,3
T4,3,1,105,18
T5,4,0,189,22
T6,5,1,150,10
T7,6,1,30,2
T8,7,0,200,1
[144]
T1,0,1,24,4
T2,1,1,182,1
T3,2,0,108,3
T4,3,0,200,5
T5,4,1,34,3
T6,5,0,180,26
T7,6,1,135,5
T8,7,0,65,3
[145]
T1,0,0,36,1
T2,1,0,45,2
T3,2,0,150,21
T4,3,1,170,17
T5,4,1,119,24
T6,5,1,68,5
T7,6,1,200,4
T8,7,1,112,2
[146]
T1,0,0,200,16
T2,1,1,168,3
T3,2,0,105,6
T4,3,0,80,1
T5,4,1,33,2
T6,5,0,57,3
T7,6,0,160,25
T8,7,1,28,4
[147]
T1,0,0,198,15
T2,1,0,120,2
T3,2,0,200,27
T4,3,1,198,15
T5,4,0,81,17
T6,5,0,144,6
T7,6,1,37,2
T8,7,0,22,2
[148]
T1,0,1,112,6
T2,1,0,168,24
T3,2,0,125,2
T4,3,1,46,4
T5,4,0,36,6
T6,5,1,72,6
T7,6,1,200,4
T8,7,0,192,2
[149]
T1,0,1,25,2
T2,1,0,39,2
T3,2,1,200,9
T4,3,0,104,11
T5,4,0,180,26
T6,5,0,130,12
T7,6,0,80,2
T8,7,0,153,16
[150]
T1,0,0,150,3
T2,1,1,90,6
T3,2,0,40,2
T4,3,0,144,24
T5,4,0,200,7
T6,5,0,135,15
T7,6,0,24,2
T8,7,0,192,3
[151]
T1,0,0,94,14
T2,1,1,26,1
T3,2,0,150,5
T4,3,0,200,28
T5,4,1,25,2
T6,5,0,150,23
T7,6,0,90,2
T8,7,1,88,3
[152]
T1,0,1,35,3
T2,1,1,140,13
T3,2,0,200,11
T4,3,0,176,10
T5,4,0,35,5
T6,5,0,99,1
T7,6,1,72,3
T8,7,1,176,11
[153]
T1,0,1,120,2
T2,1,0,90,9
T3,2,0,192,16
T4,3,1,200,57
T5,4,1,165,6
T6,5,0,39,2
T7,6,0,30,2
T8,7,0,80,2
[154]
T1,0,1,150,14
T2,1,0,22,2
T3,2,0,94,2
T4,3,0,200,2
T5,4,1,150,5
T6,5,1,110,24
T7,6,0,52,1
T8,7,1,141,8
[155]
T1,0,1,50,2
T2,1,1,60,8
T3,2,0,75,1
T4,3,1,45,4
T5,4,1,159,2
T6,5,1,200,37
T7,6,0,180,11
T8,7,0,84,2
[156]
T1,0,1,198,10
T2,1,0,120,2
T3,2,0,100,7
T4,3,1,35,3
T5,4,1,186,2
T6,5,0,124,2
T7,6,1,22,6
T8,7,0,200,12
[157]
T1,0,0,48,4
T2,1,1,20,2
T3,2,1,126,5
T4,3,0,105,3
T5,4,0,200,36
T6,5,0,196,8
T7,6,0,168,10
T8,7,0,135,17
[158]
T1,0,0,100,6
T2,1,0,120,13
T3,2,1,54,2
T4,3,0,49,6
T5,4,0,150,2
T6,5,1,159,10
T7,6,0,20,3
T8,7,0,200,6
[159]
T1,0,0,164,31
T2,1,0,200,8
T3,2,1,180,1
T4,3,1,140,9
T5,4,1,140,6
T6,5,1,90,2
T7,6,1,26,5
T8,7,0,50,2
[160]
T1,0,1,180,25
T2,1,1,27,4
T3,2,0,200,13
T4,3,1,126,3
T5,4,0,130,1
T6,5,1,180,20
T7,6,0,36,2
T8,7,1,54,3
[161]
T1,0,1,200,2
T2,1,0,43,2
T3,2,1,32,4
T4,3,0,140,18
T5,4,1,189,5
T6,5,0,112,4
T7,6,1,56,6
T8,7,1,160,21
[162]
T1,0,1,47,2
T2,1,0,56,1
T3,2,0,180,1
T4,3,0,200,1
T5,4,1,180,29
T6,5,0,135,37
T7,6,0,100,8
T8,7,0,45,2
[163]
T1,0,1,45,2
T2,1,0,180,12
T3,2,0,140,9
T4,3,0,200,8
T5,4,0,180,5
T6,5,0,55,10
T7,6,0,60,5
T8,7,1,21,1
[164]
T1,0,0,32,2
T2,1,0,60,2
T3,2,0,38,2
T4,3,0,60,1
T5,4,1,154,26
T6,5,0,105,12
T7,6,1,180,17
T8,7,0,200,24
[165]
T1,0,0,200,34
T2,1,1,90,4
T3,2,1,176,6
T4,3,1,26,3
T5,4,1,108,6
T6,5,0,44,1
T7,6,1,165,1
T8,7,0,64,7
[166]
T1,0,0,200,36
T2,1,1,60,13
T3,2,0,112,11
T4,3,1,28,2
T5,4,0,105,2
T6,5,0,162,4
T7,6,1,162,1
T8,7,1,38,2
[167]
T1,0,1,200,9
T2,1,0,168,16
T3,2,1,41,2
T4,3,0,20,4
T5,4,0,90,2
T6,5,0,164,17
T7,6,0,120,2
T8,7,1,60,3
[168]
T1,0,0,74,2
T2,1,0,70,1
T3,2,1,148,4
T4,3,0,75,7
T5,4,1,37,2
T6,5,1,160,49
T7,6,1,44,2
T8,7,1,200,12
[169]
T1,0,0,39,2
T2,1,0,36,1
T3,2,0,182,20
T4,3,1,126,1
T5,4,1,100,26
T6,5,1,96,2
T7,6,0,200,11
T8,7,1,150,5
[170]
T1,0,0,200,24
T2,1,1,192,10
T3,2,0,60,6
T4,3,1,180,20
T5,4,1,39,2
T6,5,1,99,1
T7,6,0,99,5
T8,7,0,50,6
[171]
T1,0,0,22,2
T2,1,0,98,1
T3,2,0,105,15
T4,3,0,35,1
T5,4,1,200,8
T6,5,1,125,13
T7,6,1,180,26
T8,7,0,180,11
[172]
T1,0,1,144,4
T2,1,1,36,1
T3,2,0,200,35
T4,3,1,150,20
T5,4,1,80,6
T6,5,0,31,2
T7,6,0,92,7
T8,7,0,160,2
[173]
T1,0,0,60,3
T2,1,1,96,13
T3,2,1,160,5
T4,3,1,119,7
T5,4,1,31,3
T6,5,1,192,1
T7,6,0,30,2
T8,7,1,200,30
[174]
T1,0,1,175,1
T2,1,1,198,6
T3,2,1,37,2
T4,3,0,54,9
T5,4,0,55,9
T6,5,0,200,8
T7,6,0,72,8
T8,7,0,132,5
[175]
T1,0,0,140,1
T2,1,1,64,8
T3,2,1,200,2
T4,3,0,32,1
T5,4,1,190,15
T6,5,1,42,4
T7,6,0,192,19
T8,7,0,84,9
[176]
T1,0,0,36,1
T2,1,0,36,4
T3,2,1,180,33
T4,3,0,120,2
T5,4,0,152,14
T6,5,1,75,3
T7,6,1,200,9
T8,7,0,76,3
[177]
T1,0,0,38,1
T2,1,1,22,2
T3,2,1,198,11
T4,3,0,62,2
T5,4,0,198,47
T6,5,0,60,1
T7,6,1,200,18
T8,7,1,100,14
[178]
T1,0,1,72,2
T2,1,0,65,22
T3,2,0,48,5
T4,3,1,60,1
T5,4,1,35,2
T6,5,1,156,4
T7,6,1,200,2
T8,7,0,189,10
[179]
T1,0,1,200,12
T2,1,0,196,14
T3,2,0,49,1
T4,3,1,175,4
T5,4,0,20,2
T6,5,0,140,33
T7,6,1,64,1
T8,7,1,72,1
[180]
T1,0,0,35,2
T2,1,0,180,15
T3,2,1,120,3
T4,3,1,59,12
T5,4,1,200,2
T6,5,1,84,9
T7,6,0,180,20
T8,7,0,30,1
[181]
T1,0,0,22,1
T2,1,1,20,2
T3,2,1,200,4
T4,3,0,72,1
T5,4,0,72,2
T6,5,0,136,38
T7,6,0,184,6
T8,7,0,170,18
[182]
T1,0,1,150,9
T2,1,1,49,3
T3,2,1,110,5
T4,3,1,105,22
T5,4,0,200,6
T6,5,1,180,7
T7,6,1,43,1
T8,7,0,88,7
[183]
T1,0,0,180,8
T2,1,1,30,1
T3,2,1,156,27
T4,3,1,78,5
T5,4,1,200,21
T6,5,1,104,9
T7,6,0,84,2
T8,7,1,24,2
[184]
T1,0,0,168,8
T2,1,1,33,2
T3,2,0,112,16
T4,3,1,200,14
T5,4,0,192,2
T6,5,0,112,11
T7,6,0,120,2
T8,7,1,30,6
[185]
T1,0,0,25,3
T2,1,1,50,6
T3,2,1,80,2
T4,3,0,114,6
T5,4,0,192,25
T6,5,0,200,2
T7,6,0,96,11
T8,7,1,171,1
[186]
T1,0,1,168,35
T2,1,1,200,20
T3,2,1,20,2
T4,3,1,83,10
T5,4,0,38,2
T6,5,0,84,2
T7,6,1,150,3
T8,7,0,140,10
[187]
T1,0,0,156,7
T2,1,1,117,34
T3,2,1,195,22
T4,3,1,52,4
T5,4,0,35,2
T6,5,0,72,2
T7,6,1,78,1
T8,7,1,200,2
[188]
T1,0,0,63,3
T2,1,0,200,21
T3,2,0,45,2
T4,3,1,72,4
T5,4,0,75,1
T6,5,1,21,3
T7,6,1,160,13
T8,7,0,150,5
[189]
T1,0,0,25,2
T2,1,0,43,1
T3,2,1,200,30
T4,3,0,143,7
T5,4,1,168,32
T6,5,0,182,10
T7,6,1,60,2
T8,7,1,70,2
[190]
T1,0,1,40,7
T2,1,0,39,2
T3,2,1,100,11
T4,3,1,200,10
T5,4,0,180,1
T6,5,1,145,13
T7,6,1,153,2
T8,7,1,120,18
[191]
T1,0,0,150,21
T2,1,1,135,10
T3,2,1,135,7
T4,3,1,28,2
T5,4,1,162,27
T6,5,1,60,2
T7,6,1,200,2
T8,7,0,41,4
[192]
T1,0,1,24,1
T2,1,1,200,15
T3,2,0,24,2
T4,3,1,60,2
T5,4,0,100,8
T6,5,0,100,13
T7,6,1,184,27
T8,7,1,168,1
[193]
T1,0,1,150,21
T2,1,1,51,4
T3,2,1,186,19
T4,3,1,75,2
T5,4,1,200,20
T6,5,0,88,3
T7,6,1,99,7
T8,7,1,31,1
[194]
T1,0,1,200,4
T2,1,1,74,4
T3,2,1,20,1
T4,3,0,74,4
T5,4,1,194,23
T6,5,1,97,12
T7,6,1,37,1
T8,7,1,148,11
[195]
T1,0,0,40,1
T2,1,1,96,14
T3,2,0,100,7
T4,3,0,168,1
T5,4,0,180,2
T6,5,0,200,49
T7,6,0,48,2
T8,7,1,56,1
[196]
T1,0,0,32,2
T2,1,1,168,25
T3,2,1,84,8
T4,3,1,100,7
T5,4,1,200,6
T6,5,0,43,1
T7,6,1,182,12
T8,7,0,112,6
[197]
T1,0,0,100,6
T2,1,1,194,52
T3,2,0,80,7
T4,3,0,150,8
T5,4,1,35,1
T6,5,1,105,7
T7,6,1,36,2
T8,7,0,200,2
[198]
T1,0,1,200,4
T2,1,1,52,6
T3,2,0,150,17
T4,3,0,119,12
T5,4,0,150,5
T6,5,0,60,2
T7,6,1,33,3
T8,7,0,66,4
[199]
T1,0,0,77,7
T2,1,1,200,17
T3,2,1,165,8
T4,3,0,77,4
T5,4,1,105,8
T6,5,0,51,1
T7,6,0,25,2
T8,7,0,168,26
[200]
T1,0,0,23,2
T2,1,1,175,9
T3,2,1,124,13
T4,3,1,80,6
T5,4,0,31,2
T6,5,1,200,18
T7,6,1,175,1
T8,7,1,105,13
[201]
T1,0,0,63,4
T2,1,0,24,3
T3,2,1,48,2
T4,3,0,200,11
T5,4,0,186,30
T6,5,0,105,12
T7,6,0,112,1
T8,7,1,180,1
[202]
T1,0,0,150,7
T2,1,1,65,2
T3,2,1,192,24
T4,3,1,30,2
T5,4,1,66,17
T6,5,1,53,4
T7,6,1,200,2
T8,7,0,75,2
[203]
T1,0,1,120,4
T2,1,0,105,16
T3,2,1,104,28
T4,3,1,29,2
T5,4,1,42,2
T6,5,1,192,4
T7,6,1,200,6
T8,7,0,150,1
[204]
T1,0,1,37,2
T2,1,0,136,12
T3,2,1,168,23
T4,3,1,105,2
T5,4,1,200,9
T6,5,1,156,4
T7,6,0,35,6
T8,7,1,140,6
[205]
T1,0,1,90,1
T2,1,1,200,21
T3,2,1,108,2
T4,3,0,31,1
T5,4,0,150,34
T6,5,0,135,2
T7,6,1,192,31
T8,7,1,44,1
[206]
T1,0,0,26,2
T2,1,0,200,19
T3,2,1,130,29
T4,3,1,52,4
T5,4,0,180,16
T6,5,0,150,8
T7,6,1,66,2
T8,7,1,104,2
[207]
T1,0,0,200,7
T2,1,0,60,1
T3,2,1,39,7
T4,3,1,126,5
T5,4,0,63,2
T6,5,0,176,37
T7,6,1,150,3
T8,7,0,48,2
[208]
T1,0,1,47,4
T2,1,1,195,25
T3,2,0,150,12
T4,3,0,45,4
T5,4,1,91,3
T6,5,0,54,6
T7,6,1,200,3
T8,7,1,70,2
[209]
T1,0,0,36,1
T2,1,1,54,1
T3,2,0,75,15
T4,3,0,45,4
T5,4,1,125,5
T6,5,0,162,9
T7,6,0,180,11
T8,7,0,200,11
[210]
T1,0,1,45,2
T2,1,1,200,17
T3,2,1,180,1
T4,3,1,72,11
T5,4,0,66,2
T6,5,0,120,2
T7,6,1,50,1
T8,7,1,176,42
[211]
T1,0,1,52,2
T2,1,0,150,16
T3,2,0,68,2
T4,3,0,156,1
T5,4,0,200,10
T6,5,1,78,11
T7,6,1,72,14
T8,7,0,51,3
[212]
T1,0,1,200,17
T2,1,0,60,6
T3,2,1,114,2
T4,3,1,165,24
T5,4,0,96,2
T6,5,0,150,35
T7,6,0,43,2
T8,7,0,30,2
[213]
T1,0,0,56,2
T2,1,1,175,52
T3,2,1,115,2
T4,3,1,189,5
T5,4,0,30,4
T6,5,0,200,1
T7,6,0,31,2
T8,7,0,115,4
[214]
T1,0,0,180,1
T2,1,0,27,4
T3,2,0,90,10
T4,3,0,189,21
T5,4,1,120,3
T6,5,1,130,2
T7,6,0,200,24
T8,7,0,50,2
[215]
T1,0,1,93,2
T2,1,0,108,19
T3,2,0,200,5
T4,3,1,39,5
T5,4,0,96,1
T6,5,1,40,1
T7,6,0,155,12
T8,7,0,180,16
[216]
T1,0,1,65,1
T2,1,1,200,25
T3,2,1,156,15
T4,3,0,75,2
T5,4,1,45,3
T6,5,1,171,32
T7,6,1,33,2
T8,7,0,60,1
[217]
T1,0,0,150,7
T2,1,1,125,9
T3,2,1,36,2
T4,3,1,44,6
T5,4,0,200,5
T6,5,1,195,37
T7,6,1,108,1
T8,7,0,80,2
[218]
T1,0,1,22,2
T2,1,1,175,15
T3,2,1,180,6
T4,3,0,29,2
T5,4,0,120,5
T6,5,1,112,10
T7,6,1,80,1
T8,7,1,200,45
[219]
T1,0,0,200,21
T2,1,0,175,2
T3,2,0,120,2
T4,3,1,70,1
T5,4,1,135,22
T6,5,1,175,12
T7,6,1,20,2
T8,7,1,47,5
[220]
T1,0,1,94,7
T2,1,1,200,1
T3,2,1,33,1
T4,3,0,188,2
T5,4,1,188,2
T6,5,0,94,6
T7,6,1,52,6
T8,7,1,88,22
[221]
T1,0,1,122,2
T2,1,1,53,2
T3,2,0,176,5
T4,3,0,200,15
T5,4,0,132,11
T6,5,1,20,1
T7,6,0,165,18
T8,7,0,120,20
[222]
T1,0,0,90,10
T2,1,1,200,31
T3,2,0,165,5
T4,3,0,150,9
T5,4,1,24,2
T6,5,0,98,8
T7,6,1,63,5
T8,7,0,25,1
[223]
T1,0,0,45,2
T2,1,0,184,11
T3,2,1,168,12
T4,3,1,25,5
T5,4,0,72,1
T6,5,1,200,20
T7,6,0,120,9
T8,7,0,75,2
[224]
T1,0,1,190,1
T2,1,0,63,2
T3,2,0,200,19
T4,3,0,180,5
T5,4,1,28,3
T6,5,1,60,12
T7,6,0,44,1
T8,7,0,140,11
[225]
T1,0,1,200,21
T2,1,0,25,2
T3,2,1,126,6
T4,3,0,75,2
T5,4,1,25,4
T6,5,1,175,5
T7,6,0,75,10
T8,7,0,196,14
[226]
T1,0,1,47,2
T2,1,1,200,20
T3,2,0,150,8
T4,3,0,44,6
T5,4,0,80,6
T6,5,0,96,7
T7,6,0,75,7
T8,7,0,174,2
[227]
T1,0,0,180,15
T2,1,0,164,10
T3,2,1,75,11
T4,3,1,200,6
T5,4,0,82,7
T6,5,0,82,2
T7,6,1,50,8
T8,7,0,25,2
[228]
T1,0,1,143,13
T2,1,1,30,1
T3,2,0,44,2
T4,3,0,154,16
T5,4,0,200,2
T6,5,1,75,21
T7,6,1,78,2
T8,7,1,150,3
[229]
T1,0,0,165,60
T2,1,0,26,2
T3,2,1,31,1
T4,3,0,88,3
T5,4,1,200,9
T6,5,0,110,2
T7,6,0,140,2
T8,7,0,150,2
[230]
T1,0,1,50,3
T2,1,0,54,2
T3,2,0,200,2
T4,3,0,195,2
T5,4,1,75,2
T6,5,0,20,3
T7,6,0,140,2
T8,7,1,189,57
[231]
T1,0,1,150,4
T2,1,0,150,1
T3,2,1,100,5
T4,3,0,22,1
T5,4,0,81,1
T6,5,0,200,2
T7,6,1,50,5
T8,7,1,85,26
[232]
T1,0,1,92,4
T2,1,1,161,20
T3,2,0,36,1
T4,3,1,189,2
T5,4,0,63,10
T6,5,1,200,11
T7,6,0,44,2
T8,7,1,126,12
[233]
T1,0,1,85,2
T2,1,1,22,2
T3,2,1,110,4
T4,3,0,26,9
T5,4,0,85,1
T6,5,0,200,11
T7,6,1,176,2
T8,7,0,175,10
[234]
T1,0,1,50,6
T2,1,1,175,7
T3,2,1,88,7
T4,3,1,200,12
T5,4,0,45,2
T6,5,1,175,5
T7,6,0,75,2
T8,7,0,100,15
[235]
T1,0,1,168,6
T2,1,1,35,2
T3,2,0,147,1
T4,3,0,56,7
T5,4,0,76,1
T6,5,0,200,7
T7,6,0,22,5
T8,7,0,56,1
[236]
T1,0,1,96,6
T2,1,0,152,2
T3,2,1,200,15
T4,3,0,112,8
T5,4,0,21,3
T6,5,0,126,9
T7,6,0,54,2
T8,7,1,190,20
[237]
T1,0,1,154,18
T2,1,0,126,15
T3,2,0,72,2
T4,3,1,96,4
T5,4,0,180,9
T6,5,0,50,2
T7,6,0,45,2
T8,7,1,200,36
[238]
T1,0,1,84,27
T2,1,1,200,12
T3,2,1,190,2
T4,3,1,112,3
T5,4,1,35,2
T6,5,0,152,17
T7,6,1,105,5
T8,7,0,21,2
[239]
T1,0,0,175,25
T2,1,1,27,1
T3,2,1,126,11
T4,3,0,105,5
T5,4,1,132,5
T6,5,1,49,2
T7,6,0,175,21
T8,7,0,200,8
[240]
T1,0,1,75,7
T2,1,1,72,2
T3,2,1,200,19
T4,3,0,36,2
T5,4,1,156,18
T6,5,1,169,15
T7,6,1,54,5
T8,7,0,44,1
[241]
T1,0,1,80,18
T2,1,0,48,5
T3,2,1,160,2
T4,3,0,104,1
T5,4,0,150,1
T6,5,1,37,1
T7,6,0,78,4
T8,7,0,200,23
[242]
T1,0,0,176,16
T2,1,0,43,2
T3,2,1,55,3
T4,3,0,105,2
T5,4,1,30,2
T6,5,0,200,33
T7,6,1,192,22
T8,7,0,84,5
[243]
T1,0,1,20,2
T2,1,0,65,3
T3,2,0,84,3
T4,3,0,80,2
T5,4,0,200,30
T6,5,1,147,24
T7,6,0,195,6
T8,7,1,28,2
[244]
T1,0,0,168,5
T2,1,0,200,18
T3,2,0,195,19
T4,3,0,143,14
T5,4,1,70,9
T6,5,1,26,1
T7,6,1,104,9
T8,7,1,46,2
[245]
T1,0,1,70,3
T2,1,1,75,16
T3,2,0,53,2
T4,3,0,102,25
T5,4,1,175,7
T6,5,0,40,2
T7,6,0,200,2
T8,7,0,156,2
[246]
T1,0,0,40,4
T2,1,0,200,4
T3,2,0,47,5
T4,3,1,60,1
T5,4,1,80,2
T6,5,1,156,2
T7,6,1,60,11
T8,7,1,185,18
[247]
T1,0,1,200,2
T2,1,0,192,8
T3,2,1,35,4
T4,3,1,51,1
T5,4,0,115,17
T6,5,0,160,12
T7,6,0,112,5
T8,7,0,64,6
[248]
T1,0,0,200,17
T2,1,0,75,1
T3,2,1,45,6
T4,3,1,164,3
T5,4,0,90,5
T6,5,1,45,4
T7,6,0,175,24
T8,7,1,70,1
[249]
T1,0,1,189,22
T2,1,1,102,4
T3,2,0,189,18
T4,3,0,102,8
T5,4,0,20,4
T6,5,1,49,1
T7,6,0,200,2
T8,7,0,102,1
[250]
T1,0,1,162,2
T2,1,1,54,5
T3,2,1,25,2
T4,3,0,30,9
T5,4,0,120,1
T6,5,0,180,1
T7,6,1,200,22
T8,7,1,141,3
[251]
T1,0,0,154,2
T2,1,1,200,12
T3,2,0,75,11
T4,3,0,114,17
T5,4,1,20,2
T6,5,1,133,9
T7,6,1,21,2
T8,7,1,152,20
[252]
T1,0,1,35,2
T2,1,0,165,2
T3,2,0,84,2
T4,3,0,38,2
T5,4,1,90,20
T6,5,1,200,29
T7,6,0,189,7
T8,7,0,140,5
[253]
T1,0,0,175,4
T2,1,0,110,9
T3,2,0,128,2
T4,3,1,175,44
T5,4,0,70,1
T6,5,0,24,3
T7,6,0,200,2
T8,7,0,22,2
[254]
T1,0,1,174,13
T2,1,1,40,9
T3,2,0,110,1
T4,3,1,165,2
T5,4,0,45,2
T6,5,0,200,4
T7,6,1,116,2
T8,7,1,96,16
[255]
T1,0,1,147,22
T2,1,0,70,5
T3,2,1,189,9
T4,3,0,43,2
T5,4,1,196,2
T6,5,1,144,6
T7,6,1,48,4
T8,7,1,200,17
[256]
T1,0,1,72,3
T2,1,1,132,4
T3,2,0,98,7
T4,3,1,21,3
T5,4,1,23,3
T6,5,0,175,17
T7,6,1,200,3
T8,7,1,165,2
[257]
T1,0,1,77,7
T2,1,0,24,2
T3,2,1,165,3
T4,3,0,200,10
T5,4,0,175,16
T6,5,1,78,4
T7,6,1,36,2
T8,7,0,75,14
[258]
T1,0,1,84,5
T2,1,1,197,33
T3,2,0,200,13
T4,3,0,175,9
T5,4,0,44,6
T6,5,1,56,3
T7,6,0,70,2
T8,7,0,30,2
[259]
T1,0,1,23,2
T2,1,1,126,14
T3,2,1,80,8
T4,3,0,192,23
T5,4,0,175,19
T6,5,0,105,2
T7,6,1,30,3
T8,7,1,200,4
[260]
T1,0,1,39,7
T2,1,1,150,7
T3,2,1,200,13
T4,3,0,135,6
T5,4,1,175,2
T6,5,0,60,2
T7,6,0,33,1
T8,7,1,105,16
[261]
T1,0,1,200,3
T2,1,0,100,4
T3,2,0,176,19
T4,3,1,47,7
T5,4,1,27,2
T6,5,1,112,2
T7,6,0,154,25
T8,7,1,99,7
[262]
T1,0,1,63,5
T2,1,1,34,2
T3,2,0,142,6
T4,3,1,168,24
T5,4,0,45,2
T6,5,0,126,8
T7,6,1,200,31
T8,7,1,150,2
[263]
T1,0,0,105,4
T2,1,1,75,4
T3,2,0,180,9
T4,3,0,24,1
T5,4,0,200,17
T6,5,0,49,6
T7,6,1,175,13
T8,7,1,111,10
[264]
T1,0,1,175,2
T2,1,0,54,1
T3,2,1,60,7
T4,3,0,200,37
T5,4,1,126,8
T6,5,0,154,2
T7,6,1,132,3
T8,7,1,22,3
[265]
T1,0,0,198,3
T2,1,0,200,27
T3,2,1,55,17
T4,3,1,36,2
T5,4,1,108,2
T6,5,1,25,1
T7,6,0,135,1
T8,7,0,175,6
[266]
T1,0,1,165,2
T2,1,1,26,2
T3,2,0,195,47
T4,3,1,30,2
T5,4,1,143,12
T6,5,0,104,5
T7,6,0,200,13
T8,7,0,60,6
[267]
T1,0,1,180,4
T2,1,1,75,1
T3,2,0,200,12
T4,3,1,68,7
T5,4,0,153,28
T6,5,0,22,1
T7,6,1,70,2
T8,7,0,36,4
[268]
T1,0,1,112,2
T2,1,0,120,4
T3,2,0,51,7
T4,3,1,154,6
T5,4,1,200,2
T6,5,0,44,5
T7,6,0,99,22
T8,7,0,160,2
[269]
T1,0,1,150,37
T2,1,0,200,40
T3,2,0,45,2
T4,3,1,150,2
T5,4,1,75,8
T6,5,1,50,2
T7,6,0,102,2
T8,7,0,83,2
[270]
T1,0,0,49,3
T2,1,1,25,2
T3,2,0,200,12
T4,3,1,105,21
T5,4,1,119,2
T6,5,1,175,8
T7,6,1,105,16
T8,7,1,195,8
[271]
T1,0,0,60,4
T2,1,0,126,3
T3,2,1,63,15
T4,3,0,160,10
T5,4,0,24,2
T6,5,0,192,3
T7,6,1,43,3
T8,7,1,200,14
[272]
T1,0,0,186,33
T2,1,0,200,2
T3,2,0,160,12
T4,3,1,62,8
T5,4,1,48,1
T6,5,1,72,1
T7,6,1,90,8
T8,7,0,43,2
[273]
T1,0,0,90,10
T2,1,0,48,6
T3,2,1,168,18
T4,3,0,132,3
T5,4,0,44,1
T6,5,1,96,9
T7,6,1,154,2
T8,7,0,200,14
[274]
T1,0,0,156,2
T2,1,1,182,8
T3,2,1,45,1
T4,3,0,200,1
T5,4,1,100,19
T6,5,0,105,7
T7,6,0,29,3
T8,7,0,72,7
[275]
T1,0,1,38,3
T2,1,0,175,9
T3,2,0,171,10
T4,3,0,75,1
T5,4,0,200,7
T6,5,1,126,13
T7,6,1,54,12
T8,7,0,120,2
[276]
T1,0,0,92,11
T2,1,0,64,2
T3,2,1,161,25
T4,3,1,200,6
T5,4,0,69,1
T6,5,1,43,2
T7,6,0,192,33
T8,7,0,46,3
[277]
T1,0,1,200,44
T2,1,0,20,2
T3,2,1,150,25
T4,3,0,133,2
T5,4,0,180,5
T6,5,1,43,1
T7,6,1,120,2
T8,7,1,95,9
[278]
T1,0,1,29,2
T2,1,1,165,9
T3,2,1,165,24
T4,3,1,200,12
T5,4,0,104,3
T6,5,1,44,7
T7,6,1,100,1
T8,7,1,78,8
[279]
T1,0,1,147,13
T2,1,0,200,17
T3,2,1,60,11
T4,3,1,28,2
T5,4,1,100,14
T6,5,0,147,4
T7,6,0,50,2
T8,7,0,154,2
[280]
T1,0,1,26,1
T2,1,1,52,3
T3,2,0,160,5
T4,3,0,112,30
T5,4,0,200,7
T6,5,0,144,11
T7,6,1,104,2
T8,7,0,156,8
[281]
T1,0,1,25,2
T2,1,1,105,23
T3,2,1,75,2
T4,3,0,84,7
T5,4,1,195,10
T6,5,1,200,4
T7,6,1,165,34
T8,7,0,21,2
[282]
T1,0,0,102,2
T2,1,0,200,17
T3,2,0,180,2
T4,3,1,90,3
T5,4,0,20,1
T6,5,1,165,33
T7,6,1,39,2
T8,7,1,75,11
[283]
T1,0,0,94,1
T2,1,1,200,62
T3,2,1,180,3
T4,3,0,24,2
T5,4,1,33,2
T6,5,1,60,6
T7,6,1,64,5
T8,7,1,180,8
[284]
T1,0,0,150,5
T2,1,0,128,8
T3,2,1,22,1
T4,3,1,25,2
T5,4,1,200,12
T6,5,0,128,2
T7,6,0,130,19
T8,7,1,150,13
[285]
T1,0,0,200,3
T2,1,1,159,2
T3,2,0,38,5
T4,3,0,120,1
T5,4,0,63,3
T6,5,0,159,39
T7,6,0,45,2
T8,7,0,120,11
[286]
T1,0,0,175,2
T2,1,0,50,4
T3,2,1,52,18
T4,3,0,150,2
T5,4,0,200,19
T6,5,0,80,2
T7,6,0,56,2
T8,7,1,146,5
[287]
T1,0,1,140,10
T2,1,0,28,2
T3,2,0,150,8
T4,3,1,168,35
T5,4,0,44,2
T6,5,0,68,2
T7,6,0,126,7
T8,7,1,200,4
[288]
T1,0,0,200,1
T2,1,0,36,5
T3,2,1,75,7
T4,3,1,165,4
T5,4,0,60,2
T6,5,1,44,6
T7,6,0,190,9
T8,7,1,84,7
[289]
T1,0,0,130,26
T2,1,0,33,2
T3,2,0,70,4
T4,3,0,78,6
T5,4,1,33,1
T6,5,1,200,19
T7,6,1,168,6
T8,7,0,175,10
[290]
T1,0,0,29,2
T2,1,1,200,21
T3,2,0,152,5
T4,3,0,120,18
T5,4,0,33,4
T6,5,1,110,3
T7,6,0,96,2
T8,7,1,176,7
[291]
T1,0,1,50,8
T2,1,1,105,12
T3,2,0,36,1
T4,3,0,160,5
T5,4,0,72,6
T6,5,0,200,3
T7,6,0,196,18
T8,7,1,126,4
[292]
T1,0,1,57,3
T2,1,0,23,1
T3,2,1,160,9
T4,3,1,75,6
T5,4,0,95,1
T6,5,0,152,25
T7,6,1,200,22
T8,7,0,30,2
[293]
T1,0,0,36,4
T2,1,0,168,15
T3,2,1,200,26
T4,3,1,75,4
T5,4,1,168,2
T6,5,0,51,2
T7,6,1,60,1
T8,7,0,60,6
[294]
T1,0,0,165,2
T2,1,1,105,3
T3,2,1,50,15
T4,3,1,200,23
T5,4,1,96,2
T6,5,1,144,6
T7,6,1,35,2
T8,7,0,165,6
[295]
T1,0,1,25,7
T2,1,1,175,7
T3,2,1,154,5
T4,3,0,100,2
T5,4,0,200,1
T6,5,0,126,12
T7,6,1,44,2
T8,7,1,80,6
[296]
T1,0,0,40,2
T2,1,0,56,15
T3,2,1,165,1
T4,3,1,200,2
T5,4,0,143,11
T6,5,0,45,6
T7,6,1,150,4
T8,7,0,132,5
[297]
T1,0,0,195,7
T2,1,1,130,5
T3,2,1,70,10
T4,3,1,36,1
T5,4,0,84,3
T6,5,0,23,3
T7,6,0,200,4
T8,7,0,150,18
[298]
T1,0,1,32,2
T2,1,1,180,18
T3,2,0,99,13
T4,3,1,22,2
T5,4,0,135,14
T6,5,0,88,4
T7,6,0,198,19
T8,7,1,200,2
[299]
T1,0,1,156,19
T2,1,1,102,3
T3,2,1,200,1
T4,3,1,130,6
T5,4,1,50,9
T6,5,0,140,13
T7,6,0,51,2
T8,7,1,168,8
[300]
T1,0,0,75,5
T2,1,0,85,3
T3,2,0,100,9
T4,3,0,49,1
T5,4,0,200,19
T6,5,1,42,2
T7,6,0,196,20
T8,7,1,175,19
[301]
T1,0,0,88,3
T2,1,0,32,4
T3,2,1,150,24
T4,3,1,98,12
T5,4,1,165,4
T6,5,0,200,18
T7,6,1,20,2
T8,7,1,75,2
[302]
T1,0,1,44,1
T2,1,0,132,8
T3,2,1,44,11
T4,3,1,176,20
T5,4,1,176,9
T6,5,0,120,5
T7,6,0,200,2
T8,7,1,63,1
[303]
T1,0,1,140,12
T2,1,0,42,2
T3,2,1,195,9
T4,3,0,32,4
T5,4,0,195,33
T6,5,0,70,1
T7,6,1,120,15
T8,7,0,200,2
[304]
T1,0,0,165,2
T2,1,1,200,2
T3,2,1,75,3
T4,3,1,88,20
T5,4,0,41,4
T6,5,0,165,2
T7,6,1,88,7
T8,7,0,28,2
[305]
T1,0,1,144,8
T2,1,1,182,1
T3,2,1,21,2
T4,3,1,182,22
T5,4,0,120,15
T6,5,0,65,9
T7,6,1,200,15
T8,7,1,51,2
[306]
T1,0,0,72,7
T2,1,1,40,2
T3,2,1,31,1
T4,3,1,116,17
T5,4,1,152,23
T6,5,1,180,2
T7,6,0,57,4
T8,7,1,200,8
[307]
T1,0,0,46,6
T2,1,1,170,4
T3,2,1,40,4
T4,3,1,108,17
T5,4,0,63,1
T6,5,1,140,12
T7,6,1,175,2
T8,7,0,200,10
[308]
T1,0,0,200,10
T2,1,0,30,2
T3,2,0,184,42
T4,3,1,20,2
T5,4,1,184,8
T6,5,0,56,4
T7,6,1,64,5
T8,7,0,84,3
[309]
T1,0,0,80,3
T2,1,1,85,10
T3,2,0,200,29
T4,3,0,156,13
T5,4,1,51,2
T6,5,0,136,2
T7,6,0,51,6
T8,7,0,160,1
[310]
T1,0,1,80,1
T2,1,1,200,37
T3,2,1,22,2
T4,3,0,180,6
T5,4,0,156,12
T6,5,0,104,3
T7,6,1,22,2
T8,7,0,99,9
[311]
T1,0,0,87,6
T2,1,1,57,2
T3,2,1,26,4
T4,3,0,190,8
T5,4,0,45,2
T6,5,0,152,7
T7,6,1,76,10
T8,7,0,200,2
[312]
T1,0,0,44,6
T2,1,1,160,37
T3,2,1,100,2
T4,3,1,57,5
T5,4,0,200,1
T6,5,0,152,5
T7,6,0,52,3
T8,7,0,100,1
[313]
T1,0,0,56,8
T2,1,1,200,22
T3,2,1,184,10
T4,3,0,126,12
T5,4,1,115,2
T6,5,0,25,2
T7,6,0,150,8
T8,7,1,45,4
[314]
T1,0,0,60,2
T2,1,1,49,3
T3,2,0,155,2
T4,3,0,100,7
T5,4,1,200,13
T6,5,1,36,4
T7,6,0,100,18
T8,7,1,165,5
[315]
T1,0,1,37,2
T2,1,1,168,6
T3,2,0,56,2
T4,3,1,150,18
T5,4,0,200,18
T6,5,0,76,2
T7,6,1,56,2
T8,7,1,35,6
[316]
T1,0,0,35,1
T2,1,1,200,2
T3,2,0,112,6
T4,3,0,140,20
T5,4,1,176,19
T6,5,0,84,2
T7,6,1,154,1
T8,7,0,24,5
[317]
T1,0,1,117,9
T2,1,1,168,21
T3,2,1,25,3
T4,3,1,48,2
T5,4,1,60,4
T6,5,1,200,2
T7,6,0,112,10
T8,7,1,189,3
[318]
T1,0,1,128,1
T2,1,1,96,9
T3,2,1,75,9
T4,3,0,175,8
T5,4,1,200,7
T6,5,0,21,3
T7,6,1,52,5
T8,7,0,150,1
[319]
T1,0,0,150,12
T2,1,1,112,3
T3,2,0,126,7
T4,3,1,168,7
T5,4,1,200,26
T6,5,1,21,2
T7,6,1,88,2
T8,7,0,35,6
[320]
T1,0,1,177,3
T2,1,0,30,1
T3,2,1,120,24
T4,3,1,120,5
T5,4,0,144,3
T6,5,0,200,9
T7,6,1,33,3
T8,7,0,150,14
[321]
T1,0,0,180,14
T2,1,1,49,2
T3,2,1,56,9
T4,3,1,175,11
T5,4,0,200,15
T6,5,0,141,9
T7,6,0,63,4
T8,7,1,42,2
[322]
T1,0,0,92,2
T2,1,1,161,21
T3,2,0,200,13
T4,3,1,70,2
T5,4,1,23,2
T6,5,0,120,8
T7,6,0,28,1
T8,7,0,160,43
[323]
T1,0,1,168,10
T2,1,0,44,2
T3,2,1,114,2
T4,3,0,26,1
T5,4,1,132,9
T6,5,1,190,42
T7,6,0,200,24
T8,7,0,60,2
[324]
T1,0,1,51,7
T2,1,1,200,9
T3,2,0,180,3
T4,3,0,102,1
T5,4,1,108,1
T6,5,1,153,21
T7,6,1,20,3
T8,7,0,96,6
[325]
T1,0,0,174,14
T2,1,0,174,16
T3,2,0,25,1
T4,3,0,75,4
T5,4,0,28,1
T6,5,0,96,8
T7,6,1,87,11
T8,7,0,200,1
[326]
T1,0,0,72,4
T2,1,1,120,6
T3,2,1,72,3
T4,3,1,150,1
T5,4,1,188,26
T6,5,1,24,1
T7,6,1,35,1
T8,7,1,200,37
[327]
T1,0,1,200,11
T2,1,1,34,5
T3,2,1,120,3
T4,3,0,189,13
T5,4,1,81,8
T6,5,1,40,1
T7,6,0,150,6
T8,7,1,70,6
[328]
T1,0,1,80,3
T2,1,1,200,11
T3,2,0,30,6
T4,3,0,100,9
T5,4,1,112,13
T6,5,0,192,8
T7,6,0,37,1
T8,7,1,195,1
[329]
T1,0,0,175,1
T2,1,0,170,3
T3,2,0,21,2
T4,3,1,35,2
T5,4,1,66,14
T6,5,1,85,6
T7,6,1,100,9
T8,7,0,200,15
[330]
T1,0,0,187,23
T2,1,1,32,3
T3,2,1,132,10
T4,3,1,75,7
T5,4,1,52,2
T6,5,0,100,7
T7,6,0,187,9
T8,7,1,200,10
[331]
T1,0,1,200,9
T2,1,1,91,6
T3,2,1,42,2
T4,3,1,60,2
T5,4,0,84,8
T6,5,1,27,5
T7,6,1,182,3
T8,7,0,156,8
[332]
T1,0,1,88,20
T2,1,1,152,12
T3,2,1,200,2
T4,3,1,29,2
T5,4,0,165,28
T6,5,1,88,3
T7,6,1,90,2
T8,7,1,33,1
[333]
T1,0,1,200,1
T2,1,1,175,35
T3,2,0,35,2
T4,3,1,160,18
T5,4,0,75,2
T6,5,0,20,2
T7,6,0,100,2
T8,7,0,118,12
[334]
T1,0,1,32,1
T2,1,0,168,8
T3,2,1,72,2
T4,3,0,196,11
T5,4,0,96,14
T6,5,0,200,8
T7,6,1,37,6
T8,7,1,90,4
[335]
T1,0,1,26,2
T2,1,0,150,20
T3,2,0,62,3
T4,3,0,100,20
T5,4,0,150,2
T6,5,0,200,2
T7,6,1,50,1
T8,7,1,106,12
[336]
T1,0,0,39,2
T2,1,1,55,2
T3,2,0,50,1
T4,3,0,102,5
T5,4,1,160,25
T6,5,1,200,3
T7,6,0,80,21
T8,7,0,192,3
[337]
T1,0,1,66,5
T2,1,1,200,14
T3,2,0,50,1
T4,3,0,105,2
T5,4,1,23,2
T6,5,1,91,22
T7,6,0,154,6
T8,7,0,165,2
[338]
T1,0,0,200,28
T2,1,1,24,2
T3,2,0,64,5
T4,3,0,110,5
T5,4,1,154,17
T6,5,1,140,10
T7,6,0,50,2
T8,7,0,160,2
[339]
T1,0,1,96,2
T2,1,0,160,8
T3,2,0,85,9
T4,3,0,42,8
T5,4,0,84,1
T6,5,1,180,10
T7,6,0,200,26
T8,7,1,29,2
[340]
T1,0,1,50,2
T2,1,0,196,16
T3,2,1,200,8
T4,3,1,58,9
T5,4,0,37,1
T6,5,1,100,11
T7,6,1,120,13
T8,7,1,175,3
[341]
T1,0,0,180,7
T2,1,1,72,1
T3,2,1,50,3
T4,3,0,47,3
T5,4,1,76,6
T6,5,0,152,6
T7,6,1,110,22
T8,7,1,200,10
[342]
T1,0,0,104,2
T2,1,1,128,5
T3,2,0,156,6
T4,3,1,200,5
T5,4,1,156,24
T6,5,0,42,3
T7,6,0,120,13
T8,7,0,36,4
[343]
T1,0,0,189,59
T2,1,1,53,2
T3,2,0,200,3
T4,3,1,112,1
T5,4,0,81,1
T6,5,0,50,2
T7,6,0,189,40
T8,7,1,70,1
[344]
T1,0,0,55,2
T2,1,0,200,7
T3,2,0,168,15
T4,3,1,147,10
T5,4,1,38,4
T6,5,0,90,14
T7,6,0,30,2
T8,7,0,63,4
[345]
T1,0,0,60,2
T2,1,1,198,12
T3,2,0,80,26
T4,3,0,200,19
T5,4,1,171,7
T6,5,1,45,2
T7,6,1,60,1
T8,7,1,40,2
[346]
T1,0,1,43,5
T2,1,1,172,13
T3,2,1,200,45
T4,3,1,43,5
T5,4,0,60,2
T6,5,1,150,3
T7,6,1,112,2
T8,7,0,120,2
[347]
T1,0,0,140,1
T2,1,0,176,11
T3,2,1,132,28
T4,3,0,56,5
T5,4,1,200,9
T6,5,1,49,2
T7,6,0,34,1
T8,7,0,196,16
[348]
T1,0,0,22,2
T2,1,0,54,2
T3,2,0,153,19
T4,3,1,200,32
T5,4,0,68,1
T6,5,0,54,5
T7,6,0,153,4
T8,7,1,81,1
[349]
T1,0,1,39,3
T2,1,0,156,6
T3,2,0,114,11
T4,3,0,45,8
T5,4,0,104,3
T6,5,0,190,13
T7,6,0,200,8
T8,7,1,130,5
[350]
T1,0,0,200,1
T2,1,0,60,10
T3,2,1,32,1
T4,3,0,182,2
T5,4,0,102,8
T6,5,0,42,2
T7,6,0,150,9
T8,7,0,56,11
[351]
T1,0,1,152,5
T2,1,0,100,4
T3,2,1,95,17
T4,3,0,200,18
T5,4,0,39,4
T6,5,0,133,2
T7,6,0,35,2
T8,7,1,182,8
[352]
T1,0,0,51,3
T2,1,0,75,2
T3,2,1,25,2
T4,3,1,135,8
T5,4,1,90,7
T6,5,0,200,33
T7,6,0,189,17
T8,7,1,176,19
[353]
T1,0,1,176,8
T2,1,0,32,6
T3,2,0,120,10
T4,3,1,176,4
T5,4,1,36,2
T6,5,0,80,9
T7,6,0,200,1
T8,7,1,99,3
[354]
T1,0,1,54,9
T2,1,0,200,15
T3,2,0,21,2
T4,3,1,63,1
T5,4,0,144,30
T6,5,0,198,12
T7,6,1,176,2
T8,7,1,112,2
[355]
T1,0,0,58,9
T2,1,1,41,2
T3,2,0,174,2
T4,3,1,35,1
T5,4,0,174,10
T6,5,1,200,1
T7,6,1,56,6
T8,7,1,84,18
[356]
T1,0,1,88,10
T2,1,0,114,7
T3,2,0,33,1
T4,3,1,150,17
T5,4,0,48,2
T6,5,0,200,5
T7,6,1,190,27
T8,7,1,99,6
[357]
T1,0,1,126,12
T2,1,0,154,1
T3,2,0,55,10
T4,3,1,200,8
T5,4,0,30,3
T6,5,0,96,2
T7,6,1,48,3
T8,7,0,150,8
[358]
T1,0,1,168,2
T2,1,1,58,2
T3,2,0,20,3
T4,3,0,150,3
T5,4,1,145,17
T6,5,1,144,8
T7,6,0,45,4
T8,7,1,200,7
[359]
T1,0,0,88,2
T2,1,0,200,18
T3,2,0,198,8
T4,3,1,102,2
T5,4,1,85,2
T6,5,1,40,15
T7,6,1,24,2
T8,7,1,187,11
[360]
T1,0,1,160,6
T2,1,1,144,1
T3,2,0,76,3
T4,3,1,200,42
T5,4,0,32,2
T6,5,1,168,35
T7,6,1,63,1
T8,7,0,48,1
[361]
T1,0,0,52,9
T2,1,0,200,5
T3,2,0,108,1
T4,3,1,80,4
T5,4,0,150,7
T6,5,1,36,6
T7,6,0,144,2
T8,7,1,189,18
[362]
T1,0,1,175,8
T2,1,0,95,3
T3,2,1,90,1
T4,3,1,108,20
T5,4,1,150,31
T6,5,1,30,2
T7,6,1,200,1
T8,7,0,41,3
[363]
T1,0,0,190,2
T2,1,0,200,25
T3,2,0,26,2
T4,3,1,95,16
T5,4,0,195,20
T6,5,0,75,6
T7,6,1,65,3
T8,7,0,44,2
[364]
T1,0,1,84,10
T2,1,1,200,9
T3,2,0,55,14
T4,3,1,176,7
T5,4,1,29,2
T6,5,1,165,7
T7,6,0,84,2
T8,7,0,33,1
[365]
T1,0,1,200,49
T2,1,1,80,2
T3,2,0,36,2
T4,3,1,72,6
T5,4,0,29,1
T6,5,1,80,7
T7,6,0,193,2
T8,7,0,193,4
[366]
T1,0,0,165,16
T2,1,0,46,2
T3,2,1,60,3
T4,3,0,175,5
T5,4,1,84,24
T6,5,0,45,2
T7,6,0,200,14
T8,7,1,54,2
[367]
T1,0,0,132,1
T2,1,0,75,4
T3,2,0,35,3
T4,3,0,88,7
T5,4,1,200,43
T6,5,1,160,15
T7,6,0,192,4
T8,7,0,40,2
[368]
T1,0,1,57,1
T2,1,1,95,16
T3,2,1,70,1
T4,3,1,168,2
T5,4,0,171,21
T6,5,1,20,1
T7,6,0,40,2
T8,7,0,200,27
[369]
T1,0,0,26,4
T2,1,1,50,1
T3,2,1,175,6
T4,3,1,72,1
T5,4,1,81,1
T6,5,0,168,12
T7,6,0,84,18
T8,7,0,200,2
[370]
T1,0,0,34,2
T2,1,0,147,20
T3,2,1,200,6
T4,3,1,25,2
T5,4,1,105,2
T6,5,1,152,20
T7,6,0,140,29
T8,7,0,168,6
[371]
T1,0,0,75,4
T2,1,0,150,6
T3,2,1,56,1
T4,3,1,46,11
T5,4,1,42,1
T6,5,1,173,25
T7,6,0,70,2
T8,7,1,200,9
[372]
T1,0,1,35,2
T2,1,0,21,1
T3,2,1,196,5
T4,3,1,126,13
T5,4,1,180,3
T6,5,1,200,15
T7,6,1,72,16
T8,7,0,84,1
[373]
T1,0,1,117,2
T2,1,1,72,2
T3,2,1,200,19
T4,3,0,20,5
T5,4,1,47,6
T6,5,0,78,2
T7,6,1,152,1
T8,7,0,190,17
[374]
T1,0,0,80,5
T2,1,1,168,14
T3,2,1,185,36
T4,3,1,28,1
T5,4,1,111,2
T6,5,1,28,4
T7,6,0,111,2
T8,7,0,200,3
[375]
T1,0,0,150,28
T2,1,1,85,10
T3,2,1,153,2
T4,3,0,68,5
T5,4,0,36,1
T6,5,1,110,2
T7,6,1,200,15
T8,7,1,45,3
[376]
T1,0,0,33,1
T2,1,0,156,15
T3,2,0,65,6
T4,3,1,65,2
T5,4,1,160,10
T6,5,0,24,1
T7,6,0,200,11
T8,7,0,96,11
[377]
T1,0,1,176,3
T2,1,0,110,2
T3,2,1,128,19
T4,3,1,22,3
T5,4,1,200,1
T6,5,1,198,12
T7,6,0,144,13
T8,7,1,50,3
[378]
T1,0,0,176,7
T2,1,0,144,2
T3,2,0,200,1
T4,3,0,20,2
T5,4,1,49,9
T6,5,1,57,8
T7,6,1,165,12
T8,7,1,99,3
[379]
T1,0,0,198,22
T2,1,1,180,2
T3,2,1,104,2
T4,3,0,200,17
T5,4,1,54,4
T6,5,0,104,11
T7,6,0,108,13
T8,7,1,44,3
[380]
T1,0,0,39,1
T2,1,1,175,4
T3,2,0,22,2
T4,3,1,160,32
T5,4,1,105,10
T6,5,0,140,6
T7,6,0,63,4
T8,7,1,200,18
[381]
T1,0,1,200,3
T2,1,0,52,1
T3,2,0,160,2
T4,3,0,130,11
T5,4,0,160,17
T6,5,1,135,1
T7,6,0,130,28
T8,7,0,54,6
[382]
T1,0,0,32,2
T2,1,1,64,2
T3,2,0,160,21
T4,3,1,200,50
T5,4,0,192,2
T6,5,1,69,3
T7,6,0,108,5
T8,7,0,32,2
[383]
T1,0,1,200,23
T2,1,1,154,13
T3,2,0,75,1
T4,3,1,55,2
T5,4,0,133,40
T6,5,1,22,2
T7,6,0,154,3
T8,7,1,42,2
[384]
T1,0,1,187,19
T2,1,1,140,24
T3,2,1,25,2
T4,3,1,168,12
T5,4,1,200,10
T6,5,1,70,7
T7,6,0,55,2
T8,7,0,38,2
[385]
T1,0,1,180,2
T2,1,0,150,36
T3,2,0,200,4
T4,3,1,34,2
T5,4,0,32,1
T6,5,1,125,13
T7,6,0,105,10
T8,7,0,135,2
[386]
T1,0,0,120,5
T2,1,1,180,2
T3,2,1,53,2
T4,3,0,68,14
T5,4,1,96,4
T6,5,1,150,1
T7,6,0,42,4
T8,7,1,200,27
[387]
T1,0,1,84,8
T2,1,1,175,9
T3,2,1,30,2
T4,3,1,96,8
T5,4,0,40,3
T6,5,0,56,8
T7,6,0,155,18
T8,7,1,200,2
[388]
T1,0,0,135,9
T2,1,0,91,15
T3,2,1,200,10
T4,3,1,150,14
T5,4,1,36,2
T6,5,1,120,8
T7,6,1,42,1
T8,7,1,195,17
[389]
T1,0,1,123,4
T2,1,1,20,2
T3,2,1,200,16
T4,3,0,165,34
T5,4,0,165,10
T6,5,1,55,2
T7,6,1,90,2
T8,7,0,27,1
[390]
T1,0,1,25,1
T2,1,1,31,3
T3,2,0,80,2
T4,3,0,60,1
T5,4,1,200,4
T6,5,0,186,17
T7,6,1,176,34
T8,7,0,60,5
[391]
T1,0,0,49,2
T2,1,1,186,25
T3,2,0,200,48
T4,3,1,72,5
T5,4,1,45,4
T6,5,0,175,2
T7,6,0,90,1
T8,7,0,112,2
[392]
T1,0,1,36,8
T2,1,1,63,1
T3,2,1,73,11
T4,3,0,140,2
T5,4,1,20,2
T6,5,0,175,15
T7,6,0,200,8
T8,7,1,150,7
[393]
T1,0,0,25,1
T2,1,1,190,7
T3,2,0,200,1
T4,3,0,105,1
T5,4,0,56,11
T6,5,1,49,9
T7,6,0,147,8
T8,7,0,190,2
[394]
T1,0,0,200,22
T2,1,0,110,8
T3,2,1,44,2
T4,3,1,180,10
T5,4,0,40,4
T6,5,0,126,11
T7,6,1,88,1
T8,7,1,176,23
[395]
T1,0,0,96,5
T2,1,1,21,5
T3,2,0,192,9
T4,3,0,84,2
T5,4,1,75,7
T6,5,0,40,2
T7,6,1,170,9
T8,7,1,200,13
[396]
T1,0,1,140,6
T2,1,1,20,4
T3,2,0,200,4
T4,3,0,75,5
T5,4,0,56,2
T6,5,1,156,5
T7,6,1,35,5
T8,7,0,192,6
[397]
T1,0,1,47,1
T2,1,0,66,1
T3,2,0,56,9
T4,3,0,200,3
T5,4,1,150,3
T6,5,1,38,3
T7,6,1,56,9
T8,7,0,150,9
[398]
T1,0,0,48,11
T2,1,1,21,3
T3,2,1,60,4
T4,3,0,78,1
T5,4,1,180,2
T6,5,1,200,1
T7,6,0,65,3
T8,7,1,189,8
[399]
T1,0,1,143,8
T2,1,0,156,2
T3,2,1,39,11
T4,3,0,200,11
T5,4,1,176,12
T6,5,1,130,6
T7,6,1,41,1
T8,7,1,110,2
[400]
T1,0,1,200,16
T2,1,1,150,2
T3,2,1,150,25
T4,3,1,60,9
T5,4,1,127,4
T6,5,1,27,2
T7,6,1,75,5
T8,7,1,45,2
[401]
T1,0,0,165,16
T2,1,1,196,15
T3,2,0,100,2
T4,3,0,51,5
T5,4,1,50,2
T6,5,0,80,8
T7,6,1,200,2
T8,7,1,147,25
[402]
T1,0,0,200,15
T2,1,1,90,16
T3,2,0,22,2
T4,3,0,38,1
T5,4,1,95,2
T6,5,0,57,6
T7,6,0,150,10
T8,7,1,184,11
[403]
T1,0,0,84,6
T2,1,1,40,2
T3,2,0,200,34
T4,3,1,100,19
T5,4,0,108,2
T6,5,1,192,2
T7,6,0,192,14
T8,7,1,50,2
[404]
T1,0,1,168,4
T2,1,0,70,18
T3,2,1,39,2
T4,3,0,200,2
T5,4,0,175,14
T6,5,0,66,5
T7,6,1,98,11
T8,7,0,40,2
[405]
T1,0,1,105,11
T2,1,0,117,2
T3,2,1,26,2
T4,3,0,24,5
T5,4,0,105,1
T6,5,0,200,12
T7,6,1,180,10
T8,7,1,156,3
[406]
T1,0,1,132,8
T2,1,1,200,22
T3,2,0,56,2
T4,3,0,175,2
T5,4,0,50,10
T6,5,0,45,3
T7,6,0,176,11
T8,7,1,100,3
[407]
T1,0,0,105,11
T2,1,0,192,5
T3,2,1,84,4
T4,3,0,136,6
T5,4,0,175,35
T6,5,1,200,16
T7,6,1,51,3
T8,7,1,51,1
[408]
T1,0,0,132,14
T2,1,0,198,42
T3,2,1,44,2
T4,3,0,132,1
T5,4,1,150,2
T6,5,1,35,3
T7,6,1,200,2
T8,7,1,135,17
[409]
T1,0,0,90,26
T2,1,1,190,5
T3,2,1,84,6
T4,3,0,40,2
T5,4,0,105,11
T6,5,0,200,3
T7,6,1,171,3
T8,7,1,50,1
[410]
T1,0,0,126,25
T2,1,0,135,17
T3,2,0,189,13
T4,3,1,21,2
T5,4,0,160,4
T6,5,1,84,4
T7,6,0,200,14
T8,7,0,40,1
[411]
T1,0,1,132,11
T2,1,0,55,1
T3,2,0,75,5
T4,3,1,196,8
T5,4,0,200,11
T6,5,0,33,2
T7,6,1,150,1
T8,7,0,42,9
[412]
T1,0,1,192,2
T2,1,1,200,31
T3,2,0,64,11
T4,3,1,24,2
T5,4,1,112,10
T6,5,0,175,15
T7,6,0,28,2
T8,7,0,147,3
[413]
T1,0,0,170,3
T2,1,0,24,1
T3,2,1,52,12
T4,3,1,126,17
T5,4,0,72,2
T6,5,1,160,1
T7,6,0,96,3
T8,7,0,200,10
[414]
T1,0,1,42,1
T2,1,1,200,19
T3,2,1,86,7
T4,3,0,72,5
T5,4,0,45,1
T6,5,1,150,13
T7,6,0,172,9
T8,7,0,80,9
[415]
T1,0,1,38,3
T2,1,0,116,13
T3,2,0,176,11
T4,3,0,200,37
T5,4,0,174,9
T6,5,0,110,3
T7,6,1,50,2
T8,7,0,110,3
[416]
T1,0,1,33,2
T2,1,0,186,9
T3,2,1,200,24
T4,3,1,198,34
T5,4,0,93,6
T6,5,1,88,9
T7,6,0,120,4
T8,7,0,32,2
[417]
T1,0,1,145,3
T2,1,0,63,2
T3,2,0,200,2
T4,3,0,49,7
T5,4,0,45,2
T6,5,1,150,5
T7,6,1,168,26
T8,7,1,144,23
[418]
T1,0,1,37,1
T2,1,1,200,9
T3,2,0,91,4
T4,3,1,160,1
T5,4,1,84,7
T6,5,1,63,4
T7,6,0,28,7
T8,7,0,168,2
[419]
T1,0,1,57,4
T2,1,0,175,5
T3,2,1,50,1
T4,3,0,105,34
T5,4,1,21,1
T6,5,1,200,6
T7,6,0,192,3
T8,7,0,70,2
[420]
T1,0,0,44,4
T2,1,0,198,34
T3,2,1,200,2
T4,3,0,100,5
T5,4,0,65,5
T6,5,0,104,1
T7,6,1,150,2
T8,7,0,41,5
[421]
T1,0,0,33,1
T2,1,1,140,30
T3,2,0,120,3
T4,3,0,45,1
T5,4,1,105,11
T6,5,0,186,4
T7,6,0,200,24
T8,7,0,180,4
[422]
T1,0,0,176,8
T2,1,0,68,6
T3,2,1,64,6
T4,3,1,32,2
T5,4,1,38,5
T6,5,0,200,4
T7,6,0,170,12
T8,7,0,100,10
[423]
T1,0,0,160,15
T2,1,1,160,31
T3,2,0,52,2
T4,3,0,80,1
T5,4,1,20,1
T6,5,0,124,1
T7,6,1,200,11
T8,7,1,136,17
[424]
T1,0,1,44,2
T2,1,1,153,10
T3,2,1,44,3
T4,3,1,165,2
T5,4,0,144,7
T6,5,1,136,1
T7,6,1,88,14
T8,7,0,200,43
[425]
T1,0,0,63,3
T2,1,1,200,17
T3,2,0,28,4
T4,3,0,161,13
T5,4,0,175,3
T6,5,0,90,6
T7,6,0,30,1
T8,7,0,115,7
[426]
T1,0,1,57,2
T2,1,0,200,53
T3,2,0,36,2
T4,3,1,132,2
T5,4,1,190,5
T6,5,1,105,3
T7,6,0,40,1
T8,7,0,190,28
[427]
T1,0,0,85,7
T2,1,1,120,14
T3,2,1,50,5
T4,3,0,84,3
T5,4,1,195,8
T6,5,1,168,5
T7,6,1,200,25
T8,7,1,47,1
[428]
T1,0,1,62,3
T2,1,1,35,3
T3,2,1,175,2
T4,3,0,42,2
T5,4,1,100,10
T6,5,1,196,21
T7,6,0,120,12
T8,7,1,200,18
[429]
T1,0,0,128,12
T2,1,1,144,30
T3,2,0,38,2
T4,3,0,200,3
T5,4,0,180,13
T6,5,0,144,11
T7,6,1,41,1
T8,7,1,150,9
[430]
T1,0,0,200,2
T2,1,0,110,6
T3,2,0,190,6
T4,3,1,165,2
T5,4,1,48,2
T6,5,0,40,12
T7,6,1,120,2
T8,7,1,90,12
[431]
T1,0,1,25,2
T2,1,1,196,16
T3,2,0,200,41
T4,3,0,90,2
T5,4,0,90,5
T6,5,0,75,1
T7,6,0,51,3
T8,7,1,168,21
[432]
T1,0,1,55,2
T2,1,1,35,4
T3,2,1,70,9
T4,3,0,200,23
T5,4,1,100,4
T6,5,1,154,7
T7,6,0,27,2
T8,7,1,175,6
[433]
T1,0,1,195,13
T2,1,1,144,12
T3,2,1,30,2
T4,3,1,168,14
T5,4,0,32,2
T6,5,0,100,11
T7,6,0,84,4
T8,7,0,200,20
[434]
T1,0,0,200,34
T2,1,0,150,2
T3,2,1,66,3
T4,3,0,55,2
T5,4,0,154,2
T6,5,1,20,1
T7,6,0,64,18
T8,7,1,22,2
[435]
T1,0,1,198,25
T2,1,1,26,2
T3,2,1,90,17
T4,3,0,26,1
T5,4,1,80,2
T6,5,1,200,14
T7,6,0,165,2
T8,7,1,88,2
[436]
T1,0,0,200,29
T2,1,1,130,2
T3,2,1,198,32
T4,3,0,60,2
T5,4,1,20,1
T6,5,0,55,3
T7,6,1,150,7
T8,7,0,25,2
[437]
T1,0,1,44,1
T2,1,1,55,4
T3,2,0,200,1
T4,3,1,52,9
T5,4,1,176,7
T6,5,0,80,2
T7,6,1,175,12
T8,7,1,92,17
[438]
T1,0,1,25,1
T2,1,1,200,1
T3,2,0,175,4
T4,3,1,98,1
T5,4,1,56,4
T6,5,1,188,6
T7,6,0,54,1
T8,7,1,112,40
[439]
T1,0,1,175,10
T2,1,0,22,2
T3,2,1,60,7
T4,3,0,200,9
T5,4,0,31,1
T6,5,1,156,13
T7,6,1,143,20
T8,7,1,100,6
[440]
T1,0,1,90,6
T2,1,0,55,1
T3,2,0,100,12
T4,3,1,175,22
T5,4,0,27,3
T6,5,0,31,2
T7,6,1,200,15
T8,7,0,150,5
[441]
T1,0,1,35,2
T2,1,0,153,11
T3,2,0,36,5
T4,3,1,136,10
T5,4,1,200,13
T6,5,1,170,13
T7,6,1,96,9
T8,7,0,125,3
[442]
T1,0,0,60,3
T2,1,1,46,2
T3,2,0,115,1
T4,3,0,180,38
T5,4,0,120,11
T6,5,0,200,28
T7,6,1,23,1
T8,7,0,192,5
[443]
T1,0,1,56,2
T2,1,0,150,3
T3,2,1,200,10
T4,3,1,21,2
T5,4,1,150,4
T6,5,1,78,17
T7,6,0,117,9
T8,7,0,30,4
[444]
T1,0,0,78,5
T2,1,0,175,2
T3,2,1,47,3
T4,3,1,156,25
T5,4,1,20,2
T6,5,0,65,5
T7,6,0,63,7
T8,7,0,200,14
[445]
T1,0,1,48,2
T2,1,0,175,5
T3,2,1,101,11
T4,3,1,75,2
T5,4,0,200,31
T6,5,1,168,3
T7,6,0,50,5
T8,7,0,56,7
[446]
T1,0,1,48,7
T2,1,0,98,3
T3,2,0,40,2
T4,3,1,55,1
T5,4,0,165,5
T6,5,1,60,3
T7,6,1,200,35
T8,7,0,168,16
[447]
T1,0,0,126,12
T2,1,1,105,3
T3,2,0,25,5
T4,3,1,80,2
T5,4,1,168,3
T6,5,1,200,40
T7,6,1,39,2
T8,7,0,152,2
[448]
T1,0,0,88,4
T2,1,1,75,10
T3,2,1,92,2
T4,3,0,25,1
T5,4,0,198,15
T6,5,1,45,8
T7,6,0,165,13
T8,7,0,200,3
[449]
T1,0,1,186,28
T2,1,0,40,1
T3,2,0,99,3
T4,3,0,165,13
T5,4,0,200,23
T6,5,0,120,9
T7,6,1,24,2
T8,7,1,75,1
[450]
T1,0,0,156,19
T2,1,0,96,11
T3,2,0,104,2
T4,3,0,64,4
T5,4,0,200,29
T6,5,1,156,12
T7,6,0,48,1
T8,7,1,25,2
[451]
T1,0,1,200,16
T2,1,0,190,7
T3,2,1,95,14
T4,3,0,73,15
T5,4,0,100,2
T6,5,0,24,2
T7,6,0,38,2
T8,7,1,150,2
[452]
T1,0,1,96,1
T2,1,1,195,2
T3,2,1,80,17
T4,3,1,195,2
T5,4,0,50,9
T6,5,1,124,6
T7,6,0,52,2
T8,7,0,200,10
[453]
T1,0,0,99,8
T2,1,0,21,1
T3,2,1,198,28
T4,3,1,43,2
T5,4,1,154,9
T6,5,0,200,10
T7,6,1,100,1
T8,7,0,100,16
[454]
T1,0,0,172,18
T2,1,0,40,2
T3,2,0,176,16
T4,3,0,200,24
T5,4,1,110,2
T6,5,1,38,1
T7,6,0,110,17
T8,7,1,75,2
[455]
T1,0,0,56,1
T2,1,0,20,2
T3,2,0,200,25
T4,3,0,70,7
T5,4,1,176,25
T6,5,1,154,18
T7,6,0,140,2
T8,7,0,35,2
[456]
T1,0,1,36,2
T2,1,0,126,17
T3,2,0,25,2
T4,3,0,150,9
T5,4,1,200,2
T6,5,0,180,51
T7,6,0,112,2
T8,7,0,96,1
[457]
T1,0,1,75,5
T2,1,0,102,18
T3,2,1,50,2
T4,3,1,20,2
T5,4,1,200,18
T6,5,1,196,8
T7,6,1,136,5
T8,7,1,175,2
[458]
T1,0,1,54,1
T2,1,0,200,12
T3,2,0,84,12
T4,3,1,44,7
T5,4,0,180,1
T6,5,1,45,5
T7,6,0,168,5
T8,7,0,57,1
[459]
T1,0,0,153,12
T2,1,1,170,4
T3,2,1,200,2
T4,3,1,114,12
T5,4,0,34,1
T6,5,0,100,10
T7,6,1,100,7
T8,7,0,23,3
[460]
T1,0,0,200,22
T2,1,0,78,2
T3,2,1,24,2
T4,3,1,39,6
T5,4,1,57,2
T6,5,1,171,7
T7,6,1,190,40
T8,7,0,60,2
[461]
T1,0,1,153,4
T2,1,0,115,2
T3,2,1,138,35
T4,3,0,184,4
T5,4,0,20,2
T6,5,0,72,4
T7,6,1,37,2
T8,7,1,200,23
[462]
T1,0,0,136,19
T2,1,0,112,6
T3,2,0,31,2
T4,3,1,56,4
T5,4,1,25,2
T6,5,0,200,10
T7,6,1,154,7
T8,7,0,154,28
[463]
T1,0,0,112,15
T2,1,1,196,2
T3,2,0,130,11
T4,3,0,182,19
T5,4,1,31,3
T6,5,0,200,2
T7,6,1,70,3
T8,7,1,50,4
[464]
T1,0,1,200,32
T2,1,1,24,1
T3,2,0,63,10
T4,3,1,180,21
T5,4,0,98,2
T6,5,1,70,2
T7,6,0,196,1
T8,7,0,42,2
[465]
T1,0,0,45,2
T2,1,0,165,25
T3,2,0,165,19
T4,3,1,88,5
T5,4,1,56,2
T6,5,1,135,3
T7,6,0,27,1
T8,7,1,200,23
[466]
T1,0,1,98,3
T2,1,0,64,3
T3,2,1,175,13
T4,3,1,200,8
T5,4,1,46,5
T6,5,1,30,5
T7,6,1,168,4
T8,7,1,126,8
[467]
T1,0,0,43,7
T2,1,1,95,1
T3,2,1,200,2
T4,3,1,176,2
T5,4,0,22,3
T6,5,1,152,5
T7,6,0,96,5
T8,7,1,110,12
[468]
T1,0,1,78,6
T2,1,0,68,4
T3,2,0,36,2
T4,3,1,136,4
T5,4,1,170,35
T6,5,1,33,3
T7,6,0,200,5
T8,7,1,195,8
[469]
T1,0,0,68,16
T2,1,1,200,24
T3,2,1,136,4
T4,3,1,154,3
T5,4,0,50,2
T6,5,1,119,5
T7,6,0,26,1
T8,7,1,168,8
[470]
T1,0,1,96,1
T2,1,1,21,2
T3,2,1,156,4
T4,3,1,195,12
T5,4,0,65,12
T6,5,0,51,4
T7,6,0,100,15
T8,7,0,200,2
[471]
T1,0,0,80,4
T2,1,1,189,12
T3,2,1,52,6
T4,3,0,32,1
T5,4,0,126,31
T6,5,0,108,2
T7,6,0,189,3
T8,7,0,200,6
[472]
T1,0,0,150,8
T2,1,1,38,2
T3,2,0,200,12
T4,3,0,27,6
T5,4,1,88,2
T6,5,0,99,14
T7,6,1,160,5
T8,7,1,88,1
[473]
T1,0,1,159,17
T2,1,0,75,14
T3,2,1,20,2
T4,3,0,32,2
T5,4,0,165,5
T6,5,0,66,11
T7,6,0,80,1
T8,7,1,200,6
[474]
T1,0,1,200,17
T2,1,1,189,21
T3,2,1,90,3
T4,3,1,175,22
T5,4,0,115,4
T6,5,0,28,3
T7,6,0,63,1
T8,7,1,39,1
[475]
T1,0,0,20,1
T2,1,1,60,6
T3,2,0,104,5
T4,3,1,36,6
T5,4,1,180,24
T6,5,1,200,3
T7,6,0,156,6
T8,7,1,87,2
[476]
T1,0,1,182,8
T2,1,0,46,10
T3,2,1,65,3
T4,3,1,200,15
T5,4,0,25,2
T6,5,0,56,2
T7,6,0,77,11
T8,7,1,195,2
[477]
T1,0,1,120,3
T2,1,0,20,2
T3,2,1,49,4
T4,3,1,165,10
T5,4,0,126,3
T6,5,1,200,13
T7,6,0,168,14
T8,7,0,99,19
[478]
T1,0,0,125,5
T2,1,0,200,7
T3,2,1,90,2
T4,3,0,168,4
T5,4,0,45,3
T6,5,0,54,6
T7,6,0,180,17
T8,7,0,84,14
[479]
T1,0,1,195,28
T2,1,0,21,2
T3,2,1,200,5
T4,3,0,130,3
T5,4,1,147,14
T6,5,1,56,4
T7,6,0,168,18
T8,7,1,52,2
[480]
T1,0,0,198,19
T2,1,1,66,3
T3,2,1,200,45
T4,3,1,110,14
T5,4,0,42,2
T6,5,1,24,1
T7,6,0,80,2
T8,7,0,168,2
[481]
T1,0,0,55,2
T2,1,0,104,2
T3,2,1,175,1
T4,3,1,182,15
T5,4,0,35,12
T6,5,0,48,4
T7,6,0,77,1
T8,7,0,200,7
[482]
T1,0,1,128,2
T2,1,0,120,41
T3,2,1,175,8
T4,3,0,175,11
T5,4,1,40,1
T6,5,0,96,5
T7,6,1,200,4
T8,7,1,26,2
[483]
T1,0,1,85,4
T2,1,1,180,2
T3,2,1,20,2
T4,3,1,48,8
T5,4,0,58,2
T6,5,0,200,14
T7,6,0,75,12
T8,7,1,170,10
[484]
T1,0,1,85,5
T2,1,1,200,22
T3,2,0,32,2
T4,3,0,26,1
T5,4,1,96,2
T6,5,0,180,47
T7,6,0,90,4
T8,7,1,168,2
[485]
T1,0,1,52,4
T2,1,1,70,7
T3,2,1,156,13
T4,3,0,54,7
T5,4,0,70,2
T6,5,0,168,2
T7,6,0,200,28
T8,7,1,45,2
[486]
T1,0,1,45,2
T2,1,0,200,13
T3,2,1,120,16
T4,3,0,168,11
T5,4,1,126,1
T6,5,1,192,22
T7,6,0,20,2
T8,7,0,90,10
[487]
T1,0,0,120,9
T2,1,0,29,5
T3,2,1,167,16
T4,3,0,167,3
T5,4,0,35,2
T6,5,1,100,5
T7,6,1,75,2
T8,7,0,200,16
[488]
T1,0,1,42,2
T2,1,1,200,10
T3,2,1,199,43
T4,3,1,199,4
T5,4,0,70,4
T6,5,0,84,2
T7,6,0,24,2
T8,7,0,120,25
[489]
T1,0,1,22,7
T2,1,0,99,2
T3,2,1,154,1
T4,3,1,112,2
T5,4,1,60,5
T6,5,1,35,2
T7,6,1,160,10
T8,7,0,200,5
[490]
T1,0,0,200,44
T2,1,0,156,2
T3,2,0,130,3
T4,3,1,54,1
T5,4,1,64,10
T6,5,1,150,4
T7,6,0,25,2
T8,7,0,43,4
[491]
T1,0,0,200,27
T2,1,1,78,6
T3,2,0,156,11
T4,3,0,36,2
T5,4,0,104,6
T6,5,1,27,3
T7,6,0,192,7
T8,7,0,144,1
[492]
T1,0,0,47,2
T2,1,1,80,2
T3,2,1,63,2
T4,3,0,52,2
T5,4,1,104,20
T6,5,1,200,36
T7,6,0,156,20
T8,7,1,168,9
[493]
T1,0,1,200,33
T2,1,1,182,17
T3,2,0,175,21
T4,3,1,78,2
T5,4,1,60,3
T6,5,0,143,7
T7,6,1,36,1
T8,7,1,39,2
[494]
T1,0,1,50,9
T2,1,1,56,2
T3,2,1,100,3
T4,3,0,200,4
T5,4,0,56,10
T6,5,0,189,6
T7,6,1,192,3
T8,7,0,29,2
[495]
T1,0,0,22,2
T2,1,0,170,10
T3,2,1,200,10
T4,3,0,57,2
T5,4,1,60,7
T6,5,1,114,9
T7,6,1,190,24
T8,7,1,25,1
[496]
T1,0,1,132,22
T2,1,0,35,2
T3,2,1,200,32
T4,3,1,154,2
T5,4,0,156,16
T6,5,0,140,1
T7,6,1,132,10
T8,7,0,46,2
[497]
T1,0,0,104,2
T2,1,0,55,2
T3,2,1,65,1
T4,3,1,24,5
T5,4,1,156,27
T6,5,0,200,12
T7,6,1,40,2
T8,7,1,150,9
[498]
T1,0,1,198,27
T2,1,1,112,1
T3,2,1,100,4
T4,3,0,154,19
T5,4,0,99,5
T6,5,1,21,1
T7,6,0,200,31
T8,7,1,26,2
[499]
T1,0,0,48,2
T2,1,0,26,1
T3,2,0,70,2
T4,3,0,198,12
T5,4,1,56,7
T6,5,0,200,11
T7,6,1,90,2
T8,7,1,165,43
[500]
T1,0,0,200,2
T2,1,1,175,31
T3,2,0,54,1
T4,3,0,48,5
T5,4,1,21,2
T6,5,0,80,1
T7,6,0,84,3
T8,7,1,196,21
