num_task_per_taskset=8
num_taskset=500
//ID,Priority,Offset,Period,Execution Time
[1]
T1,0,0,68,12
T2,1,1,20,1
T3,2,1,130,22
T4,3,0,100,8
T5,4,0,24,1
T6,5,1,200,11
T7,6,0,170,5
T8,7,0,182,4
[2]
T1,0,0,200,72
T2,1,0,105,2
T3,2,1,150,7
T4,3,1,21,2
T5,4,0,150,6
T6,5,0,31,2
T7,6,1,105,2
T8,7,1,129,12
[3]
T1,0,0,165,7
T2,1,0,144,24
T3,2,1,198,3
T4,3,0,84,10
T5,4,1,200,2
T6,5,1,132,8
T7,6,1,50,10
T8,7,0,42,1
[4]
T1,0,0,120,9
T2,1,1,90,1
T3,2,1,200,9
T4,3,1,41,9
T5,4,1,150,12
T6,5,0,90,2
T7,6,0,160,9
T8,7,0,33,5
[5]
T1,0,1,156,7
T2,1,1,56,7
T3,2,0,78,2
T4,3,1,182,7
T5,4,1,39,2
T6,5,0,200,3
T7,6,0,135,11
T8,7,1,36,11
[6]
T1,0,0,115,6
T2,1,1,184,2
T3,2,1,30,5
T4,3,1,125,9
T5,4,1,200,13
T6,5,1,150,13
T7,6,0,90,6
T8,7,0,45,6
[7]
T1,0,1,55,5
T2,1,0,190,15
T3,2,1,200,5
T4,3,1,90,12
T5,4,0,90,17
T6,5,1,180,2
T7,6,0,33,4
T8,7,0,51,2
[8]
T1,0,0,105,2
T2,1,1,189,39
T3,2,0,189,7
T4,3,0,40,3
T5,4,0,200,25
T6,5,0,108,3
T7,6,0,36,2
T8,7,1,57,6
[9]
T1,0,0,51,2
T2,1,1,200,20
T3,2,0,104,16
T4,3,0,42,2
T5,4,1,68,2
T6,5,0,156,2
T7,6,1,200,16
T8,7,0,84,25
[10]
T1,0,1,104,16
T2,1,0,168,18
T3,2,1,50,3
T4,3,0,26,3
T5,4,1,56,6
T6,5,0,72,2
T7,6,0,200,2
T8,7,0,182,15
[11]
T1,0,0,45,7
T2,1,1,104,7
T3,2,1,156,2
T4,3,1,71,3
T5,4,0,39,4
T6,5,0,200,4
T7,6,0,195,54
T8,7,0,71,2
[12]
T1,0,1,49,7
T2,1,0,196,3
T3,2,1,200,22
T4,3,1,49,2
T5,4,1,57,9
T6,5,0,150,14
T7,6,0,57,2
T8,7,0,105,10
[13]
T1,0,1,72,17
T2,1,1,168,7
T3,2,0,150,8
T4,3,0,45,2
T5,4,1,50,2
T6,5,1,119,2
T7,6,0,85,13
T8,7,0,200,30
[14]
T1,0,0,200,13
T2,1,0,60,1
T3,2,1,40,2
T4,3,0,70,4
T5,4,1,180,3
T6,5,1,150,32
T7,6,0,24,1
T8,7,0,78,13
[15]
T1,0,1,60,6
T2,1,0,53,3
T3,2,0,180,16
T4,3,1,168,6
T5,4,1,25,1
T6,5,0,78,5
T7,6,1,200,30
T8,7,1,54,5
[16]
T1,0,1,84,1
T2,1,1,50,2
T3,2,0,189,9
T4,3,0,32,11
T5,4,1,56,2
T6,5,0,200,1
T7,6,0,192,28
T8,7,0,112,9
[17]
T1,0,1,156,2
T2,1,1,60,6
T3,2,1,160,12
T4,3,1,63,3
T5,4,1,200,35
T6,5,1,56,12
T7,6,1,31,2
T8,7,1,21,2
[18]
T1,0,1,200,34
T2,1,0,150,6
T3,2,1,132,9
T4,3,1,160,39
T5,4,1,88,10
T6,5,1,29,2
T7,6,0,125,1
T8,7,0,35,2
[19]
T1,0,1,180,14
T2,1,0,45,4
T3,2,0,200,22
T4,3,1,60,4
T5,4,0,196,17
T6,5,1,88,9
T7,6,1,126,12
T8,7,0,27,1
[20]
T1,0,0,200,3
T2,1,0,20,1
T3,2,0,70,2
T4,3,1,100,2
T5,4,1,41,4
T6,5,0,154,14
T7,6,1,189,56
T8,7,0,56,3
[21]
T1,0,0,200,7
T2,1,1,180,2
T3,2,0,45,2
T4,3,0,156,43
T5,4,0,108,12
T6,5,1,96,1
T7,6,1,45,4
T8,7,1,90,6
[22]
T1,0,1,105,12
T2,1,1,168,15
T3,2,0,28,2
T4,3,0,77,16
T5,4,1,200,2
T6,5,1,90,1
T7,6,1,168,28
T8,7,1,34,2
[23]
T1,0,0,180,40
T2,1,1,22,2
T3,2,1,96,2
T4,3,1,200,14
T5,4,1,176,4
T6,5,1,100,11
T7,6,0,110,21
T8,7,1,25,2
[24]
T1,0,1,144,2
T2,1,0,154,2
T3,2,1,200,47
T4,3,1,189,1
T5,4,0,110,2
T6,5,0,70,7
T7,6,1,27,6
T8,7,1,27,2
[25]
T1,0,0,30,1
T2,1,1,22,4
T3,2,0,150,49
T4,3,1,69,2
T5,4,1,69,2
T6,5,1,150,1
T7,6,1,64,2
T8,7,0,200,4
[26]
T1,0,0,150,2
T2,1,1,35,3
T3,2,1,200,12
T4,3,1,72,7
T5,4,0,175,18
T6,5,1,51,4
T7,6,1,84,1
T8,7,0,84,19
[27]
T1,0,1,200,21
T2,1,1,78,11
T3,2,0,154,5
T4,3,0,130,3
T5,4,0,41,10
T6,5,0,175,7
T7,6,1,52,2
T8,7,1,100,2
[28]
T1,0,1,35,1
T2,1,1,200,10
T3,2,0,25,1
T4,3,1,100,5
T5,4,0,193,1
T6,5,1,85,24
T7,6,1,193,34
T8,7,0,68,2
[29]
T1,0,0,200,24
T2,1,1,140,18
T3,2,0,47,4
T4,3,1,42,5
T5,4,1,60,3
T6,5,0,135,2
T7,6,1,153,22
T8,7,0,170,2
[30]
T1,0,1,112,1
T2,1,1,35,2
T3,2,1,70,6
T4,3,1,84,13
T5,4,0,178,8
T6,5,1,200,1
T7,6,1,53,10
T8,7,0,178,27
[31]
T1,0,1,90,1
T2,1,0,200,45
T3,2,0,36,2
T4,3,0,152,1
T5,4,0,171,2
T6,5,0,45,9
T7,6,1,84,9
T8,7,0,105,11
[32]
T1,0,1,44,2
T2,1,1,108,29
T3,2,1,88,3
T4,3,0,189,10
T5,4,1,77,12
T6,5,1,165,5
T7,6,0,200,2
T8,7,0,32,3
[33]
T1,0,0,75,2
T2,1,0,96,13
T3,2,0,200,2
T4,3,1,80,16
T5,4,1,159,6
T6,5,1,20,2
T7,6,0,192,22
T8,7,1,47,2
[34]
T1,0,1,125,12
T2,1,1,136,15
T3,2,1,180,21
T4,3,1,200,41
T5,4,0,51,3
T6,5,0,68,1
T7,6,0,153,8
T8,7,1,26,2
[35]
T1,0,1,65,4
T2,1,1,25,4
T3,2,1,200,20
T4,3,0,112,1
T5,4,0,168,14
T6,5,1,27,2
T7,6,1,112,10
T8,7,1,150,19
[36]
T1,0,1,200,2
T2,1,1,22,2
T3,2,1,72,9
T4,3,1,132,8
T5,4,0,75,1
T6,5,0,33,3
T7,6,1,186,62
T8,7,0,198,5
[37]
T1,0,0,80,2
T2,1,0,175,32
T3,2,1,48,2
T4,3,1,110,24
T5,4,1,49,2
T6,5,1,150,12
T7,6,0,110,14
T8,7,1,200,2
[38]
T1,0,0,123,4
T2,1,1,165,6
T3,2,0,33,3
T4,3,1,44,2
T5,4,0,132,2
T6,5,1,200,19
T7,6,0,100,34
T8,7,0,150,2
[39]
T1,0,0,200,17
T2,1,1,154,26
T3,2,0,104,2
T4,3,0,30,2
T5,4,1,130,20
T6,5,1,154,14
T7,6,1,77,10
T8,7,1,34,2
[40]
T1,0,1,52,3
T2,1,1,60,4
T3,2,0,43,2
T4,3,1,172,24
T5,4,0,129,13
T6,5,0,175,26
T7,6,0,200,15
T8,7,0,105,8
[41]
T1,0,1,192,2
T2,1,1,160,6
T3,2,0,200,20
T4,3,1,69,2
T5,4,1,138,48
T6,5,0,28,2
T7,6,0,56,3
T8,7,0,48,3
[42]
T1,0,0,72,4
T2,1,0,174,1
T3,2,0,116,44
T4,3,0,174,16
T5,4,0,30,2
T6,5,1,200,4
T7,6,0,99,6
T8,7,0,34,2
[43]
T1,0,0,34,1
T2,1,0,170,5
T3,2,1,150,6
T4,3,1,104,23
T5,4,0,28,2
T6,5,1,120,2
T7,6,0,125,23
T8,7,1,200,11
[44]
T1,0,0,100,7
T2,1,0,175,16
T3,2,1,117,16
T4,3,0,168,13
T5,4,0,105,2
T6,5,1,200,23
T7,6,1,44,3
T8,7,0,32,3
[45]
T1,0,1,165,2
T2,1,0,96,3
T3,2,0,162,22
T4,3,1,88,19
T5,4,1,88,3
T6,5,1,200,24
T7,6,0,29,2
T8,7,1,48,3
[46]
T1,0,0,24,1
T2,1,0,37,1
T3,2,0,148,17
T4,3,1,168,14
T5,4,1,200,1
T6,5,0,56,2
T7,6,1,120,45
T8,7,0,72,1
[47]
T1,0,1,200,50
T2,1,0,190,30
T3,2,0,72,3
T4,3,1,99,2
T5,4,0,198,21
T6,5,0,27,1
T7,6,1,114,1
T8,7,1,33,1
[48]
T1,0,1,156,18
T2,1,1,200,46
T3,2,0,65,2
T4,3,1,90,9
T5,4,0,27,2
T6,5,0,68,2
T7,6,0,153,2
T8,7,0,50,3
[49]
T1,0,1,200,6
T2,1,1,96,12
T3,2,1,168,2
T4,3,1,60,2
T5,4,0,39,2
T6,5,0,96,20
T7,6,1,32,3
T8,7,1,152,18
[50]
T1,0,0,60,4
T2,1,1,24,2
T3,2,0,84,3
T4,3,1,200,29
T5,4,0,54,13
T6,5,1,180,3
T7,6,0,154,5
T8,7,1,53,5
[51]
T1,0,1,168,2
T2,1,1,160,32
T3,2,1,21,2
T4,3,0,80,15
T5,4,0,200,25
T6,5,1,105,11
T7,6,0,70,3
T8,7,0,22,2
[52]
T1,0,0,200,4
T2,1,1,125,3
T3,2,0,175,21
T4,3,0,32,3
T5,4,1,24,1
T6,5,1,189,44
T7,6,1,120,8
T8,7,1,140,6
[53]
T1,0,0,100,6
T2,1,0,171,3
T3,2,1,51,1
T4,3,1,150,4
T5,4,1,100,4
T6,5,1,200,56
T7,6,1,49,8
T8,7,0,68,2
[54]
T1,0,0,115,29
T2,1,1,182,3
T3,2,1,28,2
T4,3,0,184,19
T5,4,1,25,1
T6,5,1,200,3
T7,6,1,104,9
T8,7,1,130,20
[55]
T1,0,1,75,5
T2,1,0,22,2
T3,2,1,48,1
T4,3,0,144,1
T5,4,1,180,9
T6,5,1,200,17
T7,6,1,100,11
T8,7,1,187,63
[56]
T1,0,1,75,7
T2,1,1,49,8
T3,2,1,175,36
T4,3,1,200,5
T5,4,0,50,2
T6,5,0,144,1
T7,6,0,140,1
T8,7,1,192,28
[57]
T1,0,0,200,10
T2,1,1,100,15
T3,2,1,136,14
T4,3,1,45,6
T5,4,1,168,12
T6,5,1,192,24
T7,6,0,20,2
T8,7,0,136,2
[58]
T1,0,0,176,3
T2,1,1,200,47
T3,2,1,120,15
T4,3,0,21,3
T5,4,1,90,2
T6,5,0,33,1
T7,6,1,120,7
T8,7,1,190,5
[59]
T1,0,0,168,12
T2,1,1,63,2
T3,2,0,200,5
T4,3,1,114,15
T5,4,0,50,1
T6,5,0,126,9
T7,6,0,189,62
T8,7,0,40,2
[60]
T1,0,0,51,8
T2,1,1,110,6
T3,2,1,184,5
T4,3,0,92,5
T5,4,0,160,38
T6,5,0,132,9
T7,6,1,32,2
T8,7,0,200,12
[61]
T1,0,0,130,2
T2,1,1,132,10
T3,2,1,49,10
T4,3,1,200,18
T5,4,0,26,5
T6,5,1,120,2
T7,6,1,175,3
T8,7,0,175,5
[62]
T1,0,0,20,2
T2,1,0,41,2
T3,2,1,150,1
T4,3,0,126,33
T5,4,0,200,4
T6,5,1,96,5
T7,6,0,140,32
T8,7,0,156,16
[63]
T1,0,0,90,2
T2,1,0,168,64
T3,2,1,160,8
T4,3,0,39,2
T5,4,1,56,2
T6,5,1,200,18
T7,6,0,126,6
T8,7,1,40,2
[64]
T1,0,1,75,5
T2,1,1,49,3
T3,2,0,154,11
T4,3,1,150,17
T5,4,0,126,13
T6,5,1,200,43
T7,6,1,105,2
T8,7,0,33,2
[65]
T1,0,1,150,14
T2,1,1,75,2
T3,2,1,105,6
T4,3,1,120,4
T5,4,1,200,2
T6,5,0,48,10
T7,6,1,154,6
T8,7,1,44,9
[66]
T1,0,1,200,12
T2,1,0,190,18
T3,2,1,46,2
T4,3,0,140,2
T5,4,0,95,8
T6,5,0,25,3
T7,6,0,54,6
T8,7,0,175,23
[67]
T1,0,0,160,7
T2,1,0,51,2
T3,2,0,63,3
T4,3,0,200,9
T5,4,1,144,12
T6,5,0,28,5
T7,6,1,68,7
T8,7,1,175,23
[68]
T1,0,1,160,20
T2,1,1,126,14
T3,2,0,168,7
T4,3,1,200,5
T5,4,0,29,2
T6,5,1,144,13
T7,6,1,36,3
T8,7,0,102,8
[69]
T1,0,1,42,2
T2,1,1,56,13
T3,2,1,35,6
T4,3,1,150,7
T5,4,0,176,3
T6,5,0,144,6
T7,6,0,200,13
T8,7,0,60,1
[70]
T1,0,1,200,23
T2,1,0,30,4
T3,2,1,170,4
T4,3,0,170,16
T5,4,0,115,2
T6,5,1,22,4
T7,6,1,85,7
T8,7,0,92,1
[71]
T1,0,1,200,32
T2,1,0,170,10
T3,2,0,168,1
T4,3,0,39,5
T5,4,0,28,2
T6,5,1,147,24
T7,6,0,102,9
T8,7,1,80,4
[72]
T1,0,1,51,6
T2,1,0,175,13
T3,2,0,25,4
T4,3,1,85,2
T5,4,1,200,26
T6,5,0,136,5
T7,6,0,135,8
T8,7,1,153,9
[73]
T1,0,0,74,10
T2,1,1,60,3
T3,2,1,185,22
T4,3,1,108,32
T5,4,0,36,1
T6,5,1,22,2
T7,6,1,185,4
T8,7,0,200,1
[74]
T1,0,1,90,4
T2,1,0,40,3
T3,2,0,119,12
T4,3,0,175,2
T5,4,0,200,79
T6,5,1,112,3
T7,6,1,41,2
T8,7,1,160,2
[75]
T1,0,1,154,4
T2,1,0,70,2
T3,2,0,160,12
T4,3,0,125,16
T5,4,1,46,3
T6,5,0,200,2
T7,6,0,70,6
T8,7,1,40,11
[76]
T1,0,0,35,2
T2,1,0,78,1
T3,2,1,200,114
T4,3,0,189,6
T5,4,1,195,5
T6,5,0,100,2
T7,6,0,25,2
T8,7,1,112,2
[77]
T1,0,0,120,1
T2,1,1,45,2
T3,2,1,86,23
T4,3,0,200,1
T5,4,1,93,2
T6,5,1,172,20
T7,6,0,50,1
T8,7,0,150,32
[78]
T1,0,1,120,4
T2,1,1,100,2
T3,2,0,198,13
T4,3,1,200,2
T5,4,0,140,10
T6,5,1,44,17
T7,6,0,198,9
T8,7,1,48,1
[79]
T1,0,1,42,1
T2,1,0,175,12
T3,2,1,60,2
T4,3,0,28,8
T5,4,1,180,10
T6,5,0,122,3
T7,6,0,122,10
T8,7,1,200,14
[80]
T1,0,0,189,3
T2,1,1,162,20
T3,2,1,45,2
T4,3,1,48,4
T5,4,1,63,2
T6,5,1,200,12
T7,6,1,90,32
T8,7,0,96,3
[81]
T1,0,0,114,16
T2,1,0,156,15
T3,2,0,72,6
T4,3,0,36,2
T5,4,0,200,33
T6,5,1,53,2
T7,6,0,80,3
T8,7,0,190,15
[82]
T1,0,0,200,5
T2,1,1,57,7
T3,2,1,160,1
T4,3,1,36,9
T5,4,1,64,6
T6,5,0,171,18
T7,6,1,80,2
T8,7,1,32,2
[83]
T1,0,1,125,10
T2,1,0,124,6
T3,2,1,186,2
T4,3,1,200,52
T5,4,0,140,2
T6,5,1,186,5
T7,6,1,32,7
T8,7,0,35,2
[84]
T1,0,0,132,8
T2,1,0,28,2
T3,2,1,72,3
T4,3,1,56,9
T5,4,0,176,37
T6,5,0,200,24
T7,6,1,24,2
T8,7,1,168,2
[85]
T1,0,0,138,2
T2,1,1,61,1
T3,2,1,40,2
T4,3,0,51,1
T5,4,0,200,54
T6,5,0,122,13
T7,6,0,150,23
T8,7,0,183,17
[86]
T1,0,0,182,14
T2,1,1,39,2
T3,2,0,150,2
T4,3,1,119,10
T5,4,1,200,2
T6,5,0,91,13
T7,6,0,30,2
T8,7,1,100,26
[87]
T1,0,0,66,13
T2,1,0,160,13
T3,2,1,75,2
T4,3,0,40,5
T5,4,0,200,9
T6,5,1,150,3
T7,6,0,121,6
T8,7,1,36,4
[88]
T1,0,1,198,1
T2,1,0,200,10
T3,2,1,198,17
T4,3,1,81,20
T5,4,1,25,1
T6,5,1,51,3
T7,6,1,144,22
T8,7,1,81,2
[89]
T1,0,1,95,16
T2,1,1,30,1
T3,2,1,105,2
T4,3,0,35,3
T5,4,1,152,8
T6,5,0,200,40
T7,6,0,114,4
T8,7,0,196,13
[90]
T1,0,0,200,67
T2,1,1,28,2
T3,2,0,189,7
T4,3,1,91,8
T5,4,1,49,1
T6,5,1,78,2
T7,6,0,180,9
T8,7,1,72,2
[91]
T1,0,1,39,2
T2,1,0,196,9
T3,2,1,112,7
T4,3,0,200,24
T5,4,0,70,16
T6,5,0,46,3
T7,6,1,147,12
T8,7,1,195,5
[92]
T1,0,0,200,6
T2,1,1,150,67
T3,2,1,20,2
T4,3,0,86,2
T5,4,0,48,2
T6,5,1,125,4
T7,6,1,75,2
T8,7,1,172,1
[93]
T1,0,0,200,19
T2,1,1,72,2
T3,2,0,80,8
T4,3,1,80,2
T5,4,0,21,1
T6,5,0,180,9
T7,6,1,155,20
T8,7,0,37,8
[94]
T1,0,0,105,2
T2,1,0,66,5
T3,2,0,48,6
T4,3,0,105,10
T5,4,1,196,5
T6,5,0,168,1
T7,6,1,200,36
T8,7,1,45,6
[95]
T1,0,0,165,6
T2,1,0,55,3
T3,2,0,28,7
T4,3,0,200,20
T5,4,0,151,21
T6,5,0,88,2
T7,6,1,55,5
T8,7,1,44,2
[96]
T1,0,0,105,8
T2,1,0,200,16
T3,2,0,195,12
T4,3,1,195,41
T5,4,0,65,2
T6,5,1,45,2
T7,6,1,78,15
T8,7,1,44,2
[97]
T1,0,1,26,8
T2,1,1,160,15
T3,2,0,138,2
T4,3,1,175,13
T5,4,1,200,15
T6,5,1,80,5
T7,6,1,32,2
T8,7,1,69,3
[98]
T1,0,1,41,3
T2,1,1,36,5
T3,2,0,108,1
T4,3,0,126,12
T5,4,0,175,36
T6,5,0,200,1
T7,6,1,154,17
T8,7,1,108,1
[99]
T1,0,1,36,2
T2,1,0,168,5
T3,2,1,128,2
T4,3,1,25,2
T5,4,0,65,4
T6,5,0,156,43
T7,6,0,112,25
T8,7,0,200,9
[100]
T1,0,0,190,5
T2,1,1,28,3
T3,2,0,60,2
T4,3,0,55,1
T5,4,1,95,8
T6,5,0,24,2
T7,6,0,200,40
T8,7,0,171,19
[101]
T1,0,1,175,3
T2,1,0,168,26
T3,2,1,52,4
T4,3,0,49,3
T5,4,0,96,7
T6,5,0,80,2
T7,6,0,200,29
T8,7,0,144,18
[102]
T1,0,1,88,11
T2,1,0,98,25
T3,2,1,196,5
T4,3,0,165,16
T5,4,0,44,1
T6,5,0,49,2
T7,6,1,90,7
T8,7,0,200,3
[103]
T1,0,0,40,2
T2,1,0,144,8
T3,2,1,100,2
T4,3,1,135,10
T5,4,0,175,2
T6,5,1,42,4
T7,6,0,156,14
T8,7,1,200,56
[104]
T1,0,1,43,3
T2,1,1,172,10
T3,2,1,72,9
T4,3,0,180,3
T5,4,0,200,7
T6,5,0,60,8
T7,6,1,53,11
T8,7,1,132,1
[105]
T1,0,0,55,9
T2,1,1,22,1
T3,2,1,55,14
T4,3,0,100,5
T5,4,1,32,1
T6,5,0,154,10
T7,6,1,200,1
T8,7,1,164,3
[106]
T1,0,1,20,2
T2,1,0,155,13
T3,2,1,90,11
T4,3,1,78,4
T5,4,1,45,7
T6,5,1,186,13
T7,6,1,200,27
T8,7,0,124,2
[107]
T1,0,1,140,11
T2,1,1,144,8
T3,2,1,175,27
T4,3,0,200,3
T5,4,0,168,10
T6,5,1,140,16
T7,6,0,24,1
T8,7,0,47,6
[108]
T1,0,1,200,3
T2,1,0,75,3
T3,2,1,21,5
T4,3,1,46,4
T5,4,1,60,6
T6,5,1,72,5
T7,6,0,168,3
T8,7,1,155,9
[109]
T1,0,0,25,1
T2,1,0,29,3
T3,2,0,122,12
T4,3,0,70,10
T5,4,0,60,2
T6,5,0,180,2
T7,6,1,175,25
T8,7,1,200,22
[110]
T1,0,0,30,1
T2,1,0,160,35
T3,2,0,56,2
T4,3,1,175,17
T5,4,0,200,4
T6,5,1,118,28
T7,6,1,33,1
T8,7,1,112,2
[111]
T1,0,1,200,2
T2,1,1,100,6
T3,2,0,21,2
T4,3,0,184,30
T5,4,0,144,33
T6,5,1,20,2
T7,6,1,150,18
T8,7,0,54,2
[112]
T1,0,1,184,10
T2,1,1,108,10
T3,2,0,53,1
T4,3,1,100,5
T5,4,1,200,25
T6,5,1,144,3
T7,6,0,27,7
T8,7,1,160,8
[113]
T1,0,1,30,2
T2,1,0,28,2
T3,2,0,160,12
T4,3,0,60,6
T5,4,1,185,4
T6,5,0,120,5
T7,6,0,200,48
T8,7,1,56,7
[114]
T1,0,1,99,4
T2,1,1,200,19
T3,2,1,80,13
T4,3,1,180,23
T5,4,0,99,6
T6,5,1,21,2
T7,6,0,51,2
T8,7,0,153,11
[115]
T1,0,1,20,2
T2,1,0,165,24
T3,2,0,200,11
T4,3,1,29,2
T5,4,0,66,10
T6,5,1,160,3
T7,6,0,132,3
T8,7,1,136,8
[116]
T1,0,1,44,1
T2,1,0,200,2
T3,2,1,72,17
T4,3,0,144,8
T5,4,0,160,2
T6,5,0,20,2
T7,6,1,56,2
T8,7,0,154,28
[117]
T1,0,1,66,1
T2,1,1,66,12
T3,2,0,184,8
T4,3,0,40,6
T5,4,1,200,13
T6,5,0,99,7
T7,6,0,28,3
T8,7,1,180,2
[118]
T1,0,0,64,4
T2,1,0,22,1
T3,2,0,28,5
T4,3,1,105,2
T5,4,0,63,2
T6,5,0,192,25
T7,6,1,200,10
T8,7,0,192,26
[119]
T1,0,1,200,8
T2,1,1,116,23
T3,2,0,99,8
T4,3,1,30,1
T5,4,0,180,2
T6,5,1,180,33
T7,6,0,44,5
T8,7,0,90,2
[120]
T1,0,1,70,2
T2,1,1,53,5
T3,2,1,153,7
T4,3,1,27,5
T5,4,1,105,2
T6,5,0,153,8
T7,6,1,200,22
T8,7,0,90,12
[121]
T1,0,0,176,1
T2,1,1,132,20
T3,2,1,154,8
T4,3,1,99,2
T5,4,1,200,1
T6,5,0,46,3
T7,6,0,42,13
T8,7,0,126,10
[122]
T1,0,0,36,6
T2,1,1,62,2
T3,2,0,155,10
T4,3,1,38,2
T5,4,1,200,1
T6,5,0,124,20
T7,6,0,165,19
T8,7,0,99,10
[123]
T1,0,0,102,16
T2,1,0,200,4
T3,2,0,88,6
T4,3,1,165,42
T5,4,1,40,1
T6,5,0,180,22
T7,6,1,85,2
T8,7,1,34,2
[124]
T1,0,0,20,2
T2,1,0,200,45
T3,2,0,175,2
T4,3,0,135,10
T5,4,1,175,3
T6,5,1,105,8
T7,6,1,54,9
T8,7,0,51,4
[125]
T1,0,0,96,2
T2,1,1,78,4
T3,2,1,165,30
T4,3,0,200,3
T5,4,1,20,5
T6,5,1,156,6
T7,6,1,40,4
T8,7,1,75,1
[126]
T1,0,0,147,2
T2,1,1,200,4
T3,2,0,54,3
T4,3,0,180,55
T5,4,0,27,2
T6,5,0,168,13
T7,6,1,21,2
T8,7,0,80,4
[127]
T1,0,1,54,8
T2,1,1,140,20
T3,2,1,200,11
T4,3,0,168,19
T5,4,0,198,8
T6,5,1,100,7
T7,6,1,28,1
T8,7,0,36,1
[128]
T1,0,0,24,2
T2,1,1,152,12
T3,2,0,36,2
T4,3,1,145,20
T5,4,0,95,23
T6,5,1,200,6
T7,6,1,120,3
T8,7,1,171,6
[129]
T1,0,1,57,4
T2,1,0,95,2
T3,2,0,200,3
T4,3,1,196,39
T5,4,0,29,3
T6,5,1,50,3
T7,6,0,168,20
T8,7,0,120,10
[130]
T1,0,0,160,2
T2,1,1,132,22
T3,2,1,63,2
T4,3,1,200,51
T5,4,1,60,2
T6,5,1,51,3
T7,6,0,198,11
T8,7,0,42,3
[131]
T1,0,1,102,9
T2,1,0,168,5
T3,2,1,56,2
T4,3,1,165,10
T5,4,1,21,3
T6,5,0,40,3
T7,6,0,200,42
T8,7,0,88,2
[132]
T1,0,0,152,29
T2,1,1,50,2
T3,2,1,200,22
T4,3,1,171,11
T5,4,1,68,6
T6,5,0,85,4
T7,6,1,24,4
T8,7,0,76,2
[133]
T1,0,1,57,2
T2,1,1,66,1
T3,2,1,175,33
T4,3,1,66,4
T5,4,1,190,39
T6,5,0,38,2
T7,6,1,27,2
T8,7,1,200,13
[134]
T1,0,0,60,2
T2,1,0,25,2
T3,2,1,144,1
T4,3,1,190,40
T5,4,0,200,26
T6,5,0,48,7
T7,6,1,57,9
T8,7,1,165,2
[135]
T1,0,1,47,4
T2,1,0,200,11
T3,2,0,195,2
T4,3,1,120,20
T5,4,0,40,7
T6,5,1,66,1
T7,6,1,100,14
T8,7,0,156,1
[136]
T1,0,0,75,21
T2,1,0,200,18
T3,2,1,65,1
T4,3,0,180,16
T5,4,1,22,2
T6,5,1,143,21
T7,6,1,198,2
T8,7,0,45,1
[137]
T1,0,0,150,16
T2,1,0,165,22
T3,2,1,54,1
T4,3,1,54,11
T5,4,0,84,4
T6,5,0,77,4
T7,6,1,200,11
T8,7,0,38,2
[138]
T1,0,1,75,3
T2,1,0,200,12
T3,2,1,144,3
T4,3,0,170,2
T5,4,0,45,2
T6,5,0,42,11
T7,6,1,126,26
T8,7,0,175,13
[139]
T1,0,1,168,6
T2,1,1,80,3
T3,2,1,24,8
T4,3,0,200,11
T5,4,1,136,8
T6,5,1,33,2
T7,6,0,192,9
T8,7,0,68,1
[140]
T1,0,1,136,27
T2,1,0,200,29
T3,2,1,22,1
T4,3,0,154,7
T5,4,0,165,21
T6,5,1,33,2
T7,6,1,55,4
T8,7,1,136,3
[141]
T1,0,0,52,2
T2,1,0,160,5
T3,2,1,184,93
T4,3,0,130,2
T5,4,1,48,2
T6,5,0,200,11
T7,6,1,115,4
T8,7,0,75,2
[142]
T1,0,0,200,19
T2,1,0,188,27
T3,2,0,40,2
T4,3,0,48,3
T5,4,0,75,8
T6,5,1,132,12
T7,6,1,198,2
T8,7,1,110,11
[143]
T1,0,1,182,2
T2,1,0,100,2
T3,2,0,50,1
T4,3,0,22,5
T5,4,0,176,7
T6,5,1,200,38
T7,6,1,88,6
T8,7,1,104,10
[144]
T1,0,1,150,5
T2,1,1,174,3
T3,2,1,75,5
T4,3,1,24,1
T5,4,1,72,2
T6,5,0,52,3
T7,6,1,200,41
T8,7,0,80,17
[145]
T1,0,1,56,4
T2,1,1,28,1
T3,2,0,200,5
T4,3,0,108,4
T5,4,1,198,51
T6,5,1,54,1
T7,6,0,26,1
T8,7,1,165,21
[146]
T1,0,1,180,59
T2,1,0,144,12
T3,2,0,63,3
T4,3,0,36,2
T5,4,1,126,12
T6,5,0,200,9
T7,6,0,182,2
T8,7,1,21,1
[147]
T1,0,1,200,45
T2,1,0,150,9
T3,2,0,23,4
T4,3,0,56,2
T5,4,0,84,5
T6,5,0,21,2
T7,6,0,84,9
T8,7,0,149,2
[148]
T1,0,0,175,3
T2,1,1,21,2
T3,2,0,44,4
T4,3,0,170,2
T5,4,1,120,35
T6,5,0,102,2
T7,6,1,68,3
T8,7,1,200,41
[149]
T1,0,1,30,2
T2,1,0,125,6
T3,2,0,22,6
T4,3,0,200,23
T5,4,1,150,2
T6,5,0,170,6
T7,6,1,125,15
T8,7,0,90,3
[150]
T1,0,1,154,11
T2,1,1,33,2
T3,2,1,140,2
T4,3,0,165,23
T5,4,1,41,3
T6,5,1,200,44
T7,6,1,126,13
T8,7,0,70,4
[151]
T1,0,1,108,20
T2,1,1,90,7
T3,2,1,135,2
T4,3,1,44,1
T5,4,0,200,8
T6,5,0,194,20
T7,6,1,194,44
T8,7,0,30,2
[152]
T1,0,1,135,39
T2,1,1,45,3
T3,2,0,200,1
T4,3,0,52,3
T5,4,0,108,3
T6,5,1,72,6
T7,6,0,162,10
T8,7,0,183,9
[153]
T1,0,1,26,1
T2,1,0,105,2
T3,2,0,44,2
T4,3,0,114,2
T5,4,1,200,32
T6,5,0,154,4
T7,6,0,57,4
T8,7,0,154,50
[154]
T1,0,0,88,16
T2,1,0,200,13
T3,2,0,108,15
T4,3,0,31,2
T5,4,1,132,5
T6,5,0,180,27
T7,6,0,165,2
T8,7,0,33,1
[155]
T1,0,0,33,3
T2,1,1,200,22
T3,2,1,195,2
T4,3,0,58,2
T5,4,1,116,2
T6,5,1,40,6
T7,6,0,80,17
T8,7,1,160,12
[156]
T1,0,0,24,2
T2,1,0,49,2
T3,2,0,105,9
T4,3,0,200,27
T5,4,0,165,22
T6,5,1,95,9
T7,6,0,95,2
T8,7,0,190,22
[157]
T1,0,1,147,1
T2,1,0,54,2
T3,2,0,31,2
T4,3,0,70,12
T5,4,0,200,16
T6,5,1,150,18
T7,6,1,126,8
T8,7,0,28,3
[158]
T1,0,1,189,43
T2,1,0,126,2
T3,2,0,42,5
T4,3,0,60,1
T5,4,1,176,23
T6,5,1,25,2
T7,6,1,200,2
T8,7,1,63,8
[159]
T1,0,0,20,2
T2,1,1,48,2
T3,2,0,136,5
T4,3,1,120,15
T5,4,1,170,8
T6,5,1,190,12
T7,6,1,102,19
T8,7,0,200,32
[160]
T1,0,1,21,2
T2,1,1,108,2
T3,2,0,90,9
T4,3,1,24,6
T5,4,1,152,18
T6,5,1,200,6
T7,6,0,160,16
T8,7,0,57,2
[161]
T1,0,1,51,2
T2,1,0,116,8
T3,2,1,116,6
T4,3,0,200,2
T5,4,0,21,2
T6,5,1,180,21
T7,6,1,170,56
T8,7,1,145,7
[162]
T1,0,0,40,5
T2,1,1,148,4
T3,2,1,135,2
T4,3,0,81,2
T5,4,0,200,6
T6,5,0,74,8
T7,6,1,162,20
T8,7,0,28,5
[163]
T1,0,1,165,25
T2,1,0,60,2
T3,2,0,75,2
T4,3,1,44,9
T5,4,1,200,6
T6,5,1,34,4
T7,6,0,64,9
T8,7,0,150,2
[164]
T1,0,1,28,2
T2,1,1,200,3
T3,2,1,80,5
T4,3,0,160,41
T5,4,1,114,3
T6,5,1,27,1
T7,6,0,160,22
T8,7,0,95,4
[165]
T1,0,0,72,11
T2,1,0,196,2
T3,2,0,180,10
T4,3,1,33,2
T5,4,0,70,2
T6,5,0,47,8
T7,6,1,99,11
T8,7,1,200,21
[166]
T1,0,1,47,2
T2,1,0,25,2
T3,2,0,200,30
T4,3,0,140,9
T5,4,0,190,12
T6,5,1,190,15
T7,6,0,72,10
T8,7,0,54,8
[167]
T1,0,0,60,3
T2,1,1,119,29
T3,2,1,40,2
T4,3,0,200,15
T5,4,0,68,5
T6,5,0,196,2
T7,6,1,170,2
T8,7,1,43,6
[168]
T1,0,1,25,2
T2,1,1,65,2
T3,2,1,104,23
T4,3,0,195,10
T5,4,1,200,19
T6,5,0,158,31
T7,6,0,40,2
T8,7,0,75,2
[169]
T1,0,1,20,1
T2,1,0,74,3
T3,2,0,150,20
T4,3,0,200,13
T5,4,0,192,30
T6,5,0,30,4
T7,6,1,128,2
T8,7,0,120,3
[170]
T1,0,1,150,6
T2,1,0,53,2
T3,2,0,120,11
T4,3,0,112,10
T5,4,1,148,4
T6,5,0,24,1
T7,6,1,200,40
T8,7,1,144,18
[171]
T1,0,0,160,1
T2,1,1,47,1
T3,2,1,80,38
T4,3,1,200,10
T5,4,1,176,2
T6,5,0,109,1
T7,6,0,109,4
T8,7,1,25,2
[172]
T1,0,0,154,15
T2,1,0,29,2
T3,2,0,30,2
T4,3,0,200,5
T5,4,1,88,20
T6,5,1,175,4
T7,6,1,140,19
T8,7,0,90,7
[173]
T1,0,0,63,3
T2,1,0,198,19
T3,2,1,44,13
T4,3,0,70,1
T5,4,1,150,2
T6,5,1,40,3
T7,6,0,70,2
T8,7,0,200,18
[174]
T1,0,0,175,8
T2,1,1,55,2
T3,2,0,155,2
T4,3,0,110,29
T5,4,0,29,2
T6,5,1,140,23
T7,6,1,22,2
T8,7,1,200,17
[175]
T1,0,0,75,2
T2,1,0,32,4
T3,2,1,160,10
T4,3,0,115,13
T5,4,0,53,8
T6,5,1,168,6
T7,6,1,200,35
T8,7,1,92,1
[176]
T1,0,1,33,2
T2,1,1,180,10
T3,2,0,200,7
T4,3,1,31,1
T5,4,1,162,41
T6,5,0,99,15
T7,6,1,66,1
T8,7,0,120,7
[177]
T1,0,1,87,7
T2,1,1,21,6
T3,2,1,120,3
T4,3,0,175,10
T5,4,0,105,2
T6,5,1,200,29
T7,6,0,175,6
T8,7,0,54,1
[178]
T1,0,1,30,2
T2,1,0,150,6
T3,2,0,153,7
T4,3,0,200,26
T5,4,1,50,2
T6,5,1,102,20
T7,6,1,104,9
T8,7,1,90,10
[179]
T1,0,0,150,12
T2,1,1,51,4
T3,2,1,175,17
T4,3,1,144,11
T5,4,0,33,2
T6,5,1,96,19
T7,6,0,200,9
T8,7,0,140,1
[180]
T1,0,0,70,7
T2,1,1,76,3
T3,2,1,30,1
T4,3,0,64,10
T5,4,0,200,5
T6,5,0,168,11
T7,6,1,150,3
T8,7,0,40,7
[181]
T1,0,1,100,32
T2,1,0,114,1
T3,2,0,53,5
T4,3,0,200,26
T5,4,0,189,4
T6,5,1,36,2
T7,6,1,150,5
T8,7,0,114,7
[182]
T1,0,1,200,4
T2,1,0,150,48
T3,2,1,160,8
T4,3,1,133,10
T5,4,1,60,5
T6,5,1,22,2
T7,6,0,105,5
T8,7,0,36,1
[183]
T1,0,0,200,25
T2,1,1,38,2
T3,2,1,32,3
T4,3,1,160,4
T5,4,0,160,13
T6,5,0,145,9
T7,6,0,124,25
T8,7,0,116,2
[184]
T1,0,0,22,2
T2,1,1,58,4
T3,2,0,125,31
T4,3,1,25,2
T5,4,1,200,8
T6,5,0,175,8
T7,6,0,175,10
T8,7,0,60,10
[185]
T1,0,1,200,2
T2,1,0,61,6
T3,2,1,70,4
T4,3,1,126,12
T5,4,1,36,6
T6,5,0,183,2
T7,6,1,183,17
T8,7,0,24,2
[186]
T1,0,1,200,1
T2,1,1,125,25
T3,2,1,23,2
T4,3,1,180,30
T5,4,0,144,11
T6,5,0,55,6
T7,6,0,32,1
T8,7,0,160,10
[187]
T1,0,0,48,2
T2,1,0,56,2
T3,2,1,150,26
T4,3,0,170,29
T5,4,1,90,4
T6,5,0,68,8
T7,6,1,200,17
T8,7,0,42,2
[188]
T1,0,0,160,5
T2,1,0,195,12
T3,2,1,32,8
T4,3,0,200,10
T5,4,1,64,7
T6,5,1,78,9
T7,6,1,36,1
T8,7,1,91,2
[189]
T1,0,1,60,17
T2,1,1,171,10
T3,2,0,28,2
T4,3,1,175,6
T5,4,0,51,2
T6,5,1,200,1
T7,6,1,100,5
T8,7,1,105,25
[190]
T1,0,0,104,25
T2,1,1,160,1
T3,2,0,128,1
T4,3,0,182,2
T5,4,0,65,3
T6,5,0,52,11
T7,6,0,52,5
T8,7,1,200,7
[191]
T1,0,0,117,16
T2,1,1,200,9
T3,2,0,182,55
T4,3,0,175,2
T5,4,0,29,2
T6,5,1,120,17
T7,6,1,84,2
T8,7,1,40,1
[192]
T1,0,0,46,5
T2,1,1,120,9
T3,2,1,57,4
T4,3,1,135,7
T5,4,1,189,18
T6,5,0,168,4
T7,6,0,200,3
T8,7,0,27,6
[193]
T1,0,1,168,2
T2,1,0,110,11
T3,2,0,22,1
T4,3,1,32,1
T5,4,0,105,23
T6,5,0,200,21
T7,6,0,140,6
T8,7,0,156,10
[194]
T1,0,1,187,18
T2,1,1,200,2
T3,2,0,85,1
T4,3,0,68,17
T5,4,0,49,3
T6,5,0,80,9
T7,6,0,170,5
T8,7,1,36,3
[195]
T1,0,1,39,8
T2,1,1,180,12
T3,2,0,132,12
T4,3,1,25,3
T5,4,1,165,8
T6,5,1,200,4
T7,6,1,72,2
T8,7,1,66,5
[196]
T1,0,1,150,2
T2,1,1,41,3
T3,2,1,90,3
T4,3,0,60,3
T5,4,0,112,16
T6,5,0,30,2
T7,6,1,200,17
T8,7,1,180,50
[197]
T1,0,1,25,2
T2,1,1,100,18
T3,2,0,122,4
T4,3,0,200,9
T5,4,1,183,2
T6,5,0,20,2
T7,6,0,192,18
T8,7,0,144,26
[198]
T1,0,1,200,3
T2,1,0,43,1
T3,2,1,20,3
T4,3,0,119,10
T5,4,0,180,5
T6,5,0,56,2
T7,6,1,100,11
T8,7,0,189,34
[199]
T1,0,0,111,4
T2,1,1,88,3
T3,2,1,42,2
T4,3,1,200,18
T5,4,1,45,3
T6,5,1,180,16
T7,6,1,99,12
T8,7,1,180,33
[200]
T1,0,1,180,37
T2,1,1,111,4
T3,2,0,90,3
T4,3,1,26,1
T5,4,1,40,4
T6,5,1,180,23
T7,6,0,200,9
T8,7,1,90,5
[201]
T1,0,1,100,1
T2,1,1,130,4
T3,2,1,175,3
T4,3,1,21,1
T5,4,1,200,28
T6,5,0,160,23
T7,6,0,104,16
T8,7,1,20,1
[202]
T1,0,0,150,28
T2,1,1,78,2
T3,2,0,200,4
T4,3,0,169,26
T5,4,0,90,10
T6,5,1,40,4
T7,6,0,27,2
T8,7,1,135,9
[203]
T1,0,0,60,8
T2,1,1,125,6
T3,2,0,45,5
T4,3,1,200,40
T5,4,0,104,10
T6,5,1,175,4
T7,6,0,48,1
T8,7,0,182,6
[204]
T1,0,0,140,14
T2,1,1,41,5
T3,2,0,30,3
T4,3,1,180,10
T5,4,0,153,3
T6,5,0,200,5
T7,6,0,75,14
T8,7,1,84,5
[205]
T1,0,0,200,9
T2,1,0,100,2
T3,2,0,177,77
T4,3,1,28,2
T5,4,0,32,1
T6,5,0,180,5
T7,6,0,120,7
T8,7,0,126,4
[206]
T1,0,1,27,2
T2,1,0,168,3
T3,2,0,72,16
T4,3,1,184,10
T5,4,1,200,10
T6,5,1,70,6
T7,6,0,50,9
T8,7,1,60,3
[207]
T1,0,0,165,8
T2,1,0,115,27
T3,2,0,66,1
T4,3,0,200,14
T5,4,0,69,8
T6,5,0,36,3
T7,6,1,184,4
T8,7,0,40,2
[208]
T1,0,0,53,7
T2,1,0,120,9
T3,2,1,195,12
T4,3,1,39,4
T5,4,1,91,17
T6,5,1,160,1
T7,6,1,144,8
T8,7,1,200,6
[209]
T1,0,0,160,10
T2,1,1,104,5
T3,2,0,49,11
T4,3,0,200,17
T5,4,0,156,2
T6,5,0,24,2
T7,6,0,120,2
T8,7,1,81,15
[210]
T1,0,1,160,5
T2,1,0,105,16
T3,2,1,90,2
T4,3,0,48,2
T5,4,0,36,5
T6,5,1,168,11
T7,6,0,147,2
T8,7,0,200,38
[211]
T1,0,1,180,3
T2,1,1,161,1
T3,2,0,28,2
T4,3,1,200,9
T5,4,1,90,2
T6,5,0,72,4
T7,6,0,144,65
T8,7,1,40,2
[212]
T1,0,0,20,2
T2,1,0,175,8
T3,2,1,115,2
T4,3,0,152,2
T5,4,1,56,2
T6,5,0,95,44
T7,6,0,41,2
T8,7,0,200,18
[213]
T1,0,0,56,7
T2,1,0,175,1
T3,2,0,120,35
T4,3,1,96,9
T5,4,1,40,2
T6,5,0,200,3
T7,6,0,33,2
T8,7,0,195,24
[214]
T1,0,0,75,4
T2,1,0,200,11
T3,2,0,112,6
T4,3,1,50,6
T5,4,0,168,33
T6,5,0,153,3
T7,6,1,112,17
T8,7,1,36,2
[215]
T1,0,0,168,2
T2,1,0,49,1
T3,2,0,80,9
T4,3,1,147,2
T5,4,0,200,18
T6,5,0,60,17
T7,6,0,119,2
T8,7,1,20,3
[216]
T1,0,1,108,15
T2,1,0,52,1
T3,2,0,195,34
T4,3,1,200,5
T5,4,1,45,2
T6,5,1,88,2
T7,6,0,75,14
T8,7,1,156,13
[217]
T1,0,0,33,1
T2,1,1,185,27
T3,2,1,24,2
T4,3,0,200,10
T5,4,1,135,14
T6,5,1,180,21
T7,6,1,135,25
T8,7,1,81,1
[218]
T1,0,1,21,2
T2,1,1,126,23
T3,2,0,116,1
T4,3,1,29,1
T5,4,0,150,2
T6,5,0,100,14
T7,6,1,174,1
T8,7,1,200,45
[219]
T1,0,0,200,6
T2,1,1,168,14
T3,2,0,28,1
T4,3,1,66,2
T5,4,1,187,8
T6,5,0,75,4
T7,6,1,40,11
T8,7,0,70,7
[220]
T1,0,0,40,1
T2,1,1,84,2
T3,2,1,200,14
T4,3,1,32,1
T5,4,0,63,1
T6,5,0,154,2
T7,6,1,198,37
T8,7,0,63,19
[221]
T1,0,1,24,2
T2,1,1,150,33
T3,2,1,160,3
T4,3,0,50,3
T5,4,1,58,4
T6,5,1,200,23
T7,6,0,70,6
T8,7,1,80,4
[222]
T1,0,1,168,1
T2,1,1,70,4
T3,2,0,77,14
T4,3,1,25,1
T5,4,1,200,56
T6,5,0,180,5
T7,6,0,36,2
T8,7,0,90,2
[223]
T1,0,0,182,1
T2,1,1,60,2
T3,2,0,156,21
T4,3,0,50,16
T5,4,1,75,3
T6,5,0,104,2
T7,6,1,21,2
T8,7,0,200,12
[224]
T1,0,0,190,17
T2,1,1,25,3
T3,2,1,190,27
T4,3,0,117,5
T5,4,1,39,2
T6,5,0,114,2
T7,6,0,200,19
T8,7,1,78,8
[225]
T1,0,0,60,4
T2,1,0,52,2
T3,2,1,56,10
T4,3,1,192,8
T5,4,1,176,43
T6,5,0,50,2
T7,6,1,200,16
T8,7,1,84,2
[226]
T1,0,0,77,1
T2,1,1,48,11
T3,2,0,49,2
T4,3,1,77,6
T5,4,1,160,23
T6,5,0,98,15
T7,6,1,175,6
T8,7,1,200,1
[227]
T1,0,1,156,6
T2,1,0,50,1
T3,2,0,189,31
T4,3,0,200,6
T5,4,0,63,9
T6,5,1,21,2
T7,6,1,70,11
T8,7,0,75,7
[228]
T1,0,1,31,1
T2,1,1,156,37
T3,2,1,200,11
T4,3,1,27,2
T5,4,0,180,13
T6,5,1,108,4
T7,6,0,75,5
T8,7,1,63,7
[229]
T1,0,1,135,2
T2,1,1,200,10
T3,2,0,175,23
T4,3,0,42,1
T5,4,0,144,40
T6,5,1,55,5
T7,6,1,189,12
T8,7,1,35,2
[230]
T1,0,0,143,20
T2,1,0,26,2
T3,2,0,75,2
T4,3,0,150,4
T5,4,1,42,5
T6,5,0,120,1
T7,6,0,200,42
T8,7,1,182,9
[231]
T1,0,1,168,6
T2,1,1,90,6
T3,2,1,189,18
T4,3,1,81,8
T5,4,0,200,8
T6,5,0,20,2
T7,6,1,98,5
T8,7,1,32,7
[232]
T1,0,1,41,10
T2,1,1,156,6
T3,2,1,84,9
T4,3,0,75,4
T5,4,1,100,13
T6,5,1,169,2
T7,6,0,28,2
T8,7,1,200,15
[233]
T1,0,0,55,6
T2,1,0,98,1
T3,2,1,150,1
T4,3,0,47,2
T5,4,0,154,9
T6,5,1,21,2
T7,6,0,110,30
T8,7,1,200,4
[234]
T1,0,1,96,3
T2,1,1,175,28
T3,2,0,150,4
T4,3,0,56,16
T5,4,1,65,2
T6,5,1,48,2
T7,6,1,200,20
T8,7,1,29,1
[235]
T1,0,0,22,2
T2,1,0,93,1
T3,2,1,111,16
T4,3,0,60,3
T5,4,1,200,5
T6,5,0,155,28
T7,6,1,155,1
T8,7,1,20,2
[236]
T1,0,1,55,1
T2,1,1,59,5
T3,2,1,176,16
T4,3,1,37,2
T5,4,1,200,4
T6,5,1,32,2
T7,6,0,176,47
T8,7,0,55,9
[237]
T1,0,0,40,2
T2,1,1,168,61
T3,2,0,168,1
T4,3,1,75,11
T5,4,0,200,7
T6,5,1,68,2
T7,6,0,41,2
T8,7,1,70,5
[238]
T1,0,1,23,4
T2,1,1,70,4
T3,2,1,176,13
T4,3,1,66,6
T5,4,0,198,19
T6,5,1,66,1
T7,6,0,200,5
T8,7,0,36,4
[239]
T1,0,1,75,24
T2,1,0,49,2
T3,2,0,150,6
T4,3,1,198,5
T5,4,0,100,2
T6,5,0,200,18
T7,6,0,30,3
T8,7,1,60,1
[240]
T1,0,1,30,8
T2,1,0,200,27
T3,2,0,75,2
T4,3,0,190,32
T5,4,0,38,1
T6,5,1,57,2
T7,6,0,180,1
T8,7,1,135,2
[241]
T1,0,1,150,2
T2,1,1,189,14
T3,2,1,200,1
T4,3,0,22,1
T5,4,1,27,4
T6,5,1,81,8
T7,6,1,140,13
T8,7,0,60,10
[242]
T1,0,1,168,18
T2,1,0,27,2
T3,2,1,200,7
T4,3,0,39,2
T5,4,1,96,14
T6,5,1,63,17
T7,6,0,70,2
T8,7,0,180,4
[243]
T1,0,1,135,36
T2,1,1,84,1
T3,2,0,150,1
T4,3,1,50,5
T5,4,1,200,47
T6,5,0,161,6
T7,6,0,138,2
T8,7,0,20,2
[244]
T1,0,1,200,31
T2,1,1,88,1
T3,2,1,160,9
T4,3,1,33,1
T5,4,0,78,16
T6,5,1,39,1
T7,6,1,150,16
T8,7,0,55,3
[245]
T1,0,1,200,19
T2,1,1,49,1
T3,2,0,144,5
T4,3,0,180,26
T5,4,0,80,2
T6,5,0,135,11
T7,6,1,189,51
T8,7,0,49,2
[246]
T1,0,0,31,3
T2,1,0,132,10
T3,2,1,186,4
T4,3,1,200,11
T5,4,0,132,5
T6,5,0,38,7
T7,6,1,120,18
T8,7,0,198,8
[247]
T1,0,1,40,1
T2,1,1,200,14
T3,2,0,135,26
T4,3,0,144,30
T5,4,0,47,2
T6,5,1,108,4
T7,6,1,150,14
T8,7,1,177,4
[248]
T1,0,0,172,6
T2,1,0,125,3
T3,2,0,125,6
T4,3,1,26,2
T5,4,0,200,2
T6,5,1,150,38
T7,6,1,24,4
T8,7,0,140,2
[249]
T1,0,0,96,6
T2,1,0,176,2
T3,2,0,200,30
T4,3,1,180,9
T5,4,0,54,3
T6,5,0,22,1
T7,6,1,128,7
T8,7,1,38,8
[250]
T1,0,1,150,3
T2,1,0,39,12
T3,2,0,40,2
T4,3,1,200,26
T5,4,1,72,2
T6,5,0,80,1
T7,6,0,72,6
T8,7,1,162,12
[251]
T1,0,0,200,22
T2,1,1,182,10
T3,2,1,26,2
T4,3,1,39,3
T5,4,1,169,9
T6,5,1,91,11
T7,6,0,56,3
T8,7,1,60,9
[252]
T1,0,1,184,12
T2,1,0,175,2
T3,2,0,42,6
T4,3,0,200,38
T5,4,0,140,3
T6,5,0,120,8
T7,6,1,100,16
T8,7,0,34,2
[253]
T1,0,1,90,7
T2,1,0,200,49
T3,2,1,25,2
T4,3,1,195,1
T5,4,1,65,13
T6,5,0,23,2
T7,6,1,156,3
T8,7,1,58,6
[254]
T1,0,0,76,6
T2,1,1,175,2
T3,2,0,77,2
T4,3,1,35,2
T5,4,1,66,4
T6,5,0,175,26
T7,6,1,38,3
T8,7,0,200,36
[255]
T1,0,1,182,10
T2,1,0,44,1
T3,2,1,35,5
T4,3,0,78,4
T5,4,0,78,2
T6,5,1,195,3
T7,6,0,200,38
T8,7,0,85,12
[256]
T1,0,0,150,20
T2,1,0,33,2
T3,2,1,75,9
T4,3,0,196,26
T5,4,1,60,5
T6,5,0,99,1
T7,6,1,27,4
T8,7,1,200,3
[257]
T1,0,0,90,21
T2,1,1,126,16
T3,2,1,25,2
T4,3,1,200,7
T5,4,1,189,2
T6,5,0,154,7
T7,6,0,20,2
T8,7,0,112,9
[258]
T1,0,1,43,5
T2,1,0,200,3
T3,2,0,31,2
T4,3,1,129,4
T5,4,0,172,15
T6,5,0,62,5
T7,6,0,75,22
T8,7,0,186,2
[259]
T1,0,0,60,10
T2,1,0,200,11
T3,2,0,100,5
T4,3,0,131,20
T5,4,0,150,23
T6,5,1,20,2
T7,6,0,40,1
T8,7,0,192,7
[260]
T1,0,1,152,3
T2,1,1,128,2
T3,2,1,200,20
T4,3,0,32,1
T5,4,0,37,2
T6,5,1,171,45
T7,6,0,72,6
T8,7,1,57,5
[261]
T1,0,0,33,4
T2,1,1,175,27
T3,2,1,105,2
T4,3,1,55,4
T5,4,0,39,4
T6,5,1,200,11
T7,6,0,132,2
T8,7,0,196,22
[262]
T1,0,0,180,28
T2,1,0,144,14
T3,2,0,120,18
T4,3,1,35,1
T5,4,0,195,20
T6,5,1,200,10
T7,6,0,37,2
T8,7,0,112,9
[263]
T1,0,1,27,2
T2,1,0,160,18
T3,2,0,200,51
T4,3,0,128,3
T5,4,1,80,3
T6,5,0,165,27
T7,6,1,50,2
T8,7,0,72,1
[264]
T1,0,1,36,4
T2,1,0,75,7
T3,2,1,52,1
T4,3,1,164,2
T5,4,0,200,2
T6,5,0,150,9
T7,6,1,110,38
T8,7,0,82,2
[265]
T1,0,1,200,6
T2,1,1,175,12
T3,2,1,184,5
T4,3,0,70,6
T5,4,1,35,2
T6,5,0,91,8
T7,6,1,104,26
T8,7,0,34,3
[266]
T1,0,1,112,24
T2,1,1,20,3
T3,2,0,48,3
T4,3,1,200,2
T5,4,0,147,14
T6,5,0,192,2
T7,6,1,75,4
T8,7,1,196,13
[267]
T1,0,1,48,2
T2,1,1,200,1
T3,2,0,25,2
T4,3,0,180,27
T5,4,1,88,1
T6,5,1,160,33
T7,6,1,54,8
T8,7,0,54,6
[268]
T1,0,1,66,5
T2,1,0,84,7
T3,2,0,154,39
T4,3,1,189,6
T5,4,1,50,2
T6,5,1,200,3
T7,6,0,100,9
T8,7,0,30,2
[269]
T1,0,1,175,2
T2,1,0,150,9
T3,2,0,82,25
T4,3,1,112,2
T5,4,0,41,3
T6,5,0,60,2
T7,6,0,29,2
T8,7,0,200,15
[270]
T1,0,0,63,1
T2,1,1,84,2
T3,2,0,26,4
T4,3,1,200,1
T5,4,0,56,3
T6,5,0,24,2
T7,6,0,150,26
T8,7,1,159,32
[271]
T1,0,0,150,2
T2,1,0,144,5
T3,2,1,66,12
T4,3,0,80,16
T5,4,0,25,1
T6,5,0,200,9
T7,6,0,45,1
T8,7,1,160,19
[272]
T1,0,0,112,3
T2,1,0,100,2
T3,2,0,115,13
T4,3,1,150,18
T5,4,0,25,2
T6,5,0,48,4
T7,6,0,192,29
T8,7,1,200,16
[273]
T1,0,0,55,2
T2,1,0,57,6
T3,2,1,165,4
T4,3,1,200,48
T5,4,1,35,3
T6,5,1,150,14
T7,6,0,36,2
T8,7,1,90,4
[274]
T1,0,0,112,20
T2,1,0,200,2
T3,2,1,35,3
T4,3,0,32,2
T5,4,0,186,6
T6,5,1,100,21
T7,6,1,144,19
T8,7,1,186,2
[275]
T1,0,0,110,34
T2,1,0,154,21
T3,2,1,200,8
T4,3,1,66,2
T5,4,0,45,5
T6,5,0,187,4
T7,6,0,132,1
T8,7,1,40,2
[276]
T1,0,1,140,12
T2,1,1,40,2
T3,2,1,140,20
T4,3,0,80,5
T5,4,0,49,1
T6,5,0,168,47
T7,6,1,200,2
T8,7,1,153,3
[277]
T1,0,1,200,18
T2,1,1,160,18
T3,2,1,192,3
T4,3,1,144,8
T5,4,1,20,2
T6,5,0,59,8
T7,6,1,20,2
T8,7,0,96,6
[278]
T1,0,0,100,14
T2,1,1,84,3
T3,2,1,160,16
T4,3,1,20,4
T5,4,1,200,16
T6,5,0,49,4
T7,6,1,195,3
T8,7,0,63,2
[279]
T1,0,0,21,1
T2,1,1,120,17
T3,2,1,168,17
T4,3,1,55,2
T5,4,1,200,34
T6,5,0,90,1
T7,6,1,180,20
T8,7,1,29,1
[280]
T1,0,0,30,7
T2,1,0,176,13
T3,2,0,66,1
T4,3,0,200,6
T5,4,1,117,24
T6,5,0,144,9
T7,6,1,45,2
T8,7,0,150,2
[281]
T1,0,0,135,7
T2,1,0,55,1
T3,2,1,198,54
T4,3,0,160,11
T5,4,1,27,2
T6,5,0,55,7
T7,6,1,200,3
T8,7,0,44,4
[282]
T1,0,0,120,12
T2,1,1,180,1
T3,2,1,78,8
T4,3,1,200,10
T5,4,1,37,12
T6,5,0,130,1
T7,6,0,180,13
T8,7,0,29,2
[283]
T1,0,1,200,3
T2,1,1,60,2
T3,2,0,70,12
T4,3,0,20,2
T5,4,0,24,3
T6,5,0,56,8
T7,6,0,172,9
T8,7,0,175,17
[284]
T1,0,1,150,39
T2,1,1,200,31
T3,2,0,57,2
T4,3,1,42,2
T5,4,0,126,14
T6,5,0,56,2
T7,6,0,37,2
T8,7,1,180,6
[285]
T1,0,0,126,2
T2,1,0,105,10
T3,2,0,46,2
T4,3,1,180,31
T5,4,1,200,19
T6,5,1,100,16
T7,6,1,45,4
T8,7,0,159,10
[286]
T1,0,1,102,28
T2,1,1,150,13
T3,2,1,200,4
T4,3,0,150,3
T5,4,0,97,7
T6,5,1,60,6
T7,6,0,47,3
T8,7,0,20,2
[287]
T1,0,1,84,1
T2,1,1,120,24
T3,2,1,132,17
T4,3,0,160,2
T5,4,1,200,25
T6,5,1,165,1
T7,6,1,25,3
T8,7,0,52,1
[288]
T1,0,1,100,19
T2,1,1,175,8
T3,2,1,42,2
T4,3,0,200,12
T5,4,0,99,15
T6,5,1,75,13
T7,6,1,36,2
T8,7,0,160,6
[289]
T1,0,0,35,1
T2,1,0,76,2
T3,2,1,200,62
T4,3,0,76,5
T5,4,0,125,3
T6,5,0,175,4
T7,6,1,152,9
T8,7,0,35,4
[290]
T1,0,1,200,5
T2,1,0,156,3
T3,2,0,180,25
T4,3,0,144,7
T5,4,1,54,1
T6,5,0,26,7
T7,6,1,130,1
T8,7,1,51,6
[291]
T1,0,1,175,12
T2,1,0,50,2
T3,2,0,25,4
T4,3,1,200,22
T5,4,1,56,6
T6,5,0,154,21
T7,6,1,88,1
T8,7,0,58,3
[292]
T1,0,0,180,11
T2,1,0,190,9
T3,2,1,90,12
T4,3,1,41,14
T5,4,1,108,4
T6,5,0,200,5
T7,6,1,56,1
T8,7,1,45,2
[293]
T1,0,0,63,2
T2,1,0,144,27
T3,2,1,200,15
T4,3,0,176,37
T5,4,0,165,4
T6,5,1,66,1
T7,6,0,39,1
T8,7,0,45,3
[294]
T1,0,1,46,1
T2,1,0,60,1
T3,2,1,90,2
T4,3,0,200,14
T5,4,1,81,22
T6,5,0,36,2
T7,6,1,162,14
T8,7,1,172,24
[295]
T1,0,1,70,22
T2,1,0,51,6
T3,2,1,105,11
T4,3,0,200,9
T5,4,1,182,1
T6,5,0,119,4
T7,6,0,168,3
T8,7,1,51,1
[296]
T1,0,1,80,1
T2,1,0,55,4
T3,2,0,200,29
T4,3,1,22,2
T5,4,0,32,1
T6,5,1,150,3
T7,6,1,195,34
T8,7,1,120,19
[297]
T1,0,1,165,45
T2,1,0,72,1
T3,2,1,29,2
T4,3,1,108,14
T5,4,0,192,8
T6,5,1,50,1
T7,6,1,200,1
T8,7,0,108,17
[298]
T1,0,0,150,12
T2,1,0,130,1
T3,2,1,46,9
T4,3,1,40,8
T5,4,0,160,13
T6,5,0,85,2
T7,6,1,65,2
T8,7,0,200,7
[299]
T1,0,0,168,21
T2,1,1,64,6
T3,2,1,47,6
T4,3,1,176,20
T5,4,1,70,6
T6,5,0,200,11
T7,6,1,22,1
T8,7,1,132,2
[300]
T1,0,0,91,2
T2,1,1,182,3
T3,2,1,182,39
T4,3,1,140,19
T5,4,0,28,2
T6,5,1,200,26
T7,6,1,100,8
T8,7,0,33,3
[301]
T1,0,0,148,13
T2,1,1,200,29
T3,2,1,135,16
T4,3,0,48,1
T5,4,1,108,2
T6,5,1,45,2
T7,6,1,148,6
T8,7,0,144,32
[302]
T1,0,0,49,1
T2,1,1,176,28
T3,2,0,133,2
T4,3,0,200,22
T5,4,0,25,7
T6,5,0,152,1
T7,6,1,56,1
T8,7,1,70,5
[303]
T1,0,0,56,2
T2,1,1,190,3
T3,2,1,165,61
T4,3,0,45,2
T5,4,0,84,3
T6,5,0,100,2
T7,6,0,33,4
T8,7,0,200,15
[304]
T1,0,0,52,6
T2,1,0,99,14
T3,2,0,42,1
T4,3,1,189,8
T5,4,1,108,9
T6,5,0,66,4
T7,6,1,165,15
T8,7,1,200,19
[305]
T1,0,0,200,33
T2,1,0,125,2
T3,2,0,69,8
T4,3,0,60,5
T5,4,0,30,2
T6,5,1,184,23
T7,6,0,41,1
T8,7,1,180,27
[306]
T1,0,1,168,10
T2,1,0,112,2
T3,2,1,200,6
T4,3,0,32,9
T5,4,0,42,2
T6,5,0,162,5
T7,6,0,90,5
T8,7,1,108,16
[307]
T1,0,0,152,32
T2,1,0,200,4
T3,2,1,90,2
T4,3,0,32,2
T5,4,0,24,5
T6,5,1,171,9
T7,6,1,72,5
T8,7,1,126,12
[308]
T1,0,1,200,4
T2,1,1,150,25
T3,2,0,65,1
T4,3,0,72,4
T5,4,0,117,9
T6,5,1,165,41
T7,6,0,48,4
T8,7,0,30,2
[309]
T1,0,0,125,14
T2,1,0,200,13
T3,2,0,44,2
T4,3,0,170,26
T5,4,0,150,24
T6,5,1,100,13
T7,6,0,100,1
T8,7,1,21,2
[310]
T1,0,0,114,17
T2,1,0,200,18
T3,2,1,190,15
T4,3,1,38,2
T5,4,0,165,37
T6,5,1,110,2
T7,6,1,76,1
T8,7,0,28,1
[311]
T1,0,1,21,3
T2,1,0,200,23
T3,2,0,120,15
T4,3,1,100,7
T5,4,1,166,19
T6,5,1,60,2
T7,6,1,52,3
T8,7,1,166,1
[312]
T1,0,0,68,3
T2,1,1,41,1
T3,2,1,105,8
T4,3,0,42,4
T5,4,1,160,2
T6,5,1,168,45
T7,6,1,200,2
T8,7,0,56,7
[313]
T1,0,0,31,2
T2,1,0,200,22
T3,2,0,192,18
T4,3,0,80,4
T5,4,1,48,2
T6,5,1,84,8
T7,6,1,55,1
T8,7,1,168,41
[314]
T1,0,0,200,23
T2,1,0,180,39
T3,2,0,140,2
T4,3,1,90,2
T5,4,0,48,7
T6,5,1,162,22
T7,6,0,105,5
T8,7,0,47,2
[315]
T1,0,0,36,6
T2,1,1,150,2
T3,2,1,182,7
T4,3,0,120,1
T5,4,1,84,5
T6,5,1,200,24
T7,6,1,70,3
T8,7,0,36,8
[316]
T1,0,0,105,14
T2,1,1,156,7
T3,2,0,130,4
T4,3,0,32,2
T5,4,1,200,14
T6,5,0,96,20
T7,6,1,160,2
T8,7,1,32,5
[317]
T1,0,1,75,1
T2,1,0,150,17
T3,2,0,36,3
T4,3,0,196,41
T5,4,1,115,8
T6,5,0,200,16
T7,6,1,42,1
T8,7,0,105,6
[318]
T1,0,0,200,17
T2,1,0,168,19
T3,2,0,140,31
T4,3,1,25,3
T5,4,0,35,1
T6,5,1,60,2
T7,6,1,117,7
T8,7,1,180,4
[319]
T1,0,1,153,13
T2,1,1,180,10
T3,2,0,50,11
T4,3,1,80,1
T5,4,1,200,14
T6,5,1,26,1
T7,6,1,80,4
T8,7,1,104,14
[320]
T1,0,1,58,11
T2,1,0,26,1
T3,2,0,184,3
T4,3,1,69,4
T5,4,1,30,2
T6,5,1,174,10
T7,6,0,200,17
T8,7,0,69,7
[321]
T1,0,1,162,9
T2,1,1,46,6
T3,2,1,184,5
T4,3,0,25,3
T5,4,1,200,5
T6,5,0,115,9
T7,6,0,54,7
T8,7,0,135,9
[322]
T1,0,0,78,12
T2,1,0,189,13
T3,2,1,72,1
T4,3,0,30,4
T5,4,0,175,2
T6,5,0,38,7
T7,6,0,200,16
T8,7,1,90,2
[323]
T1,0,0,200,51
T2,1,1,46,1
T3,2,0,170,6
T4,3,0,72,14
T5,4,0,120,7
T6,5,1,32,1
T7,6,0,184,3
T8,7,1,102,5
[324]
T1,0,0,20,1
T2,1,1,180,35
T3,2,0,54,6
T4,3,0,188,25
T5,4,1,27,2
T6,5,0,75,2
T7,6,0,200,9
T8,7,0,90,10
[325]
T1,0,1,98,4
T2,1,0,150,7
T3,2,0,64,1
T4,3,0,200,34
T5,4,0,44,3
T6,5,1,150,35
T7,6,1,128,1
T8,7,1,20,1
[326]
T1,0,1,26,1
T2,1,0,22,3
T3,2,1,160,3
T4,3,1,200,18
T5,4,1,132,4
T6,5,1,55,3
T7,6,0,66,7
T8,7,1,184,24
[327]
T1,0,0,200,24
T2,1,1,32,3
T3,2,1,105,1
T4,3,1,28,5
T5,4,1,170,15
T6,5,0,119,8
T7,6,0,135,12
T8,7,1,150,2
[328]
T1,0,0,30,1
T2,1,0,40,7
T3,2,0,200,8
T4,3,0,96,1
T5,4,0,119,12
T6,5,1,160,16
T7,6,1,120,8
T8,7,0,180,18
[329]
T1,0,1,180,1
T2,1,1,84,2
T3,2,1,54,5
T4,3,1,43,9
T5,4,1,112,4
T6,5,0,156,24
T7,6,0,200,3
T8,7,0,26,3
[330]
T1,0,0,34,5
T2,1,0,84,7
T3,2,1,144,20
T4,3,1,200,2
T5,4,1,40,2
T6,5,1,180,16
T7,6,1,171,24
T8,7,0,140,2
[331]
T1,0,1,150,16
T2,1,1,50,2
T3,2,0,34,5
T4,3,0,55,3
T5,4,1,100,6
T6,5,1,183,27
T7,6,0,200,9
T8,7,0,110,9
[332]
T1,0,0,150,12
T2,1,1,200,15
T3,2,1,156,13
T4,3,1,36,1
T5,4,1,75,10
T6,5,0,56,7
T7,6,1,24,1
T8,7,0,132,10
[333]
T1,0,0,150,40
T2,1,0,85,2
T3,2,0,128,12
T4,3,1,200,5
T5,4,0,75,2
T6,5,1,20,1
T7,6,0,51,7
T8,7,1,150,9
[334]
T1,0,1,200,3
T2,1,0,47,10
T3,2,1,21,2
T4,3,1,150,17
T5,4,1,75,1
T6,5,1,175,5
T7,6,0,96,1
T8,7,0,91,23
[335]
T1,0,1,175,8
T2,1,1,40,1
T3,2,0,120,12
T4,3,1,152,14
T5,4,0,72,1
T6,5,1,39,12
T7,6,1,105,3
T8,7,1,200,5
[336]
T1,0,1,36,4
T2,1,1,80,2
T3,2,1,168,37
T4,3,1,182,2
T5,4,0,200,3
T6,5,1,56,5
T7,6,0,108,12
T8,7,1,39,3
[337]
T1,0,0,200,30
T2,1,1,38,3
T3,2,0,161,3
T4,3,0,161,29
T5,4,0,126,5
T6,5,1,75,2
T7,6,0,75,13
T8,7,1,50,1
[338]
T1,0,1,180,28
T2,1,0,200,58
T3,2,1,198,1
T4,3,1,35,4
T5,4,1,132,2
T6,5,1,90,3
T7,6,0,21,1
T8,7,1,54,2
[339]
T1,0,0,132,10
T2,1,1,143,30
T3,2,1,192,7
T4,3,1,26,3
T5,4,0,33,2
T6,5,0,200,32
T7,6,1,165,2
T8,7,0,130,8
[340]
T1,0,1,108,1
T2,1,1,135,3
T3,2,0,200,6
T4,3,0,22,1
T5,4,1,168,11
T6,5,0,161,51
T7,6,0,27,1
T8,7,1,92,10
[341]
T1,0,0,200,25
T2,1,1,63,2
T3,2,1,90,1
T4,3,0,60,2
T5,4,1,36,1
T6,5,0,52,18
T7,6,1,162,4
T8,7,1,150,5
[342]
T1,0,0,160,26
T2,1,0,64,10
T3,2,0,192,12
T4,3,1,96,9
T5,4,0,144,4
T6,5,0,53,3
T7,6,1,200,16
T8,7,1,35,2
[343]
T1,0,0,91,18
T2,1,0,42,4
T3,2,1,60,1
T4,3,0,144,21
T5,4,0,52,4
T6,5,1,180,19
T7,6,0,200,1
T8,7,0,168,2
[344]
T1,0,0,153,10
T2,1,1,102,8
T3,2,0,200,6
T4,3,0,34,8
T5,4,0,55,8
T6,5,0,39,1
T7,6,1,165,10
T8,7,0,102,2
[345]
T1,0,1,36,2
T2,1,0,63,14
T3,2,0,84,9
T4,3,1,165,11
T5,4,1,176,2
T6,5,1,110,12
T7,6,1,34,1
T8,7,0,200,19
[346]
T1,0,1,200,11
T2,1,1,21,3
T3,2,0,133,2
T4,3,0,52,3
T5,4,1,140,21
T6,5,0,152,8
T7,6,1,190,13
T8,7,0,56,6
[347]
T1,0,0,130,6
T2,1,1,200,2
T3,2,0,81,2
T4,3,1,39,5
T5,4,1,156,5
T6,5,0,135,27
T7,6,0,35,7
T8,7,0,160,6
[348]
T1,0,1,180,25
T2,1,0,126,5
T3,2,1,96,3
T4,3,0,26,6
T5,4,0,168,9
T6,5,1,21,3
T7,6,1,130,2
T8,7,1,200,7
[349]
T1,0,1,135,9
T2,1,1,175,23
T3,2,1,29,1
T4,3,0,72,1
T5,4,1,200,28
T6,5,0,161,30
T7,6,1,23,1
T8,7,1,115,4
[350]
T1,0,1,80,3
T2,1,0,200,19
T3,2,0,96,7
T4,3,1,153,29
T5,4,0,37,2
T6,5,0,96,2
T7,6,0,34,2
T8,7,0,180,24
[351]
T1,0,0,196,11
T2,1,1,66,10
T3,2,0,200,17
T4,3,1,20,2
T5,4,0,126,7
T6,5,1,198,5
T7,6,0,70,19
T8,7,1,44,1
[352]
T1,0,0,40,6
T2,1,1,25,2
T3,2,1,152,10
T4,3,0,56,8
T5,4,0,200,8
T6,5,1,105,3
T7,6,1,190,8
T8,7,1,140,12
[353]
T1,0,1,135,9
T2,1,0,120,3
T3,2,0,81,8
T4,3,1,200,8
T5,4,1,175,8
T6,5,0,24,1
T7,6,1,52,10
T8,7,0,196,32
[354]
T1,0,1,120,18
T2,1,0,187,11
T3,2,1,150,2
T4,3,1,200,7
T5,4,0,110,10
T6,5,0,42,4
T7,6,0,45,5
T8,7,1,55,6
[355]
T1,0,0,200,9
T2,1,0,28,2
T3,2,1,70,7
T4,3,1,62,5
T5,4,0,75,1
T6,5,0,155,13
T7,6,1,23,2
T8,7,0,175,59
[356]
T1,0,1,154,2
T2,1,1,38,6
T3,2,0,200,41
T4,3,0,95,5
T5,4,0,190,10
T6,5,0,56,9
T7,6,0,37,1
T8,7,1,120,1
[357]
T1,0,1,168,2
T2,1,1,80,2
T3,2,0,105,12
T4,3,1,200,26
T5,4,1,48,15
T6,5,1,32,2
T7,6,0,175,4
T8,7,1,123,4
[358]
T1,0,0,116,12
T2,1,0,37,4
T3,2,0,168,8
T4,3,1,45,1
T5,4,0,150,2
T6,5,0,105,6
T7,6,0,200,49
T8,7,0,140,7
[359]
T1,0,1,50,4
T2,1,1,180,4
T3,2,1,55,8
T4,3,0,165,37
T5,4,0,88,4
T6,5,0,200,16
T7,6,1,90,2
T8,7,0,20,1
[360]
T1,0,1,68,1
T2,1,0,21,2
T3,2,1,51,7
T4,3,1,140,2
T5,4,0,150,2
T6,5,1,196,9
T7,6,0,200,22
T8,7,0,68,15
[361]
T1,0,0,162,4
T2,1,1,48,15
T3,2,1,144,7
T4,3,1,36,1
T5,4,0,135,6
T6,5,0,57,4
T7,6,0,200,1
T8,7,0,152,15
[362]
T1,0,0,69,1
T2,1,1,75,18
T3,2,0,150,35
T4,3,1,168,2
T5,4,1,70,2
T6,5,1,200,5
T7,6,1,53,3
T8,7,0,48,4
[363]
T1,0,1,60,4
T2,1,0,175,16
T3,2,1,200,2
T4,3,1,44,4
T5,4,1,180,9
T6,5,0,126,35
T7,6,0,41,3
T8,7,1,60,2
[364]
T1,0,1,152,28
T2,1,1,33,4
T3,2,0,99,9
T4,3,1,190,30
T5,4,0,200,5
T6,5,1,57,1
T7,6,1,48,3
T8,7,1,66,2
[365]
T1,0,0,200,8
T2,1,0,89,18
T3,2,1,108,2
T4,3,0,20,1
T5,4,0,178,10
T6,5,0,24,5
T7,6,0,72,1
T8,7,1,180,16
[366]
T1,0,0,108,7
T2,1,0,200,6
T3,2,1,180,28
T4,3,0,110,2
T5,4,0,28,2
T6,5,1,112,6
T7,6,0,154,17
T8,7,1,30,5
[367]
T1,0,0,80,1
T2,1,1,110,31
T3,2,1,200,6
T4,3,1,48,2
T5,4,0,192,2
T6,5,1,175,22
T7,6,1,84,15
T8,7,0,42,1
[368]
T1,0,0,35,2
T2,1,0,190,59
T3,2,1,114,1
T4,3,0,120,11
T5,4,1,175,41
T6,5,0,135,2
T7,6,1,200,2
T8,7,1,50,2
[369]
T1,0,0,156,13
T2,1,1,96,2
T3,2,1,42,7
T4,3,0,28,2
T5,4,1,56,2
T6,5,1,140,40
T7,6,0,200,7
T8,7,1,168,8
[370]
T1,0,1,200,21
T2,1,0,170,13
T3,2,1,80,2
T4,3,1,21,3
T5,4,0,48,2
T6,5,0,187,6
T7,6,0,60,2
T8,7,1,64,15
[371]
T1,0,1,50,1
T2,1,0,102,11
T3,2,1,28,3
T4,3,1,175,11
T5,4,1,170,9
T6,5,0,140,20
T7,6,1,200,22
T8,7,0,108,3
[372]
T1,0,0,33,2
T2,1,1,154,1
T3,2,1,30,2
T4,3,1,196,32
T5,4,1,200,39
T6,5,0,110,8
T7,6,1,88,8
T8,7,0,126,18
[373]
T1,0,0,90,4
T2,1,0,160,3
T3,2,1,128,45
T4,3,1,168,27
T5,4,0,45,2
T6,5,1,200,4
T7,6,1,135,4
T8,7,1,35,1
[374]
T1,0,0,51,2
T2,1,1,120,10
T3,2,1,200,27
T4,3,1,195,30
T5,4,0,130,17
T6,5,1,100,2
T7,6,1,175,4
T8,7,0,25,3
[375]
T1,0,1,50,4
T2,1,1,20,3
T3,2,0,175,1
T4,3,0,81,1
T5,4,1,81,1
T6,5,0,108,13
T7,6,1,200,23
T8,7,1,160,25
[376]
T1,0,1,81,2
T2,1,1,30,8
T3,2,0,200,28
T4,3,0,105,2
T5,4,1,45,5
T6,5,1,60,3
T7,6,1,162,11
T8,7,0,160,2
[377]
T1,0,1,153,4
T2,1,1,200,14
T3,2,1,21,4
T4,3,1,102,6
T5,4,0,75,1
T6,5,1,195,10
T7,6,0,75,9
T8,7,0,50,5
[378]
T1,0,0,200,1
T2,1,0,75,2
T3,2,0,117,21
T4,3,0,28,5
T5,4,1,150,12
T6,5,0,168,12
T7,6,0,100,6
T8,7,1,36,3
[379]
T1,0,0,111,12
T2,1,0,32,6
T3,2,1,165,20
T4,3,0,96,2
T5,4,0,148,1
T6,5,1,60,4
T7,6,1,200,24
T8,7,1,44,1
[380]
T1,0,0,84,1
T2,1,1,171,3
T3,2,0,200,2
T4,3,1,152,38
T5,4,0,126,1
T6,5,0,38,4
T7,6,1,42,2
T8,7,0,96,23
[381]
T1,0,1,47,6
T2,1,0,102,5
T3,2,0,150,2
T4,3,0,50,4
T5,4,0,60,3
T6,5,0,60,6
T7,6,0,200,41
T8,7,0,160,5
[382]
T1,0,0,25,1
T2,1,0,91,17
T3,2,0,200,7
T4,3,1,22,3
T5,4,1,168,31
T6,5,0,160,12
T7,6,0,112,2
T8,7,0,130,1
[383]
T1,0,1,84,9
T2,1,1,90,7
T3,2,1,132,3
T4,3,1,154,8
T5,4,0,200,53
T6,5,1,44,2
T7,6,1,38,1
T8,7,0,150,10
[384]
T1,0,0,132,30
T2,1,1,85,12
T3,2,0,200,4
T4,3,1,187,1
T5,4,0,132,4
T6,5,0,150,13
T7,6,0,28,4
T8,7,0,36,2
[385]
T1,0,0,28,2
T2,1,1,196,3
T3,2,1,34,5
T4,3,1,168,5
T5,4,1,200,65
T6,5,1,112,5
T7,6,1,112,4
T8,7,0,75,2
[386]
T1,0,0,198,6
T2,1,0,189,35
T3,2,1,200,10
T4,3,0,43,6
T5,4,1,120,5
T6,5,1,99,2
T7,6,0,42,2
T8,7,1,70,10
[387]
T1,0,1,196,43
T2,1,1,196,7
T3,2,0,21,2
T4,3,0,108,19
T5,4,0,70,3
T6,5,1,20,1
T7,6,1,200,1
T8,7,0,112,1
[388]
T1,0,1,37,8
T2,1,0,200,7
T3,2,0,80,2
T4,3,1,160,4
T5,4,1,48,4
T6,5,1,69,4
T7,6,0,96,6
T8,7,0,170,29
[389]
T1,0,0,162,24
T2,1,0,200,7
T3,2,0,60,5
T4,3,0,153,12
T5,4,1,30,2
T6,5,1,136,3
T7,6,0,22,1
T8,7,1,60,15
[390]
T1,0,0,95,11
T2,1,0,192,34
T3,2,0,37,1
T4,3,0,175,17
T5,4,1,112,5
T6,5,0,114,20
T7,6,1,200,6
T8,7,1,24,2
[391]
T1,0,1,104,8
T2,1,0,35,1
T3,2,1,156,9
T4,3,1,26,2
T5,4,0,190,27
T6,5,0,90,18
T7,6,0,60,2
T8,7,1,200,26
[392]
T1,0,0,78,6
T2,1,1,60,4
T3,2,0,108,27
T4,3,1,24,1
T5,4,1,200,10
T6,5,0,26,1
T7,6,0,195,8
T8,7,1,168,15
[393]
T1,0,0,168,27
T2,1,0,100,2
T3,2,0,140,36
T4,3,1,53,3
T5,4,0,175,3
T6,5,1,84,7
T7,6,0,35,1
T8,7,0,200,8
[394]
T1,0,1,76,2
T2,1,0,200,16
T3,2,0,20,2
T4,3,0,100,3
T5,4,1,25,2
T6,5,1,160,33
T7,6,0,126,23
T8,7,0,160,22
[395]
T1,0,0,126,16
T2,1,1,161,18
T3,2,1,92,8
T4,3,1,200,17
T5,4,0,120,13
T6,5,0,47,3
T7,6,1,184,12
T8,7,1,36,2
[396]
T1,0,1,85,2
T2,1,1,198,3
T3,2,0,200,15
T4,3,0,136,4
T5,4,1,28,1
T6,5,1,60,21
T7,6,1,180,14
T8,7,0,51,2
[397]
T1,0,0,81,7
T2,1,0,164,39
T3,2,1,90,5
T4,3,1,54,1
T5,4,0,52,2
T6,5,0,164,18
T7,6,1,54,1
T8,7,1,200,17
[398]
T1,0,1,95,4
T2,1,0,168,41
T3,2,0,150,12
T4,3,1,45,1
T5,4,0,45,2
T6,5,0,56,11
T7,6,0,200,10
T8,7,1,60,2
[399]
T1,0,1,120,3
T2,1,0,78,11
T3,2,1,200,20
T4,3,1,24,1
T5,4,0,182,2
T6,5,1,24,2
T7,6,1,66,4
T8,7,1,154,40
[400]
T1,0,1,60,2
T2,1,1,45,2
T3,2,0,150,9
T4,3,1,40,4
T5,4,1,125,23
T6,5,1,168,1
T7,6,1,130,22
T8,7,0,200,12
[401]
T1,0,1,60,8
T2,1,1,176,9
T3,2,1,180,23
T4,3,0,51,2
T5,4,1,110,15
T6,5,0,80,7
T7,6,1,23,2
T8,7,1,200,9
[402]
T1,0,1,85,7
T2,1,1,200,15
T3,2,0,168,30
T4,3,0,26,3
T5,4,1,78,6
T6,5,1,20,1
T7,6,0,102,5
T8,7,1,182,2
[403]
T1,0,1,39,5
T2,1,1,51,3
T3,2,1,156,14
T4,3,0,105,14
T5,4,1,70,7
T6,5,0,200,5
T7,6,1,104,7
T8,7,1,150,8
[404]
T1,0,1,38,2
T2,1,0,175,28
T3,2,0,140,5
T4,3,0,150,5
T5,4,1,75,12
T6,5,0,35,1
T7,6,1,110,3
T8,7,1,200,38
[405]
T1,0,1,200,9
T2,1,1,53,7
T3,2,0,182,8
T4,3,0,160,10
T5,4,1,25,2
T6,5,0,105,18
T7,6,0,64,12
T8,7,1,130,3
[406]
T1,0,0,104,4
T2,1,0,160,38
T3,2,1,65,1
T4,3,1,168,32
T5,4,1,23,2
T6,5,0,45,2
T7,6,1,75,2
T8,7,0,200,10
[407]
T1,0,0,48,6
T2,1,1,32,1
T3,2,1,70,4
T4,3,0,190,36
T5,4,1,192,2
T6,5,1,64,5
T7,6,1,200,4
T8,7,0,75,11
[408]
T1,0,1,182,4
T2,1,1,33,3
T3,2,1,156,30
T4,3,1,200,2
T5,4,1,60,11
T6,5,0,65,7
T7,6,1,52,1
T8,7,1,104,5
[409]
T1,0,1,130,3
T2,1,1,27,2
T3,2,1,175,2
T4,3,1,189,16
T5,4,1,43,6
T6,5,0,200,3
T7,6,1,63,2
T8,7,0,60,20
[410]
T1,0,0,100,2
T2,1,0,173,29
T3,2,1,32,1
T4,3,1,36,3
T5,4,1,120,24
T6,5,0,75,2
T7,6,1,200,15
T8,7,1,173,2
[411]
T1,0,0,21,2
T2,1,1,63,10
T3,2,0,68,3
T4,3,0,140,43
T5,4,1,32,2
T6,5,1,160,11
T7,6,1,200,1
T8,7,0,170,5
[412]
T1,0,0,168,1
T2,1,1,196,9
T3,2,1,95,12
T4,3,1,200,30
T5,4,1,39,2
T6,5,1,95,18
T7,6,0,84,7
T8,7,0,49,2
[413]
T1,0,0,156,9
T2,1,1,96,1
T3,2,0,200,11
T4,3,0,40,3
T5,4,1,48,14
T6,5,0,160,10
T7,6,0,55,5
T8,7,1,60,2
[414]
T1,0,1,150,1
T2,1,0,108,14
T3,2,1,151,31
T4,3,1,200,16
T5,4,1,54,11
T6,5,1,60,2
T7,6,1,40,2
T8,7,1,25,2
[415]
T1,0,1,152,20
T2,1,0,108,9
T3,2,0,135,23
T4,3,0,45,1
T5,4,0,30,1
T6,5,0,180,11
T7,6,0,80,8
T8,7,1,200,5
[416]
T1,0,1,200,27
T2,1,0,34,4
T3,2,1,102,6
T4,3,0,25,2
T5,4,0,132,9
T6,5,0,165,4
T7,6,1,66,6
T8,7,1,180,31
[417]
T1,0,0,24,2
T2,1,0,55,1
T3,2,1,70,1
T4,3,0,175,34
T5,4,0,48,2
T6,5,0,55,2
T7,6,1,200,7
T8,7,0,196,78
[418]
T1,0,0,26,5
T2,1,1,180,2
T3,2,0,120,1
T4,3,1,27,6
T5,4,1,70,2
T6,5,1,108,2
T7,6,1,189,5
T8,7,1,200,24
[419]
T1,0,1,94,12
T2,1,1,63,7
T3,2,1,105,6
T4,3,1,50,11
T5,4,0,175,8
T6,5,1,200,3
T7,6,0,180,11
T8,7,0,45,1
[420]
T1,0,0,45,2
T2,1,1,36,2
T3,2,0,195,9
T4,3,0,176,58
T5,4,0,117,2
T6,5,1,75,11
T7,6,1,200,7
T8,7,0,120,6
[421]
T1,0,1,64,18
T2,1,1,27,2
T3,2,0,150,14
T4,3,0,200,12
T5,4,0,175,15
T6,5,0,54,2
T7,6,1,128,12
T8,7,1,50,3
[422]
T1,0,0,24,2
T2,1,0,120,4
T3,2,0,200,3
T4,3,1,110,3
T5,4,0,20,1
T6,5,1,152,2
T7,6,0,175,20
T8,7,1,88,31
[423]
T1,0,1,52,2
T2,1,1,100,2
T3,2,1,200,16
T4,3,0,64,7
T5,4,1,144,1
T6,5,1,32,1
T7,6,1,180,12
T8,7,1,195,61
[424]
T1,0,0,150,1
T2,1,1,200,74
T3,2,0,26,2
T4,3,0,144,4
T5,4,0,150,2
T6,5,0,96,9
T7,6,1,119,1
T8,7,0,20,1
[425]
T1,0,1,194,29
T2,1,0,65,4
T3,2,1,150,12
T4,3,1,60,3
T5,4,0,22,2
T6,5,1,24,2
T7,6,1,200,32
T8,7,1,78,5
[426]
T1,0,1,126,12
T2,1,1,175,13
T3,2,0,126,6
T4,3,1,138,4
T5,4,0,37,6
T6,5,1,21,3
T7,6,0,189,11
T8,7,0,200,7
[427]
T1,0,0,200,23
T2,1,1,156,5
T3,2,0,130,4
T4,3,1,39,6
T5,4,0,40,2
T6,5,0,175,2
T7,6,1,75,16
T8,7,0,70,8
[428]
T1,0,0,182,3
T2,1,0,105,9
T3,2,0,200,24
T4,3,0,51,9
T5,4,1,27,3
T6,5,1,80,7
T7,6,1,108,3
T8,7,1,189,6
[429]
T1,0,0,44,2
T2,1,0,165,22
T3,2,0,64,19
T4,3,1,200,2
T5,4,0,130,2
T6,5,1,132,21
T7,6,0,48,1
T8,7,1,192,7
[430]
T1,0,0,27,2
T2,1,1,76,2
T3,2,1,180,31
T4,3,0,190,12
T5,4,0,105,2
T6,5,1,42,6
T7,6,1,200,21
T8,7,1,63,4
[431]
T1,0,0,80,10
T2,1,1,57,2
T3,2,0,200,15
T4,3,0,120,5
T5,4,1,25,1
T6,5,0,39,11
T7,6,0,180,3
T8,7,0,152,2
[432]
T1,0,1,53,4
T2,1,1,65,8
T3,2,0,182,11
T4,3,1,91,21
T5,4,0,200,2
T6,5,0,130,2
T7,6,0,26,2
T8,7,1,188,25
[433]
T1,0,0,65,2
T2,1,1,104,8
T3,2,1,200,7
T4,3,1,180,69
T5,4,0,195,3
T6,5,1,35,1
T7,6,1,70,3
T8,7,0,27,2
[434]
T1,0,1,156,25
T2,1,1,23,1
T3,2,0,65,4
T4,3,0,168,6
T5,4,1,200,10
T6,5,0,49,8
T7,6,1,56,5
T8,7,0,56,1
[435]
T1,0,0,92,6
T2,1,1,184,13
T3,2,0,200,22
T4,3,1,65,4
T5,4,1,160,3
T6,5,0,52,5
T7,6,1,50,6
T8,7,0,120,12
[436]
T1,0,1,42,1
T2,1,1,171,13
T3,2,0,200,15
T4,3,1,112,3
T5,4,0,56,8
T6,5,0,70,2
T7,6,1,168,50
T8,7,1,25,2
[437]
T1,0,1,200,36
T2,1,1,20,2
T3,2,0,152,31
T4,3,0,98,1
T5,4,1,160,17
T6,5,0,133,2
T7,6,1,56,6
T8,7,1,32,2
[438]
T1,0,1,150,5
T2,1,1,200,7
T3,2,1,90,3
T4,3,0,186,27
T5,4,0,45,4
T6,5,0,124,10
T7,6,1,68,11
T8,7,1,39,3
[439]
T1,0,1,48,7
T2,1,1,192,8
T3,2,1,43,8
T4,3,1,200,8
T5,4,0,135,10
T6,5,1,54,3
T7,6,0,150,18
T8,7,0,128,2
[440]
T1,0,1,81,3
T2,1,0,136,34
T3,2,0,72,3
T4,3,1,153,8
T5,4,0,200,18
T6,5,1,54,2
T7,6,1,180,4
T8,7,0,40,5
[441]
T1,0,0,70,4
T2,1,1,195,3
T3,2,0,30,7
T4,3,0,200,15
T5,4,0,42,2
T6,5,0,96,4
T7,6,1,180,15
T8,7,1,120,17
[442]
T1,0,0,102,6
T2,1,0,65,1
T3,2,0,168,1
T4,3,1,34,7
T5,4,0,65,12
T6,5,0,25,3
T7,6,1,156,9
T8,7,0,200,2
[443]
T1,0,1,200,16
T2,1,0,25,3
T3,2,1,182,12
T4,3,0,70,6
T5,4,0,126,1
T6,5,0,160,18
T7,6,0,56,8
T8,7,1,40,2
[444]
T1,0,1,78,3
T2,1,1,200,45
T3,2,0,156,4
T4,3,1,24,2
T5,4,0,115,5
T6,5,1,42,4
T7,6,0,180,22
T8,7,1,92,1
[445]
T1,0,1,77,3
T2,1,1,42,7
T3,2,1,90,1
T4,3,1,176,23
T5,4,0,200,27
T6,5,0,160,1
T7,6,0,47,1
T8,7,1,66,7
[446]
T1,0,1,120,20
T2,1,1,200,26
T3,2,0,31,4
T4,3,1,48,2
T5,4,1,155,1
T6,5,0,120,2
T7,6,1,105,2
T8,7,0,160,32
[447]
T1,0,0,162,16
T2,1,0,25,3
T3,2,1,180,22
T4,3,1,75,5
T5,4,1,132,19
T6,5,0,200,12
T7,6,0,144,7
T8,7,1,32,2
[448]
T1,0,1,200,16
T2,1,0,49,2
T3,2,1,168,47
T4,3,1,69,2
T5,4,1,161,2
T6,5,1,140,3
T7,6,1,70,9
T8,7,0,31,2
[449]
T1,0,1,169,16
T2,1,0,60,9
T3,2,0,40,2
T4,3,0,180,16
T5,4,0,23,1
T6,5,1,80,19
T7,6,1,144,4
T8,7,1,200,1
[450]
T1,0,0,120,7
T2,1,0,66,1
T3,2,0,110,21
T4,3,1,35,10
T5,4,1,40,2
T6,5,1,152,10
T7,6,1,200,7
T8,7,0,168,2
[451]
T1,0,0,22,2
T2,1,1,170,1
T3,2,1,66,8
T4,3,1,80,6
T5,4,1,200,14
T6,5,0,176,17
T7,6,1,66,16
T8,7,0,27,1
[452]
T1,0,0,84,2
T2,1,1,168,4
T3,2,0,22,2
T4,3,1,200,1
T5,4,1,56,5
T6,5,0,168,67
T7,6,1,47,1
T8,7,0,72,7
[453]
T1,0,0,200,8
T2,1,0,63,9
T3,2,1,88,1
T4,3,0,176,38
T5,4,1,42,1
T6,5,1,70,11
T7,6,0,45,3
T8,7,1,198,1
[454]
T1,0,0,48,2
T2,1,0,154,17
T3,2,1,80,8
T4,3,0,84,6
T5,4,0,52,10
T6,5,0,112,2
T7,6,0,198,6
T8,7,1,200,16
[455]
T1,0,0,36,1
T2,1,0,182,2
T3,2,1,91,5
T4,3,1,200,92
T5,4,1,56,2
T6,5,0,108,5
T7,6,0,180,6
T8,7,0,53,1
[456]
T1,0,1,60,7
T2,1,1,23,3
T3,2,0,90,9
T4,3,0,184,2
T5,4,1,200,7
T6,5,0,160,2
T7,6,1,120,6
T8,7,1,46,10
[457]
T1,0,0,200,12
T2,1,0,55,1
T3,2,1,154,13
T4,3,0,96,7
T5,4,0,48,3
T6,5,0,48,2
T7,6,0,126,28
T8,7,0,168,13
[458]
T1,0,1,165,25
T2,1,0,110,1
T3,2,0,165,8
T4,3,1,200,6
T5,4,0,66,3
T6,5,1,50,5
T7,6,0,47,7
T8,7,0,64,7
[459]
T1,0,0,187,17
T2,1,0,187,16
T3,2,1,28,1
T4,3,1,72,2
T5,4,0,48,2
T6,5,0,100,2
T7,6,0,88,16
T8,7,1,200,47
[460]
T1,0,1,165,45
T2,1,0,33,1
T3,2,1,36,2
T4,3,1,200,41
T5,4,0,55,3
T6,5,0,168,5
T7,6,0,80,2
T8,7,1,80,3
[461]
T1,0,1,200,11
T2,1,1,30,1
T3,2,0,45,3
T4,3,1,82,3
T5,4,1,82,8
T6,5,1,156,20
T7,6,0,150,30
T8,7,1,72,2
[462]
T1,0,0,72,6
T2,1,0,54,3
T3,2,0,200,13
T4,3,0,180,5
T5,4,1,28,2
T6,5,0,120,22
T7,6,1,162,13
T8,7,0,50,4
[463]
T1,0,1,20,2
T2,1,0,152,15
T3,2,1,77,5
T4,3,1,70,20
T5,4,1,150,15
T6,5,1,27,2
T7,6,1,76,6
T8,7,1,200,2
[464]
T1,0,1,198,12
T2,1,0,200,12
T3,2,0,88,2
T4,3,0,48,2
T5,4,1,160,36
T6,5,1,60,3
T7,6,1,77,16
T8,7,0,49,1
[465]
T1,0,1,100,17
T2,1,1,190,9
T3,2,1,49,3
T4,3,1,189,16
T5,4,1,200,17
T6,5,0,133,2
T7,6,1,42,7
T8,7,0,133,2
[466]
T1,0,0,84,3
T2,1,1,36,3
T3,2,0,144,8
T4,3,0,33,1
T5,4,1,200,22
T6,5,0,176,31
T7,6,0,56,7
T8,7,0,180,3
[467]
T1,0,1,120,13
T2,1,1,147,23
T3,2,1,48,2
T4,3,1,80,6
T5,4,0,175,34
T6,5,0,36,1
T7,6,0,200,7
T8,7,1,60,1
[468]
T1,0,0,192,10
T2,1,0,64,8
T3,2,1,200,13
T4,3,0,130,16
T5,4,1,96,2
T6,5,0,175,6
T7,6,1,54,12
T8,7,1,30,2
[469]
T1,0,1,115,7
T2,1,1,184,42
T3,2,0,49,2
T4,3,1,200,5
T5,4,1,21,5
T6,5,0,140,3
T7,6,1,54,2
T8,7,1,150,3
[470]
T1,0,0,153,2
T2,1,0,50,7
T3,2,1,200,30
T4,3,1,168,1
T5,4,1,84,8
T6,5,1,48,2
T7,6,1,119,3
T8,7,0,56,11
[471]
T1,0,0,76,2
T2,1,0,46,2
T3,2,0,200,10
T4,3,0,132,2
T5,4,0,152,34
T6,5,1,168,9
T7,6,1,84,9
T8,7,0,22,4
[472]
T1,0,0,200,23
T2,1,1,120,15
T3,2,1,160,31
T4,3,0,29,2
T5,4,1,76,2
T6,5,1,105,2
T7,6,0,171,13
T8,7,0,32,3
[473]
T1,0,1,84,2
T2,1,1,30,2
T3,2,0,128,6
T4,3,0,200,25
T5,4,0,150,35
T6,5,0,91,7
T7,6,0,21,2
T8,7,0,160,23
[474]
T1,0,0,24,1
T2,1,1,39,2
T3,2,0,99,13
T4,3,1,80,5
T5,4,1,75,8
T6,5,0,180,44
T7,6,1,152,1
T8,7,1,200,4
[475]
T1,0,1,46,7
T2,1,0,188,4
T3,2,1,200,8
T4,3,0,42,13
T5,4,0,90,2
T6,5,1,56,1
T7,6,1,168,11
T8,7,1,140,8
[476]
T1,0,0,51,2
T2,1,0,180,28
T3,2,1,190,49
T4,3,1,200,15
T5,4,1,53,2
T6,5,0,136,2
T7,6,0,57,2
T8,7,0,76,3
[477]
T1,0,0,96,5
T2,1,1,48,13
T3,2,1,178,24
T4,3,0,89,5
T5,4,0,33,2
T6,5,1,75,2
T7,6,0,200,26
T8,7,1,150,2
[478]
T1,0,0,45,2
T2,1,0,200,37
T3,2,0,74,6
T4,3,0,90,6
T5,4,0,90,2
T6,5,0,150,21
T7,6,0,44,4
T8,7,0,180,11
[479]
T1,0,1,125,2
T2,1,1,150,23
T3,2,0,110,18
T4,3,0,200,43
T5,4,1,32,2
T6,5,0,132,3
T7,6,1,42,2
T8,7,0,165,2
[480]
T1,0,0,45,6
T2,1,1,63,1
T3,2,1,150,1
T4,3,1,71,1
T5,4,0,105,16
T6,5,1,175,16
T7,6,1,200,27
T8,7,1,31,3
[481]
T1,0,1,100,7
T2,1,1,72,21
T3,2,1,120,16
T4,3,0,192,17
T5,4,1,200,2
T6,5,0,42,2
T7,6,0,177,8
T8,7,1,32,2
[482]
T1,0,1,25,2
T2,1,1,39,2
T3,2,1,159,9
T4,3,1,159,41
T5,4,0,85,8
T6,5,1,120,3
T7,6,1,75,2
T8,7,1,200,32
[483]
T1,0,1,35,1
T2,1,1,153,27
T3,2,0,200,46
T4,3,0,120,2
T5,4,0,160,5
T6,5,0,144,12
T7,6,1,34,2
T8,7,0,90,10
[484]
T1,0,1,200,2
T2,1,1,136,1
T3,2,1,52,4
T4,3,0,28,4
T5,4,0,153,2
T6,5,1,72,10
T7,6,1,175,34
T8,7,1,108,6
[485]
T1,0,1,28,3
T2,1,0,105,18
T3,2,1,110,7
T4,3,1,44,1
T5,4,1,176,18
T6,5,1,189,19
T7,6,0,84,3
T8,7,1,200,9
[486]
T1,0,1,56,7
T2,1,0,75,17
T3,2,0,189,5
T4,3,0,200,8
T5,4,0,20,2
T6,5,0,53,1
T7,6,0,60,2
T8,7,1,171,31
[487]
T1,0,1,60,4
T2,1,0,48,11
T3,2,1,75,2
T4,3,0,200,4
T5,4,1,64,5
T6,5,1,180,2
T7,6,1,176,2
T8,7,0,32,8
[488]
T1,0,0,60,13
T2,1,0,200,1
T3,2,0,135,12
T4,3,1,165,4
T5,4,0,35,2
T6,5,1,154,8
T7,6,1,36,10
T8,7,0,100,2
[489]
T1,0,0,39,8
T2,1,0,100,6
T3,2,0,200,35
T4,3,1,140,7
T5,4,1,195,10
T6,5,0,147,4
T7,6,0,182,13
T8,7,1,26,2
[490]
T1,0,0,93,2
T2,1,0,70,3
T3,2,0,84,1
T4,3,1,175,4
T5,4,1,21,4
T6,5,0,200,2
T7,6,0,30,7
T8,7,1,196,29
[491]
T1,0,1,200,40
T2,1,0,27,2
T3,2,0,60,5
T4,3,1,174,8
T5,4,1,30,1
T6,5,0,196,30
T7,6,1,58,2
T8,7,0,70,2
[492]
T1,0,1,26,2
T2,1,1,104,3
T3,2,0,66,19
T4,3,1,200,18
T5,4,0,33,3
T6,5,1,72,4
T7,6,0,165,5
T8,7,1,165,2
[493]
T1,0,0,64,10
T2,1,1,120,18
T3,2,1,41,2
T4,3,1,200,5
T5,4,1,70,2
T6,5,1,196,7
T7,6,1,20,1
T8,7,1,196,30
[494]
T1,0,0,165,3
T2,1,0,66,3
T3,2,1,36,2
T4,3,1,50,9
T5,4,1,198,43
T6,5,0,66,7
T7,6,0,200,16
T8,7,1,126,2
[495]
T1,0,1,190,31
T2,1,0,55,3
T3,2,1,26,3
T4,3,0,200,32
T5,4,1,60,2
T6,5,1,66,1
T7,6,1,198,14
T8,7,0,24,2
[496]
T1,0,0,150,2
T2,1,1,54,1
T3,2,0,29,2
T4,3,1,125,50
T5,4,0,27,2
T6,5,0,108,4
T7,6,1,200,9
T8,7,1,171,22
[497]
T1,0,0,63,2
T2,1,1,168,22
T3,2,0,60,6
T4,3,1,36,2
T5,4,0,60,15
T6,5,1,200,14
T7,6,1,46,3
T8,7,0,164,2
[498]
T1,0,0,105,7
T2,1,1,30,2
T3,2,1,105,3
T4,3,0,167,7
T5,4,0,47,6
T6,5,1,105,9
T7,6,0,200,60
T8,7,0,168,3
[499]
T1,0,0,91,12
T2,1,0,175,7
T3,2,0,39,2
T4,3,1,90,7
T5,4,1,30,1
T6,5,0,135,10
T7,6,1,200,16
T8,7,0,195,35
[500]
T1,0,1,75,9
T2,1,1,39,3
T3,2,1,90,16
T4,3,0,81,2
T5,4,0,190,31
T6,5,0,38,1
T7,6,0,180,6
T8,7,1,200,9
