num_task_per_taskset=8
num_taskset=500
//ID,Priority,Offset,Period,Execution Time
[1]
T1,0,0,168,2
T2,1,0,176,25
T3,2,0,49,6
T4,3,0,84,6
T5,4,1,30,3
T6,5,1,200,3
T7,6,1,140,22
T8,7,0,125,2
[2]
T1,0,0,112,5
T2,1,0,168,25
T3,2,1,56,7
T4,3,1,105,5
T5,4,0,50,1
T6,5,0,49,3
T7,6,1,200,41
T8,7,0,150,2
[3]
T1,0,1,55,3
T2,1,0,200,6
T3,2,0,50,5
T4,3,1,90,1
T5,4,0,148,22
T6,5,0,60,8
T7,6,1,148,12
T8,7,1,29,2
[4]
T1,0,0,26,2
T2,1,0,110,9
T3,2,0,49,9
T4,3,0,55,1
T5,4,1,140,4
T6,5,0,175,25
T7,6,1,200,21
T8,7,1,168,17
[5]
T1,0,1,60,2
T2,1,1,200,43
T3,2,1,42,2
T4,3,1,168,3
T5,4,0,38,4
T6,5,0,66,7
T7,6,0,99,11
T8,7,0,189,11
[6]
T1,0,1,96,3
T2,1,1,90,2
T3,2,1,51,10
T4,3,0,153,12
T5,4,1,119,10
T6,5,1,200,18
T7,6,0,160,3
T8,7,0,41,7
[7]
T1,0,0,150,2
T2,1,1,20,7
T3,2,1,200,16
T4,3,1,68,4
T5,4,1,55,1
T6,5,1,120,2
T7,6,1,154,24
T8,7,0,42,2
[8]
T1,0,1,36,1
T2,1,1,105,3
T3,2,0,200,28
T4,3,0,182,18
T5,4,0,75,5
T6,5,1,170,30
T7,6,0,30,1
T8,7,0,102,9
[9]
T1,0,0,35,1
T2,1,1,162,5
T3,2,1,200,18
T4,3,0,132,7
T5,4,0,176,48
T6,5,1,54,6
T7,6,1,55,3
T8,7,0,55,1
[10]
T1,0,0,200,14
T2,1,0,38,2
T3,2,0,75,21
T4,3,1,168,8
T5,4,1,20,1
T6,5,0,75,11
T7,6,0,194,2
T8,7,0,70,3
[11]
T1,0,0,72,9
T2,1,1,200,30
T3,2,0,198,21
T4,3,1,174,19
T5,4,0,22,1
T6,5,0,72,2
T7,6,1,30,1
T8,7,1,120,7
[12]
T1,0,1,35,2
T2,1,1,90,13
T3,2,1,100,3
T4,3,1,110,15
T5,4,0,200,1
T6,5,0,147,33
T7,6,0,42,4
T8,7,0,175,1
[13]
T1,0,1,32,2
T2,1,1,126,8
T3,2,1,200,57
T4,3,1,100,3
T5,4,1,152,15
T6,5,0,56,2
T7,6,0,44,2
T8,7,1,152,21
[14]
T1,0,0,200,2
T2,1,0,195,21
T3,2,1,27,2
T4,3,0,170,15
T5,4,0,20,5
T6,5,0,120,8
T7,6,1,120,3
T8,7,1,100,12
[15]
T1,0,1,25,2
T2,1,1,147,23
T3,2,1,21,2
T4,3,0,140,18
T5,4,1,196,8
T6,5,1,200,30
T7,6,1,138,21
T8,7,1,196,7
[16]
T1,0,0,90,30
T2,1,1,40,2
T3,2,1,200,4
T4,3,1,99,2
T5,4,0,190,17
T6,5,0,30,1
T7,6,1,165,6
T8,7,1,55,3
[17]
T1,0,0,200,6
T2,1,0,46,2
T3,2,1,156,31
T4,3,1,78,2
T5,4,1,90,6
T6,5,1,41,3
T7,6,0,164,5
T8,7,0,82,15
[18]
T1,0,0,84,1
T2,1,1,175,36
T3,2,1,41,3
T4,3,0,90,9
T5,4,0,38,2
T6,5,1,200,1
T7,6,1,144,9
T8,7,1,150,22
[19]
T1,0,1,39,2
T2,1,1,63,1
T3,2,0,189,44
T4,3,1,182,23
T5,4,1,117,9
T6,5,1,37,2
T7,6,0,200,33
T8,7,1,117,1
[20]
T1,0,1,23,3
T2,1,0,130,9
T3,2,0,39,3
T4,3,1,195,1
T5,4,1,104,9
T6,5,1,200,8
T7,6,0,88,11
T8,7,0,160,17
[21]
T1,0,1,46,2
T2,1,0,44,2
T3,2,1,200,36
T4,3,1,121,3
T5,4,0,154,4
T6,5,0,105,9
T7,6,0,154,7
T8,7,1,77,19
[22]
T1,0,1,200,23
T2,1,0,90,28
T3,2,0,31,1
T4,3,1,155,2
T5,4,0,99,2
T6,5,1,90,2
T7,6,1,198,17
T8,7,1,20,1
[23]
T1,0,1,84,3
T2,1,0,168,16
T3,2,0,198,1
T4,3,0,140,19
T5,4,0,33,6
T6,5,0,35,2
T7,6,1,112,18
T8,7,1,200,10
[24]
T1,0,0,74,3
T2,1,0,195,48
T3,2,0,72,7
T4,3,1,200,5
T5,4,0,26,2
T6,5,0,195,32
T7,6,1,42,2
T8,7,1,111,8
[25]
T1,0,0,150,11
T2,1,0,37,5
T3,2,1,196,2
T4,3,1,98,3
T5,4,0,98,10
T6,5,1,60,14
T7,6,1,25,1
T8,7,0,200,5
[26]
T1,0,1,200,27
T2,1,0,114,2
T3,2,0,33,5
T4,3,0,85,15
T5,4,0,24,2
T6,5,1,153,1
T7,6,1,171,15
T8,7,0,114,12
[27]
T1,0,1,200,9
T2,1,0,45,2
T3,2,0,33,1
T4,3,0,184,1
T5,4,1,150,6
T6,5,0,92,7
T7,6,0,60,17
T8,7,0,130,21
[28]
T1,0,0,132,18
T2,1,1,49,5
T3,2,1,36,5
T4,3,1,75,2
T5,4,0,200,8
T6,5,1,180,20
T7,6,0,100,7
T8,7,1,165,6
[29]
T1,0,1,63,1
T2,1,0,99,25
T3,2,0,180,12
T4,3,0,29,2
T5,4,1,36,2
T6,5,0,200,9
T7,6,1,140,5
T8,7,0,150,30
[30]
T1,0,1,23,2
T2,1,1,120,11
T3,2,1,150,9
T4,3,0,105,11
T5,4,0,56,4
T6,5,0,30,1
T7,6,1,161,17
T8,7,1,200,37
[31]
T1,0,1,42,2
T2,1,1,196,18
T3,2,0,24,2
T4,3,1,100,25
T5,4,1,200,4
T6,5,0,105,16
T7,6,1,75,9
T8,7,1,154,4
[32]
T1,0,1,195,6
T2,1,1,200,35
T3,2,1,28,2
T4,3,0,175,2
T5,4,0,42,2
T6,5,1,66,11
T7,6,1,78,6
T8,7,1,56,11
[33]
T1,0,1,150,18
T2,1,0,54,1
T3,2,0,56,12
T4,3,1,55,2
T5,4,0,30,1
T6,5,0,200,1
T7,6,1,168,26
T8,7,0,20,2
[34]
T1,0,1,175,20
T2,1,1,171,36
T3,2,1,126,5
T4,3,0,108,5
T5,4,0,53,3
T6,5,1,38,3
T7,6,1,140,14
T8,7,1,200,1
[35]
T1,0,0,200,3
T2,1,1,192,2
T3,2,0,174,4
T4,3,1,32,8
T5,4,1,75,11
T6,5,0,145,22
T7,6,1,145,6
T8,7,0,35,2
[36]
T1,0,1,26,1
T2,1,1,150,41
T3,2,1,144,26
T4,3,0,72,4
T5,4,1,200,2
T6,5,1,24,1
T7,6,1,187,4
T8,7,0,120,2
[37]
T1,0,1,100,3
T2,1,0,33,2
T3,2,0,198,56
T4,3,0,200,10
T5,4,1,21,2
T6,5,1,100,3
T7,6,0,80,2
T8,7,1,160,20
[38]
T1,0,1,120,2
T2,1,1,175,18
T3,2,1,85,2
T4,3,1,200,3
T5,4,0,120,3
T6,5,1,26,10
T7,6,0,150,7
T8,7,1,25,2
[39]
T1,0,0,184,1
T2,1,1,23,2
T3,2,0,200,2
T4,3,1,60,11
T5,4,0,108,10
T6,5,1,53,4
T7,6,1,120,3
T8,7,1,160,40
[40]
T1,0,1,75,14
T2,1,0,154,1
T3,2,1,144,18
T4,3,1,154,1
T5,4,1,40,8
T6,5,0,54,2
T7,6,0,39,2
T8,7,0,200,23
[41]
T1,0,1,35,2
T2,1,0,154,6
T3,2,0,63,2
T4,3,0,70,5
T5,4,1,24,4
T6,5,1,200,37
T7,6,0,150,16
T8,7,1,66,2
[42]
T1,0,1,100,4
T2,1,0,168,23
T3,2,0,60,3
T4,3,1,200,9
T5,4,0,34,5
T6,5,1,21,1
T7,6,0,84,13
T8,7,1,187,4
[43]
T1,0,1,165,18
T2,1,0,22,2
T3,2,0,22,1
T4,3,1,165,4
T5,4,0,200,28
T6,5,1,140,14
T7,6,0,84,3
T8,7,1,140,10
[44]
T1,0,1,22,2
T2,1,0,198,5
T3,2,0,200,35
T4,3,0,126,12
T5,4,0,29,3
T6,5,0,80,1
T7,6,0,154,19
T8,7,1,70,2
[45]
T1,0,1,78,4
T2,1,1,56,5
T3,2,0,195,16
T4,3,1,200,9
T5,4,1,195,5
T6,5,0,47,2
T7,6,0,24,7
T8,7,0,70,3
[46]
T1,0,0,61,1
T2,1,1,47,6
T3,2,0,183,27
T4,3,1,200,22
T5,4,0,150,9
T6,5,0,36,2
T7,6,1,75,11
T8,7,0,60,3
[47]
T1,0,0,100,8
T2,1,0,40,2
T3,2,0,168,10
T4,3,1,200,3
T5,4,1,90,23
T6,5,0,189,5
T7,6,0,40,7
T8,7,0,92,3
[48]
T1,0,0,180,3
T2,1,1,26,2
T3,2,1,56,4
T4,3,0,200,2
T5,4,0,33,4
T6,5,1,160,24
T7,6,1,63,13
T8,7,1,80,5
[49]
T1,0,0,140,25
T2,1,1,168,4
T3,2,0,200,7
T4,3,1,20,2
T5,4,0,168,16
T6,5,0,42,2
T7,6,1,71,15
T8,7,0,60,3
[50]
T1,0,0,200,25
T2,1,0,140,7
T3,2,0,96,14
T4,3,1,32,3
T5,4,1,47,3
T6,5,1,75,6
T7,6,0,175,11
T8,7,1,175,3
[51]
T1,0,1,40,1
T2,1,1,120,18
T3,2,0,200,2
T4,3,1,195,7
T5,4,0,47,8
T6,5,1,54,8
T7,6,1,144,2
T8,7,0,192,19
[52]
T1,0,0,110,1
T2,1,1,112,13
T3,2,0,176,11
T4,3,1,42,9
T5,4,1,168,32
T6,5,1,80,2
T7,6,0,200,11
T8,7,0,53,1
[53]
T1,0,0,125,2
T2,1,0,25,5
T3,2,1,200,41
T4,3,1,44,1
T5,4,0,120,3
T6,5,0,180,14
T7,6,1,186,19
T8,7,1,75,2
[54]
T1,0,0,36,2
T2,1,1,184,4
T3,2,0,200,1
T4,3,0,184,42
T5,4,0,92,12
T6,5,0,38,6
T7,6,1,60,2
T8,7,0,75,1
[55]
T1,0,0,200,19
T2,1,0,189,2
T3,2,1,56,4
T4,3,0,20,2
T5,4,1,50,1
T6,5,0,90,13
T7,6,0,60,5
T8,7,1,162,37
[56]
T1,0,0,40,2
T2,1,1,95,17
T3,2,0,104,1
T4,3,1,75,2
T5,4,1,195,1
T6,5,1,200,16
T7,6,0,195,38
T8,7,0,26,2
[57]
T1,0,0,100,19
T2,1,0,26,4
T3,2,1,110,5
T4,3,0,105,3
T5,4,1,156,3
T6,5,1,200,13
T7,6,0,195,23
T8,7,0,21,2
[58]
T1,0,0,68,5
T2,1,1,168,13
T3,2,0,35,2
T4,3,1,119,3
T5,4,0,84,12
T6,5,1,200,12
T7,6,0,195,24
T8,7,0,39,3
[59]
T1,0,0,25,2
T2,1,1,164,41
T3,2,0,150,2
T4,3,0,44,12
T5,4,1,144,2
T6,5,0,125,7
T7,6,0,72,1
T8,7,1,200,11
[60]
T1,0,1,182,45
T2,1,0,51,11
T3,2,0,140,2
T4,3,0,60,4
T5,4,0,200,8
T6,5,1,182,10
T7,6,0,36,2
T8,7,1,70,1
[61]
T1,0,1,115,17
T2,1,1,150,9
T3,2,1,70,2
T4,3,0,138,10
T5,4,1,160,4
T6,5,0,51,14
T7,6,1,21,2
T8,7,0,200,19
[62]
T1,0,1,30,1
T2,1,0,200,14
T3,2,0,95,3
T4,3,1,96,11
T5,4,0,57,5
T6,5,0,180,11
T7,6,0,46,7
T8,7,1,180,14
[63]
T1,0,1,32,10
T2,1,1,40,1
T3,2,1,168,22
T4,3,0,144,2
T5,4,1,180,5
T6,5,0,117,8
T7,6,1,140,2
T8,7,1,200,11
[64]
T1,0,0,44,6
T2,1,0,99,12
T3,2,1,135,11
T4,3,1,165,19
T5,4,0,135,4
T6,5,0,154,8
T7,6,0,23,1
T8,7,0,200,13
[65]
T1,0,0,75,16
T2,1,1,189,10
T3,2,1,36,1
T4,3,0,46,1
T5,4,1,200,2
T6,5,0,150,30
T7,6,1,126,4
T8,7,0,112,10
[66]
T1,0,1,45,2
T2,1,1,36,2
T3,2,0,152,47
T4,3,1,105,6
T5,4,0,200,23
T6,5,0,57,5
T7,6,1,180,11
T8,7,1,96,2
[67]
T1,0,0,200,24
T2,1,0,77,4
T3,2,0,175,20
T4,3,1,132,6
T5,4,1,160,13
T6,5,1,132,7
T7,6,1,33,5
T8,7,1,40,1
[68]
T1,0,1,200,11
T2,1,1,136,3
T3,2,0,85,1
T4,3,1,45,4
T5,4,0,20,6
T6,5,0,189,17
T7,6,1,119,3
T8,7,0,180,10
[69]
T1,0,0,60,2
T2,1,0,52,2
T3,2,0,60,9
T4,3,1,120,17
T5,4,0,152,19
T6,5,0,152,6
T7,6,1,200,24
T8,7,1,42,1
[70]
T1,0,0,189,1
T2,1,0,112,16
T3,2,1,200,2
T4,3,1,144,3
T5,4,1,165,1
T6,5,0,36,5
T7,6,1,48,9
T8,7,1,66,10
[71]
T1,0,0,200,3
T2,1,0,150,1
T3,2,1,198,50
T4,3,0,88,19
T5,4,1,90,6
T6,5,0,24,1
T7,6,1,66,2
T8,7,1,43,2
[72]
T1,0,1,28,2
T2,1,1,189,4
T3,2,1,88,15
T4,3,1,135,4
T5,4,1,176,32
T6,5,0,200,1
T7,6,1,39,3
T8,7,1,132,12
[73]
T1,0,0,164,26
T2,1,1,100,2
T3,2,0,82,1
T4,3,0,81,14
T5,4,1,46,3
T6,5,1,30,1
T7,6,1,200,14
T8,7,1,164,22
[74]
T1,0,1,100,8
T2,1,0,88,3
T3,2,1,165,4
T4,3,0,182,13
T5,4,1,70,18
T6,5,1,50,2
T7,6,1,52,5
T8,7,1,200,19
[75]
T1,0,1,165,19
T2,1,0,200,8
T3,2,0,90,3
T4,3,1,160,4
T5,4,1,126,41
T6,5,1,53,2
T7,6,0,21,2
T8,7,0,96,1
[76]
T1,0,1,200,4
T2,1,0,70,7
T3,2,1,153,1
T4,3,0,40,2
T5,4,0,126,26
T6,5,0,28,2
T7,6,1,180,8
T8,7,1,85,15
[77]
T1,0,1,183,14
T2,1,0,63,1
T3,2,1,168,3
T4,3,1,72,1
T5,4,0,35,2
T6,5,1,90,26
T7,6,1,42,3
T8,7,0,200,18
[78]
T1,0,1,25,2
T2,1,0,41,3
T3,2,1,144,32
T4,3,0,170,20
T5,4,1,200,8
T6,5,1,160,15
T7,6,1,70,4
T8,7,1,105,6
[79]
T1,0,1,200,10
T2,1,1,65,9
T3,2,0,175,6
T4,3,1,52,2
T5,4,0,88,31
T6,5,1,91,7
T7,6,0,29,2
T8,7,1,160,3
[80]
T1,0,0,105,1
T2,1,0,156,18
T3,2,1,84,12
T4,3,0,35,1
T5,4,1,47,2
T6,5,0,110,6
T7,6,0,200,51
T8,7,0,195,9
[81]
T1,0,1,33,1
T2,1,0,200,11
T3,2,0,136,8
T4,3,1,195,15
T5,4,0,104,11
T6,5,0,119,2
T7,6,0,175,25
T8,7,0,40,7
[82]
T1,0,0,144,3
T2,1,0,180,2
T3,2,1,200,8
T4,3,1,72,4
T5,4,0,160,31
T6,5,0,31,3
T7,6,0,144,23
T8,7,1,37,4
[83]
T1,0,0,68,4
T2,1,0,200,30
T3,2,1,180,6
T4,3,1,150,8
T5,4,0,96,14
T6,5,1,53,7
T7,6,1,35,1
T8,7,1,84,5
[84]
T1,0,1,192,23
T2,1,1,168,6
T3,2,1,23,4
T4,3,1,50,2
T5,4,1,200,30
T6,5,0,84,6
T7,6,1,80,6
T8,7,1,80,2
[85]
T1,0,1,200,29
T2,1,0,189,6
T3,2,1,112,15
T4,3,0,45,5
T5,4,0,70,4
T6,5,1,125,11
T7,6,1,180,6
T8,7,1,21,1
[86]
T1,0,1,144,13
T2,1,0,50,2
T3,2,1,176,28
T4,3,1,90,5
T5,4,0,36,1
T6,5,0,200,33
T7,6,0,190,5
T8,7,0,132,19
[87]
T1,0,0,40,5
T2,1,0,72,6
T3,2,0,55,6
T4,3,1,44,1
T5,4,0,162,19
T6,5,1,198,1
T7,6,1,200,4
T8,7,0,108,17
[88]
T1,0,1,35,3
T2,1,1,200,38
T3,2,0,150,13
T4,3,1,32,2
T5,4,0,54,5
T6,5,0,132,4
T7,6,1,100,1
T8,7,1,189,29
[89]
T1,0,1,200,15
T2,1,0,110,10
T3,2,1,102,15
T4,3,1,45,2
T5,4,1,102,31
T6,5,1,160,1
T7,6,1,50,2
T8,7,1,176,1
[90]
T1,0,1,60,10
T2,1,0,72,1
T3,2,1,55,2
T4,3,1,200,5
T5,4,0,24,2
T6,5,1,36,4
T7,6,1,176,12
T8,7,0,153,20
[91]
T1,0,1,65,9
T2,1,0,200,22
T3,2,0,123,9
T4,3,0,20,2
T5,4,1,180,41
T6,5,0,78,3
T7,6,1,50,2
T8,7,1,150,12
[92]
T1,0,1,40,1
T2,1,0,111,27
T3,2,0,120,3
T4,3,1,27,2
T5,4,0,148,19
T6,5,0,88,6
T7,6,1,198,5
T8,7,1,200,27
[93]
T1,0,1,32,2
T2,1,1,200,11
T3,2,1,77,6
T4,3,1,49,3
T5,4,0,105,20
T6,5,1,150,15
T7,6,0,140,2
T8,7,0,165,25
[94]
T1,0,1,189,52
T2,1,0,140,15
T3,2,0,56,8
T4,3,1,200,6
T5,4,0,176,3
T6,5,1,70,4
T7,6,1,29,2
T8,7,0,22,2
[95]
T1,0,1,200,15
T2,1,1,50,1
T3,2,0,150,2
T4,3,1,28,2
T5,4,1,130,9
T6,5,1,175,17
T7,6,0,65,2
T8,7,0,144,55
[96]
T1,0,1,200,3
T2,1,1,25,3
T3,2,1,168,6
T4,3,0,104,2
T5,4,0,156,8
T6,5,1,27,3
T7,6,1,140,13
T8,7,1,147,28
[97]
T1,0,1,82,2
T2,1,1,33,2
T3,2,1,117,4
T4,3,1,200,18
T5,4,1,156,1
T6,5,0,123,41
T7,6,1,24,1
T8,7,1,150,18
[98]
T1,0,0,200,22
T2,1,1,153,23
T3,2,0,175,4
T4,3,0,32,5
T5,4,0,84,3
T6,5,0,84,2
T7,6,1,144,14
T8,7,1,24,2
[99]
T1,0,1,45,7
T2,1,1,100,17
T3,2,1,40,2
T4,3,1,100,2
T5,4,1,165,5
T6,5,0,165,10
T7,6,1,130,28
T8,7,0,200,2
[100]
T1,0,1,24,8
T2,1,0,200,2
T3,2,0,44,1
T4,3,1,192,2
T5,4,0,160,2
T6,5,1,96,9
T7,6,0,124,6
T8,7,0,64,10
[101]
T1,0,1,98,5
T2,1,0,104,5
T3,2,0,147,17
T4,3,1,30,3
T5,4,1,39,1
T6,5,1,200,20
T7,6,0,100,14
T8,7,1,168,10
[102]
T1,0,1,30,4
T2,1,0,200,31
T3,2,1,175,2
T4,3,1,90,12
T5,4,0,198,12
T6,5,1,54,1
T7,6,0,28,2
T8,7,1,100,6
[103]
T1,0,0,44,7
T2,1,1,41,1
T3,2,1,175,36
T4,3,1,165,2
T5,4,0,143,11
T6,5,1,104,10
T7,6,0,200,6
T8,7,0,60,3
[104]
T1,0,1,60,1
T2,1,1,117,11
T3,2,0,78,4
T4,3,1,150,17
T5,4,0,153,2
T6,5,1,26,2
T7,6,0,200,54
T8,7,1,37,2
[105]
T1,0,1,53,1
T2,1,0,65,9
T3,2,1,106,2
T4,3,0,150,31
T5,4,0,150,21
T6,5,1,65,1
T7,6,0,200,16
T8,7,0,27,1
[106]
T1,0,0,88,17
T2,1,1,36,2
T3,2,0,72,2
T4,3,0,170,7
T5,4,0,33,7
T6,5,1,85,8
T7,6,1,165,1
T8,7,0,200,15
[107]
T1,0,0,45,5
T2,1,1,200,11
T3,2,1,125,2
T4,3,0,42,2
T5,4,0,152,26
T6,5,1,70,1
T7,6,1,190,33
T8,7,0,75,9
[108]
T1,0,1,200,2
T2,1,0,63,1
T3,2,0,105,12
T4,3,0,189,25
T5,4,1,44,2
T6,5,1,189,3
T7,6,1,44,12
T8,7,1,135,9
[109]
T1,0,1,135,3
T2,1,0,20,6
T3,2,0,63,1
T4,3,1,200,3
T5,4,1,29,2
T6,5,1,170,9
T7,6,1,189,32
T8,7,1,68,3
[110]
T1,0,0,84,1
T2,1,1,45,7
T3,2,1,133,10
T4,3,1,200,6
T5,4,0,57,6
T6,5,1,160,2
T7,6,1,35,5
T8,7,1,160,23
[111]
T1,0,1,76,2
T2,1,1,154,1
T3,2,1,51,2
T4,3,0,35,8
T5,4,0,152,2
T6,5,0,200,44
T7,6,0,88,2
T8,7,0,70,10
[112]
T1,0,1,105,1
T2,1,1,110,2
T3,2,0,195,6
T4,3,0,200,33
T5,4,0,29,3
T6,5,1,165,9
T7,6,1,70,16
T8,7,0,25,1
[113]
T1,0,1,144,8
T2,1,1,56,3
T3,2,0,175,26
T4,3,0,174,13
T5,4,1,200,21
T6,5,0,33,3
T7,6,1,35,2
T8,7,1,58,6
[114]
T1,0,0,51,1
T2,1,0,200,15
T3,2,0,55,2
T4,3,0,102,7
T5,4,1,154,26
T6,5,1,105,2
T7,6,1,187,15
T8,7,1,52,11
[115]
T1,0,1,176,5
T2,1,1,66,2
T3,2,0,29,2
T4,3,1,120,26
T5,4,1,25,3
T6,5,0,200,26
T7,6,1,153,11
T8,7,0,55,3
[116]
T1,0,0,32,3
T2,1,0,195,4
T3,2,0,90,6
T4,3,1,200,58
T5,4,1,46,1
T6,5,1,56,3
T7,6,1,180,5
T8,7,1,140,10
[117]
T1,0,0,130,1
T2,1,0,200,10
T3,2,1,46,13
T4,3,1,176,2
T5,4,0,66,2
T6,5,0,156,16
T7,6,1,65,4
T8,7,1,32,3
[118]
T1,0,0,57,5
T2,1,1,190,13
T3,2,1,24,6
T4,3,1,34,1
T5,4,0,64,6
T6,5,1,200,15
T7,6,0,112,4
T8,7,0,152,2
[119]
T1,0,1,29,3
T2,1,0,190,8
T3,2,1,105,4
T4,3,1,25,4
T5,4,1,70,6
T6,5,0,200,42
T7,6,1,152,1
T8,7,1,132,3
[120]
T1,0,0,47,6
T2,1,0,91,2
T3,2,0,96,9
T4,3,1,25,1
T5,4,0,200,22
T6,5,0,160,36
T7,6,0,96,2
T8,7,1,150,6
[121]
T1,0,0,174,22
T2,1,0,150,20
T3,2,0,36,4
T4,3,0,99,1
T5,4,1,110,3
T6,5,1,58,7
T7,6,1,200,26
T8,7,1,47,2
[122]
T1,0,0,38,7
T2,1,1,200,4
T3,2,1,70,12
T4,3,1,92,3
T5,4,1,184,4
T6,5,0,28,2
T7,6,1,56,11
T8,7,1,161,2
[123]
T1,0,0,56,4
T2,1,1,77,10
T3,2,0,150,11
T4,3,0,40,7
T5,4,0,160,17
T6,5,1,28,2
T7,6,1,126,2
T8,7,1,200,6
[124]
T1,0,1,196,5
T2,1,0,49,1
T3,2,0,200,57
T4,3,0,175,4
T5,4,0,60,5
T6,5,1,50,5
T7,6,1,120,11
T8,7,1,116,2
[125]
T1,0,1,153,2
T2,1,1,102,9
T3,2,0,160,17
T4,3,1,38,4
T5,4,1,85,21
T6,5,1,105,6
T7,6,1,24,2
T8,7,0,200,4
[126]
T1,0,1,86,6
T2,1,0,27,2
T3,2,0,200,1
T4,3,1,36,7
T5,4,1,172,18
T6,5,0,90,1
T7,6,1,180,7
T8,7,0,99,22
[127]
T1,0,0,64,5
T2,1,0,150,30
T3,2,1,200,22
T4,3,0,50,5
T5,4,0,65,6
T6,5,1,25,2
T7,6,0,168,7
T8,7,1,120,1
[128]
T1,0,1,199,27
T2,1,0,200,7
T3,2,1,60,7
T4,3,0,60,13
T5,4,1,37,2
T6,5,1,100,7
T7,6,0,32,2
T8,7,1,150,1
[129]
T1,0,0,24,1
T2,1,1,60,8
T3,2,1,22,2
T4,3,1,177,20
T5,4,1,80,2
T6,5,0,200,3
T7,6,0,64,2
T8,7,1,150,32
[130]
T1,0,0,77,17
T2,1,0,72,2
T3,2,0,53,5
T4,3,0,200,7
T5,4,1,176,2
T6,5,1,24,1
T7,6,0,66,7
T8,7,0,165,20
[131]
T1,0,0,88,8
T2,1,1,200,59
T3,2,0,154,1
T4,3,0,80,5
T5,4,0,168,17
T6,5,0,50,1
T7,6,0,63,2
T8,7,0,36,1
[132]
T1,0,0,125,41
T2,1,1,200,20
T3,2,0,175,5
T4,3,1,98,10
T5,4,0,38,1
T6,5,1,50,2
T7,6,1,125,9
T8,7,0,150,3
[133]
T1,0,0,110,2
T2,1,0,200,4
T3,2,1,150,1
T4,3,0,45,4
T5,4,1,165,7
T6,5,1,88,10
T7,6,0,123,39
T8,7,0,23,1
[134]
T1,0,0,200,5
T2,1,0,75,6
T3,2,1,51,9
T4,3,0,33,5
T5,4,1,192,6
T6,5,1,84,7
T7,6,1,80,5
T8,7,1,165,5
[135]
T1,0,1,20,1
T2,1,0,55,4
T3,2,1,175,6
T4,3,1,200,3
T5,4,1,132,12
T6,5,1,170,7
T7,6,1,50,14
T8,7,0,56,2
[136]
T1,0,1,43,13
T2,1,1,102,1
T3,2,1,200,6
T4,3,1,69,3
T5,4,1,170,7
T6,5,1,75,2
T7,6,1,50,5
T8,7,1,153,17
[137]
T1,0,0,85,4
T2,1,1,200,13
T3,2,0,165,34
T4,3,0,56,2
T5,4,1,154,14
T6,5,0,110,14
T7,6,0,21,2
T8,7,1,23,2
[138]
T1,0,1,36,3
T2,1,0,126,14
T3,2,0,200,47
T4,3,1,98,2
T5,4,1,147,12
T6,5,1,30,2
T7,6,0,70,2
T8,7,1,175,9
[139]
T1,0,1,30,7
T2,1,0,180,26
T3,2,0,153,6
T4,3,0,200,3
T5,4,0,56,11
T6,5,1,70,2
T7,6,1,54,2
T8,7,0,105,2
[140]
T1,0,1,45,11
T2,1,1,140,7
T3,2,0,58,7
T4,3,1,174,10
T5,4,0,43,2
T6,5,1,200,3
T7,6,1,174,17
T8,7,1,145,13
[141]
T1,0,0,33,2
T2,1,0,39,3
T3,2,0,150,3
T4,3,0,101,2
T5,4,1,101,12
T6,5,1,150,4
T7,6,1,132,39
T8,7,1,200,7
[142]
T1,0,0,30,2
T2,1,0,94,25
T3,2,1,150,7
T4,3,0,141,26
T5,4,0,200,1
T6,5,1,180,3
T7,6,1,22,1
T8,7,0,66,2
[143]
T1,0,0,200,53
T2,1,0,70,14
T3,2,0,90,7
T4,3,1,120,2
T5,4,1,195,5
T6,5,1,32,2
T7,6,1,195,9
T8,7,1,51,3
[144]
T1,0,1,200,7
T2,1,0,168,10
T3,2,1,110,23
T4,3,1,35,1
T5,4,0,88,1
T6,5,1,180,32
T7,6,1,70,2
T8,7,1,36,3
[145]
T1,0,1,37,1
T2,1,0,200,15
T3,2,1,88,7
T4,3,0,165,62
T5,4,0,78,2
T6,5,0,54,1
T7,6,0,39,1
T8,7,0,195,9
[146]
T1,0,1,40,17
T2,1,0,160,8
T3,2,1,177,3
T4,3,0,120,3
T5,4,0,75,2
T6,5,1,50,5
T7,6,0,200,6
T8,7,0,90,1
[147]
T1,0,0,200,7
T2,1,0,36,1
T3,2,1,85,16
T4,3,0,168,4
T5,4,0,153,17
T6,5,0,30,1
T7,6,1,144,10
T8,7,0,85,12
[148]
T1,0,0,175,24
T2,1,0,60,2
T3,2,1,33,8
T4,3,1,29,2
T5,4,0,160,3
T6,5,1,200,14
T7,6,1,55,3
T8,7,0,56,3
[149]
T1,0,1,21,2
T2,1,0,24,2
T3,2,0,120,14
T4,3,0,184,3
T5,4,0,56,2
T6,5,0,98,17
T7,6,0,184,12
T8,7,0,200,60
[150]
T1,0,1,21,2
T2,1,0,54,8
T3,2,0,126,12
T4,3,1,24,1
T5,4,0,150,9
T6,5,0,70,11
T7,6,1,171,2
T8,7,0,200,27
[151]
T1,0,0,185,1
T2,1,0,29,2
T3,2,0,120,11
T4,3,1,24,4
T5,4,1,111,16
T6,5,1,112,2
T7,6,0,150,9
T8,7,1,200,34
[152]
T1,0,0,190,21
T2,1,0,200,22
T3,2,0,21,2
T4,3,1,90,11
T5,4,1,126,2
T6,5,1,26,1
T7,6,0,75,3
T8,7,1,160,21
[153]
T1,0,0,105,2
T2,1,1,65,2
T3,2,1,195,23
T4,3,0,70,10
T5,4,1,200,6
T6,5,0,33,6
T7,6,1,182,30
T8,7,0,54,1
[154]
T1,0,1,21,2
T2,1,1,63,22
T3,2,1,185,2
T4,3,1,100,3
T5,4,1,36,2
T6,5,1,120,3
T7,6,1,200,11
T8,7,1,185,18
[155]
T1,0,0,25,2
T2,1,0,75,2
T3,2,0,30,5
T4,3,0,99,10
T5,4,0,187,10
T6,5,1,55,1
T7,6,1,187,22
T8,7,0,200,17
[156]
T1,0,0,80,8
T2,1,1,80,12
T3,2,0,169,6
T4,3,0,50,1
T5,4,0,49,5
T6,5,1,125,2
T7,6,1,169,7
T8,7,0,200,40
[157]
T1,0,0,21,2
T2,1,0,124,5
T3,2,1,180,18
T4,3,0,155,18
T5,4,0,144,21
T6,5,1,25,1
T7,6,1,200,34
T8,7,0,64,1
[158]
T1,0,1,176,6
T2,1,1,33,4
T3,2,0,105,7
T4,3,0,175,1
T5,4,0,48,4
T6,5,1,128,4
T7,6,0,200,2
T8,7,1,110,34
[159]
T1,0,0,68,7
T2,1,0,171,17
T3,2,0,153,24
T4,3,0,90,2
T5,4,0,200,12
T6,5,0,53,7
T7,6,0,34,3
T8,7,0,102,2
[160]
T1,0,1,44,11
T2,1,0,189,18
T3,2,1,152,2
T4,3,1,54,10
T5,4,1,45,1
T6,5,0,70,3
T7,6,0,200,2
T8,7,0,90,4
[161]
T1,0,1,105,8
T2,1,0,31,2
T3,2,1,25,1
T4,3,0,189,13
T5,4,1,140,2
T6,5,1,162,35
T7,6,0,200,17
T8,7,1,125,11
[162]
T1,0,1,51,2
T2,1,0,30,4
T3,2,1,126,1
T4,3,0,200,55
T5,4,1,177,26
T6,5,0,56,2
T7,6,0,84,5
T8,7,1,150,2
[163]
T1,0,0,45,12
T2,1,0,49,1
T3,2,1,90,1
T4,3,1,200,12
T5,4,1,104,8
T6,5,0,180,9
T7,6,0,130,15
T8,7,0,164,10
[164]
T1,0,1,200,17
T2,1,0,56,9
T3,2,1,39,1
T4,3,0,150,24
T5,4,1,78,2
T6,5,1,44,5
T7,6,1,168,10
T8,7,0,63,2
[165]
T1,0,0,72,7
T2,1,0,189,11
T3,2,1,200,25
T4,3,1,35,3
T5,4,0,42,1
T6,5,1,64,11
T7,6,1,162,1
T8,7,0,120,14
[166]
T1,0,0,52,2
T2,1,0,176,34
T3,2,0,55,1
T4,3,0,200,10
T5,4,1,176,26
T6,5,1,28,2
T7,6,1,60,1
T8,7,1,75,16
[167]
T1,0,1,144,6
T2,1,1,156,19
T3,2,1,200,9
T4,3,1,24,2
T5,4,1,42,9
T6,5,0,96,7
T7,6,0,105,9
T8,7,1,168,13
[168]
T1,0,0,29,2
T2,1,1,184,33
T3,2,1,200,1
T4,3,1,50,3
T5,4,1,60,1
T6,5,0,175,4
T7,6,0,120,9
T8,7,1,69,21
[169]
T1,0,0,68,7
T2,1,1,170,5
T3,2,1,200,33
T4,3,0,29,5
T5,4,1,51,1
T6,5,0,140,8
T7,6,1,135,15
T8,7,1,170,2
[170]
T1,0,1,36,9
T2,1,1,150,11
T3,2,1,72,2
T4,3,1,200,12
T5,4,1,135,2
T6,5,0,170,30
T7,6,0,81,1
T8,7,1,52,4
[171]
T1,0,1,50,1
T2,1,0,45,2
T3,2,1,153,2
T4,3,1,200,17
T5,4,1,100,20
T6,5,1,180,1
T7,6,0,68,13
T8,7,1,130,20
[172]
T1,0,0,85,2
T2,1,1,153,29
T3,2,0,48,2
T4,3,1,30,1
T5,4,0,200,18
T6,5,1,176,10
T7,6,1,72,1
T8,7,0,136,35
[173]
T1,0,0,168,10
T2,1,0,70,15
T3,2,0,22,2
T4,3,0,135,4
T5,4,1,36,2
T6,5,1,195,16
T7,6,1,126,27
T8,7,1,200,2
[174]
T1,0,1,175,29
T2,1,0,200,11
T3,2,0,72,1
T4,3,1,180,23
T5,4,1,120,10
T6,5,0,46,2
T7,6,0,77,4
T8,7,0,42,7
[175]
T1,0,1,144,15
T2,1,1,28,5
T3,2,0,66,3
T4,3,1,33,2
T5,4,1,160,21
T6,5,0,165,3
T7,6,0,96,9
T8,7,0,200,15
[176]
T1,0,0,75,9
T2,1,0,102,1
T3,2,1,180,1
T4,3,0,200,17
T5,4,1,39,5
T6,5,0,130,10
T7,6,1,150,25
T8,7,1,43,3
[177]
T1,0,0,200,27
T2,1,0,55,7
T3,2,0,66,9
T4,3,1,43,1
T5,4,1,20,1
T6,5,1,165,8
T7,6,0,150,20
T8,7,1,116,2
[178]
T1,0,0,200,2
T2,1,0,27,2
T3,2,1,150,51
T4,3,0,100,3
T5,4,1,31,6
T6,5,0,98,1
T7,6,0,93,3
T8,7,0,186,4
[179]
T1,0,0,182,3
T2,1,0,125,22
T3,2,1,200,6
T4,3,0,25,2
T5,4,0,105,4
T6,5,1,105,25
T7,6,0,35,4
T8,7,1,168,6
[180]
T1,0,0,75,6
T2,1,0,90,2
T3,2,0,190,41
T4,3,0,152,17
T5,4,0,53,10
T6,5,0,69,1
T7,6,0,25,1
T8,7,0,200,1
[181]
T1,0,0,41,2
T2,1,0,48,1
T3,2,0,140,20
T4,3,0,160,20
T5,4,0,200,2
T6,5,1,64,3
T7,6,1,192,48
T8,7,0,102,5
[182]
T1,0,0,200,8
T2,1,1,20,2
T3,2,0,156,6
T4,3,0,60,14
T5,4,0,144,26
T6,5,1,96,6
T7,6,0,25,2
T8,7,1,180,20
[183]
T1,0,0,168,36
T2,1,1,112,6
T3,2,1,195,19
T4,3,1,27,2
T5,4,0,90,1
T6,5,1,200,10
T7,6,0,56,2
T8,7,0,26,2
[184]
T1,0,1,184,21
T2,1,0,200,20
T3,2,1,45,4
T4,3,1,108,25
T5,4,0,125,5
T6,5,1,45,4
T7,6,1,138,1
T8,7,1,150,2
[185]
T1,0,1,190,41
T2,1,0,32,2
T3,2,0,120,15
T4,3,0,90,15
T5,4,0,87,2
T6,5,1,190,7
T7,6,0,200,9
T8,7,0,20,1
[186]
T1,0,1,160,25
T2,1,1,35,4
T3,2,1,180,3
T4,3,1,72,3
T5,4,1,80,15
T6,5,1,23,2
T7,6,0,84,1
T8,7,1,200,6
[187]
T1,0,1,200,17
T2,1,1,32,4
T3,2,0,150,7
T4,3,0,150,13
T5,4,0,42,4
T6,5,1,75,11
T7,6,1,82,1
T8,7,0,120,7
[188]
T1,0,1,200,32
T2,1,0,34,6
T3,2,0,180,4
T4,3,1,49,2
T5,4,0,60,7
T6,5,0,187,29
T7,6,0,120,1
T8,7,0,102,2
[189]
T1,0,0,102,32
T2,1,1,200,14
T3,2,1,150,26
T4,3,0,47,2
T5,4,0,175,9
T6,5,0,91,2
T7,6,0,68,3
T8,7,0,21,2
[190]
T1,0,1,200,2
T2,1,0,160,21
T3,2,0,130,13
T4,3,1,39,3
T5,4,0,80,1
T6,5,0,58,18
T7,6,1,160,2
T8,7,0,28,2
[191]
T1,0,0,80,16
T2,1,0,34,2
T3,2,0,200,23
T4,3,1,38,2
T5,4,1,155,43
T6,5,0,62,2
T7,6,0,102,3
T8,7,1,150,1
[192]
T1,0,0,154,1
T2,1,0,200,14
T3,2,0,25,3
T4,3,1,60,5
T5,4,1,56,13
T6,5,1,154,9
T7,6,1,28,2
T8,7,1,90,3
[193]
T1,0,1,80,2
T2,1,1,40,2
T3,2,0,63,7
T4,3,1,175,2
T5,4,1,47,18
T6,5,1,148,12
T7,6,1,90,4
T8,7,0,200,2
[194]
T1,0,1,192,44
T2,1,0,33,1
T3,2,1,64,8
T4,3,0,84,13
T5,4,1,56,1
T6,5,0,200,6
T7,6,0,28,2
T8,7,1,182,4
[195]
T1,0,0,105,15
T2,1,1,91,18
T3,2,1,50,7
T4,3,1,195,18
T5,4,0,88,2
T6,5,1,42,1
T7,6,0,200,6
T8,7,1,150,1
[196]
T1,0,1,20,2
T2,1,1,58,3
T3,2,0,38,5
T4,3,1,200,17
T5,4,1,192,38
T6,5,0,160,19
T7,6,0,58,2
T8,7,0,84,6
[197]
T1,0,0,94,11
T2,1,0,200,4
T3,2,0,42,5
T4,3,1,160,13
T5,4,0,31,2
T6,5,1,141,21
T7,6,0,141,15
T8,7,1,150,9
[198]
T1,0,1,140,1
T2,1,0,200,17
T3,2,0,50,2
T4,3,0,153,10
T5,4,1,126,21
T6,5,0,112,7
T7,6,0,180,28
T8,7,1,51,6
[199]
T1,0,1,70,2
T2,1,1,150,9
T3,2,1,26,2
T4,3,1,200,16
T5,4,1,182,44
T6,5,1,96,6
T7,6,1,126,23
T8,7,0,24,2
[200]
T1,0,1,140,9
T2,1,1,69,2
T3,2,1,184,26
T4,3,0,105,20
T5,4,0,33,2
T6,5,0,42,1
T7,6,0,200,25
T8,7,1,192,20
[201]
T1,0,1,165,14
T2,1,1,105,13
T3,2,0,136,16
T4,3,1,88,2
T5,4,1,34,3
T6,5,0,200,13
T7,6,0,154,17
T8,7,0,54,4
[202]
T1,0,1,184,8
T2,1,0,48,3
T3,2,1,40,2
T4,3,0,92,6
T5,4,0,198,38
T6,5,0,60,3
T7,6,1,69,15
T8,7,0,200,6
[203]
T1,0,1,200,38
T2,1,1,114,8
T3,2,0,135,16
T4,3,1,180,22
T5,4,0,42,3
T6,5,1,30,1
T7,6,1,152,4
T8,7,0,133,4
[204]
T1,0,1,168,13
T2,1,0,200,31
T3,2,0,120,2
T4,3,0,95,5
T5,4,0,100,12
T6,5,0,40,2
T7,6,0,27,5
T8,7,1,180,12
[205]
T1,0,1,24,2
T2,1,1,34,11
T3,2,0,150,9
T4,3,0,60,2
T5,4,1,92,3
T6,5,1,170,3
T7,6,0,68,5
T8,7,1,200,5
[206]
T1,0,1,88,4
T2,1,1,200,33
T3,2,0,48,1
T4,3,1,165,7
T5,4,1,39,1
T6,5,1,130,13
T7,6,0,165,2
T8,7,0,130,30
[207]
T1,0,0,200,4
T2,1,1,100,15
T3,2,0,140,2
T4,3,1,48,4
T5,4,1,78,5
T6,5,0,33,10
T7,6,0,156,8
T8,7,0,156,2
[208]
T1,0,1,200,25
T2,1,0,32,2
T3,2,0,135,21
T4,3,0,140,4
T5,4,0,154,8
T6,5,1,72,10
T7,6,0,50,2
T8,7,1,189,18
[209]
T1,0,1,200,30
T2,1,1,150,16
T3,2,0,156,3
T4,3,0,45,6
T5,4,1,65,2
T6,5,1,81,11
T7,6,0,108,4
T8,7,0,26,1
[210]
T1,0,1,56,2
T2,1,1,182,51
T3,2,0,91,6
T4,3,1,195,2
T5,4,0,35,2
T6,5,1,200,20
T7,6,0,23,1
T8,7,0,119,5
[211]
T1,0,0,36,5
T2,1,0,198,18
T3,2,0,200,20
T4,3,0,90,3
T5,4,0,198,6
T6,5,0,33,2
T7,6,0,100,9
T8,7,0,87,7
[212]
T1,0,0,168,6
T2,1,1,60,2
T3,2,1,45,3
T4,3,0,196,12
T5,4,1,75,4
T6,5,1,20,7
T7,6,1,84,8
T8,7,1,200,2
[213]
T1,0,0,144,19
T2,1,1,35,3
T3,2,0,168,2
T4,3,0,45,2
T5,4,0,153,14
T6,5,1,200,3
T7,6,0,96,5
T8,7,0,120,31
[214]
T1,0,1,96,6
T2,1,1,200,15
T3,2,0,40,4
T4,3,0,156,12
T5,4,1,65,9
T6,5,0,25,2
T7,6,0,195,18
T8,7,1,132,3
[215]
T1,0,0,78,4
T2,1,1,150,22
T3,2,0,156,13
T4,3,1,130,2
T5,4,0,32,4
T6,5,1,200,24
T7,6,1,28,1
T8,7,1,56,5
[216]
T1,0,1,120,40
T2,1,1,48,1
T3,2,0,44,1
T4,3,0,78,6
T5,4,1,200,2
T6,5,1,195,1
T7,6,0,65,3
T8,7,1,195,28
[217]
T1,0,0,165,22
T2,1,0,176,25
T3,2,1,88,11
T4,3,0,140,14
T5,4,0,32,2
T6,5,1,110,11
T7,6,0,200,11
T8,7,0,35,2
[218]
T1,0,1,180,16
T2,1,1,192,22
T3,2,1,49,1
T4,3,0,200,2
T5,4,0,147,8
T6,5,0,47,2
T7,6,0,126,22
T8,7,0,98,20
[219]
T1,0,1,170,8
T2,1,1,30,1
T3,2,1,88,19
T4,3,1,100,15
T5,4,0,150,2
T6,5,0,47,1
T7,6,0,85,3
T8,7,0,200,30
[220]
T1,0,0,200,9
T2,1,0,183,13
T3,2,0,60,3
T4,3,1,24,2
T5,4,1,114,11
T6,5,0,61,2
T7,6,1,27,7
T8,7,0,150,2
[221]
T1,0,0,75,10
T2,1,1,200,26
T3,2,1,160,3
T4,3,0,75,6
T5,4,0,168,5
T6,5,0,69,1
T7,6,1,32,2
T8,7,0,36,5
[222]
T1,0,0,189,9
T2,1,0,105,5
T3,2,1,200,14
T4,3,0,160,14
T5,4,1,50,1
T6,5,1,28,3
T7,6,0,63,13
T8,7,0,56,3
[223]
T1,0,1,85,1
T2,1,0,169,39
T3,2,1,170,9
T4,3,1,21,1
T5,4,1,200,10
T6,5,0,40,2
T7,6,0,130,11
T8,7,0,104,18
[224]
T1,0,0,143,2
T2,1,0,132,2
T3,2,0,48,3
T4,3,1,75,2
T5,4,0,198,41
T6,5,0,20,5
T7,6,1,200,17
T8,7,0,150,2
[225]
T1,0,1,200,10
T2,1,0,110,2
T3,2,1,100,14
T4,3,0,29,3
T5,4,1,160,12
T6,5,1,100,7
T7,6,0,46,3
T8,7,1,165,22
[226]
T1,0,1,200,12
T2,1,0,110,1
T3,2,0,87,1
T4,3,1,48,2
T5,4,0,116,13
T6,5,1,150,12
T7,6,1,160,6
T8,7,1,24,7
[227]
T1,0,0,112,14
T2,1,1,28,1
T3,2,0,175,6
T4,3,1,25,7
T5,4,0,200,2
T6,5,0,125,11
T7,6,1,110,2
T8,7,0,160,15
[228]
T1,0,1,31,2
T2,1,0,147,6
T3,2,1,56,2
T4,3,0,180,2
T5,4,1,55,5
T6,5,0,200,39
T7,6,1,30,3
T8,7,0,165,29
[229]
T1,0,0,46,6
T2,1,1,200,9
T3,2,0,154,6
T4,3,1,112,15
T5,4,1,22,1
T6,5,0,176,17
T7,6,1,116,11
T8,7,0,88,5
[230]
T1,0,0,53,1
T2,1,1,200,15
T3,2,0,65,11
T4,3,0,75,10
T5,4,1,165,6
T6,5,0,26,4
T7,6,1,160,2
T8,7,0,55,2
[231]
T1,0,1,186,16
T2,1,1,105,14
T3,2,0,36,2
T4,3,0,175,9
T5,4,0,60,2
T6,5,1,72,2
T7,6,1,20,2
T8,7,0,200,43
[232]
T1,0,1,30,2
T2,1,0,200,42
T3,2,1,182,4
T4,3,1,168,2
T5,4,1,39,4
T6,5,1,96,12
T7,6,0,65,7
T8,7,0,63,6
[233]
T1,0,1,92,15
T2,1,0,168,5
T3,2,1,30,4
T4,3,1,200,48
T5,4,1,135,4
T6,5,0,105,2
T7,6,1,189,3
T8,7,1,51,2
[234]
T1,0,0,152,2
T2,1,1,84,20
T3,2,0,54,11
T4,3,0,34,1
T5,4,1,200,2
T6,5,1,114,2
T7,6,1,24,2
T8,7,0,150,8
[235]
T1,0,0,180,10
T2,1,0,55,4
T3,2,1,99,2
T4,3,0,200,5
T5,4,0,24,3
T6,5,1,23,2
T7,6,1,140,6
T8,7,0,176,47
[236]
T1,0,1,175,6
T2,1,1,105,17
T3,2,0,68,4
T4,3,1,40,1
T5,4,0,175,24
T6,5,0,200,10
T7,6,1,36,2
T8,7,0,105,17
[237]
T1,0,1,165,2
T2,1,1,80,8
T3,2,1,50,9
T4,3,0,180,43
T5,4,1,200,5
T6,5,1,100,8
T7,6,1,70,2
T8,7,0,44,1
[238]
T1,0,0,176,29
T2,1,0,120,10
T3,2,1,29,5
T4,3,0,180,27
T5,4,1,105,4
T6,5,0,200,7
T7,6,1,96,1
T8,7,1,20,2
[239]
T1,0,0,24,2
T2,1,0,170,8
T3,2,0,63,15
T4,3,1,119,9
T5,4,0,160,10
T6,5,1,43,1
T7,6,0,112,19
T8,7,0,200,10
[240]
T1,0,0,160,28
T2,1,0,135,2
T3,2,1,48,2
T4,3,1,174,47
T5,4,1,200,12
T6,5,0,145,18
T7,6,1,120,3
T8,7,1,33,2
[241]
T1,0,1,96,30
T2,1,1,75,9
T3,2,1,44,2
T4,3,1,200,5
T5,4,1,180,22
T6,5,0,154,2
T7,6,1,27,2
T8,7,0,96,1
[242]
T1,0,1,26,5
T2,1,1,189,8
T3,2,1,100,2
T4,3,1,54,12
T5,4,1,54,6
T6,5,0,200,5
T7,6,1,150,1
T8,7,0,108,4
[243]
T1,0,0,80,8
T2,1,1,32,7
T3,2,1,32,2
T4,3,1,170,3
T5,4,1,175,3
T6,5,1,140,2
T7,6,0,200,36
T8,7,1,100,4
[244]
T1,0,1,60,2
T2,1,1,78,8
T3,2,0,75,10
T4,3,0,200,12
T5,4,1,40,7
T6,5,0,170,17
T7,6,0,30,1
T8,7,1,180,1
[245]
T1,0,1,32,2
T2,1,1,108,33
T3,2,0,195,7
T4,3,1,26,2
T5,4,1,156,36
T6,5,1,90,3
T7,6,0,200,4
T8,7,0,140,5
[246]
T1,0,0,35,2
T2,1,0,160,22
T3,2,1,42,3
T4,3,1,90,5
T5,4,1,192,4
T6,5,1,90,28
T7,6,1,200,9
T8,7,0,70,2
[247]
T1,0,0,45,7
T2,1,1,200,17
T3,2,0,120,3
T4,3,0,40,2
T5,4,1,189,12
T6,5,0,162,7
T7,6,0,144,12
T8,7,0,100,16
[248]
T1,0,0,102,21
T2,1,0,80,9
T3,2,1,40,2
T4,3,0,180,6
T5,4,0,162,2
T6,5,1,52,2
T7,6,0,120,10
T8,7,0,200,35
[249]
T1,0,1,143,11
T2,1,1,200,52
T3,2,0,182,2
T4,3,0,105,7
T5,4,0,44,2
T6,5,1,39,1
T7,6,0,91,2
T8,7,0,168,30
[250]
T1,0,0,160,13
T2,1,1,200,73
T3,2,0,75,1
T4,3,1,192,1
T5,4,0,99,1
T6,5,1,52,8
T7,6,1,33,2
T8,7,0,96,1
[251]
T1,0,0,200,5
T2,1,0,20,1
T3,2,1,132,2
T4,3,0,50,4
T5,4,1,176,14
T6,5,0,140,12
T7,6,1,168,20
T8,7,1,72,15
[252]
T1,0,1,200,9
T2,1,0,72,2
T3,2,1,184,82
T4,3,1,22,2
T5,4,0,150,5
T6,5,1,69,2
T7,6,1,95,1
T8,7,1,40,2
[253]
T1,0,0,112,1
T2,1,0,175,7
T3,2,1,200,2
T4,3,1,168,32
T5,4,0,84,14
T6,5,1,33,1
T7,6,0,124,12
T8,7,0,40,4
[254]
T1,0,1,200,26
T2,1,1,33,2
T3,2,0,144,5
T4,3,0,88,8
T5,4,0,23,3
T6,5,0,190,12
T7,6,1,99,9
T8,7,1,150,12
[255]
T1,0,1,20,3
T2,1,1,180,6
T3,2,1,100,2
T4,3,0,45,5
T5,4,1,55,17
T6,5,0,150,2
T7,6,1,135,6
T8,7,0,200,2
[256]
T1,0,0,96,4
T2,1,0,21,2
T3,2,0,119,5
T4,3,1,180,12
T5,4,1,70,4
T6,5,1,160,12
T7,6,1,200,28
T8,7,0,50,6
[257]
T1,0,1,150,22
T2,1,0,174,10
T3,2,1,56,5
T4,3,0,30,2
T5,4,1,145,11
T6,5,0,125,14
T7,6,1,45,7
T8,7,1,200,2
[258]
T1,0,0,30,1
T2,1,1,55,13
T3,2,1,200,30
T4,3,1,80,1
T5,4,0,36,2
T6,5,0,198,10
T7,6,0,90,1
T8,7,0,150,19
[259]
T1,0,1,126,39
T2,1,1,25,4
T3,2,1,32,2
T4,3,0,154,2
T5,4,1,200,2
T6,5,1,66,1
T7,6,1,168,20
T8,7,0,77,1
[260]
T1,0,1,25,1
T2,1,0,200,28
T3,2,1,77,2
T4,3,0,84,1
T5,4,0,175,2
T6,5,0,152,4
T7,6,0,57,15
T8,7,1,50,6
[261]
T1,0,1,125,22
T2,1,1,100,2
T3,2,1,40,2
T4,3,0,180,2
T5,4,0,89,13
T6,5,1,36,4
T7,6,1,180,35
T8,7,0,200,1
[262]
T1,0,0,160,5
T2,1,0,132,8
T3,2,1,90,2
T4,3,0,38,7
T5,4,0,200,43
T6,5,0,75,6
T7,6,0,160,7
T8,7,0,24,1
[263]
T1,0,0,148,5
T2,1,0,200,37
T3,2,0,111,2
T4,3,0,120,2
T5,4,1,33,3
T6,5,0,42,8
T7,6,0,148,4
T8,7,0,70,8
[264]
T1,0,1,55,2
T2,1,0,150,3
T3,2,0,189,26
T4,3,0,30,2
T5,4,0,200,31
T6,5,0,88,7
T7,6,1,27,1
T8,7,0,144,22
[265]
T1,0,1,160,2
T2,1,1,110,1
T3,2,1,75,1
T4,3,0,130,17
T5,4,0,200,42
T6,5,1,32,5
T7,6,0,195,26
T8,7,1,38,2
[266]
T1,0,0,85,3
T2,1,0,187,26
T3,2,1,32,7
T4,3,1,170,22
T5,4,1,80,1
T6,5,1,200,24
T7,6,1,120,1
T8,7,1,22,2
[267]
T1,0,1,116,1
T2,1,0,180,14
T3,2,0,200,1
T4,3,0,60,2
T5,4,0,145,29
T6,5,0,43,4
T7,6,0,152,26
T8,7,0,20,1
[268]
T1,0,0,160,11
T2,1,1,112,4
T3,2,1,200,2
T4,3,0,160,9
T5,4,1,55,1
T6,5,1,65,1
T7,6,1,23,8
T8,7,0,28,2
[269]
T1,0,1,124,6
T2,1,0,75,8
T3,2,0,150,11
T4,3,1,40,8
T5,4,1,200,25
T6,5,0,99,3
T7,6,0,150,1
T8,7,0,49,3
[270]
T1,0,1,66,2
T2,1,1,200,17
T3,2,1,80,4
T4,3,0,33,1
T5,4,1,162,50
T6,5,0,165,2
T7,6,0,24,2
T8,7,1,60,3
[271]
T1,0,1,23,3
T2,1,0,144,13
T3,2,1,81,4
T4,3,1,156,1
T5,4,0,120,4
T6,5,1,156,29
T7,6,0,200,9
T8,7,1,20,2
[272]
T1,0,1,200,39
T2,1,1,70,6
T3,2,0,100,4
T4,3,1,23,5
T5,4,1,51,2
T6,5,1,156,2
T7,6,1,120,9
T8,7,0,195,1
[273]
T1,0,0,150,4
T2,1,1,66,4
T3,2,1,105,6
T4,3,1,75,1
T5,4,0,175,24
T6,5,1,200,50
T7,6,1,45,3
T8,7,1,38,1
[274]
T1,0,0,90,6
T2,1,0,170,7
T3,2,1,192,24
T4,3,1,23,3
T5,4,0,96,2
T6,5,1,200,13
T7,6,1,136,23
T8,7,0,48,2
[275]
T1,0,1,36,4
T2,1,0,55,1
T3,2,0,60,2
T4,3,1,200,9
T5,4,1,26,3
T6,5,0,175,20
T7,6,0,130,12
T8,7,1,168,22
[276]
T1,0,0,171,15
T2,1,0,57,9
T3,2,0,125,4
T4,3,0,38,13
T5,4,1,90,3
T6,5,0,37,2
T7,6,1,200,2
T8,7,1,152,1
[277]
T1,0,1,140,8
T2,1,0,144,3
T3,2,1,175,2
T4,3,1,39,20
T5,4,1,20,1
T6,5,1,200,2
T7,6,0,117,2
T8,7,0,189,2
[278]
T1,0,0,28,2
T2,1,0,100,4
T3,2,1,168,41
T4,3,1,198,1
T5,4,1,66,7
T6,5,1,72,2
T7,6,1,200,15
T8,7,1,31,5
[279]
T1,0,0,72,1
T2,1,1,45,3
T3,2,0,21,2
T4,3,1,120,17
T5,4,1,126,22
T6,5,0,168,16
T7,6,1,200,29
T8,7,0,176,7
[280]
T1,0,0,20,3
T2,1,0,200,26
T3,2,0,90,11
T4,3,0,168,3
T5,4,0,168,18
T6,5,0,41,3
T7,6,0,111,5
T8,7,0,112,2
[281]
T1,0,1,186,11
T2,1,1,184,10
T3,2,0,115,2
T4,3,1,22,5
T5,4,0,75,4
T6,5,0,93,9
T7,6,1,46,3
T8,7,1,200,18
[282]
T1,0,1,200,2
T2,1,1,24,2
T3,2,0,180,2
T4,3,0,175,23
T5,4,1,62,4
T6,5,1,28,2
T7,6,1,126,8
T8,7,1,124,33
[283]
T1,0,0,28,2
T2,1,1,126,15
T3,2,1,55,2
T4,3,1,200,34
T5,4,0,176,37
T6,5,0,24,1
T7,6,1,154,2
T8,7,0,66,1
[284]
T1,0,1,70,12
T2,1,1,40,6
T3,2,1,200,13
T4,3,0,25,2
T5,4,1,170,8
T6,5,0,150,16
T7,6,1,126,1
T8,7,1,70,8
[285]
T1,0,0,84,2
T2,1,1,150,35
T3,2,1,168,3
T4,3,1,200,5
T5,4,1,104,6
T6,5,1,39,3
T7,6,0,33,2
T8,7,1,70,12
[286]
T1,0,0,41,4
T2,1,1,175,9
T3,2,0,200,30
T4,3,1,99,12
T5,4,0,56,7
T6,5,0,49,2
T7,6,1,110,4
T8,7,1,165,12
[287]
T1,0,1,72,19
T2,1,1,35,1
T3,2,0,31,2
T4,3,0,200,2
T5,4,0,196,23
T6,5,0,75,1
T7,6,1,168,17
T8,7,0,108,16
[288]
T1,0,0,53,2
T2,1,1,165,37
T3,2,0,24,2
T4,3,0,120,6
T5,4,0,58,1
T6,5,0,174,5
T7,6,0,80,18
T8,7,1,200,23
[289]
T1,0,0,170,5
T2,1,1,28,2
T3,2,0,85,23
T4,3,1,70,2
T5,4,0,30,2
T6,5,0,85,2
T7,6,0,153,14
T8,7,1,200,41
[290]
T1,0,0,168,1
T2,1,1,75,2
T3,2,0,75,11
T4,3,1,38,2
T5,4,0,30,8
T6,5,0,77,10
T7,6,1,200,6
T8,7,1,196,17
[291]
T1,0,0,34,2
T2,1,0,154,6
T3,2,0,200,19
T4,3,0,20,5
T5,4,0,196,1
T6,5,1,60,3
T7,6,1,132,1
T8,7,0,66,8
[292]
T1,0,0,156,8
T2,1,0,50,2
T3,2,0,200,37
T4,3,0,78,2
T5,4,1,49,6
T6,5,1,175,41
T7,6,1,128,2
T8,7,0,100,6
[293]
T1,0,1,20,5
T2,1,0,110,1
T3,2,1,192,2
T4,3,1,50,4
T5,4,1,96,2
T6,5,0,180,23
T7,6,0,200,19
T8,7,1,72,3
[294]
T1,0,0,128,2
T2,1,1,200,10
T3,2,0,41,2
T4,3,1,110,2
T5,4,0,120,1
T6,5,0,44,6
T7,6,0,160,47
T8,7,1,176,18
[295]
T1,0,0,192,9
T2,1,0,120,19
T3,2,1,48,5
T4,3,0,200,12
T5,4,0,190,21
T6,5,0,75,11
T7,6,1,23,2
T8,7,1,100,2
[296]
T1,0,1,43,2
T2,1,0,60,6
T3,2,1,175,7
T4,3,1,149,4
T5,4,1,140,22
T6,5,0,21,1
T7,6,0,200,43
T8,7,1,84,3
[297]
T1,0,0,200,19
T2,1,0,68,4
T3,2,0,49,7
T4,3,0,30,6
T5,4,1,180,16
T6,5,0,136,5
T7,6,1,87,2
T8,7,1,174,6
[298]
T1,0,1,153,9
T2,1,0,100,2
T3,2,1,180,24
T4,3,0,120,3
T5,4,1,43,5
T6,5,0,35,4
T7,6,0,200,21
T8,7,0,72,7
[299]
T1,0,1,96,17
T2,1,1,39,5
T3,2,1,192,22
T4,3,0,192,16
T5,4,1,20,2
T6,5,1,103,2
T7,6,1,120,2
T8,7,1,200,23
[300]
T1,0,0,200,17
T2,1,1,112,7
T3,2,1,35,6
T4,3,1,168,13
T5,4,0,166,11
T6,5,0,28,2
T7,6,0,60,8
T8,7,1,140,11
[301]
T1,0,1,168,43
T2,1,1,72,11
T3,2,0,91,8
T4,3,1,52,2
T5,4,0,195,13
T6,5,1,200,2
T7,6,0,38,1
T8,7,0,54,2
[302]
T1,0,0,60,8
T2,1,0,200,32
T3,2,0,180,27
T4,3,0,147,13
T5,4,1,160,1
T6,5,0,75,5
T7,6,1,49,2
T8,7,1,29,2
[303]
T1,0,1,200,17
T2,1,0,84,2
T3,2,0,76,2
T4,3,1,196,32
T5,4,0,21,2
T6,5,1,147,12
T7,6,0,152,30
T8,7,0,49,5
[304]
T1,0,0,24,5
T2,1,1,90,13
T3,2,0,59,1
T4,3,0,180,4
T5,4,1,168,16
T6,5,1,200,3
T7,6,0,24,2
T8,7,1,63,10
[305]
T1,0,0,175,4
T2,1,0,35,2
T3,2,1,53,10
T4,3,0,85,4
T5,4,1,119,17
T6,5,0,156,30
T7,6,1,200,2
T8,7,1,85,2
[306]
T1,0,0,105,2
T2,1,1,196,63
T3,2,0,60,1
T4,3,1,31,1
T5,4,1,35,2
T6,5,0,200,20
T7,6,1,98,2
T8,7,0,152,24
[307]
T1,0,1,150,14
T2,1,1,88,2
T3,2,0,63,7
T4,3,0,180,12
T5,4,0,36,2
T6,5,0,77,5
T7,6,1,200,5
T8,7,0,35,9
[308]
T1,0,1,85,3
T2,1,1,200,14
T3,2,0,48,8
T4,3,1,39,6
T5,4,1,85,2
T6,5,1,150,10
T7,6,1,100,3
T8,7,0,176,23
[309]
T1,0,1,40,2
T2,1,0,172,2
T3,2,1,86,9
T4,3,0,175,25
T5,4,1,55,7
T6,5,0,110,16
T7,6,0,39,2
T8,7,0,200,3
[310]
T1,0,1,138,9
T2,1,0,23,6
T3,2,1,200,3
T4,3,0,160,30
T5,4,1,176,5
T6,5,1,29,2
T7,6,1,96,5
T8,7,0,60,1
[311]
T1,0,1,53,5
T2,1,0,84,4
T3,2,1,72,12
T4,3,0,45,8
T5,4,1,148,5
T6,5,0,200,6
T7,6,0,144,2
T8,7,0,150,14
[312]
T1,0,1,45,2
T2,1,0,45,10
T3,2,0,85,7
T4,3,1,200,16
T5,4,1,180,4
T6,5,0,68,9
T7,6,1,100,6
T8,7,0,160,1
[313]
T1,0,0,200,6
T2,1,0,120,1
T3,2,0,150,54
T4,3,0,137,17
T5,4,0,140,2
T6,5,0,34,2
T7,6,1,35,2
T8,7,0,168,12
[314]
T1,0,0,200,8
T2,1,1,39,3
T3,2,1,49,2
T4,3,1,104,15
T5,4,0,192,59
T6,5,1,156,10
T7,6,0,130,2
T8,7,1,64,2
[315]
T1,0,0,21,2
T2,1,1,200,46
T3,2,0,136,2
T4,3,0,70,2
T5,4,1,170,2
T6,5,1,38,2
T7,6,1,170,55
T8,7,1,70,2
[316]
T1,0,1,46,3
T2,1,1,200,4
T3,2,1,119,16
T4,3,0,102,2
T5,4,0,154,30
T6,5,0,175,24
T7,6,1,136,1
T8,7,0,24,1
[317]
T1,0,1,70,4
T2,1,0,112,1
T3,2,1,200,15
T4,3,0,94,6
T5,4,1,37,2
T6,5,1,175,19
T7,6,1,188,31
T8,7,1,25,4
[318]
T1,0,0,52,3
T2,1,0,200,37
T3,2,1,136,10
T4,3,1,155,3
T5,4,1,85,10
T6,5,0,155,2
T7,6,0,68,2
T8,7,0,20,4
[319]
T1,0,1,42,6
T2,1,1,200,14
T3,2,0,63,6
T4,3,1,40,5
T5,4,0,175,3
T6,5,0,147,2
T7,6,0,112,2
T8,7,0,125,23
[320]
T1,0,0,48,11
T2,1,0,200,20
T3,2,1,80,12
T4,3,1,45,2
T5,4,1,112,10
T6,5,1,192,2
T7,6,0,96,5
T8,7,0,189,3
[321]
T1,0,1,55,10
T2,1,0,200,6
T3,2,1,198,32
T4,3,0,116,2
T5,4,1,29,2
T6,5,1,180,1
T7,6,0,45,4
T8,7,1,58,11
[322]
T1,0,1,72,3
T2,1,1,49,2
T3,2,0,60,2
T4,3,1,80,7
T5,4,0,159,6
T6,5,0,150,5
T7,6,0,32,2
T8,7,0,200,75
[323]
T1,0,1,195,48
T2,1,0,70,7
T3,2,1,112,1
T4,3,1,84,2
T5,4,1,26,2
T6,5,1,156,17
T7,6,1,50,5
T8,7,0,200,8
[324]
T1,0,0,50,2
T2,1,1,175,36
T3,2,0,126,3
T4,3,1,175,8
T5,4,0,124,2
T6,5,1,40,2
T7,6,1,105,18
T8,7,1,200,24
[325]
T1,0,0,35,2
T2,1,1,142,20
T3,2,1,200,21
T4,3,0,21,3
T5,4,1,70,12
T6,5,1,71,4
T7,6,1,168,3
T8,7,0,168,2
[326]
T1,0,1,75,5
T2,1,1,69,14
T3,2,1,162,4
T4,3,1,36,4
T5,4,0,54,2
T6,5,1,24,1
T7,6,1,184,3
T8,7,1,200,33
[327]
T1,0,1,50,8
T2,1,0,25,1
T3,2,0,103,27
T4,3,0,192,2
T5,4,1,60,2
T6,5,1,80,2
T7,6,1,160,6
T8,7,0,200,27
[328]
T1,0,1,90,2
T2,1,1,165,1
T3,2,0,176,9
T4,3,0,200,5
T5,4,1,100,9
T6,5,0,23,5
T7,6,1,125,21
T8,7,1,24,1
[329]
T1,0,1,70,10
T2,1,1,200,6
T3,2,0,56,2
T4,3,0,112,4
T5,4,1,46,3
T6,5,0,40,7
T7,6,1,149,23
T8,7,1,160,5
[330]
T1,0,0,150,3
T2,1,1,44,2
T3,2,1,64,22
T4,3,1,192,4
T5,4,0,100,2
T6,5,0,200,13
T7,6,0,73,10
T8,7,0,50,3
[331]
T1,0,1,168,25
T2,1,1,200,2
T3,2,0,38,9
T4,3,0,180,2
T5,4,0,87,3
T6,5,0,70,5
T7,6,0,120,10
T8,7,1,21,1
[332]
T1,0,1,120,5
T2,1,1,25,2
T3,2,0,176,2
T4,3,0,64,15
T5,4,0,44,2
T6,5,0,55,5
T7,6,0,200,12
T8,7,1,180,30
[333]
T1,0,1,29,3
T2,1,0,35,2
T3,2,1,200,2
T4,3,1,57,5
T5,4,1,152,30
T6,5,0,57,10
T7,6,0,95,7
T8,7,1,192,5
[334]
T1,0,0,81,2
T2,1,0,72,2
T3,2,0,150,6
T4,3,1,43,3
T5,4,1,150,33
T6,5,0,135,32
T7,6,0,200,10
T8,7,1,28,2
[335]
T1,0,1,75,3
T2,1,1,150,16
T3,2,1,147,14
T4,3,0,40,2
T5,4,1,200,22
T6,5,1,76,12
T7,6,0,147,7
T8,7,1,42,1
[336]
T1,0,0,182,6
T2,1,1,135,7
T3,2,1,43,2
T4,3,0,140,13
T5,4,0,54,6
T6,5,1,200,30
T7,6,0,189,28
T8,7,0,36,3
[337]
T1,0,1,40,5
T2,1,1,75,10
T3,2,0,60,2
T4,3,0,124,2
T5,4,0,175,31
T6,5,1,200,8
T7,6,0,196,29
T8,7,0,53,1
[338]
T1,0,0,180,2
T2,1,1,108,14
T3,2,0,120,3
T4,3,0,42,6
T5,4,1,200,11
T6,5,0,40,2
T7,6,1,189,33
T8,7,0,110,7
[339]
T1,0,1,150,5
T2,1,1,45,3
T3,2,0,126,16
T4,3,0,198,8
T5,4,1,46,7
T6,5,1,200,35
T7,6,1,108,8
T8,7,0,108,2
[340]
T1,0,0,75,11
T2,1,0,200,4
T3,2,1,195,6
T4,3,0,78,3
T5,4,1,135,16
T6,5,1,42,7
T7,6,0,165,11
T8,7,1,44,3
[341]
T1,0,1,99,33
T2,1,0,36,2
T3,2,0,155,26
T4,3,0,93,2
T5,4,0,37,1
T6,5,0,155,4
T7,6,0,200,6
T8,7,0,88,2
[342]
T1,0,1,48,3
T2,1,0,78,7
T3,2,1,195,9
T4,3,1,102,8
T5,4,1,150,1
T6,5,0,100,5
T7,6,1,200,54
T8,7,0,24,1
[343]
T1,0,1,56,2
T2,1,1,20,2
T3,2,1,51,5
T4,3,1,185,30
T5,4,0,200,15
T6,5,1,70,12
T7,6,1,75,8
T8,7,1,180,1
[344]
T1,0,1,23,2
T2,1,0,30,2
T3,2,1,150,8
T4,3,0,200,71
T5,4,1,184,2
T6,5,1,72,3
T7,6,0,88,12
T8,7,1,90,2
[345]
T1,0,0,72,1
T2,1,1,159,2
T3,2,1,168,27
T4,3,1,140,26
T5,4,1,200,7
T6,5,1,50,2
T7,6,0,75,2
T8,7,0,43,10
[346]
T1,0,0,45,4
T2,1,0,60,14
T3,2,1,25,2
T4,3,0,57,9
T5,4,1,65,2
T6,5,1,152,9
T7,6,0,200,2
T8,7,0,195,17
[347]
T1,0,1,144,33
T2,1,0,84,17
T3,2,1,28,2
T4,3,1,21,2
T5,4,0,185,17
T6,5,1,200,2
T7,6,1,74,1
T8,7,0,175,15
[348]
T1,0,1,35,2
T2,1,1,146,10
T3,2,1,150,2
T4,3,0,200,10
T5,4,1,140,13
T6,5,1,112,23
T7,6,0,168,25
T8,7,1,34,1
[349]
T1,0,0,135,43
T2,1,0,200,4
T3,2,0,198,14
T4,3,1,32,3
T5,4,1,54,1
T6,5,1,176,13
T7,6,1,24,2
T8,7,1,88,4
[350]
T1,0,1,55,5
T2,1,0,190,61
T3,2,1,25,2
T4,3,0,200,1
T5,4,0,45,6
T6,5,0,120,9
T7,6,0,90,2
T8,7,1,152,4
[351]
T1,0,1,57,1
T2,1,1,36,2
T3,2,1,152,8
T4,3,1,200,21
T5,4,1,56,3
T6,5,1,160,22
T7,6,0,114,17
T8,7,1,28,2
[352]
T1,0,0,30,2
T2,1,1,78,7
T3,2,0,180,45
T4,3,0,51,1
T5,4,0,91,10
T6,5,0,130,24
T7,6,1,200,2
T8,7,1,195,2
[353]
T1,0,1,128,3
T2,1,1,168,22
T3,2,0,45,8
T4,3,1,78,12
T5,4,1,26,2
T6,5,0,195,30
T7,6,0,104,2
T8,7,1,200,1
[354]
T1,0,0,200,24
T2,1,1,60,3
T3,2,0,23,3
T4,3,1,180,20
T5,4,0,21,2
T6,5,1,175,9
T7,6,1,63,5
T8,7,0,123,9
[355]
T1,0,0,100,8
T2,1,0,182,2
T3,2,1,132,8
T4,3,1,200,6
T5,4,1,40,6
T6,5,1,105,3
T7,6,0,175,50
T8,7,0,20,2
[356]
T1,0,0,116,2
T2,1,0,44,7
T3,2,1,66,3
T4,3,0,174,9
T5,4,1,38,2
T6,5,1,160,33
T7,6,0,55,4
T8,7,1,200,23
[357]
T1,0,0,53,2
T2,1,0,108,2
T3,2,1,156,2
T4,3,1,195,48
T5,4,0,200,23
T6,5,1,27,2
T7,6,1,60,9
T8,7,1,70,2
[358]
T1,0,0,165,29
T2,1,1,200,17
T3,2,0,189,17
T4,3,1,110,2
T5,4,0,70,2
T6,5,0,27,2
T7,6,1,48,12
T8,7,1,60,2
[359]
T1,0,0,200,19
T2,1,0,150,7
T3,2,1,65,4
T4,3,0,24,2
T5,4,1,30,5
T6,5,1,73,3
T7,6,1,60,5
T8,7,1,156,25
[360]
T1,0,1,200,8
T2,1,1,42,2
T3,2,0,34,2
T4,3,1,90,6
T5,4,1,184,5
T6,5,1,92,10
T7,6,1,102,21
T8,7,1,150,30
[361]
T1,0,0,200,3
T2,1,1,114,1
T3,2,0,132,38
T4,3,0,38,5
T5,4,0,34,2
T6,5,1,100,1
T7,6,1,165,6
T8,7,1,198,23
[362]
T1,0,1,21,2
T2,1,0,60,2
T3,2,0,35,4
T4,3,1,200,6
T5,4,1,161,18
T6,5,1,184,8
T7,6,0,115,22
T8,7,1,126,4
[363]
T1,0,1,60,3
T2,1,1,99,12
T3,2,0,46,6
T4,3,0,132,19
T5,4,1,165,20
T6,5,0,40,2
T7,6,1,200,15
T8,7,0,188,3
[364]
T1,0,0,37,1
T2,1,0,75,12
T3,2,0,165,6
T4,3,1,200,24
T5,4,0,55,5
T6,5,0,33,2
T7,6,1,66,2
T8,7,1,185,23
[365]
T1,0,1,165,1
T2,1,1,200,57
T3,2,0,25,2
T4,3,1,140,2
T5,4,0,160,16
T6,5,1,80,2
T7,6,1,24,1
T8,7,1,126,24
[366]
T1,0,0,26,1
T2,1,1,175,23
T3,2,1,165,15
T4,3,1,55,3
T5,4,0,96,4
T6,5,1,200,2
T7,6,1,70,18
T8,7,0,30,1
[367]
T1,0,0,136,11
T2,1,1,72,8
T3,2,0,200,3
T4,3,0,170,22
T5,4,1,26,5
T6,5,1,170,1
T7,6,1,24,1
T8,7,1,108,7
[368]
T1,0,0,126,2
T2,1,0,189,2
T3,2,0,77,2
T4,3,0,77,7
T5,4,1,200,75
T6,5,1,176,24
T7,6,1,49,2
T8,7,1,22,2
[369]
T1,0,1,72,4
T2,1,1,198,6
T3,2,1,200,29
T4,3,0,27,2
T5,4,0,192,7
T6,5,1,64,2
T7,6,0,55,2
T8,7,1,41,11
[370]
T1,0,1,195,10
T2,1,0,200,9
T3,2,0,72,16
T4,3,0,64,8
T5,4,0,108,9
T6,5,1,192,6
T7,6,0,40,3
T8,7,1,53,2
[371]
T1,0,1,102,13
T2,1,1,189,4
T3,2,1,42,2
T4,3,0,189,20
T5,4,1,75,2
T6,5,1,54,2
T7,6,0,200,50
T8,7,0,40,2
[372]
T1,0,1,80,2
T2,1,0,200,5
T3,2,0,192,5
T4,3,0,46,8
T5,4,1,108,11
T6,5,0,32,2
T7,6,0,135,26
T8,7,1,150,9
[373]
T1,0,1,70,5
T2,1,1,175,18
T3,2,0,180,17
T4,3,0,200,1
T5,4,1,49,6
T6,5,1,77,11
T7,6,1,46,4
T8,7,0,147,6
[374]
T1,0,0,192,30
T2,1,0,64,1
T3,2,0,195,16
T4,3,0,200,39
T5,4,0,80,13
T6,5,1,96,2
T7,6,1,48,2
T8,7,0,30,1
[375]
T1,0,1,200,14
T2,1,1,150,12
T3,2,1,80,4
T4,3,1,175,14
T5,4,1,75,2
T6,5,0,123,14
T7,6,0,35,7
T8,7,0,20,1
[376]
T1,0,0,168,20
T2,1,0,104,14
T3,2,1,65,6
T4,3,1,30,2
T5,4,1,200,40
T6,5,1,60,4
T7,6,0,32,1
T8,7,1,180,3
[377]
T1,0,1,160,11
T2,1,1,41,2
T3,2,1,200,5
T4,3,1,160,2
T5,4,0,105,15
T6,5,1,80,21
T7,6,1,105,2
T8,7,1,21,3
[378]
T1,0,0,25,1
T2,1,0,38,1
T3,2,0,198,41
T4,3,0,200,2
T5,4,0,55,8
T6,5,1,150,1
T7,6,1,78,18
T8,7,0,88,2
[379]
T1,0,0,182,36
T2,1,0,200,40
T3,2,0,46,2
T4,3,0,70,3
T5,4,0,100,3
T6,5,1,34,2
T7,6,0,182,29
T8,7,1,112,3
[380]
T1,0,0,200,6
T2,1,1,21,2
T3,2,1,112,23
T4,3,0,171,6
T5,4,0,31,2
T6,5,1,80,13
T7,6,1,168,20
T8,7,0,84,8
[381]
T1,0,1,195,8
T2,1,1,50,1
T3,2,0,195,33
T4,3,0,68,10
T5,4,0,200,6
T6,5,0,119,21
T7,6,0,60,3
T8,7,1,44,2
[382]
T1,0,0,40,2
T2,1,1,64,1
T3,2,0,47,11
T4,3,0,200,20
T5,4,0,160,3
T6,5,1,87,4
T7,6,0,174,36
T8,7,0,80,3
[383]
T1,0,1,25,3
T2,1,0,200,29
T3,2,1,70,2
T4,3,0,82,2
T5,4,0,123,2
T6,5,1,168,21
T7,6,0,47,7
T8,7,0,175,16
[384]
T1,0,0,90,1
T2,1,1,180,13
T3,2,0,112,5
T4,3,1,105,4
T5,4,1,168,52
T6,5,0,44,2
T7,6,0,200,15
T8,7,1,27,1
[385]
T1,0,1,175,2
T2,1,0,105,3
T3,2,1,144,4
T4,3,0,160,6
T5,4,1,53,8
T6,5,0,133,35
T7,6,1,200,30
T8,7,1,36,2
[386]
T1,0,1,25,2
T2,1,0,57,1
T3,2,0,114,2
T4,3,1,174,4
T5,4,0,26,5
T6,5,1,200,28
T7,6,1,75,2
T8,7,0,152,25
[387]
T1,0,0,200,5
T2,1,1,88,1
T3,2,0,66,19
T4,3,1,24,2
T5,4,1,37,2
T6,5,1,198,4
T7,6,1,188,9
T8,7,1,88,18
[388]
T1,0,0,160,16
T2,1,0,21,2
T3,2,1,56,2
T4,3,0,200,5
T5,4,0,170,31
T6,5,1,40,4
T7,6,0,70,6
T8,7,1,90,2
[389]
T1,0,0,120,5
T2,1,0,30,2
T3,2,0,168,20
T4,3,0,31,2
T5,4,1,84,2
T6,5,1,190,14
T7,6,0,200,68
T8,7,1,84,3
[390]
T1,0,0,120,2
T2,1,0,36,3
T3,2,1,200,5
T4,3,1,110,5
T5,4,1,50,6
T6,5,0,70,10
T7,6,1,150,11
T8,7,1,196,26
[391]
T1,0,1,200,11
T2,1,0,75,4
T3,2,1,20,2
T4,3,0,41,3
T5,4,1,175,7
T6,5,1,60,17
T7,6,0,72,3
T8,7,1,177,11
[392]
T1,0,0,56,1
T2,1,0,49,3
T3,2,0,136,9
T4,3,0,35,2
T5,4,1,150,2
T6,5,0,180,37
T7,6,1,80,2
T8,7,1,200,48
[393]
T1,0,0,168,3
T2,1,1,24,2
T3,2,1,116,9
T4,3,0,80,4
T5,4,1,48,2
T6,5,0,150,19
T7,6,1,200,45
T8,7,1,80,1
[394]
T1,0,0,198,24
T2,1,1,150,18
T3,2,1,100,15
T4,3,0,52,1
T5,4,0,200,13
T6,5,0,105,16
T7,6,0,90,4
T8,7,1,24,2
[395]
T1,0,1,37,10
T2,1,1,200,1
T3,2,0,120,2
T4,3,0,42,3
T5,4,0,165,12
T6,5,1,154,2
T7,6,1,105,20
T8,7,0,114,6
[396]
T1,0,1,80,2
T2,1,1,35,1
T3,2,0,120,33
T4,3,1,160,2
T5,4,1,200,1
T6,5,1,120,2
T7,6,1,164,21
T8,7,0,42,7
[397]
T1,0,1,28,5
T2,1,1,133,12
T3,2,0,189,1
T4,3,1,150,2
T5,4,1,72,23
T6,5,0,114,1
T7,6,0,43,2
T8,7,1,200,9
[398]
T1,0,0,51,4
T2,1,1,85,9
T3,2,0,200,16
T4,3,1,171,30
T5,4,0,120,2
T6,5,0,190,1
T7,6,0,39,2
T8,7,1,100,21
[399]
T1,0,1,30,2
T2,1,0,60,1
T3,2,1,99,5
T4,3,0,200,6
T5,4,1,52,4
T6,5,1,198,17
T7,6,1,192,63
T8,7,0,120,9
[400]
T1,0,0,150,5
T2,1,0,200,10
T3,2,0,70,5
T4,3,0,75,7
T5,4,0,28,6
T6,5,0,34,2
T7,6,1,150,10
T8,7,0,125,14
[401]
T1,0,1,200,2
T2,1,1,63,11
T3,2,1,126,8
T4,3,1,45,2
T5,4,1,32,2
T6,5,0,168,24
T7,6,0,195,17
T8,7,1,90,6
[402]
T1,0,0,75,14
T2,1,0,176,1
T3,2,1,200,2
T4,3,1,51,10
T5,4,1,54,7
T6,5,1,162,14
T7,6,0,144,2
T8,7,0,135,1
[403]
T1,0,1,108,7
T2,1,0,27,5
T3,2,0,80,2
T4,3,1,36,2
T5,4,1,200,8
T6,5,1,168,35
T7,6,1,75,2
T8,7,0,175,11
[404]
T1,0,0,190,7
T2,1,1,41,2
T3,2,0,200,47
T4,3,0,66,3
T5,4,0,99,10
T6,5,1,20,2
T7,6,1,72,1
T8,7,1,180,29
[405]
T1,0,0,82,8
T2,1,0,60,6
T3,2,0,200,14
T4,3,1,164,3
T5,4,0,40,6
T6,5,1,36,4
T7,6,0,168,7
T8,7,0,84,6
[406]
T1,0,1,25,2
T2,1,1,56,6
T3,2,0,69,11
T4,3,1,144,8
T5,4,0,200,27
T6,5,1,168,19
T7,6,1,33,2
T8,7,0,168,13
[407]
T1,0,0,77,14
T2,1,0,125,5
T3,2,1,32,2
T4,3,0,200,39
T5,4,0,140,15
T6,5,0,168,15
T7,6,1,176,7
T8,7,0,21,2
[408]
T1,0,0,41,1
T2,1,0,200,3
T3,2,1,165,7
T4,3,1,63,15
T5,4,0,154,5
T6,5,0,125,4
T7,6,0,100,7
T8,7,0,22,4
[409]
T1,0,1,144,25
T2,1,0,200,7
T3,2,0,72,3
T4,3,1,100,21
T5,4,0,192,13
T6,5,0,162,2
T7,6,1,22,2
T8,7,0,48,1
[410]
T1,0,0,112,2
T2,1,1,192,23
T3,2,0,48,2
T4,3,1,32,3
T5,4,0,192,4
T6,5,1,112,24
T7,6,0,64,2
T8,7,1,200,27
[411]
T1,0,1,25,2
T2,1,0,180,24
T3,2,0,200,3
T4,3,0,41,3
T5,4,1,72,5
T6,5,0,108,10
T7,6,0,182,34
T8,7,1,112,1
[412]
T1,0,0,200,40
T2,1,1,30,2
T3,2,1,32,2
T4,3,0,147,19
T5,4,0,98,6
T6,5,1,196,6
T7,6,1,175,39
T8,7,0,144,2
[413]
T1,0,1,200,9
T2,1,0,148,16
T3,2,0,100,13
T4,3,0,20,1
T5,4,0,180,24
T6,5,0,21,2
T7,6,0,132,10
T8,7,1,60,2
[414]
T1,0,0,20,1
T2,1,0,25,2
T3,2,1,200,2
T4,3,0,150,12
T5,4,0,156,18
T6,5,1,125,3
T7,6,1,100,28
T8,7,0,90,7
[415]
T1,0,0,112,10
T2,1,1,180,21
T3,2,0,39,2
T4,3,0,126,2
T5,4,1,174,55
T6,5,1,116,4
T7,6,0,21,2
T8,7,0,200,10
[416]
T1,0,1,52,13
T2,1,1,60,4
T3,2,0,165,4
T4,3,0,60,1
T5,4,1,136,18
T6,5,0,22,2
T7,6,1,200,22
T8,7,1,150,6
[417]
T1,0,1,31,1
T2,1,0,30,3
T3,2,1,160,18
T4,3,1,60,12
T5,4,0,110,10
T6,5,0,156,6
T7,6,0,120,7
T8,7,1,200,4
[418]
T1,0,1,21,2
T2,1,1,110,6
T3,2,0,200,3
T4,3,0,198,9
T5,4,0,170,50
T6,5,1,72,2
T7,6,1,99,8
T8,7,1,25,1
[419]
T1,0,0,150,11
T2,1,0,187,17
T3,2,1,85,16
T4,3,0,200,17
T5,4,1,20,2
T6,5,1,66,1
T7,6,1,51,4
T8,7,1,110,15
[420]
T1,0,1,171,17
T2,1,0,150,13
T3,2,0,110,13
T4,3,1,45,1
T5,4,1,32,3
T6,5,1,100,5
T7,6,1,55,11
T8,7,1,200,1
[421]
T1,0,1,51,7
T2,1,0,105,13
T3,2,0,21,2
T4,3,1,182,30
T5,4,0,150,14
T6,5,1,91,6
T7,6,1,200,5
T8,7,1,105,2
[422]
T1,0,1,26,2
T2,1,1,172,2
T3,2,1,42,1
T4,3,1,200,23
T5,4,0,70,5
T6,5,0,172,58
T7,6,1,120,5
T8,7,1,120,6
[423]
T1,0,1,135,3
T2,1,1,168,30
T3,2,0,200,10
T4,3,0,135,4
T5,4,0,44,3
T6,5,0,20,1
T7,6,1,160,27
T8,7,1,135,8
[424]
T1,0,0,36,3
T2,1,1,49,3
T3,2,0,190,20
T4,3,0,190,11
T5,4,1,95,12
T6,5,1,75,2
T7,6,1,72,6
T8,7,1,200,21
[425]
T1,0,0,66,4
T2,1,0,200,9
T3,2,1,50,10
T4,3,0,120,3
T5,4,1,165,5
T6,5,0,64,3
T7,6,0,176,40
T8,7,0,51,2
[426]
T1,0,1,54,8
T2,1,1,175,9
T3,2,1,30,1
T4,3,0,171,14
T5,4,1,63,1
T6,5,0,200,10
T7,6,0,100,20
T8,7,1,120,10
[427]
T1,0,1,140,16
T2,1,0,187,10
T3,2,1,35,1
T4,3,1,55,9
T5,4,1,28,1
T6,5,1,77,6
T7,6,1,176,3
T8,7,0,200,31
[428]
T1,0,1,31,3
T2,1,1,104,4
T3,2,0,200,37
T4,3,0,155,10
T5,4,1,31,1
T6,5,1,78,8
T7,6,0,180,2
T8,7,1,75,9
[429]
T1,0,1,192,31
T2,1,0,42,1
T3,2,1,200,5
T4,3,0,75,11
T5,4,1,25,1
T6,5,0,96,9
T7,6,0,80,7
T8,7,0,160,11
[430]
T1,0,0,195,33
T2,1,1,75,2
T3,2,1,36,3
T4,3,0,144,5
T5,4,0,156,5
T6,5,1,200,15
T7,6,1,136,7
T8,7,0,40,9
[431]
T1,0,0,33,2
T2,1,1,38,1
T3,2,1,144,3
T4,3,1,176,45
T5,4,1,200,32
T6,5,0,154,13
T7,6,0,66,4
T8,7,1,144,1
[432]
T1,0,1,100,1
T2,1,1,48,12
T3,2,0,91,19
T4,3,1,84,2
T5,4,1,200,14
T6,5,1,192,4
T7,6,1,42,2
T8,7,1,168,2
[433]
T1,0,1,170,26
T2,1,0,144,9
T3,2,1,53,2
T4,3,0,140,12
T5,4,0,28,1
T6,5,0,70,7
T7,6,0,168,16
T8,7,0,200,22
[434]
T1,0,0,75,8
T2,1,1,150,2
T3,2,0,75,13
T4,3,1,200,3
T5,4,0,160,17
T6,5,1,30,2
T7,6,1,48,4
T8,7,1,81,6
[435]
T1,0,0,70,17
T2,1,0,53,7
T3,2,1,20,2
T4,3,1,182,1
T5,4,0,200,23
T6,5,0,80,2
T7,6,1,182,23
T8,7,1,104,2
[436]
T1,0,0,200,27
T2,1,0,28,1
T3,2,1,190,5
T4,3,1,49,3
T5,4,1,126,12
T6,5,1,100,22
T7,6,0,75,3
T8,7,1,190,11
[437]
T1,0,1,21,2
T2,1,1,25,3
T3,2,1,174,8
T4,3,0,174,12
T5,4,0,126,8
T6,5,1,145,10
T7,6,1,200,50
T8,7,1,126,5
[438]
T1,0,0,136,5
T2,1,0,150,2
T3,2,0,32,5
T4,3,1,70,2
T5,4,1,200,31
T6,5,1,35,7
T7,6,0,130,2
T8,7,0,156,13
[439]
T1,0,0,63,6
T2,1,0,126,20
T3,2,1,41,3
T4,3,0,148,7
T5,4,1,200,4
T6,5,0,63,10
T7,6,0,36,3
T8,7,0,180,2
[440]
T1,0,0,125,23
T2,1,1,200,6
T3,2,1,46,2
T4,3,1,48,10
T5,4,0,148,6
T6,5,1,72,1
T7,6,1,148,20
T8,7,1,60,1
[441]
T1,0,0,120,13
T2,1,0,24,2
T3,2,0,37,3
T4,3,1,160,12
T5,4,1,125,8
T6,5,1,200,16
T7,6,0,171,34
T8,7,0,96,1
[442]
T1,0,0,156,27
T2,1,0,29,2
T3,2,1,156,17
T4,3,1,45,3
T5,4,1,200,8
T6,5,1,75,8
T7,6,1,104,6
T8,7,0,64,2
[443]
T1,0,1,160,13
T2,1,1,26,1
T3,2,1,63,2
T4,3,0,65,13
T5,4,1,23,2
T6,5,0,175,22
T7,6,0,200,35
T8,7,0,140,2
[444]
T1,0,0,189,105
T2,1,1,29,2
T3,2,1,54,2
T4,3,1,81,2
T5,4,1,180,11
T6,5,0,32,2
T7,6,1,84,2
T8,7,0,200,2
[445]
T1,0,0,24,2
T2,1,1,66,2
T3,2,0,50,1
T4,3,0,200,47
T5,4,0,120,10
T6,5,1,160,7
T7,6,1,195,6
T8,7,0,96,22
[446]
T1,0,0,105,2
T2,1,1,21,2
T3,2,1,185,38
T4,3,0,200,20
T5,4,1,90,14
T6,5,0,148,1
T7,6,1,53,5
T8,7,1,90,2
[447]
T1,0,0,189,12
T2,1,0,161,1
T3,2,0,75,5
T4,3,1,69,8
T5,4,1,200,2
T6,5,1,43,5
T7,6,0,25,6
T8,7,0,135,4
[448]
T1,0,1,200,11
T2,1,0,150,20
T3,2,1,168,10
T4,3,1,27,2
T5,4,1,49,17
T6,5,1,128,8
T7,6,1,80,2
T8,7,1,84,2
[449]
T1,0,0,200,37
T2,1,1,105,1
T3,2,0,48,9
T4,3,1,125,22
T5,4,1,21,2
T6,5,1,66,4
T7,6,1,150,2
T8,7,1,150,7
[450]
T1,0,0,28,1
T2,1,0,37,7
T3,2,0,168,21
T4,3,0,200,31
T5,4,1,160,8
T6,5,1,110,8
T7,6,1,105,1
T8,7,0,120,1
[451]
T1,0,0,150,37
T2,1,1,36,4
T3,2,1,200,5
T4,3,0,85,2
T5,4,0,170,6
T6,5,0,136,1
T7,6,1,24,2
T8,7,1,60,6
[452]
T1,0,1,75,4
T2,1,1,117,7
T3,2,1,110,15
T4,3,0,165,9
T5,4,1,54,10
T6,5,1,200,2
T7,6,1,180,32
T8,7,1,22,2
[453]
T1,0,1,90,8
T2,1,0,125,7
T3,2,0,21,1
T4,3,0,200,11
T5,4,1,168,16
T6,5,1,125,28
T7,6,0,30,2
T8,7,1,156,2
[454]
T1,0,1,184,9
T2,1,1,72,7
T3,2,0,75,2
T4,3,0,200,5
T5,4,0,36,7
T6,5,0,160,31
T7,6,0,43,2
T8,7,1,120,1
[455]
T1,0,1,48,4
T2,1,0,160,45
T3,2,0,125,3
T4,3,1,120,13
T5,4,0,200,11
T6,5,1,125,1
T7,6,0,22,1
T8,7,1,175,4
[456]
T1,0,1,200,2
T2,1,0,20,4
T3,2,0,80,18
T4,3,1,152,4
T5,4,0,99,2
T6,5,0,171,25
T7,6,1,144,2
T8,7,1,31,1
[457]
T1,0,0,90,3
T2,1,0,40,3
T3,2,0,200,3
T4,3,1,152,17
T5,4,0,140,14
T6,5,1,152,8
T7,6,1,114,13
T8,7,0,20,3
[458]
T1,0,1,108,9
T2,1,1,165,25
T3,2,1,44,5
T4,3,0,200,19
T5,4,0,189,7
T6,5,0,47,1
T7,6,0,126,6
T8,7,1,108,10
[459]
T1,0,0,165,3
T2,1,0,21,2
T3,2,1,66,2
T4,3,0,200,6
T5,4,1,55,4
T6,5,1,24,4
T7,6,0,176,12
T8,7,0,65,8
[460]
T1,0,0,166,7
T2,1,1,200,47
T3,2,0,105,9
T4,3,1,30,2
T5,4,1,84,13
T6,5,1,168,13
T7,6,0,100,2
T8,7,1,36,2
[461]
T1,0,0,104,3
T2,1,0,104,4
T3,2,0,43,6
T4,3,1,96,11
T5,4,1,150,2
T6,5,0,32,8
T7,6,0,169,6
T8,7,0,200,4
[462]
T1,0,0,150,26
T2,1,1,52,6
T3,2,0,196,5
T4,3,1,90,5
T5,4,0,25,2
T6,5,0,200,2
T7,6,0,140,34
T8,7,1,135,2
[463]
T1,0,0,165,20
T2,1,0,41,2
T3,2,0,200,14
T4,3,1,38,5
T5,4,0,150,2
T6,5,0,120,6
T7,6,1,110,9
T8,7,1,77,11
[464]
T1,0,1,36,2
T2,1,1,198,22
T3,2,1,90,1
T4,3,0,49,1
T5,4,1,198,22
T6,5,0,75,8
T7,6,1,200,54
T8,7,0,110,2
[465]
T1,0,1,200,17
T2,1,1,91,2
T3,2,1,182,15
T4,3,0,168,10
T5,4,1,120,20
T6,5,0,33,4
T7,6,1,49,5
T8,7,1,91,4
[466]
T1,0,1,72,9
T2,1,0,105,12
T3,2,1,200,7
T4,3,1,28,3
T5,4,1,63,8
T6,5,1,156,9
T7,6,1,168,10
T8,7,0,27,1
[467]
T1,0,1,84,6
T2,1,0,112,10
T3,2,0,200,2
T4,3,0,34,5
T5,4,0,24,2
T6,5,1,152,2
T7,6,1,150,6
T8,7,0,90,25
[468]
T1,0,0,200,14
T2,1,0,180,22
T3,2,0,156,12
T4,3,0,124,13
T5,4,0,35,2
T6,5,1,52,6
T7,6,1,120,11
T8,7,0,65,5
[469]
T1,0,1,170,2
T2,1,0,200,27
T3,2,1,75,6
T4,3,1,105,19
T5,4,1,44,3
T6,5,0,22,2
T7,6,0,60,4
T8,7,0,154,3
[470]
T1,0,0,133,2
T2,1,1,98,6
T3,2,0,35,3
T4,3,1,200,4
T5,4,1,21,3
T6,5,0,84,2
T7,6,1,168,36
T8,7,0,196,12
[471]
T1,0,0,125,1
T2,1,0,25,2
T3,2,0,154,1
T4,3,1,198,5
T5,4,1,24,1
T6,5,1,200,18
T7,6,0,125,41
T8,7,1,60,9
[472]
T1,0,0,136,2
T2,1,1,195,53
T3,2,0,170,11
T4,3,1,84,7
T5,4,0,200,8
T6,5,1,136,15
T7,6,1,28,2
T8,7,1,48,1
[473]
T1,0,1,23,2
T2,1,1,20,7
T3,2,1,200,3
T4,3,0,165,1
T5,4,0,156,4
T6,5,0,108,8
T7,6,1,110,8
T8,7,1,72,6
[474]
T1,0,1,36,1
T2,1,1,63,6
T3,2,0,63,11
T4,3,0,180,2
T5,4,1,20,2
T6,5,1,200,6
T7,6,1,55,6
T8,7,0,198,44
[475]
T1,0,0,200,8
T2,1,1,120,5
T3,2,1,50,2
T4,3,1,46,9
T5,4,1,81,10
T6,5,1,54,8
T7,6,1,174,2
T8,7,0,162,14
[476]
T1,0,1,75,3
T2,1,1,200,29
T3,2,1,84,1
T4,3,1,168,54
T5,4,0,24,1
T6,5,0,90,2
T7,6,1,38,2
T8,7,1,196,2
[477]
T1,0,0,32,1
T2,1,0,180,3
T3,2,1,64,4
T4,3,0,144,25
T5,4,0,39,1
T6,5,0,200,18
T7,6,1,80,5
T8,7,0,177,32
[478]
T1,0,0,144,23
T2,1,0,140,11
T3,2,1,24,2
T4,3,1,70,5
T5,4,1,28,2
T6,5,1,176,26
T7,6,0,198,1
T8,7,0,200,24
[479]
T1,0,0,182,6
T2,1,0,140,36
T3,2,1,44,1
T4,3,1,200,29
T5,4,1,133,9
T6,5,1,38,3
T7,6,1,190,5
T8,7,1,65,2
[480]
T1,0,0,80,2
T2,1,1,33,8
T3,2,1,186,47
T4,3,1,75,1
T5,4,0,175,7
T6,5,0,32,1
T7,6,0,62,2
T8,7,0,200,10
[481]
T1,0,0,120,8
T2,1,1,110,21
T3,2,1,48,2
T4,3,1,180,2
T5,4,1,121,19
T6,5,0,180,10
T7,6,1,22,2
T8,7,0,200,18
[482]
T1,0,1,51,3
T2,1,0,40,10
T3,2,0,175,21
T4,3,0,160,12
T5,4,0,120,6
T6,5,1,200,8
T7,6,0,114,7
T8,7,0,64,2
[483]
T1,0,0,108,1
T2,1,1,20,2
T3,2,0,175,9
T4,3,1,120,33
T5,4,1,56,2
T6,5,0,184,2
T7,6,1,37,6
T8,7,1,200,11
[484]
T1,0,1,200,2
T2,1,1,33,1
T3,2,1,96,3
T4,3,1,156,2
T5,4,1,105,31
T6,5,0,40,6
T7,6,0,64,2
T8,7,1,168,19
[485]
T1,0,1,140,36
T2,1,1,39,1
T3,2,1,185,1
T4,3,1,42,8
T5,4,0,200,2
T6,5,0,150,12
T7,6,1,75,1
T8,7,1,96,7
[486]
T1,0,1,140,5
T2,1,0,60,3
T3,2,1,200,4
T4,3,0,168,8
T5,4,0,30,9
T6,5,1,86,2
T7,6,1,23,2
T8,7,0,160,26
[487]
T1,0,1,156,7
T2,1,1,154,27
T3,2,0,200,18
T4,3,0,65,1
T5,4,0,100,14
T6,5,1,45,2
T7,6,1,52,6
T8,7,1,65,2
[488]
T1,0,1,100,5
T2,1,0,186,14
T3,2,0,75,2
T4,3,0,200,13
T5,4,1,94,1
T6,5,1,47,8
T7,6,1,40,5
T8,7,0,186,23
[489]
T1,0,1,180,50
T2,1,1,200,5
T3,2,0,33,2
T4,3,1,69,2
T5,4,1,33,2
T6,5,1,198,14
T7,6,0,100,9
T8,7,1,120,4
[490]
T1,0,0,152,13
T2,1,0,132,39
T3,2,0,200,16
T4,3,1,154,12
T5,4,0,44,1
T6,5,1,38,2
T7,6,0,100,1
T8,7,1,70,1
[491]
T1,0,1,180,19
T2,1,0,200,30
T3,2,1,90,9
T4,3,0,60,1
T5,4,0,38,1
T6,5,0,190,5
T7,6,1,84,14
T8,7,1,38,2
[492]
T1,0,1,160,15
T2,1,1,132,3
T3,2,0,41,1
T4,3,1,121,12
T5,4,0,160,9
T6,5,0,200,49
T7,6,1,20,1
T8,7,0,96,3
[493]
T1,0,0,50,3
T2,1,1,175,7
T3,2,0,200,28
T4,3,1,60,3
T5,4,1,100,13
T6,5,1,160,26
T7,6,1,75,4
T8,7,0,24,2
[494]
T1,0,0,200,5
T2,1,0,28,3
T3,2,0,141,1
T4,3,0,52,5
T5,4,1,75,3
T6,5,1,150,6
T7,6,0,78,16
T8,7,0,188,18
[495]
T1,0,0,200,4
T2,1,1,144,3
T3,2,0,40,5
T4,3,0,171,15
T5,4,0,144,37
T6,5,0,190,13
T7,6,1,130,5
T8,7,0,30,1
[496]
T1,0,0,155,2
T2,1,0,60,2
T3,2,1,200,12
T4,3,1,60,4
T5,4,1,50,7
T6,5,1,75,19
T7,6,0,148,3
T8,7,0,32,2
[497]
T1,0,1,150,1
T2,1,0,34,1
T3,2,0,32,2
T4,3,0,90,13
T5,4,0,75,16
T6,5,0,200,11
T7,6,1,120,13
T8,7,1,183,15
[498]
T1,0,1,182,4
T2,1,1,60,13
T3,2,1,54,15
T4,3,1,200,9
T5,4,1,78,2
T6,5,0,31,2
T7,6,0,78,6
T8,7,0,180,1
[499]
T1,0,0,200,8
T2,1,0,128,3
T3,2,1,78,3
T4,3,0,130,8
T5,4,1,180,11
T6,5,0,195,13
T7,6,1,52,17
T8,7,0,48,2
[500]
T1,0,0,136,3
T2,1,0,195,51
T3,2,1,26,1
T4,3,0,42,2
T5,4,1,182,8
T6,5,1,105,1
T7,6,0,200,45
T8,7,0,85,2
