num_task_per_taskset=10
num_taskset=500
//ID,Priority,Offset,Period,Execution Time
[1]
T1,0,0,25,2
T2,1,1,63,2
T3,2,1,108,4
T4,3,1,29,2
T5,4,0,45,2
T6,5,0,175,2
T7,6,1,198,4
T8,7,0,165,3
T9,8,0,200,1
T10,9,0,84,2
[2]
T1,0,0,115,1
T2,1,0,20,2
T3,2,1,80,2
T4,3,0,48,1
T5,4,0,200,5
T6,5,1,33,1
T7,6,0,184,1
T8,7,0,115,2
T9,8,0,168,1
T10,9,1,160,3
[3]
T1,0,1,20,2
T2,1,1,168,1
T3,2,0,180,6
T4,3,0,68,2
T5,4,0,45,2
T6,5,0,54,2
T7,6,0,31,2
T8,7,0,90,4
T9,8,0,200,5
T10,9,0,150,2
[4]
T1,0,1,32,2
T2,1,1,90,4
T3,2,1,189,2
T4,3,1,90,2
T5,4,1,175,2
T6,5,0,30,2
T7,6,1,26,2
T8,7,1,135,1
T9,8,1,150,2
T10,9,1,200,8
[5]
T1,0,0,200,2
T2,1,0,29,2
T3,2,0,20,2
T4,3,1,168,1
T5,4,0,198,8
T6,5,1,112,3
T7,6,0,176,2
T8,7,0,144,2
T9,8,0,20,2
T10,9,0,84,5
[6]
T1,0,0,168,1
T2,1,0,126,5
T3,2,1,20,2
T4,3,1,60,2
T5,4,0,200,2
T6,5,0,160,2
T7,6,0,42,2
T8,7,1,35,2
T9,8,1,153,9
T10,9,0,120,2
[7]
T1,0,1,60,1
T2,1,1,63,2
T3,2,1,32,2
T4,3,0,120,1
T5,4,1,147,3
T6,5,0,162,2
T7,6,1,49,2
T8,7,0,200,5
T9,8,1,27,2
T10,9,0,189,6
[8]
T1,0,0,176,1
T2,1,0,200,1
T3,2,1,56,3
T4,3,0,88,2
T5,4,0,22,2
T6,5,1,21,2
T7,6,1,150,2
T8,7,0,135,2
T9,8,0,150,6
T10,9,1,40,2
[9]
T1,0,1,75,1
T2,1,1,128,3
T3,2,1,36,1
T4,3,0,25,2
T5,4,1,165,1
T6,5,0,64,2
T7,6,1,176,2
T8,7,1,200,2
T9,8,1,175,3
T10,9,1,32,2
[10]
T1,0,1,120,5
T2,1,0,45,2
T3,2,1,28,1
T4,3,1,83,2
T5,4,1,45,2
T6,5,0,160,1
T7,6,0,166,5
T8,7,1,200,6
T9,8,0,180,3
T10,9,0,60,2
[11]
T1,0,0,150,2
T2,1,1,47,2
T3,2,1,75,3
T4,3,0,30,1
T5,4,0,200,10
T6,5,1,69,2
T7,6,1,22,2
T8,7,0,150,2
T9,8,0,198,2
T10,9,1,69,2
[12]
T1,0,1,150,3
T2,1,0,120,1
T3,2,1,168,4
T4,3,0,80,2
T5,4,1,28,2
T6,5,1,175,5
T7,6,1,42,2
T8,7,0,200,2
T9,8,0,68,3
T10,9,0,37,2
[13]
T1,0,0,96,1
T2,1,1,105,2
T3,2,0,37,1
T4,3,1,189,1
T5,4,1,21,2
T6,5,0,200,1
T7,6,1,189,5
T8,7,1,192,2
T9,8,1,36,2
T10,9,0,120,3
[14]
T1,0,0,161,1
T2,1,1,63,1
T3,2,1,200,2
T4,3,1,25,1
T5,4,0,184,4
T6,5,1,150,8
T7,6,0,105,2
T8,7,1,43,2
T9,8,1,56,1
T10,9,0,25,2
[15]
T1,0,1,180,8
T2,1,1,35,1
T3,2,0,64,2
T4,3,0,75,1
T5,4,1,21,2
T6,5,1,24,2
T7,6,0,200,2
T8,7,1,135,2
T9,8,1,162,2
T10,9,0,192,3
[16]
T1,0,0,180,2
T2,1,0,33,1
T3,2,1,154,1
T4,3,1,24,2
T5,4,1,198,1
T6,5,1,200,12
T7,6,1,33,2
T8,7,0,77,1
T9,8,1,105,2
T10,9,1,88,2
[17]
T1,0,0,180,2
T2,1,1,90,2
T3,2,0,48,1
T4,3,0,72,2
T5,4,0,20,2
T6,5,0,20,2
T7,6,0,66,1
T8,7,1,150,8
T9,8,1,184,2
T10,9,0,200,2
[18]
T1,0,0,60,3
T2,1,0,42,2
T3,2,0,160,1
T4,3,0,22,2
T5,4,1,100,6
T6,5,1,30,2
T7,6,1,200,2
T8,7,0,100,1
T9,8,1,160,2
T10,9,0,165,1
[19]
T1,0,0,156,8
T2,1,0,108,2
T3,2,0,72,1
T4,3,1,27,2
T5,4,1,20,2
T6,5,0,192,6
T7,6,1,160,1
T8,7,0,75,2
T9,8,1,36,1
T10,9,1,200,1
[20]
T1,0,0,132,4
T2,1,0,46,2
T3,2,1,200,12
T4,3,0,90,2
T5,4,0,25,2
T6,5,1,32,2
T7,6,0,184,1
T8,7,1,80,1
T9,8,1,180,3
T10,9,0,165,2
[21]
T1,0,0,30,2
T2,1,0,84,2
T3,2,0,85,2
T4,3,0,28,2
T5,4,0,27,2
T6,5,0,119,1
T7,6,0,196,9
T8,7,1,168,3
T9,8,1,200,3
T10,9,1,168,1
[22]
T1,0,0,154,1
T2,1,1,50,2
T3,2,1,24,1
T4,3,0,63,1
T5,4,0,175,3
T6,5,1,200,10
T7,6,0,32,2
T8,7,0,96,2
T9,8,0,198,2
T10,9,0,140,2
[23]
T1,0,1,24,2
T2,1,0,80,2
T3,2,1,20,2
T4,3,0,75,2
T5,4,1,180,6
T6,5,1,75,2
T7,6,0,168,2
T8,7,1,200,7
T9,8,1,175,3
T10,9,0,44,2
[24]
T1,0,1,117,2
T2,1,1,40,2
T3,2,0,160,8
T4,3,0,72,1
T5,4,0,160,4
T6,5,0,78,2
T7,6,0,24,2
T8,7,1,162,1
T9,8,0,32,2
T10,9,0,200,5
[25]
T1,0,1,154,2
T2,1,0,154,4
T3,2,0,200,1
T4,3,0,35,1
T5,4,1,105,5
T6,5,0,75,1
T7,6,1,196,2
T8,7,1,33,2
T9,8,0,84,1
T10,9,0,53,1
[26]
T1,0,0,62,2
T2,1,1,50,1
T3,2,0,112,1
T4,3,0,200,4
T5,4,1,160,6
T6,5,1,155,1
T7,6,1,32,1
T8,7,0,80,1
T9,8,1,150,2
T10,9,1,40,2
[27]
T1,0,0,35,2
T2,1,1,200,3
T3,2,0,162,3
T4,3,1,192,1
T5,4,1,180,2
T6,5,1,47,2
T7,6,0,108,2
T8,7,0,40,2
T9,8,0,144,5
T10,9,0,120,1
[28]
T1,0,0,153,4
T2,1,0,150,2
T3,2,1,60,2
T4,3,1,22,2
T5,4,1,44,2
T6,5,0,200,8
T7,6,0,40,2
T8,7,0,85,2
T9,8,1,187,10
T10,9,0,66,2
[29]
T1,0,1,200,9
T2,1,0,192,12
T3,2,0,47,2
T4,3,0,176,1
T5,4,0,176,2
T6,5,1,30,2
T7,6,0,26,2
T8,7,1,104,2
T9,8,0,132,2
T10,9,1,60,2
[30]
T1,0,1,200,7
T2,1,0,59,2
T3,2,1,27,2
T4,3,1,120,1
T5,4,1,180,9
T6,5,1,177,4
T7,6,0,160,2
T8,7,1,32,2
T9,8,0,50,2
T10,9,0,96,4
[31]
T1,0,0,53,2
T2,1,1,168,5
T3,2,1,160,2
T4,3,1,52,2
T5,4,1,200,3
T6,5,1,60,2
T7,6,1,160,3
T8,7,1,24,2
T9,8,0,90,2
T10,9,0,104,1
[32]
T1,0,1,44,2
T2,1,0,128,2
T3,2,0,165,2
T4,3,1,140,2
T5,4,0,168,1
T6,5,1,110,2
T7,6,1,200,11
T8,7,0,48,2
T9,8,0,32,2
T10,9,0,165,5
[33]
T1,0,1,140,10
T2,1,1,35,2
T3,2,1,39,2
T4,3,0,182,2
T5,4,1,110,2
T6,5,1,49,2
T7,6,0,200,3
T8,7,0,195,2
T9,8,0,150,2
T10,9,0,120,2
[34]
T1,0,0,49,2
T2,1,0,54,2
T3,2,0,200,8
T4,3,0,180,10
T5,4,0,28,2
T6,5,1,175,3
T7,6,1,195,4
T8,7,1,28,2
T9,8,1,140,3
T10,9,0,120,2
[35]
T1,0,0,104,2
T2,1,0,200,2
T3,2,1,45,1
T4,3,1,156,4
T5,4,0,33,2
T6,5,0,189,5
T7,6,1,56,2
T8,7,0,56,2
T9,8,0,168,2
T10,9,1,35,2
[36]
T1,0,1,192,2
T2,1,1,105,2
T3,2,1,192,3
T4,3,1,75,2
T5,4,0,165,2
T6,5,1,33,1
T7,6,1,24,2
T8,7,1,50,3
T9,8,1,84,2
T10,9,0,200,3
[37]
T1,0,0,153,2
T2,1,0,136,17
T3,2,0,200,1
T4,3,0,198,1
T5,4,0,40,2
T6,5,0,22,2
T7,6,0,99,2
T8,7,1,24,2
T9,8,1,165,2
T10,9,0,88,1
[38]
T1,0,1,39,2
T2,1,0,46,2
T3,2,0,77,3
T4,3,1,200,1
T5,4,0,104,2
T6,5,0,44,2
T7,6,0,168,1
T8,7,0,154,7
T9,8,1,182,1
T10,9,1,110,5
[39]
T1,0,1,200,2
T2,1,1,20,2
T3,2,0,160,2
T4,3,1,31,1
T5,4,0,84,2
T6,5,0,136,5
T7,6,0,56,2
T8,7,0,30,2
T9,8,1,153,1
T10,9,1,168,6
[40]
T1,0,1,95,2
T2,1,0,200,2
T3,2,0,49,2
T4,3,0,170,2
T5,4,0,80,1
T6,5,0,160,4
T7,6,0,96,2
T8,7,0,190,5
T9,8,1,51,1
T10,9,0,48,1
[41]
T1,0,0,182,3
T2,1,1,168,4
T3,2,1,117,4
T4,3,1,54,2
T5,4,1,25,2
T6,5,0,120,2
T7,6,1,27,2
T8,7,0,156,4
T9,8,1,35,2
T10,9,0,200,2
[42]
T1,0,1,75,1
T2,1,0,91,1
T3,2,1,21,1
T4,3,1,189,2
T5,4,0,40,2
T6,5,0,200,5
T7,6,0,52,2
T8,7,1,195,3
T9,8,0,156,1
T10,9,0,120,3
[43]
T1,0,1,24,2
T2,1,0,42,1
T3,2,1,21,2
T4,3,1,56,1
T5,4,0,175,4
T6,5,1,200,7
T7,6,0,195,2
T8,7,1,168,2
T9,8,1,66,2
T10,9,1,60,1
[44]
T1,0,1,55,1
T2,1,0,176,2
T3,2,0,98,3
T4,3,1,44,2
T5,4,1,35,2
T6,5,0,175,3
T7,6,1,168,2
T8,7,1,88,2
T9,8,1,200,9
T10,9,0,33,2
[45]
T1,0,1,35,2
T2,1,1,165,1
T3,2,0,33,2
T4,3,1,150,1
T5,4,0,36,2
T6,5,0,126,2
T7,6,0,180,4
T8,7,1,84,1
T9,8,0,105,2
T10,9,1,200,3
[46]
T1,0,1,90,1
T2,1,1,189,6
T3,2,0,27,2
T4,3,0,33,2
T5,4,0,182,5
T6,5,1,24,2
T7,6,0,200,2
T8,7,0,60,2
T9,8,0,150,2
T10,9,0,108,2
[47]
T1,0,1,56,1
T2,1,1,40,2
T3,2,1,200,8
T4,3,1,38,1
T5,4,0,165,8
T6,5,0,77,2
T7,6,1,77,2
T8,7,0,150,1
T9,8,1,21,2
T10,9,0,165,2
[48]
T1,0,0,25,1
T2,1,0,21,2
T3,2,0,120,2
T4,3,1,63,2
T5,4,1,90,1
T6,5,1,25,2
T7,6,0,200,5
T8,7,0,175,2
T9,8,1,155,3
T10,9,0,168,2
[49]
T1,0,1,147,2
T2,1,0,36,1
T3,2,1,196,4
T4,3,1,90,2
T5,4,1,200,4
T6,5,0,165,5
T7,6,1,25,2
T8,7,1,30,2
T9,8,0,75,2
T10,9,0,196,2
[50]
T1,0,1,81,2
T2,1,1,200,12
T3,2,0,39,2
T4,3,1,150,2
T5,4,0,120,5
T6,5,0,198,5
T7,6,0,198,1
T8,7,0,45,2
T9,8,0,27,2
T10,9,0,108,2
[51]
T1,0,0,32,2
T2,1,1,32,1
T3,2,1,75,1
T4,3,1,140,6
T5,4,1,36,2
T6,5,0,200,3
T7,6,1,60,2
T8,7,1,175,7
T9,8,1,175,2
T10,9,0,152,2
[52]
T1,0,0,156,4
T2,1,1,39,2
T3,2,1,168,2
T4,3,1,75,6
T5,4,1,84,1
T6,5,0,200,1
T7,6,1,34,2
T8,7,1,143,2
T9,8,1,21,2
T10,9,0,150,2
[53]
T1,0,0,42,2
T2,1,0,200,2
T3,2,1,80,2
T4,3,1,198,2
T5,4,0,63,2
T6,5,0,189,2
T7,6,1,165,2
T8,7,0,35,1
T9,8,0,108,1
T10,9,1,49,2
[54]
T1,0,1,189,1
T2,1,1,33,2
T3,2,0,135,2
T4,3,0,144,6
T5,4,1,176,6
T6,5,0,200,3
T7,6,0,32,2
T8,7,1,105,1
T9,8,1,175,3
T10,9,0,30,2
[55]
T1,0,0,27,2
T2,1,1,108,2
T3,2,0,99,1
T4,3,0,100,2
T5,4,0,198,14
T6,5,0,200,1
T7,6,0,189,2
T8,7,0,20,2
T9,8,0,175,2
T10,9,1,44,2
[56]
T1,0,1,200,6
T2,1,0,180,4
T3,2,1,84,1
T4,3,0,150,2
T5,4,0,39,2
T6,5,0,65,2
T7,6,1,50,2
T8,7,1,195,4
T9,8,0,51,1
T10,9,0,91,2
[57]
T1,0,0,98,3
T2,1,0,80,1
T3,2,1,176,7
T4,3,1,25,2
T5,4,1,196,1
T6,5,1,56,2
T7,6,0,200,1
T8,7,1,21,2
T9,8,0,48,2
T10,9,0,168,1
[58]
T1,0,0,90,1
T2,1,0,175,2
T3,2,1,63,2
T4,3,1,200,18
T5,4,1,168,2
T6,5,0,38,2
T7,6,1,114,2
T8,7,1,189,2
T9,8,1,21,1
T10,9,0,25,2
[59]
T1,0,1,165,3
T2,1,0,23,2
T3,2,0,126,5
T4,3,0,50,2
T5,4,0,132,2
T6,5,1,200,2
T7,6,1,189,5
T8,7,1,75,1
T9,8,1,165,2
T10,9,0,22,2
[60]
T1,0,1,85,2
T2,1,1,165,1
T3,2,1,119,2
T4,3,0,102,2
T5,4,1,47,3
T6,5,0,22,1
T7,6,0,200,4
T8,7,0,150,1
T9,8,0,154,2
T10,9,0,34,2
[61]
T1,0,1,150,2
T2,1,0,85,2
T3,2,0,90,2
T4,3,0,24,2
T5,4,0,30,2
T6,5,1,170,7
T7,6,0,27,2
T8,7,0,200,6
T9,8,1,84,1
T10,9,0,150,2
[62]
T1,0,0,186,2
T2,1,1,200,5
T3,2,1,44,1
T4,3,0,155,1
T5,4,0,150,3
T6,5,1,99,1
T7,6,0,72,2
T8,7,1,35,2
T9,8,1,132,9
T10,9,0,31,2
[63]
T1,0,1,140,4
T2,1,0,90,2
T3,2,0,60,2
T4,3,1,27,2
T5,4,1,182,7
T6,5,1,180,2
T7,6,0,200,1
T8,7,1,40,2
T9,8,1,180,1
T10,9,1,37,2
[64]
T1,0,0,40,2
T2,1,0,90,1
T3,2,0,189,1
T4,3,0,33,2
T5,4,0,80,1
T6,5,0,154,4
T7,6,1,200,2
T8,7,1,176,2
T9,8,0,35,2
T10,9,1,75,2
[65]
T1,0,0,168,9
T2,1,1,85,2
T3,2,0,175,1
T4,3,0,49,2
T5,4,1,20,2
T6,5,0,42,2
T7,6,0,200,8
T8,7,1,140,2
T9,8,0,136,2
T10,9,0,175,3
[66]
T1,0,1,52,2
T2,1,1,150,2
T3,2,0,200,2
T4,3,0,188,5
T5,4,0,168,1
T6,5,0,56,2
T7,6,0,141,2
T8,7,0,40,2
T9,8,0,63,2
T10,9,1,35,1
[67]
T1,0,0,180,8
T2,1,1,55,2
T3,2,1,200,2
T4,3,0,31,1
T5,4,0,77,2
T6,5,0,90,2
T7,6,1,44,2
T8,7,0,180,3
T9,8,1,42,1
T10,9,1,160,1
[68]
T1,0,0,68,1
T2,1,0,85,1
T3,2,1,43,1
T4,3,1,105,2
T5,4,0,51,2
T6,5,0,39,1
T7,6,0,182,4
T8,7,1,182,4
T9,8,1,175,1
T10,9,0,200,5
[69]
T1,0,0,200,1
T2,1,0,75,2
T3,2,0,156,2
T4,3,0,29,2
T5,4,1,144,2
T6,5,1,40,1
T7,6,1,168,2
T8,7,0,70,3
T9,8,1,175,7
T10,9,0,35,2
[70]
T1,0,1,200,2
T2,1,1,75,2
T3,2,1,40,2
T4,3,1,50,1
T5,4,0,90,2
T6,5,0,80,5
T7,6,0,192,2
T8,7,1,196,2
T9,8,1,23,2
T10,9,0,168,1
[71]
T1,0,1,100,5
T2,1,1,28,2
T3,2,0,165,2
T4,3,1,100,1
T5,4,0,176,2
T6,5,1,36,1
T7,6,0,152,1
T8,7,1,200,2
T9,8,0,95,3
T10,9,1,30,2
[72]
T1,0,0,25,2
T2,1,1,25,2
T3,2,0,145,2
T4,3,0,87,4
T5,4,1,116,4
T6,5,0,165,2
T7,6,1,30,2
T8,7,1,160,1
T9,8,1,200,2
T10,9,1,165,3
[73]
T1,0,1,187,2
T2,1,0,27,2
T3,2,0,35,2
T4,3,1,75,2
T5,4,0,154,2
T6,5,0,170,2
T7,6,1,140,2
T8,7,0,25,2
T9,8,0,110,6
T10,9,1,200,5
[74]
T1,0,1,48,2
T2,1,0,174,1
T3,2,1,120,3
T4,3,1,200,7
T5,4,1,144,2
T6,5,0,120,8
T7,6,1,192,4
T8,7,1,160,1
T9,8,0,45,2
T10,9,1,40,2
[75]
T1,0,0,140,3
T2,1,1,200,1
T3,2,1,42,2
T4,3,1,27,2
T5,4,0,192,5
T6,5,0,37,2
T7,6,1,150,3
T8,7,0,135,2
T9,8,0,90,1
T10,9,1,192,8
[76]
T1,0,1,200,11
T2,1,1,80,2
T3,2,1,195,8
T4,3,1,40,2
T5,4,1,54,2
T6,5,1,108,1
T7,6,1,26,2
T8,7,0,175,2
T9,8,0,28,2
T10,9,0,156,1
[77]
T1,0,1,48,2
T2,1,0,90,1
T3,2,0,200,2
T4,3,0,100,2
T5,4,0,165,2
T6,5,1,20,2
T7,6,1,192,1
T8,7,1,20,2
T9,8,0,198,3
T10,9,1,135,9
[78]
T1,0,0,42,2
T2,1,1,147,3
T3,2,1,20,2
T4,3,1,196,8
T5,4,0,170,1
T6,5,1,200,1
T7,6,1,168,5
T8,7,0,49,2
T9,8,1,98,2
T10,9,0,136,4
[79]
T1,0,0,187,3
T2,1,1,175,4
T3,2,0,28,2
T4,3,0,140,2
T5,4,1,200,7
T6,5,0,77,2
T7,6,1,22,2
T8,7,0,22,1
T9,8,0,85,2
T10,9,0,168,1
[80]
T1,0,0,196,2
T2,1,0,120,2
T3,2,0,35,2
T4,3,0,140,1
T5,4,0,31,2
T6,5,0,80,1
T7,6,0,180,1
T8,7,0,147,10
T9,8,1,36,2
T10,9,0,200,2
[81]
T1,0,0,25,2
T2,1,0,189,13
T3,2,0,56,1
T4,3,0,42,2
T5,4,1,42,2
T6,5,1,200,2
T7,6,1,54,2
T8,7,1,112,2
T9,8,0,150,1
T10,9,0,150,2
[82]
T1,0,0,40,1
T2,1,0,72,5
T3,2,0,100,1
T4,3,0,200,1
T5,4,0,168,2
T6,5,1,168,1
T7,6,0,42,2
T8,7,1,20,2
T9,8,0,133,2
T10,9,1,180,2
[83]
T1,0,0,180,2
T2,1,1,70,3
T3,2,1,144,7
T4,3,0,26,2
T5,4,1,150,1
T6,5,0,77,2
T7,6,0,48,2
T8,7,0,165,5
T9,8,1,200,1
T10,9,1,28,2
[84]
T1,0,0,144,3
T2,1,0,84,4
T3,2,1,35,2
T4,3,1,182,2
T5,4,1,200,3
T6,5,1,150,2
T7,6,0,90,2
T8,7,1,150,5
T9,8,1,32,2
T10,9,1,20,2
[85]
T1,0,1,45,2
T2,1,1,162,2
T3,2,1,180,2
T4,3,1,50,1
T5,4,1,42,2
T6,5,1,115,3
T7,6,0,138,2
T8,7,1,184,2
T9,8,0,81,1
T10,9,0,200,16
[86]
T1,0,0,38,2
T2,1,0,156,2
T3,2,1,102,2
T4,3,1,25,1
T5,4,1,40,2
T6,5,1,195,1
T7,6,1,182,2
T8,7,1,200,2
T9,8,0,136,2
T10,9,0,75,2
[87]
T1,0,1,132,3
T2,1,1,150,5
T3,2,0,21,2
T4,3,0,132,2
T5,4,1,154,2
T6,5,0,200,2
T7,6,1,165,1
T8,7,1,128,3
T9,8,1,20,1
T10,9,1,34,2
[88]
T1,0,0,135,6
T2,1,0,20,2
T3,2,0,53,2
T4,3,1,154,2
T5,4,0,40,2
T6,5,0,189,10
T7,6,1,200,1
T8,7,1,140,2
T9,8,0,189,2
T10,9,0,120,1
[89]
T1,0,1,168,2
T2,1,0,182,10
T3,2,0,200,5
T4,3,0,140,2
T5,4,1,40,2
T6,5,1,84,2
T7,6,1,52,1
T8,7,1,156,5
T9,8,1,38,2
T10,9,1,70,2
[90]
T1,0,0,32,2
T2,1,0,100,2
T3,2,1,168,2
T4,3,0,80,3
T5,4,0,112,1
T6,5,1,48,1
T7,6,1,182,5
T8,7,1,160,3
T9,8,0,200,2
T10,9,1,45,1
[91]
T1,0,0,156,3
T2,1,0,34,2
T3,2,1,102,5
T4,3,0,75,2
T5,4,0,39,2
T6,5,0,156,3
T7,6,0,168,3
T8,7,1,65,1
T9,8,1,200,7
T10,9,0,52,2
[92]
T1,0,0,96,2
T2,1,0,36,2
T3,2,0,192,2
T4,3,1,144,3
T5,4,1,180,1
T6,5,0,160,7
T7,6,1,45,2
T8,7,1,65,5
T9,8,1,200,4
T10,9,0,35,2
[93]
T1,0,1,31,2
T2,1,1,62,2
T3,2,1,200,2
T4,3,0,45,1
T5,4,1,102,4
T6,5,1,170,4
T7,6,1,34,2
T8,7,1,120,2
T9,8,0,180,2
T10,9,0,180,1
[94]
T1,0,1,196,3
T2,1,0,25,2
T3,2,0,84,2
T4,3,1,98,6
T5,4,0,20,2
T6,5,1,154,1
T7,6,0,37,2
T8,7,1,180,1
T9,8,1,200,4
T10,9,0,70,2
[95]
T1,0,1,182,2
T2,1,1,126,3
T3,2,0,150,2
T4,3,1,30,2
T5,4,0,104,1
T6,5,0,150,10
T7,6,0,200,7
T8,7,1,38,2
T9,8,0,26,2
T10,9,0,60,2
[96]
T1,0,0,191,2
T2,1,0,90,2
T3,2,0,200,1
T4,3,1,150,2
T5,4,0,191,2
T6,5,0,100,9
T7,6,1,72,2
T8,7,1,20,2
T9,8,0,45,2
T10,9,0,42,2
[97]
T1,0,0,189,7
T2,1,1,70,2
T3,2,1,105,1
T4,3,0,152,1
T5,4,0,40,2
T6,5,1,27,2
T7,6,1,50,2
T8,7,1,171,2
T9,8,0,200,1
T10,9,0,72,2
[98]
T1,0,1,144,2
T2,1,1,70,2
T3,2,0,45,1
T4,3,1,20,2
T5,4,1,90,2
T6,5,0,39,2
T7,6,0,150,4
T8,7,1,175,1
T9,8,0,192,8
T10,9,1,200,3
[99]
T1,0,1,80,2
T2,1,1,200,2
T3,2,1,156,4
T4,3,1,117,1
T5,4,0,190,2
T6,5,0,38,2
T7,6,1,117,2
T8,7,0,26,2
T9,8,0,195,3
T10,9,1,39,2
[100]
T1,0,1,165,2
T2,1,1,21,2
T3,2,0,168,2
T4,3,1,75,2
T5,4,1,24,1
T6,5,0,200,2
T7,6,1,160,2
T8,7,0,39,1
T9,8,1,110,2
T10,9,1,88,2
[101]
T1,0,1,198,1
T2,1,1,33,2
T3,2,1,187,1
T4,3,1,136,3
T5,4,0,187,2
T6,5,1,35,2
T7,6,1,60,3
T8,7,1,36,2
T9,8,1,200,10
T10,9,0,85,1
[102]
T1,0,0,56,2
T2,1,0,30,2
T3,2,1,189,2
T4,3,1,56,2
T5,4,1,24,2
T6,5,1,112,2
T7,6,0,156,8
T8,7,1,175,2
T9,8,1,48,2
T10,9,1,200,5
[103]
T1,0,1,70,3
T2,1,1,165,2
T3,2,1,49,2
T4,3,1,200,2
T5,4,0,48,2
T6,5,0,44,1
T7,6,0,120,3
T8,7,1,98,3
T9,8,0,176,2
T10,9,1,147,2
[104]
T1,0,0,180,1
T2,1,0,184,3
T3,2,1,72,1
T4,3,1,45,1
T5,4,1,200,7
T6,5,0,150,2
T7,6,1,69,2
T8,7,0,65,2
T9,8,0,46,2
T10,9,0,43,2
[105]
T1,0,0,119,2
T2,1,0,38,1
T3,2,1,100,2
T4,3,0,150,4
T5,4,1,120,3
T6,5,0,175,11
T7,6,0,40,2
T8,7,0,200,4
T9,8,0,187,1
T10,9,0,28,2
[106]
T1,0,0,25,2
T2,1,0,52,3
T3,2,0,42,1
T4,3,1,72,1
T5,4,1,165,1
T6,5,1,144,1
T7,6,1,200,3
T8,7,0,126,1
T9,8,0,180,4
T10,9,0,154,2
[107]
T1,0,0,189,2
T2,1,0,50,2
T3,2,1,63,1
T4,3,1,53,2
T5,4,0,200,6
T6,5,0,144,1
T7,6,0,40,2
T8,7,0,180,5
T9,8,1,180,2
T10,9,0,80,2
[108]
T1,0,0,34,2
T2,1,0,105,3
T3,2,1,150,5
T4,3,1,195,6
T5,4,1,175,5
T6,5,1,39,2
T7,6,1,136,2
T8,7,1,120,2
T9,8,0,200,4
T10,9,1,35,1
[109]
T1,0,0,53,2
T2,1,0,187,2
T3,2,0,187,4
T4,3,0,170,2
T5,4,0,44,2
T6,5,0,80,1
T7,6,0,100,2
T8,7,1,200,9
T9,8,0,34,1
T10,9,1,144,3
[110]
T1,0,1,80,2
T2,1,0,48,2
T3,2,0,48,4
T4,3,1,200,2
T5,4,1,80,1
T6,5,0,177,2
T7,6,0,53,2
T8,7,1,168,5
T9,8,0,168,2
T10,9,1,118,2
[111]
T1,0,0,40,2
T2,1,0,24,2
T3,2,0,150,2
T4,3,0,175,4
T5,4,1,80,2
T6,5,0,200,1
T7,6,0,88,6
T8,7,0,180,3
T9,8,0,45,2
T10,9,1,140,2
[112]
T1,0,1,62,1
T2,1,1,155,2
T3,2,0,155,1
T4,3,0,200,2
T5,4,0,31,1
T6,5,0,140,2
T7,6,0,44,2
T8,7,1,25,2
T9,8,1,62,2
T10,9,1,154,2
[113]
T1,0,1,200,2
T2,1,1,176,2
T3,2,1,162,13
T4,3,1,66,2
T5,4,1,108,2
T6,5,0,44,1
T7,6,0,30,2
T8,7,1,108,4
T9,8,0,180,2
T10,9,1,25,2
[114]
T1,0,0,51,2
T2,1,1,150,2
T3,2,0,54,2
T4,3,1,22,2
T5,4,0,200,15
T6,5,1,168,2
T7,6,1,140,5
T8,7,1,30,2
T9,8,0,150,2
T10,9,1,105,4
[115]
T1,0,0,112,5
T2,1,0,200,3
T3,2,1,160,1
T4,3,1,38,2
T5,4,1,150,2
T6,5,1,63,1
T7,6,0,51,1
T8,7,1,68,2
T9,8,0,153,3
T10,9,0,36,2
[116]
T1,0,0,200,3
T2,1,1,49,1
T3,2,1,77,2
T4,3,0,110,2
T5,4,1,175,5
T6,5,0,154,7
T7,6,1,49,2
T8,7,1,56,2
T9,8,0,51,1
T10,9,0,175,1
[117]
T1,0,0,35,2
T2,1,1,200,7
T3,2,1,168,2
T4,3,1,119,2
T5,4,0,46,1
T6,5,0,150,2
T7,6,0,51,2
T8,7,1,154,2
T9,8,0,75,2
T10,9,1,55,2
[118]
T1,0,0,38,2
T2,1,1,52,2
T3,2,0,180,7
T4,3,0,104,1
T5,4,1,195,6
T6,5,1,100,1
T7,6,1,28,2
T8,7,0,152,2
T9,8,1,200,9
T10,9,0,100,1
[119]
T1,0,1,20,2
T2,1,0,22,2
T3,2,0,175,2
T4,3,1,200,1
T5,4,0,136,8
T6,5,0,126,2
T7,6,1,72,2
T8,7,1,189,4
T9,8,1,175,2
T10,9,0,50,2
[120]
T1,0,1,165,2
T2,1,1,63,2
T3,2,0,175,6
T4,3,0,200,4
T5,4,0,80,2
T6,5,0,42,2
T7,6,0,36,2
T8,7,0,198,2
T9,8,1,70,2
T10,9,1,50,2
[121]
T1,0,0,150,6
T2,1,1,198,2
T3,2,0,66,1
T4,3,1,33,2
T5,4,0,54,2
T6,5,1,200,7
T7,6,1,44,1
T8,7,0,35,2
T9,8,1,198,8
T10,9,0,110,2
[122]
T1,0,1,156,9
T2,1,0,71,1
T3,2,0,195,3
T4,3,1,25,2
T5,4,1,45,2
T6,5,1,200,1
T7,6,0,30,2
T8,7,0,78,1
T9,8,1,142,2
T10,9,1,195,4
[123]
T1,0,0,180,1
T2,1,1,96,2
T3,2,0,185,7
T4,3,0,37,2
T5,4,0,100,5
T6,5,1,192,1
T7,6,0,24,2
T8,7,0,25,2
T9,8,0,200,2
T10,9,1,72,2
[124]
T1,0,1,38,2
T2,1,0,180,1
T3,2,0,114,1
T4,3,0,152,13
T5,4,0,37,2
T6,5,1,125,1
T7,6,0,36,2
T8,7,1,90,2
T9,8,1,200,6
T10,9,0,152,2
[125]
T1,0,0,40,2
T2,1,0,42,1
T3,2,0,60,2
T4,3,1,33,2
T5,4,1,200,9
T6,5,0,110,5
T7,6,0,165,1
T8,7,1,182,4
T9,8,0,154,2
T10,9,0,120,2
[126]
T1,0,1,150,2
T2,1,0,184,2
T3,2,1,100,2
T4,3,1,23,2
T5,4,0,24,2
T6,5,1,192,2
T7,6,0,75,2
T8,7,1,75,1
T9,8,0,200,4
T10,9,1,46,2
[127]
T1,0,1,183,9
T2,1,0,21,2
T3,2,0,168,3
T4,3,0,70,2
T5,4,1,50,2
T6,5,1,183,4
T7,6,1,100,1
T8,7,1,25,2
T9,8,1,200,6
T10,9,0,72,2
[128]
T1,0,1,35,1
T2,1,1,180,2
T3,2,0,150,1
T4,3,1,133,2
T5,4,1,189,1
T6,5,1,200,14
T7,6,0,32,2
T8,7,0,20,2
T9,8,1,84,1
T10,9,0,54,2
[129]
T1,0,1,80,2
T2,1,0,130,4
T3,2,1,48,2
T4,3,0,65,2
T5,4,0,156,4
T6,5,1,200,1
T7,6,1,180,2
T8,7,0,46,2
T9,8,1,152,5
T10,9,0,25,2
[130]
T1,0,0,150,2
T2,1,1,85,2
T3,2,0,182,2
T4,3,1,65,2
T5,4,1,104,4
T6,5,1,26,1
T7,6,1,156,2
T8,7,1,50,2
T9,8,1,53,2
T10,9,0,200,3
[131]
T1,0,1,168,1
T2,1,1,55,2
T3,2,0,175,2
T4,3,0,20,2
T5,4,0,100,8
T6,5,1,47,2
T7,6,0,200,8
T8,7,1,132,2
T9,8,0,39,2
T10,9,1,154,1
[132]
T1,0,1,200,2
T2,1,0,182,5
T3,2,0,100,2
T4,3,0,50,2
T5,4,1,154,2
T6,5,1,30,2
T7,6,1,60,2
T8,7,0,154,1
T9,8,1,60,1
T10,9,0,21,2
[133]
T1,0,0,150,2
T2,1,1,65,2
T3,2,0,80,2
T4,3,1,25,2
T5,4,1,50,1
T6,5,1,32,2
T7,6,0,65,1
T8,7,1,184,5
T9,8,1,200,9
T10,9,1,156,1
[134]
T1,0,1,22,2
T2,1,0,160,2
T3,2,1,90,2
T4,3,1,186,5
T5,4,1,96,2
T6,5,0,180,1
T7,6,1,60,1
T8,7,1,32,1
T9,8,1,40,2
T10,9,0,200,4
[135]
T1,0,0,117,1
T2,1,1,39,2
T3,2,0,200,13
T4,3,1,33,2
T5,4,0,174,3
T6,5,0,50,2
T7,6,1,180,2
T8,7,0,75,1
T9,8,0,195,4
T10,9,1,130,2
[136]
T1,0,0,76,2
T2,1,0,36,2
T3,2,1,40,1
T4,3,1,117,2
T5,4,1,150,2
T6,5,0,144,2
T7,6,1,195,2
T8,7,0,200,8
T9,8,1,39,2
T10,9,1,156,2
[137]
T1,0,1,84,2
T2,1,0,39,2
T3,2,1,200,11
T4,3,0,182,5
T5,4,1,65,2
T6,5,1,150,3
T7,6,1,165,2
T8,7,1,40,2
T9,8,0,33,2
T10,9,0,66,1
[138]
T1,0,0,195,14
T2,1,0,180,2
T3,2,0,35,2
T4,3,1,60,2
T5,4,1,22,2
T6,5,0,108,2
T7,6,1,105,1
T8,7,1,175,2
T9,8,1,200,1
T10,9,0,54,2
[139]
T1,0,1,200,3
T2,1,1,49,1
T3,2,0,51,2
T4,3,0,187,2
T5,4,0,44,2
T6,5,0,110,3
T7,6,1,120,2
T8,7,1,198,3
T9,8,1,102,2
T10,9,0,180,6
[140]
T1,0,1,84,2
T2,1,1,200,3
T3,2,1,168,3
T4,3,0,46,2
T5,4,1,156,2
T6,5,0,56,1
T7,6,0,175,13
T8,7,1,40,2
T9,8,0,64,2
T10,9,1,20,2
[141]
T1,0,0,147,6
T2,1,0,33,2
T3,2,0,165,4
T4,3,0,44,1
T5,4,1,168,2
T6,5,1,35,2
T7,6,1,200,3
T8,7,1,110,1
T9,8,0,180,2
T10,9,0,88,2
[142]
T1,0,0,200,1
T2,1,1,26,2
T3,2,0,100,2
T4,3,1,172,1
T5,4,1,37,2
T6,5,1,185,7
T7,6,0,150,4
T8,7,0,30,2
T9,8,0,120,6
T10,9,0,74,2
[143]
T1,0,1,22,2
T2,1,1,200,2
T3,2,0,66,2
T4,3,1,195,2
T5,4,1,176,2
T6,5,1,130,1
T7,6,1,20,1
T8,7,0,24,2
T9,8,1,198,6
T10,9,1,72,1
[144]
T1,0,1,35,1
T2,1,1,95,1
T3,2,0,200,3
T4,3,0,160,2
T5,4,1,51,2
T6,5,1,100,1
T7,6,0,35,1
T8,7,0,152,2
T9,8,0,126,1
T10,9,1,168,3
[145]
T1,0,1,105,2
T2,1,1,100,6
T3,2,0,200,2
T4,3,0,51,1
T5,4,1,160,2
T6,5,0,42,2
T7,6,1,32,1
T8,7,0,174,4
T9,8,1,150,2
T10,9,1,116,2
[146]
T1,0,0,20,2
T2,1,0,180,5
T3,2,0,28,2
T4,3,1,43,1
T5,4,1,168,8
T6,5,0,189,6
T7,6,0,108,2
T8,7,0,56,2
T9,8,0,112,1
T10,9,1,200,6
[147]
T1,0,1,75,3
T2,1,1,195,5
T3,2,0,156,2
T4,3,0,200,8
T5,4,0,24,2
T6,5,1,63,2
T7,6,1,51,2
T8,7,0,140,2
T9,8,1,28,2
T10,9,1,180,2
[148]
T1,0,1,144,5
T2,1,1,48,2
T3,2,1,180,1
T4,3,1,36,2
T5,4,1,48,2
T6,5,1,200,2
T7,6,0,70,2
T8,7,1,78,2
T9,8,1,189,2
T10,9,0,189,7
[149]
T1,0,0,125,2
T2,1,0,33,2
T3,2,0,180,2
T4,3,0,154,2
T5,4,0,200,4
T6,5,1,154,2
T7,6,0,40,2
T8,7,0,56,3
T9,8,0,25,2
T10,9,1,77,2
[150]
T1,0,1,182,4
T2,1,0,105,4
T3,2,1,28,2
T4,3,1,200,2
T5,4,1,180,2
T6,5,1,96,1
T7,6,0,45,2
T8,7,1,182,5
T9,8,1,65,2
T10,9,0,28,2
[151]
T1,0,1,175,1
T2,1,1,175,2
T3,2,0,21,2
T4,3,0,54,1
T5,4,1,56,1
T6,5,0,184,2
T7,6,1,40,2
T8,7,1,21,2
T9,8,1,200,2
T10,9,1,56,2
[152]
T1,0,1,52,2
T2,1,1,200,5
T3,2,0,72,3
T4,3,0,54,2
T5,4,1,112,1
T6,5,1,168,1
T7,6,1,180,5
T8,7,1,80,2
T9,8,0,168,3
T10,9,1,28,2
[153]
T1,0,1,33,2
T2,1,1,84,1
T3,2,0,110,1
T4,3,1,168,3
T5,4,0,189,4
T6,5,0,49,2
T7,6,1,21,2
T8,7,1,72,2
T9,8,0,200,15
T10,9,1,175,5
[154]
T1,0,1,52,2
T2,1,1,198,2
T3,2,0,60,2
T4,3,0,156,5
T5,4,1,200,6
T6,5,0,54,2
T7,6,0,180,2
T8,7,1,39,2
T9,8,1,120,2
T10,9,0,26,2
[155]
T1,0,1,160,3
T2,1,0,192,4
T3,2,1,41,2
T4,3,0,100,2
T5,4,0,96,4
T6,5,1,170,1
T7,6,0,200,2
T8,7,1,88,1
T9,8,0,34,1
T10,9,1,32,2
[156]
T1,0,1,105,6
T2,1,0,60,2
T3,2,1,175,2
T4,3,0,180,2
T5,4,0,175,5
T6,5,1,29,2
T7,6,1,200,2
T8,7,0,108,1
T9,8,1,42,2
T10,9,0,20,2
[157]
T1,0,0,90,4
T2,1,0,43,2
T3,2,0,190,11
T4,3,1,175,2
T5,4,1,24,2
T6,5,1,200,1
T7,6,0,38,2
T8,7,1,100,2
T9,8,1,150,5
T10,9,1,76,2
[158]
T1,0,0,49,2
T2,1,0,200,5
T3,2,0,30,2
T4,3,1,195,3
T5,4,1,35,2
T6,5,0,88,1
T7,6,1,65,2
T8,7,1,66,2
T9,8,1,195,6
T10,9,0,156,2
[159]
T1,0,1,91,2
T2,1,1,75,2
T3,2,1,30,2
T4,3,1,65,2
T5,4,0,52,1
T6,5,1,25,2
T7,6,0,150,3
T8,7,1,175,2
T9,8,1,195,2
T10,9,1,200,7
[160]
T1,0,0,85,2
T2,1,1,168,2
T3,2,0,60,1
T4,3,0,56,2
T5,4,0,154,4
T6,5,1,48,2
T7,6,1,21,2
T8,7,0,150,2
T9,8,0,30,2
T10,9,1,200,6
[161]
T1,0,1,70,2
T2,1,0,23,2
T3,2,0,180,1
T4,3,1,190,11
T5,4,0,24,2
T6,5,0,21,2
T7,6,0,100,2
T8,7,1,126,2
T9,8,1,200,8
T10,9,1,168,2
[162]
T1,0,0,88,1
T2,1,0,23,2
T3,2,1,110,5
T4,3,0,38,2
T5,4,0,184,2
T6,5,1,200,2
T7,6,1,180,9
T8,7,1,132,3
T9,8,0,33,2
T10,9,1,184,1
[163]
T1,0,1,168,2
T2,1,0,48,2
T3,2,1,144,4
T4,3,1,200,2
T5,4,0,84,3
T6,5,0,36,2
T7,6,1,175,3
T8,7,0,128,1
T9,8,0,150,3
T10,9,0,24,2
[164]
T1,0,1,200,2
T2,1,0,60,1
T3,2,1,63,2
T4,3,0,45,2
T5,4,1,198,3
T6,5,0,30,2
T7,6,0,176,12
T8,7,0,40,2
T9,8,0,56,2
T10,9,0,180,1
[165]
T1,0,0,72,2
T2,1,0,156,6
T3,2,1,36,2
T4,3,0,180,4
T5,4,0,45,1
T6,5,0,200,2
T7,6,0,104,2
T8,7,0,53,2
T9,8,0,171,2
T10,9,0,130,7
[166]
T1,0,0,200,6
T2,1,0,22,2
T3,2,0,143,2
T4,3,0,105,4
T5,4,0,165,2
T6,5,1,42,1
T7,6,0,100,1
T8,7,1,28,2
T9,8,0,154,2
T10,9,1,165,5
[167]
T1,0,1,160,3
T2,1,0,36,2
T3,2,0,75,2
T4,3,0,168,1
T5,4,0,200,13
T6,5,1,66,1
T7,6,1,37,2
T8,7,0,42,2
T9,8,1,100,2
T10,9,1,154,3
[168]
T1,0,1,140,2
T2,1,0,144,2
T3,2,0,22,2
T4,3,1,200,2
T5,4,0,28,2
T6,5,1,36,2
T7,6,0,154,6
T8,7,1,120,2
T9,8,1,160,4
T10,9,0,150,1
[169]
T1,0,1,25,1
T2,1,1,187,4
T3,2,1,120,1
T4,3,1,44,2
T5,4,0,198,2
T6,5,0,180,6
T7,6,0,68,2
T8,7,0,30,1
T9,8,0,200,5
T10,9,1,68,2
[170]
T1,0,1,175,2
T2,1,1,45,2
T3,2,1,57,2
T4,3,0,200,9
T5,4,0,95,1
T6,5,0,100,3
T7,6,1,47,2
T8,7,1,30,1
T9,8,0,189,2
T10,9,1,150,3
[171]
T1,0,1,70,2
T2,1,0,53,2
T3,2,0,165,6
T4,3,1,175,2
T5,4,1,30,2
T6,5,1,25,2
T7,6,0,200,9
T8,7,1,56,1
T9,8,1,176,1
T10,9,0,128,2
[172]
T1,0,0,176,1
T2,1,0,132,2
T3,2,0,126,2
T4,3,1,21,2
T5,4,1,200,4
T6,5,0,165,2
T7,6,0,84,2
T8,7,0,22,2
T9,8,1,45,2
T10,9,0,180,4
[173]
T1,0,0,54,2
T2,1,0,25,2
T3,2,0,195,2
T4,3,0,200,2
T5,4,1,192,9
T6,5,1,100,2
T7,6,0,156,2
T8,7,0,52,2
T9,8,1,75,2
T10,9,0,26,2
[174]
T1,0,1,200,2
T2,1,1,108,2
T3,2,1,154,2
T4,3,1,40,2
T5,4,1,176,6
T6,5,1,40,2
T7,6,0,90,3
T8,7,0,21,2
T9,8,1,189,8
T10,9,0,105,1
[175]
T1,0,1,42,2
T2,1,0,40,2
T3,2,0,175,2
T4,3,1,116,2
T5,4,0,75,2
T6,5,0,150,1
T7,6,0,105,2
T8,7,1,200,5
T9,8,0,21,2
T10,9,1,168,9
[176]
T1,0,0,176,2
T2,1,0,200,2
T3,2,1,155,3
T4,3,1,93,2
T5,4,1,186,2
T6,5,1,88,2
T7,6,0,96,2
T8,7,1,24,2
T9,8,0,44,3
T10,9,0,27,1
[177]
T1,0,0,168,1
T2,1,1,200,4
T3,2,0,100,1
T4,3,0,165,2
T5,4,0,57,2
T6,5,1,25,1
T7,6,0,25,2
T8,7,0,28,2
T9,8,1,120,2
T10,9,1,165,2
[178]
T1,0,1,200,2
T2,1,1,168,3
T3,2,1,36,2
T4,3,0,147,5
T5,4,1,189,8
T6,5,1,21,2
T7,6,0,150,5
T8,7,0,120,3
T9,8,0,26,2
T10,9,1,75,2
[179]
T1,0,0,200,3
T2,1,1,126,1
T3,2,1,96,6
T4,3,1,50,2
T5,4,1,21,2
T6,5,0,168,2
T7,6,0,72,1
T8,7,1,28,2
T9,8,1,160,2
T10,9,1,176,6
[180]
T1,0,0,176,8
T2,1,0,66,2
T3,2,1,200,3
T4,3,0,43,2
T5,4,1,180,1
T6,5,0,36,2
T7,6,0,168,1
T8,7,1,126,1
T9,8,1,112,8
T10,9,1,36,2
[181]
T1,0,0,195,1
T2,1,0,175,2
T3,2,0,196,1
T4,3,1,53,1
T5,4,1,56,2
T6,5,1,105,1
T7,6,1,48,2
T8,7,1,21,2
T9,8,0,200,2
T10,9,0,100,7
[182]
T1,0,1,147,2
T2,1,0,165,1
T3,2,1,200,2
T4,3,0,20,2
T5,4,0,90,2
T6,5,1,165,2
T7,6,0,35,2
T8,7,0,70,1
T9,8,0,25,1
T10,9,1,154,6
[183]
T1,0,1,34,1
T2,1,1,60,2
T3,2,0,170,2
T4,3,1,119,9
T5,4,0,45,2
T6,5,1,180,2
T7,6,0,153,3
T8,7,0,200,1
T9,8,0,80,1
T10,9,0,25,2
[184]
T1,0,0,165,8
T2,1,0,25,2
T3,2,1,100,2
T4,3,0,175,1
T5,4,1,200,7
T6,5,0,37,2
T7,6,0,20,2
T8,7,1,154,2
T9,8,0,99,1
T10,9,1,84,2
[185]
T1,0,0,153,2
T2,1,0,68,2
T3,2,0,153,1
T4,3,0,48,1
T5,4,0,35,2
T6,5,0,200,2
T7,6,0,27,2
T8,7,0,192,6
T9,8,0,68,1
T10,9,0,75,3
[186]
T1,0,1,150,3
T2,1,1,200,8
T3,2,1,170,2
T4,3,1,45,2
T5,4,1,102,2
T6,5,1,25,2
T7,6,1,150,7
T8,7,1,24,2
T9,8,1,136,2
T10,9,0,97,2
[187]
T1,0,1,175,6
T2,1,1,168,2
T3,2,1,88,2
T4,3,0,102,2
T5,4,0,35,2
T6,5,1,187,5
T7,6,0,105,3
T8,7,1,49,1
T9,8,0,200,8
T10,9,0,34,2
[188]
T1,0,1,30,2
T2,1,1,192,1
T3,2,1,200,2
T4,3,0,98,1
T5,4,1,180,5
T6,5,0,25,2
T7,6,0,60,2
T8,7,1,196,9
T9,8,0,63,1
T10,9,0,50,2
[189]
T1,0,0,90,2
T2,1,0,120,4
T3,2,1,44,2
T4,3,1,200,3
T5,4,1,27,2
T6,5,1,180,1
T7,6,0,66,2
T8,7,1,200,2
T9,8,0,32,1
T10,9,1,156,3
[190]
T1,0,1,150,4
T2,1,0,105,2
T3,2,1,30,1
T4,3,0,56,2
T5,4,0,152,1
T6,5,1,200,3
T7,6,0,45,1
T8,7,0,30,2
T9,8,0,190,1
T10,9,0,126,5
[191]
T1,0,0,168,1
T2,1,0,90,2
T3,2,1,75,4
T4,3,0,168,1
T5,4,0,36,2
T6,5,0,126,6
T7,6,0,200,2
T8,7,1,154,1
T9,8,1,27,2
T10,9,0,27,2
[192]
T1,0,0,160,2
T2,1,0,72,2
T3,2,0,200,7
T4,3,0,48,2
T5,4,0,30,2
T6,5,1,133,1
T7,6,0,72,3
T8,7,1,42,2
T9,8,0,150,2
T10,9,1,168,2
[193]
T1,0,0,140,3
T2,1,0,162,2
T3,2,0,24,2
T4,3,0,24,2
T5,4,0,189,2
T6,5,0,80,2
T7,6,1,28,2
T8,7,1,180,2
T9,8,1,200,3
T10,9,0,72,5
[194]
T1,0,1,88,2
T2,1,0,55,3
T3,2,0,31,2
T4,3,1,200,7
T5,4,0,182,5
T6,5,1,50,2
T7,6,0,175,2
T8,7,0,175,3
T9,8,0,140,4
T10,9,1,22,2
[195]
T1,0,0,28,2
T2,1,0,196,3
T3,2,1,198,3
T4,3,0,200,2
T5,4,0,132,1
T6,5,1,49,2
T7,6,1,47,2
T8,7,0,196,1
T9,8,1,84,4
T10,9,1,140,2
[196]
T1,0,0,34,2
T2,1,0,200,4
T3,2,0,24,2
T4,3,0,102,1
T5,4,1,168,1
T6,5,0,104,2
T7,6,0,168,4
T8,7,1,75,2
T9,8,0,45,1
T10,9,1,182,4
[197]
T1,0,1,154,1
T2,1,0,25,2
T3,2,1,84,2
T4,3,0,154,2
T5,4,0,21,2
T6,5,0,55,2
T7,6,0,60,1
T8,7,0,40,2
T9,8,1,200,4
T10,9,0,175,4
[198]
T1,0,0,200,3
T2,1,0,154,5
T3,2,0,105,1
T4,3,0,55,1
T5,4,1,35,2
T6,5,1,75,1
T7,6,0,180,3
T8,7,1,198,2
T9,8,0,23,1
T10,9,0,24,2
[199]
T1,0,0,200,9
T2,1,1,60,2
T3,2,1,168,2
T4,3,1,170,5
T5,4,1,26,2
T6,5,0,56,2
T7,6,1,26,2
T8,7,0,65,2
T9,8,1,175,1
T10,9,0,21,1
[200]
T1,0,1,88,2
T2,1,0,56,1
T3,2,0,91,7
T4,3,0,175,2
T5,4,0,20,2
T6,5,1,21,2
T7,6,1,175,2
T8,7,0,200,6
T9,8,1,175,3
T10,9,0,35,2
[201]
T1,0,0,195,3
T2,1,1,112,9
T3,2,1,91,2
T4,3,0,200,3
T5,4,1,156,2
T6,5,0,39,2
T7,6,1,168,7
T8,7,1,28,2
T9,8,1,135,2
T10,9,0,25,2
[202]
T1,0,1,40,1
T2,1,1,56,2
T3,2,0,22,2
T4,3,1,144,2
T5,4,0,120,2
T6,5,0,175,2
T7,6,1,200,6
T8,7,0,176,1
T9,8,1,198,2
T10,9,0,49,2
[203]
T1,0,1,28,2
T2,1,0,198,3
T3,2,1,41,2
T4,3,1,140,1
T5,4,1,140,4
T6,5,0,180,4
T7,6,1,49,2
T8,7,1,120,4
T9,8,1,168,2
T10,9,0,200,1
[204]
T1,0,1,35,2
T2,1,1,147,2
T3,2,0,53,2
T4,3,1,196,8
T5,4,1,56,1
T6,5,0,40,1
T7,6,1,88,2
T8,7,1,70,2
T9,8,0,165,5
T10,9,0,200,5
[205]
T1,0,0,44,2
T2,1,0,62,2
T3,2,0,165,8
T4,3,0,155,1
T5,4,1,40,1
T6,5,0,88,2
T7,6,0,160,2
T8,7,1,50,2
T9,8,1,80,2
T10,9,1,200,4
[206]
T1,0,0,69,1
T2,1,1,180,2
T3,2,0,48,1
T4,3,1,180,6
T5,4,0,200,2
T6,5,1,40,2
T7,6,0,51,2
T8,7,0,135,3
T9,8,1,180,2
T10,9,1,108,4
[207]
T1,0,0,200,1
T2,1,0,165,2
T3,2,0,80,1
T4,3,0,147,6
T5,4,1,50,2
T6,5,0,30,2
T7,6,1,25,2
T8,7,0,77,2
T9,8,1,168,5
T10,9,0,165,2
[208]
T1,0,0,175,3
T2,1,1,147,1
T3,2,1,200,2
T4,3,1,168,4
T5,4,1,150,3
T6,5,1,40,2
T7,6,0,22,2
T8,7,1,50,2
T9,8,1,100,4
T10,9,0,54,1
[209]
T1,0,0,21,2
T2,1,0,30,2
T3,2,0,190,2
T4,3,0,45,1
T5,4,0,140,1
T6,5,0,152,2
T7,6,1,200,12
T8,7,0,171,2
T9,8,1,72,1
T10,9,0,105,2
[210]
T1,0,0,89,1
T2,1,0,47,2
T3,2,0,70,1
T4,3,1,200,2
T5,4,0,28,2
T6,5,0,168,9
T7,6,1,84,2
T8,7,1,175,4
T9,8,0,178,2
T10,9,1,20,2
[211]
T1,0,1,150,1
T2,1,0,69,4
T3,2,1,195,4
T4,3,0,138,1
T5,4,0,200,2
T6,5,0,37,1
T7,6,1,130,2
T8,7,0,184,2
T9,8,0,40,2
T10,9,0,32,2
[212]
T1,0,1,95,3
T2,1,1,152,6
T3,2,1,114,2
T4,3,1,200,3
T5,4,0,96,2
T6,5,1,195,4
T7,6,1,30,2
T8,7,1,26,2
T9,8,0,195,4
T10,9,1,39,1
[213]
T1,0,0,42,2
T2,1,0,70,2
T3,2,0,20,2
T4,3,1,160,1
T5,4,1,200,8
T6,5,1,75,2
T7,6,0,160,2
T8,7,0,21,2
T9,8,0,120,7
T10,9,0,156,4
[214]
T1,0,1,72,2
T2,1,0,200,2
T3,2,1,42,1
T4,3,0,84,2
T5,4,0,20,1
T6,5,0,168,2
T7,6,0,159,2
T8,7,1,150,9
T9,8,1,47,2
T10,9,1,126,2
[215]
T1,0,0,25,2
T2,1,0,21,2
T3,2,1,200,7
T4,3,1,154,4
T5,4,0,140,2
T6,5,1,110,6
T7,6,0,165,3
T8,7,0,75,1
T9,8,0,160,2
T10,9,0,25,2
[216]
T1,0,1,75,2
T2,1,1,162,1
T3,2,1,108,1
T4,3,0,64,2
T5,4,0,150,12
T6,5,1,54,1
T7,6,1,54,2
T8,7,0,200,5
T9,8,0,34,2
T10,9,0,192,4
[217]
T1,0,1,180,3
T2,1,1,182,2
T3,2,1,200,3
T4,3,1,36,2
T5,4,1,108,2
T6,5,0,156,14
T7,6,0,75,1
T8,7,1,25,2
T9,8,0,21,2
T10,9,1,63,1
[218]
T1,0,1,53,2
T2,1,0,110,1
T3,2,0,20,2
T4,3,1,200,5
T5,4,1,150,6
T6,5,0,38,2
T7,6,0,152,7
T8,7,1,165,2
T9,8,0,88,2
T10,9,1,88,2
[219]
T1,0,1,25,2
T2,1,1,24,2
T3,2,0,130,3
T4,3,1,68,2
T5,4,0,182,2
T6,5,1,168,7
T7,6,1,40,2
T8,7,0,75,1
T9,8,1,182,5
T10,9,0,200,3
[220]
T1,0,0,132,1
T2,1,0,180,2
T3,2,0,200,4
T4,3,0,80,2
T5,4,0,175,1
T6,5,1,26,2
T7,6,1,48,2
T8,7,0,75,2
T9,8,0,30,1
T10,9,1,175,4
[221]
T1,0,0,200,9
T2,1,1,98,2
T3,2,0,21,2
T4,3,0,38,2
T5,4,0,175,9
T6,5,0,23,2
T7,6,1,105,2
T8,7,0,150,2
T9,8,0,150,3
T10,9,0,70,1
[222]
T1,0,0,144,8
T2,1,1,162,2
T3,2,1,24,2
T4,3,1,120,2
T5,4,0,180,1
T6,5,0,200,2
T7,6,0,192,2
T8,7,1,135,6
T9,8,0,30,2
T10,9,0,25,2
[223]
T1,0,0,25,2
T2,1,1,63,2
T3,2,1,160,2
T4,3,1,165,4
T5,4,0,165,2
T6,5,0,200,2
T7,6,1,88,3
T8,7,0,110,2
T9,8,0,30,1
T10,9,0,45,1
[224]
T1,0,1,45,2
T2,1,0,29,2
T3,2,1,28,2
T4,3,0,175,2
T5,4,1,138,2
T6,5,1,100,1
T7,6,1,75,5
T8,7,0,161,2
T9,8,0,184,8
T10,9,0,200,2
[225]
T1,0,1,36,2
T2,1,1,72,1
T3,2,0,27,1
T4,3,0,120,1
T5,4,1,194,1
T6,5,0,200,3
T7,6,0,23,2
T8,7,0,150,2
T9,8,1,120,5
T10,9,1,194,4
[226]
T1,0,0,53,2
T2,1,1,150,2
T3,2,0,140,2
T4,3,1,50,2
T5,4,0,150,7
T6,5,1,200,3
T7,6,1,39,2
T8,7,0,78,4
T9,8,1,108,2
T10,9,0,189,2
[227]
T1,0,0,180,10
T2,1,1,35,1
T3,2,0,30,2
T4,3,0,200,1
T5,4,1,168,1
T6,5,1,63,2
T7,6,0,190,2
T8,7,0,25,2
T9,8,1,108,2
T10,9,0,56,2
[228]
T1,0,1,154,1
T2,1,0,66,2
T3,2,0,200,3
T4,3,1,20,2
T5,4,1,110,2
T6,5,0,88,3
T7,6,1,48,2
T8,7,0,47,2
T9,8,1,180,3
T10,9,1,165,5
[229]
T1,0,0,65,2
T2,1,1,23,2
T3,2,0,182,9
T4,3,1,20,1
T5,4,0,168,1
T6,5,1,192,4
T7,6,1,24,2
T8,7,0,80,2
T9,8,0,200,2
T10,9,1,60,2
[230]
T1,0,1,195,2
T2,1,1,56,1
T3,2,0,50,2
T4,3,0,84,2
T5,4,1,100,2
T6,5,1,154,4
T7,6,1,26,2
T8,7,1,200,2
T9,8,1,26,2
T10,9,0,156,6
[231]
T1,0,1,24,2
T2,1,1,54,1
T3,2,0,200,5
T4,3,0,21,2
T5,4,0,25,2
T6,5,1,180,2
T7,6,1,133,7
T8,7,1,152,2
T9,8,1,95,1
T10,9,1,168,2
[232]
T1,0,0,22,2
T2,1,0,21,2
T3,2,0,150,2
T4,3,0,175,4
T5,4,1,62,2
T6,5,0,75,3
T7,6,1,200,6
T8,7,1,48,2
T9,8,0,155,3
T10,9,0,124,2
[233]
T1,0,0,168,1
T2,1,0,91,1
T3,2,1,175,10
T4,3,0,105,1
T5,4,1,33,2
T6,5,0,37,2
T7,6,0,104,1
T8,7,0,195,7
T9,8,1,28,2
T10,9,1,200,4
[234]
T1,0,1,84,4
T2,1,0,200,2
T3,2,1,70,3
T4,3,0,133,2
T5,4,0,35,2
T6,5,1,150,2
T7,6,1,20,2
T8,7,1,30,1
T9,8,0,154,2
T10,9,0,150,4
[235]
T1,0,0,42,2
T2,1,0,42,2
T3,2,0,104,3
T4,3,1,70,1
T5,4,1,200,2
T6,5,0,36,2
T7,6,0,182,5
T8,7,1,168,4
T9,8,0,150,1
T10,9,1,84,2
[236]
T1,0,0,182,1
T2,1,1,77,2
T3,2,1,156,2
T4,3,1,110,2
T5,4,0,200,4
T6,5,1,44,2
T7,6,0,20,1
T8,7,1,55,2
T9,8,1,48,2
T10,9,1,182,2
[237]
T1,0,0,35,2
T2,1,1,156,2
T3,2,0,36,2
T4,3,0,56,3
T5,4,0,160,2
T6,5,1,56,2
T7,6,0,128,1
T8,7,0,200,2
T9,8,1,40,2
T10,9,1,195,2
[238]
T1,0,0,25,1
T2,1,0,70,2
T3,2,1,150,4
T4,3,1,133,2
T5,4,1,30,2
T6,5,0,152,2
T7,6,0,135,8
T8,7,0,200,1
T9,8,0,168,2
T10,9,1,31,2
[239]
T1,0,1,45,2
T2,1,0,195,2
T3,2,1,75,4
T4,3,0,175,4
T5,4,1,21,1
T6,5,0,72,2
T7,6,0,53,2
T8,7,1,200,4
T9,8,0,140,2
T10,9,0,195,2
[240]
T1,0,1,34,2
T2,1,0,119,2
T3,2,0,27,2
T4,3,1,75,7
T5,4,0,47,2
T6,5,1,153,1
T7,6,1,168,2
T8,7,0,100,2
T9,8,0,200,5
T10,9,0,189,2
[241]
T1,0,0,200,2
T2,1,1,26,2
T3,2,0,150,1
T4,3,0,72,2
T5,4,0,70,1
T6,5,1,175,3
T7,6,1,105,2
T8,7,1,42,2
T9,8,0,28,1
T10,9,0,155,8
[242]
T1,0,1,138,2
T2,1,0,168,2
T3,2,1,42,2
T4,3,0,138,2
T5,4,0,180,10
T6,5,0,200,4
T7,6,1,90,4
T8,7,0,23,2
T9,8,0,25,2
T10,9,1,161,3
[243]
T1,0,1,40,2
T2,1,1,75,2
T3,2,1,36,1
T4,3,0,200,10
T5,4,1,108,1
T6,5,0,195,2
T7,6,0,22,2
T8,7,0,80,2
T9,8,1,182,2
T10,9,1,150,6
[244]
T1,0,0,160,1
T2,1,1,200,3
T3,2,0,168,7
T4,3,0,28,2
T5,4,0,175,2
T6,5,1,63,1
T7,6,0,50,2
T8,7,0,99,2
T9,8,0,30,2
T10,9,1,80,2
[245]
T1,0,0,200,1
T2,1,1,55,2
T3,2,0,42,2
T4,3,0,105,2
T5,4,1,190,2
T6,5,0,28,2
T7,6,1,152,2
T8,7,0,44,1
T9,8,0,168,1
T10,9,1,75,1
[246]
T1,0,0,108,5
T2,1,0,112,2
T3,2,0,72,2
T4,3,0,156,2
T5,4,0,182,2
T6,5,1,200,6
T7,6,1,40,1
T8,7,1,40,2
T9,8,1,195,3
T10,9,0,25,2
[247]
T1,0,1,126,3
T2,1,1,26,2
T3,2,0,182,8
T4,3,0,160,5
T5,4,1,140,1
T6,5,0,200,4
T7,6,0,51,2
T8,7,1,45,2
T9,8,0,144,7
T10,9,1,150,2
[248]
T1,0,1,78,2
T2,1,1,49,1
T3,2,1,104,5
T4,3,0,170,3
T5,4,0,39,2
T6,5,0,34,2
T7,6,1,60,2
T8,7,0,153,4
T9,8,1,180,3
T10,9,1,200,2
[249]
T1,0,0,165,5
T2,1,0,175,2
T3,2,0,50,1
T4,3,0,176,3
T5,4,0,20,2
T6,5,1,23,2
T7,6,0,60,1
T8,7,0,200,2
T9,8,1,108,2
T10,9,0,60,2
[250]
T1,0,0,63,1
T2,1,1,70,2
T3,2,1,30,2
T4,3,1,175,2
T5,4,0,21,2
T6,5,1,200,1
T7,6,1,42,2
T8,7,0,72,2
T9,8,1,171,2
T10,9,1,175,2
[251]
T1,0,0,136,5
T2,1,0,200,4
T3,2,0,150,2
T4,3,0,168,7
T5,4,0,70,2
T6,5,0,105,3
T7,6,1,52,2
T8,7,1,21,2
T9,8,0,189,9
T10,9,1,42,2
[252]
T1,0,0,200,2
T2,1,1,20,1
T3,2,1,100,1
T4,3,0,132,1
T5,4,0,125,1
T6,5,1,154,4
T7,6,1,31,2
T8,7,1,35,2
T9,8,0,176,1
T10,9,1,175,2
[253]
T1,0,1,152,2
T2,1,0,200,3
T3,2,1,23,2
T4,3,1,28,2
T5,4,1,21,2
T6,5,0,80,2
T7,6,0,160,3
T8,7,0,60,2
T9,8,1,144,2
T10,9,1,150,11
[254]
T1,0,1,200,2
T2,1,1,62,2
T3,2,0,20,2
T4,3,1,160,1
T5,4,0,26,2
T6,5,1,150,4
T7,6,1,52,2
T8,7,1,62,2
T9,8,1,195,3
T10,9,1,96,2
[255]
T1,0,1,187,9
T2,1,0,77,1
T3,2,0,168,1
T4,3,0,42,2
T5,4,1,140,2
T6,5,0,187,2
T7,6,0,22,2
T8,7,1,119,5
T9,8,1,23,2
T10,9,0,200,3
[256]
T1,0,0,171,1
T2,1,1,35,2
T3,2,0,20,2
T4,3,0,175,7
T5,4,0,60,2
T6,5,0,96,3
T7,6,0,200,6
T8,7,1,140,1
T9,8,0,152,2
T10,9,0,50,2
[257]
T1,0,0,42,2
T2,1,1,60,2
T3,2,1,56,2
T4,3,0,162,19
T5,4,0,200,3
T6,5,1,144,2
T7,6,0,45,2
T8,7,0,180,2
T9,8,1,51,2
T10,9,0,168,2
[258]
T1,0,1,154,3
T2,1,0,56,3
T3,2,0,160,1
T4,3,1,154,7
T5,4,0,90,1
T6,5,1,200,2
T7,6,0,50,2
T8,7,1,140,2
T9,8,1,41,2
T10,9,1,20,2
[259]
T1,0,0,23,2
T2,1,0,150,2
T3,2,1,154,1
T4,3,1,48,1
T5,4,0,112,2
T6,5,1,60,1
T7,6,1,168,2
T8,7,1,75,1
T9,8,1,28,2
T10,9,0,200,17
[260]
T1,0,1,32,2
T2,1,1,144,6
T3,2,0,150,2
T4,3,0,81,1
T5,4,0,156,4
T6,5,1,200,7
T7,6,1,104,1
T8,7,1,36,2
T9,8,1,39,2
T10,9,1,160,1
[261]
T1,0,0,150,2
T2,1,0,198,3
T3,2,1,135,2
T4,3,1,192,13
T5,4,1,60,2
T6,5,0,24,2
T7,6,0,45,1
T8,7,0,20,2
T9,8,1,64,2
T10,9,0,200,1
[262]
T1,0,0,28,2
T2,1,0,40,1
T3,2,0,72,2
T4,3,1,80,2
T5,4,1,189,3
T6,5,0,165,4
T7,6,1,198,3
T8,7,0,80,1
T9,8,1,42,1
T10,9,1,200,2
[263]
T1,0,0,176,1
T2,1,0,28,2
T3,2,1,42,2
T4,3,0,77,1
T5,4,1,26,1
T6,5,1,150,6
T7,6,0,75,2
T8,7,1,196,1
T9,8,0,100,3
T10,9,1,200,5
[264]
T1,0,0,84,2
T2,1,1,161,3
T3,2,0,49,2
T4,3,1,140,3
T5,4,1,175,3
T6,5,1,34,2
T7,6,1,200,2
T8,7,0,50,2
T9,8,1,184,4
T10,9,1,120,4
[265]
T1,0,0,200,2
T2,1,1,44,2
T3,2,1,195,8
T4,3,0,150,5
T5,4,0,46,2
T6,5,0,88,2
T7,6,0,26,2
T8,7,1,75,2
T9,8,0,77,1
T10,9,0,150,6
[266]
T1,0,1,200,2
T2,1,1,90,1
T3,2,0,20,2
T4,3,1,79,1
T5,4,1,180,2
T6,5,1,60,2
T7,6,0,45,2
T8,7,1,175,7
T9,8,1,21,2
T10,9,0,175,3
[267]
T1,0,0,66,3
T2,1,0,23,2
T3,2,0,55,2
T4,3,1,126,1
T5,4,0,22,2
T6,5,1,200,2
T7,6,1,22,2
T8,7,0,150,5
T9,8,0,150,1
T10,9,0,196,4
[268]
T1,0,0,90,2
T2,1,1,45,1
T3,2,1,112,2
T4,3,1,32,2
T5,4,0,180,5
T6,5,0,180,2
T7,6,0,55,2
T8,7,0,200,1
T9,8,1,35,2
T10,9,0,150,2
[269]
T1,0,1,200,3
T2,1,1,54,2
T3,2,0,66,2
T4,3,1,39,2
T5,4,1,48,3
T6,5,1,135,2
T7,6,0,44,2
T8,7,1,180,6
T9,8,1,154,1
T10,9,1,175,1
[270]
T1,0,1,108,4
T2,1,0,170,7
T3,2,1,90,2
T4,3,0,200,12
T5,4,1,54,2
T6,5,1,168,2
T7,6,0,45,2
T8,7,0,56,1
T9,8,0,33,2
T10,9,0,175,2
[271]
T1,0,0,104,2
T2,1,1,200,2
T3,2,1,175,2
T4,3,1,117,4
T5,4,0,54,2
T6,5,1,28,2
T7,6,1,175,1
T8,7,1,182,9
T9,8,0,70,2
T10,9,0,53,2
[272]
T1,0,0,70,2
T2,1,1,50,2
T3,2,1,195,6
T4,3,1,108,2
T5,4,0,50,2
T6,5,1,48,2
T7,6,0,175,10
T8,7,0,189,8
T9,8,0,200,3
T10,9,1,91,2
[273]
T1,0,0,195,11
T2,1,1,200,1
T3,2,1,53,2
T4,3,1,28,1
T5,4,0,42,2
T6,5,0,168,2
T7,6,0,102,2
T8,7,1,140,2
T9,8,1,156,2
T10,9,0,70,2
[274]
T1,0,1,28,2
T2,1,1,200,4
T3,2,1,164,8
T4,3,0,35,2
T5,4,1,45,2
T6,5,0,84,2
T7,6,0,112,1
T8,7,1,84,2
T9,8,0,164,3
T10,9,0,150,6
[275]
T1,0,0,28,2
T2,1,0,40,1
T3,2,0,120,2
T4,3,0,198,6
T5,4,0,132,2
T6,5,0,185,11
T7,6,1,22,2
T8,7,1,150,2
T9,8,0,200,6
T10,9,0,66,2
[276]
T1,0,0,43,2
T2,1,0,156,2
T3,2,0,27,1
T4,3,0,195,3
T5,4,1,36,2
T6,5,1,54,2
T7,6,0,75,1
T8,7,1,200,3
T9,8,0,90,2
T10,9,1,169,4
[277]
T1,0,1,24,2
T2,1,0,165,2
T3,2,1,200,4
T4,3,1,198,4
T5,4,1,72,2
T6,5,1,51,2
T7,6,0,110,2
T8,7,0,140,2
T9,8,1,32,2
T10,9,1,180,7
[278]
T1,0,0,20,2
T2,1,1,180,7
T3,2,1,150,2
T4,3,0,120,2
T5,4,0,21,2
T6,5,1,200,2
T7,6,1,171,10
T8,7,0,88,2
T9,8,0,38,2
T10,9,1,144,4
[279]
T1,0,0,165,3
T2,1,1,88,2
T3,2,1,200,8
T4,3,0,165,2
T5,4,0,44,2
T6,5,1,25,2
T7,6,1,154,4
T8,7,1,35,2
T9,8,1,78,1
T10,9,1,78,2
[280]
T1,0,0,75,2
T2,1,0,32,2
T3,2,0,104,2
T4,3,0,30,2
T5,4,0,30,1
T6,5,0,200,7
T7,6,0,195,1
T8,7,1,160,2
T9,8,1,75,3
T10,9,0,170,4
[281]
T1,0,0,168,2
T2,1,1,20,2
T3,2,1,48,1
T4,3,1,192,4
T5,4,1,56,2
T6,5,0,75,1
T7,6,1,39,1
T8,7,0,192,2
T9,8,1,200,4
T10,9,0,65,1
[282]
T1,0,1,44,2
T2,1,1,23,2
T3,2,1,110,1
T4,3,1,159,2
T5,4,0,150,1
T6,5,1,159,2
T7,6,0,200,7
T8,7,0,88,2
T9,8,1,66,5
T10,9,1,25,2
[283]
T1,0,0,105,1
T2,1,1,195,10
T3,2,0,52,2
T4,3,0,136,1
T5,4,0,195,2
T6,5,0,200,4
T7,6,1,34,2
T8,7,0,84,2
T9,8,1,156,4
T10,9,0,40,1
[284]
T1,0,1,176,2
T2,1,0,132,2
T3,2,1,200,10
T4,3,0,54,2
T5,4,0,154,1
T6,5,1,22,2
T7,6,0,22,2
T8,7,1,28,2
T9,8,1,165,5
T10,9,1,100,2
[285]
T1,0,1,105,2
T2,1,1,156,1
T3,2,0,168,10
T4,3,0,35,1
T5,4,1,200,3
T6,5,0,91,2
T7,6,1,45,2
T8,7,1,154,2
T9,8,0,50,2
T10,9,1,130,4
[286]
T1,0,1,90,1
T2,1,1,126,2
T3,2,1,154,2
T4,3,1,42,2
T5,4,0,24,2
T6,5,1,55,2
T7,6,1,150,6
T8,7,0,154,3
T9,8,0,200,2
T10,9,1,44,2
[287]
T1,0,1,42,1
T2,1,0,56,2
T3,2,1,58,1
T4,3,0,56,2
T5,4,1,200,3
T6,5,1,192,2
T7,6,0,175,2
T8,7,0,175,5
T9,8,0,32,2
T10,9,0,34,2
[288]
T1,0,1,40,2
T2,1,0,38,2
T3,2,0,200,2
T4,3,1,76,2
T5,4,1,100,2
T6,5,1,156,4
T7,6,1,52,2
T8,7,1,96,2
T9,8,1,160,2
T10,9,0,156,2
[289]
T1,0,1,96,2
T2,1,1,36,2
T3,2,0,195,2
T4,3,1,78,2
T5,4,1,180,4
T6,5,1,28,1
T7,6,1,200,5
T8,7,0,65,2
T9,8,1,175,1
T10,9,0,48,2
[290]
T1,0,0,55,2
T2,1,1,43,2
T3,2,1,200,2
T4,3,1,55,2
T5,4,1,22,2
T6,5,1,39,2
T7,6,0,72,2
T8,7,0,180,1
T9,8,1,156,10
T10,9,0,150,6
[291]
T1,0,0,200,2
T2,1,0,75,2
T3,2,0,153,4
T4,3,0,180,2
T5,4,1,35,2
T6,5,1,90,1
T7,6,0,189,1
T8,7,1,50,2
T9,8,0,30,1
T10,9,0,60,2
[292]
T1,0,0,175,1
T2,1,1,50,2
T3,2,0,168,4
T4,3,0,47,1
T5,4,1,38,1
T6,5,1,108,1
T7,6,1,133,1
T8,7,1,150,2
T9,8,1,200,1
T10,9,1,72,4
[293]
T1,0,1,154,2
T2,1,0,200,9
T3,2,0,135,2
T4,3,1,140,3
T5,4,0,28,2
T6,5,1,45,2
T7,6,1,150,2
T8,7,0,66,1
T9,8,1,175,11
T10,9,1,40,2
[294]
T1,0,0,84,2
T2,1,1,168,1
T3,2,0,35,2
T4,3,1,42,4
T5,4,1,180,3
T6,5,1,168,1
T7,6,0,120,2
T8,7,1,200,2
T9,8,0,119,1
T10,9,0,30,2
[295]
T1,0,0,168,2
T2,1,1,66,2
T3,2,1,200,2
T4,3,1,165,7
T5,4,0,40,2
T6,5,0,132,2
T7,6,1,20,2
T8,7,0,132,1
T9,8,0,196,9
T10,9,0,44,1
[296]
T1,0,0,39,1
T2,1,0,175,2
T3,2,0,147,1
T4,3,0,150,2
T5,4,0,200,5
T6,5,1,100,6
T7,6,1,156,6
T8,7,0,91,2
T9,8,0,24,2
T10,9,0,46,2
[297]
T1,0,1,175,8
T2,1,0,200,3
T3,2,1,85,2
T4,3,1,120,5
T5,4,0,85,2
T6,5,1,21,2
T7,6,1,36,2
T8,7,1,54,1
T9,8,1,160,2
T10,9,1,150,2
[298]
T1,0,1,156,2
T2,1,1,32,2
T3,2,0,20,2
T4,3,0,200,2
T5,4,0,182,2
T6,5,1,80,3
T7,6,1,156,3
T8,7,1,78,3
T9,8,0,30,2
T10,9,0,70,2
[299]
T1,0,1,150,10
T2,1,0,195,3
T3,2,1,30,2
T4,3,1,60,2
T5,4,1,64,1
T6,5,1,200,5
T7,6,1,38,2
T8,7,1,50,2
T9,8,0,195,2
T10,9,0,96,2
[300]
T1,0,1,96,2
T2,1,0,160,6
T3,2,0,140,1
T4,3,0,192,8
T5,4,1,160,1
T6,5,1,91,2
T7,6,0,40,1
T8,7,0,52,2
T9,8,1,200,4
T10,9,1,24,2
[301]
T1,0,0,27,2
T2,1,1,132,7
T3,2,1,77,2
T4,3,1,140,2
T5,4,1,180,1
T6,5,1,35,2
T7,6,0,200,3
T8,7,0,189,3
T9,8,0,176,2
T10,9,1,49,2
[302]
T1,0,1,56,2
T2,1,0,56,1
T3,2,0,184,2
T4,3,0,184,8
T5,4,1,38,2
T6,5,1,182,5
T7,6,1,100,1
T8,7,1,23,2
T9,8,0,26,2
T10,9,1,200,6
[303]
T1,0,0,152,7
T2,1,1,84,2
T3,2,1,200,9
T4,3,0,150,2
T5,4,0,70,2
T6,5,0,33,2
T7,6,1,60,2
T8,7,0,43,2
T9,8,0,21,2
T10,9,0,190,1
[304]
T1,0,0,195,2
T2,1,0,88,2
T3,2,0,80,1
T4,3,1,198,8
T5,4,1,143,1
T6,5,1,44,2
T7,6,0,25,2
T8,7,0,156,4
T9,8,1,200,7
T10,9,0,33,1
[305]
T1,0,0,156,3
T2,1,0,39,4
T3,2,1,182,3
T4,3,1,45,1
T5,4,1,140,2
T6,5,1,42,2
T7,6,1,165,2
T8,7,1,200,2
T9,8,1,91,1
T10,9,0,130,2
[306]
T1,0,1,100,2
T2,1,1,200,3
T3,2,1,20,2
T4,3,0,195,1
T5,4,1,78,3
T6,5,0,26,1
T7,6,1,150,2
T8,7,1,168,1
T9,8,1,130,2
T10,9,1,33,2
[307]
T1,0,0,150,13
T2,1,1,54,2
T3,2,0,39,2
T4,3,0,20,2
T5,4,0,130,2
T6,5,1,26,2
T7,6,1,168,5
T8,7,0,65,2
T9,8,1,195,2
T10,9,0,200,1
[308]
T1,0,1,160,5
T2,1,1,162,2
T3,2,0,42,2
T4,3,0,72,4
T5,4,0,200,2
T6,5,0,80,2
T7,6,1,30,1
T8,7,1,25,2
T9,8,0,189,2
T10,9,1,75,2
[309]
T1,0,0,56,2
T2,1,1,56,2
T3,2,0,180,2
T4,3,0,200,16
T5,4,1,72,5
T6,5,0,33,2
T7,6,1,154,2
T8,7,1,196,2
T9,8,1,25,2
T10,9,1,49,2
[310]
T1,0,0,45,2
T2,1,1,200,1
T3,2,0,104,2
T4,3,0,112,2
T5,4,1,195,12
T6,5,1,195,1
T7,6,1,168,3
T8,7,1,20,2
T9,8,0,117,3
T10,9,0,36,1
[311]
T1,0,0,180,1
T2,1,0,140,1
T3,2,0,110,4
T4,3,1,200,2
T5,4,0,50,3
T6,5,1,165,2
T7,6,0,154,2
T8,7,1,60,2
T9,8,1,45,2
T10,9,0,53,2
[312]
T1,0,1,130,1
T2,1,0,130,2
T3,2,0,150,4
T4,3,1,200,1
T5,4,1,52,2
T6,5,0,168,12
T7,6,0,39,2
T8,7,1,140,2
T9,8,1,20,2
T10,9,0,168,2
[313]
T1,0,1,175,2
T2,1,1,152,2
T3,2,1,200,2
T4,3,0,50,2
T5,4,1,126,2
T6,5,0,63,1
T7,6,1,42,1
T8,7,0,152,1
T9,8,1,105,5
T10,9,1,27,2
[314]
T1,0,0,105,1
T2,1,0,148,2
T3,2,0,175,5
T4,3,1,200,2
T5,4,1,56,2
T6,5,0,32,2
T7,6,1,21,1
T8,7,0,37,2
T9,8,0,185,5
T10,9,1,96,1
[315]
T1,0,1,24,2
T2,1,1,25,2
T3,2,1,150,6
T4,3,1,152,2
T5,4,0,200,4
T6,5,1,34,2
T7,6,1,76,2
T8,7,0,171,2
T9,8,1,85,2
T10,9,1,75,2
[316]
T1,0,1,135,2
T2,1,1,63,2
T3,2,0,48,2
T4,3,1,180,1
T5,4,0,200,2
T6,5,1,180,4
T7,6,0,80,2
T8,7,1,192,6
T9,8,0,31,2
T10,9,0,40,2
[317]
T1,0,1,200,2
T2,1,1,21,2
T3,2,0,154,2
T4,3,0,112,2
T5,4,0,88,6
T6,5,0,196,2
T7,6,0,176,2
T8,7,1,48,1
T9,8,0,110,1
T10,9,0,31,2
[318]
T1,0,1,152,2
T2,1,1,133,1
T3,2,1,150,7
T4,3,0,63,1
T5,4,0,140,3
T6,5,0,42,2
T7,6,0,48,2
T8,7,0,200,10
T9,8,0,168,1
T10,9,1,28,2
[319]
T1,0,0,28,2
T2,1,0,144,5
T3,2,1,154,2
T4,3,0,176,6
T5,4,0,176,6
T6,5,0,135,2
T7,6,0,39,2
T8,7,1,20,2
T9,8,0,200,2
T10,9,0,88,2
[320]
T1,0,1,105,2
T2,1,1,42,2
T3,2,1,98,1
T4,3,0,40,1
T5,4,0,150,3
T6,5,0,165,4
T7,6,1,72,2
T8,7,0,180,3
T9,8,0,200,6
T10,9,0,33,2
[321]
T1,0,1,152,2
T2,1,1,44,2
T3,2,0,70,2
T4,3,1,132,4
T5,4,1,154,1
T6,5,0,40,2
T7,6,0,200,4
T8,7,1,152,9
T9,8,0,22,2
T10,9,1,60,1
[322]
T1,0,1,25,2
T2,1,1,53,2
T3,2,0,126,1
T4,3,1,196,2
T5,4,0,105,3
T6,5,0,150,4
T7,6,0,80,2
T8,7,0,48,2
T9,8,1,200,13
T10,9,0,150,1
[323]
T1,0,0,46,1
T2,1,1,156,2
T3,2,0,25,2
T4,3,1,75,2
T5,4,1,156,2
T6,5,0,150,12
T7,6,1,32,2
T8,7,0,75,1
T9,8,1,120,3
T10,9,0,200,2
[324]
T1,0,0,126,2
T2,1,0,135,9
T3,2,1,126,1
T4,3,1,27,1
T5,4,0,200,1
T6,5,1,160,2
T7,6,1,175,2
T8,7,1,160,6
T9,8,1,32,2
T10,9,1,29,2
[325]
T1,0,0,45,2
T2,1,1,200,2
T3,2,0,180,19
T4,3,1,41,2
T5,4,1,45,2
T6,5,1,100,1
T7,6,0,62,2
T8,7,1,150,2
T9,8,0,96,2
T10,9,0,150,3
[326]
T1,0,1,30,2
T2,1,0,75,1
T3,2,1,66,2
T4,3,0,195,2
T5,4,0,150,6
T6,5,0,200,1
T7,6,0,34,1
T8,7,0,55,2
T9,8,0,195,2
T10,9,0,28,2
[327]
T1,0,0,70,1
T2,1,1,24,1
T3,2,1,150,1
T4,3,0,24,2
T5,4,1,200,1
T6,5,0,61,2
T7,6,1,168,3
T8,7,0,150,2
T9,8,0,46,1
T10,9,0,100,1
[328]
T1,0,1,168,3
T2,1,1,42,2
T3,2,0,42,2
T4,3,1,34,2
T5,4,1,200,11
T6,5,1,112,2
T7,6,0,175,2
T8,7,1,150,3
T9,8,1,56,1
T10,9,0,68,1
[329]
T1,0,0,120,2
T2,1,0,160,1
T3,2,0,180,1
T4,3,1,144,3
T5,4,0,175,2
T6,5,0,25,2
T7,6,0,147,8
T8,7,1,32,2
T9,8,0,200,2
T10,9,1,51,2
[330]
T1,0,0,49,2
T2,1,0,20,2
T3,2,0,120,3
T4,3,1,200,1
T5,4,0,198,2
T6,5,0,150,2
T7,6,0,72,1
T8,7,1,198,2
T9,8,1,35,1
T10,9,1,80,6
[331]
T1,0,0,160,3
T2,1,0,200,5
T3,2,1,112,2
T4,3,1,30,2
T5,4,1,22,2
T6,5,1,39,2
T7,6,1,160,2
T8,7,0,126,4
T9,8,0,117,2
T10,9,0,168,2
[332]
T1,0,0,200,4
T2,1,1,30,2
T3,2,1,66,2
T4,3,1,24,2
T5,4,0,165,3
T6,5,1,180,2
T7,6,0,99,4
T8,7,1,168,4
T9,8,0,56,2
T10,9,1,44,1
[333]
T1,0,0,120,5
T2,1,0,40,2
T3,2,0,200,4
T4,3,1,22,2
T5,4,0,165,1
T6,5,1,66,2
T7,6,1,23,2
T8,7,0,148,3
T9,8,0,132,8
T10,9,1,150,2
[334]
T1,0,0,96,1
T2,1,0,195,1
T3,2,0,105,2
T4,3,0,200,7
T5,4,1,175,2
T6,5,1,42,1
T7,6,1,40,1
T8,7,0,126,2
T9,8,1,182,1
T10,9,1,52,2
[335]
T1,0,0,100,3
T2,1,1,24,2
T3,2,1,152,2
T4,3,0,152,2
T5,4,0,180,1
T6,5,1,95,6
T7,6,1,21,2
T8,7,1,22,2
T9,8,0,200,2
T10,9,1,72,2
[336]
T1,0,0,23,2
T2,1,0,21,2
T3,2,1,126,2
T4,3,1,20,2
T5,4,1,135,1
T6,5,0,115,4
T7,6,0,200,3
T8,7,0,175,2
T9,8,0,175,6
T10,9,0,175,2
[337]
T1,0,1,184,1
T2,1,0,189,2
T3,2,0,189,3
T4,3,1,24,1
T5,4,0,126,2
T6,5,1,200,8
T7,6,1,90,1
T8,7,1,27,1
T9,8,1,29,2
T10,9,1,115,1
[338]
T1,0,0,156,3
T2,1,0,135,3
T3,2,0,91,2
T4,3,1,200,8
T5,4,0,28,2
T6,5,0,135,2
T7,6,1,22,2
T8,7,0,150,1
T9,8,1,182,2
T10,9,0,36,2
[339]
T1,0,1,165,2
T2,1,1,200,2
T3,2,0,40,2
T4,3,1,48,2
T5,4,0,156,2
T6,5,0,198,1
T7,6,1,135,6
T8,7,0,90,1
T9,8,1,36,3
T10,9,0,72,2
[340]
T1,0,1,70,2
T2,1,0,65,2
T3,2,0,36,1
T4,3,0,50,1
T5,4,0,20,1
T6,5,1,200,1
T7,6,1,150,1
T8,7,0,156,2
T9,8,1,70,2
T10,9,1,170,4
[341]
T1,0,0,170,10
T2,1,1,68,2
T3,2,1,28,2
T4,3,0,30,2
T5,4,1,84,2
T6,5,0,175,3
T7,6,0,24,2
T8,7,0,200,7
T9,8,0,110,2
T10,9,0,150,2
[342]
T1,0,0,27,2
T2,1,1,108,3
T3,2,1,200,1
T4,3,1,168,2
T5,4,0,168,13
T6,5,0,198,2
T7,6,0,48,2
T8,7,1,72,2
T9,8,0,36,2
T10,9,0,80,2
[343]
T1,0,1,40,2
T2,1,0,72,2
T3,2,0,180,2
T4,3,0,32,1
T5,4,0,180,2
T6,5,0,120,2
T7,6,1,45,2
T8,7,0,200,15
T9,8,1,153,2
T10,9,1,96,1
[344]
T1,0,0,200,2
T2,1,0,165,2
T3,2,0,198,4
T4,3,1,144,3
T5,4,1,132,2
T6,5,0,154,11
T7,6,1,77,2
T8,7,0,30,2
T9,8,0,32,2
T10,9,1,51,2
[345]
T1,0,1,168,3
T2,1,1,63,5
T3,2,1,30,2
T4,3,1,144,1
T5,4,1,184,1
T6,5,1,21,2
T7,6,1,200,3
T8,7,1,20,2
T9,8,0,115,2
T10,9,1,168,3
[346]
T1,0,1,175,2
T2,1,0,40,2
T3,2,0,36,2
T4,3,0,150,2
T5,4,1,200,2
T6,5,1,152,12
T7,6,1,28,2
T8,7,0,105,1
T9,8,0,84,2
T10,9,1,100,5
[347]
T1,0,0,200,5
T2,1,1,90,1
T3,2,0,24,2
T4,3,1,69,2
T5,4,1,189,2
T6,5,0,189,2
T7,6,0,168,7
T8,7,1,45,2
T9,8,0,25,2
T10,9,0,140,4
[348]
T1,0,1,150,2
T2,1,0,41,2
T3,2,1,56,1
T4,3,0,190,1
T5,4,1,45,2
T6,5,1,200,1
T7,6,1,35,2
T8,7,0,144,7
T9,8,0,90,4
T10,9,1,152,1
[349]
T1,0,1,200,1
T2,1,0,72,2
T3,2,0,35,1
T4,3,1,84,1
T5,4,1,20,2
T6,5,1,150,3
T7,6,0,84,2
T8,7,1,180,2
T9,8,1,21,2
T10,9,0,186,3
[350]
T1,0,0,45,1
T2,1,1,180,3
T3,2,0,46,2
T4,3,1,75,1
T5,4,1,189,2
T6,5,1,168,2
T7,6,0,200,3
T8,7,1,36,2
T9,8,1,60,4
T10,9,0,105,1
[351]
T1,0,0,150,2
T2,1,0,105,2
T3,2,1,70,2
T4,3,1,196,7
T5,4,1,150,2
T6,5,0,36,2
T7,6,0,28,2
T8,7,1,33,2
T9,8,1,200,5
T10,9,0,110,3
[352]
T1,0,1,160,2
T2,1,0,168,2
T3,2,1,150,2
T4,3,0,48,2
T5,4,0,64,2
T6,5,1,80,2
T7,6,0,30,2
T8,7,0,200,1
T9,8,0,69,1
T10,9,0,44,1
[353]
T1,0,1,200,1
T2,1,1,45,2
T3,2,0,26,2
T4,3,0,195,5
T5,4,1,130,4
T6,5,1,52,2
T7,6,0,192,7
T8,7,1,78,3
T9,8,1,104,1
T10,9,1,156,2
[354]
T1,0,0,98,1
T2,1,0,196,3
T3,2,0,40,2
T4,3,1,200,11
T5,4,1,42,2
T6,5,1,43,2
T7,6,1,84,2
T8,7,1,110,2
T9,8,0,168,2
T10,9,0,165,1
[355]
T1,0,0,200,4
T2,1,1,126,1
T3,2,0,70,3
T4,3,1,120,2
T5,4,0,45,2
T6,5,0,175,2
T7,6,1,196,5
T8,7,0,45,1
T9,8,0,180,5
T10,9,1,39,2
[356]
T1,0,1,75,1
T2,1,1,50,2
T3,2,1,156,2
T4,3,1,200,5
T5,4,0,156,2
T6,5,0,195,9
T7,6,1,26,2
T8,7,1,45,2
T9,8,1,70,2
T10,9,1,84,2
[357]
T1,0,0,195,18
T2,1,1,168,2
T3,2,0,22,2
T4,3,0,39,1
T5,4,1,104,1
T6,5,0,200,3
T7,6,1,65,1
T8,7,0,66,2
T9,8,1,30,2
T10,9,0,182,1
[358]
T1,0,1,35,1
T2,1,1,162,2
T3,2,1,43,1
T4,3,0,112,4
T5,4,0,120,2
T6,5,0,20,2
T7,6,1,200,2
T8,7,1,180,5
T9,8,1,60,1
T10,9,1,189,2
[359]
T1,0,0,168,2
T2,1,0,52,3
T3,2,1,78,2
T4,3,0,150,7
T5,4,1,78,2
T6,5,1,168,1
T7,6,1,29,2
T8,7,1,32,2
T9,8,0,200,1
T10,9,1,78,2
[360]
T1,0,1,176,2
T2,1,1,84,2
T3,2,0,44,1
T4,3,0,96,7
T5,4,1,175,7
T6,5,0,140,1
T7,6,0,150,1
T8,7,0,200,1
T9,8,0,45,2
T10,9,1,42,2
[361]
T1,0,1,44,2
T2,1,1,22,2
T3,2,1,175,1
T4,3,0,192,2
T5,4,0,25,2
T6,5,0,70,2
T7,6,1,200,13
T8,7,0,80,4
T9,8,1,192,1
T10,9,0,88,2
[362]
T1,0,0,156,2
T2,1,0,150,1
T3,2,0,132,2
T4,3,1,25,2
T5,4,0,51,2
T6,5,0,200,3
T7,6,0,96,2
T8,7,0,120,4
T9,8,1,33,2
T10,9,0,195,5
[363]
T1,0,1,165,2
T2,1,0,80,2
T3,2,0,60,2
T4,3,0,80,2
T5,4,0,36,2
T6,5,1,180,3
T7,6,0,49,2
T8,7,1,192,20
T9,8,1,200,2
T10,9,1,25,2
[364]
T1,0,1,156,1
T2,1,1,22,1
T3,2,1,175,4
T4,3,1,200,2
T5,4,0,140,1
T6,5,0,165,5
T7,6,0,30,2
T8,7,1,110,2
T9,8,0,140,2
T10,9,0,28,2
[365]
T1,0,0,60,2
T2,1,0,33,2
T3,2,0,55,2
T4,3,1,150,2
T5,4,0,176,2
T6,5,1,33,2
T7,6,1,200,4
T8,7,0,153,7
T9,8,1,33,1
T10,9,0,55,2
[366]
T1,0,0,156,2
T2,1,0,198,3
T3,2,0,39,2
T4,3,1,38,1
T5,4,0,165,1
T6,5,0,200,2
T7,6,1,104,1
T8,7,0,26,2
T9,8,0,80,1
T10,9,0,90,2
[367]
T1,0,1,55,2
T2,1,1,28,1
T3,2,1,75,2
T4,3,1,46,2
T5,4,1,65,2
T6,5,1,182,12
T7,6,1,200,2
T8,7,1,150,3
T9,8,0,195,2
T10,9,0,24,2
[368]
T1,0,1,200,4
T2,1,1,196,1
T3,2,1,72,1
T4,3,0,154,3
T5,4,0,40,2
T6,5,1,132,3
T7,6,1,45,1
T8,7,0,120,2
T9,8,1,175,1
T10,9,0,38,1
[369]
T1,0,1,160,1
T2,1,0,110,2
T3,2,1,45,1
T4,3,0,176,2
T5,4,0,20,1
T6,5,0,60,2
T7,6,0,77,1
T8,7,1,200,5
T9,8,0,41,2
T10,9,0,154,2
[370]
T1,0,1,28,1
T2,1,1,140,1
T3,2,0,200,5
T4,3,0,20,2
T5,4,1,27,2
T6,5,0,168,2
T7,6,0,140,2
T8,7,1,182,5
T9,8,1,182,9
T10,9,0,105,1
[371]
T1,0,0,150,1
T2,1,0,171,11
T3,2,1,190,2
T4,3,0,22,2
T5,4,0,75,2
T6,5,0,80,2
T7,6,1,30,2
T8,7,1,80,1
T9,8,0,200,1
T10,9,0,36,1
[372]
T1,0,1,33,2
T2,1,0,154,2
T3,2,0,88,2
T4,3,0,168,2
T5,4,1,200,2
T6,5,1,152,12
T7,6,0,56,2
T8,7,1,21,1
T9,8,0,20,2
T10,9,1,84,2
[373]
T1,0,1,165,6
T2,1,0,126,2
T3,2,1,198,2
T4,3,1,98,5
T5,4,1,50,2
T6,5,1,25,2
T7,6,0,45,2
T8,7,1,200,7
T9,8,1,100,1
T10,9,0,168,3
[374]
T1,0,0,180,2
T2,1,1,150,2
T3,2,0,200,3
T4,3,0,165,4
T5,4,0,26,1
T6,5,1,50,1
T7,6,1,110,1
T8,7,0,112,1
T9,8,0,30,2
T10,9,1,90,2
[375]
T1,0,1,20,2
T2,1,1,21,2
T3,2,1,200,1
T4,3,0,96,2
T5,4,1,55,2
T6,5,0,165,10
T7,6,1,180,7
T8,7,1,75,2
T9,8,1,35,2
T10,9,0,165,3
[376]
T1,0,1,80,2
T2,1,0,200,4
T3,2,0,88,2
T4,3,0,34,1
T5,4,0,176,5
T6,5,1,150,2
T7,6,0,39,2
T8,7,1,176,5
T9,8,0,40,2
T10,9,1,75,1
[377]
T1,0,0,30,2
T2,1,0,128,2
T3,2,1,175,2
T4,3,1,160,2
T5,4,0,175,3
T6,5,1,112,3
T7,6,0,50,2
T8,7,0,100,2
T9,8,0,200,4
T10,9,0,22,1
[378]
T1,0,0,75,2
T2,1,1,52,2
T3,2,1,84,1
T4,3,1,27,2
T5,4,0,156,11
T6,5,1,200,2
T7,6,0,182,4
T8,7,1,130,2
T9,8,0,26,1
T10,9,0,154,2
[379]
T1,0,0,200,8
T2,1,1,80,1
T3,2,1,130,1
T4,3,1,25,2
T5,4,0,22,2
T6,5,1,104,1
T7,6,0,25,2
T8,7,0,195,2
T9,8,1,156,1
T10,9,0,184,8
[380]
T1,0,1,80,6
T2,1,1,28,2
T3,2,1,32,2
T4,3,1,150,2
T5,4,0,150,2
T6,5,1,98,2
T7,6,1,96,3
T8,7,0,200,1
T9,8,1,168,3
T10,9,0,28,2
[381]
T1,0,1,70,2
T2,1,0,200,1
T3,2,0,63,2
T4,3,1,162,2
T5,4,0,24,2
T6,5,0,147,2
T7,6,0,25,2
T8,7,1,33,2
T9,8,0,196,2
T10,9,1,84,6
[382]
T1,0,0,37,2
T2,1,1,154,7
T3,2,1,120,2
T4,3,0,120,1
T5,4,1,200,2
T6,5,0,84,2
T7,6,0,198,12
T8,7,0,33,2
T9,8,1,176,1
T10,9,1,40,1
[383]
T1,0,0,150,2
T2,1,1,23,2
T3,2,1,20,2
T4,3,1,189,3
T5,4,0,200,1
T6,5,1,70,2
T7,6,1,70,1
T8,7,0,28,2
T9,8,0,56,1
T10,9,1,192,4
[384]
T1,0,0,175,1
T2,1,1,25,2
T3,2,1,132,2
T4,3,0,20,2
T5,4,1,144,2
T6,5,0,200,5
T7,6,0,198,2
T8,7,0,88,2
T9,8,1,21,2
T10,9,0,150,9
[385]
T1,0,0,42,2
T2,1,1,170,1
T3,2,0,164,5
T4,3,1,170,2
T5,4,1,200,6
T6,5,0,123,1
T7,6,1,120,2
T8,7,1,34,2
T9,8,0,60,4
T10,9,0,34,2
[386]
T1,0,1,165,2
T2,1,0,200,4
T3,2,1,168,1
T4,3,0,140,2
T5,4,0,40,2
T6,5,1,36,2
T7,6,0,154,4
T8,7,0,60,2
T9,8,1,41,2
T10,9,0,126,4
[387]
T1,0,1,120,1
T2,1,0,51,1
T3,2,1,25,1
T4,3,0,153,2
T5,4,1,88,3
T6,5,1,180,2
T7,6,1,200,1
T8,7,1,48,2
T9,8,0,165,4
T10,9,0,66,1
[388]
T1,0,1,160,3
T2,1,0,130,6
T3,2,0,50,2
T4,3,0,63,2
T5,4,1,200,1
T6,5,0,32,2
T7,6,0,182,2
T8,7,1,48,2
T9,8,1,90,2
T10,9,0,156,4
[389]
T1,0,0,42,2
T2,1,0,190,2
T3,2,1,200,6
T4,3,0,189,2
T5,4,0,90,1
T6,5,0,54,1
T7,6,0,40,2
T8,7,0,49,1
T9,8,0,63,2
T10,9,1,171,2
[390]
T1,0,0,35,2
T2,1,0,72,2
T3,2,0,165,4
T4,3,1,165,4
T5,4,1,200,6
T6,5,1,112,1
T7,6,0,33,2
T8,7,0,160,4
T9,8,0,28,1
T10,9,0,140,1
[391]
T1,0,1,90,1
T2,1,0,168,1
T3,2,0,56,2
T4,3,0,20,2
T5,4,0,49,2
T6,5,1,66,2
T7,6,0,160,1
T8,7,1,175,7
T9,8,0,40,2
T10,9,0,200,10
[392]
T1,0,0,175,1
T2,1,0,30,2
T3,2,1,190,2
T4,3,0,51,2
T5,4,0,30,2
T6,5,1,120,4
T7,6,0,100,2
T8,7,1,200,1
T9,8,1,66,2
T10,9,1,190,17
[393]
T1,0,0,154,1
T2,1,1,175,4
T3,2,0,66,1
T4,3,1,200,4
T5,4,0,42,2
T6,5,1,140,4
T7,6,1,110,2
T8,7,0,45,1
T9,8,0,34,2
T10,9,0,154,3
[394]
T1,0,1,182,2
T2,1,0,32,2
T3,2,0,30,2
T4,3,1,200,1
T5,4,0,180,2
T6,5,1,50,2
T7,6,0,80,1
T8,7,1,70,2
T9,8,0,160,4
T10,9,1,104,4
[395]
T1,0,0,55,2
T2,1,1,35,2
T3,2,0,180,2
T4,3,0,99,2
T5,4,0,200,6
T6,5,0,56,2
T7,6,1,28,2
T8,7,1,31,1
T9,8,1,150,5
T10,9,0,154,1
[396]
T1,0,0,25,2
T2,1,1,200,4
T3,2,1,96,6
T4,3,0,96,2
T5,4,0,24,2
T6,5,0,40,1
T7,6,0,180,3
T8,7,1,182,2
T9,8,1,180,2
T10,9,1,63,1
[397]
T1,0,1,21,2
T2,1,0,200,1
T3,2,1,82,3
T4,3,1,160,6
T5,4,0,48,2
T6,5,0,84,1
T7,6,1,175,2
T8,7,1,42,2
T9,8,1,105,2
T10,9,0,164,8
[398]
T1,0,0,35,2
T2,1,1,155,2
T3,2,1,105,3
T4,3,0,60,2
T5,4,1,36,2
T6,5,1,155,2
T7,6,1,40,2
T8,7,1,120,1
T9,8,1,200,1
T10,9,1,186,2
[399]
T1,0,1,130,2
T2,1,0,35,2
T3,2,0,20,2
T4,3,0,26,2
T5,4,1,168,4
T6,5,1,196,5
T7,6,0,200,2
T8,7,0,65,1
T9,8,1,195,3
T10,9,1,104,2
[400]
T1,0,1,126,7
T2,1,0,41,2
T3,2,0,42,1
T4,3,0,28,2
T5,4,0,108,1
T6,5,1,150,2
T7,6,0,200,1
T8,7,0,120,2
T9,8,1,198,4
T10,9,0,180,5
[401]
T1,0,1,45,1
T2,1,0,96,2
T3,2,0,176,8
T4,3,1,60,2
T5,4,0,160,5
T6,5,0,200,4
T7,6,0,20,2
T8,7,1,60,2
T9,8,0,192,7
T10,9,0,36,2
[402]
T1,0,1,180,2
T2,1,0,41,2
T3,2,1,28,2
T4,3,0,168,1
T5,4,1,135,2
T6,5,0,95,2
T7,6,1,36,2
T8,7,0,76,1
T9,8,0,168,2
T10,9,1,200,2
[403]
T1,0,1,200,5
T2,1,0,63,2
T3,2,0,160,1
T4,3,0,44,2
T5,4,1,160,2
T6,5,0,162,3
T7,6,0,50,2
T8,7,0,112,4
T9,8,0,35,2
T10,9,1,105,3
[404]
T1,0,1,34,2
T2,1,0,150,2
T3,2,1,200,1
T4,3,1,140,1
T5,4,0,175,2
T6,5,1,20,1
T7,6,0,33,2
T8,7,1,170,13
T9,8,1,80,2
T10,9,0,100,2
[405]
T1,0,0,195,2
T2,1,1,168,10
T3,2,0,110,1
T4,3,0,91,2
T5,4,1,30,2
T6,5,0,30,2
T7,6,1,37,1
T8,7,0,120,1
T9,8,1,154,9
T10,9,0,200,2
[406]
T1,0,1,200,4
T2,1,1,135,7
T3,2,0,195,1
T4,3,0,156,2
T5,4,0,20,2
T6,5,1,195,4
T7,6,0,40,1
T8,7,1,26,2
T9,8,1,66,2
T10,9,1,78,1
[407]
T1,0,1,200,4
T2,1,1,38,1
T3,2,0,150,2
T4,3,0,48,2
T5,4,1,90,1
T6,5,0,125,1
T7,6,0,196,3
T8,7,0,56,2
T9,8,1,168,5
T10,9,0,45,1
[408]
T1,0,0,33,2
T2,1,0,154,2
T3,2,1,30,2
T4,3,0,96,2
T5,4,1,44,2
T6,5,1,200,8
T7,6,1,100,2
T8,7,0,154,2
T9,8,1,175,6
T10,9,0,126,8
[409]
T1,0,0,180,5
T2,1,1,32,2
T3,2,0,132,2
T4,3,0,72,1
T5,4,0,56,2
T6,5,0,34,2
T7,6,0,200,1
T8,7,0,180,13
T9,8,0,180,2
T10,9,0,36,1
[410]
T1,0,1,90,2
T2,1,0,35,2
T3,2,0,144,2
T4,3,0,87,2
T5,4,0,150,8
T6,5,0,23,2
T7,6,0,168,2
T8,7,1,200,1
T9,8,1,150,2
T10,9,0,29,1
[411]
T1,0,1,200,5
T2,1,0,60,2
T3,2,1,195,2
T4,3,1,162,1
T5,4,1,48,1
T6,5,1,117,1
T7,6,0,36,2
T8,7,0,162,2
T9,8,1,96,4
T10,9,0,22,2
[412]
T1,0,0,156,2
T2,1,0,51,1
T3,2,0,60,2
T4,3,0,200,6
T5,4,1,100,3
T6,5,0,156,2
T7,6,0,100,2
T8,7,1,32,1
T9,8,1,153,4
T10,9,1,50,2
[413]
T1,0,0,184,1
T2,1,1,161,1
T3,2,0,200,3
T4,3,0,28,2
T5,4,1,21,2
T6,5,1,80,2
T7,6,1,20,2
T8,7,0,69,2
T9,8,0,161,2
T10,9,1,112,2
[414]
T1,0,1,162,2
T2,1,0,168,1
T3,2,1,100,2
T4,3,0,196,7
T5,4,0,49,1
T6,5,0,72,2
T7,6,1,20,2
T8,7,0,200,1
T9,8,0,54,2
T10,9,0,25,2
[415]
T1,0,1,114,1
T2,1,0,200,2
T3,2,0,133,3
T4,3,1,154,2
T5,4,0,152,3
T6,5,1,57,2
T7,6,1,44,2
T8,7,1,165,4
T9,8,1,50,3
T10,9,0,42,2
[416]
T1,0,0,40,2
T2,1,1,200,7
T3,2,1,40,2
T4,3,0,60,1
T5,4,0,158,6
T6,5,0,175,4
T7,6,1,150,2
T8,7,1,84,1
T9,8,0,90,1
T10,9,0,35,2
[417]
T1,0,0,195,1
T2,1,0,195,5
T3,2,1,70,1
T4,3,0,25,2
T5,4,1,43,2
T6,5,1,125,1
T7,6,0,140,4
T8,7,1,200,16
T9,8,0,45,2
T10,9,0,150,2
[418]
T1,0,0,36,2
T2,1,1,91,2
T3,2,0,200,13
T4,3,0,160,1
T5,4,1,156,3
T6,5,1,120,4
T7,6,1,195,5
T8,7,0,144,3
T9,8,1,25,2
T10,9,0,35,2
[419]
T1,0,1,84,1
T2,1,0,182,3
T3,2,0,20,2
T4,3,1,25,2
T5,4,0,84,2
T6,5,0,196,8
T7,6,1,200,3
T8,7,0,84,2
T9,8,0,182,6
T10,9,0,50,1
[420]
T1,0,1,29,2
T2,1,0,54,1
T3,2,1,189,12
T4,3,1,75,2
T5,4,1,150,1
T6,5,1,21,2
T7,6,0,68,2
T8,7,1,180,2
T9,8,1,30,2
T10,9,0,200,4
[421]
T1,0,0,96,1
T2,1,1,88,2
T3,2,0,175,3
T4,3,1,126,3
T5,4,0,198,2
T6,5,1,22,2
T7,6,0,50,1
T8,7,1,200,13
T9,8,1,32,2
T10,9,0,198,1
[422]
T1,0,0,112,2
T2,1,0,32,2
T3,2,1,192,4
T4,3,1,40,2
T5,4,1,34,1
T6,5,1,112,2
T7,6,1,136,1
T8,7,1,168,3
T9,8,0,200,2
T10,9,1,170,5
[423]
T1,0,1,144,3
T2,1,0,85,1
T3,2,0,175,7
T4,3,0,160,5
T5,4,0,42,2
T6,5,0,27,2
T7,6,0,56,1
T8,7,0,150,2
T9,8,1,30,2
T10,9,1,200,2
[424]
T1,0,0,198,3
T2,1,0,36,2
T3,2,0,60,4
T4,3,0,200,1
T5,4,0,75,2
T6,5,0,40,1
T7,6,0,150,2
T8,7,0,42,2
T9,8,1,99,2
T10,9,1,176,2
[425]
T1,0,0,84,1
T2,1,1,53,2
T3,2,1,170,2
T4,3,0,100,3
T5,4,0,42,2
T6,5,0,175,2
T7,6,0,200,7
T8,7,1,44,2
T9,8,0,175,7
T10,9,0,60,2
[426]
T1,0,0,200,1
T2,1,1,50,2
T3,2,0,55,1
T4,3,0,42,1
T5,4,1,90,2
T6,5,0,165,2
T7,6,0,90,2
T8,7,1,192,9
T9,8,1,27,1
T10,9,1,192,3
[427]
T1,0,1,200,1
T2,1,0,36,2
T3,2,1,120,2
T4,3,1,195,6
T5,4,0,52,1
T6,5,0,195,2
T7,6,0,76,3
T8,7,0,48,2
T9,8,1,114,4
T10,9,1,190,2
[428]
T1,0,1,200,1
T2,1,0,150,1
T3,2,0,160,1
T4,3,0,175,6
T5,4,1,40,2
T6,5,1,110,2
T7,6,1,50,3
T8,7,0,28,2
T9,8,0,80,2
T10,9,0,126,6
[429]
T1,0,0,189,2
T2,1,1,36,1
T3,2,0,132,2
T4,3,1,48,1
T5,4,1,108,1
T6,5,0,200,6
T7,6,1,176,3
T8,7,1,189,2
T9,8,1,23,2
T10,9,0,126,3
[430]
T1,0,0,189,2
T2,1,1,189,2
T3,2,0,80,1
T4,3,1,200,2
T5,4,1,198,3
T6,5,0,99,4
T7,6,0,27,2
T8,7,0,63,3
T9,8,1,44,2
T10,9,1,49,2
[431]
T1,0,1,90,2
T2,1,0,60,2
T3,2,0,39,2
T4,3,0,114,4
T5,4,0,30,2
T6,5,1,180,14
T7,6,1,189,2
T8,7,1,200,3
T9,8,1,40,2
T10,9,1,168,1
[432]
T1,0,0,132,5
T2,1,0,99,2
T3,2,0,160,3
T4,3,1,200,1
T5,4,1,49,2
T6,5,0,180,5
T7,6,1,140,5
T8,7,0,32,2
T9,8,0,165,3
T10,9,1,28,2
[433]
T1,0,1,150,2
T2,1,1,75,2
T3,2,1,42,2
T4,3,1,56,4
T5,4,1,79,2
T6,5,1,24,2
T7,6,0,200,2
T8,7,1,48,2
T9,8,0,175,12
T10,9,1,150,1
[434]
T1,0,0,184,9
T2,1,1,46,2
T3,2,1,138,2
T4,3,0,150,5
T5,4,1,60,2
T6,5,1,37,2
T7,6,0,200,2
T8,7,0,168,1
T9,8,1,80,2
T10,9,0,24,2
[435]
T1,0,0,156,2
T2,1,1,44,2
T3,2,0,156,2
T4,3,0,80,2
T5,4,1,110,2
T6,5,0,200,5
T7,6,1,33,2
T8,7,1,144,4
T9,8,0,165,5
T10,9,0,35,1
[436]
T1,0,1,32,1
T2,1,1,108,1
T3,2,1,20,2
T4,3,0,198,1
T5,4,0,162,5
T6,5,0,110,2
T7,6,0,200,2
T8,7,0,55,1
T9,8,0,36,2
T10,9,0,180,2
[437]
T1,0,0,200,3
T2,1,0,186,15
T3,2,0,29,2
T4,3,0,70,1
T5,4,0,175,2
T6,5,1,155,4
T7,6,1,75,2
T8,7,0,40,2
T9,8,0,72,1
T10,9,1,25,2
[438]
T1,0,1,25,2
T2,1,0,30,2
T3,2,1,200,2
T4,3,0,147,3
T5,4,1,162,1
T6,5,0,25,1
T7,6,1,108,2
T8,7,0,60,2
T9,8,1,150,2
T10,9,0,175,8
[439]
T1,0,0,135,3
T2,1,1,44,2
T3,2,1,165,1
T4,3,1,160,2
T5,4,1,120,2
T6,5,0,165,2
T7,6,1,45,1
T8,7,0,200,5
T9,8,1,49,1
T10,9,1,80,1
[440]
T1,0,0,120,1
T2,1,0,170,2
T3,2,0,44,2
T4,3,0,170,1
T5,4,1,200,2
T6,5,1,38,2
T7,6,0,50,2
T8,7,0,75,1
T9,8,1,152,7
T10,9,1,125,2
[441]
T1,0,1,57,2
T2,1,1,28,2
T3,2,0,38,2
T4,3,1,72,1
T5,4,1,168,9
T6,5,1,27,2
T7,6,1,168,2
T8,7,0,200,6
T9,8,0,175,3
T10,9,1,72,1
[442]
T1,0,0,135,3
T2,1,0,200,1
T3,2,1,189,8
T4,3,0,40,2
T5,4,0,49,2
T6,5,0,108,2
T7,6,0,21,2
T8,7,0,162,2
T9,8,0,168,2
T10,9,0,140,6
[443]
T1,0,0,26,2
T2,1,0,45,1
T3,2,0,96,3
T4,3,0,150,1
T5,4,1,42,2
T6,5,0,180,2
T7,6,0,104,2
T8,7,1,117,1
T9,8,0,168,2
T10,9,1,200,2
[444]
T1,0,1,81,1
T2,1,1,135,3
T3,2,1,150,6
T4,3,0,48,1
T5,4,1,35,2
T6,5,1,165,3
T7,6,0,200,2
T8,7,0,44,2
T9,8,0,54,1
T10,9,1,162,4
[445]
T1,0,0,28,1
T2,1,0,144,2
T3,2,0,48,2
T4,3,1,35,2
T5,4,0,160,2
T6,5,1,200,2
T7,6,1,176,4
T8,7,0,90,2
T9,8,0,60,2
T10,9,1,165,1
[446]
T1,0,0,60,1
T2,1,1,189,2
T3,2,0,175,2
T4,3,1,60,2
T5,4,0,26,2
T6,5,0,150,1
T7,6,0,52,2
T8,7,1,200,3
T9,8,1,30,1
T10,9,1,104,2
[447]
T1,0,1,21,2
T2,1,0,77,2
T3,2,1,25,2
T4,3,1,45,2
T5,4,0,168,5
T6,5,1,196,11
T7,6,0,56,2
T8,7,0,200,2
T9,8,1,75,4
T10,9,0,180,2
[448]
T1,0,1,50,3
T2,1,1,50,2
T3,2,1,200,2
T4,3,1,60,2
T5,4,1,124,3
T6,5,1,65,2
T7,6,0,150,2
T8,7,1,156,1
T9,8,0,160,9
T10,9,0,28,2
[449]
T1,0,1,21,2
T2,1,0,154,5
T3,2,0,20,2
T4,3,1,175,3
T5,4,0,90,2
T6,5,0,84,2
T7,6,0,90,1
T8,7,0,160,2
T9,8,1,200,2
T10,9,1,45,2
[450]
T1,0,1,96,2
T2,1,0,200,6
T3,2,0,76,2
T4,3,1,20,1
T5,4,0,32,2
T6,5,0,21,2
T7,6,1,70,1
T8,7,1,152,2
T9,8,1,160,2
T10,9,1,160,2
[451]
T1,0,1,42,2
T2,1,1,176,6
T3,2,1,50,2
T4,3,0,126,2
T5,4,1,90,2
T6,5,1,189,5
T7,6,0,200,1
T8,7,1,88,2
T9,8,0,34,2
T10,9,0,198,2
[452]
T1,0,0,176,6
T2,1,0,63,2
T3,2,1,40,2
T4,3,0,198,7
T5,4,1,77,2
T6,5,1,21,2
T7,6,0,200,1
T8,7,0,176,1
T9,8,0,21,2
T10,9,0,105,3
[453]
T1,0,0,154,1
T2,1,1,200,1
T3,2,0,42,1
T4,3,0,55,2
T5,4,1,50,2
T6,5,0,70,1
T7,6,1,187,1
T8,7,1,105,3
T9,8,1,154,3
T10,9,1,51,1
[454]
T1,0,0,40,1
T2,1,0,66,1
T3,2,0,22,2
T4,3,0,68,2
T5,4,1,165,4
T6,5,0,180,2
T7,6,1,40,2
T8,7,0,200,4
T9,8,1,85,2
T10,9,0,165,4
[455]
T1,0,1,160,1
T2,1,0,200,3
T3,2,0,28,2
T4,3,0,198,6
T5,4,0,40,2
T6,5,1,128,1
T7,6,1,150,4
T8,7,1,99,2
T9,8,1,66,1
T10,9,1,24,2
[456]
T1,0,1,130,1
T2,1,1,200,7
T3,2,1,39,2
T4,3,0,55,1
T5,4,0,156,2
T6,5,1,195,11
T7,6,0,35,2
T8,7,1,150,2
T9,8,1,45,2
T10,9,1,75,2
[457]
T1,0,0,51,1
T2,1,1,45,1
T3,2,0,160,2
T4,3,0,112,2
T5,4,1,192,9
T6,5,1,90,2
T7,6,1,135,2
T8,7,1,35,2
T9,8,0,168,7
T10,9,0,200,1
[458]
T1,0,0,24,2
T2,1,0,99,2
T3,2,1,200,2
T4,3,1,32,1
T5,4,0,192,1
T6,5,1,176,2
T7,6,1,80,4
T8,7,0,180,3
T9,8,1,100,2
T10,9,0,50,2
[459]
T1,0,1,176,1
T2,1,0,130,2
T3,2,0,78,1
T4,3,1,156,10
T5,4,0,30,2
T6,5,0,200,1
T7,6,0,34,2
T8,7,1,144,4
T9,8,0,176,3
T10,9,0,44,2
[460]
T1,0,1,60,2
T2,1,0,140,2
T3,2,1,75,5
T4,3,1,20,2
T5,4,1,32,2
T6,5,1,200,1
T7,6,0,180,2
T8,7,0,53,2
T9,8,0,180,4
T10,9,1,160,3
[461]
T1,0,0,175,2
T2,1,1,102,3
T3,2,1,56,1
T4,3,1,32,2
T5,4,1,175,2
T6,5,0,42,1
T7,6,1,33,1
T8,7,0,150,2
T9,8,0,96,2
T10,9,0,200,3
[462]
T1,0,0,105,2
T2,1,0,200,1
T3,2,0,189,12
T4,3,1,184,3
T5,4,0,126,1
T6,5,1,161,2
T7,6,0,50,2
T8,7,0,27,2
T9,8,1,115,2
T10,9,0,33,2
[463]
T1,0,0,44,2
T2,1,1,175,2
T3,2,0,66,5
T4,3,0,196,5
T5,4,1,39,2
T6,5,0,63,2
T7,6,1,99,2
T8,7,0,25,2
T9,8,1,200,8
T10,9,1,147,1
[464]
T1,0,0,36,2
T2,1,0,81,2
T3,2,1,189,1
T4,3,0,200,4
T5,4,0,63,2
T6,5,0,37,2
T7,6,0,81,5
T8,7,1,50,2
T9,8,0,168,1
T10,9,1,192,2
[465]
T1,0,1,20,2
T2,1,0,50,2
T3,2,1,189,1
T4,3,1,200,2
T5,4,1,55,2
T6,5,0,154,8
T7,6,0,112,2
T8,7,0,35,2
T9,8,1,154,3
T10,9,1,100,4
[466]
T1,0,1,187,2
T2,1,1,200,1
T3,2,0,120,1
T4,3,0,42,1
T5,4,0,50,1
T6,5,1,187,4
T7,6,0,50,2
T8,7,0,55,2
T9,8,1,170,1
T10,9,1,110,2
[467]
T1,0,0,49,2
T2,1,0,200,2
T3,2,1,150,2
T4,3,0,40,2
T5,4,0,175,9
T6,5,1,112,2
T7,6,0,37,2
T8,7,1,175,3
T9,8,1,132,1
T10,9,1,88,2
[468]
T1,0,0,35,2
T2,1,0,63,1
T3,2,0,50,1
T4,3,0,176,9
T5,4,1,108,2
T6,5,1,37,2
T7,6,1,175,2
T8,7,0,165,2
T9,8,0,56,1
T10,9,1,200,2
[469]
T1,0,1,147,2
T2,1,0,31,2
T3,2,0,50,1
T4,3,1,35,2
T5,4,1,200,4
T6,5,0,133,7
T7,6,1,175,1
T8,7,1,152,3
T9,8,0,60,1
T10,9,1,147,2
[470]
T1,0,0,74,3
T2,1,1,120,6
T3,2,0,185,2
T4,3,1,26,2
T5,4,0,148,2
T6,5,0,148,2
T7,6,0,20,2
T8,7,0,37,1
T9,8,0,75,1
T10,9,0,200,1
[471]
T1,0,0,41,2
T2,1,1,200,6
T3,2,0,192,3
T4,3,0,28,2
T5,4,1,175,2
T6,5,0,126,5
T7,6,1,21,2
T8,7,0,196,4
T9,8,0,84,2
T10,9,1,126,4
[472]
T1,0,0,55,4
T2,1,0,51,1
T3,2,1,125,1
T4,3,0,156,2
T5,4,0,33,2
T6,5,0,30,2
T7,6,0,150,1
T8,7,1,130,1
T9,8,1,200,2
T10,9,0,176,2
[473]
T1,0,1,55,1
T2,1,1,200,10
T3,2,0,150,4
T4,3,1,26,2
T5,4,1,27,2
T6,5,0,195,2
T7,6,1,130,1
T8,7,0,80,2
T9,8,0,30,2
T10,9,1,195,2
[474]
T1,0,1,68,2
T2,1,1,30,2
T3,2,0,55,2
T4,3,0,175,2
T5,4,1,21,2
T6,5,0,200,14
T7,6,1,53,1
T8,7,1,154,3
T9,8,0,56,1
T10,9,1,154,2
[475]
T1,0,0,104,2
T2,1,1,45,1
T3,2,0,176,2
T4,3,0,176,1
T5,4,0,65,1
T6,5,0,165,4
T7,6,0,52,2
T8,7,1,200,2
T9,8,0,21,2
T10,9,1,80,2
[476]
T1,0,0,90,2
T2,1,1,200,5
T3,2,1,175,1
T4,3,1,96,2
T5,4,0,112,1
T6,5,0,168,1
T7,6,0,162,3
T8,7,0,50,2
T9,8,0,44,1
T10,9,0,30,2
[477]
T1,0,1,80,2
T2,1,0,26,1
T3,2,0,200,1
T4,3,0,175,2
T5,4,0,70,2
T6,5,0,180,2
T7,6,1,28,1
T8,7,0,100,2
T9,8,1,180,1
T10,9,1,36,2
[478]
T1,0,1,200,3
T2,1,1,156,2
T3,2,0,170,11
T4,3,1,28,2
T5,4,0,43,2
T6,5,0,170,2
T7,6,0,51,2
T8,7,0,75,1
T9,8,0,105,2
T10,9,0,102,2
[479]
T1,0,1,104,3
T2,1,1,182,4
T3,2,0,143,2
T4,3,0,29,2
T5,4,0,195,1
T6,5,0,200,1
T7,6,0,195,6
T8,7,1,55,2
T9,8,0,30,1
T10,9,0,30,2
[480]
T1,0,1,195,2
T2,1,0,147,7
T3,2,1,175,10
T4,3,0,182,2
T5,4,1,22,2
T6,5,0,20,2
T7,6,1,75,2
T8,7,1,200,2
T9,8,1,39,2
T10,9,1,56,2
[481]
T1,0,1,105,1
T2,1,1,180,2
T3,2,0,35,2
T4,3,0,34,1
T5,4,1,160,2
T6,5,0,42,2
T7,6,1,200,1
T8,7,0,175,1
T9,8,1,75,4
T10,9,1,96,2
[482]
T1,0,0,182,2
T2,1,0,90,4
T3,2,0,180,2
T4,3,0,24,1
T5,4,0,26,2
T6,5,1,60,2
T7,6,0,90,2
T8,7,1,27,2
T9,8,0,200,3
T10,9,0,168,4
[483]
T1,0,1,57,2
T2,1,0,180,6
T3,2,1,40,2
T4,3,1,80,2
T5,4,0,200,2
T6,5,1,104,2
T7,6,0,171,2
T8,7,0,48,2
T9,8,1,171,5
T10,9,1,36,2
[484]
T1,0,1,200,9
T2,1,0,85,2
T3,2,1,175,3
T4,3,0,29,2
T5,4,0,40,2
T6,5,1,25,2
T7,6,1,110,3
T8,7,1,100,1
T9,8,1,187,2
T10,9,1,175,5
[485]
T1,0,0,80,2
T2,1,0,160,5
T3,2,0,175,2
T4,3,0,51,2
T5,4,0,200,2
T6,5,0,50,2
T7,6,0,168,9
T8,7,0,90,2
T9,8,1,34,2
T10,9,1,140,1
[486]
T1,0,1,26,2
T2,1,1,72,2
T3,2,1,21,2
T4,3,0,130,6
T5,4,0,200,7
T6,5,0,54,2
T7,6,0,35,2
T8,7,1,195,6
T9,8,0,168,4
T10,9,0,189,2
[487]
T1,0,1,186,8
T2,1,1,40,2
T3,2,1,150,2
T4,3,1,56,2
T5,4,0,72,2
T6,5,0,155,3
T7,6,0,200,11
T8,7,0,70,2
T9,8,0,50,2
T10,9,0,36,2
[488]
T1,0,0,52,2
T2,1,0,78,2
T3,2,1,150,3
T4,3,0,53,2
T5,4,0,42,2
T6,5,1,170,1
T7,6,0,68,4
T8,7,1,200,2
T9,8,0,104,4
T10,9,0,168,7
[489]
T1,0,1,156,5
T2,1,0,42,2
T3,2,1,56,2
T4,3,0,200,2
T5,4,1,80,1
T6,5,1,32,2
T7,6,0,175,3
T8,7,0,144,4
T9,8,0,150,5
T10,9,1,33,1
[490]
T1,0,0,25,1
T2,1,0,45,3
T3,2,1,200,3
T4,3,1,185,2
T5,4,1,55,2
T6,5,1,185,3
T7,6,1,72,2
T8,7,0,32,2
T9,8,1,74,2
T10,9,0,180,2
[491]
T1,0,1,195,9
T2,1,1,200,8
T3,2,1,65,2
T4,3,0,84,2
T5,4,1,100,2
T6,5,1,168,1
T7,6,1,28,2
T8,7,1,29,2
T9,8,1,168,1
T10,9,0,36,2
[492]
T1,0,1,39,1
T2,1,1,198,3
T3,2,1,180,2
T4,3,0,36,2
T5,4,1,99,2
T6,5,1,115,2
T7,6,1,36,1
T8,7,1,144,9
T9,8,1,180,2
T10,9,1,200,2
[493]
T1,0,0,60,1
T2,1,0,42,2
T3,2,1,160,1
T4,3,1,200,2
T5,4,1,84,1
T6,5,1,112,1
T7,6,0,39,2
T8,7,0,35,1
T9,8,0,171,10
T10,9,1,160,2
[494]
T1,0,1,200,2
T2,1,0,100,3
T3,2,0,55,2
T4,3,0,165,2
T5,4,0,48,1
T6,5,0,150,3
T7,6,0,75,4
T8,7,0,24,2
T9,8,0,166,3
T10,9,0,33,2
[495]
T1,0,1,96,3
T2,1,1,192,2
T3,2,0,55,2
T4,3,0,132,5
T5,4,1,200,1
T6,5,0,198,3
T7,6,0,165,3
T8,7,0,39,2
T9,8,0,33,1
T10,9,0,32,2
[496]
T1,0,1,144,4
T2,1,0,85,2
T3,2,0,160,2
T4,3,1,168,2
T5,4,1,22,2
T6,5,1,200,9
T7,6,1,32,2
T8,7,0,153,2
T9,8,1,80,2
T10,9,1,35,1
[497]
T1,0,1,50,2
T2,1,0,60,2
T3,2,0,170,1
T4,3,1,70,4
T5,4,0,170,1
T6,5,1,200,2
T7,6,1,34,2
T8,7,0,125,7
T9,8,1,168,2
T10,9,1,34,1
[498]
T1,0,1,192,5
T2,1,1,36,2
T3,2,1,145,1
T4,3,0,160,7
T5,4,1,116,2
T6,5,1,20,2
T7,6,1,41,2
T8,7,0,200,8
T9,8,0,180,2
T10,9,0,145,1
[499]
T1,0,0,150,2
T2,1,0,182,1
T3,2,0,60,3
T4,3,0,168,1
T5,4,0,90,4
T6,5,0,20,2
T7,6,1,63,2
T8,7,0,200,2
T9,8,1,24,2
T10,9,1,26,2
[500]
T1,0,1,165,2
T2,1,0,175,6
T3,2,0,21,2
T4,3,0,132,1
T5,4,0,120,3
T6,5,1,160,5
T7,6,1,42,1
T8,7,0,66,1
T9,8,0,32,2
T10,9,0,200,3
