num_task_per_taskset=10
num_taskset=500
//ID,Priority,Offset,Period,Execution Time
[1]
T1,0,1,200,7
T2,1,0,44,2
T3,2,1,175,1
T4,3,0,96,4
T5,4,1,160,12
T6,5,1,31,1
T7,6,1,60,2
T8,7,0,168,6
T9,8,1,62,3
T10,9,1,42,2
[2]
T1,0,0,150,2
T2,1,0,34,1
T3,2,1,110,3
T4,3,1,44,1
T5,4,0,144,9
T6,5,1,40,2
T7,6,1,165,13
T8,7,1,195,4
T9,8,0,200,3
T10,9,1,120,2
[3]
T1,0,0,50,1
T2,1,1,21,1
T3,2,0,144,2
T4,3,0,100,1
T5,4,0,189,3
T6,5,0,200,22
T7,6,0,196,4
T8,7,0,54,1
T9,8,0,150,2
T10,9,1,50,2
[4]
T1,0,0,180,5
T2,1,0,144,10
T3,2,0,150,1
T4,3,1,63,2
T5,4,0,27,2
T6,5,0,38,2
T7,6,1,200,2
T8,7,1,196,2
T9,8,0,90,12
T10,9,1,20,2
[5]
T1,0,0,35,1
T2,1,0,84,2
T3,2,0,168,2
T4,3,1,35,2
T5,4,1,36,2
T6,5,0,200,5
T7,6,1,186,14
T8,7,0,98,5
T9,8,0,155,2
T10,9,0,140,4
[6]
T1,0,0,26,1
T2,1,1,135,2
T3,2,1,150,5
T4,3,1,30,2
T5,4,0,200,2
T6,5,1,55,1
T7,6,0,156,2
T8,7,1,88,2
T9,8,0,25,1
T10,9,1,150,10
[7]
T1,0,0,114,3
T2,1,1,198,3
T3,2,0,99,2
T4,3,1,39,2
T5,4,0,198,2
T6,5,0,180,3
T7,6,1,38,2
T8,7,0,20,2
T9,8,1,200,5
T10,9,1,132,17
[8]
T1,0,1,51,2
T2,1,1,120,17
T3,2,1,200,1
T4,3,0,102,2
T5,4,1,136,2
T6,5,0,44,2
T7,6,0,147,5
T8,7,0,170,2
T9,8,1,21,2
T10,9,0,196,8
[9]
T1,0,0,120,5
T2,1,1,42,2
T3,2,1,28,3
T4,3,1,180,2
T5,4,0,150,2
T6,5,0,153,6
T7,6,1,80,2
T8,7,1,200,1
T9,8,0,75,2
T10,9,0,45,1
[10]
T1,0,1,54,5
T2,1,1,168,2
T3,2,0,189,2
T4,3,0,48,1
T5,4,0,60,2
T6,5,0,156,2
T7,6,0,104,3
T8,7,1,200,4
T9,8,0,54,2
T10,9,0,35,1
[11]
T1,0,0,176,2
T2,1,1,22,2
T3,2,0,80,4
T4,3,0,85,2
T5,4,0,49,5
T6,5,1,72,2
T7,6,1,51,2
T8,7,0,187,2
T9,8,1,170,1
T10,9,1,200,9
[12]
T1,0,1,39,2
T2,1,0,200,1
T3,2,0,182,16
T4,3,1,165,4
T5,4,1,104,1
T6,5,1,91,5
T7,6,1,110,2
T8,7,0,50,2
T9,8,1,52,4
T10,9,1,168,2
[13]
T1,0,0,200,2
T2,1,1,180,2
T3,2,0,105,2
T4,3,0,46,1
T5,4,1,75,3
T6,5,1,171,2
T7,6,1,84,2
T8,7,0,25,2
T9,8,1,32,1
T10,9,0,168,15
[14]
T1,0,0,200,2
T2,1,1,33,1
T3,2,0,63,2
T4,3,0,27,1
T5,4,0,88,2
T6,5,0,90,7
T7,6,0,198,6
T8,7,0,20,2
T9,8,0,176,3
T10,9,1,176,4
[15]
T1,0,0,28,2
T2,1,0,66,2
T3,2,0,20,2
T4,3,0,175,7
T5,4,1,22,2
T6,5,1,160,2
T7,6,0,120,2
T8,7,1,160,3
T9,8,0,200,1
T10,9,1,90,8
[16]
T1,0,1,65,2
T2,1,0,70,2
T3,2,0,75,3
T4,3,1,182,5
T5,4,1,169,2
T6,5,1,150,3
T7,6,1,24,2
T8,7,0,28,2
T9,8,1,28,1
T10,9,1,200,2
[17]
T1,0,1,189,6
T2,1,1,75,2
T3,2,1,168,2
T4,3,1,168,1
T5,4,1,63,7
T6,5,1,26,2
T7,6,1,50,1
T8,7,1,31,2
T9,8,1,135,3
T10,9,0,200,7
[18]
T1,0,0,176,11
T2,1,1,55,2
T3,2,1,187,2
T4,3,1,44,2
T5,4,0,66,8
T6,5,0,200,1
T7,6,1,20,2
T8,7,0,100,3
T9,8,1,176,4
T10,9,0,45,2
[19]
T1,0,0,32,2
T2,1,0,160,1
T3,2,0,140,10
T4,3,1,23,2
T5,4,0,182,4
T6,5,1,195,4
T7,6,1,20,2
T8,7,1,200,10
T9,8,0,112,2
T10,9,1,65,4
[20]
T1,0,0,44,2
T2,1,1,55,1
T3,2,1,200,4
T4,3,0,43,1
T5,4,0,90,2
T6,5,0,180,4
T7,6,1,180,13
T8,7,0,148,9
T9,8,0,30,2
T10,9,1,111,2
[21]
T1,0,0,200,18
T2,1,0,45,2
T3,2,0,45,2
T4,3,0,189,2
T5,4,1,192,3
T6,5,0,72,1
T7,6,0,35,2
T8,7,1,168,6
T9,8,1,75,2
T10,9,1,70,3
[22]
T1,0,0,65,1
T2,1,0,175,2
T3,2,0,195,10
T4,3,0,84,2
T5,4,0,28,2
T6,5,0,175,6
T7,6,1,70,2
T8,7,1,200,3
T9,8,0,30,3
T10,9,1,23,2
[23]
T1,0,0,49,2
T2,1,0,126,3
T3,2,1,120,1
T4,3,0,50,2
T5,4,1,40,2
T6,5,1,150,4
T7,6,0,200,7
T8,7,0,76,1
T9,8,0,150,3
T10,9,1,180,12
[24]
T1,0,0,135,4
T2,1,1,175,3
T3,2,0,175,3
T4,3,1,60,2
T5,4,1,49,2
T6,5,1,24,2
T7,6,0,21,2
T8,7,0,180,2
T9,8,0,200,20
T10,9,0,115,2
[25]
T1,0,1,81,2
T2,1,1,189,2
T3,2,0,168,17
T4,3,0,200,6
T5,4,0,36,1
T6,5,1,108,2
T7,6,1,150,2
T8,7,1,54,2
T9,8,1,112,3
T10,9,1,36,1
[26]
T1,0,1,169,2
T2,1,0,100,2
T3,2,0,84,3
T4,3,1,182,3
T5,4,0,150,1
T6,5,1,200,12
T7,6,1,52,2
T8,7,0,28,2
T9,8,1,120,5
T10,9,0,35,1
[27]
T1,0,0,184,5
T2,1,1,98,2
T3,2,1,184,10
T4,3,0,100,3
T5,4,0,147,6
T6,5,1,46,1
T7,6,0,200,4
T8,7,0,35,2
T9,8,0,24,2
T10,9,1,196,6
[28]
T1,0,1,31,2
T2,1,0,72,2
T3,2,0,30,2
T4,3,0,40,1
T5,4,0,200,20
T6,5,0,198,3
T7,6,1,180,13
T8,7,0,165,2
T9,8,1,55,2
T10,9,0,96,2
[29]
T1,0,1,91,2
T2,1,0,35,2
T3,2,0,160,10
T4,3,0,64,3
T5,4,1,42,2
T6,5,0,23,2
T7,6,1,200,3
T8,7,1,130,11
T9,8,0,160,2
T10,9,1,182,2
[30]
T1,0,0,150,2
T2,1,1,46,2
T3,2,1,56,2
T4,3,1,200,9
T5,4,0,72,2
T6,5,0,40,2
T7,6,0,189,6
T8,7,1,175,11
T9,8,0,46,2
T10,9,1,100,3
[31]
T1,0,1,200,7
T2,1,1,44,2
T3,2,0,152,2
T4,3,1,150,2
T5,4,0,154,7
T6,5,0,66,4
T7,6,0,77,2
T8,7,1,66,2
T9,8,1,22,2
T10,9,1,42,1
[32]
T1,0,1,33,1
T2,1,1,150,2
T3,2,0,77,1
T4,3,1,64,2
T5,4,1,25,1
T6,5,0,40,2
T7,6,1,160,12
T8,7,0,168,1
T9,8,1,200,2
T10,9,1,77,2
[33]
T1,0,0,200,8
T2,1,1,80,2
T3,2,0,156,6
T4,3,1,23,2
T5,4,0,60,2
T6,5,1,190,4
T7,6,0,152,2
T8,7,0,120,7
T9,8,1,52,2
T10,9,1,40,1
[34]
T1,0,1,168,5
T2,1,1,132,5
T3,2,0,35,2
T4,3,0,200,5
T5,4,1,44,2
T6,5,1,50,2
T7,6,1,150,8
T8,7,1,100,1
T9,8,1,84,1
T10,9,0,198,6
[35]
T1,0,0,20,1
T2,1,1,56,1
T3,2,0,46,1
T4,3,1,140,4
T5,4,1,189,2
T6,5,1,26,1
T7,6,1,150,2
T8,7,0,65,1
T9,8,0,200,3
T10,9,1,189,3
[36]
T1,0,0,190,10
T2,1,0,120,2
T3,2,1,56,1
T4,3,1,95,2
T5,4,1,45,1
T6,5,1,180,4
T7,6,0,20,2
T8,7,0,190,17
T9,8,1,200,2
T10,9,1,25,2
[37]
T1,0,1,45,1
T2,1,0,168,3
T3,2,1,198,8
T4,3,1,72,2
T5,4,1,35,1
T6,5,1,160,9
T7,6,1,77,2
T8,7,0,32,2
T9,8,0,200,3
T10,9,0,144,5
[38]
T1,0,1,45,2
T2,1,1,37,1
T3,2,0,200,6
T4,3,1,150,8
T5,4,1,102,1
T6,5,0,102,2
T7,6,1,175,6
T8,7,0,140,2
T9,8,1,24,2
T10,9,1,168,1
[39]
T1,0,0,34,2
T2,1,1,162,2
T3,2,0,54,2
T4,3,0,162,2
T5,4,1,135,10
T6,5,0,60,2
T7,6,0,180,7
T8,7,1,200,9
T9,8,1,30,2
T10,9,0,50,2
[40]
T1,0,1,45,3
T2,1,0,75,2
T3,2,1,104,5
T4,3,0,184,1
T5,4,1,180,1
T6,5,1,200,2
T7,6,0,65,3
T8,7,1,53,2
T9,8,0,52,1
T10,9,0,156,2
[41]
T1,0,0,29,1
T2,1,0,147,2
T3,2,1,25,2
T4,3,0,168,2
T5,4,0,56,3
T6,5,0,28,2
T7,6,1,112,4
T8,7,0,192,2
T9,8,0,63,2
T10,9,0,200,7
[42]
T1,0,0,189,7
T2,1,0,182,2
T3,2,1,200,17
T4,3,0,48,2
T5,4,1,48,2
T6,5,1,156,5
T7,6,1,100,2
T8,7,1,90,1
T9,8,1,42,2
T10,9,1,120,7
[43]
T1,0,0,90,2
T2,1,0,138,3
T3,2,1,36,2
T4,3,1,48,2
T5,4,1,192,2
T6,5,1,144,2
T7,6,1,200,10
T8,7,1,36,4
T9,8,0,184,8
T10,9,1,192,2
[44]
T1,0,1,100,1
T2,1,0,200,9
T3,2,1,84,5
T4,3,1,40,2
T5,4,0,160,2
T6,5,0,160,7
T7,6,0,176,1
T8,7,1,44,2
T9,8,1,110,5
T10,9,0,24,1
[45]
T1,0,1,200,2
T2,1,0,160,11
T3,2,0,168,1
T4,3,1,105,2
T5,4,0,132,1
T6,5,1,26,2
T7,6,0,21,1
T8,7,0,36,2
T9,8,0,88,2
T10,9,0,175,6
[46]
T1,0,1,180,5
T2,1,1,180,9
T3,2,0,50,2
T4,3,0,51,3
T5,4,0,170,2
T6,5,1,200,2
T7,6,1,35,1
T8,7,0,90,2
T9,8,1,90,2
T10,9,0,60,1
[47]
T1,0,0,47,2
T2,1,1,75,1
T3,2,1,52,2
T4,3,0,120,1
T5,4,0,190,3
T6,5,0,120,1
T7,6,0,180,14
T8,7,1,190,4
T9,8,1,26,2
T10,9,0,200,6
[48]
T1,0,0,170,2
T2,1,0,20,2
T3,2,0,114,6
T4,3,0,150,3
T5,4,0,32,1
T6,5,0,136,3
T7,6,1,100,4
T8,7,1,200,2
T9,8,0,180,1
T10,9,1,51,3
[49]
T1,0,1,76,2
T2,1,1,153,5
T3,2,0,30,2
T4,3,1,153,2
T5,4,0,68,1
T6,5,1,38,1
T7,6,0,150,2
T8,7,1,200,1
T9,8,1,57,2
T10,9,0,25,2
[50]
T1,0,0,153,2
T2,1,0,72,1
T3,2,0,66,3
T4,3,0,132,1
T5,4,1,36,2
T6,5,1,22,1
T7,6,1,176,4
T8,7,0,180,4
T9,8,1,200,4
T10,9,0,47,1
[51]
T1,0,0,156,2
T2,1,1,182,12
T3,2,1,130,2
T4,3,0,182,1
T5,4,1,200,7
T6,5,0,39,2
T7,6,1,42,2
T8,7,0,120,2
T9,8,0,130,8
T10,9,0,40,1
[52]
T1,0,0,105,3
T2,1,0,26,2
T3,2,0,140,9
T4,3,1,85,2
T5,4,0,156,2
T6,5,1,182,2
T7,6,0,30,2
T8,7,0,20,1
T9,8,0,200,6
T10,9,0,156,3
[53]
T1,0,1,87,1
T2,1,0,29,1
T3,2,1,200,1
T4,3,1,72,1
T5,4,0,90,3
T6,5,1,174,12
T7,6,0,42,2
T8,7,1,153,1
T9,8,0,29,1
T10,9,1,180,7
[54]
T1,0,0,165,7
T2,1,0,176,7
T3,2,1,176,9
T4,3,1,125,2
T5,4,0,200,2
T6,5,0,44,2
T7,6,0,120,1
T8,7,1,24,1
T9,8,0,42,2
T10,9,1,80,3
[55]
T1,0,0,200,5
T2,1,0,56,4
T3,2,0,48,3
T4,3,1,140,2
T5,4,1,200,4
T6,5,0,198,1
T7,6,0,36,2
T8,7,0,198,5
T9,8,0,44,2
T10,9,1,108,2
[56]
T1,0,1,154,2
T2,1,1,60,2
T3,2,0,200,6
T4,3,0,132,2
T5,4,1,27,2
T6,5,1,36,1
T7,6,1,198,4
T8,7,0,49,3
T9,8,0,105,1
T10,9,0,154,3
[57]
T1,0,0,72,2
T2,1,1,65,2
T3,2,1,84,3
T4,3,0,160,3
T5,4,0,28,2
T6,5,0,48,2
T7,6,0,200,11
T8,7,1,41,1
T9,8,0,182,6
T10,9,0,160,2
[58]
T1,0,0,112,2
T2,1,0,72,3
T3,2,1,168,2
T4,3,1,182,7
T5,4,1,28,2
T6,5,0,200,16
T7,6,0,150,2
T8,7,1,22,2
T9,8,1,70,2
T10,9,0,36,1
[59]
T1,0,1,106,4
T2,1,1,159,10
T3,2,1,150,2
T4,3,0,51,2
T5,4,0,54,2
T6,5,0,24,2
T7,6,0,159,2
T8,7,0,20,2
T9,8,0,200,3
T10,9,1,120,2
[60]
T1,0,0,96,2
T2,1,1,25,2
T3,2,0,174,1
T4,3,1,174,12
T5,4,1,110,3
T6,5,1,96,1
T7,6,1,50,1
T8,7,1,200,2
T9,8,1,30,2
T10,9,1,160,4
[61]
T1,0,1,58,2
T2,1,1,150,2
T3,2,1,104,1
T4,3,0,60,1
T5,4,0,156,5
T6,5,0,39,2
T7,6,0,195,12
T8,7,1,200,12
T9,8,0,36,2
T10,9,1,37,1
[62]
T1,0,1,180,1
T2,1,0,55,1
T3,2,1,150,4
T4,3,0,25,2
T5,4,0,200,1
T6,5,0,28,2
T7,6,1,88,2
T8,7,0,48,3
T9,8,1,84,2
T10,9,1,189,10
[63]
T1,0,0,200,9
T2,1,1,90,2
T3,2,0,190,2
T4,3,1,66,2
T5,4,1,198,11
T6,5,1,50,3
T7,6,1,43,2
T8,7,1,30,1
T9,8,0,165,2
T10,9,1,57,2
[64]
T1,0,1,200,3
T2,1,0,102,2
T3,2,0,108,2
T4,3,1,189,30
T5,4,1,48,2
T6,5,0,35,2
T7,6,1,189,2
T8,7,1,63,2
T9,8,1,42,2
T10,9,0,168,3
[65]
T1,0,0,198,2
T2,1,0,104,1
T3,2,1,165,17
T4,3,1,55,1
T5,4,1,200,2
T6,5,1,39,2
T7,6,0,198,12
T8,7,0,30,1
T9,8,1,27,2
T10,9,0,108,2
[66]
T1,0,0,54,1
T2,1,1,42,2
T3,2,0,84,6
T4,3,0,48,2
T5,4,1,180,5
T6,5,1,60,2
T7,6,0,27,2
T8,7,0,150,3
T9,8,0,200,1
T10,9,0,168,11
[67]
T1,0,1,192,2
T2,1,1,50,4
T3,2,0,187,2
T4,3,0,200,2
T5,4,1,25,2
T6,5,1,80,2
T7,6,1,47,2
T8,7,0,68,7
T9,8,0,64,2
T10,9,1,150,3
[68]
T1,0,0,63,2
T2,1,0,168,1
T3,2,0,180,9
T4,3,1,70,1
T5,4,1,42,2
T6,5,1,130,2
T7,6,1,21,2
T8,7,1,200,2
T9,8,1,26,1
T10,9,1,180,7
[69]
T1,0,0,189,3
T2,1,1,144,1
T3,2,1,40,1
T4,3,1,189,3
T5,4,1,75,1
T6,5,1,32,2
T7,6,0,108,2
T8,7,0,200,10
T9,8,0,52,3
T10,9,0,162,4
[70]
T1,0,1,35,1
T2,1,0,135,2
T3,2,1,175,2
T4,3,0,171,6
T5,4,1,189,1
T6,5,1,126,3
T7,6,0,41,2
T8,7,0,28,2
T9,8,0,200,2
T10,9,1,56,6
[71]
T1,0,0,45,2
T2,1,0,198,6
T3,2,1,84,2
T4,3,1,96,2
T5,4,1,168,1
T6,5,1,168,2
T7,6,0,30,1
T8,7,0,120,1
T9,8,0,200,1
T10,9,1,50,3
[72]
T1,0,0,152,2
T2,1,0,80,3
T3,2,1,28,1
T4,3,0,200,10
T5,4,0,192,4
T6,5,0,20,2
T7,6,0,160,2
T8,7,1,60,2
T9,8,1,31,2
T10,9,0,95,4
[73]
T1,0,1,37,2
T2,1,0,154,1
T3,2,0,88,4
T4,3,0,189,2
T5,4,1,27,2
T6,5,1,36,2
T7,6,1,165,7
T8,7,1,200,8
T9,8,0,110,2
T10,9,0,66,1
[74]
T1,0,1,200,2
T2,1,0,63,2
T3,2,0,35,2
T4,3,1,85,3
T5,4,1,72,2
T6,5,1,175,11
T7,6,1,51,2
T8,7,0,150,7
T9,8,1,45,1
T10,9,1,153,4
[75]
T1,0,0,65,7
T2,1,1,160,2
T3,2,0,200,5
T4,3,1,117,2
T5,4,1,48,2
T6,5,0,150,3
T7,6,0,144,3
T8,7,1,49,1
T9,8,0,52,2
T10,9,0,168,1
[76]
T1,0,0,160,2
T2,1,1,180,7
T3,2,1,90,6
T4,3,1,160,4
T5,4,0,30,1
T6,5,1,45,2
T7,6,0,45,2
T8,7,1,123,2
T9,8,1,82,2
T10,9,1,200,12
[77]
T1,0,0,75,2
T2,1,0,192,2
T3,2,0,54,8
T4,3,1,160,4
T5,4,1,180,6
T6,5,1,72,2
T7,6,0,200,2
T8,7,0,60,2
T9,8,1,38,2
T10,9,0,50,2
[78]
T1,0,0,154,2
T2,1,1,35,2
T3,2,0,175,8
T4,3,1,150,2
T5,4,1,56,2
T6,5,1,28,1
T7,6,0,114,3
T8,7,0,200,11
T9,8,0,24,2
T10,9,0,120,1
[79]
T1,0,0,20,2
T2,1,1,20,2
T3,2,1,200,2
T4,3,1,199,2
T5,4,1,105,3
T6,5,1,25,2
T7,6,1,150,12
T8,7,1,100,8
T9,8,0,60,2
T10,9,0,199,2
[80]
T1,0,1,189,1
T2,1,1,200,5
T3,2,1,63,2
T4,3,0,63,2
T5,4,1,168,13
T6,5,0,22,1
T7,6,1,175,4
T8,7,1,40,1
T9,8,1,24,2
T10,9,0,135,3
[81]
T1,0,0,45,2
T2,1,1,30,2
T3,2,1,84,3
T4,3,1,20,2
T5,4,0,88,3
T6,5,0,72,1
T7,6,0,189,5
T8,7,1,175,2
T9,8,0,200,13
T10,9,1,180,9
[82]
T1,0,1,84,10
T2,1,1,182,4
T3,2,0,200,2
T4,3,1,21,1
T5,4,0,48,2
T6,5,0,195,6
T7,6,0,53,2
T8,7,0,195,2
T9,8,1,112,2
T10,9,0,84,3
[83]
T1,0,1,195,12
T2,1,1,150,4
T3,2,1,120,7
T4,3,0,78,2
T5,4,0,42,2
T6,5,1,96,1
T7,6,1,200,11
T8,7,0,21,2
T9,8,0,160,2
T10,9,1,38,2
[84]
T1,0,0,48,2
T2,1,1,200,2
T3,2,0,84,1
T4,3,0,72,2
T5,4,0,40,2
T6,5,1,168,8
T7,6,0,161,3
T8,7,1,180,1
T9,8,1,112,5
T10,9,1,30,2
[85]
T1,0,1,36,2
T2,1,1,200,2
T3,2,1,80,3
T4,3,0,160,2
T5,4,0,45,2
T6,5,0,78,1
T7,6,0,23,2
T8,7,1,84,1
T9,8,0,156,6
T10,9,1,168,10
[86]
T1,0,1,200,6
T2,1,0,51,2
T3,2,0,52,2
T4,3,0,100,2
T5,4,1,195,10
T6,5,0,156,5
T7,6,0,93,1
T8,7,1,150,2
T9,8,1,24,1
T10,9,1,104,2
[87]
T1,0,0,200,10
T2,1,0,70,1
T3,2,0,25,2
T4,3,1,182,5
T5,4,1,50,2
T6,5,1,182,4
T7,6,1,170,18
T8,7,0,51,2
T9,8,1,91,1
T10,9,1,85,1
[88]
T1,0,1,100,1
T2,1,0,195,12
T3,2,0,35,2
T4,3,1,150,8
T5,4,1,150,2
T6,5,0,200,1
T7,6,1,27,2
T8,7,1,88,3
T9,8,0,143,3
T10,9,1,42,2
[89]
T1,0,1,33,3
T2,1,1,150,2
T3,2,1,21,2
T4,3,0,120,4
T5,4,0,100,1
T6,5,1,198,6
T7,6,0,40,2
T8,7,0,99,3
T9,8,0,200,6
T10,9,1,150,2
[90]
T1,0,0,120,2
T2,1,1,25,3
T3,2,1,52,2
T4,3,0,75,5
T5,4,0,200,2
T6,5,0,182,3
T7,6,1,84,2
T8,7,0,154,2
T9,8,0,175,2
T10,9,1,31,2
[91]
T1,0,1,200,7
T2,1,1,175,1
T3,2,1,35,2
T4,3,1,90,1
T5,4,1,40,1
T6,5,1,108,1
T7,6,1,180,1
T8,7,1,92,3
T9,8,0,48,3
T10,9,1,184,11
[92]
T1,0,0,35,1
T2,1,0,168,1
T3,2,0,175,19
T4,3,0,136,4
T5,4,0,52,2
T6,5,1,175,1
T7,6,1,91,2
T8,7,1,68,2
T9,8,1,200,7
T10,9,1,45,1
[93]
T1,0,0,92,1
T2,1,1,200,2
T3,2,1,171,8
T4,3,0,180,2
T5,4,0,184,10
T6,5,1,50,2
T7,6,0,60,1
T8,7,0,36,1
T9,8,0,57,1
T10,9,0,21,1
[94]
T1,0,0,28,2
T2,1,1,45,2
T3,2,1,200,21
T4,3,1,180,4
T5,4,0,20,2
T6,5,0,168,6
T7,6,0,165,2
T8,7,1,140,5
T9,8,0,88,1
T10,9,0,70,1
[95]
T1,0,1,22,2
T2,1,1,63,1
T3,2,0,105,12
T4,3,1,23,2
T5,4,0,160,4
T6,5,1,55,2
T7,6,0,44,2
T8,7,0,200,2
T9,8,0,180,2
T10,9,0,150,5
[96]
T1,0,1,72,3
T2,1,1,200,9
T3,2,1,55,1
T4,3,1,189,6
T5,4,1,40,1
T6,5,1,28,2
T7,6,0,70,1
T8,7,0,28,2
T9,8,1,154,6
T10,9,0,154,2
[97]
T1,0,1,175,10
T2,1,1,200,2
T3,2,1,45,2
T4,3,1,160,10
T5,4,1,28,1
T6,5,0,29,2
T7,6,1,85,1
T8,7,1,180,5
T9,8,1,63,2
T10,9,1,85,2
[98]
T1,0,1,130,3
T2,1,1,65,2
T3,2,0,175,11
T4,3,0,27,2
T5,4,1,23,2
T6,5,0,105,8
T7,6,0,182,2
T8,7,1,42,2
T9,8,1,182,2
T10,9,0,200,13
[99]
T1,0,1,168,5
T2,1,1,168,4
T3,2,0,80,3
T4,3,0,40,2
T5,4,1,75,3
T6,5,0,57,2
T7,6,1,200,7
T8,7,1,152,1
T9,8,0,21,1
T10,9,0,35,1
[100]
T1,0,1,200,7
T2,1,0,171,2
T3,2,0,45,2
T4,3,1,22,2
T5,4,1,72,1
T6,5,1,40,2
T7,6,1,152,8
T8,7,1,156,3
T9,8,1,76,3
T10,9,1,114,2
[101]
T1,0,1,176,1
T2,1,1,187,2
T3,2,0,40,2
T4,3,0,88,7
T5,4,0,33,2
T6,5,0,32,1
T7,6,0,132,5
T8,7,0,176,3
T9,8,1,110,2
T10,9,0,200,3
[102]
T1,0,0,20,2
T2,1,1,39,2
T3,2,1,35,2
T4,3,0,125,6
T5,4,1,200,9
T6,5,0,91,7
T7,6,0,182,4
T8,7,1,63,3
T9,8,0,150,2
T10,9,0,150,1
[103]
T1,0,1,60,2
T2,1,0,100,2
T3,2,0,31,1
T4,3,1,160,9
T5,4,1,174,2
T6,5,1,200,8
T7,6,1,176,7
T8,7,0,58,1
T9,8,1,29,2
T10,9,1,25,1
[104]
T1,0,1,150,6
T2,1,1,148,6
T3,2,1,150,2
T4,3,1,60,1
T5,4,1,21,1
T6,5,0,200,8
T7,6,1,39,2
T8,7,0,140,7
T9,8,1,84,2
T10,9,0,35,2
[105]
T1,0,1,135,8
T2,1,1,81,1
T3,2,1,189,2
T4,3,0,22,1
T5,4,1,24,1
T6,5,0,160,6
T7,6,1,189,3
T8,7,1,81,2
T9,8,0,200,2
T10,9,1,21,2
[106]
T1,0,1,165,11
T2,1,1,43,2
T3,2,0,168,11
T4,3,0,119,6
T5,4,0,22,2
T6,5,0,132,2
T7,6,0,200,6
T8,7,1,88,2
T9,8,1,168,2
T10,9,0,21,2
[107]
T1,0,0,98,3
T2,1,0,59,5
T3,2,1,50,2
T4,3,1,196,2
T5,4,1,200,8
T6,5,1,35,2
T7,6,0,196,6
T8,7,0,27,2
T9,8,0,98,3
T10,9,0,196,2
[108]
T1,0,1,110,1
T2,1,1,44,2
T3,2,0,180,5
T4,3,1,72,5
T5,4,1,80,4
T6,5,1,198,4
T7,6,1,187,4
T8,7,0,48,2
T9,8,1,48,1
T10,9,1,200,3
[109]
T1,0,1,26,2
T2,1,1,200,11
T3,2,1,22,2
T4,3,0,123,3
T5,4,0,60,1
T6,5,1,30,2
T7,6,1,195,5
T8,7,0,150,12
T9,8,1,120,1
T10,9,1,150,6
[110]
T1,0,1,36,2
T2,1,1,155,15
T3,2,1,150,1
T4,3,0,180,4
T5,4,0,130,3
T6,5,0,36,2
T7,6,1,44,2
T8,7,1,120,2
T9,8,1,124,11
T10,9,1,200,3
[111]
T1,0,1,200,8
T2,1,1,55,1
T3,2,1,36,2
T4,3,0,176,4
T5,4,0,20,1
T6,5,0,152,2
T7,6,1,152,2
T8,7,0,72,1
T9,8,0,132,4
T10,9,0,24,1
[112]
T1,0,1,154,11
T2,1,1,42,2
T3,2,1,195,17
T4,3,1,120,4
T5,4,1,200,5
T6,5,1,130,1
T7,6,0,140,2
T8,7,1,42,2
T9,8,1,31,2
T10,9,1,168,2
[113]
T1,0,1,21,2
T2,1,1,117,2
T3,2,0,200,4
T4,3,0,40,2
T5,4,1,60,2
T6,5,0,125,2
T7,6,1,160,2
T8,7,1,156,7
T9,8,1,26,1
T10,9,0,160,3
[114]
T1,0,1,200,2
T2,1,1,176,8
T3,2,0,132,4
T4,3,0,192,1
T5,4,0,78,7
T6,5,1,40,2
T7,6,0,176,3
T8,7,0,35,2
T9,8,0,104,1
T10,9,0,33,2
[115]
T1,0,0,24,2
T2,1,1,126,10
T3,2,0,150,4
T4,3,1,33,2
T5,4,0,66,1
T6,5,1,198,4
T7,6,1,160,2
T8,7,0,53,1
T9,8,1,77,4
T10,9,1,200,6
[116]
T1,0,0,99,5
T2,1,1,48,1
T3,2,0,176,3
T4,3,1,30,2
T5,4,1,198,1
T6,5,0,99,2
T7,6,1,200,2
T8,7,0,36,1
T9,8,0,165,5
T10,9,0,140,9
[117]
T1,0,0,200,4
T2,1,1,129,2
T3,2,1,180,11
T4,3,0,35,2
T5,4,0,172,3
T6,5,1,52,3
T7,6,1,140,7
T8,7,1,168,1
T9,8,0,63,2
T10,9,0,24,2
[118]
T1,0,0,180,2
T2,1,1,160,3
T3,2,0,80,2
T4,3,1,140,8
T5,4,0,38,1
T6,5,0,160,3
T7,6,0,200,1
T8,7,0,105,5
T9,8,0,52,1
T10,9,1,40,2
[119]
T1,0,1,35,2
T2,1,0,151,2
T3,2,0,60,2
T4,3,1,175,2
T5,4,0,75,2
T6,5,1,200,2
T7,6,0,168,20
T8,7,0,100,9
T9,8,1,35,1
T10,9,1,24,2
[120]
T1,0,0,70,2
T2,1,0,21,2
T3,2,0,154,1
T4,3,1,175,1
T5,4,0,30,2
T6,5,1,143,2
T7,6,1,65,2
T8,7,1,40,2
T9,8,1,200,10
T10,9,1,175,11
[121]
T1,0,1,30,2
T2,1,1,154,8
T3,2,1,200,14
T4,3,1,156,2
T5,4,1,33,2
T6,5,1,65,2
T7,6,0,26,2
T8,7,0,60,2
T9,8,1,182,2
T10,9,1,143,2
[122]
T1,0,0,135,1
T2,1,1,54,1
T3,2,1,168,2
T4,3,0,140,5
T5,4,1,50,1
T6,5,1,200,13
T7,6,1,165,2
T8,7,1,150,4
T9,8,0,63,1
T10,9,1,35,1
[123]
T1,0,0,96,8
T2,1,0,50,2
T3,2,1,200,1
T4,3,1,140,1
T5,4,0,150,1
T6,5,1,160,8
T7,6,1,40,2
T8,7,1,182,8
T9,8,0,42,2
T10,9,1,70,1
[124]
T1,0,0,170,8
T2,1,0,75,2
T3,2,1,51,2
T4,3,0,175,2
T5,4,0,192,25
T6,5,0,96,1
T7,6,0,52,1
T8,7,0,51,1
T9,8,1,119,2
T10,9,1,200,2
[125]
T1,0,1,27,1
T2,1,0,108,3
T3,2,0,135,3
T4,3,1,171,10
T5,4,0,33,2
T6,5,0,54,1
T7,6,1,60,1
T8,7,0,160,2
T9,8,1,150,7
T10,9,0,200,4
[126]
T1,0,1,48,2
T2,1,0,200,3
T3,2,1,160,3
T4,3,0,100,1
T5,4,1,32,2
T6,5,0,154,9
T7,6,0,144,3
T8,7,0,160,7
T9,8,0,32,2
T10,9,0,77,1
[127]
T1,0,0,70,1
T2,1,1,171,4
T3,2,1,190,6
T4,3,1,57,1
T5,4,1,150,4
T6,5,1,51,2
T7,6,1,114,5
T8,7,1,24,2
T9,8,0,38,2
T10,9,0,200,5
[128]
T1,0,1,144,11
T2,1,1,168,9
T3,2,1,174,2
T4,3,1,168,1
T5,4,0,200,5
T6,5,0,30,1
T7,6,0,31,1
T8,7,0,60,1
T9,8,0,20,2
T10,9,0,105,1
[129]
T1,0,0,75,2
T2,1,1,170,5
T3,2,0,200,6
T4,3,0,160,5
T5,4,1,50,1
T6,5,1,28,1
T7,6,1,80,2
T8,7,0,30,2
T9,8,0,75,2
T10,9,1,180,19
[130]
T1,0,1,195,8
T2,1,0,180,5
T3,2,1,150,2
T4,3,0,50,1
T5,4,0,135,9
T6,5,0,28,1
T7,6,1,200,1
T8,7,0,126,1
T9,8,1,70,2
T10,9,1,52,2
[131]
T1,0,1,114,1
T2,1,1,162,3
T3,2,1,95,2
T4,3,0,171,8
T5,4,1,152,1
T6,5,1,34,1
T7,6,1,200,18
T8,7,0,72,2
T9,8,1,38,2
T10,9,1,27,2
[132]
T1,0,0,170,4
T2,1,1,30,2
T3,2,0,170,2
T4,3,0,147,9
T5,4,1,34,1
T6,5,0,34,1
T7,6,1,200,1
T8,7,1,175,14
T9,8,0,85,1
T10,9,1,136,2
[133]
T1,0,1,60,4
T2,1,0,150,5
T3,2,0,176,6
T4,3,1,180,7
T5,4,1,70,2
T6,5,0,40,2
T7,6,1,48,2
T8,7,0,70,2
T9,8,1,34,2
T10,9,0,200,1
[134]
T1,0,1,160,3
T2,1,0,64,4
T3,2,1,84,2
T4,3,1,38,3
T5,4,1,160,3
T6,5,1,184,6
T7,6,0,28,2
T8,7,1,200,7
T9,8,0,35,2
T10,9,0,84,1
[135]
T1,0,0,39,2
T2,1,1,21,2
T3,2,1,182,7
T4,3,0,50,2
T5,4,1,140,12
T6,5,1,200,6
T7,6,1,75,2
T8,7,1,72,2
T9,8,1,168,6
T10,9,1,182,7
[136]
T1,0,0,70,6
T2,1,0,189,2
T3,2,1,168,3
T4,3,1,81,1
T5,4,1,26,1
T6,5,1,150,7
T7,6,0,36,2
T8,7,1,200,9
T9,8,0,50,2
T10,9,1,75,2
[137]
T1,0,1,60,2
T2,1,1,108,2
T3,2,0,168,3
T4,3,1,50,2
T5,4,0,144,2
T6,5,1,168,5
T7,6,1,200,5
T8,7,1,160,1
T9,8,0,42,2
T10,9,1,20,2
[138]
T1,0,1,200,17
T2,1,0,168,1
T3,2,0,48,1
T4,3,0,195,4
T5,4,1,91,5
T6,5,1,20,2
T7,6,1,168,2
T8,7,0,78,3
T9,8,0,26,2
T10,9,1,91,1
[139]
T1,0,0,99,2
T2,1,0,44,1
T3,2,0,140,7
T4,3,0,60,2
T5,4,1,200,7
T6,5,1,32,2
T7,6,1,154,2
T8,7,0,165,6
T9,8,0,180,2
T10,9,1,50,2
[140]
T1,0,1,20,2
T2,1,1,160,5
T3,2,1,150,7
T4,3,0,90,2
T5,4,0,200,4
T6,5,0,192,1
T7,6,0,32,1
T8,7,1,120,8
T9,8,1,55,2
T10,9,1,22,2
[141]
T1,0,0,200,7
T2,1,0,189,2
T3,2,0,46,4
T4,3,1,161,2
T5,4,0,27,2
T6,5,0,189,14
T7,6,1,140,2
T8,7,0,138,2
T9,8,0,63,2
T10,9,1,27,1
[142]
T1,0,1,136,3
T2,1,1,95,1
T3,2,0,200,2
T4,3,1,190,9
T5,4,0,120,2
T6,5,1,190,15
T7,6,0,20,2
T8,7,1,20,2
T9,8,0,160,6
T10,9,1,20,2
[143]
T1,0,0,140,2
T2,1,0,182,6
T3,2,1,168,2
T4,3,1,200,2
T5,4,1,84,2
T6,5,0,38,1
T7,6,0,175,3
T8,7,1,72,9
T9,8,1,42,1
T10,9,1,30,2
[144]
T1,0,0,40,2
T2,1,1,100,1
T3,2,0,120,2
T4,3,0,182,2
T5,4,1,36,1
T6,5,0,200,6
T7,6,1,32,2
T8,7,0,192,2
T9,8,1,100,10
T10,9,0,156,2
[145]
T1,0,1,200,6
T2,1,0,20,2
T3,2,0,56,2
T4,3,1,182,4
T5,4,0,36,2
T6,5,1,90,8
T7,6,1,40,2
T8,7,1,156,8
T9,8,0,160,1
T10,9,0,130,3
[146]
T1,0,0,165,4
T2,1,0,144,2
T3,2,1,88,2
T4,3,0,200,12
T5,4,1,32,2
T6,5,1,30,1
T7,6,0,180,1
T8,7,0,20,2
T9,8,0,150,10
T10,9,0,81,2
[147]
T1,0,1,150,2
T2,1,0,20,2
T3,2,1,182,4
T4,3,1,36,2
T5,4,0,130,1
T6,5,1,75,2
T7,6,0,80,8
T8,7,1,200,1
T9,8,0,26,2
T10,9,1,160,5
[148]
T1,0,0,77,6
T2,1,0,44,1
T3,2,1,200,3
T4,3,1,27,2
T5,4,0,23,2
T6,5,0,198,2
T7,6,0,189,1
T8,7,0,84,1
T9,8,0,60,1
T10,9,1,154,1
[149]
T1,0,0,20,1
T2,1,1,69,1
T3,2,0,46,2
T4,3,1,147,7
T5,4,1,27,2
T6,5,0,168,6
T7,6,1,200,1
T8,7,0,161,2
T9,8,1,138,2
T10,9,0,168,8
[150]
T1,0,1,100,2
T2,1,1,152,1
T3,2,0,90,3
T4,3,1,20,2
T5,4,1,58,2
T6,5,1,200,5
T7,6,1,152,3
T8,7,1,31,1
T9,8,0,171,10
T10,9,1,29,1
[151]
T1,0,1,121,2
T2,1,1,200,5
T3,2,0,180,7
T4,3,0,40,1
T5,4,0,180,7
T6,5,0,180,3
T7,6,1,66,2
T8,7,1,46,1
T9,8,0,45,1
T10,9,0,135,1
[152]
T1,0,1,39,2
T2,1,1,33,3
T3,2,0,175,2
T4,3,1,168,2
T5,4,1,70,2
T6,5,0,84,2
T7,6,0,29,2
T8,7,1,154,10
T9,8,0,105,2
T10,9,0,200,2
[153]
T1,0,0,125,2
T2,1,1,180,13
T3,2,0,120,3
T4,3,1,200,7
T5,4,0,36,1
T6,5,0,117,2
T7,6,0,150,1
T8,7,1,20,2
T9,8,1,40,2
T10,9,1,195,5
[154]
T1,0,0,20,2
T2,1,0,155,1
T3,2,1,70,2
T4,3,0,70,1
T5,4,0,20,2
T6,5,1,155,3
T7,6,0,53,2
T8,7,0,147,10
T9,8,0,155,2
T10,9,0,200,2
[155]
T1,0,0,38,2
T2,1,0,28,2
T3,2,0,56,1
T4,3,0,170,3
T5,4,1,45,2
T6,5,1,168,5
T7,6,1,200,3
T8,7,1,189,13
T9,8,1,54,2
T10,9,1,85,1
[156]
T1,0,1,75,11
T2,1,0,152,1
T3,2,0,200,4
T4,3,0,168,5
T5,4,1,35,2
T6,5,0,133,1
T7,6,1,140,2
T8,7,0,189,1
T9,8,0,30,2
T10,9,0,45,2
[157]
T1,0,0,105,1
T2,1,0,24,2
T3,2,0,196,3
T4,3,1,54,2
T5,4,1,200,2
T6,5,1,37,2
T7,6,0,196,20
T8,7,1,60,3
T9,8,0,150,2
T10,9,1,140,3
[158]
T1,0,1,170,11
T2,1,0,168,2
T3,2,1,51,1
T4,3,1,200,4
T5,4,1,34,2
T6,5,0,34,2
T7,6,1,75,7
T8,7,0,132,5
T9,8,1,85,2
T10,9,1,175,2
[159]
T1,0,1,28,1
T2,1,1,135,2
T3,2,1,120,9
T4,3,0,200,9
T5,4,0,175,9
T6,5,1,165,2
T7,6,0,48,2
T8,7,0,25,2
T9,8,0,110,2
T10,9,1,175,2
[160]
T1,0,1,25,2
T2,1,0,200,3
T3,2,0,36,2
T4,3,0,154,3
T5,4,1,175,1
T6,5,1,55,5
T7,6,0,126,1
T8,7,0,125,7
T9,8,0,150,7
T10,9,1,46,2
[161]
T1,0,0,170,17
T2,1,1,50,1
T3,2,0,105,2
T4,3,1,200,3
T5,4,0,150,2
T6,5,1,105,3
T7,6,0,120,2
T8,7,1,50,2
T9,8,1,170,15
T10,9,0,44,2
[162]
T1,0,0,45,2
T2,1,1,144,4
T3,2,0,200,1
T4,3,1,165,10
T5,4,1,40,2
T6,5,0,77,1
T7,6,1,56,3
T8,7,1,175,1
T9,8,0,30,2
T10,9,1,154,3
[163]
T1,0,1,24,2
T2,1,0,46,1
T3,2,1,152,9
T4,3,1,126,2
T5,4,1,168,2
T6,5,0,75,2
T7,6,0,32,2
T8,7,1,168,2
T9,8,1,140,8
T10,9,0,200,1
[164]
T1,0,0,195,9
T2,1,0,195,10
T3,2,0,130,2
T4,3,1,52,3
T5,4,0,130,1
T6,5,1,120,3
T7,6,1,160,2
T8,7,0,35,2
T9,8,1,200,5
T10,9,1,45,2
[165]
T1,0,0,63,2
T2,1,0,65,2
T3,2,0,200,12
T4,3,0,26,2
T5,4,1,150,4
T6,5,1,75,2
T7,6,1,156,6
T8,7,0,160,7
T9,8,0,23,2
T10,9,0,42,1
[166]
T1,0,1,200,17
T2,1,1,35,2
T3,2,1,189,4
T4,3,1,162,5
T5,4,1,42,2
T6,5,0,120,5
T7,6,0,112,3
T8,7,0,189,2
T9,8,1,60,3
T10,9,0,25,2
[167]
T1,0,0,200,8
T2,1,1,104,1
T3,2,0,160,2
T4,3,0,56,3
T5,4,0,52,2
T6,5,0,21,2
T7,6,0,168,1
T8,7,0,24,2
T9,8,1,56,3
T10,9,1,175,4
[168]
T1,0,1,200,4
T2,1,1,90,2
T3,2,1,22,1
T4,3,1,165,2
T5,4,0,105,1
T6,5,1,198,5
T7,6,0,126,10
T8,7,0,48,1
T9,8,0,51,2
T10,9,0,189,2
[169]
T1,0,0,170,2
T2,1,1,140,9
T3,2,1,108,5
T4,3,1,50,2
T5,4,0,150,1
T6,5,0,153,6
T7,6,0,25,1
T8,7,0,200,3
T9,8,0,100,3
T10,9,0,25,2
[170]
T1,0,1,49,2
T2,1,1,200,3
T3,2,1,120,2
T4,3,1,34,2
T5,4,0,85,2
T6,5,0,176,2
T7,6,1,75,6
T8,7,0,50,3
T9,8,1,165,2
T10,9,1,192,6
[171]
T1,0,1,39,3
T2,1,1,112,1
T3,2,1,39,2
T4,3,1,150,2
T5,4,0,175,7
T6,5,1,200,2
T7,6,0,56,4
T8,7,1,150,3
T9,8,1,27,2
T10,9,1,80,1
[172]
T1,0,0,200,6
T2,1,1,80,1
T3,2,0,55,2
T4,3,1,20,1
T5,4,1,150,3
T6,5,0,176,9
T7,6,0,49,2
T8,7,1,144,2
T9,8,1,190,2
T10,9,0,44,3
[173]
T1,0,0,198,8
T2,1,0,88,2
T3,2,1,30,2
T4,3,0,124,2
T5,4,0,55,2
T6,5,1,200,1
T7,6,0,165,7
T8,7,1,37,1
T9,8,0,155,15
T10,9,0,24,2
[174]
T1,0,1,189,11
T2,1,1,136,2
T3,2,1,150,2
T4,3,1,105,4
T5,4,0,200,4
T6,5,1,85,1
T7,6,0,27,2
T8,7,1,189,7
T9,8,0,47,1
T10,9,0,40,2
[175]
T1,0,1,119,4
T2,1,0,168,15
T3,2,1,28,2
T4,3,1,24,2
T5,4,1,105,2
T6,5,1,170,4
T7,6,0,200,2
T8,7,0,100,3
T9,8,0,44,2
T10,9,1,187,9
[176]
T1,0,1,23,2
T2,1,1,187,1
T3,2,0,34,1
T4,3,1,144,5
T5,4,0,51,2
T6,5,1,90,2
T7,6,1,132,1
T8,7,0,170,3
T9,8,0,200,20
T10,9,1,150,6
[177]
T1,0,1,88,1
T2,1,1,110,2
T3,2,0,44,1
T4,3,1,98,2
T5,4,0,30,2
T6,5,1,150,12
T7,6,1,50,2
T8,7,1,154,1
T9,8,1,200,2
T10,9,0,154,16
[178]
T1,0,0,100,5
T2,1,1,180,3
T3,2,0,35,2
T4,3,0,35,2
T5,4,0,98,3
T6,5,0,150,2
T7,6,0,108,5
T8,7,1,52,2
T9,8,1,162,1
T10,9,0,200,18
[179]
T1,0,1,100,2
T2,1,0,195,2
T3,2,1,200,2
T4,3,0,192,6
T5,4,1,20,1
T6,5,1,32,2
T7,6,1,112,4
T8,7,0,30,2
T9,8,1,182,1
T10,9,1,75,1
[180]
T1,0,0,40,1
T2,1,0,56,1
T3,2,0,200,2
T4,3,0,150,8
T5,4,0,175,6
T6,5,0,63,2
T7,6,0,27,2
T8,7,0,36,2
T9,8,1,175,2
T10,9,1,105,2
[181]
T1,0,1,200,2
T2,1,1,36,1
T3,2,1,125,3
T4,3,1,182,5
T5,4,1,180,2
T6,5,0,60,3
T7,6,1,42,2
T8,7,0,52,2
T9,8,0,175,7
T10,9,1,78,2
[182]
T1,0,0,38,3
T2,1,1,34,2
T3,2,0,186,2
T4,3,1,200,9
T5,4,1,150,4
T6,5,1,25,2
T7,6,0,93,3
T8,7,1,93,4
T9,8,1,124,2
T10,9,0,150,2
[183]
T1,0,1,42,2
T2,1,1,168,2
T3,2,0,110,2
T4,3,1,52,2
T5,4,1,46,2
T6,5,1,200,4
T7,6,1,195,29
T8,7,1,60,2
T9,8,0,156,1
T10,9,1,60,2
[184]
T1,0,0,27,2
T2,1,0,180,7
T3,2,0,48,3
T4,3,1,126,2
T5,4,0,168,16
T6,5,1,200,5
T7,6,1,54,2
T8,7,1,150,2
T9,8,0,135,2
T10,9,0,38,2
[185]
T1,0,0,24,1
T2,1,0,40,2
T3,2,1,200,7
T4,3,0,160,3
T5,4,1,117,2
T6,5,1,144,7
T7,6,0,162,2
T8,7,1,180,3
T9,8,0,48,2
T10,9,0,78,2
[186]
T1,0,0,180,7
T2,1,1,153,11
T3,2,1,75,2
T4,3,1,100,2
T5,4,1,153,7
T6,5,0,27,1
T7,6,0,84,2
T8,7,1,28,2
T9,8,0,200,6
T10,9,0,27,2
[187]
T1,0,1,120,6
T2,1,0,60,1
T3,2,0,24,2
T4,3,1,170,2
T5,4,1,176,3
T6,5,1,27,2
T7,6,0,24,2
T8,7,1,187,2
T9,8,1,110,7
T10,9,0,200,12
[188]
T1,0,1,30,1
T2,1,0,111,3
T3,2,1,20,2
T4,3,1,162,6
T5,4,1,81,3
T6,5,1,75,2
T7,6,0,150,5
T8,7,1,200,1
T9,8,1,162,7
T10,9,1,42,2
[189]
T1,0,0,152,3
T2,1,1,40,2
T3,2,1,95,2
T4,3,0,37,3
T5,4,0,150,1
T6,5,0,38,2
T7,6,1,200,3
T8,7,1,74,1
T9,8,0,190,6
T10,9,0,74,2
[190]
T1,0,0,200,4
T2,1,0,24,2
T3,2,1,175,4
T4,3,1,135,1
T5,4,0,35,1
T6,5,1,42,2
T7,6,0,156,16
T8,7,1,72,2
T9,8,0,189,6
T10,9,0,140,2
[191]
T1,0,0,24,2
T2,1,0,45,1
T3,2,1,150,3
T4,3,0,100,8
T5,4,1,22,2
T6,5,0,96,1
T7,6,0,132,4
T8,7,0,200,9
T9,8,1,154,2
T10,9,1,175,5
[192]
T1,0,1,44,3
T2,1,1,25,2
T3,2,1,165,2
T4,3,1,196,11
T5,4,1,132,4
T6,5,1,88,2
T7,6,0,90,3
T8,7,1,200,2
T9,8,0,175,2
T10,9,1,42,2
[193]
T1,0,0,120,12
T2,1,0,75,1
T3,2,0,180,6
T4,3,0,70,1
T5,4,0,23,2
T6,5,0,48,1
T7,6,0,150,1
T8,7,0,30,1
T9,8,1,200,2
T10,9,1,150,1
[194]
T1,0,0,36,1
T2,1,1,50,2
T3,2,0,48,1
T4,3,0,200,25
T5,4,0,130,2
T6,5,1,80,2
T7,6,1,195,1
T8,7,1,150,2
T9,8,0,84,4
T10,9,1,195,2
[195]
T1,0,1,25,2
T2,1,0,168,9
T3,2,0,24,2
T4,3,0,200,7
T5,4,0,80,5
T6,5,0,150,3
T7,6,1,128,4
T8,7,1,84,4
T9,8,0,182,1
T10,9,0,28,2
[196]
T1,0,0,100,2
T2,1,1,200,12
T3,2,1,56,2
T4,3,0,38,1
T5,4,1,66,1
T6,5,0,152,4
T7,6,1,154,4
T8,7,0,150,1
T9,8,1,49,2
T10,9,0,28,2
[197]
T1,0,1,130,10
T2,1,1,160,6
T3,2,1,100,3
T4,3,1,20,2
T5,4,0,200,1
T6,5,1,192,1
T7,6,1,32,2
T8,7,0,26,2
T9,8,1,192,1
T10,9,1,112,9
[198]
T1,0,1,24,2
T2,1,0,56,2
T3,2,0,200,3
T4,3,0,160,3
T5,4,1,39,2
T6,5,0,21,2
T7,6,1,168,2
T8,7,0,72,5
T9,8,1,156,8
T10,9,1,130,5
[199]
T1,0,1,198,9
T2,1,1,200,7
T3,2,1,176,1
T4,3,0,130,1
T5,4,0,195,2
T6,5,1,52,4
T7,6,0,110,3
T8,7,0,48,1
T9,8,0,104,4
T10,9,0,48,2
[200]
T1,0,1,45,2
T2,1,1,187,7
T3,2,0,72,2
T4,3,0,150,1
T5,4,1,75,2
T6,5,0,26,2
T7,6,0,45,2
T8,7,1,200,2
T9,8,1,68,3
T10,9,0,187,1
[201]
T1,0,0,200,1
T2,1,1,69,3
T3,2,1,75,2
T4,3,1,46,1
T5,4,0,69,3
T6,5,1,30,2
T7,6,0,50,2
T8,7,0,189,3
T9,8,0,161,1
T10,9,0,168,1
[202]
T1,0,1,175,3
T2,1,1,176,2
T3,2,1,33,3
T4,3,0,200,1
T5,4,1,66,1
T6,5,0,45,2
T7,6,1,53,2
T8,7,0,165,8
T9,8,1,108,1
T10,9,1,105,2
[203]
T1,0,1,168,1
T2,1,0,25,1
T3,2,0,104,9
T4,3,0,70,1
T5,4,1,200,3
T6,5,0,156,1
T7,6,1,156,2
T8,7,0,63,2
T9,8,0,27,1
T10,9,0,25,1
[204]
T1,0,1,28,2
T2,1,0,180,5
T3,2,1,200,2
T4,3,1,136,1
T5,4,0,189,10
T6,5,1,108,4
T7,6,0,27,2
T8,7,0,63,1
T9,8,0,150,3
T10,9,1,36,2
[205]
T1,0,1,31,2
T2,1,1,41,3
T3,2,1,175,6
T4,3,1,36,2
T5,4,1,168,2
T6,5,1,200,8
T7,6,1,126,1
T8,7,0,186,17
T9,8,0,120,2
T10,9,0,72,2
[206]
T1,0,0,25,2
T2,1,1,190,7
T3,2,0,30,2
T4,3,1,152,2
T5,4,0,43,2
T6,5,1,200,10
T7,6,1,114,2
T8,7,0,158,1
T9,8,1,75,2
T10,9,0,120,7
[207]
T1,0,1,200,8
T2,1,0,180,1
T3,2,1,168,4
T4,3,1,168,15
T5,4,1,51,2
T6,5,1,72,2
T7,6,1,126,2
T8,7,1,36,2
T9,8,1,35,2
T10,9,1,129,5
[208]
T1,0,0,56,2
T2,1,0,180,2
T3,2,0,195,10
T4,3,1,39,1
T5,4,0,200,1
T6,5,0,42,2
T7,6,0,120,2
T8,7,0,48,1
T9,8,1,65,3
T10,9,0,180,13
[209]
T1,0,1,45,2
T2,1,0,198,12
T3,2,0,120,2
T4,3,0,72,2
T5,4,1,102,8
T6,5,0,200,4
T7,6,0,20,2
T8,7,1,30,2
T9,8,1,170,1
T10,9,1,170,10
[210]
T1,0,1,33,2
T2,1,0,180,12
T3,2,1,75,2
T4,3,0,135,1
T5,4,1,198,12
T6,5,0,200,2
T7,6,0,63,2
T8,7,0,36,2
T9,8,0,33,1
T10,9,1,189,2
[211]
T1,0,1,128,7
T2,1,0,78,3
T3,2,0,192,8
T4,3,0,30,2
T5,4,0,21,2
T6,5,0,195,6
T7,6,1,182,2
T8,7,0,200,5
T9,8,0,104,5
T10,9,0,25,2
[212]
T1,0,0,53,5
T2,1,0,30,2
T3,2,1,150,3
T4,3,0,36,2
T5,4,1,66,2
T6,5,0,78,2
T7,6,0,150,1
T8,7,0,198,2
T9,8,1,66,4
T10,9,1,200,2
[213]
T1,0,1,112,4
T2,1,1,200,8
T3,2,0,160,3
T4,3,1,22,2
T5,4,1,42,2
T6,5,0,100,2
T7,6,0,75,2
T8,7,0,40,1
T9,8,0,168,12
T10,9,1,175,3
[214]
T1,0,1,21,2
T2,1,0,200,2
T3,2,1,165,8
T4,3,0,21,2
T5,4,0,60,4
T6,5,1,150,2
T7,6,0,70,2
T8,7,1,60,1
T9,8,0,160,2
T10,9,0,36,2
[215]
T1,0,0,176,2
T2,1,0,160,1
T3,2,1,200,2
T4,3,1,45,2
T5,4,1,135,9
T6,5,1,45,2
T7,6,0,150,2
T8,7,1,100,12
T9,8,1,45,2
T10,9,1,108,7
[216]
T1,0,0,110,5
T2,1,1,180,4
T3,2,0,78,1
T4,3,1,198,6
T5,4,0,150,9
T6,5,1,26,2
T7,6,0,45,1
T8,7,0,108,2
T9,8,1,200,12
T10,9,0,46,2
[217]
T1,0,1,42,2
T2,1,0,64,2
T3,2,1,140,2
T4,3,0,80,1
T5,4,0,200,11
T6,5,1,165,11
T7,6,1,160,8
T8,7,1,175,12
T9,8,1,24,2
T10,9,0,33,2
[218]
T1,0,1,200,7
T2,1,1,168,1
T3,2,0,160,6
T4,3,1,36,2
T5,4,0,120,18
T6,5,1,75,2
T7,6,1,120,2
T8,7,1,30,2
T9,8,1,177,3
T10,9,1,40,2
[219]
T1,0,1,35,2
T2,1,0,200,5
T3,2,1,195,20
T4,3,1,140,3
T5,4,1,175,3
T6,5,1,21,2
T7,6,0,156,3
T8,7,0,90,2
T9,8,1,112,4
T10,9,0,32,1
[220]
T1,0,1,200,13
T2,1,1,21,1
T3,2,1,165,2
T4,3,1,25,2
T5,4,0,176,7
T6,5,1,96,4
T7,6,1,175,1
T8,7,0,132,2
T9,8,1,44,1
T10,9,1,120,1
[221]
T1,0,0,30,1
T2,1,0,150,2
T3,2,1,192,18
T4,3,1,108,6
T5,4,0,200,1
T6,5,0,60,1
T7,6,0,50,1
T8,7,0,120,1
T9,8,0,31,2
T10,9,1,176,1
[222]
T1,0,1,49,2
T2,1,1,70,2
T3,2,1,75,2
T4,3,1,81,1
T5,4,0,200,6
T6,5,0,189,2
T7,6,1,36,2
T8,7,0,150,1
T9,8,0,175,13
T10,9,1,40,2
[223]
T1,0,0,200,5
T2,1,0,27,2
T3,2,0,196,1
T4,3,0,33,1
T5,4,0,56,4
T6,5,1,196,1
T7,6,1,147,8
T8,7,0,90,1
T9,8,1,140,3
T10,9,1,30,2
[224]
T1,0,0,28,2
T2,1,0,84,1
T3,2,0,50,1
T4,3,1,200,3
T5,4,0,168,18
T6,5,0,132,2
T7,6,1,175,3
T8,7,0,189,2
T9,8,1,49,1
T10,9,1,108,4
[225]
T1,0,1,126,7
T2,1,1,72,1
T3,2,1,45,1
T4,3,1,200,1
T5,4,1,50,1
T6,5,1,156,8
T7,6,0,42,2
T8,7,1,126,2
T9,8,1,175,2
T10,9,1,180,16
[226]
T1,0,1,160,11
T2,1,0,42,2
T3,2,0,91,1
T4,3,0,200,2
T5,4,1,180,4
T6,5,1,160,2
T7,6,0,90,2
T8,7,1,24,2
T9,8,0,21,2
T10,9,0,63,2
[227]
T1,0,0,126,6
T2,1,0,88,1
T3,2,0,36,2
T4,3,0,168,2
T5,4,1,23,2
T6,5,1,175,17
T7,6,0,147,1
T8,7,0,200,12
T9,8,0,36,2
T10,9,1,120,3
[228]
T1,0,0,66,2
T2,1,1,36,2
T3,2,0,144,3
T4,3,1,22,2
T5,4,1,138,5
T6,5,1,200,4
T7,6,0,180,1
T8,7,0,22,2
T9,8,1,198,10
T10,9,1,165,2
[229]
T1,0,1,200,2
T2,1,0,72,3
T3,2,0,176,4
T4,3,0,160,10
T5,4,1,50,2
T6,5,0,41,1
T7,6,1,150,2
T8,7,1,21,2
T9,8,0,99,3
T10,9,1,140,2
[230]
T1,0,1,48,2
T2,1,0,192,2
T3,2,0,32,1
T4,3,0,200,7
T5,4,0,192,14
T6,5,0,187,6
T7,6,0,136,2
T8,7,1,60,3
T9,8,1,33,2
T10,9,1,55,2
[231]
T1,0,0,160,4
T2,1,1,152,7
T3,2,1,95,2
T4,3,0,50,2
T5,4,1,200,1
T6,5,1,150,2
T7,6,1,125,2
T8,7,1,128,5
T9,8,0,30,2
T10,9,0,48,2
[232]
T1,0,1,126,1
T2,1,0,20,2
T3,2,1,200,4
T4,3,1,20,1
T5,4,1,37,2
T6,5,1,80,1
T7,6,1,190,3
T8,7,0,180,9
T9,8,1,75,3
T10,9,1,160,3
[233]
T1,0,0,40,2
T2,1,1,36,1
T3,2,0,78,2
T4,3,1,72,1
T5,4,1,30,2
T6,5,0,90,7
T7,6,1,200,6
T8,7,0,150,1
T9,8,0,150,11
T10,9,0,164,4
[234]
T1,0,0,54,2
T2,1,0,120,2
T3,2,1,112,2
T4,3,1,154,8
T5,4,0,84,1
T6,5,1,22,2
T7,6,1,35,1
T8,7,0,198,1
T9,8,0,165,4
T10,9,1,200,12
[235]
T1,0,1,165,2
T2,1,0,27,2
T3,2,0,108,13
T4,3,1,46,2
T5,4,0,60,1
T6,5,1,35,2
T7,6,0,168,4
T8,7,0,200,3
T9,8,0,108,2
T10,9,0,175,1
[236]
T1,0,1,40,1
T2,1,1,96,2
T3,2,0,64,3
T4,3,1,200,3
T5,4,0,75,2
T6,5,0,47,3
T7,6,0,195,3
T8,7,0,156,1
T9,8,1,150,9
T10,9,1,40,2
[237]
T1,0,0,200,12
T2,1,1,160,1
T3,2,1,45,1
T4,3,0,40,1
T5,4,0,132,6
T6,5,1,21,2
T7,6,0,175,2
T8,7,0,168,2
T9,8,1,105,2
T10,9,0,88,5
[238]
T1,0,1,150,3
T2,1,1,189,12
T3,2,0,20,2
T4,3,1,140,8
T5,4,1,60,2
T6,5,0,200,2
T7,6,0,50,2
T8,7,0,39,2
T9,8,0,130,1
T10,9,0,189,6
[239]
T1,0,0,75,1
T2,1,1,54,1
T3,2,0,147,5
T4,3,1,200,8
T5,4,1,52,2
T6,5,1,189,14
T7,6,1,147,2
T8,7,0,196,12
T9,8,0,49,2
T10,9,1,168,4
[240]
T1,0,1,110,3
T2,1,0,33,1
T3,2,1,50,1
T4,3,1,168,2
T5,4,1,200,14
T6,5,1,112,2
T7,6,0,189,2
T8,7,0,144,6
T9,8,1,50,2
T10,9,0,165,4
[241]
T1,0,0,150,4
T2,1,1,200,12
T3,2,0,75,2
T4,3,0,126,1
T5,4,1,154,1
T6,5,1,36,2
T7,6,0,189,2
T8,7,0,30,3
T9,8,1,108,2
T10,9,0,25,2
[242]
T1,0,1,28,2
T2,1,0,28,2
T3,2,0,189,3
T4,3,1,189,2
T5,4,0,21,2
T6,5,1,78,2
T7,6,1,65,8
T8,7,0,130,2
T9,8,1,180,8
T10,9,0,200,9
[243]
T1,0,1,25,2
T2,1,0,138,1
T3,2,0,21,1
T4,3,1,175,1
T5,4,0,168,2
T6,5,1,105,2
T7,6,1,184,9
T8,7,1,200,6
T9,8,0,140,1
T10,9,1,50,3
[244]
T1,0,0,162,9
T2,1,1,130,1
T3,2,1,20,2
T4,3,1,162,3
T5,4,0,32,1
T6,5,0,117,1
T7,6,1,200,22
T8,7,1,36,2
T9,8,0,80,2
T10,9,1,180,5
[245]
T1,0,1,168,15
T2,1,0,40,2
T3,2,0,200,1
T4,3,0,140,1
T5,4,0,92,2
T6,5,1,42,3
T7,6,1,23,2
T8,7,1,184,3
T9,8,1,161,2
T10,9,0,96,2
[246]
T1,0,1,168,5
T2,1,1,161,2
T3,2,1,30,2
T4,3,1,126,1
T5,4,1,189,24
T6,5,1,41,2
T7,6,1,90,3
T8,7,1,108,2
T9,8,0,20,2
T10,9,0,200,6
[247]
T1,0,0,200,2
T2,1,0,160,9
T3,2,0,25,2
T4,3,0,34,2
T5,4,0,63,1
T6,5,1,170,1
T7,6,0,160,6
T8,7,0,70,2
T9,8,0,36,2
T10,9,1,56,2
[248]
T1,0,1,40,2
T2,1,1,200,1
T3,2,1,70,2
T4,3,1,182,18
T5,4,0,168,1
T6,5,0,140,2
T7,6,1,36,2
T8,7,1,91,5
T9,8,1,25,1
T10,9,1,196,9
[249]
T1,0,1,90,7
T2,1,0,128,1
T3,2,0,189,2
T4,3,1,26,1
T5,4,0,45,2
T6,5,0,135,4
T7,6,0,168,2
T8,7,0,200,3
T9,8,1,168,2
T10,9,0,40,2
[250]
T1,0,1,195,3
T2,1,1,66,1
T3,2,1,55,2
T4,3,1,200,2
T5,4,1,22,2
T6,5,1,165,3
T7,6,0,39,1
T8,7,1,143,14
T9,8,1,47,1
T10,9,1,180,6
[251]
T1,0,1,48,2
T2,1,0,120,1
T3,2,0,128,2
T4,3,0,46,2
T5,4,1,156,9
T6,5,1,168,6
T7,6,1,160,2
T8,7,1,200,30
T9,8,0,42,2
T10,9,0,96,2
[252]
T1,0,1,54,1
T2,1,1,176,2
T3,2,0,27,1
T4,3,0,175,1
T5,4,0,132,6
T6,5,1,144,6
T7,6,1,175,1
T8,7,1,35,2
T9,8,1,27,2
T10,9,0,200,10
[253]
T1,0,1,196,2
T2,1,1,168,4
T3,2,1,98,2
T4,3,1,168,31
T5,4,1,57,2
T6,5,0,32,2
T7,6,0,200,1
T8,7,0,38,2
T9,8,0,140,1
T10,9,0,20,2
[254]
T1,0,0,100,2
T2,1,1,176,5
T3,2,1,25,2
T4,3,0,150,3
T5,4,1,92,1
T6,5,1,200,10
T7,6,1,52,1
T8,7,0,23,2
T9,8,0,66,5
T10,9,1,165,3
[255]
T1,0,0,108,2
T2,1,1,22,2
T3,2,1,27,2
T4,3,0,175,4
T5,4,0,100,5
T6,5,0,198,4
T7,6,0,200,2
T8,7,0,168,2
T9,8,0,35,3
T10,9,0,56,2
[256]
T1,0,0,155,3
T2,1,1,196,3
T3,2,0,62,2
T4,3,1,112,1
T5,4,1,140,12
T6,5,0,35,1
T7,6,0,28,1
T8,7,0,200,3
T9,8,0,196,2
T10,9,0,25,2
[257]
T1,0,1,78,1
T2,1,1,36,2
T3,2,1,65,3
T4,3,0,200,5
T5,4,0,41,2
T6,5,1,150,1
T7,6,0,75,3
T8,7,0,176,4
T9,8,0,22,1
T10,9,0,165,2
[258]
T1,0,0,45,2
T2,1,1,180,20
T3,2,0,60,3
T4,3,1,180,2
T5,4,0,44,2
T6,5,1,25,2
T7,6,1,200,10
T8,7,1,171,1
T9,8,0,96,1
T10,9,1,135,5
[259]
T1,0,1,74,2
T2,1,1,180,2
T3,2,0,160,4
T4,3,1,80,2
T5,4,1,150,1
T6,5,1,32,2
T7,6,1,30,1
T8,7,0,47,1
T9,8,0,200,4
T10,9,1,96,11
[260]
T1,0,0,200,6
T2,1,0,65,2
T3,2,1,150,1
T4,3,0,72,3
T5,4,0,33,2
T6,5,0,36,2
T7,6,1,198,17
T8,7,0,150,2
T9,8,0,143,1
T10,9,0,22,2
[261]
T1,0,1,168,4
T2,1,0,76,1
T3,2,1,180,5
T4,3,1,133,3
T5,4,0,39,1
T6,5,1,60,2
T7,6,1,152,2
T8,7,0,48,2
T9,8,0,35,1
T10,9,0,200,20
[262]
T1,0,0,144,2
T2,1,1,186,2
T3,2,1,168,2
T4,3,0,36,1
T5,4,0,34,2
T6,5,1,186,1
T7,6,0,40,2
T8,7,0,72,2
T9,8,1,200,2
T10,9,0,60,7
[263]
T1,0,1,200,11
T2,1,1,63,5
T3,2,1,100,2
T4,3,1,63,2
T5,4,1,36,2
T6,5,1,150,2
T7,6,1,54,1
T8,7,0,161,1
T9,8,0,175,3
T10,9,0,24,1
[264]
T1,0,1,150,5
T2,1,1,120,2
T3,2,1,35,2
T4,3,1,200,8
T5,4,1,165,3
T6,5,0,135,1
T7,6,1,56,2
T8,7,1,40,2
T9,8,0,176,1
T10,9,1,44,4
[265]
T1,0,0,175,4
T2,1,1,27,2
T3,2,1,70,2
T4,3,1,180,25
T5,4,1,22,2
T6,5,0,42,2
T7,6,0,75,3
T8,7,0,196,3
T9,8,1,147,4
T10,9,0,200,2
[266]
T1,0,1,38,1
T2,1,1,26,1
T3,2,0,132,3
T4,3,1,160,2
T5,4,1,200,1
T6,5,0,176,5
T7,6,0,130,4
T8,7,1,195,10
T9,8,0,60,1
T10,9,0,32,1
[267]
T1,0,0,88,1
T2,1,1,195,7
T3,2,1,55,2
T4,3,0,156,3
T5,4,1,45,2
T6,5,1,48,2
T7,6,1,39,4
T8,7,0,176,6
T9,8,1,200,5
T10,9,1,75,2
[268]
T1,0,0,48,2
T2,1,0,65,1
T3,2,0,50,2
T4,3,0,117,2
T5,4,1,150,1
T6,5,1,175,5
T7,6,1,200,3
T8,7,1,168,10
T9,8,0,28,2
T10,9,1,70,3
[269]
T1,0,1,175,6
T2,1,0,175,8
T3,2,1,29,2
T4,3,0,32,2
T5,4,0,200,6
T6,5,0,192,7
T7,6,0,90,4
T8,7,1,63,2
T9,8,0,40,2
T10,9,0,105,2
[270]
T1,0,1,20,2
T2,1,1,45,2
T3,2,0,189,4
T4,3,0,24,2
T5,4,1,200,5
T6,5,1,135,9
T7,6,0,72,2
T8,7,0,184,21
T9,8,0,135,2
T10,9,0,189,4
[271]
T1,0,1,104,4
T2,1,1,56,1
T3,2,0,20,2
T4,3,1,37,2
T5,4,0,24,1
T6,5,1,165,13
T7,6,1,200,6
T8,7,1,130,2
T9,8,1,175,4
T10,9,0,165,1
[272]
T1,0,0,49,2
T2,1,0,90,3
T3,2,1,180,2
T4,3,0,117,2
T5,4,0,200,11
T6,5,1,120,2
T7,6,1,45,1
T8,7,0,20,2
T9,8,1,190,5
T10,9,1,195,14
[273]
T1,0,0,200,6
T2,1,1,180,2
T3,2,0,102,1
T4,3,0,27,2
T5,4,0,150,9
T6,5,0,150,4
T7,6,0,34,2
T8,7,0,100,1
T9,8,0,105,4
T10,9,1,36,1
[274]
T1,0,0,45,2
T2,1,0,200,3
T3,2,0,32,2
T4,3,1,175,2
T5,4,0,100,8
T6,5,0,150,3
T7,6,0,136,6
T8,7,1,136,2
T9,8,0,37,2
T10,9,1,160,6
[275]
T1,0,0,75,1
T2,1,0,42,1
T3,2,1,165,1
T4,3,0,28,2
T5,4,0,200,12
T6,5,1,150,10
T7,6,0,195,1
T8,7,0,60,1
T9,8,0,88,1
T10,9,0,24,2
[276]
T1,0,1,41,2
T2,1,1,21,2
T3,2,1,30,1
T4,3,0,72,1
T5,4,1,152,8
T6,5,1,200,2
T7,6,1,152,2
T8,7,0,190,4
T9,8,0,112,3
T10,9,1,133,1
[277]
T1,0,1,23,1
T2,1,1,30,2
T3,2,0,105,6
T4,3,0,175,3
T5,4,1,105,2
T6,5,1,140,2
T7,6,1,163,2
T8,7,0,150,1
T9,8,1,200,13
T10,9,1,42,1
[278]
T1,0,1,168,2
T2,1,1,126,5
T3,2,1,161,17
T4,3,1,150,3
T5,4,0,25,2
T6,5,1,70,1
T7,6,0,40,2
T8,7,1,200,3
T9,8,0,35,2
T10,9,1,115,1
[279]
T1,0,0,195,7
T2,1,1,28,2
T3,2,0,23,2
T4,3,1,55,2
T5,4,0,154,15
T6,5,1,120,8
T7,6,1,200,2
T8,7,0,130,2
T9,8,1,33,2
T10,9,0,195,1
[280]
T1,0,1,32,2
T2,1,0,192,2
T3,2,1,154,16
T4,3,0,50,1
T5,4,1,154,1
T6,5,1,140,11
T7,6,1,112,2
T8,7,0,75,2
T9,8,1,200,2
T10,9,0,47,2
[281]
T1,0,0,200,11
T2,1,0,180,1
T3,2,0,136,1
T4,3,0,150,4
T5,4,0,100,2
T6,5,1,24,2
T7,6,1,162,2
T8,7,0,25,2
T9,8,1,60,8
T10,9,0,40,2
[282]
T1,0,1,33,2
T2,1,0,150,8
T3,2,1,54,2
T4,3,1,144,12
T5,4,1,35,2
T6,5,1,150,8
T7,6,1,200,2
T8,7,1,70,2
T9,8,0,176,2
T10,9,0,27,2
[283]
T1,0,1,48,2
T2,1,1,156,2
T3,2,0,126,5
T4,3,1,45,2
T5,4,0,125,1
T6,5,0,70,2
T7,6,0,175,2
T8,7,1,168,1
T9,8,0,200,15
T10,9,0,21,2
[284]
T1,0,1,186,2
T2,1,0,66,1
T3,2,1,36,3
T4,3,0,72,1
T5,4,1,25,1
T6,5,0,186,3
T7,6,1,186,3
T8,7,0,200,3
T9,8,1,60,2
T10,9,0,52,1
[285]
T1,0,1,200,12
T2,1,1,120,5
T3,2,1,176,1
T4,3,1,48,3
T5,4,1,38,1
T6,5,0,150,1
T7,6,0,44,2
T8,7,1,196,6
T9,8,1,100,1
T10,9,0,56,1
[286]
T1,0,0,200,5
T2,1,0,48,3
T3,2,1,135,2
T4,3,0,150,6
T5,4,0,36,2
T6,5,0,150,4
T7,6,1,128,8
T8,7,1,72,2
T9,8,1,162,2
T10,9,1,40,1
[287]
T1,0,1,100,10
T2,1,0,35,2
T3,2,1,51,3
T4,3,0,72,2
T5,4,1,136,3
T6,5,1,200,1
T7,6,0,153,2
T8,7,1,189,8
T9,8,1,189,1
T10,9,1,28,2
[288]
T1,0,1,168,3
T2,1,0,192,12
T3,2,0,200,5
T4,3,0,112,3
T5,4,0,25,1
T6,5,0,52,2
T7,6,0,102,2
T8,7,0,32,1
T9,8,0,170,3
T10,9,1,136,2
[289]
T1,0,1,20,2
T2,1,1,36,4
T3,2,1,75,1
T4,3,1,95,2
T5,4,0,50,3
T6,5,0,150,1
T7,6,1,176,2
T8,7,1,72,2
T9,8,0,200,2
T10,9,1,180,3
[290]
T1,0,1,112,9
T2,1,1,192,4
T3,2,1,44,2
T4,3,1,105,4
T5,4,1,182,5
T6,5,0,200,1
T7,6,1,175,1
T8,7,1,21,2
T9,8,0,70,2
T10,9,0,50,3
[291]
T1,0,0,52,2
T2,1,0,140,1
T3,2,1,200,13
T4,3,1,112,2
T5,4,1,150,2
T6,5,1,35,2
T7,6,1,176,10
T8,7,0,33,1
T9,8,0,90,5
T10,9,1,165,2
[292]
T1,0,0,189,7
T2,1,0,66,2
T3,2,0,175,2
T4,3,1,198,22
T5,4,1,60,2
T6,5,1,27,2
T7,6,0,200,4
T8,7,0,24,2
T9,8,0,20,2
T10,9,0,100,2
[293]
T1,0,1,180,3
T2,1,1,70,2
T3,2,0,45,1
T4,3,0,99,6
T5,4,0,198,16
T6,5,1,200,1
T7,6,0,189,6
T8,7,0,135,2
T9,8,0,22,2
T10,9,1,33,2
[294]
T1,0,0,165,7
T2,1,0,165,1
T3,2,0,60,2
T4,3,0,47,2
T5,4,1,60,1
T6,5,0,39,2
T7,6,0,130,2
T8,7,1,50,3
T9,8,0,200,1
T10,9,1,195,20
[295]
T1,0,0,38,1
T2,1,1,152,7
T3,2,0,44,1
T4,3,0,85,1
T5,4,0,171,13
T6,5,1,171,3
T7,6,0,200,5
T8,7,0,72,2
T9,8,1,24,2
T10,9,1,90,2
[296]
T1,0,1,175,2
T2,1,1,99,2
T3,2,0,50,1
T4,3,0,160,1
T5,4,1,168,14
T6,5,0,200,2
T7,6,0,77,1
T8,7,1,21,2
T9,8,0,132,3
T10,9,1,44,4
[297]
T1,0,1,150,8
T2,1,1,171,16
T3,2,0,24,2
T4,3,1,120,1
T5,4,0,200,3
T6,5,0,180,1
T7,6,1,144,6
T8,7,1,140,1
T9,8,0,21,2
T10,9,0,27,2
[298]
T1,0,1,96,10
T2,1,1,144,3
T3,2,1,23,2
T4,3,1,150,9
T5,4,1,200,5
T6,5,1,150,2
T7,6,0,148,2
T8,7,1,50,2
T9,8,1,60,1
T10,9,0,48,2
[299]
T1,0,0,21,2
T2,1,0,168,15
T3,2,1,125,1
T4,3,1,165,2
T5,4,0,56,1
T6,5,0,28,1
T7,6,1,32,2
T8,7,0,160,5
T9,8,0,200,3
T10,9,1,88,2
[300]
T1,0,1,196,2
T2,1,1,25,2
T3,2,0,77,1
T4,3,1,200,1
T5,4,1,84,2
T6,5,1,44,4
T7,6,1,175,3
T8,7,0,72,2
T9,8,1,196,14
T10,9,1,22,2
[301]
T1,0,1,117,2
T2,1,0,63,1
T3,2,0,70,1
T4,3,0,50,2
T5,4,0,200,6
T6,5,1,168,2
T7,6,1,189,11
T8,7,0,26,2
T9,8,1,53,2
T10,9,1,189,14
[302]
T1,0,0,200,3
T2,1,1,105,2
T3,2,0,147,4
T4,3,1,84,1
T5,4,0,154,3
T6,5,1,196,11
T7,6,0,132,4
T8,7,0,46,2
T9,8,1,45,2
T10,9,1,42,4
[303]
T1,0,1,72,2
T2,1,1,28,1
T3,2,1,165,7
T4,3,1,20,1
T5,4,1,44,2
T6,5,1,150,2
T7,6,1,200,13
T8,7,0,60,2
T9,8,0,55,1
T10,9,0,196,6
[304]
T1,0,1,28,1
T2,1,0,200,16
T3,2,0,120,3
T4,3,1,105,1
T5,4,1,176,2
T6,5,1,126,8
T7,6,0,29,2
T8,7,1,24,2
T9,8,0,198,3
T10,9,1,189,6
[305]
T1,0,0,154,4
T2,1,0,198,5
T3,2,1,200,11
T4,3,0,90,4
T5,4,1,42,1
T6,5,1,165,9
T7,6,0,42,2
T8,7,1,72,2
T9,8,1,126,2
T10,9,1,48,2
[306]
T1,0,1,200,2
T2,1,0,25,1
T3,2,0,48,2
T4,3,1,108,1
T5,4,0,84,4
T6,5,1,189,4
T7,6,0,150,3
T8,7,1,176,21
T9,8,0,100,2
T10,9,1,22,2
[307]
T1,0,1,20,2
T2,1,1,176,2
T3,2,0,160,1
T4,3,1,200,6
T5,4,1,33,2
T6,5,0,56,1
T7,6,0,180,2
T8,7,1,30,2
T9,8,0,144,2
T10,9,0,132,25
[308]
T1,0,1,160,5
T2,1,0,165,3
T3,2,1,200,6
T4,3,1,48,1
T5,4,1,33,2
T6,5,1,60,2
T7,6,0,160,10
T8,7,0,80,2
T9,8,1,44,2
T10,9,0,102,2
[309]
T1,0,1,165,23
T2,1,0,176,1
T3,2,0,132,1
T4,3,0,20,2
T5,4,0,200,1
T6,5,0,53,1
T7,6,0,88,5
T8,7,1,48,1
T9,8,1,198,3
T10,9,1,100,2
[310]
T1,0,0,87,2
T2,1,1,30,1
T3,2,1,75,3
T4,3,1,160,2
T5,4,1,160,12
T6,5,0,200,5
T7,6,0,25,2
T8,7,1,174,10
T9,8,1,104,2
T10,9,0,49,2
[311]
T1,0,1,48,2
T2,1,1,153,13
T3,2,0,187,2
T4,3,1,102,2
T5,4,1,176,3
T6,5,0,144,5
T7,6,0,22,2
T8,7,1,120,2
T9,8,1,200,9
T10,9,0,31,1
[312]
T1,0,0,42,2
T2,1,1,27,1
T3,2,0,56,2
T4,3,1,175,4
T5,4,1,75,1
T6,5,1,200,2
T7,6,1,36,2
T8,7,1,195,15
T9,8,1,168,7
T10,9,0,100,4
[313]
T1,0,0,182,10
T2,1,0,125,2
T3,2,0,39,1
T4,3,0,50,1
T5,4,0,200,2
T6,5,1,195,1
T7,6,1,40,2
T8,7,0,182,14
T9,8,1,72,4
T10,9,0,70,2
[314]
T1,0,1,156,3
T2,1,1,26,2
T3,2,1,132,3
T4,3,1,200,4
T5,4,0,165,2
T6,5,1,104,8
T7,6,0,20,2
T8,7,1,168,1
T9,8,1,110,5
T10,9,0,52,1
[315]
T1,0,0,36,2
T2,1,0,60,2
T3,2,0,168,1
T4,3,0,22,2
T5,4,1,90,3
T6,5,1,168,4
T7,6,1,120,4
T8,7,0,25,2
T9,8,1,160,10
T10,9,1,200,8
[316]
T1,0,1,72,3
T2,1,1,168,13
T3,2,0,150,5
T4,3,0,49,1
T5,4,0,50,2
T6,5,1,120,2
T7,6,1,196,2
T8,7,0,200,7
T9,8,0,90,1
T10,9,1,22,2
[317]
T1,0,0,44,2
T2,1,1,165,1
T3,2,0,175,14
T4,3,1,22,2
T5,4,0,160,1
T6,5,1,120,2
T7,6,0,26,2
T8,7,1,99,2
T9,8,0,200,25
T10,9,1,56,2
[318]
T1,0,0,153,3
T2,1,1,32,1
T3,2,0,36,2
T4,3,1,195,2
T5,4,0,200,1
T6,5,0,136,2
T7,6,1,150,4
T8,7,0,136,6
T9,8,0,39,1
T10,9,1,102,9
[319]
T1,0,0,84,2
T2,1,0,64,2
T3,2,1,60,1
T4,3,1,39,2
T5,4,1,150,7
T6,5,1,200,2
T7,6,1,168,18
T8,7,1,22,2
T9,8,1,44,1
T10,9,0,160,4
[320]
T1,0,1,182,2
T2,1,1,78,8
T3,2,0,20,2
T4,3,1,72,2
T5,4,1,27,2
T6,5,1,180,3
T7,6,0,195,11
T8,7,1,63,2
T9,8,1,37,1
T10,9,0,200,4
[321]
T1,0,0,156,2
T2,1,0,42,1
T3,2,0,156,12
T4,3,1,26,2
T5,4,1,200,3
T6,5,0,64,2
T7,6,0,64,2
T8,7,0,75,2
T9,8,1,168,6
T10,9,1,20,2
[322]
T1,0,0,87,1
T2,1,1,43,2
T3,2,0,60,2
T4,3,0,174,14
T5,4,1,30,2
T6,5,1,200,3
T7,6,1,90,1
T8,7,1,180,5
T9,8,0,195,10
T10,9,0,24,1
[323]
T1,0,0,200,3
T2,1,1,155,12
T3,2,1,40,2
T4,3,1,155,2
T5,4,1,160,5
T6,5,0,80,2
T7,6,1,48,2
T8,7,1,70,2
T9,8,1,20,2
T10,9,1,84,4
[324]
T1,0,1,195,2
T2,1,1,26,2
T3,2,1,48,2
T4,3,1,168,4
T5,4,1,96,2
T6,5,1,25,2
T7,6,1,75,2
T8,7,1,200,14
T9,8,0,96,1
T10,9,1,180,8
[325]
T1,0,1,50,3
T2,1,1,156,2
T3,2,0,42,2
T4,3,0,72,2
T5,4,0,40,2
T6,5,1,195,2
T7,6,0,70,2
T8,7,0,168,11
T9,8,1,84,1
T10,9,0,200,9
[326]
T1,0,0,200,2
T2,1,0,180,5
T3,2,0,176,4
T4,3,1,55,2
T5,4,0,32,2
T6,5,0,40,1
T7,6,1,144,5
T8,7,0,198,2
T9,8,1,48,1
T10,9,1,99,4
[327]
T1,0,1,60,1
T2,1,0,175,20
T3,2,1,50,2
T4,3,1,84,2
T5,4,1,26,2
T6,5,0,180,2
T7,6,1,200,2
T8,7,1,180,2
T9,8,1,144,5
T10,9,1,49,2
[328]
T1,0,1,50,2
T2,1,1,75,1
T3,2,1,190,2
T4,3,0,75,4
T5,4,0,40,2
T6,5,1,128,10
T7,6,1,152,3
T8,7,1,200,6
T9,8,0,152,1
T10,9,0,48,2
[329]
T1,0,1,175,4
T2,1,1,25,2
T3,2,0,44,2
T4,3,1,28,1
T5,4,0,75,2
T6,5,1,77,3
T7,6,1,195,4
T8,7,1,200,10
T9,8,0,100,2
T10,9,1,154,1
[330]
T1,0,0,200,6
T2,1,0,43,1
T3,2,0,168,11
T4,3,1,105,2
T5,4,1,35,1
T6,5,1,182,11
T7,6,1,72,2
T8,7,1,30,2
T9,8,0,75,2
T10,9,0,168,2
[331]
T1,0,0,28,2
T2,1,1,165,14
T3,2,0,84,1
T4,3,0,30,2
T5,4,1,176,2
T6,5,1,77,3
T7,6,1,126,5
T8,7,1,200,4
T9,8,1,176,4
T10,9,0,48,2
[332]
T1,0,0,180,3
T2,1,1,150,9
T3,2,0,200,11
T4,3,1,48,1
T5,4,1,117,2
T6,5,1,180,2
T7,6,1,30,1
T8,7,0,45,2
T9,8,0,136,1
T10,9,0,102,2
[333]
T1,0,0,66,4
T2,1,0,20,2
T3,2,0,84,2
T4,3,1,200,1
T5,4,1,165,2
T6,5,1,195,8
T7,6,1,26,2
T8,7,0,156,14
T9,8,1,42,2
T10,9,1,105,4
[334]
T1,0,0,75,1
T2,1,0,25,1
T3,2,0,44,1
T4,3,1,156,2
T5,4,0,168,13
T6,5,0,156,2
T7,6,1,32,2
T8,7,1,130,6
T9,8,0,200,2
T10,9,1,65,2
[335]
T1,0,1,196,3
T2,1,1,200,3
T3,2,1,96,4
T4,3,0,84,2
T5,4,0,32,3
T6,5,0,168,1
T7,6,1,180,8
T8,7,0,64,2
T9,8,0,35,2
T10,9,0,36,1
[336]
T1,0,1,200,2
T2,1,1,40,2
T3,2,1,154,5
T4,3,0,180,9
T5,4,0,180,7
T6,5,0,60,1
T7,6,1,112,2
T8,7,0,110,2
T9,8,0,27,2
T10,9,1,44,2
[337]
T1,0,1,52,1
T2,1,1,162,1
T3,2,1,162,4
T4,3,1,130,7
T5,4,1,150,2
T6,5,0,108,2
T7,6,0,120,3
T8,7,1,200,3
T9,8,0,44,4
T10,9,0,20,2
[338]
T1,0,0,105,6
T2,1,0,24,2
T3,2,0,153,3
T4,3,0,170,10
T5,4,0,168,3
T6,5,0,36,2
T7,6,1,140,2
T8,7,0,200,14
T9,8,0,38,2
T10,9,1,70,1
[339]
T1,0,0,117,12
T2,1,0,36,2
T3,2,0,156,3
T4,3,0,100,2
T5,4,0,195,3
T6,5,1,46,2
T7,6,1,180,4
T8,7,0,62,3
T9,8,0,26,2
T10,9,1,200,3
[340]
T1,0,0,99,4
T2,1,0,198,2
T3,2,1,148,8
T4,3,0,27,2
T5,4,0,44,2
T6,5,0,90,6
T7,6,1,200,3
T8,7,0,110,2
T9,8,0,50,3
T10,9,0,198,2
[341]
T1,0,0,40,1
T2,1,1,46,1
T3,2,1,132,2
T4,3,0,56,2
T5,4,1,198,12
T6,5,1,36,1
T7,6,1,140,2
T8,7,1,189,6
T9,8,0,200,4
T10,9,1,168,5
[342]
T1,0,0,93,1
T2,1,0,200,11
T3,2,0,176,3
T4,3,0,165,4
T5,4,0,120,4
T6,5,0,43,3
T7,6,0,150,1
T8,7,1,48,2
T9,8,1,66,1
T10,9,1,22,2
[343]
T1,0,0,200,1
T2,1,0,28,2
T3,2,0,25,2
T4,3,1,27,2
T5,4,1,168,16
T6,5,0,175,6
T7,6,0,56,1
T8,7,1,120,2
T9,8,1,110,5
T10,9,1,165,6
[344]
T1,0,0,165,2
T2,1,1,78,2
T3,2,0,143,8
T4,3,0,39,2
T5,4,0,175,2
T6,5,0,130,4
T7,6,1,200,20
T8,7,1,28,2
T9,8,1,154,1
T10,9,0,35,2
[345]
T1,0,1,20,2
T2,1,0,168,10
T3,2,0,112,7
T4,3,0,65,1
T5,4,1,35,2
T6,5,0,32,2
T7,6,0,156,2
T8,7,1,200,2
T9,8,0,91,2
T10,9,0,160,5
[346]
T1,0,0,120,2
T2,1,1,48,3
T3,2,0,78,2
T4,3,0,168,3
T5,4,0,156,2
T6,5,0,126,1
T7,6,1,160,2
T8,7,1,200,6
T9,8,1,24,2
T10,9,0,50,4
[347]
T1,0,1,31,1
T2,1,0,60,2
T3,2,0,64,2
T4,3,1,165,15
T5,4,1,42,2
T6,5,0,55,3
T7,6,1,176,2
T8,7,1,160,3
T9,8,1,50,1
T10,9,1,200,6
[348]
T1,0,1,49,1
T2,1,1,143,2
T3,2,0,32,2
T4,3,0,156,3
T5,4,0,200,3
T6,5,0,78,2
T7,6,1,143,3
T8,7,0,156,18
T9,8,0,195,5
T10,9,0,24,2
[349]
T1,0,1,100,3
T2,1,1,100,2
T3,2,0,154,11
T4,3,0,24,2
T5,4,1,21,2
T6,5,1,150,4
T7,6,0,105,2
T8,7,0,50,2
T9,8,1,152,6
T10,9,0,200,8
[350]
T1,0,0,80,2
T2,1,0,90,1
T3,2,1,175,8
T4,3,1,135,5
T5,4,1,30,2
T6,5,0,200,2
T7,6,0,195,4
T8,7,0,20,1
T9,8,1,182,2
T10,9,1,24,2
[351]
T1,0,0,76,5
T2,1,1,50,1
T3,2,0,200,2
T4,3,1,152,2
T5,4,1,144,3
T6,5,1,35,1
T7,6,1,38,2
T8,7,1,95,4
T9,8,0,175,3
T10,9,0,180,6
[352]
T1,0,1,192,1
T2,1,1,72,9
T3,2,1,150,2
T4,3,1,200,1
T5,4,1,50,2
T6,5,0,21,2
T7,6,0,105,3
T8,7,0,150,7
T9,8,0,35,2
T10,9,0,70,1
[353]
T1,0,0,156,4
T2,1,1,200,3
T3,2,1,75,1
T4,3,0,39,2
T5,4,0,195,7
T6,5,1,70,3
T7,6,1,175,2
T8,7,1,25,2
T9,8,0,30,1
T10,9,0,147,1
[354]
T1,0,0,50,2
T2,1,0,90,2
T3,2,1,200,2
T4,3,0,152,9
T5,4,1,53,1
T6,5,0,105,3
T7,6,0,175,4
T8,7,0,126,3
T9,8,0,171,1
T10,9,0,30,2
[355]
T1,0,1,156,3
T2,1,1,88,2
T3,2,1,25,1
T4,3,0,200,6
T5,4,0,100,2
T6,5,0,130,10
T7,6,1,154,1
T8,7,1,150,2
T9,8,1,27,2
T10,9,0,50,1
[356]
T1,0,0,180,5
T2,1,0,196,8
T3,2,1,48,2
T4,3,0,36,1
T5,4,0,54,2
T6,5,0,21,2
T7,6,0,180,2
T8,7,1,108,2
T9,8,1,200,1
T10,9,1,144,3
[357]
T1,0,0,132,2
T2,1,1,104,2
T3,2,1,42,3
T4,3,1,156,6
T5,4,0,26,2
T6,5,1,182,2
T7,6,1,104,6
T8,7,0,200,1
T9,8,1,182,14
T10,9,1,26,2
[358]
T1,0,0,24,2
T2,1,0,66,4
T3,2,0,190,3
T4,3,1,100,2
T5,4,1,60,2
T6,5,1,171,3
T7,6,1,37,1
T8,7,0,20,2
T9,8,1,200,17
T10,9,1,171,3
[359]
T1,0,0,200,2
T2,1,0,45,2
T3,2,0,116,2
T4,3,0,58,1
T5,4,0,51,1
T6,5,1,174,5
T7,6,1,29,2
T8,7,1,180,5
T9,8,0,160,18
T10,9,1,116,2
[360]
T1,0,0,40,4
T2,1,1,200,2
T3,2,1,108,5
T4,3,0,41,2
T5,4,0,192,7
T6,5,0,162,3
T7,6,0,75,1
T8,7,0,75,2
T9,8,1,20,2
T10,9,0,150,1
[361]
T1,0,0,195,13
T2,1,1,70,2
T3,2,1,54,2
T4,3,1,91,2
T5,4,1,200,14
T6,5,0,156,2
T7,6,1,20,2
T8,7,1,120,2
T9,8,0,48,2
T10,9,1,182,13
[362]
T1,0,0,162,1
T2,1,0,50,3
T3,2,0,135,2
T4,3,0,200,2
T5,4,0,140,9
T6,5,0,40,2
T7,6,1,20,2
T8,7,1,98,1
T9,8,1,175,12
T10,9,0,168,2
[363]
T1,0,1,162,2
T2,1,1,39,2
T3,2,1,168,7
T4,3,0,98,2
T5,4,0,200,6
T6,5,1,147,5
T7,6,1,21,2
T8,7,1,140,1
T9,8,0,120,3
T10,9,1,28,1
[364]
T1,0,1,35,2
T2,1,1,23,2
T3,2,1,154,3
T4,3,0,88,2
T5,4,0,170,5
T6,5,1,200,2
T7,6,0,100,6
T8,7,1,51,2
T9,8,0,119,4
T10,9,0,175,2
[365]
T1,0,1,100,1
T2,1,0,26,2
T3,2,1,195,2
T4,3,1,200,11
T5,4,0,117,2
T6,5,0,105,5
T7,6,1,32,2
T8,7,0,195,4
T9,8,1,27,1
T10,9,1,182,4
[366]
T1,0,1,200,2
T2,1,1,84,2
T3,2,0,66,2
T4,3,1,175,2
T5,4,1,24,2
T6,5,0,168,1
T7,6,0,140,1
T8,7,1,20,2
T9,8,0,32,1
T10,9,1,175,21
[367]
T1,0,1,153,5
T2,1,0,50,1
T3,2,1,40,1
T4,3,0,168,1
T5,4,1,126,1
T6,5,0,63,4
T7,6,0,153,10
T8,7,1,48,2
T9,8,1,90,2
T10,9,0,200,6
[368]
T1,0,1,29,2
T2,1,1,112,2
T3,2,1,180,7
T4,3,0,198,8
T5,4,0,20,1
T6,5,1,54,2
T7,6,1,200,1
T8,7,1,180,4
T9,8,0,77,2
T10,9,1,40,2
[369]
T1,0,1,44,2
T2,1,1,42,1
T3,2,0,95,2
T4,3,0,150,4
T5,4,0,76,2
T6,5,0,110,2
T7,6,0,190,2
T8,7,0,165,11
T9,8,0,27,2
T10,9,0,200,14
[370]
T1,0,0,155,2
T2,1,0,155,4
T3,2,0,51,2
T4,3,1,200,2
T5,4,1,175,17
T6,5,0,48,1
T7,6,0,72,2
T8,7,1,45,2
T9,8,1,84,1
T10,9,0,70,1
[371]
T1,0,1,46,1
T2,1,1,200,16
T3,2,0,63,2
T4,3,1,112,5
T5,4,1,175,1
T6,5,1,161,1
T7,6,0,168,7
T8,7,1,20,2
T9,8,1,63,1
T10,9,1,40,2
[372]
T1,0,0,175,3
T2,1,1,200,3
T3,2,0,44,2
T4,3,1,27,1
T5,4,0,150,10
T6,5,1,63,4
T7,6,0,110,2
T8,7,0,175,2
T9,8,1,46,2
T10,9,1,88,1
[373]
T1,0,0,175,2
T2,1,0,80,2
T3,2,0,39,2
T4,3,1,98,5
T5,4,1,45,2
T6,5,0,105,3
T7,6,1,200,8
T8,7,1,196,3
T9,8,0,182,3
T10,9,1,52,1
[374]
T1,0,0,45,2
T2,1,0,45,3
T3,2,1,168,7
T4,3,1,120,5
T5,4,1,126,3
T6,5,1,153,4
T7,6,1,90,2
T8,7,0,189,2
T9,8,1,200,7
T10,9,0,35,2
[375]
T1,0,0,200,6
T2,1,0,90,2
T3,2,1,36,3
T4,3,1,198,5
T5,4,1,68,3
T6,5,1,72,2
T7,6,1,153,2
T8,7,0,25,2
T9,8,1,49,2
T10,9,1,170,10
[376]
T1,0,0,114,7
T2,1,1,152,13
T3,2,0,100,3
T4,3,0,180,1
T5,4,1,25,2
T6,5,0,180,2
T7,6,0,40,2
T8,7,1,42,2
T9,8,0,200,6
T10,9,1,63,1
[377]
T1,0,1,200,7
T2,1,0,80,1
T3,2,1,53,1
T4,3,1,64,5
T5,4,0,62,1
T6,5,0,45,2
T7,6,1,155,10
T8,7,0,192,1
T9,8,1,31,2
T10,9,1,150,1
[378]
T1,0,0,32,2
T2,1,1,138,10
T3,2,1,96,1
T4,3,0,46,2
T5,4,1,200,2
T6,5,0,168,12
T7,6,0,48,2
T8,7,1,184,7
T9,8,1,192,13
T10,9,0,70,2
[379]
T1,0,0,200,2
T2,1,0,168,9
T3,2,0,70,1
T4,3,0,38,2
T5,4,1,168,6
T6,5,1,25,2
T7,6,0,66,2
T8,7,0,152,2
T9,8,0,95,4
T10,9,1,44,4
[380]
T1,0,0,45,2
T2,1,1,180,2
T3,2,1,200,1
T4,3,0,56,2
T5,4,0,56,2
T6,5,0,30,1
T7,6,1,42,3
T8,7,1,95,1
T9,8,1,171,2
T10,9,0,152,5
[381]
T1,0,1,28,1
T2,1,0,75,2
T3,2,0,200,6
T4,3,1,84,2
T5,4,0,198,3
T6,5,0,196,3
T7,6,0,30,1
T8,7,0,20,2
T9,8,1,60,2
T10,9,0,150,4
[382]
T1,0,0,75,6
T2,1,1,63,2
T3,2,1,176,2
T4,3,0,28,2
T5,4,1,200,4
T6,5,1,180,8
T7,6,1,150,4
T8,7,0,20,1
T9,8,0,25,2
T10,9,1,80,2
[383]
T1,0,1,108,1
T2,1,1,114,3
T3,2,0,45,1
T4,3,1,75,2
T5,4,0,160,3
T6,5,0,38,2
T7,6,0,152,2
T8,7,1,192,4
T9,8,1,36,1
T10,9,1,200,12
[384]
T1,0,0,126,2
T2,1,1,35,1
T3,2,0,112,2
T4,3,0,22,2
T5,4,1,154,6
T6,5,1,200,13
T7,6,0,110,2
T8,7,1,32,1
T9,8,1,175,2
T10,9,1,189,6
[385]
T1,0,1,24,2
T2,1,0,63,1
T3,2,0,70,1
T4,3,0,175,9
T5,4,1,160,4
T6,5,1,112,1
T7,6,0,168,8
T8,7,1,200,12
T9,8,0,22,2
T10,9,0,49,1
[386]
T1,0,1,33,2
T2,1,1,75,2
T3,2,1,187,6
T4,3,0,55,2
T5,4,0,32,1
T6,5,1,187,2
T7,6,1,20,2
T8,7,1,165,2
T9,8,0,60,2
T10,9,1,200,12
[387]
T1,0,1,150,3
T2,1,0,160,1
T3,2,0,168,4
T4,3,0,80,2
T5,4,0,90,1
T6,5,0,64,3
T7,6,0,40,1
T8,7,0,42,2
T9,8,0,36,2
T10,9,0,200,13
[388]
T1,0,1,75,2
T2,1,1,75,8
T3,2,0,32,2
T4,3,1,160,1
T5,4,0,120,1
T6,5,0,25,2
T7,6,0,162,11
T8,7,0,200,2
T9,8,0,156,4
T10,9,0,41,2
[389]
T1,0,1,26,2
T2,1,1,175,1
T3,2,0,140,1
T4,3,0,168,2
T5,4,1,120,5
T6,5,1,143,3
T7,6,1,200,11
T8,7,0,40,2
T9,8,1,20,2
T10,9,0,175,1
[390]
T1,0,1,25,2
T2,1,0,192,2
T3,2,0,112,4
T4,3,0,60,6
T5,4,0,200,2
T6,5,1,35,2
T7,6,1,160,13
T8,7,0,189,2
T9,8,1,56,1
T10,9,1,20,2
[391]
T1,0,0,23,2
T2,1,1,20,2
T3,2,0,176,10
T4,3,0,200,2
T5,4,1,198,5
T6,5,0,138,7
T7,6,0,92,5
T8,7,0,46,2
T9,8,0,75,1
T10,9,0,184,2
[392]
T1,0,1,48,2
T2,1,1,200,20
T3,2,0,25,2
T4,3,0,148,2
T5,4,0,100,2
T6,5,1,120,3
T7,6,0,75,2
T8,7,1,148,2
T9,8,1,190,7
T10,9,0,27,2
[393]
T1,0,0,150,5
T2,1,1,195,5
T3,2,1,45,2
T4,3,0,156,3
T5,4,1,200,4
T6,5,1,135,4
T7,6,1,26,2
T8,7,0,80,2
T9,8,1,35,3
T10,9,1,130,2
[394]
T1,0,0,70,2
T2,1,0,91,3
T3,2,1,25,2
T4,3,1,189,23
T5,4,1,180,2
T6,5,0,168,9
T7,6,1,200,2
T8,7,1,112,3
T9,8,1,28,2
T10,9,1,48,2
[395]
T1,0,1,48,1
T2,1,0,189,2
T3,2,0,75,2
T4,3,1,180,2
T5,4,0,32,2
T6,5,1,63,3
T7,6,1,200,5
T8,7,1,180,2
T9,8,1,32,3
T10,9,0,63,1
[396]
T1,0,1,90,2
T2,1,0,112,2
T3,2,0,200,9
T4,3,1,40,1
T5,4,1,150,3
T6,5,0,64,2
T7,6,0,25,2
T8,7,1,192,4
T9,8,1,192,21
T10,9,0,48,1
[397]
T1,0,0,45,2
T2,1,1,120,6
T3,2,1,135,2
T4,3,1,41,2
T5,4,1,180,6
T6,5,0,30,1
T7,6,1,200,2
T8,7,1,150,2
T9,8,1,150,12
T10,9,1,60,1
[398]
T1,0,0,47,2
T2,1,0,200,17
T3,2,0,152,2
T4,3,0,105,3
T5,4,0,76,2
T6,5,0,27,1
T7,6,0,24,1
T8,7,1,175,1
T9,8,0,57,1
T10,9,1,190,2
[399]
T1,0,0,28,2
T2,1,1,75,1
T3,2,1,200,1
T4,3,0,28,2
T5,4,0,189,7
T6,5,1,108,7
T7,6,0,91,2
T8,7,0,21,2
T9,8,1,150,3
T10,9,0,175,11
[400]
T1,0,1,160,4
T2,1,1,35,2
T3,2,0,100,2
T4,3,0,168,2
T5,4,1,105,5
T6,5,1,92,5
T7,6,0,34,2
T8,7,0,175,3
T9,8,1,35,2
T10,9,0,200,2
[401]
T1,0,0,154,4
T2,1,1,154,17
T3,2,1,33,2
T4,3,0,126,1
T5,4,1,24,2
T6,5,1,200,12
T7,6,1,30,1
T8,7,0,147,2
T9,8,1,198,2
T10,9,1,70,2
[402]
T1,0,1,88,2
T2,1,0,24,2
T3,2,1,200,8
T4,3,1,140,4
T5,4,0,25,2
T6,5,1,176,9
T7,6,0,21,2
T8,7,1,192,2
T9,8,0,150,2
T10,9,0,60,5
[403]
T1,0,1,60,2
T2,1,1,120,2
T3,2,1,152,2
T4,3,1,200,3
T5,4,0,154,2
T6,5,1,50,2
T7,6,1,190,7
T8,7,0,50,3
T9,8,0,35,2
T10,9,1,133,8
[404]
T1,0,1,154,11
T2,1,1,25,2
T3,2,1,22,1
T4,3,0,160,2
T5,4,0,200,8
T6,5,0,84,3
T7,6,1,160,4
T8,7,0,63,1
T9,8,0,36,2
T10,9,0,140,2
[405]
T1,0,0,200,2
T2,1,0,58,2
T3,2,0,50,1
T4,3,1,102,2
T5,4,1,174,7
T6,5,0,24,2
T7,6,0,58,2
T8,7,0,150,9
T9,8,0,170,2
T10,9,1,51,4
[406]
T1,0,1,24,1
T2,1,0,111,2
T3,2,1,200,1
T4,3,0,175,6
T5,4,0,168,10
T6,5,0,28,2
T7,6,0,72,1
T8,7,0,185,1
T9,8,0,112,2
T10,9,1,48,2
[407]
T1,0,0,154,6
T2,1,1,28,2
T3,2,1,45,1
T4,3,0,21,1
T5,4,1,165,1
T6,5,1,60,3
T7,6,1,112,3
T8,7,0,200,5
T9,8,1,70,1
T10,9,1,180,2
[408]
T1,0,0,65,1
T2,1,1,132,2
T3,2,0,175,12
T4,3,0,70,1
T5,4,1,26,1
T6,5,0,168,4
T7,6,1,50,1
T8,7,0,26,2
T9,8,0,175,5
T10,9,0,200,2
[409]
T1,0,0,192,7
T2,1,0,200,7
T3,2,0,28,2
T4,3,0,132,2
T5,4,0,165,2
T6,5,0,32,2
T7,6,1,120,5
T8,7,1,168,2
T9,8,1,32,2
T10,9,1,64,2
[410]
T1,0,1,176,10
T2,1,1,42,2
T3,2,0,160,2
T4,3,1,25,2
T5,4,0,144,6
T6,5,0,63,2
T7,6,0,176,2
T8,7,0,54,3
T9,8,0,144,1
T10,9,0,200,2
[411]
T1,0,1,28,2
T2,1,0,154,3
T3,2,1,48,2
T4,3,1,126,8
T5,4,1,105,7
T6,5,1,189,2
T7,6,1,200,2
T8,7,0,70,2
T9,8,1,175,9
T10,9,0,47,2
[412]
T1,0,1,190,4
T2,1,0,95,1
T3,2,0,30,2
T4,3,0,171,2
T5,4,1,27,1
T6,5,1,160,14
T7,6,1,95,2
T8,7,0,57,1
T9,8,0,39,2
T10,9,1,200,6
[413]
T1,0,0,170,4
T2,1,0,30,2
T3,2,0,34,1
T4,3,1,144,2
T5,4,0,32,2
T6,5,1,180,3
T7,6,0,170,2
T8,7,0,126,2
T9,8,0,200,1
T10,9,0,102,2
[414]
T1,0,1,189,7
T2,1,0,30,2
T3,2,0,200,8
T4,3,0,110,2
T5,4,0,154,7
T6,5,0,41,2
T7,6,0,72,2
T8,7,1,165,5
T9,8,1,132,1
T10,9,1,30,2
[415]
T1,0,0,175,5
T2,1,0,144,2
T3,2,1,156,3
T4,3,0,168,4
T5,4,0,28,2
T6,5,1,200,6
T7,6,0,60,3
T8,7,1,52,2
T9,8,1,21,1
T10,9,0,90,2
[416]
T1,0,1,36,1
T2,1,1,200,2
T3,2,1,136,2
T4,3,0,189,2
T5,4,1,84,4
T6,5,0,175,5
T7,6,1,150,2
T8,7,0,90,1
T9,8,1,40,5
T10,9,0,47,2
[417]
T1,0,1,75,5
T2,1,1,24,2
T3,2,0,182,9
T4,3,1,200,2
T5,4,0,112,2
T6,5,1,24,2
T7,6,1,43,3
T8,7,0,140,2
T9,8,0,192,2
T10,9,0,192,13
[418]
T1,0,0,176,12
T2,1,1,200,3
T3,2,1,168,2
T4,3,0,48,1
T5,4,0,140,2
T6,5,1,52,2
T7,6,1,63,2
T8,7,1,21,2
T9,8,1,144,1
T10,9,0,160,12
[419]
T1,0,0,37,1
T2,1,0,170,3
T3,2,1,68,2
T4,3,1,41,1
T5,4,1,170,2
T6,5,0,60,2
T7,6,0,74,4
T8,7,1,200,6
T9,8,0,150,2
T10,9,0,48,2
[420]
T1,0,0,125,11
T2,1,0,47,2
T3,2,1,195,3
T4,3,0,180,9
T5,4,0,50,3
T6,5,1,39,2
T7,6,1,104,1
T8,7,1,200,4
T9,8,1,91,2
T10,9,1,175,2
[421]
T1,0,0,175,6
T2,1,1,200,6
T3,2,1,42,2
T4,3,0,112,2
T5,4,1,78,1
T6,5,0,168,4
T7,6,0,52,2
T8,7,0,40,4
T9,8,1,196,1
T10,9,0,104,4
[422]
T1,0,0,28,1
T2,1,0,184,4
T3,2,0,56,2
T4,3,0,98,2
T5,4,0,92,1
T6,5,1,53,3
T7,6,0,30,2
T8,7,1,196,1
T9,8,0,168,3
T10,9,0,200,2
[423]
T1,0,1,160,3
T2,1,1,30,1
T3,2,1,39,2
T4,3,1,40,1
T5,4,0,96,1
T6,5,1,152,2
T7,6,1,200,9
T8,7,0,195,3
T9,8,1,130,5
T10,9,1,78,4
[424]
T1,0,1,150,1
T2,1,0,130,9
T3,2,1,20,1
T4,3,0,165,6
T5,4,1,40,1
T6,5,0,90,1
T7,6,0,22,2
T8,7,1,195,1
T9,8,1,200,1
T10,9,0,110,2
[425]
T1,0,0,171,6
T2,1,1,25,2
T3,2,1,168,5
T4,3,1,200,7
T5,4,0,70,2
T6,5,0,189,6
T7,6,0,84,2
T8,7,1,36,2
T9,8,0,35,3
T10,9,0,70,2
[426]
T1,0,1,160,14
T2,1,0,160,5
T3,2,0,25,2
T4,3,1,200,2
T5,4,0,50,2
T6,5,1,176,9
T7,6,0,112,2
T8,7,1,110,2
T9,8,1,32,2
T10,9,1,132,7
[427]
T1,0,0,50,1
T2,1,1,165,11
T3,2,1,37,2
T4,3,0,114,2
T5,4,0,84,2
T6,5,1,28,1
T7,6,0,60,1
T8,7,1,152,10
T9,8,0,200,3
T10,9,1,152,5
[428]
T1,0,0,174,5
T2,1,1,60,2
T3,2,0,24,2
T4,3,0,28,1
T5,4,1,174,4
T6,5,0,29,2
T7,6,0,174,7
T8,7,1,200,2
T9,8,0,57,2
T10,9,0,114,15
[429]
T1,0,0,88,1
T2,1,1,44,2
T3,2,1,182,22
T4,3,1,130,1
T5,4,1,53,3
T6,5,0,33,2
T7,6,0,154,1
T8,7,0,156,2
T9,8,0,200,1
T10,9,0,143,6
[430]
T1,0,0,200,2
T2,1,1,72,3
T3,2,1,33,2
T4,3,1,150,7
T5,4,1,99,1
T6,5,1,99,2
T7,6,0,184,3
T8,7,0,24,1
T9,8,0,165,1
T10,9,1,33,2
[431]
T1,0,1,105,7
T2,1,0,27,2
T3,2,1,105,5
T4,3,0,171,3
T5,4,1,95,1
T6,5,0,42,1
T7,6,1,200,4
T8,7,1,25,2
T9,8,1,168,5
T10,9,1,171,4
[432]
T1,0,0,48,2
T2,1,0,30,2
T3,2,0,148,16
T4,3,0,90,2
T5,4,1,80,4
T6,5,0,90,2
T7,6,0,200,2
T8,7,0,175,9
T9,8,1,44,2
T10,9,1,148,2
[433]
T1,0,1,44,2
T2,1,1,60,1
T3,2,0,20,2
T4,3,1,150,10
T5,4,1,24,2
T6,5,0,72,3
T7,6,1,120,1
T8,7,0,200,3
T9,8,0,188,8
T10,9,1,180,2
[434]
T1,0,1,48,2
T2,1,1,120,5
T3,2,0,45,2
T4,3,1,200,2
T5,4,1,49,2
T6,5,1,76,2
T7,6,1,180,2
T8,7,1,76,2
T9,8,1,156,10
T10,9,0,152,10
[435]
T1,0,1,33,1
T2,1,0,192,3
T3,2,1,200,2
T4,3,1,50,2
T5,4,0,171,10
T6,5,1,57,2
T7,6,1,72,2
T8,7,0,20,1
T9,8,1,72,1
T10,9,0,171,3
[436]
T1,0,0,198,18
T2,1,0,28,2
T3,2,1,50,2
T4,3,0,75,2
T5,4,0,200,2
T6,5,0,180,2
T7,6,0,141,7
T8,7,0,75,2
T9,8,0,188,15
T10,9,1,24,2
[437]
T1,0,1,165,3
T2,1,0,153,7
T3,2,1,200,11
T4,3,0,51,2
T5,4,1,180,2
T6,5,1,68,2
T7,6,1,20,2
T8,7,0,60,2
T9,8,0,34,3
T10,9,0,80,1
[438]
T1,0,0,200,10
T2,1,1,37,2
T3,2,1,168,7
T4,3,1,120,1
T5,4,1,150,1
T6,5,0,20,2
T7,6,0,195,5
T8,7,0,144,3
T9,8,0,135,7
T10,9,0,27,2
[439]
T1,0,0,192,4
T2,1,0,50,2
T3,2,0,112,3
T4,3,0,32,2
T5,4,1,165,2
T6,5,1,140,14
T7,6,0,80,4
T8,7,1,200,2
T9,8,0,168,1
T10,9,0,46,2
[440]
T1,0,1,45,2
T2,1,1,154,4
T3,2,0,66,1
T4,3,1,150,8
T5,4,1,90,3
T6,5,1,29,1
T7,6,0,154,3
T8,7,0,100,2
T9,8,0,28,2
T10,9,0,200,4
[441]
T1,0,1,192,2
T2,1,0,42,1
T3,2,1,27,2
T4,3,0,200,2
T5,4,1,40,2
T6,5,0,68,3
T7,6,1,60,2
T8,7,1,170,7
T9,8,0,192,7
T10,9,1,80,2
[442]
T1,0,0,78,1
T2,1,1,144,2
T3,2,0,195,5
T4,3,0,200,3
T5,4,0,21,2
T6,5,0,52,1
T7,6,0,63,2
T8,7,0,160,7
T9,8,1,28,2
T10,9,1,175,1
[443]
T1,0,0,171,2
T2,1,0,171,6
T3,2,0,90,2
T4,3,1,152,10
T5,4,0,23,2
T6,5,0,138,1
T7,6,1,20,2
T8,7,0,24,2
T9,8,0,200,1
T10,9,1,95,1
[444]
T1,0,0,72,3
T2,1,1,74,5
T3,2,1,175,1
T4,3,1,24,2
T5,4,0,36,2
T6,5,0,63,2
T7,6,1,24,2
T8,7,1,185,3
T9,8,1,200,16
T10,9,0,150,2
[445]
T1,0,1,20,1
T2,1,0,34,2
T3,2,1,200,2
T4,3,1,170,2
T5,4,1,56,2
T6,5,1,60,2
T7,6,1,189,4
T8,7,0,35,1
T9,8,0,168,2
T10,9,0,75,1
[446]
T1,0,0,100,2
T2,1,1,150,2
T3,2,1,180,2
T4,3,1,44,2
T5,4,1,54,1
T6,5,1,140,2
T7,6,1,20,1
T8,7,0,35,3
T9,8,0,200,7
T10,9,0,198,3
[447]
T1,0,1,20,2
T2,1,0,56,2
T3,2,0,37,1
T4,3,0,200,8
T5,4,1,140,4
T6,5,1,156,3
T7,6,0,150,6
T8,7,0,50,2
T9,8,1,130,5
T10,9,0,195,14
[448]
T1,0,1,104,2
T2,1,1,156,3
T3,2,0,165,15
T4,3,1,120,1
T5,4,0,160,6
T6,5,0,26,2
T7,6,1,20,2
T8,7,0,132,5
T9,8,0,200,2
T10,9,1,43,2
[449]
T1,0,0,152,3
T2,1,1,42,4
T3,2,0,150,2
T4,3,0,56,2
T5,4,1,126,3
T6,5,1,171,3
T7,6,0,48,1
T8,7,0,200,1
T9,8,0,140,4
T10,9,0,45,2
[450]
T1,0,1,135,2
T2,1,0,40,2
T3,2,0,160,2
T4,3,1,84,2
T5,4,0,150,8
T6,5,1,30,1
T7,6,1,75,1
T8,7,0,36,1
T9,8,1,168,5
T10,9,0,200,6
[451]
T1,0,0,50,2
T2,1,0,50,1
T3,2,1,135,2
T4,3,0,177,16
T5,4,1,200,2
T6,5,1,180,8
T7,6,0,180,3
T8,7,0,90,1
T9,8,1,37,1
T10,9,0,59,1
[452]
T1,0,1,196,1
T2,1,0,20,2
T3,2,1,45,2
T4,3,0,98,2
T5,4,0,196,3
T6,5,0,66,5
T7,6,1,198,6
T8,7,0,200,15
T9,8,1,44,1
T10,9,1,66,1
[453]
T1,0,0,40,2
T2,1,1,147,4
T3,2,1,98,3
T4,3,0,120,6
T5,4,1,28,2
T6,5,0,162,2
T7,6,0,200,2
T8,7,0,50,1
T9,8,1,150,5
T10,9,1,98,1
[454]
T1,0,1,27,2
T2,1,1,21,2
T3,2,0,176,7
T4,3,1,192,1
T5,4,1,120,2
T6,5,0,200,2
T7,6,0,64,3
T8,7,1,48,2
T9,8,0,55,5
T10,9,1,192,4
[455]
T1,0,1,200,2
T2,1,0,30,1
T3,2,1,175,4
T4,3,1,22,2
T5,4,0,22,2
T6,5,1,132,2
T7,6,0,84,1
T8,7,0,154,6
T9,8,0,130,4
T10,9,0,168,2
[456]
T1,0,1,150,13
T2,1,1,27,2
T3,2,0,195,1
T4,3,0,200,6
T5,4,0,108,4
T6,5,1,45,2
T7,6,0,120,2
T8,7,1,63,2
T9,8,1,20,2
T10,9,1,168,3
[457]
T1,0,1,168,5
T2,1,1,150,1
T3,2,0,184,2
T4,3,1,115,2
T5,4,1,138,5
T6,5,1,36,2
T7,6,1,200,12
T8,7,1,45,2
T9,8,0,33,2
T10,9,0,69,4
[458]
T1,0,1,24,2
T2,1,0,52,5
T3,2,1,154,1
T4,3,1,100,2
T5,4,1,98,9
T6,5,1,200,4
T7,6,0,147,1
T8,7,0,196,2
T9,8,0,175,2
T10,9,0,35,2
[459]
T1,0,0,189,15
T2,1,1,150,7
T3,2,0,135,5
T4,3,0,52,2
T5,4,0,152,2
T6,5,1,200,8
T7,6,0,114,1
T8,7,0,50,2
T9,8,1,24,2
T10,9,0,108,2
[460]
T1,0,1,182,2
T2,1,1,135,1
T3,2,0,80,1
T4,3,0,168,2
T5,4,0,52,3
T6,5,0,200,7
T7,6,0,50,2
T8,7,0,175,3
T9,8,0,117,8
T10,9,0,39,1
[461]
T1,0,0,36,2
T2,1,1,198,11
T3,2,0,45,2
T4,3,0,48,2
T5,4,0,154,6
T6,5,1,112,2
T7,6,0,108,4
T8,7,1,200,5
T9,8,1,66,1
T10,9,1,150,1
[462]
T1,0,1,23,1
T2,1,0,150,7
T3,2,1,85,2
T4,3,0,70,1
T5,4,0,154,1
T6,5,0,51,1
T7,6,0,66,2
T8,7,0,200,6
T9,8,1,42,1
T10,9,1,168,1
[463]
T1,0,0,42,1
T2,1,1,112,1
T3,2,1,45,3
T4,3,1,180,2
T5,4,0,112,2
T6,5,0,126,9
T7,6,1,150,7
T8,7,1,190,3
T9,8,1,35,2
T10,9,0,200,2
[464]
T1,0,0,39,2
T2,1,1,80,2
T3,2,0,30,2
T4,3,0,189,1
T5,4,1,78,10
T6,5,0,100,4
T7,6,0,180,2
T8,7,1,200,2
T9,8,0,30,2
T10,9,1,156,1
[465]
T1,0,1,110,1
T2,1,1,90,2
T3,2,0,150,11
T4,3,0,88,1
T5,4,1,37,1
T6,5,1,180,18
T7,6,0,44,2
T8,7,0,200,2
T9,8,0,25,2
T10,9,0,180,5
[466]
T1,0,0,21,2
T2,1,0,20,2
T3,2,1,168,1
T4,3,1,200,8
T5,4,0,99,1
T6,5,1,140,12
T7,6,0,20,2
T8,7,0,63,2
T9,8,1,168,1
T10,9,1,196,3
[467]
T1,0,0,39,2
T2,1,0,156,2
T3,2,0,200,7
T4,3,1,150,2
T5,4,1,112,11
T6,5,0,147,6
T7,6,1,22,2
T8,7,1,65,2
T9,8,0,112,2
T10,9,0,52,3
[468]
T1,0,1,196,13
T2,1,1,35,2
T3,2,1,45,1
T4,3,1,28,2
T5,4,1,150,3
T6,5,1,165,2
T7,6,0,200,2
T8,7,1,140,8
T9,8,0,84,2
T10,9,0,100,8
[469]
T1,0,0,196,2
T2,1,0,175,1
T3,2,0,154,6
T4,3,1,100,2
T5,4,1,50,2
T6,5,1,77,5
T7,6,0,48,2
T8,7,0,35,3
T9,8,1,120,1
T10,9,1,200,10
[470]
T1,0,1,154,7
T2,1,0,66,1
T3,2,1,50,2
T4,3,1,195,13
T5,4,1,100,2
T6,5,0,75,1
T7,6,0,154,1
T8,7,0,200,6
T9,8,1,30,1
T10,9,0,52,1
[471]
T1,0,1,192,5
T2,1,0,38,1
T3,2,1,60,1
T4,3,1,60,2
T5,4,0,66,2
T6,5,0,50,6
T7,6,1,200,8
T8,7,1,50,2
T9,8,0,192,1
T10,9,1,180,5
[472]
T1,0,0,20,2
T2,1,0,55,2
T3,2,0,154,9
T4,3,1,200,6
T5,4,1,42,1
T6,5,0,105,1
T7,6,1,49,1
T8,7,0,168,2
T9,8,0,198,2
T10,9,0,77,6
[473]
T1,0,1,37,1
T2,1,0,150,9
T3,2,0,32,2
T4,3,1,200,8
T5,4,1,108,2
T6,5,0,112,2
T7,6,0,162,4
T8,7,1,192,1
T9,8,0,50,2
T10,9,1,64,2
[474]
T1,0,0,175,1
T2,1,0,40,2
T3,2,0,200,16
T4,3,0,84,2
T5,4,0,174,11
T6,5,0,87,2
T7,6,1,174,2
T8,7,0,29,2
T9,8,0,50,1
T10,9,0,56,2
[475]
T1,0,1,65,2
T2,1,0,150,2
T3,2,0,196,5
T4,3,1,105,12
T5,4,1,52,1
T6,5,0,98,3
T7,6,1,182,2
T8,7,1,200,3
T9,8,1,42,2
T10,9,1,52,1
[476]
T1,0,1,195,6
T2,1,0,104,3
T3,2,1,45,1
T4,3,1,200,5
T5,4,1,180,4
T6,5,0,20,2
T7,6,0,182,1
T8,7,0,40,2
T9,8,1,84,2
T10,9,1,90,9
[477]
T1,0,1,66,6
T2,1,1,60,2
T3,2,0,20,2
T4,3,1,192,2
T5,4,0,55,2
T6,5,0,48,2
T7,6,0,150,3
T8,7,0,200,15
T9,8,0,195,5
T10,9,0,20,1
[478]
T1,0,1,21,2
T2,1,1,120,2
T3,2,1,39,2
T4,3,0,154,2
T5,4,1,55,2
T6,5,1,40,1
T7,6,0,88,2
T8,7,1,154,13
T9,8,1,200,11
T10,9,0,168,2
[479]
T1,0,1,85,2
T2,1,0,30,2
T3,2,1,195,12
T4,3,1,156,4
T5,4,0,200,1
T6,5,1,156,6
T7,6,1,25,1
T8,7,0,31,1
T9,8,1,144,1
T10,9,0,60,2
[480]
T1,0,1,112,1
T2,1,1,28,2
T3,2,0,160,7
T4,3,1,100,1
T5,4,0,27,2
T6,5,0,47,2
T7,6,0,168,1
T8,7,0,94,1
T9,8,0,175,24
T10,9,1,200,1
[481]
T1,0,0,176,2
T2,1,0,55,4
T3,2,0,200,4
T4,3,1,180,2
T5,4,0,84,2
T6,5,1,144,3
T7,6,1,176,12
T8,7,0,32,2
T9,8,0,33,2
T10,9,0,21,2
[482]
T1,0,0,150,2
T2,1,1,78,3
T3,2,0,34,2
T4,3,1,182,2
T5,4,1,70,2
T6,5,0,200,2
T7,6,0,168,1
T8,7,1,37,2
T9,8,1,100,15
T10,9,0,52,2
[483]
T1,0,0,120,2
T2,1,0,35,2
T3,2,1,63,3
T4,3,0,168,4
T5,4,0,30,2
T6,5,0,28,1
T7,6,1,144,3
T8,7,1,200,3
T9,8,1,184,1
T10,9,0,161,13
[484]
T1,0,0,156,10
T2,1,0,30,2
T3,2,0,200,9
T4,3,0,68,2
T5,4,1,70,2
T6,5,0,119,11
T7,6,1,38,2
T8,7,0,195,5
T9,8,0,34,2
T10,9,0,170,1
[485]
T1,0,0,66,2
T2,1,0,120,2
T3,2,0,189,30
T4,3,0,200,2
T5,4,1,42,2
T6,5,1,84,1
T7,6,0,176,1
T8,7,1,24,2
T9,8,0,28,2
T10,9,0,189,9
[486]
T1,0,1,21,1
T2,1,1,200,7
T3,2,0,84,2
T4,3,1,90,3
T5,4,0,168,5
T6,5,1,30,1
T7,6,0,105,2
T8,7,1,154,12
T9,8,0,150,2
T10,9,0,38,2
[487]
T1,0,0,88,1
T2,1,0,50,1
T3,2,0,88,4
T4,3,1,200,2
T5,4,1,165,9
T6,5,0,150,3
T7,6,1,28,2
T8,7,0,180,10
T9,8,1,35,2
T10,9,1,108,1
[488]
T1,0,1,144,2
T2,1,1,20,2
T3,2,1,168,5
T4,3,1,64,4
T5,4,1,200,18
T6,5,1,43,2
T7,6,1,56,2
T8,7,1,160,4
T9,8,1,49,2
T10,9,0,150,2
[489]
T1,0,1,200,5
T2,1,1,45,2
T3,2,0,160,1
T4,3,1,192,7
T5,4,1,108,2
T6,5,0,30,2
T7,6,1,150,3
T8,7,1,112,3
T9,8,1,31,1
T10,9,1,75,6
[490]
T1,0,0,60,3
T2,1,1,140,9
T3,2,1,165,2
T4,3,0,189,4
T5,4,1,54,2
T6,5,0,200,6
T7,6,0,27,2
T8,7,1,28,2
T9,8,0,175,2
T10,9,1,80,4
[491]
T1,0,0,150,3
T2,1,1,21,2
T3,2,0,21,2
T4,3,1,100,6
T5,4,1,200,2
T6,5,1,165,4
T7,6,0,55,1
T8,7,1,180,11
T9,8,0,39,1
T10,9,0,100,2
[492]
T1,0,0,200,2
T2,1,1,26,1
T3,2,1,117,2
T4,3,0,26,1
T5,4,1,80,4
T6,5,1,156,9
T7,6,0,168,2
T8,7,1,195,1
T9,8,0,80,4
T10,9,0,53,2
[493]
T1,0,1,189,6
T2,1,1,126,2
T3,2,1,24,2
T4,3,0,115,14
T5,4,1,84,2
T6,5,1,200,2
T7,6,0,150,3
T8,7,1,180,3
T9,8,1,24,2
T10,9,1,42,2
[494]
T1,0,1,45,5
T2,1,1,80,2
T3,2,1,168,4
T4,3,1,35,2
T5,4,0,58,2
T6,5,1,200,6
T7,6,1,160,6
T8,7,1,175,2
T9,8,1,116,2
T10,9,0,48,2
[495]
T1,0,0,150,2
T2,1,1,132,8
T3,2,0,175,2
T4,3,0,33,2
T5,4,1,200,21
T6,5,1,60,2
T7,6,0,165,2
T8,7,0,23,2
T9,8,0,40,1
T10,9,1,104,3
[496]
T1,0,1,180,9
T2,1,1,150,8
T3,2,0,200,1
T4,3,0,28,2
T5,4,0,144,3
T6,5,0,84,6
T7,6,1,115,1
T8,7,1,168,3
T9,8,0,36,2
T10,9,0,42,2
[497]
T1,0,0,168,3
T2,1,0,116,7
T3,2,1,28,2
T4,3,1,60,1
T5,4,0,84,3
T6,5,0,200,5
T7,6,1,21,2
T8,7,1,168,3
T9,8,1,150,1
T10,9,0,44,2
[498]
T1,0,1,51,8
T2,1,0,45,2
T3,2,1,200,2
T4,3,0,154,5
T5,4,1,187,2
T6,5,1,42,2
T7,6,0,105,2
T8,7,0,132,1
T9,8,0,88,1
T10,9,0,175,2
[499]
T1,0,0,27,2
T2,1,0,63,2
T3,2,1,200,5
T4,3,1,50,1
T5,4,0,198,10
T6,5,1,100,2
T7,6,1,198,1
T8,7,0,165,6
T9,8,0,27,2
T10,9,0,60,2
[500]
T1,0,1,56,2
T2,1,1,160,22
T3,2,1,176,2
T4,3,1,168,2
T5,4,0,75,2
T6,5,1,25,2
T7,6,0,35,2
T8,7,0,42,1
T9,8,1,105,2
T10,9,1,200,10
