num_task_per_taskset=10
num_taskset=500
//ID,Priority,Offset,Period,Execution Time
[1]
T1,0,0,155,2
T2,1,0,80,10
T3,2,1,50,2
T4,3,0,53,3
T5,4,1,31,2
T6,5,1,186,7
T7,6,0,150,13
T8,7,0,62,2
T9,8,1,128,14
T10,9,0,200,7
[2]
T1,0,0,178,7
T2,1,1,180,6
T3,2,0,20,2
T4,3,0,80,6
T5,4,1,200,22
T6,5,1,48,2
T7,6,1,75,3
T8,7,0,160,3
T9,8,1,21,2
T10,9,1,120,7
[3]
T1,0,1,32,1
T2,1,1,200,4
T3,2,1,136,10
T4,3,1,160,2
T5,4,0,40,2
T6,5,0,24,1
T7,6,0,170,21
T8,7,0,105,5
T9,8,1,70,3
T10,9,1,170,10
[4]
T1,0,1,165,6
T2,1,0,165,9
T3,2,0,200,21
T4,3,0,150,3
T5,4,1,104,2
T6,5,0,25,1
T7,6,0,55,1
T8,7,1,37,3
T9,8,0,96,7
T10,9,1,24,2
[5]
T1,0,1,46,1
T2,1,0,48,2
T3,2,0,99,17
T4,3,0,50,5
T5,4,1,200,4
T6,5,0,175,2
T7,6,0,60,1
T8,7,1,112,1
T9,8,1,160,16
T10,9,0,176,2
[6]
T1,0,0,200,5
T2,1,1,36,1
T3,2,0,120,2
T4,3,0,136,8
T5,4,0,150,2
T6,5,1,25,1
T7,6,1,174,13
T8,7,1,31,2
T9,8,1,153,7
T10,9,1,87,6
[7]
T1,0,0,168,12
T2,1,1,189,21
T3,2,0,75,8
T4,3,1,54,2
T5,4,0,72,2
T6,5,1,200,6
T7,6,1,36,2
T8,7,1,21,2
T9,8,1,195,6
T10,9,1,84,3
[8]
T1,0,0,160,24
T2,1,1,100,2
T3,2,1,21,2
T4,3,1,200,16
T5,4,0,22,2
T6,5,1,180,3
T7,6,1,144,12
T8,7,1,162,9
T9,8,0,35,1
T10,9,0,81,1
[9]
T1,0,0,154,1
T2,1,0,30,2
T3,2,0,99,4
T4,3,1,46,2
T5,4,0,108,2
T6,5,1,189,1
T7,6,0,48,1
T8,7,1,168,46
T9,8,0,200,14
T10,9,0,100,3
[10]
T1,0,1,187,6
T2,1,0,34,1
T3,2,1,119,4
T4,3,1,84,6
T5,4,1,154,2
T6,5,1,50,7
T7,6,1,200,7
T8,7,0,150,9
T9,8,1,44,2
T10,9,1,75,3
[11]
T1,0,1,70,1
T2,1,1,29,2
T3,2,1,78,8
T4,3,0,195,6
T5,4,1,160,22
T6,5,0,26,2
T7,6,0,195,2
T8,7,0,200,2
T9,8,0,117,4
T10,9,1,30,2
[12]
T1,0,0,32,2
T2,1,0,24,2
T3,2,1,160,17
T4,3,1,65,2
T5,4,0,130,3
T6,5,1,30,1
T7,6,1,90,2
T8,7,1,200,13
T9,8,0,168,8
T10,9,1,175,15
[13]
T1,0,1,78,7
T2,1,1,50,1
T3,2,1,140,10
T4,3,1,175,8
T5,4,0,200,1
T6,5,1,150,14
T7,6,0,31,2
T8,7,0,24,2
T9,8,1,104,4
T10,9,1,169,8
[14]
T1,0,1,162,17
T2,1,0,25,2
T3,2,0,200,2
T4,3,0,64,1
T5,4,0,144,4
T6,5,1,192,9
T7,6,1,192,9
T8,7,0,24,2
T9,8,1,31,3
T10,9,1,100,2
[15]
T1,0,0,32,1
T2,1,1,143,1
T3,2,1,70,3
T4,3,0,160,8
T5,4,1,104,2
T6,5,0,41,2
T7,6,1,20,1
T8,7,1,176,22
T9,8,0,200,10
T10,9,0,175,15
[16]
T1,0,1,200,14
T2,1,0,180,9
T3,2,0,90,1
T4,3,1,31,1
T5,4,1,144,7
T6,5,1,195,2
T7,6,1,102,9
T8,7,1,26,2
T9,8,0,20,2
T10,9,0,170,6
[17]
T1,0,0,180,5
T2,1,1,175,13
T3,2,1,25,2
T4,3,1,63,2
T5,4,0,56,3
T6,5,1,20,2
T7,6,1,168,15
T8,7,0,200,3
T9,8,1,84,7
T10,9,1,48,4
[18]
T1,0,0,26,1
T2,1,0,135,1
T3,2,0,120,15
T4,3,1,168,1
T5,4,1,45,1
T6,5,1,189,5
T7,6,1,105,3
T8,7,0,30,2
T9,8,1,150,17
T10,9,0,200,2
[19]
T1,0,1,180,2
T2,1,0,24,2
T3,2,1,51,1
T4,3,0,112,10
T5,4,0,135,7
T6,5,1,154,2
T7,6,0,90,10
T8,7,0,168,2
T9,8,1,25,2
T10,9,1,200,21
[20]
T1,0,1,60,1
T2,1,1,200,10
T3,2,1,40,1
T4,3,1,180,5
T5,4,0,150,11
T6,5,0,192,20
T7,6,1,58,1
T8,7,1,24,3
T9,8,0,72,2
T10,9,0,36,2
[21]
T1,0,0,168,9
T2,1,0,168,2
T3,2,1,53,1
T4,3,0,40,2
T5,4,1,60,8
T6,5,0,200,8
T7,6,0,111,1
T8,7,1,100,9
T9,8,1,148,12
T10,9,0,35,2
[22]
T1,0,0,176,1
T2,1,1,75,2
T3,2,1,30,2
T4,3,1,77,3
T5,4,0,200,8
T6,5,0,48,7
T7,6,0,154,2
T8,7,0,135,2
T9,8,0,176,13
T10,9,1,21,2
[23]
T1,0,0,42,2
T2,1,1,27,2
T3,2,1,72,2
T4,3,1,42,1
T5,4,0,175,17
T6,5,1,85,1
T7,6,1,75,3
T8,7,0,180,12
T9,8,1,189,2
T10,9,0,200,16
[24]
T1,0,0,20,2
T2,1,1,50,1
T3,2,0,156,7
T4,3,1,56,2
T5,4,0,90,10
T6,5,1,156,7
T7,6,0,168,2
T8,7,0,200,31
T9,8,0,135,1
T10,9,1,28,2
[25]
T1,0,1,48,6
T2,1,0,25,2
T3,2,0,56,3
T4,3,0,200,7
T5,4,1,168,2
T6,5,0,155,8
T7,6,1,56,8
T8,7,0,24,2
T9,8,0,160,4
T10,9,0,80,1
[26]
T1,0,1,189,2
T2,1,0,99,2
T3,2,1,48,2
T4,3,0,180,8
T5,4,1,35,3
T6,5,1,154,1
T7,6,1,200,1
T8,7,0,45,7
T9,8,1,88,5
T10,9,0,100,2
[27]
T1,0,0,21,2
T2,1,0,192,5
T3,2,1,108,3
T4,3,0,21,1
T5,4,0,96,6
T6,5,1,168,21
T7,6,1,162,1
T8,7,0,126,12
T9,8,0,200,2
T10,9,0,54,4
[28]
T1,0,0,90,9
T2,1,0,54,1
T3,2,0,200,9
T4,3,0,35,2
T5,4,1,40,1
T6,5,0,20,2
T7,6,0,189,10
T8,7,0,162,2
T9,8,1,175,13
T10,9,1,105,2
[29]
T1,0,0,150,2
T2,1,1,180,34
T3,2,1,68,2
T4,3,1,40,2
T5,4,0,135,6
T6,5,1,136,8
T7,6,0,162,9
T8,7,0,200,1
T9,8,0,51,2
T10,9,0,30,2
[30]
T1,0,0,46,3
T2,1,1,156,12
T3,2,1,63,2
T4,3,0,180,2
T5,4,1,36,2
T6,5,0,108,3
T7,6,1,45,3
T8,7,1,56,8
T9,8,1,150,7
T10,9,1,200,5
[31]
T1,0,0,200,28
T2,1,1,75,3
T3,2,0,28,2
T4,3,1,150,1
T5,4,1,189,1
T6,5,0,25,2
T7,6,0,84,5
T8,7,1,27,2
T9,8,1,189,31
T10,9,0,125,2
[32]
T1,0,1,70,4
T2,1,0,165,1
T3,2,0,196,11
T4,3,1,120,9
T5,4,1,77,2
T6,5,1,49,2
T7,6,1,30,4
T8,7,0,154,7
T9,8,1,200,4
T10,9,0,37,2
[33]
T1,0,1,200,7
T2,1,0,66,8
T3,2,1,30,3
T4,3,0,75,7
T5,4,1,60,2
T6,5,1,45,2
T7,6,0,185,2
T8,7,1,160,5
T9,8,1,165,2
T10,9,1,40,1
[34]
T1,0,0,198,2
T2,1,0,200,7
T3,2,1,120,5
T4,3,1,42,2
T5,4,1,176,11
T6,5,0,54,1
T7,6,1,198,33
T8,7,0,72,2
T9,8,0,28,2
T10,9,0,32,3
[35]
T1,0,1,165,3
T2,1,1,112,10
T3,2,0,180,1
T4,3,1,200,3
T5,4,1,168,25
T6,5,1,45,2
T7,6,0,48,2
T8,7,0,32,2
T9,8,1,66,6
T10,9,1,144,9
[36]
T1,0,1,132,18
T2,1,1,77,3
T3,2,1,42,2
T4,3,1,200,6
T5,4,0,175,18
T6,5,1,190,6
T7,6,0,66,4
T8,7,0,154,4
T9,8,0,28,2
T10,9,1,43,2
[37]
T1,0,1,22,2
T2,1,0,60,9
T3,2,1,165,12
T4,3,1,91,1
T5,4,0,200,9
T6,5,0,154,5
T7,6,0,35,2
T8,7,1,46,2
T9,8,1,56,1
T10,9,1,154,2
[38]
T1,0,0,25,2
T2,1,0,100,1
T3,2,0,26,2
T4,3,1,51,1
T5,4,1,182,2
T6,5,1,85,6
T7,6,1,168,14
T8,7,1,200,11
T9,8,0,170,2
T10,9,1,119,12
[39]
T1,0,1,141,1
T2,1,0,150,15
T3,2,1,75,2
T4,3,0,200,35
T5,4,0,188,2
T6,5,1,24,2
T7,6,1,42,2
T8,7,1,168,2
T9,8,0,60,4
T10,9,1,42,2
[40]
T1,0,0,200,13
T2,1,1,48,7
T3,2,1,66,2
T4,3,1,154,2
T5,4,0,200,10
T6,5,0,189,2
T7,6,0,31,2
T8,7,1,120,14
T9,8,1,66,2
T10,9,0,50,2
[41]
T1,0,0,48,1
T2,1,1,84,1
T3,2,0,36,1
T4,3,0,150,16
T5,4,1,200,4
T6,5,0,171,21
T7,6,0,96,2
T8,7,0,30,2
T9,8,0,112,3
T10,9,1,160,10
[42]
T1,0,0,150,19
T2,1,1,165,10
T3,2,1,165,22
T4,3,0,200,2
T5,4,1,21,2
T6,5,1,56,2
T7,6,0,20,2
T8,7,0,84,2
T9,8,1,24,2
T10,9,1,63,3
[43]
T1,0,0,100,18
T2,1,0,42,4
T3,2,0,160,2
T4,3,1,56,1
T5,4,0,200,3
T6,5,1,23,2
T7,6,1,120,2
T8,7,1,174,8
T9,8,0,192,7
T10,9,1,32,2
[44]
T1,0,1,168,14
T2,1,0,63,5
T3,2,1,120,8
T4,3,0,150,1
T5,4,0,28,3
T6,5,1,200,8
T7,6,1,38,2
T8,7,0,23,2
T9,8,1,112,1
T10,9,1,180,6
[45]
T1,0,0,56,2
T2,1,0,150,16
T3,2,0,150,8
T4,3,1,200,1
T5,4,1,30,1
T6,5,0,154,10
T7,6,1,33,2
T8,7,0,64,8
T9,8,0,21,2
T10,9,0,96,2
[46]
T1,0,1,55,2
T2,1,0,20,2
T3,2,0,150,2
T4,3,0,110,6
T5,4,1,47,2
T6,5,1,188,34
T7,6,0,198,10
T8,7,0,50,3
T9,8,1,99,3
T10,9,1,200,2
[47]
T1,0,0,88,2
T2,1,1,198,30
T3,2,1,130,8
T4,3,1,132,6
T5,4,0,28,1
T6,5,0,180,2
T7,6,1,26,1
T8,7,1,200,2
T9,8,0,52,2
T10,9,1,176,9
[48]
T1,0,0,49,5
T2,1,0,39,6
T3,2,0,60,3
T4,3,0,154,6
T5,4,0,105,2
T6,5,1,56,1
T7,6,1,200,1
T8,7,0,150,2
T9,8,0,180,2
T10,9,1,42,1
[49]
T1,0,0,51,2
T2,1,1,120,15
T3,2,1,36,2
T4,3,0,75,4
T5,4,1,21,2
T6,5,0,180,24
T7,6,1,120,4
T8,7,0,168,4
T9,8,1,148,1
T10,9,0,200,2
[50]
T1,0,0,150,7
T2,1,1,96,4
T3,2,0,200,15
T4,3,1,42,3
T5,4,1,170,13
T6,5,0,25,1
T7,6,0,105,4
T8,7,0,120,2
T9,8,1,150,6
T10,9,1,44,2
[51]
T1,0,1,200,6
T2,1,1,175,29
T3,2,1,105,2
T4,3,0,168,5
T5,4,0,20,1
T6,5,0,27,1
T7,6,1,189,16
T8,7,0,56,1
T9,8,1,128,7
T10,9,0,42,2
[52]
T1,0,0,32,3
T2,1,1,200,1
T3,2,0,152,6
T4,3,1,35,1
T5,4,1,76,8
T6,5,0,45,4
T7,6,1,175,1
T8,7,1,152,6
T9,8,0,63,3
T10,9,1,140,2
[53]
T1,0,0,168,1
T2,1,1,21,1
T3,2,1,150,17
T4,3,1,160,13
T5,4,1,41,2
T6,5,0,21,1
T7,6,0,140,1
T8,7,1,80,1
T9,8,1,200,20
T10,9,1,70,2
[54]
T1,0,0,21,2
T2,1,0,145,3
T3,2,1,40,2
T4,3,1,144,2
T5,4,1,90,2
T6,5,0,175,5
T7,6,0,200,21
T8,7,1,168,12
T9,8,1,43,1
T10,9,1,168,24
[55]
T1,0,1,25,1
T2,1,1,168,2
T3,2,1,200,2
T4,3,1,168,5
T5,4,1,68,4
T6,5,1,46,2
T7,6,1,100,2
T8,7,1,32,2
T9,8,0,75,11
T10,9,1,160,10
[56]
T1,0,0,168,8
T2,1,0,200,16
T3,2,1,34,1
T4,3,1,42,4
T5,4,1,182,9
T6,5,1,120,3
T7,6,1,175,3
T8,7,0,119,5
T9,8,0,105,3
T10,9,0,20,2
[57]
T1,0,1,28,2
T2,1,0,54,3
T3,2,1,175,14
T4,3,0,20,2
T5,4,0,42,2
T6,5,0,76,1
T7,6,0,190,11
T8,7,1,63,6
T9,8,1,200,8
T10,9,0,175,3
[58]
T1,0,0,84,2
T2,1,1,21,3
T3,2,0,189,4
T4,3,1,200,7
T5,4,1,44,2
T6,5,1,108,5
T7,6,0,165,16
T8,7,1,47,1
T9,8,0,132,9
T10,9,1,198,2
[59]
T1,0,1,30,2
T2,1,0,80,1
T3,2,1,180,19
T4,3,0,200,13
T5,4,1,180,2
T6,5,0,20,2
T7,6,0,184,2
T8,7,1,126,4
T9,8,0,49,2
T10,9,1,60,1
[60]
T1,0,0,200,5
T2,1,1,189,7
T3,2,0,64,2
T4,3,1,189,13
T5,4,1,48,2
T6,5,1,180,2
T7,6,0,42,4
T8,7,1,126,3
T9,8,1,33,2
T10,9,1,70,12
[61]
T1,0,1,33,3
T2,1,1,150,8
T3,2,0,56,2
T4,3,1,200,3
T5,4,1,168,2
T6,5,1,29,2
T7,6,1,125,4
T8,7,0,180,19
T9,8,0,120,7
T10,9,0,33,2
[62]
T1,0,1,200,4
T2,1,0,33,2
T3,2,1,33,2
T4,3,0,72,3
T5,4,1,165,17
T6,5,0,54,2
T7,6,0,150,2
T8,7,0,84,2
T9,8,1,198,19
T10,9,1,112,2
[63]
T1,0,0,84,2
T2,1,0,133,12
T3,2,0,27,1
T4,3,0,20,1
T5,4,0,189,8
T6,5,1,48,5
T7,6,0,105,3
T8,7,1,168,11
T9,8,1,175,2
T10,9,0,200,2
[64]
T1,0,1,132,4
T2,1,1,63,9
T3,2,1,51,2
T4,3,0,198,7
T5,4,1,33,2
T6,5,1,189,1
T7,6,0,200,6
T8,7,1,140,4
T9,8,1,175,15
T10,9,0,48,2
[65]
T1,0,0,150,4
T2,1,1,180,7
T3,2,0,113,1
T4,3,0,40,1
T5,4,0,200,2
T6,5,0,180,16
T7,6,0,144,25
T8,7,1,75,5
T9,8,1,48,2
T10,9,0,36,2
[66]
T1,0,0,162,2
T2,1,0,66,5
T3,2,0,50,1
T4,3,0,75,4
T5,4,0,24,1
T6,5,1,22,2
T7,6,0,180,23
T8,7,1,160,2
T9,8,1,200,4
T10,9,0,110,8
[67]
T1,0,0,150,2
T2,1,1,153,2
T3,2,0,42,2
T4,3,0,56,9
T5,4,1,126,3
T6,5,1,40,2
T7,6,1,33,2
T8,7,1,180,13
T9,8,0,200,3
T10,9,1,112,18
[68]
T1,0,1,200,4
T2,1,1,72,4
T3,2,1,140,17
T4,3,0,35,4
T5,4,1,60,1
T6,5,1,40,2
T7,6,0,189,4
T8,7,0,34,2
T9,8,1,175,9
T10,9,0,192,1
[69]
T1,0,0,165,35
T2,1,1,100,4
T3,2,0,175,10
T4,3,1,42,2
T5,4,1,22,2
T6,5,0,120,3
T7,6,0,175,11
T8,7,1,88,1
T9,8,0,20,2
T10,9,0,200,2
[70]
T1,0,1,200,3
T2,1,0,150,16
T3,2,1,34,2
T4,3,1,117,1
T5,4,1,150,2
T6,5,0,72,2
T7,6,1,195,16
T8,7,0,56,2
T9,8,0,52,8
T10,9,1,50,1
[71]
T1,0,0,31,1
T2,1,0,25,2
T3,2,1,135,20
T4,3,0,126,8
T5,4,1,200,1
T6,5,1,48,3
T7,6,1,189,9
T8,7,0,54,2
T9,8,0,150,2
T10,9,1,182,4
[72]
T1,0,1,29,2
T2,1,0,168,6
T3,2,1,26,2
T4,3,1,26,2
T5,4,0,63,7
T6,5,1,200,18
T7,6,0,60,4
T8,7,0,189,11
T9,8,1,90,2
T10,9,0,182,12
[73]
T1,0,0,104,3
T2,1,0,150,6
T3,2,1,200,3
T4,3,0,20,2
T5,4,1,150,3
T6,5,0,130,3
T7,6,0,195,1
T8,7,0,52,4
T9,8,0,23,1
T10,9,0,91,5
[74]
T1,0,0,36,2
T2,1,0,105,18
T3,2,0,200,11
T4,3,0,185,2
T5,4,0,74,2
T6,5,0,175,20
T7,6,0,105,2
T8,7,1,50,1
T9,8,0,185,3
T10,9,1,37,1
[75]
T1,0,0,90,2
T2,1,0,184,1
T3,2,1,150,11
T4,3,1,45,2
T5,4,0,23,2
T6,5,1,100,3
T7,6,0,135,3
T8,7,1,168,4
T9,8,0,200,29
T10,9,1,35,1
[76]
T1,0,1,153,1
T2,1,0,56,2
T3,2,0,168,21
T4,3,1,63,5
T5,4,0,30,2
T6,5,0,100,1
T7,6,0,32,1
T8,7,0,24,2
T9,8,1,200,8
T10,9,1,160,8
[77]
T1,0,0,162,8
T2,1,0,36,1
T3,2,0,156,5
T4,3,1,26,1
T5,4,1,45,3
T6,5,1,200,11
T7,6,0,150,2
T8,7,0,75,2
T9,8,0,72,2
T10,9,0,144,21
[78]
T1,0,1,96,7
T2,1,1,200,7
T3,2,0,21,2
T4,3,1,160,10
T5,4,0,60,2
T6,5,0,170,9
T7,6,1,72,5
T8,7,0,150,5
T9,8,1,22,2
T10,9,0,24,2
[79]
T1,0,1,192,6
T2,1,1,175,12
T3,2,1,84,3
T4,3,1,176,3
T5,4,1,66,1
T6,5,0,48,2
T7,6,1,41,3
T8,7,0,200,12
T9,8,1,70,7
T10,9,1,50,1
[80]
T1,0,0,54,1
T2,1,0,180,5
T3,2,1,150,1
T4,3,1,60,1
T5,4,0,200,2
T6,5,0,105,2
T7,6,1,140,32
T8,7,0,25,2
T9,8,0,188,4
T10,9,0,36,2
[81]
T1,0,1,32,2
T2,1,0,187,26
T3,2,0,85,6
T4,3,0,90,2
T5,4,1,136,9
T6,5,0,200,5
T7,6,0,153,8
T8,7,1,34,1
T9,8,0,170,1
T10,9,1,50,2
[82]
T1,0,1,48,2
T2,1,1,200,2
T3,2,1,175,1
T4,3,0,70,13
T5,4,0,175,21
T6,5,0,22,2
T7,6,0,29,2
T8,7,0,108,1
T9,8,0,140,6
T10,9,1,189,2
[83]
T1,0,1,150,7
T2,1,1,20,2
T3,2,1,64,9
T4,3,0,45,1
T5,4,1,144,4
T6,5,0,192,10
T7,6,0,39,2
T8,7,0,195,5
T9,8,1,200,8
T10,9,0,135,1
[84]
T1,0,0,63,3
T2,1,1,28,1
T3,2,1,50,1
T4,3,1,105,3
T5,4,0,102,3
T6,5,1,200,4
T7,6,0,160,19
T8,7,1,168,1
T9,8,1,20,2
T10,9,1,170,5
[85]
T1,0,1,40,1
T2,1,0,132,20
T3,2,0,66,2
T4,3,0,200,2
T5,4,0,175,13
T6,5,0,49,1
T7,6,0,31,1
T8,7,1,196,2
T9,8,1,165,13
T10,9,1,84,2
[86]
T1,0,0,25,2
T2,1,0,30,1
T3,2,0,32,1
T4,3,1,171,9
T5,4,1,168,5
T6,5,0,152,4
T7,6,0,200,5
T8,7,0,133,1
T9,8,1,60,7
T10,9,0,57,1
[87]
T1,0,1,165,2
T2,1,0,40,5
T3,2,0,112,3
T4,3,1,24,1
T5,4,1,42,1
T6,5,1,144,13
T7,6,1,200,8
T8,7,1,140,7
T9,8,0,160,5
T10,9,1,160,2
[88]
T1,0,1,36,1
T2,1,0,66,5
T3,2,0,196,2
T4,3,0,40,2
T5,4,1,147,2
T6,5,1,165,23
T7,6,0,99,2
T8,7,1,49,4
T9,8,0,200,3
T10,9,1,140,7
[89]
T1,0,1,200,10
T2,1,0,105,2
T3,2,0,22,2
T4,3,1,175,9
T5,4,1,150,17
T6,5,1,100,6
T7,6,0,56,2
T8,7,1,168,2
T9,8,0,50,2
T10,9,1,40,2
[90]
T1,0,0,22,2
T2,1,1,54,6
T3,2,0,200,26
T4,3,1,180,1
T5,4,1,176,8
T6,5,1,42,3
T7,6,1,154,6
T8,7,1,72,2
T9,8,1,75,2
T10,9,1,47,2
[91]
T1,0,1,95,6
T2,1,0,150,3
T3,2,0,200,1
T4,3,0,35,2
T5,4,1,160,2
T6,5,1,180,7
T7,6,1,21,2
T8,7,1,39,5
T9,8,0,120,2
T10,9,1,57,4
[92]
T1,0,1,25,2
T2,1,1,154,7
T3,2,0,195,6
T4,3,1,200,2
T5,4,0,37,1
T6,5,1,156,5
T7,6,1,130,2
T8,7,1,100,2
T9,8,1,26,3
T10,9,1,70,4
[93]
T1,0,1,70,14
T2,1,0,198,2
T3,2,1,54,2
T4,3,1,48,3
T5,4,0,56,3
T6,5,0,45,1
T7,6,1,47,3
T8,7,1,200,3
T9,8,1,150,2
T10,9,1,176,1
[94]
T1,0,1,40,5
T2,1,1,44,2
T3,2,0,137,19
T4,3,0,200,2
T5,4,1,36,2
T6,5,1,180,8
T7,6,1,160,3
T8,7,0,160,3
T9,8,1,80,2
T10,9,0,120,2
[95]
T1,0,0,200,9
T2,1,1,117,4
T3,2,1,150,16
T4,3,0,21,2
T5,4,0,34,1
T6,5,1,65,2
T7,6,1,50,1
T8,7,0,175,3
T9,8,1,195,3
T10,9,0,144,17
[96]
T1,0,0,168,2
T2,1,0,150,5
T3,2,1,27,3
T4,3,0,180,11
T5,4,0,132,5
T6,5,1,63,2
T7,6,0,200,7
T8,7,0,40,1
T9,8,1,54,2
T10,9,1,40,4
[97]
T1,0,0,200,5
T2,1,1,172,2
T3,2,0,160,19
T4,3,0,150,2
T5,4,0,25,1
T6,5,0,140,1
T7,6,1,21,2
T8,7,1,120,2
T9,8,1,70,6
T10,9,1,30,2
[98]
T1,0,1,200,1
T2,1,0,85,19
T3,2,0,33,2
T4,3,1,35,2
T5,4,0,20,2
T6,5,0,170,10
T7,6,1,153,7
T8,7,0,136,1
T9,8,1,189,9
T10,9,1,85,1
[99]
T1,0,1,176,2
T2,1,0,200,8
T3,2,0,160,5
T4,3,1,40,2
T5,4,1,60,2
T6,5,1,36,2
T7,6,1,192,30
T8,7,0,64,3
T9,8,0,50,2
T10,9,0,70,2
[100]
T1,0,0,62,6
T2,1,0,75,2
T3,2,0,150,12
T4,3,1,96,3
T5,4,1,150,8
T6,5,0,200,2
T7,6,0,160,15
T8,7,1,40,2
T9,8,1,22,1
T10,9,1,32,1
[101]
T1,0,1,52,4
T2,1,1,35,4
T3,2,1,126,2
T4,3,0,130,2
T5,4,1,195,1
T6,5,1,45,2
T7,6,0,65,2
T8,7,0,195,19
T9,8,1,182,12
T10,9,1,200,3
[102]
T1,0,0,64,2
T2,1,0,200,2
T3,2,0,84,3
T4,3,0,21,2
T5,4,0,29,1
T6,5,0,90,13
T7,6,0,160,10
T8,7,0,160,6
T9,8,1,42,2
T10,9,0,150,6
[103]
T1,0,1,200,8
T2,1,1,168,10
T3,2,1,72,3
T4,3,0,184,2
T5,4,0,112,5
T6,5,1,36,2
T7,6,0,35,2
T8,7,1,175,24
T9,8,0,140,4
T10,9,1,23,2
[104]
T1,0,1,175,14
T2,1,0,25,1
T3,2,1,150,2
T4,3,1,70,2
T5,4,0,120,2
T6,5,0,30,8
T7,6,0,21,2
T8,7,0,55,2
T9,8,0,156,4
T10,9,0,200,2
[105]
T1,0,0,30,6
T2,1,0,81,2
T3,2,0,168,6
T4,3,0,200,3
T5,4,1,150,5
T6,5,0,20,2
T7,6,0,35,2
T8,7,1,140,2
T9,8,0,175,19
T10,9,0,63,2
[106]
T1,0,1,168,8
T2,1,0,63,3
T3,2,0,84,3
T4,3,1,56,6
T5,4,1,45,2
T6,5,0,175,1
T7,6,1,177,4
T8,7,1,45,1
T9,8,0,45,2
T10,9,0,200,11
[107]
T1,0,0,200,33
T2,1,1,30,2
T3,2,1,160,2
T4,3,0,77,2
T5,4,1,21,2
T6,5,0,99,2
T7,6,0,21,1
T8,7,0,160,2
T9,8,1,90,10
T10,9,0,154,2
[108]
T1,0,0,175,4
T2,1,1,175,13
T3,2,0,21,2
T4,3,1,112,1
T5,4,1,29,1
T6,5,0,20,2
T7,6,0,87,3
T8,7,0,140,18
T9,8,1,175,9
T10,9,0,200,9
[109]
T1,0,1,110,11
T2,1,1,35,1
T3,2,1,30,2
T4,3,0,60,3
T5,4,0,105,6
T6,5,0,200,2
T7,6,1,154,1
T8,7,0,168,30
T9,8,1,25,2
T10,9,1,160,3
[110]
T1,0,1,49,1
T2,1,1,150,9
T3,2,0,138,11
T4,3,0,150,18
T5,4,0,120,2
T6,5,0,180,19
T7,6,0,200,10
T8,7,1,48,1
T9,8,0,44,2
T10,9,0,72,2
[111]
T1,0,0,156,4
T2,1,1,195,24
T3,2,1,80,2
T4,3,0,72,1
T5,4,1,180,2
T6,5,0,200,7
T7,6,0,50,5
T8,7,0,33,1
T9,8,0,88,7
T10,9,0,34,2
[112]
T1,0,0,200,6
T2,1,0,29,2
T3,2,0,175,2
T4,3,0,60,2
T5,4,0,120,2
T6,5,1,110,21
T7,6,0,182,7
T8,7,0,168,10
T9,8,0,39,2
T10,9,1,30,2
[113]
T1,0,1,170,5
T2,1,1,120,2
T3,2,1,91,2
T4,3,0,41,2
T5,4,1,50,1
T6,5,0,195,13
T7,6,1,168,2
T8,7,1,200,10
T9,8,1,40,2
T10,9,1,68,12
[114]
T1,0,0,168,4
T2,1,1,200,8
T3,2,0,192,6
T4,3,0,45,3
T5,4,1,192,15
T6,5,0,98,2
T7,6,0,96,6
T8,7,0,21,1
T9,8,0,26,2
T10,9,0,100,2
[115]
T1,0,0,84,8
T2,1,1,155,2
T3,2,0,21,2
T4,3,1,160,1
T5,4,0,93,7
T6,5,0,96,4
T7,6,1,28,1
T8,7,0,175,3
T9,8,0,30,4
T10,9,1,200,2
[116]
T1,0,1,80,17
T2,1,0,108,2
T3,2,0,52,1
T4,3,0,50,1
T5,4,0,200,2
T6,5,1,42,2
T7,6,0,60,3
T8,7,0,150,8
T9,8,1,156,5
T10,9,1,189,7
[117]
T1,0,1,170,34
T2,1,1,30,2
T3,2,0,140,8
T4,3,0,68,2
T5,4,0,88,6
T6,5,0,175,2
T7,6,0,50,1
T8,7,1,200,18
T9,8,0,170,1
T10,9,0,53,2
[118]
T1,0,0,25,2
T2,1,1,200,14
T3,2,1,69,5
T4,3,0,184,3
T5,4,1,92,17
T6,5,1,36,1
T7,6,1,100,1
T8,7,1,54,2
T9,8,0,192,3
T10,9,0,150,2
[119]
T1,0,0,171,4
T2,1,0,200,6
T3,2,0,40,2
T4,3,0,51,2
T5,4,0,160,25
T6,5,0,75,2
T7,6,0,108,2
T8,7,0,135,7
T9,8,0,36,2
T10,9,0,171,31
[120]
T1,0,1,120,2
T2,1,1,200,2
T3,2,1,120,4
T4,3,0,24,2
T5,4,0,153,1
T6,5,1,190,28
T7,6,1,60,2
T8,7,1,40,2
T9,8,1,150,7
T10,9,0,20,1
[121]
T1,0,1,50,2
T2,1,1,57,4
T3,2,1,41,2
T4,3,0,30,1
T5,4,0,150,2
T6,5,0,65,1
T7,6,1,120,19
T8,7,0,171,4
T9,8,0,190,13
T10,9,0,200,2
[122]
T1,0,1,75,2
T2,1,1,150,1
T3,2,1,42,2
T4,3,0,38,1
T5,4,0,200,2
T6,5,0,70,14
T7,6,0,192,8
T8,7,0,24,2
T9,8,1,192,18
T10,9,1,84,5
[123]
T1,0,0,38,2
T2,1,1,120,3
T3,2,0,52,1
T4,3,0,24,1
T5,4,0,200,2
T6,5,1,68,2
T7,6,1,170,8
T8,7,1,171,23
T9,8,0,153,7
T10,9,1,57,2
[124]
T1,0,1,175,7
T2,1,0,200,15
T3,2,1,154,2
T4,3,0,110,7
T5,4,0,110,2
T6,5,1,154,2
T7,6,1,54,2
T8,7,1,39,10
T9,8,0,100,1
T10,9,1,44,2
[125]
T1,0,0,176,20
T2,1,0,150,3
T3,2,1,54,3
T4,3,1,180,3
T5,4,1,200,8
T6,5,0,50,3
T7,6,0,125,3
T8,7,0,100,7
T9,8,1,30,1
T10,9,0,40,2
[126]
T1,0,0,190,2
T2,1,0,190,4
T3,2,0,140,14
T4,3,1,30,1
T5,4,1,32,2
T6,5,0,90,2
T7,6,1,114,6
T8,7,1,40,2
T9,8,1,152,2
T10,9,1,200,21
[127]
T1,0,1,200,4
T2,1,0,102,1
T3,2,1,168,5
T4,3,1,187,28
T5,4,0,85,2
T6,5,1,23,2
T7,6,0,66,2
T8,7,1,150,5
T9,8,1,35,3
T10,9,0,22,2
[128]
T1,0,0,144,7
T2,1,0,135,7
T3,2,1,192,1
T4,3,1,96,4
T5,4,0,192,2
T6,5,1,30,5
T7,6,0,43,2
T8,7,0,20,2
T9,8,0,156,2
T10,9,1,200,2
[129]
T1,0,1,99,11
T2,1,0,35,2
T3,2,0,120,2
T4,3,0,200,7
T5,4,0,175,24
T6,5,0,90,2
T7,6,1,24,2
T8,7,0,21,2
T9,8,0,154,9
T10,9,1,147,2
[130]
T1,0,1,40,2
T2,1,1,160,20
T3,2,1,39,1
T4,3,1,200,14
T5,4,1,60,5
T6,5,1,39,1
T7,6,0,130,1
T8,7,0,175,7
T9,8,1,180,2
T10,9,0,63,4
[131]
T1,0,0,160,2
T2,1,0,175,30
T3,2,0,45,2
T4,3,0,24,3
T5,4,0,120,2
T6,5,0,200,2
T7,6,0,49,2
T8,7,1,144,2
T9,8,0,165,15
T10,9,1,132,2
[132]
T1,0,1,39,2
T2,1,0,54,1
T3,2,1,30,2
T4,3,0,195,24
T5,4,0,39,2
T6,5,0,91,3
T7,6,1,104,7
T8,7,1,200,6
T9,8,1,189,5
T10,9,0,156,18
[133]
T1,0,1,154,2
T2,1,0,200,2
T3,2,1,60,3
T4,3,0,85,4
T5,4,1,34,2
T6,5,1,35,4
T7,6,1,170,8
T8,7,1,165,13
T9,8,0,26,2
T10,9,0,100,7
[134]
T1,0,0,200,1
T2,1,1,51,2
T3,2,1,68,7
T4,3,0,168,17
T5,4,1,50,1
T6,5,1,150,5
T7,6,0,51,5
T8,7,0,160,4
T9,8,1,72,2
T10,9,1,126,5
[135]
T1,0,0,54,2
T2,1,1,143,1
T3,2,0,72,10
T4,3,1,52,1
T5,4,0,195,15
T6,5,0,180,30
T7,6,1,200,2
T8,7,0,27,2
T9,8,0,30,1
T10,9,1,156,2
[136]
T1,0,1,45,2
T2,1,1,168,2
T3,2,1,54,2
T4,3,1,81,11
T5,4,0,160,4
T6,5,1,60,2
T7,6,0,200,3
T8,7,0,105,2
T9,8,0,192,42
T10,9,0,21,2
[137]
T1,0,1,168,3
T2,1,1,120,2
T3,2,0,154,1
T4,3,0,30,1
T5,4,0,26,5
T6,5,1,168,9
T7,6,0,56,1
T8,7,0,30,2
T9,8,1,200,21
T10,9,0,65,1
[138]
T1,0,1,36,2
T2,1,0,75,4
T3,2,1,175,1
T4,3,0,152,6
T5,4,0,175,6
T6,5,1,126,5
T7,6,1,36,4
T8,7,1,37,5
T9,8,0,200,5
T10,9,0,108,1
[139]
T1,0,0,33,2
T2,1,0,150,16
T3,2,0,200,4
T4,3,0,150,18
T5,4,0,189,13
T6,5,1,91,2
T7,6,1,144,1
T8,7,1,35,2
T9,8,0,108,8
T10,9,1,36,2
[140]
T1,0,0,64,4
T2,1,1,42,1
T3,2,0,48,2
T4,3,0,105,4
T5,4,0,168,6
T6,5,1,20,3
T7,6,1,189,13
T8,7,0,192,3
T9,8,0,200,10
T10,9,0,72,2
[141]
T1,0,1,168,5
T2,1,0,48,3
T3,2,0,175,4
T4,3,0,200,7
T5,4,0,66,3
T6,5,1,189,7
T7,6,1,46,2
T8,7,1,54,2
T9,8,0,42,5
T10,9,1,66,3
[142]
T1,0,0,99,12
T2,1,1,200,7
T3,2,1,120,1
T4,3,1,22,2
T5,4,0,187,18
T6,5,1,187,7
T7,6,0,48,2
T8,7,0,110,9
T9,8,1,187,3
T10,9,0,48,2
[143]
T1,0,1,50,2
T2,1,1,160,3
T3,2,1,180,11
T4,3,0,40,3
T5,4,1,50,2
T6,5,1,126,5
T7,6,1,200,22
T8,7,0,190,8
T9,8,0,57,1
T10,9,0,140,10
[144]
T1,0,1,144,10
T2,1,1,72,2
T3,2,1,24,2
T4,3,1,180,7
T5,4,1,180,15
T6,5,1,165,6
T7,6,1,112,7
T8,7,1,200,6
T9,8,1,27,2
T10,9,1,23,2
[145]
T1,0,1,200,9
T2,1,1,35,2
T3,2,1,136,10
T4,3,1,100,3
T5,4,1,180,13
T6,5,0,63,2
T7,6,1,150,2
T8,7,1,42,1
T9,8,0,180,16
T10,9,0,43,3
[146]
T1,0,0,200,6
T2,1,1,168,5
T3,2,1,154,11
T4,3,1,80,6
T5,4,0,36,2
T6,5,0,176,9
T7,6,0,48,1
T8,7,0,75,11
T9,8,1,49,2
T10,9,0,77,2
[147]
T1,0,1,48,1
T2,1,0,154,10
T3,2,1,88,3
T4,3,0,200,1
T5,4,0,48,2
T6,5,0,176,3
T7,6,1,84,9
T8,7,0,135,7
T9,8,1,189,18
T10,9,0,20,2
[148]
T1,0,1,132,19
T2,1,0,150,2
T3,2,0,168,6
T4,3,1,56,4
T5,4,1,200,1
T6,5,1,30,2
T7,6,0,30,2
T8,7,1,152,6
T9,8,0,21,1
T10,9,0,84,6
[149]
T1,0,0,20,2
T2,1,1,160,7
T3,2,0,200,3
T4,3,1,100,7
T5,4,0,150,7
T6,5,1,192,35
T7,6,1,80,4
T8,7,0,50,2
T9,8,1,79,3
T10,9,1,29,2
[150]
T1,0,0,160,12
T2,1,1,33,2
T3,2,0,42,4
T4,3,0,24,2
T5,4,1,120,4
T6,5,1,152,4
T7,6,1,200,7
T8,7,1,160,7
T9,8,1,72,3
T10,9,1,72,5
[151]
T1,0,1,41,2
T2,1,0,164,10
T3,2,0,22,2
T4,3,1,66,3
T5,4,1,198,2
T6,5,0,165,3
T7,6,0,45,5
T8,7,1,60,2
T9,8,0,200,2
T10,9,1,55,4
[152]
T1,0,1,154,8
T2,1,0,26,2
T3,2,1,200,4
T4,3,1,54,2
T5,4,0,150,4
T6,5,0,25,2
T7,6,1,110,19
T8,7,1,126,1
T9,8,1,110,11
T10,9,1,168,8
[153]
T1,0,1,34,2
T2,1,0,22,1
T3,2,0,200,2
T4,3,0,165,6
T5,4,0,40,2
T6,5,1,144,8
T7,6,1,162,5
T8,7,1,120,8
T9,8,0,55,8
T10,9,1,198,10
[154]
T1,0,0,176,13
T2,1,0,144,6
T3,2,0,31,2
T4,3,0,55,2
T5,4,1,21,1
T6,5,0,168,4
T7,6,0,200,28
T8,7,1,50,2
T9,8,0,176,1
T10,9,1,105,5
[155]
T1,0,0,176,4
T2,1,0,136,5
T3,2,1,51,4
T4,3,1,66,1
T5,4,1,80,12
T6,5,1,170,7
T7,6,0,40,1
T8,7,1,200,3
T9,8,1,187,1
T10,9,1,51,3
[156]
T1,0,0,165,2
T2,1,1,24,1
T3,2,0,120,2
T4,3,1,33,1
T5,4,0,136,2
T6,5,1,200,4
T7,6,0,175,28
T8,7,1,150,7
T9,8,1,70,2
T10,9,1,46,3
[157]
T1,0,1,50,1
T2,1,1,36,2
T3,2,0,160,4
T4,3,1,114,6
T5,4,0,114,10
T6,5,0,200,9
T7,6,0,168,6
T8,7,1,120,15
T9,8,1,44,2
T10,9,0,152,5
[158]
T1,0,0,80,18
T2,1,0,24,2
T3,2,1,54,3
T4,3,0,99,3
T5,4,0,22,2
T6,5,0,200,2
T7,6,1,160,8
T8,7,0,132,11
T9,8,1,162,2
T10,9,1,160,2
[159]
T1,0,1,72,1
T2,1,1,30,2
T3,2,1,48,2
T4,3,0,176,25
T5,4,1,36,1
T6,5,1,200,11
T7,6,1,55,6
T8,7,1,180,6
T9,8,1,138,4
T10,9,0,150,3
[160]
T1,0,0,176,5
T2,1,1,77,4
T3,2,0,168,6
T4,3,1,28,2
T5,4,1,30,2
T6,5,1,43,3
T7,6,0,200,2
T8,7,0,72,5
T9,8,1,180,14
T10,9,1,66,4
[161]
T1,0,1,39,2
T2,1,1,117,4
T3,2,0,195,11
T4,3,1,112,2
T5,4,1,200,26
T6,5,0,189,9
T7,6,0,182,7
T8,7,0,41,5
T9,8,1,84,2
T10,9,1,26,1
[162]
T1,0,0,175,1
T2,1,1,168,5
T3,2,1,80,4
T4,3,1,38,2
T5,4,1,45,2
T6,5,0,72,4
T7,6,0,52,5
T8,7,1,168,12
T9,8,1,75,2
T10,9,0,200,2
[163]
T1,0,0,135,6
T2,1,0,30,2
T3,2,1,150,2
T4,3,0,36,2
T5,4,0,38,2
T6,5,0,184,14
T7,6,1,105,10
T8,7,1,150,3
T9,8,0,56,4
T10,9,0,200,6
[164]
T1,0,0,75,2
T2,1,1,26,6
T3,2,1,180,2
T4,3,1,48,1
T5,4,0,52,5
T6,5,0,64,2
T7,6,1,156,5
T8,7,1,160,2
T9,8,1,200,4
T10,9,1,117,1
[165]
T1,0,0,110,2
T2,1,1,136,11
T3,2,1,50,2
T4,3,1,200,2
T5,4,1,170,26
T6,5,1,154,5
T7,6,1,45,2
T8,7,0,42,2
T9,8,0,55,2
T10,9,1,165,1
[166]
T1,0,0,36,1
T2,1,1,180,7
T3,2,1,27,1
T4,3,0,100,3
T5,4,0,180,20
T6,5,0,54,2
T7,6,1,180,14
T8,7,0,135,7
T9,8,1,200,12
T10,9,0,40,2
[167]
T1,0,0,25,1
T2,1,1,61,2
T3,2,0,180,1
T4,3,0,200,18
T5,4,1,50,2
T6,5,0,42,2
T7,6,0,56,5
T8,7,0,122,11
T9,8,1,175,7
T10,9,1,180,12
[168]
T1,0,0,200,32
T2,1,0,150,10
T3,2,1,198,7
T4,3,0,99,6
T5,4,0,143,2
T6,5,1,45,2
T7,6,0,46,3
T8,7,0,39,2
T9,8,0,120,7
T10,9,0,198,2
[169]
T1,0,0,176,24
T2,1,1,200,7
T3,2,0,56,8
T4,3,0,77,1
T5,4,1,36,2
T6,5,0,75,2
T7,6,1,189,11
T8,7,0,189,2
T9,8,1,32,1
T10,9,1,54,2
[170]
T1,0,0,20,2
T2,1,1,105,4
T3,2,1,36,3
T4,3,1,70,6
T5,4,0,63,2
T6,5,1,175,10
T7,6,0,200,7
T8,7,1,189,3
T9,8,1,171,2
T10,9,1,31,1
[171]
T1,0,1,48,5
T2,1,0,200,41
T3,2,1,162,5
T4,3,1,126,2
T5,4,1,27,2
T6,5,0,180,2
T7,6,0,189,15
T8,7,0,81,2
T9,8,1,80,2
T10,9,0,41,1
[172]
T1,0,0,162,26
T2,1,0,160,5
T3,2,0,30,2
T4,3,1,25,1
T5,4,1,200,17
T6,5,1,81,2
T7,6,0,72,1
T8,7,1,108,2
T9,8,0,25,2
T10,9,0,180,2
[173]
T1,0,0,114,13
T2,1,1,198,6
T3,2,1,25,2
T4,3,1,200,6
T5,4,1,144,6
T6,5,1,190,21
T7,6,0,176,15
T8,7,0,132,2
T9,8,1,25,2
T10,9,0,43,2
[174]
T1,0,0,198,22
T2,1,1,60,1
T3,2,1,21,1
T4,3,0,120,8
T5,4,0,198,9
T6,5,1,20,2
T7,6,1,200,10
T8,7,1,75,5
T9,8,1,45,2
T10,9,1,176,4
[175]
T1,0,1,135,4
T2,1,0,54,2
T3,2,0,175,25
T4,3,0,175,2
T5,4,0,28,2
T6,5,1,152,2
T7,6,1,63,14
T8,7,1,38,2
T9,8,1,105,1
T10,9,1,200,2
[176]
T1,0,0,180,20
T2,1,1,60,2
T3,2,1,200,4
T4,3,1,53,5
T5,4,0,42,2
T6,5,0,150,4
T7,6,1,81,5
T8,7,1,56,5
T9,8,1,21,2
T10,9,0,168,6
[177]
T1,0,1,160,2
T2,1,1,120,2
T3,2,0,192,11
T4,3,0,104,3
T5,4,1,27,3
T6,5,0,20,1
T7,6,0,200,4
T8,7,0,96,3
T9,8,1,195,20
T10,9,1,41,2
[178]
T1,0,0,95,2
T2,1,0,29,1
T3,2,0,45,1
T4,3,0,84,7
T5,4,1,200,12
T6,5,1,180,6
T7,6,0,24,2
T8,7,1,180,17
T9,8,0,144,5
T10,9,0,150,9
[179]
T1,0,0,143,4
T2,1,0,21,2
T3,2,0,88,5
T4,3,0,195,17
T5,4,0,198,1
T6,5,1,180,18
T7,6,0,200,2
T8,7,0,40,5
T9,8,0,26,2
T10,9,1,65,2
[180]
T1,0,1,49,2
T2,1,0,180,32
T3,2,1,160,2
T4,3,1,96,2
T5,4,1,200,6
T6,5,1,147,15
T7,6,1,40,2
T8,7,0,33,2
T9,8,0,147,2
T10,9,1,60,4
[181]
T1,0,1,60,5
T2,1,1,200,30
T3,2,0,175,10
T4,3,1,175,4
T5,4,0,26,2
T6,5,1,32,2
T7,6,1,56,2
T8,7,0,136,11
T9,8,1,25,2
T10,9,1,180,2
[182]
T1,0,0,180,4
T2,1,0,150,5
T3,2,0,33,3
T4,3,0,33,2
T5,4,1,80,11
T6,5,0,21,2
T7,6,1,200,17
T8,7,1,72,2
T9,8,0,150,5
T10,9,0,66,1
[183]
T1,0,0,32,1
T2,1,1,176,16
T3,2,1,40,1
T4,3,0,200,2
T5,4,0,165,11
T6,5,1,72,1
T7,6,1,176,7
T8,7,0,45,2
T9,8,0,112,20
T10,9,1,77,2
[184]
T1,0,1,80,2
T2,1,1,150,7
T3,2,0,160,10
T4,3,1,88,2
T5,4,0,48,6
T6,5,0,136,2
T7,6,1,51,2
T8,7,0,54,2
T9,8,1,170,14
T10,9,1,200,16
[185]
T1,0,1,180,20
T2,1,1,39,2
T3,2,1,110,7
T4,3,0,200,6
T5,4,0,189,1
T6,5,0,72,2
T7,6,0,99,4
T8,7,0,150,12
T9,8,0,24,2
T10,9,0,35,2
[186]
T1,0,1,175,10
T2,1,1,25,2
T3,2,0,26,4
T4,3,1,180,1
T5,4,0,180,2
T6,5,1,77,1
T7,6,0,200,1
T8,7,0,75,2
T9,8,1,30,3
T10,9,1,125,5
[187]
T1,0,1,32,2
T2,1,0,20,1
T3,2,0,180,5
T4,3,0,72,3
T5,4,0,124,1
T6,5,0,65,2
T7,6,1,156,23
T8,7,0,200,7
T9,8,1,20,2
T10,9,1,155,3
[188]
T1,0,0,39,2
T2,1,1,200,5
T3,2,1,120,2
T4,3,1,195,3
T5,4,1,148,5
T6,5,1,150,34
T7,6,1,26,2
T8,7,0,65,2
T9,8,1,130,11
T10,9,1,41,2
[189]
T1,0,1,175,3
T2,1,0,150,1
T3,2,0,120,15
T4,3,0,200,7
T5,4,0,186,2
T6,5,0,72,6
T7,6,1,42,2
T8,7,1,124,3
T9,8,1,50,2
T10,9,1,46,4
[190]
T1,0,0,170,6
T2,1,1,175,7
T3,2,1,35,1
T4,3,0,51,4
T5,4,0,90,3
T6,5,1,160,2
T7,6,1,63,2
T8,7,0,200,4
T9,8,0,72,5
T10,9,0,35,2
[191]
T1,0,1,200,1
T2,1,0,91,6
T3,2,1,182,4
T4,3,1,24,2
T5,4,1,30,2
T6,5,1,28,3
T7,6,0,182,1
T8,7,1,63,4
T9,8,0,126,4
T10,9,1,195,11
[192]
T1,0,0,195,8
T2,1,1,40,2
T3,2,1,112,12
T4,3,0,200,10
T5,4,0,52,4
T6,5,1,50,1
T7,6,1,91,1
T8,7,1,160,3
T9,8,0,65,5
T10,9,0,182,11
[193]
T1,0,1,26,2
T2,1,0,51,2
T3,2,1,200,15
T4,3,1,100,5
T5,4,0,156,11
T6,5,1,98,1
T7,6,1,130,14
T8,7,0,195,12
T9,8,0,150,8
T10,9,1,24,2
[194]
T1,0,1,180,11
T2,1,0,26,2
T3,2,0,180,2
T4,3,1,31,1
T5,4,0,90,6
T6,5,1,126,9
T7,6,1,24,2
T8,7,1,126,2
T9,8,0,200,43
T10,9,1,168,2
[195]
T1,0,1,51,1
T2,1,1,180,5
T3,2,0,200,10
T4,3,0,60,4
T5,4,0,153,1
T6,5,0,135,6
T7,6,1,160,17
T8,7,1,68,4
T9,8,1,27,2
T10,9,0,28,2
[196]
T1,0,0,90,5
T2,1,1,165,2
T3,2,0,33,2
T4,3,0,144,6
T5,4,0,200,6
T6,5,1,34,1
T7,6,1,20,2
T8,7,0,102,1
T9,8,0,150,27
T10,9,0,180,17
[197]
T1,0,1,90,2
T2,1,0,35,1
T3,2,0,156,6
T4,3,0,200,6
T5,4,1,182,6
T6,5,1,135,6
T7,6,1,65,10
T8,7,1,25,2
T9,8,1,52,1
T10,9,0,182,11
[198]
T1,0,0,168,35
T2,1,0,75,2
T3,2,1,23,2
T4,3,0,96,1
T5,4,1,30,2
T6,5,1,148,3
T7,6,1,200,14
T8,7,1,48,3
T9,8,1,96,2
T10,9,1,150,2
[199]
T1,0,0,42,2
T2,1,1,199,18
T3,2,1,150,9
T4,3,0,105,4
T5,4,1,22,2
T6,5,0,84,6
T7,6,0,200,4
T8,7,0,56,2
T9,8,0,175,5
T10,9,0,40,1
[200]
T1,0,1,200,2
T2,1,1,130,13
T3,2,0,180,16
T4,3,0,39,2
T5,4,1,49,2
T6,5,1,75,3
T7,6,0,185,7
T8,7,0,156,1
T9,8,1,50,5
T10,9,0,117,1
[201]
T1,0,1,20,2
T2,1,1,49,2
T3,2,0,165,19
T4,3,1,70,6
T5,4,0,160,2
T6,5,0,200,15
T7,6,0,150,2
T8,7,0,42,2
T9,8,1,96,3
T10,9,1,140,10
[202]
T1,0,1,108,3
T2,1,0,200,17
T3,2,0,156,1
T4,3,1,90,2
T5,4,0,48,3
T6,5,0,104,3
T7,6,0,198,12
T8,7,1,27,1
T9,8,1,156,15
T10,9,1,40,2
[203]
T1,0,1,80,13
T2,1,0,60,2
T3,2,1,80,2
T4,3,0,50,1
T5,4,1,174,13
T6,5,0,52,3
T7,6,0,174,11
T8,7,1,25,2
T9,8,1,200,3
T10,9,1,156,1
[204]
T1,0,0,30,2
T2,1,0,30,2
T3,2,1,49,2
T4,3,0,72,6
T5,4,1,180,7
T6,5,0,168,2
T7,6,1,104,2
T8,7,0,200,1
T9,8,1,63,7
T10,9,1,168,22
[205]
T1,0,1,29,2
T2,1,1,168,2
T3,2,1,116,3
T4,3,1,150,11
T5,4,1,200,8
T6,5,0,150,11
T7,6,1,140,16
T8,7,0,29,2
T9,8,1,90,1
T10,9,1,29,2
[206]
T1,0,1,200,2
T2,1,0,110,2
T3,2,1,176,11
T4,3,0,40,1
T5,4,0,152,1
T6,5,0,70,12
T7,6,0,175,16
T8,7,1,46,2
T9,8,0,28,2
T10,9,1,80,6
[207]
T1,0,0,33,1
T2,1,0,192,40
T3,2,0,200,7
T4,3,0,168,5
T5,4,0,25,2
T6,5,1,88,2
T7,6,1,75,1
T8,7,1,192,9
T9,8,1,66,2
T10,9,1,32,1
[208]
T1,0,0,60,4
T2,1,1,22,3
T3,2,1,55,2
T4,3,1,200,8
T5,4,1,180,17
T6,5,0,150,2
T7,6,1,60,2
T8,7,1,174,2
T9,8,0,50,2
T10,9,0,33,2
[209]
T1,0,0,21,2
T2,1,1,175,5
T3,2,1,24,2
T4,3,0,90,8
T5,4,0,47,2
T6,5,1,124,10
T7,6,0,70,6
T8,7,1,180,19
T9,8,1,200,5
T10,9,0,150,2
[210]
T1,0,1,150,1
T2,1,1,150,14
T3,2,1,200,5
T4,3,1,144,4
T5,4,0,65,4
T6,5,0,26,1
T7,6,0,42,1
T8,7,0,170,14
T9,8,1,100,5
T10,9,1,45,2
[211]
T1,0,0,189,5
T2,1,1,30,1
T3,2,1,35,2
T4,3,0,154,7
T5,4,1,176,17
T6,5,1,99,4
T7,6,1,200,20
T8,7,1,100,6
T9,8,1,44,1
T10,9,1,132,2
[212]
T1,0,1,168,18
T2,1,1,45,1
T3,2,1,175,2
T4,3,0,24,2
T5,4,1,100,1
T6,5,1,130,3
T7,6,0,200,1
T8,7,0,156,24
T9,8,0,144,9
T10,9,1,53,2
[213]
T1,0,0,200,24
T2,1,1,53,1
T3,2,1,175,6
T4,3,1,90,3
T5,4,1,42,1
T6,5,1,165,3
T7,6,0,63,2
T8,7,1,189,15
T9,8,1,80,5
T10,9,1,44,1
[214]
T1,0,1,37,2
T2,1,0,156,2
T3,2,0,150,5
T4,3,0,130,9
T5,4,0,200,28
T6,5,1,25,2
T7,6,0,104,6
T8,7,1,52,2
T9,8,1,192,7
T10,9,1,55,4
[215]
T1,0,1,150,11
T2,1,1,111,4
T3,2,1,22,2
T4,3,0,120,7
T5,4,1,185,6
T6,5,0,37,2
T7,6,0,20,1
T8,7,0,148,1
T9,8,1,63,5
T10,9,1,200,15
[216]
T1,0,0,50,2
T2,1,1,65,5
T3,2,0,39,2
T4,3,0,27,3
T5,4,1,96,2
T6,5,1,152,10
T7,6,0,95,1
T8,7,0,200,10
T9,8,0,190,13
T10,9,0,195,12
[217]
T1,0,1,38,1
T2,1,0,30,1
T3,2,0,80,2
T4,3,1,24,2
T5,4,0,200,33
T6,5,0,114,5
T7,6,1,152,1
T8,7,1,150,16
T9,8,1,114,1
T10,9,0,155,4
[218]
T1,0,1,200,7
T2,1,1,160,9
T3,2,1,50,2
T4,3,1,150,18
T5,4,0,160,5
T6,5,1,120,1
T7,6,1,22,1
T8,7,1,135,4
T9,8,0,40,1
T10,9,1,86,2
[219]
T1,0,0,96,1
T2,1,0,184,12
T3,2,0,27,3
T4,3,1,24,1
T5,4,0,160,7
T6,5,0,180,12
T7,6,0,46,1
T8,7,0,200,2
T9,8,0,60,1
T10,9,1,138,10
[220]
T1,0,1,161,9
T2,1,1,70,3
T3,2,1,28,2
T4,3,1,21,2
T5,4,1,108,1
T6,5,1,200,15
T7,6,1,47,1
T8,7,1,184,24
T9,8,1,184,13
T10,9,0,92,5
[221]
T1,0,0,20,2
T2,1,0,28,2
T3,2,0,180,2
T4,3,0,75,3
T5,4,1,100,11
T6,5,0,168,4
T7,6,1,102,2
T8,7,1,180,16
T9,8,1,200,1
T10,9,0,50,7
[222]
T1,0,1,20,2
T2,1,0,60,7
T3,2,1,152,3
T4,3,1,31,2
T5,4,0,200,32
T6,5,1,90,1
T7,6,1,60,1
T8,7,0,36,2
T9,8,0,180,8
T10,9,1,174,5
[223]
T1,0,0,147,9
T2,1,0,196,4
T3,2,1,198,11
T4,3,1,42,2
T5,4,1,72,2
T6,5,1,50,1
T7,6,0,132,5
T8,7,1,99,2
T9,8,0,22,2
T10,9,0,200,38
[224]
T1,0,1,150,10
T2,1,0,126,8
T3,2,1,161,10
T4,3,1,108,1
T5,4,0,37,3
T6,5,0,200,15
T7,6,0,90,2
T8,7,0,50,1
T9,8,1,54,1
T10,9,0,150,10
[225]
T1,0,0,200,13
T2,1,1,198,9
T3,2,0,32,1
T4,3,1,168,11
T5,4,1,176,1
T6,5,1,96,9
T7,6,1,38,1
T8,7,0,84,8
T9,8,1,112,2
T10,9,1,24,2
[226]
T1,0,1,135,11
T2,1,0,168,22
T3,2,1,21,2
T4,3,0,200,21
T5,4,1,45,2
T6,5,0,100,2
T7,6,1,165,15
T8,7,1,154,5
T9,8,1,112,1
T10,9,0,20,2
[227]
T1,0,1,24,1
T2,1,1,176,4
T3,2,0,165,12
T4,3,0,120,3
T5,4,0,189,28
T6,5,0,200,1
T7,6,1,38,2
T8,7,0,42,2
T9,8,1,60,2
T10,9,0,105,5
[228]
T1,0,0,160,10
T2,1,0,24,2
T3,2,0,150,5
T4,3,0,200,16
T5,4,1,144,13
T6,5,0,87,1
T7,6,1,35,1
T8,7,0,150,7
T9,8,1,90,4
T10,9,1,45,1
[229]
T1,0,0,200,2
T2,1,1,60,2
T3,2,0,198,24
T4,3,1,30,1
T5,4,0,184,12
T6,5,0,198,1
T7,6,1,100,14
T8,7,0,50,1
T9,8,0,39,1
T10,9,0,75,2
[230]
T1,0,0,175,10
T2,1,0,27,1
T3,2,0,200,1
T4,3,1,140,19
T5,4,1,189,8
T6,5,0,60,2
T7,6,0,54,2
T8,7,1,35,1
T9,8,1,27,2
T10,9,1,195,3
[231]
T1,0,1,120,3
T2,1,0,90,3
T3,2,0,200,7
T4,3,1,165,28
T5,4,0,35,4
T6,5,0,33,2
T7,6,0,96,4
T8,7,1,150,6
T9,8,0,176,2
T10,9,0,21,2
[232]
T1,0,1,55,2
T2,1,0,200,14
T3,2,0,48,3
T4,3,1,112,7
T5,4,1,51,2
T6,5,1,160,4
T7,6,1,150,7
T8,7,1,198,18
T9,8,1,42,2
T10,9,0,126,8
[233]
T1,0,1,147,3
T2,1,0,39,5
T3,2,0,69,1
T4,3,1,184,8
T5,4,1,138,11
T6,5,0,49,4
T7,6,1,35,1
T8,7,0,70,2
T9,8,0,168,13
T10,9,1,200,2
[234]
T1,0,1,33,1
T2,1,1,48,2
T3,2,1,200,6
T4,3,0,165,3
T5,4,1,36,1
T6,5,0,171,2
T7,6,0,114,7
T8,7,0,99,7
T9,8,0,72,2
T10,9,0,176,35
[235]
T1,0,1,84,9
T2,1,0,147,2
T3,2,1,25,3
T4,3,0,200,6
T5,4,1,96,7
T6,5,0,35,2
T7,6,1,175,6
T8,7,0,84,2
T9,8,0,40,2
T10,9,0,150,2
[236]
T1,0,0,40,7
T2,1,1,21,2
T3,2,0,161,8
T4,3,1,150,1
T5,4,1,80,1
T6,5,1,64,6
T7,6,0,112,2
T8,7,0,54,3
T9,8,1,200,2
T10,9,1,175,2
[237]
T1,0,1,135,1
T2,1,0,48,13
T3,2,1,152,2
T4,3,0,35,2
T5,4,0,80,2
T6,5,0,76,2
T7,6,1,36,2
T8,7,0,190,16
T9,8,0,171,1
T10,9,0,200,1
[238]
T1,0,0,200,9
T2,1,0,25,2
T3,2,0,105,2
T4,3,0,175,2
T5,4,1,30,3
T6,5,1,63,10
T7,6,0,175,5
T8,7,0,161,2
T9,8,0,63,2
T10,9,1,20,1
[239]
T1,0,0,156,3
T2,1,1,192,4
T3,2,1,84,5
T4,3,0,36,2
T5,4,0,175,2
T6,5,0,28,2
T7,6,0,84,2
T8,7,1,40,1
T9,8,1,200,2
T10,9,0,65,13
[240]
T1,0,1,48,2
T2,1,1,195,5
T3,2,0,182,4
T4,3,1,200,10
T5,4,1,182,24
T6,5,0,35,2
T7,6,0,84,2
T8,7,1,112,8
T9,8,0,60,1
T10,9,0,35,2
[241]
T1,0,0,60,1
T2,1,0,31,1
T3,2,1,30,2
T4,3,1,64,2
T5,4,0,175,1
T6,5,1,26,1
T7,6,1,200,13
T8,7,0,192,2
T9,8,1,168,33
T10,9,0,104,5
[242]
T1,0,0,200,6
T2,1,1,119,1
T3,2,1,60,2
T4,3,1,189,2
T5,4,1,150,2
T6,5,0,170,3
T7,6,0,45,12
T8,7,1,23,1
T9,8,0,40,1
T10,9,1,126,3
[243]
T1,0,0,72,2
T2,1,0,27,2
T3,2,1,21,2
T4,3,1,171,4
T5,4,1,75,1
T6,5,0,152,15
T7,6,0,32,1
T8,7,1,200,8
T9,8,1,80,8
T10,9,0,190,5
[244]
T1,0,0,150,6
T2,1,0,78,5
T3,2,1,30,2
T4,3,1,51,2
T5,4,1,156,3
T6,5,1,195,31
T7,6,0,87,5
T8,7,1,30,1
T9,8,0,78,2
T10,9,1,200,5
[245]
T1,0,1,27,2
T2,1,0,154,2
T3,2,0,23,2
T4,3,1,88,12
T5,4,0,84,8
T6,5,0,165,8
T7,6,0,24,2
T8,7,1,200,22
T9,8,1,168,1
T10,9,0,70,2
[246]
T1,0,0,160,4
T2,1,0,39,2
T3,2,1,112,1
T4,3,1,65,2
T5,4,1,195,2
T6,5,0,50,1
T7,6,1,53,3
T8,7,0,91,3
T9,8,0,200,34
T10,9,1,175,24
[247]
T1,0,1,42,2
T2,1,0,120,2
T3,2,1,98,5
T4,3,0,165,2
T5,4,0,198,2
T6,5,0,200,2
T7,6,1,46,11
T8,7,1,175,2
T9,8,1,84,1
T10,9,0,45,5
[248]
T1,0,0,105,3
T2,1,0,40,4
T3,2,0,200,2
T4,3,0,46,6
T5,4,0,189,4
T6,5,0,84,2
T7,6,1,70,2
T8,7,0,27,2
T9,8,0,175,15
T10,9,1,171,13
[249]
T1,0,1,165,2
T2,1,1,36,1
T3,2,1,50,2
T4,3,1,90,2
T5,4,1,63,2
T6,5,1,175,11
T7,6,1,27,2
T8,7,0,200,17
T9,8,1,154,11
T10,9,0,132,8
[250]
T1,0,0,48,3
T2,1,1,41,4
T3,2,0,105,4
T4,3,0,180,2
T5,4,1,104,5
T6,5,0,182,3
T7,6,1,195,23
T8,7,0,200,10
T9,8,0,96,2
T10,9,1,21,2
[251]
T1,0,0,54,1
T2,1,1,96,13
T3,2,1,150,1
T4,3,1,192,10
T5,4,0,75,2
T6,5,1,33,2
T7,6,1,120,3
T8,7,1,50,2
T9,8,0,192,27
T10,9,1,200,2
[252]
T1,0,0,200,16
T2,1,0,150,2
T3,2,0,25,2
T4,3,1,92,3
T5,4,1,70,4
T6,5,0,184,7
T7,6,0,40,2
T8,7,0,150,30
T9,8,0,56,1
T10,9,1,36,2
[253]
T1,0,1,168,9
T2,1,0,115,2
T3,2,0,48,2
T4,3,0,192,2
T5,4,1,175,23
T6,5,0,200,4
T7,6,0,115,17
T8,7,1,100,6
T9,8,1,40,2
T10,9,0,37,2
[254]
T1,0,1,90,2
T2,1,1,138,3
T3,2,0,120,8
T4,3,1,184,1
T5,4,0,43,2
T6,5,0,20,2
T7,6,1,165,29
T8,7,0,36,2
T9,8,1,150,2
T10,9,1,200,7
[255]
T1,0,0,168,10
T2,1,0,75,1
T3,2,1,175,4
T4,3,1,195,2
T5,4,0,104,4
T6,5,0,53,1
T7,6,1,40,5
T8,7,0,143,14
T9,8,0,200,4
T10,9,1,26,1
[256]
T1,0,1,100,1
T2,1,0,78,2
T3,2,1,50,5
T4,3,1,195,7
T5,4,1,70,2
T6,5,0,200,32
T7,6,1,43,2
T8,7,0,52,1
T9,8,1,195,14
T10,9,0,165,2
[257]
T1,0,0,75,4
T2,1,0,45,1
T3,2,0,70,6
T4,3,1,50,2
T5,4,1,180,4
T6,5,1,200,14
T7,6,0,135,1
T8,7,1,32,2
T9,8,1,170,6
T10,9,0,180,20
[258]
T1,0,1,20,2
T2,1,0,175,16
T3,2,1,100,2
T4,3,1,150,10
T5,4,1,35,2
T6,5,0,150,14
T7,6,0,200,3
T8,7,1,115,3
T9,8,0,147,2
T10,9,1,39,4
[259]
T1,0,1,29,1
T2,1,1,124,8
T3,2,1,40,2
T4,3,1,200,13
T5,4,0,168,3
T6,5,1,144,2
T7,6,0,150,23
T8,7,0,63,2
T9,8,1,186,12
T10,9,0,24,2
[260]
T1,0,0,200,16
T2,1,1,180,20
T3,2,1,96,3
T4,3,0,144,3
T5,4,1,120,1
T6,5,0,40,4
T7,6,1,168,2
T8,7,1,154,6
T9,8,1,36,1
T10,9,1,30,1
[261]
T1,0,1,66,8
T2,1,1,105,4
T3,2,0,154,1
T4,3,1,150,12
T5,4,0,28,2
T6,5,0,200,7
T7,6,0,108,5
T8,7,1,176,9
T9,8,1,50,1
T10,9,1,39,1
[262]
T1,0,0,175,11
T2,1,1,200,4
T3,2,1,36,2
T4,3,1,54,2
T5,4,0,162,31
T6,5,0,49,2
T7,6,0,72,4
T8,7,0,162,2
T9,8,1,100,2
T10,9,1,147,4
[263]
T1,0,1,53,2
T2,1,1,104,7
T3,2,1,196,11
T4,3,0,200,5
T5,4,1,196,7
T6,5,0,35,2
T7,6,1,104,6
T8,7,1,104,8
T9,8,0,195,23
T10,9,0,26,2
[264]
T1,0,0,135,4
T2,1,1,27,2
T3,2,0,154,10
T4,3,0,28,2
T5,4,0,63,2
T6,5,0,176,1
T7,6,1,50,2
T8,7,1,189,12
T9,8,0,56,2
T10,9,1,200,41
[265]
T1,0,0,165,12
T2,1,1,176,10
T3,2,0,76,2
T4,3,1,40,1
T5,4,1,200,2
T6,5,1,110,20
T7,6,1,20,2
T8,7,0,190,2
T9,8,0,66,3
T10,9,0,22,2
[266]
T1,0,0,42,1
T2,1,1,30,2
T3,2,1,154,2
T4,3,1,25,2
T5,4,1,72,1
T6,5,1,180,5
T7,6,0,125,16
T8,7,0,120,5
T9,8,0,200,1
T10,9,1,198,9
[267]
T1,0,1,200,15
T2,1,1,165,2
T3,2,1,28,2
T4,3,0,150,13
T5,4,0,154,12
T6,5,1,33,1
T7,6,1,47,1
T8,7,1,136,8
T9,8,1,70,5
T10,9,0,66,1
[268]
T1,0,1,60,1
T2,1,0,47,8
T3,2,1,144,9
T4,3,0,36,2
T5,4,1,150,4
T6,5,0,200,14
T7,6,1,171,10
T8,7,1,40,2
T9,8,0,198,2
T10,9,1,114,3
[269]
T1,0,1,100,1
T2,1,1,200,8
T3,2,1,180,10
T4,3,0,27,2
T5,4,0,20,4
T6,5,1,80,1
T7,6,0,136,11
T8,7,0,40,2
T9,8,0,162,2
T10,9,1,170,6
[270]
T1,0,0,56,2
T2,1,1,200,2
T3,2,0,180,7
T4,3,0,152,24
T5,4,0,22,2
T6,5,1,100,2
T7,6,0,45,2
T8,7,1,28,1
T9,8,1,72,2
T10,9,1,152,4
[271]
T1,0,1,171,1
T2,1,0,95,2
T3,2,0,200,8
T4,3,0,76,4
T5,4,0,152,7
T6,5,1,37,2
T7,6,0,180,19
T8,7,0,24,2
T9,8,1,126,2
T10,9,0,25,2
[272]
T1,0,1,75,1
T2,1,1,154,2
T3,2,1,114,5
T4,3,0,21,2
T5,4,0,40,2
T6,5,1,200,10
T7,6,1,152,26
T8,7,0,168,9
T9,8,0,70,6
T10,9,1,30,2
[273]
T1,0,0,200,2
T2,1,1,60,6
T3,2,1,29,1
T4,3,0,132,2
T5,4,1,150,2
T6,5,0,30,2
T7,6,1,175,35
T8,7,0,132,2
T9,8,0,21,2
T10,9,0,170,13
[274]
T1,0,0,200,2
T2,1,1,195,18
T3,2,0,34,3
T4,3,0,130,6
T5,4,1,43,1
T6,5,0,40,2
T7,6,0,136,9
T8,7,1,182,2
T9,8,0,119,10
T10,9,1,156,1
[275]
T1,0,0,168,2
T2,1,0,21,1
T3,2,1,80,14
T4,3,0,30,2
T5,4,0,61,3
T6,5,1,34,2
T7,6,0,200,9
T8,7,1,112,2
T9,8,1,150,10
T10,9,1,150,6
[276]
T1,0,1,25,1
T2,1,1,30,4
T3,2,1,150,10
T4,3,1,70,1
T5,4,1,189,6
T6,5,1,20,2
T7,6,0,140,11
T8,7,0,160,6
T9,8,0,96,3
T10,9,1,200,2
[277]
T1,0,0,198,2
T2,1,0,46,5
T3,2,1,154,6
T4,3,1,144,6
T5,4,1,200,16
T6,5,0,105,6
T7,6,1,44,2
T8,7,1,189,2
T9,8,1,20,2
T10,9,0,144,12
[278]
T1,0,0,135,1
T2,1,0,28,2
T3,2,1,171,3
T4,3,0,21,2
T5,4,0,126,2
T6,5,0,49,2
T7,6,1,105,10
T8,7,0,190,7
T9,8,1,200,9
T10,9,1,168,18
[279]
T1,0,0,84,6
T2,1,0,200,1
T3,2,0,196,9
T4,3,0,175,2
T5,4,0,39,2
T6,5,0,180,8
T7,6,0,25,2
T8,7,0,56,8
T9,8,0,54,2
T10,9,1,126,8
[280]
T1,0,1,105,6
T2,1,0,36,2
T3,2,0,189,12
T4,3,0,81,2
T5,4,0,33,3
T6,5,0,189,2
T7,6,1,175,3
T8,7,1,21,2
T9,8,1,72,4
T10,9,0,200,4
[281]
T1,0,1,99,6
T2,1,1,198,15
T3,2,1,144,2
T4,3,0,200,5
T5,4,1,48,1
T6,5,0,44,3
T7,6,1,180,10
T8,7,1,152,18
T9,8,0,76,2
T10,9,0,50,2
[282]
T1,0,0,22,2
T2,1,0,196,2
T3,2,0,72,2
T4,3,0,23,2
T5,4,1,198,5
T6,5,0,105,8
T7,6,1,200,5
T8,7,1,25,1
T9,8,0,120,17
T10,9,1,165,1
[283]
T1,0,0,60,7
T2,1,0,110,2
T3,2,1,40,4
T4,3,1,200,8
T5,4,1,51,2
T6,5,0,195,1
T7,6,0,48,6
T8,7,1,150,4
T9,8,0,60,1
T10,9,1,156,1
[284]
T1,0,1,90,1
T2,1,0,76,12
T3,2,1,200,20
T4,3,1,20,2
T5,4,1,32,2
T6,5,1,190,2
T7,6,1,180,3
T8,7,0,55,3
T9,8,0,152,2
T10,9,0,25,2
[285]
T1,0,0,168,21
T2,1,0,140,10
T3,2,0,200,2
T4,3,1,48,1
T5,4,0,55,2
T6,5,1,44,1
T7,6,1,189,15
T8,7,0,66,4
T9,8,1,198,13
T10,9,1,20,2
[286]
T1,0,0,51,4
T2,1,1,90,4
T3,2,1,126,2
T4,3,1,180,7
T5,4,0,20,1
T6,5,1,160,3
T7,6,1,200,13
T8,7,1,140,11
T9,8,1,51,3
T10,9,0,175,5
[287]
T1,0,0,27,2
T2,1,0,80,2
T3,2,1,198,26
T4,3,0,70,1
T5,4,1,176,9
T6,5,0,176,15
T7,6,1,54,2
T8,7,0,200,2
T9,8,0,27,2
T10,9,0,35,4
[288]
T1,0,0,75,4
T2,1,1,47,2
T3,2,1,155,2
T4,3,0,186,4
T5,4,0,120,3
T6,5,0,48,2
T7,6,1,200,10
T8,7,1,31,2
T9,8,1,124,11
T10,9,1,175,18
[289]
T1,0,0,70,4
T2,1,1,22,2
T3,2,1,140,15
T4,3,1,52,2
T5,4,1,41,5
T6,5,1,156,7
T7,6,1,120,1
T8,7,0,182,8
T9,8,0,200,2
T10,9,0,168,2
[290]
T1,0,0,200,2
T2,1,0,52,2
T3,2,0,130,28
T4,3,0,140,2
T5,4,1,35,1
T6,5,0,180,3
T7,6,1,189,13
T8,7,0,90,2
T9,8,1,168,14
T10,9,0,42,2
[291]
T1,0,0,200,10
T2,1,1,20,1
T3,2,0,168,1
T4,3,1,25,2
T5,4,0,90,2
T6,5,1,126,9
T7,6,0,188,5
T8,7,0,105,2
T9,8,0,168,2
T10,9,0,21,3
[292]
T1,0,0,190,11
T2,1,0,26,1
T3,2,0,56,1
T4,3,1,70,6
T5,4,1,72,8
T6,5,0,152,10
T7,6,0,48,2
T8,7,1,200,3
T9,8,1,168,2
T10,9,0,42,1
[293]
T1,0,1,136,6
T2,1,1,39,2
T3,2,1,42,1
T4,3,0,156,4
T5,4,0,168,20
T6,5,0,200,2
T7,6,0,120,1
T8,7,1,20,2
T9,8,0,168,2
T10,9,1,78,9
[294]
T1,0,1,200,4
T2,1,0,150,3
T3,2,0,150,5
T4,3,0,20,2
T5,4,1,65,9
T6,5,0,80,3
T7,6,0,100,2
T8,7,0,53,2
T9,8,1,177,26
T10,9,1,50,1
[295]
T1,0,0,153,12
T2,1,1,23,2
T3,2,0,60,4
T4,3,1,180,15
T5,4,0,200,2
T6,5,1,135,3
T7,6,1,180,10
T8,7,0,50,2
T9,8,1,75,3
T10,9,1,24,1
[296]
T1,0,1,116,16
T2,1,0,33,2
T3,2,1,150,2
T4,3,1,200,8
T5,4,0,198,7
T6,5,0,41,2
T7,6,1,58,3
T8,7,1,150,14
T9,8,0,66,1
T10,9,0,30,1
[297]
T1,0,0,153,3
T2,1,0,144,1
T3,2,1,150,1
T4,3,1,42,2
T5,4,0,100,1
T6,5,0,46,1
T7,6,1,150,15
T8,7,0,200,38
T9,8,0,90,2
T10,9,0,24,2
[298]
T1,0,1,160,20
T2,1,1,125,1
T3,2,1,60,6
T4,3,0,36,2
T5,4,0,64,2
T6,5,0,29,2
T7,6,0,180,24
T8,7,0,200,4
T9,8,0,39,2
T10,9,0,156,3
[299]
T1,0,0,132,11
T2,1,0,26,2
T3,2,1,99,11
T4,3,1,55,1
T5,4,1,21,2
T6,5,1,165,10
T7,6,0,189,11
T8,7,0,200,5
T9,8,0,48,1
T10,9,0,189,8
[300]
T1,0,0,53,5
T2,1,1,42,2
T3,2,0,200,26
T4,3,1,128,2
T5,4,1,88,2
T6,5,1,176,7
T7,6,0,154,10
T8,7,1,35,1
T9,8,0,66,3
T10,9,1,154,2
[301]
T1,0,1,198,27
T2,1,0,100,2
T3,2,1,41,2
T4,3,1,143,18
T5,4,1,33,2
T6,5,1,195,2
T7,6,1,55,1
T8,7,0,200,16
T9,8,1,198,5
T10,9,1,36,2
[302]
T1,0,0,56,2
T2,1,0,185,3
T3,2,0,148,26
T4,3,0,175,11
T5,4,1,20,2
T6,5,0,105,3
T7,6,0,47,4
T8,7,1,63,2
T9,8,0,20,2
T10,9,1,200,5
[303]
T1,0,1,45,2
T2,1,0,33,1
T3,2,1,198,9
T4,3,0,99,4
T5,4,0,200,22
T6,5,0,99,4
T7,6,1,25,2
T8,7,0,153,7
T9,8,1,99,3
T10,9,1,153,11
[304]
T1,0,1,170,16
T2,1,0,75,6
T3,2,1,200,3
T4,3,0,24,2
T5,4,1,84,2
T6,5,0,44,4
T7,6,0,36,2
T8,7,0,175,4
T9,8,1,187,8
T10,9,0,100,7
[305]
T1,0,1,108,13
T2,1,0,45,1
T3,2,0,189,2
T4,3,0,200,5
T5,4,0,22,2
T6,5,1,168,5
T7,6,1,56,2
T8,7,0,56,4
T9,8,0,156,2
T10,9,1,39,2
[306]
T1,0,1,45,1
T2,1,1,88,1
T3,2,1,200,11
T4,3,0,75,3
T5,4,1,35,1
T6,5,1,180,21
T7,6,0,160,11
T8,7,1,45,1
T9,8,1,144,8
T10,9,1,192,3
[307]
T1,0,0,165,20
T2,1,0,160,8
T3,2,1,96,1
T4,3,0,132,13
T5,4,1,33,3
T6,5,0,48,2
T7,6,0,200,2
T8,7,0,57,2
T9,8,1,165,1
T10,9,1,45,2
[308]
T1,0,1,165,19
T2,1,1,42,2
T3,2,1,39,3
T4,3,1,165,6
T5,4,0,45,1
T6,5,0,117,3
T7,6,0,72,2
T8,7,0,65,2
T9,8,0,156,6
T10,9,0,200,4
[309]
T1,0,1,99,24
T2,1,1,200,4
T3,2,0,150,9
T4,3,0,26,2
T5,4,1,108,2
T6,5,1,40,2
T7,6,0,154,2
T8,7,0,70,1
T9,8,0,175,5
T10,9,1,42,2
[310]
T1,0,1,135,2
T2,1,1,150,2
T3,2,0,198,22
T4,3,0,100,6
T5,4,0,32,2
T6,5,1,200,21
T7,6,1,195,21
T8,7,1,143,2
T9,8,0,50,2
T10,9,0,30,1
[311]
T1,0,1,48,5
T2,1,1,200,7
T3,2,1,48,6
T4,3,1,170,4
T5,4,1,72,7
T6,5,1,34,2
T7,6,1,144,2
T8,7,0,153,2
T9,8,1,140,5
T10,9,1,150,2
[312]
T1,0,0,33,2
T2,1,0,43,3
T3,2,1,66,2
T4,3,0,20,2
T5,4,1,192,2
T6,5,1,80,3
T7,6,1,165,1
T8,7,1,200,6
T9,8,0,198,57
T10,9,0,120,1
[313]
T1,0,0,196,22
T2,1,1,44,5
T3,2,1,60,4
T4,3,1,112,3
T5,4,0,200,7
T6,5,1,176,3
T7,6,1,132,2
T8,7,0,40,2
T9,8,1,154,2
T10,9,0,50,2
[314]
T1,0,1,200,2
T2,1,0,112,15
T3,2,1,45,1
T4,3,1,189,10
T5,4,1,42,2
T6,5,1,144,3
T7,6,0,55,8
T8,7,1,168,1
T9,8,0,198,12
T10,9,1,48,2
[315]
T1,0,1,50,2
T2,1,0,150,2
T3,2,0,200,9
T4,3,0,63,1
T5,4,0,40,2
T6,5,0,25,3
T7,6,1,189,15
T8,7,1,100,3
T9,8,1,84,3
T10,9,1,170,10
[316]
T1,0,0,168,5
T2,1,1,42,2
T3,2,1,91,6
T4,3,0,20,1
T5,4,0,182,8
T6,5,0,33,1
T7,6,1,55,5
T8,7,1,200,2
T9,8,1,156,1
T10,9,1,120,17
[317]
T1,0,0,75,2
T2,1,0,40,2
T3,2,0,150,12
T4,3,1,95,9
T5,4,1,190,2
T6,5,1,28,1
T7,6,0,47,2
T8,7,0,200,15
T9,8,1,96,1
T10,9,0,180,20
[318]
T1,0,1,50,1
T2,1,0,200,2
T3,2,1,175,10
T4,3,0,52,2
T5,4,0,47,5
T6,5,0,188,5
T7,6,1,105,4
T8,7,0,96,3
T9,8,1,160,14
T10,9,1,80,5
[319]
T1,0,0,75,3
T2,1,1,84,7
T3,2,0,156,2
T4,3,0,60,4
T5,4,1,40,2
T6,5,0,200,2
T7,6,0,50,4
T8,7,0,26,2
T9,8,0,156,2
T10,9,1,156,7
[320]
T1,0,1,49,3
T2,1,1,156,14
T3,2,0,182,15
T4,3,1,156,9
T5,4,0,136,2
T6,5,1,75,2
T7,6,0,34,1
T8,7,1,200,18
T9,8,1,40,2
T10,9,1,84,1
[321]
T1,0,0,28,2
T2,1,0,92,2
T3,2,1,140,11
T4,3,1,189,10
T5,4,0,69,2
T6,5,0,200,10
T7,6,0,184,2
T8,7,0,184,4
T9,8,0,28,2
T10,9,1,35,5
[322]
T1,0,1,34,1
T2,1,0,153,1
T3,2,0,56,3
T4,3,1,160,2
T5,4,1,31,1
T6,5,0,200,16
T7,6,0,34,2
T8,7,1,68,12
T9,8,1,175,2
T10,9,0,119,4
[323]
T1,0,1,150,12
T2,1,1,120,2
T3,2,1,200,1
T4,3,0,30,1
T5,4,1,50,2
T6,5,1,56,2
T7,6,0,80,2
T8,7,1,180,9
T9,8,0,150,8
T10,9,1,23,4
[324]
T1,0,0,55,2
T2,1,1,30,2
T3,2,0,180,6
T4,3,1,190,6
T5,4,1,100,6
T6,5,0,114,12
T7,6,0,30,2
T8,7,0,165,7
T9,8,0,200,2
T10,9,1,26,2
[325]
T1,0,0,36,2
T2,1,1,150,2
T3,2,1,72,6
T4,3,1,176,20
T5,4,1,44,1
T6,5,1,26,2
T7,6,0,144,5
T8,7,0,200,1
T9,8,0,120,6
T10,9,0,152,7
[326]
T1,0,1,200,8
T2,1,1,20,1
T3,2,0,34,2
T4,3,0,24,2
T5,4,1,175,10
T6,5,0,56,2
T7,6,1,56,2
T8,7,0,170,2
T9,8,0,154,13
T10,9,0,140,1
[327]
T1,0,1,200,55
T2,1,0,63,2
T3,2,0,150,2
T4,3,1,136,2
T5,4,1,150,2
T6,5,0,90,9
T7,6,0,189,9
T8,7,0,25,2
T9,8,1,35,2
T10,9,0,20,2
[328]
T1,0,1,176,2
T2,1,1,34,3
T3,2,1,154,2
T4,3,1,88,2
T5,4,1,44,3
T6,5,1,135,15
T7,6,0,48,2
T8,7,0,63,1
T9,8,0,200,15
T10,9,1,168,15
[329]
T1,0,1,44,2
T2,1,0,168,1
T3,2,1,154,7
T4,3,1,44,1
T5,4,0,200,20
T6,5,1,110,4
T7,6,1,105,1
T8,7,1,55,5
T9,8,1,30,2
T10,9,1,176,7
[330]
T1,0,0,150,8
T2,1,1,88,1
T3,2,1,41,3
T4,3,1,28,1
T5,4,0,200,5
T6,5,0,80,8
T7,6,0,56,2
T8,7,0,192,1
T9,8,0,48,5
T10,9,0,165,5
[331]
T1,0,0,50,2
T2,1,1,200,3
T3,2,1,36,1
T4,3,1,114,6
T5,4,0,24,2
T6,5,0,175,4
T7,6,0,120,1
T8,7,1,175,19
T9,8,0,152,20
T10,9,0,140,1
[332]
T1,0,1,140,2
T2,1,0,52,5
T3,2,1,63,1
T4,3,0,38,2
T5,4,0,26,2
T6,5,1,168,1
T7,6,1,70,1
T8,7,0,200,50
T9,8,1,182,3
T10,9,0,168,9
[333]
T1,0,0,98,13
T2,1,1,150,3
T3,2,1,120,2
T4,3,0,35,2
T5,4,0,144,12
T6,5,0,44,2
T7,6,0,192,7
T8,7,0,196,19
T9,8,0,200,3
T10,9,0,42,2
[334]
T1,0,1,52,2
T2,1,0,195,3
T3,2,0,117,3
T4,3,1,200,3
T5,4,1,65,9
T6,5,0,180,17
T7,6,0,28,2
T8,7,0,78,9
T9,8,1,52,1
T10,9,0,175,2
[335]
T1,0,1,48,2
T2,1,0,102,2
T3,2,0,150,5
T4,3,0,52,2
T5,4,0,200,2
T6,5,1,144,3
T7,6,0,128,9
T8,7,0,180,18
T9,8,0,25,2
T10,9,0,153,25
[336]
T1,0,0,170,5
T2,1,0,120,1
T3,2,1,170,2
T4,3,0,144,6
T5,4,1,44,2
T6,5,1,25,1
T7,6,1,187,29
T8,7,1,110,2
T9,8,1,30,2
T10,9,1,200,18
[337]
T1,0,0,96,13
T2,1,1,160,2
T3,2,0,30,3
T4,3,0,33,1
T5,4,1,35,2
T6,5,0,160,5
T7,6,0,100,1
T8,7,0,95,3
T9,8,1,192,14
T10,9,1,200,6
[338]
T1,0,0,195,15
T2,1,0,20,2
T3,2,0,150,14
T4,3,1,40,2
T5,4,0,72,2
T6,5,0,200,3
T7,6,1,80,12
T8,7,1,190,11
T9,8,1,76,3
T10,9,0,40,2
[339]
T1,0,0,24,2
T2,1,0,25,2
T3,2,1,110,6
T4,3,1,170,1
T5,4,0,33,2
T6,5,0,192,9
T7,6,1,200,11
T8,7,0,150,12
T9,8,1,100,2
T10,9,1,66,6
[340]
T1,0,1,20,2
T2,1,1,140,19
T3,2,0,45,2
T4,3,1,184,24
T5,4,1,192,4
T6,5,1,150,2
T7,6,0,96,1
T8,7,1,56,1
T9,8,0,200,2
T10,9,1,48,3
[341]
T1,0,0,40,2
T2,1,0,39,1
T3,2,0,165,2
T4,3,1,156,6
T5,4,0,200,2
T6,5,0,91,14
T7,6,0,91,1
T8,7,0,165,12
T9,8,1,21,2
T10,9,0,143,2
[342]
T1,0,1,60,3
T2,1,1,165,1
T3,2,1,200,1
T4,3,0,132,2
T5,4,1,165,4
T6,5,1,38,2
T7,6,1,44,2
T8,7,1,144,1
T9,8,0,192,60
T10,9,1,20,2
[343]
T1,0,1,33,2
T2,1,1,186,10
T3,2,0,155,3
T4,3,0,36,1
T5,4,1,136,6
T6,5,1,93,9
T7,6,1,45,2
T8,7,0,200,11
T9,8,0,180,4
T10,9,0,120,9
[344]
T1,0,0,42,2
T2,1,0,63,2
T3,2,0,105,7
T4,3,1,144,5
T5,4,1,42,1
T6,5,1,200,42
T7,6,1,175,8
T8,7,0,54,1
T9,8,1,176,4
T10,9,1,165,4
[345]
T1,0,0,180,3
T2,1,0,80,1
T3,2,0,54,1
T4,3,1,126,5
T5,4,0,27,2
T6,5,0,63,2
T7,6,0,175,27
T8,7,0,200,2
T9,8,1,42,2
T10,9,1,160,23
[346]
T1,0,1,31,2
T2,1,1,150,5
T3,2,0,24,1
T4,3,0,182,13
T5,4,0,90,2
T6,5,0,182,2
T7,6,1,108,3
T8,7,1,63,2
T9,8,0,200,7
T10,9,1,26,3
[347]
T1,0,1,28,1
T2,1,0,170,15
T3,2,1,46,3
T4,3,1,105,2
T5,4,0,102,1
T6,5,0,85,2
T7,6,1,156,2
T8,7,0,200,9
T9,8,0,182,18
T10,9,0,25,1
[348]
T1,0,0,175,12
T2,1,1,30,2
T3,2,0,40,2
T4,3,1,200,17
T5,4,1,150,3
T6,5,0,147,17
T7,6,1,27,2
T8,7,1,136,3
T9,8,1,80,3
T10,9,1,196,4
[349]
T1,0,0,50,4
T2,1,0,27,2
T3,2,1,140,13
T4,3,0,168,9
T5,4,1,200,9
T6,5,1,60,1
T7,6,0,189,4
T8,7,1,126,16
T9,8,1,192,5
T10,9,0,23,2
[350]
T1,0,0,108,2
T2,1,0,160,9
T3,2,0,48,5
T4,3,0,120,6
T5,4,1,200,2
T6,5,0,198,6
T7,6,0,24,2
T8,7,1,198,2
T9,8,1,99,11
T10,9,1,50,3
[351]
T1,0,0,42,4
T2,1,1,144,5
T3,2,0,168,6
T4,3,1,155,21
T5,4,1,144,5
T6,5,1,51,1
T7,6,1,28,2
T8,7,1,93,2
T9,8,1,155,15
T10,9,1,200,2
[352]
T1,0,1,42,3
T2,1,1,84,3
T3,2,1,171,1
T4,3,0,108,6
T5,4,0,40,2
T6,5,0,200,11
T7,6,0,189,3
T8,7,1,152,5
T9,8,0,120,6
T10,9,1,35,4
[353]
T1,0,1,136,4
T2,1,1,28,1
T3,2,1,156,9
T4,3,1,200,1
T5,4,0,136,1
T6,5,1,20,2
T7,6,1,38,2
T8,7,0,104,7
T9,8,0,182,30
T10,9,1,156,6
[354]
T1,0,1,35,3
T2,1,1,124,6
T3,2,0,200,4
T4,3,0,175,4
T5,4,1,49,1
T6,5,0,155,5
T7,6,0,39,1
T8,7,1,124,10
T9,8,1,168,2
T10,9,1,105,9
[355]
T1,0,0,25,2
T2,1,1,24,2
T3,2,0,21,2
T4,3,0,150,2
T5,4,1,165,24
T6,5,0,100,5
T7,6,0,92,2
T8,7,1,200,7
T9,8,1,150,8
T10,9,1,99,12
[356]
T1,0,1,92,2
T2,1,0,50,6
T3,2,1,150,3
T4,3,0,200,5
T5,4,0,21,2
T6,5,0,175,7
T7,6,1,24,2
T8,7,0,72,5
T9,8,1,72,2
T10,9,1,161,2
[357]
T1,0,0,196,2
T2,1,0,88,1
T3,2,0,98,7
T4,3,0,168,13
T5,4,0,200,15
T6,5,1,60,2
T7,6,1,31,2
T8,7,1,21,2
T9,8,0,42,3
T10,9,0,175,17
[358]
T1,0,0,200,2
T2,1,1,135,2
T3,2,0,22,2
T4,3,1,189,13
T5,4,0,36,4
T6,5,0,180,13
T7,6,1,28,2
T8,7,1,180,2
T9,8,1,70,2
T10,9,0,147,15
[359]
T1,0,0,46,4
T2,1,1,54,9
T3,2,1,63,1
T4,3,0,105,1
T5,4,1,184,4
T6,5,0,150,13
T7,6,0,70,2
T8,7,1,150,3
T9,8,0,36,2
T10,9,1,200,1
[360]
T1,0,1,162,13
T2,1,1,84,4
T3,2,1,200,15
T4,3,0,150,8
T5,4,0,54,1
T6,5,1,108,14
T7,6,0,180,1
T8,7,0,21,2
T9,8,0,84,1
T10,9,0,38,1
[361]
T1,0,1,132,16
T2,1,0,200,15
T3,2,0,175,22
T4,3,0,130,1
T5,4,1,44,2
T6,5,1,30,2
T7,6,0,165,4
T8,7,1,105,1
T9,8,0,150,1
T10,9,0,40,2
[362]
T1,0,1,120,5
T2,1,1,35,2
T3,2,1,147,11
T4,3,0,35,2
T5,4,0,31,2
T6,5,1,144,11
T7,6,1,189,9
T8,7,1,196,18
T9,8,1,180,15
T10,9,0,200,10
[363]
T1,0,1,192,26
T2,1,0,34,2
T3,2,1,144,2
T4,3,1,192,10
T5,4,0,48,1
T6,5,1,90,4
T7,6,1,40,1
T8,7,0,200,15
T9,8,1,180,8
T10,9,0,126,3
[364]
T1,0,1,78,2
T2,1,1,182,2
T3,2,0,65,2
T4,3,0,168,4
T5,4,1,170,19
T6,5,1,24,2
T7,6,1,84,2
T8,7,1,51,4
T9,8,0,28,1
T10,9,1,200,1
[365]
T1,0,1,36,2
T2,1,0,135,6
T3,2,0,22,2
T4,3,0,192,2
T5,4,1,192,11
T6,5,1,200,29
T7,6,0,75,1
T8,7,1,90,3
T9,8,0,192,17
T10,9,0,35,1
[366]
T1,0,0,36,1
T2,1,1,200,11
T3,2,1,180,2
T4,3,0,162,15
T5,4,0,75,2
T6,5,1,43,2
T7,6,1,180,6
T8,7,1,20,2
T9,8,0,129,2
T10,9,0,129,29
[367]
T1,0,1,129,2
T2,1,1,172,2
T3,2,1,150,37
T4,3,1,200,2
T5,4,1,30,2
T6,5,1,20,2
T7,6,0,170,2
T8,7,1,102,5
T9,8,1,102,2
T10,9,1,20,2
[368]
T1,0,0,160,19
T2,1,1,42,1
T3,2,0,69,1
T4,3,1,51,2
T5,4,1,200,6
T6,5,1,161,11
T7,6,0,40,1
T8,7,1,60,2
T9,8,0,138,2
T10,9,1,160,10
[369]
T1,0,0,60,2
T2,1,0,96,1
T3,2,0,180,18
T4,3,0,200,4
T5,4,0,29,1
T6,5,1,150,6
T7,6,1,50,3
T8,7,1,176,2
T9,8,1,45,7
T10,9,0,72,1
[370]
T1,0,1,150,11
T2,1,1,156,1
T3,2,1,50,1
T4,3,1,33,1
T5,4,1,120,15
T6,5,0,200,4
T7,6,1,24,1
T8,7,1,70,3
T9,8,1,175,2
T10,9,0,143,8
[371]
T1,0,0,48,2
T2,1,1,57,2
T3,2,1,50,1
T4,3,1,171,14
T5,4,0,76,2
T6,5,0,57,2
T7,6,1,44,5
T8,7,1,168,22
T9,8,1,152,11
T10,9,1,200,9
[372]
T1,0,0,20,2
T2,1,0,100,1
T3,2,1,160,2
T4,3,1,50,2
T5,4,1,60,5
T6,5,0,200,10
T7,6,0,180,26
T8,7,1,47,2
T9,8,0,170,15
T10,9,1,112,4
[373]
T1,0,1,34,1
T2,1,0,200,23
T3,2,1,64,2
T4,3,1,192,11
T5,4,0,112,2
T6,5,0,32,3
T7,6,0,154,4
T8,7,0,165,5
T9,8,0,128,1
T10,9,0,44,2
[374]
T1,0,0,154,2
T2,1,1,180,19
T3,2,0,25,1
T4,3,0,40,4
T5,4,0,105,4
T6,5,0,200,2
T7,6,1,140,1
T8,7,0,198,1
T9,8,1,51,3
T10,9,0,75,5
[375]
T1,0,1,192,1
T2,1,0,65,2
T3,2,1,26,1
T4,3,0,25,2
T5,4,1,100,1
T6,5,1,39,2
T7,6,0,65,1
T8,7,0,200,27
T9,8,1,150,11
T10,9,0,175,15
[376]
T1,0,1,189,10
T2,1,1,27,3
T3,2,1,20,1
T4,3,1,90,3
T5,4,0,35,1
T6,5,1,200,3
T7,6,0,60,2
T8,7,1,115,5
T9,8,0,161,2
T10,9,1,184,10
[377]
T1,0,1,200,7
T2,1,1,30,1
T3,2,1,52,2
T4,3,0,130,2
T5,4,1,84,8
T6,5,1,42,6
T7,6,1,117,5
T8,7,1,156,9
T9,8,0,168,2
T10,9,1,189,2
[378]
T1,0,0,40,1
T2,1,0,140,2
T3,2,1,153,2
T4,3,0,153,2
T5,4,1,200,2
T6,5,0,34,1
T7,6,0,70,9
T8,7,1,50,7
T9,8,1,153,10
T10,9,1,108,5
[379]
T1,0,0,108,16
T2,1,0,56,2
T3,2,0,175,2
T4,3,1,105,4
T5,4,1,175,5
T6,5,0,25,2
T7,6,0,40,1
T8,7,1,200,3
T9,8,0,184,10
T10,9,1,50,4
[380]
T1,0,1,76,5
T2,1,0,140,3
T3,2,1,168,3
T4,3,1,152,2
T5,4,1,200,2
T6,5,0,150,16
T7,6,0,42,2
T8,7,0,51,5
T9,8,0,114,7
T10,9,0,30,2
[381]
T1,0,0,168,6
T2,1,1,56,1
T3,2,0,164,9
T4,3,1,35,4
T5,4,1,20,2
T6,5,1,200,2
T7,6,1,84,11
T8,7,1,35,1
T9,8,1,56,2
T10,9,1,160,1
[382]
T1,0,0,80,5
T2,1,0,176,3
T3,2,0,44,4
T4,3,0,189,16
T5,4,0,27,1
T6,5,0,200,2
T7,6,1,165,10
T8,7,1,31,2
T9,8,0,55,2
T10,9,0,56,2
[383]
T1,0,0,72,1
T2,1,1,36,3
T3,2,0,192,7
T4,3,0,175,7
T5,4,0,168,8
T6,5,1,100,1
T7,6,0,21,1
T8,7,0,81,5
T9,8,0,200,12
T10,9,1,41,2
[384]
T1,0,0,88,11
T2,1,1,32,2
T3,2,1,96,1
T4,3,1,200,2
T5,4,1,136,2
T6,5,0,176,22
T7,6,1,33,2
T8,7,0,46,2
T9,8,0,187,8
T10,9,0,176,8
[385]
T1,0,0,165,7
T2,1,0,200,2
T3,2,1,25,2
T4,3,1,24,2
T5,4,1,147,2
T6,5,1,198,14
T7,6,1,132,22
T8,7,1,147,4
T9,8,1,198,3
T10,9,1,32,2
[386]
T1,0,1,20,2
T2,1,0,160,8
T3,2,1,120,2
T4,3,1,200,19
T5,4,1,50,1
T6,5,1,96,1
T7,6,0,164,20
T8,7,0,175,19
T9,8,0,75,2
T10,9,1,37,2
[387]
T1,0,0,195,8
T2,1,0,177,3
T3,2,0,40,2
T4,3,1,50,1
T5,4,1,75,2
T6,5,1,75,3
T7,6,1,78,6
T8,7,1,25,2
T9,8,1,195,20
T10,9,0,200,5
[388]
T1,0,0,30,2
T2,1,0,96,5
T3,2,0,150,7
T4,3,0,198,18
T5,4,0,70,5
T6,5,1,198,6
T7,6,1,50,3
T8,7,1,200,7
T9,8,0,22,2
T10,9,1,99,2
[389]
T1,0,0,168,23
T2,1,1,120,2
T3,2,0,112,1
T4,3,1,200,6
T5,4,0,42,3
T6,5,1,60,11
T7,6,1,24,2
T8,7,1,161,1
T9,8,0,35,2
T10,9,1,161,1
[390]
T1,0,0,156,4
T2,1,0,45,2
T3,2,1,56,3
T4,3,1,150,19
T5,4,1,200,10
T6,5,1,40,1
T7,6,1,147,7
T8,7,0,21,2
T9,8,1,182,6
T10,9,1,80,4
[391]
T1,0,0,24,2
T2,1,1,150,2
T3,2,0,111,2
T4,3,0,120,8
T5,4,0,155,2
T6,5,0,200,5
T7,6,1,20,2
T8,7,1,40,6
T9,8,0,148,1
T10,9,0,60,2
[392]
T1,0,0,54,7
T2,1,0,200,3
T3,2,0,140,5
T4,3,1,28,2
T5,4,0,90,2
T6,5,1,161,4
T7,6,1,189,6
T8,7,0,20,2
T9,8,0,50,6
T10,9,1,161,7
[393]
T1,0,0,28,1
T2,1,1,35,2
T3,2,0,150,8
T4,3,0,195,2
T5,4,0,20,2
T6,5,0,65,2
T7,6,0,78,3
T8,7,0,75,1
T9,8,1,189,11
T10,9,1,200,20
[394]
T1,0,1,84,2
T2,1,0,176,22
T3,2,0,40,2
T4,3,1,54,7
T5,4,0,175,1
T6,5,0,24,2
T7,6,0,48,2
T8,7,1,80,2
T9,8,1,198,3
T10,9,1,200,13
[395]
T1,0,0,200,18
T2,1,0,138,10
T3,2,1,20,2
T4,3,0,196,17
T5,4,1,21,1
T6,5,1,161,6
T7,6,0,48,2
T8,7,0,184,6
T9,8,1,100,4
T10,9,0,105,5
[396]
T1,0,1,160,6
T2,1,0,152,3
T3,2,0,150,4
T4,3,0,112,1
T5,4,0,20,2
T6,5,1,90,6
T7,6,0,75,10
T8,7,1,23,1
T9,8,0,24,2
T10,9,1,200,5
[397]
T1,0,0,96,1
T2,1,1,100,1
T3,2,0,21,1
T4,3,0,136,15
T5,4,0,160,5
T6,5,0,192,2
T7,6,1,53,3
T8,7,1,160,12
T9,8,1,24,2
T10,9,1,200,1
[398]
T1,0,0,153,1
T2,1,1,21,2
T3,2,1,200,16
T4,3,1,120,9
T5,4,0,30,2
T6,5,0,102,15
T7,6,1,168,16
T8,7,1,68,2
T9,8,1,21,2
T10,9,0,170,2
[399]
T1,0,0,23,2
T2,1,0,198,4
T3,2,1,176,30
T4,3,1,176,11
T5,4,1,200,8
T6,5,1,40,2
T7,6,0,28,1
T8,7,0,54,2
T9,8,1,90,4
T10,9,0,70,2
[400]
T1,0,0,43,2
T2,1,1,90,2
T3,2,0,96,7
T4,3,0,200,13
T5,4,1,32,2
T6,5,0,176,2
T7,6,1,77,8
T8,7,1,45,2
T9,8,1,165,2
T10,9,0,154,31
[401]
T1,0,1,162,8
T2,1,1,24,2
T3,2,0,60,4
T4,3,0,150,5
T5,4,0,34,2
T6,5,0,175,6
T7,6,0,112,1
T8,7,0,25,2
T9,8,0,200,30
T10,9,1,120,1
[402]
T1,0,1,30,2
T2,1,1,35,2
T3,2,1,168,8
T4,3,1,45,1
T5,4,0,189,15
T6,5,0,91,2
T7,6,0,105,2
T8,7,1,200,2
T9,8,0,168,3
T10,9,0,84,14
[403]
T1,0,0,195,24
T2,1,0,64,3
T3,2,0,48,2
T4,3,0,130,3
T5,4,1,48,2
T6,5,1,150,2
T7,6,1,56,1
T8,7,1,50,1
T9,8,0,182,16
T10,9,1,200,23
[404]
T1,0,1,24,2
T2,1,1,150,6
T3,2,0,120,2
T4,3,0,44,2
T5,4,0,50,2
T6,5,1,72,2
T7,6,1,171,5
T8,7,1,200,8
T9,8,0,132,25
T10,9,0,165,2
[405]
T1,0,0,110,1
T2,1,1,144,8
T3,2,1,54,5
T4,3,0,165,1
T5,4,0,88,7
T6,5,0,162,1
T7,6,1,25,2
T8,7,1,200,31
T9,8,0,24,2
T10,9,0,176,4
[406]
T1,0,0,69,2
T2,1,0,24,1
T3,2,0,50,8
T4,3,1,35,1
T5,4,0,175,6
T6,5,1,115,2
T7,6,0,196,13
T8,7,1,75,1
T9,8,1,200,2
T10,9,0,150,4
[407]
T1,0,1,120,5
T2,1,1,33,1
T3,2,0,150,30
T4,3,1,176,2
T5,4,0,120,2
T6,5,1,162,1
T7,6,0,32,3
T8,7,0,45,1
T9,8,1,110,2
T10,9,0,200,2
[408]
T1,0,0,96,14
T2,1,1,175,3
T3,2,0,200,7
T4,3,1,24,2
T5,4,1,23,2
T6,5,1,195,2
T7,6,1,150,10
T8,7,1,144,18
T9,8,0,28,2
T10,9,1,78,1
[409]
T1,0,0,36,1
T2,1,0,200,8
T3,2,0,52,1
T4,3,0,175,33
T5,4,1,54,3
T6,5,1,120,1
T7,6,0,182,2
T8,7,1,56,2
T9,8,1,40,2
T10,9,1,195,17
[410]
T1,0,1,52,2
T2,1,0,100,14
T3,2,1,39,2
T4,3,0,200,15
T5,4,0,156,1
T6,5,1,120,2
T7,6,0,164,2
T8,7,0,120,11
T9,8,0,195,1
T10,9,0,35,2
[411]
T1,0,0,80,7
T2,1,0,25,2
T3,2,0,120,6
T4,3,1,35,2
T5,4,1,189,16
T6,5,1,54,2
T7,6,0,200,15
T8,7,0,192,2
T9,8,0,81,3
T10,9,0,189,14
[412]
T1,0,0,180,2
T2,1,1,40,2
T3,2,1,125,3
T4,3,0,198,33
T5,4,1,77,5
T6,5,0,180,1
T7,6,1,21,2
T8,7,0,200,17
T9,8,1,125,2
T10,9,0,30,1
[413]
T1,0,0,50,2
T2,1,0,160,2
T3,2,1,33,2
T4,3,0,172,7
T5,4,0,200,16
T6,5,0,64,7
T7,6,0,129,4
T8,7,0,48,1
T9,8,0,60,2
T10,9,1,160,20
[414]
T1,0,1,30,2
T2,1,1,190,21
T3,2,1,57,1
T4,3,0,150,12
T5,4,0,90,1
T6,5,1,44,2
T7,6,0,200,16
T8,7,0,76,2
T9,8,1,34,2
T10,9,1,171,13
[415]
T1,0,0,78,3
T2,1,0,26,2
T3,2,0,60,1
T4,3,0,23,2
T5,4,1,200,2
T6,5,1,48,2
T7,6,0,160,7
T8,7,0,81,6
T9,8,0,180,44
T10,9,1,150,4
[416]
T1,0,1,165,7
T2,1,0,189,21
T3,2,0,99,3
T4,3,0,175,2
T5,4,0,200,19
T6,5,0,120,1
T7,6,0,70,5
T8,7,0,35,1
T9,8,1,45,2
T10,9,1,42,2
[417]
T1,0,1,85,1
T2,1,0,170,26
T3,2,0,140,4
T4,3,0,50,2
T5,4,1,75,4
T6,5,0,189,18
T7,6,0,25,2
T8,7,1,170,1
T9,8,0,22,1
T10,9,0,200,6
[418]
T1,0,1,57,6
T2,1,0,200,15
T3,2,1,38,1
T4,3,1,168,24
T5,4,0,110,1
T6,5,1,40,2
T7,6,0,23,1
T8,7,0,56,2
T9,8,1,154,3
T10,9,1,190,3
[419]
T1,0,1,200,1
T2,1,1,90,2
T3,2,0,150,1
T4,3,0,60,2
T5,4,1,188,4
T6,5,0,40,1
T7,6,1,22,1
T8,7,0,120,7
T9,8,1,165,37
T10,9,1,24,1
[420]
T1,0,1,115,6
T2,1,1,196,2
T3,2,1,23,1
T4,3,0,184,21
T5,4,1,161,2
T6,5,0,25,2
T7,6,1,200,2
T8,7,0,49,2
T9,8,0,115,12
T10,9,1,140,4
[421]
T1,0,1,60,2
T2,1,1,48,3
T3,2,0,37,3
T4,3,0,30,1
T5,4,1,184,13
T6,5,1,56,8
T7,6,1,63,2
T8,7,1,200,11
T9,8,1,161,1
T10,9,0,184,2
[422]
T1,0,0,189,13
T2,1,1,168,6
T3,2,1,49,3
T4,3,1,120,2
T5,4,1,200,5
T6,5,0,88,2
T7,6,1,24,2
T8,7,0,175,32
T9,8,1,132,7
T10,9,1,25,2
[423]
T1,0,0,200,2
T2,1,0,33,5
T3,2,0,24,2
T4,3,0,42,2
T5,4,0,75,2
T6,5,0,150,3
T7,6,0,100,2
T8,7,0,126,19
T9,8,1,175,2
T10,9,1,168,16
[424]
T1,0,1,135,3
T2,1,1,20,2
T3,2,0,200,10
T4,3,0,184,2
T5,4,1,138,7
T6,5,1,45,1
T7,6,1,69,5
T8,7,0,50,9
T9,8,0,189,2
T10,9,1,184,3
[425]
T1,0,0,43,3
T2,1,1,28,1
T3,2,1,200,1
T4,3,0,187,18
T5,4,0,105,18
T6,5,1,66,2
T7,6,0,28,2
T8,7,1,154,4
T9,8,0,56,1
T10,9,0,168,4
[426]
T1,0,1,117,2
T2,1,1,135,1
T3,2,1,200,7
T4,3,0,156,4
T5,4,0,45,1
T6,5,0,156,2
T7,6,1,49,10
T8,7,0,165,3
T9,8,1,65,2
T10,9,0,27,2
[427]
T1,0,1,35,7
T2,1,1,40,1
T3,2,0,200,7
T4,3,1,160,6
T5,4,1,100,2
T6,5,1,40,1
T7,6,0,91,3
T8,7,1,160,6
T9,8,1,176,8
T10,9,1,55,2
[428]
T1,0,1,25,2
T2,1,0,52,5
T3,2,1,72,3
T4,3,0,150,10
T5,4,0,36,1
T6,5,1,176,6
T7,6,0,200,1
T8,7,0,132,13
T9,8,0,144,6
T10,9,1,195,2
[429]
T1,0,0,77,1
T2,1,1,182,3
T3,2,1,42,1
T4,3,1,66,4
T5,4,0,35,2
T6,5,1,28,1
T7,6,1,56,2
T8,7,1,182,2
T9,8,1,168,33
T10,9,1,200,18
[430]
T1,0,1,200,15
T2,1,0,168,15
T3,2,1,150,11
T4,3,1,84,2
T5,4,1,175,3
T6,5,0,50,2
T7,6,1,50,4
T8,7,0,70,6
T9,8,0,64,1
T10,9,1,21,2
[431]
T1,0,0,100,14
T2,1,0,200,17
T3,2,0,64,4
T4,3,0,195,3
T5,4,0,192,4
T6,5,0,48,2
T7,6,1,112,2
T8,7,1,21,2
T9,8,0,192,12
T10,9,1,41,2
[432]
T1,0,0,175,11
T2,1,1,21,1
T3,2,0,22,1
T4,3,1,21,2
T5,4,0,70,3
T6,5,1,168,4
T7,6,0,132,4
T8,7,0,76,2
T9,8,0,175,6
T10,9,1,200,20
[433]
T1,0,1,176,6
T2,1,1,118,3
T3,2,1,59,3
T4,3,0,33,1
T5,4,1,165,12
T6,5,0,132,2
T7,6,1,200,1
T8,7,0,165,5
T9,8,1,42,3
T10,9,0,25,3
[434]
T1,0,0,34,2
T2,1,0,200,5
T3,2,1,168,17
T4,3,1,144,2
T5,4,1,25,1
T6,5,1,63,9
T7,6,1,150,1
T8,7,1,135,2
T9,8,0,20,2
T10,9,0,175,13
[435]
T1,0,0,54,2
T2,1,0,160,7
T3,2,1,38,3
T4,3,1,152,3
T5,4,1,200,2
T6,5,1,114,10
T7,6,1,170,22
T8,7,0,57,2
T9,8,0,32,2
T10,9,1,85,6
[436]
T1,0,0,43,2
T2,1,0,150,2
T3,2,0,105,9
T4,3,0,196,15
T5,4,0,72,2
T6,5,1,200,24
T7,6,0,50,1
T8,7,0,32,3
T9,8,1,72,1
T10,9,0,192,10
[437]
T1,0,1,24,2
T2,1,0,165,14
T3,2,1,200,4
T4,3,0,84,1
T5,4,1,64,8
T6,5,1,175,10
T7,6,0,36,2
T8,7,1,30,2
T9,8,1,75,1
T10,9,1,150,3
[438]
T1,0,1,25,2
T2,1,1,160,4
T3,2,1,72,2
T4,3,1,100,18
T5,4,1,168,3
T6,5,0,180,10
T7,6,1,112,1
T8,7,1,200,4
T9,8,1,27,3
T10,9,1,21,2
[439]
T1,0,1,45,5
T2,1,1,44,2
T3,2,1,180,15
T4,3,1,180,1
T5,4,0,56,2
T6,5,1,200,4
T7,6,0,88,5
T8,7,1,20,2
T9,8,0,196,5
T10,9,1,56,8
[440]
T1,0,1,80,3
T2,1,1,48,1
T3,2,1,195,2
T4,3,0,195,6
T5,4,1,28,2
T6,5,0,78,6
T7,6,1,192,18
T8,7,0,200,1
T9,8,1,24,2
T10,9,1,54,2
[441]
T1,0,0,168,7
T2,1,1,28,2
T3,2,1,26,2
T4,3,1,53,2
T5,4,1,100,4
T6,5,0,200,2
T7,6,1,169,8
T8,7,1,70,6
T9,8,1,75,7
T10,9,0,169,2
[442]
T1,0,0,200,6
T2,1,0,78,12
T3,2,1,28,2
T4,3,1,180,4
T5,4,1,68,12
T6,5,0,180,1
T7,6,0,39,2
T8,7,0,104,3
T9,8,0,180,2
T10,9,1,25,2
[443]
T1,0,0,50,5
T2,1,1,165,2
T3,2,1,63,2
T4,3,1,176,1
T5,4,0,51,3
T6,5,1,126,7
T7,6,0,30,3
T8,7,1,96,6
T9,8,0,200,8
T10,9,0,175,3
[444]
T1,0,0,20,2
T2,1,0,31,3
T3,2,1,160,3
T4,3,1,155,2
T5,4,1,200,17
T6,5,1,112,9
T7,6,1,22,2
T8,7,0,112,5
T9,8,0,70,4
T10,9,1,186,5
[445]
T1,0,0,48,2
T2,1,0,160,2
T3,2,1,30,1
T4,3,1,42,2
T5,4,1,117,6
T6,5,1,80,7
T7,6,0,160,4
T8,7,0,60,5
T9,8,1,200,10
T10,9,0,156,8
[446]
T1,0,1,80,2
T2,1,1,108,21
T3,2,1,180,3
T4,3,0,80,3
T5,4,0,20,2
T6,5,0,150,2
T7,6,1,32,2
T8,7,0,192,14
T9,8,0,35,1
T10,9,1,200,3
[447]
T1,0,1,55,2
T2,1,0,200,2
T3,2,0,175,1
T4,3,1,44,1
T5,4,0,25,2
T6,5,1,176,13
T7,6,0,175,3
T8,7,0,70,1
T9,8,0,128,1
T10,9,0,42,10
[448]
T1,0,0,165,2
T2,1,1,160,2
T3,2,1,200,15
T4,3,1,54,2
T5,4,1,144,2
T6,5,0,25,1
T7,6,1,180,15
T8,7,0,81,4
T9,8,0,96,8
T10,9,0,30,2
[449]
T1,0,0,160,2
T2,1,1,22,2
T3,2,0,168,4
T4,3,1,66,9
T5,4,1,55,4
T6,5,0,200,8
T7,6,0,41,2
T8,7,0,144,7
T9,8,1,165,8
T10,9,0,50,5
[450]
T1,0,1,55,3
T2,1,1,36,2
T3,2,0,198,5
T4,3,0,152,6
T5,4,0,200,7
T6,5,0,76,3
T7,6,0,171,11
T8,7,1,40,1
T9,8,0,32,3
T10,9,1,114,1
[451]
T1,0,1,50,3
T2,1,1,138,8
T3,2,1,155,2
T4,3,0,92,7
T5,4,1,31,2
T6,5,1,150,21
T7,6,0,200,2
T8,7,0,184,1
T9,8,1,62,2
T10,9,1,22,1
[452]
T1,0,0,80,17
T2,1,0,198,2
T3,2,1,156,6
T4,3,1,20,1
T5,4,1,38,2
T6,5,0,45,2
T7,6,0,198,2
T8,7,1,117,5
T9,8,0,60,4
T10,9,0,200,1
[453]
T1,0,1,20,2
T2,1,1,104,2
T3,2,0,180,7
T4,3,0,30,5
T5,4,0,150,2
T6,5,1,176,2
T7,6,0,132,8
T8,7,1,200,5
T9,8,0,29,1
T10,9,0,104,6
[454]
T1,0,1,152,3
T2,1,1,75,7
T3,2,0,20,2
T4,3,0,156,3
T5,4,0,171,16
T6,5,0,200,9
T7,6,0,78,2
T8,7,1,39,1
T9,8,1,90,2
T10,9,1,21,1
[455]
T1,0,0,175,2
T2,1,0,36,2
T3,2,0,200,24
T4,3,1,42,8
T5,4,0,60,2
T6,5,1,175,1
T7,6,1,37,2
T8,7,1,140,9
T9,8,1,54,2
T10,9,0,195,13
[456]
T1,0,0,20,2
T2,1,0,132,33
T3,2,1,176,1
T4,3,0,176,6
T5,4,0,48,2
T6,5,0,52,2
T7,6,1,192,13
T8,7,1,143,2
T9,8,1,60,2
T10,9,0,200,6
[457]
T1,0,0,35,2
T2,1,0,190,4
T3,2,1,152,15
T4,3,1,133,15
T5,4,0,25,2
T6,5,0,60,5
T7,6,1,200,3
T8,7,1,48,2
T9,8,1,180,3
T10,9,0,96,3
[458]
T1,0,1,23,1
T2,1,1,150,1
T3,2,0,165,2
T4,3,0,32,7
T5,4,1,64,2
T6,5,1,22,2
T7,6,0,130,1
T8,7,1,200,8
T9,8,0,192,5
T10,9,0,88,2
[459]
T1,0,1,44,5
T2,1,0,144,2
T3,2,0,28,2
T4,3,1,80,2
T5,4,0,154,7
T6,5,1,80,2
T7,6,0,168,29
T8,7,0,22,1
T9,8,0,165,2
T10,9,1,200,5
[460]
T1,0,1,102,2
T2,1,0,144,14
T3,2,0,176,10
T4,3,0,48,2
T5,4,1,200,6
T6,5,1,45,1
T7,6,1,100,7
T8,7,1,198,13
T9,8,0,165,4
T10,9,1,46,1
[461]
T1,0,1,78,4
T2,1,0,77,4
T3,2,1,26,2
T4,3,0,31,3
T5,4,0,175,5
T6,5,0,200,5
T7,6,1,175,8
T8,7,0,168,2
T9,8,0,105,4
T10,9,0,21,2
[462]
T1,0,0,200,2
T2,1,0,54,2
T3,2,0,35,2
T4,3,0,56,1
T5,4,0,21,2
T6,5,1,78,6
T7,6,0,168,18
T8,7,0,150,16
T9,8,1,40,2
T10,9,1,168,9
[463]
T1,0,1,200,9
T2,1,1,36,2
T3,2,0,189,1
T4,3,1,175,5
T5,4,0,115,1
T6,5,0,92,4
T7,6,0,20,1
T8,7,0,42,3
T9,8,1,175,17
T10,9,1,70,5
[464]
T1,0,0,160,9
T2,1,0,99,7
T3,2,1,192,5
T4,3,1,160,2
T5,4,1,200,2
T6,5,1,44,6
T7,6,1,64,1
T8,7,0,48,2
T9,8,1,99,3
T10,9,1,25,2
[465]
T1,0,0,29,2
T2,1,1,70,14
T3,2,0,156,3
T4,3,1,128,4
T5,4,1,156,12
T6,5,1,78,8
T7,6,0,42,2
T8,7,1,40,2
T9,8,0,175,5
T10,9,0,200,1
[466]
T1,0,1,30,2
T2,1,1,80,3
T3,2,1,150,20
T4,3,1,56,2
T5,4,0,53,1
T6,5,0,70,8
T7,6,1,200,4
T8,7,0,176,2
T9,8,0,176,4
T10,9,0,25,2
[467]
T1,0,1,126,8
T2,1,1,108,20
T3,2,1,154,3
T4,3,0,200,7
T5,4,0,40,2
T6,5,1,154,2
T7,6,0,66,1
T8,7,1,35,2
T9,8,1,33,1
T10,9,1,154,1
[468]
T1,0,1,150,1
T2,1,1,132,3
T3,2,0,21,2
T4,3,1,175,2
T5,4,1,70,4
T6,5,0,200,23
T7,6,1,44,6
T8,7,1,105,3
T9,8,1,28,2
T10,9,0,195,16
[469]
T1,0,1,160,12
T2,1,1,49,4
T3,2,1,48,1
T4,3,1,144,2
T5,4,1,175,11
T6,5,1,175,5
T7,6,1,135,25
T8,7,0,63,1
T9,8,0,30,2
T10,9,0,200,2
[470]
T1,0,0,88,3
T2,1,0,33,4
T3,2,1,56,2
T4,3,1,143,13
T5,4,1,168,1
T6,5,1,165,17
T7,6,1,156,2
T8,7,0,25,2
T9,8,0,200,15
T10,9,1,29,2
[471]
T1,0,1,63,2
T2,1,1,150,3
T3,2,0,200,24
T4,3,0,23,2
T5,4,1,180,5
T6,5,0,30,1
T7,6,0,33,5
T8,7,1,198,3
T9,8,1,66,2
T10,9,1,120,1
[472]
T1,0,0,200,4
T2,1,0,168,22
T3,2,0,128,2
T4,3,1,20,1
T5,4,1,32,2
T6,5,1,180,1
T7,6,1,90,8
T8,7,0,175,2
T9,8,0,40,2
T10,9,1,105,3
[473]
T1,0,1,84,2
T2,1,1,70,3
T3,2,0,27,2
T4,3,0,84,14
T5,4,1,150,2
T6,5,0,192,19
T7,6,0,180,9
T8,7,0,200,3
T9,8,1,27,2
T10,9,0,33,1
[474]
T1,0,1,182,22
T2,1,1,48,4
T3,2,0,180,9
T4,3,0,56,2
T5,4,0,200,3
T6,5,1,56,3
T7,6,0,70,2
T8,7,0,168,7
T9,8,1,35,1
T10,9,0,36,1
[475]
T1,0,0,200,23
T2,1,1,80,1
T3,2,0,168,2
T4,3,1,162,7
T5,4,0,105,2
T6,5,0,32,2
T7,6,0,23,3
T8,7,1,75,6
T9,8,0,40,2
T10,9,0,162,2
[476]
T1,0,1,52,2
T2,1,1,28,2
T3,2,1,196,4
T4,3,0,88,5
T5,4,1,99,2
T6,5,1,200,17
T7,6,0,98,4
T8,7,1,165,13
T9,8,0,175,11
T10,9,1,42,2
[477]
T1,0,1,192,3
T2,1,1,38,2
T3,2,1,40,1
T4,3,0,120,3
T5,4,1,190,17
T6,5,1,168,9
T7,6,0,200,16
T8,7,1,60,2
T9,8,0,53,2
T10,9,1,60,7
[478]
T1,0,1,200,9
T2,1,1,91,3
T3,2,0,104,1
T4,3,0,24,2
T5,4,1,26,2
T6,5,0,192,23
T7,6,0,168,3
T8,7,0,168,11
T9,8,0,96,2
T10,9,1,52,3
[479]
T1,0,0,24,1
T2,1,0,128,3
T3,2,0,54,2
T4,3,0,112,21
T5,4,0,47,2
T6,5,0,175,4
T7,6,1,200,3
T8,7,1,140,8
T9,8,1,189,5
T10,9,1,168,11
[480]
T1,0,1,49,2
T2,1,1,86,2
T3,2,0,196,1
T4,3,1,100,11
T5,4,0,200,7
T6,5,1,56,1
T7,6,0,196,6
T8,7,0,28,3
T9,8,0,172,2
T10,9,1,52,5
[481]
T1,0,0,40,2
T2,1,0,22,1
T3,2,0,190,5
T4,3,0,190,16
T5,4,1,118,1
T6,5,1,75,10
T7,6,0,60,2
T8,7,1,152,2
T9,8,0,20,2
T10,9,1,200,17
[482]
T1,0,1,65,2
T2,1,1,200,30
T3,2,0,45,3
T4,3,1,174,5
T5,4,0,156,4
T6,5,0,100,9
T7,6,0,90,2
T8,7,0,29,2
T9,8,1,26,2
T10,9,1,195,11
[483]
T1,0,0,180,6
T2,1,1,75,2
T3,2,1,168,3
T4,3,1,21,2
T5,4,0,36,2
T6,5,0,95,12
T7,6,0,200,17
T8,7,0,100,2
T9,8,0,175,14
T10,9,0,26,2
[484]
T1,0,1,48,1
T2,1,0,100,5
T3,2,0,168,15
T4,3,0,165,1
T5,4,1,105,1
T6,5,1,42,2
T7,6,0,54,2
T8,7,0,99,4
T9,8,0,200,7
T10,9,0,189,24
[485]
T1,0,0,25,1
T2,1,1,196,1
T3,2,1,200,1
T4,3,0,76,10
T5,4,0,168,7
T6,5,1,175,7
T7,6,1,140,4
T8,7,1,20,1
T9,8,1,20,1
T10,9,0,76,2
[486]
T1,0,0,30,5
T2,1,1,56,1
T3,2,0,150,1
T4,3,1,180,4
T5,4,1,182,7
T6,5,1,200,16
T7,6,1,54,2
T8,7,0,34,2
T9,8,1,24,2
T10,9,1,90,3
[487]
T1,0,0,200,4
T2,1,1,180,4
T3,2,0,70,1
T4,3,0,45,2
T5,4,1,42,2
T6,5,0,40,3
T7,6,1,175,9
T8,7,0,160,13
T9,8,0,65,3
T10,9,1,100,13
[488]
T1,0,1,100,1
T2,1,0,135,2
T3,2,0,120,2
T4,3,0,160,20
T5,4,0,54,2
T6,5,0,174,10
T7,6,0,25,2
T8,7,1,180,28
T9,8,0,200,2
T10,9,1,25,2
[489]
T1,0,1,30,2
T2,1,0,175,1
T3,2,0,75,8
T4,3,1,84,2
T5,4,1,24,1
T6,5,0,196,9
T7,6,1,72,4
T8,7,1,35,2
T9,8,1,168,5
T10,9,1,200,3
[490]
T1,0,1,171,2
T2,1,1,75,2
T3,2,1,50,1
T4,3,1,25,2
T5,4,0,175,1
T6,5,1,75,1
T7,6,0,42,3
T8,7,0,200,48
T9,8,1,140,3
T10,9,0,190,5
[491]
T1,0,0,60,2
T2,1,0,48,1
T3,2,0,150,21
T4,3,0,168,1
T5,4,0,114,2
T6,5,0,90,9
T7,6,1,200,22
T8,7,1,30,2
T9,8,0,54,1
T10,9,1,171,2
[492]
T1,0,0,154,9
T2,1,0,88,2
T3,2,0,22,1
T4,3,0,154,2
T5,4,1,33,1
T6,5,1,68,1
T7,6,0,102,3
T8,7,1,200,3
T9,8,1,150,4
T10,9,0,50,9
[493]
T1,0,1,200,3
T2,1,0,150,1
T3,2,0,150,3
T4,3,0,48,8
T5,4,0,41,2
T6,5,0,192,1
T7,6,1,80,6
T8,7,0,91,6
T9,8,0,64,2
T10,9,0,26,2
[494]
T1,0,1,168,5
T2,1,1,56,2
T3,2,1,95,2
T4,3,1,40,5
T5,4,0,37,2
T6,5,1,110,2
T7,6,1,165,12
T8,7,1,154,8
T9,8,0,200,2
T10,9,1,28,2
[495]
T1,0,0,50,1
T2,1,0,65,5
T3,2,0,56,3
T4,3,1,170,18
T5,4,1,30,1
T6,5,0,48,2
T7,6,0,120,7
T8,7,0,156,3
T9,8,0,200,5
T10,9,1,150,2
[496]
T1,0,0,44,2
T2,1,1,34,3
T3,2,0,165,7
T4,3,0,36,1
T5,4,0,180,1
T6,5,1,198,3
T7,6,1,126,16
T8,7,1,70,5
T9,8,1,108,4
T10,9,0,200,3
[497]
T1,0,1,32,2
T2,1,1,48,5
T3,2,0,72,6
T4,3,1,200,10
T5,4,0,177,10
T6,5,1,80,2
T7,6,1,120,6
T8,7,1,177,2
T9,8,1,180,5
T10,9,0,27,1
[498]
T1,0,0,175,13
T2,1,0,168,7
T3,2,0,200,2
T4,3,1,49,6
T5,4,1,112,9
T6,5,0,150,1
T7,6,0,90,2
T8,7,0,48,2
T9,8,0,72,1
T10,9,0,47,3
[499]
T1,0,0,110,9
T2,1,1,200,10
T3,2,1,32,2
T4,3,1,45,2
T5,4,1,26,2
T6,5,1,154,4
T7,6,0,75,1
T8,7,1,175,4
T9,8,0,180,25
T10,9,0,96,1
[500]
T1,0,0,168,9
T2,1,0,192,22
T3,2,1,112,3
T4,3,1,200,9
T5,4,0,135,1
T6,5,0,21,2
T7,6,1,27,4
T8,7,1,41,2
T9,8,1,135,7
T10,9,0,160,1
