num_task_per_taskset=10
num_taskset=500
//ID,Priority,Offset,Period,Execution Time
[1]
T1,0,0,28,2
T2,1,0,98,10
T3,2,0,162,6
T4,3,1,45,1
T5,4,0,168,12
T6,5,1,72,2
T7,6,0,42,1
T8,7,0,200,25
T9,8,0,70,9
T10,9,0,180,1
[2]
T1,0,1,26,2
T2,1,1,156,22
T3,2,0,117,6
T4,3,0,200,8
T5,4,0,42,1
T6,5,1,180,27
T7,6,1,108,1
T8,7,1,104,2
T9,8,0,39,2
T10,9,1,150,10
[3]
T1,0,1,184,6
T2,1,1,152,10
T3,2,1,150,1
T4,3,0,75,2
T5,4,1,60,2
T6,5,1,200,47
T7,6,1,30,3
T8,7,1,41,2
T9,8,0,92,2
T10,9,0,20,2
[4]
T1,0,1,175,3
T2,1,0,40,3
T3,2,1,76,8
T4,3,0,31,2
T5,4,0,95,15
T6,5,0,175,3
T7,6,1,182,1
T8,7,1,40,2
T9,8,1,76,7
T10,9,1,200,1
[5]
T1,0,1,88,2
T2,1,1,55,2
T3,2,0,34,2
T4,3,1,25,2
T5,4,1,32,2
T6,5,0,175,26
T7,6,1,99,7
T8,7,1,200,4
T9,8,1,154,17
T10,9,0,180,3
[6]
T1,0,1,161,19
T2,1,0,42,3
T3,2,0,184,23
T4,3,0,30,2
T5,4,1,125,5
T6,5,0,35,1
T7,6,0,75,2
T8,7,0,200,10
T9,8,0,75,6
T10,9,1,161,3
[7]
T1,0,1,189,7
T2,1,0,44,4
T3,2,1,189,4
T4,3,1,45,3
T5,4,0,120,6
T6,5,0,100,2
T7,6,1,108,3
T8,7,1,200,53
T9,8,0,170,1
T10,9,0,27,2
[8]
T1,0,0,40,2
T2,1,1,165,8
T3,2,1,196,9
T4,3,1,150,18
T5,4,0,60,2
T6,5,0,36,2
T7,6,0,30,2
T8,7,0,72,2
T9,8,1,200,17
T10,9,0,72,16
[9]
T1,0,1,112,7
T2,1,0,28,1
T3,2,0,35,3
T4,3,0,153,17
T5,4,1,200,21
T6,5,1,175,2
T7,6,1,84,4
T8,7,1,168,2
T9,8,0,119,3
T10,9,1,37,2
[10]
T1,0,1,102,5
T2,1,0,50,5
T3,2,1,65,2
T4,3,1,153,4
T5,4,0,170,4
T6,5,0,30,2
T7,6,0,200,2
T8,7,0,102,6
T9,8,1,180,27
T10,9,0,48,6
[11]
T1,0,0,36,2
T2,1,1,180,18
T3,2,1,165,6
T4,3,0,108,1
T5,4,0,56,1
T6,5,0,200,18
T7,6,1,22,3
T8,7,1,100,9
T9,8,1,21,2
T10,9,0,175,8
[12]
T1,0,1,42,9
T2,1,1,180,4
T3,2,1,72,6
T4,3,1,198,3
T5,4,1,200,5
T6,5,0,88,8
T7,6,1,162,1
T8,7,1,110,3
T9,8,0,54,3
T10,9,0,33,2
[13]
T1,0,0,20,1
T2,1,1,198,1
T3,2,1,198,21
T4,3,0,22,1
T5,4,0,77,2
T6,5,1,77,2
T7,6,1,22,3
T8,7,1,98,2
T9,8,1,198,22
T10,9,1,200,13
[14]
T1,0,0,160,3
T2,1,1,64,7
T3,2,1,111,11
T4,3,0,51,2
T5,4,0,64,4
T6,5,1,48,1
T7,6,0,192,8
T8,7,1,40,3
T9,8,1,150,4
T10,9,0,200,13
[15]
T1,0,1,200,1
T2,1,1,91,6
T3,2,0,50,1
T4,3,0,168,27
T5,4,1,78,1
T6,5,1,165,9
T7,6,0,154,10
T8,7,1,65,5
T9,8,1,50,2
T10,9,0,35,3
[16]
T1,0,0,182,5
T2,1,1,56,2
T3,2,0,30,2
T4,3,1,104,16
T5,4,1,182,5
T6,5,1,41,2
T7,6,0,192,16
T8,7,0,96,1
T9,8,1,200,2
T10,9,1,48,11
[17]
T1,0,1,65,8
T2,1,1,130,2
T3,2,0,200,1
T4,3,1,115,7
T5,4,1,25,1
T6,5,1,161,6
T7,6,1,175,19
T8,7,1,161,4
T9,8,0,46,2
T10,9,0,23,3
[18]
T1,0,1,45,1
T2,1,1,154,18
T3,2,1,180,9
T4,3,0,63,2
T5,4,1,189,6
T6,5,0,200,12
T7,6,1,33,2
T8,7,0,30,2
T9,8,0,144,18
T10,9,1,105,2
[19]
T1,0,1,55,1
T2,1,1,200,5
T3,2,0,165,5
T4,3,0,31,1
T5,4,1,80,20
T6,5,1,189,17
T7,6,1,21,2
T8,7,1,176,4
T9,8,0,42,3
T10,9,1,140,2
[20]
T1,0,1,200,28
T2,1,1,100,4
T3,2,1,56,2
T4,3,0,24,1
T5,4,0,196,14
T6,5,0,28,1
T7,6,0,42,1
T8,7,1,66,2
T9,8,1,150,19
T10,9,0,154,4
[21]
T1,0,0,35,2
T2,1,0,168,10
T3,2,1,44,4
T4,3,0,57,3
T5,4,1,200,5
T6,5,1,84,2
T7,6,0,29,5
T8,7,1,168,13
T9,8,1,175,2
T10,9,0,133,3
[22]
T1,0,1,110,4
T2,1,0,198,2
T3,2,1,50,1
T4,3,1,28,2
T5,4,0,30,3
T6,5,0,125,6
T7,6,0,180,22
T8,7,1,200,5
T9,8,1,81,6
T10,9,0,180,18
[23]
T1,0,1,105,8
T2,1,1,140,2
T3,2,1,75,6
T4,3,0,28,2
T5,4,1,198,5
T6,5,0,189,6
T7,6,0,189,6
T8,7,0,42,3
T9,8,1,22,2
T10,9,1,200,23
[24]
T1,0,1,168,13
T2,1,1,57,2
T3,2,0,32,2
T4,3,0,200,16
T5,4,1,45,2
T6,5,0,43,7
T7,6,0,57,2
T8,7,0,150,9
T9,8,1,160,4
T10,9,1,120,11
[25]
T1,0,1,180,2
T2,1,1,20,2
T3,2,1,176,11
T4,3,1,80,2
T5,4,1,48,2
T6,5,0,144,26
T7,6,0,132,2
T8,7,0,31,2
T9,8,1,200,2
T10,9,0,160,42
[26]
T1,0,1,60,2
T2,1,0,23,2
T3,2,0,198,11
T4,3,1,28,3
T5,4,1,24,2
T6,5,0,165,38
T7,6,0,200,12
T8,7,0,126,5
T9,8,1,80,2
T10,9,0,189,1
[27]
T1,0,0,41,2
T2,1,0,72,1
T3,2,1,160,1
T4,3,1,40,1
T5,4,1,184,9
T6,5,0,80,24
T7,6,1,32,2
T8,7,0,160,13
T9,8,1,200,2
T10,9,0,72,2
[28]
T1,0,1,90,10
T2,1,0,153,14
T3,2,0,102,1
T4,3,0,170,3
T5,4,1,160,1
T6,5,1,200,27
T7,6,1,30,2
T8,7,0,32,1
T9,8,1,120,5
T10,9,0,47,4
[29]
T1,0,1,154,1
T2,1,0,88,2
T3,2,1,168,3
T4,3,1,26,5
T5,4,1,25,2
T6,5,0,72,5
T7,6,1,200,5
T8,7,1,20,1
T9,8,1,90,10
T10,9,1,198,1
[30]
T1,0,0,42,3
T2,1,0,150,12
T3,2,0,23,2
T4,3,0,200,10
T5,4,0,72,3
T6,5,0,55,2
T7,6,1,24,2
T8,7,0,60,1
T9,8,1,189,34
T10,9,0,180,14
[31]
T1,0,1,120,3
T2,1,1,33,9
T3,2,0,92,8
T4,3,0,100,2
T5,4,0,150,1
T6,5,0,180,10
T7,6,0,50,1
T8,7,0,200,8
T9,8,1,48,2
T10,9,1,150,3
[32]
T1,0,0,200,45
T2,1,1,90,2
T3,2,0,48,5
T4,3,0,198,7
T5,4,1,165,4
T6,5,0,60,3
T7,6,1,33,2
T8,7,0,45,1
T9,8,0,150,3
T10,9,1,90,6
[33]
T1,0,1,200,10
T2,1,0,152,4
T3,2,0,132,20
T4,3,0,150,12
T5,4,0,132,11
T6,5,0,23,3
T7,6,1,176,6
T8,7,0,40,2
T9,8,1,144,1
T10,9,0,24,2
[34]
T1,0,0,60,9
T2,1,0,51,1
T3,2,0,34,1
T4,3,0,130,6
T5,4,0,24,2
T6,5,0,65,1
T7,6,1,200,36
T8,7,1,182,12
T9,8,1,156,3
T10,9,1,156,1
[35]
T1,0,0,55,7
T2,1,0,168,8
T3,2,1,165,11
T4,3,0,44,1
T5,4,1,88,3
T6,5,0,77,2
T7,6,0,30,4
T8,7,0,52,1
T9,8,1,175,2
T10,9,1,200,9
[36]
T1,0,1,177,26
T2,1,0,24,1
T3,2,0,150,13
T4,3,0,177,3
T5,4,0,70,4
T6,5,0,200,7
T7,6,1,118,3
T8,7,1,50,1
T9,8,1,31,1
T10,9,1,60,2
[37]
T1,0,0,120,7
T2,1,1,162,18
T3,2,1,30,2
T4,3,0,30,2
T5,4,0,25,3
T6,5,1,190,25
T7,6,0,90,3
T8,7,0,200,2
T9,8,1,120,8
T10,9,0,171,2
[38]
T1,0,0,24,2
T2,1,0,27,1
T3,2,0,154,4
T4,3,1,180,40
T5,4,0,75,2
T6,5,0,90,18
T7,6,1,33,1
T8,7,0,176,2
T9,8,1,200,1
T10,9,1,112,1
[39]
T1,0,1,160,8
T2,1,0,84,1
T3,2,0,80,4
T4,3,1,36,2
T5,4,0,180,51
T6,5,1,150,5
T7,6,1,45,2
T8,7,0,21,2
T9,8,1,200,10
T10,9,1,55,1
[40]
T1,0,1,180,2
T2,1,1,189,9
T3,2,1,64,2
T4,3,0,47,5
T5,4,0,180,6
T6,5,0,24,1
T7,6,1,200,2
T8,7,0,56,2
T9,8,1,72,14
T10,9,1,36,1
[41]
T1,0,0,104,1
T2,1,0,27,2
T3,2,0,165,2
T4,3,0,78,4
T5,4,0,90,7
T6,5,0,46,2
T7,6,0,200,22
T8,7,0,150,23
T9,8,0,165,10
T10,9,0,44,3
[42]
T1,0,1,182,5
T2,1,0,91,2
T3,2,1,24,2
T4,3,1,182,12
T5,4,0,42,3
T6,5,1,136,10
T7,6,1,150,6
T8,7,0,104,5
T9,8,1,200,23
T10,9,1,30,2
[43]
T1,0,0,88,9
T2,1,1,60,5
T3,2,1,150,2
T4,3,1,200,6
T5,4,1,33,2
T6,5,0,44,7
T7,6,0,100,2
T8,7,0,186,15
T9,8,1,30,2
T10,9,0,198,2
[44]
T1,0,1,21,1
T2,1,1,170,4
T3,2,0,168,5
T4,3,1,98,16
T5,4,0,56,5
T6,5,0,48,1
T7,6,1,27,1
T8,7,1,200,13
T9,8,0,150,8
T10,9,0,75,2
[45]
T1,0,1,192,2
T2,1,0,32,3
T3,2,1,60,2
T4,3,1,200,58
T5,4,1,140,2
T6,5,1,40,2
T7,6,0,161,8
T8,7,1,100,3
T9,8,1,192,3
T10,9,0,23,2
[46]
T1,0,0,36,2
T2,1,0,200,12
T3,2,0,56,2
T4,3,1,180,2
T5,4,1,24,2
T6,5,1,90,7
T7,6,1,168,39
T8,7,0,140,18
T9,8,1,35,2
T10,9,1,159,2
[47]
T1,0,0,28,2
T2,1,1,168,8
T3,2,1,200,18
T4,3,1,152,12
T5,4,1,50,9
T6,5,1,165,5
T7,6,0,88,2
T8,7,0,76,6
T9,8,0,70,1
T10,9,0,25,2
[48]
T1,0,1,78,2
T2,1,1,65,2
T3,2,1,41,2
T4,3,0,200,19
T5,4,0,49,2
T6,5,1,147,1
T7,6,0,24,5
T8,7,0,195,3
T9,8,1,196,4
T10,9,1,105,14
[49]
T1,0,1,180,3
T2,1,1,168,3
T3,2,0,55,3
T4,3,0,140,2
T5,4,1,200,16
T6,5,1,150,11
T7,6,1,34,2
T8,7,1,70,11
T9,8,0,27,2
T10,9,1,25,1
[50]
T1,0,0,160,6
T2,1,0,100,5
T3,2,0,24,2
T4,3,1,180,3
T5,4,0,200,7
T6,5,0,126,14
T7,6,1,196,27
T8,7,1,21,1
T9,8,1,20,2
T10,9,0,100,7
[51]
T1,0,0,135,9
T2,1,1,200,37
T3,2,0,37,1
T4,3,0,180,9
T5,4,1,165,7
T6,5,1,48,2
T7,6,0,45,1
T8,7,1,132,4
T9,8,0,176,3
T10,9,1,88,10
[52]
T1,0,1,175,2
T2,1,1,66,7
T3,2,1,32,1
T4,3,0,154,9
T5,4,1,22,1
T6,5,1,120,5
T7,6,1,200,5
T8,7,1,75,2
T9,8,1,175,29
T10,9,1,35,1
[53]
T1,0,1,180,16
T2,1,0,180,2
T3,2,1,70,2
T4,3,0,200,17
T5,4,1,72,6
T6,5,1,140,2
T7,6,1,24,2
T8,7,1,189,2
T9,8,1,26,2
T10,9,1,30,4
[54]
T1,0,0,162,9
T2,1,0,175,20
T3,2,0,150,6
T4,3,1,105,5
T5,4,1,27,1
T6,5,0,108,5
T7,6,0,24,3
T8,7,1,96,6
T9,8,0,200,2
T10,9,0,20,2
[55]
T1,0,1,78,2
T2,1,1,65,1
T3,2,0,195,35
T4,3,0,41,2
T5,4,1,156,2
T6,5,1,45,2
T7,6,0,45,2
T8,7,0,162,11
T9,8,0,200,36
T10,9,1,75,2
[56]
T1,0,1,175,5
T2,1,1,63,2
T3,2,1,28,2
T4,3,0,42,2
T5,4,1,72,1
T6,5,0,198,20
T7,6,0,38,2
T8,7,1,154,6
T9,8,0,200,7
T10,9,1,126,26
[57]
T1,0,1,60,1
T2,1,0,60,3
T3,2,1,28,1
T4,3,0,186,10
T5,4,1,180,3
T6,5,0,31,1
T7,6,1,126,5
T8,7,1,40,6
T9,8,0,150,16
T10,9,0,200,2
[58]
T1,0,0,45,4
T2,1,0,50,5
T3,2,1,130,7
T4,3,0,200,35
T5,4,1,60,1
T6,5,0,195,4
T7,6,1,195,2
T8,7,1,156,1
T9,8,0,65,2
T10,9,1,40,3
[59]
T1,0,0,20,2
T2,1,0,200,9
T3,2,1,168,3
T4,3,1,115,7
T5,4,0,84,2
T6,5,1,42,2
T7,6,1,32,1
T8,7,0,160,15
T9,8,1,192,2
T10,9,1,138,23
[60]
T1,0,0,98,10
T2,1,1,20,2
T3,2,1,200,12
T4,3,1,108,2
T5,4,0,35,2
T6,5,1,168,14
T7,6,0,150,3
T8,7,1,180,7
T9,8,0,32,1
T10,9,1,81,11
[61]
T1,0,1,120,10
T2,1,1,156,5
T3,2,1,135,8
T4,3,1,60,1
T5,4,0,156,1
T6,5,1,200,13
T7,6,0,39,2
T8,7,1,52,3
T9,8,0,25,1
T10,9,1,182,24
[62]
T1,0,0,198,6
T2,1,0,68,2
T3,2,0,144,1
T4,3,1,33,4
T5,4,1,200,2
T6,5,1,39,1
T7,6,0,170,10
T8,7,1,48,7
T9,8,0,85,6
T10,9,1,198,14
[63]
T1,0,1,160,2
T2,1,1,168,11
T3,2,0,21,3
T4,3,0,64,9
T5,4,0,84,2
T6,5,0,200,4
T7,6,1,30,2
T8,7,0,72,3
T9,8,1,21,2
T10,9,1,160,14
[64]
T1,0,0,55,3
T2,1,1,150,1
T3,2,0,51,7
T4,3,0,200,15
T5,4,1,170,18
T6,5,1,51,5
T7,6,1,140,7
T8,7,1,84,1
T9,8,1,168,2
T10,9,1,30,2
[65]
T1,0,1,200,2
T2,1,1,80,6
T3,2,0,48,2
T4,3,1,150,2
T5,4,0,63,5
T6,5,1,160,5
T7,6,1,76,8
T8,7,1,22,2
T9,8,0,48,2
T10,9,1,152,37
[66]
T1,0,1,25,1
T2,1,0,21,2
T3,2,1,168,3
T4,3,0,84,1
T5,4,0,20,3
T6,5,0,168,10
T7,6,1,200,5
T8,7,0,125,2
T9,8,0,75,8
T10,9,0,192,2
[67]
T1,0,1,92,18
T2,1,0,175,27
T3,2,0,28,2
T4,3,0,180,3
T5,4,0,60,2
T6,5,1,30,2
T7,6,1,200,4
T8,7,1,37,2
T9,8,1,69,4
T10,9,1,180,5
[68]
T1,0,0,200,13
T2,1,1,85,1
T3,2,0,105,2
T4,3,1,25,2
T5,4,0,175,12
T6,5,0,23,1
T7,6,1,91,1
T8,7,0,168,28
T9,8,1,170,7
T10,9,0,39,5
[69]
T1,0,1,50,1
T2,1,1,112,6
T3,2,0,200,6
T4,3,1,185,2
T5,4,1,105,8
T6,5,1,148,19
T7,6,1,42,2
T8,7,0,35,2
T9,8,1,112,18
T10,9,0,160,10
[70]
T1,0,1,56,2
T2,1,0,175,2
T3,2,0,168,3
T4,3,1,200,6
T5,4,0,32,2
T6,5,1,80,6
T7,6,0,112,29
T8,7,1,175,2
T9,8,1,34,1
T10,9,0,29,1
[71]
T1,0,0,187,42
T2,1,1,40,1
T3,2,1,90,4
T4,3,1,170,12
T5,4,1,198,3
T6,5,0,68,4
T7,6,1,24,2
T8,7,0,200,3
T9,8,1,132,3
T10,9,0,27,1
[72]
T1,0,0,35,2
T2,1,1,152,4
T3,2,1,38,5
T4,3,0,70,2
T5,4,0,200,14
T6,5,1,175,2
T7,6,0,190,1
T8,7,1,120,14
T9,8,1,125,22
T10,9,1,24,2
[73]
T1,0,0,44,2
T2,1,1,126,5
T3,2,0,200,13
T4,3,1,140,4
T5,4,0,117,7
T6,5,1,45,2
T7,6,0,182,11
T8,7,0,156,8
T9,8,1,21,1
T10,9,0,160,30
[74]
T1,0,0,35,1
T2,1,0,80,1
T3,2,0,20,3
T4,3,0,180,16
T5,4,1,140,2
T6,5,0,200,2
T7,6,0,180,5
T8,7,0,180,16
T9,8,1,49,3
T10,9,0,104,5
[75]
T1,0,1,128,2
T2,1,1,45,5
T3,2,0,39,2
T4,3,1,26,2
T5,4,0,200,15
T6,5,0,168,13
T7,6,1,70,2
T8,7,0,182,5
T9,8,0,160,23
T10,9,0,75,3
[76]
T1,0,1,22,2
T2,1,1,26,2
T3,2,0,189,1
T4,3,0,200,29
T5,4,1,44,2
T6,5,0,165,3
T7,6,0,126,2
T8,7,1,108,7
T9,8,1,150,21
T10,9,1,135,6
[77]
T1,0,0,90,2
T2,1,0,135,1
T3,2,1,40,1
T4,3,1,200,3
T5,4,0,198,51
T6,5,0,99,4
T7,6,0,27,1
T8,7,0,20,1
T9,8,1,175,10
T10,9,0,176,8
[78]
T1,0,1,150,7
T2,1,0,24,2
T3,2,1,140,2
T4,3,0,55,1
T5,4,0,50,2
T6,5,1,112,28
T7,6,0,189,2
T8,7,1,200,17
T9,8,1,41,1
T10,9,0,168,18
[79]
T1,0,1,135,5
T2,1,0,25,5
T3,2,1,154,1
T4,3,0,60,2
T5,4,1,175,8
T6,5,0,99,10
T7,6,0,200,14
T8,7,0,25,1
T9,8,0,41,2
T10,9,1,189,2
[80]
T1,0,1,184,15
T2,1,1,189,9
T3,2,0,75,2
T4,3,0,115,3
T5,4,0,28,7
T6,5,0,200,5
T7,6,0,180,4
T8,7,0,27,2
T9,8,0,52,2
T10,9,0,138,1
[81]
T1,0,0,152,3
T2,1,0,180,14
T3,2,0,171,14
T4,3,0,30,1
T5,4,0,108,8
T6,5,1,100,2
T7,6,1,200,10
T8,7,1,30,2
T9,8,1,84,7
T10,9,1,50,6
[82]
T1,0,0,138,2
T2,1,0,200,9
T3,2,0,46,3
T4,3,0,96,11
T5,4,0,175,1
T6,5,0,150,7
T7,6,0,32,3
T8,7,1,69,11
T9,8,0,168,2
T10,9,0,27,2
[83]
T1,0,0,35,2
T2,1,1,50,2
T3,2,0,168,16
T4,3,1,153,1
T5,4,1,200,12
T6,5,1,48,1
T7,6,0,126,25
T8,7,0,102,2
T9,8,1,168,20
T10,9,1,126,4
[84]
T1,0,1,120,30
T2,1,0,184,2
T3,2,0,40,2
T4,3,0,180,4
T5,4,0,45,4
T6,5,0,69,3
T7,6,1,69,1
T8,7,0,200,7
T9,8,1,22,2
T10,9,0,152,1
[85]
T1,0,1,21,2
T2,1,0,78,1
T3,2,0,50,10
T4,3,0,140,14
T5,4,0,168,2
T6,5,1,150,2
T7,6,1,200,33
T8,7,1,160,5
T9,8,0,130,1
T10,9,1,20,1
[86]
T1,0,0,161,9
T2,1,1,92,3
T3,2,1,40,3
T4,3,1,135,3
T5,4,1,200,2
T6,5,0,150,1
T7,6,1,189,29
T8,7,1,20,2
T9,8,0,28,1
T10,9,1,138,5
[87]
T1,0,0,56,1
T2,1,0,130,4
T3,2,0,25,2
T4,3,1,36,1
T5,4,0,35,2
T6,5,1,200,3
T7,6,0,150,5
T8,7,0,130,19
T9,8,1,156,18
T10,9,1,150,2
[88]
T1,0,0,35,2
T2,1,0,31,2
T3,2,1,128,4
T4,3,1,168,10
T5,4,1,96,5
T6,5,1,150,3
T7,6,0,156,4
T8,7,0,25,2
T9,8,0,200,6
T10,9,1,70,18
[89]
T1,0,1,45,4
T2,1,0,175,19
T3,2,1,29,2
T4,3,0,55,13
T5,4,1,132,9
T6,5,1,160,3
T7,6,1,180,4
T8,7,1,21,2
T9,8,1,96,2
T10,9,0,200,1
[90]
T1,0,0,168,3
T2,1,0,50,2
T3,2,0,165,5
T4,3,1,40,1
T5,4,0,38,2
T6,5,1,132,3
T7,6,0,70,20
T8,7,0,200,16
T9,8,1,105,3
T10,9,1,192,15
[91]
T1,0,1,165,22
T2,1,1,165,4
T3,2,0,44,2
T4,3,0,52,2
T5,4,1,110,3
T6,5,0,136,35
T7,6,0,200,4
T8,7,0,75,4
T9,8,0,35,2
T10,9,0,175,1
[92]
T1,0,1,48,2
T2,1,1,168,25
T3,2,1,200,1
T4,3,1,25,1
T5,4,0,35,2
T6,5,1,85,5
T7,6,0,75,1
T8,7,0,112,8
T9,8,0,153,18
T10,9,0,168,6
[93]
T1,0,1,68,2
T2,1,0,196,13
T3,2,1,150,7
T4,3,1,140,20
T5,4,1,80,2
T6,5,0,21,2
T7,6,0,44,4
T8,7,1,25,2
T9,8,1,200,5
T10,9,0,150,20
[94]
T1,0,0,34,2
T2,1,0,30,2
T3,2,0,106,2
T4,3,1,106,2
T5,4,1,168,24
T6,5,1,35,2
T7,6,0,200,4
T8,7,0,105,6
T9,8,0,168,7
T10,9,0,160,19
[95]
T1,0,0,49,2
T2,1,1,96,2
T3,2,1,35,3
T4,3,1,45,2
T5,4,1,168,29
T6,5,1,200,3
T7,6,1,153,28
T8,7,0,140,1
T9,8,1,63,3
T10,9,0,160,3
[96]
T1,0,0,27,3
T2,1,1,99,2
T3,2,0,63,2
T4,3,1,165,30
T5,4,1,150,3
T6,5,0,180,22
T7,6,0,28,2
T8,7,0,20,2
T9,8,1,200,8
T10,9,0,105,6
[97]
T1,0,1,143,15
T2,1,0,182,11
T3,2,1,150,3
T4,3,0,100,5
T5,4,0,25,2
T6,5,1,200,2
T7,6,1,165,6
T8,7,0,45,2
T9,8,1,91,17
T10,9,0,21,2
[98]
T1,0,0,189,31
T2,1,0,168,21
T3,2,0,60,2
T4,3,0,20,2
T5,4,0,28,3
T6,5,0,200,5
T7,6,1,80,1
T8,7,1,63,4
T9,8,1,44,2
T10,9,1,189,1
[99]
T1,0,1,77,15
T2,1,1,51,1
T3,2,0,54,2
T4,3,1,80,2
T5,4,0,200,14
T6,5,0,168,4
T7,6,0,42,3
T8,7,1,175,2
T9,8,1,150,10
T10,9,0,48,1
[100]
T1,0,0,150,1
T2,1,0,25,3
T3,2,0,53,1
T4,3,0,87,7
T5,4,1,200,9
T6,5,0,153,2
T7,6,0,45,7
T8,7,1,116,2
T9,8,1,150,8
T10,9,1,60,2
[101]
T1,0,1,32,2
T2,1,0,165,13
T3,2,0,200,7
T4,3,0,36,1
T5,4,1,20,2
T6,5,0,110,10
T7,6,0,70,2
T8,7,0,160,13
T9,8,1,66,1
T10,9,1,154,17
[102]
T1,0,0,154,15
T2,1,0,27,2
T3,2,0,31,1
T4,3,0,72,4
T5,4,0,150,9
T6,5,0,168,6
T7,6,1,99,2
T8,7,1,35,3
T9,8,0,63,8
T10,9,1,200,1
[103]
T1,0,0,196,10
T2,1,0,120,11
T3,2,0,52,4
T4,3,1,168,5
T5,4,1,52,10
T6,5,1,200,3
T7,6,1,150,8
T8,7,0,140,1
T9,8,1,34,1
T10,9,1,105,2
[104]
T1,0,0,200,9
T2,1,1,195,2
T3,2,0,52,2
T4,3,1,43,4
T5,4,0,130,1
T6,5,0,104,7
T7,6,1,20,3
T8,7,1,170,12
T9,8,1,104,8
T10,9,1,182,4
[105]
T1,0,1,100,1
T2,1,1,70,3
T3,2,0,175,55
T4,3,1,20,2
T5,4,1,200,6
T6,5,1,95,1
T7,6,0,150,5
T8,7,1,20,1
T9,8,0,44,2
T10,9,1,171,7
[106]
T1,0,1,72,10
T2,1,1,144,2
T3,2,1,200,7
T4,3,1,40,2
T5,4,1,47,1
T6,5,0,84,10
T7,6,1,195,1
T8,7,0,182,11
T9,8,1,160,17
T10,9,0,35,1
[107]
T1,0,1,190,26
T2,1,1,99,5
T3,2,1,180,2
T4,3,1,180,2
T5,4,0,76,14
T6,5,1,60,1
T7,6,0,200,8
T8,7,0,36,1
T9,8,1,46,2
T10,9,1,30,2
[108]
T1,0,0,72,4
T2,1,1,160,3
T3,2,0,108,1
T4,3,0,30,2
T5,4,1,50,4
T6,5,0,168,13
T7,6,0,140,4
T8,7,1,21,4
T9,8,0,180,2
T10,9,0,200,8
[109]
T1,0,1,40,2
T2,1,1,200,26
T3,2,1,165,5
T4,3,0,44,2
T5,4,1,27,1
T6,5,0,96,9
T7,6,0,150,8
T8,7,1,150,4
T9,8,1,54,5
T10,9,0,90,1
[110]
T1,0,1,165,1
T2,1,1,44,1
T3,2,1,39,3
T4,3,0,88,23
T5,4,0,200,6
T6,5,0,27,2
T7,6,1,165,7
T8,7,1,175,13
T9,8,1,56,2
T10,9,0,55,3
[111]
T1,0,0,35,2
T2,1,0,112,3
T3,2,0,91,5
T4,3,0,182,13
T5,4,0,160,19
T6,5,0,180,2
T7,6,1,200,19
T8,7,1,46,2
T9,8,1,50,2
T10,9,0,91,11
[112]
T1,0,1,72,5
T2,1,0,110,2
T3,2,1,144,1
T4,3,0,195,52
T5,4,1,176,7
T6,5,0,50,2
T7,6,1,43,2
T8,7,1,176,14
T9,8,1,33,2
T10,9,1,200,15
[113]
T1,0,1,85,4
T2,1,1,160,5
T3,2,1,38,4
T4,3,0,46,6
T5,4,1,200,3
T6,5,1,32,4
T7,6,1,68,2
T8,7,0,100,2
T9,8,1,190,2
T10,9,0,170,10
[114]
T1,0,1,50,1
T2,1,0,84,9
T3,2,1,34,1
T4,3,1,175,9
T5,4,1,168,12
T6,5,1,73,1
T7,6,0,200,4
T8,7,1,72,10
T9,8,1,35,2
T10,9,1,150,12
[115]
T1,0,0,132,9
T2,1,1,63,8
T3,2,1,63,5
T4,3,0,176,2
T5,4,1,200,2
T6,5,0,165,24
T7,6,0,28,1
T8,7,0,27,2
T9,8,1,22,2
T10,9,0,180,13
[116]
T1,0,1,25,1
T2,1,0,170,11
T3,2,0,25,2
T4,3,0,170,2
T5,4,1,105,8
T6,5,1,147,4
T7,6,1,41,2
T8,7,1,200,18
T9,8,0,175,25
T10,9,0,102,7
[117]
T1,0,1,34,6
T2,1,0,170,14
T3,2,1,200,12
T4,3,1,150,2
T5,4,1,160,13
T6,5,0,48,1
T7,6,0,136,1
T8,7,1,130,12
T9,8,1,68,2
T10,9,1,52,2
[118]
T1,0,1,196,24
T2,1,1,49,7
T3,2,0,42,2
T4,3,1,156,5
T5,4,0,200,2
T6,5,1,104,2
T7,6,0,175,2
T8,7,0,91,5
T9,8,1,80,2
T10,9,0,53,6
[119]
T1,0,0,135,13
T2,1,0,140,24
T3,2,1,200,6
T4,3,0,175,18
T5,4,0,48,1
T6,5,1,180,7
T7,6,0,168,4
T8,7,1,30,2
T9,8,0,31,2
T10,9,0,90,4
[120]
T1,0,1,176,2
T2,1,0,200,5
T3,2,0,154,5
T4,3,0,56,1
T5,4,0,22,3
T6,5,1,28,3
T7,6,0,112,2
T8,7,1,165,10
T9,8,0,55,5
T10,9,0,22,1
[121]
T1,0,1,27,2
T2,1,0,110,3
T3,2,1,34,2
T4,3,1,150,3
T5,4,1,165,41
T6,5,0,25,2
T7,6,0,121,1
T8,7,1,54,2
T9,8,1,200,9
T10,9,1,150,2
[122]
T1,0,0,176,16
T2,1,0,48,1
T3,2,1,78,7
T4,3,0,192,5
T5,4,1,28,5
T6,5,0,100,2
T7,6,1,156,3
T8,7,1,75,3
T9,8,0,22,1
T10,9,1,200,2
[123]
T1,0,1,56,2
T2,1,1,180,5
T3,2,1,84,12
T4,3,1,200,14
T5,4,1,23,2
T6,5,0,56,2
T7,6,0,168,26
T8,7,1,30,2
T9,8,0,40,1
T10,9,0,198,21
[124]
T1,0,0,120,3
T2,1,0,30,2
T3,2,0,37,5
T4,3,1,200,2
T5,4,1,96,8
T6,5,0,50,2
T7,6,1,182,7
T8,7,1,112,2
T9,8,0,195,13
T10,9,1,150,25
[125]
T1,0,0,190,21
T2,1,0,24,3
T3,2,0,150,7
T4,3,0,80,9
T5,4,0,190,3
T6,5,0,80,2
T7,6,1,30,1
T8,7,0,63,2
T9,8,0,200,4
T10,9,1,22,1
[126]
T1,0,1,112,1
T2,1,0,200,4
T3,2,1,160,5
T4,3,0,53,5
T5,4,1,40,2
T6,5,1,75,2
T7,6,0,156,5
T8,7,0,168,18
T9,8,1,50,9
T10,9,1,144,1
[127]
T1,0,0,198,15
T2,1,0,28,1
T3,2,1,150,2
T4,3,1,147,8
T5,4,0,40,6
T6,5,1,198,14
T7,6,0,120,3
T8,7,1,98,1
T9,8,0,40,2
T10,9,1,200,20
[128]
T1,0,0,60,2
T2,1,0,25,2
T3,2,0,180,3
T4,3,1,22,2
T5,4,0,165,5
T6,5,1,200,8
T7,6,1,165,3
T8,7,0,112,23
T9,8,1,80,8
T10,9,1,52,1
[129]
T1,0,0,48,4
T2,1,0,56,2
T3,2,0,55,3
T4,3,0,180,19
T5,4,1,44,4
T6,5,0,154,2
T7,6,0,175,15
T8,7,1,200,5
T9,8,1,27,2
T10,9,0,120,2
[130]
T1,0,0,30,7
T2,1,0,162,4
T3,2,0,120,2
T4,3,0,65,3
T5,4,0,200,22
T6,5,0,162,2
T7,6,0,160,2
T8,7,1,135,2
T9,8,0,50,2
T10,9,1,40,3
[131]
T1,0,0,100,7
T2,1,1,35,1
T3,2,1,72,4
T4,3,1,175,22
T5,4,1,200,7
T6,5,0,48,7
T7,6,1,60,2
T8,7,0,170,1
T9,8,1,180,6
T10,9,1,34,2
[132]
T1,0,0,125,5
T2,1,1,133,9
T3,2,1,24,1
T4,3,0,200,2
T5,4,0,27,2
T6,5,1,150,11
T7,6,1,42,4
T8,7,0,175,9
T9,8,1,150,12
T10,9,0,125,7
[133]
T1,0,1,32,2
T2,1,1,180,10
T3,2,1,196,2
T4,3,0,45,2
T5,4,1,72,4
T6,5,0,192,41
T7,6,0,64,2
T8,7,1,120,8
T9,8,1,200,6
T10,9,1,48,2
[134]
T1,0,0,28,1
T2,1,0,200,11
T3,2,1,44,9
T4,3,1,46,2
T5,4,1,156,19
T6,5,1,77,2
T7,6,1,165,9
T8,7,0,195,7
T9,8,0,140,2
T10,9,0,140,2
[135]
T1,0,1,195,10
T2,1,1,104,18
T3,2,1,26,4
T4,3,0,35,1
T5,4,1,195,1
T6,5,1,156,2
T7,6,0,30,2
T8,7,1,130,5
T9,8,0,56,4
T10,9,1,200,2
[136]
T1,0,1,36,2
T2,1,1,190,3
T3,2,1,35,2
T4,3,0,42,7
T5,4,1,55,4
T6,5,1,200,20
T7,6,0,175,14
T8,7,0,152,2
T9,8,0,70,5
T10,9,1,60,1
[137]
T1,0,0,75,2
T2,1,0,65,6
T3,2,1,38,2
T4,3,1,48,6
T5,4,0,152,2
T6,5,1,40,2
T7,6,0,190,20
T8,7,1,150,9
T9,8,1,100,4
T10,9,1,200,16
[138]
T1,0,0,150,21
T2,1,1,168,13
T3,2,1,115,4
T4,3,0,138,9
T5,4,1,32,2
T6,5,1,196,2
T7,6,1,21,1
T8,7,0,21,1
T9,8,0,200,14
T10,9,1,115,5
[139]
T1,0,1,160,2
T2,1,0,120,2
T3,2,1,200,11
T4,3,0,42,2
T5,4,0,50,14
T6,5,1,69,2
T7,6,0,156,1
T8,7,0,160,2
T9,8,0,69,12
T10,9,0,25,2
[140]
T1,0,1,200,12
T2,1,1,33,2
T3,2,1,35,1
T4,3,1,37,2
T5,4,0,60,3
T6,5,0,105,2
T7,6,0,125,2
T8,7,0,154,16
T9,8,1,165,9
T10,9,1,150,15
[141]
T1,0,0,180,2
T2,1,0,112,2
T3,2,0,36,2
T4,3,1,45,2
T5,4,1,184,27
T6,5,0,200,17
T7,6,0,168,6
T8,7,0,60,6
T9,8,0,70,4
T10,9,0,48,2
[142]
T1,0,0,200,3
T2,1,1,33,2
T3,2,1,60,4
T4,3,1,99,5
T5,4,0,25,4
T6,5,0,150,2
T7,6,0,176,3
T8,7,1,100,11
T9,8,0,40,2
T10,9,1,170,3
[143]
T1,0,0,150,13
T2,1,1,88,19
T3,2,1,50,2
T4,3,0,180,2
T5,4,1,46,4
T6,5,1,200,4
T7,6,0,165,11
T8,7,0,88,1
T9,8,0,36,2
T10,9,1,92,2
[144]
T1,0,1,90,12
T2,1,0,25,2
T3,2,1,41,2
T4,3,1,21,1
T5,4,0,150,1
T6,5,0,161,20
T7,6,1,84,1
T8,7,0,161,8
T9,8,0,200,17
T10,9,1,63,3
[145]
T1,0,1,152,19
T2,1,0,200,8
T3,2,1,72,2
T4,3,0,180,5
T5,4,1,180,35
T6,5,1,40,1
T7,6,1,144,2
T8,7,0,30,1
T9,8,0,21,2
T10,9,1,114,6
[146]
T1,0,1,200,10
T2,1,0,180,11
T3,2,1,85,1
T4,3,1,144,1
T5,4,0,24,2
T6,5,1,75,2
T7,6,1,28,5
T8,7,0,180,10
T9,8,0,165,2
T10,9,1,45,6
[147]
T1,0,1,180,1
T2,1,0,200,9
T3,2,1,160,8
T4,3,0,25,3
T5,4,0,20,2
T6,5,1,180,10
T7,6,1,90,5
T8,7,1,70,6
T9,8,1,42,3
T10,9,0,144,5
[148]
T1,0,0,200,2
T2,1,1,99,2
T3,2,1,150,2
T4,3,1,56,2
T5,4,1,165,4
T6,5,0,20,2
T7,6,0,176,18
T8,7,1,55,8
T9,8,0,33,3
T10,9,0,24,2
[149]
T1,0,1,22,2
T2,1,1,154,8
T3,2,1,66,4
T4,3,0,200,18
T5,4,0,75,1
T6,5,0,21,1
T7,6,1,33,1
T8,7,1,165,11
T9,8,0,105,9
T10,9,0,168,3
[150]
T1,0,0,42,4
T2,1,0,67,8
T3,2,0,180,6
T4,3,1,180,5
T5,4,0,72,3
T6,5,0,200,2
T7,6,1,30,4
T8,7,0,60,1
T9,8,1,175,2
T10,9,1,24,1
[151]
T1,0,1,72,6
T2,1,0,168,7
T3,2,0,27,2
T4,3,1,24,1
T5,4,1,155,11
T6,5,1,28,2
T7,6,1,72,1
T8,7,1,93,3
T9,8,1,180,11
T10,9,0,200,22
[152]
T1,0,1,135,3
T2,1,1,128,2
T3,2,0,48,2
T4,3,1,176,3
T5,4,1,200,9
T6,5,1,54,4
T7,6,1,165,13
T8,7,1,198,1
T9,8,1,45,11
T10,9,1,33,1
[153]
T1,0,1,95,2
T2,1,1,72,5
T3,2,1,152,38
T4,3,0,192,15
T5,4,1,160,2
T6,5,0,53,5
T7,6,0,27,2
T8,7,1,200,4
T9,8,1,95,2
T10,9,0,24,2
[154]
T1,0,0,37,2
T2,1,1,40,4
T3,2,0,195,21
T4,3,0,120,2
T5,4,0,30,1
T6,5,0,150,1
T7,6,1,160,8
T8,7,0,104,14
T9,8,0,200,13
T10,9,1,72,2
[155]
T1,0,1,25,1
T2,1,1,42,2
T3,2,1,180,17
T4,3,1,60,4
T5,4,1,168,11
T6,5,0,200,11
T7,6,0,27,2
T8,7,0,180,2
T9,8,0,120,13
T10,9,0,88,5
[156]
T1,0,0,49,2
T2,1,0,200,8
T3,2,0,65,5
T4,3,1,198,19
T5,4,1,108,5
T6,5,1,30,2
T7,6,1,198,15
T8,7,1,24,3
T9,8,1,198,3
T10,9,1,132,2
[157]
T1,0,0,100,2
T2,1,1,22,2
T3,2,1,91,4
T4,3,1,26,3
T5,4,1,180,6
T6,5,1,54,9
T7,6,0,24,2
T8,7,1,182,16
T9,8,1,200,2
T10,9,1,182,6
[158]
T1,0,0,126,11
T2,1,0,135,1
T3,2,1,180,11
T4,3,1,42,3
T5,4,1,42,2
T6,5,0,156,16
T7,6,1,150,9
T8,7,1,104,7
T9,8,0,27,2
T10,9,1,200,6
[159]
T1,0,0,200,21
T2,1,0,48,4
T3,2,0,198,10
T4,3,1,96,2
T5,4,0,34,1
T6,5,1,63,2
T7,6,1,28,1
T8,7,0,150,28
T9,8,1,110,2
T10,9,1,154,4
[160]
T1,0,1,154,2
T2,1,1,40,2
T3,2,1,176,2
T4,3,1,56,1
T5,4,0,165,6
T6,5,0,90,11
T7,6,1,75,18
T8,7,0,44,2
T9,8,1,200,22
T10,9,0,31,2
[161]
T1,0,0,165,17
T2,1,0,44,2
T3,2,1,132,2
T4,3,1,140,2
T5,4,0,165,1
T6,5,0,25,1
T7,6,0,52,1
T8,7,1,200,59
T9,8,0,105,3
T10,9,1,180,5
[162]
T1,0,0,45,2
T2,1,1,108,2
T3,2,0,150,11
T4,3,1,65,1
T5,4,0,54,2
T6,5,0,156,23
T7,6,1,40,3
T8,7,1,200,2
T9,8,1,36,1
T10,9,0,168,15
[163]
T1,0,1,36,2
T2,1,0,27,1
T3,2,1,200,16
T4,3,0,72,2
T5,4,0,84,2
T6,5,1,108,3
T7,6,1,161,11
T8,7,1,175,20
T9,8,0,175,32
T10,9,0,52,2
[164]
T1,0,1,132,2
T2,1,1,165,12
T3,2,0,35,2
T4,3,0,27,4
T5,4,1,120,2
T6,5,1,150,5
T7,6,0,65,6
T8,7,1,40,2
T9,8,0,150,13
T10,9,1,200,7
[165]
T1,0,1,156,1
T2,1,1,200,2
T3,2,0,135,3
T4,3,0,43,2
T5,4,0,78,5
T6,5,0,33,2
T7,6,0,150,3
T8,7,0,90,26
T9,8,0,36,5
T10,9,1,165,2
[166]
T1,0,1,48,1
T2,1,0,44,4
T3,2,0,115,8
T4,3,0,161,11
T5,4,0,63,2
T6,5,0,21,2
T7,6,0,150,9
T8,7,1,184,23
T9,8,1,200,6
T10,9,1,144,8
[167]
T1,0,1,175,16
T2,1,1,185,10
T3,2,1,200,12
T4,3,1,72,13
T5,4,0,50,2
T6,5,0,168,17
T7,6,0,72,3
T8,7,1,35,2
T9,8,1,32,2
T10,9,0,90,1
[168]
T1,0,0,63,2
T2,1,0,168,1
T3,2,0,150,35
T4,3,1,154,3
T5,4,1,90,1
T6,5,1,200,25
T7,6,0,132,1
T8,7,1,20,2
T9,8,0,33,4
T10,9,1,26,2
[169]
T1,0,0,192,20
T2,1,1,100,8
T3,2,0,30,2
T4,3,0,28,2
T5,4,0,153,1
T6,5,0,54,1
T7,6,0,27,1
T8,7,0,153,1
T9,8,0,200,29
T10,9,1,120,6
[170]
T1,0,1,150,1
T2,1,1,100,2
T3,2,1,30,2
T4,3,1,22,1
T5,4,1,154,4
T6,5,1,55,6
T7,6,0,75,9
T8,7,1,54,4
T9,8,1,200,8
T10,9,0,176,19
[171]
T1,0,0,25,1
T2,1,1,154,7
T3,2,0,200,11
T4,3,1,43,2
T5,4,1,154,7
T6,5,1,110,11
T7,6,0,175,8
T8,7,1,88,1
T9,8,0,33,2
T10,9,0,70,8
[172]
T1,0,1,88,4
T2,1,0,84,6
T3,2,0,35,2
T4,3,1,192,2
T5,4,0,52,2
T6,5,1,200,26
T7,6,1,175,8
T8,7,0,175,2
T9,8,0,84,9
T10,9,0,42,4
[173]
T1,0,0,66,5
T2,1,0,198,5
T3,2,1,27,1
T4,3,0,114,2
T5,4,1,48,1
T6,5,1,72,2
T7,6,0,190,40
T8,7,0,24,1
T9,8,1,200,5
T10,9,0,171,13
[174]
T1,0,0,180,3
T2,1,1,200,10
T3,2,0,150,7
T4,3,0,39,1
T5,4,1,26,2
T6,5,1,180,7
T7,6,0,126,30
T8,7,1,84,1
T9,8,0,25,2
T10,9,0,72,1
[175]
T1,0,0,35,2
T2,1,0,189,2
T3,2,0,175,2
T4,3,0,70,2
T5,4,0,60,9
T6,5,0,50,4
T7,6,1,200,15
T8,7,0,126,16
T9,8,1,52,1
T10,9,1,162,16
[176]
T1,0,0,200,3
T2,1,1,168,2
T3,2,0,27,2
T4,3,0,66,2
T5,4,1,135,15
T6,5,1,154,15
T7,6,0,176,47
T8,7,0,50,2
T9,8,0,39,2
T10,9,0,70,2
[177]
T1,0,0,150,35
T2,1,0,21,1
T3,2,0,165,2
T4,3,0,27,2
T5,4,1,182,11
T6,5,1,130,4
T7,6,1,24,2
T8,7,0,56,1
T9,8,1,200,5
T10,9,0,70,2
[178]
T1,0,0,96,2
T2,1,0,43,1
T3,2,0,192,36
T4,3,1,150,19
T5,4,0,200,5
T6,5,1,196,1
T7,6,1,105,15
T8,7,1,50,1
T9,8,1,120,3
T10,9,0,32,2
[179]
T1,0,0,24,1
T2,1,0,176,5
T3,2,1,200,12
T4,3,0,30,3
T5,4,0,120,2
T6,5,1,168,4
T7,6,0,176,8
T8,7,1,72,7
T9,8,1,63,4
T10,9,0,47,2
[180]
T1,0,0,168,8
T2,1,1,41,4
T3,2,0,200,14
T4,3,1,108,3
T5,4,1,168,9
T6,5,1,91,1
T7,6,1,130,3
T8,7,1,180,27
T9,8,1,35,1
T10,9,0,21,2
[181]
T1,0,0,88,4
T2,1,0,21,2
T3,2,1,175,1
T4,3,0,175,5
T5,4,0,200,2
T6,5,0,80,2
T7,6,1,198,34
T8,7,1,45,1
T9,8,0,44,8
T10,9,1,112,5
[182]
T1,0,1,184,17
T2,1,0,25,2
T3,2,1,200,12
T4,3,0,60,6
T5,4,1,45,1
T6,5,0,70,2
T7,6,1,168,10
T8,7,1,41,5
T9,8,0,175,6
T10,9,0,56,3
[183]
T1,0,0,171,3
T2,1,1,72,5
T3,2,1,29,1
T4,3,1,120,5
T5,4,1,165,19
T6,5,1,44,2
T7,6,1,200,17
T8,7,1,190,6
T9,8,0,25,2
T10,9,0,66,1
[184]
T1,0,0,45,1
T2,1,0,84,2
T3,2,0,126,9
T4,3,0,44,5
T5,4,0,175,1
T6,5,1,33,1
T7,6,0,90,8
T8,7,0,168,12
T9,8,0,160,3
T10,9,1,200,22
[185]
T1,0,1,75,3
T2,1,0,160,12
T3,2,0,188,4
T4,3,1,48,4
T5,4,1,112,2
T6,5,1,188,10
T7,6,1,25,3
T8,7,0,49,1
T9,8,1,200,17
T10,9,1,56,1
[186]
T1,0,1,175,27
T2,1,1,153,2
T3,2,1,84,2
T4,3,0,200,27
T5,4,1,32,2
T6,5,0,120,21
T7,6,1,40,2
T8,7,1,180,1
T9,8,0,144,3
T10,9,0,32,2
[187]
T1,0,1,56,2
T2,1,1,112,3
T3,2,0,150,2
T4,3,0,162,13
T5,4,1,81,2
T6,5,1,36,1
T7,6,1,46,1
T8,7,1,168,45
T9,8,1,42,2
T10,9,1,200,2
[188]
T1,0,1,90,4
T2,1,0,72,2
T3,2,1,200,8
T4,3,1,21,5
T5,4,0,22,1
T6,5,0,105,2
T7,6,0,28,1
T8,7,0,150,10
T9,8,1,150,2
T10,9,1,188,3
[189]
T1,0,1,200,13
T2,1,1,37,1
T3,2,0,154,30
T4,3,1,154,2
T5,4,1,57,1
T6,5,1,154,9
T7,6,1,44,1
T8,7,0,21,2
T9,8,0,114,13
T10,9,0,75,2
[190]
T1,0,0,40,2
T2,1,1,200,9
T3,2,0,150,29
T4,3,0,30,4
T5,4,0,120,2
T6,5,0,96,11
T7,6,0,186,2
T8,7,1,24,2
T9,8,0,56,2
T10,9,1,175,1
[191]
T1,0,0,200,20
T2,1,0,29,1
T3,2,0,60,5
T4,3,0,190,3
T5,4,1,168,1
T6,5,0,63,5
T7,6,0,90,2
T8,7,1,50,5
T9,8,1,42,3
T10,9,0,150,1
[192]
T1,0,0,150,21
T2,1,1,75,1
T3,2,0,38,5
T4,3,0,40,1
T5,4,1,114,17
T6,5,1,175,4
T7,6,1,168,8
T8,7,1,36,2
T9,8,0,200,2
T10,9,1,75,2
[193]
T1,0,1,189,4
T2,1,1,135,2
T3,2,1,200,21
T4,3,0,34,2
T5,4,1,28,2
T6,5,1,189,2
T7,6,0,153,11
T8,7,1,72,2
T9,8,1,33,3
T10,9,1,60,7
[194]
T1,0,1,200,14
T2,1,1,40,2
T3,2,0,154,2
T4,3,1,60,4
T5,4,0,119,16
T6,5,1,150,10
T7,6,0,187,13
T8,7,1,105,2
T9,8,1,42,2
T10,9,0,24,1
[195]
T1,0,0,21,4
T2,1,0,75,7
T3,2,0,152,5
T4,3,1,20,2
T5,4,1,180,8
T6,5,1,180,4
T7,6,0,57,1
T8,7,1,200,16
T9,8,0,52,1
T10,9,0,65,3
[196]
T1,0,1,30,2
T2,1,0,200,5
T3,2,0,74,6
T4,3,1,165,2
T5,4,0,99,7
T6,5,0,50,2
T7,6,0,185,12
T8,7,0,48,3
T9,8,0,99,6
T10,9,0,148,18
[197]
T1,0,0,20,2
T2,1,1,104,1
T3,2,0,104,2
T4,3,1,44,2
T5,4,0,66,6
T6,5,0,176,3
T7,6,0,25,2
T8,7,0,200,56
T9,8,1,195,3
T10,9,0,180,13
[198]
T1,0,0,200,14
T2,1,0,28,2
T3,2,1,174,2
T4,3,0,72,2
T5,4,0,42,6
T6,5,1,50,4
T7,6,1,70,6
T8,7,0,174,3
T9,8,1,175,2
T10,9,0,84,2
[199]
T1,0,1,175,8
T2,1,1,128,11
T3,2,1,175,9
T4,3,1,32,2
T5,4,0,152,1
T6,5,1,27,2
T7,6,1,80,2
T8,7,1,64,9
T9,8,0,200,32
T10,9,1,32,1
[200]
T1,0,1,35,2
T2,1,0,90,2
T3,2,0,156,3
T4,3,1,45,7
T5,4,1,189,8
T6,5,0,70,1
T7,6,1,200,13
T8,7,1,156,12
T9,8,0,54,4
T10,9,0,51,2
[201]
T1,0,1,184,2
T2,1,0,69,9
T3,2,1,200,19
T4,3,0,20,1
T5,4,1,28,1
T6,5,1,161,1
T7,6,0,96,2
T8,7,0,41,2
T9,8,0,160,15
T10,9,0,75,6
[202]
T1,0,1,32,2
T2,1,0,112,6
T3,2,1,190,1
T4,3,1,36,2
T5,4,0,25,4
T6,5,1,180,12
T7,6,1,133,4
T8,7,1,175,8
T9,8,0,120,11
T10,9,1,200,3
[203]
T1,0,1,200,5
T2,1,0,160,10
T3,2,0,20,2
T4,3,1,150,19
T5,4,0,147,14
T6,5,0,96,6
T7,6,1,56,9
T8,7,1,40,2
T9,8,0,72,1
T10,9,0,47,2
[204]
T1,0,0,135,4
T2,1,1,48,1
T3,2,0,72,11
T4,3,0,200,12
T5,4,0,28,1
T6,5,0,168,6
T7,6,0,150,5
T8,7,1,100,3
T9,8,0,36,3
T10,9,0,168,8
[205]
T1,0,0,160,7
T2,1,0,200,3
T3,2,0,48,6
T4,3,1,50,2
T5,4,1,75,1
T6,5,0,91,12
T7,6,1,168,2
T8,7,0,96,4
T9,8,1,33,4
T10,9,1,180,6
[206]
T1,0,1,189,11
T2,1,0,72,2
T3,2,0,32,2
T4,3,0,39,1
T5,4,1,28,2
T6,5,0,182,20
T7,6,1,108,1
T8,7,0,189,1
T9,8,1,91,9
T10,9,0,200,53
[207]
T1,0,0,175,37
T2,1,1,105,4
T3,2,0,35,1
T4,3,1,154,2
T5,4,1,200,6
T6,5,1,108,6
T7,6,1,110,5
T8,7,1,176,2
T9,8,0,22,2
T10,9,1,22,2
[208]
T1,0,0,180,4
T2,1,1,200,17
T3,2,1,180,3
T4,3,0,30,5
T5,4,0,50,1
T6,5,1,126,7
T7,6,0,136,6
T8,7,1,80,2
T9,8,1,34,1
T10,9,1,160,12
[209]
T1,0,1,200,11
T2,1,1,54,2
T3,2,0,184,2
T4,3,0,43,2
T5,4,1,175,5
T6,5,1,161,8
T7,6,1,105,14
T8,7,0,23,3
T9,8,0,126,12
T10,9,0,46,1
[210]
T1,0,1,115,3
T2,1,1,138,3
T3,2,0,200,16
T4,3,0,60,4
T5,4,1,32,2
T6,5,1,48,3
T7,6,0,160,31
T8,7,0,23,2
T9,8,1,195,9
T10,9,1,160,11
[211]
T1,0,0,75,2
T2,1,1,168,2
T3,2,1,42,7
T4,3,0,200,15
T5,4,0,180,2
T6,5,1,90,9
T7,6,1,140,8
T8,7,0,190,23
T9,8,0,53,1
T10,9,0,48,2
[212]
T1,0,0,55,2
T2,1,0,168,2
T3,2,1,200,2
T4,3,0,90,3
T5,4,0,54,6
T6,5,0,44,2
T7,6,1,180,21
T8,7,0,132,21
T9,8,1,30,1
T10,9,1,175,5
[213]
T1,0,0,35,1
T2,1,1,112,9
T3,2,1,132,3
T4,3,0,48,2
T5,4,1,160,10
T6,5,1,56,5
T7,6,0,30,1
T8,7,1,160,1
T9,8,0,200,25
T10,9,1,154,12
[214]
T1,0,0,168,17
T2,1,1,200,23
T3,2,1,54,1
T4,3,0,115,9
T5,4,0,189,26
T6,5,0,150,1
T7,6,1,29,2
T8,7,0,40,2
T9,8,1,72,2
T10,9,1,70,2
[215]
T1,0,0,40,2
T2,1,1,126,1
T3,2,0,22,2
T4,3,0,198,4
T5,4,0,43,6
T6,5,1,200,13
T7,6,0,66,3
T8,7,1,175,25
T9,8,1,150,5
T10,9,0,112,6
[216]
T1,0,1,160,3
T2,1,1,175,5
T3,2,1,50,3
T4,3,1,180,1
T5,4,1,200,21
T6,5,1,22,2
T7,6,1,135,41
T8,7,1,48,1
T9,8,0,135,2
T10,9,0,90,1
[217]
T1,0,0,42,4
T2,1,1,21,2
T3,2,1,27,2
T4,3,0,154,16
T5,4,0,198,20
T6,5,0,140,2
T7,6,0,112,5
T8,7,1,120,7
T9,8,1,200,6
T10,9,1,175,13
[218]
T1,0,0,120,1
T2,1,0,35,2
T3,2,0,22,1
T4,3,0,154,2
T5,4,0,112,1
T6,5,1,196,14
T7,6,0,150,17
T8,7,1,98,5
T9,8,0,200,37
T10,9,0,44,2
[219]
T1,0,0,50,2
T2,1,0,77,9
T3,2,1,120,8
T4,3,1,160,6
T5,4,0,29,1
T6,5,1,198,1
T7,6,0,75,2
T8,7,0,168,3
T9,8,1,44,2
T10,9,0,200,38
[220]
T1,0,0,147,6
T2,1,1,40,4
T3,2,0,60,3
T4,3,1,27,2
T5,4,0,200,1
T6,5,1,35,2
T7,6,1,56,2
T8,7,1,195,22
T9,8,1,120,8
T10,9,1,196,5
[221]
T1,0,0,50,2
T2,1,0,200,9
T3,2,1,136,15
T4,3,1,170,9
T5,4,0,72,2
T6,5,0,170,6
T7,6,0,175,15
T8,7,0,51,6
T9,8,1,56,6
T10,9,0,51,2
[222]
T1,0,0,175,5
T2,1,1,65,5
T3,2,1,21,2
T4,3,0,26,1
T5,4,1,175,10
T6,5,1,200,1
T7,6,1,104,15
T8,7,0,48,3
T9,8,1,182,11
T10,9,0,54,4
[223]
T1,0,1,140,3
T2,1,0,52,4
T3,2,1,195,19
T4,3,1,50,2
T5,4,1,200,2
T6,5,1,110,12
T7,6,0,156,2
T8,7,1,43,6
T9,8,1,75,2
T10,9,0,156,9
[224]
T1,0,1,140,1
T2,1,0,156,30
T3,2,1,132,2
T4,3,0,156,26
T5,4,0,165,2
T6,5,1,104,4
T7,6,0,21,2
T8,7,1,40,2
T9,8,0,30,2
T10,9,1,200,4
[225]
T1,0,0,70,1
T2,1,0,168,3
T3,2,1,60,9
T4,3,0,200,4
T5,4,0,45,2
T6,5,1,41,2
T7,6,0,168,27
T8,7,1,72,6
T9,8,0,164,10
T10,9,0,42,2
[226]
T1,0,1,63,2
T2,1,1,150,4
T3,2,0,156,28
T4,3,1,91,2
T5,4,0,108,8
T6,5,0,45,2
T7,6,0,180,5
T8,7,1,200,8
T9,8,1,54,1
T10,9,1,33,3
[227]
T1,0,1,75,9
T2,1,0,192,13
T3,2,0,49,2
T4,3,0,160,7
T5,4,0,20,1
T6,5,1,30,1
T7,6,0,160,1
T8,7,0,136,14
T9,8,1,119,1
T10,9,0,200,12
[228]
T1,0,1,132,5
T2,1,1,195,3
T3,2,0,44,2
T4,3,0,99,8
T5,4,1,25,1
T6,5,1,198,19
T7,6,1,44,3
T8,7,0,180,15
T9,8,0,200,13
T10,9,0,104,8
[229]
T1,0,1,42,12
T2,1,1,96,3
T3,2,0,54,2
T4,3,1,175,8
T5,4,1,196,20
T6,5,0,168,7
T7,6,0,147,1
T8,7,1,140,1
T9,8,1,25,2
T10,9,1,200,4
[230]
T1,0,0,70,13
T2,1,0,20,2
T3,2,0,180,4
T4,3,0,23,1
T5,4,0,20,1
T6,5,1,200,9
T7,6,1,186,1
T8,7,1,93,9
T9,8,0,175,6
T10,9,1,93,6
[231]
T1,0,0,200,8
T2,1,1,34,1
T3,2,1,27,3
T4,3,0,120,1
T5,4,1,115,16
T6,5,1,184,3
T7,6,0,23,2
T8,7,1,175,15
T9,8,0,150,3
T10,9,1,105,4
[232]
T1,0,0,63,1
T2,1,0,200,44
T3,2,0,28,1
T4,3,0,30,1
T5,4,1,98,2
T6,5,0,165,2
T7,6,0,175,4
T8,7,0,140,6
T9,8,1,30,3
T10,9,1,165,4
[233]
T1,0,1,184,4
T2,1,0,175,3
T3,2,1,28,1
T4,3,1,30,3
T5,4,0,40,2
T6,5,1,100,12
T7,6,1,112,4
T8,7,0,200,4
T9,8,0,112,2
T10,9,0,196,33
[234]
T1,0,0,200,2
T2,1,1,180,16
T3,2,0,195,8
T4,3,0,52,10
T5,4,0,65,3
T6,5,1,162,6
T7,6,1,20,1
T8,7,0,135,10
T9,8,1,36,2
T10,9,0,104,2
[235]
T1,0,0,81,1
T2,1,1,45,2
T3,2,1,51,3
T4,3,0,200,13
T5,4,0,162,2
T6,5,0,24,2
T7,6,0,88,8
T8,7,0,66,11
T9,8,0,162,1
T10,9,1,198,26
[236]
T1,0,0,30,1
T2,1,0,196,7
T3,2,1,200,3
T4,3,0,36,2
T5,4,0,196,21
T6,5,0,99,1
T7,6,0,70,14
T8,7,0,100,6
T9,8,0,40,1
T10,9,0,180,3
[237]
T1,0,0,200,28
T2,1,0,161,8
T3,2,1,49,2
T4,3,1,28,2
T5,4,0,60,1
T6,5,0,180,30
T7,6,0,69,2
T8,7,1,189,6
T9,8,1,108,3
T10,9,0,50,2
[238]
T1,0,0,175,1
T2,1,1,50,2
T3,2,1,168,29
T4,3,1,168,1
T5,4,1,200,15
T6,5,1,42,2
T7,6,1,69,1
T8,7,0,64,1
T9,8,0,120,2
T10,9,0,23,5
[239]
T1,0,1,200,6
T2,1,1,41,4
T3,2,1,28,1
T4,3,1,24,3
T5,4,0,120,3
T6,5,1,180,3
T7,6,0,165,16
T8,7,1,196,19
T9,8,1,66,2
T10,9,0,72,2
[240]
T1,0,1,140,6
T2,1,0,64,3
T3,2,1,200,18
T4,3,0,80,8
T5,4,0,50,3
T6,5,0,51,1
T7,6,1,168,10
T8,7,1,192,19
T9,8,0,168,1
T10,9,0,36,2
[241]
T1,0,1,171,3
T2,1,1,72,16
T3,2,0,120,21
T4,3,1,23,2
T5,4,1,114,4
T6,5,1,32,2
T7,6,1,190,2
T8,7,1,200,4
T9,8,0,23,1
T10,9,1,190,3
[242]
T1,0,0,108,1
T2,1,1,45,2
T3,2,0,48,5
T4,3,1,45,1
T5,4,0,189,17
T6,5,0,128,7
T7,6,1,175,11
T8,7,1,168,18
T9,8,0,60,4
T10,9,1,200,9
[243]
T1,0,0,28,1
T2,1,0,200,13
T3,2,0,70,3
T4,3,0,175,2
T5,4,1,175,17
T6,5,0,120,1
T7,6,1,46,2
T8,7,0,150,26
T9,8,0,63,3
T10,9,1,36,2
[244]
T1,0,0,63,2
T2,1,0,23,2
T3,2,1,95,4
T4,3,1,175,1
T5,4,0,200,2
T6,5,0,190,25
T7,6,0,171,23
T8,7,0,21,1
T9,8,0,36,2
T10,9,1,90,11
[245]
T1,0,0,42,2
T2,1,0,92,10
T3,2,0,161,4
T4,3,1,92,6
T5,4,1,96,2
T6,5,0,168,18
T7,6,1,168,11
T8,7,0,52,6
T9,8,1,30,1
T10,9,0,200,3
[246]
T1,0,1,110,2
T2,1,1,120,10
T3,2,0,49,6
T4,3,1,42,3
T5,4,1,66,1
T6,5,1,165,5
T7,6,1,21,2
T8,7,0,200,9
T9,8,0,190,11
T10,9,0,154,2
[247]
T1,0,1,72,1
T2,1,1,168,3
T3,2,0,200,6
T4,3,0,28,2
T5,4,0,25,1
T6,5,1,125,6
T7,6,1,150,6
T8,7,0,32,3
T9,8,1,162,10
T10,9,0,100,17
[248]
T1,0,0,150,23
T2,1,1,196,8
T3,2,0,34,2
T4,3,1,24,3
T5,4,1,174,2
T6,5,1,21,1
T7,6,1,145,12
T8,7,1,200,1
T9,8,0,75,1
T10,9,0,87,5
[249]
T1,0,0,30,2
T2,1,0,168,7
T3,2,0,105,13
T4,3,1,71,1
T5,4,0,90,3
T6,5,1,175,10
T7,6,1,150,3
T8,7,0,200,6
T9,8,0,20,2
T10,9,1,49,6
[250]
T1,0,1,180,2
T2,1,0,100,2
T3,2,1,165,5
T4,3,1,200,5
T5,4,0,56,11
T6,5,1,22,2
T7,6,1,165,10
T8,7,0,88,7
T9,8,0,28,1
T10,9,0,40,2
[251]
T1,0,1,160,10
T2,1,0,150,2
T3,2,0,43,2
T4,3,1,32,1
T5,4,0,70,1
T6,5,0,200,27
T7,6,0,175,8
T8,7,1,24,2
T9,8,1,128,22
T10,9,0,84,2
[252]
T1,0,1,140,10
T2,1,1,26,1
T3,2,0,182,2
T4,3,0,52,2
T5,4,0,150,9
T6,5,1,104,16
T7,6,1,45,2
T8,7,0,200,7
T9,8,1,156,11
T10,9,1,72,4
[253]
T1,0,0,162,2
T2,1,0,66,2
T3,2,0,160,22
T4,3,1,81,10
T5,4,0,81,1
T6,5,0,198,13
T7,6,1,35,2
T8,7,0,200,31
T9,8,1,40,2
T10,9,0,54,2
[254]
T1,0,1,165,3
T2,1,1,200,10
T3,2,1,100,4
T4,3,1,33,1
T5,4,1,196,30
T6,5,0,98,7
T7,6,1,168,7
T8,7,0,70,3
T9,8,1,32,1
T10,9,1,30,1
[255]
T1,0,0,77,2
T2,1,0,42,3
T3,2,0,160,5
T4,3,1,200,14
T5,4,1,43,1
T6,5,0,176,8
T7,6,0,21,3
T8,7,1,192,5
T9,8,1,112,2
T10,9,0,132,13
[256]
T1,0,0,95,5
T2,1,0,132,2
T3,2,0,165,4
T4,3,0,76,5
T5,4,0,200,2
T6,5,1,33,2
T7,6,0,175,3
T8,7,0,30,1
T9,8,0,52,5
T10,9,1,190,30
[257]
T1,0,0,175,8
T2,1,1,140,1
T3,2,1,45,1
T4,3,1,176,5
T5,4,0,50,11
T6,5,1,96,10
T7,6,0,200,2
T8,7,0,31,2
T9,8,0,175,5
T10,9,1,90,1
[258]
T1,0,1,42,2
T2,1,0,160,13
T3,2,0,48,7
T4,3,1,56,1
T5,4,1,198,2
T6,5,0,39,5
T7,6,0,60,3
T8,7,1,200,5
T9,8,1,160,13
T10,9,0,55,2
[259]
T1,0,1,168,2
T2,1,1,130,12
T3,2,1,21,2
T4,3,0,24,2
T5,4,0,200,5
T6,5,1,56,1
T7,6,0,150,15
T8,7,0,60,2
T9,8,1,169,20
T10,9,1,40,5
[260]
T1,0,1,200,8
T2,1,1,84,1
T3,2,0,165,4
T4,3,0,25,3
T5,4,1,54,2
T6,5,1,168,6
T7,6,1,84,3
T8,7,1,22,2
T9,8,1,52,7
T10,9,0,180,23
[261]
T1,0,1,96,8
T2,1,0,43,1
T3,2,1,25,4
T4,3,1,25,2
T5,4,1,200,3
T6,5,1,100,10
T7,6,1,182,10
T8,7,1,56,2
T9,8,0,175,5
T10,9,0,156,8
[262]
T1,0,1,112,11
T2,1,0,84,5
T3,2,0,20,1
T4,3,1,195,3
T5,4,0,40,4
T6,5,1,126,3
T7,6,1,150,23
T8,7,0,200,2
T9,8,1,156,3
T10,9,1,42,2
[263]
T1,0,1,76,2
T2,1,0,26,1
T3,2,0,55,12
T4,3,1,24,2
T5,4,0,200,20
T6,5,1,99,1
T7,6,0,165,2
T8,7,0,152,14
T9,8,1,20,2
T10,9,1,198,5
[264]
T1,0,1,200,23
T2,1,1,168,18
T3,2,0,22,2
T4,3,0,55,2
T5,4,1,165,6
T6,5,0,150,3
T7,6,0,88,5
T8,7,0,49,3
T9,8,1,85,11
T10,9,1,22,2
[265]
T1,0,1,192,9
T2,1,1,195,17
T3,2,0,91,5
T4,3,0,60,6
T5,4,1,195,2
T6,5,1,26,2
T7,6,1,50,2
T8,7,0,80,6
T9,8,0,41,3
T10,9,1,200,15
[266]
T1,0,1,72,5
T2,1,1,180,15
T3,2,0,24,2
T4,3,0,114,8
T5,4,1,35,2
T6,5,0,30,2
T7,6,0,150,2
T8,7,1,200,12
T9,8,0,88,9
T10,9,1,152,21
[267]
T1,0,0,112,1
T2,1,1,175,39
T3,2,1,175,6
T4,3,0,189,14
T5,4,1,200,18
T6,5,1,20,2
T7,6,0,25,2
T8,7,0,60,2
T9,8,1,42,2
T10,9,1,140,6
[268]
T1,0,1,150,10
T2,1,0,200,19
T3,2,1,81,6
T4,3,1,54,3
T5,4,0,126,2
T6,5,1,196,1
T7,6,0,24,2
T8,7,1,21,1
T9,8,0,49,2
T10,9,0,150,22
[269]
T1,0,1,52,2
T2,1,0,198,8
T3,2,1,180,16
T4,3,0,120,8
T5,4,1,32,2
T6,5,0,154,1
T7,6,1,200,9
T8,7,0,132,10
T9,8,0,22,2
T10,9,1,84,7
[270]
T1,0,1,45,4
T2,1,0,150,11
T3,2,0,50,4
T4,3,1,112,3
T5,4,1,150,2
T6,5,1,200,6
T7,6,0,63,5
T8,7,0,40,2
T9,8,1,160,2
T10,9,1,117,10
[271]
T1,0,0,29,2
T2,1,0,98,14
T3,2,0,168,2
T4,3,1,200,3
T5,4,1,115,11
T6,5,0,23,2
T7,6,0,161,1
T8,7,0,56,7
T9,8,1,49,4
T10,9,0,196,8
[272]
T1,0,0,150,27
T2,1,1,200,7
T3,2,1,69,2
T4,3,1,150,5
T5,4,0,42,2
T6,5,0,180,2
T7,6,1,30,1
T8,7,0,90,11
T9,8,1,108,11
T10,9,0,50,1
[273]
T1,0,0,175,6
T2,1,1,176,4
T3,2,0,154,1
T4,3,0,44,4
T5,4,0,20,2
T6,5,1,88,9
T7,6,1,77,10
T8,7,0,98,13
T9,8,0,48,2
T10,9,0,200,2
[274]
T1,0,1,70,9
T2,1,0,28,2
T3,2,1,200,1
T4,3,1,154,11
T5,4,1,28,3
T6,5,0,90,10
T7,6,1,110,7
T8,7,0,150,2
T9,8,0,154,7
T10,9,0,35,2
[275]
T1,0,0,84,4
T2,1,1,40,1
T3,2,0,36,1
T4,3,0,200,60
T5,4,1,168,6
T6,5,1,108,1
T7,6,0,98,1
T8,7,0,32,2
T9,8,0,150,2
T10,9,0,162,18
[276]
T1,0,1,200,4
T2,1,0,56,13
T3,2,0,175,1
T4,3,0,25,2
T5,4,1,35,2
T6,5,0,45,3
T7,6,1,126,2
T8,7,0,195,2
T9,8,1,54,2
T10,9,0,156,22
[277]
T1,0,1,168,2
T2,1,0,30,2
T3,2,0,160,2
T4,3,1,90,13
T5,4,0,75,12
T6,5,1,38,2
T7,6,1,168,7
T8,7,0,25,1
T9,8,1,200,7
T10,9,1,144,2
[278]
T1,0,0,130,1
T2,1,0,171,26
T3,2,0,171,2
T4,3,1,40,1
T5,4,1,114,10
T6,5,0,26,2
T7,6,0,152,18
T8,7,0,72,4
T9,8,0,48,2
T10,9,1,200,7
[279]
T1,0,1,150,15
T2,1,1,42,4
T3,2,0,100,6
T4,3,1,200,1
T5,4,1,154,3
T6,5,1,187,4
T7,6,1,84,3
T8,7,0,119,21
T9,8,1,42,2
T10,9,1,45,1
[280]
T1,0,0,200,3
T2,1,0,36,3
T3,2,1,195,4
T4,3,1,195,5
T5,4,1,30,2
T6,5,1,52,10
T7,6,0,72,4
T8,7,1,162,2
T9,8,0,80,8
T10,9,1,96,3
[281]
T1,0,1,40,2
T2,1,0,160,15
T3,2,1,35,2
T4,3,1,72,2
T5,4,0,120,30
T6,5,1,63,1
T7,6,1,200,14
T8,7,1,33,1
T9,8,1,168,4
T10,9,0,168,9
[282]
T1,0,1,150,6
T2,1,0,42,2
T3,2,0,200,23
T4,3,1,28,2
T5,4,1,21,2
T6,5,0,56,4
T7,6,0,180,7
T8,7,0,104,5
T9,8,1,150,19
T10,9,0,91,1
[283]
T1,0,0,160,9
T2,1,0,150,8
T3,2,1,24,2
T4,3,0,35,1
T5,4,0,120,14
T6,5,0,200,10
T7,6,1,80,16
T8,7,0,120,2
T9,8,1,41,2
T10,9,1,150,3
[284]
T1,0,0,168,11
T2,1,1,120,7
T3,2,0,168,1
T4,3,0,20,1
T5,4,0,84,9
T6,5,1,188,2
T7,6,1,140,15
T8,7,0,34,1
T9,8,0,200,16
T10,9,1,25,2
[285]
T1,0,1,196,2
T2,1,1,56,5
T3,2,1,33,3
T4,3,1,176,9
T5,4,0,88,10
T6,5,1,25,2
T7,6,1,200,20
T8,7,0,28,1
T9,8,1,196,11
T10,9,1,55,2
[286]
T1,0,0,189,5
T2,1,1,35,1
T3,2,0,192,29
T4,3,0,75,3
T5,4,1,200,5
T6,5,0,140,12
T7,6,0,53,4
T8,7,1,160,3
T9,8,1,120,9
T10,9,0,28,2
[287]
T1,0,1,24,1
T2,1,0,30,2
T3,2,0,100,1
T4,3,1,175,8
T5,4,1,200,2
T6,5,0,150,26
T7,6,0,105,8
T8,7,1,112,5
T9,8,1,164,20
T10,9,0,30,2
[288]
T1,0,1,200,8
T2,1,0,168,9
T3,2,1,34,2
T4,3,0,20,2
T5,4,0,90,2
T6,5,1,112,3
T7,6,0,28,6
T8,7,0,180,18
T9,8,0,180,6
T10,9,1,112,2
[289]
T1,0,0,50,2
T2,1,0,175,1
T3,2,0,200,18
T4,3,0,78,3
T5,4,0,192,17
T6,5,1,96,2
T7,6,0,41,3
T8,7,1,192,4
T9,8,0,64,3
T10,9,1,39,7
[290]
T1,0,1,180,2
T2,1,0,120,5
T3,2,0,160,10
T4,3,1,44,15
T5,4,1,87,1
T6,5,1,108,1
T7,6,0,24,1
T8,7,0,180,2
T9,8,1,32,2
T10,9,1,200,6
[291]
T1,0,0,120,2
T2,1,0,180,10
T3,2,1,54,8
T4,3,1,185,29
T5,4,1,200,13
T6,5,1,50,1
T7,6,0,80,2
T8,7,1,111,2
T9,8,1,26,2
T10,9,0,160,11
[292]
T1,0,0,48,2
T2,1,1,150,17
T3,2,0,112,7
T4,3,0,78,1
T5,4,1,182,35
T6,5,1,26,2
T7,6,1,160,9
T8,7,1,200,11
T9,8,0,40,2
T10,9,0,65,2
[293]
T1,0,0,40,1
T2,1,1,27,3
T3,2,1,200,50
T4,3,1,195,2
T5,4,0,130,1
T6,5,1,182,4
T7,6,0,72,1
T8,7,0,100,2
T9,8,1,182,2
T10,9,0,37,2
[294]
T1,0,1,75,9
T2,1,0,80,2
T3,2,1,51,2
T4,3,1,200,1
T5,4,0,32,1
T6,5,1,168,22
T7,6,0,75,2
T8,7,0,154,7
T9,8,0,176,30
T10,9,0,20,2
[295]
T1,0,0,162,14
T2,1,0,50,3
T3,2,1,165,11
T4,3,0,200,6
T5,4,0,36,2
T6,5,1,108,1
T7,6,1,50,2
T8,7,1,55,3
T9,8,0,165,38
T10,9,1,135,2
[296]
T1,0,1,160,2
T2,1,1,42,2
T3,2,1,150,6
T4,3,0,171,8
T5,4,1,51,2
T6,5,1,25,2
T7,6,1,72,2
T8,7,0,63,19
T9,8,1,57,1
T10,9,0,200,5
[297]
T1,0,0,150,12
T2,1,0,120,2
T3,2,1,24,1
T4,3,1,176,4
T5,4,1,144,10
T6,5,0,46,6
T7,6,1,176,25
T8,7,1,40,2
T9,8,1,200,7
T10,9,0,120,1
[298]
T1,0,0,40,2
T2,1,1,156,8
T3,2,1,104,2
T4,3,1,22,2
T5,4,0,156,23
T6,5,1,70,2
T7,6,1,37,4
T8,7,1,154,20
T9,8,0,88,2
T10,9,0,200,2
[299]
T1,0,1,184,2
T2,1,1,24,3
T3,2,1,23,2
T4,3,1,144,2
T5,4,1,162,1
T6,5,0,180,6
T7,6,1,200,8
T8,7,0,100,6
T9,8,0,23,2
T10,9,1,135,23
[300]
T1,0,0,34,1
T2,1,0,110,1
T3,2,1,198,15
T4,3,1,136,3
T5,4,1,200,12
T6,5,0,46,1
T7,6,0,144,5
T8,7,0,187,32
T9,8,0,36,2
T10,9,0,187,11
[301]
T1,0,1,184,19
T2,1,0,115,1
T3,2,0,40,4
T4,3,0,165,5
T5,4,1,20,2
T6,5,1,100,2
T7,6,0,24,2
T8,7,0,200,19
T9,8,0,184,6
T10,9,1,90,1
[302]
T1,0,0,140,7
T2,1,1,66,3
T3,2,1,25,2
T4,3,0,120,1
T5,4,0,200,37
T6,5,1,168,2
T7,6,0,30,1
T8,7,1,21,2
T9,8,0,152,17
T10,9,0,168,10
[303]
T1,0,0,91,4
T2,1,1,200,49
T3,2,1,26,2
T4,3,1,22,1
T5,4,0,165,2
T6,5,0,45,2
T7,6,0,120,2
T8,7,1,65,1
T9,8,0,195,28
T10,9,1,165,3
[304]
T1,0,0,48,1
T2,1,1,165,1
T3,2,1,150,4
T4,3,1,176,46
T5,4,0,200,26
T6,5,0,33,1
T7,6,0,41,2
T8,7,0,56,2
T9,8,1,132,1
T10,9,0,63,4
[305]
T1,0,0,144,3
T2,1,0,33,2
T3,2,0,150,1
T4,3,0,99,5
T5,4,1,30,2
T6,5,0,200,23
T7,6,0,120,19
T8,7,0,160,11
T9,8,1,168,5
T10,9,0,47,3
[306]
T1,0,1,51,2
T2,1,0,182,2
T3,2,1,120,2
T4,3,1,26,4
T5,4,1,182,2
T6,5,1,60,2
T7,6,0,24,2
T8,7,0,65,5
T9,8,0,175,26
T10,9,0,200,7
[307]
T1,0,0,63,2
T2,1,0,40,2
T3,2,1,189,6
T4,3,1,160,7
T5,4,1,50,6
T6,5,0,140,7
T7,6,1,81,9
T8,7,1,175,15
T9,8,0,200,6
T10,9,0,30,2
[308]
T1,0,1,156,11
T2,1,0,42,1
T3,2,1,143,20
T4,3,0,182,3
T5,4,0,200,7
T6,5,0,75,2
T7,6,0,130,2
T8,7,1,24,2
T9,8,1,26,2
T10,9,0,154,16
[309]
T1,0,1,50,1
T2,1,1,200,24
T3,2,0,180,21
T4,3,1,50,2
T5,4,0,144,3
T6,5,1,165,2
T7,6,0,150,3
T8,7,1,33,3
T9,8,1,100,16
T10,9,0,56,1
[310]
T1,0,0,56,6
T2,1,0,200,10
T3,2,0,78,9
T4,3,1,36,2
T5,4,0,53,3
T6,5,0,27,2
T7,6,0,156,6
T8,7,1,70,2
T9,8,0,182,8
T10,9,0,189,26
[311]
T1,0,1,165,18
T2,1,0,70,2
T3,2,1,40,1
T4,3,1,147,7
T5,4,1,147,1
T6,5,0,28,2
T7,6,1,70,3
T8,7,0,44,5
T9,8,0,165,8
T10,9,0,200,3
[312]
T1,0,1,24,5
T2,1,1,37,1
T3,2,1,40,2
T4,3,0,175,13
T5,4,0,200,6
T6,5,1,150,10
T7,6,1,136,2
T8,7,0,102,2
T9,8,1,150,2
T10,9,0,78,8
[313]
T1,0,1,175,2
T2,1,1,200,8
T3,2,1,60,14
T4,3,0,31,2
T5,4,0,21,2
T6,5,1,175,4
T7,6,0,60,2
T8,7,0,26,4
T9,8,1,189,2
T10,9,1,70,1
[314]
T1,0,1,37,2
T2,1,0,45,2
T3,2,1,148,2
T4,3,1,120,7
T5,4,1,74,8
T6,5,0,150,20
T7,6,1,120,11
T8,7,1,200,18
T9,8,0,48,2
T10,9,0,180,4
[315]
T1,0,1,144,15
T2,1,0,150,9
T3,2,1,136,11
T4,3,1,70,1
T5,4,0,28,2
T6,5,1,35,1
T7,6,1,150,2
T8,7,0,50,8
T9,8,0,153,9
T10,9,1,200,6
[316]
T1,0,0,34,2
T2,1,1,160,5
T3,2,1,36,2
T4,3,1,200,51
T5,4,1,150,1
T6,5,0,136,12
T7,6,1,100,2
T8,7,0,100,8
T9,8,1,153,3
T10,9,0,51,2
[317]
T1,0,0,44,3
T2,1,0,52,1
T3,2,1,50,3
T4,3,1,88,4
T5,4,0,200,1
T6,5,1,150,5
T7,6,1,165,35
T8,7,1,120,2
T9,8,1,55,1
T10,9,1,162,15
[318]
T1,0,0,200,11
T2,1,1,68,2
T3,2,0,180,15
T4,3,0,81,2
T5,4,1,136,16
T6,5,0,180,5
T7,6,0,37,2
T8,7,0,170,16
T9,8,1,50,3
T10,9,0,27,2
[319]
T1,0,0,42,2
T2,1,1,80,2
T3,2,0,40,1
T4,3,1,200,22
T5,4,0,180,17
T6,5,0,39,2
T7,6,1,96,13
T8,7,1,190,14
T9,8,1,140,2
T10,9,0,168,9
[320]
T1,0,1,200,18
T2,1,1,60,3
T3,2,0,105,14
T4,3,1,195,1
T5,4,0,27,1
T6,5,0,108,3
T7,6,0,30,2
T8,7,0,24,2
T9,8,1,156,8
T10,9,0,182,17
[321]
T1,0,0,27,1
T2,1,0,200,5
T3,2,0,135,13
T4,3,0,120,10
T5,4,0,80,1
T6,5,0,28,2
T7,6,1,36,2
T8,7,1,180,2
T9,8,1,180,6
T10,9,0,177,40
[322]
T1,0,1,176,10
T2,1,1,25,1
T3,2,0,72,3
T4,3,0,21,1
T5,4,0,200,28
T6,5,1,168,5
T7,6,1,44,4
T8,7,0,90,4
T9,8,1,140,2
T10,9,0,176,3
[323]
T1,0,0,135,9
T2,1,0,150,5
T3,2,1,20,2
T4,3,1,27,2
T5,4,0,112,3
T6,5,1,168,8
T7,6,0,26,5
T8,7,0,195,19
T9,8,1,200,2
T10,9,1,120,6
[324]
T1,0,0,21,2
T2,1,0,25,1
T3,2,0,122,22
T4,3,1,150,4
T5,4,1,168,26
T6,5,0,200,21
T7,6,0,180,2
T8,7,0,35,2
T9,8,0,120,3
T10,9,0,61,1
[325]
T1,0,0,66,2
T2,1,0,25,1
T3,2,0,99,12
T4,3,1,77,16
T5,4,0,43,2
T6,5,0,198,5
T7,6,1,198,25
T8,7,1,200,1
T9,8,0,22,2
T10,9,1,189,2
[326]
T1,0,1,180,2
T2,1,1,126,2
T3,2,1,24,2
T4,3,1,48,2
T5,4,0,200,16
T6,5,1,186,8
T7,6,0,63,17
T8,7,1,25,1
T9,8,1,186,1
T10,9,0,144,4
[327]
T1,0,1,192,5
T2,1,0,200,4
T3,2,0,66,5
T4,3,1,176,27
T5,4,0,40,2
T6,5,1,108,2
T7,6,0,22,4
T8,7,0,54,2
T9,8,1,165,2
T10,9,1,33,2
[328]
T1,0,1,31,2
T2,1,1,20,2
T3,2,1,84,1
T4,3,0,200,4
T5,4,0,25,2
T6,5,1,160,9
T7,6,1,100,24
T8,7,1,56,1
T9,8,1,180,7
T10,9,1,154,4
[329]
T1,0,1,200,26
T2,1,0,190,5
T3,2,0,152,15
T4,3,0,57,7
T5,4,1,38,2
T6,5,1,42,1
T7,6,1,120,5
T8,7,1,20,2
T9,8,1,56,2
T10,9,1,192,4
[330]
T1,0,1,152,6
T2,1,0,160,18
T3,2,1,24,2
T4,3,1,100,1
T5,4,1,200,1
T6,5,1,140,2
T7,6,1,25,2
T8,7,0,70,13
T9,8,0,168,5
T10,9,0,44,2
[331]
T1,0,0,150,40
T2,1,0,24,3
T3,2,1,40,2
T4,3,1,144,2
T5,4,0,60,6
T6,5,1,200,5
T7,6,0,100,2
T8,7,0,28,2
T9,8,0,150,2
T10,9,1,163,2
[332]
T1,0,1,44,4
T2,1,0,72,2
T3,2,0,120,8
T4,3,0,21,2
T5,4,1,195,3
T6,5,1,52,2
T7,6,0,165,3
T8,7,0,132,4
T9,8,1,200,2
T10,9,1,165,31
[333]
T1,0,0,200,5
T2,1,0,47,2
T3,2,1,117,1
T4,3,1,182,6
T5,4,1,21,2
T6,5,0,140,5
T7,6,0,100,2
T8,7,0,180,5
T9,8,1,150,40
T10,9,0,35,2
[334]
T1,0,1,150,4
T2,1,0,105,3
T3,2,0,180,17
T4,3,0,200,30
T5,4,0,90,7
T6,5,1,25,2
T7,6,0,176,10
T8,7,1,24,2
T9,8,0,126,3
T10,9,1,35,2
[335]
T1,0,0,200,19
T2,1,1,84,2
T3,2,1,165,3
T4,3,0,21,1
T5,4,1,182,2
T6,5,1,60,4
T7,6,1,42,1
T8,7,1,165,4
T9,8,0,48,3
T10,9,1,130,21
[336]
T1,0,0,30,1
T2,1,0,100,5
T3,2,1,37,2
T4,3,1,200,4
T5,4,0,180,2
T6,5,1,25,3
T7,6,1,175,8
T8,7,0,114,6
T9,8,0,133,15
T10,9,0,168,17
[337]
T1,0,1,117,2
T2,1,1,35,2
T3,2,1,175,24
T4,3,0,70,5
T5,4,1,200,2
T6,5,1,26,5
T7,6,1,150,1
T8,7,1,42,4
T9,8,1,130,1
T10,9,0,189,3
[338]
T1,0,0,75,2
T2,1,1,93,3
T3,2,1,200,4
T4,3,0,186,12
T5,4,1,192,5
T6,5,1,186,13
T7,6,0,37,5
T8,7,0,80,5
T9,8,1,25,1
T10,9,1,40,4
[339]
T1,0,1,60,1
T2,1,0,45,1
T3,2,0,33,2
T4,3,0,182,2
T5,4,1,195,1
T6,5,1,105,2
T7,6,0,143,44
T8,7,1,200,7
T9,8,0,182,16
T10,9,0,28,1
[340]
T1,0,1,152,4
T2,1,1,133,22
T3,2,1,54,2
T4,3,0,28,3
T5,4,1,42,3
T6,5,0,60,2
T7,6,0,200,2
T8,7,0,168,5
T9,8,0,168,5
T10,9,0,95,4
[341]
T1,0,1,175,2
T2,1,1,126,23
T3,2,0,27,2
T4,3,1,198,2
T5,4,1,189,12
T6,5,1,21,2
T7,6,1,200,11
T8,7,1,100,15
T9,8,1,99,2
T10,9,1,40,1
[342]
T1,0,1,175,15
T2,1,1,104,2
T3,2,1,165,11
T4,3,1,25,1
T5,4,0,26,2
T6,5,0,132,17
T7,6,1,200,11
T8,7,1,77,5
T9,8,0,195,9
T10,9,1,42,2
[343]
T1,0,0,30,2
T2,1,0,156,27
T3,2,1,144,2
T4,3,1,189,6
T5,4,0,45,2
T6,5,0,56,2
T7,6,1,180,14
T8,7,1,40,2
T9,8,1,200,20
T10,9,1,126,6
[344]
T1,0,1,126,16
T2,1,1,180,7
T3,2,1,112,10
T4,3,0,84,2
T5,4,1,42,2
T6,5,1,161,3
T7,6,0,150,9
T8,7,0,200,13
T9,8,1,22,2
T10,9,1,25,3
[345]
T1,0,1,25,1
T2,1,1,50,2
T3,2,1,200,6
T4,3,1,190,51
T5,4,1,190,2
T6,5,0,175,6
T7,6,0,145,7
T8,7,0,95,4
T9,8,0,45,2
T10,9,0,116,2
[346]
T1,0,1,38,1
T2,1,1,37,2
T3,2,1,150,7
T4,3,0,111,19
T5,4,0,72,2
T6,5,0,185,2
T7,6,0,74,7
T8,7,1,50,4
T9,8,1,192,14
T10,9,0,200,4
[347]
T1,0,1,200,21
T2,1,0,63,3
T3,2,1,64,2
T4,3,0,27,2
T5,4,1,50,3
T6,5,0,150,7
T7,6,1,168,4
T8,7,0,98,10
T9,8,1,192,6
T10,9,1,28,3
[348]
T1,0,0,33,2
T2,1,1,168,1
T3,2,0,80,11
T4,3,0,68,8
T5,4,1,45,1
T6,5,1,180,3
T7,6,0,70,2
T8,7,1,175,19
T9,8,1,200,5
T10,9,1,20,1
[349]
T1,0,0,200,3
T2,1,0,30,2
T3,2,0,195,20
T4,3,0,192,2
T5,4,0,20,1
T6,5,0,180,33
T7,6,1,96,2
T8,7,1,100,7
T9,8,0,31,3
T10,9,0,78,2
[350]
T1,0,1,140,23
T2,1,1,84,2
T3,2,1,168,3
T4,3,0,33,1
T5,4,1,176,4
T6,5,0,36,2
T7,6,0,72,7
T8,7,1,25,3
T9,8,1,165,10
T10,9,1,200,1
[351]
T1,0,0,88,2
T2,1,0,200,6
T3,2,1,20,2
T4,3,0,45,4
T5,4,0,168,25
T6,5,1,90,2
T7,6,0,98,17
T8,7,0,196,3
T9,8,1,33,1
T10,9,0,154,3
[352]
T1,0,1,20,1
T2,1,0,75,1
T3,2,1,45,10
T4,3,1,168,6
T5,4,0,200,5
T6,5,1,180,2
T7,6,1,25,1
T8,7,1,55,2
T9,8,1,75,2
T10,9,0,154,13
[353]
T1,0,1,180,2
T2,1,1,80,2
T3,2,0,135,8
T4,3,1,45,1
T5,4,0,190,2
T6,5,0,81,3
T7,6,0,23,1
T8,7,1,30,5
T9,8,0,200,3
T10,9,0,152,19
[354]
T1,0,0,24,2
T2,1,0,156,4
T3,2,0,65,2
T4,3,0,195,16
T5,4,0,182,13
T6,5,1,96,2
T7,6,1,200,11
T8,7,0,21,3
T9,8,1,42,2
T10,9,1,91,3
[355]
T1,0,1,48,8
T2,1,0,120,2
T3,2,0,42,4
T4,3,1,65,3
T5,4,1,156,14
T6,5,0,180,14
T7,6,0,200,11
T8,7,1,175,2
T9,8,0,21,2
T10,9,0,120,2
[356]
T1,0,1,175,17
T2,1,0,21,2
T3,2,0,52,3
T4,3,1,150,1
T5,4,1,35,2
T6,5,0,200,29
T7,6,1,174,6
T8,7,1,60,3
T9,8,1,100,15
T10,9,1,147,2
[357]
T1,0,1,46,5
T2,1,0,41,1
T3,2,1,180,1
T4,3,1,126,7
T5,4,0,72,1
T6,5,0,75,1
T7,6,1,45,2
T8,7,0,200,30
T9,8,0,168,14
T10,9,0,175,8
[358]
T1,0,0,20,4
T2,1,1,195,1
T3,2,1,144,5
T4,3,1,20,1
T5,4,0,171,2
T6,5,0,38,2
T7,6,0,200,3
T8,7,1,156,24
T9,8,0,120,6
T10,9,1,72,2
[359]
T1,0,0,156,3
T2,1,1,48,2
T3,2,0,200,40
T4,3,1,52,2
T5,4,0,72,9
T6,5,0,143,3
T7,6,0,150,5
T8,7,0,198,20
T9,8,1,44,1
T10,9,1,144,2
[360]
T1,0,1,76,6
T2,1,1,168,11
T3,2,0,28,2
T4,3,1,84,10
T5,4,1,27,2
T6,5,0,48,2
T7,6,0,160,2
T8,7,1,90,1
T9,8,0,152,8
T10,9,1,200,27
[361]
T1,0,1,24,2
T2,1,0,50,2
T3,2,1,100,4
T4,3,1,195,9
T5,4,0,32,4
T6,5,1,169,17
T7,6,0,90,1
T8,7,1,200,3
T9,8,0,65,1
T10,9,1,195,27
[362]
T1,0,0,56,2
T2,1,1,140,1
T3,2,0,189,7
T4,3,1,25,1
T5,4,0,88,4
T6,5,1,180,1
T7,6,0,200,36
T8,7,1,165,6
T9,8,1,33,5
T10,9,0,22,2
[363]
T1,0,0,38,2
T2,1,1,200,18
T3,2,0,50,1
T4,3,1,153,15
T5,4,0,100,12
T6,5,0,184,5
T7,6,1,138,2
T8,7,1,24,2
T9,8,0,170,7
T10,9,1,72,8
[364]
T1,0,0,119,9
T2,1,1,80,3
T3,2,1,170,5
T4,3,0,170,6
T5,4,1,200,18
T6,5,1,80,5
T7,6,0,42,2
T8,7,0,24,5
T9,8,0,28,2
T10,9,0,175,4
[365]
T1,0,0,152,6
T2,1,1,104,1
T3,2,0,156,4
T4,3,0,75,3
T5,4,1,104,24
T6,5,0,152,12
T7,6,1,29,2
T8,7,1,26,2
T9,8,0,25,1
T10,9,1,200,11
[366]
T1,0,1,120,5
T2,1,1,21,2
T3,2,1,150,2
T4,3,1,90,14
T5,4,0,184,18
T6,5,0,24,2
T7,6,1,200,8
T8,7,1,140,6
T9,8,1,180,10
T10,9,1,34,1
[367]
T1,0,0,200,13
T2,1,0,176,9
T3,2,0,66,5
T4,3,1,88,2
T5,4,0,162,6
T6,5,1,160,23
T7,6,0,48,1
T8,7,0,40,3
T9,8,0,42,1
T10,9,0,144,1
[368]
T1,0,1,168,19
T2,1,1,68,2
T3,2,0,26,2
T4,3,0,36,1
T5,4,0,200,4
T6,5,1,102,6
T7,6,1,72,5
T8,7,1,153,25
T9,8,1,175,2
T10,9,1,34,1
[369]
T1,0,0,186,17
T2,1,0,75,5
T3,2,0,150,6
T4,3,0,160,12
T5,4,1,200,8
T6,5,0,48,2
T7,6,1,37,3
T8,7,1,52,2
T9,8,1,78,5
T10,9,0,130,5
[370]
T1,0,1,33,2
T2,1,1,48,2
T3,2,1,88,2
T4,3,0,165,5
T5,4,1,176,16
T6,5,1,120,5
T7,6,0,36,1
T8,7,1,57,8
T9,8,0,152,1
T10,9,1,200,23
[371]
T1,0,0,150,15
T2,1,0,30,2
T3,2,1,80,7
T4,3,1,48,4
T5,4,1,41,2
T6,5,1,159,20
T7,6,0,165,8
T8,7,1,200,2
T9,8,1,60,1
T10,9,1,120,10
[372]
T1,0,0,99,6
T2,1,0,41,1
T3,2,1,75,12
T4,3,1,25,3
T5,4,1,176,3
T6,5,1,198,7
T7,6,0,200,9
T8,7,1,66,2
T9,8,1,190,1
T10,9,0,50,3
[373]
T1,0,0,31,1
T2,1,0,77,8
T3,2,0,112,1
T4,3,1,20,2
T5,4,0,33,2
T6,5,1,200,10
T7,6,1,176,35
T8,7,1,180,6
T9,8,0,176,3
T10,9,1,80,2
[374]
T1,0,0,28,1
T2,1,0,182,2
T3,2,0,182,2
T4,3,1,100,2
T5,4,0,49,2
T6,5,1,120,1
T7,6,0,80,6
T8,7,0,156,31
T9,8,1,32,2
T10,9,1,200,34
[375]
T1,0,0,100,6
T2,1,1,184,4
T3,2,0,30,2
T4,3,1,55,5
T5,4,0,176,3
T6,5,0,28,1
T7,6,0,180,48
T8,7,1,200,3
T9,8,1,69,2
T10,9,1,30,2
[376]
T1,0,1,70,2
T2,1,0,160,6
T3,2,1,155,9
T4,3,1,29,1
T5,4,1,96,9
T6,5,0,48,1
T7,6,0,48,2
T8,7,0,168,7
T9,8,0,112,7
T10,9,1,200,35
[377]
T1,0,1,200,2
T2,1,0,195,26
T3,2,0,50,1
T4,3,1,192,5
T5,4,0,42,5
T6,5,0,32,2
T7,6,1,75,5
T8,7,0,80,2
T9,8,0,91,5
T10,9,0,160,13
[378]
T1,0,1,66,4
T2,1,1,140,5
T3,2,0,168,16
T4,3,0,29,1
T5,4,0,120,6
T6,5,0,165,3
T7,6,0,200,35
T8,7,1,24,2
T9,8,1,180,7
T10,9,0,25,2
[379]
T1,0,0,186,11
T2,1,1,150,2
T3,2,0,180,22
T4,3,0,200,31
T5,4,1,62,6
T6,5,1,117,2
T7,6,0,24,2
T8,7,1,93,4
T9,8,0,31,2
T10,9,1,24,2
[380]
T1,0,0,155,9
T2,1,0,116,4
T3,2,1,200,2
T4,3,1,155,19
T5,4,0,186,2
T6,5,1,120,10
T7,6,1,50,3
T8,7,0,87,2
T9,8,0,24,3
T10,9,1,24,2
[381]
T1,0,1,200,29
T2,1,0,184,2
T3,2,1,96,11
T4,3,1,100,1
T5,4,1,66,5
T6,5,0,20,1
T7,6,1,165,5
T8,7,0,41,2
T9,8,1,165,2
T10,9,1,20,1
[382]
T1,0,0,24,2
T2,1,0,200,19
T3,2,0,165,7
T4,3,0,68,2
T5,4,0,170,23
T6,5,0,25,3
T7,6,1,192,14
T8,7,0,88,1
T9,8,1,50,1
T10,9,1,75,2
[383]
T1,0,0,56,1
T2,1,1,46,4
T3,2,1,180,2
T4,3,0,200,10
T5,4,0,150,11
T6,5,0,63,2
T7,6,1,160,17
T8,7,0,84,2
T9,8,1,20,3
T10,9,0,32,1
[384]
T1,0,0,100,3
T2,1,0,75,7
T3,2,1,160,27
T4,3,1,53,4
T5,4,1,32,2
T6,5,0,33,1
T7,6,0,78,7
T8,7,0,160,2
T9,8,0,195,4
T10,9,0,200,7
[385]
T1,0,0,96,1
T2,1,0,200,7
T3,2,0,186,6
T4,3,1,21,1
T5,4,1,31,2
T6,5,1,175,39
T7,6,1,25,2
T8,7,1,160,23
T9,8,1,96,2
T10,9,1,96,2
[386]
T1,0,0,28,2
T2,1,1,28,3
T3,2,0,168,10
T4,3,1,165,4
T5,4,0,63,2
T6,5,0,63,14
T7,6,0,25,2
T8,7,0,180,3
T9,8,1,96,2
T10,9,0,200,2
[387]
T1,0,0,180,2
T2,1,0,20,2
T3,2,0,112,9
T4,3,1,52,2
T5,4,1,195,4
T6,5,1,28,5
T7,6,0,80,8
T8,7,1,200,1
T9,8,0,80,6
T10,9,1,160,4
[388]
T1,0,0,185,18
T2,1,0,200,16
T3,2,0,24,3
T4,3,0,28,1
T5,4,1,126,2
T6,5,0,111,3
T7,6,1,175,6
T8,7,0,185,1
T9,8,1,144,20
T10,9,1,42,2
[389]
T1,0,0,40,3
T2,1,0,190,8
T3,2,0,75,2
T4,3,0,200,2
T5,4,1,92,5
T6,5,0,20,2
T7,6,0,171,7
T8,7,0,152,4
T9,8,0,46,4
T10,9,0,115,19
[390]
T1,0,0,36,2
T2,1,0,140,6
T3,2,0,28,3
T4,3,1,176,15
T5,4,0,200,18
T6,5,0,55,2
T7,6,0,198,3
T8,7,1,160,15
T9,8,0,105,7
T10,9,1,45,2
[391]
T1,0,0,195,2
T2,1,0,150,6
T3,2,0,156,4
T4,3,0,40,1
T5,4,0,55,10
T6,5,1,200,11
T7,6,0,48,2
T8,7,0,130,2
T9,8,0,75,5
T10,9,0,25,3
[392]
T1,0,1,40,2
T2,1,0,45,3
T3,2,1,192,5
T4,3,0,95,26
T5,4,0,150,3
T6,5,1,200,6
T7,6,1,108,1
T8,7,0,54,2
T9,8,1,39,1
T10,9,1,150,2
[393]
T1,0,1,39,2
T2,1,1,168,19
T3,2,1,154,12
T4,3,0,28,2
T5,4,1,132,3
T6,5,0,33,2
T7,6,1,200,23
T8,7,1,150,7
T9,8,1,72,2
T10,9,0,96,9
[394]
T1,0,0,170,1
T2,1,1,68,11
T3,2,1,54,2
T4,3,0,140,14
T5,4,1,200,1
T6,5,1,28,1
T7,6,0,40,2
T8,7,0,153,3
T9,8,1,49,6
T10,9,1,153,6
[395]
T1,0,0,200,5
T2,1,1,44,2
T3,2,0,160,23
T4,3,1,156,5
T5,4,1,117,10
T6,5,1,32,1
T7,6,1,48,1
T8,7,0,130,6
T9,8,0,162,14
T10,9,0,75,6
[396]
T1,0,1,24,2
T2,1,0,174,9
T3,2,0,29,1
T4,3,0,116,2
T5,4,1,25,7
T6,5,0,150,2
T7,6,1,150,2
T8,7,0,117,9
T9,8,1,200,2
T10,9,0,104,1
[397]
T1,0,0,55,1
T2,1,1,200,31
T3,2,1,90,6
T4,3,1,30,1
T5,4,1,180,10
T6,5,1,186,2
T7,6,0,32,3
T8,7,0,20,1
T9,8,1,132,3
T10,9,1,180,6
[398]
T1,0,1,22,1
T2,1,0,48,3
T3,2,1,168,12
T4,3,1,198,23
T5,4,0,150,5
T6,5,1,51,2
T7,6,0,112,4
T8,7,1,200,16
T9,8,1,88,4
T10,9,1,140,7
[399]
T1,0,1,154,19
T2,1,1,35,1
T3,2,0,176,15
T4,3,0,200,19
T5,4,0,135,3
T6,5,0,168,2
T7,6,1,110,11
T8,7,0,29,1
T9,8,0,108,2
T10,9,0,36,1
[400]
T1,0,1,176,26
T2,1,0,200,10
T3,2,1,40,3
T4,3,1,108,5
T5,4,0,70,1
T6,5,1,198,2
T7,6,0,40,2
T8,7,0,40,3
T9,8,1,90,2
T10,9,0,176,19
[401]
T1,0,1,154,12
T2,1,0,75,2
T3,2,1,22,1
T4,3,1,105,8
T5,4,0,40,1
T6,5,0,200,35
T7,6,1,84,7
T8,7,0,180,3
T9,8,1,196,7
T10,9,0,39,2
[402]
T1,0,1,62,1
T2,1,0,32,2
T3,2,0,88,3
T4,3,1,200,19
T5,4,1,31,2
T6,5,0,62,8
T7,6,1,22,2
T8,7,1,186,22
T9,8,1,155,6
T10,9,1,176,3
[403]
T1,0,1,140,2
T2,1,1,200,5
T3,2,1,24,2
T4,3,0,186,19
T5,4,0,50,12
T6,5,1,39,4
T7,6,0,196,1
T8,7,0,56,2
T9,8,1,175,14
T10,9,1,60,2
[404]
T1,0,0,24,2
T2,1,0,44,2
T3,2,0,200,1
T4,3,1,55,10
T5,4,0,180,19
T6,5,1,88,4
T7,6,0,198,3
T8,7,0,192,6
T9,8,0,43,3
T10,9,0,120,1
[405]
T1,0,0,25,2
T2,1,0,30,2
T3,2,1,180,38
T4,3,1,132,2
T5,4,1,168,2
T6,5,0,35,1
T7,6,0,200,6
T8,7,1,90,1
T9,8,0,100,6
T10,9,1,189,18
[406]
T1,0,1,43,5
T2,1,1,132,2
T3,2,0,32,2
T4,3,1,165,6
T5,4,1,195,12
T6,5,0,200,22
T7,6,0,88,5
T8,7,1,192,29
T9,8,1,60,2
T10,9,0,33,2
[407]
T1,0,1,154,7
T2,1,1,165,5
T3,2,1,95,4
T4,3,1,22,2
T5,4,1,140,7
T6,5,1,165,19
T7,6,1,35,1
T8,7,0,22,3
T9,8,1,132,4
T10,9,1,200,4
[408]
T1,0,1,198,4
T2,1,1,110,7
T3,2,0,184,2
T4,3,0,43,5
T5,4,0,36,2
T6,5,0,200,35
T7,6,1,60,2
T8,7,0,150,19
T9,8,1,60,2
T10,9,1,36,2
[409]
T1,0,0,29,1
T2,1,1,28,2
T3,2,0,44,2
T4,3,0,200,9
T5,4,1,198,13
T6,5,0,54,5
T7,6,1,168,21
T8,7,0,180,6
T9,8,0,144,18
T10,9,0,77,2
[410]
T1,0,1,102,2
T2,1,1,200,3
T3,2,1,170,4
T4,3,1,150,8
T5,4,1,75,1
T6,5,0,51,2
T7,6,0,165,8
T8,7,0,44,14
T9,8,0,33,2
T10,9,0,88,4
[411]
T1,0,0,200,8
T2,1,0,27,2
T3,2,1,176,35
T4,3,0,112,2
T5,4,0,55,3
T6,5,1,176,9
T7,6,0,84,7
T8,7,1,28,2
T9,8,0,45,2
T10,9,0,150,1
[412]
T1,0,1,150,2
T2,1,1,200,2
T3,2,1,90,2
T4,3,1,64,12
T5,4,0,160,22
T6,5,0,48,2
T7,6,0,37,2
T8,7,0,46,1
T9,8,0,148,4
T10,9,1,100,6
[413]
T1,0,1,45,9
T2,1,0,104,12
T3,2,0,48,4
T4,3,0,160,1
T5,4,1,72,1
T6,5,0,156,2
T7,6,1,200,10
T8,7,0,168,1
T9,8,1,60,2
T10,9,0,39,2
[414]
T1,0,0,125,10
T2,1,1,195,18
T3,2,0,48,2
T4,3,1,48,2
T5,4,0,104,14
T6,5,1,48,2
T7,6,1,150,3
T8,7,0,88,2
T9,8,0,195,35
T10,9,1,200,2
[415]
T1,0,0,117,2
T2,1,0,36,1
T3,2,0,198,3
T4,3,1,156,6
T5,4,0,120,3
T6,5,0,30,3
T7,6,0,80,5
T8,7,0,30,2
T9,8,1,156,9
T10,9,0,200,41
[416]
T1,0,1,75,1
T2,1,0,54,2
T3,2,0,168,1
T4,3,0,112,1
T5,4,1,22,2
T6,5,0,200,9
T7,6,1,154,33
T8,7,1,25,3
T9,8,0,51,2
T10,9,0,168,2
[417]
T1,0,0,40,2
T2,1,1,110,23
T3,2,0,41,1
T4,3,0,168,3
T5,4,1,198,1
T6,5,1,200,2
T7,6,1,36,1
T8,7,1,100,4
T9,8,1,132,11
T10,9,0,168,13
[418]
T1,0,0,160,3
T2,1,1,112,14
T3,2,1,126,1
T4,3,0,28,2
T5,4,0,80,2
T6,5,0,30,2
T7,6,0,160,19
T8,7,0,200,4
T9,8,1,26,5
T10,9,1,150,2
[419]
T1,0,1,28,2
T2,1,0,95,1
T3,2,0,34,2
T4,3,1,190,7
T5,4,1,170,17
T6,5,0,85,16
T7,6,1,20,2
T8,7,1,200,5
T9,8,0,80,2
T10,9,0,190,13
[420]
T1,0,0,200,4
T2,1,1,64,6
T3,2,1,43,1
T4,3,1,22,2
T5,4,1,160,4
T6,5,1,80,20
T7,6,1,50,2
T8,7,1,70,2
T9,8,0,154,2
T10,9,1,154,18
[421]
T1,0,0,70,2
T2,1,0,32,2
T3,2,1,156,9
T4,3,0,192,9
T5,4,0,195,28
T6,5,0,30,2
T7,6,1,30,4
T8,7,0,105,3
T9,8,1,200,3
T10,9,0,120,4
[422]
T1,0,1,33,3
T2,1,0,168,11
T3,2,1,200,16
T4,3,1,45,1
T5,4,0,110,6
T6,5,0,180,8
T7,6,1,96,4
T8,7,0,120,12
T9,8,1,165,2
T10,9,0,50,1
[423]
T1,0,1,90,3
T2,1,0,180,1
T3,2,0,200,7
T4,3,1,168,17
T5,4,0,77,4
T6,5,1,46,6
T7,6,1,28,2
T8,7,1,55,2
T9,8,1,196,7
T10,9,0,21,1
[424]
T1,0,1,200,27
T2,1,0,138,2
T3,2,1,184,10
T4,3,0,68,2
T5,4,0,24,2
T6,5,1,34,2
T7,6,1,170,3
T8,7,1,180,33
T9,8,1,85,9
T10,9,1,27,2
[425]
T1,0,1,24,2
T2,1,1,78,1
T3,2,0,180,2
T4,3,0,180,23
T5,4,0,37,1
T6,5,1,126,2
T7,6,1,200,11
T8,7,0,104,1
T9,8,0,48,8
T10,9,1,195,9
[426]
T1,0,0,144,5
T2,1,1,175,4
T3,2,0,154,28
T4,3,0,45,1
T5,4,0,150,4
T6,5,1,75,5
T7,6,1,44,2
T8,7,0,200,2
T9,8,1,105,13
T10,9,1,29,1
[427]
T1,0,0,38,4
T2,1,0,80,2
T3,2,0,52,11
T4,3,1,200,4
T5,4,1,190,6
T6,5,0,25,1
T7,6,1,88,6
T8,7,1,120,6
T9,8,1,152,2
T10,9,1,171,2
[428]
T1,0,0,140,2
T2,1,0,40,2
T3,2,1,30,2
T4,3,1,48,1
T5,4,1,175,31
T6,5,0,200,5
T7,6,0,140,9
T8,7,1,174,11
T9,8,0,175,4
T10,9,0,144,22
[429]
T1,0,0,65,5
T2,1,1,175,10
T3,2,1,75,2
T4,3,0,26,1
T5,4,1,44,2
T6,5,1,165,3
T7,6,0,200,34
T8,7,1,21,2
T9,8,0,168,8
T10,9,0,143,4
[430]
T1,0,0,30,3
T2,1,0,84,1
T3,2,1,150,13
T4,3,0,27,2
T5,4,1,40,2
T6,5,0,75,7
T7,6,1,165,6
T8,7,0,195,5
T9,8,1,65,4
T10,9,0,200,6
[431]
T1,0,0,160,2
T2,1,0,102,2
T3,2,1,85,7
T4,3,1,21,3
T5,4,1,168,2
T6,5,0,40,1
T7,6,1,85,1
T8,7,0,160,12
T9,8,0,200,29
T10,9,1,27,1
[432]
T1,0,1,28,3
T2,1,0,145,17
T3,2,0,104,8
T4,3,1,156,9
T5,4,1,145,6
T6,5,1,29,2
T7,6,0,39,2
T8,7,1,174,1
T9,8,1,156,1
T10,9,1,200,15
[433]
T1,0,1,80,18
T2,1,1,150,10
T3,2,0,200,25
T4,3,1,38,2
T5,4,1,154,1
T6,5,1,198,4
T7,6,0,44,2
T8,7,1,32,3
T9,8,0,72,1
T10,9,1,112,2
[434]
T1,0,1,80,2
T2,1,0,39,2
T3,2,1,160,4
T4,3,1,200,46
T5,4,0,175,18
T6,5,0,40,4
T7,6,1,156,1
T8,7,1,78,1
T9,8,1,50,2
T10,9,0,63,2
[435]
T1,0,0,78,2
T2,1,1,96,5
T3,2,0,23,2
T4,3,1,200,19
T5,4,1,78,3
T6,5,1,150,8
T7,6,0,42,4
T8,7,1,168,5
T9,8,0,36,4
T10,9,1,182,4
[436]
T1,0,0,120,5
T2,1,1,75,9
T3,2,1,180,8
T4,3,1,125,7
T5,4,0,28,2
T6,5,0,53,5
T7,6,0,180,7
T8,7,1,200,26
T9,8,0,175,4
T10,9,0,30,2
[437]
T1,0,0,40,5
T2,1,1,198,5
T3,2,1,200,3
T4,3,1,175,3
T5,4,0,70,1
T6,5,0,135,1
T7,6,0,40,3
T8,7,1,25,2
T9,8,1,165,40
T10,9,0,110,1
[438]
T1,0,1,25,2
T2,1,0,140,7
T3,2,0,133,8
T4,3,0,171,2
T5,4,1,152,18
T6,5,1,42,2
T7,6,1,180,2
T8,7,0,200,33
T9,8,0,56,2
T10,9,1,36,3
[439]
T1,0,0,160,11
T2,1,0,165,5
T3,2,0,144,3
T4,3,0,24,2
T5,4,0,200,4
T6,5,0,42,3
T7,6,0,21,1
T8,7,0,66,14
T9,8,1,176,7
T10,9,1,66,2
[440]
T1,0,1,105,2
T2,1,1,36,2
T3,2,0,200,5
T4,3,1,180,7
T5,4,1,32,5
T6,5,1,63,2
T7,6,1,36,2
T8,7,0,105,23
T9,8,1,164,2
T10,9,0,175,11
[441]
T1,0,0,135,2
T2,1,1,120,2
T3,2,1,42,2
T4,3,0,180,2
T5,4,1,160,2
T6,5,0,48,2
T7,6,0,200,8
T8,7,1,72,6
T9,8,0,30,4
T10,9,0,155,33
[442]
T1,0,1,25,2
T2,1,1,36,2
T3,2,0,200,4
T4,3,1,140,2
T5,4,1,150,1
T6,5,1,24,1
T7,6,0,160,7
T8,7,0,171,32
T9,8,1,90,13
T10,9,1,70,5
[443]
T1,0,1,120,17
T2,1,1,25,2
T3,2,0,60,2
T4,3,1,162,9
T5,4,0,39,2
T6,5,0,55,4
T7,6,0,176,14
T8,7,1,165,4
T9,8,1,50,6
T10,9,0,200,4
[444]
T1,0,0,165,4
T2,1,0,24,2
T3,2,1,52,4
T4,3,1,200,12
T5,4,0,196,15
T6,5,1,24,2
T7,6,0,56,12
T8,7,1,168,11
T9,8,1,126,1
T10,9,0,90,2
[445]
T1,0,1,200,18
T2,1,1,34,1
T3,2,1,36,2
T4,3,0,112,7
T5,4,0,144,2
T6,5,1,171,1
T7,6,0,21,2
T8,7,0,152,16
T9,8,1,140,13
T10,9,0,160,15
[446]
T1,0,1,200,16
T2,1,0,196,10
T3,2,0,44,1
T4,3,1,175,1
T5,4,0,88,5
T6,5,1,126,10
T7,6,0,88,2
T8,7,1,24,2
T9,8,0,168,8
T10,9,1,30,4
[447]
T1,0,1,105,16
T2,1,1,30,3
T3,2,0,189,4
T4,3,0,100,1
T5,4,0,35,2
T6,5,1,200,9
T7,6,1,198,14
T8,7,1,20,1
T9,8,1,189,5
T10,9,1,55,3
[448]
T1,0,1,30,2
T2,1,1,200,26
T3,2,1,168,17
T4,3,1,55,3
T5,4,0,77,2
T6,5,0,195,14
T7,6,1,165,14
T8,7,0,40,2
T9,8,1,42,1
T10,9,1,105,2
[449]
T1,0,0,136,4
T2,1,1,150,2
T3,2,0,153,17
T4,3,1,26,1
T5,4,0,195,8
T6,5,0,60,5
T7,6,0,136,5
T8,7,0,200,29
T9,8,1,51,2
T10,9,1,25,1
[450]
T1,0,0,200,3
T2,1,1,154,28
T3,2,1,45,1
T4,3,1,75,2
T5,4,1,90,2
T6,5,0,55,6
T7,6,1,175,2
T8,7,0,42,6
T9,8,0,50,2
T10,9,1,168,7
[451]
T1,0,0,198,3
T2,1,0,84,19
T3,2,0,112,4
T4,3,1,168,6
T5,4,1,200,23
T6,5,1,20,1
T7,6,1,30,1
T8,7,0,180,2
T9,8,0,120,2
T10,9,0,22,2
[452]
T1,0,0,34,2
T2,1,0,182,23
T3,2,1,80,12
T4,3,1,25,2
T5,4,0,56,2
T6,5,1,23,2
T7,6,0,184,5
T8,7,0,200,7
T9,8,1,175,29
T10,9,1,100,2
[453]
T1,0,1,200,14
T2,1,0,156,14
T3,2,1,21,2
T4,3,1,105,2
T5,4,1,156,4
T6,5,1,44,2
T7,6,1,104,5
T8,7,1,23,1
T9,8,0,132,20
T10,9,0,195,9
[454]
T1,0,1,102,2
T2,1,0,42,2
T3,2,0,165,57
T4,3,1,31,2
T5,4,1,150,6
T6,5,1,66,5
T7,6,1,77,2
T8,7,1,175,2
T9,8,0,24,2
T10,9,1,200,5
[455]
T1,0,0,200,4
T2,1,0,165,5
T3,2,1,44,2
T4,3,1,104,22
T5,4,1,84,1
T6,5,1,23,2
T7,6,0,78,6
T8,7,1,156,15
T9,8,0,168,7
T10,9,0,39,2
[456]
T1,0,1,185,8
T2,1,1,52,2
T3,2,1,185,7
T4,3,0,90,5
T5,4,0,55,1
T6,5,1,200,3
T7,6,1,30,2
T8,7,1,66,2
T9,8,0,40,2
T10,9,1,150,25
[457]
T1,0,0,30,2
T2,1,1,186,25
T3,2,0,32,3
T4,3,0,126,2
T5,4,1,25,1
T6,5,0,56,2
T7,6,0,180,7
T8,7,1,140,1
T9,8,0,200,14
T10,9,1,150,18
[458]
T1,0,1,31,2
T2,1,1,195,14
T3,2,0,65,1
T4,3,0,75,5
T5,4,0,169,1
T6,5,1,52,2
T7,6,0,24,2
T8,7,0,156,2
T9,8,0,200,18
T10,9,0,96,11
[459]
T1,0,0,78,17
T2,1,1,104,2
T3,2,0,200,6
T4,3,0,180,2
T5,4,0,51,1
T6,5,0,30,2
T7,6,0,52,1
T8,7,0,195,22
T9,8,0,195,17
T10,9,1,120,7
[460]
T1,0,0,125,5
T2,1,0,84,11
T3,2,0,156,27
T4,3,0,32,3
T5,4,0,200,5
T6,5,1,45,2
T7,6,0,65,2
T8,7,0,28,1
T9,8,0,150,1
T10,9,0,180,9
[461]
T1,0,1,200,18
T2,1,1,84,7
T3,2,0,63,2
T4,3,1,47,2
T5,4,1,27,2
T6,5,1,24,2
T7,6,1,154,17
T8,7,0,180,5
T9,8,1,56,6
T10,9,1,154,1
[462]
T1,0,0,120,3
T2,1,0,20,2
T3,2,0,84,5
T4,3,1,168,25
T5,4,1,152,5
T6,5,1,21,2
T7,6,1,72,3
T8,7,1,41,4
T9,8,1,200,5
T10,9,1,171,2
[463]
T1,0,0,198,2
T2,1,0,66,2
T3,2,1,160,2
T4,3,0,165,1
T5,4,0,108,8
T6,5,0,48,2
T7,6,1,88,2
T8,7,1,26,2
T9,8,0,200,11
T10,9,0,44,9
[464]
T1,0,1,162,8
T2,1,0,21,2
T3,2,1,36,2
T4,3,0,180,14
T5,4,1,63,2
T6,5,0,30,2
T7,6,1,72,2
T8,7,0,150,21
T9,8,0,200,5
T10,9,0,72,13
[465]
T1,0,1,77,3
T2,1,1,23,2
T3,2,1,165,8
T4,3,1,180,2
T5,4,0,200,10
T6,5,0,28,1
T7,6,1,100,4
T8,7,0,180,11
T9,8,1,27,4
T10,9,0,105,5
[466]
T1,0,0,84,9
T2,1,1,70,2
T3,2,0,200,2
T4,3,1,154,11
T5,4,0,20,2
T6,5,1,44,2
T7,6,0,187,4
T8,7,1,53,1
T9,8,1,150,39
T10,9,0,60,1
[467]
T1,0,0,30,2
T2,1,1,52,8
T3,2,0,90,2
T4,3,1,180,2
T5,4,0,104,2
T6,5,0,182,1
T7,6,1,26,1
T8,7,0,150,4
T9,8,0,126,29
T10,9,1,200,16
[468]
T1,0,0,111,4
T2,1,0,200,5
T3,2,0,37,1
T4,3,1,148,37
T5,4,1,160,2
T6,5,1,140,9
T7,6,0,60,1
T8,7,1,32,3
T9,8,1,168,8
T10,9,1,32,2
[469]
T1,0,0,90,3
T2,1,1,48,5
T3,2,0,135,1
T4,3,1,200,30
T5,4,1,198,2
T6,5,1,84,3
T7,6,0,50,8
T8,7,1,48,2
T9,8,0,189,1
T10,9,0,165,6
[470]
T1,0,0,25,2
T2,1,0,45,4
T3,2,0,200,6
T4,3,1,120,9
T5,4,1,170,14
T6,5,0,198,8
T7,6,1,80,5
T8,7,0,33,2
T9,8,0,68,5
T10,9,0,198,14
[471]
T1,0,0,20,2
T2,1,0,99,20
T3,2,1,24,2
T4,3,0,65,2
T5,4,1,180,28
T6,5,0,52,2
T7,6,1,66,4
T8,7,0,165,16
T9,8,0,150,4
T10,9,1,200,1
[472]
T1,0,0,125,12
T2,1,1,24,2
T3,2,1,24,2
T4,3,1,90,9
T5,4,0,192,2
T6,5,1,105,5
T7,6,0,160,2
T8,7,1,200,27
T9,8,1,26,3
T10,9,0,180,2
[473]
T1,0,1,63,1
T2,1,1,180,6
T3,2,1,48,2
T4,3,0,165,19
T5,4,1,42,6
T6,5,0,200,23
T7,6,1,176,2
T8,7,1,75,1
T9,8,1,105,8
T10,9,0,29,2
[474]
T1,0,0,32,2
T2,1,1,175,12
T3,2,0,55,2
T4,3,1,100,5
T5,4,0,112,8
T6,5,0,47,3
T7,6,0,192,2
T8,7,1,32,2
T9,8,1,200,22
T10,9,0,175,27
[475]
T1,0,0,21,2
T2,1,1,40,2
T3,2,1,175,2
T4,3,1,150,1
T5,4,1,198,10
T6,5,1,88,3
T7,6,1,50,9
T8,7,0,200,29
T9,8,0,66,2
T10,9,0,110,2
[476]
T1,0,0,100,6
T2,1,0,150,4
T3,2,1,66,4
T4,3,1,25,2
T5,4,0,76,2
T6,5,1,200,4
T7,6,0,30,2
T8,7,0,165,20
T9,8,0,50,1
T10,9,0,165,12
[477]
T1,0,1,200,1
T2,1,1,23,2
T3,2,0,25,4
T4,3,0,150,4
T5,4,0,25,1
T6,5,1,125,4
T7,6,0,75,6
T8,7,1,65,1
T9,8,0,175,14
T10,9,0,156,9
[478]
T1,0,1,200,1
T2,1,0,72,3
T3,2,0,150,8
T4,3,1,156,7
T5,4,0,50,1
T6,5,1,120,33
T7,6,1,135,2
T8,7,0,28,2
T9,8,0,180,4
T10,9,0,36,2
[479]
T1,0,1,20,2
T2,1,0,20,2
T3,2,0,200,10
T4,3,1,29,3
T5,4,1,70,6
T6,5,1,140,10
T7,6,0,180,5
T8,7,1,180,9
T9,8,1,72,6
T10,9,1,153,8
[480]
T1,0,0,24,2
T2,1,1,39,7
T3,2,1,52,1
T4,3,1,78,2
T5,4,1,156,12
T6,5,1,96,1
T7,6,0,175,23
T8,7,0,192,2
T9,8,1,91,4
T10,9,0,200,9
[481]
T1,0,0,33,2
T2,1,0,34,2
T3,2,1,200,9
T4,3,1,154,2
T5,4,1,20,2
T6,5,0,120,5
T7,6,0,88,8
T8,7,0,150,10
T9,8,0,55,7
T10,9,0,154,4
[482]
T1,0,0,70,2
T2,1,0,152,26
T3,2,1,189,1
T4,3,1,56,1
T5,4,1,200,8
T6,5,1,168,5
T7,6,0,25,2
T8,7,0,75,10
T9,8,0,36,2
T10,9,1,38,6
[483]
T1,0,0,189,9
T2,1,1,189,20
T3,2,1,84,4
T4,3,1,120,2
T5,4,0,200,2
T6,5,1,24,3
T7,6,1,37,1
T8,7,0,153,2
T9,8,0,119,18
T10,9,1,54,1
[484]
T1,0,0,20,2
T2,1,0,195,14
T3,2,1,200,1
T4,3,1,156,17
T5,4,0,75,8
T6,5,1,35,1
T7,6,0,84,1
T8,7,1,26,3
T9,8,1,154,9
T10,9,1,84,2
[485]
T1,0,1,200,17
T2,1,0,180,6
T3,2,0,44,4
T4,3,1,90,8
T5,4,0,47,3
T6,5,1,188,7
T7,6,1,188,10
T8,7,0,72,5
T9,8,0,30,2
T10,9,0,100,4
[486]
T1,0,0,36,2
T2,1,0,52,2
T3,2,0,196,20
T4,3,1,126,7
T5,4,0,112,3
T6,5,0,126,2
T7,6,0,160,6
T8,7,1,32,2
T9,8,1,160,12
T10,9,0,200,50
[487]
T1,0,1,35,2
T2,1,0,84,1
T3,2,1,81,1
T4,3,1,175,4
T5,4,0,40,2
T6,5,0,200,44
T7,6,0,192,6
T8,7,0,175,1
T9,8,0,50,10
T10,9,1,70,2
[488]
T1,0,0,105,1
T2,1,0,150,18
T3,2,0,38,1
T4,3,1,63,1
T5,4,1,150,17
T6,5,0,200,18
T7,6,1,49,2
T8,7,0,96,3
T9,8,0,152,5
T10,9,1,20,2
[489]
T1,0,1,78,2
T2,1,1,200,1
T3,2,1,104,2
T4,3,0,195,25
T5,4,0,25,2
T6,5,0,180,5
T7,6,0,42,2
T8,7,0,150,32
T9,8,1,108,6
T10,9,0,46,1
[490]
T1,0,0,180,1
T2,1,0,168,3
T3,2,1,105,2
T4,3,1,152,8
T5,4,0,75,11
T6,5,1,63,1
T7,6,0,48,1
T8,7,0,200,42
T9,8,0,25,2
T10,9,0,28,2
[491]
T1,0,0,200,9
T2,1,0,182,28
T3,2,0,156,3
T4,3,1,112,2
T5,4,0,78,2
T6,5,0,53,1
T7,6,1,126,4
T8,7,1,168,27
T9,8,1,39,2
T10,9,1,32,2
[492]
T1,0,0,168,2
T2,1,1,21,1
T3,2,0,200,14
T4,3,0,198,2
T5,4,0,72,1
T6,5,1,66,6
T7,6,1,33,2
T8,7,1,198,19
T9,8,0,20,1
T10,9,1,66,11
[493]
T1,0,1,30,1
T2,1,1,162,30
T3,2,1,35,1
T4,3,0,98,2
T5,4,1,27,1
T6,5,0,200,22
T7,6,0,189,2
T8,7,0,135,3
T9,8,1,81,5
T10,9,1,189,6
[494]
T1,0,0,156,15
T2,1,0,41,2
T3,2,1,200,2
T4,3,1,180,9
T5,4,1,128,12
T6,5,0,80,2
T7,6,1,45,4
T8,7,0,156,14
T9,8,0,45,1
T10,9,1,60,1
[495]
T1,0,0,182,17
T2,1,1,26,2
T3,2,0,180,10
T4,3,1,60,2
T5,4,0,200,5
T6,5,0,104,8
T7,6,1,195,22
T8,7,0,96,3
T9,8,1,40,6
T10,9,1,21,2
[496]
T1,0,1,49,2
T2,1,1,154,20
T3,2,0,200,6
T4,3,0,36,2
T5,4,1,175,9
T6,5,1,33,2
T7,6,1,126,2
T8,7,0,160,4
T9,8,0,126,23
T10,9,1,55,2
[497]
T1,0,0,60,1
T2,1,0,120,1
T3,2,1,165,34
T4,3,1,176,12
T5,4,1,155,15
T6,5,1,200,1
T7,6,1,23,2
T8,7,1,20,1
T9,8,0,32,2
T10,9,1,62,5
[498]
T1,0,1,154,11
T2,1,1,36,2
T3,2,0,200,9
T4,3,1,120,4
T5,4,0,160,11
T6,5,0,53,8
T7,6,0,66,5
T8,7,0,175,2
T9,8,0,24,1
T10,9,1,110,2
[499]
T1,0,1,105,6
T2,1,0,22,1
T3,2,0,150,11
T4,3,0,112,4
T5,4,1,28,1
T6,5,1,50,3
T7,6,0,73,2
T8,7,1,200,10
T9,8,1,175,29
T10,9,1,175,4
[500]
T1,0,0,165,2
T2,1,0,75,1
T3,2,1,171,9
T4,3,1,27,2
T5,4,0,36,1
T6,5,0,190,13
T7,6,0,24,2
T8,7,0,57,2
T9,8,0,200,44
T10,9,0,66,5
