num_task_per_taskset=10
num_taskset=500
//ID,Priority,Offset,Period,Execution Time
[1]
T1,0,1,182,23
T2,1,1,200,3
T3,2,0,175,10
T4,3,1,175,7
T5,4,0,56,3
T6,5,1,35,1
T7,6,0,60,9
T8,7,1,20,2
T9,8,0,56,1
T10,9,0,49,2
[2]
T1,0,0,72,3
T2,1,1,40,2
T3,2,0,114,2
T4,3,0,184,4
T5,4,1,190,10
T6,5,0,25,1
T7,6,1,200,12
T8,7,0,180,1
T9,8,1,57,6
T10,9,0,47,9
[3]
T1,0,1,56,10
T2,1,1,70,2
T3,2,1,40,1
T4,3,0,64,3
T5,4,0,200,5
T6,5,0,168,24
T7,6,1,175,14
T8,7,1,196,2
T9,8,1,24,2
T10,9,0,24,2
[4]
T1,0,1,150,20
T2,1,0,25,3
T3,2,1,54,1
T4,3,0,180,4
T5,4,1,135,11
T6,5,0,186,3
T7,6,0,31,1
T8,7,0,100,4
T9,8,1,200,11
T10,9,0,45,2
[5]
T1,0,1,22,2
T2,1,0,150,12
T3,2,0,196,23
T4,3,1,140,6
T5,4,0,132,21
T6,5,1,29,2
T7,6,0,36,1
T8,7,0,200,4
T9,8,0,154,11
T10,9,1,84,2
[6]
T1,0,0,154,6
T2,1,0,200,19
T3,2,1,168,8
T4,3,0,27,1
T5,4,1,75,2
T6,5,0,144,22
T7,6,0,144,3
T8,7,0,150,12
T9,8,0,21,2
T10,9,1,29,2
[7]
T1,0,1,56,2
T2,1,1,154,18
T3,2,1,150,11
T4,3,1,20,1
T5,4,1,140,10
T6,5,1,39,2
T7,6,0,147,7
T8,7,0,200,2
T9,8,1,99,8
T10,9,1,49,2
[8]
T1,0,1,200,2
T2,1,1,130,8
T3,2,1,40,2
T4,3,0,150,32
T5,4,0,168,28
T6,5,0,30,2
T7,6,0,100,3
T8,7,1,40,1
T9,8,1,182,8
T10,9,1,96,2
[9]
T1,0,1,150,22
T2,1,1,35,1
T3,2,0,156,3
T4,3,1,160,1
T5,4,1,96,2
T6,5,1,200,17
T7,6,1,145,2
T8,7,1,40,2
T9,8,1,75,15
T10,9,0,24,1
[10]
T1,0,0,165,5
T2,1,0,120,12
T3,2,1,75,4
T4,3,0,160,8
T5,4,0,22,2
T6,5,0,36,2
T7,6,1,90,1
T8,7,0,200,2
T9,8,0,180,2
T10,9,1,48,6
[11]
T1,0,0,30,2
T2,1,0,30,1
T3,2,0,200,2
T4,3,1,132,2
T5,4,0,28,2
T6,5,0,60,5
T7,6,1,192,44
T8,7,0,165,10
T9,8,1,170,9
T10,9,0,96,2
[12]
T1,0,0,160,4
T2,1,1,150,32
T3,2,1,160,9
T4,3,1,200,4
T5,4,1,112,10
T6,5,0,30,2
T7,6,1,59,2
T8,7,0,50,2
T9,8,1,27,2
T10,9,0,56,4
[13]
T1,0,1,25,2
T2,1,1,182,1
T3,2,1,160,7
T4,3,0,175,9
T5,4,0,200,19
T6,5,0,27,1
T7,6,1,112,1
T8,7,0,80,8
T9,8,1,125,13
T10,9,1,26,1
[14]
T1,0,0,90,3
T2,1,1,112,1
T3,2,0,189,4
T4,3,1,200,30
T5,4,0,180,20
T6,5,0,182,2
T7,6,0,56,4
T8,7,0,35,2
T9,8,1,24,1
T10,9,1,35,1
[15]
T1,0,0,32,2
T2,1,0,80,6
T3,2,1,38,1
T4,3,1,132,2
T5,4,1,200,7
T6,5,0,160,5
T7,6,1,165,15
T8,7,1,150,3
T9,8,0,24,2
T10,9,0,66,5
[16]
T1,0,0,170,11
T2,1,1,170,4
T3,2,0,96,4
T4,3,0,28,1
T5,4,1,36,1
T6,5,0,168,20
T7,6,1,52,2
T8,7,0,200,27
T9,8,0,140,4
T10,9,1,140,2
[17]
T1,0,0,20,3
T2,1,1,175,2
T3,2,0,140,7
T4,3,1,50,2
T5,4,1,63,6
T6,5,0,170,9
T7,6,1,200,29
T8,7,0,168,6
T9,8,1,46,2
T10,9,1,84,1
[18]
T1,0,0,68,12
T2,1,0,170,10
T3,2,1,200,14
T4,3,1,170,8
T5,4,0,120,5
T6,5,1,24,2
T7,6,0,135,2
T8,7,0,28,2
T9,8,0,47,1
T10,9,0,168,2
[19]
T1,0,0,20,1
T2,1,0,99,3
T3,2,0,21,2
T4,3,0,198,5
T5,4,1,126,1
T6,5,1,198,17
T7,6,1,175,13
T8,7,0,200,44
T9,8,0,49,2
T10,9,1,63,2
[20]
T1,0,1,128,8
T2,1,0,50,2
T3,2,0,150,3
T4,3,0,64,9
T5,4,0,62,4
T6,5,1,160,9
T7,6,0,32,1
T8,7,0,186,4
T9,8,1,200,4
T10,9,0,47,6
[21]
T1,0,0,24,2
T2,1,0,100,3
T3,2,1,63,4
T4,3,0,168,5
T5,4,1,182,2
T6,5,1,200,10
T7,6,0,42,4
T8,7,0,100,17
T9,8,0,28,1
T10,9,0,182,12
[22]
T1,0,1,116,1
T2,1,1,160,4
T3,2,1,100,1
T4,3,1,87,12
T5,4,1,30,1
T6,5,1,200,16
T7,6,0,35,1
T8,7,1,50,4
T9,8,0,160,2
T10,9,1,174,21
[23]
T1,0,0,104,9
T2,1,0,200,2
T3,2,1,49,2
T4,3,0,180,17
T5,4,0,42,6
T6,5,1,91,11
T7,6,1,20,1
T8,7,0,182,2
T9,8,1,182,4
T10,9,0,108,2
[24]
T1,0,1,126,1
T2,1,0,135,4
T3,2,0,49,6
T4,3,1,42,6
T5,4,1,156,2
T6,5,0,200,2
T7,6,1,189,8
T8,7,0,120,16
T9,8,0,156,2
T10,9,0,35,1
[25]
T1,0,1,56,12
T2,1,1,22,2
T3,2,1,195,30
T4,3,1,30,2
T5,4,1,175,2
T6,5,1,78,2
T7,6,0,55,2
T8,7,1,33,2
T9,8,1,200,17
T10,9,1,156,4
[26]
T1,0,1,27,2
T2,1,0,64,2
T3,2,0,45,1
T4,3,1,75,3
T5,4,1,175,27
T6,5,1,196,44
T7,6,0,40,2
T8,7,0,80,5
T9,8,0,196,3
T10,9,0,200,2
[27]
T1,0,0,20,2
T2,1,0,171,1
T3,2,1,150,9
T4,3,1,200,4
T5,4,0,24,2
T6,5,1,152,19
T7,6,0,90,3
T8,7,1,26,3
T9,8,1,56,5
T10,9,1,144,7
[28]
T1,0,0,200,52
T2,1,1,38,1
T3,2,1,150,1
T4,3,0,180,8
T5,4,0,144,2
T6,5,0,44,5
T7,6,1,80,2
T8,7,1,143,1
T9,8,0,20,2
T10,9,1,165,10
[29]
T1,0,0,171,16
T2,1,1,200,2
T3,2,1,192,14
T4,3,0,171,2
T5,4,0,75,7
T6,5,1,32,8
T7,6,1,27,2
T8,7,0,57,2
T9,8,0,90,4
T10,9,0,22,2
[30]
T1,0,1,34,1
T2,1,1,48,6
T3,2,0,52,2
T4,3,1,68,3
T5,4,0,160,1
T6,5,0,170,11
T7,6,0,110,7
T8,7,0,165,2
T9,8,0,200,26
T10,9,0,68,3
[31]
T1,0,0,170,13
T2,1,0,64,2
T3,2,0,170,3
T4,3,0,100,8
T5,4,1,108,1
T6,5,1,36,2
T7,6,0,40,7
T8,7,1,200,15
T9,8,1,20,2
T10,9,1,180,13
[32]
T1,0,0,165,1
T2,1,0,40,7
T3,2,0,200,9
T4,3,0,168,5
T5,4,1,42,1
T6,5,0,175,1
T7,6,1,88,13
T8,7,0,85,5
T9,8,1,33,2
T10,9,1,56,2
[33]
T1,0,1,192,4
T2,1,1,200,15
T3,2,0,30,2
T4,3,1,60,1
T5,4,0,80,2
T6,5,1,152,3
T7,6,1,150,18
T8,7,0,60,5
T9,8,1,21,2
T10,9,0,20,3
[34]
T1,0,1,168,15
T2,1,0,168,16
T3,2,1,56,2
T4,3,0,88,2
T5,4,0,49,1
T6,5,1,200,8
T7,6,0,40,7
T8,7,1,51,3
T9,8,1,56,2
T10,9,1,165,5
[35]
T1,0,1,112,7
T2,1,1,175,3
T3,2,1,200,11
T4,3,0,49,6
T5,4,0,196,12
T6,5,0,168,3
T7,6,1,28,1
T8,7,0,77,7
T9,8,0,132,6
T10,9,1,40,1
[36]
T1,0,0,200,13
T2,1,0,176,10
T3,2,0,165,13
T4,3,1,33,5
T5,4,1,88,5
T6,5,0,180,5
T7,6,0,90,6
T8,7,1,100,1
T9,8,1,43,2
T10,9,0,32,1
[37]
T1,0,0,20,2
T2,1,1,153,21
T3,2,0,22,1
T4,3,1,187,2
T5,4,1,165,19
T6,5,0,88,4
T7,6,1,100,5
T8,7,0,200,20
T9,8,0,24,2
T10,9,0,75,2
[38]
T1,0,0,28,1
T2,1,1,64,5
T3,2,1,40,4
T4,3,1,64,2
T5,4,0,182,18
T6,5,1,195,7
T7,6,1,42,2
T8,7,0,80,4
T9,8,1,200,14
T10,9,1,150,9
[39]
T1,0,1,28,2
T2,1,0,24,2
T3,2,0,72,3
T4,3,1,176,1
T5,4,1,150,2
T6,5,0,200,34
T7,6,1,45,2
T8,7,1,120,1
T9,8,1,154,18
T10,9,0,135,14
[40]
T1,0,1,20,1
T2,1,1,72,1
T3,2,1,174,7
T4,3,0,38,7
T5,4,1,145,5
T6,5,1,150,4
T7,6,0,53,2
T8,7,1,120,1
T9,8,1,180,6
T10,9,0,200,27
[41]
T1,0,0,75,16
T2,1,1,90,2
T3,2,0,187,10
T4,3,1,25,2
T5,4,0,120,4
T6,5,1,153,11
T7,6,0,45,2
T8,7,1,198,5
T9,8,0,200,2
T10,9,1,29,3
[42]
T1,0,1,25,1
T2,1,1,28,2
T3,2,1,189,5
T4,3,0,160,2
T5,4,0,84,2
T6,5,1,54,4
T7,6,0,200,16
T8,7,1,140,42
T9,8,0,175,1
T10,9,0,35,2
[43]
T1,0,0,45,1
T2,1,1,200,3
T3,2,0,44,1
T4,3,1,98,15
T5,4,0,165,4
T6,5,1,60,3
T7,6,0,165,1
T8,7,0,45,1
T9,8,0,120,10
T10,9,0,168,21
[44]
T1,0,1,154,2
T2,1,1,50,1
T3,2,0,176,5
T4,3,0,49,3
T5,4,0,35,8
T6,5,1,110,16
T7,6,1,100,4
T8,7,0,120,2
T9,8,1,154,2
T10,9,0,200,4
[45]
T1,0,1,42,1
T2,1,1,88,13
T3,2,1,200,3
T4,3,1,84,6
T5,4,1,150,17
T6,5,1,189,17
T7,6,1,54,2
T8,7,1,168,10
T9,8,0,20,2
T10,9,1,55,2
[46]
T1,0,0,20,2
T2,1,1,160,8
T3,2,0,96,1
T4,3,0,200,60
T5,4,0,168,11
T6,5,0,40,2
T7,6,0,75,2
T8,7,0,168,9
T9,8,0,81,3
T10,9,0,36,2
[47]
T1,0,0,42,2
T2,1,1,87,5
T3,2,0,58,3
T4,3,1,192,27
T5,4,1,174,2
T6,5,1,64,2
T7,6,1,28,2
T8,7,0,150,20
T9,8,0,25,2
T10,9,1,200,15
[48]
T1,0,1,30,2
T2,1,1,100,2
T3,2,0,165,11
T4,3,0,200,6
T5,4,0,47,1
T6,5,0,195,17
T7,6,0,88,10
T8,7,0,175,14
T9,8,0,84,4
T10,9,0,42,1
[49]
T1,0,0,200,11
T2,1,1,57,11
T3,2,1,21,2
T4,3,0,150,3
T5,4,1,42,2
T6,5,0,40,2
T7,6,0,88,2
T8,7,0,150,15
T9,8,1,120,5
T10,9,0,165,14
[50]
T1,0,0,168,4
T2,1,0,105,2
T3,2,1,200,4
T4,3,0,175,16
T5,4,1,64,2
T6,5,1,31,2
T7,6,0,105,3
T8,7,1,42,1
T9,8,1,161,24
T10,9,0,32,5
[51]
T1,0,1,175,18
T2,1,1,200,2
T3,2,0,120,7
T4,3,1,90,4
T5,4,0,32,2
T6,5,0,156,27
T7,6,1,104,2
T8,7,1,30,1
T9,8,1,20,2
T10,9,0,168,18
[52]
T1,0,1,196,3
T2,1,0,144,6
T3,2,1,100,4
T4,3,0,28,1
T5,4,0,33,2
T6,5,0,64,7
T7,6,0,45,2
T8,7,0,200,47
T9,8,1,196,5
T10,9,1,160,2
[53]
T1,0,0,27,2
T2,1,0,125,9
T3,2,1,70,1
T4,3,1,200,2
T5,4,1,175,2
T6,5,1,175,10
T7,6,1,60,9
T8,7,0,38,4
T9,8,0,162,10
T10,9,1,42,2
[54]
T1,0,0,66,2
T2,1,1,150,15
T3,2,1,200,9
T4,3,1,25,2
T5,4,0,154,19
T6,5,1,33,3
T7,6,0,80,2
T8,7,1,120,11
T9,8,0,147,2
T10,9,0,48,4
[55]
T1,0,0,35,2
T2,1,1,40,2
T3,2,0,33,2
T4,3,0,55,1
T5,4,1,88,10
T6,5,1,161,7
T7,6,1,115,14
T8,7,0,200,27
T9,8,0,175,2
T10,9,0,184,2
[56]
T1,0,0,120,14
T2,1,0,93,5
T3,2,1,184,8
T4,3,0,92,4
T5,4,1,200,35
T6,5,1,48,2
T7,6,0,150,3
T8,7,1,25,1
T9,8,0,186,2
T10,9,1,27,2
[57]
T1,0,1,84,2
T2,1,0,182,20
T3,2,0,156,12
T4,3,1,32,1
T5,4,1,128,9
T6,5,1,34,2
T7,6,1,200,6
T8,7,0,96,10
T9,8,0,195,5
T10,9,1,26,2
[58]
T1,0,0,200,12
T2,1,1,165,9
T3,2,1,150,5
T4,3,1,175,25
T5,4,1,42,2
T6,5,1,24,2
T7,6,1,56,2
T8,7,1,72,7
T9,8,1,27,1
T10,9,1,60,3
[59]
T1,0,1,50,1
T2,1,1,22,2
T3,2,0,200,16
T4,3,0,150,8
T5,4,1,80,3
T6,5,1,165,16
T7,6,1,60,2
T8,7,1,195,1
T9,8,0,25,2
T10,9,0,120,21
[60]
T1,0,0,20,2
T2,1,1,60,3
T3,2,1,34,4
T4,3,0,105,1
T5,4,1,192,2
T6,5,0,175,9
T7,6,1,200,8
T8,7,1,168,17
T9,8,1,33,5
T10,9,1,84,2
[61]
T1,0,1,36,1
T2,1,0,87,2
T3,2,0,24,2
T4,3,1,30,1
T5,4,0,145,17
T6,5,1,114,30
T7,6,1,190,13
T8,7,0,200,3
T9,8,0,174,1
T10,9,1,152,1
[62]
T1,0,1,200,4
T2,1,1,23,2
T3,2,0,150,16
T4,3,1,175,1
T5,4,0,30,3
T6,5,0,140,3
T7,6,1,45,2
T8,7,1,136,4
T9,8,0,85,1
T10,9,0,160,33
[63]
T1,0,1,200,2
T2,1,0,135,1
T3,2,1,50,14
T4,3,0,168,11
T5,4,0,27,2
T6,5,0,45,3
T7,6,1,168,7
T8,7,0,75,4
T9,8,1,171,2
T10,9,0,72,2
[64]
T1,0,0,25,2
T2,1,1,25,3
T3,2,1,72,3
T4,3,1,170,5
T5,4,0,31,2
T6,5,1,96,9
T7,6,1,150,16
T8,7,0,72,1
T9,8,1,153,2
T10,9,1,200,2
[65]
T1,0,1,33,5
T2,1,0,150,4
T3,2,0,186,8
T4,3,1,40,2
T5,4,0,72,8
T6,5,1,22,2
T7,6,0,66,6
T8,7,0,75,2
T9,8,1,198,2
T10,9,1,200,21
[66]
T1,0,1,154,5
T2,1,0,20,2
T3,2,1,51,4
T4,3,1,72,4
T5,4,0,40,5
T6,5,1,144,4
T7,6,0,176,5
T8,7,1,110,10
T9,8,1,198,8
T10,9,1,200,8
[67]
T1,0,1,200,7
T2,1,1,171,2
T3,2,1,100,6
T4,3,1,175,5
T5,4,1,75,2
T6,5,1,20,2
T7,6,0,160,14
T8,7,0,30,1
T9,8,0,60,5
T10,9,0,24,1
[68]
T1,0,1,66,2
T2,1,1,200,17
T3,2,1,135,8
T4,3,0,198,33
T5,4,0,34,2
T6,5,0,35,2
T7,6,0,168,8
T8,7,1,189,8
T9,8,0,40,2
T10,9,0,84,12
[69]
T1,0,1,150,2
T2,1,0,26,2
T3,2,0,184,10
T4,3,1,150,3
T5,4,0,200,19
T6,5,1,104,1
T7,6,0,52,2
T8,7,0,36,8
T9,8,1,104,4
T10,9,0,72,1
[70]
T1,0,0,200,4
T2,1,0,120,15
T3,2,1,150,1
T4,3,1,36,2
T5,4,1,40,2
T6,5,0,144,2
T7,6,1,169,7
T8,7,0,80,10
T9,8,0,180,18
T10,9,0,39,2
[71]
T1,0,0,161,5
T2,1,1,40,3
T3,2,0,168,13
T4,3,0,44,1
T5,4,1,64,4
T6,5,1,96,5
T7,6,0,115,4
T8,7,0,200,13
T9,8,0,192,16
T10,9,0,46,2
[72]
T1,0,0,38,1
T2,1,1,200,3
T3,2,0,196,25
T4,3,0,72,2
T5,4,1,192,4
T6,5,1,56,3
T7,6,1,48,4
T8,7,0,75,5
T9,8,1,150,13
T10,9,1,21,1
[73]
T1,0,1,190,2
T2,1,1,20,4
T3,2,1,36,3
T4,3,0,90,4
T5,4,1,152,14
T6,5,1,180,7
T7,6,0,84,2
T8,7,0,80,2
T9,8,1,200,2
T10,9,0,28,2
[74]
T1,0,1,114,1
T2,1,0,200,22
T3,2,1,144,14
T4,3,0,60,2
T5,4,0,27,1
T6,5,1,175,2
T7,6,0,50,4
T8,7,0,160,7
T9,8,0,180,8
T10,9,1,25,3
[75]
T1,0,1,30,2
T2,1,0,180,7
T3,2,1,72,4
T4,3,0,156,1
T5,4,1,112,18
T6,5,1,195,16
T7,6,1,100,11
T8,7,1,30,1
T9,8,0,39,1
T10,9,1,200,6
[76]
T1,0,0,198,10
T2,1,0,32,2
T3,2,1,28,4
T4,3,0,180,6
T5,4,1,110,1
T6,5,1,33,2
T7,6,0,200,4
T8,7,1,176,27
T9,8,1,105,2
T10,9,1,112,15
[77]
T1,0,1,165,3
T2,1,0,200,11
T3,2,0,168,16
T4,3,0,56,5
T5,4,0,150,2
T6,5,1,90,15
T7,6,1,43,2
T8,7,0,54,1
T9,8,1,108,6
T10,9,0,25,2
[78]
T1,0,1,48,1
T2,1,0,160,5
T3,2,1,40,2
T4,3,1,170,13
T5,4,0,200,23
T6,5,0,136,3
T7,6,1,54,14
T8,7,1,180,1
T9,8,0,108,3
T10,9,1,120,2
[79]
T1,0,0,33,1
T2,1,1,186,45
T3,2,1,200,3
T4,3,0,26,2
T5,4,1,66,6
T6,5,1,60,1
T7,6,1,186,12
T8,7,1,93,3
T9,8,0,24,2
T10,9,1,198,2
[80]
T1,0,0,190,8
T2,1,1,200,3
T3,2,1,45,2
T4,3,0,189,17
T5,4,1,30,1
T6,5,0,100,7
T7,6,0,108,1
T8,7,0,23,1
T9,8,1,108,8
T10,9,0,152,15
[81]
T1,0,0,192,13
T2,1,1,30,2
T3,2,1,30,1
T4,3,1,72,10
T5,4,1,135,1
T6,5,1,160,4
T7,6,0,168,23
T8,7,1,27,1
T9,8,1,200,11
T10,9,0,72,1
[82]
T1,0,0,189,13
T2,1,0,25,2
T3,2,1,38,2
T4,3,1,200,40
T5,4,0,56,3
T6,5,1,36,2
T7,6,1,154,5
T8,7,1,165,2
T9,8,0,120,1
T10,9,0,88,8
[83]
T1,0,0,195,23
T2,1,1,156,1
T3,2,1,39,2
T4,3,0,200,25
T5,4,1,52,7
T6,5,1,182,10
T7,6,1,21,2
T8,7,0,105,2
T9,8,0,80,3
T10,9,0,120,3
[84]
T1,0,0,60,3
T2,1,1,54,12
T3,2,1,150,9
T4,3,1,40,2
T5,4,0,200,1
T6,5,0,175,13
T7,6,1,28,2
T8,7,0,72,2
T9,8,1,34,1
T10,9,0,196,5
[85]
T1,0,1,56,2
T2,1,1,38,5
T3,2,0,63,2
T4,3,1,200,2
T5,4,1,40,2
T6,5,0,189,1
T7,6,0,24,5
T8,7,0,165,2
T9,8,0,84,7
T10,9,0,175,3
[86]
T1,0,1,200,4
T2,1,0,80,2
T3,2,0,170,1
T4,3,1,25,1
T5,4,0,20,2
T6,5,0,28,3
T7,6,1,175,4
T8,7,1,56,14
T9,8,0,56,3
T10,9,0,180,1
[87]
T1,0,0,48,3
T2,1,0,184,5
T3,2,1,20,2
T4,3,0,184,2
T5,4,1,161,7
T6,5,1,115,12
T7,6,1,84,7
T8,7,1,200,5
T9,8,0,54,7
T10,9,0,120,6
[88]
T1,0,1,50,6
T2,1,1,55,4
T3,2,0,165,22
T4,3,0,200,20
T5,4,0,80,6
T6,5,0,100,2
T7,6,0,40,2
T8,7,0,154,2
T9,8,0,154,2
T10,9,1,37,2
[89]
T1,0,0,49,1
T2,1,0,81,16
T3,2,0,140,3
T4,3,1,189,3
T5,4,1,200,26
T6,5,0,24,2
T7,6,1,27,2
T8,7,1,120,1
T9,8,0,162,11
T10,9,1,168,16
[90]
T1,0,1,34,3
T2,1,1,26,2
T3,2,0,170,27
T4,3,0,180,13
T5,4,1,55,2
T6,5,1,132,2
T7,6,0,187,4
T8,7,0,200,3
T9,8,1,30,1
T10,9,0,55,5
[91]
T1,0,1,200,24
T2,1,0,21,2
T3,2,1,126,3
T4,3,0,160,8
T5,4,0,45,3
T6,5,0,72,13
T7,6,1,168,6
T8,7,1,77,2
T9,8,0,30,1
T10,9,0,180,2
[92]
T1,0,1,190,42
T2,1,1,76,2
T3,2,1,30,3
T4,3,1,190,7
T5,4,0,200,12
T6,5,0,22,2
T7,6,1,154,1
T8,7,0,30,1
T9,8,0,60,3
T10,9,0,110,4
[93]
T1,0,0,168,4
T2,1,1,53,2
T3,2,1,140,7
T4,3,1,200,5
T5,4,0,20,2
T6,5,0,84,12
T7,6,0,28,3
T8,7,1,114,4
T9,8,0,189,7
T10,9,1,171,16
[94]
T1,0,0,88,2
T2,1,0,170,5
T3,2,1,200,2
T4,3,0,25,2
T5,4,1,85,6
T6,5,0,170,11
T7,6,1,168,6
T8,7,0,32,2
T9,8,1,22,4
T10,9,1,100,11
[95]
T1,0,1,41,8
T2,1,0,200,1
T3,2,1,150,2
T4,3,0,20,3
T5,4,0,126,1
T6,5,1,152,16
T7,6,1,28,2
T8,7,0,63,2
T9,8,0,70,2
T10,9,0,168,10
[96]
T1,0,0,184,2
T2,1,1,20,2
T3,2,0,65,12
T4,3,0,32,2
T5,4,1,200,15
T6,5,1,138,2
T7,6,0,28,5
T8,7,1,92,1
T9,8,0,184,10
T10,9,0,195,2
[97]
T1,0,0,200,5
T2,1,0,160,2
T3,2,0,160,2
T4,3,0,195,10
T5,4,0,26,2
T6,5,0,36,3
T7,6,0,23,3
T8,7,1,104,6
T9,8,1,130,18
T10,9,1,130,2
[98]
T1,0,0,180,7
T2,1,1,176,2
T3,2,0,42,3
T4,3,1,200,20
T5,4,0,22,1
T6,5,1,28,2
T7,6,1,180,25
T8,7,0,66,3
T9,8,1,77,1
T10,9,0,140,3
[99]
T1,0,0,81,5
T2,1,0,28,1
T3,2,1,200,5
T4,3,0,78,2
T5,4,0,80,6
T6,5,1,52,5
T7,6,0,150,1
T8,7,1,150,25
T9,8,1,150,2
T10,9,0,50,2
[100]
T1,0,0,180,15
T2,1,1,190,14
T3,2,0,135,3
T4,3,1,126,36
T5,4,0,200,2
T6,5,0,40,2
T7,6,1,31,2
T8,7,1,20,2
T9,8,0,152,1
T10,9,0,100,2
[101]
T1,0,1,150,4
T2,1,0,36,2
T3,2,1,175,2
T4,3,1,55,5
T5,4,1,160,28
T6,5,0,42,1
T7,6,0,96,11
T8,7,1,21,2
T9,8,1,200,2
T10,9,1,72,1
[102]
T1,0,1,80,2
T2,1,1,112,3
T3,2,0,186,14
T4,3,0,27,2
T5,4,0,20,2
T6,5,1,96,3
T7,6,1,21,1
T8,7,1,168,4
T9,8,0,155,25
T10,9,1,200,5
[103]
T1,0,1,21,3
T2,1,1,198,6
T3,2,1,22,2
T4,3,0,84,2
T5,4,0,108,4
T6,5,0,200,1
T7,6,0,42,1
T8,7,1,88,5
T9,8,1,154,15
T10,9,1,198,21
[104]
T1,0,0,25,2
T2,1,1,198,14
T3,2,0,72,3
T4,3,1,70,3
T5,4,0,20,2
T6,5,0,165,7
T7,6,0,168,13
T8,7,1,32,3
T9,8,1,200,2
T10,9,1,135,2
[105]
T1,0,1,40,5
T2,1,0,132,18
T3,2,0,84,4
T4,3,1,104,11
T5,4,1,200,5
T6,5,0,32,2
T7,6,1,154,2
T8,7,1,30,1
T9,8,0,165,2
T10,9,0,154,2
[106]
T1,0,1,76,2
T2,1,1,171,18
T3,2,0,75,3
T4,3,0,22,1
T5,4,1,21,2
T6,5,0,168,10
T7,6,1,30,2
T8,7,0,84,6
T9,8,1,168,2
T10,9,0,200,29
[107]
T1,0,0,72,8
T2,1,0,36,2
T3,2,1,22,2
T4,3,1,170,1
T5,4,1,170,5
T6,5,1,150,10
T7,6,0,48,3
T8,7,1,72,14
T9,8,0,200,2
T10,9,1,75,5
[108]
T1,0,0,168,29
T2,1,0,28,1
T3,2,1,144,19
T4,3,1,65,2
T5,4,1,150,1
T6,5,1,43,1
T7,6,0,52,2
T8,7,0,200,14
T9,8,0,100,2
T10,9,1,182,2
[109]
T1,0,1,182,17
T2,1,0,50,8
T3,2,1,168,4
T4,3,0,96,5
T5,4,1,200,10
T6,5,0,24,1
T7,6,1,25,1
T8,7,0,120,2
T9,8,0,128,1
T10,9,1,182,5
[110]
T1,0,0,133,1
T2,1,1,24,2
T3,2,1,108,4
T4,3,1,24,1
T5,4,0,152,1
T6,5,0,133,17
T7,6,1,171,16
T8,7,0,35,2
T9,8,1,200,1
T10,9,1,168,15
[111]
T1,0,0,24,1
T2,1,1,46,1
T3,2,1,104,13
T4,3,1,96,11
T5,4,1,64,2
T6,5,1,169,3
T7,6,1,156,12
T8,7,0,30,2
T9,8,0,169,7
T10,9,1,200,6
[112]
T1,0,1,200,12
T2,1,0,182,5
T3,2,1,150,17
T4,3,0,182,16
T5,4,0,91,10
T6,5,1,35,2
T7,6,0,143,11
T8,7,1,26,2
T9,8,1,91,4
T10,9,0,25,2
[113]
T1,0,1,24,2
T2,1,1,200,10
T3,2,0,184,3
T4,3,1,168,15
T5,4,0,140,4
T6,5,1,70,10
T7,6,1,20,2
T8,7,1,40,2
T9,8,1,184,4
T10,9,0,56,2
[114]
T1,0,0,150,15
T2,1,1,200,1
T3,2,0,76,12
T4,3,0,24,2
T5,4,1,95,1
T6,5,0,171,21
T7,6,1,35,3
T8,7,1,152,4
T9,8,1,136,3
T10,9,0,51,2
[115]
T1,0,1,63,3
T2,1,0,150,2
T3,2,0,200,17
T4,3,0,90,5
T5,4,1,32,2
T6,5,0,104,5
T7,6,1,42,2
T8,7,0,195,25
T9,8,0,150,16
T10,9,0,39,2
[116]
T1,0,1,55,2
T2,1,1,196,4
T3,2,1,54,1
T4,3,1,175,4
T5,4,0,154,2
T6,5,1,105,13
T7,6,0,200,15
T8,7,0,49,7
T9,8,0,30,2
T10,9,0,60,1
[117]
T1,0,0,45,3
T2,1,1,180,25
T3,2,1,30,1
T4,3,0,66,1
T5,4,0,200,1
T6,5,0,150,16
T7,6,0,170,21
T8,7,0,55,2
T9,8,1,20,2
T10,9,0,88,1
[118]
T1,0,1,189,25
T2,1,1,50,2
T3,2,1,144,9
T4,3,0,41,4
T5,4,0,200,12
T6,5,0,27,2
T7,6,1,100,2
T8,7,0,154,2
T9,8,1,168,6
T10,9,0,120,10
[119]
T1,0,0,189,7
T2,1,0,90,3
T3,2,1,35,2
T4,3,0,28,1
T5,4,1,200,11
T6,5,0,63,1
T7,6,1,54,3
T8,7,1,156,20
T9,8,1,180,10
T10,9,0,35,2
[120]
T1,0,1,24,2
T2,1,1,195,4
T3,2,0,189,3
T4,3,1,200,1
T5,4,1,175,17
T6,5,1,105,8
T7,6,0,126,6
T8,7,0,91,5
T9,8,1,36,2
T10,9,1,27,5
[121]
T1,0,0,96,1
T2,1,0,200,1
T3,2,0,20,1
T4,3,1,168,7
T5,4,0,56,9
T6,5,1,160,2
T7,6,0,46,4
T8,7,0,195,1
T9,8,0,80,8
T10,9,1,32,1
[122]
T1,0,1,135,10
T2,1,0,135,19
T3,2,0,195,1
T4,3,1,150,3
T5,4,0,200,22
T6,5,0,160,6
T7,6,0,30,2
T8,7,1,104,12
T9,8,1,50,1
T10,9,1,41,2
[123]
T1,0,1,200,22
T2,1,1,33,3
T3,2,0,110,3
T4,3,0,105,3
T5,4,0,187,4
T6,5,0,54,2
T7,6,1,187,13
T8,7,1,42,2
T9,8,1,120,17
T10,9,1,165,2
[124]
T1,0,0,39,4
T2,1,0,200,13
T3,2,1,36,2
T4,3,1,182,7
T5,4,1,180,20
T6,5,1,108,2
T7,6,0,72,4
T8,7,0,189,17
T9,8,1,45,2
T10,9,0,144,5
[125]
T1,0,1,75,3
T2,1,0,200,2
T3,2,1,53,4
T4,3,1,96,8
T5,4,0,192,7
T6,5,1,180,7
T7,6,0,36,3
T8,7,1,100,11
T9,8,0,160,1
T10,9,0,27,1
[126]
T1,0,1,150,7
T2,1,0,50,2
T3,2,1,200,5
T4,3,0,115,2
T5,4,0,36,2
T6,5,0,45,1
T7,6,0,168,3
T8,7,0,189,50
T9,8,0,135,20
T10,9,1,54,1
[127]
T1,0,0,99,3
T2,1,0,38,4
T3,2,1,200,9
T4,3,0,171,5
T5,4,1,50,5
T6,5,1,171,1
T7,6,1,180,5
T8,7,1,46,2
T9,8,1,60,7
T10,9,1,76,3
[128]
T1,0,0,192,4
T2,1,0,20,1
T3,2,1,165,4
T4,3,1,135,6
T5,4,1,200,3
T6,5,0,44,9
T7,6,0,54,6
T8,7,0,160,6
T9,8,1,110,4
T10,9,0,36,2
[129]
T1,0,0,161,5
T2,1,0,91,1
T3,2,1,200,1
T4,3,0,28,2
T5,4,0,50,7
T6,5,1,104,4
T7,6,1,92,14
T8,7,1,182,7
T9,8,0,161,5
T10,9,0,35,2
[130]
T1,0,1,132,1
T2,1,0,200,7
T3,2,1,80,2
T4,3,1,154,9
T5,4,0,176,10
T6,5,0,35,6
T7,6,1,33,2
T8,7,0,175,13
T9,8,1,55,1
T10,9,1,44,1
[131]
T1,0,1,78,2
T2,1,1,126,6
T3,2,0,50,2
T4,3,1,50,8
T5,4,0,182,2
T6,5,1,189,24
T7,6,1,135,16
T8,7,1,200,2
T9,8,1,175,1
T10,9,1,38,2
[132]
T1,0,0,138,5
T2,1,0,46,1
T3,2,0,195,5
T4,3,1,32,6
T5,4,1,104,2
T6,5,0,104,2
T7,6,1,184,12
T8,7,1,160,8
T9,8,0,38,1
T10,9,0,200,16
[133]
T1,0,0,90,3
T2,1,1,200,3
T3,2,0,189,1
T4,3,1,51,2
T5,4,0,156,4
T6,5,1,48,4
T7,6,1,150,8
T8,7,1,56,3
T9,8,0,42,8
T10,9,1,117,2
[134]
T1,0,1,200,5
T2,1,0,88,19
T3,2,1,45,5
T4,3,1,135,6
T5,4,0,189,8
T6,5,0,175,1
T7,6,1,41,1
T8,7,1,77,2
T9,8,1,154,2
T10,9,0,25,1
[135]
T1,0,1,63,2
T2,1,0,35,4
T3,2,0,117,9
T4,3,0,200,18
T5,4,0,105,2
T6,5,1,182,10
T7,6,0,189,2
T8,7,1,50,8
T9,8,0,182,5
T10,9,1,20,2
[136]
T1,0,1,105,4
T2,1,1,200,40
T3,2,1,31,2
T4,3,1,140,22
T5,4,0,162,4
T6,5,0,180,2
T7,6,1,30,2
T8,7,1,168,7
T9,8,1,32,2
T10,9,1,112,7
[137]
T1,0,1,65,6
T2,1,1,25,2
T3,2,1,22,2
T4,3,1,198,15
T5,4,0,75,3
T6,5,0,200,26
T7,6,1,198,7
T8,7,0,165,2
T9,8,0,110,4
T10,9,1,40,4
[138]
T1,0,0,198,8
T2,1,1,42,2
T3,2,0,28,1
T4,3,1,126,6
T5,4,1,189,20
T6,5,1,200,10
T7,6,1,176,13
T8,7,0,105,2
T9,8,0,36,3
T10,9,1,120,12
[139]
T1,0,0,119,3
T2,1,1,39,1
T3,2,1,24,2
T4,3,1,85,5
T5,4,1,130,18
T6,5,1,200,3
T7,6,1,175,8
T8,7,1,168,12
T9,8,1,21,1
T10,9,1,156,4
[140]
T1,0,1,160,3
T2,1,1,39,3
T3,2,1,64,10
T4,3,1,52,6
T5,4,1,100,2
T6,5,1,200,8
T7,6,1,192,8
T8,7,0,168,7
T9,8,0,60,1
T10,9,0,30,2
[141]
T1,0,0,22,2
T2,1,1,200,2
T3,2,1,168,6
T4,3,0,39,3
T5,4,0,156,1
T6,5,1,66,19
T7,6,1,195,8
T8,7,0,120,7
T9,8,1,39,2
T10,9,0,132,1
[142]
T1,0,1,50,3
T2,1,0,75,4
T3,2,1,144,9
T4,3,1,160,22
T5,4,0,57,2
T6,5,1,171,17
T7,6,0,171,14
T8,7,1,48,1
T9,8,0,24,2
T10,9,0,200,7
[143]
T1,0,1,117,4
T2,1,1,39,4
T3,2,1,100,1
T4,3,1,168,15
T5,4,1,126,9
T6,5,0,200,27
T7,6,0,195,8
T8,7,1,25,2
T9,8,1,168,1
T10,9,0,28,1
[144]
T1,0,1,160,9
T2,1,0,198,18
T3,2,0,132,16
T4,3,1,30,2
T5,4,1,26,2
T6,5,0,80,1
T7,6,0,160,18
T8,7,0,200,21
T9,8,1,32,1
T10,9,1,63,2
[145]
T1,0,1,150,4
T2,1,1,35,5
T3,2,0,98,4
T4,3,0,200,8
T5,4,0,105,2
T6,5,0,168,2
T7,6,1,29,5
T8,7,1,46,2
T9,8,1,100,4
T10,9,0,196,8
[146]
T1,0,1,126,2
T2,1,0,47,1
T3,2,1,200,23
T4,3,0,150,9
T5,4,0,60,3
T6,5,0,180,9
T7,6,0,60,8
T8,7,1,168,7
T9,8,0,25,1
T10,9,1,50,2
[147]
T1,0,0,200,8
T2,1,0,198,14
T3,2,0,20,2
T4,3,0,176,6
T5,4,0,168,4
T6,5,0,132,2
T7,6,1,44,6
T8,7,1,96,7
T9,8,1,29,2
T10,9,1,56,7
[148]
T1,0,1,45,1
T2,1,1,72,2
T3,2,1,117,4
T4,3,1,45,1
T5,4,0,36,6
T6,5,0,175,9
T7,6,1,175,5
T8,7,0,200,4
T9,8,0,150,20
T10,9,0,126,4
[149]
T1,0,0,25,2
T2,1,0,120,7
T3,2,0,192,9
T4,3,1,70,9
T5,4,1,108,16
T6,5,1,200,12
T7,6,0,32,2
T8,7,0,175,1
T9,8,1,20,2
T10,9,0,175,12
[150]
T1,0,1,43,5
T2,1,1,25,2
T3,2,1,168,4
T4,3,0,135,14
T5,4,1,175,4
T6,5,0,65,1
T7,6,1,182,34
T8,7,0,78,1
T9,8,1,42,2
T10,9,1,200,3
[151]
T1,0,1,135,1
T2,1,1,68,2
T3,2,1,153,24
T4,3,1,48,2
T5,4,1,180,21
T6,5,1,80,2
T7,6,1,200,7
T8,7,0,20,3
T9,8,1,162,2
T10,9,1,41,2
[152]
T1,0,0,170,10
T2,1,1,54,2
T3,2,0,34,8
T4,3,0,21,2
T5,4,1,153,4
T6,5,1,72,4
T7,6,1,180,1
T8,7,0,119,11
T9,8,1,200,13
T10,9,1,43,2
[153]
T1,0,1,154,2
T2,1,1,46,2
T3,2,1,182,14
T4,3,1,91,7
T5,4,0,200,36
T6,5,1,70,8
T7,6,1,30,2
T8,7,0,65,1
T9,8,1,52,1
T10,9,1,150,2
[154]
T1,0,1,148,13
T2,1,1,31,1
T3,2,0,200,2
T4,3,1,100,2
T5,4,0,40,2
T6,5,1,60,3
T7,6,1,152,29
T8,7,0,190,13
T9,8,0,30,2
T10,9,1,60,1
[155]
T1,0,1,118,12
T2,1,1,28,2
T3,2,0,150,4
T4,3,0,75,14
T5,4,1,168,1
T6,5,0,28,1
T7,6,0,200,2
T8,7,0,20,2
T9,8,1,105,3
T10,9,1,175,22
[156]
T1,0,1,168,4
T2,1,0,75,1
T3,2,0,200,8
T4,3,1,175,9
T5,4,1,37,7
T6,5,1,75,1
T7,6,1,34,2
T8,7,1,32,2
T9,8,0,80,3
T10,9,0,153,10
[157]
T1,0,0,195,4
T2,1,1,175,2
T3,2,1,35,2
T4,3,1,90,13
T5,4,0,108,6
T6,5,0,42,2
T7,6,1,70,5
T8,7,0,175,9
T9,8,0,200,8
T10,9,0,52,4
[158]
T1,0,1,110,17
T2,1,0,36,4
T3,2,0,176,3
T4,3,1,50,2
T5,4,1,168,19
T6,5,0,200,12
T7,6,0,60,2
T8,7,1,168,8
T9,8,0,100,2
T10,9,1,34,1
[159]
T1,0,1,196,2
T2,1,1,120,12
T3,2,0,175,6
T4,3,1,200,3
T5,4,0,40,2
T6,5,1,42,1
T7,6,1,196,7
T8,7,0,65,1
T9,8,0,41,6
T10,9,0,130,12
[160]
T1,0,1,200,17
T2,1,0,198,11
T3,2,1,84,2
T4,3,0,180,1
T5,4,0,110,6
T6,5,1,96,1
T7,6,0,165,13
T8,7,1,27,1
T9,8,1,48,2
T10,9,1,42,7
[161]
T1,0,1,30,5
T2,1,1,192,2
T3,2,0,20,2
T4,3,1,160,22
T5,4,1,39,2
T6,5,0,200,2
T7,6,1,168,15
T8,7,1,96,2
T9,8,1,72,2
T10,9,1,63,1
[162]
T1,0,1,112,14
T2,1,0,25,2
T3,2,1,175,2
T4,3,1,30,2
T5,4,0,45,2
T6,5,1,175,14
T7,6,1,200,33
T8,7,1,70,2
T9,8,1,180,5
T10,9,0,77,2
[163]
T1,0,1,104,3
T2,1,0,40,3
T3,2,1,100,5
T4,3,1,39,3
T5,4,1,180,16
T6,5,0,160,6
T7,6,1,200,14
T8,7,1,34,2
T9,8,0,180,3
T10,9,1,144,4
[164]
T1,0,1,48,3
T2,1,0,24,2
T3,2,1,168,35
T4,3,1,150,1
T5,4,0,56,1
T6,5,1,72,10
T7,6,1,31,2
T8,7,0,200,2
T9,8,0,133,8
T10,9,0,175,6
[165]
T1,0,0,30,2
T2,1,1,40,1
T3,2,1,56,2
T4,3,1,168,6
T5,4,1,56,8
T6,5,1,192,9
T7,6,1,40,4
T8,7,1,84,6
T9,8,1,200,2
T10,9,1,192,1
[166]
T1,0,1,198,32
T2,1,1,168,19
T3,2,1,44,2
T4,3,1,35,1
T5,4,0,60,1
T6,5,1,132,2
T7,6,1,200,1
T8,7,1,77,10
T9,8,0,44,2
T10,9,1,165,2
[167]
T1,0,1,88,2
T2,1,0,144,19
T3,2,0,198,13
T4,3,0,200,3
T5,4,0,22,2
T6,5,0,21,1
T7,6,0,120,1
T8,7,1,50,4
T9,8,0,176,15
T10,9,0,192,6
[168]
T1,0,0,36,1
T2,1,0,120,18
T3,2,0,64,3
T4,3,0,42,4
T5,4,0,25,1
T6,5,0,110,9
T7,6,0,160,2
T8,7,1,192,3
T9,8,0,175,2
T10,9,1,200,13
[169]
T1,0,0,33,5
T2,1,0,80,1
T3,2,0,33,1
T4,3,0,187,1
T5,4,1,55,2
T6,5,0,88,6
T7,6,1,160,2
T8,7,0,192,30
T9,8,0,200,13
T10,9,0,25,2
[170]
T1,0,1,189,8
T2,1,0,31,4
T3,2,1,200,6
T4,3,0,135,16
T5,4,1,165,12
T6,5,1,60,1
T7,6,0,150,8
T8,7,0,45,1
T9,8,1,132,6
T10,9,1,20,2
[171]
T1,0,1,200,49
T2,1,0,60,1
T3,2,1,55,5
T4,3,0,186,2
T5,4,1,52,2
T6,5,0,100,5
T7,6,0,155,4
T8,7,0,176,4
T9,8,1,25,1
T10,9,0,31,1
[172]
T1,0,0,189,4
T2,1,0,78,12
T3,2,0,175,1
T4,3,0,150,3
T5,4,0,84,1
T6,5,0,200,8
T7,6,1,42,1
T8,7,0,20,2
T9,8,1,36,3
T10,9,1,84,13
[173]
T1,0,1,44,6
T2,1,1,39,2
T3,2,0,182,20
T4,3,1,200,5
T5,4,0,156,3
T6,5,0,182,18
T7,6,0,21,1
T8,7,1,72,2
T9,8,1,144,9
T10,9,1,140,4
[174]
T1,0,1,30,3
T2,1,0,95,2
T3,2,1,152,34
T4,3,1,200,9
T5,4,0,22,2
T6,5,0,45,1
T7,6,1,160,6
T8,7,0,114,1
T9,8,0,176,4
T10,9,1,75,2
[175]
T1,0,0,57,2
T2,1,0,200,28
T3,2,0,40,2
T4,3,0,125,12
T5,4,1,30,2
T6,5,1,120,12
T7,6,0,41,2
T8,7,0,168,2
T9,8,1,150,15
T10,9,1,175,2
[176]
T1,0,0,25,2
T2,1,0,196,28
T3,2,0,45,4
T4,3,0,50,2
T5,4,1,112,9
T6,5,0,175,7
T7,6,1,200,9
T8,7,0,70,2
T9,8,1,70,6
T10,9,0,150,2
[177]
T1,0,0,192,7
T2,1,0,90,1
T3,2,0,150,29
T4,3,1,200,24
T5,4,0,192,2
T6,5,0,20,1
T7,6,1,54,1
T8,7,0,57,4
T9,8,1,32,1
T10,9,0,32,2
[178]
T1,0,0,175,20
T2,1,1,189,6
T3,2,1,60,1
T4,3,1,20,2
T5,4,0,200,17
T6,5,0,154,5
T7,6,0,112,13
T8,7,1,21,1
T9,8,0,42,1
T10,9,0,108,3
[179]
T1,0,1,42,1
T2,1,0,144,16
T3,2,0,190,26
T4,3,0,162,1
T5,4,1,120,2
T6,5,1,54,2
T7,6,0,25,2
T8,7,1,200,31
T9,8,0,72,6
T10,9,1,190,1
[180]
T1,0,0,56,2
T2,1,1,33,1
T3,2,1,165,1
T4,3,0,36,2
T5,4,0,135,1
T6,5,1,176,8
T7,6,1,200,1
T8,7,0,36,1
T9,8,0,80,9
T10,9,0,175,52
[181]
T1,0,1,200,3
T2,1,0,30,3
T3,2,0,126,14
T4,3,0,20,2
T5,4,1,135,3
T6,5,0,190,15
T7,6,1,171,16
T8,7,1,120,7
T9,8,1,35,1
T10,9,0,189,3
[182]
T1,0,0,40,2
T2,1,1,50,1
T3,2,1,196,19
T4,3,1,100,2
T5,4,1,84,7
T6,5,1,28,3
T7,6,1,200,25
T8,7,1,105,1
T9,8,0,150,1
T10,9,1,184,15
[183]
T1,0,1,200,39
T2,1,1,30,1
T3,2,1,198,9
T4,3,1,92,1
T5,4,0,45,2
T6,5,1,115,18
T7,6,1,150,2
T8,7,1,180,10
T9,8,1,40,1
T10,9,1,132,2
[184]
T1,0,1,165,31
T2,1,1,29,2
T3,2,1,22,1
T4,3,0,120,5
T5,4,0,75,4
T6,5,0,200,5
T7,6,1,150,2
T8,7,1,154,27
T9,8,0,88,1
T10,9,1,44,2
[185]
T1,0,0,38,5
T2,1,1,70,9
T3,2,1,160,4
T4,3,1,175,9
T5,4,0,171,7
T6,5,1,31,2
T7,6,1,57,1
T8,7,1,200,2
T9,8,0,72,5
T10,9,0,30,2
[186]
T1,0,0,22,2
T2,1,1,84,5
T3,2,1,165,2
T4,3,0,52,2
T5,4,1,110,13
T6,5,0,170,7
T7,6,0,200,13
T8,7,0,100,6
T9,8,0,21,2
T10,9,0,150,12
[187]
T1,0,0,190,10
T2,1,1,77,7
T3,2,0,46,4
T4,3,0,70,2
T5,4,1,190,37
T6,5,0,30,1
T7,6,1,20,1
T8,7,1,200,1
T9,8,0,75,2
T10,9,1,168,4
[188]
T1,0,0,72,1
T2,1,0,168,11
T3,2,0,40,2
T4,3,1,198,33
T5,4,0,24,2
T6,5,1,60,2
T7,6,1,200,11
T8,7,0,176,2
T9,8,1,96,2
T10,9,0,33,5
[189]
T1,0,0,102,16
T2,1,1,150,5
T3,2,1,100,2
T4,3,0,91,2
T5,4,1,170,1
T6,5,1,46,7
T7,6,1,28,2
T8,7,0,200,6
T9,8,0,34,1
T10,9,0,182,14
[190]
T1,0,0,136,1
T2,1,0,90,1
T3,2,0,90,5
T4,3,0,198,8
T5,4,1,51,6
T6,5,0,165,28
T7,6,1,153,2
T8,7,0,50,4
T9,8,1,200,1
T10,9,1,34,2
[191]
T1,0,0,200,25
T2,1,1,135,2
T3,2,0,180,26
T4,3,1,138,14
T5,4,0,36,2
T6,5,1,161,5
T7,6,1,47,2
T8,7,0,150,1
T9,8,1,60,7
T10,9,0,45,2
[192]
T1,0,0,29,2
T2,1,0,196,13
T3,2,0,40,2
T4,3,0,150,5
T5,4,1,180,1
T6,5,0,200,20
T7,6,1,77,5
T8,7,0,56,6
T9,8,1,70,2
T10,9,1,40,3
[193]
T1,0,1,168,2
T2,1,1,140,3
T3,2,1,200,3
T4,3,1,120,4
T5,4,1,56,2
T6,5,0,150,7
T7,6,0,188,5
T8,7,1,32,2
T9,8,1,28,2
T10,9,0,21,7
[194]
T1,0,1,180,2
T2,1,0,108,2
T3,2,0,24,2
T4,3,0,200,30
T5,4,1,144,4
T6,5,1,72,2
T7,6,0,189,21
T8,7,1,52,2
T9,8,0,21,4
T10,9,1,192,6
[195]
T1,0,1,176,22
T2,1,1,80,2
T3,2,1,66,2
T4,3,1,40,6
T5,4,0,165,6
T6,5,1,45,2
T7,6,1,87,5
T8,7,0,200,5
T9,8,1,22,2
T10,9,1,150,7
[196]
T1,0,0,200,17
T2,1,0,168,24
T3,2,1,38,2
T4,3,1,150,18
T5,4,1,168,3
T6,5,1,56,2
T7,6,1,55,2
T8,7,1,140,7
T9,8,0,42,3
T10,9,1,28,2
[197]
T1,0,0,168,9
T2,1,1,24,2
T3,2,0,34,3
T4,3,0,100,2
T5,4,1,105,2
T6,5,0,168,35
T7,6,0,200,2
T8,7,0,165,9
T9,8,1,85,2
T10,9,1,30,2
[198]
T1,0,0,190,2
T2,1,1,76,7
T3,2,0,200,30
T4,3,0,190,2
T5,4,0,40,2
T6,5,1,88,5
T7,6,0,152,10
T8,7,0,20,2
T9,8,0,66,2
T10,9,0,45,5
[199]
T1,0,1,36,2
T2,1,1,192,9
T3,2,1,36,3
T4,3,0,125,4
T5,4,1,168,8
T6,5,1,200,22
T7,6,1,72,2
T8,7,1,31,6
T9,8,1,180,6
T10,9,0,70,1
[200]
T1,0,1,190,20
T2,1,0,90,2
T3,2,0,189,12
T4,3,1,35,2
T5,4,0,200,20
T6,5,1,30,2
T7,6,0,135,17
T8,7,0,25,1
T9,8,0,175,3
T10,9,1,63,2
[201]
T1,0,0,27,2
T2,1,0,33,2
T3,2,0,165,25
T4,3,0,66,9
T5,4,0,200,10
T6,5,0,182,2
T7,6,1,65,2
T8,7,1,182,2
T9,8,0,40,2
T10,9,0,55,2
[202]
T1,0,0,200,15
T2,1,0,140,10
T3,2,1,198,6
T4,3,0,126,1
T5,4,0,54,7
T6,5,0,198,17
T7,6,0,150,2
T8,7,0,35,2
T9,8,0,38,2
T10,9,0,20,1
[203]
T1,0,1,24,1
T2,1,1,84,3
T3,2,1,26,2
T4,3,0,25,2
T5,4,0,175,2
T6,5,1,200,23
T7,6,1,100,11
T8,7,0,116,14
T9,8,0,147,5
T10,9,1,196,1
[204]
T1,0,0,150,9
T2,1,1,50,1
T3,2,0,150,23
T4,3,1,50,4
T5,4,1,200,7
T6,5,1,180,1
T7,6,1,120,3
T8,7,0,104,2
T9,8,0,34,5
T10,9,0,124,2
[205]
T1,0,0,200,2
T2,1,0,176,5
T3,2,0,88,4
T4,3,0,54,1
T5,4,0,60,10
T6,5,0,33,2
T7,6,1,176,2
T8,7,1,135,3
T9,8,1,34,3
T10,9,1,189,13
[206]
T1,0,0,50,3
T2,1,0,195,9
T3,2,0,24,2
T4,3,1,156,9
T5,4,1,85,1
T6,5,0,34,2
T7,6,0,102,12
T8,7,0,153,1
T9,8,1,60,9
T10,9,1,200,19
[207]
T1,0,0,48,3
T2,1,1,108,4
T3,2,1,150,2
T4,3,1,32,2
T5,4,0,60,2
T6,5,1,180,10
T7,6,1,140,7
T8,7,1,50,2
T9,8,1,180,40
T10,9,1,200,1
[208]
T1,0,0,50,2
T2,1,0,150,13
T3,2,0,55,3
T4,3,1,165,5
T5,4,0,84,3
T6,5,0,77,2
T7,6,1,200,16
T8,7,1,50,4
T9,8,1,22,3
T10,9,1,182,9
[209]
T1,0,1,168,12
T2,1,1,40,1
T3,2,1,25,2
T4,3,0,38,2
T5,4,0,175,4
T6,5,0,84,8
T7,6,0,72,1
T8,7,0,154,8
T9,8,1,200,19
T10,9,1,98,15
[210]
T1,0,1,110,7
T2,1,0,50,2
T3,2,1,110,17
T4,3,1,200,1
T5,4,1,49,4
T6,5,1,105,9
T7,6,1,168,1
T8,7,0,22,1
T9,8,0,168,7
T10,9,0,175,1
[211]
T1,0,1,50,3
T2,1,0,70,4
T3,2,0,187,5
T4,3,0,175,15
T5,4,0,68,3
T6,5,1,20,2
T7,6,0,165,1
T8,7,1,105,11
T9,8,0,200,17
T10,9,1,33,2
[212]
T1,0,0,160,1
T2,1,1,38,3
T3,2,1,100,5
T4,3,1,175,12
T5,4,0,42,4
T6,5,1,95,2
T7,6,1,200,18
T8,7,1,168,1
T9,8,0,38,1
T10,9,1,140,12
[213]
T1,0,1,75,2
T2,1,0,21,2
T3,2,0,184,32
T4,3,0,50,2
T5,4,1,115,6
T6,5,0,156,6
T7,6,1,200,4
T8,7,1,180,12
T9,8,0,120,14
T10,9,0,20,1
[214]
T1,0,1,190,4
T2,1,1,180,4
T3,2,1,76,2
T4,3,0,90,6
T5,4,0,33,2
T6,5,0,200,26
T7,6,0,24,2
T8,7,0,38,3
T9,8,1,80,6
T10,9,1,168,9
[215]
T1,0,1,106,2
T2,1,0,150,2
T3,2,0,200,30
T4,3,0,40,2
T5,4,1,53,2
T6,5,0,100,8
T7,6,1,70,5
T8,7,0,150,1
T9,8,0,168,5
T10,9,1,32,4
[216]
T1,0,0,35,2
T2,1,0,91,6
T3,2,0,156,4
T4,3,0,200,4
T5,4,1,78,5
T6,5,0,75,2
T7,6,0,195,9
T8,7,0,33,4
T9,8,0,28,3
T10,9,0,169,7
[217]
T1,0,1,172,3
T2,1,0,200,34
T3,2,1,96,4
T4,3,0,168,20
T5,4,0,32,2
T6,5,1,40,1
T7,6,0,30,2
T8,7,1,160,11
T9,8,1,100,2
T10,9,0,75,1
[218]
T1,0,0,200,6
T2,1,0,53,3
T3,2,0,56,9
T4,3,1,30,1
T5,4,0,154,2
T6,5,0,35,1
T7,6,0,90,1
T8,7,0,154,2
T9,8,1,168,19
T10,9,1,110,10
[219]
T1,0,0,125,15
T2,1,0,168,2
T3,2,1,30,1
T4,3,0,198,2
T5,4,0,180,11
T6,5,1,200,2
T7,6,1,24,2
T8,7,0,53,3
T9,8,1,99,13
T10,9,0,70,10
[220]
T1,0,1,63,2
T2,1,0,144,7
T3,2,1,200,3
T4,3,0,45,8
T5,4,0,160,11
T6,5,1,150,2
T7,6,0,68,2
T8,7,1,168,12
T9,8,0,33,2
T10,9,0,51,7
[221]
T1,0,0,200,18
T2,1,0,160,24
T3,2,0,56,1
T4,3,1,45,2
T5,4,0,190,3
T6,5,1,25,2
T7,6,0,76,6
T8,7,0,42,2
T9,8,1,180,2
T10,9,1,133,6
[222]
T1,0,1,152,22
T2,1,1,192,12
T3,2,0,80,3
T4,3,0,32,1
T5,4,1,76,5
T6,5,1,53,1
T7,6,1,28,3
T8,7,1,200,5
T9,8,0,168,5
T10,9,0,84,2
[223]
T1,0,1,189,5
T2,1,0,100,8
T3,2,1,105,1
T4,3,0,117,8
T5,4,1,25,1
T6,5,1,40,1
T7,6,0,200,25
T8,7,1,175,14
T9,8,1,189,10
T10,9,1,29,2
[224]
T1,0,1,60,2
T2,1,0,75,4
T3,2,0,188,13
T4,3,0,188,5
T5,4,0,24,2
T6,5,0,25,3
T7,6,1,23,2
T8,7,0,136,20
T9,8,1,200,20
T10,9,0,150,2
[225]
T1,0,1,45,2
T2,1,0,150,7
T3,2,1,175,12
T4,3,1,48,1
T5,4,0,182,17
T6,5,1,125,2
T7,6,0,200,7
T8,7,1,24,2
T9,8,0,78,14
T10,9,1,84,6
[226]
T1,0,1,182,12
T2,1,0,117,11
T3,2,0,54,2
T4,3,1,84,1
T5,4,0,53,2
T6,5,0,200,21
T7,6,1,36,5
T8,7,1,156,2
T9,8,0,56,1
T10,9,0,175,13
[227]
T1,0,1,60,14
T2,1,0,182,2
T3,2,1,196,1
T4,3,0,91,4
T5,4,0,182,5
T6,5,0,39,1
T7,6,1,200,5
T8,7,1,140,2
T9,8,0,26,2
T10,9,0,42,4
[228]
T1,0,0,21,2
T2,1,1,39,4
T3,2,0,126,1
T4,3,1,200,6
T5,4,1,100,2
T6,5,1,44,4
T7,6,1,189,2
T8,7,1,70,5
T9,8,1,180,15
T10,9,1,165,7
[229]
T1,0,1,88,2
T2,1,1,78,3
T3,2,1,200,4
T4,3,1,132,7
T5,4,1,25,2
T6,5,1,195,9
T7,6,1,31,4
T8,7,1,150,20
T9,8,1,156,12
T10,9,1,50,1
[230]
T1,0,1,171,15
T2,1,1,171,5
T3,2,0,57,3
T4,3,1,48,2
T5,4,0,160,17
T6,5,0,200,15
T7,6,0,46,2
T8,7,1,120,2
T9,8,0,28,2
T10,9,0,75,1
[231]
T1,0,1,28,5
T2,1,0,175,1
T3,2,1,200,31
T4,3,1,170,4
T5,4,0,110,4
T6,5,1,68,5
T7,6,1,102,2
T8,7,0,150,2
T9,8,1,38,1
T10,9,0,51,2
[232]
T1,0,1,28,1
T2,1,1,200,28
T3,2,1,175,12
T4,3,0,150,5
T5,4,1,70,3
T6,5,0,28,2
T7,6,0,84,2
T8,7,1,80,2
T9,8,1,32,1
T10,9,1,196,16
[233]
T1,0,1,48,2
T2,1,1,64,1
T3,2,0,81,5
T4,3,0,105,18
T5,4,1,192,2
T6,5,1,200,14
T7,6,0,36,5
T8,7,0,180,9
T9,8,1,162,5
T10,9,0,40,2
[234]
T1,0,1,150,2
T2,1,1,48,7
T3,2,1,126,13
T4,3,0,200,6
T5,4,0,108,7
T6,5,0,27,2
T7,6,1,189,26
T8,7,0,51,2
T9,8,1,84,2
T10,9,1,170,9
[235]
T1,0,1,26,1
T2,1,0,198,1
T3,2,1,88,5
T4,3,1,32,2
T5,4,0,200,2
T6,5,1,99,15
T7,6,1,198,40
T8,7,1,108,3
T9,8,1,180,2
T10,9,0,25,2
[236]
T1,0,1,72,2
T2,1,0,99,2
T3,2,0,63,2
T4,3,0,200,7
T5,4,0,33,2
T6,5,1,54,7
T7,6,1,168,11
T8,7,0,154,3
T9,8,0,40,6
T10,9,0,150,12
[237]
T1,0,1,154,6
T2,1,1,140,9
T3,2,1,33,4
T4,3,1,176,3
T5,4,0,110,2
T6,5,1,56,10
T7,6,1,176,2
T8,7,1,20,2
T9,8,1,28,1
T10,9,0,200,13
[238]
T1,0,1,150,2
T2,1,1,102,3
T3,2,1,140,13
T4,3,1,75,6
T5,4,1,170,3
T6,5,1,28,3
T7,6,0,32,4
T8,7,1,200,6
T9,8,0,28,2
T10,9,0,153,5
[239]
T1,0,1,147,2
T2,1,0,150,13
T3,2,0,22,2
T4,3,1,40,2
T5,4,0,195,9
T6,5,0,130,8
T7,6,1,80,4
T8,7,1,200,8
T9,8,0,147,12
T10,9,0,24,2
[240]
T1,0,0,154,7
T2,1,0,165,5
T3,2,1,200,12
T4,3,0,21,2
T5,4,1,63,2
T6,5,1,28,1
T7,6,1,154,31
T8,7,1,132,5
T9,8,1,35,1
T10,9,1,77,4
[241]
T1,0,1,57,2
T2,1,0,152,18
T3,2,1,195,9
T4,3,0,152,13
T5,4,1,200,9
T6,5,0,26,2
T7,6,0,104,8
T8,7,1,96,4
T9,8,1,24,1
T10,9,1,31,1
[242]
T1,0,0,156,2
T2,1,0,27,1
T3,2,0,75,8
T4,3,1,28,3
T5,4,1,200,15
T6,5,0,169,5
T7,6,0,180,2
T8,7,1,75,2
T9,8,1,27,2
T10,9,1,104,8
[243]
T1,0,0,84,2
T2,1,0,175,3
T3,2,0,22,2
T4,3,0,125,1
T5,4,1,40,8
T6,5,1,168,22
T7,6,1,84,2
T8,7,0,200,20
T9,8,1,160,8
T10,9,0,48,2
[244]
T1,0,0,200,18
T2,1,1,41,1
T3,2,1,24,1
T4,3,1,168,6
T5,4,1,120,15
T6,5,1,96,4
T7,6,1,133,21
T8,7,1,168,6
T9,8,1,35,2
T10,9,0,171,1
[245]
T1,0,0,40,1
T2,1,0,108,4
T3,2,1,44,1
T4,3,0,135,8
T5,4,0,160,5
T6,5,1,99,3
T7,6,1,200,2
T8,7,0,180,26
T9,8,0,53,5
T10,9,0,192,19
[246]
T1,0,1,40,4
T2,1,0,36,4
T3,2,0,39,2
T4,3,0,120,7
T5,4,0,168,15
T6,5,0,175,3
T7,6,1,192,5
T8,7,0,90,4
T9,8,0,56,2
T10,9,0,200,11
[247]
T1,0,0,35,2
T2,1,0,198,5
T3,2,1,55,2
T4,3,0,75,10
T5,4,1,45,1
T6,5,0,154,9
T7,6,0,200,5
T8,7,1,110,8
T9,8,1,165,6
T10,9,1,36,5
[248]
T1,0,1,160,10
T2,1,1,96,1
T3,2,0,165,7
T4,3,0,200,18
T5,4,0,38,2
T6,5,1,155,26
T7,6,0,110,9
T8,7,1,25,2
T9,8,1,20,2
T10,9,0,88,5
[249]
T1,0,0,126,29
T2,1,0,27,1
T3,2,1,152,5
T4,3,1,189,2
T5,4,1,168,19
T6,5,0,200,2
T7,6,1,32,1
T8,7,1,108,1
T9,8,0,25,1
T10,9,0,114,1
[250]
T1,0,1,182,3
T2,1,1,100,1
T3,2,1,132,12
T4,3,0,200,9
T5,4,1,100,5
T6,5,0,28,2
T7,6,0,28,2
T8,7,0,27,3
T9,8,1,182,31
T10,9,1,175,4
[251]
T1,0,1,200,3
T2,1,0,24,1
T3,2,0,51,7
T4,3,1,108,6
T5,4,1,156,7
T6,5,0,104,2
T7,6,1,45,4
T8,7,1,156,15
T9,8,0,112,8
T10,9,1,189,1
[252]
T1,0,1,46,1
T2,1,1,100,22
T3,2,0,200,15
T4,3,1,104,8
T5,4,0,186,10
T6,5,0,160,4
T7,6,1,32,1
T8,7,0,75,2
T9,8,0,39,2
T10,9,1,156,1
[253]
T1,0,1,25,7
T2,1,0,192,9
T3,2,1,140,2
T4,3,0,72,1
T5,4,0,63,1
T6,5,1,25,2
T7,6,0,27,2
T8,7,1,200,3
T9,8,0,175,21
T10,9,0,192,6
[254]
T1,0,1,50,1
T2,1,0,192,19
T3,2,1,120,1
T4,3,0,100,5
T5,4,0,175,7
T6,5,1,40,9
T7,6,0,174,3
T8,7,0,43,2
T9,8,1,200,2
T10,9,0,75,3
[255]
T1,0,0,77,7
T2,1,1,200,3
T3,2,0,33,2
T4,3,0,195,5
T5,4,0,50,2
T6,5,1,195,24
T7,6,0,182,5
T8,7,1,56,2
T9,8,0,140,5
T10,9,1,39,7
[256]
T1,0,1,44,2
T2,1,0,162,2
T3,2,1,200,29
T4,3,0,135,7
T5,4,0,27,2
T6,5,0,75,2
T7,6,0,32,1
T8,7,0,180,3
T9,8,0,180,32
T10,9,1,65,3
[257]
T1,0,1,180,1
T2,1,0,140,21
T3,2,1,72,10
T4,3,0,30,3
T5,4,0,42,1
T6,5,1,200,3
T7,6,1,30,1
T8,7,0,182,3
T9,8,1,180,2
T10,9,0,72,2
[258]
T1,0,0,189,21
T2,1,1,27,2
T3,2,0,35,2
T4,3,1,200,23
T5,4,1,70,6
T6,5,1,180,4
T7,6,1,27,1
T8,7,1,168,9
T9,8,0,80,2
T10,9,0,60,1
[259]
T1,0,0,25,1
T2,1,0,136,3
T3,2,1,45,4
T4,3,1,40,1
T5,4,0,190,14
T6,5,0,68,13
T7,6,0,180,5
T8,7,1,200,7
T9,8,1,68,2
T10,9,0,170,5
[260]
T1,0,0,96,1
T2,1,0,190,7
T3,2,0,190,30
T4,3,0,57,1
T5,4,0,28,2
T6,5,1,56,4
T7,6,0,20,2
T8,7,0,37,7
T9,8,0,200,4
T10,9,0,160,9
[261]
T1,0,1,46,2
T2,1,0,25,2
T3,2,1,198,24
T4,3,0,50,3
T5,4,0,160,11
T6,5,0,200,15
T7,6,0,90,2
T8,7,1,99,5
T9,8,1,165,2
T10,9,0,132,7
[262]
T1,0,1,98,8
T2,1,0,200,14
T3,2,1,50,4
T4,3,0,195,9
T5,4,0,182,8
T6,5,0,84,6
T7,6,1,112,1
T8,7,0,52,1
T9,8,0,20,2
T10,9,1,168,12
[263]
T1,0,1,153,2
T2,1,0,192,3
T3,2,1,25,2
T4,3,0,64,5
T5,4,0,25,2
T6,5,0,200,22
T7,6,0,136,1
T8,7,1,40,1
T9,8,0,170,1
T10,9,0,136,40
[264]
T1,0,0,30,1
T2,1,1,160,6
T3,2,1,96,9
T4,3,0,200,5
T5,4,0,56,2
T6,5,0,36,2
T7,6,1,44,3
T8,7,1,198,26
T9,8,1,140,6
T10,9,0,154,14
[265]
T1,0,0,168,12
T2,1,1,28,2
T3,2,0,176,3
T4,3,1,99,5
T5,4,0,84,4
T6,5,0,105,16
T7,6,0,45,2
T8,7,1,154,5
T9,8,0,200,19
T10,9,0,48,2
[266]
T1,0,1,38,2
T2,1,0,40,2
T3,2,1,152,2
T4,3,0,105,15
T5,4,1,105,7
T6,5,0,135,5
T7,6,0,190,13
T8,7,0,200,22
T9,8,0,45,2
T10,9,1,189,11
[267]
T1,0,0,60,3
T2,1,1,182,12
T3,2,0,168,9
T4,3,1,26,2
T5,4,1,200,10
T6,5,0,144,5
T7,6,0,50,5
T8,7,1,52,1
T9,8,0,96,15
T10,9,0,182,1
[268]
T1,0,0,51,11
T2,1,0,150,1
T3,2,0,85,3
T4,3,1,48,7
T5,4,0,34,2
T6,5,0,170,2
T7,6,1,170,4
T8,7,1,120,10
T9,8,1,105,4
T10,9,1,200,2
[269]
T1,0,1,176,3
T2,1,0,24,2
T3,2,0,44,8
T4,3,1,200,11
T5,4,0,150,18
T6,5,1,184,1
T7,6,0,96,6
T8,7,0,22,1
T9,8,0,88,2
T10,9,0,92,3
[270]
T1,0,1,170,34
T2,1,0,70,1
T3,2,1,170,15
T4,3,0,150,1
T5,4,1,105,2
T6,5,1,200,6
T7,6,1,30,2
T8,7,1,77,1
T9,8,0,44,1
T10,9,1,51,5
[271]
T1,0,0,130,9
T2,1,0,150,10
T3,2,0,168,14
T4,3,0,28,5
T5,4,0,21,2
T6,5,1,26,2
T7,6,0,200,12
T8,7,1,80,2
T9,8,0,90,3
T10,9,0,168,6
[272]
T1,0,1,198,2
T2,1,0,198,17
T3,2,1,50,2
T4,3,0,66,2
T5,4,1,180,4
T6,5,1,32,2
T7,6,1,77,1
T8,7,0,50,11
T9,8,1,55,7
T10,9,1,200,2
[273]
T1,0,1,33,2
T2,1,1,45,4
T3,2,1,154,2
T4,3,1,66,4
T5,4,1,84,1
T6,5,1,200,8
T7,6,1,46,7
T8,7,0,165,3
T9,8,0,100,3
T10,9,0,189,6
[274]
T1,0,0,45,2
T2,1,1,45,2
T3,2,1,180,8
T4,3,0,88,5
T5,4,0,195,10
T6,5,0,117,10
T7,6,1,37,4
T8,7,1,156,4
T9,8,1,65,2
T10,9,0,200,32
[275]
T1,0,1,176,8
T2,1,1,36,2
T3,2,0,72,1
T4,3,0,120,10
T5,4,1,176,3
T6,5,1,49,3
T7,6,0,100,4
T8,7,1,184,12
T9,8,0,24,4
T10,9,0,200,7
[276]
T1,0,1,44,5
T2,1,1,38,4
T3,2,0,165,13
T4,3,1,105,1
T5,4,1,168,2
T6,5,0,110,2
T7,6,0,43,5
T8,7,1,120,1
T9,8,0,200,4
T10,9,1,190,9
[277]
T1,0,0,39,1
T2,1,0,180,4
T3,2,1,78,2
T4,3,1,189,4
T5,4,1,72,1
T6,5,0,156,2
T7,6,1,200,38
T8,7,0,39,1
T9,8,1,42,9
T10,9,1,120,2
[278]
T1,0,1,150,1
T2,1,0,160,6
T3,2,1,105,8
T4,3,1,30,2
T5,4,0,148,19
T6,5,0,120,1
T7,6,0,112,5
T8,7,1,30,2
T9,8,0,35,5
T10,9,1,200,12
[279]
T1,0,1,165,2
T2,1,0,200,19
T3,2,1,180,8
T4,3,0,56,4
T5,4,0,46,1
T6,5,0,150,12
T7,6,1,24,1
T8,7,0,42,5
T9,8,1,80,2
T10,9,0,132,8
[280]
T1,0,1,36,3
T2,1,0,52,1
T3,2,1,147,15
T4,3,0,192,6
T5,4,0,168,18
T6,5,0,200,1
T7,6,0,25,1
T8,7,0,168,5
T9,8,1,144,15
T10,9,1,80,1
[281]
T1,0,1,25,2
T2,1,1,144,12
T3,2,1,77,9
T4,3,1,30,4
T5,4,0,180,2
T6,5,1,200,2
T7,6,1,70,5
T8,7,0,165,8
T9,8,0,27,2
T10,9,1,198,3
[282]
T1,0,1,41,2
T2,1,1,150,2
T3,2,1,38,2
T4,3,1,57,1
T5,4,1,104,16
T6,5,0,156,7
T7,6,1,150,7
T8,7,0,57,8
T9,8,0,32,2
T10,9,1,200,11
[283]
T1,0,1,115,14
T2,1,0,189,28
T3,2,1,120,4
T4,3,1,200,14
T5,4,0,27,2
T6,5,0,161,13
T7,6,0,35,2
T8,7,1,150,1
T9,8,1,41,3
T10,9,0,84,1
[284]
T1,0,1,36,2
T2,1,0,60,2
T3,2,1,80,10
T4,3,1,104,5
T5,4,0,190,22
T6,5,1,195,10
T7,6,0,200,9
T8,7,1,156,3
T9,8,1,48,2
T10,9,0,45,4
[285]
T1,0,0,75,2
T2,1,0,200,3
T3,2,0,88,12
T4,3,1,180,3
T5,4,0,35,2
T6,5,1,36,2
T7,6,1,198,34
T8,7,0,175,10
T9,8,0,55,1
T10,9,1,30,2
[286]
T1,0,1,156,7
T2,1,0,156,7
T3,2,0,35,5
T4,3,0,66,2
T5,4,1,154,8
T6,5,0,55,3
T7,6,0,70,8
T8,7,1,22,2
T9,8,1,39,2
T10,9,0,200,11
[287]
T1,0,0,132,9
T2,1,1,30,2
T3,2,0,48,2
T4,3,0,200,9
T5,4,0,64,2
T6,5,0,36,2
T7,6,1,130,7
T8,7,0,165,2
T9,8,0,195,7
T10,9,1,150,39
[288]
T1,0,1,72,14
T2,1,0,33,2
T3,2,0,165,5
T4,3,1,24,2
T5,4,0,96,2
T6,5,1,75,2
T7,6,1,200,19
T8,7,1,168,9
T9,8,0,175,10
T10,9,1,38,2
[289]
T1,0,0,88,9
T2,1,0,120,2
T3,2,0,45,2
T4,3,0,160,15
T5,4,1,200,20
T6,5,0,160,11
T7,6,0,121,2
T8,7,1,30,1
T9,8,1,198,12
T10,9,0,48,1
[290]
T1,0,1,35,2
T2,1,0,69,2
T3,2,1,200,23
T4,3,0,69,6
T5,4,0,168,12
T6,5,1,120,8
T7,6,1,40,1
T8,7,0,35,4
T9,8,0,161,6
T10,9,0,192,6
[291]
T1,0,1,195,12
T2,1,1,56,3
T3,2,0,35,1
T4,3,0,100,4
T5,4,0,120,6
T6,5,0,51,3
T7,6,1,35,3
T8,7,0,200,2
T9,8,1,175,19
T10,9,1,154,9
[292]
T1,0,1,95,8
T2,1,0,175,11
T3,2,0,28,2
T4,3,1,180,10
T5,4,0,190,6
T6,5,1,200,23
T7,6,0,45,2
T8,7,0,140,12
T9,8,0,96,8
T10,9,0,43,2
[293]
T1,0,0,150,12
T2,1,1,21,2
T3,2,1,52,1
T4,3,0,65,3
T5,4,0,200,29
T6,5,0,175,2
T7,6,0,100,2
T8,7,1,180,8
T9,8,0,78,5
T10,9,0,45,5
[294]
T1,0,0,34,6
T2,1,1,200,20
T3,2,0,150,6
T4,3,0,46,2
T5,4,0,75,1
T6,5,0,184,1
T7,6,1,20,3
T8,7,1,90,1
T9,8,1,110,2
T10,9,1,150,5
[295]
T1,0,1,176,2
T2,1,0,60,2
T3,2,1,150,6
T4,3,0,46,2
T5,4,1,200,5
T6,5,0,49,5
T7,6,0,196,6
T8,7,1,112,12
T9,8,0,44,2
T10,9,0,75,8
[296]
T1,0,0,140,12
T2,1,0,175,7
T3,2,1,20,2
T4,3,0,51,2
T5,4,1,172,8
T6,5,1,86,1
T7,6,0,200,25
T8,7,0,70,2
T9,8,0,175,5
T10,9,0,26,4
[297]
T1,0,0,140,2
T2,1,0,36,2
T3,2,0,200,1
T4,3,0,24,2
T5,4,0,66,5
T6,5,1,176,2
T7,6,0,20,2
T8,7,1,140,4
T9,8,1,176,50
T10,9,0,189,27
[298]
T1,0,0,135,2
T2,1,0,133,21
T3,2,0,21,1
T4,3,0,27,2
T5,4,1,168,21
T6,5,1,36,1
T7,6,1,57,1
T8,7,1,150,3
T9,8,0,171,2
T10,9,0,200,21
[299]
T1,0,0,72,10
T2,1,1,25,1
T3,2,1,128,5
T4,3,0,192,4
T5,4,1,150,1
T6,5,1,60,1
T7,6,0,153,30
T8,7,1,25,2
T9,8,1,32,3
T10,9,0,200,3
[300]
T1,0,0,168,8
T2,1,0,200,13
T3,2,0,87,1
T4,3,1,174,11
T5,4,0,50,5
T6,5,0,87,1
T7,6,0,32,2
T8,7,0,150,12
T9,8,0,144,11
T10,9,1,48,2
[301]
T1,0,1,25,1
T2,1,1,180,21
T3,2,0,90,4
T4,3,1,24,2
T5,4,1,169,7
T6,5,1,22,2
T7,6,0,150,10
T8,7,1,75,5
T9,8,0,200,22
T10,9,0,54,2
[302]
T1,0,0,30,1
T2,1,0,96,14
T3,2,0,200,11
T4,3,0,90,1
T5,4,0,172,2
T6,5,0,60,2
T7,6,0,192,14
T8,7,0,32,4
T9,8,0,150,9
T10,9,1,30,2
[303]
T1,0,0,170,2
T2,1,0,160,7
T3,2,0,70,9
T4,3,0,51,1
T5,4,0,35,1
T6,5,0,200,15
T7,6,1,70,6
T8,7,1,160,11
T9,8,1,51,2
T10,9,0,120,9
[304]
T1,0,1,180,16
T2,1,0,24,1
T3,2,1,72,2
T4,3,0,168,14
T5,4,0,156,7
T6,5,1,27,1
T7,6,1,200,10
T8,7,1,100,12
T9,8,0,20,1
T10,9,1,105,3
[305]
T1,0,1,50,1
T2,1,0,160,26
T3,2,0,66,2
T4,3,0,25,2
T5,4,0,135,11
T6,5,1,160,19
T7,6,1,192,8
T8,7,1,72,2
T9,8,1,200,5
T10,9,0,27,2
[306]
T1,0,1,30,2
T2,1,0,91,4
T3,2,1,200,9
T4,3,0,135,4
T5,4,1,25,2
T6,5,1,42,2
T7,6,1,105,5
T8,7,0,195,14
T9,8,0,182,25
T10,9,0,189,28
[307]
T1,0,1,105,2
T2,1,1,40,1
T3,2,0,35,3
T4,3,1,22,2
T5,4,0,120,1
T6,5,1,99,6
T7,6,1,200,25
T8,7,0,154,22
T9,8,0,150,3
T10,9,1,189,7
[308]
T1,0,1,88,3
T2,1,1,104,2
T3,2,0,50,4
T4,3,1,180,2
T5,4,0,180,28
T6,5,1,27,3
T7,6,1,49,1
T8,7,0,195,8
T9,8,0,55,1
T10,9,1,200,8
[309]
T1,0,1,175,4
T2,1,1,120,11
T3,2,0,112,5
T4,3,1,48,3
T5,4,1,200,9
T6,5,0,21,2
T7,6,0,50,7
T8,7,0,160,1
T9,8,1,152,2
T10,9,0,100,13
[310]
T1,0,0,165,8
T2,1,0,100,12
T3,2,1,187,8
T4,3,0,84,10
T5,4,0,168,13
T6,5,1,200,11
T7,6,1,136,10
T8,7,0,43,2
T9,8,0,22,2
T10,9,1,34,2
[311]
T1,0,0,75,11
T2,1,1,26,2
T3,2,0,144,17
T4,3,0,32,2
T5,4,0,75,1
T6,5,0,200,24
T7,6,0,30,2
T8,7,1,195,21
T9,8,1,198,2
T10,9,1,198,5
[312]
T1,0,1,30,3
T2,1,0,100,14
T3,2,1,200,6
T4,3,1,27,2
T5,4,0,165,2
T6,5,0,198,2
T7,6,0,150,4
T8,7,0,77,2
T9,8,1,105,5
T10,9,1,44,5
[313]
T1,0,1,66,1
T2,1,1,75,2
T3,2,1,165,14
T4,3,1,22,2
T5,4,0,200,1
T6,5,1,110,6
T7,6,0,165,13
T8,7,1,36,2
T9,8,1,51,2
T10,9,1,196,38
[314]
T1,0,1,198,4
T2,1,0,200,8
T3,2,0,36,4
T4,3,1,99,8
T5,4,1,34,2
T6,5,0,120,20
T7,6,0,150,11
T8,7,0,44,2
T9,8,1,175,4
T10,9,0,147,3
[315]
T1,0,1,192,3
T2,1,1,135,4
T3,2,1,144,3
T4,3,0,168,2
T5,4,1,140,9
T6,5,1,24,2
T7,6,1,45,2
T8,7,1,200,6
T9,8,0,38,8
T10,9,0,192,21
[316]
T1,0,1,195,1
T2,1,1,195,2
T3,2,1,40,4
T4,3,1,64,2
T5,4,0,200,1
T6,5,1,40,3
T7,6,1,96,5
T8,7,0,120,3
T9,8,0,168,12
T10,9,0,40,7
[317]
T1,0,0,78,4
T2,1,0,54,2
T3,2,0,200,3
T4,3,1,52,2
T5,4,1,30,2
T6,5,0,108,2
T7,6,0,175,7
T8,7,0,195,10
T9,8,1,180,2
T10,9,1,78,24
[318]
T1,0,1,153,11
T2,1,0,153,2
T3,2,0,102,12
T4,3,1,174,5
T5,4,0,45,8
T6,5,0,40,2
T7,6,0,200,7
T8,7,1,60,1
T9,8,0,30,1
T10,9,0,102,1
[319]
T1,0,1,27,2
T2,1,0,189,2
T3,2,1,161,3
T4,3,0,50,1
T5,4,1,42,1
T6,5,1,120,3
T7,6,0,175,43
T8,7,0,75,5
T9,8,1,69,1
T10,9,0,200,9
[320]
T1,0,0,42,2
T2,1,1,128,3
T3,2,1,78,1
T4,3,1,156,16
T5,4,0,23,1
T6,5,0,200,18
T7,6,1,168,8
T8,7,0,39,2
T9,8,1,195,11
T10,9,1,60,8
[321]
T1,0,1,192,3
T2,1,1,200,18
T3,2,0,40,2
T4,3,1,120,23
T5,4,0,66,1
T6,5,1,90,2
T7,6,0,160,1
T8,7,1,36,1
T9,8,0,23,1
T10,9,0,198,14
[322]
T1,0,0,23,1
T2,1,1,36,5
T3,2,1,20,2
T4,3,1,72,2
T5,4,1,150,18
T6,5,0,104,8
T7,6,1,156,10
T8,7,0,72,3
T9,8,0,200,4
T10,9,1,168,1
[323]
T1,0,0,50,2
T2,1,0,48,1
T3,2,1,184,1
T4,3,1,100,13
T5,4,1,200,18
T6,5,0,170,24
T7,6,1,85,1
T8,7,1,170,2
T9,8,0,43,1
T10,9,1,69,8
[324]
T1,0,0,168,9
T2,1,1,60,9
T3,2,1,200,5
T4,3,1,175,2
T5,4,0,104,1
T6,5,1,39,2
T7,6,0,88,2
T8,7,1,50,6
T9,8,0,195,4
T10,9,0,33,3
[325]
T1,0,0,175,9
T2,1,0,108,3
T3,2,0,175,31
T4,3,0,24,1
T5,4,0,200,3
T6,5,0,180,25
T7,6,0,104,2
T8,7,1,70,2
T9,8,0,54,3
T10,9,1,49,2
[326]
T1,0,1,200,17
T2,1,1,23,2
T3,2,0,45,2
T4,3,0,90,16
T5,4,1,42,2
T6,5,1,180,5
T7,6,0,72,2
T8,7,0,168,6
T9,8,1,168,19
T10,9,1,55,2
[327]
T1,0,1,190,2
T2,1,0,140,2
T3,2,1,200,2
T4,3,0,160,29
T5,4,1,40,2
T6,5,1,100,2
T7,6,1,45,2
T8,7,1,140,6
T9,8,0,23,2
T10,9,0,180,34
[328]
T1,0,0,200,1
T2,1,1,25,1
T3,2,0,160,13
T4,3,0,80,11
T5,4,0,175,10
T6,5,0,21,1
T7,6,1,75,1
T8,7,1,31,2
T9,8,0,105,7
T10,9,0,190,7
[329]
T1,0,0,185,1
T2,1,0,26,2
T3,2,1,100,8
T4,3,0,195,20
T5,4,0,200,1
T6,5,0,72,2
T7,6,1,26,1
T8,7,1,75,2
T9,8,1,24,3
T10,9,0,185,9
[330]
T1,0,0,21,3
T2,1,0,200,5
T3,2,0,144,4
T4,3,0,96,17
T5,4,1,30,1
T6,5,1,43,1
T7,6,1,175,3
T8,7,0,126,3
T9,8,1,165,2
T10,9,1,168,6
[331]
T1,0,1,200,2
T2,1,1,72,1
T3,2,0,161,3
T4,3,1,41,2
T5,4,0,138,7
T6,5,0,168,13
T7,6,1,20,2
T8,7,0,180,36
T9,8,0,20,2
T10,9,1,112,10
[332]
T1,0,0,85,6
T2,1,1,150,42
T3,2,1,170,2
T4,3,1,38,2
T5,4,0,36,1
T6,5,0,90,3
T7,6,1,200,8
T8,7,1,32,1
T9,8,1,72,1
T10,9,1,150,6
[333]
T1,0,0,22,2
T2,1,1,150,19
T3,2,1,189,1
T4,3,0,195,2
T5,4,1,108,9
T6,5,1,200,2
T7,6,1,52,2
T8,7,0,104,7
T9,8,0,27,1
T10,9,0,90,19
[334]
T1,0,1,20,2
T2,1,0,76,11
T3,2,1,192,9
T4,3,0,192,2
T5,4,1,135,10
T6,5,0,108,3
T7,6,1,200,4
T8,7,0,26,1
T9,8,0,40,3
T10,9,1,152,14
[335]
T1,0,0,192,7
T2,1,1,144,4
T3,2,0,189,5
T4,3,0,48,6
T5,4,1,20,2
T6,5,0,47,2
T7,6,0,75,13
T8,7,1,175,1
T9,8,0,200,15
T10,9,0,64,4
[336]
T1,0,1,25,2
T2,1,1,144,2
T3,2,0,155,9
T4,3,0,90,10
T5,4,1,155,27
T6,5,0,180,3
T7,6,0,28,2
T8,7,1,135,14
T9,8,1,27,1
T10,9,0,200,8
[337]
T1,0,0,171,6
T2,1,1,48,2
T3,2,0,28,2
T4,3,1,63,2
T5,4,0,160,16
T6,5,1,105,13
T7,6,0,171,3
T8,7,0,200,5
T9,8,0,95,10
T10,9,1,24,2
[338]
T1,0,1,200,2
T2,1,1,49,1
T3,2,0,40,5
T4,3,1,192,16
T5,4,0,150,1
T6,5,0,160,12
T7,6,1,90,6
T8,7,1,43,3
T9,8,1,98,5
T10,9,0,100,5
[339]
T1,0,0,105,15
T2,1,0,160,3
T3,2,0,75,4
T4,3,0,150,3
T5,4,0,30,4
T6,5,1,60,1
T7,6,0,189,12
T8,7,1,45,2
T9,8,1,200,8
T10,9,1,54,2
[340]
T1,0,0,130,20
T2,1,0,20,2
T3,2,1,196,9
T4,3,0,60,2
T5,4,0,168,11
T6,5,1,39,2
T7,6,0,195,2
T8,7,0,48,1
T9,8,1,65,6
T10,9,0,200,1
[341]
T1,0,0,100,3
T2,1,1,56,12
T3,2,1,49,6
T4,3,1,196,4
T5,4,0,50,4
T6,5,1,25,2
T7,6,1,168,8
T8,7,1,200,7
T9,8,1,64,2
T10,9,0,160,2
[342]
T1,0,1,57,1
T2,1,1,200,2
T3,2,0,153,8
T4,3,0,27,2
T5,4,0,120,25
T6,5,0,30,2
T7,6,1,170,2
T8,7,1,85,20
T9,8,1,20,2
T10,9,1,153,5
[343]
T1,0,0,75,2
T2,1,0,35,1
T3,2,1,200,1
T4,3,0,54,2
T5,4,0,45,3
T6,5,1,135,6
T7,6,0,168,10
T8,7,0,182,22
T9,8,0,156,21
T10,9,1,72,5
[344]
T1,0,1,21,5
T2,1,1,189,2
T3,2,0,200,18
T4,3,1,27,2
T5,4,0,180,3
T6,5,0,115,5
T7,6,1,56,4
T8,7,1,21,1
T9,8,1,84,2
T10,9,0,175,1
[345]
T1,0,1,32,2
T2,1,0,133,8
T3,2,1,48,3
T4,3,0,140,5
T5,4,1,180,16
T6,5,0,36,6
T7,6,1,95,1
T8,7,1,200,3
T9,8,0,160,7
T10,9,0,152,8
[346]
T1,0,0,140,9
T2,1,0,168,4
T3,2,1,165,7
T4,3,0,200,3
T5,4,1,49,2
T6,5,1,90,7
T7,6,0,140,3
T8,7,0,175,24
T9,8,1,41,1
T10,9,1,25,2
[347]
T1,0,0,112,1
T2,1,0,54,2
T3,2,0,200,5
T4,3,1,27,3
T5,4,0,198,19
T6,5,0,24,2
T7,6,1,100,6
T8,7,1,35,2
T9,8,1,180,20
T10,9,0,180,10
[348]
T1,0,1,105,2
T2,1,1,200,14
T3,2,0,25,2
T4,3,0,168,2
T5,4,0,196,2
T6,5,1,128,4
T7,6,0,105,2
T8,7,0,38,9
T9,8,0,175,6
T10,9,0,49,6
[349]
T1,0,0,28,2
T2,1,0,200,33
T3,2,1,63,4
T4,3,1,63,3
T5,4,0,140,11
T6,5,1,162,2
T7,6,0,196,5
T8,7,0,24,3
T9,8,1,44,2
T10,9,0,150,1
[350]
T1,0,1,90,4
T2,1,0,171,2
T3,2,1,66,2
T4,3,0,152,4
T5,4,1,48,2
T6,5,1,190,18
T7,6,0,29,1
T8,7,0,22,2
T9,8,0,88,13
T10,9,0,200,9
[351]
T1,0,0,80,3
T2,1,1,24,2
T3,2,1,20,2
T4,3,1,175,5
T5,4,0,155,3
T6,5,1,200,46
T7,6,1,84,1
T8,7,0,60,8
T9,8,1,27,2
T10,9,0,168,9
[352]
T1,0,1,48,2
T2,1,0,126,21
T3,2,0,70,2
T4,3,1,182,8
T5,4,1,150,5
T6,5,0,26,2
T7,6,1,91,12
T8,7,1,48,4
T9,8,1,156,6
T10,9,0,200,8
[353]
T1,0,1,91,5
T2,1,1,35,1
T3,2,0,42,2
T4,3,1,140,6
T5,4,0,75,5
T6,5,0,156,11
T7,6,0,200,2
T8,7,0,196,15
T9,8,0,48,3
T10,9,1,150,12
[354]
T1,0,0,162,10
T2,1,0,54,4
T3,2,1,200,10
T4,3,1,25,4
T5,4,0,192,1
T6,5,1,35,4
T7,6,1,120,8
T8,7,1,162,2
T9,8,1,63,1
T10,9,0,100,2
[355]
T1,0,0,200,3
T2,1,0,35,1
T3,2,1,55,1
T4,3,1,165,1
T5,4,1,99,5
T6,5,0,27,3
T7,6,0,27,1
T8,7,1,100,9
T9,8,1,180,22
T10,9,0,150,9
[356]
T1,0,1,65,1
T2,1,1,162,1
T3,2,1,96,6
T4,3,0,49,1
T5,4,0,26,2
T6,5,0,195,3
T7,6,0,200,44
T8,7,0,160,2
T9,8,0,39,1
T10,9,1,72,12
[357]
T1,0,1,180,6
T2,1,0,150,27
T3,2,0,70,2
T4,3,1,150,10
T5,4,0,28,1
T6,5,0,70,4
T7,6,1,26,2
T8,7,1,200,12
T9,8,1,60,4
T10,9,1,37,2
[358]
T1,0,0,175,2
T2,1,1,200,32
T3,2,1,30,1
T4,3,0,35,5
T5,4,1,70,1
T6,5,1,126,3
T7,6,0,21,1
T8,7,1,175,2
T9,8,0,68,4
T10,9,0,168,2
[359]
T1,0,0,200,7
T2,1,1,72,6
T3,2,0,175,15
T4,3,1,48,4
T5,4,0,176,3
T6,5,0,96,1
T7,6,0,49,3
T8,7,0,84,1
T9,8,0,198,4
T10,9,1,28,3
[360]
T1,0,0,132,8
T2,1,0,36,1
T3,2,1,42,2
T4,3,1,190,6
T5,4,1,165,15
T6,5,1,44,6
T7,6,0,200,11
T8,7,1,114,2
T9,8,0,110,10
T10,9,1,168,8
[361]
T1,0,0,112,10
T2,1,1,175,1
T3,2,1,35,2
T4,3,1,40,2
T5,4,1,200,43
T6,5,1,75,6
T7,6,1,25,2
T8,7,0,120,12
T9,8,1,150,10
T10,9,0,154,1
[362]
T1,0,0,160,10
T2,1,0,56,2
T3,2,0,130,3
T4,3,1,36,1
T5,4,0,195,32
T6,5,1,200,6
T7,6,1,40,2
T8,7,1,117,6
T9,8,0,195,2
T10,9,0,28,2
[363]
T1,0,0,150,6
T2,1,0,28,3
T3,2,1,196,28
T4,3,1,156,4
T5,4,1,200,2
T6,5,1,130,2
T7,6,0,35,3
T8,7,1,49,2
T9,8,1,70,6
T10,9,0,60,1
[364]
T1,0,1,52,3
T2,1,1,160,19
T3,2,0,104,5
T4,3,1,26,2
T5,4,0,75,6
T6,5,0,25,2
T7,6,1,195,23
T8,7,0,192,3
T9,8,1,200,17
T10,9,1,55,2
[365]
T1,0,1,40,2
T2,1,0,150,20
T3,2,1,156,2
T4,3,1,78,2
T5,4,1,130,7
T6,5,0,91,2
T7,6,1,200,10
T8,7,0,52,8
T9,8,0,52,2
T10,9,1,196,14
[366]
T1,0,0,66,4
T2,1,1,156,3
T3,2,1,110,2
T4,3,1,46,4
T5,4,0,165,5
T6,5,0,22,1
T7,6,1,78,1
T8,7,0,200,47
T9,8,0,21,2
T10,9,0,156,2
[367]
T1,0,0,21,2
T2,1,1,42,1
T3,2,1,68,12
T4,3,0,200,4
T5,4,0,150,12
T6,5,1,150,3
T7,6,1,50,2
T8,7,0,102,1
T9,8,1,168,13
T10,9,1,60,5
[368]
T1,0,1,24,2
T2,1,1,154,3
T3,2,1,150,3
T4,3,0,126,15
T5,4,0,63,2
T6,5,0,20,2
T7,6,0,72,2
T8,7,1,175,9
T9,8,1,33,2
T10,9,0,200,21
[369]
T1,0,0,168,14
T2,1,0,84,2
T3,2,1,38,1
T4,3,1,190,9
T5,4,0,28,1
T6,5,0,200,43
T7,6,0,80,2
T8,7,0,42,2
T9,8,1,114,9
T10,9,1,180,2
[370]
T1,0,1,28,1
T2,1,0,162,3
T3,2,0,126,15
T4,3,0,175,4
T5,4,1,200,37
T6,5,0,24,2
T7,6,1,70,3
T8,7,0,135,2
T9,8,1,40,3
T10,9,0,189,4
[371]
T1,0,1,198,1
T2,1,1,28,2
T3,2,1,176,24
T4,3,0,30,4
T5,4,1,200,6
T6,5,0,84,1
T7,6,0,154,5
T8,7,1,84,2
T9,8,1,120,7
T10,9,0,25,1
[372]
T1,0,1,75,2
T2,1,0,168,10
T3,2,1,198,8
T4,3,0,120,2
T5,4,0,108,11
T6,5,0,22,2
T7,6,1,200,9
T8,7,0,180,9
T9,8,0,50,2
T10,9,0,27,5
[373]
T1,0,1,40,2
T2,1,0,29,2
T3,2,0,192,2
T4,3,1,200,66
T5,4,0,28,1
T6,5,0,60,2
T7,6,0,128,10
T8,7,1,88,4
T9,8,0,150,11
T10,9,0,168,1
[374]
T1,0,1,198,8
T2,1,0,150,2
T3,2,0,105,3
T4,3,1,180,1
T5,4,1,60,2
T6,5,1,42,4
T7,6,1,140,28
T8,7,0,25,2
T9,8,1,34,2
T10,9,1,200,30
[375]
T1,0,1,60,5
T2,1,0,156,4
T3,2,1,160,18
T4,3,0,33,2
T5,4,1,160,8
T6,5,0,75,2
T7,6,0,44,7
T8,7,0,200,9
T9,8,1,50,3
T10,9,0,143,2
[376]
T1,0,1,22,3
T2,1,1,150,8
T3,2,0,168,1
T4,3,1,66,2
T5,4,0,200,25
T6,5,1,22,2
T7,6,0,70,2
T8,7,0,182,6
T9,8,1,120,2
T10,9,1,37,6
[377]
T1,0,1,84,8
T2,1,1,180,1
T3,2,0,168,17
T4,3,0,48,6
T5,4,1,176,3
T6,5,0,45,2
T7,6,1,200,1
T8,7,1,31,2
T9,8,0,75,5
T10,9,0,66,8
[378]
T1,0,1,47,6
T2,1,1,175,2
T3,2,0,125,1
T4,3,1,33,2
T5,4,1,175,24
T6,5,0,200,21
T7,6,1,33,1
T8,7,1,80,2
T9,8,1,150,3
T10,9,0,140,10
[379]
T1,0,1,45,3
T2,1,1,112,8
T3,2,1,180,11
T4,3,1,75,5
T5,4,0,120,1
T6,5,0,30,2
T7,6,0,200,54
T8,7,0,153,2
T9,8,0,24,2
T10,9,1,180,1
[380]
T1,0,1,180,2
T2,1,1,200,2
T3,2,1,52,1
T4,3,1,21,1
T5,4,0,20,4
T6,5,0,63,2
T7,6,0,72,2
T8,7,1,132,4
T9,8,0,180,11
T10,9,1,196,24
[381]
T1,0,1,200,1
T2,1,1,32,2
T3,2,1,174,1
T4,3,0,120,10
T5,4,1,54,1
T6,5,1,50,3
T7,6,0,58,1
T8,7,0,174,51
T9,8,1,174,7
T10,9,1,145,4
[382]
T1,0,1,21,2
T2,1,0,180,11
T3,2,1,42,1
T4,3,0,144,4
T5,4,1,153,2
T6,5,0,85,6
T7,6,0,200,2
T8,7,0,36,1
T9,8,1,168,1
T10,9,0,120,36
[383]
T1,0,1,156,27
T2,1,1,72,5
T3,2,1,132,9
T4,3,0,110,1
T5,4,1,44,2
T6,5,0,27,1
T7,6,1,176,2
T8,7,1,36,4
T9,8,0,176,2
T10,9,1,200,7
[384]
T1,0,0,180,22
T2,1,0,99,2
T3,2,1,39,5
T4,3,0,200,1
T5,4,1,31,4
T6,5,1,180,13
T7,6,0,20,2
T8,7,0,117,2
T9,8,1,88,1
T10,9,0,198,17
[385]
T1,0,1,100,4
T2,1,1,37,2
T3,2,1,200,19
T4,3,1,22,1
T5,4,0,144,16
T6,5,1,176,2
T7,6,0,55,1
T8,7,0,150,2
T9,8,1,33,1
T10,9,1,150,28
[386]
T1,0,1,200,8
T2,1,1,88,1
T3,2,1,39,3
T4,3,1,80,4
T5,4,0,180,36
T6,5,1,40,1
T7,6,1,176,4
T8,7,1,198,17
T9,8,0,120,1
T10,9,1,41,1
[387]
T1,0,1,136,4
T2,1,0,182,1
T3,2,1,60,4
T4,3,0,28,3
T5,4,1,56,2
T6,5,0,195,4
T7,6,0,35,2
T8,7,0,31,1
T9,8,1,170,19
T10,9,1,200,13
[388]
T1,0,0,200,25
T2,1,1,22,2
T3,2,1,190,4
T4,3,1,30,1
T5,4,0,57,3
T6,5,1,175,3
T7,6,0,105,1
T8,7,0,105,13
T9,8,1,147,4
T10,9,1,42,2
[389]
T1,0,0,22,4
T2,1,1,104,2
T3,2,0,36,2
T4,3,0,70,4
T5,4,0,180,1
T6,5,1,150,10
T7,6,0,200,3
T8,7,1,120,3
T9,8,0,175,3
T10,9,0,36,2
[390]
T1,0,1,51,3
T2,1,0,60,7
T3,2,0,125,1
T4,3,0,200,2
T5,4,1,156,4
T6,5,1,156,4
T7,6,1,184,36
T8,7,0,30,1
T9,8,1,25,2
T10,9,0,115,5
[391]
T1,0,0,119,1
T2,1,0,150,1
T3,2,0,53,2
T4,3,0,100,1
T5,4,0,45,2
T6,5,1,168,7
T7,6,0,150,9
T8,7,1,200,27
T9,8,0,35,6
T10,9,0,85,2
[392]
T1,0,0,100,13
T2,1,0,200,2
T3,2,0,60,2
T4,3,0,45,1
T5,4,1,175,22
T6,5,0,70,2
T7,6,1,180,4
T8,7,0,160,24
T9,8,1,48,4
T10,9,1,39,2
[393]
T1,0,0,198,7
T2,1,0,171,2
T3,2,0,150,6
T4,3,0,48,1
T5,4,0,120,3
T6,5,0,99,5
T7,6,0,20,2
T8,7,1,200,10
T9,8,1,42,1
T10,9,0,144,26
[394]
T1,0,0,165,2
T2,1,1,20,2
T3,2,0,42,3
T4,3,1,180,1
T5,4,0,165,11
T6,5,1,110,1
T7,6,1,38,1
T8,7,1,200,23
T9,8,0,112,8
T10,9,0,99,16
[395]
T1,0,1,32,1
T2,1,1,150,28
T3,2,1,39,5
T4,3,1,96,6
T5,4,1,200,4
T6,5,0,48,2
T7,6,0,72,6
T8,7,0,196,8
T9,8,0,147,2
T10,9,1,192,2
[396]
T1,0,0,91,2
T2,1,0,200,14
T3,2,0,41,4
T4,3,1,105,9
T5,4,0,154,11
T6,5,0,195,10
T7,6,1,195,8
T8,7,1,39,2
T9,8,0,60,4
T10,9,1,28,2
[397]
T1,0,1,56,2
T2,1,0,182,1
T3,2,0,36,2
T4,3,1,126,8
T5,4,1,42,2
T6,5,0,33,2
T7,6,0,200,1
T8,7,0,180,13
T9,8,1,168,10
T10,9,0,144,42
[398]
T1,0,0,175,2
T2,1,0,105,1
T3,2,0,30,1
T4,3,0,150,1
T5,4,1,33,2
T6,5,1,87,15
T7,6,0,200,18
T8,7,1,196,7
T9,8,0,87,6
T10,9,0,21,1
[399]
T1,0,1,130,2
T2,1,0,26,1
T3,2,1,200,2
T4,3,0,56,3
T5,4,0,36,1
T6,5,1,189,28
T7,6,0,180,2
T8,7,1,48,7
T9,8,1,195,10
T10,9,0,130,7
[400]
T1,0,0,47,2
T2,1,0,168,2
T3,2,1,120,12
T4,3,1,92,2
T5,4,0,42,1
T6,5,1,160,7
T7,6,1,48,10
T8,7,0,200,19
T9,8,0,184,8
T10,9,1,84,2
[401]
T1,0,0,32,1
T2,1,1,160,11
T3,2,1,88,5
T4,3,0,198,11
T5,4,0,200,10
T6,5,1,198,4
T7,6,1,39,2
T8,7,1,45,3
T9,8,1,75,2
T10,9,1,80,15
[402]
T1,0,0,170,11
T2,1,0,20,2
T3,2,1,45,1
T4,3,1,200,7
T5,4,0,186,11
T6,5,1,100,13
T7,6,0,60,2
T8,7,1,153,14
T9,8,1,60,4
T10,9,0,49,2
[403]
T1,0,1,53,2
T2,1,1,65,2
T3,2,0,22,3
T4,3,1,150,18
T5,4,0,200,1
T6,5,0,64,1
T7,6,1,32,2
T8,7,0,176,19
T9,8,0,66,4
T10,9,0,150,10
[404]
T1,0,1,200,13
T2,1,0,150,2
T3,2,1,46,8
T4,3,1,114,2
T5,4,1,180,7
T6,5,1,75,2
T7,6,0,33,2
T8,7,0,180,8
T9,8,1,20,1
T10,9,1,92,14
[405]
T1,0,1,200,14
T2,1,1,175,5
T3,2,1,90,2
T4,3,0,156,3
T5,4,0,130,10
T6,5,0,50,1
T7,6,1,65,2
T8,7,1,156,6
T9,8,0,24,2
T10,9,0,30,6
[406]
T1,0,0,165,11
T2,1,0,176,8
T3,2,0,200,7
T4,3,0,168,18
T5,4,0,105,10
T6,5,0,32,2
T7,6,1,54,9
T8,7,1,27,2
T9,8,1,24,2
T10,9,0,54,1
[407]
T1,0,1,198,27
T2,1,1,25,1
T3,2,1,22,2
T4,3,1,108,13
T5,4,1,200,5
T6,5,1,99,2
T7,6,0,198,16
T8,7,0,150,3
T9,8,1,121,5
T10,9,1,30,1
[408]
T1,0,0,54,2
T2,1,0,162,5
T3,2,0,48,1
T4,3,1,39,2
T5,4,1,54,1
T6,5,1,126,12
T7,6,1,27,2
T8,7,0,168,38
T9,8,1,160,15
T10,9,1,200,2
[409]
T1,0,1,184,1
T2,1,0,184,2
T3,2,0,135,12
T4,3,0,23,2
T5,4,0,50,1
T6,5,0,140,4
T7,6,0,44,1
T8,7,0,161,6
T9,8,1,200,23
T10,9,0,70,8
[410]
T1,0,1,140,5
T2,1,1,168,28
T3,2,1,90,2
T4,3,1,108,2
T5,4,1,168,13
T6,5,0,200,33
T7,6,1,150,7
T8,7,0,46,2
T9,8,1,51,2
T10,9,1,20,2
[411]
T1,0,1,42,2
T2,1,1,145,10
T3,2,0,174,11
T4,3,1,150,8
T5,4,1,50,2
T6,5,0,105,3
T7,6,0,32,2
T8,7,0,112,8
T9,8,1,200,2
T10,9,1,168,17
[412]
T1,0,0,168,6
T2,1,1,110,18
T3,2,0,50,2
T4,3,1,21,1
T5,4,0,176,2
T6,5,1,175,20
T7,6,1,200,1
T8,7,0,22,2
T9,8,1,64,8
T10,9,0,55,2
[413]
T1,0,1,72,4
T2,1,1,80,2
T3,2,0,38,2
T4,3,1,45,2
T5,4,1,90,1
T6,5,1,48,2
T7,6,0,156,20
T8,7,1,200,3
T9,8,0,190,40
T10,9,0,180,12
[414]
T1,0,0,195,9
T2,1,1,84,12
T3,2,0,175,2
T4,3,0,200,9
T5,4,0,70,6
T6,5,1,170,25
T7,6,1,36,1
T8,7,1,21,2
T9,8,1,105,3
T10,9,0,50,2
[415]
T1,0,1,50,1
T2,1,0,155,28
T3,2,0,75,6
T4,3,0,124,2
T5,4,0,156,12
T6,5,0,40,1
T7,6,1,40,1
T8,7,1,200,13
T9,8,0,186,4
T10,9,1,62,2
[416]
T1,0,0,190,16
T2,1,1,66,1
T3,2,0,176,21
T4,3,1,76,3
T5,4,0,55,2
T6,5,0,198,16
T7,6,0,38,2
T8,7,0,24,2
T9,8,1,200,7
T10,9,0,34,4
[417]
T1,0,1,110,1
T2,1,0,99,16
T3,2,1,180,2
T4,3,1,22,2
T5,4,0,125,2
T6,5,0,198,7
T7,6,1,200,2
T8,7,1,27,4
T9,8,0,198,4
T10,9,1,32,3
[418]
T1,0,1,84,13
T2,1,1,180,3
T3,2,1,105,5
T4,3,0,38,2
T5,4,1,24,1
T6,5,0,168,20
T7,6,1,150,1
T8,7,0,200,10
T9,8,0,126,2
T10,9,1,49,2
[419]
T1,0,1,42,2
T2,1,0,40,3
T3,2,1,168,21
T4,3,1,45,2
T5,4,0,80,2
T6,5,0,200,13
T7,6,0,154,11
T8,7,1,175,2
T9,8,1,84,14
T10,9,0,110,3
[420]
T1,0,1,56,2
T2,1,1,66,1
T3,2,0,165,25
T4,3,1,176,20
T5,4,0,75,2
T6,5,0,200,9
T7,6,1,175,3
T8,7,0,33,1
T9,8,1,35,2
T10,9,1,42,3
[421]
T1,0,0,175,6
T2,1,1,35,8
T3,2,0,63,2
T4,3,1,175,25
T5,4,0,36,2
T6,5,0,128,8
T7,6,1,140,2
T8,7,1,48,2
T9,8,1,200,4
T10,9,1,150,8
[422]
T1,0,0,84,1
T2,1,0,175,3
T3,2,1,175,1
T4,3,1,40,3
T5,4,0,105,2
T6,5,0,38,8
T7,6,0,35,2
T8,7,1,200,2
T9,8,1,192,22
T10,9,0,88,3
[423]
T1,0,0,96,10
T2,1,1,152,5
T3,2,1,35,2
T4,3,0,32,1
T5,4,1,120,21
T6,5,0,200,2
T7,6,1,150,14
T8,7,1,72,2
T9,8,1,48,2
T10,9,1,150,5
[424]
T1,0,0,80,2
T2,1,1,150,8
T3,2,0,184,18
T4,3,1,184,9
T5,4,1,90,10
T6,5,1,115,1
T7,6,1,200,10
T8,7,0,46,5
T9,8,0,36,1
T10,9,1,31,2
[425]
T1,0,1,28,1
T2,1,0,140,10
T3,2,0,150,19
T4,3,1,99,1
T5,4,0,36,5
T6,5,0,63,1
T7,6,1,200,5
T8,7,0,196,5
T9,8,1,41,2
T10,9,1,198,18
[426]
T1,0,0,72,10
T2,1,1,48,6
T3,2,1,154,2
T4,3,1,32,1
T5,4,0,200,1
T6,5,1,32,1
T7,6,0,165,25
T8,7,1,110,2
T9,8,0,70,2
T10,9,0,150,1
[427]
T1,0,1,35,1
T2,1,0,96,1
T3,2,0,50,9
T4,3,1,200,5
T5,4,0,175,26
T6,5,1,198,14
T7,6,1,46,1
T8,7,1,180,2
T9,8,1,140,8
T10,9,1,56,2
[428]
T1,0,0,200,31
T2,1,1,176,1
T3,2,1,51,2
T4,3,0,108,2
T5,4,1,108,1
T6,5,1,54,2
T7,6,1,50,2
T8,7,0,75,2
T9,8,1,180,10
T10,9,1,150,33
[429]
T1,0,0,110,2
T2,1,0,39,4
T3,2,1,25,2
T4,3,1,26,2
T5,4,0,104,23
T6,5,1,180,8
T7,6,0,165,2
T8,7,1,88,4
T9,8,1,195,2
T10,9,1,200,2
[430]
T1,0,1,95,2
T2,1,0,24,2
T3,2,0,152,10
T4,3,1,84,15
T5,4,1,30,3
T6,5,0,72,1
T7,6,0,171,2
T8,7,1,175,1
T9,8,0,200,11
T10,9,1,35,3
[431]
T1,0,1,49,3
T2,1,1,192,6
T3,2,1,80,4
T4,3,1,47,2
T5,4,1,45,4
T6,5,0,84,4
T7,6,1,168,2
T8,7,1,168,12
T9,8,0,200,17
T10,9,0,147,8
[432]
T1,0,0,175,2
T2,1,1,75,2
T3,2,1,200,1
T4,3,1,21,1
T5,4,1,104,9
T6,5,1,144,10
T7,6,1,195,13
T8,7,0,27,2
T9,8,1,20,2
T10,9,0,189,17
[433]
T1,0,1,30,2
T2,1,0,23,2
T3,2,1,161,11
T4,3,0,200,6
T5,4,0,138,2
T6,5,1,160,10
T7,6,0,105,9
T8,7,0,96,7
T9,8,0,26,2
T10,9,1,168,14
[434]
T1,0,1,132,10
T2,1,0,176,6
T3,2,0,176,7
T4,3,0,144,15
T5,4,1,40,2
T6,5,1,90,5
T7,6,1,50,1
T8,7,1,200,25
T9,8,1,51,1
T10,9,1,162,11
[435]
T1,0,0,52,1
T2,1,1,33,3
T3,2,0,28,2
T4,3,1,200,8
T5,4,0,90,2
T6,5,1,156,28
T7,6,0,175,26
T8,7,1,144,4
T9,8,0,182,6
T10,9,0,105,2
[436]
T1,0,1,32,2
T2,1,0,60,2
T3,2,1,125,7
T4,3,0,32,3
T5,4,0,154,17
T6,5,0,165,14
T7,6,1,52,4
T8,7,0,150,3
T9,8,0,200,10
T10,9,1,70,2
[437]
T1,0,1,45,10
T2,1,1,70,1
T3,2,0,140,7
T4,3,0,30,2
T5,4,0,150,5
T6,5,1,189,18
T7,6,1,200,6
T8,7,1,70,2
T9,8,1,52,1
T10,9,0,196,12
[438]
T1,0,1,162,12
T2,1,1,168,10
T3,2,1,40,1
T4,3,1,175,14
T5,4,0,38,1
T6,5,1,112,2
T7,6,1,72,10
T8,7,0,135,4
T9,8,1,200,7
T10,9,0,48,3
[439]
T1,0,0,27,2
T2,1,1,200,24
T3,2,0,50,8
T4,3,1,184,6
T5,4,1,175,8
T6,5,0,75,5
T7,6,0,168,1
T8,7,0,70,2
T9,8,0,70,3
T10,9,1,34,2
[440]
T1,0,1,22,2
T2,1,1,124,22
T3,2,1,42,1
T4,3,0,186,17
T5,4,0,200,2
T6,5,1,120,10
T7,6,0,165,9
T8,7,0,99,4
T9,8,1,198,6
T10,9,1,50,1
[441]
T1,0,1,126,11
T2,1,0,198,4
T3,2,0,37,1
T4,3,1,75,6
T5,4,1,175,2
T6,5,0,200,35
T7,6,0,30,2
T8,7,0,45,3
T9,8,0,189,4
T10,9,1,126,5
[442]
T1,0,0,48,2
T2,1,0,69,3
T3,2,0,160,4
T4,3,0,92,15
T5,4,1,156,13
T6,5,1,53,2
T7,6,1,184,10
T8,7,0,200,9
T9,8,0,138,2
T10,9,1,32,2
[443]
T1,0,0,112,7
T2,1,1,90,7
T3,2,1,27,1
T4,3,0,200,9
T5,4,1,162,1
T6,5,0,23,2
T7,6,1,48,2
T8,7,1,75,2
T9,8,0,160,46
T10,9,0,180,3
[444]
T1,0,1,50,3
T2,1,0,170,2
T3,2,0,200,22
T4,3,0,136,21
T5,4,1,68,2
T6,5,0,196,12
T7,6,0,100,7
T8,7,1,44,2
T9,8,0,150,6
T10,9,0,20,2
[445]
T1,0,1,150,11
T2,1,0,200,2
T3,2,0,180,2
T4,3,1,175,2
T5,4,1,21,2
T6,5,1,102,1
T7,6,0,75,18
T8,7,1,136,3
T9,8,0,36,3
T10,9,1,30,1
[446]
T1,0,1,192,10
T2,1,1,156,3
T3,2,0,96,2
T4,3,1,70,18
T5,4,0,56,3
T6,5,1,20,2
T7,6,0,50,2
T8,7,0,200,9
T9,8,1,21,1
T10,9,1,192,6
[447]
T1,0,1,91,17
T2,1,1,49,5
T3,2,1,175,1
T4,3,1,60,3
T5,4,1,56,3
T6,5,0,168,18
T7,6,0,200,2
T8,7,0,196,1
T9,8,1,39,2
T10,9,0,50,1
[448]
T1,0,0,136,4
T2,1,0,120,9
T3,2,1,45,2
T4,3,0,170,13
T5,4,0,168,6
T6,5,0,42,3
T7,6,1,150,12
T8,7,0,35,1
T9,8,1,80,2
T10,9,0,200,17
[449]
T1,0,1,160,4
T2,1,0,91,5
T3,2,0,20,1
T4,3,0,195,9
T5,4,1,60,2
T6,5,1,50,4
T7,6,1,180,10
T8,7,0,200,9
T9,8,0,50,8
T10,9,1,96,2
[450]
T1,0,0,110,1
T2,1,0,37,9
T3,2,1,200,2
T4,3,1,31,2
T5,4,1,155,5
T6,5,1,36,1
T7,6,0,180,2
T8,7,0,124,1
T9,8,0,165,31
T10,9,0,120,4
[451]
T1,0,1,192,10
T2,1,0,98,1
T3,2,1,120,5
T4,3,1,40,6
T5,4,0,36,2
T6,5,1,147,4
T7,6,1,126,3
T8,7,1,200,19
T9,8,1,150,16
T10,9,1,40,2
[452]
T1,0,1,106,5
T2,1,0,195,4
T3,2,0,75,1
T4,3,0,60,1
T5,4,0,26,1
T6,5,1,52,6
T7,6,1,200,13
T8,7,1,150,20
T9,8,1,159,9
T10,9,0,48,2
[453]
T1,0,0,28,2
T2,1,1,116,1
T3,2,1,168,7
T4,3,1,174,2
T5,4,0,56,4
T6,5,1,150,21
T7,6,0,200,19
T8,7,1,29,1
T9,8,1,37,2
T10,9,1,140,17
[454]
T1,0,0,35,2
T2,1,1,60,1
T3,2,1,168,2
T4,3,1,53,1
T5,4,0,144,3
T6,5,1,200,19
T7,6,0,195,10
T8,7,0,91,10
T9,8,0,24,2
T10,9,1,180,20
[455]
T1,0,0,29,2
T2,1,1,75,2
T3,2,0,175,1
T4,3,0,49,3
T5,4,0,175,4
T6,5,1,200,10
T7,6,1,21,5
T8,7,0,72,2
T9,8,1,90,5
T10,9,0,192,9
[456]
T1,0,0,25,2
T2,1,1,171,11
T3,2,1,44,2
T4,3,1,90,1
T5,4,0,200,2
T6,5,1,38,5
T7,6,1,60,2
T8,7,0,150,16
T9,8,0,99,2
T10,9,1,176,21
[457]
T1,0,0,45,2
T2,1,0,189,7
T3,2,0,36,9
T4,3,0,200,14
T5,4,0,120,10
T6,5,0,156,1
T7,6,1,35,2
T8,7,0,180,2
T9,8,1,78,4
T10,9,0,120,1
[458]
T1,0,0,21,4
T2,1,0,54,2
T3,2,0,168,28
T4,3,1,20,2
T5,4,1,110,6
T6,5,0,200,3
T7,6,0,180,4
T8,7,0,144,4
T9,8,0,175,2
T10,9,1,48,2
[459]
T1,0,1,196,7
T2,1,0,105,2
T3,2,0,120,17
T4,3,0,51,3
T5,4,0,28,2
T6,5,0,119,1
T7,6,1,175,2
T8,7,1,200,33
T9,8,0,47,3
T10,9,0,175,2
[460]
T1,0,1,91,9
T2,1,0,195,34
T3,2,0,130,4
T4,3,0,200,9
T5,4,1,22,2
T6,5,1,156,7
T7,6,1,168,2
T8,7,1,33,2
T9,8,0,27,2
T10,9,0,77,11
[461]
T1,0,1,156,15
T2,1,0,50,2
T3,2,0,43,1
T4,3,1,168,29
T5,4,0,50,2
T6,5,1,65,4
T7,6,1,140,16
T8,7,1,112,4
T9,8,0,200,9
T10,9,0,175,2
[462]
T1,0,0,160,9
T2,1,1,96,8
T3,2,1,25,2
T4,3,1,182,4
T5,4,0,180,7
T6,5,1,78,4
T7,6,1,24,2
T8,7,1,200,13
T9,8,0,56,1
T10,9,1,35,3
[463]
T1,0,1,172,18
T2,1,0,56,2
T3,2,0,38,5
T4,3,1,200,11
T5,4,1,175,1
T6,5,0,35,1
T7,6,0,120,3
T8,7,0,86,2
T9,8,1,160,6
T10,9,0,32,4
[464]
T1,0,0,68,3
T2,1,0,200,2
T3,2,0,85,4
T4,3,1,48,4
T5,4,0,162,25
T6,5,1,170,1
T7,6,0,25,1
T8,7,0,27,2
T9,8,0,136,10
T10,9,1,153,9
[465]
T1,0,1,33,5
T2,1,1,133,2
T3,2,0,110,2
T4,3,0,150,10
T5,4,1,150,6
T6,5,1,50,2
T7,6,1,21,1
T8,7,0,200,13
T9,8,0,168,1
T10,9,1,66,6
[466]
T1,0,1,42,1
T2,1,0,175,11
T3,2,1,52,6
T4,3,0,130,24
T5,4,0,104,3
T6,5,0,41,2
T7,6,0,200,12
T8,7,1,195,2
T9,8,0,84,3
T10,9,1,160,4
[467]
T1,0,1,126,5
T2,1,0,84,10
T3,2,1,195,4
T4,3,0,189,2
T5,4,0,28,1
T6,5,0,46,4
T7,6,1,200,15
T8,7,1,168,11
T9,8,0,45,1
T10,9,0,120,6
[468]
T1,0,0,68,2
T2,1,1,20,1
T3,2,0,176,31
T4,3,0,165,2
T5,4,1,200,1
T6,5,1,30,2
T7,6,1,102,8
T8,7,0,165,15
T9,8,1,54,2
T10,9,1,88,5
[469]
T1,0,1,54,6
T2,1,1,147,6
T3,2,1,28,2
T4,3,0,98,10
T5,4,1,35,1
T6,5,0,81,1
T7,6,1,200,5
T8,7,0,196,9
T9,8,1,28,2
T10,9,1,196,31
[470]
T1,0,0,20,2
T2,1,1,170,8
T3,2,0,104,7
T4,3,0,195,3
T5,4,1,105,13
T6,5,1,200,4
T7,6,1,195,9
T8,7,0,65,4
T9,8,0,27,3
T10,9,1,24,2
[471]
T1,0,0,200,9
T2,1,1,40,7
T3,2,0,80,4
T4,3,1,150,12
T5,4,1,135,13
T6,5,0,20,2
T7,6,1,147,3
T8,7,0,32,2
T9,8,1,168,4
T10,9,0,150,6
[472]
T1,0,0,84,2
T2,1,0,75,28
T3,2,0,182,10
T4,3,1,32,2
T5,4,0,200,8
T6,5,0,189,5
T7,6,1,100,1
T8,7,0,25,2
T9,8,1,26,2
T10,9,0,189,6
[473]
T1,0,1,189,14
T2,1,1,140,25
T3,2,1,195,5
T4,3,0,28,1
T5,4,1,29,1
T6,5,1,24,2
T7,6,1,65,2
T8,7,0,126,2
T9,8,1,200,14
T10,9,0,189,10
[474]
T1,0,0,56,2
T2,1,0,108,12
T3,2,0,162,1
T4,3,1,192,5
T5,4,0,25,2
T6,5,1,200,19
T7,6,0,63,3
T8,7,1,48,2
T9,8,1,175,27
T10,9,1,21,1
[475]
T1,0,1,162,3
T2,1,0,75,6
T3,2,1,24,3
T4,3,1,48,5
T5,4,1,160,5
T6,5,0,200,2
T7,6,0,28,2
T8,7,0,168,8
T9,8,1,126,2
T10,9,1,81,6
[476]
T1,0,0,200,10
T2,1,0,28,1
T3,2,1,105,1
T4,3,0,49,3
T5,4,0,35,2
T6,5,1,180,4
T7,6,1,198,1
T8,7,0,140,1
T9,8,0,125,4
T10,9,1,175,55
[477]
T1,0,1,176,1
T2,1,0,55,15
T3,2,0,84,4
T4,3,0,42,2
T5,4,0,30,2
T6,5,1,168,4
T7,6,1,200,5
T8,7,0,189,11
T9,8,1,33,2
T10,9,1,110,12
[478]
T1,0,0,30,2
T2,1,0,168,6
T3,2,1,55,1
T4,3,1,32,2
T5,4,0,200,19
T6,5,1,120,6
T7,6,1,133,3
T8,7,1,154,22
T9,8,0,150,11
T10,9,0,30,1
[479]
T1,0,0,200,26
T2,1,0,27,2
T3,2,0,135,17
T4,3,0,180,6
T5,4,1,168,2
T6,5,0,72,2
T7,6,1,37,2
T8,7,1,189,6
T9,8,0,126,15
T10,9,0,32,2
[480]
T1,0,1,26,3
T2,1,1,88,13
T3,2,0,99,2
T4,3,0,192,4
T5,4,0,200,19
T6,5,1,20,2
T7,6,1,135,8
T8,7,1,24,2
T9,8,1,180,14
T10,9,0,180,2
[481]
T1,0,1,91,8
T2,1,0,182,6
T3,2,0,200,8
T4,3,0,112,10
T5,4,0,156,2
T6,5,1,150,23
T7,6,0,20,2
T8,7,0,27,2
T9,8,1,20,2
T10,9,1,84,5
[482]
T1,0,1,140,1
T2,1,0,40,8
T3,2,1,95,1
T4,3,0,23,2
T5,4,1,84,6
T6,5,0,35,2
T7,6,0,190,25
T8,7,1,152,2
T9,8,0,171,19
T10,9,0,200,1
[483]
T1,0,1,54,3
T2,1,1,182,15
T3,2,0,42,3
T4,3,1,175,6
T5,4,1,135,15
T6,5,1,35,2
T7,6,0,30,2
T8,7,1,117,6
T9,8,0,200,6
T10,9,0,175,2
[484]
T1,0,1,54,3
T2,1,0,30,1
T3,2,0,135,2
T4,3,0,200,19
T5,4,1,84,2
T6,5,1,27,2
T7,6,1,161,38
T8,7,0,75,2
T9,8,1,150,1
T10,9,1,180,22
[485]
T1,0,0,33,3
T2,1,1,35,7
T3,2,0,112,3
T4,3,1,192,3
T5,4,1,48,4
T6,5,0,165,3
T7,6,1,132,4
T8,7,1,112,2
T9,8,1,168,1
T10,9,0,200,9
[486]
T1,0,0,120,4
T2,1,0,22,2
T3,2,0,80,2
T4,3,1,162,24
T5,4,1,160,8
T6,5,1,108,3
T7,6,0,150,2
T8,7,0,27,4
T9,8,0,54,2
T10,9,0,200,12
[487]
T1,0,0,95,16
T2,1,1,49,2
T3,2,0,40,1
T4,3,0,21,2
T5,4,1,144,7
T6,5,0,200,14
T7,6,1,152,11
T8,7,1,171,9
T9,8,0,105,4
T10,9,0,171,9
[488]
T1,0,1,112,9
T2,1,1,200,14
T3,2,1,28,1
T4,3,1,119,6
T5,4,1,175,2
T6,5,0,168,2
T7,6,0,28,2
T8,7,1,150,25
T9,8,1,126,4
T10,9,0,21,2
[489]
T1,0,0,60,5
T2,1,1,154,11
T3,2,1,34,2
T4,3,0,140,3
T5,4,1,105,2
T6,5,1,150,22
T7,6,0,200,9
T8,7,0,46,1
T9,8,0,44,3
T10,9,0,168,11
[490]
T1,0,1,64,1
T2,1,0,75,2
T3,2,0,23,2
T4,3,1,200,5
T5,4,0,165,46
T6,5,1,104,4
T7,6,1,192,14
T8,7,1,20,1
T9,8,0,30,2
T10,9,1,195,9
[491]
T1,0,0,60,6
T2,1,1,95,8
T3,2,0,45,2
T4,3,0,152,18
T5,4,0,52,4
T6,5,0,152,3
T7,6,1,150,7
T8,7,0,68,2
T9,8,1,51,3
T10,9,0,200,7
[492]
T1,0,0,150,14
T2,1,1,100,2
T3,2,0,28,2
T4,3,1,200,6
T5,4,0,30,3
T6,5,1,128,14
T7,6,0,84,2
T8,7,0,168,8
T9,8,1,38,4
T10,9,0,189,4
[493]
T1,0,0,168,2
T2,1,1,155,2
T3,2,1,48,3
T4,3,1,124,17
T5,4,0,39,3
T6,5,1,72,1
T7,6,1,42,3
T8,7,0,144,21
T9,8,1,150,4
T10,9,1,200,2
[494]
T1,0,0,96,4
T2,1,1,20,1
T3,2,1,200,6
T4,3,0,185,2
T5,4,1,33,2
T6,5,1,165,7
T7,6,1,34,5
T8,7,1,88,18
T9,8,1,165,4
T10,9,1,55,2
[495]
T1,0,0,180,8
T2,1,0,52,3
T3,2,1,156,2
T4,3,0,44,1
T5,4,0,200,3
T6,5,0,52,1
T7,6,1,132,12
T8,7,1,80,2
T9,8,0,150,19
T10,9,0,99,15
[496]
T1,0,1,200,8
T2,1,1,160,17
T3,2,0,108,2
T4,3,0,80,1
T5,4,1,150,1
T6,5,1,25,1
T7,6,1,140,3
T8,7,1,26,3
T9,8,0,180,18
T10,9,1,30,2
[497]
T1,0,1,126,11
T2,1,0,180,17
T3,2,0,32,2
T4,3,1,20,2
T5,4,0,200,7
T6,5,0,36,5
T7,6,1,168,13
T8,7,1,75,2
T9,8,1,147,4
T10,9,0,196,12
[498]
T1,0,1,100,8
T2,1,1,150,10
T3,2,0,21,1
T4,3,1,24,1
T5,4,1,40,1
T6,5,1,189,2
T7,6,1,200,2
T8,7,1,108,1
T9,8,0,110,25
T10,9,0,180,4
[499]
T1,0,1,30,4
T2,1,1,60,1
T3,2,1,35,2
T4,3,0,200,1
T5,4,0,160,12
T6,5,0,123,14
T7,6,0,28,1
T8,7,1,150,3
T9,8,1,120,4
T10,9,0,175,20
[500]
T1,0,1,64,2
T2,1,1,28,5
T3,2,0,160,25
T4,3,0,63,2
T5,4,0,27,2
T6,5,1,24,1
T7,6,1,200,16
T8,7,0,180,12
T9,8,0,84,1
T10,9,1,162,1
