num_task_per_taskset=10
num_taskset=500
//ID,Priority,Offset,Period,Execution Time
[1]
T1,0,0,31,2
T2,1,0,150,10
T3,2,0,52,1
T4,3,1,65,1
T5,4,1,32,3
T6,5,0,200,22
T7,6,0,104,2
T8,7,1,186,23
T9,8,1,155,4
T10,9,1,78,8
[2]
T1,0,0,200,8
T2,1,1,31,2
T3,2,1,40,8
T4,3,1,196,9
T5,4,0,150,2
T6,5,1,54,7
T7,6,1,189,2
T8,7,0,50,6
T9,8,1,84,9
T10,9,0,70,2
[3]
T1,0,1,170,2
T2,1,1,136,7
T3,2,0,25,1
T4,3,1,30,2
T5,4,0,105,3
T6,5,0,200,59
T7,6,0,126,21
T8,7,0,37,2
T9,8,1,170,4
T10,9,0,153,3
[4]
T1,0,0,175,35
T2,1,1,150,7
T3,2,1,84,1
T4,3,1,72,9
T5,4,0,32,1
T6,5,1,198,13
T7,6,0,90,2
T8,7,0,200,2
T9,8,1,22,2
T10,9,0,36,5
[5]
T1,0,0,78,4
T2,1,0,21,2
T3,2,1,160,10
T4,3,0,200,9
T5,4,0,168,9
T6,5,1,168,8
T7,6,0,60,9
T8,7,1,128,6
T9,8,1,48,3
T10,9,0,30,1
[6]
T1,0,0,30,5
T2,1,0,43,1
T3,2,0,200,12
T4,3,1,105,3
T5,4,0,112,1
T6,5,1,21,4
T7,6,1,105,6
T8,7,1,160,2
T9,8,0,160,5
T10,9,1,152,9
[7]
T1,0,1,120,3
T2,1,0,25,2
T3,2,0,20,2
T4,3,0,175,2
T5,4,0,176,15
T6,5,0,55,3
T7,6,0,200,2
T8,7,0,144,15
T9,8,1,176,37
T10,9,1,22,2
[8]
T1,0,0,200,2
T2,1,1,75,6
T3,2,0,175,11
T4,3,0,45,19
T5,4,0,128,2
T6,5,0,168,2
T7,6,0,36,1
T8,7,1,25,2
T9,8,0,150,1
T10,9,1,112,1
[9]
T1,0,1,68,2
T2,1,0,170,5
T3,2,1,24,3
T4,3,0,120,5
T5,4,1,200,21
T6,5,0,22,2
T7,6,0,112,5
T8,7,0,42,2
T9,8,1,150,7
T10,9,1,192,11
[10]
T1,0,1,105,6
T2,1,0,187,7
T3,2,0,150,25
T4,3,1,200,1
T5,4,1,34,6
T6,5,0,75,2
T7,6,0,35,1
T8,7,1,100,14
T9,8,1,44,1
T10,9,0,154,2
[11]
T1,0,0,200,19
T2,1,1,150,1
T3,2,0,99,4
T4,3,0,32,11
T5,4,1,24,2
T6,5,0,128,2
T7,6,0,36,1
T8,7,1,160,5
T9,8,0,72,2
T10,9,1,165,5
[12]
T1,0,1,80,5
T2,1,1,60,2
T3,2,0,51,8
T4,3,1,200,4
T5,4,0,64,1
T6,5,0,150,44
T7,6,0,176,10
T8,7,1,187,4
T9,8,0,35,2
T10,9,1,48,2
[13]
T1,0,0,154,35
T2,1,0,42,2
T3,2,1,23,3
T4,3,1,200,2
T5,4,1,80,5
T6,5,1,66,1
T7,6,0,28,1
T8,7,0,180,6
T9,8,1,189,12
T10,9,0,63,2
[14]
T1,0,0,45,6
T2,1,0,126,3
T3,2,0,168,3
T4,3,1,23,2
T5,4,1,152,8
T6,5,1,21,2
T7,6,0,175,16
T8,7,1,114,12
T9,8,0,200,18
T10,9,1,95,3
[15]
T1,0,1,26,2
T2,1,1,27,7
T3,2,1,28,2
T4,3,1,200,6
T5,4,0,160,1
T6,5,0,150,24
T7,6,1,120,6
T8,7,0,175,6
T9,8,1,60,2
T10,9,1,144,1
[16]
T1,0,0,72,20
T2,1,0,176,2
T3,2,1,198,13
T4,3,1,88,11
T5,4,0,70,2
T6,5,1,48,2
T7,6,0,21,2
T8,7,1,49,5
T9,8,0,200,2
T10,9,0,165,2
[17]
T1,0,0,42,2
T2,1,0,75,1
T3,2,1,50,4
T4,3,0,80,11
T5,4,0,200,9
T6,5,1,154,6
T7,6,1,168,4
T8,7,1,54,2
T9,8,1,175,8
T10,9,1,77,15
[18]
T1,0,1,40,1
T2,1,0,175,8
T3,2,0,72,2
T4,3,1,200,7
T5,4,0,150,26
T6,5,1,30,3
T7,6,0,100,2
T8,7,0,168,11
T9,8,1,41,6
T10,9,0,71,2
[19]
T1,0,0,156,5
T2,1,1,200,2
T3,2,0,33,4
T4,3,1,165,23
T5,4,0,66,2
T6,5,1,40,2
T7,6,0,168,5
T8,7,0,104,7
T9,8,1,91,9
T10,9,0,30,2
[20]
T1,0,0,110,14
T2,1,0,30,2
T3,2,1,200,5
T4,3,0,100,26
T5,4,0,156,17
T6,5,1,175,9
T7,6,1,182,11
T8,7,1,22,2
T9,8,0,29,2
T10,9,0,60,2
[21]
T1,0,0,28,3
T2,1,1,132,13
T3,2,1,175,9
T4,3,0,70,2
T5,4,1,196,23
T6,5,0,200,11
T7,6,1,63,6
T8,7,1,36,1
T9,8,0,168,1
T10,9,0,40,2
[22]
T1,0,0,20,2
T2,1,1,49,2
T3,2,1,154,6
T4,3,1,200,16
T5,4,1,110,10
T6,5,1,180,17
T7,6,0,154,5
T8,7,1,147,14
T9,8,1,25,1
T10,9,1,132,11
[23]
T1,0,1,144,6
T2,1,0,23,2
T3,2,0,35,2
T4,3,0,165,3
T5,4,0,35,5
T6,5,0,66,3
T7,6,1,154,18
T8,7,0,165,2
T9,8,1,200,2
T10,9,1,140,35
[24]
T1,0,0,70,5
T2,1,0,198,12
T3,2,0,33,3
T4,3,1,168,18
T5,4,1,72,2
T6,5,1,175,4
T7,6,1,22,2
T8,7,0,200,1
T9,8,1,28,6
T10,9,1,99,3
[25]
T1,0,1,175,24
T2,1,1,175,16
T3,2,1,200,19
T4,3,0,140,1
T5,4,1,35,2
T6,5,1,192,2
T7,6,1,54,2
T8,7,0,120,12
T9,8,0,102,12
T10,9,0,35,2
[26]
T1,0,1,50,3
T2,1,0,182,2
T3,2,1,200,19
T4,3,0,192,25
T5,4,1,160,4
T6,5,0,84,12
T7,6,1,75,10
T8,7,1,28,2
T9,8,0,21,2
T10,9,0,60,4
[27]
T1,0,0,31,1
T2,1,0,102,10
T3,2,1,156,19
T4,3,1,52,2
T5,4,1,156,16
T6,5,1,85,1
T7,6,0,160,22
T8,7,0,24,2
T9,8,0,80,7
T10,9,0,200,8
[28]
T1,0,0,176,6
T2,1,1,189,15
T3,2,1,165,24
T4,3,1,108,1
T5,4,1,200,30
T6,5,1,80,8
T7,6,1,28,1
T8,7,0,21,2
T9,8,1,33,3
T10,9,1,70,2
[29]
T1,0,0,31,3
T2,1,1,72,10
T3,2,1,200,4
T4,3,0,196,3
T5,4,1,25,1
T6,5,0,126,2
T7,6,1,24,1
T8,7,0,165,15
T9,8,0,84,1
T10,9,0,175,24
[30]
T1,0,0,124,2
T2,1,0,200,3
T3,2,0,31,1
T4,3,1,124,2
T5,4,0,35,1
T6,5,1,34,2
T7,6,1,105,11
T8,7,0,155,16
T9,8,0,147,52
T10,9,0,150,1
[31]
T1,0,1,200,11
T2,1,0,84,1
T3,2,0,165,16
T4,3,1,91,2
T5,4,0,168,37
T6,5,0,40,1
T7,6,1,55,3
T8,7,0,28,2
T9,8,0,49,5
T10,9,0,182,5
[32]
T1,0,1,165,47
T2,1,0,200,6
T3,2,0,99,14
T4,3,1,132,1
T5,4,0,22,1
T6,5,0,176,1
T7,6,1,108,9
T8,7,1,33,2
T9,8,1,54,1
T10,9,0,154,2
[33]
T1,0,1,42,2
T2,1,1,56,4
T3,2,1,168,5
T4,3,1,180,34
T5,4,1,60,4
T6,5,0,200,38
T7,6,1,189,5
T8,7,0,44,2
T9,8,0,35,1
T10,9,0,128,5
[34]
T1,0,1,20,3
T2,1,1,27,2
T3,2,0,156,10
T4,3,1,108,2
T5,4,1,24,2
T6,5,1,75,5
T7,6,1,200,6
T8,7,1,110,10
T9,8,0,180,4
T10,9,1,198,2
[35]
T1,0,1,72,5
T2,1,1,40,2
T3,2,0,200,9
T4,3,1,165,8
T5,4,1,44,2
T6,5,1,25,1
T7,6,1,108,9
T8,7,1,165,25
T9,8,0,54,7
T10,9,0,180,14
[36]
T1,0,1,168,2
T2,1,1,168,34
T3,2,1,25,2
T4,3,1,36,2
T5,4,1,140,8
T6,5,1,200,20
T7,6,1,180,10
T8,7,0,126,10
T9,8,0,35,3
T10,9,1,61,1
[37]
T1,0,0,162,40
T2,1,1,192,2
T3,2,0,32,2
T4,3,0,168,8
T5,4,0,27,1
T6,5,0,200,26
T7,6,1,64,2
T8,7,0,80,7
T9,8,0,52,4
T10,9,0,108,2
[38]
T1,0,1,200,33
T2,1,0,75,6
T3,2,1,21,1
T4,3,1,168,18
T5,4,1,51,3
T6,5,1,100,3
T7,6,1,90,2
T8,7,1,29,1
T9,8,1,175,3
T10,9,0,175,20
[39]
T1,0,0,132,24
T2,1,0,53,5
T3,2,1,30,2
T4,3,0,144,7
T5,4,1,168,2
T6,5,0,60,2
T7,6,0,165,7
T8,7,1,200,29
T9,8,0,154,8
T10,9,1,33,1
[40]
T1,0,0,168,19
T2,1,0,24,1
T3,2,1,154,10
T4,3,1,32,1
T5,4,0,200,7
T6,5,0,144,10
T7,6,1,150,4
T8,7,1,66,5
T9,8,1,144,19
T10,9,0,28,2
[41]
T1,0,1,62,1
T2,1,0,200,5
T3,2,1,25,2
T4,3,1,24,2
T5,4,0,186,37
T6,5,1,156,2
T7,6,0,93,3
T8,7,1,65,2
T9,8,1,150,36
T10,9,0,50,2
[42]
T1,0,0,165,35
T2,1,0,135,1
T3,2,1,26,2
T4,3,0,200,8
T5,4,0,165,37
T6,5,0,99,11
T7,6,0,88,1
T8,7,1,24,2
T9,8,0,24,2
T10,9,1,156,5
[43]
T1,0,0,45,2
T2,1,0,112,4
T3,2,0,70,4
T4,3,1,175,12
T5,4,1,31,4
T6,5,0,147,11
T7,6,0,200,8
T8,7,1,48,10
T9,8,0,196,2
T10,9,0,160,6
[44]
T1,0,0,120,14
T2,1,1,171,4
T3,2,0,48,12
T4,3,0,175,2
T5,4,1,56,1
T6,5,0,44,6
T7,6,1,133,2
T8,7,1,150,1
T9,8,1,200,5
T10,9,1,21,1
[45]
T1,0,0,23,2
T2,1,0,112,19
T3,2,1,112,3
T4,3,1,25,1
T5,4,0,168,7
T6,5,0,200,40
T7,6,1,195,4
T8,7,1,175,2
T9,8,1,90,2
T10,9,1,40,4
[46]
T1,0,0,152,4
T2,1,0,35,5
T3,2,1,36,4
T4,3,1,152,33
T5,4,1,30,1
T6,5,1,180,3
T7,6,0,81,2
T8,7,1,90,3
T9,8,0,108,2
T10,9,0,200,8
[47]
T1,0,0,150,8
T2,1,0,168,7
T3,2,0,170,2
T4,3,0,102,2
T5,4,0,44,7
T6,5,0,200,28
T7,6,0,40,2
T8,7,0,100,2
T9,8,0,24,4
T10,9,1,84,5
[48]
T1,0,0,200,34
T2,1,0,20,2
T3,2,0,189,18
T4,3,1,160,16
T5,4,1,32,1
T6,5,1,81,3
T7,6,0,51,1
T8,7,0,192,22
T9,8,0,84,4
T10,9,0,84,1
[49]
T1,0,1,49,5
T2,1,1,200,16
T3,2,1,108,20
T4,3,1,24,1
T5,4,1,20,1
T6,5,1,189,12
T7,6,1,108,6
T8,7,1,162,2
T9,8,0,168,2
T10,9,1,70,2
[50]
T1,0,1,189,15
T2,1,1,35,2
T3,2,0,75,3
T4,3,1,46,5
T5,4,0,105,8
T6,5,0,168,14
T7,6,0,200,20
T8,7,1,135,1
T9,8,0,46,3
T10,9,1,184,3
[51]
T1,0,0,45,5
T2,1,1,168,5
T3,2,0,21,2
T4,3,1,38,2
T5,4,0,200,14
T6,5,0,108,5
T7,6,0,117,4
T8,7,0,189,32
T9,8,0,140,6
T10,9,1,180,15
[52]
T1,0,0,21,2
T2,1,0,156,4
T3,2,1,45,1
T4,3,1,48,2
T5,4,1,150,6
T6,5,1,156,5
T7,6,1,60,2
T8,7,1,200,2
T9,8,1,64,14
T10,9,0,78,11
[53]
T1,0,0,165,2
T2,1,1,200,15
T3,2,1,125,2
T4,3,0,150,20
T5,4,1,168,34
T6,5,0,22,2
T7,6,1,132,5
T8,7,0,35,2
T9,8,1,99,2
T10,9,0,30,4
[54]
T1,0,0,143,2
T2,1,1,132,1
T3,2,1,165,5
T4,3,1,200,14
T5,4,0,51,2
T6,5,0,165,2
T7,6,1,125,9
T8,7,0,33,2
T9,8,1,165,36
T10,9,0,22,5
[55]
T1,0,0,190,2
T2,1,0,54,1
T3,2,1,140,16
T4,3,0,180,6
T5,4,1,32,7
T6,5,1,200,2
T7,6,0,152,8
T8,7,1,114,6
T9,8,1,50,5
T10,9,1,133,5
[56]
T1,0,0,45,1
T2,1,1,182,11
T3,2,0,56,2
T4,3,1,160,36
T5,4,1,72,10
T6,5,1,150,2
T7,6,0,36,1
T8,7,1,200,1
T9,8,0,90,3
T10,9,1,48,6
[57]
T1,0,0,132,5
T2,1,1,65,2
T3,2,0,168,6
T4,3,0,24,2
T5,4,1,175,10
T6,5,0,200,12
T7,6,0,22,3
T8,7,0,165,19
T9,8,1,132,16
T10,9,1,24,2
[58]
T1,0,1,152,2
T2,1,1,171,2
T3,2,0,200,15
T4,3,0,95,7
T5,4,0,57,7
T6,5,1,50,3
T7,6,1,27,2
T8,7,1,150,20
T9,8,1,36,3
T10,9,1,60,1
[59]
T1,0,1,25,1
T2,1,0,24,4
T3,2,1,200,26
T4,3,0,160,9
T5,4,1,60,2
T6,5,1,196,3
T7,6,1,20,1
T8,7,1,70,4
T9,8,1,98,2
T10,9,1,160,7
[60]
T1,0,1,165,1
T2,1,0,22,4
T3,2,0,120,2
T4,3,1,156,1
T5,4,1,200,13
T6,5,1,39,7
T7,6,0,91,7
T8,7,1,182,5
T9,8,0,49,1
T10,9,0,140,15
[61]
T1,0,1,120,11
T2,1,1,42,1
T3,2,1,65,2
T4,3,1,150,17
T5,4,0,170,11
T6,5,0,40,2
T7,6,1,170,24
T8,7,0,200,2
T9,8,0,102,2
T10,9,0,52,8
[62]
T1,0,0,54,1
T2,1,0,126,1
T3,2,0,126,7
T4,3,0,200,12
T5,4,1,138,4
T6,5,0,184,15
T7,6,0,35,1
T8,7,0,150,19
T9,8,0,180,31
T10,9,1,30,1
[63]
T1,0,1,150,1
T2,1,0,28,3
T3,2,0,110,2
T4,3,0,150,2
T5,4,1,88,16
T6,5,1,24,1
T7,6,0,177,2
T8,7,0,200,11
T9,8,1,80,2
T10,9,0,33,6
[64]
T1,0,1,99,7
T2,1,1,154,17
T3,2,0,21,2
T4,3,0,200,11
T5,4,1,175,14
T6,5,1,42,1
T7,6,0,27,2
T8,7,0,168,8
T9,8,0,144,2
T10,9,1,140,18
[65]
T1,0,1,168,2
T2,1,1,33,1
T3,2,1,165,3
T4,3,0,99,5
T5,4,1,63,2
T6,5,0,80,4
T7,6,0,168,6
T8,7,0,27,2
T9,8,0,44,2
T10,9,1,200,66
[66]
T1,0,1,174,18
T2,1,1,27,4
T3,2,1,145,3
T4,3,1,32,6
T5,4,0,150,5
T6,5,1,125,2
T7,6,0,200,7
T8,7,1,180,12
T9,8,0,60,2
T10,9,0,45,2
[67]
T1,0,0,200,5
T2,1,0,65,8
T3,2,0,156,15
T4,3,0,108,2
T5,4,0,21,2
T6,5,1,44,2
T7,6,0,180,22
T8,7,0,39,2
T9,8,0,60,2
T10,9,0,165,7
[68]
T1,0,1,140,2
T2,1,0,99,1
T3,2,1,33,2
T4,3,1,39,2
T5,4,0,20,3
T6,5,0,189,21
T7,6,1,200,12
T8,7,0,180,2
T9,8,1,189,32
T10,9,0,55,1
[69]
T1,0,1,150,4
T2,1,1,170,19
T3,2,0,39,2
T4,3,0,40,2
T5,4,1,200,36
T6,5,1,56,3
T7,6,1,54,1
T8,7,0,136,3
T9,8,1,180,13
T10,9,1,120,9
[70]
T1,0,1,190,15
T2,1,0,36,1
T3,2,0,150,2
T4,3,1,38,5
T5,4,1,126,3
T6,5,1,200,21
T7,6,1,22,3
T8,7,0,135,3
T9,8,1,60,2
T10,9,1,152,8
[71]
T1,0,0,200,15
T2,1,0,50,3
T3,2,1,32,4
T4,3,0,168,7
T5,4,0,22,2
T6,5,1,80,7
T7,6,1,160,7
T8,7,0,96,4
T9,8,0,95,6
T10,9,1,192,1
[72]
T1,0,0,81,6
T2,1,1,135,16
T3,2,0,184,25
T4,3,1,24,2
T5,4,0,200,31
T6,5,0,180,6
T7,6,1,81,5
T8,7,0,27,2
T9,8,1,42,2
T10,9,0,150,2
[73]
T1,0,1,87,2
T2,1,0,200,3
T3,2,1,48,2
T4,3,1,35,1
T5,4,1,98,11
T6,5,1,174,38
T7,6,0,21,1
T8,7,1,140,2
T9,8,1,150,24
T10,9,0,174,3
[74]
T1,0,0,105,2
T2,1,1,84,8
T3,2,0,42,7
T4,3,0,20,2
T5,4,0,56,2
T6,5,0,42,1
T7,6,0,200,26
T8,7,1,176,5
T9,8,0,196,14
T10,9,0,150,7
[75]
T1,0,1,130,2
T2,1,0,156,2
T3,2,1,35,4
T4,3,0,168,8
T5,4,0,200,45
T6,5,0,63,6
T7,6,0,56,2
T8,7,1,38,1
T9,8,0,180,5
T10,9,1,21,1
[76]
T1,0,0,200,19
T2,1,1,168,6
T3,2,1,112,4
T4,3,0,54,1
T5,4,1,110,15
T6,5,1,176,16
T7,6,1,50,2
T8,7,1,168,4
T9,8,0,40,3
T10,9,0,100,12
[77]
T1,0,0,182,1
T2,1,1,200,6
T3,2,1,175,15
T4,3,1,195,3
T5,4,1,96,22
T6,5,1,52,3
T7,6,1,63,2
T8,7,0,96,10
T9,8,1,42,2
T10,9,1,20,1
[78]
T1,0,1,200,8
T2,1,0,110,5
T3,2,0,42,2
T4,3,0,154,11
T5,4,0,40,4
T6,5,1,140,8
T7,6,1,165,2
T8,7,0,40,2
T9,8,0,165,9
T10,9,1,133,29
[79]
T1,0,0,200,6
T2,1,0,84,3
T3,2,0,72,11
T4,3,0,130,3
T5,4,1,175,17
T6,5,1,189,2
T7,6,0,48,6
T8,7,1,42,3
T9,8,1,21,2
T10,9,1,189,6
[80]
T1,0,1,200,2
T2,1,0,31,3
T3,2,0,57,11
T4,3,1,32,2
T5,4,0,152,16
T6,5,1,32,3
T7,6,0,75,8
T8,7,1,160,3
T9,8,1,180,2
T10,9,1,120,1
[81]
T1,0,1,24,1
T2,1,0,160,4
T3,2,1,30,1
T4,3,0,176,4
T5,4,1,132,6
T6,5,0,174,21
T7,6,0,145,28
T8,7,1,200,8
T9,8,0,34,2
T10,9,0,87,9
[82]
T1,0,1,150,8
T2,1,1,23,2
T3,2,0,200,29
T4,3,0,112,11
T5,4,0,126,4
T6,5,0,24,6
T7,6,0,70,2
T8,7,1,150,6
T9,8,0,21,2
T10,9,0,192,3
[83]
T1,0,0,88,4
T2,1,1,198,11
T3,2,0,180,11
T4,3,1,42,2
T5,4,0,63,2
T6,5,1,200,31
T7,6,0,180,11
T8,7,0,42,1
T9,8,1,34,4
T10,9,1,84,4
[84]
T1,0,1,187,29
T2,1,1,90,2
T3,2,0,20,2
T4,3,1,25,2
T5,4,1,132,11
T6,5,0,40,2
T7,6,1,165,10
T8,7,0,200,3
T9,8,1,153,25
T10,9,1,68,4
[85]
T1,0,1,195,40
T2,1,1,84,1
T3,2,0,175,6
T4,3,0,26,2
T5,4,1,136,4
T6,5,1,30,2
T7,6,0,70,1
T8,7,0,168,10
T9,8,1,200,12
T10,9,0,25,3
[86]
T1,0,1,50,9
T2,1,0,156,9
T3,2,1,68,5
T4,3,0,78,5
T5,4,1,168,13
T6,5,1,20,2
T7,6,1,170,3
T8,7,1,52,1
T9,8,0,200,3
T10,9,0,105,12
[87]
T1,0,1,75,2
T2,1,0,189,14
T3,2,0,200,1
T4,3,0,39,2
T5,4,0,20,9
T6,5,0,100,2
T7,6,1,161,14
T8,7,0,42,1
T9,8,0,90,2
T10,9,0,150,1
[88]
T1,0,0,34,2
T2,1,0,22,2
T3,2,1,27,4
T4,3,1,68,8
T5,4,1,200,27
T6,5,0,176,14
T7,6,0,110,4
T8,7,0,170,8
T9,8,0,68,2
T10,9,0,170,3
[89]
T1,0,1,44,3
T2,1,0,64,6
T3,2,1,84,8
T4,3,0,175,1
T5,4,1,50,3
T6,5,0,170,38
T7,6,1,85,3
T8,7,0,168,2
T9,8,1,35,1
T10,9,1,200,1
[90]
T1,0,1,175,4
T2,1,0,110,2
T3,2,0,176,1
T4,3,0,52,5
T5,4,1,88,5
T6,5,0,44,4
T7,6,1,32,4
T8,7,1,165,3
T9,8,0,200,30
T10,9,0,63,4
[91]
T1,0,1,180,8
T2,1,0,40,2
T3,2,0,120,4
T4,3,0,44,2
T5,4,0,58,2
T6,5,0,116,13
T7,6,0,200,4
T8,7,0,171,11
T9,8,1,50,6
T10,9,1,152,24
[92]
T1,0,0,80,6
T2,1,0,100,17
T3,2,0,165,16
T4,3,0,23,1
T5,4,0,200,7
T6,5,1,150,25
T7,6,0,32,2
T8,7,0,93,4
T9,8,0,48,1
T10,9,1,150,2
[93]
T1,0,1,44,2
T2,1,0,114,13
T3,2,1,200,2
T4,3,1,57,12
T5,4,0,40,2
T6,5,1,190,8
T7,6,0,27,2
T8,7,1,189,1
T9,8,1,100,9
T10,9,1,189,16
[94]
T1,0,0,46,1
T2,1,0,126,9
T3,2,1,105,11
T4,3,0,135,19
T5,4,0,152,6
T6,5,1,40,1
T7,6,0,42,2
T8,7,1,200,20
T9,8,1,150,2
T10,9,1,180,24
[95]
T1,0,1,55,2
T2,1,0,176,5
T3,2,0,46,2
T4,3,1,36,1
T5,4,0,69,13
T6,5,1,88,1
T7,6,0,176,18
T8,7,1,200,26
T9,8,1,30,2
T10,9,1,198,13
[96]
T1,0,1,144,6
T2,1,0,48,2
T3,2,1,84,22
T4,3,1,40,1
T5,4,0,165,2
T6,5,0,72,2
T7,6,1,200,35
T8,7,0,27,3
T9,8,0,176,1
T10,9,0,176,3
[97]
T1,0,0,49,7
T2,1,0,104,11
T3,2,1,50,5
T4,3,0,140,2
T5,4,1,168,6
T6,5,1,150,4
T7,6,0,182,13
T8,7,0,100,5
T9,8,0,20,2
T10,9,0,200,13
[98]
T1,0,0,105,17
T2,1,0,105,7
T3,2,1,165,18
T4,3,1,48,2
T5,4,0,150,4
T6,5,1,96,1
T7,6,0,200,8
T8,7,0,30,6
T9,8,1,22,2
T10,9,0,180,1
[99]
T1,0,0,150,28
T2,1,0,91,2
T3,2,1,64,2
T4,3,1,32,1
T5,4,0,52,2
T6,5,0,175,22
T7,6,1,200,2
T8,7,0,51,2
T9,8,1,140,18
T10,9,1,160,21
[100]
T1,0,1,150,2
T2,1,1,100,9
T3,2,1,168,8
T4,3,1,24,2
T5,4,1,45,1
T6,5,1,136,10
T7,6,0,170,52
T8,7,0,126,1
T9,8,1,44,4
T10,9,1,200,1
[101]
T1,0,1,24,2
T2,1,0,200,11
T3,2,1,196,2
T4,3,1,100,7
T5,4,0,190,2
T6,5,1,175,29
T7,6,1,114,11
T8,7,0,30,1
T9,8,0,49,2
T10,9,1,75,8
[102]
T1,0,0,96,14
T2,1,0,25,2
T3,2,0,132,3
T4,3,0,150,6
T5,4,0,33,2
T6,5,0,26,4
T7,6,1,200,8
T8,7,0,60,2
T9,8,1,154,11
T10,9,1,165,2
[103]
T1,0,1,105,2
T2,1,0,20,2
T3,2,1,68,2
T4,3,1,119,4
T5,4,1,150,23
T6,5,1,28,2
T7,6,1,200,4
T8,7,0,32,5
T9,8,1,170,18
T10,9,0,150,20
[104]
T1,0,0,140,8
T2,1,1,160,6
T3,2,0,140,8
T4,3,1,160,3
T5,4,0,48,1
T6,5,0,120,8
T7,6,1,160,3
T8,7,1,45,2
T9,8,0,200,60
T10,9,1,52,4
[105]
T1,0,0,64,2
T2,1,1,25,2
T3,2,1,150,10
T4,3,0,45,4
T5,4,1,171,2
T6,5,0,200,34
T7,6,1,75,5
T8,7,1,150,1
T9,8,0,42,7
T10,9,1,72,3
[106]
T1,0,1,90,12
T2,1,1,84,3
T3,2,1,25,2
T4,3,0,150,9
T5,4,0,200,17
T6,5,0,21,1
T7,6,0,51,8
T8,7,0,175,14
T9,8,1,152,2
T10,9,1,144,4
[107]
T1,0,0,165,3
T2,1,0,200,7
T3,2,1,148,36
T4,3,0,90,11
T5,4,1,38,2
T6,5,0,90,6
T7,6,0,37,6
T8,7,0,60,2
T9,8,0,198,2
T10,9,0,50,2
[108]
T1,0,1,35,6
T2,1,0,48,2
T3,2,1,25,1
T4,3,0,132,2
T5,4,0,170,26
T6,5,0,170,2
T7,6,1,192,1
T8,7,0,60,2
T9,8,0,96,7
T10,9,0,200,34
[109]
T1,0,0,30,1
T2,1,0,172,1
T3,2,1,200,41
T4,3,0,90,1
T5,4,1,172,21
T6,5,0,36,4
T7,6,0,96,2
T8,7,1,144,2
T9,8,0,180,9
T10,9,0,36,2
[110]
T1,0,1,75,11
T2,1,0,26,2
T3,2,0,195,17
T4,3,1,112,11
T5,4,1,91,2
T6,5,1,26,1
T7,6,1,150,19
T8,7,1,192,18
T9,8,1,23,2
T10,9,0,200,3
[111]
T1,0,0,52,2
T2,1,0,168,2
T3,2,0,35,2
T4,3,1,75,7
T5,4,1,150,11
T6,5,1,21,2
T7,6,0,168,1
T8,7,0,72,9
T9,8,1,145,5
T10,9,1,200,47
[112]
T1,0,0,95,1
T2,1,0,152,6
T3,2,1,52,7
T4,3,0,200,6
T5,4,1,180,6
T6,5,0,22,2
T7,6,1,190,2
T8,7,1,24,3
T9,8,1,99,6
T10,9,1,132,22
[113]
T1,0,0,200,6
T2,1,1,27,5
T3,2,0,52,4
T4,3,0,156,2
T5,4,0,180,5
T6,5,1,80,2
T7,6,0,135,10
T8,7,1,60,1
T9,8,1,26,2
T10,9,1,150,21
[114]
T1,0,1,91,18
T2,1,1,140,13
T3,2,1,170,2
T4,3,0,104,10
T5,4,0,35,2
T6,5,0,168,12
T7,6,0,200,10
T8,7,0,34,2
T9,8,0,156,2
T10,9,0,23,2
[115]
T1,0,0,37,2
T2,1,0,195,26
T3,2,0,26,2
T4,3,0,143,8
T5,4,1,154,1
T6,5,0,24,2
T7,6,0,200,14
T8,7,1,100,20
T9,8,1,168,13
T10,9,0,143,3
[116]
T1,0,1,200,7
T2,1,1,150,22
T3,2,1,48,2
T4,3,1,29,2
T5,4,1,132,1
T6,5,0,176,11
T7,6,0,30,3
T8,7,1,140,20
T9,8,1,150,9
T10,9,1,64,2
[117]
T1,0,0,31,2
T2,1,0,77,8
T3,2,0,154,2
T4,3,0,66,19
T5,4,0,110,2
T6,5,0,182,1
T7,6,0,168,6
T8,7,1,20,2
T9,8,1,200,20
T10,9,1,28,2
[118]
T1,0,1,30,1
T2,1,1,44,3
T3,2,0,200,3
T4,3,1,187,7
T5,4,0,198,27
T6,5,1,33,2
T7,6,0,102,5
T8,7,0,80,8
T9,8,1,68,3
T10,9,1,180,15
[119]
T1,0,1,156,2
T2,1,0,52,2
T3,2,1,150,3
T4,3,0,200,1
T5,4,0,135,8
T6,5,0,22,4
T7,6,0,156,4
T8,7,0,44,1
T9,8,1,135,32
T10,9,1,60,5
[120]
T1,0,0,180,23
T2,1,1,26,2
T3,2,1,30,3
T4,3,0,45,1
T5,4,1,142,9
T6,5,0,150,6
T7,6,0,75,6
T8,7,1,200,6
T9,8,0,180,16
T10,9,1,90,1
[121]
T1,0,1,92,2
T2,1,0,180,1
T3,2,0,200,1
T4,3,0,20,2
T5,4,0,27,3
T6,5,1,92,8
T7,6,0,69,11
T8,7,0,30,1
T9,8,0,180,24
T10,9,1,161,10
[122]
T1,0,1,48,4
T2,1,0,136,2
T3,2,1,200,11
T4,3,1,180,9
T5,4,1,112,15
T6,5,0,68,3
T7,6,1,34,5
T8,7,0,24,2
T9,8,0,150,1
T10,9,1,153,15
[123]
T1,0,1,64,3
T2,1,1,165,31
T3,2,1,38,2
T4,3,1,180,11
T5,4,0,60,2
T6,5,1,33,5
T7,6,1,33,1
T8,7,1,160,15
T9,8,1,200,3
T10,9,0,54,2
[124]
T1,0,0,175,16
T2,1,0,112,9
T3,2,1,50,3
T4,3,0,63,1
T5,4,1,36,2
T6,5,0,56,1
T7,6,1,150,18
T8,7,1,200,21
T9,8,1,152,6
T10,9,0,50,1
[125]
T1,0,0,102,12
T2,1,1,28,1
T3,2,0,105,4
T4,3,1,200,9
T5,4,0,154,11
T6,5,0,25,2
T7,6,0,154,15
T8,7,1,119,2
T9,8,1,43,6
T10,9,0,165,14
[126]
T1,0,1,54,2
T2,1,1,180,16
T3,2,0,66,6
T4,3,0,33,2
T5,4,1,156,2
T6,5,1,156,35
T7,6,0,104,6
T8,7,1,104,7
T9,8,0,44,4
T10,9,1,200,1
[127]
T1,0,0,200,10
T2,1,0,76,11
T3,2,0,171,11
T4,3,0,175,4
T5,4,0,114,10
T6,5,1,63,3
T7,6,1,36,6
T8,7,1,35,2
T9,8,0,180,1
T10,9,1,50,3
[128]
T1,0,1,20,1
T2,1,1,24,6
T3,2,0,150,2
T4,3,0,60,2
T5,4,1,168,8
T6,5,0,147,19
T7,6,0,39,2
T8,7,0,168,7
T9,8,1,124,1
T10,9,1,200,10
[129]
T1,0,0,150,6
T2,1,1,200,14
T3,2,1,51,2
T4,3,0,66,9
T5,4,1,51,3
T6,5,0,170,2
T7,6,0,132,7
T8,7,0,68,8
T9,8,0,22,2
T10,9,1,198,26
[130]
T1,0,1,168,29
T2,1,1,75,2
T3,2,1,99,2
T4,3,1,200,2
T5,4,1,160,12
T6,5,0,66,3
T7,6,0,49,1
T8,7,1,48,2
T9,8,0,35,4
T10,9,1,180,23
[131]
T1,0,0,190,19
T2,1,1,56,6
T3,2,1,133,2
T4,3,1,171,1
T5,4,0,171,6
T6,5,1,200,14
T7,6,1,20,2
T8,7,1,42,1
T9,8,0,144,7
T10,9,0,48,6
[132]
T1,0,0,198,12
T2,1,0,165,17
T3,2,0,126,3
T4,3,1,198,9
T5,4,0,80,6
T6,5,1,200,43
T7,6,1,44,1
T8,7,0,33,2
T9,8,0,108,9
T10,9,1,25,2
[133]
T1,0,0,195,4
T2,1,1,150,4
T3,2,1,130,2
T4,3,1,96,10
T5,4,0,160,41
T6,5,1,39,4
T7,6,1,60,2
T8,7,1,46,1
T9,8,0,31,2
T10,9,0,200,5
[134]
T1,0,1,165,38
T2,1,0,200,2
T3,2,0,56,3
T4,3,1,154,17
T5,4,1,77,5
T6,5,0,176,11
T7,6,1,45,2
T8,7,0,96,7
T9,8,1,35,1
T10,9,0,48,2
[135]
T1,0,1,170,2
T2,1,0,150,14
T3,2,1,168,5
T4,3,1,85,2
T5,4,0,200,22
T6,5,1,120,20
T7,6,1,45,2
T8,7,1,25,3
T9,8,1,90,1
T10,9,0,25,1
[136]
T1,0,0,34,4
T2,1,0,160,14
T3,2,0,55,12
T4,3,1,99,8
T5,4,0,40,1
T6,5,0,24,1
T7,6,0,154,1
T8,7,0,175,4
T9,8,1,200,4
T10,9,1,70,1
[137]
T1,0,0,175,2
T2,1,1,100,6
T3,2,0,200,2
T4,3,0,24,2
T5,4,1,126,7
T6,5,0,150,32
T7,6,1,52,4
T8,7,1,84,7
T9,8,0,35,4
T10,9,0,184,3
[138]
T1,0,0,180,3
T2,1,1,81,8
T3,2,1,27,2
T4,3,1,60,7
T5,4,0,200,2
T6,5,0,80,6
T7,6,1,48,1
T8,7,0,195,53
T9,8,1,40,2
T10,9,0,195,6
[139]
T1,0,0,200,6
T2,1,0,80,12
T3,2,0,75,1
T4,3,1,33,2
T5,4,0,50,4
T6,5,1,87,1
T7,6,1,165,2
T8,7,0,176,33
T9,8,0,174,16
T10,9,0,48,3
[140]
T1,0,1,56,2
T2,1,0,189,18
T3,2,0,77,10
T4,3,0,50,2
T5,4,1,198,6
T6,5,0,144,12
T7,6,1,36,2
T8,7,0,44,5
T9,8,0,200,15
T10,9,0,165,10
[141]
T1,0,1,55,5
T2,1,1,200,7
T3,2,1,36,5
T4,3,0,90,7
T5,4,0,165,2
T6,5,0,55,3
T7,6,1,44,2
T8,7,0,150,14
T9,8,0,22,1
T10,9,1,164,6
[142]
T1,0,1,165,4
T2,1,1,200,29
T3,2,0,24,1
T4,3,0,165,2
T5,4,0,140,14
T6,5,1,165,11
T7,6,0,36,1
T8,7,1,108,4
T9,8,1,75,2
T10,9,1,29,4
[143]
T1,0,1,198,8
T2,1,0,132,2
T3,2,1,33,4
T4,3,0,165,2
T5,4,1,54,6
T6,5,0,52,6
T7,6,1,200,5
T8,7,0,160,2
T9,8,0,55,10
T10,9,0,36,1
[144]
T1,0,0,37,3
T2,1,0,180,32
T3,2,1,126,10
T4,3,0,45,2
T5,4,1,102,7
T6,5,0,20,2
T7,6,1,200,24
T8,7,1,153,2
T9,8,0,100,2
T10,9,0,168,10
[145]
T1,0,1,33,2
T2,1,0,35,2
T3,2,1,160,21
T4,3,0,120,8
T5,4,1,200,2
T6,5,1,168,14
T7,6,0,144,6
T8,7,0,84,2
T9,8,1,198,13
T10,9,0,34,4
[146]
T1,0,0,22,2
T2,1,1,120,10
T3,2,1,175,4
T4,3,0,25,1
T5,4,1,154,12
T6,5,1,150,6
T7,6,1,121,25
T8,7,1,22,2
T9,8,0,200,12
T10,9,1,60,2
[147]
T1,0,1,200,2
T2,1,0,126,7
T3,2,1,184,10
T4,3,0,40,5
T5,4,0,180,3
T6,5,0,56,9
T7,6,1,168,7
T8,7,1,26,5
T9,8,0,50,2
T10,9,1,70,2
[148]
T1,0,0,38,1
T2,1,0,65,3
T3,2,1,190,38
T4,3,0,200,17
T5,4,1,120,11
T6,5,0,78,1
T7,6,1,23,2
T8,7,0,26,2
T9,8,0,150,4
T10,9,0,156,15
[149]
T1,0,0,102,5
T2,1,0,43,2
T3,2,0,105,2
T4,3,0,195,25
T5,4,0,84,2
T6,5,1,25,3
T7,6,1,200,12
T8,7,0,168,30
T9,8,0,26,2
T10,9,0,156,2
[150]
T1,0,0,195,14
T2,1,1,144,3
T3,2,0,200,2
T4,3,0,165,5
T5,4,0,100,19
T6,5,0,25,2
T7,6,1,26,2
T8,7,0,27,3
T9,8,0,99,11
T10,9,1,176,1
[151]
T1,0,1,27,2
T2,1,1,20,3
T3,2,0,190,19
T4,3,1,20,3
T5,4,0,100,9
T6,5,0,150,7
T7,6,1,76,2
T8,7,0,190,4
T9,8,1,200,3
T10,9,0,102,4
[152]
T1,0,0,168,2
T2,1,0,198,16
T3,2,1,44,2
T4,3,1,28,4
T5,4,0,165,5
T6,5,1,105,10
T7,6,0,52,6
T8,7,1,105,6
T9,8,1,200,5
T10,9,1,99,4
[153]
T1,0,1,72,6
T2,1,1,95,2
T3,2,1,42,3
T4,3,1,200,3
T5,4,1,152,2
T6,5,1,38,2
T7,6,0,180,32
T8,7,1,24,4
T9,8,0,57,2
T10,9,0,171,11
[154]
T1,0,0,120,3
T2,1,0,23,2
T3,2,1,175,8
T4,3,1,22,2
T5,4,0,32,7
T6,5,0,120,1
T7,6,1,66,2
T8,7,0,200,12
T9,8,1,165,17
T10,9,0,180,28
[155]
T1,0,0,195,21
T2,1,0,108,2
T3,2,0,48,2
T4,3,1,72,4
T5,4,0,56,6
T6,5,0,150,8
T7,6,0,168,11
T8,7,0,53,1
T9,8,0,200,18
T10,9,1,35,5
[156]
T1,0,1,175,3
T2,1,1,200,6
T3,2,1,43,2
T4,3,0,28,2
T5,4,1,195,34
T6,5,1,35,6
T7,6,1,156,11
T8,7,1,147,9
T9,8,0,147,13
T10,9,1,120,5
[157]
T1,0,1,150,3
T2,1,1,200,56
T3,2,1,189,7
T4,3,0,100,2
T5,4,0,35,1
T6,5,0,135,23
T7,6,0,51,2
T8,7,0,75,2
T9,8,0,28,1
T10,9,1,175,6
[158]
T1,0,1,189,2
T2,1,0,40,2
T3,2,0,189,2
T4,3,1,72,11
T5,4,1,150,5
T6,5,0,90,7
T7,6,1,50,2
T8,7,0,30,2
T9,8,1,119,8
T10,9,0,200,36
[159]
T1,0,1,176,14
T2,1,1,144,9
T3,2,0,192,5
T4,3,0,200,10
T5,4,0,32,4
T6,5,0,40,2
T7,6,1,80,4
T8,7,0,75,3
T9,8,1,192,8
T10,9,0,29,3
[160]
T1,0,0,120,9
T2,1,0,168,16
T3,2,1,200,1
T4,3,0,154,9
T5,4,1,22,2
T6,5,0,140,6
T7,6,0,24,1
T8,7,1,154,2
T9,8,1,110,5
T10,9,0,44,8
[161]
T1,0,1,39,1
T2,1,0,63,1
T3,2,0,22,2
T4,3,0,200,17
T5,4,1,50,6
T6,5,0,196,25
T7,6,0,180,4
T8,7,1,154,2
T9,8,1,90,7
T10,9,0,132,20
[162]
T1,0,0,168,2
T2,1,0,84,2
T3,2,0,130,2
T4,3,1,34,10
T5,4,0,200,8
T6,5,0,175,11
T7,6,0,75,3
T8,7,1,20,1
T9,8,0,150,11
T10,9,0,42,1
[163]
T1,0,0,144,6
T2,1,0,165,6
T3,2,1,104,4
T4,3,1,198,24
T5,4,1,40,1
T6,5,1,48,2
T7,6,1,180,26
T8,7,1,200,19
T9,8,0,50,7
T10,9,0,78,2
[164]
T1,0,0,150,9
T2,1,0,20,2
T3,2,0,152,8
T4,3,1,66,2
T5,4,0,52,2
T6,5,0,50,11
T7,6,1,70,3
T8,7,1,200,39
T9,8,0,60,2
T10,9,1,175,7
[165]
T1,0,1,45,6
T2,1,0,156,1
T3,2,1,156,39
T4,3,1,200,8
T5,4,0,117,4
T6,5,0,117,1
T7,6,0,120,2
T8,7,1,164,20
T9,8,1,20,2
T10,9,0,30,1
[166]
T1,0,1,105,5
T2,1,0,48,2
T3,2,0,200,4
T4,3,0,175,16
T5,4,1,99,2
T6,5,1,28,2
T7,6,1,180,27
T8,7,1,72,8
T9,8,0,30,2
T10,9,1,198,14
[167]
T1,0,0,40,3
T2,1,1,144,3
T3,2,0,85,2
T4,3,1,200,2
T5,4,0,153,22
T6,5,0,180,2
T7,6,1,72,9
T8,7,0,192,30
T9,8,0,40,1
T10,9,1,52,3
[168]
T1,0,1,200,14
T2,1,0,54,2
T3,2,0,63,2
T4,3,0,133,11
T5,4,0,35,3
T6,5,0,171,20
T7,6,1,175,19
T8,7,1,33,3
T9,8,1,190,5
T10,9,1,105,3
[169]
T1,0,0,180,2
T2,1,0,125,11
T3,2,1,79,23
T4,3,1,200,3
T5,4,0,24,2
T6,5,0,150,5
T7,6,1,100,6
T8,7,0,180,3
T9,8,1,30,2
T10,9,1,47,2
[170]
T1,0,1,28,2
T2,1,0,152,22
T3,2,1,126,18
T4,3,0,75,1
T5,4,0,200,6
T6,5,0,26,1
T7,6,1,180,25
T8,7,0,112,2
T9,8,0,30,1
T10,9,1,168,8
[171]
T1,0,1,35,5
T2,1,0,150,11
T3,2,0,182,20
T4,3,1,39,1
T5,4,1,34,2
T6,5,0,195,1
T7,6,0,60,6
T8,7,0,91,1
T9,8,0,200,11
T10,9,0,140,13
[172]
T1,0,1,50,3
T2,1,0,200,14
T3,2,1,140,21
T4,3,1,27,2
T5,4,0,21,1
T6,5,0,54,3
T7,6,1,198,40
T8,7,1,150,6
T9,8,0,180,3
T10,9,0,140,1
[173]
T1,0,1,105,14
T2,1,1,25,2
T3,2,1,180,22
T4,3,0,112,6
T5,4,1,36,2
T6,5,0,70,1
T7,6,1,37,2
T8,7,1,150,4
T9,8,0,168,20
T10,9,0,200,19
[174]
T1,0,0,154,3
T2,1,0,200,21
T3,2,1,154,2
T4,3,1,20,2
T5,4,1,35,1
T6,5,1,55,2
T7,6,1,150,24
T8,7,1,88,2
T9,8,1,33,4
T10,9,0,120,5
[175]
T1,0,1,176,22
T2,1,0,22,2
T3,2,1,96,3
T4,3,0,120,2
T5,4,0,33,2
T6,5,1,132,8
T7,6,1,200,14
T8,7,1,150,11
T9,8,0,40,2
T10,9,0,180,39
[176]
T1,0,1,23,2
T2,1,0,200,17
T3,2,1,45,7
T4,3,0,168,2
T5,4,0,77,5
T6,5,0,132,4
T7,6,1,180,8
T8,7,0,28,2
T9,8,0,98,2
T10,9,1,175,23
[177]
T1,0,0,154,4
T2,1,1,33,1
T3,2,0,175,8
T4,3,1,200,41
T5,4,1,175,24
T6,5,0,78,2
T7,6,0,38,2
T8,7,1,33,2
T9,8,1,91,10
T10,9,0,66,1
[178]
T1,0,1,100,8
T2,1,1,200,6
T3,2,0,165,2
T4,3,1,22,1
T5,4,1,28,2
T6,5,1,176,14
T7,6,1,35,2
T8,7,0,90,29
T9,8,0,99,4
T10,9,1,168,2
[179]
T1,0,1,20,1
T2,1,0,150,31
T3,2,0,85,2
T4,3,0,45,2
T5,4,1,153,20
T6,5,0,28,3
T7,6,0,136,4
T8,7,0,180,6
T9,8,1,57,2
T10,9,0,200,13
[180]
T1,0,0,140,1
T2,1,1,189,26
T3,2,0,27,2
T4,3,1,70,2
T5,4,1,35,3
T6,5,0,126,28
T7,6,0,150,2
T8,7,1,192,20
T9,8,0,200,15
T10,9,0,29,2
[181]
T1,0,0,27,3
T2,1,0,200,27
T3,2,1,175,3
T4,3,1,165,4
T5,4,0,175,35
T6,5,0,42,6
T7,6,0,22,2
T8,7,0,112,2
T9,8,0,120,2
T10,9,1,72,2
[182]
T1,0,0,75,5
T2,1,1,180,15
T3,2,1,27,1
T4,3,0,175,17
T5,4,1,52,1
T6,5,1,76,9
T7,6,1,21,2
T8,7,1,200,3
T9,8,0,84,11
T10,9,0,190,9
[183]
T1,0,0,144,8
T2,1,1,70,8
T3,2,0,24,2
T4,3,1,200,28
T5,4,0,150,4
T6,5,1,52,5
T7,6,0,182,2
T8,7,0,156,20
T9,8,0,26,2
T10,9,1,54,2
[184]
T1,0,0,32,2
T2,1,1,22,2
T3,2,1,150,18
T4,3,0,200,4
T5,4,1,176,6
T6,5,1,110,3
T7,6,0,70,6
T8,7,1,154,25
T9,8,1,24,1
T10,9,0,99,4
[185]
T1,0,1,64,5
T2,1,0,160,8
T3,2,0,48,10
T4,3,0,150,2
T5,4,1,200,7
T6,5,0,176,10
T7,6,0,68,5
T8,7,1,20,1
T9,8,0,30,2
T10,9,1,75,3
[186]
T1,0,1,149,18
T2,1,0,45,2
T3,2,1,28,1
T4,3,1,200,15
T5,4,0,56,2
T6,5,1,25,1
T7,6,1,150,17
T8,7,0,84,9
T9,8,0,120,15
T10,9,0,175,1
[187]
T1,0,1,41,5
T2,1,0,48,5
T3,2,0,36,2
T4,3,0,126,12
T5,4,1,176,3
T6,5,0,200,2
T7,6,1,105,4
T8,7,0,176,17
T9,8,0,198,13
T10,9,0,132,8
[188]
T1,0,0,200,16
T2,1,0,110,3
T3,2,0,46,2
T4,3,1,40,4
T5,4,1,50,2
T6,5,0,198,37
T7,6,0,196,26
T8,7,0,154,5
T9,8,1,105,3
T10,9,1,77,1
[189]
T1,0,1,70,2
T2,1,0,186,8
T3,2,0,200,9
T4,3,0,150,10
T5,4,0,40,1
T6,5,0,50,5
T7,6,1,48,3
T8,7,0,175,9
T9,8,1,124,17
T10,9,1,72,7
[190]
T1,0,1,44,3
T2,1,0,54,4
T3,2,1,99,8
T4,3,0,165,4
T5,4,1,200,6
T6,5,0,99,11
T7,6,1,195,23
T8,7,0,24,2
T9,8,1,120,12
T10,9,1,156,10
[191]
T1,0,0,25,3
T2,1,1,160,11
T3,2,0,184,10
T4,3,0,30,3
T5,4,0,105,7
T6,5,0,140,20
T7,6,0,38,2
T8,7,0,161,1
T9,8,1,100,1
T10,9,1,200,7
[192]
T1,0,1,28,2
T2,1,0,170,5
T3,2,0,42,7
T4,3,0,84,2
T5,4,1,44,7
T6,5,0,80,2
T7,6,0,168,2
T8,7,1,75,5
T9,8,0,170,12
T10,9,1,200,13
[193]
T1,0,1,182,25
T2,1,0,200,3
T3,2,1,168,8
T4,3,0,21,2
T5,4,0,88,6
T6,5,0,110,6
T7,6,1,51,2
T8,7,1,182,33
T9,8,1,30,1
T10,9,0,55,5
[194]
T1,0,1,96,21
T2,1,0,38,4
T3,2,1,165,2
T4,3,1,150,12
T5,4,1,96,9
T6,5,0,80,1
T7,6,0,38,2
T8,7,1,200,2
T9,8,0,176,2
T10,9,0,36,1
[195]
T1,0,0,66,1
T2,1,0,36,4
T3,2,1,45,3
T4,3,1,200,6
T5,4,0,168,10
T6,5,1,66,5
T7,6,1,80,12
T8,7,0,189,1
T9,8,0,165,14
T10,9,0,34,1
[196]
T1,0,1,22,2
T2,1,0,200,2
T3,2,1,48,2
T4,3,0,160,33
T5,4,0,54,2
T6,5,1,90,2
T7,6,0,20,1
T8,7,1,160,31
T9,8,1,63,8
T10,9,0,192,6
[197]
T1,0,1,200,34
T2,1,1,90,10
T3,2,0,144,2
T4,3,1,64,4
T5,4,0,184,29
T6,5,1,40,2
T7,6,0,180,3
T8,7,1,48,2
T9,8,1,180,17
T10,9,1,50,2
[198]
T1,0,0,80,2
T2,1,0,70,2
T3,2,0,150,7
T4,3,0,200,20
T5,4,1,160,3
T6,5,0,132,20
T7,6,1,50,14
T8,7,0,175,1
T9,8,1,40,2
T10,9,1,32,2
[199]
T1,0,0,44,3
T2,1,1,200,9
T3,2,0,100,2
T4,3,0,160,11
T5,4,1,32,2
T6,5,0,40,4
T7,6,1,125,5
T8,7,1,198,51
T9,8,0,90,1
T10,9,1,180,9
[200]
T1,0,1,44,4
T2,1,0,196,12
T3,2,0,200,14
T4,3,0,132,1
T5,4,0,60,5
T6,5,1,180,2
T7,6,1,63,11
T8,7,0,20,2
T9,8,1,33,4
T10,9,0,168,4
[201]
T1,0,0,150,2
T2,1,1,99,18
T3,2,1,40,2
T4,3,1,184,17
T5,4,0,200,12
T6,5,1,138,16
T7,6,0,198,8
T8,7,1,37,2
T9,8,1,92,1
T10,9,1,20,1
[202]
T1,0,0,200,16
T2,1,1,187,14
T3,2,1,75,10
T4,3,0,170,2
T5,4,0,75,2
T6,5,0,50,8
T7,6,1,34,2
T8,7,1,153,4
T9,8,1,99,9
T10,9,1,48,2
[203]
T1,0,0,65,2
T2,1,1,156,7
T3,2,0,150,10
T4,3,1,23,2
T5,4,1,69,3
T6,5,0,30,3
T7,6,1,180,31
T8,7,0,92,6
T9,8,1,36,2
T10,9,1,200,3
[204]
T1,0,1,75,2
T2,1,0,180,4
T3,2,0,175,26
T4,3,0,40,3
T5,4,0,66,1
T6,5,1,112,3
T7,6,0,36,6
T8,7,1,200,3
T9,8,1,20,1
T10,9,0,160,13
[205]
T1,0,0,21,4
T2,1,1,160,12
T3,2,0,200,7
T4,3,1,98,2
T5,4,1,72,2
T6,5,0,120,1
T7,6,0,150,3
T8,7,0,28,6
T9,8,0,42,2
T10,9,1,175,2
[206]
T1,0,0,25,2
T2,1,0,200,24
T3,2,0,165,22
T4,3,0,150,1
T5,4,0,75,2
T6,5,1,32,6
T7,6,1,26,1
T8,7,0,75,3
T9,8,0,84,3
T10,9,0,192,5
[207]
T1,0,1,80,3
T2,1,0,190,6
T3,2,1,76,4
T4,3,0,26,3
T5,4,1,190,12
T6,5,0,36,3
T7,6,0,130,17
T8,7,0,34,1
T9,8,1,180,15
T10,9,0,200,2
[208]
T1,0,1,105,11
T2,1,1,40,2
T3,2,0,33,2
T4,3,1,63,1
T5,4,1,154,28
T6,5,1,154,7
T7,6,1,200,7
T8,7,1,165,2
T9,8,0,125,9
T10,9,1,36,4
[209]
T1,0,1,105,15
T2,1,1,195,9
T3,2,0,72,2
T4,3,0,200,2
T5,4,0,42,2
T6,5,1,33,4
T7,6,0,91,3
T8,7,1,26,2
T9,8,1,189,16
T10,9,0,180,17
[210]
T1,0,1,44,1
T2,1,0,41,1
T3,2,1,99,1
T4,3,1,200,13
T5,4,0,160,33
T6,5,0,168,2
T7,6,0,90,2
T8,7,1,35,6
T9,8,0,72,2
T10,9,1,168,26
[211]
T1,0,1,99,6
T2,1,0,21,4
T3,2,0,176,7
T4,3,1,160,1
T5,4,0,28,1
T6,5,0,99,14
T7,6,1,120,1
T8,7,0,176,13
T9,8,0,200,12
T10,9,1,52,2
[212]
T1,0,1,90,1
T2,1,1,45,2
T3,2,0,200,16
T4,3,0,63,2
T5,4,1,40,2
T6,5,0,164,35
T7,6,0,150,3
T8,7,1,46,2
T9,8,1,180,40
T10,9,1,72,3
[213]
T1,0,0,135,2
T2,1,1,48,2
T3,2,0,98,19
T4,3,1,140,36
T5,4,0,35,1
T6,5,0,162,7
T7,6,1,189,7
T8,7,1,200,2
T9,8,0,28,2
T10,9,0,162,14
[214]
T1,0,0,200,33
T2,1,0,187,11
T3,2,0,55,2
T4,3,0,50,8
T5,4,0,47,4
T6,5,1,60,2
T7,6,0,85,2
T8,7,1,176,4
T9,8,0,40,3
T10,9,1,180,2
[215]
T1,0,1,30,2
T2,1,0,42,1
T3,2,1,42,2
T4,3,1,175,2
T5,4,1,200,1
T6,5,0,168,12
T7,6,1,156,17
T8,7,0,140,18
T9,8,0,130,1
T10,9,1,90,23
[216]
T1,0,0,156,2
T2,1,1,200,15
T3,2,0,24,2
T4,3,0,130,46
T5,4,1,24,2
T6,5,1,55,4
T7,6,0,195,13
T8,7,1,168,5
T9,8,1,60,1
T10,9,0,29,1
[217]
T1,0,1,198,14
T2,1,0,132,4
T3,2,0,28,2
T4,3,1,27,4
T5,4,0,180,6
T6,5,1,200,29
T7,6,1,144,11
T8,7,0,37,3
T9,8,0,126,5
T10,9,0,198,2
[218]
T1,0,1,84,4
T2,1,0,35,4
T3,2,0,200,24
T4,3,0,96,1
T5,4,0,182,20
T6,5,0,160,9
T7,6,1,150,3
T8,7,1,39,1
T9,8,1,84,5
T10,9,0,25,2
[219]
T1,0,1,200,12
T2,1,1,160,3
T3,2,1,160,1
T4,3,0,75,5
T5,4,1,102,13
T6,5,1,90,11
T7,6,1,35,2
T8,7,1,20,1
T9,8,0,25,2
T10,9,1,160,4
[220]
T1,0,1,35,3
T2,1,0,160,2
T3,2,1,112,2
T4,3,0,21,2
T5,4,1,200,40
T6,5,1,30,2
T7,6,0,132,6
T8,7,0,168,3
T9,8,0,56,7
T10,9,0,150,9
[221]
T1,0,0,40,2
T2,1,1,154,2
T3,2,1,99,37
T4,3,0,160,3
T5,4,1,77,3
T6,5,1,200,17
T7,6,1,40,2
T8,7,0,43,2
T9,8,1,75,6
T10,9,1,198,1
[222]
T1,0,1,24,2
T2,1,0,160,10
T3,2,0,112,37
T4,3,1,168,9
T5,4,1,75,1
T6,5,0,112,2
T7,6,1,200,13
T8,7,1,24,2
T9,8,1,188,2
T10,9,1,27,2
[223]
T1,0,0,28,2
T2,1,0,38,6
T3,2,1,165,6
T4,3,1,200,8
T5,4,0,144,4
T6,5,1,80,9
T7,6,0,30,2
T8,7,1,190,10
T9,8,0,76,5
T10,9,1,152,15
[224]
T1,0,0,176,17
T2,1,0,165,13
T3,2,0,27,4
T4,3,1,80,2
T5,4,1,48,2
T6,5,0,100,1
T7,6,1,33,4
T8,7,1,200,3
T9,8,0,125,5
T10,9,0,176,20
[225]
T1,0,1,60,1
T2,1,1,195,2
T3,2,0,45,1
T4,3,0,120,20
T5,4,1,21,2
T6,5,0,52,2
T7,6,0,80,6
T8,7,1,171,34
T9,8,1,200,2
T10,9,0,180,10
[226]
T1,0,0,42,2
T2,1,0,153,5
T3,2,1,168,26
T4,3,1,25,2
T5,4,0,105,1
T6,5,1,60,4
T7,6,1,32,2
T8,7,0,144,35
T9,8,1,168,7
T10,9,1,200,6
[227]
T1,0,1,21,2
T2,1,1,105,2
T3,2,1,150,1
T4,3,1,161,46
T5,4,1,200,4
T6,5,0,150,5
T7,6,1,26,2
T8,7,0,60,2
T9,8,1,20,3
T10,9,0,90,7
[228]
T1,0,1,100,6
T2,1,1,150,12
T3,2,0,155,2
T4,3,1,180,5
T5,4,0,45,3
T6,5,1,200,29
T7,6,0,48,3
T8,7,1,90,1
T9,8,1,81,6
T10,9,1,30,3
[229]
T1,0,0,144,4
T2,1,1,112,9
T3,2,1,90,4
T4,3,0,20,2
T5,4,1,200,26
T6,5,0,31,2
T7,6,1,168,23
T8,7,1,175,16
T9,8,1,34,1
T10,9,1,175,3
[230]
T1,0,0,171,5
T2,1,1,180,6
T3,2,0,152,5
T4,3,0,43,6
T5,4,1,20,2
T6,5,1,120,13
T7,6,1,76,4
T8,7,0,24,2
T9,8,1,200,18
T10,9,0,63,2
[231]
T1,0,1,154,2
T2,1,1,90,1
T3,2,0,36,3
T4,3,1,27,2
T5,4,0,198,16
T6,5,1,37,2
T7,6,0,200,40
T8,7,1,189,1
T9,8,0,100,5
T10,9,0,100,19
[232]
T1,0,1,135,17
T2,1,0,30,3
T3,2,0,162,10
T4,3,0,160,3
T5,4,1,48,2
T6,5,1,200,23
T7,6,1,70,2
T8,7,0,189,27
T9,8,0,40,2
T10,9,1,135,5
[233]
T1,0,1,154,29
T2,1,0,198,1
T3,2,1,200,18
T4,3,1,55,4
T5,4,0,88,5
T6,5,1,22,2
T7,6,1,168,2
T8,7,1,40,5
T9,8,1,75,7
T10,9,0,22,2
[234]
T1,0,1,29,2
T2,1,0,28,2
T3,2,1,130,2
T4,3,0,75,6
T5,4,0,196,2
T6,5,0,196,28
T7,6,1,60,5
T8,7,1,200,6
T9,8,1,175,24
T10,9,0,20,2
[235]
T1,0,1,84,10
T2,1,1,45,6
T3,2,0,180,25
T4,3,0,50,2
T5,4,1,180,2
T6,5,0,24,2
T7,6,0,98,2
T8,7,0,154,13
T9,8,1,200,4
T10,9,0,110,7
[236]
T1,0,0,198,21
T2,1,0,135,12
T3,2,1,189,3
T4,3,1,165,5
T5,4,1,24,1
T6,5,0,100,5
T7,6,0,200,15
T8,7,0,28,2
T9,8,0,55,2
T10,9,1,40,10
[237]
T1,0,1,160,16
T2,1,1,20,2
T3,2,1,200,12
T4,3,0,70,3
T5,4,0,175,8
T6,5,0,54,3
T7,6,0,84,20
T8,7,0,160,8
T9,8,1,28,2
T10,9,1,30,2
[238]
T1,0,1,154,22
T2,1,0,44,1
T3,2,0,84,6
T4,3,1,28,2
T5,4,0,200,2
T6,5,0,195,7
T7,6,0,150,26
T8,7,1,84,3
T9,8,0,132,20
T10,9,1,30,2
[239]
T1,0,0,200,6
T2,1,1,25,2
T3,2,1,90,2
T4,3,1,185,11
T5,4,1,32,2
T6,5,0,48,6
T7,6,0,100,4
T8,7,1,150,29
T9,8,0,72,1
T10,9,1,150,26
[240]
T1,0,0,60,2
T2,1,0,63,6
T3,2,0,175,24
T4,3,1,200,12
T5,4,1,126,12
T6,5,1,154,1
T7,6,1,22,2
T8,7,0,168,6
T9,8,1,24,4
T10,9,1,40,2
[241]
T1,0,1,165,13
T2,1,1,50,2
T3,2,1,180,20
T4,3,1,200,6
T5,4,0,128,17
T6,5,1,75,2
T7,6,0,120,1
T8,7,1,180,10
T9,8,0,27,1
T10,9,1,26,4
[242]
T1,0,1,182,22
T2,1,0,169,9
T3,2,0,130,6
T4,3,0,100,2
T5,4,1,75,2
T6,5,0,200,4
T7,6,0,20,2
T8,7,0,26,4
T9,8,0,21,2
T10,9,0,182,16
[243]
T1,0,0,51,1
T2,1,0,189,17
T3,2,1,168,3
T4,3,0,24,2
T5,4,1,112,2
T6,5,1,80,7
T7,6,1,39,12
T8,7,0,150,2
T9,8,1,200,13
T10,9,0,104,4
[244]
T1,0,1,112,1
T2,1,0,200,23
T3,2,0,198,24
T4,3,0,38,1
T5,4,0,28,1
T6,5,1,54,8
T7,6,0,45,3
T8,7,1,176,1
T9,8,1,126,3
T10,9,1,150,11
[245]
T1,0,1,200,1
T2,1,0,80,1
T3,2,1,46,1
T4,3,1,30,4
T5,4,0,176,4
T6,5,0,40,4
T7,6,0,165,18
T8,7,1,180,1
T9,8,1,66,7
T10,9,1,102,12
[246]
T1,0,0,200,19
T2,1,1,175,8
T3,2,1,126,22
T4,3,0,108,2
T5,4,0,182,7
T6,5,0,48,2
T7,6,0,45,3
T8,7,0,182,10
T9,8,1,35,4
T10,9,0,117,4
[247]
T1,0,1,175,9
T2,1,0,152,7
T3,2,0,200,9
T4,3,0,55,3
T5,4,1,20,1
T6,5,0,154,8
T7,6,1,48,11
T8,7,1,25,2
T9,8,1,105,5
T10,9,0,70,4
[248]
T1,0,1,135,56
T2,1,0,180,5
T3,2,1,33,2
T4,3,0,180,1
T5,4,1,21,2
T6,5,0,88,2
T7,6,0,200,7
T8,7,0,37,1
T9,8,1,180,5
T10,9,0,63,5
[249]
T1,0,0,200,4
T2,1,1,168,36
T3,2,1,150,8
T4,3,1,25,2
T5,4,1,72,5
T6,5,0,56,1
T7,6,1,168,6
T8,7,1,36,1
T9,8,1,51,2
T10,9,1,66,9
[250]
T1,0,0,55,2
T2,1,0,125,1
T3,2,0,21,1
T4,3,0,40,7
T5,4,0,176,2
T6,5,0,21,2
T7,6,1,200,3
T8,7,0,168,33
T9,8,1,160,7
T10,9,1,66,5
[251]
T1,0,1,118,8
T2,1,1,162,2
T3,2,1,25,2
T4,3,0,177,19
T5,4,1,30,1
T6,5,0,135,2
T7,6,0,33,4
T8,7,1,200,12
T9,8,1,180,14
T10,9,1,59,2
[252]
T1,0,0,102,3
T2,1,0,54,3
T3,2,0,170,16
T4,3,0,96,5
T5,4,0,160,11
T6,5,1,150,29
T7,6,1,200,8
T8,7,1,135,3
T9,8,0,32,2
T10,9,1,32,2
[253]
T1,0,0,38,3
T2,1,0,144,5
T3,2,0,160,2
T4,3,1,200,36
T5,4,0,136,14
T6,5,0,192,26
T7,6,0,192,4
T8,7,0,108,6
T9,8,1,27,2
T10,9,1,54,2
[254]
T1,0,1,160,7
T2,1,1,200,37
T3,2,1,160,6
T4,3,1,135,14
T5,4,0,54,1
T6,5,0,144,2
T7,6,1,192,1
T8,7,0,90,7
T9,8,0,34,5
T10,9,0,39,1
[255]
T1,0,1,24,2
T2,1,0,180,5
T3,2,1,180,25
T4,3,1,49,2
T5,4,1,60,1
T6,5,0,28,2
T7,6,0,200,1
T8,7,0,114,26
T9,8,1,112,5
T10,9,1,152,11
[256]
T1,0,0,32,2
T2,1,0,195,30
T3,2,1,200,6
T4,3,1,117,8
T5,4,1,195,2
T6,5,1,176,4
T7,6,1,99,8
T8,7,0,20,2
T9,8,0,36,7
T10,9,0,90,6
[257]
T1,0,1,29,2
T2,1,0,160,1
T3,2,1,22,2
T4,3,0,200,44
T5,4,0,184,3
T6,5,1,75,8
T7,6,1,32,4
T8,7,0,138,4
T9,8,1,115,1
T10,9,1,165,5
[258]
T1,0,1,180,32
T2,1,1,72,5
T3,2,1,32,2
T4,3,0,200,3
T5,4,0,150,8
T6,5,0,56,4
T7,6,1,24,2
T8,7,1,140,10
T9,8,0,48,2
T10,9,0,192,24
[259]
T1,0,0,168,1
T2,1,0,98,7
T3,2,0,20,2
T4,3,1,132,37
T5,4,0,33,2
T6,5,0,200,22
T7,6,1,198,8
T8,7,0,154,4
T9,8,0,49,1
T10,9,1,99,1
[260]
T1,0,1,200,30
T2,1,1,190,18
T3,2,0,45,2
T4,3,1,30,2
T5,4,1,42,2
T6,5,0,80,1
T7,6,0,168,14
T8,7,0,90,2
T9,8,0,60,1
T10,9,0,150,16
[261]
T1,0,1,175,2
T2,1,0,24,2
T3,2,0,60,1
T4,3,0,115,1
T5,4,1,50,3
T6,5,0,161,16
T7,6,1,200,8
T8,7,0,112,7
T9,8,0,40,12
T10,9,1,184,12
[262]
T1,0,1,165,10
T2,1,1,175,1
T3,2,0,200,39
T4,3,0,35,1
T5,4,0,77,6
T6,5,0,25,2
T7,6,1,140,2
T8,7,1,195,48
T9,8,1,143,3
T10,9,0,42,2
[263]
T1,0,0,100,4
T2,1,1,20,3
T3,2,0,152,1
T4,3,1,69,1
T5,4,0,30,2
T6,5,1,60,2
T7,6,1,190,4
T8,7,0,180,16
T9,8,1,200,11
T10,9,1,52,10
[264]
T1,0,1,162,2
T2,1,0,64,15
T3,2,0,60,2
T4,3,0,200,7
T5,4,1,26,2
T6,5,1,175,20
T7,6,1,40,5
T8,7,0,42,1
T9,8,0,150,2
T10,9,1,100,2
[265]
T1,0,0,42,1
T2,1,0,45,7
T3,2,0,180,1
T4,3,1,135,2
T5,4,1,24,2
T6,5,0,84,1
T7,6,0,198,24
T8,7,1,56,1
T9,8,0,189,28
T10,9,0,200,10
[266]
T1,0,0,40,2
T2,1,1,28,2
T3,2,0,45,4
T4,3,0,180,27
T5,4,0,70,2
T6,5,0,200,30
T7,6,0,190,30
T8,7,0,70,2
T9,8,0,90,2
T10,9,0,168,11
[267]
T1,0,1,21,2
T2,1,1,189,13
T3,2,0,200,6
T4,3,1,189,7
T5,4,0,29,3
T6,5,0,63,1
T7,6,1,189,18
T8,7,0,120,6
T9,8,0,80,16
T10,9,1,54,1
[268]
T1,0,0,200,18
T2,1,0,120,1
T3,2,1,70,1
T4,3,1,175,16
T5,4,1,165,36
T6,5,1,48,5
T7,6,1,100,4
T8,7,1,198,1
T9,8,0,25,1
T10,9,1,24,2
[269]
T1,0,0,32,3
T2,1,1,28,5
T3,2,1,28,2
T4,3,0,56,2
T5,4,0,162,14
T6,5,1,189,26
T7,6,1,192,2
T8,7,0,200,2
T9,8,1,54,1
T10,9,1,140,13
[270]
T1,0,0,200,11
T2,1,1,162,6
T3,2,1,144,4
T4,3,0,20,1
T5,4,0,175,11
T6,5,1,120,7
T7,6,0,81,2
T8,7,0,38,8
T9,8,1,42,3
T10,9,0,160,6
[271]
T1,0,1,48,1
T2,1,0,55,11
T3,2,0,200,3
T4,3,1,48,5
T5,4,0,105,3
T6,5,0,25,2
T7,6,1,192,12
T8,7,0,165,4
T9,8,0,77,12
T10,9,1,165,3
[272]
T1,0,1,150,17
T2,1,1,200,33
T3,2,1,198,31
T4,3,0,30,2
T5,4,0,132,2
T6,5,1,132,2
T7,6,1,49,1
T8,7,0,90,2
T9,8,0,152,20
T10,9,0,20,2
[273]
T1,0,0,26,2
T2,1,0,200,26
T3,2,1,75,2
T4,3,1,170,2
T5,4,1,119,12
T6,5,0,195,33
T7,6,0,42,1
T8,7,1,150,2
T9,8,1,45,2
T10,9,1,78,9
[274]
T1,0,0,200,1
T2,1,1,150,4
T3,2,0,162,11
T4,3,1,20,1
T5,4,0,180,5
T6,5,1,75,4
T7,6,0,46,8
T8,7,0,115,3
T9,8,1,135,8
T10,9,0,48,7
[275]
T1,0,1,70,6
T2,1,1,200,8
T3,2,1,45,4
T4,3,1,21,1
T5,4,1,150,2
T6,5,0,160,3
T7,6,1,189,2
T8,7,0,37,9
T9,8,0,81,3
T10,9,1,75,2
[276]
T1,0,0,120,2
T2,1,0,33,1
T3,2,0,147,26
T4,3,1,176,9
T5,4,0,40,4
T6,5,0,200,14
T7,6,0,33,2
T8,7,1,150,9
T9,8,0,110,14
T10,9,0,56,2
[277]
T1,0,0,52,5
T2,1,0,160,4
T3,2,0,200,28
T4,3,0,80,6
T5,4,1,140,2
T6,5,0,41,3
T7,6,0,28,2
T8,7,1,160,12
T9,8,0,100,2
T10,9,0,160,20
[278]
T1,0,0,200,24
T2,1,1,55,1
T3,2,1,175,5
T4,3,0,55,1
T5,4,1,175,3
T6,5,0,30,5
T7,6,0,26,2
T8,7,1,143,13
T9,8,0,32,3
T10,9,1,150,8
[279]
T1,0,0,165,2
T2,1,1,24,2
T3,2,1,66,2
T4,3,1,200,33
T5,4,1,180,32
T6,5,0,24,3
T7,6,0,80,2
T8,7,0,144,8
T9,8,0,150,4
T10,9,1,24,2
[280]
T1,0,0,64,2
T2,1,0,50,1
T3,2,0,200,14
T4,3,1,87,2
T5,4,0,168,5
T6,5,1,48,4
T7,6,0,48,7
T8,7,1,175,28
T9,8,1,168,5
T10,9,1,145,12
[281]
T1,0,0,42,9
T2,1,0,28,2
T3,2,1,200,10
T4,3,0,112,7
T5,4,0,162,1
T6,5,1,81,5
T7,6,0,135,12
T8,7,1,192,4
T9,8,1,53,4
T10,9,0,162,2
[282]
T1,0,0,154,8
T2,1,1,60,2
T3,2,0,60,6
T4,3,0,88,10
T5,4,1,54,2
T6,5,0,180,10
T7,6,0,27,2
T8,7,0,200,8
T9,8,1,45,3
T10,9,1,198,34
[283]
T1,0,1,198,13
T2,1,1,110,3
T3,2,0,140,35
T4,3,0,22,2
T5,4,1,49,2
T6,5,1,165,1
T7,6,1,176,16
T8,7,1,200,25
T9,8,0,50,2
T10,9,0,55,2
[284]
T1,0,1,50,3
T2,1,0,84,1
T3,2,1,56,12
T4,3,1,200,1
T5,4,1,165,25
T6,5,0,160,6
T7,6,1,198,27
T8,7,0,132,4
T9,8,0,33,2
T10,9,1,22,2
[285]
T1,0,1,108,2
T2,1,1,198,2
T3,2,0,25,3
T4,3,1,44,5
T5,4,1,38,4
T6,5,1,195,16
T7,6,1,108,4
T8,7,1,198,12
T9,8,0,135,2
T10,9,1,200,20
[286]
T1,0,0,192,6
T2,1,1,200,39
T3,2,1,168,1
T4,3,0,81,6
T5,4,0,81,2
T6,5,1,28,2
T7,6,0,33,4
T8,7,0,168,13
T9,8,0,28,2
T10,9,1,60,2
[287]
T1,0,0,38,1
T2,1,1,23,2
T3,2,1,152,15
T4,3,1,108,3
T5,4,1,75,8
T6,5,1,150,6
T7,6,0,200,8
T8,7,1,180,2
T9,8,1,27,6
T10,9,1,108,3
[288]
T1,0,0,110,11
T2,1,1,48,2
T3,2,1,154,5
T4,3,0,66,1
T5,4,0,42,3
T6,5,1,200,13
T7,6,0,50,1
T8,7,0,105,2
T9,8,1,195,56
T10,9,1,154,7
[289]
T1,0,1,50,2
T2,1,0,153,10
T3,2,1,176,36
T4,3,1,200,7
T5,4,0,27,2
T6,5,1,120,2
T7,6,0,40,2
T8,7,0,72,11
T9,8,1,176,3
T10,9,0,60,4
[290]
T1,0,0,189,18
T2,1,1,156,2
T3,2,0,200,7
T4,3,1,25,1
T5,4,0,39,6
T6,5,1,48,4
T7,6,1,65,2
T8,7,0,104,3
T9,8,1,180,21
T10,9,0,112,6
[291]
T1,0,0,26,2
T2,1,1,130,2
T3,2,1,95,8
T4,3,1,171,19
T5,4,0,38,3
T6,5,0,156,9
T7,6,1,80,3
T8,7,0,25,1
T9,8,0,200,15
T10,9,0,190,19
[292]
T1,0,1,93,10
T2,1,1,168,14
T3,2,1,48,3
T4,3,1,93,3
T5,4,0,200,15
T6,5,0,51,7
T7,6,0,105,3
T8,7,0,180,10
T9,8,0,50,2
T10,9,0,180,11
[293]
T1,0,0,84,2
T2,1,0,165,15
T3,2,1,160,5
T4,3,1,150,12
T5,4,0,34,2
T6,5,1,60,8
T7,6,0,32,1
T8,7,0,64,4
T9,8,0,200,22
T10,9,0,25,2
[294]
T1,0,0,23,2
T2,1,1,160,3
T3,2,0,200,13
T4,3,1,35,2
T5,4,1,84,7
T6,5,0,112,5
T7,6,1,195,36
T8,7,0,126,1
T9,8,1,168,27
T10,9,0,52,2
[295]
T1,0,1,84,2
T2,1,0,72,5
T3,2,1,60,1
T4,3,1,180,31
T5,4,0,168,5
T6,5,1,200,15
T7,6,0,154,15
T8,7,1,36,2
T9,8,0,35,2
T10,9,1,28,3
[296]
T1,0,1,136,24
T2,1,0,35,2
T3,2,1,200,2
T4,3,1,150,7
T5,4,1,170,4
T6,5,1,34,2
T7,6,0,42,2
T8,7,1,150,11
T9,8,0,72,17
T10,9,1,112,1
[297]
T1,0,0,180,1
T2,1,1,200,22
T3,2,0,189,3
T4,3,0,27,2
T5,4,0,165,1
T6,5,1,120,3
T7,6,1,52,1
T8,7,1,66,2
T9,8,1,144,41
T10,9,1,50,6
[298]
T1,0,0,115,8
T2,1,0,50,5
T3,2,1,150,12
T4,3,1,112,2
T5,4,1,200,24
T6,5,0,42,2
T7,6,1,168,24
T8,7,0,35,2
T9,8,1,105,3
T10,9,0,160,19
[299]
T1,0,0,160,2
T2,1,0,150,13
T3,2,0,32,2
T4,3,1,20,2
T5,4,1,200,17
T6,5,1,72,3
T7,6,1,140,12
T8,7,1,125,13
T9,8,1,175,2
T10,9,0,28,2
[300]
T1,0,0,102,9
T2,1,1,27,3
T3,2,0,50,1
T4,3,1,30,2
T5,4,0,180,9
T6,5,1,150,8
T7,6,1,135,6
T8,7,1,136,17
T9,8,1,200,4
T10,9,0,162,12
[301]
T1,0,0,100,3
T2,1,1,190,20
T3,2,0,25,3
T4,3,0,44,7
T5,4,1,200,2
T6,5,0,35,2
T7,6,0,115,1
T8,7,1,175,10
T9,8,1,184,7
T10,9,1,100,5
[302]
T1,0,0,190,2
T2,1,1,175,14
T3,2,1,144,6
T4,3,0,152,7
T5,4,1,200,1
T6,5,1,48,1
T7,6,0,90,2
T8,7,1,120,24
T9,8,1,40,5
T10,9,0,42,3
[303]
T1,0,1,41,3
T2,1,1,28,2
T3,2,1,200,1
T4,3,0,140,5
T5,4,0,196,23
T6,5,0,105,8
T7,6,0,189,10
T8,7,1,27,2
T9,8,0,108,7
T10,9,0,162,20
[304]
T1,0,1,200,7
T2,1,1,36,1
T3,2,0,161,19
T4,3,0,33,2
T5,4,0,21,2
T6,5,0,184,2
T7,6,1,168,7
T8,7,1,92,25
T9,8,1,72,3
T10,9,0,135,1
[305]
T1,0,1,159,9
T2,1,0,24,2
T3,2,1,106,1
T4,3,1,40,2
T5,4,1,152,1
T6,5,1,106,14
T7,6,1,114,2
T8,7,1,24,2
T9,8,1,200,31
T10,9,1,152,24
[306]
T1,0,1,75,11
T2,1,0,162,28
T3,2,1,40,2
T4,3,0,200,8
T5,4,0,190,15
T6,5,0,180,2
T7,6,0,41,6
T8,7,0,38,1
T9,8,0,90,2
T10,9,0,135,3
[307]
T1,0,1,180,28
T2,1,0,192,10
T3,2,1,48,5
T4,3,1,24,2
T5,4,0,165,9
T6,5,1,49,2
T7,6,1,200,25
T8,7,1,88,2
T9,8,1,75,7
T10,9,0,135,4
[308]
T1,0,1,195,7
T2,1,0,41,10
T3,2,1,76,2
T4,3,0,39,2
T5,4,0,130,11
T6,5,0,150,1
T7,6,1,39,1
T8,7,0,80,6
T9,8,0,156,2
T10,9,0,200,22
[309]
T1,0,1,60,4
T2,1,0,195,2
T3,2,1,117,2
T4,3,1,45,9
T5,4,1,47,2
T6,5,1,45,2
T7,6,1,136,2
T8,7,0,156,2
T9,8,0,170,2
T10,9,0,200,49
[310]
T1,0,1,200,12
T2,1,1,150,35
T3,2,1,25,2
T4,3,0,70,4
T5,4,1,52,5
T6,5,0,30,1
T7,6,1,84,2
T8,7,1,140,5
T9,8,1,154,6
T10,9,0,176,1
[311]
T1,0,0,196,24
T2,1,1,147,2
T3,2,1,21,2
T4,3,1,22,2
T5,4,0,132,8
T6,5,0,200,6
T7,6,1,44,12
T8,7,1,180,16
T9,8,1,66,1
T10,9,1,168,8
[312]
T1,0,0,56,6
T2,1,1,150,5
T3,2,0,160,17
T4,3,1,27,1
T5,4,1,84,2
T6,5,0,21,2
T7,6,1,168,8
T8,7,1,50,6
T9,8,1,74,8
T10,9,1,200,13
[313]
T1,0,1,200,15
T2,1,1,190,3
T3,2,0,25,2
T4,3,1,80,1
T5,4,0,38,3
T6,5,1,152,4
T7,6,1,37,6
T8,7,1,160,4
T9,8,0,120,7
T10,9,1,55,6
[314]
T1,0,1,22,2
T2,1,0,33,4
T3,2,0,88,3
T4,3,0,154,29
T5,4,1,46,1
T6,5,1,84,4
T7,6,1,175,2
T8,7,0,176,11
T9,8,1,66,2
T10,9,1,200,21
[315]
T1,0,0,190,1
T2,1,0,200,25
T3,2,0,46,1
T4,3,0,100,23
T5,4,0,75,2
T6,5,1,168,29
T7,6,0,70,1
T8,7,0,22,1
T9,8,0,42,2
T10,9,1,168,3
[316]
T1,0,1,184,11
T2,1,1,200,1
T3,2,0,72,2
T4,3,0,20,2
T5,4,1,189,2
T6,5,0,25,1
T7,6,1,140,13
T8,7,1,69,15
T9,8,0,29,5
T10,9,1,175,3
[317]
T1,0,1,40,2
T2,1,0,64,3
T3,2,1,126,4
T4,3,1,200,20
T5,4,1,150,21
T6,5,1,192,12
T7,6,0,175,11
T8,7,1,96,6
T9,8,1,50,2
T10,9,1,23,2
[318]
T1,0,1,25,2
T2,1,0,82,4
T3,2,0,32,3
T4,3,0,164,1
T5,4,0,175,38
T6,5,0,29,2
T7,6,1,128,3
T8,7,1,175,6
T9,8,1,200,5
T10,9,1,100,7
[319]
T1,0,0,39,1
T2,1,1,112,22
T3,2,0,200,1
T4,3,1,42,4
T5,4,0,168,2
T6,5,0,150,14
T7,6,1,88,5
T8,7,1,168,14
T9,8,0,42,1
T10,9,0,105,5
[320]
T1,0,0,126,2
T2,1,0,126,12
T3,2,1,155,6
T4,3,1,200,2
T5,4,0,72,4
T6,5,0,42,2
T7,6,0,40,3
T8,7,0,186,53
T9,8,0,35,2
T10,9,1,180,6
[321]
T1,0,0,160,8
T2,1,0,20,2
T3,2,0,84,2
T4,3,0,75,3
T5,4,1,46,10
T6,5,1,21,2
T7,6,1,175,31
T8,7,0,200,4
T9,8,0,182,3
T10,9,0,112,2
[322]
T1,0,0,42,2
T2,1,0,200,27
T3,2,1,161,8
T4,3,1,24,2
T5,4,0,120,14
T6,5,0,161,3
T7,6,1,47,3
T8,7,0,96,4
T9,8,1,184,27
T10,9,0,64,6
[323]
T1,0,0,189,2
T2,1,1,63,15
T3,2,1,175,22
T4,3,0,44,3
T5,4,1,75,9
T6,5,1,170,6
T7,6,0,63,2
T8,7,1,200,2
T9,8,0,20,2
T10,9,0,40,1
[324]
T1,0,0,40,7
T2,1,0,112,9
T3,2,0,180,13
T4,3,1,50,3
T5,4,1,200,28
T6,5,1,23,2
T7,6,1,171,1
T8,7,0,84,8
T9,8,1,175,2
T10,9,1,90,2
[325]
T1,0,0,28,2
T2,1,0,75,6
T3,2,1,200,27
T4,3,1,128,15
T5,4,0,165,2
T6,5,0,30,1
T7,6,1,150,5
T8,7,0,22,1
T9,8,0,176,21
T10,9,1,112,6
[326]
T1,0,0,96,2
T2,1,0,36,3
T3,2,1,192,2
T4,3,0,31,2
T5,4,0,125,14
T6,5,1,165,19
T7,6,1,150,1
T8,7,0,200,17
T9,8,1,60,9
T10,9,0,22,2
[327]
T1,0,1,55,2
T2,1,0,174,19
T3,2,1,88,3
T4,3,0,48,1
T5,4,1,200,34
T6,5,0,33,2
T7,6,0,180,10
T8,7,0,116,4
T9,8,0,165,7
T10,9,1,30,5
[328]
T1,0,0,168,1
T2,1,0,60,1
T3,2,0,175,7
T4,3,1,200,23
T5,4,0,190,1
T6,5,0,27,1
T7,6,0,50,5
T8,7,0,133,39
T9,8,1,36,2
T10,9,1,108,4
[329]
T1,0,1,153,1
T2,1,0,120,17
T3,2,1,46,2
T4,3,0,36,2
T5,4,1,90,3
T6,5,1,150,2
T7,6,1,180,23
T8,7,1,45,3
T9,8,0,200,3
T10,9,0,69,14
[330]
T1,0,1,190,3
T2,1,1,40,6
T3,2,0,21,3
T4,3,0,80,3
T5,4,0,38,1
T6,5,0,200,1
T7,6,1,57,6
T8,7,1,160,20
T9,8,0,171,3
T10,9,0,90,1
[331]
T1,0,1,52,2
T2,1,0,60,6
T3,2,0,64,12
T4,3,0,26,2
T5,4,0,41,2
T6,5,1,180,2
T7,6,1,192,43
T8,7,0,120,5
T9,8,1,200,10
T10,9,1,180,2
[332]
T1,0,1,26,2
T2,1,1,41,2
T3,2,0,78,12
T4,3,0,165,22
T5,4,0,195,4
T6,5,1,175,7
T7,6,0,21,2
T8,7,1,200,2
T9,8,0,110,17
T10,9,1,77,7
[333]
T1,0,0,42,7
T2,1,0,120,9
T3,2,1,160,2
T4,3,0,160,13
T5,4,1,200,1
T6,5,1,30,6
T7,6,1,39,2
T8,7,0,84,5
T9,8,1,175,1
T10,9,0,117,4
[334]
T1,0,0,195,2
T2,1,1,135,2
T3,2,0,42,2
T4,3,1,180,20
T5,4,1,168,7
T6,5,1,30,2
T7,6,0,140,20
T8,7,1,26,2
T9,8,0,200,45
T10,9,0,144,14
[335]
T1,0,1,200,4
T2,1,1,50,6
T3,2,0,44,3
T4,3,0,198,19
T5,4,0,156,5
T6,5,0,32,4
T7,6,1,144,9
T8,7,1,195,6
T9,8,1,60,2
T10,9,1,78,5
[336]
T1,0,0,175,23
T2,1,1,200,5
T3,2,1,49,7
T4,3,1,140,13
T5,4,1,175,8
T6,5,0,75,3
T7,6,0,196,17
T8,7,0,140,2
T9,8,0,21,2
T10,9,1,24,1
[337]
T1,0,0,44,1
T2,1,1,92,5
T3,2,1,140,13
T4,3,0,192,4
T5,4,1,150,7
T6,5,1,200,44
T7,6,0,20,2
T8,7,1,168,6
T9,8,1,23,2
T10,9,1,100,13
[338]
T1,0,1,24,3
T2,1,1,140,2
T3,2,0,72,2
T4,3,0,40,2
T5,4,1,200,1
T6,5,0,168,43
T7,6,0,36,6
T8,7,1,154,2
T9,8,0,168,17
T10,9,1,84,2
[339]
T1,0,1,170,45
T2,1,1,56,2
T3,2,0,75,5
T4,3,0,21,1
T5,4,1,48,2
T6,5,1,126,2
T7,6,1,40,4
T8,7,0,189,2
T9,8,1,170,2
T10,9,1,200,32
[340]
T1,0,0,50,2
T2,1,1,24,2
T3,2,0,76,2
T4,3,1,200,2
T5,4,1,152,16
T6,5,0,38,4
T7,6,1,95,13
T8,7,0,60,2
T9,8,1,152,27
T10,9,0,168,6
[341]
T1,0,0,135,3
T2,1,1,165,14
T3,2,1,36,3
T4,3,0,90,3
T5,4,0,40,2
T6,5,1,154,14
T7,6,0,43,2
T8,7,0,150,15
T9,8,1,200,13
T10,9,0,88,8
[342]
T1,0,0,120,10
T2,1,0,23,1
T3,2,0,38,2
T4,3,1,168,3
T5,4,1,150,8
T6,5,0,184,42
T7,6,1,115,3
T8,7,1,50,4
T9,8,1,75,3
T10,9,1,200,7
[343]
T1,0,0,192,8
T2,1,1,200,7
T3,2,1,192,32
T4,3,0,150,12
T5,4,1,45,4
T6,5,1,45,1
T7,6,0,72,6
T8,7,1,135,4
T9,8,1,95,10
T10,9,1,20,2
[344]
T1,0,0,72,11
T2,1,0,180,8
T3,2,0,184,3
T4,3,1,200,39
T5,4,1,21,2
T6,5,1,50,2
T7,6,0,161,3
T8,7,0,60,2
T9,8,0,40,7
T10,9,0,75,1
[345]
T1,0,1,44,2
T2,1,0,120,10
T3,2,1,171,2
T4,3,1,200,12
T5,4,0,48,2
T6,5,0,75,9
T7,6,0,180,4
T8,7,0,57,3
T9,8,1,33,3
T10,9,1,150,23
[346]
T1,0,1,110,14
T2,1,0,195,3
T3,2,0,72,2
T4,3,1,180,5
T5,4,1,46,4
T6,5,0,24,2
T7,6,1,36,5
T8,7,1,150,6
T9,8,1,200,44
T10,9,0,75,2
[347]
T1,0,1,168,7
T2,1,1,45,2
T3,2,0,40,2
T4,3,1,90,2
T5,4,0,180,28
T6,5,0,25,2
T7,6,0,65,2
T8,7,1,75,16
T9,8,0,200,11
T10,9,0,180,15
[348]
T1,0,0,110,15
T2,1,1,46,2
T3,2,1,153,6
T4,3,0,100,15
T5,4,1,198,10
T6,5,0,200,9
T7,6,1,22,1
T8,7,0,99,9
T9,8,1,165,8
T10,9,1,20,2
[349]
T1,0,0,140,31
T2,1,0,120,12
T3,2,1,182,6
T4,3,0,105,11
T5,4,0,200,6
T6,5,1,156,4
T7,6,1,35,2
T8,7,0,32,2
T9,8,0,28,1
T10,9,1,150,2
[350]
T1,0,0,120,1
T2,1,0,44,1
T3,2,0,77,4
T4,3,0,160,2
T5,4,0,200,40
T6,5,0,51,2
T7,6,1,175,1
T8,7,1,154,15
T9,8,1,77,12
T10,9,1,48,2
[351]
T1,0,1,190,3
T2,1,0,56,3
T3,2,1,200,39
T4,3,1,42,2
T5,4,0,38,1
T6,5,0,114,4
T7,6,1,30,3
T8,7,0,60,1
T9,8,1,150,2
T10,9,0,152,20
[352]
T1,0,1,44,2
T2,1,1,156,16
T3,2,0,200,29
T4,3,0,156,2
T5,4,0,34,2
T6,5,0,165,7
T7,6,0,72,12
T8,7,1,80,5
T9,8,0,66,2
T10,9,0,39,3
[353]
T1,0,1,60,2
T2,1,0,200,33
T3,2,0,39,1
T4,3,0,168,12
T5,4,0,150,3
T6,5,0,54,3
T7,6,0,42,5
T8,7,0,195,9
T9,8,1,24,1
T10,9,1,126,10
[354]
T1,0,0,200,5
T2,1,1,80,5
T3,2,1,36,2
T4,3,1,184,5
T5,4,0,28,1
T6,5,1,23,3
T7,6,1,96,7
T8,7,1,184,14
T9,8,1,192,10
T10,9,0,138,13
[355]
T1,0,1,120,6
T2,1,1,140,3
T3,2,1,200,4
T4,3,0,150,2
T5,4,1,42,2
T6,5,0,198,35
T7,6,1,50,9
T8,7,0,154,4
T9,8,0,70,5
T10,9,1,22,2
[356]
T1,0,0,45,2
T2,1,1,180,4
T3,2,0,100,1
T4,3,1,55,4
T5,4,0,23,2
T6,5,1,80,8
T7,6,1,156,22
T8,7,1,24,2
T9,8,1,156,9
T10,9,0,200,23
[357]
T1,0,1,199,32
T2,1,1,150,19
T3,2,1,64,7
T4,3,1,100,3
T5,4,0,40,3
T6,5,1,150,4
T7,6,1,20,2
T8,7,0,64,1
T9,8,0,50,2
T10,9,1,200,8
[358]
T1,0,0,77,4
T2,1,1,39,7
T3,2,1,28,2
T4,3,0,110,4
T5,4,1,154,6
T6,5,1,154,14
T7,6,1,33,2
T8,7,0,200,10
T9,8,1,165,19
T10,9,0,65,2
[359]
T1,0,0,105,1
T2,1,1,35,7
T3,2,1,21,1
T4,3,0,160,16
T5,4,1,48,2
T6,5,1,171,17
T7,6,0,96,4
T8,7,1,140,2
T9,8,0,200,8
T10,9,0,180,7
[360]
T1,0,1,198,6
T2,1,0,200,11
T3,2,1,184,17
T4,3,1,25,1
T5,4,1,184,13
T6,5,1,90,8
T7,6,0,50,1
T8,7,0,66,2
T9,8,0,52,7
T10,9,1,144,9
[361]
T1,0,1,126,2
T2,1,0,175,7
T3,2,1,72,2
T4,3,0,38,4
T5,4,0,20,1
T6,5,0,200,9
T7,6,0,168,4
T8,7,0,150,2
T9,8,0,60,17
T10,9,0,40,2
[362]
T1,0,0,148,7
T2,1,0,52,4
T3,2,0,88,8
T4,3,1,72,4
T5,4,0,185,6
T6,5,0,25,1
T7,6,1,198,7
T8,7,0,33,1
T9,8,1,60,5
T10,9,1,200,23
[363]
T1,0,1,40,2
T2,1,1,154,33
T3,2,0,72,1
T4,3,0,96,2
T5,4,0,33,2
T6,5,1,165,34
T7,6,0,168,8
T8,7,0,200,2
T9,8,0,20,1
T10,9,1,56,2
[364]
T1,0,1,200,2
T2,1,1,180,3
T3,2,0,36,2
T4,3,0,25,2
T5,4,0,180,21
T6,5,0,180,21
T7,6,0,135,7
T8,7,0,76,2
T9,8,0,42,6
T10,9,1,96,9
[365]
T1,0,0,140,3
T2,1,1,200,24
T3,2,0,28,1
T4,3,0,35,2
T5,4,1,155,5
T6,5,0,75,5
T7,6,0,180,28
T8,7,1,90,2
T9,8,1,155,11
T10,9,1,35,2
[366]
T1,0,1,189,31
T2,1,0,160,3
T3,2,1,162,2
T4,3,0,112,31
T5,4,1,21,1
T6,5,0,56,2
T7,6,0,120,3
T8,7,0,50,2
T9,8,0,48,1
T10,9,1,200,5
[367]
T1,0,1,184,3
T2,1,1,180,2
T3,2,0,200,11
T4,3,0,99,6
T5,4,0,48,2
T6,5,0,50,6
T7,6,0,30,2
T8,7,1,92,12
T9,8,1,184,20
T10,9,0,66,3
[368]
T1,0,0,31,3
T2,1,1,130,1
T3,2,0,80,27
T4,3,0,156,11
T5,4,0,180,9
T6,5,1,45,2
T7,6,1,30,1
T8,7,1,180,3
T9,8,0,200,8
T10,9,0,81,2
[369]
T1,0,1,200,10
T2,1,0,33,1
T3,2,0,75,10
T4,3,1,66,3
T5,4,1,30,2
T6,5,1,195,14
T7,6,0,198,13
T8,7,1,28,1
T9,8,1,130,1
T10,9,0,180,34
[370]
T1,0,0,192,15
T2,1,0,153,1
T3,2,1,160,10
T4,3,0,54,4
T5,4,1,20,1
T6,5,1,120,16
T7,6,0,136,6
T8,7,0,34,2
T9,8,1,68,3
T10,9,0,200,9
[371]
T1,0,0,180,2
T2,1,0,56,3
T3,2,0,171,4
T4,3,0,200,10
T5,4,0,21,2
T6,5,0,27,1
T7,6,1,105,27
T8,7,0,25,2
T9,8,1,190,14
T10,9,1,63,2
[372]
T1,0,1,120,2
T2,1,0,39,2
T3,2,0,200,5
T4,3,1,132,14
T5,4,0,22,3
T6,5,1,168,10
T7,6,0,77,10
T8,7,0,42,1
T9,8,1,196,5
T10,9,1,150,12
[373]
T1,0,0,186,7
T2,1,1,42,2
T3,2,0,120,27
T4,3,0,200,8
T5,4,0,105,16
T6,5,0,84,1
T7,6,0,186,2
T8,7,1,40,3
T9,8,0,34,2
T10,9,0,155,10
[374]
T1,0,0,168,1
T2,1,1,24,1
T3,2,1,120,32
T4,3,0,200,5
T5,4,1,75,1
T6,5,0,36,1
T7,6,1,21,2
T8,7,1,180,25
T9,8,1,72,2
T10,9,1,156,19
[375]
T1,0,1,42,2
T2,1,1,200,14
T3,2,1,108,3
T4,3,0,165,5
T5,4,1,110,10
T6,5,0,168,1
T7,6,1,70,7
T8,7,0,176,27
T9,8,0,36,1
T10,9,0,50,6
[376]
T1,0,0,189,29
T2,1,1,52,2
T3,2,1,99,1
T4,3,1,90,7
T5,4,0,154,6
T6,5,0,55,1
T7,6,0,42,2
T8,7,0,165,20
T9,8,1,27,2
T10,9,1,200,27
[377]
T1,0,1,153,7
T2,1,1,29,2
T3,2,1,156,7
T4,3,1,78,20
T5,4,1,34,2
T6,5,1,117,9
T7,6,1,50,3
T8,7,1,170,1
T9,8,0,130,6
T10,9,1,200,11
[378]
T1,0,0,150,2
T2,1,0,96,3
T3,2,1,84,10
T4,3,1,24,3
T5,4,0,175,2
T6,5,1,70,2
T7,6,0,36,2
T8,7,1,45,3
T9,8,1,200,43
T10,9,0,190,10
[379]
T1,0,0,44,3
T2,1,0,156,7
T3,2,1,200,3
T4,3,0,77,3
T5,4,1,75,6
T6,5,1,75,2
T7,6,1,168,19
T8,7,0,45,4
T9,8,0,26,3
T10,9,1,182,8
[380]
T1,0,0,50,6
T2,1,1,140,4
T3,2,0,42,5
T4,3,0,150,5
T5,4,1,154,5
T6,5,0,200,9
T7,6,0,84,12
T8,7,0,150,8
T9,8,1,70,4
T10,9,0,50,2
[381]
T1,0,0,120,2
T2,1,0,132,1
T3,2,0,21,1
T4,3,0,24,2
T5,4,0,110,14
T6,5,0,175,16
T7,6,0,31,6
T8,7,1,180,7
T9,8,1,200,17
T10,9,0,165,6
[382]
T1,0,0,136,2
T2,1,1,45,5
T3,2,0,105,2
T4,3,1,34,2
T5,4,1,175,27
T6,5,0,175,17
T7,6,1,168,11
T8,7,0,200,8
T9,8,1,21,2
T10,9,1,135,14
[383]
T1,0,1,106,3
T2,1,0,150,7
T3,2,0,44,4
T4,3,1,175,5
T5,4,0,32,3
T6,5,1,56,4
T7,6,0,60,3
T8,7,0,200,40
T9,8,0,168,1
T10,9,1,30,1
[384]
T1,0,0,50,2
T2,1,1,151,9
T3,2,1,24,5
T4,3,1,75,8
T5,4,1,175,3
T6,5,1,200,6
T7,6,0,46,1
T8,7,1,56,2
T9,8,0,120,11
T10,9,0,150,14
[385]
T1,0,0,200,17
T2,1,0,175,7
T3,2,0,175,22
T4,3,0,112,2
T5,4,0,105,1
T6,5,0,41,2
T7,6,1,195,26
T8,7,0,108,6
T9,8,0,21,3
T10,9,1,21,2
[386]
T1,0,0,25,2
T2,1,1,20,2
T3,2,0,72,1
T4,3,1,180,25
T5,4,1,135,5
T6,5,1,200,44
T7,6,0,148,2
T8,7,1,160,9
T9,8,0,144,20
T10,9,1,32,1
[387]
T1,0,1,76,1
T2,1,1,33,6
T3,2,1,150,10
T4,3,0,80,3
T5,4,1,200,17
T6,5,1,45,2
T7,6,0,42,2
T8,7,1,90,2
T9,8,0,180,39
T10,9,0,190,7
[388]
T1,0,0,38,2
T2,1,1,200,9
T3,2,0,156,6
T4,3,0,180,12
T5,4,1,22,1
T6,5,0,99,14
T7,6,1,33,1
T8,7,1,195,13
T9,8,1,130,3
T10,9,1,135,18
[389]
T1,0,1,24,5
T2,1,1,52,2
T3,2,1,195,10
T4,3,1,70,2
T5,4,1,43,4
T6,5,1,68,2
T7,6,0,130,2
T8,7,0,175,10
T9,8,1,200,30
T10,9,1,182,3
[390]
T1,0,0,48,2
T2,1,1,200,22
T3,2,0,182,25
T4,3,1,105,2
T5,4,1,48,2
T6,5,0,29,2
T7,6,1,84,15
T8,7,1,150,6
T9,8,0,160,16
T10,9,0,96,2
[391]
T1,0,0,30,2
T2,1,0,200,50
T3,2,1,172,7
T4,3,1,42,2
T5,4,0,90,10
T6,5,0,150,21
T7,6,1,28,2
T8,7,1,75,6
T9,8,1,86,2
T10,9,1,175,2
[392]
T1,0,0,175,9
T2,1,0,200,33
T3,2,1,192,2
T4,3,1,120,9
T5,4,1,24,2
T6,5,0,36,7
T7,6,1,84,2
T8,7,1,90,1
T9,8,0,168,2
T10,9,1,25,3
[393]
T1,0,1,200,9
T2,1,1,198,2
T3,2,0,28,2
T4,3,1,189,13
T5,4,0,135,10
T6,5,0,88,1
T7,6,0,105,6
T8,7,1,44,1
T9,8,0,28,2
T10,9,0,150,46
[394]
T1,0,0,200,5
T2,1,1,156,7
T3,2,1,114,2
T4,3,0,171,8
T5,4,0,50,3
T6,5,1,180,40
T7,6,1,76,2
T8,7,1,27,1
T9,8,1,24,1
T10,9,0,72,9
[395]
T1,0,1,105,4
T2,1,0,150,3
T3,2,0,200,2
T4,3,0,150,2
T5,4,0,55,1
T6,5,0,50,2
T7,6,0,35,10
T8,7,1,43,2
T9,8,0,150,26
T10,9,0,98,3
[396]
T1,0,1,39,1
T2,1,0,150,8
T3,2,1,195,1
T4,3,1,100,21
T5,4,1,170,4
T6,5,0,51,5
T7,6,1,20,2
T8,7,0,200,18
T9,8,1,78,2
T10,9,1,85,10
[397]
T1,0,0,82,3
T2,1,1,20,2
T3,2,1,200,12
T4,3,0,48,1
T5,4,0,175,19
T6,5,1,44,2
T7,6,0,150,34
T8,7,1,168,2
T9,8,0,112,3
T10,9,0,82,13
[398]
T1,0,0,140,22
T2,1,1,28,2
T3,2,1,200,29
T4,3,0,150,11
T5,4,0,143,2
T6,5,1,195,14
T7,6,0,21,3
T8,7,1,168,2
T9,8,0,28,2
T10,9,0,120,2
[399]
T1,0,0,150,2
T2,1,1,84,10
T3,2,0,53,5
T4,3,1,162,4
T5,4,1,30,2
T6,5,0,64,11
T7,6,1,200,2
T8,7,0,54,2
T9,8,0,150,6
T10,9,1,48,5
[400]
T1,0,0,75,5
T2,1,1,53,3
T3,2,0,42,6
T4,3,1,160,2
T5,4,0,168,6
T6,5,0,140,7
T7,6,0,21,4
T8,7,0,175,2
T9,8,1,200,11
T10,9,1,111,2
[401]
T1,0,0,80,2
T2,1,1,36,2
T3,2,0,80,1
T4,3,1,80,2
T5,4,0,160,2
T6,5,0,42,5
T7,6,1,36,2
T8,7,1,150,16
T9,8,1,200,23
T10,9,1,162,34
[402]
T1,0,0,168,3
T2,1,1,72,2
T3,2,1,100,36
T4,3,1,54,2
T5,4,0,70,2
T6,5,1,175,6
T7,6,0,200,16
T8,7,0,196,7
T9,8,0,50,2
T10,9,0,20,1
[403]
T1,0,0,180,7
T2,1,0,20,1
T3,2,1,75,4
T4,3,1,20,2
T5,4,0,48,2
T6,5,0,168,17
T7,6,0,135,11
T8,7,0,168,2
T9,8,1,200,6
T10,9,0,133,36
[404]
T1,0,1,95,14
T2,1,1,132,4
T3,2,0,44,1
T4,3,0,48,2
T5,4,0,200,23
T6,5,0,49,4
T7,6,1,152,11
T8,7,0,60,1
T9,8,0,160,2
T10,9,1,152,14
[405]
T1,0,1,53,1
T2,1,0,150,2
T3,2,0,105,4
T4,3,0,70,2
T5,4,1,200,24
T6,5,1,40,7
T7,6,0,160,13
T8,7,0,177,11
T9,8,0,120,8
T10,9,0,32,1
[406]
T1,0,1,180,34
T2,1,1,47,2
T3,2,0,200,2
T4,3,1,168,55
T5,4,0,88,2
T6,5,1,40,2
T7,6,0,168,5
T8,7,1,49,2
T9,8,0,120,1
T10,9,0,140,8
[407]
T1,0,1,196,31
T2,1,1,154,14
T3,2,0,200,11
T4,3,0,90,1
T5,4,0,175,10
T6,5,1,98,2
T7,6,0,30,1
T8,7,0,70,11
T9,8,1,50,2
T10,9,0,44,1
[408]
T1,0,0,154,2
T2,1,1,24,1
T3,2,0,198,1
T4,3,0,165,2
T5,4,0,48,10
T6,5,1,77,3
T7,6,0,70,4
T8,7,0,56,6
T9,8,0,43,3
T10,9,1,200,17
[409]
T1,0,1,189,1
T2,1,0,180,7
T3,2,0,80,10
T4,3,1,200,13
T5,4,1,27,6
T6,5,1,100,2
T7,6,1,50,2
T8,7,1,162,2
T9,8,0,70,10
T10,9,1,36,1
[410]
T1,0,1,200,17
T2,1,0,56,11
T3,2,0,182,3
T4,3,1,26,1
T5,4,1,175,2
T6,5,1,144,3
T7,6,0,195,1
T8,7,0,39,3
T9,8,0,140,1
T10,9,0,42,8
[411]
T1,0,1,196,17
T2,1,1,21,3
T3,2,0,75,3
T4,3,1,168,9
T5,4,1,108,2
T6,5,0,200,2
T7,6,1,52,4
T8,7,0,45,9
T9,8,1,140,1
T10,9,1,168,2
[412]
T1,0,0,108,12
T2,1,0,49,1
T3,2,0,154,2
T4,3,0,44,2
T5,4,1,126,24
T6,5,0,75,6
T7,6,0,200,18
T8,7,1,40,2
T9,8,1,154,5
T10,9,0,154,8
[413]
T1,0,1,200,5
T2,1,1,49,1
T3,2,0,154,30
T4,3,1,32,2
T5,4,1,66,4
T6,5,1,196,3
T7,6,0,66,3
T8,7,0,90,16
T9,8,1,28,2
T10,9,1,198,4
[414]
T1,0,1,200,1
T2,1,1,100,1
T3,2,1,55,8
T4,3,1,64,2
T5,4,1,48,5
T6,5,0,160,18
T7,6,0,180,3
T8,7,1,30,5
T9,8,0,198,2
T10,9,0,27,2
[415]
T1,0,1,110,9
T2,1,1,72,8
T3,2,0,42,1
T4,3,0,44,2
T5,4,0,200,37
T6,5,1,180,6
T7,6,0,150,3
T8,7,0,36,2
T9,8,0,88,2
T10,9,0,186,20
[416]
T1,0,0,99,1
T2,1,1,25,2
T3,2,1,200,23
T4,3,1,27,2
T5,4,1,31,1
T6,5,1,180,27
T7,6,1,165,11
T8,7,0,110,16
T9,8,1,80,2
T10,9,1,154,15
[417]
T1,0,1,34,1
T2,1,0,44,2
T3,2,1,120,1
T4,3,0,198,28
T5,4,1,200,10
T6,5,1,150,18
T7,6,0,36,6
T8,7,1,69,2
T9,8,1,90,1
T10,9,1,180,5
[418]
T1,0,0,84,1
T2,1,1,189,12
T3,2,1,28,1
T4,3,0,117,2
T5,4,0,21,3
T6,5,0,38,4
T7,6,0,189,38
T8,7,0,90,1
T9,8,1,200,2
T10,9,1,180,2
[419]
T1,0,1,195,17
T2,1,1,36,1
T3,2,0,75,2
T4,3,0,189,3
T5,4,0,195,21
T6,5,0,48,3
T7,6,0,70,4
T8,7,1,72,16
T9,8,0,48,3
T10,9,1,200,2
[420]
T1,0,1,54,3
T2,1,0,30,4
T3,2,1,180,5
T4,3,0,50,2
T5,4,0,50,4
T6,5,0,200,3
T7,6,1,175,29
T8,7,1,65,10
T9,8,1,156,1
T10,9,1,120,2
[421]
T1,0,1,80,14
T2,1,1,66,12
T3,2,0,176,5
T4,3,0,22,2
T5,4,1,22,2
T6,5,0,50,2
T7,6,0,150,1
T8,7,0,162,13
T9,8,0,200,10
T10,9,0,99,6
[422]
T1,0,0,156,6
T2,1,0,200,5
T3,2,1,117,2
T4,3,1,180,29
T5,4,1,40,4
T6,5,0,84,2
T7,6,1,63,3
T8,7,1,24,2
T9,8,0,37,7
T10,9,0,156,8
[423]
T1,0,0,80,6
T2,1,1,52,4
T3,2,1,150,19
T4,3,1,200,28
T5,4,1,120,11
T6,5,0,60,1
T7,6,1,30,2
T8,7,1,156,10
T9,8,0,184,11
T10,9,0,39,2
[424]
T1,0,1,77,7
T2,1,1,168,16
T3,2,0,54,2
T4,3,0,54,1
T5,4,0,30,3
T6,5,1,198,8
T7,6,1,200,8
T8,7,1,43,2
T9,8,1,198,13
T10,9,1,48,9
[425]
T1,0,1,150,7
T2,1,1,198,28
T3,2,1,176,36
T4,3,0,200,11
T5,4,0,56,3
T6,5,0,99,3
T7,6,0,132,5
T8,7,0,49,1
T9,8,0,20,2
T10,9,0,24,2
[426]
T1,0,0,21,1
T2,1,0,26,1
T3,2,1,175,15
T4,3,1,195,32
T5,4,0,39,2
T6,5,1,80,2
T7,6,1,196,47
T8,7,1,78,1
T9,8,1,200,10
T10,9,1,130,2
[427]
T1,0,0,200,7
T2,1,1,68,2
T3,2,0,85,2
T4,3,0,175,3
T5,4,0,175,4
T6,5,0,35,12
T7,6,1,56,2
T8,7,1,150,2
T9,8,0,28,2
T10,9,1,38,1
[428]
T1,0,0,40,2
T2,1,0,120,2
T3,2,1,160,24
T4,3,0,23,2
T5,4,1,156,16
T6,5,1,200,4
T7,6,0,52,2
T8,7,1,130,20
T9,8,0,56,5
T10,9,0,182,21
[429]
T1,0,0,90,4
T2,1,0,75,5
T3,2,0,32,5
T4,3,0,20,2
T5,4,0,180,1
T6,5,1,150,12
T7,6,1,200,8
T8,7,0,160,25
T9,8,1,112,8
T10,9,1,35,2
[430]
T1,0,0,25,2
T2,1,1,32,2
T3,2,0,200,1
T4,3,1,117,6
T5,4,1,69,6
T6,5,0,40,2
T7,6,1,180,33
T8,7,0,65,6
T9,8,0,184,9
T10,9,0,184,24
[431]
T1,0,0,156,11
T2,1,1,110,10
T3,2,0,130,2
T4,3,1,48,4
T5,4,0,75,7
T6,5,1,200,2
T7,6,0,192,29
T8,7,0,156,13
T9,8,0,20,1
T10,9,0,52,1
[432]
T1,0,0,44,1
T2,1,1,126,12
T3,2,0,132,1
T4,3,0,120,10
T5,4,1,189,17
T6,5,1,42,1
T7,6,0,168,13
T8,7,0,180,9
T9,8,1,21,2
T10,9,1,200,34
[433]
T1,0,1,200,31
T2,1,1,152,7
T3,2,0,87,1
T4,3,0,100,2
T5,4,0,171,19
T6,5,1,90,3
T7,6,1,36,2
T8,7,1,24,2
T9,8,1,174,16
T10,9,1,45,2
[434]
T1,0,0,112,22
T2,1,1,54,3
T3,2,1,36,2
T4,3,1,180,13
T5,4,0,195,27
T6,5,1,48,2
T7,6,1,200,6
T8,7,0,112,6
T9,8,0,112,3
T10,9,0,175,12
[435]
T1,0,0,200,15
T2,1,0,190,17
T3,2,1,105,1
T4,3,0,105,17
T5,4,1,35,2
T6,5,1,171,3
T7,6,0,95,2
T8,7,0,28,2
T9,8,0,180,5
T10,9,0,43,8
[436]
T1,0,0,200,18
T2,1,0,56,2
T3,2,0,42,6
T4,3,1,168,11
T5,4,0,175,3
T6,5,1,195,50
T7,6,0,90,2
T8,7,0,90,2
T9,8,0,25,2
T10,9,1,42,1
[437]
T1,0,1,64,2
T2,1,1,43,1
T3,2,1,50,1
T4,3,0,192,14
T5,4,1,180,2
T6,5,0,60,6
T7,6,0,200,34
T8,7,1,48,2
T9,8,0,150,17
T10,9,0,94,8
[438]
T1,0,0,45,2
T2,1,1,70,8
T3,2,1,90,2
T4,3,1,200,38
T5,4,1,156,12
T6,5,1,180,20
T7,6,0,75,2
T8,7,1,28,2
T9,8,0,195,17
T10,9,1,21,1
[439]
T1,0,1,138,10
T2,1,0,26,2
T3,2,0,200,11
T4,3,0,60,4
T5,4,1,150,2
T6,5,1,180,33
T7,6,0,44,2
T8,7,0,138,3
T9,8,0,50,6
T10,9,1,176,7
[440]
T1,0,0,160,12
T2,1,0,42,3
T3,2,0,120,17
T4,3,1,175,4
T5,4,0,30,7
T6,5,1,77,2
T7,6,1,140,2
T8,7,0,22,2
T9,8,1,180,5
T10,9,1,200,12
[441]
T1,0,1,144,2
T2,1,0,50,3
T3,2,1,45,2
T4,3,1,144,35
T5,4,1,196,14
T6,5,0,120,3
T7,6,0,200,16
T8,7,0,48,2
T9,8,0,189,12
T10,9,0,180,10
[442]
T1,0,0,35,3
T2,1,0,135,6
T3,2,0,200,10
T4,3,0,65,2
T5,4,1,150,5
T6,5,1,126,1
T7,6,0,30,2
T8,7,1,30,6
T9,8,1,168,24
T10,9,0,189,16
[443]
T1,0,0,25,2
T2,1,1,60,2
T3,2,0,32,2
T4,3,1,200,11
T5,4,0,161,12
T6,5,0,150,2
T7,6,1,175,20
T8,7,1,60,11
T9,8,0,64,2
T10,9,0,41,1
[444]
T1,0,0,38,2
T2,1,0,152,3
T3,2,0,160,1
T4,3,0,72,4
T5,4,0,75,10
T6,5,0,152,4
T7,6,0,54,13
T8,7,1,22,2
T9,8,0,200,10
T10,9,1,108,2
[445]
T1,0,1,39,3
T2,1,0,200,11
T3,2,1,60,3
T4,3,0,104,6
T5,4,0,24,2
T6,5,0,43,2
T7,6,1,100,11
T8,7,1,165,21
T9,8,0,165,6
T10,9,1,195,18
[446]
T1,0,1,120,7
T2,1,1,105,6
T3,2,0,49,1
T4,3,0,50,3
T5,4,1,32,2
T6,5,1,168,12
T7,6,0,170,9
T8,7,0,60,4
T9,8,0,200,38
T10,9,0,170,1
[447]
T1,0,1,154,4
T2,1,0,150,3
T3,2,1,91,9
T4,3,1,52,2
T5,4,0,26,1
T6,5,0,200,35
T7,6,0,84,13
T8,7,1,195,21
T9,8,1,100,1
T10,9,0,47,2
[448]
T1,0,0,44,5
T2,1,0,190,14
T3,2,1,90,2
T4,3,0,50,2
T5,4,1,72,1
T6,5,0,160,6
T7,6,1,171,2
T8,7,1,200,48
T9,8,1,135,21
T10,9,1,24,2
[449]
T1,0,0,112,14
T2,1,0,175,5
T3,2,0,40,2
T4,3,1,180,1
T5,4,0,45,1
T6,5,1,189,12
T7,6,1,108,16
T8,7,0,27,2
T9,8,1,70,8
T10,9,0,200,10
[450]
T1,0,0,32,5
T2,1,0,175,3
T3,2,1,60,2
T4,3,0,168,8
T5,4,1,180,26
T6,5,1,24,2
T7,6,1,200,17
T8,7,0,41,1
T9,8,1,63,5
T10,9,0,72,3
[451]
T1,0,1,132,6
T2,1,0,63,7
T3,2,0,189,24
T4,3,0,35,2
T5,4,1,48,2
T6,5,0,189,7
T7,6,0,154,3
T8,7,0,25,5
T9,8,1,88,2
T10,9,1,200,12
[452]
T1,0,0,189,2
T2,1,1,81,4
T3,2,0,162,2
T4,3,0,63,6
T5,4,1,81,16
T6,5,0,50,3
T7,6,1,25,3
T8,7,0,35,2
T9,8,1,192,19
T10,9,1,200,1
[453]
T1,0,0,80,2
T2,1,0,150,4
T3,2,0,68,6
T4,3,0,136,19
T5,4,1,200,29
T6,5,1,170,8
T7,6,0,50,2
T8,7,0,165,2
T9,8,0,51,6
T10,9,1,30,2
[454]
T1,0,1,189,5
T2,1,1,46,2
T3,2,1,35,2
T4,3,1,54,5
T5,4,0,144,2
T6,5,0,165,40
T7,6,0,200,23
T8,7,1,105,2
T9,8,0,66,3
T10,9,1,165,11
[455]
T1,0,0,176,12
T2,1,0,88,2
T3,2,1,33,2
T4,3,0,160,12
T5,4,1,200,1
T6,5,1,154,13
T7,6,0,100,12
T8,7,1,100,6
T9,8,0,22,2
T10,9,0,24,1
[456]
T1,0,0,95,16
T2,1,0,84,1
T3,2,1,24,2
T4,3,0,189,25
T5,4,0,56,1
T6,5,1,38,1
T7,6,1,171,6
T8,7,1,200,5
T9,8,0,150,25
T10,9,0,28,1
[457]
T1,0,0,160,28
T2,1,0,30,3
T3,2,1,180,7
T4,3,0,50,3
T5,4,1,99,7
T6,5,1,21,2
T7,6,1,154,3
T8,7,0,200,10
T9,8,0,126,2
T10,9,0,75,9
[458]
T1,0,0,200,12
T2,1,1,52,2
T3,2,0,150,45
T4,3,0,175,10
T5,4,1,54,2
T6,5,0,56,1
T7,6,0,153,7
T8,7,0,60,4
T9,8,0,51,1
T10,9,1,50,1
[459]
T1,0,0,135,7
T2,1,1,25,2
T3,2,1,150,14
T4,3,1,72,7
T5,4,0,160,11
T6,5,1,26,3
T7,6,0,144,7
T8,7,1,180,1
T9,8,0,200,19
T10,9,0,26,1
[460]
T1,0,1,192,15
T2,1,1,23,2
T3,2,1,154,10
T4,3,0,56,2
T5,4,0,30,6
T6,5,0,112,2
T7,6,1,96,3
T8,7,0,44,2
T9,8,0,200,2
T10,9,0,160,14
[461]
T1,0,0,60,5
T2,1,1,112,9
T3,2,1,115,2
T4,3,1,28,2
T5,4,0,175,6
T6,5,0,200,19
T7,6,0,160,8
T8,7,0,192,29
T9,8,0,28,2
T10,9,0,33,4
[462]
T1,0,1,168,4
T2,1,0,45,2
T3,2,1,182,8
T4,3,0,200,7
T5,4,0,180,2
T6,5,1,48,10
T7,6,0,63,1
T8,7,1,105,27
T9,8,1,120,7
T10,9,0,30,2
[463]
T1,0,0,200,31
T2,1,1,175,2
T3,2,1,105,14
T4,3,1,30,2
T5,4,1,184,22
T6,5,1,60,2
T7,6,0,160,22
T8,7,0,120,2
T9,8,0,51,2
T10,9,0,50,2
[464]
T1,0,0,63,2
T2,1,0,48,6
T3,2,1,126,32
T4,3,0,150,9
T5,4,0,120,1
T6,5,0,20,2
T7,6,0,192,9
T8,7,0,49,1
T9,8,0,200,6
T10,9,0,192,15
[465]
T1,0,1,24,2
T2,1,1,120,38
T3,2,1,160,8
T4,3,0,44,4
T5,4,0,195,3
T6,5,0,156,14
T7,6,0,120,2
T8,7,0,49,2
T9,8,0,200,1
T10,9,1,96,2
[466]
T1,0,1,180,7
T2,1,1,180,2
T3,2,0,150,31
T4,3,1,135,3
T5,4,0,57,5
T6,5,1,200,6
T7,6,1,72,8
T8,7,0,34,3
T9,8,0,20,2
T10,9,0,35,2
[467]
T1,0,1,22,2
T2,1,0,165,22
T3,2,1,180,20
T4,3,0,144,20
T5,4,0,110,1
T6,5,1,36,5
T7,6,0,138,8
T8,7,1,45,1
T9,8,0,200,5
T10,9,1,180,2
[468]
T1,0,1,45,2
T2,1,0,150,7
T3,2,1,32,3
T4,3,1,140,2
T5,4,0,75,1
T6,5,0,112,2
T7,6,0,176,2
T8,7,0,40,2
T9,8,0,200,54
T10,9,0,150,28
[469]
T1,0,0,120,10
T2,1,1,168,18
T3,2,1,38,1
T4,3,0,28,2
T5,4,0,144,1
T6,5,1,168,36
T7,6,1,48,5
T8,7,1,126,8
T9,8,0,168,5
T10,9,1,200,2
[470]
T1,0,0,154,11
T2,1,0,96,7
T3,2,0,180,5
T4,3,0,72,3
T5,4,1,176,15
T6,5,1,200,25
T7,6,0,100,2
T8,7,0,20,3
T9,8,1,44,1
T10,9,1,35,2
[471]
T1,0,0,23,2
T2,1,1,28,2
T3,2,1,154,16
T4,3,0,49,1
T5,4,1,92,1
T6,5,1,77,5
T7,6,0,200,21
T8,7,1,175,13
T9,8,1,55,3
T10,9,1,184,32
[472]
T1,0,0,189,13
T2,1,0,36,2
T3,2,0,20,1
T4,3,1,42,5
T5,4,1,150,18
T6,5,1,70,2
T7,6,1,60,4
T8,7,0,120,11
T9,8,1,200,1
T10,9,1,176,12
[473]
T1,0,0,195,10
T2,1,0,48,13
T3,2,1,168,7
T4,3,1,49,2
T5,4,0,147,10
T6,5,1,24,1
T7,6,0,112,2
T8,7,0,200,2
T9,8,0,80,1
T10,9,1,70,5
[474]
T1,0,1,51,1
T2,1,1,30,2
T3,2,0,136,10
T4,3,0,75,2
T5,4,1,175,1
T6,5,0,192,5
T7,6,0,200,6
T8,7,1,32,2
T9,8,1,96,12
T10,9,1,175,50
[475]
T1,0,0,138,2
T2,1,1,20,1
T3,2,1,46,1
T4,3,1,168,30
T5,4,1,184,3
T6,5,0,100,24
T7,6,1,60,2
T8,7,1,200,11
T9,8,1,175,1
T10,9,0,27,1
[476]
T1,0,1,200,1
T2,1,1,45,1
T3,2,0,150,20
T4,3,0,69,6
T5,4,0,120,1
T6,5,1,36,4
T7,6,1,195,39
T8,7,0,180,3
T9,8,0,69,3
T10,9,1,20,2
[477]
T1,0,0,150,12
T2,1,1,56,2
T3,2,1,165,9
T4,3,1,66,2
T5,4,1,147,2
T6,5,0,200,3
T7,6,0,24,4
T8,7,1,165,3
T9,8,0,28,3
T10,9,0,33,3
[478]
T1,0,0,120,2
T2,1,0,31,1
T3,2,0,150,10
T4,3,1,165,8
T5,4,1,200,2
T6,5,1,175,22
T7,6,1,84,3
T8,7,0,132,38
T9,8,0,20,1
T10,9,0,20,2
[479]
T1,0,1,47,2
T2,1,0,200,7
T3,2,1,35,8
T4,3,1,165,6
T5,4,0,66,2
T6,5,0,105,25
T7,6,1,84,2
T8,7,1,196,14
T9,8,1,49,2
T10,9,0,154,2
[480]
T1,0,0,60,2
T2,1,1,165,24
T3,2,0,200,17
T4,3,1,60,9
T5,4,0,42,1
T6,5,1,168,15
T7,6,0,77,6
T8,7,1,25,2
T9,8,1,24,2
T10,9,0,152,5
[481]
T1,0,0,52,1
T2,1,0,63,2
T3,2,0,32,1
T4,3,0,150,22
T5,4,0,200,22
T6,5,0,50,3
T7,6,1,75,2
T8,7,0,175,6
T9,8,1,156,21
T10,9,0,80,6
[482]
T1,0,0,144,6
T2,1,0,165,7
T3,2,1,200,11
T4,3,0,168,6
T5,4,0,42,5
T6,5,0,56,2
T7,6,1,100,1
T8,7,0,30,1
T9,8,0,160,29
T10,9,1,28,3
[483]
T1,0,1,200,2
T2,1,1,91,23
T3,2,1,84,4
T4,3,0,182,23
T5,4,0,48,4
T6,5,1,195,3
T7,6,0,43,2
T8,7,1,40,2
T9,8,0,108,2
T10,9,0,182,10
[484]
T1,0,0,44,5
T2,1,1,165,3
T3,2,1,66,2
T4,3,1,200,36
T5,4,0,28,3
T6,5,1,140,7
T7,6,1,75,4
T8,7,1,53,2
T9,8,1,160,3
T10,9,1,168,6
[485]
T1,0,0,22,2
T2,1,1,147,7
T3,2,0,196,7
T4,3,1,200,6
T5,4,0,25,1
T6,5,0,38,1
T7,6,1,150,2
T8,7,0,63,7
T9,8,1,84,17
T10,9,1,98,13
[486]
T1,0,0,27,2
T2,1,1,119,4
T3,2,0,150,3
T4,3,0,200,2
T5,4,0,56,2
T6,5,1,105,21
T7,6,1,42,5
T8,7,1,150,21
T9,8,0,175,2
T10,9,0,30,2
[487]
T1,0,1,180,17
T2,1,0,24,2
T3,2,0,126,2
T4,3,0,189,58
T5,4,0,168,4
T6,5,0,200,15
T7,6,0,72,3
T8,7,0,48,2
T9,8,1,39,1
T10,9,0,105,4
[488]
T1,0,0,50,5
T2,1,0,200,13
T3,2,1,171,1
T4,3,0,150,2
T5,4,1,168,10
T6,5,0,63,2
T7,6,0,75,12
T8,7,1,22,3
T9,8,0,42,1
T10,9,0,95,3
[489]
T1,0,1,75,2
T2,1,0,20,2
T3,2,0,45,3
T4,3,1,165,2
T5,4,1,54,2
T6,5,0,192,14
T7,6,1,46,6
T8,7,1,64,2
T9,8,1,165,17
T10,9,1,200,24
[490]
T1,0,1,45,1
T2,1,0,40,1
T3,2,0,35,5
T4,3,0,150,7
T5,4,1,76,2
T6,5,1,160,13
T7,6,0,190,36
T8,7,0,64,2
T9,8,0,200,7
T10,9,0,120,7
[491]
T1,0,0,150,1
T2,1,1,49,3
T3,2,1,84,19
T4,3,1,200,3
T5,4,0,66,3
T6,5,0,26,2
T7,6,0,140,7
T8,7,1,165,18
T9,8,0,154,12
T10,9,1,30,1
[492]
T1,0,0,153,19
T2,1,0,140,2
T3,2,0,85,2
T4,3,0,51,2
T5,4,1,49,4
T6,5,0,50,4
T7,6,1,170,18
T8,7,1,200,25
T9,8,0,160,7
T10,9,0,102,2
[493]
T1,0,1,49,9
T2,1,1,36,2
T3,2,1,88,9
T4,3,0,144,18
T5,4,1,80,6
T6,5,0,198,6
T7,6,1,20,2
T8,7,0,184,3
T9,8,0,150,1
T10,9,0,200,21
[494]
T1,0,1,21,2
T2,1,1,126,5
T3,2,1,85,6
T4,3,0,49,1
T5,4,1,200,12
T6,5,1,175,17
T7,6,1,24,2
T8,7,0,150,15
T9,8,0,135,15
T10,9,0,150,4
[495]
T1,0,1,70,2
T2,1,1,100,2
T3,2,0,189,5
T4,3,0,198,19
T5,4,1,45,4
T6,5,0,51,2
T7,6,1,175,13
T8,7,0,200,16
T9,8,0,20,2
T10,9,0,55,7
[496]
T1,0,0,100,2
T2,1,0,156,3
T3,2,0,80,1
T4,3,1,104,5
T5,4,0,25,6
T6,5,0,192,19
T7,6,1,195,11
T8,7,0,24,2
T9,8,0,30,1
T10,9,1,200,19
[497]
T1,0,0,52,2
T2,1,1,165,55
T3,2,1,60,1
T4,3,1,96,1
T5,4,0,21,2
T6,5,1,165,7
T7,6,0,24,2
T8,7,1,200,2
T9,8,0,165,19
T10,9,0,56,6
[498]
T1,0,1,132,7
T2,1,1,168,2
T3,2,1,25,2
T4,3,1,28,4
T5,4,0,168,9
T6,5,0,144,6
T7,6,0,168,1
T8,7,1,200,47
T9,8,1,33,2
T10,9,0,75,5
[499]
T1,0,0,44,2
T2,1,0,175,7
T3,2,1,57,1
T4,3,1,133,6
T5,4,0,77,17
T6,5,1,200,37
T7,6,1,38,1
T8,7,0,20,2
T9,8,1,165,9
T10,9,1,154,1
[500]
T1,0,1,95,23
T2,1,0,200,14
T3,2,0,27,2
T4,3,1,175,18
T5,4,1,40,2
T6,5,0,70,10
T7,6,1,190,5
T8,7,1,57,2
T9,8,0,29,2
T10,9,1,171,3
